9.99009E-05 9.99009E-05 0.101355 9.99009E-05 0.316919 0.0075684 9.99009E-05 0.0914115 9.99009E-05 9.99009E-05 9.99009E-05 0.016596 0.263779 9.99009E-05 9.99009E-05 9.99009E-05 9.99009E-05 0.0373928 0.163879
9.98918E-05 0.0746891 0.0641333 0.0076096 0.248836 0.154898 9.98918E-05 0.161074 9.98918E-05 9.98918E-05 9.98918E-05 9.98918E-05 0.28756 9.98918E-05 9.98918E-05 9.98918E-05 9.98918E-05 9.98918E-05 9.98918E-05
0.0283307 0.00711502 0.0282638 0.0604136 9.99098E-05 0.0497201 9.99098E-05 0.380835 9.99098E-05 9.99098E-05 0.297966 9.99098E-05 0.0796303 9.99098E-05 9.99098E-05 0.0667273 9.99098E-05 9.99098E-05 9.99098E-05
9.98739E-05 9.98739E-05 9.98739E-05 9.98739E-05 0.579274 9.98739E-05 9.98739E-05 9.98739E-05 9.98739E-05 0.0510813 9.98739E-05 0.0335847 0.157977 9.98739E-05 9.98739E-05 9.98739E-05 9.98739E-05 9.98739E-05 0.176685
0.0874036 9.98738E-05 9.98738E-05 9.98738E-05 0.268001 0.222876 9.98738E-05 9.98738E-05 0.0430759 9.98738E-05 9.98738E-05 9.98738E-05 9.98738E-05 9.98738E-05 9.98738E-05 9.98738E-05 9.98738E-05 9.98738E-05 0.377245
9.98829E-05 9.98829E-05 9.98829E-05 0.0264389 9.98829E-05 9.98829E-05 9.98829E-05 9.98829E-05 9.98829E-05 9.98829E-05 9.98829E-05 9.98829E-05 0.372944 0.00159035 9.98829E-05 0.248645 9.98829E-05 0.347502 0.00158105
9.98738E-05 9.98738E-05 9.98738E-05 9.98738E-05 0.068419 9.98738E-05 9.98738E-05 0.390784 9.98738E-05 0.000219273 0.321474 9.98738E-05 0.217705 9.98738E-05 9.98738E-05 9.98738E-05 9.98738E-05 9.98738E-05 9.98738E-05
9.98919E-05 9.98919E-05 0.131444 9.98919E-05 9.98919E-05 0.0509072 9.98919E-05 0.0128875 9.98919E-05 9.98919E-05 0.0740634 9.98919E-05 0.331795 9.98919E-05 9.98919E-05 0.210741 9.98919E-05 0.186963 9.98919E-05
9.9892E-05 9.9892E-05 0.0178789 9.9892E-05 0.420469 9.9892E-05 0.00742389 0.0979551 9.9892E-05 9.9892E-05 9.9892E-05 9.9892E-05 0.115014 9.9892E-05 0.0844384 9.9892E-05 9.9892E-05 0.255622 9.9892E-05
9.98737E-05 9.98737E-05 9.98737E-05 9.98737E-05 9.98737E-05 9.98737E-05 9.98737E-05 0.148674 9.98737E-05 0.0145671 0.159931 9.98737E-05 9.98737E-05 9.98737E-05 9.98737E-05 0.65896 0.0164699 9.98737E-05 9.98737E-05
9.98919E-05 0.352591 9.98919E-05 0.0618439 0.203381 0.0590278 9.98919E-05 0.0252437 9.98919E-05 9.98919E-05 9.98919E-05 9.98919E-05 9.98919E-05 9.98919E-05 9.98919E-05 9.98919E-05 9.98919E-05 0.282002 0.0147116
0.00115171 0.0706999 9.98919E-05 9.98919E-05 0.454492 0.118062 0.0161703 9.98919E-05 9.98919E-05 9.98919E-05 9.98919E-05 9.98919E-05 9.98919E-05 9.98919E-05 9.98919E-05 0.204522 9.98919E-05 0.133703 9.98919E-05
0.0175522 0.00902948 9.99099E-05 0.143304 0.152718 9.99099E-05 0.104533 9.99099E-05 9.99099E-05 0.113376 9.99099E-05 0.0142009 0.432033 9.99099E-05 9.99099E-05 9.99099E-05 0.0122537 9.99099E-05 9.99099E-05
9.98919E-05 9.98919E-05 9.98919E-05 9.98919E-05 9.98919E-05 9.98919E-05 9.98919E-05 0.384544 0.0143856 9.98919E-05 0.0974967 9.98919E-05 9.98919E-05 0.00687359 9.98919E-05 0.0777187 0.00376421 0.414018 9.98919E-05
9.98739E-05 0.41034 9.98739E-05 9.98739E-05 0.2072 0.203245 9.98739E-05 9.98739E-05 9.98739E-05 9.98739E-05 9.98739E-05 9.98739E-05 9.98739E-05 9.98739E-05 9.98739E-05 0.00175356 9.98739E-05 0.176063 9.98739E-05
9.98827E-05 9.98827E-05 9.98827E-05 9.98827E-05 9.98827E-05 9.98827E-05 9.98827E-05 0.156969 9.98827E-05 0.20325 0.18424 9.98827E-05 0.263232 0.0376249 9.98827E-05 0.153385 9.98827E-05 9.98827E-05 9.98827E-05
9.98738E-05 9.98738E-05 9.98738E-05 9.98738E-05 0.10951 9.98738E-05 9.98738E-05 0.529844 9.98738E-05 9.98738E-05 0.221235 9.98738E-05 0.101892 9.98738E-05 9.98738E-05 9.98738E-05 9.98738E-05 0.0361208 9.98738E-05
9.98827E-05 0.0342396 9.98827E-05 0.0158445 9.98827E-05 9.98827E-05 9.98827E-05 0.162832 9.98827E-05 9.98827E-05 0.335065 9.98827E-05 0.0962883 9.98827E-05 9.98827E-05 9.98827E-05 9.98827E-05 0.354432 9.98827E-05
9.9883E-05 9.9883E-05 9.9883E-05 0.120227 0.478434 9.9883E-05 0.10848 0.035365 9.9883E-05 9.9883E-05 0.0701112 9.9883E-05 9.9883E-05 9.9883E-05 9.9883E-05 9.9883E-05 9.9883E-05 0.186083 9.9883E-05
0.0364231 0.0879118 9.98739E-05 9.98739E-05 9.98739E-05 9.98739E-05 9.98739E-05 9.98739E-05 9.98739E-05 9.98739E-05 9.98739E-05 0.701277 9.98739E-05 9.98739E-05 9.98739E-05 9.98739E-05 0.041576 9.98739E-05 0.131414
9.9856E-05 9.9856E-05 9.9856E-05 9.9856E-05 9.9856E-05 9.9856E-05 0.0777735 9.9856E-05 9.9856E-05 9.9856E-05 9.9856E-05 0.795561 9.9856E-05 9.9856E-05 9.9856E-05 9.9856E-05 9.9856E-05 9.9856E-05 0.125068
9.98558E-05 9.98558E-05 9.98558E-05 9.98558E-05 9.98558E-05 9.98558E-05 9.98558E-05 9.98558E-05 9.98558E-05 9.98558E-05 9.98558E-05 0.878809 0.00179228 9.98558E-05 9.98558E-05 9.98558E-05 9.98558E-05 9.98558E-05 0.117801
0.0259265 9.98739E-05 0.00268209 9.98739E-05 0.00108773 9.98739E-05 0.327277 9.98739E-05 9.98739E-05 9.98739E-05 9.98739E-05 0.641629 9.98739E-05 9.98739E-05 9.98739E-05 9.98739E-05 9.98739E-05 9.98739E-05 9.98739E-05
0.00352367 0.0776779 0.0207575 9.98829E-05 0.156842 9.98829E-05 9.98829E-05 9.98829E-05 9.98829E-05 9.98829E-05 9.98829E-05 0.693935 9.98829E-05 9.98829E-05 9.98829E-05 9.98829E-05 0.0459657 9.98829E-05 9.98829E-05
9.98917E-05 9.98917E-05 9.98917E-05 9.98917E-05 9.98917E-05 9.98917E-05 9.98917E-05 0.138881 9.98917E-05 9.98917E-05 0.00526224 0.387809 9.98917E-05 0.261119 9.98917E-05 0.0573002 0.0536347 0.0947949 9.98917E-05
0.163327 0.0817656 0.182307 9.98828E-05 0.144305 9.98828E-05 9.98828E-05 9.98828E-05 9.98828E-05 9.98828E-05 9.98828E-05 0.34189 9.98828E-05 9.98828E-05 9.98828E-05 9.98828E-05 9.98828E-05 0.085107 9.98828E-05
0.0406688 9.98828E-05 9.98828E-05 9.98828E-05 9.98828E-05 9.98828E-05 9.98828E-05 9.98828E-05 9.98828E-05 0.326004 0.0538448 0.112141 9.98828E-05 0.304617 9.98828E-05 9.98828E-05 0.161426 9.98828E-05 9.98828E-05
0.144755 0.0236671 0.211676 9.98919E-05 9.98919E-05 0.030837 9.98919E-05 9.98919E-05 9.98919E-05 9.98919E-05 9.98919E-05 0.155488 9.98919E-05 9.98919E-05 9.98919E-05 9.98919E-05 0.0471159 9.98919E-05 0.385262
9.98828E-05 9.98828E-05 9.98828E-05 0.00831866 9.98828E-05 9.98828E-05 9.98828E-05 0.0673868 9.98828E-05 0.0103501 9.98828E-05 0.821491 9.98828E-05 0.0555444 9.98828E-05 9.98828E-05 9.98828E-05 9.98828E-05 0.0356106
9.9865E-05 9.9865E-05 9.9865E-05 9.9865E-05 0.0397698 9.9865E-05 0.0814953 9.9865E-05 9.9865E-05 9.9865E-05 9.9865E-05 0.838247 9.9865E-05 9.9865E-05 9.9865E-05 9.9865E-05 0.0389902 9.9865E-05 9.9865E-05
9.98375E-05 9.98375E-05 9.98375E-05 9.98375E-05 9.98375E-05 9.98375E-05 9.98375E-05 9.98375E-05 9.98375E-05 9.98375E-05 9.98375E-05 9.98375E-05 9.98375E-05 9.98375E-05 9.98375E-05 9.98375E-05 0.998203 9.98375E-05 9.98375E-05
0.155196 9.98828E-05 0.00875811 0.0622792 9.98828E-05 9.98828E-05 9.98828E-05 9.98828E-05 9.98828E-05 9.98828E-05 9.98828E-05 0.193803 9.98828E-05 0.348621 9.98828E-05 9.98828E-05 9.98828E-05 0.230044 9.98828E-05
9.98827E-05 9.98827E-05 9.98827E-05 9.98827E-05 9.98827E-05 9.98827E-05 9.98827E-05 0.0718466 9.98827E-05 0.0594667 0.080879 0.441045 9.98827E-05 0.207169 9.98827E-05 9.98827E-05 0.138296 9.98827E-05 9.98827E-05
9.98918E-05 9.98918E-05 9.98918E-05 9.98918E-05 9.98918E-05 9.98918E-05 9.98918E-05 0.0392041 9.98918E-05 9.98918E-05 0.0614444 0.57792 0.0670694 0.146769 9.98918E-05 9.98918E-05 0.01936 0.0870343 9.98918E-05
9.98829E-05 9.98829E-05 9.98829E-05 9.98829E-05 0.057593 9.98829E-05 0.0329796 9.98829E-05 9.98829E-05 9.98829E-05 9.98829E-05 0.781164 9.98829E-05 9.98829E-05 0.0134864 9.98829E-05 0.0928866 0.0205922 9.98829E-05
0.0205406 0.139553 9.9865E-05 9.9865E-05 0.0917927 9.9865E-05 9.9865E-05 9.9865E-05 9.9865E-05 9.9865E-05 9.9865E-05 0.746616 9.9865E-05 9.9865E-05 9.9865E-05 9.9865E-05 9.9865E-05 9.9865E-05 9.9865E-05
9.98559E-05 0.292362 9.98559E-05 9.98559E-05 9.98559E-05 9.98559E-05 9.98559E-05 9.98559E-05 9.98559E-05 9.98559E-05 9.98559E-05 0.564722 9.98559E-05 9.98559E-05 9.98559E-05 9.98559E-05 0.141318 9.98559E-05 9.98559E-05
0.000439711 9.98739E-05 9.98739E-05 9.98739E-05 0.0511555 0.0311181 0.223266 9.98739E-05 9.98739E-05 9.98739E-05 9.98739E-05 0.692623 9.98739E-05 9.98739E-05 9.98739E-05 9.98739E-05 9.98739E-05 9.98739E-05 9.98739E-05
0.0648558 9.98647E-05 9.98647E-05 9.98647E-05 9.98647E-05 9.98647E-05 9.98647E-05 9.98647E-05 9.98647E-05 9.98647E-05 9.98647E-05 9.98647E-05 0.181906 0.0370848 0.714656 9.98647E-05 9.98647E-05 9.98647E-05 9.98647E-05
9.9856E-05 9.9856E-05 9.9856E-05 9.9856E-05 9.9856E-05 9.9856E-05 9.9856E-05 9.9856E-05 9.9856E-05 9.9856E-05 9.9856E-05 9.9856E-05 9.9856E-05 0.785256 0.0975845 9.9856E-05 9.9856E-05 9.9856E-05 0.115562
9.98919E-05 0.0163131 0.0362552 9.98919E-05 9.98919E-05 9.98919E-05 9.98919E-05 9.98919E-05 0.120247 0.0296854 0.0505911 9.98919E-05 9.98919E-05 0.717004 9.98919E-05 9.98919E-05 0.0287054 9.98919E-05 9.98919E-05
0.0789387 9.98919E-05 0.0399283 9.98919E-05 9.98919E-05 9.98919E-05 0.312483 9.98919E-05 9.98919E-05 0.0342642 9.98919E-05 9.98919E-05 9.98919E-05 0.192144 0.257919 9.98919E-05 9.98919E-05 9.98919E-05 0.0831239
9.98647E-05 9.98647E-05 9.98647E-05 9.98647E-05 9.98647E-05 9.98647E-05 9.98647E-05 9.98647E-05 9.98647E-05 9.98647E-05 9.98647E-05 0.235592 0.132798 0.240765 0.389347 9.98647E-05 9.98647E-05 9.98647E-05 9.98647E-05
9.99099E-05 0.00799016 9.99099E-05 0.0447015 9.99099E-05 9.99099E-05 9.99099E-05 0.0347293 0.0140038 9.99099E-05 0.0611986 0.0141786 9.99099E-05 0.340954 0.399886 0.081359 9.99099E-05 9.99099E-05 9.99099E-05
0.366941 9.98829E-05 0.261802 9.98829E-05 0.160089 0.0977215 0.0741156 9.98829E-05 9.98829E-05 9.98829E-05 9.98829E-05 0.0380324 9.98829E-05 9.98829E-05 9.98829E-05 9.98829E-05 9.98829E-05 9.98829E-05 9.98829E-05
0.120505 9.98648E-05 9.98648E-05 9.98648E-05 0.0763434 0.174309 9.98648E-05 9.98648E-05 9.98648E-05 9.98648E-05 9.98648E-05 9.98648E-05 9.98648E-05 9.98648E-05 0.627345 9.98648E-05 9.98648E-05 9.98648E-05 9.98648E-05
9.98828E-05 0.00405873 9.98828E-05 9.98828E-05 9.98828E-05 9.98828E-05 9.98828E-05 0.151996 9.98828E-05 9.98828E-05 9.98828E-05 0.0806582 9.98828E-05 0.690934 9.98828E-05 0.0146764 0.0563773 9.98828E-05 9.98828E-05
0.00653568 9.98827E-05 9.98827E-05 9.98827E-05 9.98827E-05 9.98827E-05 9.98827E-05 9.98827E-05 9.98827E-05 9.98827E-05 9.98827E-05 9.98827E-05 0.0119199 0.232409 0.64405 9.98827E-05 9.98827E-05 0.0762035 0.027583
9.98559E-05 9.98559E-05 9.98559E-05 9.98559E-05 9.98559E-05 9.98559E-05 9.98559E-05 9.98559E-05 9.98559E-05 0.577085 9.98559E-05 9.98559E-05 9.98559E-05 0.263974 0.157344 9.98559E-05 9.98559E-05 9.98559E-05 9.98559E-05
0.0322846 9.9883E-05 0.103732 9.9883E-05 9.9883E-05 0.131678 0.00417597 0.0225766 9.9883E-05 9.9883E-05 9.9883E-05 9.9883E-05 9.9883E-05 9.9883E-05 0.704254 9.9883E-05 9.9883E-05 9.9883E-05 9.9883E-05
9.98649E-05 9.98649E-05 9.98649E-05 9.98649E-05 9.98649E-05 9.98649E-05 9.98649E-05 9.98649E-05 9.98649E-05 0.0989763 9.98649E-05 9.98649E-05 9.98649E-05 0.592305 0.236418 9.98649E-05 9.98649E-05 9.98649E-05 0.0708022
9.98831E-05 9.98831E-05 9.98831E-05 9.98831E-05 9.98831E-05 9.98831E-05 0.137803 9.98831E-05 9.98831E-05 0.0388976 9.98831E-05 0.0446133 9.98831E-05 9.98831E-05 0.672791 0.0016188 9.98831E-05 9.98831E-05 0.102978
0.251914 0.243343 0.0401589 9.99008E-05 0.0373646 9.99008E-05 9.99008E-05 9.99008E-05 0.0233301 9.99008E-05 9.99008E-05 0.107897 9.99008E-05 9.99008E-05 0.224182 9.99008E-05 9.99008E-05 0.0707115 9.99008E-05
9.98919E-05 0.15729 0.0282677 9.98919E-05 0.0278628 9.98919E-05 9.98919E-05 9.98919E-05 9.98919E-05 9.98919E-05 9.98919E-05 9.98919E-05 0.0116725 9.98919E-05 0.532091 9.98919E-05 0.10426 0.137358 9.98919E-05
0.0849223 9.9892E-05 0.073626 9.9892E-05 9.9892E-05 0.106708 0.314399 0.065891 9.9892E-05 9.9892E-05 9.9892E-05 0.0410908 9.9892E-05 9.9892E-05 0.312165 9.9892E-05 9.9892E-05 9.9892E-05 9.9892E-05
9.98739E-05 9.98739E-05 0.261692 9.98739E-05 0.060729 9.98739E-05 0.324452 9.98739E-05 9.98739E-05 9.98739E-05 9.98739E-05 0.305436 9.98739E-05 9.98739E-05 9.98739E-05 9.98739E-05 0.0462926 9.98739E-05 9.98739E-05
0.112879 9.98737E-05 9.98737E-05 0.0264976 9.98737E-05 9.98737E-05 9.98737E-05 9.98737E-05 9.98737E-05 9.98737E-05 9.98737E-05 9.98737E-05 0.107757 0.494072 0.257396 9.98737E-05 9.98737E-05 9.98737E-05 9.98737E-05
0.0411328 9.98829E-05 0.251086 9.98829E-05 9.98829E-05 9.98829E-05 9.98829E-05 9.98829E-05 9.98829E-05 0.204613 9.98829E-05 9.98829E-05 9.98829E-05 9.98829E-05 0.447479 9.98829E-05 0.0278484 9.98829E-05 0.0265431
9.99008E-05 9.99008E-05 0.00579642 0.0122266 9.99008E-05 9.99008E-05 9.99008E-05 0.0218146 9.99008E-05 0.0625291 9.99008E-05 9.99008E-05 0.00949413 0.606406 0.274411 9.99008E-05 9.99008E-05 9.99008E-05 0.00622318
0.37887 9.98648E-05 9.98648E-05 9.98648E-05 9.98648E-05 0.0130408 9.98648E-05 9.98648E-05 9.98648E-05 9.98648E-05 9.98648E-05 9.98648E-05 9.98648E-05 9.98648E-05 0.508358 9.98648E-05 9.98648E-05 9.98648E-05 0.0982335
0.314051 9.98737E-05 0.00321014 9.98737E-05 9.98737E-05 9.98737E-05 9.98737E-05 9.98737E-05 9.98737E-05 9.98737E-05 9.98737E-05 0.054227 9.98737E-05 9.98737E-05 0.453896 9.98737E-05 9.98737E-05 0.173217 9.98737E-05
0.0988281 0.0162383 0.0846087 9.99009E-05 0.0205835 0.0382712 9.99009E-05 9.99009E-05 9.99009E-05 9.99009E-05 9.99009E-05 9.99009E-05 0.125293 9.99009E-05 0.609828 9.99009E-05 9.99009E-05 0.00525083 9.99009E-05
0.320864 9.98738E-05 0.0097349 0.150766 9.98738E-05 9.98738E-05 9.98738E-05 0.123598 9.98738E-05 9.98738E-05 9.98738E-05 9.98738E-05 9.98738E-05 0.393639 9.98738E-05 9.98738E-05 9.98738E-05 9.98738E-05 9.98738E-05
0.643176 9.98738E-05 9.98738E-05 9.98738E-05 9.98738E-05 9.98738E-05 0.312877 9.98738E-05 9.98738E-05 9.98738E-05 9.98738E-05 0.0200827 9.98738E-05 0.0168749 9.98738E-05 9.98738E-05 0.00559103 9.98738E-05 9.98738E-05
0.301869 9.98828E-05 0.0248783 9.98828E-05 9.98828E-05 9.98828E-05 9.98828E-05 0.120016 9.98828E-05 9.98828E-05 0.291754 9.98828E-05 9.98828E-05 0.248505 9.98828E-05 9.98828E-05 0.0116797 9.98828E-05 9.98828E-05
0.193158 0.0941163 0.0920957 9.98918E-05 0.0483726 9.98918E-05 9.98918E-05 9.98918E-05 9.98918E-05 9.98918E-05 9.98918E-05 0.133827 9.98918E-05 9.98918E-05 0.156304 9.98918E-05 9.98918E-05 0.280929 9.98918E-05
0.849331 9.98559E-05 9.98559E-05 9.98559E-05 9.98559E-05 0.134424 9.98559E-05 9.98559E-05 9.98559E-05 9.98559E-05 9.98559E-05 9.98559E-05 9.98559E-05 9.98559E-05 9.98559E-05 9.98559E-05 9.98559E-05 9.98559E-05 0.0146479
0.753463 0.163287 9.9865E-05 9.9865E-05 9.9865E-05 0.044625 9.9865E-05 9.9865E-05 9.9865E-05 9.9865E-05 9.9865E-05 9.9865E-05 9.9865E-05 9.9865E-05 9.9865E-05 9.9865E-05 9.9865E-05 9.9865E-05 0.037127
0.306712 9.99007E-05 0.30438 0.0151237 9.99007E-05 9.99007E-05 9.99007E-05 9.99007E-05 9.99007E-05 9.99007E-05 0.0102646 0.117707 0.0272998 0.0210145 9.99007E-05 9.99007E-05 9.99007E-05 0.196399 9.99007E-05
0.128449 9.98828E-05 0.097346 9.98828E-05 9.98828E-05 9.98828E-05 9.98828E-05 9.98828E-05 9.98828E-05 9.98828E-05 9.98828E-05 0.255543 9.98828E-05 0.238581 9.98828E-05 9.98828E-05 9.98828E-05 0.240152 0.03863
0.0303207 9.98918E-05 0.102776 0.03148 9.98918E-05 9.98918E-05 9.98918E-05 9.98918E-05 0.0170267 0.265739 9.98918E-05 0.162531 9.98918E-05 0.388928 9.98918E-05 9.98918E-05 9.98918E-05 9.98918E-05 9.98918E-05
0.215702 9.98648E-05 9.98648E-05 9.98648E-05 9.98648E-05 9.98648E-05 9.98648E-05 9.98648E-05 9.98648E-05 9.98648E-05 0.311111 9.98648E-05 9.98648E-05 0.449777 9.98648E-05 9.98648E-05 0.0219114 9.98648E-05 9.98648E-05
9.9865E-05 9.9865E-05 0.0188045 9.9865E-05 9.9865E-05 0.169733 0.152673 9.9865E-05 9.9865E-05 9.9865E-05 9.9865E-05 0.657292 9.9865E-05 9.9865E-05 9.9865E-05 9.9865E-05 9.9865E-05 9.9865E-05 9.9865E-05
0.402026 9.98736E-05 9.98736E-05 0.00332359 9.98736E-05 9.98736E-05 9.98736E-05 0.141162 9.98736E-05 9.98736E-05 9.98736E-05 9.98736E-05 0.0106537 0.441437 9.98736E-05 9.98736E-05 9.98736E-05 9.98736E-05 9.98736E-05
0.766682 0.00310662 0.107946 0.00981604 9.98918E-05 9.98918E-05 9.98918E-05 9.98918E-05 9.98918E-05 9.98918E-05 9.98918E-05 0.0132873 9.98918E-05 9.98918E-05 9.98918E-05 9.98918E-05 9.98918E-05 0.0325047 0.0654581
0.237496 0.00829467 0.152669 9.98919E-05 0.316559 9.98919E-05 9.98919E-05 9.98919E-05 9.98919E-05 9.98919E-05 9.98919E-05 0.18885 9.98919E-05 0.0523009 9.98919E-05 9.98919E-05 9.98919E-05 0.0426317 9.98919E-05
9.98737E-05 9.98737E-05 9.98737E-05 9.98737E-05 9.98737E-05 9.98737E-05 9.98737E-05 0.0637093 9.98737E-05 0.0114878 0.0985908 0.680419 9.98737E-05 0.144395 9.98737E-05 9.98737E-05 9.98737E-05 9.98737E-05 9.98737E-05
9.98829E-05 9.98829E-05 9.98829E-05 9.98829E-05 9.98829E-05 9.98829E-05 9.98829E-05 9.98829E-05 0.0442576 0.102408 0.218246 0.0779348 9.98829E-05 0.446729 9.98829E-05 9.98829E-05 0.109126 9.98829E-05 9.98829E-05
9.98827E-05 9.98827E-05 9.98827E-05 9.98827E-05 9.98827E-05 9.98827E-05 9.98827E-05 0.129135 9.98827E-05 9.98827E-05 0.000760409 0.603877 9.98827E-05 0.207106 9.98827E-05 0.00561131 0.0522111 9.98827E-05 9.98827E-05
0.0892203 9.98827E-05 0.159213 9.98827E-05 9.98827E-05 9.98827E-05 9.98827E-05 9.98827E-05 9.98827E-05 9.98827E-05 9.98827E-05 0.301274 9.98827E-05 0.202408 9.98827E-05 9.98827E-05 9.98827E-05 0.0692014 0.177384
0.0440311 9.98829E-05 9.98829E-05 9.98829E-05 9.98829E-05 9.98829E-05 9.98829E-05 9.98829E-05 9.98829E-05 0.427583 9.98829E-05 0.102811 9.98829E-05 0.3403 9.98829E-05 9.98829E-05 0.0341481 9.98829E-05 0.0498273
0.231716 9.98918E-05 9.98918E-05 9.98918E-05 0.0421926 9.98918E-05 0.215226 9.98918E-05 9.98918E-05 9.98918E-05 9.98918E-05 0.205289 9.98918E-05 0.0890476 0.205771 9.98918E-05 9.98918E-05 0.00955801 9.98918E-05
0.195327 9.98829E-05 9.98829E-05 9.98829E-05 9.98829E-05 9.98829E-05 0.0967248 9.98829E-05 9.98829E-05 9.98829E-05 9.98829E-05 9.98829E-05 0.0448157 0.230565 0.415899 9.98829E-05 9.98829E-05 9.98829E-05 0.0153695
9.9901E-05 0.0379152 0.0440434 9.9901E-05 9.9901E-05 9.9901E-05 0.229589 9.9901E-05 0.0327096 0.0157245 9.9901E-05 0.0998472 9.9901E-05 0.173584 0.365488 9.9901E-05 9.9901E-05 9.9901E-05 9.9901E-05
0.261563 9.98738E-05 9.98738E-05 9.98738E-05 9.98738E-05 9.98738E-05 9.98738E-05 0.063426 0.0157374 9.98738E-05 0.0399674 9.98738E-05 9.98738E-05 0.617908 9.98738E-05 9.98738E-05 9.98738E-05 9.98738E-05 9.98738E-05
0.244971 9.98647E-05 9.98647E-05 9.98647E-05 9.98647E-05 9.98647E-05 9.98647E-05 9.98647E-05 9.98647E-05 9.98647E-05 9.98647E-05 0.0553568 9.98647E-05 9.98647E-05 0.437661 9.98647E-05 9.98647E-05 9.98647E-05 0.260513
0.859859 9.98648E-05 0.0210514 9.98648E-05 0.108233 9.98648E-05 0.00935885 9.98648E-05 9.98648E-05 9.98648E-05 9.98648E-05 9.98648E-05 9.98648E-05 9.98648E-05 9.98648E-05 9.98648E-05 9.98648E-05 9.98648E-05 9.98648E-05
9.98827E-05 9.98827E-05 0.531236 9.98827E-05 9.98827E-05 9.98827E-05 9.98827E-05 0.178505 9.98827E-05 9.98827E-05 0.0380639 0.20157 9.98827E-05 0.0318932 9.98827E-05 0.0174336 9.98827E-05 9.98827E-05 9.98827E-05
9.98557E-05 9.98557E-05 0.317137 9.98557E-05 9.98557E-05 9.98557E-05 9.98557E-05 9.98557E-05 9.98557E-05 9.98557E-05 0.176742 9.98557E-05 9.98557E-05 0.504522 9.98557E-05 9.98557E-05 9.98557E-05 9.98557E-05 9.98557E-05
9.98648E-05 9.98648E-05 0.712397 9.98648E-05 9.98648E-05 0.0188966 9.98648E-05 9.98648E-05 9.98648E-05 9.98648E-05 9.98648E-05 0.153497 9.98648E-05 9.98648E-05 9.98648E-05 9.98648E-05 9.98648E-05 0.113712 9.98648E-05
9.98646E-05 9.98646E-05 0.453864 9.98646E-05 9.98646E-05 9.98646E-05 9.98646E-05 9.98646E-05 9.98646E-05 9.98646E-05 0.192289 9.98646E-05 9.98646E-05 0.267467 0.0848821 9.98646E-05 9.98646E-05 9.98646E-05 9.98646E-05
9.98556E-05 9.98556E-05 0.613086 9.98556E-05 9.98556E-05 9.98556E-05 9.98556E-05 9.98556E-05 9.98556E-05 9.98556E-05 0.162708 9.98556E-05 9.98556E-05 0.222609 9.98556E-05 9.98556E-05 9.98556E-05 9.98556E-05 9.98556E-05
9.98467E-05 9.98467E-05 0.806195 9.98467E-05 9.98467E-05 0.192108 9.98467E-05 9.98467E-05 9.98467E-05 9.98467E-05 9.98467E-05 9.98467E-05 9.98467E-05 9.98467E-05 9.98467E-05 9.98467E-05 9.98467E-05 9.98467E-05 9.98467E-05
0.199227 9.98738E-05 0.265199 9.98738E-05 9.98738E-05 9.98738E-05 9.98738E-05 9.98738E-05 9.98738E-05 9.98738E-05 9.98738E-05 9.98738E-05 0.254133 0.278692 9.98738E-05 9.98738E-05 9.98738E-05 0.00135132 9.98738E-05
9.98737E-05 9.98737E-05 0.723343 9.98737E-05 9.98737E-05 9.98737E-05 9.98737E-05 9.98737E-05 9.98737E-05 9.98737E-05 9.98737E-05 9.98737E-05 0.0688856 0.163997 9.98737E-05 0.0158338 9.98737E-05 0.026543 9.98737E-05
0.00326468 9.98828E-05 9.98828E-05 0.51811 9.98828E-05 9.98828E-05 9.98828E-05 9.98828E-05 0.0145131 0.409813 9.98828E-05 9.98828E-05 0.0402523 0.0127478 9.98828E-05 9.98828E-05 9.98828E-05 9.98828E-05 9.98828E-05
9.9892E-05 9.9892E-05 9.9892E-05 0.444902 9.9892E-05 9.9892E-05 0.000106009 9.9892E-05 9.9892E-05 0.191676 9.9892E-05 0.00357102 0.146017 0.142894 9.9892E-05 9.9892E-05 9.9892E-05 9.9892E-05 0.0696353
9.98829E-05 9.98829E-05 9.98829E-05 0.678358 9.98829E-05 9.98829E-05 0.161735 9.98829E-05 9.98829E-05 0.0329981 9.98829E-05 9.98829E-05 9.98829E-05 0.0112499 9.98829E-05 9.98829E-05 0.0124552 9.98829E-05 0.101905
9.98649E-05 9.98649E-05 0.0375179 0.567623 9.98649E-05 0.384487 9.98649E-05 9.98649E-05 9.98649E-05 9.98649E-05 9.98649E-05 9.98649E-05 9.98649E-05 9.98649E-05 9.98649E-05 9.98649E-05 9.98649E-05 0.00887377 9.98649E-05
9.98648E-05 9.98648E-05 9.98648E-05 0.621295 9.98648E-05 9.98648E-05 9.98648E-05 0.0159312 0.0902834 0.270993 9.98648E-05 9.98648E-05 9.98648E-05 9.98648E-05 9.98648E-05 9.98648E-05 9.98648E-05 9.98648E-05 9.98648E-05
9.99007E-05 9.99007E-05 0.0701926 0.210059 0.112692 0.102561 0.00283029 0.316957 9.99007E-05 9.99007E-05 9.99007E-05 9.99007E-05 0.0006254 9.99007E-05 9.99007E-05 9.99007E-05 9.99007E-05 0.182983 9.99007E-05
9.98647E-05 9.98647E-05 9.98647E-05 0.490999 9.98647E-05 9.98647E-05 9.98647E-05 0.0897312 9.98647E-05 9.98647E-05 0.406807 9.98647E-05 9.98647E-05 9.98647E-05 9.98647E-05 0.0109652 9.98647E-05 9.98647E-05 9.98647E-05
9.98558E-05 9.98558E-05 9.98558E-05 0.663848 9.98558E-05 9.98558E-05 9.98558E-05 9.98558E-05 9.98558E-05 0.318213 9.98558E-05 9.98558E-05 9.98558E-05 0.0163407 9.98558E-05 9.98558E-05 9.98558E-05 9.98558E-05 9.98558E-05
9.98829E-05 9.98829E-05 9.98829E-05 0.630802 9.98829E-05 9.98829E-05 9.98829E-05 9.98829E-05 9.98829E-05 0.0755783 9.98829E-05 0.0414794 0.0359197 9.98829E-05 9.98829E-05 9.98829E-05 9.98829E-05 0.15126 0.0636625
0.0546837 0.164583 9.98919E-05 0.406775 0.0154794 0.0438052 9.98919E-05 9.98919E-05 9.98919E-05 9.98919E-05 9.98919E-05 0.00937769 9.98919E-05 9.98919E-05 9.98919E-05 9.98919E-05 9.98919E-05 9.98919E-05 0.304097
9.98649E-05 9.98649E-05 9.98649E-05 0.214766 9.98649E-05 9.98649E-05 9.98649E-05 9.98649E-05 0.170484 0.577057 9.98649E-05 9.98649E-05 9.98649E-05 0.0361957 9.98649E-05 9.98649E-05 9.98649E-05 9.98649E-05 9.98649E-05
9.98829E-05 0.432183 9.98829E-05 0.443642 0.0435015 9.98829E-05 9.98829E-05 9.98829E-05 0.0422612 9.98829E-05 0.0212943 9.98829E-05 9.98829E-05 9.98829E-05 9.98829E-05 9.98829E-05 9.98829E-05 9.98829E-05 0.0158197
9.98829E-05 9.98829E-05 9.98829E-05 0.709457 9.98829E-05 9.98829E-05 9.98829E-05 0.141462 9.98829E-05 0.0811953 9.98829E-05 9.98829E-05 0.0257403 0.032076 9.98829E-05 9.98829E-05 9.98829E-05 9.98829E-05 0.00877099
9.99098E-05 0.0959983 0.00717285 0.536023 0.00958178 9.99098E-05 9.99098E-05 0.0687718 9.99098E-05 9.99098E-05 9.99098E-05 9.99098E-05 0.083902 9.99098E-05 0.0494516 9.99098E-05 9.99098E-05 0.116266 0.031834
9.98828E-05 9.98828E-05 9.98828E-05 0.450825 9.98828E-05 9.98828E-05 9.98828E-05 0.0492376 9.98828E-05 0.02708 9.98828E-05 0.0219683 9.98828E-05 9.98828E-05 9.98828E-05 0.0355396 9.98828E-05 9.98828E-05 0.414051
9.98828E-05 9.98828E-05 9.98828E-05 0.319411 9.98828E-05 0.0350723 9.98828E-05 0.412016 9.98828E-05 9.98828E-05 0.112679 0.0343459 9.98828E-05 9.98828E-05 9.98828E-05 9.98828E-05 9.98828E-05 0.0851772 9.98828E-05
0.0539426 0.0442197 0.0315365 0.500486 0.274462 0.0759024 0.00604579 9.99008E-05 9.99008E-05 9.99008E-05 9.99008E-05 9.99008E-05 9.99008E-05 9.99008E-05 0.0123065 9.99008E-05 9.99008E-05 9.99008E-05 9.99008E-05
9.98828E-05 9.98828E-05 0.0108912 0.357398 0.025269 9.98828E-05 0.558593 9.98828E-05 9.98828E-05 9.98828E-05 0.0367499 9.98828E-05 9.98828E-05 9.98828E-05 9.98828E-05 9.98828E-05 9.98828E-05 9.98828E-05 0.00980032
9.98829E-05 9.98829E-05 9.98829E-05 0.437577 9.98829E-05 9.98829E-05 9.98829E-05 9.98829E-05 9.98829E-05 9.98829E-05 9.98829E-05 0.0480429 0.14786 0.1637 9.98829E-05 0.0451617 9.98829E-05 9.98829E-05 0.15636
9.98648E-05 9.98648E-05 9.98648E-05 0.701353 9.98648E-05 9.98648E-05 9.98648E-05 0.216877 9.98648E-05 9.98648E-05 0.0302437 9.98648E-05 9.98648E-05 0.0500276 9.98648E-05 9.98648E-05 9.98648E-05 9.98648E-05 9.98648E-05
9.98918E-05 0.00899688 9.98918E-05 0.497331 9.98918E-05 0.0144013 9.98918E-05 9.98918E-05 9.98918E-05 9.98918E-05 9.98918E-05 0.00678627 9.98918E-05 9.98918E-05 0.00868915 9.98918E-05 0.00873003 9.98918E-05 0.453866
9.98649E-05 9.98649E-05 9.98649E-05 0.514088 0.0493602 9.98649E-05 0.216322 9.98649E-05 9.98649E-05 9.98649E-05 9.98649E-05 9.98649E-05 9.98649E-05 9.98649E-05 9.98649E-05 9.98649E-05 9.98649E-05 9.98649E-05 0.218732
0.0311137 0.0486726 9.99009E-05 9.99009E-05 0.0744717 0.322523 9.99009E-05 0.104104 0.0475474 9.99009E-05 9.99009E-05 9.99009E-05 0.19479 9.99009E-05 9.99009E-05 9.99009E-05 9.99009E-05 9.99009E-05 0.175678
9.98917E-05 9.98917E-05 0.0498228 9.98917E-05 0.0154398 0.049012 9.98917E-05 0.0481104 0.393629 9.98917E-05 0.0884338 9.98917E-05 9.98917E-05 9.98917E-05 9.98917E-05 0.354353 9.98917E-05 9.98917E-05 9.98917E-05
9.98918E-05 9.98918E-05 0.00249847 9.98918E-05 0.0318597 0.0712393 0.55296 0.0984151 0.035468 9.98918E-05 9.98918E-05 9.98918E-05 0.206361 9.98918E-05 9.98918E-05 9.98918E-05 9.98918E-05 9.98918E-05 9.98918E-05
9.98828E-05 9.98828E-05 9.98828E-05 9.98828E-05 9.98828E-05 9.98828E-05 9.98828E-05 0.753634 0.0307964 9.98828E-05 9.98828E-05 0.00336041 0.082429 9.98828E-05 9.98828E-05 9.98828E-05 9.98828E-05 0.00530272 0.123179
9.98557E-05 9.98557E-05 9.98557E-05 9.98557E-05 9.98557E-05 9.98557E-05 9.98557E-05 9.98557E-05 0.775407 0.194817 9.98557E-05 9.98557E-05 9.98557E-05 0.0281781 9.98557E-05 9.98557E-05 9.98557E-05 9.98557E-05 9.98557E-05
9.98738E-05 0.302274 9.98738E-05 9.98738E-05 0.403972 9.98738E-05 0.0669985 0.0822193 9.98738E-05 9.98738E-05 9.98738E-05 9.98738E-05 0.143138 9.98738E-05 9.98738E-05 9.98738E-05 9.98738E-05 9.98738E-05 9.98738E-05
9.98738E-05 0.164036 9.98738E-05 9.98738E-05 0.0846051 9.98738E-05 9.98738E-05 9.98738E-05 0.688577 9.98738E-05 9.98738E-05 0.0201226 9.98738E-05 9.98738E-05 9.98738E-05 9.98738E-05 9.98738E-05 9.98738E-05 0.0412609
0.00892518 9.98829E-05 0.0225274 9.98829E-05 0.00797999 9.98829E-05 9.98829E-05 9.98829E-05 0.0406596 9.98829E-05 9.98829E-05 9.98829E-05 0.912179 9.98829E-05 9.98829E-05 9.98829E-05 0.00643011 9.98829E-05 9.98829E-05
9.98738E-05 9.98738E-05 9.98738E-05 9.98738E-05 0.147947 9.98738E-05 0.161734 9.98738E-05 0.480874 9.98738E-05 9.98738E-05 0.0286027 9.98738E-05 9.98738E-05 9.98738E-05 0.179444 9.98738E-05 9.98738E-05 9.98738E-05
9.98649E-05 9.98649E-05 9.98649E-05 9.98649E-05 9.98649E-05 9.98649E-05 9.98649E-05 0.316348 0.43861 9.98649E-05 0.204546 9.98649E-05 9.98649E-05 9.98649E-05 9.98649E-05 9.98649E-05 0.038999 9.98649E-05 9.98649E-05
0.0213032 0.22999 9.99008E-05 9.99008E-05 0.238333 0.0807693 9.99008E-05 9.99008E-05 0.123521 9.99008E-05 9.99008E-05 9.99008E-05 0.13668 9.99008E-05 0.0207231 9.99008E-05 9.99008E-05 9.99008E-05 0.147582
9.98918E-05 9.98918E-05 0.0464299 9.98918E-05 0.0164124 0.0172327 0.410023 9.98918E-05 0.390821 9.98918E-05 9.98918E-05 9.98918E-05 9.98918E-05 9.98918E-05 9.98918E-05 0.101027 9.98918E-05 0.0168555 9.98918E-05
9.98648E-05 9.98648E-05 9.98648E-05 9.98648E-05 9.98648E-05 9.98648E-05 9.98648E-05 9.98648E-05 0.748616 0.141535 0.079822 9.98648E-05 9.98648E-05 0.0285286 9.98648E-05 9.98648E-05 9.98648E-05 9.98648E-05 9.98648E-05
9.98828E-05 0.195286 9.98828E-05 9.98828E-05 0.33191 0.316597 0.00913561 0.0570575 9.98828E-05 9.98828E-05 9.98828E-05 9.98828E-05 0.0887156 9.98828E-05 9.98828E-05 9.98828E-05 9.98828E-05 9.98828E-05 9.98828E-05
0.0531164 9.98828E-05 9.98828E-05 9.98828E-05 0.468653 9.98828E-05 0.0480771 9.98828E-05 0.41789 9.98828E-05 9.98828E-05 0.000231473 9.98828E-05 9.98828E-05 9.98828E-05 0.0107332 9.98828E-05 9.98828E-05 9.98828E-05
9.98737E-05 0.0889187 9.98737E-05 9.98737E-05 0.480362 9.98737E-05 0.152737 0.227111 9.98737E-05 9.98737E-05 0.049473 9.98737E-05 9.98737E-05 9.98737E-05 9.98737E-05 9.98737E-05 9.98737E-05 9.98737E-05 9.98737E-05
9.98739E-05 9.98739E-05 9.98739E-05 9.98739E-05 9.98739E-05 9.98739E-05 9.98739E-05 9.98739E-05 0.697172 0.228964 0.00690839 9.98739E-05 9.98739E-05 0.00920302 9.98739E-05 0.0563546 9.98739E-05 9.98739E-05 9.98739E-05
9.98737E-05 9.98737E-05 9.98737E-05 9.98737E-05 0.383071 0.00764 0.18279 9.98737E-05 0.321444 9.98737E-05 9.98737E-05 9.98737E-05 0.103657 9.98737E-05 9.98737E-05 9.98737E-05 9.98737E-05 9.98737E-05 9.98737E-05
9.98738E-05 0.271984 9.98738E-05 9.98738E-05 0.0575352 0.267623 9.98738E-05 9.98738E-05 9.98738E-05 9.98738E-05 9.98738E-05 9.98738E-05 0.309565 9.98738E-05 9.98738E-05 9.98738E-05 9.98738E-05 9.98738E-05 0.0918955
9.98917E-05 9.98917E-05 0.0752803 9.98917E-05 0.00605989 0.0374619 9.98917E-05 0.433242 0.0660169 9.98917E-05 9.98917E-05 9.98917E-05 0.174028 9.98917E-05 9.98917E-05 9.98917E-05 9.98917E-05 0.206712 9.98917E-05
9.98742E-05 9.98742E-05 9.98742E-05 9.98742E-05 9.98742E-05 0.202493 0.228178 0.223643 9.98742E-05 9.98742E-05 9.98742E-05 9.98742E-05 9.98742E-05 9.98742E-05 9.98742E-05 9.98742E-05 0.18704 9.98742E-05 0.157248
9.99009E-05 9.99009E-05 0.0139714 9.99009E-05 0.223926 9.99009E-05 0.219331 0.22066 0.0835063 9.99009E-05 9.99009E-05 9.99009E-05 0.118339 9.99009E-05 9.99009E-05 9.99009E-05 0.051162 9.99009E-05 0.0680052
9.98557E-05 9.98557E-05 9.98557E-05 9.98557E-05 9.98557E-05 9.98557E-05 9.98557E-05 0.283138 0.652311 0.0629531 9.98557E-05 9.98557E-05 9.98557E-05 9.98557E-05 9.98557E-05 9.98557E-05 9.98557E-05 9.98557E-05 9.98557E-05
9.99189E-05 0.161823 9.99189E-05 9.99189E-05 0.115597 9.99189E-05 9.99189E-05 9.99189E-05 0.0284616 9.99189E-05 0.0528976 0.017945 0.0984223 9.99189E-05 0.0440064 0.021367 0.0539976 0.404583 9.99189E-05
9.98826E-05 9.98826E-05 0.0802065 9.98826E-05 9.98826E-05 0.0102243 9.98826E-05 9.98826E-05 0.503096 9.98826E-05 9.98826E-05 9.98826E-05 0.0253517 9.98826E-05 9.98826E-05 9.98826E-05 9.98826E-05 0.324435 0.0553878
9.99189E-05 9.99189E-05 9.99189E-05 0.16341 9.99189E-05 9.99189E-05 9.99189E-05 0.345854 0.044059 0.0870176 9.99189E-05 0.0255407 0.111962 0.0923842 9.99189E-05 0.0860173 0.00219546 9.99189E-05 0.0406607
0.00202621 0.147332 9.99369E-05 0.0957116 0.0982428 0.0250106 0.187065 9.99369E-05 0.0975178 9.99369E-05 9.99369E-05 0.0155461 0.0342359 9.99369E-05 0.0757764 0.0159812 9.99369E-05 0.204855 9.99369E-05
9.98648E-05 9.98648E-05 9.98648E-05 9.98648E-05 9.98648E-05 9.98648E-05 9.98648E-05 9.98648E-05 9.98648E-05 9.98648E-05 9.98648E-05 9.98648E-05 0.00554798 9.98648E-05 0.0528621 0.205164 9.98648E-05 9.98648E-05 0.734928
9.9901E-05 9.9901E-05 9.9901E-05 9.9901E-05 0.0186942 9.9901E-05 9.9901E-05 0.0502073 0.0704034 0.642627 0.141656 0.0196615 9.9901E-05 9.9901E-05 0.00702598 9.9901E-05 0.0486259 9.9901E-05 9.9901E-05
9.99188E-05 9.99188E-05 9.99188E-05 0.098727 9.99188E-05 9.99188E-05 9.99188E-05 0.0432153 0.0318769 0.115118 0.0544914 0.0384802 0.079915 9.99188E-05 9.99188E-05 0.179989 9.99188E-05 0.348396 0.00889206
9.99008E-05 0.0372524 9.99008E-05 0.118048 9.99008E-05 9.99008E-05 9.99008E-05 0.38869 9.99008E-05 0.0951156 9.99008E-05 0.00426536 0.0909478 0.0288885 9.99008E-05 0.235694 9.99008E-05 9.99008E-05 9.99008E-05
0.00608769 0.449855 9.98919E-05 9.98919E-05 9.98919E-05 9.98919E-05 9.98919E-05 0.14935 0.0987232 9.98919E-05 9.98919E-05 0.0320262 9.98919E-05 9.98919E-05 9.98919E-05 0.0317294 9.98919E-05 9.98919E-05 0.23103
9.98558E-05 9.98558E-05 9.98558E-05 9.98558E-05 9.98558E-05 9.98558E-05 9.98558E-05 0.696171 0.071676 0.230555 9.98558E-05 9.98558E-05 9.98558E-05 9.98558E-05 9.98558E-05 9.98558E-05 9.98558E-05 9.98558E-05 9.98558E-05
9.98737E-05 0.195456 9.98737E-05 9.98737E-05 0.328734 9.98737E-05 0.253781 9.98737E-05 9.98737E-05 9.98737E-05 9.98737E-05 9.98737E-05 0.167344 9.98737E-05 9.98737E-05 9.98737E-05 9.98737E-05 0.0532872 9.98737E-05
9.98738E-05 9.98738E-05 9.98738E-05 9.98738E-05 9.98738E-05 9.98738E-05 9.98738E-05 0.684494 0.000517487 0.18732 9.98738E-05 9.98738E-05 9.98738E-05 9.98738E-05 9.98738E-05 0.0843174 9.98738E-05 9.98738E-05 0.0419532
9.98919E-05 9.98919E-05 9.98919E-05 9.98919E-05 9.98919E-05 9.98919E-05 0.373591 9.98919E-05 0.051244 0.0624008 9.98919E-05 9.98919E-05 0.0213324 9.98919E-05 9.98919E-05 0.329838 0.0891735 9.98919E-05 0.0712216
9.99008E-05 9.99008E-05 9.99008E-05 0.0107655 0.194713 9.99008E-05 0.38374 9.99008E-05 0.0475777 9.99008E-05 0.0390932 9.99008E-05 0.0060035 9.99008E-05 9.99008E-05 0.0727893 9.99008E-05 9.99008E-05 0.244219
9.9892E-05 9.9892E-05 9.9892E-05 0.0246782 9.9892E-05 9.9892E-05 9.9892E-05 0.0880201 9.9892E-05 9.9892E-05 9.9892E-05 9.9892E-05 9.9892E-05 0.0361352 0.0959269 0.0913929 9.9892E-05 0.260702 0.401946
9.98918E-05 9.98918E-05 9.98918E-05 0.0710823 0.0757599 9.98918E-05 9.98918E-05 0.0264202 9.98918E-05 9.98918E-05 0.0380363 9.98918E-05 0.457351 9.98918E-05 9.98918E-05 9.98918E-05 9.98918E-05 0.168863 0.161288
9.99008E-05 9.99008E-05 9.99008E-05 0.000694138 9.99008E-05 9.99008E-05 9.99008E-05 0.0389601 9.99008E-05 0.0690681 9.99008E-05 0.0351432 9.99008E-05 0.0208404 9.99008E-05 0.0756429 9.99008E-05 0.326965 0.431587
9.99098E-05 0.026765 9.99098E-05 0.100881 0.0204006 9.99098E-05 0.376743 0.251201 9.99098E-05 0.00913863 9.99098E-05 9.99098E-05 9.99098E-05 9.99098E-05 9.99098E-05 9.99098E-05 0.00928726 0.00210395 0.202481
9.98829E-05 9.98829E-05 9.98829E-05 9.98829E-05 9.98829E-05 9.98829E-05 9.98829E-05 0.147117 0.0257795 0.606908 0.0928038 9.98829E-05 9.98829E-05 9.98829E-05 9.98829E-05 9.98829E-05 9.98829E-05 0.0381055 0.0879868
9.98648E-05 9.98648E-05 9.98648E-05 9.98648E-05 9.98648E-05 9.98648E-05 9.98648E-05 0.017329 0.109084 0.53143 9.98648E-05 9.98648E-05 9.98648E-05 9.98648E-05 9.98648E-05 0.340659 9.98648E-05 9.98648E-05 9.98648E-05
9.98918E-05 9.98918E-05 9.98918E-05 9.98918E-05 9.98918E-05 9.98918E-05 9.98918E-05 0.234233 9.98918E-05 9.98918E-05 0.252668 9.98918E-05 0.0423609 0.0268133 9.98918E-05 0.264282 0.00127328 0.17717 9.98918E-05
9.98648E-05 9.98648E-05 9.98648E-05 9.98648E-05 9.98648E-05 9.98648E-05 9.98648E-05 0.255374 9.98648E-05 0.328586 9.98648E-05 9.98648E-05 9.98648E-05 0.109099 9.98648E-05 0.305443 9.98648E-05 9.98648E-05 9.98648E-05
9.98649E-05 0.0083149 9.98649E-05 9.98649E-05 0.084501 9.98649E-05 9.98649E-05 9.98649E-05 9.98649E-05 0.891019 0.0146667 9.98649E-05 9.98649E-05 9.98649E-05 9.98649E-05 9.98649E-05 9.98649E-05 9.98649E-05 9.98649E-05
9.99008E-05 9.99008E-05 0.0128898 0.000441231 9.99008E-05 9.99008E-05 9.99008E-05 9.99008E-05 0.0271066 9.99008E-05 0.253741 9.99008E-05 0.192505 0.108617 9.99008E-05 0.360235 9.99008E-05 0.0433658 9.99008E-05
9.99106E-05 0.0525032 0.036012 9.99106E-05 0.0126672 9.99106E-05 9.99106E-05 0.710389 0.0628052 9.99106E-05 0.0258204 9.99106E-05 0.047455 9.99106E-05 0.0145489 9.99106E-05 9.99106E-05 0.0368001 9.99106E-05
9.9892E-05 9.9892E-05 0.00448674 9.9892E-05 0.164763 0.658593 9.9892E-05 9.9892E-05 9.9892E-05 0.0115649 9.9892E-05 0.0464844 9.9892E-05 9.9892E-05 9.9892E-05 0.00160577 9.9892E-05 0.111303 9.9892E-05
0.0192024 9.99008E-05 9.99008E-05 0.0152157 0.72927 0.0747498 9.99008E-05 0.024364 9.99008E-05 9.99008E-05 0.0941933 0.0206585 9.99008E-05 9.99008E-05 9.99008E-05 9.99008E-05 9.99008E-05 0.0212478 9.99008E-05
9.98827E-05 9.98827E-05 0.0596978 9.98827E-05 0.0111973 0.104672 9.98827E-05 0.209211 9.98827E-05 9.98827E-05 0.284602 9.98827E-05 9.98827E-05 9.98827E-05 9.98827E-05 9.98827E-05 9.98827E-05 0.329321 9.98827E-05
9.98827E-05 0.211212 9.98827E-05 9.98827E-05 0.597418 0.0359217 9.98827E-05 0.0378256 9.98827E-05 9.98827E-05 0.0883539 9.98827E-05 9.98827E-05 9.98827E-05 9.98827E-05 9.98827E-05 9.98827E-05 0.0279698 9.98827E-05
9.98828E-05 9.98828E-05 0.0146572 0.0120545 0.625981 0.271071 9.98828E-05 9.98828E-05 9.98828E-05 0.0149824 0.0599561 9.98828E-05 9.98828E-05 9.98828E-05 9.98828E-05 9.98828E-05 9.98828E-05 9.98828E-05 9.98828E-05
9.98738E-05 9.98738E-05 9.98738E-05 9.98738E-05 0.290678 0.0801378 0.402165 9.98738E-05 9.98738E-05 9.98738E-05 0.149619 0.0760012 9.98738E-05 9.98738E-05 9.98738E-05 9.98738E-05 9.98738E-05 9.98738E-05 9.98738E-05
9.98919E-05 9.98919E-05 0.0232971 0.0544287 0.675025 0.097517 0.0644538 0.0115413 9.98919E-05 9.98919E-05 0.0725389 9.98919E-05 9.98919E-05 9.98919E-05 9.98919E-05 9.98919E-05 9.98919E-05 9.98919E-05 9.98919E-05
9.98829E-05 9.98829E-05 0.0397317 9.98829E-05 0.0874161 0.050281 9.98829E-05 0.295603 9.98829E-05 9.98829E-05 0.462682 9.98829E-05 9.98829E-05 9.98829E-05 9.98829E-05 9.98829E-05 9.98829E-05 0.0629878 9.98829E-05
9.9865E-05 9.9865E-05 9.9865E-05 9.9865E-05 9.9865E-05 9.9865E-05 9.9865E-05 0.117271 0.313448 0.212968 0.354815 9.9865E-05 9.9865E-05 9.9865E-05 9.9865E-05 9.9865E-05 9.9865E-05 9.9865E-05 9.9865E-05
0.00698594 9.98828E-05 0.0301674 0.00671747 9.98828E-05 0.326181 9.98828E-05 9.98828E-05 9.98828E-05 9.98828E-05 9.98828E-05 9.98828E-05 0.263713 9.98828E-05 9.98828E-05 9.98828E-05 9.98828E-05 0.364937 9.98828E-05
9.98649E-05 9.98649E-05 0.0290969 0.0992797 0.0661249 9.98649E-05 9.98649E-05 9.98649E-05 9.98649E-05 9.98649E-05 0.804001 9.98649E-05 9.98649E-05 9.98649E-05 9.98649E-05 9.98649E-05 9.98649E-05 9.98649E-05 9.98649E-05
9.9892E-05 9.9892E-05 0.177846 0.034015 9.9892E-05 9.9892E-05 9.9892E-05 0.157631 9.9892E-05 9.9892E-05 0.309127 0.00342063 9.9892E-05 9.9892E-05 9.9892E-05 9.9892E-05 0.00767094 0.30909 9.9892E-05
9.98917E-05 9.98917E-05 0.12768 0.0493813 0.167566 0.160091 9.98917E-05 0.344663 9.98917E-05 9.98917E-05 0.0680209 9.98917E-05 9.98917E-05 9.98917E-05 9.98917E-05 9.98917E-05 9.98917E-05 0.0813989 9.98917E-05
9.98739E-05 9.98739E-05 9.98739E-05 0.0190117 9.98739E-05 9.98739E-05 9.98739E-05 0.367733 0.119534 9.98739E-05 0.370787 9.98739E-05 9.98739E-05 9.98739E-05 9.98739E-05 9.98739E-05 9.98739E-05 0.121536 9.98739E-05
9.99008E-05 9.99008E-05 9.99008E-05 0.0782442 9.99008E-05 0.256473 9.99008E-05 0.145523 9.99008E-05 0.000358136 0.319187 9.99008E-05 0.00994156 0.0403405 9.99008E-05 9.99008E-05 9.99008E-05 0.148833 9.99008E-05
9.98829E-05 9.98829E-05 9.98829E-05 9.98829E-05 0.219319 9.98829E-05 9.98829E-05 9.98829E-05 9.98829E-05 9.98829E-05 9.98829E-05 9.98829E-05 0.0764111 9.98829E-05 0.0440708 0.136805 0.118182 0.403914 9.98829E-05
0.0118844 0.117935 0.0594529 9.99008E-05 9.99008E-05 0.0801188 9.99008E-05 0.197983 9.99008E-05 9.99008E-05 0.241718 9.99008E-05 0.237417 9.99008E-05 9.99008E-05 0.0523931 9.99008E-05 9.99008E-05 9.99008E-05
9.98737E-05 9.98737E-05 9.98737E-05 0.102141 9.98737E-05 0.269977 9.98737E-05 9.98737E-05 9.98737E-05 9.98737E-05 0.324078 9.98737E-05 0.156885 9.98737E-05 9.98737E-05 9.98737E-05 9.98737E-05 0.145522 9.98737E-05
9.98738E-05 0.465779 9.98738E-05 9.98738E-05 0.0954146 0.321568 9.98738E-05 0.0786509 9.98738E-05 9.98738E-05 9.98738E-05 9.98738E-05 0.0371894 9.98738E-05 9.98738E-05 9.98738E-05 9.98738E-05 9.98738E-05 9.98738E-05
9.98829E-05 0.0411839 9.98829E-05 9.98829E-05 9.98829E-05 0.303504 0.0536893 9.98829E-05 9.98829E-05 9.98829E-05 9.98829E-05 9.98829E-05 0.0985073 9.98829E-05 9.98829E-05 9.98829E-05 0.0421879 0.459629 9.98829E-05
0.00982766 0.0467878 9.99279E-05 9.99279E-05 9.99279E-05 0.0162217 0.0163114 0.0893671 9.99279E-05 0.0189769 0.683622 9.99279E-05 0.0452785 0.0354001 9.99279E-05 0.0363735 9.99279E-05 9.99279E-05 0.00103417
9.99008E-05 9.99008E-05 0.0297834 0.0724614 9.99008E-05 0.0600778 0.00206314 0.367018 9.99008E-05 9.99008E-05 0.20333 9.99008E-05 0.174561 9.99008E-05 9.99008E-05 9.99008E-05 9.99008E-05 0.0896073 9.99008E-05
9.98739E-05 9.98739E-05 9.98739E-05 9.98739E-05 9.98739E-05 9.98739E-05 9.98739E-05 0.239375 0.111777 0.09114 0.431819 9.98739E-05 9.98739E-05 9.98739E-05 9.98739E-05 0.124491 9.98739E-05 9.98739E-05 9.98739E-05
