0.205695 0.657436 0.136869
0.187296 0.756461 0.0562427
0.746958 0.240211 0.0128307
0.0829524 0.830631 0.086417
9.9991E-05 0.820859 0.179041
0.473211 0.41749 0.109298
0.77662 0.22328 9.9991E-05
0.474392 0.447793 0.0778156
0.0815745 0.805456 0.112969
0.852086 0.0258301 0.122084
0.135614 0.832413 0.0319729
0.0172065 0.926169 0.0566242
0.368567 0.470364 0.161068
0.705133 0.294767 9.9991E-05
0.02605 0.95641 0.0175404
0.880504 0.0493908 0.0701048
0.707265 0.292635 9.9991E-05
0.613699 0.386201 9.9991E-05
0.187922 0.808364 0.00371454
0.00970457 0.20839 0.781906
9.9991E-05 0.195371 0.804529
0.0842052 0.110807 0.804988
9.9991E-05 0.32812 0.67178
9.9991E-05 0.349723 0.650177
0.401135 9.9991E-05 0.598765
9.9991E-05 0.440549 0.559351
0.462447 9.9991E-05 0.537453
9.9991E-05 0.422872 0.577028
0.201188 0.0234496 0.775362
9.9991E-05 0.213505 0.786395
0.296186 0.109072 0.594742
0.280153 9.9991E-05 0.719747
0.468208 9.9991E-05 0.531692
0.325162 0.0348526 0.639985
9.9991E-05 0.237976 0.761924
9.9991E-05 0.326528 0.673372
0.0601791 0.252384 0.687436
9.9991E-05 0.341361 0.658539
0.00496773 0.180495 0.814537
0.312361 9.9991E-05 0.687539
0.498941 9.9991E-05 0.500959
0.0645113 0.246667 0.688822
0.182283 9.9991E-05 0.817617
0.367957 9.9991E-05 0.631943
9.9991E-05 0.525261 0.474639
9.9991E-05 0.433123 0.566777
0.469342 9.9991E-05 0.530558
0.0575463 0.116741 0.825713
0.61955 9.9991E-05 0.38035
9.9991E-05 0.288682 0.711218
0.242399 9.9991E-05 0.757501
0.0238147 0.238766 0.737419
9.9991E-05 0.417949 0.581951
9.9991E-05 0.458154 0.541746
9.9991E-05 0.467674 0.532226
9.9991E-05 0.457699 0.542201
0.256738 9.9991E-05 0.743162
0.131703 0.038103 0.830194
0.312516 9.9991E-05 0.687384
9.9991E-05 0.22311 0.77679
9.9991E-05 0.26563 0.73427
9.9991E-05 0.361664 0.638236
0.394176 9.9991E-05 0.605724
9.9991E-05 0.344433 0.655467
0.5244 9.9991E-05 0.4755
9.9991E-05 0.466457 0.533443
9.9991E-05 0.345006 0.654894
9.9991E-05 0.372789 0.627111
0.072833 0.299644 0.627523
0.167124 0.120686 0.71219
0.441753 9.9991E-05 0.558147
0.46097 9.9991E-05 0.53893
9.9991E-05 0.366619 0.633281
0.400625 9.9991E-05 0.599275
9.9991E-05 0.314981 0.684919
9.9991E-05 0.46692 0.53298
0.355146 9.9991E-05 0.644754
0.551182 9.9991E-05 0.448718
0.3164 9.9991E-05 0.6835
0.143757 0.0873497 0.768894
0.464599 9.9991E-05 0.535301
9.9991E-05 0.274627 0.725273
0.0437544 0.139196 0.81705
0.0827828 0.205297 0.71192
0.432395 9.9991E-05 0.567505
9.9991E-05 0.183344 0.816556
9.9991E-05 0.381412 0.618488
0.367062 0.0693075 0.563631
0.498503 9.9991E-05 0.501397
9.9991E-05 0.437045 0.562855
0.415528 9.9991E-05 0.584372
0.391643 0.0435259 0.564831
9.9991E-05 0.496004 0.503896
0.191907 0.196251 0.611842
0.189785 0.194301 0.615914
0.798204 0.00493292 0.196864
0.613607 0.0878369 0.298556
0.429407 0.311668 0.258925
0.217014 0.67448 0.108506
0.809004 0.0493808 0.141615
0.261718 0.678902 0.0593799
0.857356 0.142544 9.9991E-05
0.739753 0.0714143 0.188833
0.579113 0.201189 0.219697
0.11885 0.600082 0.281068
0.86456 9.9991E-05 0.13534
0.285631 0.563932 0.150437
0.730262 0.11888 0.150858
0.394807 0.441415 0.163777
0.525514 0.277803 0.196684
0.706278 0.279401 0.0143205
9.9991E-05 0.786734 0.213166
0.168184 0.642579 0.189238
0.540607 0.0990111 0.360381
0.733693 0.181025 0.0852823
0.349055 0.371491 0.279454
0.234148 0.529798 0.236054
0.136709 0.754628 0.108663
0.696907 0.252679 0.050414
0.162194 0.727303 0.110503
0.718888 0.270437 0.0106756
0.981939 9.9991E-05 0.0179609
0.0687123 0.931188 9.9991E-05
0.364059 0.487512 0.148429
0.39065 0.499172 0.110179
0.304086 0.527927 0.167987
0.914655 0.0732343 0.0121109
0.055747 0.836942 0.107311
0.15362 0.62358 0.222799
0.982386 9.9991E-05 0.0175145
0.00799387 0.991906 9.9991E-05
0.00013357 0.797551 0.202316
0.167676 0.832224 9.9991E-05
0.962263 9.9991E-05 0.0376368
0.0735496 0.827841 0.0986094
0.0526004 0.885522 0.061878
0.517635 0.482265 9.9991E-05
0.311572 0.522842 0.165586
0.231403 0.64697 0.121627
0.9998 9.999E-05 9.999E-05
0.297846 0.590636 0.111518
0.41175 0.435203 0.153047
0.753804 0.0605918 0.185604
0.147731 0.677999 0.17427
0.320192 0.368475 0.311333
0.878039 9.9991E-05 0.121861
0.634339 0.228328 0.137334
0.812012 0.123481 0.0645066
0.329587 0.498268 0.172146
0.9998 9.999E-05 9.999E-05
0.0958863 0.904014 9.9991E-05
0.920568 0.0793318 9.9991E-05
0.36597 0.443024 0.191006
0.18893 0.696941 0.114129
0.297879 0.430798 0.271322
0.427052 0.500433 0.0725149
0.439545 0.342829 0.217626
0.365655 0.54834 0.0860051
0.967484 9.9991E-05 0.0324156
0.950884 9.9991E-05 0.0490162
0.775237 0.188732 0.0360307
0.872134 9.9991E-05 0.127766
0.959325 0.0405746 9.9991E-05
0.702563 0.155634 0.141803
0.748684 0.251216 9.9991E-05
9.9991E-05 0.89684 0.10306
0.00074547 0.951472 0.0477828
0.530926 0.468974 9.9991E-05
0.0571648 0.942735 9.9991E-05
9.999E-05 0.9998 9.999E-05
0.0371585 0.794093 0.168749
0.0265151 0.953252 0.0202334
0.699266 0.300634 9.9991E-05
0.988951 0.0109488 9.9991E-05
0.153551 0.76019 0.0862593
0.78396 0.21594 9.9991E-05
0.563243 0.314053 0.122704
0.364265 0.635635 9.9991E-05
0.871388 0.128512 9.9991E-05
0.595132 0.396931 0.00793671
0.138116 0.655928 0.205956
0.541402 0.390334 0.0682647
0.452721 0.495388 0.0518907
0.0532462 0.933912 0.0128417
0.19086 0.753448 0.055692
0.813646 0.152032 0.034322
0.649579 0.350321 9.9991E-05
0.996179 0.00372117 9.9991E-05
9.999E-05 0.9998 9.999E-05
0.241436 0.687225 0.0713388
0.9162 0.0836996 9.9991E-05
0.015782 0.839518 0.1447
0.197421 0.653727 0.148852
0.838856 9.9991E-05 0.161044
0.655208 0.151635 0.193157
0.110036 0.732332 0.157632
9.9991E-05 0.863271 0.136629
9.9991E-05 0.856387 0.143513
0.904215 9.9991E-05 0.0956847
0.716678 0.204936 0.0783866
0.245586 0.56297 0.191444
0.129714 0.870186 9.9991E-05
0.905851 9.9991E-05 0.0940489
0.543626 0.402623 0.0537509
0.566578 0.370246 0.0631769
0.373193 0.440177 0.186631
0.740809 0.259091 9.9991E-05
0.226404 0.743537 0.030059
0.270116 0.652053 0.0778308
0.0433075 0.838369 0.118324
0.704001 0.0954662 0.200533
0.074284 0.846255 0.0794609
0.114164 0.833923 0.0519122
0.934679 0.0652213 9.9991E-05
0.496585 0.503315 9.9991E-05
0.720468 0.251613 0.0279195
9.9991E-05 0.907489 0.0924106
0.100958 0.570285 0.328757
0.0393778 0.889721 0.0709015
0.920276 0.0796236 9.9991E-05
0.0720922 0.874589 0.0533191
0.0300729 0.857438 0.112489
0.0305782 0.908236 0.0611858
0.87326 0.12664 9.9991E-05
0.47939 0.517247 0.00336271
0.116134 0.806421 0.0774452
0.622965 0.297593 0.0794421
9.9991E-05 0.911067 0.0888326
0.415856 0.534116 0.0500278
0.325291 0.569155 0.105554
0.928167 0.071733 9.9991E-05
0.322537 0.607998 0.0694646
0.655123 0.218007 0.12687
0.947021 9.9991E-05 0.0528786
0.529006 0.439878 0.0311152
0.749327 0.225481 0.0251921
0.564747 0.435153 9.9991E-05
0.148352 0.851548 9.9991E-05
0.898739 9.9991E-05 0.101161
0.0998712 0.654933 0.245195
0.118243 0.750802 0.130955
0.286919 0.615976 0.0971047
0.929673 0.0479904 0.0223369
0.9998 9.999E-05 9.999E-05
0.106908 0.801008 0.0920842
0.523166 0.41403 0.0628047
0.531534 0.369652 0.0988144
0.98595 9.9991E-05 0.0139504
0.447831 0.416813 0.135356
0.270325 0.581041 0.148635
0.0583948 0.912443 0.029162
0.144986 0.808417 0.0465973
0.326928 0.545006 0.128065
0.77149 0.204572 0.0239377
0.0029796 0.927755 0.0692656
0.742844 0.257056 9.9991E-05
0.491609 0.482988 0.0254033
9.9991E-05 0.910799 0.0891007
0.88499 0.0824391 0.0325708
0.795409 0.112416 0.0921749
0.768271 0.231629 9.9991E-05
0.294183 0.542703 0.163113
0.49497 0.378592 0.126438
0.3047 0.601827 0.0934734
0.947357 9.9991E-05 0.0525432
0.110812 0.775713 0.113474
0.56033 0.20476 0.23491
0.145755 0.732164 0.122081
0.0818736 0.771063 0.147064
0.178598 0.748407 0.0729951
0.109242 0.789259 0.101499
0.208547 0.622615 0.168838
0.555667 0.286663 0.157671
0.745075 0.171409 0.0835164
0.165495 0.67591 0.158594
0.331615 0.507538 0.160847
0.61408 0.191138 0.194782
0.897308 9.9991E-05 0.102592
0.945184 0.0547161 9.9991E-05
0.975974 9.9991E-05 0.0239256
