0.0590971 9.9937E-05 9.9937E-05 9.9937E-05 9.9937E-05 0.0397 9.9937E-05 9.9937E-05 9.9937E-05 0.107547 0.508414 0.284543
0.0572543 9.99459E-05 0.13215 9.99459E-05 9.99459E-05 0.00716906 9.99459E-05 9.99459E-05 9.99459E-05 0.00898825 0.549837 0.244001
0.0200287 0.691588 9.99549E-05 9.99549E-05 0.0237688 9.99549E-05 9.99549E-05 0.0502414 0.00310759 0.0130859 0.19768 9.99549E-05
9.99639E-05 9.99639E-05 0.132877 0.0150945 0.0357092 9.99639E-05 9.99639E-05 0.0648326 0.174316 0.0466353 0.260185 0.26995
9.99549E-05 9.99549E-05 0.0909297 9.99549E-05 0.153947 0.198789 9.99549E-05 0.0681075 0.084763 9.99549E-05 0.0202182 0.382746
0.0379135 0.126857 9.99549E-05 9.99549E-05 9.99549E-05 0.0466678 0.0395451 0.327717 9.99549E-05 9.99549E-05 0.405835 0.014965
9.99369E-05 0.604346 0.0157129 0.0481728 9.99369E-05 9.99369E-05 0.0101025 9.99369E-05 9.99369E-05 9.99369E-05 0.320966 9.99369E-05
0.181046 0.220481 9.9946E-05 9.9946E-05 9.9946E-05 9.9946E-05 0.00404383 0.16838 9.9946E-05 9.9946E-05 0.373064 0.0523856
0.0849643 9.9964E-05 0.120137 9.9964E-05 0.0171674 9.9964E-05 9.9964E-05 0.0872744 0.119323 0.0052516 0.410265 0.155218
9.99279E-05 0.34487 9.99279E-05 0.234333 9.99279E-05 9.99279E-05 9.99279E-05 0.360169 9.99279E-05 0.0598279 9.99279E-05 9.99279E-05
9.99639E-05 9.99639E-05 0.493066 9.99639E-05 0.00175408 0.0642243 9.99639E-05 0.0929148 0.0153004 0.00883398 0.185069 0.138438
0.00709006 9.99459E-05 0.249553 9.99459E-05 9.99459E-05 9.99459E-05 9.99459E-05 0.247714 0.0918615 9.99459E-05 0.0266382 0.376543
9.9973E-05 0.121114 0.0638473 0.0320091 0.0444416 0.199274 0.00684613 9.9973E-05 0.250418 0.032418 0.249332 9.9973E-05
0.0368836 0.44402 9.99279E-05 9.99279E-05 9.99279E-05 9.99279E-05 9.99279E-05 0.189056 9.99279E-05 9.99279E-05 0.329241 9.99279E-05
9.99189E-05 9.99189E-05 0.564667 9.99189E-05 9.99189E-05 9.99189E-05 9.99189E-05 0.0815923 9.99189E-05 9.99189E-05 9.99189E-05 0.352841
9.99549E-05 0.39798 9.99549E-05 0.308003 0.0251694 9.99549E-05 0.0449622 0.030577 9.99549E-05 0.0301192 0.16269 9.99549E-05
9.99279E-05 0.511329 9.99279E-05 0.0262922 9.99279E-05 9.99279E-05 9.99279E-05 9.99279E-05 0.0175421 9.99279E-05 0.444037 9.99279E-05
0.0115105 0.504761 0.0262419 9.99369E-05 9.99369E-05 0.0119344 9.99369E-05 9.99369E-05 9.99369E-05 9.99369E-05 0.444853 9.99369E-05
0.0366312 0.123212 0.00137717 9.9964E-05 9.9964E-05 0.00169408 9.9964E-05 0.0499243 0.265163 9.9964E-05 0.246014 0.275584
9.99279E-05 9.99279E-05 0.113333 9.99279E-05 0.102651 0.0117096 9.99279E-05 9.99279E-05 9.99279E-05 0.771507 9.99279E-05 9.99279E-05
9.991E-05 9.991E-05 9.991E-05 9.991E-05 9.991E-05 9.991E-05 9.991E-05 9.991E-05 0.15106 0.847941 9.991E-05 9.991E-05
9.99188E-05 9.99188E-05 9.99188E-05 9.99188E-05 9.99188E-05 0.0341353 9.99188E-05 9.99188E-05 9.99188E-05 0.910077 0.0548879 9.99188E-05
9.99189E-05 9.99189E-05 9.99189E-05 9.99189E-05 0.0404924 9.99189E-05 9.99189E-05 9.99189E-05 0.336356 0.622252 9.99189E-05 9.99189E-05
0.0454663 9.99369E-05 0.149821 9.99369E-05 9.99369E-05 9.99369E-05 9.99369E-05 9.99369E-05 0.0749786 0.695912 9.99369E-05 0.0331234
0.080149 0.233471 9.99458E-05 9.99458E-05 9.99458E-05 9.99458E-05 0.19701 0.0245523 9.99458E-05 0.42947 0.0347471 9.99458E-05
0.278167 9.99459E-05 0.140674 9.99459E-05 0.10428 9.99459E-05 9.99459E-05 0.0446904 9.99459E-05 0.315895 9.99459E-05 0.115694
9.99369E-05 0.00461599 9.99369E-05 0.455259 0.0617466 9.99369E-05 0.249081 9.99369E-05 9.99369E-05 0.228597 9.99369E-05 9.99369E-05
0.17466 9.9964E-05 0.0585065 0.0497438 0.215742 0.102187 9.9964E-05 9.9964E-05 0.0603993 0.261279 9.9964E-05 0.0770834
9.99459E-05 9.99459E-05 9.99459E-05 0.0225847 9.99459E-05 0.0707323 0.0167167 0.00197996 9.99459E-05 0.85577 0.0316167 9.99459E-05
9.99189E-05 9.99189E-05 0.0134043 9.99189E-05 9.99189E-05 9.99189E-05 9.99189E-05 9.99189E-05 0.131387 0.854309 9.99189E-05 9.99189E-05
9.99371E-05 0.103403 9.99371E-05 0.110889 9.99371E-05 9.99371E-05 0.0957677 9.99371E-05 0.138303 0.550937 9.99371E-05 9.99371E-05
0.329026 9.99549E-05 9.99549E-05 0.0658448 0.0698466 0.126564 0.238079 0.0198973 9.99549E-05 0.150243 9.99549E-05 9.99549E-05
9.99278E-05 0.170251 9.99278E-05 0.179149 9.99278E-05 9.99278E-05 0.0784859 9.99278E-05 9.99278E-05 0.571315 9.99278E-05 9.99278E-05
0.0520358 0.177331 9.99369E-05 9.99369E-05 9.99369E-05 9.99369E-05 0.0761094 9.99369E-05 9.99369E-05 0.62147 0.0723538 9.99369E-05
9.99279E-05 9.99279E-05 0.0181656 9.99279E-05 9.99279E-05 9.99279E-05 9.99279E-05 0.0286334 0.124193 0.828209 9.99279E-05 9.99279E-05
9.99369E-05 9.99369E-05 0.171323 9.99369E-05 0.0548536 9.99369E-05 9.99369E-05 9.99369E-05 0.00237459 0.727482 9.99369E-05 0.0432675
9.99279E-05 9.99279E-05 0.270566 0.00722421 0.0226394 9.99279E-05 9.99279E-05 9.99279E-05 9.99279E-05 0.698771 9.99279E-05 9.99279E-05
9.99279E-05 9.99279E-05 9.99279E-05 9.99279E-05 0.0224796 9.99279E-05 9.99279E-05 9.99279E-05 0.234976 0.660213 9.99279E-05 0.0815324
9.99187E-05 9.99187E-05 9.99187E-05 9.99187E-05 0.452383 9.99187E-05 0.397918 9.99187E-05 9.99187E-05 9.99187E-05 0.148799 9.99187E-05
9.9937E-05 9.9937E-05 9.9937E-05 0.0383732 0.0216413 0.11588 0.808839 9.9937E-05 9.9937E-05 9.9937E-05 9.9937E-05 0.0145663
0.063485 0.110907 9.99459E-05 0.203447 9.99459E-05 9.99459E-05 0.588304 0.00442892 9.99459E-05 0.0288288 9.99459E-05 9.99459E-05
0.0419503 9.99549E-05 9.99549E-05 0.032674 0.29041 0.0236431 0.287403 9.99549E-05 0.308158 0.0152614 9.99549E-05 9.99549E-05
9.99278E-05 9.99278E-05 9.99278E-05 9.99278E-05 0.139173 9.99278E-05 0.459709 9.99278E-05 9.99278E-05 0.263656 0.136663 9.99278E-05
0.0346876 0.082963 0.115437 9.99459E-05 9.99459E-05 9.99459E-05 0.661118 0.0582604 9.99459E-05 0.0469341 9.99459E-05 9.99459E-05
0.44645 9.99279E-05 9.99279E-05 9.99279E-05 0.200137 9.99279E-05 9.99279E-05 9.99279E-05 0.105409 9.99279E-05 9.99279E-05 0.247205
9.99279E-05 9.99279E-05 0.100946 9.99279E-05 0.547473 9.99279E-05 0.158824 9.99279E-05 9.99279E-05 9.99279E-05 9.99279E-05 0.191958
9.99279E-05 0.22345 9.99279E-05 0.0162798 9.99279E-05 9.99279E-05 0.602393 9.99279E-05 9.99279E-05 0.157077 9.99279E-05 9.99279E-05
9.99278E-05 9.99278E-05 9.99278E-05 9.99278E-05 0.350694 9.99278E-05 0.513709 0.00884693 9.99278E-05 9.99278E-05 0.125951 9.99278E-05
9.9928E-05 9.9928E-05 9.9928E-05 0.486883 9.9928E-05 0.00317934 0.468204 9.9928E-05 9.9928E-05 9.9928E-05 9.9928E-05 0.0409351
0.0900522 9.9946E-05 9.9946E-05 9.9946E-05 0.467563 9.9946E-05 0.279673 9.9946E-05 0.00187106 9.9946E-05 0.112759 0.0474817
9.99279E-05 9.99279E-05 9.99279E-05 0.0866024 0.122955 0.0726357 0.717008 9.99279E-05 9.99279E-05 9.99279E-05 9.99279E-05 9.99279E-05
9.9955E-05 9.9955E-05 0.00941784 9.9955E-05 0.186144 0.063323 0.401154 0.0120667 0.258085 0.0693094 9.9955E-05 9.9955E-05
0.175797 9.99459E-05 0.31365 9.99459E-05 0.300987 9.99459E-05 0.0852864 0.0482499 9.99459E-05 0.0754297 9.99459E-05 9.99459E-05
0.0904138 9.99549E-05 0.341764 9.99549E-05 0.184758 9.99549E-05 0.305307 0.001886 9.99549E-05 9.99549E-05 0.0231211 0.0522504
0.138306 9.9946E-05 9.9946E-05 9.9946E-05 0.223639 9.9946E-05 0.160096 9.9946E-05 0.326677 0.0315216 9.9946E-05 0.119161
0.266569 9.99279E-05 9.99279E-05 9.99279E-05 9.99279E-05 9.99279E-05 9.99279E-05 9.99279E-05 0.372499 0.320883 9.99279E-05 0.0392493
0.00897284 0.0142241 9.99458E-05 9.99458E-05 0.258407 0.0581173 0.577276 9.99458E-05 9.99458E-05 9.99458E-05 0.0824035 9.99458E-05
0.232068 9.9964E-05 0.0168759 0.0942148 0.220106 0.0352151 0.299261 9.9964E-05 0.0876252 0.0142337 9.9964E-05 9.9964E-05
0.0597706 9.99368E-05 9.99368E-05 0.0455622 9.99368E-05 0.0736613 0.793623 9.99368E-05 9.99368E-05 9.99368E-05 0.0266832 9.99368E-05
9.99369E-05 9.99369E-05 9.99369E-05 9.99369E-05 0.754467 0.0226359 0.192653 9.99369E-05 9.99369E-05 0.0154534 9.99369E-05 0.0140904
0.105032 9.99368E-05 9.99368E-05 9.99368E-05 0.533464 9.99368E-05 0.171726 9.99368E-05 9.99368E-05 0.0459941 0.143085 9.99368E-05
0.0814249 9.99459E-05 0.0688564 9.99459E-05 0.38028 9.99459E-05 0.322067 9.99459E-05 9.99459E-05 9.99459E-05 0.0760858 0.0706863
0.311904 0.0462084 9.99459E-05 0.118643 0.138268 0.141948 0.242429 9.99459E-05 9.99459E-05 9.99459E-05 9.99459E-05 9.99459E-05
9.99369E-05 0.0118147 9.99369E-05 9.99369E-05 0.61934 9.99369E-05 0.0283552 9.99369E-05 0.300419 0.0393717 9.99369E-05 9.99369E-05
0.0773991 0.49705 9.99279E-05 9.99279E-05 0.23653 9.99279E-05 0.188221 9.99279E-05 9.99279E-05 9.99279E-05 9.99279E-05 9.99279E-05
0.320493 9.99459E-05 0.199185 9.99459E-05 0.221949 9.99459E-05 9.99459E-05 0.0352883 9.99459E-05 0.113139 0.109346 9.99459E-05
9.9919E-05 9.9919E-05 9.9919E-05 9.9919E-05 0.903956 9.9919E-05 9.9919E-05 9.9919E-05 0.0155135 9.9919E-05 9.9919E-05 0.0796311
9.9928E-05 0.0582262 0.116306 0.0276092 0.797059 9.9928E-05 9.9928E-05 9.9928E-05 9.9928E-05 9.9928E-05 9.9928E-05 9.9928E-05
0.651724 0.0588752 0.00600434 9.99639E-05 0.163932 0.0231169 9.99639E-05 0.013646 9.99639E-05 0.050025 0.0322768 9.99639E-05
0.363132 9.99639E-05 9.99639E-05 0.00439266 0.0649562 0.031874 0.107494 0.0679727 9.99639E-05 0.271815 0.0879641 9.99639E-05
0.307524 9.99369E-05 9.99369E-05 0.352042 9.99369E-05 0.0302862 0.18549 9.99369E-05 9.99369E-05 0.123959 9.99369E-05 9.99369E-05
9.99279E-05 0.414767 9.99279E-05 0.0334749 0.21681 9.99279E-05 0.334149 9.99279E-05 9.99279E-05 9.99279E-05 9.99279E-05 9.99279E-05
9.99279E-05 9.99279E-05 9.99279E-05 9.99279E-05 0.00427046 9.99279E-05 9.99279E-05 9.99279E-05 0.126721 0.651901 9.99279E-05 0.216308
9.99277E-05 0.202004 9.99277E-05 0.0843948 0.385885 9.99277E-05 0.326917 9.99277E-05 9.99277E-05 9.99277E-05 9.99277E-05 9.99277E-05
0.295466 9.99369E-05 0.0104703 9.99369E-05 0.652426 0.0250303 9.99369E-05 0.0159075 9.99369E-05 9.99369E-05 9.99369E-05 9.99369E-05
0.464362 9.99549E-05 0.179674 9.99549E-05 0.0718512 9.99549E-05 9.99549E-05 0.0269292 0.0889654 0.115328 9.99549E-05 0.0523908
9.99278E-05 0.168437 9.99278E-05 0.0511392 9.99278E-05 9.99278E-05 0.0825955 9.99278E-05 9.99278E-05 0.697028 9.99278E-05 9.99278E-05
9.9928E-05 0.232073 9.9928E-05 0.286078 9.9928E-05 9.9928E-05 0.281075 9.9928E-05 9.9928E-05 0.199974 9.9928E-05 9.9928E-05
9.99188E-05 0.160586 9.99188E-05 9.99188E-05 9.99188E-05 9.99188E-05 0.1487 9.99188E-05 9.99188E-05 0.689815 9.99188E-05 9.99188E-05
0.300548 9.99639E-05 9.99639E-05 0.0246834 0.0598167 0.152056 0.0904593 0.0390576 9.99639E-05 0.331909 0.00106969 9.99639E-05
9.9937E-05 9.9937E-05 9.9937E-05 0.439002 0.0695153 0.0622847 0.268517 9.9937E-05 9.9937E-05 0.159981 9.9937E-05 9.9937E-05
0.0335668 0.00303916 9.99459E-05 9.99459E-05 0.328744 9.99459E-05 0.154458 9.99459E-05 0.275679 0.203913 9.99459E-05 9.99459E-05
9.99279E-05 9.99279E-05 9.99279E-05 9.99279E-05 0.410984 0.00142384 0.424571 9.99279E-05 0.162221 9.99279E-05 9.99279E-05 9.99279E-05
0.0728593 9.9946E-05 0.0955149 9.9946E-05 0.059254 9.9946E-05 0.410923 9.9946E-05 0.296845 0.0640047 9.9946E-05 9.9946E-05
9.99278E-05 0.192209 9.99278E-05 0.0627478 0.23659 9.99278E-05 0.507654 9.99278E-05 9.99278E-05 9.99278E-05 9.99278E-05 9.99278E-05
9.99369E-05 9.99369E-05 9.99369E-05 0.021158 0.647145 0.115567 0.105489 9.99369E-05 9.99369E-05 0.109942 9.99369E-05 9.99369E-05
0.124968 0.014704 9.99369E-05 9.99369E-05 0.775994 9.99369E-05 9.99369E-05 9.99369E-05 0.0834697 9.99369E-05 9.99369E-05 0.000164642
0.564771 0.197809 9.99458E-05 0.00921683 9.99458E-05 9.99458E-05 0.0031003 0.0177029 9.99458E-05 0.2068 9.99458E-05 9.99458E-05
0.277245 0.242805 9.99188E-05 9.99188E-05 9.99188E-05 9.99188E-05 0.479051 9.99188E-05 9.99188E-05 9.99188E-05 9.99188E-05 9.99188E-05
0.749657 9.99279E-05 9.99279E-05 9.99279E-05 9.99279E-05 9.99279E-05 9.99279E-05 9.99279E-05 9.99279E-05 0.138556 0.00768497 0.103302
0.439387 0.249566 9.99188E-05 9.99188E-05 9.99188E-05 9.99188E-05 0.310148 9.99188E-05 9.99188E-05 9.99188E-05 9.99188E-05 9.99188E-05
0.539584 0.24145 9.99188E-05 9.99188E-05 9.99188E-05 9.99188E-05 0.218067 9.99188E-05 9.99188E-05 9.99188E-05 9.99188E-05 9.99188E-05
0.691603 9.99189E-05 9.99189E-05 9.99189E-05 0.0666745 9.99189E-05 9.99189E-05 9.99189E-05 9.99189E-05 9.99189E-05 9.99189E-05 0.240823
0.343388 0.0687062 9.99369E-05 9.99369E-05 0.173083 9.99369E-05 0.279875 9.99369E-05 9.99369E-05 9.99369E-05 0.134249 9.99369E-05
0.685067 0.00959053 9.99369E-05 9.99369E-05 9.99369E-05 9.99369E-05 0.220682 0.00198276 9.99369E-05 9.99369E-05 0.0819787 9.99369E-05
9.99279E-05 0.0173054 9.99279E-05 0.348243 9.99279E-05 0.593207 0.0404453 9.99279E-05 9.99279E-05 9.99279E-05 9.99279E-05 9.99279E-05
9.9955E-05 0.0362865 9.9955E-05 0.126597 9.9955E-05 0.613884 0.171643 9.9955E-05 0.0157008 0.0119366 9.9955E-05 0.0234521
9.99189E-05 9.99189E-05 9.99189E-05 9.99189E-05 9.99189E-05 0.751265 0.0457947 9.99189E-05 0.202041 9.99189E-05 9.99189E-05 9.99189E-05
0.133937 9.99189E-05 9.99189E-05 9.99189E-05 9.99189E-05 0.494287 9.99189E-05 9.99189E-05 9.99189E-05 9.99189E-05 9.99189E-05 0.370877
0.0234682 0.0748386 9.99279E-05 0.306734 9.99279E-05 0.59416 9.99279E-05 9.99279E-05 9.99279E-05 9.99279E-05 9.99279E-05 9.99279E-05
0.162776 9.99459E-05 0.0243995 9.99459E-05 9.99459E-05 0.164628 9.99459E-05 9.99459E-05 0.0624859 9.99459E-05 0.515787 0.0693247
9.99098E-05 0.608934 9.99098E-05 9.99098E-05 9.99098E-05 0.390067 9.99098E-05 9.99098E-05 9.99098E-05 9.99098E-05 9.99098E-05 9.99098E-05
0.00881383 0.00697626 9.99369E-05 0.241195 9.99369E-05 0.713723 0.028592 9.99369E-05 9.99369E-05 9.99369E-05 9.99369E-05 9.99369E-05
0.0632416 0.106925 9.99549E-05 9.99549E-05 9.99549E-05 0.694255 0.00500991 0.0691402 9.99549E-05 0.0240701 0.0368578 9.99549E-05
9.99459E-05 9.99459E-05 0.210224 9.99459E-05 0.131033 0.562821 9.99459E-05 9.99459E-05 0.0137694 0.00784449 9.99459E-05 0.0737085
9.99279E-05 9.99279E-05 9.99279E-05 0.596712 9.99279E-05 0.268786 0.0651827 0.0685204 9.99279E-05 9.99279E-05 9.99279E-05 9.99279E-05
9.99369E-05 0.0372234 0.47451 9.99369E-05 0.0372979 0.430088 9.99369E-05 0.0201807 9.99369E-05 9.99369E-05 9.99369E-05 9.99369E-05
9.99369E-05 0.120289 9.99369E-05 0.0932183 9.99369E-05 0.716339 0.036947 9.99369E-05 9.99369E-05 9.99369E-05 0.0325075 9.99369E-05
0.0907722 9.99369E-05 0.106007 9.99369E-05 0.00874213 0.510157 9.99369E-05 9.99369E-05 9.99369E-05 9.99369E-05 0.283621 9.99369E-05
9.99369E-05 9.99369E-05 9.99369E-05 0.0903747 9.99369E-05 0.666997 9.99369E-05 0.0957111 9.99369E-05 0.0675995 0.0786181 9.99369E-05
9.99459E-05 0.40687 9.99459E-05 0.0272196 9.99459E-05 0.274547 9.99459E-05 0.00855817 9.99459E-05 0.0535142 0.228691 9.99459E-05
0.0622858 9.99458E-05 0.141616 9.99458E-05 0.0655137 0.405595 9.99458E-05 9.99458E-05 0.0824962 9.99458E-05 9.99458E-05 0.241893
0.0150058 0.0291325 9.99368E-05 9.99368E-05 9.99368E-05 0.350034 9.99368E-05 9.99368E-05 0.575735 9.99368E-05 9.99368E-05 0.0293938
9.99459E-05 9.99459E-05 9.99459E-05 0.00617752 9.99459E-05 0.605329 0.151093 0.0865215 9.99459E-05 0.097157 0.0531226 9.99459E-05
9.99189E-05 0.336058 9.99189E-05 9.99189E-05 9.99189E-05 0.643485 0.0195572 9.99189E-05 9.99189E-05 9.99189E-05 9.99189E-05 9.99189E-05
9.99369E-05 9.99369E-05 0.101983 9.99369E-05 0.0437301 0.729916 9.99369E-05 0.0656827 9.99369E-05 0.0579893 9.99369E-05 9.99369E-05
9.99099E-05 9.99099E-05 9.99099E-05 9.99099E-05 9.99099E-05 0.658013 9.99099E-05 9.99099E-05 0.340988 9.99099E-05 9.99099E-05 9.99099E-05
9.9964E-05 9.9964E-05 0.0875411 9.9964E-05 0.144454 0.0238721 9.9964E-05 0.0372663 0.0128879 0.0248898 0.438789 0.229901
9.99098E-05 0.337096 9.99098E-05 9.99098E-05 9.99098E-05 9.99098E-05 9.99098E-05 0.661905 9.99098E-05 9.99098E-05 9.99098E-05 9.99098E-05
0.0336409 9.99459E-05 9.99459E-05 0.041302 0.0171822 9.99459E-05 9.99459E-05 9.99459E-05 0.544567 9.99459E-05 0.285241 0.0774669
9.99369E-05 0.0492539 9.99369E-05 0.230844 9.99369E-05 9.99369E-05 9.99369E-05 0.0340645 9.99369E-05 0.0445555 0.640583 9.99369E-05
9.99278E-05 0.00253646 9.99278E-05 0.54428 9.99278E-05 9.99278E-05 0.00859879 0.443785 9.99278E-05 9.99278E-05 9.99278E-05 9.99278E-05
9.99368E-05 9.99368E-05 0.463552 9.99368E-05 9.99368E-05 9.99368E-05 9.99368E-05 0.0134296 0.193743 9.99368E-05 0.24694 0.0816358
9.99279E-05 9.99279E-05 0.244156 0.0427646 9.99279E-05 9.99279E-05 9.99279E-05 0.694546 9.99279E-05 0.0177346 9.99279E-05 9.99279E-05
0.0754773 0.0877964 9.99639E-05 9.99639E-05 0.0823364 0.0149701 0.0148954 0.00739621 0.0203595 9.99639E-05 0.696369 9.99639E-05
9.99098E-05 9.99098E-05 9.99098E-05 9.99098E-05 9.99098E-05 9.99098E-05 9.99098E-05 0.713429 0.285572 9.99098E-05 9.99098E-05 9.99098E-05
9.9937E-05 0.523184 9.9937E-05 0.229482 9.9937E-05 9.9937E-05 9.9937E-05 0.214693 0.018166 9.9937E-05 0.0137751 9.9937E-05
9.99549E-05 9.99549E-05 0.33463 9.99549E-05 0.106356 0.00173601 9.99549E-05 0.17528 0.0800251 9.99549E-05 0.203328 0.0981455
0.00606329 9.99279E-05 9.99279E-05 9.99279E-05 9.99279E-05 9.99279E-05 9.99279E-05 0.553484 0.421487 9.99279E-05 9.99279E-05 0.0181661
9.99189E-05 0.149437 9.99189E-05 0.494012 9.99189E-05 9.99189E-05 9.99189E-05 0.355652 9.99189E-05 9.99189E-05 9.99189E-05 9.99189E-05
9.99279E-05 9.99279E-05 0.309135 9.99279E-05 9.99279E-05 9.99279E-05 9.99279E-05 9.99279E-05 0.0818581 9.99279E-05 0.240714 0.367493
9.99368E-05 9.99368E-05 0.0373583 9.99368E-05 0.0257282 9.99368E-05 9.99368E-05 0.558427 0.247464 9.99368E-05 9.99368E-05 0.130323
9.99278E-05 0.0972356 0.283488 9.99278E-05 9.99278E-05 9.99278E-05 9.99278E-05 9.99278E-05 0.37464 9.99278E-05 0.243837 9.99278E-05
9.99189E-05 0.00910006 9.99189E-05 0.567308 9.99189E-05 9.99189E-05 9.99189E-05 0.422692 9.99189E-05 9.99189E-05 9.99189E-05 9.99189E-05
9.99458E-05 9.99458E-05 0.111496 9.99458E-05 0.00225204 9.99458E-05 9.99458E-05 0.313093 0.394631 9.99458E-05 0.108644 0.0692845
9.99369E-05 9.99369E-05 0.307657 9.99369E-05 0.0724323 0.026936 9.99369E-05 9.99369E-05 9.99369E-05 9.99369E-05 0.366449 0.225827
0.12103 0.205627 9.99278E-05 9.99278E-05 9.99278E-05 9.99278E-05 9.99278E-05 0.111008 9.99278E-05 9.99278E-05 0.561536 9.99278E-05
9.99641E-05 0.0361996 9.99641E-05 0.139051 0.0372608 0.0604118 9.99641E-05 9.99641E-05 0.363477 0.0670646 0.195727 0.100407
9.9964E-05 9.9964E-05 0.0225314 0.0504121 0.00848263 9.9964E-05 9.9964E-05 0.0887584 0.425582 0.0613628 0.34056 0.00191075
9.99188E-05 0.139713 9.99188E-05 0.426473 9.99188E-05 9.99188E-05 9.99188E-05 0.432914 9.99188E-05 9.99188E-05 9.99188E-05 9.99188E-05
0.0497217 0.123355 0.30321 9.9964E-05 9.9964E-05 9.9964E-05 0.0474645 0.146181 9.9964E-05 0.030465 0.264187 0.0350164
0.111262 9.99187E-05 9.99187E-05 9.99187E-05 9.99187E-05 9.99187E-05 9.99187E-05 0.626833 9.99187E-05 9.99187E-05 0.261006 9.99187E-05
0.031401 0.0212022 9.99639E-05 0.293666 9.99639E-05 0.203325 0.074526 0.121927 9.99639E-05 0.0416334 0.211921 9.99639E-05
0.0449644 9.99639E-05 0.209529 9.99639E-05 0.0515139 0.0984009 9.99639E-05 0.204354 0.232495 0.00227657 0.156066 9.99639E-05
9.9946E-05 9.9946E-05 9.9946E-05 0.0454866 0.126119 0.384754 9.9946E-05 0.286188 9.9946E-05 0.0353732 0.12148 9.9946E-05
0.00335574 0.0546539 9.9964E-05 0.772014 0.00201117 9.9964E-05 0.0315383 9.9964E-05 0.0288132 0.0419609 9.9964E-05 0.0652529
0.067837 0.216947 9.99549E-05 0.0827399 9.99549E-05 0.153732 9.99549E-05 0.294759 9.99549E-05 0.0205115 0.162974 9.99549E-05
9.99639E-05 0.268197 0.00236629 0.211047 9.99639E-05 0.0953412 0.0384249 0.0730367 9.99639E-05 0.0409225 0.270264 9.99639E-05
9.99549E-05 9.99549E-05 0.480424 0.212296 0.0581951 9.99549E-05 9.99549E-05 0.159094 0.0219408 0.0429558 0.0245938 9.99549E-05
9.99188E-05 0.205018 9.99188E-05 0.546199 9.99188E-05 9.99188E-05 9.99188E-05 9.99188E-05 9.99188E-05 9.99188E-05 0.247884 9.99188E-05
9.99278E-05 9.99278E-05 0.317078 9.99278E-05 9.99278E-05 9.99278E-05 9.99278E-05 9.99278E-05 0.370429 9.99278E-05 0.290299 0.0213945
9.99368E-05 0.0509644 9.99368E-05 0.527535 9.99368E-05 9.99368E-05 9.99368E-05 0.0699259 9.99368E-05 0.00479574 0.34608 9.99368E-05
0.000751481 9.9946E-05 9.9946E-05 0.167817 9.9946E-05 0.0330472 9.9946E-05 0.341914 0.415749 9.9946E-05 0.0401216 9.9946E-05
9.99639E-05 9.99639E-05 0.114437 0.00904214 0.000264266 0.138664 9.99639E-05 0.163989 0.492346 9.99639E-05 0.0418269 0.0390315
9.9946E-05 9.9946E-05 9.9946E-05 9.9946E-05 0.0580578 0.216732 0.0681652 0.242217 9.9946E-05 0.0563108 0.357917 9.9946E-05
9.99459E-05 0.103807 9.99459E-05 9.99459E-05 0.0811479 0.15736 9.99459E-05 0.0388061 9.99459E-05 0.0122127 0.606067 9.99459E-05
9.99459E-05 9.99459E-05 9.99459E-05 0.0747678 0.024221 0.245472 9.99459E-05 0.208868 9.99459E-05 0.107691 0.338381 9.99459E-05
9.99549E-05 9.99549E-05 0.0455028 0.127572 9.99549E-05 0.149762 9.99549E-05 0.00529407 0.439925 0.00889976 0.222544 9.99549E-05
9.9937E-05 0.0884663 9.9937E-05 0.717945 9.9937E-05 0.0695043 9.9937E-05 9.9937E-05 9.9937E-05 9.9937E-05 0.0846511 0.0387339
9.99279E-05 0.0317035 9.99279E-05 0.683404 9.99279E-05 0.0310419 9.99279E-05 0.253051 9.99279E-05 9.99279E-05 9.99279E-05 9.99279E-05
9.99279E-05 0.557133 9.99279E-05 9.99279E-05 9.99279E-05 9.99279E-05 0.0491325 0.234489 9.99279E-05 9.99279E-05 0.158445 9.99279E-05
9.99369E-05 9.99369E-05 9.99369E-05 0.595938 9.99369E-05 9.99369E-05 0.116883 0.176188 9.99369E-05 0.00605537 0.104236 9.99369E-05
9.9928E-05 9.9928E-05 0.0727946 0.8284 9.9928E-05 0.0321986 9.9928E-05 9.9928E-05 9.9928E-05 9.9928E-05 9.9928E-05 0.0658071
9.99369E-05 0.508729 9.99369E-05 9.99369E-05 9.99369E-05 0.00285556 0.136316 0.346051 9.99369E-05 9.99369E-05 0.00534931 9.99369E-05
0.0274212 0.234459 0.0221174 0.206423 9.99458E-05 9.99458E-05 9.99458E-05 0.0565679 9.99458E-05 9.99458E-05 0.452411 9.99458E-05
0.0430026 9.9946E-05 0.0258659 0.0559584 9.9946E-05 9.9946E-05 9.9946E-05 0.03148 9.9946E-05 0.0375408 9.9946E-05 0.805553
9.99459E-05 0.0707177 0.166684 9.99459E-05 9.99459E-05 9.99459E-05 9.99459E-05 9.99459E-05 0.0740674 0.0317865 0.0740673 0.582077
0.123174 0.460281 0.0390131 9.99369E-05 9.99369E-05 9.99369E-05 9.99369E-05 9.99369E-05 9.99369E-05 9.99369E-05 0.26102 0.115812
9.99368E-05 0.0530486 0.466105 9.99368E-05 9.99368E-05 9.99368E-05 9.99368E-05 9.99368E-05 0.0129165 9.99368E-05 0.0773 0.389931
9.99459E-05 0.0081646 0.158487 0.0212492 9.99459E-05 0.0287272 9.99459E-05 9.99459E-05 9.99459E-05 9.99459E-05 0.00209052 0.780682
9.99368E-05 0.106531 9.99368E-05 9.99368E-05 9.99368E-05 9.99368E-05 9.99368E-05 9.99368E-05 0.445946 0.0705411 0.00947584 0.366806
0.025924 0.0581811 0.108806 9.99459E-05 9.99459E-05 9.99459E-05 9.99459E-05 9.99459E-05 0.205917 9.99459E-05 0.0819761 0.518596
0.0362256 0.702624 0.00647604 0.0124145 9.9955E-05 9.9955E-05 9.9955E-05 9.9955E-05 9.9955E-05 0.0187476 0.0771898 0.145823
9.9919E-05 0.431765 9.9919E-05 0.414444 9.9919E-05 9.9919E-05 9.9919E-05 0.152892 9.9919E-05 9.9919E-05 9.9919E-05 9.9919E-05
0.160438 0.0100039 9.99459E-05 9.99459E-05 0.0215488 0.0513709 9.99459E-05 9.99459E-05 9.99459E-05 9.99459E-05 0.414534 0.341504
9.9919E-05 0.872958 9.9919E-05 9.9919E-05 9.9919E-05 0.029019 9.9919E-05 9.9919E-05 9.9919E-05 9.9919E-05 9.9919E-05 0.0971232
0.296707 0.492748 0.00919803 9.9946E-05 9.9946E-05 9.9946E-05 9.9946E-05 9.9946E-05 0.000489152 9.9946E-05 0.189906 0.0103524
0.127392 0.222851 0.0750807 9.99369E-05 9.99369E-05 9.99369E-05 9.99369E-05 9.99369E-05 9.99369E-05 9.99369E-05 0.35336 0.220617
9.99279E-05 0.705649 9.99279E-05 0.0466895 9.99279E-05 9.99279E-05 9.99279E-05 0.101064 9.99279E-05 9.99279E-05 0.145798 9.99279E-05
9.99459E-05 0.486985 9.99459E-05 0.0132126 9.99459E-05 0.062707 0.0461721 9.99459E-05 9.99459E-05 9.99459E-05 0.132977 0.257346
0.0266197 9.99549E-05 0.0796783 9.99549E-05 9.99549E-05 9.99549E-05 0.0750911 0.271308 9.99549E-05 0.0721036 0.229561 0.245138
0.06608 0.458595 0.10868 9.99549E-05 0.0636842 9.99549E-05 9.99549E-05 9.99549E-05 9.99549E-05 0.0068223 0.269789 0.0258499
0.0306897 0.361498 9.99459E-05 9.99459E-05 9.99459E-05 0.137913 0.0124424 9.99459E-05 9.99459E-05 9.99459E-05 0.176078 0.28078
9.99189E-05 9.99189E-05 0.578042 9.99189E-05 9.99189E-05 9.99189E-05 9.99189E-05 9.99189E-05 9.99189E-05 9.99189E-05 0.121056 0.300003
0.0925288 9.9955E-05 0.054038 0.00434446 9.9955E-05 0.0125877 0.00342789 9.9955E-05 9.9955E-05 9.9955E-05 0.486751 0.345823
9.9964E-05 0.741633 0.0190725 0.115453 0.0503788 9.9964E-05 0.0041398 9.9964E-05 0.00739934 9.9964E-05 0.037162 0.0243616
0.0320412 0.511749 9.99459E-05 9.99459E-05 9.99459E-05 0.00340189 0.00577113 9.99459E-05 0.0253387 9.99459E-05 0.421098 9.99459E-05
9.99279E-05 0.604531 9.99279E-05 0.277015 9.99279E-05 9.99279E-05 9.99279E-05 0.115594 9.99279E-05 9.99279E-05 0.00206054 9.99279E-05
9.99189E-05 9.99189E-05 0.140292 9.99189E-05 9.99189E-05 9.99189E-05 9.99189E-05 9.99189E-05 9.99189E-05 9.99189E-05 0.397743 0.461066
0.160291 9.9946E-05 0.0351004 9.9946E-05 9.9946E-05 9.9946E-05 9.9946E-05 0.0319519 9.9946E-05 0.00201227 0.595336 0.174709
9.99369E-05 0.716213 9.99369E-05 0.120884 9.99369E-05 9.99369E-05 0.0158031 0.100173 9.99369E-05 9.99369E-05 0.0462273 9.99369E-05
9.9946E-05 9.9946E-05 0.136204 9.9946E-05 0.073596 0.0342076 9.9946E-05 0.287674 0.0377718 9.9946E-05 9.9946E-05 0.429947
9.99279E-05 9.99279E-05 0.530066 9.99279E-05 0.0108988 9.99279E-05 9.99279E-05 0.416764 9.99279E-05 9.99279E-05 9.99279E-05 0.0414715
0.112683 0.236143 9.99639E-05 0.331538 9.99639E-05 0.015694 0.0727454 0.0354746 9.99639E-05 0.0352371 0.160086 9.99639E-05
9.99459E-05 0.0576735 9.99459E-05 0.147597 9.99459E-05 0.126572 0.0244306 0.6172 9.99459E-05 0.0259276 9.99459E-05 9.99459E-05
0.0449762 0.0157283 0.450238 9.9946E-05 9.9946E-05 9.9946E-05 9.9946E-05 0.190404 9.9946E-05 0.0564883 9.9946E-05 0.241565
0.0385664 9.99369E-05 0.0399775 9.99369E-05 9.99369E-05 9.99369E-05 9.99369E-05 0.394758 0.122003 9.99369E-05 9.99369E-05 0.403996
0.0828424 9.99459E-05 0.213571 9.99459E-05 0.0167379 9.99459E-05 9.99459E-05 0.286186 0.0940036 9.99459E-05 9.99459E-05 0.306059
9.9919E-05 9.9919E-05 9.9919E-05 0.738949 9.9919E-05 9.9919E-05 9.9919E-05 0.256097 9.9919E-05 0.0040549 9.9919E-05 9.9919E-05
0.0803818 0.419255 9.99369E-05 9.99369E-05 9.99369E-05 9.99369E-05 0.00114587 0.388983 9.99369E-05 9.99369E-05 0.109535 9.99369E-05
0.0444451 9.99549E-05 0.170467 9.99549E-05 0.0440952 0.359558 9.99549E-05 0.19693 9.99549E-05 9.99549E-05 0.162787 0.0212184
9.99279E-05 9.99279E-05 0.373482 9.99279E-05 9.99279E-05 0.0134038 9.99279E-05 0.33487 9.99279E-05 9.99279E-05 9.99279E-05 0.277445
9.99459E-05 0.0731948 9.99459E-05 0.489969 9.99459E-05 0.0893708 0.0567109 0.216468 9.99459E-05 9.99459E-05 0.0736867 9.99459E-05
0.0205765 0.222464 9.99459E-05 9.99459E-05 9.99459E-05 9.99459E-05 9.99459E-05 0.207203 9.99459E-05 0.0661655 0.45432 0.0286716
0.0674759 0.391116 9.99369E-05 9.99369E-05 9.99369E-05 9.99369E-05 9.99369E-05 0.290118 9.99369E-05 9.99369E-05 0.215564 0.0350267
9.99459E-05 9.99459E-05 0.000641591 9.99459E-05 0.0398302 0.316678 9.99459E-05 0.369918 9.99459E-05 0.0355577 0.236774 9.99459E-05
9.99279E-05 0.416939 9.99279E-05 9.99279E-05 9.99279E-05 0.152329 0.0420342 9.99279E-05 9.99279E-05 9.99279E-05 0.387899 9.99279E-05
0.00735899 0.0734768 0.227266 9.99549E-05 0.0756854 0.0412258 9.99549E-05 9.99549E-05 9.99549E-05 9.99549E-05 0.383773 0.190715
0.0661363 9.99459E-05 0.156102 9.99459E-05 0.00745224 0.0200288 9.99459E-05 0.219121 9.99459E-05 9.99459E-05 0.53056 9.99459E-05
9.9946E-05 9.9946E-05 0.334334 9.9946E-05 0.00425532 9.9946E-05 9.9946E-05 0.28165 0.150077 0.0114131 9.9946E-05 0.217672
9.99368E-05 0.412232 9.99368E-05 9.99368E-05 0.0113222 9.99368E-05 0.149028 0.412623 9.99368E-05 0.0140953 9.99368E-05 9.99368E-05
9.99459E-05 9.99459E-05 0.197346 9.99459E-05 0.0246842 9.99459E-05 0.0141462 0.277229 9.99459E-05 9.99459E-05 0.077863 0.408132
9.99459E-05 0.006504 0.0443168 9.99459E-05 9.99459E-05 9.99459E-05 9.99459E-05 0.191937 0.370079 9.99459E-05 0.102959 0.283605
9.99189E-05 0.645879 9.99189E-05 0.135959 9.99189E-05 9.99189E-05 9.99189E-05 0.217262 9.99189E-05 9.99189E-05 9.99189E-05 9.99189E-05
0.0914395 0.335811 0.22311 9.99459E-05 9.99459E-05 9.99459E-05 9.99459E-05 0.00331701 9.99459E-05 9.99459E-05 0.327151 0.0185719
0.0270335 0.539488 9.99459E-05 9.99459E-05 9.99459E-05 9.99459E-05 0.0536172 0.166473 9.99459E-05 9.99459E-05 0.203546 0.00924267
0.0112996 9.9955E-05 0.114679 0.00884939 0.024196 9.9955E-05 9.9955E-05 0.0654421 9.9955E-05 0.0293185 9.9955E-05 0.745715
0.0482635 9.9973E-05 0.00761471 9.9973E-05 0.00813313 0.0190622 0.217129 9.9973E-05 0.29078 0.0440958 0.0523291 0.312293
0.0197828 9.99459E-05 0.0694609 9.99459E-05 0.125295 9.99459E-05 9.99459E-05 0.0272286 9.99459E-05 9.99459E-05 0.313244 0.444389
9.99279E-05 0.731552 9.99279E-05 0.0560354 9.99279E-05 9.99279E-05 9.99279E-05 0.209268 9.99279E-05 0.00234455 9.99279E-05 9.99279E-05
0.0580801 9.99369E-05 9.99369E-05 9.99369E-05 0.0482245 9.99369E-05 9.99369E-05 9.99369E-05 0.0145696 9.99369E-05 0.395686 0.482741
9.99639E-05 0.0271716 0.0265333 9.99639E-05 0.0412981 0.0876104 9.99639E-05 0.0804696 9.99639E-05 0.0170965 0.0722131 0.647208
9.9946E-05 0.0144026 0.239054 9.9946E-05 0.0346858 0.0770588 9.9946E-05 0.0338856 9.9946E-05 9.9946E-05 9.9946E-05 0.600314
9.9946E-05 0.82535 0.00616314 0.0328683 9.9946E-05 0.0996575 9.9946E-05 9.9946E-05 0.00404176 9.9946E-05 0.0313197 9.9946E-05
0.038047 0.333413 0.0639858 9.99639E-05 9.99639E-05 0.00236089 0.0191458 0.0830088 9.99639E-05 9.99639E-05 0.295979 0.16366
0.0331945 0.0801303 0.447714 0.029001 9.9964E-05 9.9964E-05 9.9964E-05 0.0122131 0.0432896 0.0218658 9.9964E-05 0.332191
9.9964E-05 0.399453 9.9964E-05 0.0538227 9.9964E-05 0.0153777 0.0936348 0.204241 0.00964785 9.9964E-05 0.0613875 0.162036
9.9946E-05 9.9946E-05 0.00692083 0.0108878 0.0633377 9.9946E-05 9.9946E-05 9.9946E-05 9.9946E-05 0.021168 0.144963 0.752123
9.9946E-05 0.0429087 9.9946E-05 0.164886 9.9946E-05 9.9946E-05 0.0238191 9.9946E-05 0.430249 9.9946E-05 0.331133 0.00640481
0.0994647 0.250897 9.99459E-05 9.99459E-05 9.99459E-05 0.0781534 9.99459E-05 0.127407 9.99459E-05 9.99459E-05 0.070329 0.373149
9.9919E-05 0.753707 9.9919E-05 0.167703 9.9919E-05 9.9919E-05 9.9919E-05 0.0776917 9.9919E-05 9.9919E-05 9.9919E-05 9.9919E-05
0.190291 0.131477 9.99369E-05 9.99369E-05 9.99369E-05 9.99369E-05 9.99369E-05 0.11992 9.99369E-05 9.99369E-05 0.409299 0.148314
9.99549E-05 0.0553065 9.99549E-05 0.185607 9.99549E-05 0.178544 0.0276673 0.116227 9.99549E-05 0.0593038 0.376845 9.99549E-05
9.9964E-05 0.021668 0.0146352 0.668902 9.9964E-05 0.0962355 0.0345795 0.0243838 9.9964E-05 0.00747598 0.13172 9.9964E-05
9.99369E-05 0.175017 9.99369E-05 9.99369E-05 0.0141395 9.99369E-05 0.0443427 0.0625518 9.99369E-05 9.99369E-05 0.70325 9.99369E-05
0.0615089 0.422989 9.99278E-05 9.99278E-05 9.99278E-05 0.464427 9.99278E-05 0.0502756 9.99278E-05 9.99278E-05 9.99278E-05 9.99278E-05
0.0264617 0.284573 0.140509 0.02175 9.99459E-05 9.99459E-05 9.99459E-05 0.187359 9.99459E-05 9.99459E-05 0.338748 9.99459E-05
9.99369E-05 9.99369E-05 0.235967 9.99369E-05 9.99369E-05 9.99369E-05 9.99369E-05 0.0955603 0.262346 9.99369E-05 0.307128 0.0982986
9.99369E-05 9.99369E-05 9.99369E-05 0.630869 9.99369E-05 0.0303926 0.0143544 0.301813 9.99369E-05 0.0218724 9.99369E-05 9.99369E-05
9.9946E-05 9.9946E-05 9.9946E-05 0.0250059 0.0651825 9.9946E-05 9.9946E-05 0.318887 0.481992 0.00769425 9.9946E-05 0.100638
0.143345 9.99458E-05 0.0985002 9.99458E-05 9.99458E-05 0.337113 9.99458E-05 9.99458E-05 0.0503229 9.99458E-05 0.124804 0.245315
9.99549E-05 9.99549E-05 0.670763 0.105549 0.0130584 0.109957 9.99549E-05 9.99549E-05 0.045716 0.00350812 0.050949 9.99549E-05
9.99279E-05 9.99279E-05 9.99279E-05 0.590558 9.99279E-05 0.169124 0.0273169 9.99279E-05 9.99279E-05 9.99279E-05 0.212202 9.99279E-05
9.99279E-05 0.279904 9.99279E-05 0.53993 9.99279E-05 0.099284 9.99279E-05 9.99279E-05 9.99279E-05 9.99279E-05 0.0800828 9.99279E-05
9.9946E-05 0.0568777 0.275082 9.9946E-05 9.9946E-05 9.9946E-05 9.9946E-05 0.20552 0.339673 9.9946E-05 0.0240215 0.0982266
0.0507972 0.276487 0.0720632 9.99459E-05 9.99459E-05 9.99459E-05 0.0482187 9.99459E-05 9.99459E-05 0.0080537 0.54378 9.99459E-05
9.99549E-05 0.0132237 9.99549E-05 0.0351299 9.99549E-05 0.235697 0.0772312 0.0571895 9.99549E-05 0.0399572 0.541072 9.99549E-05
9.99189E-05 0.292404 9.99189E-05 0.579998 9.99189E-05 0.126699 9.99189E-05 9.99189E-05 9.99189E-05 9.99189E-05 9.99189E-05 9.99189E-05
9.9946E-05 9.9946E-05 0.10726 0.17059 9.9946E-05 0.29309 9.9946E-05 0.103251 9.9946E-05 0.0459302 0.279278 9.9946E-05
9.99549E-05 9.99549E-05 0.0882134 0.0554777 9.99549E-05 0.0693936 9.99549E-05 0.207565 0.28472 0.0716722 0.222458 9.99549E-05
0.00862913 0.00867833 0.488711 9.99549E-05 0.00953829 9.99549E-05 9.99549E-05 0.022426 9.99549E-05 9.99549E-05 0.123104 0.338413
9.9928E-05 9.9928E-05 0.551254 9.9928E-05 0.0472178 0.0599879 9.9928E-05 9.9928E-05 9.9928E-05 9.9928E-05 0.340741 9.9928E-05
9.99459E-05 9.99459E-05 0.0189863 0.0923947 0.0077772 0.247807 9.99459E-05 9.99459E-05 0.366089 9.99459E-05 0.266346 9.99459E-05
0.0183123 0.782633 9.99369E-05 9.99369E-05 9.99369E-05 0.0464474 9.99369E-05 9.99369E-05 9.99369E-05 0.00522064 9.99369E-05 0.146687
0.0202403 0.0212444 0.0498095 9.99549E-05 9.99549E-05 0.0719828 0.00701428 9.99549E-05 9.99549E-05 9.99549E-05 0.114171 0.715038
0.000371986 0.720535 9.9946E-05 9.9946E-05 9.9946E-05 0.110697 9.9946E-05 9.9946E-05 0.00897623 9.9946E-05 0.0723537 0.0864662
0.100372 0.330041 9.99459E-05 9.99459E-05 9.99459E-05 0.172943 9.99459E-05 0.0138409 9.99459E-05 9.99459E-05 0.296711 0.0854937
0.129277 9.99369E-05 0.00947258 9.99369E-05 9.99369E-05 9.99369E-05 9.99369E-05 0.042864 9.99369E-05 9.99369E-05 0.238021 0.579666
9.9937E-05 0.771106 9.9937E-05 0.137651 9.9937E-05 9.9937E-05 0.0238632 9.9937E-05 9.9937E-05 0.00556422 9.9937E-05 0.0611158
9.99368E-05 9.99368E-05 0.0725207 0.393358 9.99368E-05 0.250779 0.0856864 9.99368E-05 9.99368E-05 9.99368E-05 0.196956 9.99368E-05
9.99549E-05 0.493142 0.0126316 0.0587508 9.99549E-05 0.00932993 9.99549E-05 0.0968533 9.99549E-05 0.01116 0.317633 9.99549E-05
9.9946E-05 9.9946E-05 0.613769 0.112785 0.0045662 0.120676 9.9946E-05 0.086083 9.9946E-05 0.061522 9.9946E-05 9.9946E-05
0.0322807 9.99549E-05 0.278298 0.134249 9.99549E-05 0.0989316 9.99549E-05 0.220502 9.99549E-05 0.047019 0.188221 9.99549E-05
0.15407 0.123994 0.516765 9.99369E-05 9.99369E-05 9.99369E-05 9.99369E-05 0.134883 9.99369E-05 9.99369E-05 0.0695874 9.99369E-05
9.99279E-05 0.239621 0.215709 0.541026 9.99279E-05 9.99279E-05 0.00284378 9.99279E-05 9.99279E-05 9.99279E-05 9.99279E-05 9.99279E-05
0.0896383 0.072675 0.250118 9.99279E-05 9.99279E-05 9.99279E-05 9.99279E-05 9.99279E-05 0.586769 9.99279E-05 9.99279E-05 9.99279E-05
0.176284 0.105531 0.0383332 0.144033 0.000705815 0.118542 0.0935241 9.99729E-05 9.99729E-05 0.0191875 0.303559 9.99729E-05
0.00268032 0.02943 0.624665 9.9982E-05 0.0071208 0.112103 0.0497189 0.0401987 0.100932 9.9982E-05 0.0231374 0.00981333
0.122117 0.0183254 0.375933 0.000531744 9.99549E-05 0.0242355 9.99549E-05 9.99549E-05 0.418759 9.99549E-05 9.99549E-05 0.0395989
0.0133755 9.99459E-05 0.907447 0.0399848 0.00111176 0.0365516 9.99459E-05 9.99459E-05 9.99459E-05 0.00092961 9.99459E-05 9.99459E-05
0.097561 9.99369E-05 0.777472 9.99369E-05 9.99369E-05 9.99369E-05 9.99369E-05 0.0565561 9.99369E-05 9.99369E-05 0.0152566 0.0524546
0.0087565 0.000433961 0.839061 0.0697587 0.0230342 9.99459E-05 0.0583555 9.99459E-05 9.99459E-05 9.99459E-05 9.99459E-05 9.99459E-05
0.165882 0.213647 0.12306 0.0394309 9.99639E-05 0.0792085 0.00660213 9.99639E-05 9.99639E-05 0.0252007 0.34657 9.99639E-05
9.99459E-05 0.534622 9.99459E-05 9.99459E-05 9.99459E-05 0.0478701 0.0797525 0.111217 9.99459E-05 0.0174374 0.208502 9.99459E-05
9.99549E-05 0.0665531 0.0703165 0.0358758 0.045862 9.99549E-05 9.99549E-05 0.162032 0.520959 9.99549E-05 9.99549E-05 0.0979016
9.9937E-05 9.9937E-05 0.482653 0.238103 0.0805222 0.195885 9.9937E-05 0.00213733 9.9937E-05 9.9937E-05 9.9937E-05 9.9937E-05
9.996E-05 0.032304 9.996E-05 0.242102 9.996E-05 0.108649 0.077831 0.102767 0.0531065 0.0732556 0.309585 9.996E-05
0.0695402 9.99189E-05 9.99189E-05 0.885286 9.99189E-05 9.99189E-05 9.99189E-05 0.0442743 9.99189E-05 9.99189E-05 9.99189E-05 9.99189E-05
9.9919E-05 0.820933 0.0501243 0.128043 9.9919E-05 9.9919E-05 9.9919E-05 9.9919E-05 9.9919E-05 9.9919E-05 9.9919E-05 9.9919E-05
9.9955E-05 0.104287 0.0110683 0.754897 9.9955E-05 0.0056437 0.0445799 9.9955E-05 9.9955E-05 9.9955E-05 0.071366 0.00765847
