0.653098 0.134967 0.211935
0.762677 0.0473031 0.19002
0.239729 0.0133036 0.746967
0.826847 0.0796753 0.0934778
0.817644 0.182256 9.9991E-05
0.435723 0.111029 0.453248
0.222116 9.9991E-05 0.777784
0.441555 0.0922268 0.466219
0.798718 0.103254 0.0980282
0.0348648 0.115792 0.849344
0.835999 0.0395066 0.124494
0.916712 0.0602031 0.0230848
0.463374 0.157686 0.37894
0.295233 0.00913005 0.695637
0.949008 0.0225215 0.0284706
0.0373264 0.0765473 0.886126
0.281405 9.9991E-05 0.718495
0.391371 9.9991E-05 0.608529
0.818157 9.9991E-05 0.181743
0.188095 0.7912 0.0207055
0.194636 0.805264 9.9991E-05
0.107425 0.808895 0.0836803
0.331803 0.668097 9.9991E-05
0.345966 0.653934 9.9991E-05
9.9991E-05 0.598276 0.401624
0.431497 0.568403 9.9991E-05
9.9991E-05 0.534577 0.465323
0.41055 0.58935 9.9991E-05
0.00674896 0.778858 0.214393
0.212719 0.787181 9.9991E-05
0.104964 0.58731 0.307726
9.9991E-05 0.71498 0.28492
9.9991E-05 0.525405 0.474495
0.0233461 0.639592 0.337062
0.219321 0.780579 9.9991E-05
0.315546 0.684354 9.9991E-05
0.241593 0.688336 0.0700715
0.33412 0.66578 9.9991E-05
0.183323 0.816577 9.9991E-05
9.9991E-05 0.686951 0.312949
9.9991E-05 0.502905 0.496995
0.226007 0.680796 0.093197
9.9991E-05 0.816159 0.183741
9.9991E-05 0.638545 0.361355
0.519601 0.480299 9.9991E-05
0.429873 0.570027 9.9991E-05
9.9991E-05 0.534571 0.465329
0.120442 0.825363 0.054195
9.9991E-05 0.355849 0.644051
0.284536 0.715364 9.9991E-05
9.9991E-05 0.751425 0.248475
0.242166 0.736946 0.0208882
0.418503 0.581397 9.9991E-05
0.457481 0.542419 9.9991E-05
0.45925 0.54065 9.9991E-05
0.453914 0.545986 9.9991E-05
9.9991E-05 0.731352 0.268548
0.0245851 0.836938 0.138477
9.9991E-05 0.677463 0.322437
0.221578 0.778322 9.9991E-05
0.262702 0.737198 9.9991E-05
0.358166 0.641734 9.9991E-05
9.9991E-05 0.613913 0.385987
0.341495 0.658405 9.9991E-05
9.9991E-05 0.475992 0.523908
0.467154 0.532746 9.9991E-05
0.354533 0.645367 9.9991E-05
0.377526 0.622374 9.9991E-05
0.302532 0.635852 0.0616165
0.108123 0.717121 0.174757
9.9991E-05 0.547953 0.451947
9.9991E-05 0.540449 0.459451
0.365212 0.634688 9.9991E-05
9.9991E-05 0.602612 0.397288
0.31136 0.68854 9.9991E-05
0.469 0.5309 9.9991E-05
9.9991E-05 0.645538 0.354362
9.9991E-05 0.454923 0.544977
9.9991E-05 0.681366 0.318534
0.0844174 0.780663 0.13492
9.9991E-05 0.534226 0.465674
0.266751 0.733149 9.9991E-05
0.142466 0.807191 0.0503433
0.209096 0.70495 0.0859539
9.9991E-05 0.568595 0.431305
0.187567 0.812333 9.9991E-05
0.380831 0.619069 9.9991E-05
0.0709288 0.561851 0.36722
9.9991E-05 0.510979 0.488921
0.415274 0.584626 9.9991E-05
9.9991E-05 0.591191 0.408709
0.0458486 0.559968 0.394183
0.490106 0.509794 9.9991E-05
0.179516 0.628532 0.191952
0.201639 0.612773 0.185588
0.0100966 0.201191 0.788712
0.0996093 0.288569 0.611822
0.316983 0.256125 0.426891
0.688072 0.106184 0.205744
0.047532 0.120858 0.83161
0.6702 0.0628256 0.266974
0.151668 9.9991E-05 0.848232
0.0868136 0.186888 0.726298
0.198088 0.214119 0.587793
0.60183 0.271503 0.126667
9.9991E-05 0.136475 0.863425
0.582891 0.142997 0.274112
0.128845 0.152033 0.719121
0.458767 0.154323 0.38691
0.281629 0.19277 0.525601
0.278081 0.00890608 0.713013
0.786348 0.213552 9.9991E-05
0.65507 0.175218 0.169712
0.0984819 0.372069 0.529449
0.186065 0.0806663 0.733268
0.373482 0.281427 0.345091
0.535993 0.243267 0.22074
0.754487 0.0951402 0.150373
0.260933 0.0481119 0.690955
0.728288 0.10785 0.163862
0.261085 0.0192203 0.719695
9.9991E-05 0.00813428 0.991766
0.9213 9.9991E-05 0.0785999
0.483641 0.145594 0.370765
0.495509 0.109025 0.395466
0.513235 0.176534 0.310231
0.0866329 0.0126397 0.900727
0.82836 0.11015 0.0614901
0.627891 0.213852 0.158256
9.9991E-05 0.0243873 0.975513
0.992771 9.9991E-05 0.00712852
0.786488 0.202333 0.0111788
0.829079 9.9991E-05 0.170821
9.9991E-05 0.0321429 0.967757
0.827238 0.0941252 0.078637
0.879782 0.0603578 0.0598602
0.481026 9.9991E-05 0.518874
0.549878 0.165229 0.284893
0.645826 0.115329 0.238845
9.999E-05 9.999E-05 0.9998
0.596949 0.118716 0.284335
0.426861 0.15642 0.41672
0.0623094 0.189371 0.74832
0.689543 0.176421 0.134036
0.381461 0.306882 0.311657
9.9991E-05 0.120772 0.879128
0.231136 0.129963 0.638901
0.122197 0.0600523 0.81775
0.493042 0.167514 0.339445
9.999E-05 9.999E-05 0.9998
0.903285 9.9991E-05 0.0966146
0.0764578 9.9991E-05 0.923442
0.449031 0.191328 0.359641
0.70734 0.105052 0.187607
0.430179 0.266641 0.303179
0.507422 0.0773765 0.415202
0.336032 0.215706 0.448262
0.547457 0.0899805 0.362563
0.0223779 0.018148 0.959474
9.9991E-05 0.045297 0.954603
0.202338 0.0262004 0.771462
9.9991E-05 0.129137 0.870763
0.0507359 9.9991E-05 0.949164
0.160932 0.131704 0.707364
0.257672 9.9991E-05 0.742228
0.894477 0.105423 9.9991E-05
0.955864 0.0378373 0.00629833
0.467991 9.9991E-05 0.531909
0.943071 9.9991E-05 0.056829
0.9998 9.999E-05 9.999E-05
0.790078 0.164671 0.0452511
0.955309 0.015595 0.0290955
0.30106 9.9991E-05 0.69884
0.0109172 9.9991E-05 0.988983
0.762523 0.0792467 0.15823
0.216156 9.9991E-05 0.783744
0.305648 0.121093 0.573258
0.62908 9.9991E-05 0.37082
0.137091 9.9991E-05 0.862809
0.401141 0.00311242 0.595747
0.66202 0.208487 0.129493
0.384604 0.0710445 0.544352
0.50354 0.0371797 0.459281
0.935079 0.00967109 0.0552496
0.760497 0.0564385 0.183065
0.154504 0.0293829 0.816113
0.352371 9.9991E-05 0.647529
0.00641007 9.9991E-05 0.99349
0.9998 9.999E-05 9.999E-05
0.669023 0.0764282 0.254549
0.0819421 9.9991E-05 0.917958
0.840531 0.14629 0.0131793
0.657091 0.13414 0.208768
9.9991E-05 0.158035 0.841865
0.147523 0.185021 0.667456
0.736109 0.153551 0.11034
0.858615 0.128613 0.0127715
0.846458 0.153442 9.9991E-05
9.9991E-05 0.0837544 0.916146
0.198022 0.0829753 0.719003
0.573861 0.192997 0.233142
0.869516 9.9991E-05 0.130384
9.9991E-05 0.0979192 0.901981
0.405626 0.0493893 0.544985
0.367951 0.0623448 0.569704
0.442772 0.173707 0.383521
0.25453 9.9991E-05 0.74537
0.734632 0.0333274 0.232041
0.658635 0.0832437 0.258122
0.823396 0.12556 0.0510447
0.0920729 0.2026 0.705327
0.829907 0.0834523 0.086641
0.85251 0.0407706 0.10672
0.0699146 9.9991E-05 0.929985
0.506134 9.9991E-05 0.493766
0.253756 0.0251287 0.721116
0.898078 0.101822 9.9991E-05
0.55278 0.337268 0.109952
0.898515 0.06316 0.038325
0.0871545 0.00135093 0.911495
0.871659 0.0519377 0.0764037
0.860612 0.119605 0.0197833
0.912171 0.0581749 0.0296545
0.141341 9.9991E-05 0.858559
0.527343 9.9991E-05 0.472557
0.810294 0.073129 0.116577
0.298168 0.0813117 0.62052
0.907238 0.0926623 9.9991E-05
0.527962 0.0412444 0.430794
0.570487 0.111462 0.318051
0.0687186 9.9991E-05 0.931181
0.594945 0.0698008 0.335254
0.224325 0.127465 0.64821
9.9991E-05 0.0488741 0.951026
0.427496 0.0298857 0.542619
0.227925 0.0308629 0.741212
0.433242 9.9991E-05 0.566658
0.852714 9.9991E-05 0.147186
9.9991E-05 0.081044 0.918856
0.658285 0.236938 0.104777
0.767638 0.121652 0.110711
0.622139 0.091765 0.286096
0.0643443 0.0176663 0.917989
9.999E-05 9.999E-05 0.9998
0.796468 0.0878759 0.115656
0.410466 0.0575314 0.532002
0.371253 0.103489 0.525259
9.9991E-05 0.0026188 0.997281
0.424307 0.120033 0.45566
0.582005 0.155787 0.262208
0.905077 0.0328042 0.0621186
0.823589 0.0456135 0.130798
0.524184 0.136258 0.339558
0.210304 0.0107354 0.77896
0.928542 0.0627752 0.00868323
0.272248 9.9991E-05 0.727652
0.488543 0.0225923 0.488865
0.910943 0.0889572 9.9991E-05
0.0774053 0.0297108 0.892884
0.123588 0.0988686 0.777543
0.240813 9.9991E-05 0.759087
0.538618 0.156436 0.304946
0.371949 0.123819 0.504232
0.605275 0.0869325 0.307792
9.9991E-05 0.0442578 0.955642
0.762402 0.115129 0.122469
0.212568 0.241971 0.54546
0.729795 0.123991 0.146214
0.784171 0.149623 0.0662061
0.743433 0.0696116 0.186955
0.791995 0.102952 0.105053
0.618005 0.168251 0.213744
0.288689 0.154665 0.556646
0.180194 0.0908022 0.729004
0.684537 0.149164 0.166299
0.51373 0.158443 0.327827
0.189164 0.18506 0.625776
9.9991E-05 0.0906373 0.909263
0.0604621 9.9991E-05 0.939438
9.9991E-05 0.0201517 0.979748
