0.292328 0.11855 9.9973E-05 9.9973E-05 0.384602 0.153246 0.0509745 9.9973E-05
0.343653 0.0153951 9.9973E-05 9.9973E-05 0.534855 0.0868288 9.9973E-05 0.0189682
0.788388 0.0368494 0.0318591 0.0810607 9.9982E-05 9.9982E-05 0.0350603 0.0265825
0.00610747 0.0363393 0.234478 0.0303957 0.492866 0.063788 0.135926 9.9991E-05
9.9973E-05 9.9973E-05 0.214798 9.9973E-05 0.462681 0.216958 0.071311 0.0339528
0.372371 9.9973E-05 9.9973E-05 9.9973E-05 0.0646496 0.0986116 0.390079 0.0739891
0.807881 0.00421188 0.0208765 0.166631 9.99639E-05 9.99639E-05 9.99639E-05 9.99639E-05
0.546693 9.9964E-05 9.9964E-05 9.9964E-05 0.123545 9.9964E-05 0.232172 0.0971895
0.199582 0.0200201 0.130704 9.9982E-05 0.457125 9.9982E-05 0.163122 0.0292462
0.176105 0.0543801 9.99639E-05 0.386168 9.99639E-05 9.99639E-05 0.382947 9.99639E-05
0.0827301 0.0397907 0.00567837 9.9982E-05 0.657157 0.0830728 0.131371 9.9982E-05
9.9955E-05 9.9955E-05 0.153317 9.9955E-05 0.585268 9.9955E-05 0.260915 9.9955E-05
0.229848 0.001076 0.247741 0.0611732 0.105578 0.267636 0.0262885 0.0606591
0.71842 0.00473656 9.9955E-05 9.9955E-05 9.9955E-05 9.9955E-05 0.276344 9.9955E-05
9.9955E-05 9.9955E-05 9.9955E-05 0.0319978 0.875759 9.9955E-05 0.0917437 9.9955E-05
0.428342 0.0335427 9.9982E-05 0.419651 9.9982E-05 0.0101666 0.0680188 0.040079
0.814449 9.9973E-05 0.0417963 0.0956894 9.9973E-05 0.000769859 0.0469953 9.9973E-05
0.86467 9.99549E-05 9.99549E-05 9.99549E-05 0.0984992 0.0363311 9.99549E-05 9.99549E-05
0.318541 9.9973E-05 0.294805 9.9973E-05 0.308862 0.021454 0.0560382 9.9973E-05
9.9964E-05 0.85738 9.9964E-05 0.0052859 0.0856353 0.0512985 9.9964E-05 9.9964E-05
9.9946E-05 0.830943 0.168457 9.9946E-05 9.9946E-05 9.9946E-05 9.9946E-05 9.9946E-05
9.99549E-05 0.89738 9.99549E-05 9.99549E-05 9.99549E-05 0.0761266 0.0259938 9.99549E-05
9.99459E-05 0.637627 0.361773 9.99459E-05 9.99459E-05 9.99459E-05 9.99459E-05 9.99459E-05
9.99549E-05 0.754253 0.119027 9.99549E-05 0.12622 9.99549E-05 9.99549E-05 9.99549E-05
0.263117 0.483284 9.99729E-05 0.0421808 9.99729E-05 9.99729E-05 0.0231652 0.187953
9.99639E-05 0.440822 9.99639E-05 9.99639E-05 0.391902 9.99639E-05 0.0303435 0.136533
9.99549E-05 0.222689 9.99549E-05 0.567563 9.99549E-05 9.99549E-05 9.99549E-05 0.209248
9.9973E-05 0.413798 0.132729 9.9973E-05 0.208677 0.138325 9.9973E-05 0.106171
9.99639E-05 0.868698 9.99639E-05 0.0309811 9.99639E-05 0.0880206 0.0119003 9.99639E-05
9.99459E-05 0.84912 0.150281 9.99459E-05 9.99459E-05 9.99459E-05 9.99459E-05 9.99459E-05
0.0433991 0.593907 0.132444 0.22985 9.9964E-05 9.9964E-05 9.9964E-05 9.9964E-05
0.0610913 0.255241 9.9982E-05 0.0481562 9.9982E-05 0.12829 0.0584426 0.448579
0.00213655 0.621 9.99549E-05 0.376363 9.99549E-05 9.99549E-05 9.99549E-05 9.99549E-05
0.271395 0.722417 9.99549E-05 9.99549E-05 9.99549E-05 9.99549E-05 9.99549E-05 0.00568854
9.99549E-05 0.833305 0.150162 9.99549E-05 9.99549E-05 9.99549E-05 0.0160324 9.99549E-05
9.99549E-05 0.775445 0.0606533 9.99549E-05 0.163402 9.99549E-05 9.99549E-05 9.99549E-05
9.9955E-05 0.750758 9.9955E-05 0.0892183 0.159524 9.9955E-05 9.9955E-05 9.9955E-05
9.99459E-05 0.662541 0.336859 9.99459E-05 9.99459E-05 9.99459E-05 9.99459E-05 9.99459E-05
9.99639E-05 9.99639E-05 0.0202739 9.99639E-05 0.0798368 0.0566541 9.99639E-05 0.842835
9.995E-05 9.995E-05 9.995E-05 0.257059 9.995E-05 0.0912271 9.995E-05 0.651214
9.9955E-05 0.0911144 9.9955E-05 0.488028 9.9955E-05 9.9955E-05 9.9955E-05 0.420357
9.9964E-05 9.9964E-05 0.358105 0.078976 9.9964E-05 0.0544208 9.9964E-05 0.508098
0.0356241 0.290798 9.9982E-05 0.00307013 9.9982E-05 0.0628638 0.0430299 0.564414
0.14619 0.0941375 9.9973E-05 0.170536 9.9973E-05 9.9973E-05 0.0220905 0.566746
9.9964E-05 0.109811 0.20403 9.9964E-05 0.378728 9.9964E-05 9.9964E-05 0.307031
9.9955E-05 9.9955E-05 0.00135294 9.9955E-05 0.424412 9.9955E-05 9.9955E-05 0.573735
0.124311 0.177665 9.99639E-05 0.303158 9.99639E-05 9.99639E-05 9.99639E-05 0.394466
9.99639E-05 9.99639E-05 9.99639E-05 9.99639E-05 0.0703601 0.0601161 0.0659519 0.803172
9.9955E-05 9.9955E-05 9.9955E-05 0.651797 9.9955E-05 0.00179218 9.9955E-05 0.345911
9.9955E-05 9.9955E-05 0.0734376 9.9955E-05 0.22384 9.9955E-05 9.9955E-05 0.702223
9.9955E-05 9.9955E-05 9.9955E-05 0.259747 9.9955E-05 0.0585354 9.9955E-05 0.681218
9.9973E-05 0.0742009 0.272952 9.9973E-05 9.9973E-05 0.116468 0.0174837 0.518596
9.99639E-05 0.175955 9.99639E-05 9.99639E-05 0.403686 9.99639E-05 0.0132083 0.40675
9.9955E-05 0.0532019 9.9955E-05 9.9955E-05 0.442647 9.9955E-05 9.9955E-05 0.503651
9.9973E-05 0.07907 0.415489 0.0186483 0.131232 9.9973E-05 9.9973E-05 0.355261
0.0321787 0.466958 0.46548 9.9964E-05 9.9964E-05 9.9964E-05 9.9964E-05 0.0349832
0.0240327 9.99639E-05 9.99639E-05 0.124559 9.99639E-05 0.0756216 9.99639E-05 0.775387
9.9973E-05 0.097484 0.116376 0.135739 9.9973E-05 0.0565055 9.9973E-05 0.593595
9.99549E-05 9.99549E-05 9.99549E-05 0.247433 9.99549E-05 0.0611717 9.99549E-05 0.690895
9.99549E-05 9.99549E-05 0.109872 9.99549E-05 0.157851 9.99549E-05 9.99549E-05 0.731776
9.99639E-05 0.0736942 9.99639E-05 9.99639E-05 0.245843 9.99639E-05 0.00215454 0.677909
9.99459E-05 9.99459E-05 9.99459E-05 9.99459E-05 0.324278 9.99459E-05 9.99459E-05 0.675122
0.152658 0.0747184 9.9973E-05 0.122557 9.9973E-05 0.132295 9.9973E-05 0.517472
9.99549E-05 0.00726742 0.49097 9.99549E-05 9.99549E-05 9.99549E-05 9.99549E-05 0.501263
0.347656 9.9955E-05 9.9955E-05 0.193345 9.9955E-05 9.9955E-05 9.9955E-05 0.458499
9.99639E-05 0.206156 9.99639E-05 9.99639E-05 0.380356 9.99639E-05 0.0652237 0.347864
9.995E-05 9.995E-05 0.19321 9.995E-05 0.198287 9.995E-05 9.995E-05 0.608003
9.9955E-05 9.9955E-05 0.0661635 9.9955E-05 0.359881 9.9955E-05 9.9955E-05 0.573456
0.138788 0.21664 9.99729E-05 9.99729E-05 0.19673 9.99729E-05 0.0202031 0.427339
0.0589833 0.358719 9.9973E-05 9.9973E-05 9.9973E-05 0.0769824 0.15817 0.346845
9.9973E-05 0.257165 9.9973E-05 0.416388 9.9973E-05 0.0343403 0.00104047 0.290766
0.119723 9.99549E-05 9.99549E-05 0.347204 9.99549E-05 9.99549E-05 9.99549E-05 0.532573
9.9955E-05 0.684353 0.272492 9.9955E-05 0.0426553 9.9955E-05 9.9955E-05 9.9955E-05
0.13011 9.99549E-05 9.99549E-05 0.221433 9.99549E-05 9.99549E-05 9.99549E-05 0.647957
9.99549E-05 0.0670756 9.99549E-05 9.99549E-05 0.306332 9.99549E-05 9.99549E-05 0.626092
9.9973E-05 0.283185 0.0956427 9.9973E-05 0.330442 9.9973E-05 0.026161 0.264269
0.0648298 0.759337 9.99549E-05 0.175334 9.99549E-05 9.99549E-05 9.99549E-05 9.99549E-05
0.0148796 0.212822 9.9964E-05 0.54949 9.9964E-05 9.9964E-05 9.9964E-05 0.222409
0.151502 0.747546 9.99639E-05 0.0778276 9.99639E-05 9.99639E-05 9.99639E-05 0.0227246
9.99639E-05 0.406065 9.99639E-05 9.99639E-05 9.99639E-05 0.175838 0.10559 0.312107
9.9964E-05 0.159742 9.9964E-05 0.509435 9.9964E-05 0.0509409 9.9964E-05 0.279483
9.99549E-05 0.202848 0.341226 9.99549E-05 9.99549E-05 9.99549E-05 9.99549E-05 0.455427
9.99639E-05 9.99639E-05 0.205403 0.0358678 9.99639E-05 0.0281968 9.99639E-05 0.730133
9.9964E-05 0.118398 0.311601 0.0909695 9.9964E-05 9.9964E-05 9.9964E-05 0.478632
0.0420849 9.99549E-05 9.99549E-05 0.303065 9.99549E-05 9.99549E-05 9.99549E-05 0.654351
9.9973E-05 0.107046 0.00954258 9.9973E-05 0.116334 0.144667 9.9973E-05 0.622111
9.99549E-05 9.99549E-05 0.234505 9.99549E-05 0.179244 9.99549E-05 9.99549E-05 0.585751
0.363644 0.408942 9.99639E-05 9.99639E-05 9.99639E-05 9.99639E-05 0.0368607 0.190153
0.291502 0.000448738 9.99639E-05 0.180951 9.99639E-05 9.99639E-05 9.99639E-05 0.526698
0.0598965 0.437709 9.9964E-05 9.9964E-05 0.300501 9.9964E-05 9.9964E-05 0.201493
0.407099 9.99459E-05 9.99459E-05 9.99459E-05 9.99459E-05 9.99459E-05 9.99459E-05 0.592302
0.434924 0.0625824 9.9955E-05 9.9955E-05 9.9955E-05 9.9955E-05 9.9955E-05 0.501994
9.9964E-05 0.16668 0.0639971 9.9964E-05 0.434221 9.9964E-05 9.9964E-05 0.334702
0.339467 9.99549E-05 0.0084813 9.99549E-05 9.99549E-05 9.99549E-05 9.99549E-05 0.651552
0.319587 0.176784 9.9964E-05 9.9964E-05 9.9964E-05 9.9964E-05 0.0494201 0.453809
9.99549E-05 9.99549E-05 9.99549E-05 0.39017 9.99549E-05 0.588844 9.99549E-05 0.020486
0.0477954 0.0323671 9.9973E-05 0.201929 9.9973E-05 0.62603 9.9973E-05 0.0915793
9.9964E-05 9.9964E-05 0.181493 0.0256986 9.9964E-05 0.776302 9.9964E-05 0.0161066
0.101922 9.9982E-05 0.0329885 9.9982E-05 0.361319 0.478866 0.0186309 0.00607399
0.00793902 9.99639E-05 9.99639E-05 0.375749 9.99639E-05 0.584857 0.0310546 9.99639E-05
0.347711 0.0095355 0.0606195 9.9982E-05 0.282138 0.237112 0.062684 9.9982E-05
0.522156 9.99549E-05 9.99549E-05 0.118448 9.99549E-05 0.358896 9.99549E-05 9.99549E-05
9.99459E-05 9.99459E-05 9.99459E-05 0.274947 9.99459E-05 0.724453 9.99459E-05 9.99459E-05
0.147042 0.0566094 9.99639E-05 9.99639E-05 9.99639E-05 0.692346 0.103602 9.99639E-05
9.9964E-05 0.064756 0.0553638 9.9964E-05 0.288228 0.591253 9.9964E-05 9.9964E-05
9.9955E-05 9.9955E-05 9.9955E-05 0.642679 9.9955E-05 0.280389 0.0764324 9.9955E-05
9.9964E-05 0.04348 9.9964E-05 0.0954503 0.44593 0.41474 9.9964E-05 9.9964E-05
0.114975 9.99549E-05 9.99549E-05 0.156452 9.99549E-05 0.728073 9.99549E-05 9.99549E-05
0.17117 9.99729E-05 9.99729E-05 9.99729E-05 0.188708 0.563781 0.0200036 0.0560373
0.0116831 0.0604262 9.9973E-05 0.0523766 9.9973E-05 0.703558 0.171656 9.9973E-05
0.55026 0.0367156 9.9982E-05 0.0894675 0.00724185 0.27493 0.0411854 9.9982E-05
9.99639E-05 9.99639E-05 0.116484 9.99639E-05 0.426911 0.396326 9.99639E-05 0.0598789
0.0521658 9.99549E-05 0.596689 9.99549E-05 9.99549E-05 0.350646 9.99549E-05 9.99549E-05
0.00728771 0.080489 9.998E-05 0.0549935 9.998E-05 0.607315 0.121952 0.127763
0.31464 9.99549E-05 9.99549E-05 0.0894812 9.99549E-05 0.595379 9.99549E-05 9.99549E-05
9.9964E-05 0.0761769 9.9964E-05 9.9964E-05 0.0731743 0.762921 0.0873278 9.9964E-05
9.99459E-05 9.99459E-05 0.316196 9.99459E-05 9.99459E-05 0.683205 9.99459E-05 9.99459E-05
0.0916242 0.0385333 0.0920381 9.9982E-05 0.488126 0.164564 0.124914 9.9982E-05
0.243943 9.99549E-05 9.99549E-05 0.0965047 9.99549E-05 9.99549E-05 0.659053 9.99549E-05
0.201371 9.9991E-05 0.580254 0.0240169 0.107533 0.0386711 0.021307 0.0267477
0.514569 0.0145988 9.99729E-05 0.121215 9.99729E-05 0.135064 0.214254 9.99729E-05
9.99459E-05 9.99459E-05 9.99459E-05 0.556474 9.99459E-05 9.99459E-05 0.442927 9.99459E-05
0.055593 9.9982E-05 0.198278 0.0255869 0.631284 0.0129208 0.0761375 9.9982E-05
9.9973E-05 0.0291903 0.0183496 0.0679454 0.178971 9.9973E-05 0.705244 9.9973E-05
0.469206 9.9982E-05 0.0118209 9.9982E-05 0.172402 0.128646 0.10607 0.111655
9.99459E-05 9.99459E-05 0.294 9.99459E-05 9.99459E-05 9.99459E-05 0.705401 9.99459E-05
0.386237 9.996E-05 0.0245783 0.374095 9.996E-05 9.996E-05 0.21469 9.996E-05
9.99729E-05 9.99729E-05 0.0810421 9.99729E-05 0.585737 0.0757367 0.226999 0.030185
9.99459E-05 9.99459E-05 0.475986 9.99459E-05 9.99459E-05 9.99459E-05 0.523414 9.99459E-05
9.99459E-05 9.99459E-05 9.99459E-05 0.650332 9.99459E-05 9.99459E-05 0.349068 9.99459E-05
0.0191202 9.9973E-05 0.130803 0.020423 0.788947 0.0404069 9.9973E-05 9.9973E-05
9.99549E-05 9.99549E-05 0.305417 9.99549E-05 0.159982 9.99549E-05 0.534102 9.99549E-05
0.292606 9.99639E-05 0.369004 9.99639E-05 0.333746 9.99639E-05 0.00424477 9.99639E-05
9.99459E-05 9.99459E-05 9.99459E-05 0.590021 9.99459E-05 9.99459E-05 0.409379 9.99459E-05
0.0273456 9.99639E-05 0.409528 9.99639E-05 0.248443 9.99639E-05 0.314284 9.99639E-05
0.0093188 9.9973E-05 9.9973E-05 9.9973E-05 0.761925 0.185861 0.0164805 0.0261144
0.603143 0.0201022 9.99639E-05 9.99639E-05 0.134678 9.99639E-05 0.241677 9.99639E-05
0.200181 0.0680407 0.442761 0.0915817 0.0605441 0.136692 9.9982E-05 9.9982E-05
0.167582 0.0232601 0.436784 0.0241546 0.120996 0.066336 0.160788 9.9991E-05
0.0782517 9.99549E-05 9.99549E-05 0.456146 9.99549E-05 9.99549E-05 0.465102 9.99549E-05
0.306808 0.0886846 9.9973E-05 9.9973E-05 0.390128 9.9973E-05 0.175545 0.0385348
0.139348 9.99729E-05 9.99729E-05 9.99729E-05 0.027451 0.0595497 0.754116 0.0192356
0.20402 0.0324991 9.9982E-05 0.234493 9.9982E-05 0.2645 0.219921 0.0443667
0.0723709 0.0244194 0.218343 9.9991E-05 0.314266 0.110453 0.195058 0.0649913
9.9964E-05 9.9964E-05 9.9964E-05 9.9964E-05 0.0629389 0.485986 0.366384 0.0842914
9.9973E-05 0.0583207 0.0335404 0.839667 0.0571677 9.9973E-05 9.9973E-05 0.011004
0.328424 0.0357318 9.99819E-05 0.0817602 9.99819E-05 0.16313 0.364588 0.0261661
0.432034 0.0349023 9.9982E-05 0.248207 9.9982E-05 0.13845 0.134504 0.0117027
9.9982E-05 0.0847405 0.0308898 0.271282 0.386412 0.0251026 0.201373 9.9982E-05
0.366156 9.99639E-05 9.99639E-05 0.551347 9.99639E-05 0.000424602 0.0816724 9.99639E-05
0.199029 9.99549E-05 0.368204 9.99549E-05 0.432267 9.99549E-05 9.99549E-05 9.99549E-05
0.301292 9.99639E-05 9.99639E-05 0.422168 9.99639E-05 0.0837685 0.192372 9.99639E-05
9.9964E-05 9.9964E-05 0.420129 0.139805 9.9964E-05 0.0661472 0.37352 9.9964E-05
0.00218948 9.9982E-05 0.499444 0.0488128 0.143156 0.137232 0.168966 9.9982E-05
9.9973E-05 0.0122843 9.9973E-05 9.9973E-05 0.138399 0.351279 0.379042 0.118697
0.383084 9.99729E-05 9.99729E-05 9.99729E-05 0.163751 0.260987 0.138575 0.0533017
0.0554666 0.0647655 9.9991E-05 0.0405481 0.0610789 0.3847 0.375392 0.0179485
0.0872068 9.99729E-05 0.456473 0.092896 9.99729E-05 0.270099 0.093025 9.99729E-05
0.0925329 9.9964E-05 9.9964E-05 0.733939 0.0403627 0.132766 9.9964E-05 9.9964E-05
9.99549E-05 9.99549E-05 9.99549E-05 0.698454 9.99549E-05 0.000176621 0.30087 9.99549E-05
0.639306 9.9964E-05 9.9964E-05 0.0770234 9.9964E-05 9.9964E-05 0.23259 0.0506814
0.0728336 0.0190343 9.9982E-05 0.615131 9.9982E-05 0.0317791 0.222675 0.0383477
9.9955E-05 9.9955E-05 9.9955E-05 0.827061 0.113939 0.0584998 9.9955E-05 9.9955E-05
0.479249 0.0131077 9.9973E-05 0.100432 9.9973E-05 9.9973E-05 0.306156 0.100755
0.588078 9.99729E-05 0.00364544 0.193257 0.0427957 9.99729E-05 0.171924 9.99729E-05
9.9982E-05 0.0673132 0.115116 0.0023122 0.743246 9.9982E-05 0.0596963 0.0121166
0.147597 0.0241329 0.187371 9.99639E-05 0.640499 9.99639E-05 9.99639E-05 9.99639E-05
0.730315 0.051309 9.99639E-05 9.99639E-05 0.179095 9.99639E-05 0.0388808 9.99639E-05
0.103977 9.99639E-05 0.0331898 0.0275816 0.834852 9.99639E-05 9.99639E-05 9.99639E-05
0.0450121 9.9964E-05 0.123346 9.9964E-05 0.815517 0.0157243 9.9964E-05 9.9964E-05
0.199848 0.0648704 0.593977 9.99639E-05 0.140905 9.99639E-05 9.99639E-05 9.99639E-05
0.136925 9.9955E-05 0.328115 9.9955E-05 0.53446 9.9955E-05 9.9955E-05 9.9955E-05
0.713468 0.0486449 9.9964E-05 0.150069 0.0874179 9.9964E-05 9.9964E-05 9.9964E-05
0.274085 9.9955E-05 9.9955E-05 0.592056 9.9955E-05 9.9955E-05 0.133359 9.9955E-05
0.30462 9.9973E-05 9.9973E-05 9.9973E-05 0.497894 0.0933032 0.0286437 0.0752384
0.816627 0.0164857 0.011053 0.154868 9.9973E-05 0.000666429 9.9973E-05 9.9973E-05
0.755089 0.111641 0.0113724 9.9982E-05 0.0272409 9.9982E-05 0.0264544 0.0680022
0.568937 0.0309088 9.9964E-05 9.9964E-05 0.386558 0.0131968 9.9964E-05 9.9964E-05
0.72668 9.9955E-05 9.9955E-05 0.185366 9.9955E-05 9.9955E-05 0.0874539 9.9955E-05
0.640651 9.9982E-05 0.0325269 0.10811 0.148507 0.0438121 9.9982E-05 0.0261932
0.124558 0.103913 9.9973E-05 9.9973E-05 0.404232 9.9973E-05 0.291498 0.0754984
0.626146 0.0530036 9.9973E-05 0.0776685 0.184806 9.9973E-05 9.9973E-05 0.0580767
0.610128 9.9964E-05 9.9964E-05 9.9964E-05 0.187338 0.167721 9.9964E-05 0.0344126
0.050579 9.9964E-05 0.0264241 0.0764306 0.846166 9.9964E-05 9.9964E-05 9.9964E-05
0.299842 9.9982E-05 0.0355823 9.9982E-05 0.516437 0.0793565 0.0203734 0.0482082
0.605377 9.9964E-05 0.031453 0.34681 9.9964E-05 9.9964E-05 9.9964E-05 0.0159605
0.869069 9.9964E-05 0.0450742 9.9964E-05 9.9964E-05 0.0551178 9.9964E-05 0.0303393
0.451543 9.9955E-05 9.9955E-05 0.458201 9.9955E-05 9.9955E-05 0.0897564 9.9955E-05
0.123216 9.9964E-05 0.0586407 9.9964E-05 0.804823 9.9964E-05 0.0129205 9.9964E-05
0.41243 0.0201294 9.9973E-05 9.9973E-05 0.413689 9.9973E-05 0.114526 0.0389262
0.615821 9.99639E-05 9.99639E-05 0.316473 9.99639E-05 9.99639E-05 0.0622877 0.0050192
9.9973E-05 9.9973E-05 0.145238 9.9973E-05 0.54561 0.00449829 0.255639 0.0487156
9.9964E-05 0.0425882 9.9964E-05 0.0470519 0.502124 9.9964E-05 0.407836 9.9964E-05
0.382437 0.0780569 9.9982E-05 0.352576 9.9982E-05 0.0345983 0.0930186 0.059114
0.0065279 0.0161585 9.9982E-05 0.167235 9.9982E-05 0.127091 0.670616 0.0121721
9.9964E-05 0.134218 9.9964E-05 0.0597991 0.650247 9.9964E-05 0.155336 9.9964E-05
9.99549E-05 9.99549E-05 0.206815 9.99549E-05 0.404195 9.99549E-05 0.38849 9.99549E-05
9.9964E-05 9.9964E-05 0.151677 9.9964E-05 0.503293 9.9964E-05 0.281785 0.0628448
9.9946E-05 9.9946E-05 9.9946E-05 0.720758 9.9946E-05 9.9946E-05 0.278642 9.9946E-05
0.537068 0.0146103 9.9964E-05 9.9964E-05 9.9964E-05 9.9964E-05 0.437921 0.0100008
0.0330335 0.00418081 9.9982E-05 9.9982E-05 0.26779 0.396911 0.249676 0.0482092
9.9955E-05 9.9955E-05 9.9955E-05 9.9955E-05 0.647168 0.012455 0.339877 9.9955E-05
0.0882588 9.99639E-05 9.99639E-05 0.528023 9.99639E-05 0.133699 0.24962 9.99639E-05
0.555621 0.0569046 9.9964E-05 9.9964E-05 0.0985305 9.9964E-05 0.288544 9.9964E-05
0.581064 0.0251952 9.9973E-05 9.9973E-05 0.0558614 9.9973E-05 0.319098 0.0184824
9.99639E-05 0.00417927 9.99639E-05 9.99639E-05 0.116849 0.409171 0.469401 9.99639E-05
0.680925 9.9973E-05 9.9973E-05 0.0250379 9.9973E-05 0.251814 0.0386453 0.00327798
0.259424 9.99729E-05 9.99729E-05 9.99729E-05 0.571914 0.0947846 0.0201791 0.0533983
0.158013 9.99729E-05 9.99729E-05 9.99729E-05 0.367901 0.120668 0.342721 0.0103974
9.996E-05 0.0320114 0.198205 9.996E-05 0.490723 9.996E-05 0.278661 9.996E-05
0.328077 0.0236354 9.99729E-05 0.132429 9.99729E-05 9.99729E-05 0.378385 0.137173
9.99639E-05 9.99639E-05 0.00761793 9.99639E-05 0.657906 9.99639E-05 0.28068 0.0533955
0.121858 9.9964E-05 0.432741 9.9964E-05 0.277919 9.9964E-05 0.167082 9.9964E-05
0.441688 9.99549E-05 9.99549E-05 0.356911 9.99549E-05 9.99549E-05 0.200901 9.99549E-05
0.584536 9.99639E-05 9.99639E-05 0.0560605 0.296392 9.99639E-05 0.062612 9.99639E-05
0.755244 9.9955E-05 9.9955E-05 9.9955E-05 9.9955E-05 9.9955E-05 0.179435 0.064821
9.9964E-05 0.0610414 0.0791256 9.9964E-05 0.791402 9.9964E-05 0.0680308 9.9964E-05
0.113728 0.0656929 0.36957 0.00895729 0.199437 0.0307153 0.000677023 0.211223
0.130001 9.9973E-05 0.0487685 9.9973E-05 0.671427 9.9973E-05 0.0437802 0.105723
0.547412 0.00664017 9.9964E-05 0.282571 9.9964E-05 9.9964E-05 0.162977 9.9964E-05
0.25195 9.9982E-05 0.102503 9.9982E-05 0.543052 0.00422998 0.0221627 0.0759034
0.0576457 0.0249909 0.0188932 9.9991E-05 0.686331 0.0844731 0.0778219 0.0497443
9.9982E-05 9.9982E-05 0.083743 0.035624 0.764398 0.0831254 0.0245369 0.00837247
0.674571 9.9955E-05 9.9955E-05 0.267683 9.9955E-05 0.0572459 9.9955E-05 9.9955E-05
0.568943 0.0204766 9.9973E-05 9.9973E-05 0.264686 0.0226799 0.122915 9.9973E-05
0.0631823 0.0627611 0.0929711 0.108928 0.671858 9.9973E-05 9.9973E-05 9.9973E-05
0.477537 9.9982E-05 0.0918719 0.135938 0.018519 9.9982E-05 0.202645 0.073289
0.0130804 0.0270114 0.150845 9.9991E-05 0.719691 0.0655261 0.00332659 0.020419
0.282642 9.9982E-05 0.449356 0.159972 0.0248539 0.0812641 0.00171166 9.9982E-05
0.411238 0.0306724 9.9982E-05 9.9982E-05 0.296819 0.0630375 0.140702 0.0573317
0.519446 9.9955E-05 9.9955E-05 0.437732 9.9955E-05 9.9955E-05 0.0423221 9.9955E-05
0.466435 0.0317606 9.9982E-05 9.9982E-05 0.265948 0.00355208 0.208776 0.0233281
0.247655 0.0424389 9.99729E-05 0.162676 9.99729E-05 0.297715 0.249215 9.99729E-05
0.128426 9.9964E-05 9.9964E-05 0.611669 9.9964E-05 0.158909 0.100597 9.9964E-05
0.5784 9.99729E-05 9.99729E-05 9.99729E-05 0.0882966 0.113994 0.170642 0.048367
0.528424 9.99549E-05 9.99549E-05 9.99549E-05 9.99549E-05 0.424847 0.0462286 9.99549E-05
0.5027 9.99729E-05 9.99729E-05 0.0450593 0.171361 0.0334684 0.247111 9.99729E-05
0.12583 9.99729E-05 0.252301 9.99729E-05 0.41874 0.045634 0.157194 9.99729E-05
0.0235596 0.00676304 9.9973E-05 0.578364 9.9973E-05 0.0282728 0.362741 9.9973E-05
9.9982E-05 0.019727 0.58165 0.0263477 0.0206991 9.9982E-05 0.336268 0.0151088
0.0928511 0.0244819 0.0575641 9.9982E-05 0.451799 0.367925 9.9982E-05 0.00517829
9.9973E-05 0.040104 0.0507524 0.24038 0.524477 0.143986 9.9973E-05 9.9973E-05
0.107983 9.99639E-05 9.99639E-05 0.572778 0.0445722 0.274268 9.99639E-05 9.99639E-05
0.226655 9.996E-05 9.996E-05 0.654175 9.996E-05 0.108146 0.0106249 9.996E-05
0.0964602 0.0170022 0.3489 9.997E-05 0.344203 9.997E-05 0.193134 9.997E-05
0.66044 0.0177196 9.9982E-05 9.9982E-05 0.12284 0.0547538 0.0736 0.0704463
0.345984 0.0144308 9.9982E-05 9.9982E-05 0.0829304 0.361952 0.183247 0.0112559
0.14535 9.99549E-05 9.99549E-05 0.737717 9.99549E-05 0.116433 9.99549E-05 9.99549E-05
9.9973E-05 0.00440861 9.9973E-05 0.14234 0.177444 0.427845 0.247663 9.9973E-05
0.0178369 0.0367971 0.296172 0.0499122 0.143029 0.156471 0.299682 9.9991E-05
0.033585 0.021066 9.9973E-05 0.0774136 0.833665 9.9973E-05 0.0339704 9.9973E-05
0.0397652 9.9973E-05 9.9973E-05 0.0038436 0.699168 0.222933 0.0339905 9.9973E-05
0.0763021 9.9982E-05 0.350773 0.0825682 0.0827245 0.357988 0.049444 9.9982E-05
0.756372 0.0542361 0.000497083 0.185612 9.9973E-05 0.00298244 9.9973E-05 9.9973E-05
0.120133 9.9973E-05 0.0161427 9.9973E-05 0.747834 0.0895525 9.9973E-05 0.0260373
0.772805 9.9964E-05 0.0585903 0.11905 9.9964E-05 0.0491545 9.9964E-05 9.9964E-05
0.616814 9.9982E-05 0.0219595 9.9982E-05 0.110062 0.172495 0.0544255 0.0240432
0.108331 0.0226845 0.0481723 9.9982E-05 0.695712 9.9982E-05 0.0888009 0.0360999
0.516083 0.0206131 9.9964E-05 0.460389 0.00251429 9.9964E-05 9.9964E-05 9.9964E-05
0.151033 9.9982E-05 9.9982E-05 0.40834 0.0390297 0.366721 0.0213579 0.0133188
0.675175 0.00342007 9.9973E-05 0.130595 9.9973E-05 0.0274441 0.163067 9.9973E-05
9.9973E-05 0.0971603 9.9973E-05 0.202587 0.440618 0.143793 0.115542 9.9973E-05
0.120164 0.0690612 9.9982E-05 0.137187 0.201973 0.14969 0.321725 9.9982E-05
0.189231 0.068594 9.9982E-05 0.0945391 0.472695 9.9982E-05 0.163034 0.0117069
0.229652 9.99639E-05 0.043287 0.72487 0.0017913 9.99639E-05 9.99639E-05 9.99639E-05
0.111313 9.9973E-05 0.591249 0.0852467 0.197228 9.9973E-05 0.0146636 9.9973E-05
0.359111 0.0487847 9.9991E-05 0.129262 0.0592138 0.156982 0.0820621 0.164484
0.0496941 0.0337143 0.100026 0.0686897 0.563613 0.107965 0.0341985 0.0420997
0.0697243 0.0382507 0.452356 0.0825247 0.342333 0.00532244 9.9991E-05 0.00938904
9.99639E-05 0.0509058 9.99639E-05 0.203033 0.727119 0.0185423 9.99639E-05 9.99639E-05
9.99639E-05 0.0902461 9.99639E-05 0.110842 0.760736 9.99639E-05 0.0377756 9.99639E-05
9.99639E-05 0.0656148 9.99639E-05 0.249893 0.643265 9.99639E-05 9.99639E-05 0.0408272
0.555593 0.12633 9.9991E-05 0.0290738 0.0535836 0.151585 0.0275881 0.0561454
0.675809 0.0300683 9.9982E-05 0.0358414 9.9982E-05 0.0519393 0.140129 0.0660132
0.0404659 0.00429149 0.605991 0.078365 0.100412 9.9991E-05 0.149939 0.0204349
9.9982E-05 0.00224637 0.0427834 0.316187 0.387936 0.240081 0.0105665 9.9982E-05
0.244021 0.058124 0.047783 0.200745 9.9991E-05 0.204331 0.19083 0.0540665
9.9964E-05 0.023235 9.9964E-05 0.858836 9.9964E-05 0.0195582 0.0979712 9.9964E-05
0.626292 9.9946E-05 9.9946E-05 0.373108 9.9946E-05 9.9946E-05 9.9946E-05 9.9946E-05
0.102654 9.9973E-05 9.9973E-05 0.814814 0.0428358 0.0252177 9.9973E-05 0.014179
