9.9937E-05 9.9937E-05 9.9937E-05 0.0356267 9.9937E-05 0.0216806 9.9937E-05 0.325952 9.9937E-05 0.509248 0.106793 9.9937E-05
0.0989805 0.0301347 9.99369E-05 0.0409901 9.99369E-05 9.99369E-05 9.99369E-05 0.325626 9.99369E-05 0.503569 9.99369E-05 9.99369E-05
0.0113187 9.99549E-05 0.0220926 0.0353493 0.633323 9.99549E-05 9.99549E-05 9.99549E-05 9.99549E-05 0.242669 0.00102292 0.0537247
0.0422734 0.450542 0.026532 9.9973E-05 9.9973E-05 0.0044259 9.9973E-05 0.178162 0.0245164 0.192877 0.0611597 0.0192111
0.0744644 0.264585 0.0213204 9.99549E-05 9.99549E-05 0.211702 0.0565634 0.317989 9.99549E-05 9.99549E-05 9.99549E-05 0.0528761
9.99549E-05 9.99549E-05 9.99549E-05 0.0263016 0.111244 0.05696 0.0664556 0.068982 9.99549E-05 0.365656 9.99549E-05 0.3039
9.99279E-05 0.0349909 9.99279E-05 9.99279E-05 0.519652 9.99279E-05 9.99279E-05 9.99279E-05 0.0416193 0.402938 9.99279E-05 9.99279E-05
9.9937E-05 9.9937E-05 9.9937E-05 0.135264 0.202839 9.9937E-05 9.9937E-05 0.156419 9.9937E-05 0.337171 9.9937E-05 0.167606
9.9946E-05 0.411804 9.9946E-05 0.0976183 9.9946E-05 9.9946E-05 0.00200119 0.116575 9.9946E-05 0.333586 9.9946E-05 0.0378158
9.99279E-05 9.99279E-05 9.99279E-05 9.99279E-05 0.367824 9.99279E-05 9.99279E-05 9.99279E-05 0.175868 9.99279E-05 0.0525333 0.402975
0.310933 0.303855 9.99459E-05 9.99459E-05 9.99459E-05 0.0303102 9.99459E-05 0.103058 9.99459E-05 0.204438 9.99459E-05 0.0468059
0.0764836 0.278172 0.0550008 9.99459E-05 9.99459E-05 9.99459E-05 9.99459E-05 0.343936 9.99459E-05 0.0322384 9.99459E-05 0.21357
9.99549E-05 0.416844 9.99549E-05 9.99549E-05 0.0993115 0.231894 0.0612163 9.99549E-05 0.0611319 0.12651 0.00259244 9.99549E-05
9.99279E-05 9.99279E-05 9.99279E-05 0.0395113 0.329233 9.99279E-05 9.99279E-05 9.99279E-05 9.99279E-05 0.466653 9.99279E-05 0.163804
0.430238 0.0885128 9.99369E-05 9.99369E-05 9.99369E-05 9.99369E-05 9.99369E-05 0.409998 9.99369E-05 0.00844547 9.99369E-05 0.0621061
9.99459E-05 9.99459E-05 9.99459E-05 9.99459E-05 0.393926 9.99459E-05 0.0354988 9.99459E-05 0.297561 0.177967 0.0387489 0.0556984
9.99369E-05 0.029559 0.00329142 9.99369E-05 0.419432 9.99369E-05 9.99369E-05 9.99369E-05 0.00271836 0.5443 9.99369E-05 9.99369E-05
0.0238194 9.99369E-05 9.99369E-05 9.99369E-05 0.455967 0.00248507 9.99369E-05 0.0364397 9.99369E-05 0.480589 9.99369E-05 9.99369E-05
9.9955E-05 0.411315 0.0982477 0.0164809 0.105472 0.0264449 9.9955E-05 0.158564 9.9955E-05 0.182976 9.9955E-05 9.9955E-05
0.21839 9.99189E-05 9.99189E-05 0.00289406 9.99189E-05 9.99189E-05 9.99189E-05 9.99189E-05 9.99189E-05 9.99189E-05 0.777816 9.99189E-05
9.9919E-05 0.0664274 0.103994 9.9919E-05 9.9919E-05 9.9919E-05 9.9919E-05 9.9919E-05 9.9919E-05 9.9919E-05 0.828679 9.9919E-05
9.99278E-05 9.99278E-05 9.99278E-05 9.99278E-05 9.99278E-05 0.034986 9.99278E-05 9.99278E-05 9.99278E-05 0.0599959 0.885217 0.0190022
9.99189E-05 0.0691087 0.305797 9.99189E-05 9.99189E-05 9.99189E-05 9.99189E-05 9.99189E-05 9.99189E-05 9.99189E-05 0.624195 9.99189E-05
0.0194646 0.268782 9.99279E-05 0.0284936 9.99279E-05 9.99279E-05 9.99279E-05 9.99279E-05 9.99279E-05 9.99279E-05 0.68246 9.99279E-05
9.99459E-05 9.99459E-05 9.99459E-05 0.0710061 0.241944 9.99459E-05 0.146748 9.99459E-05 9.99459E-05 0.08183 0.457383 0.000489008
0.0900192 0.14858 9.99459E-05 0.372951 9.99459E-05 9.99459E-05 9.99459E-05 0.0846086 9.99459E-05 9.99459E-05 0.291126 0.0121159
9.99279E-05 9.99279E-05 9.99279E-05 9.99279E-05 0.041347 9.99279E-05 0.201465 9.99279E-05 0.512165 9.99279E-05 0.244224 9.99279E-05
0.200577 9.9946E-05 0.157057 0.2664 9.9946E-05 0.0828531 9.9946E-05 0.0520185 9.9946E-05 9.9946E-05 0.240495 9.9946E-05
9.99278E-05 9.99278E-05 9.99278E-05 9.99278E-05 9.99278E-05 0.0470235 9.99278E-05 9.99278E-05 0.0151352 0.0803332 0.856709 9.99278E-05
9.99189E-05 0.151376 0.023834 9.99189E-05 9.99189E-05 9.99189E-05 9.99189E-05 9.99189E-05 9.99189E-05 9.99189E-05 0.823891 9.99189E-05
9.99371E-05 9.99371E-05 0.128518 0.0319382 0.117065 9.99371E-05 9.99371E-05 9.99371E-05 0.148515 9.99371E-05 0.573264 9.99371E-05
9.99459E-05 9.99459E-05 9.99459E-05 0.394365 9.99459E-05 0.101514 0.223875 9.99459E-05 0.124838 0.0196159 0.135193 9.99459E-05
9.99188E-05 9.99188E-05 9.99188E-05 9.99188E-05 0.197225 9.99188E-05 9.99188E-05 9.99188E-05 0.200327 9.99188E-05 0.601549 9.99188E-05
9.99279E-05 9.99279E-05 9.99279E-05 0.0565369 0.178575 9.99279E-05 9.99279E-05 9.99279E-05 9.99279E-05 0.118927 0.645162 9.99279E-05
9.99099E-05 0.194427 9.99099E-05 9.99099E-05 9.99099E-05 9.99099E-05 9.99099E-05 9.99099E-05 9.99099E-05 9.99099E-05 0.804574 9.99099E-05
0.162508 0.116098 9.99189E-05 9.99189E-05 9.99189E-05 9.99189E-05 9.99189E-05 9.99189E-05 9.99189E-05 9.99189E-05 0.720495 9.99189E-05
0.353311 9.99099E-05 9.99099E-05 9.99099E-05 9.99099E-05 9.99099E-05 9.99099E-05 9.99099E-05 9.99099E-05 9.99099E-05 0.645689 9.99099E-05
9.99279E-05 0.0514037 0.245523 9.99279E-05 9.99279E-05 9.99279E-05 9.99279E-05 0.0460421 9.99279E-05 9.99279E-05 0.656232 9.99279E-05
9.99188E-05 9.99188E-05 9.99188E-05 9.99188E-05 9.99188E-05 9.99188E-05 0.831036 0.0497668 9.99188E-05 0.118298 9.99188E-05 9.99188E-05
9.9919E-05 9.9919E-05 9.9919E-05 9.9919E-05 9.9919E-05 0.0458617 0.678309 9.9919E-05 0.27493 9.9919E-05 9.9919E-05 9.9919E-05
9.9937E-05 9.9937E-05 9.9937E-05 0.11219 0.161983 9.9937E-05 0.305177 9.9937E-05 0.358197 9.9937E-05 0.0617522 9.9937E-05
9.99459E-05 9.99459E-05 0.359154 0.0760828 9.99459E-05 0.0155357 0.448067 9.99459E-05 0.0883102 9.99459E-05 0.0122509 9.99459E-05
9.99188E-05 9.99188E-05 9.99188E-05 9.99188E-05 9.99188E-05 9.99188E-05 0.563549 9.99188E-05 9.99188E-05 0.151434 0.284118 9.99188E-05
9.9946E-05 9.9946E-05 9.9946E-05 0.0489635 0.239678 9.9946E-05 0.505635 9.9946E-05 0.0566156 9.9946E-05 0.101154 0.0473544
9.99279E-05 0.000658275 0.233305 0.578184 9.99279E-05 9.99279E-05 9.99279E-05 0.187053 9.99279E-05 9.99279E-05 9.99279E-05 9.99279E-05
0.00229603 0.171746 9.99279E-05 9.99279E-05 9.99279E-05 9.99279E-05 0.566237 0.258921 9.99279E-05 9.99279E-05 9.99279E-05 9.99279E-05
9.99279E-05 9.99279E-05 9.99279E-05 9.99279E-05 0.256668 9.99279E-05 0.384304 9.99279E-05 0.169866 9.99279E-05 0.188362 9.99279E-05
0.0323508 9.99369E-05 9.99369E-05 9.99369E-05 9.99369E-05 9.99369E-05 0.807919 0.0122612 9.99369E-05 0.113698 9.99369E-05 0.0330715
9.991E-05 9.991E-05 9.991E-05 9.991E-05 9.991E-05 9.991E-05 0.337457 9.991E-05 0.661544 9.991E-05 9.991E-05 9.991E-05
0.0529462 9.9937E-05 0.0392035 0.0679101 9.9937E-05 9.9937E-05 0.640339 0.198901 9.9937E-05 9.9937E-05 9.9937E-05 9.9937E-05
9.99189E-05 9.99189E-05 9.99189E-05 9.99189E-05 9.99189E-05 0.00534153 0.716517 9.99189E-05 0.277243 9.99189E-05 9.99189E-05 9.99189E-05
9.9946E-05 0.0973322 0.185246 9.9946E-05 9.9946E-05 0.0827647 0.541378 9.9946E-05 9.9946E-05 9.9946E-05 0.0744409 0.0182381
0.194046 0.239194 9.99368E-05 0.245224 9.99368E-05 9.99368E-05 0.268952 9.99368E-05 9.99368E-05 9.99368E-05 0.0518842 9.99368E-05
0.147521 0.231601 9.99369E-05 0.133258 9.99369E-05 9.99369E-05 0.416361 0.0705593 9.99369E-05 9.99369E-05 9.99369E-05 9.99369E-05
0.0246746 9.9946E-05 0.413211 0.147192 9.9946E-05 9.9946E-05 0.26213 0.114713 9.9946E-05 9.9946E-05 0.0374805 9.9946E-05
9.99279E-05 0.0561576 0.401514 0.22629 9.99279E-05 9.99279E-05 9.99279E-05 9.99279E-05 9.99279E-05 9.99279E-05 0.31524 9.99279E-05
9.99458E-05 9.99458E-05 9.99458E-05 0.0201429 0.0871532 0.0307288 0.753129 9.99458E-05 0.0618978 0.0463488 9.99458E-05 9.99458E-05
0.0344854 0.0888272 9.9955E-05 0.222261 9.9955E-05 0.0310104 0.457625 9.9955E-05 0.146166 9.9955E-05 0.019125 9.9955E-05
9.99278E-05 9.99278E-05 9.99278E-05 0.0664523 9.99278E-05 0.00440549 0.641019 9.99278E-05 0.287324 9.99278E-05 9.99278E-05 9.99278E-05
0.119472 9.99279E-05 0.053127 9.99279E-05 9.99279E-05 9.99279E-05 0.720973 0.105629 9.99279E-05 9.99279E-05 9.99279E-05 9.99279E-05
0.0727561 0.0645182 9.99549E-05 0.147044 9.99549E-05 9.99549E-05 0.590417 0.0659886 9.99549E-05 0.0375212 0.0212552 9.99549E-05
0.0689231 0.0383017 9.99369E-05 0.0927123 9.99369E-05 9.99369E-05 0.605546 0.193817 9.99369E-05 9.99369E-05 9.99369E-05 9.99369E-05
9.99369E-05 9.99369E-05 9.99369E-05 0.397775 0.0528793 0.120975 0.245395 9.99369E-05 0.182275 9.99369E-05 9.99369E-05 9.99369E-05
9.99278E-05 9.99278E-05 0.448284 9.99278E-05 9.99278E-05 9.99278E-05 0.482439 0.0320355 9.99278E-05 9.99278E-05 0.036442 9.99278E-05
9.99189E-05 9.99189E-05 9.99189E-05 0.115807 0.541438 9.99189E-05 0.341856 9.99189E-05 9.99189E-05 9.99189E-05 9.99189E-05 9.99189E-05
0.111205 0.236015 9.99458E-05 0.365743 9.99458E-05 9.99458E-05 0.168828 9.99458E-05 9.99458E-05 0.0521754 0.0654336 9.99458E-05
0.0480009 9.99279E-05 0.118643 9.99279E-05 9.99279E-05 9.99279E-05 0.58454 0.248017 9.99279E-05 9.99279E-05 9.99279E-05 9.99279E-05
0.300815 9.9937E-05 0.0368533 0.0424216 9.9937E-05 9.9937E-05 0.475677 0.143534 9.9937E-05 9.9937E-05 9.9937E-05 9.9937E-05
0.00991342 0.0509809 9.99639E-05 0.78581 0.0320765 0.0182789 0.0336931 9.99639E-05 9.99639E-05 0.0438337 0.0250139 9.99639E-05
9.99549E-05 9.99549E-05 9.99549E-05 0.425641 9.99549E-05 0.0255835 0.123746 9.99549E-05 0.00743262 0.127266 0.241643 0.0481873
9.99279E-05 9.99279E-05 9.99279E-05 0.428869 9.99279E-05 9.99279E-05 0.00526944 9.99279E-05 0.449143 9.99279E-05 0.115919 9.99279E-05
9.99189E-05 9.99189E-05 9.99189E-05 9.99189E-05 0.453461 9.99189E-05 0.465966 9.99189E-05 0.0796741 9.99189E-05 9.99189E-05 9.99189E-05
9.99189E-05 9.99189E-05 0.220158 9.99189E-05 9.99189E-05 9.99189E-05 9.99189E-05 0.157965 9.99189E-05 9.99189E-05 0.620978 9.99189E-05
9.99188E-05 9.99188E-05 9.99188E-05 9.99188E-05 0.270785 9.99188E-05 0.635324 9.99188E-05 0.0929917 9.99188E-05 9.99188E-05 9.99188E-05
0.141191 0.0221519 9.99369E-05 0.448886 9.99369E-05 9.99369E-05 0.337263 0.0498079 9.99369E-05 9.99369E-05 9.99369E-05 9.99369E-05
9.99189E-05 0.391125 9.99189E-05 0.525725 9.99189E-05 9.99189E-05 9.99189E-05 9.99189E-05 9.99189E-05 9.99189E-05 0.0822502 9.99189E-05
9.99188E-05 9.99188E-05 9.99188E-05 9.99188E-05 0.193436 9.99188E-05 9.99188E-05 9.99188E-05 0.0792 9.99188E-05 0.726465 9.99188E-05
9.9937E-05 9.9937E-05 9.9937E-05 0.0102292 0.276984 9.9937E-05 0.169645 9.9937E-05 0.333839 9.9937E-05 0.208603 9.9937E-05
9.99278E-05 9.99278E-05 9.99278E-05 9.99278E-05 0.20913 9.99278E-05 0.0308889 9.99278E-05 9.99278E-05 0.0244714 0.73471 9.99278E-05
9.99549E-05 9.99549E-05 9.99549E-05 0.357024 9.99549E-05 0.110017 0.124927 9.99549E-05 0.0586129 0.0131989 0.305171 0.0305491
9.9937E-05 9.9937E-05 9.9937E-05 0.0520887 9.9937E-05 0.0157789 0.234264 9.9937E-05 0.541443 9.9937E-05 0.155726 9.9937E-05
9.99369E-05 0.276225 0.114941 0.0163595 9.99369E-05 9.99369E-05 0.40759 9.99369E-05 9.99369E-05 9.99369E-05 0.184186 9.99369E-05
9.99459E-05 0.174858 0.0624457 9.99459E-05 0.00349991 0.00488033 0.751932 9.99459E-05 0.00178447 9.99459E-05 9.99459E-05 9.99459E-05
9.9946E-05 0.242319 0.0975285 0.0555055 9.9946E-05 9.9946E-05 0.429631 9.9946E-05 0.0775621 9.9946E-05 0.0968544 9.9946E-05
9.99189E-05 9.99189E-05 9.99189E-05 9.99189E-05 0.234029 9.99189E-05 0.628083 9.99189E-05 0.136989 9.99189E-05 9.99189E-05 9.99189E-05
0.185258 9.99459E-05 0.0130614 9.99459E-05 9.99459E-05 0.0583985 0.618647 0.0414472 9.99459E-05 9.99459E-05 0.0825885 9.99459E-05
9.99369E-05 0.1715 0.0982378 0.207972 9.99369E-05 9.99369E-05 0.428845 0.092745 9.99369E-05 9.99369E-05 9.99369E-05 9.99369E-05
9.99368E-05 9.99368E-05 9.99368E-05 0.509764 0.197246 9.99368E-05 9.99368E-05 9.99368E-05 9.99368E-05 0.0796681 0.207443 0.00518039
9.99279E-05 9.99279E-05 9.99279E-05 0.304822 0.422471 9.99279E-05 0.240487 9.99279E-05 0.0314206 9.99279E-05 9.99279E-05 9.99279E-05
9.99189E-05 9.99189E-05 9.99189E-05 0.682835 9.99189E-05 9.99189E-05 9.99189E-05 0.171811 9.99189E-05 9.99189E-05 0.144455 9.99189E-05
9.99188E-05 9.99188E-05 9.99188E-05 0.400236 0.349843 9.99188E-05 0.249021 9.99188E-05 9.99188E-05 9.99188E-05 9.99188E-05 9.99188E-05
9.99188E-05 9.99188E-05 9.99188E-05 0.503678 0.36262 9.99188E-05 0.132803 9.99188E-05 9.99188E-05 9.99188E-05 9.99188E-05 9.99188E-05
0.00842432 9.99279E-05 0.070137 0.641099 9.99279E-05 9.99279E-05 9.99279E-05 0.279541 9.99279E-05 9.99279E-05 9.99279E-05 9.99279E-05
9.99279E-05 9.99279E-05 9.99279E-05 0.341618 0.170022 9.99279E-05 0.391671 9.99279E-05 9.99279E-05 0.0958903 9.99279E-05 9.99279E-05
9.99369E-05 9.99369E-05 9.99369E-05 0.649778 0.110695 9.99369E-05 0.115403 9.99369E-05 9.99369E-05 0.121129 9.99369E-05 0.00229649
9.99279E-05 9.99279E-05 9.99279E-05 0.00499845 0.0211256 0.569767 9.99279E-05 9.99279E-05 0.403309 9.99279E-05 9.99279E-05 9.99279E-05
9.9937E-05 9.9937E-05 9.9937E-05 9.9937E-05 0.0760469 0.608243 0.0890058 9.9937E-05 0.181969 9.9937E-05 0.0440359 9.9937E-05
9.99369E-05 9.99369E-05 0.180811 9.99369E-05 0.000152743 0.772319 0.0162573 9.99369E-05 0.02976 9.99369E-05 9.99369E-05 9.99369E-05
9.9928E-05 9.9928E-05 9.9928E-05 0.0677241 0.00283434 0.480728 9.9928E-05 0.447914 9.9928E-05 9.9928E-05 9.9928E-05 9.9928E-05
9.99369E-05 9.99369E-05 9.99369E-05 0.0169354 0.0818432 0.557521 9.99369E-05 9.99369E-05 0.328297 9.99369E-05 9.99369E-05 0.0147038
9.99459E-05 0.0262165 0.0374692 0.101767 9.99459E-05 0.154471 9.99459E-05 0.144159 9.99459E-05 0.535317 9.99459E-05 9.99459E-05
9.99098E-05 9.99098E-05 9.99098E-05 9.99098E-05 0.609109 0.389892 9.99098E-05 9.99098E-05 9.99098E-05 9.99098E-05 9.99098E-05 9.99098E-05
9.99279E-05 9.99279E-05 9.99279E-05 0.0123108 0.000934043 0.688807 9.99279E-05 9.99279E-05 0.297149 9.99279E-05 9.99279E-05 9.99279E-05
9.99549E-05 9.99549E-05 9.99549E-05 0.0597991 0.0804899 0.674984 9.99549E-05 9.99549E-05 0.000588676 0.107933 0.0219653 0.05374
0.30338 9.99369E-05 0.0410587 9.99369E-05 9.99369E-05 0.546626 9.99369E-05 0.0872078 9.99369E-05 9.99369E-05 0.0210283 9.99369E-05
9.99189E-05 9.99189E-05 9.99189E-05 9.99189E-05 9.99189E-05 0.260549 9.99189E-05 9.99189E-05 0.645363 9.99189E-05 9.99189E-05 0.0931896
0.419328 0.0701993 9.99369E-05 9.99369E-05 0.0784515 0.413568 9.99369E-05 9.99369E-05 9.99369E-05 9.99369E-05 9.99369E-05 0.0177532
9.99279E-05 9.99279E-05 9.99279E-05 9.99279E-05 0.100832 0.698643 9.99279E-05 9.99279E-05 0.126561 0.0731648 9.99279E-05 9.99279E-05
0.114147 0.00365789 9.99369E-05 0.081102 9.99369E-05 0.499646 9.99369E-05 9.99369E-05 9.99369E-05 0.300747 9.99369E-05 9.99369E-05
9.99459E-05 9.99459E-05 9.99459E-05 9.99459E-05 9.99459E-05 0.625433 9.99459E-05 0.00548849 0.0663595 0.125694 0.0648211 0.111604
9.99459E-05 9.99459E-05 9.99459E-05 9.99459E-05 0.321208 0.24922 9.99459E-05 0.0062467 0.0353082 0.340024 0.047393 9.99459E-05
9.99278E-05 0.342259 9.99278E-05 0.0734762 9.99278E-05 0.421428 9.99278E-05 0.162038 9.99278E-05 9.99278E-05 9.99278E-05 9.99278E-05
9.99278E-05 0.071238 0.539852 9.99278E-05 0.0300656 0.358045 9.99278E-05 9.99278E-05 9.99278E-05 9.99278E-05 9.99278E-05 9.99278E-05
9.99549E-05 9.99549E-05 9.99549E-05 9.99549E-05 0.0221221 0.573389 0.124172 9.99549E-05 0.0325642 0.0650543 0.0938769 0.0883222
9.99279E-05 9.99279E-05 9.99279E-05 9.99279E-05 0.303624 0.638142 9.99279E-05 9.99279E-05 0.0173363 0.0400986 9.99279E-05 9.99279E-05
0.136126 9.99369E-05 9.99369E-05 9.99369E-05 9.99369E-05 0.714154 0.012556 9.99369E-05 9.99369E-05 9.99369E-05 0.0552693 0.0811949
9.99189E-05 0.184519 0.154963 9.99189E-05 9.99189E-05 0.659619 9.99189E-05 9.99189E-05 9.99189E-05 9.99189E-05 9.99189E-05 9.99189E-05
0.184723 9.9964E-05 0.0475062 9.9964E-05 9.9964E-05 0.0287058 0.00440538 0.342712 9.9964E-05 0.302339 0.0299161 0.0592925
9.99098E-05 9.99098E-05 9.99098E-05 9.99098E-05 0.335313 9.99098E-05 9.99098E-05 9.99098E-05 9.99098E-05 9.99098E-05 9.99098E-05 0.663688
9.99459E-05 0.0663119 0.56428 0.0187676 9.99459E-05 9.99459E-05 0.00174474 0.0330843 9.99459E-05 0.315212 9.99459E-05 9.99459E-05
9.99279E-05 9.99279E-05 9.99279E-05 9.99279E-05 9.99279E-05 9.99279E-05 9.99279E-05 9.99279E-05 0.169786 0.737095 0.0417025 0.0506173
9.99188E-05 9.99188E-05 9.99188E-05 9.99188E-05 0.0363008 9.99188E-05 9.99188E-05 9.99188E-05 0.495124 9.99188E-05 9.99188E-05 0.467676
0.257011 0.451407 0.0401129 9.99369E-05 9.99369E-05 9.99369E-05 9.99369E-05 0.0214398 9.99369E-05 0.22933 9.99369E-05 9.99369E-05
0.210685 0.0793592 9.99279E-05 9.99279E-05 9.99279E-05 9.99279E-05 9.99279E-05 9.99279E-05 9.99279E-05 9.99279E-05 0.00698522 0.702171
9.99459E-05 0.113249 9.99459E-05 0.0691954 0.0795986 0.0487247 0.0886947 9.99459E-05 9.99459E-05 0.599938 9.99459E-05 9.99459E-05
9.99189E-05 0.238259 0.114099 9.99189E-05 9.99189E-05 9.99189E-05 9.99189E-05 9.99189E-05 9.99189E-05 9.99189E-05 9.99189E-05 0.646743
9.9937E-05 0.033128 9.9937E-05 9.9937E-05 0.512784 9.9937E-05 9.9937E-05 9.9937E-05 0.177086 0.0332008 9.9937E-05 0.243102
0.29515 0.273925 9.99549E-05 9.99549E-05 9.99549E-05 0.0174435 0.0397949 0.131134 9.99549E-05 0.081816 9.99549E-05 0.160237
9.99099E-05 9.99099E-05 0.450249 9.99099E-05 9.99099E-05 9.99099E-05 9.99099E-05 9.99099E-05 9.99099E-05 9.99099E-05 9.99099E-05 0.548752
9.99189E-05 9.99189E-05 9.99189E-05 9.99189E-05 0.205019 9.99189E-05 9.99189E-05 9.99189E-05 0.427277 9.99189E-05 9.99189E-05 0.366805
0.214204 0.240229 0.0368409 9.99369E-05 9.99369E-05 9.99369E-05 9.99369E-05 0.375035 9.99369E-05 0.132992 9.99369E-05 9.99369E-05
9.99189E-05 0.446917 0.0681233 9.99189E-05 9.99189E-05 9.99189E-05 9.99189E-05 9.99189E-05 9.99189E-05 9.99189E-05 9.99189E-05 0.484061
0.0183223 0.608461 0.0941872 9.99369E-05 0.0640319 9.99369E-05 9.99369E-05 9.99369E-05 9.99369E-05 0.214298 9.99369E-05 9.99369E-05
9.99189E-05 9.99189E-05 9.99189E-05 9.99189E-05 0.032269 9.99189E-05 9.99189E-05 9.99189E-05 0.512795 9.99189E-05 9.99189E-05 0.454036
9.99278E-05 0.679811 0.0805105 9.99278E-05 9.99278E-05 9.99278E-05 0.00622132 9.99278E-05 9.99278E-05 9.99278E-05 9.99278E-05 0.232658
0.292977 0.103099 9.99459E-05 9.99459E-05 9.99459E-05 0.0503348 0.000429903 0.332665 9.99459E-05 0.219895 9.99459E-05 9.99459E-05
9.99369E-05 9.99369E-05 9.99369E-05 0.102171 0.109231 9.99369E-05 9.99369E-05 0.0392879 9.99369E-05 0.639315 9.99369E-05 0.109296
0.032988 9.99551E-05 0.421262 9.99551E-05 9.99551E-05 0.0629902 9.99551E-05 0.0645576 0.0848983 0.271779 0.0610256 9.99551E-05
9.9946E-05 0.260103 0.280804 9.9946E-05 9.9946E-05 9.9946E-05 9.9946E-05 9.9946E-05 0.0241081 0.305251 0.0646386 0.0644955
9.99278E-05 9.99278E-05 9.99278E-05 9.99278E-05 0.122965 9.99278E-05 9.99278E-05 9.99278E-05 0.358323 0.0550029 9.99278E-05 0.46291
0.0195431 0.424225 9.99639E-05 0.0757032 0.15143 9.99639E-05 0.0168591 9.99639E-05 9.99639E-05 0.190868 0.0320723 0.0888994
9.99278E-05 9.99278E-05 9.99278E-05 0.0999578 9.99278E-05 9.99278E-05 9.99278E-05 0.0177503 9.99278E-05 0.262557 9.99278E-05 0.618935
9.99549E-05 9.99549E-05 9.99549E-05 0.0391044 9.99549E-05 0.163974 0.0257167 9.99549E-05 0.291006 0.320205 0.0549112 0.104583
0.0389727 0.535385 9.99639E-05 0.0593946 9.99639E-05 0.134331 0.041368 9.99639E-05 9.99639E-05 0.0414252 0.00711359 0.14161
0.0906455 9.9946E-05 9.9946E-05 9.9946E-05 9.9946E-05 0.39084 0.129729 0.0117502 9.9946E-05 0.0388586 9.9946E-05 0.337577
9.9937E-05 0.102829 9.9937E-05 0.0190974 0.0642688 9.9937E-05 9.9937E-05 9.9937E-05 0.776469 9.9937E-05 0.0366363 9.9937E-05
9.99549E-05 9.99549E-05 9.99549E-05 0.0834199 0.151702 0.133889 9.99549E-05 9.99549E-05 0.0675691 0.279353 0.0148727 0.268695
0.0400857 9.99639E-05 9.99639E-05 9.99639E-05 0.219975 0.0657146 0.0290395 9.99639E-05 0.215593 0.320424 0.0335067 0.0752619
0.554358 9.99459E-05 0.0250794 9.99459E-05 9.99459E-05 9.99459E-05 9.99459E-05 9.99459E-05 0.113376 0.0882862 0.032439 0.185861
9.99188E-05 9.99188E-05 9.99188E-05 9.99188E-05 0.137085 9.99188E-05 9.99188E-05 9.99188E-05 0.506085 0.355931 9.99188E-05 9.99188E-05
0.113347 0.536668 0.145153 9.99278E-05 9.99278E-05 9.99278E-05 9.99278E-05 9.99278E-05 9.99278E-05 0.204033 9.99278E-05 9.99278E-05
9.99188E-05 9.99188E-05 9.99188E-05 9.99188E-05 9.99188E-05 9.99188E-05 9.99188E-05 9.99188E-05 0.474637 0.436899 9.99188E-05 0.0875651
9.99369E-05 9.99369E-05 0.417099 9.99369E-05 9.99369E-05 0.0184626 9.99369E-05 9.99369E-05 0.126208 0.0705421 9.99369E-05 0.366988
0.0156841 0.317201 0.340642 9.99549E-05 9.99549E-05 0.157887 9.99549E-05 9.99549E-05 0.0156961 0.0184783 9.99549E-05 0.133912
0.0220457 9.9946E-05 9.9946E-05 9.9946E-05 9.9946E-05 0.203291 0.129599 9.9946E-05 9.9946E-05 0.361932 0.0477456 0.234787
9.99549E-05 0.139887 9.99549E-05 0.0148209 0.0480849 0.1745 0.0719896 9.99549E-05 9.99549E-05 0.530266 9.99549E-05 0.0199515
9.99459E-05 9.99459E-05 9.99459E-05 9.99459E-05 9.99459E-05 0.237303 0.0497717 9.99459E-05 0.0332396 0.363945 0.0807763 0.234364
0.000489211 0.171122 0.312168 9.99459E-05 9.99459E-05 0.166073 9.99459E-05 9.99459E-05 0.10515 0.244398 9.99459E-05 9.99459E-05
0.0103234 9.9946E-05 9.9946E-05 9.9946E-05 0.0356744 0.056924 9.9946E-05 0.0250326 0.730761 0.140685 9.9946E-05 9.9946E-05
9.99279E-05 9.99279E-05 9.99279E-05 9.99279E-05 0.0354869 0.00468775 9.99279E-05 9.99279E-05 0.650462 9.99279E-05 9.99279E-05 0.308564
9.99369E-05 9.99369E-05 9.99369E-05 0.0204824 0.510363 9.99369E-05 0.0136175 9.99369E-05 9.99369E-05 0.223935 9.99369E-05 0.230903
9.99369E-05 9.99369E-05 9.99369E-05 9.99369E-05 9.99369E-05 9.99369E-05 0.0427533 9.99369E-05 0.606866 0.134532 0.0155049 0.199644
0.107251 0.0223976 9.9937E-05 9.9937E-05 9.9937E-05 0.00106501 9.9937E-05 0.0283287 0.840258 9.9937E-05 9.9937E-05 9.9937E-05
9.99549E-05 9.99549E-05 9.99549E-05 0.0145345 0.529286 0.0219163 0.0772901 9.99549E-05 9.99549E-05 0.0222443 0.00433412 0.329895
0.0410964 9.99459E-05 9.99459E-05 0.00892337 0.214738 9.99459E-05 9.99459E-05 9.99459E-05 0.133265 0.531403 9.99459E-05 0.0699748
9.9946E-05 9.9946E-05 0.0463317 0.00195917 9.9946E-05 9.9946E-05 9.9946E-05 0.819385 0.0294321 9.9946E-05 0.0610525 0.0412402
9.99459E-05 0.496979 9.99459E-05 0.00911799 0.0586629 9.99459E-05 9.99459E-05 0.374841 9.99459E-05 0.0447383 0.0150613 9.99459E-05
0.00122481 0.00146205 9.99459E-05 0.0999304 0.385966 9.99459E-05 9.99459E-05 0.166939 9.99459E-05 0.343878 9.99459E-05 9.99459E-05
0.180824 0.458706 9.99368E-05 9.99368E-05 0.0539777 9.99368E-05 9.99368E-05 0.260627 9.99368E-05 0.0451653 9.99368E-05 9.99368E-05
9.99279E-05 0.302517 9.99279E-05 9.99279E-05 9.99279E-05 0.00670412 9.99279E-05 0.650474 0.0395052 9.99279E-05 9.99279E-05 9.99279E-05
9.99459E-05 0.163972 0.457525 9.99459E-05 0.0645963 9.99459E-05 9.99459E-05 0.198191 9.99459E-05 0.0569348 0.0581808 9.99459E-05
9.99459E-05 0.455485 0.113904 0.0160205 0.0486893 9.99459E-05 9.99459E-05 0.341272 9.99459E-05 0.0240298 9.99459E-05 9.99459E-05
9.9955E-05 0.00365882 9.9955E-05 0.0315632 0.632533 9.9955E-05 9.9955E-05 0.137943 0.0132746 0.157149 0.0233782 9.9955E-05
9.9919E-05 9.9919E-05 9.9919E-05 9.9919E-05 0.45413 9.9919E-05 9.9919E-05 9.9919E-05 0.365324 9.9919E-05 9.9919E-05 0.179646
9.99459E-05 0.0283607 9.99459E-05 0.132516 0.0233833 0.0665448 9.99459E-05 0.446489 9.99459E-05 0.302106 9.99459E-05 9.99459E-05
9.9928E-05 0.0222283 9.9928E-05 9.9928E-05 0.876067 0.0444419 9.9928E-05 0.0564629 9.9928E-05 9.9928E-05 9.9928E-05 9.9928E-05
9.9937E-05 0.0194289 9.9937E-05 0.256527 0.464655 9.9937E-05 9.9937E-05 0.0170217 9.9937E-05 0.241668 9.9937E-05 9.9937E-05
0.0358555 0.0051165 9.99459E-05 0.072236 0.185118 9.99459E-05 9.99459E-05 0.302948 9.99459E-05 0.398126 9.99459E-05 9.99459E-05
9.99279E-05 9.99279E-05 9.99279E-05 9.99279E-05 0.639256 9.99279E-05 9.99279E-05 9.99279E-05 0.0388514 0.229424 9.99279E-05 0.0916687
9.99459E-05 9.99459E-05 9.99459E-05 9.99459E-05 0.474245 0.047622 0.00286048 0.276569 0.0424335 0.15567 9.99459E-05 9.99459E-05
9.99639E-05 0.353482 9.99639E-05 0.0487068 0.0140366 9.99639E-05 0.0446387 0.155741 9.99639E-05 0.104455 0.0749079 0.203632
0.12673 9.99459E-05 9.99459E-05 0.0582409 0.407238 9.99459E-05 0.0215939 0.112869 9.99459E-05 0.272728 9.99459E-05 9.99459E-05
9.99368E-05 9.99368E-05 9.99368E-05 0.00497934 0.37081 0.147178 9.99368E-05 0.344864 9.99368E-05 0.131469 9.99368E-05 9.99368E-05
0.436507 0.135679 9.99279E-05 9.99279E-05 9.99279E-05 9.99279E-05 9.99279E-05 0.339413 9.99279E-05 0.0876017 9.99279E-05 9.99279E-05
0.0490871 0.00964993 0.00678338 0.0474643 0.00929329 0.0271152 9.9964E-05 0.464747 9.9964E-05 0.38546 9.9964E-05 9.9964E-05
0.0787925 9.9955E-05 0.0210383 9.9955E-05 0.748778 9.9955E-05 0.0137578 0.0353463 0.0815572 0.0202301 9.9955E-05 9.9955E-05
9.99639E-05 0.0176711 0.0125412 0.00292345 0.45816 0.0216801 0.0128728 0.00874141 9.99639E-05 0.46501 9.99639E-05 9.99639E-05
9.99201E-05 9.99201E-05 9.99201E-05 9.99201E-05 0.60409 9.99201E-05 9.99201E-05 9.99201E-05 0.228657 0.0297628 9.99201E-05 0.136691
9.99188E-05 0.315723 9.99188E-05 9.99188E-05 9.99188E-05 9.99188E-05 9.99188E-05 0.408083 9.99188E-05 0.275294 9.99188E-05 9.99188E-05
0.0109026 9.9937E-05 9.9937E-05 0.121667 9.9937E-05 9.9937E-05 9.9937E-05 0.291036 9.9937E-05 0.555545 9.9937E-05 0.0201504
9.99369E-05 9.99369E-05 9.99369E-05 9.99369E-05 0.725764 9.99369E-05 0.00427448 9.99369E-05 0.0978099 0.0710238 9.99369E-05 0.100429
0.0422928 0.298925 0.00290019 9.9955E-05 9.9955E-05 0.0229344 0.027122 0.363987 9.9955E-05 9.9955E-05 9.9955E-05 0.241339
0.458788 9.99189E-05 9.99189E-05 9.99189E-05 9.99189E-05 9.99189E-05 9.99189E-05 0.143616 9.99189E-05 9.99189E-05 9.99189E-05 0.396696
9.99549E-05 9.99549E-05 9.99549E-05 0.1177 0.204047 0.00218773 9.99549E-05 9.99549E-05 0.337042 0.260334 0.0470374 0.0311518
9.99549E-05 9.99549E-05 9.99549E-05 9.99549E-05 0.0494814 0.110314 0.00498223 9.99549E-05 0.131599 0.0267061 0.0422324 0.634185
0.392044 0.024213 9.99549E-05 0.0560453 0.0381861 9.99549E-05 9.99549E-05 0.293167 9.99549E-05 9.99549E-05 0.024274 0.17157
9.993E-05 0.401908 0.0112959 0.0389598 9.993E-05 9.993E-05 9.993E-05 0.229972 9.993E-05 9.993E-05 9.993E-05 0.317164
0.0156405 0.444199 9.9937E-05 0.124151 9.9937E-05 9.9937E-05 9.9937E-05 0.205195 9.9937E-05 9.9937E-05 9.9937E-05 0.210114
9.991E-05 9.991E-05 9.991E-05 9.991E-05 9.991E-05 9.991E-05 9.991E-05 9.991E-05 0.698061 9.991E-05 9.991E-05 0.30094
9.99279E-05 9.99279E-05 9.99279E-05 0.0784637 0.315527 9.99279E-05 9.99279E-05 9.99279E-05 9.99279E-05 0.238765 9.99279E-05 0.366446
0.152256 9.99549E-05 9.99549E-05 0.057108 9.99549E-05 0.339539 0.0201387 0.0870041 9.99549E-05 0.161651 9.99549E-05 0.181804
0.0982524 0.460262 9.99368E-05 9.99368E-05 9.99368E-05 0.0203209 9.99368E-05 0.143867 9.99368E-05 9.99368E-05 9.99368E-05 0.276598
9.99459E-05 9.99459E-05 9.99459E-05 9.99459E-05 0.0468666 0.0693196 0.0105198 9.99459E-05 0.525374 0.114764 9.99459E-05 0.232556
9.9946E-05 9.9946E-05 9.9946E-05 0.0211178 0.146529 9.9946E-05 9.9946E-05 0.0693705 9.9946E-05 0.52659 0.0547319 0.181061
9.99369E-05 9.99369E-05 9.99369E-05 0.0760193 0.334261 9.99369E-05 9.99369E-05 0.0664515 9.99369E-05 0.260788 9.99369E-05 0.26178
0.0816524 9.99459E-05 9.99459E-05 9.99459E-05 9.99459E-05 0.306402 0.0127186 9.99459E-05 9.99459E-05 0.176122 0.0221649 0.400341
9.99369E-05 0.0131796 9.99369E-05 9.99369E-05 0.368632 0.176259 0.0105611 9.99369E-05 9.99369E-05 0.430669 9.99369E-05 9.99369E-05
0.189278 0.0159685 9.99639E-05 0.000667866 0.0510347 0.036949 0.03793 0.340838 9.99639E-05 0.326934 9.99639E-05 9.99639E-05
0.119347 0.0157934 9.99459E-05 0.0727568 9.99459E-05 9.99459E-05 9.99459E-05 0.0823898 9.99459E-05 0.519321 9.99459E-05 0.189792
0.116121 0.54242 0.0035916 9.9946E-05 9.9946E-05 9.9946E-05 9.9946E-05 0.0910408 9.9946E-05 9.9946E-05 0.0267167 0.21951
9.99368E-05 9.99368E-05 9.99368E-05 9.99368E-05 0.442684 9.99368E-05 0.134001 9.99368E-05 9.99368E-05 0.00171741 0.0260581 0.39484
0.0557359 0.26852 9.99368E-05 9.99368E-05 9.99368E-05 9.99368E-05 0.0313133 0.392483 9.99368E-05 9.99368E-05 9.99368E-05 0.251248
9.99459E-05 0.193777 0.349378 9.99459E-05 0.00406795 9.99459E-05 9.99459E-05 0.225117 9.99459E-05 0.0799242 9.99459E-05 0.147136
9.99279E-05 9.99279E-05 9.99279E-05 9.99279E-05 0.666435 9.99279E-05 9.99279E-05 9.99279E-05 0.0954509 0.00176265 9.99279E-05 0.235553
0.171595 9.99369E-05 9.99369E-05 0.0580873 0.280788 9.99369E-05 9.99369E-05 0.107155 9.99369E-05 0.381675 9.99369E-05 9.99369E-05
9.99459E-05 9.99459E-05 9.99459E-05 0.0524003 0.528931 9.99459E-05 0.0165098 0.0361091 9.99459E-05 0.225958 9.99459E-05 0.139492
0.0922594 0.0357116 0.0177776 0.00983902 9.9955E-05 9.9955E-05 9.9955E-05 0.750486 9.9955E-05 9.9955E-05 0.0386012 0.0548258
9.9982E-05 9.9982E-05 0.367057 0.0591885 0.0345863 0.0104313 0.140849 0.256752 0.0105936 0.071327 0.040608 0.00840756
9.99459E-05 0.206698 9.99459E-05 0.00162085 9.99459E-05 9.99459E-05 0.089482 0.52979 9.99459E-05 0.135821 9.99459E-05 0.0359887
9.99189E-05 9.99189E-05 9.99189E-05 9.99189E-05 0.734502 9.99189E-05 9.99189E-05 9.99189E-05 0.0360234 9.99189E-05 9.99189E-05 0.228576
9.99473E-05 0.113026 0.00322105 0.022952 9.99473E-05 9.99473E-05 0.0371629 0.579986 9.99473E-05 0.243052 9.99473E-05 9.99473E-05
0.0208574 9.99549E-05 9.99549E-05 9.99549E-05 0.0111735 0.0666039 0.0119598 0.776525 9.99549E-05 9.99549E-05 0.0337495 0.0786314
0.183212 0.0511626 9.9955E-05 9.9955E-05 0.00411757 0.0509413 9.9955E-05 0.671558 0.0158387 9.9955E-05 9.9955E-05 0.0226701
0.0314902 9.9919E-05 9.9919E-05 9.9919E-05 0.852434 0.115177 9.9919E-05 9.9919E-05 9.9919E-05 9.9919E-05 9.9919E-05 9.9919E-05
9.99459E-05 9.99459E-05 9.99459E-05 0.037846 0.288695 9.99459E-05 9.99459E-05 0.257667 9.99459E-05 0.342469 0.00163377 0.0710889
0.37413 0.123072 0.0607963 0.016201 0.105866 9.9964E-05 9.9964E-05 0.295121 9.9964E-05 9.9964E-05 0.0180966 0.00631609
9.9964E-05 9.9964E-05 0.0362652 9.9964E-05 0.417819 0.0101908 0.0391858 0.188256 0.0571033 0.041939 9.9964E-05 0.208841
0.0526113 9.9955E-05 0.0507364 9.9955E-05 9.9955E-05 9.9955E-05 9.9955E-05 0.826858 0.0282564 0.0043734 0.0312435 0.00542169
9.9946E-05 9.9946E-05 0.442987 9.9946E-05 0.0719015 0.00726637 9.9946E-05 0.00847269 0.125461 0.343311 9.9946E-05 9.9946E-05
9.99369E-05 9.99369E-05 9.99369E-05 0.0624371 0.268098 0.0769613 9.99369E-05 0.466783 9.99369E-05 9.99369E-05 9.99369E-05 0.125021
9.9928E-05 0.00351784 9.9928E-05 9.9928E-05 0.789759 9.9928E-05 9.9928E-05 9.9928E-05 0.114156 9.9928E-05 9.9928E-05 0.091768
9.99459E-05 0.0779425 9.99459E-05 0.16335 0.0747734 9.99459E-05 9.99459E-05 0.166972 9.99459E-05 0.4215 9.99459E-05 0.0948625
0.0408327 9.99639E-05 9.99639E-05 9.99639E-05 0.0335958 0.169028 0.0373265 9.99639E-05 0.140384 0.387386 0.0471553 0.143891
9.9946E-05 0.0356669 9.9946E-05 9.9946E-05 9.9946E-05 0.0666614 9.9946E-05 9.9946E-05 0.672033 0.197474 0.00434568 0.0232192
9.99459E-05 9.99459E-05 9.99459E-05 9.99459E-05 0.117582 0.0125894 0.0808645 0.0496241 9.99459E-05 0.709153 9.99459E-05 0.0295866
9.993E-05 9.993E-05 9.993E-05 0.0508735 0.409156 0.474174 9.993E-05 9.993E-05 9.993E-05 0.0145481 9.993E-05 0.0505491
0.0772444 0.090495 9.99549E-05 0.0356783 0.220989 9.99549E-05 9.99549E-05 9.99549E-05 0.00720445 0.42627 9.99549E-05 0.141618
9.99459E-05 0.715173 9.99459E-05 9.99459E-05 9.99459E-05 0.0149472 9.99459E-05 9.99459E-05 0.00252695 0.240296 0.00251474 0.0239428
9.99279E-05 9.99279E-05 9.99279E-05 9.99279E-05 9.99279E-05 9.99279E-05 9.99279E-05 9.99279E-05 0.587753 0.0650298 0.0174664 0.328951
0.0203716 9.99459E-05 0.591182 9.99459E-05 9.99459E-05 9.99459E-05 0.000160571 0.0354706 9.99459E-05 9.99459E-05 0.00677512 0.345441
9.99368E-05 0.18281 9.99368E-05 0.120026 9.99368E-05 0.344187 9.99368E-05 0.256356 9.99368E-05 0.0959208 9.99368E-05 9.99368E-05
0.649136 0.0782926 0.00571812 9.99459E-05 9.99459E-05 0.0901996 9.99459E-05 9.99459E-05 0.079107 0.0969472 9.99459E-05 9.99459E-05
9.99279E-05 9.99279E-05 9.99279E-05 9.99279E-05 9.99279E-05 0.148332 9.99279E-05 0.0240928 0.617266 0.209509 9.99279E-05 9.99279E-05
9.99369E-05 9.99369E-05 9.99369E-05 9.99369E-05 0.268215 0.073042 9.99369E-05 9.99369E-05 0.539324 0.0957344 9.99369E-05 0.0229849
0.090463 0.562965 0.0790876 9.9955E-05 0.0824293 9.9955E-05 9.9955E-05 0.0416236 9.9955E-05 9.9955E-05 0.00140651 0.141526
0.0529999 0.00787321 9.9955E-05 0.0387446 0.210752 9.9955E-05 0.0551811 9.9955E-05 9.9955E-05 0.629557 0.00439217 9.9955E-05
9.99549E-05 0.016996 9.99549E-05 9.99549E-05 9.99549E-05 0.239913 0.0491087 9.99549E-05 0.0362849 0.556249 0.0524877 0.0484614
9.99279E-05 0.0125941 9.99279E-05 9.99279E-05 0.312808 0.106275 9.99279E-05 9.99279E-05 0.567523 9.99279E-05 9.99279E-05 9.99279E-05
0.161395 9.9946E-05 9.9946E-05 9.9946E-05 9.9946E-05 0.25746 9.9946E-05 9.9946E-05 0.124068 0.299199 0.0234091 0.13387
9.99549E-05 0.356746 0.0992568 9.99549E-05 9.99549E-05 0.077745 9.99549E-05 9.99549E-05 0.0654175 0.174034 0.0730764 0.153225
0.323109 0.243169 9.99459E-05 0.014617 9.99459E-05 9.99459E-05 9.99459E-05 0.308879 9.99459E-05 0.107455 9.99459E-05 0.00217132
0.488423 0.0778314 9.99369E-05 9.99369E-05 9.99369E-05 0.0554044 9.99369E-05 0.108585 9.99369E-05 0.269057 9.99369E-05 9.99369E-05
0.0701171 0.0147008 0.33547 9.99549E-05 9.99549E-05 0.269074 0.0024346 9.99549E-05 0.0598057 0.247897 9.99549E-05 9.99549E-05
9.99369E-05 9.99369E-05 9.99369E-05 0.00157197 0.788235 0.0384947 9.99369E-05 0.165325 9.99369E-05 9.99369E-05 0.00567343 9.99369E-05
0.0168028 0.0616475 9.99549E-05 9.99549E-05 0.0559534 0.0726853 0.00606153 0.76617 9.99549E-05 0.0201795 9.99549E-05 9.99549E-05
9.9937E-05 9.9937E-05 0.00304708 9.9937E-05 0.697944 0.100263 9.9937E-05 0.136564 9.9937E-05 0.0614828 9.9937E-05 9.9937E-05
9.99549E-05 0.0246805 9.99549E-05 0.0785531 0.301525 0.181328 9.99549E-05 0.136723 9.99549E-05 0.270156 9.99549E-05 0.00653562
9.99369E-05 0.0658257 9.99369E-05 0.0950623 9.99369E-05 9.99369E-05 9.99369E-05 0.656168 9.99369E-05 0.14873 9.99369E-05 0.0335142
9.9928E-05 9.9928E-05 9.9928E-05 9.9928E-05 0.83134 9.9928E-05 9.9928E-05 0.0446613 0.111495 9.9928E-05 0.0117042 9.9928E-05
0.100757 9.99368E-05 9.99368E-05 9.99368E-05 9.99368E-05 0.235012 0.0142816 9.99368E-05 0.416018 0.233233 9.99368E-05 9.99368E-05
0.00913406 9.99549E-05 9.99549E-05 9.99549E-05 0.421621 0.014131 9.99549E-05 9.99549E-05 0.0298673 0.420802 0.00905533 0.0948893
0.670931 9.99459E-05 9.99459E-05 9.99459E-05 9.99459E-05 0.100559 9.99459E-05 9.99459E-05 0.0510163 0.0417024 0.0343926 0.100799
0.29733 9.99549E-05 9.99549E-05 0.0309814 9.99549E-05 0.0565433 9.99549E-05 9.99549E-05 0.064728 0.285418 0.0385482 0.225952
0.461433 9.99459E-05 9.99459E-05 0.129231 0.113228 9.99459E-05 9.99459E-05 0.0365891 9.99459E-05 0.139876 9.99459E-05 0.119044
0.265988 9.99188E-05 9.99188E-05 9.99188E-05 0.249543 9.99188E-05 9.99188E-05 9.99188E-05 0.48357 9.99188E-05 9.99188E-05 9.99188E-05
0.221248 0.0540125 0.577715 0.0330208 0.0320427 9.99459E-05 9.99459E-05 9.99459E-05 9.99459E-05 0.081361 9.99459E-05 9.99459E-05
0.0630255 9.99639E-05 9.99639E-05 0.180195 0.110492 0.092625 0.0752398 9.99639E-05 0.132617 0.335808 0.009598 9.99639E-05
0.416718 0.353139 9.99459E-05 0.0132019 0.0774852 0.104123 0.0347339 9.99459E-05 9.99459E-05 9.99459E-05 9.99459E-05 9.99459E-05
0.364065 9.99368E-05 0.461384 0.0717506 9.99368E-05 9.99368E-05 9.99368E-05 0.0310256 9.99368E-05 0.0710748 9.99368E-05 9.99368E-05
0.831378 0.0729656 9.99369E-05 0.00287777 0.0315685 9.99369E-05 9.99369E-05 9.99369E-05 9.99369E-05 0.0605102 9.99369E-05 9.99369E-05
0.577611 0.204146 9.99369E-05 0.0961548 9.99369E-05 9.99369E-05 9.99369E-05 0.0427045 9.99369E-05 0.0786848 9.99369E-05 9.99369E-05
0.857197 9.99189E-05 9.99189E-05 9.99189E-05 0.102041 9.99189E-05 0.0398626 9.99189E-05 9.99189E-05 9.99189E-05 9.99189E-05 9.99189E-05
0.151845 9.99459E-05 9.99459E-05 0.148551 0.147739 0.0653194 9.99459E-05 9.99459E-05 9.99459E-05 0.464828 0.0211181 9.99459E-05
9.99459E-05 9.99459E-05 9.99459E-05 9.99459E-05 0.517 0.044989 0.0664886 9.99459E-05 9.99459E-05 0.238841 0.0281786 0.103903
0.108259 0.0110851 0.58999 9.99639E-05 0.0623962 9.99639E-05 0.0112008 0.0438905 9.99639E-05 0.0064784 9.99639E-05 0.166301
0.606788 9.9937E-05 0.0450774 9.9937E-05 9.9937E-05 0.156227 9.9937E-05 9.9937E-05 0.158908 9.9937E-05 9.9937E-05 0.0323002
9.99639E-05 9.99639E-05 0.0406592 9.99639E-05 0.0147306 0.111176 0.0807474 9.99639E-05 0.229464 0.358639 0.0646963 0.0994882
0.0369423 9.99279E-05 9.99279E-05 0.0413599 9.99279E-05 9.99279E-05 9.99279E-05 9.99279E-05 0.830399 9.99279E-05 9.99279E-05 0.0904992
0.0448007 9.9928E-05 9.9928E-05 9.9928E-05 0.801341 9.9928E-05 9.9928E-05 9.9928E-05 0.1103 0.0427585 9.9928E-05 9.9928E-05
0.0247914 9.9946E-05 9.9946E-05 9.9946E-05 0.0661711 9.9946E-05 9.9946E-05 0.0351502 0.77769 0.0903299 9.9946E-05 0.00526769
