0.124569 0.210422 0.66501
0.0486132 0.188205 0.763181
0.00441812 0.746164 0.249418
0.0842201 0.0907955 0.824984
0.181891 9.9991E-05 0.818009
0.111178 0.461831 0.426992
9.999E-05 0.782593 0.217307
0.0818912 0.472344 0.445764
0.11016 0.0803169 0.809523
0.1154 0.852526 0.0320732
0.0423426 0.126901 0.830756
0.043722 0.0294889 0.926789
0.166135 0.365974 0.467891
9.9991E-05 0.690796 0.309104
0.0143492 0.020321 0.96533
0.072149 0.898751 0.0290996
9.9991E-05 0.708371 0.291529
9.9991E-05 0.610133 0.389767
9.9991E-05 0.190986 0.808914
0.783295 0.0160573 0.200647
0.812847 9.9991E-05 0.187053
0.817426 0.0740486 0.108525
0.669377 9.9991E-05 0.330523
0.648449 9.9991E-05 0.351451
0.603134 0.396766 9.9991E-05
0.558039 9.9991E-05 0.441861
0.533248 0.466652 9.9991E-05
0.588566 9.9991E-05 0.411334
0.784575 0.204177 0.0112471
0.789414 9.9991E-05 0.210486
0.590597 0.312779 0.0966239
0.724653 0.275247 9.9991E-05
0.527648 0.472252 9.9991E-05
0.641225 0.334451 0.0243244
0.764544 9.9991E-05 0.235356
0.674208 9.9991E-05 0.325692
0.685021 0.0661681 0.248811
0.662791 9.9991E-05 0.337109
0.817738 0.00757995 0.174683
0.682883 0.317017 9.9991E-05
0.516153 0.483747 9.9991E-05
0.691212 0.0773141 0.231474
0.814854 0.185046 9.9991E-05
0.626089 0.373811 9.9991E-05
0.472608 9.9991E-05 0.527292
0.567749 9.9991E-05 0.432151
0.537249 0.462651 9.9991E-05
0.816483 0.0624157 0.121101
0.372035 0.627865 9.9991E-05
0.706692 9.9991E-05 0.293208
0.770224 0.229676 9.9991E-05
0.73955 0.0125341 0.247916
0.582736 9.9991E-05 0.417164
0.53864 9.9991E-05 0.46126
0.528741 9.9991E-05 0.471159
0.543681 9.9991E-05 0.456219
0.747913 0.251987 9.9991E-05
0.83381 0.13724 0.0289492
0.680765 0.319135 9.9991E-05
0.773147 9.9991E-05 0.226753
0.740169 9.9991E-05 0.259731
0.629658 9.9991E-05 0.370242
0.604985 0.394915 9.9991E-05
0.660094 9.9991E-05 0.339806
0.465229 0.534671 9.9991E-05
0.531508 9.9991E-05 0.468392
0.654542 9.9991E-05 0.345358
0.625835 9.9991E-05 0.374066
0.622086 0.0695595 0.308354
0.713519 0.168176 0.118305
0.561132 0.438768 9.9991E-05
0.532436 0.467464 9.9991E-05
0.636098 9.9991E-05 0.363802
0.5969 0.403 9.9991E-05
0.69205 9.9991E-05 0.30785
0.535412 9.9991E-05 0.464488
0.657862 0.342038 9.9991E-05
0.454283 0.545617 9.9991E-05
0.677863 0.322037 9.9991E-05
0.778987 0.141318 0.0796944
0.521207 0.478693 9.9991E-05
0.726595 9.9991E-05 0.273305
0.819474 0.0484199 0.132106
0.708974 0.0951359 0.19589
0.561034 0.438866 9.9991E-05
0.820373 9.9991E-05 0.179527
0.623432 9.9991E-05 0.376468
0.562434 0.368273 0.0692932
0.505643 0.494257 9.9991E-05
0.568179 9.9991E-05 0.431721
0.592348 0.407552 9.9991E-05
0.552564 0.397393 0.0500427
0.504956 9.9991E-05 0.494944
0.614305 0.195844 0.189851
0.615676 0.190023 0.194301
0.195804 0.791355 0.0128411
0.302135 0.607066 0.0907991
0.264816 0.424961 0.310223
0.105436 0.202298 0.692267
0.126843 0.816849 0.0563079
0.061546 0.259753 0.678701
9.9991E-05 0.854323 0.145577
0.196965 0.738826 0.0642089
0.211598 0.585437 0.202965
0.269595 0.132208 0.598197
0.139076 0.860824 9.9991E-05
0.153694 0.280528 0.565779
0.153066 0.721002 0.125933
0.155735 0.397834 0.446431
0.199839 0.508298 0.291863
0.0101914 0.712083 0.277725
0.207212 9.9991E-05 0.792688
0.185527 0.176742 0.637731
0.367262 0.534356 0.0983821
0.081183 0.735 0.183817
0.287974 0.338476 0.37355
0.241057 0.225519 0.533424
0.0923015 0.13589 0.771809
0.0470669 0.688195 0.264738
0.097547 0.160827 0.741626
0.00464634 0.723953 0.271401
0.0120675 0.987833 9.9991E-05
9.9991E-05 0.0694364 0.930464
0.148904 0.364033 0.487063
0.106513 0.39008 0.503408
0.173951 0.301385 0.524663
0.00757659 0.911314 0.0811092
0.118565 0.0501662 0.831268
0.225044 0.161641 0.613315
0.0207144 0.979186 9.9991E-05
9.9991E-05 0.0131149 0.986785
0.194234 0.0187386 0.787027
9.9991E-05 0.165518 0.834382
0.0273533 0.972547 9.9991E-05
0.091925 0.0731732 0.834902
0.0613844 0.0641144 0.874501
9.9991E-05 0.509356 0.490544
0.185606 0.287266 0.527128
0.116641 0.249329 0.63403
9.999E-05 0.9998 9.999E-05
0.117878 0.292404 0.589718
0.154268 0.409094 0.436638
0.190563 0.748951 0.0604865
0.178483 0.144438 0.677079
0.31271 0.302495 0.384794
0.127437 0.872463 9.9991E-05
0.137989 0.623309 0.238701
0.0693558 0.817609 0.113035
0.161914 0.332938 0.505147
9.999E-05 0.9998 9.999E-05
9.9991E-05 0.101829 0.898071
9.9991E-05 0.927409 0.0724913
0.178884 0.367923 0.453193
0.10887 0.19684 0.69429
0.272651 0.313694 0.413655
0.0828095 0.422069 0.495122
0.217092 0.439835 0.343074
0.0975023 0.36006 0.542438
0.0183627 0.97677 0.0048668
0.0426738 0.957226 9.9991E-05
0.0279998 0.773082 0.198918
0.128467 0.871433 9.9991E-05
9.9991E-05 0.955492 0.0444084
0.146429 0.704815 0.148756
9.9991E-05 0.747401 0.252499
0.10451 9.9991E-05 0.89539
0.0350656 0.0212578 0.943677
9.9991E-05 0.531363 0.468537
9.9991E-05 0.0642025 0.935698
9.999E-05 9.999E-05 0.9998
0.160832 0.0531954 0.785973
0.0107709 0.0438157 0.945413
9.9991E-05 0.698065 0.301835
9.9991E-05 0.99524 0.00466028
0.0883967 0.148588 0.763015
9.9991E-05 0.779026 0.220874
0.118448 0.553657 0.327894
9.9991E-05 0.360652 0.639248
9.9991E-05 0.871191 0.128709
0.0108524 0.598021 0.391127
0.202242 0.136283 0.661476
0.0775305 0.522652 0.399817
0.0368533 0.453645 0.509502
9.9991E-05 0.0664626 0.933437
0.0535267 0.193873 0.7526
0.0357093 0.815478 0.148813
9.9991E-05 0.643241 0.356659
9.9991E-05 0.981196 0.0187037
9.999E-05 9.999E-05 0.9998
0.0701059 0.254375 0.675519
9.9991E-05 0.92295 0.0769504
0.142327 0.0238959 0.833777
0.144155 0.215125 0.64072
0.158799 0.841101 9.9991E-05
0.190665 0.660236 0.149099
0.148939 0.105397 0.745664
0.123328 0.00753821 0.869134
0.14845 9.9991E-05 0.85145
0.0843208 0.915579 9.9991E-05
0.0794197 0.713448 0.207132
0.198238 0.246029 0.555733
0.00220965 0.131444 0.866347
0.108491 0.891409 9.9991E-05
0.0600996 0.541191 0.39871
0.0612208 0.559766 0.379013
0.184413 0.380023 0.435564
9.9991E-05 0.756427 0.243473
0.0266643 0.231428 0.741907
0.0759061 0.262397 0.661697
0.121038 0.0445799 0.834382
0.209547 0.695313 0.0951402
0.0767576 0.0753232 0.847919
0.0552568 0.101955 0.842788
9.9991E-05 0.930895 0.0690052
9.9991E-05 0.49192 0.50798
0.0306077 0.713442 0.25595
0.0949261 9.9991E-05 0.904974
0.343275 0.0931027 0.563622
0.0665574 0.0462488 0.887194
9.9991E-05 0.923462 0.0764379
0.0553624 0.0824894 0.862148
0.108662 0.0171515 0.874187
0.0531578 0.0406585 0.906184
9.9991E-05 0.867358 0.132542
9.9991E-05 0.486915 0.512985
0.0749364 0.107947 0.817117
0.0812295 0.630419 0.288351
0.0893198 9.9991E-05 0.91058
0.0387768 0.423007 0.538217
0.105304 0.321273 0.573423
9.9991E-05 0.93686 0.0630396
0.0697178 0.329428 0.600855
0.135661 0.641157 0.223182
0.0519645 0.947936 9.9991E-05
0.0301042 0.530714 0.439182
0.0361649 0.742232 0.221603
9.9991E-05 0.564792 0.435108
9.9991E-05 0.15595 0.84395
0.0965292 0.903371 9.9991E-05
0.234189 0.109751 0.65606
0.12973 0.105398 0.764872
0.101308 0.286615 0.612076
0.0285432 0.920906 0.0505511
9.999E-05 0.9998 9.999E-05
0.0934229 0.0923982 0.814179
0.0578393 0.531092 0.411069
0.103881 0.530756 0.365363
0.00376323 0.996137 9.9991E-05
0.133615 0.444087 0.422298
0.151415 0.268659 0.579926
0.0210327 0.0813146 0.897653
0.0460232 0.140691 0.813285
0.129655 0.337201 0.533143
0.00713299 0.7774 0.215467
0.0663443 0.00434308 0.929313
9.9991E-05 0.731418 0.268482
0.0214331 0.488522 0.490045
0.0871341 9.9991E-05 0.912766
0.0191298 0.89854 0.0823299
0.103748 0.789473 0.10678
9.9991E-05 0.76152 0.23838
0.155432 0.298242 0.546325
0.126495 0.502505 0.371
0.0816576 0.309894 0.608449
0.0563775 0.943523 9.9991E-05
0.115714 0.107932 0.776354
0.239128 0.54304 0.217832
0.125521 0.141408 0.733072
0.133956 0.0863108 0.779734
0.0639632 0.189229 0.746808
0.108305 0.102951 0.788744
0.160182 0.215059 0.624758
0.157724 0.548627 0.293649
0.0864328 0.72886 0.184708
0.158525 0.151485 0.689989
0.172191 0.339381 0.488428
0.200527 0.610066 0.189407
0.0949352 0.904965 9.9991E-05
9.9991E-05 0.948082 0.0518185
0.0203136 0.979586 9.9991E-05
