0.12588 0.356248 9.9982E-05 0.415805 9.9982E-05 0.101867
9.9982E-05 0.434948 0.00900386 0.474794 9.9982E-05 0.0810545
0.0303581 9.9982E-05 0.0343075 0.813501 0.121634 9.9982E-05
0.0734065 0.67996 9.9991E-05 0.08743 0.0397156 0.119388
0.0134866 0.670082 0.0469965 9.9982E-05 9.9982E-05 0.269235
0.022655 0.199367 0.0949463 0.530336 0.112908 0.0397879
9.9973E-05 9.9973E-05 0.00469602 0.840855 0.154149 9.9973E-05
0.00159828 0.154297 0.111094 0.696675 0.036235 9.9991E-05
0.0569486 0.561454 0.018412 0.362985 9.9982E-05 9.9982E-05
0.123239 0.020803 9.9982E-05 0.244153 0.611605 9.9982E-05
0.0368105 0.620534 9.9982E-05 0.232887 9.9982E-05 0.109569
0.0212158 0.796391 9.9982E-05 0.103512 0.0786806 9.9982E-05
0.0513915 0.278828 0.0571047 0.236833 0.041196 0.334646
0.0526852 0.0137414 9.9982E-05 0.805291 0.128082 9.9982E-05
0.00537275 0.806686 9.9982E-05 0.171191 0.0165504 9.9982E-05
0.020968 9.9991E-05 0.0529546 0.439856 0.398235 0.0878861
9.9973E-05 9.9973E-05 9.9973E-05 0.849753 0.104343 0.0456037
9.9973E-05 0.0204071 9.9973E-05 0.930529 9.9973E-05 0.0487642
9.9973E-05 0.563904 9.9973E-05 0.359027 9.9973E-05 0.0767687
0.876899 0.0614355 9.9973E-05 9.9973E-05 9.9973E-05 0.0613661
0.91192 0.0354815 9.9973E-05 9.9973E-05 9.9973E-05 0.0522981
0.931231 9.99639E-05 9.99639E-05 9.99639E-05 9.99639E-05 0.0683694
0.748991 0.234025 9.9973E-05 9.9973E-05 9.9973E-05 0.0166847
0.772451 0.227149 9.99639E-05 9.99639E-05 9.99639E-05 9.99639E-05
0.472202 9.99819E-05 0.190675 0.27649 0.0604328 9.99819E-05
0.454906 0.395487 0.149307 9.99729E-05 9.99729E-05 9.99729E-05
0.229158 9.9973E-05 0.279274 9.9973E-05 0.491268 9.9973E-05
0.40189 0.327548 0.112699 9.9982E-05 9.9982E-05 0.157664
0.894403 9.9982E-05 9.9982E-05 0.00591439 0.0154395 0.0840436
0.914606 0.0849945 9.9964E-05 9.9964E-05 9.9964E-05 9.9964E-05
0.671863 0.0291421 9.9982E-05 0.0983076 0.200487 9.9982E-05
0.292173 9.9991E-05 0.454305 0.0858456 0.056063 0.111513
0.637975 9.99729E-05 9.99729E-05 0.037132 0.324593 9.99729E-05
0.700435 9.99729E-05 0.0190511 0.280214 9.99729E-05 9.99729E-05
0.898242 0.101358 9.9964E-05 9.9964E-05 9.9964E-05 9.9964E-05
0.78474 0.21486 9.99639E-05 9.99639E-05 9.99639E-05 9.99639E-05
0.780095 0.144385 9.9973E-05 9.9973E-05 0.0752201 9.9973E-05
0.762053 0.237547 9.9964E-05 9.9964E-05 9.9964E-05 9.9964E-05
9.99729E-05 0.136392 0.836663 9.99729E-05 9.99729E-05 0.0266452
9.9973E-05 9.9973E-05 0.705507 9.9973E-05 0.12432 0.169872
0.0626625 9.9973E-05 0.464468 9.9973E-05 0.47257 9.9973E-05
0.0774288 0.234179 0.521658 9.9991E-05 0.0607847 0.10585
0.305012 9.9982E-05 0.563363 0.0834677 9.9982E-05 0.0479566
0.0998846 9.9982E-05 0.585176 0.152673 0.162067 9.9982E-05
0.129913 0.560843 0.308943 9.9973E-05 9.9973E-05 9.9973E-05
9.99639E-05 0.429373 0.570227 9.99639E-05 9.99639E-05 9.99639E-05
0.177006 9.9982E-05 0.433258 0.124921 0.264616 9.9982E-05
9.99729E-05 0.117254 0.823014 9.99729E-05 9.99729E-05 0.0594317
9.9973E-05 9.9973E-05 0.352698 9.9973E-05 0.461248 0.185754
9.9964E-05 0.290413 0.709187 9.9964E-05 9.9964E-05 9.9964E-05
9.9973E-05 9.9973E-05 0.728129 9.9973E-05 0.123882 0.147689
0.142776 0.184685 0.5008 9.9982E-05 9.9982E-05 0.171539
0.165517 0.404076 0.429754 0.000453189 9.9982E-05 9.9982E-05
0.0279477 0.385334 0.510253 0.0762654 9.9982E-05 9.9982E-05
0.119558 0.475258 0.378263 9.9991E-05 0.00714211 0.0196793
0.557419 0.398171 0.0441104 9.9973E-05 9.9973E-05 9.9973E-05
9.99819E-05 9.99819E-05 0.796797 0.0127426 0.102629 0.0876321
0.152131 0.0349771 0.598042 9.9991E-05 0.066913 0.147837
9.99729E-05 9.99729E-05 0.709664 9.99729E-05 0.171771 0.118265
9.99639E-05 0.25855 0.74105 9.99639E-05 9.99639E-05 9.99639E-05
0.070956 0.260115 0.668629 9.99729E-05 9.99729E-05 9.99729E-05
9.99639E-05 0.323185 0.676416 9.99639E-05 9.99639E-05 9.99639E-05
0.0807363 9.9991E-05 0.549471 0.152332 0.081937 0.135424
0.0948967 0.376861 0.527943 9.9973E-05 9.9973E-05 9.9973E-05
9.9973E-05 9.9973E-05 0.506389 0.303732 0.189579 9.9973E-05
0.197813 0.365489 0.353116 0.0833829 9.9982E-05 9.9982E-05
9.9964E-05 0.382312 0.617288 9.9964E-05 9.9964E-05 9.9964E-05
9.9964E-05 0.406911 0.592689 9.9964E-05 9.9964E-05 9.9964E-05
0.225847 0.141693 0.417675 0.214585 9.99819E-05 9.99819E-05
0.435977 0.0069267 0.353893 0.165294 0.000764422 0.0371449
0.255844 9.9982E-05 0.303333 9.9982E-05 0.328044 0.112578
9.99729E-05 9.99729E-05 0.599245 0.0911668 0.309289 9.99729E-05
0.744247 0.255354 9.9964E-05 9.9964E-05 9.9964E-05 9.9964E-05
9.99819E-05 9.99819E-05 0.699949 0.0990042 0.178668 0.0221783
0.0614141 0.329556 0.60873 9.99729E-05 9.99729E-05 9.99729E-05
0.303407 0.437089 0.254393 0.00491083 9.9982E-05 9.9982E-05
0.755485 9.99819E-05 0.00880546 0.0761263 0.159383 9.99819E-05
0.199789 9.9982E-05 0.306692 0.0221221 0.471197 9.9982E-05
0.739802 9.9982E-05 0.0439348 0.167135 0.0489283 9.9982E-05
0.472854 0.00284469 0.330236 0.0106876 0.00854682 0.17483
0.156588 9.9982E-05 0.302817 9.9982E-05 0.327901 0.212495
0.269867 0.267763 0.46207 9.9973E-05 9.9973E-05 9.9973E-05
0.022226 0.158627 0.756901 9.9991E-05 0.00146324 0.0606834
0.167467 0.215494 0.491441 9.9991E-05 0.0679676 0.0575299
9.99729E-05 9.99729E-05 0.705846 0.028025 0.265829 9.99729E-05
0.121484 0.147912 0.60971 9.9982E-05 9.9982E-05 0.120694
9.99639E-05 0.406921 0.592679 9.99639E-05 9.99639E-05 9.99639E-05
0.407415 9.99729E-05 0.192194 0.400091 9.99729E-05 9.99729E-05
9.9973E-05 9.9973E-05 0.554987 0.25668 0.188033 9.9973E-05
0.424474 0.242608 0.186377 0.146341 9.9982E-05 9.9982E-05
9.99729E-05 9.99729E-05 0.611465 0.371862 0.0163732 9.99729E-05
0.0584649 9.9973E-05 0.525137 0.416098 9.9973E-05 9.9973E-05
0.160553 0.482941 0.356206 9.9973E-05 9.9973E-05 9.9973E-05
9.9973E-05 0.0147748 0.667368 0.317557 9.9973E-05 9.9973E-05
0.178805 0.00348373 0.462222 0.355289 9.9982E-05 9.9982E-05
9.9973E-05 9.9973E-05 0.0512422 9.9973E-05 0.248616 0.699842
0.0455042 9.9991E-05 0.108747 0.0554424 0.115057 0.675149
0.0359737 0.0672867 0.0403523 9.9982E-05 9.9982E-05 0.856187
9.9982E-05 0.365381 0.00635001 0.195897 9.9982E-05 0.432172
0.0119593 9.9982E-05 9.9982E-05 0.00175994 0.297326 0.688754
0.0188771 0.302927 9.9982E-05 0.451579 9.9982E-05 0.226417
9.9973E-05 9.9973E-05 9.9973E-05 0.533814 0.0608506 0.405035
9.9982E-05 9.9982E-05 0.0368286 0.0025315 0.141403 0.819037
0.0928413 9.9982E-05 0.00931668 0.221721 9.9982E-05 0.675921
0.0793147 0.311341 9.9973E-05 9.9973E-05 9.9973E-05 0.609044
9.9973E-05 9.9973E-05 0.00450385 9.9973E-05 0.554871 0.440325
0.0373921 0.412909 9.9982E-05 9.9982E-05 0.041258 0.508241
9.9982E-05 9.9982E-05 0.0271216 0.129067 0.0559237 0.787687
9.9982E-05 0.149507 0.0632268 0.245585 9.9982E-05 0.541481
0.115838 0.0326081 9.9991E-05 0.0659414 0.0771445 0.708368
0.0455184 9.9982E-05 9.9982E-05 0.602698 0.0562832 0.2953
9.99729E-05 0.513203 0.0748687 9.99729E-05 9.99729E-05 0.411629
0.0872185 0.450079 9.9973E-05 9.9973E-05 9.9973E-05 0.462403
0.129716 9.9991E-05 0.135914 0.0698614 0.0640212 0.600388
9.9973E-05 9.9973E-05 9.9973E-05 0.324945 0.0341568 0.640598
0.111315 0.115895 0.0216945 9.9982E-05 9.9982E-05 0.750895
0.0466733 0.203015 9.9973E-05 9.9973E-05 9.9973E-05 0.750012
0.0475238 0.56033 9.9982E-05 0.216953 9.9982E-05 0.174993
0.0309828 0.197908 9.9982E-05 0.267201 0.503709 9.9982E-05
0.0324964 0.587963 0.0380806 0.13185 0.0720951 0.137515
0.0560996 9.9982E-05 9.9982E-05 0.598241 0.189099 0.156361
9.9982E-05 9.9982E-05 0.00153369 0.00749173 0.940376 0.0503982
9.99729E-05 0.732547 9.99729E-05 0.164496 9.99729E-05 0.102657
0.0865698 0.453852 9.99729E-05 9.99729E-05 0.459278 9.99729E-05
9.9982E-05 0.206699 0.117305 0.567494 9.9982E-05 0.108302
0.128074 0.4669 9.9973E-05 9.9973E-05 0.404725 9.9973E-05
9.9973E-05 0.0341916 9.9973E-05 0.389032 0.576477 9.9973E-05
0.0029487 0.704318 0.0525967 0.0448193 0.0633016 0.132016
0.109098 0.583933 9.9973E-05 9.9973E-05 0.306669 9.9973E-05
9.9991E-05 0.00203863 0.0254302 0.0463365 0.895423 0.0306716
9.9973E-05 0.77004 9.9973E-05 0.118755 9.9973E-05 0.110905
0.0749183 0.710708 9.9973E-05 9.9973E-05 0.214074 9.9973E-05
0.0187872 0.601127 9.9982E-05 0.327528 9.9982E-05 0.0523583
9.9964E-05 0.0269565 9.9964E-05 9.9964E-05 0.972644 9.9964E-05
0.032866 0.752256 0.0212548 0.0181108 0.175412 9.9991E-05
9.9982E-05 0.64967 0.0108969 0.145078 9.9982E-05 0.194155
0.0466838 0.160084 9.9982E-05 0.763597 0.0294345 9.9982E-05
0.103331 0.39008 9.9991E-05 0.169232 0.078787 0.258471
0.10084 0.516462 9.9991E-05 0.113804 0.140068 0.128725
9.99639E-05 9.99639E-05 9.99639E-05 0.19746 0.80214 9.99639E-05
0.11337 0.363773 0.0315963 0.470777 0.0203844 9.9991E-05
0.103061 0.300592 0.0365837 0.272731 0.286932 9.9991E-05
0.0759833 9.9991E-05 0.0639195 0.267058 0.288568 0.304371
0.0830851 0.527377 0.0670406 0.141972 0.029029 0.151497
0.0795227 0.235774 0.0904857 9.9991E-05 0.146527 0.447591
0.0282729 0.00352238 0.0358398 0.0238599 0.702218 0.206287
0.105081 0.0487217 0.0167075 0.441273 0.2341 0.154117
0.0407093 9.9991E-05 0.0183992 0.491813 0.267209 0.18177
0.109775 0.435508 9.9982E-05 9.9982E-05 0.303568 0.150949
9.99729E-05 9.99729E-05 9.99729E-05 0.370163 0.511303 0.118234
9.9973E-05 0.704953 9.9973E-05 0.190296 9.9973E-05 0.104451
9.99729E-05 9.99729E-05 9.99729E-05 0.361812 0.457176 0.180712
0.0878815 0.411884 9.9982E-05 9.9982E-05 0.36525 0.134785
0.0272471 0.585545 9.9982E-05 9.9982E-05 0.150887 0.236121
0.0945423 0.281584 0.111289 0.0653458 0.106077 0.341161
9.9982E-05 0.197319 0.0527309 0.507404 9.9982E-05 0.242346
0.154333 0.159149 0.00369889 0.169677 0.154598 0.358544
0.0672325 0.387569 9.9991E-05 0.0434388 0.103247 0.398413
9.9973E-05 9.9973E-05 9.9973E-05 0.124488 0.569206 0.306006
0.00788714 0.0085273 9.9982E-05 9.9982E-05 0.783195 0.20019
0.00787857 9.9982E-05 0.0452368 0.703003 0.243682 9.9982E-05
0.0362657 9.9991E-05 0.0522335 0.121267 0.636 0.154134
9.9982E-05 0.0114586 9.9982E-05 0.0139321 0.61242 0.36199
0.0444716 0.0148554 0.11891 0.538854 0.28281 9.9991E-05
9.99729E-05 0.0714399 9.99729E-05 0.669585 0.258675 9.99729E-05
0.0501889 0.778313 0.0265011 0.144797 9.9982E-05 9.9982E-05
0.0237749 0.731633 9.9973E-05 0.244292 9.9973E-05 9.9973E-05
0.0428341 0.106804 9.9973E-05 0.850062 9.9973E-05 9.9973E-05
9.99729E-05 0.73242 9.99729E-05 0.26463 9.99729E-05 0.00265042
9.9973E-05 0.802054 9.9973E-05 0.129005 9.9973E-05 0.0686413
0.150364 0.606005 9.9982E-05 0.16342 9.9982E-05 0.0800109
9.9973E-05 0.755044 9.9973E-05 0.201393 9.9973E-05 0.0432629
0.0387314 0.0244964 9.9982E-05 0.780496 0.156076 9.9982E-05
9.9964E-05 9.9964E-05 9.9964E-05 0.343128 0.656472 9.9964E-05
9.9982E-05 0.423994 0.060956 0.450726 9.9982E-05 0.0641239
0.00409461 9.9991E-05 0.0140458 0.829133 0.108221 0.0444056
0.100425 0.00390859 0.07272 0.793355 0.0294918 9.9991E-05
9.9973E-05 0.28171 9.9973E-05 0.684121 9.9973E-05 0.0338693
9.9964E-05 9.9964E-05 9.9964E-05 0.747612 0.251988 9.9964E-05
9.9991E-05 0.121162 0.0417364 0.698612 0.0441406 0.0942485
0.147787 0.472379 0.0647869 0.300696 0.0142513 9.9991E-05
0.0439208 0.11303 0.0671222 0.720091 0.0557356 9.9991E-05
9.9982E-05 0.145443 0.0306396 0.682711 9.9982E-05 0.141006
9.9973E-05 0.719623 9.9973E-05 0.218727 9.9973E-05 0.0613505
9.9982E-05 0.465012 0.0209892 0.426774 9.9982E-05 0.0870257
9.9973E-05 9.9973E-05 0.062175 0.643752 0.293773 9.9973E-05
9.9973E-05 9.9973E-05 0.0345591 0.906101 9.9973E-05 0.0590397
9.9964E-05 9.9964E-05 9.9964E-05 0.459911 0.539689 9.9964E-05
9.99729E-05 0.741361 9.99729E-05 0.235339 9.99729E-05 0.0230001
0.0323244 0.35253 0.0398903 0.575055 9.9982E-05 9.9982E-05
9.9973E-05 9.9973E-05 0.0174396 0.629741 0.35252 9.9973E-05
0.0243696 0.763685 0.0712974 9.9991E-05 0.0774575 0.0630903
0.0983421 0.600365 9.9982E-05 0.0403101 0.260783 9.9982E-05
0.0776044 9.9991E-05 0.0765616 0.402445 0.337789 0.1055
0.138879 0.131322 0.00889174 0.123571 0.485236 0.112099
0.134513 0.630458 9.9982E-05 0.1201 0.114729 9.9982E-05
0.0756471 0.781258 9.9973E-05 9.9973E-05 0.142795 9.9973E-05
0.0169264 0.802975 0.0880009 9.9982E-05 0.091898 9.9982E-05
0.0585518 0.0258187 9.9982E-05 9.9982E-05 0.872599 0.0428305
0.0789097 0.0102622 0.0126342 0.631797 0.266297 9.9991E-05
0.0727028 0.300264 0.0398255 0.228466 9.9991E-05 0.358642
0.0213788 0.727239 9.9991E-05 0.117464 0.11086 0.0229584
0.020603 9.9991E-05 0.0144861 0.133956 0.57307 0.257785
0.0880679 0.142417 9.9982E-05 0.670761 0.098554 9.9982E-05
0.0655295 0.100591 0.0182878 0.70118 0.114311 9.9991E-05
0.107975 0.275087 9.9991E-05 0.0791989 0.151587 0.386052
9.9982E-05 9.9982E-05 0.0112207 0.71977 0.0368285 0.23198
9.9982E-05 0.451066 0.044364 0.407977 9.9982E-05 0.0963939
0.0580749 0.402349 0.00552423 0.432214 0.00516369 0.0966747
0.0835658 0.757402 9.9973E-05 9.9973E-05 0.158732 9.9973E-05
0.0662857 0.0113962 0.149292 0.39752 0.375406 9.9991E-05
9.9982E-05 0.714647 0.057111 0.123534 0.104508 9.9982E-05
9.9991E-05 0.735157 0.0149767 0.151783 0.0714261 0.0265578
9.9964E-05 9.9964E-05 9.9964E-05 0.495785 0.503815 9.9964E-05
0.000349013 0.22714 9.9982E-05 0.709527 0.0627833 9.9982E-05
9.9973E-05 9.9973E-05 0.0758938 0.784356 0.139451 9.9973E-05
0.063352 0.827257 0.0278768 0.0733428 0.00807153 9.9991E-05
0.118059 0.464002 0.207317 0.10907 0.0226123 0.0789406
9.9973E-05 0.666974 0.0850931 0.247633 9.9973E-05 9.9973E-05
0.0195612 9.9973E-05 9.9973E-05 0.560666 0.419473 9.9973E-05
9.9982E-05 0.583059 0.0604058 0.343528 9.9982E-05 0.0128071
0.013474 0.653717 0.0540554 0.208335 9.9991E-05 0.0703186
9.9982E-05 0.760354 0.0110305 0.0901105 9.9982E-05 0.138305
9.9973E-05 9.9973E-05 9.9973E-05 0.661245 0.22316 0.115296
0.0358409 0.211258 9.9973E-05 0.752601 9.9973E-05 9.9973E-05
0.0655002 0.680441 9.9982E-05 0.190115 0.0637438 9.9982E-05
9.9991E-05 0.15102 0.0906798 0.467888 0.271366 0.0189467
0.00241868 0.756015 0.0405499 0.111622 9.9991E-05 0.0892951
9.9982E-05 0.38496 9.9982E-05 0.20185 0.17943 0.23356
0.0441045 0.299569 0.076973 0.554602 9.9991E-05 0.0246518
9.9964E-05 9.9964E-05 9.9964E-05 0.503425 0.496176 9.9964E-05
0.0746324 0.286928 0.00891045 0.629329 9.9982E-05 9.9982E-05
0.0853268 0.0529848 9.9991E-05 0.308107 0.233338 0.320143
9.9973E-05 9.9973E-05 9.9973E-05 0.157788 0.545686 0.296227
0.00942934 0.0991421 0.0474079 0.741619 9.9991E-05 0.102301
9.9973E-05 9.9973E-05 0.0124778 0.584247 9.9973E-05 0.402975
0.0184357 0.19123 9.9991E-05 0.604244 0.141112 0.0448778
0.0135508 0.646246 9.9991E-05 0.186866 0.0294439 0.123794
0.054099 9.9982E-05 9.9982E-05 0.0698107 0.717701 0.15819
0.127359 0.623862 0.00214027 9.9991E-05 0.245905 0.000633282
0.0191573 0.454155 0.000662462 0.183125 9.9991E-05 0.342801
0.0422106 0.48 9.9991E-05 0.0567313 0.1071 0.313857
9.9973E-05 9.9973E-05 9.9973E-05 0.155582 0.396334 0.447784
9.99729E-05 9.99729E-05 9.99729E-05 0.200765 0.544831 0.254105
0.0878661 0.675025 9.9982E-05 0.155747 0.0811628 9.9982E-05
0.0274722 0.07969 0.0595212 0.781816 9.9991E-05 0.0514008
0.0690481 0.0921903 0.0129322 0.430197 0.0454768 0.350155
9.9973E-05 9.9973E-05 9.9973E-05 0.118037 0.599977 0.281686
0.0633846 0.246877 9.9991E-05 0.0260834 0.169055 0.4945
0.137136 0.460356 9.9991E-05 0.0468576 0.159363 0.196187
0.0123301 0.722964 9.9991E-05 0.244868 0.00131055 0.018427
9.9973E-05 0.570297 9.9973E-05 0.184055 9.9973E-05 0.245348
0.028402 0.350156 9.9991E-05 0.0536275 0.0851538 0.48256
0.0388912 9.9982E-05 9.9982E-05 0.74203 0.184809 0.0340698
9.9982E-05 0.650602 0.0186075 0.250981 9.9982E-05 0.0796098
9.9973E-05 9.9973E-05 9.9973E-05 0.76769 0.146646 0.0853642
9.9982E-05 0.119021 0.0256734 0.703619 9.9982E-05 0.151487
0.0184256 0.685644 0.0342093 0.261521 9.9982E-05 9.9982E-05
9.9982E-05 9.9982E-05 0.036806 0.519965 0.42766 0.0153691
9.9982E-05 9.9982E-05 0.0195605 0.18918 0.287016 0.504044
0.0257601 9.9982E-05 9.9982E-05 0.738335 0.190003 0.0457024
0.102077 0.423903 9.9982E-05 9.9982E-05 0.194134 0.279687
0.125748 0.203007 9.9991E-05 0.297719 0.194664 0.178762
0.0949685 0.423787 0.000125647 0.378151 0.101586 0.00138137
9.9982E-05 9.9982E-05 0.0221176 0.293827 0.522357 0.161498
0.0640485 0.678865 0.00543734 0.0842374 0.0978359 0.0695755
0.0734482 0.0309224 0.182095 0.445832 0.0986885 0.169015
0.0384447 0.552021 0.0441804 0.163855 9.9991E-05 0.201399
0.0975296 0.640355 0.00741642 0.115775 9.9991E-05 0.138824
0.0544136 0.589583 9.9991E-05 0.139913 0.058074 0.157917
0.0856802 0.630597 0.00451606 0.216625 0.0157056 0.0468765
0.0556199 0.532923 0.0872289 0.116492 0.118676 0.08906
0.140079 9.9982E-05 0.0456846 0.659231 9.9982E-05 0.154805
0.0345282 9.9991E-05 0.0840431 0.709139 0.11965 0.0525402
0.064448 0.636836 0.0216452 9.9991E-05 0.176561 0.10041
0.00658392 0.376438 9.9982E-05 9.9982E-05 0.18435 0.432428
0.100544 0.0409544 0.0580457 0.298745 0.246908 0.254804
0.0263339 9.9973E-05 9.9973E-05 9.9973E-05 0.750686 0.22268
9.9964E-05 9.9964E-05 9.9964E-05 0.64986 0.34974 9.9964E-05
9.9982E-05 9.9982E-05 0.00601828 0.132071 0.650592 0.211119
