0.059078 0.0887936 0.146269 0.147775 0.558085
0.0783105 9.9991E-05 0.12992 0.10035 0.69132
0.0560864 9.9991E-05 0.0353594 0.687088 0.221366
9.999E-05 0.147791 0.126471 0.0185963 0.707041
0.0454615 0.090569 0.238916 9.9991E-05 0.624953
0.15344 9.9991E-05 0.0746737 0.404023 0.367763
0.0129487 9.9991E-05 0.0298359 0.741298 0.215817
0.149783 9.9982E-05 9.9982E-05 0.444846 0.405172
0.083859 0.0687636 9.9991E-05 0.115803 0.731475
9.9973E-05 0.164964 9.9973E-05 0.834736 9.9973E-05
9.999E-05 0.0822178 0.137134 0.0521716 0.728377
9.9982E-05 0.0904728 9.9982E-05 0.0639771 0.84535
0.0702693 0.0728575 0.35888 0.15075 0.347243
0.0298357 9.9982E-05 9.9982E-05 0.693355 0.276609
9.9982E-05 0.0626616 9.9982E-05 0.038624 0.898514
0.0455673 0.0301001 0.166159 0.758074 9.9991E-05
9.9982E-05 9.9982E-05 0.0993176 0.636226 0.264256
0.00318773 9.9991E-05 0.100733 0.528793 0.367186
9.9991E-05 0.0372089 0.087776 0.137995 0.73692
0.0129395 0.865084 0.112994 9.9991E-05 0.00888244
9.9973E-05 0.924277 0.0754232 9.9973E-05 9.9973E-05
0.0266692 0.870338 0.0983032 0.00458962 9.9991E-05
9.9982E-05 0.790226 0.0364424 9.9982E-05 0.173131
9.99729E-05 0.81106 9.99729E-05 9.99729E-05 0.18864
0.257101 0.38409 9.99819E-05 0.358609 9.99819E-05
0.185395 0.455794 9.9982E-05 9.9982E-05 0.358611
0.267912 0.288075 9.9982E-05 0.443813 9.9982E-05
0.119145 0.467491 0.185718 9.9991E-05 0.227546
9.99819E-05 0.827306 0.0925983 0.079896 9.99819E-05
9.9973E-05 0.947471 9.9973E-05 9.9973E-05 0.0522294
0.023375 0.664264 0.000295897 0.311965 9.9991E-05
0.504414 0.225099 0.121482 0.148905 9.9991E-05
9.99729E-05 0.567549 9.99729E-05 0.432151 9.99729E-05
0.0958801 0.603264 9.9982E-05 0.300656 9.9982E-05
9.9982E-05 0.914177 9.9982E-05 0.0163711 0.069252
9.99729E-05 0.843051 9.99729E-05 9.99729E-05 0.156649
9.9991E-05 0.822357 0.0281401 0.065055 0.0843484
9.9973E-05 0.811701 9.9973E-05 9.9973E-05 0.187999
0.863941 9.9982E-05 0.0297896 9.9982E-05 0.106069
0.704189 9.9982E-05 0.201546 0.0940651 9.9982E-05
0.435203 0.0793073 9.9982E-05 0.48529 9.9982E-05
0.536001 0.151786 0.188236 9.9991E-05 0.123877
0.610844 0.249293 0.0602676 0.0794959 9.9991E-05
0.593057 0.0778922 0.0116533 0.317298 9.9991E-05
0.320021 0.205928 9.9982E-05 9.9982E-05 0.473852
0.606047 9.9973E-05 9.9973E-05 9.9973E-05 0.393653
0.432793 0.141324 9.9982E-05 0.425682 9.9982E-05
0.84291 9.9982E-05 0.0683369 9.9982E-05 0.0885531
0.361011 9.9982E-05 0.283632 0.355157 9.9982E-05
0.751337 0.00258926 9.9982E-05 9.9982E-05 0.245873
0.753339 9.9982E-05 0.219274 0.0271868 9.9982E-05
0.500163 0.210539 0.21269 9.9991E-05 0.0765077
0.43836 0.19788 9.9982E-05 9.9982E-05 0.363561
0.53719 0.0440563 9.9982E-05 9.9982E-05 0.418553
0.375918 0.207364 0.00926379 9.9991E-05 0.407354
0.0475455 0.59411 9.9982E-05 9.9982E-05 0.358144
0.791937 9.99819E-05 0.0845107 0.123352 9.99819E-05
0.597991 0.206616 0.195192 9.9982E-05 9.9982E-05
0.706432 9.9982E-05 0.122835 0.170533 9.9982E-05
0.756684 0.0510836 0.0186201 9.9991E-05 0.173512
0.710405 0.0622675 9.99819E-05 9.99819E-05 0.227127
0.70067 9.9973E-05 9.9973E-05 9.9973E-05 0.29903
0.588342 0.0238203 0.143939 0.243798 9.9991E-05
0.533959 0.185594 9.9982E-05 9.9982E-05 0.280246
0.491375 9.9973E-05 9.9973E-05 0.508325 9.9973E-05
0.396442 0.199567 9.9982E-05 9.9982E-05 0.403791
0.673278 0.0184647 9.9982E-05 9.9982E-05 0.308058
0.620673 0.0318277 9.9982E-05 9.9982E-05 0.3473
0.508475 0.170837 9.9991E-05 0.0614167 0.259171
0.414783 0.358533 0.0564222 0.133405 0.0368564
0.316231 0.241111 0.136046 0.306512 9.9991E-05
0.554047 9.9973E-05 9.9973E-05 0.445654 9.9973E-05
9.9973E-05 0.771401 9.9973E-05 9.9973E-05 0.2283
0.685735 9.99819E-05 0.0143019 0.299763 9.99819E-05
0.646796 0.0878597 9.9982E-05 9.9982E-05 0.265144
0.274654 0.322492 9.9982E-05 9.9982E-05 0.402655
0.0220719 0.675571 9.99819E-05 0.302157 9.99819E-05
0.260178 0.219742 9.9982E-05 0.51988 9.9982E-05
0.0808822 0.653725 9.99819E-05 0.265193 9.99819E-05
0.377958 0.414518 0.20636 0.0010637 9.9991E-05
0.292709 0.204604 0.257009 0.245578 9.9991E-05
0.465288 0.327972 9.9982E-05 9.9982E-05 0.20654
0.756561 0.0782171 0.0906028 9.9991E-05 0.0745196
0.501181 0.261788 0.0937996 0.0246674 0.118564
0.653285 9.9973E-05 9.9973E-05 0.346415 9.9973E-05
0.623897 0.168828 0.163965 9.9991E-05 0.04321
0.63438 0.0183741 9.9982E-05 9.9982E-05 0.347046
0.278551 0.348326 9.9991E-05 0.370566 0.0024573
0.545974 9.9973E-05 9.9973E-05 0.453726 9.9973E-05
0.289645 0.360175 9.9982E-05 9.9982E-05 0.34998
0.638027 9.99729E-05 9.99729E-05 0.361673 9.99729E-05
0.582884 0.010152 9.9991E-05 0.383352 0.0235119
0.379752 0.178139 9.9982E-05 9.9982E-05 0.441909
0.716069 9.9982E-05 9.9982E-05 0.124343 0.159389
0.541698 0.117012 9.9991E-05 0.189994 0.151195
0.0514983 9.9982E-05 0.717994 0.230307 9.9982E-05
0.137384 0.0376833 0.684111 0.140721 9.9991E-05
0.0734262 0.036385 0.853911 9.9991E-05 0.0361783
0.0758711 9.9982E-05 0.432351 9.9982E-05 0.491578
9.9982E-05 0.00537855 0.682646 0.311775 9.9982E-05
0.0521548 9.9991E-05 0.280445 0.115667 0.551633
9.9982E-05 9.9982E-05 0.4629 0.526693 0.0102074
0.0397944 9.9982E-05 0.822351 0.137655 9.9982E-05
0.0835182 0.0381781 0.701312 0.1672 0.0097913
9.9982E-05 0.135989 0.58051 9.9982E-05 0.283301
0.00328291 0.01709 0.541326 0.438201 9.9991E-05
0.00311544 0.116319 0.485413 0.0147846 0.380368
0.0411513 9.9982E-05 0.801485 0.157163 9.9982E-05
0.10609 9.9991E-05 0.584824 0.0405744 0.268412
9.9991E-05 0.125629 0.730751 0.0811189 0.0624012
9.9982E-05 9.9982E-05 0.341736 0.470767 0.187296
0.0962422 0.0180036 0.356612 9.9991E-05 0.529042
9.9982E-05 0.143684 0.443213 9.9982E-05 0.412903
0.1818 0.0905974 0.606881 0.120622 9.9991E-05
0.0285248 9.9991E-05 0.670591 0.290091 0.0106931
0.0414332 0.0980738 0.756522 9.9991E-05 0.103871
9.9982E-05 0.0902492 0.755059 9.9982E-05 0.154492
0.0129394 0.0951625 0.184788 0.0560359 0.651074
9.9982E-05 0.0947397 9.9982E-05 0.693982 0.211079
0.0320107 0.0977926 0.155113 0.0873272 0.627756
9.9991E-05 0.00164108 0.219576 0.573165 0.205517
9.9982E-05 0.0480603 0.0473693 0.90437 9.9982E-05
9.9982E-05 0.0464965 0.116867 9.9982E-05 0.836437
9.9982E-05 0.248718 9.9982E-05 0.375761 0.375321
0.156038 9.9991E-05 0.148371 0.273989 0.421502
9.9982E-05 0.300417 9.9982E-05 0.30888 0.390503
0.0127074 0.016735 9.9991E-05 0.912036 0.0584213
0.0701438 0.0750533 0.120417 9.9991E-05 0.734286
9.9982E-05 0.299761 9.9982E-05 0.193132 0.506907
9.9982E-05 0.038232 0.0415987 0.919969 9.9982E-05
9.9973E-05 9.9973E-05 0.128983 9.9973E-05 0.870717
9.9982E-05 0.258084 9.9982E-05 0.0722944 0.669421
9.9991E-05 0.0695571 0.0698116 0.124279 0.736252
9.9973E-05 0.0768136 9.9973E-05 0.922886 9.9973E-05
0.00514592 0.141091 9.9991E-05 0.116136 0.737527
0.0514035 9.9982E-05 0.2027 9.9982E-05 0.745696
0.0171952 9.9991E-05 0.0135514 0.509453 0.4597
9.9991E-05 0.177095 0.278441 0.141577 0.402788
9.9991E-05 0.154542 0.146917 0.169828 0.528613
9.9973E-05 0.0450346 9.9973E-05 0.954665 9.9973E-05
0.0873678 0.0917335 9.9991E-05 0.292495 0.528303
0.0850702 0.110249 9.9991E-05 0.428369 0.376211
0.0887868 0.0669038 0.346352 0.497857 9.9991E-05
0.0734085 0.139084 0.150022 0.0728548 0.56463
0.11351 0.142618 0.53612 0.0032218 0.20453
9.9982E-05 0.101744 0.221234 0.676822 9.9982E-05
0.0587633 0.0806806 0.19228 0.504677 0.163599
0.0579412 0.00582189 0.243844 0.629894 0.0624991
9.9991E-05 0.211208 0.195797 0.217408 0.375487
9.9973E-05 9.9973E-05 0.176496 0.823204 9.9973E-05
9.9991E-05 0.0172198 0.139036 0.0380938 0.80555
9.9991E-05 0.0123094 0.274657 0.703446 0.00948816
9.9991E-05 0.219729 0.214984 0.237753 0.327433
9.9991E-05 0.146515 0.261857 0.0453779 0.546149
0.143397 0.104251 0.353439 0.110704 0.28821
0.103036 9.9991E-05 0.275271 0.231114 0.390479
0.048087 0.134238 0.386131 0.226306 0.205238
9.9991E-05 0.131533 0.424351 0.0901767 0.353839
9.9973E-05 9.9973E-05 0.370544 0.629156 9.9973E-05
9.9982E-05 0.0738361 0.197059 0.728905 9.9982E-05
0.0910445 9.9991E-05 0.00615207 0.727312 0.175391
0.0296891 0.0739452 0.193417 0.702848 9.9991E-05
9.9973E-05 9.9973E-05 0.421879 0.577821 9.9973E-05
0.152525 0.0310579 9.9991E-05 0.676824 0.139493
0.0295387 9.9991E-05 0.0120579 0.713511 0.244792
0.0439299 0.110512 9.9982E-05 9.9982E-05 0.845358
9.9991E-05 0.0968318 0.00100261 0.0271751 0.87489
0.0368823 9.9991E-05 0.0152753 0.506465 0.441277
9.9991E-05 0.0164977 0.0340127 0.0554007 0.893989
9.9982E-05 0.0307543 0.0566313 9.9982E-05 0.912414
9.9991E-05 0.222008 0.0924934 0.0208937 0.664505
9.9991E-05 0.0661414 0.0198328 0.0340517 0.879874
9.9982E-05 0.00113432 9.9982E-05 0.712038 0.286628
9.9991E-05 0.00986595 0.0292458 0.954871 0.00591702
0.146551 9.9991E-05 0.10017 0.0685962 0.684583
0.0228769 9.9991E-05 0.0894747 0.706064 0.181485
0.136473 0.0166567 9.9991E-05 0.549282 0.297488
0.0246404 9.9991E-05 0.076063 0.317442 0.581754
0.0133657 9.9991E-05 0.0354739 0.819674 0.131387
0.0530131 9.9991E-05 0.137706 0.484503 0.324677
0.118157 0.139737 9.9991E-05 0.162831 0.579175
0.115006 9.9982E-05 9.9982E-05 0.525042 0.359752
0.0793832 9.9991E-05 0.169584 0.32533 0.425602
0.00516723 0.0378373 0.0775901 0.0328904 0.846515
0.0884103 9.9991E-05 0.114263 0.114036 0.683191
0.0688291 9.9991E-05 0.037391 0.769122 0.124558
0.0610354 9.9991E-05 0.112894 0.525698 0.300272
9.9982E-05 9.9982E-05 0.0311307 0.944421 0.0242488
9.9973E-05 9.9973E-05 0.0640306 9.9973E-05 0.935669
0.12492 9.9982E-05 9.9982E-05 0.242498 0.632382
0.0302148 9.9991E-05 0.0533097 0.85087 0.0655056
0.0741672 0.114188 0.0515331 0.011983 0.748129
9.9982E-05 0.195095 9.9982E-05 0.239272 0.565433
0.0968868 0.0518968 0.170434 0.680682 9.9991E-05
0.0186675 0.185944 0.149385 0.568633 0.0773706
9.9982E-05 0.202357 9.9982E-05 0.141064 0.656379
9.9982E-05 0.171377 9.9982E-05 0.0716758 0.756747
0.088787 0.109916 9.9991E-05 0.00505323 0.796144
9.9982E-05 0.131896 0.0690963 0.798808 9.9982E-05
0.0624264 0.0425391 9.9991E-05 0.71856 0.176374
0.107103 0.0635495 0.374484 0.0515907 0.403273
9.9991E-05 0.0967692 0.0291344 0.104035 0.769962
9.9982E-05 0.0643659 0.297055 0.638379 9.9982E-05
0.0502076 0.0421094 0.00372462 0.52753 0.376428
0.0814347 0.010478 9.9991E-05 0.57222 0.335767
0.0205425 0.131156 0.413404 0.151769 0.283129
0.0307217 9.9991E-05 0.292785 0.518874 0.15752
0.0909981 9.9991E-05 0.129225 0.125738 0.653939
0.0812654 0.0112078 0.136434 0.188028 0.583064
9.9982E-05 0.198467 9.9982E-05 0.0757566 0.725576
0.177633 0.0697813 9.9991E-05 0.672779 0.079706
0.0864507 0.0243115 9.9991E-05 0.10194 0.787198
0.0281037 0.0642995 0.0259824 0.0952719 0.786342
9.9982E-05 0.00653586 9.9982E-05 0.931962 0.0613024
9.99729E-05 9.99729E-05 9.99729E-05 0.502025 0.497675
0.113529 9.9982E-05 9.9982E-05 0.655561 0.23071
0.0216904 0.13249 9.9982E-05 9.9982E-05 0.845619
0.222445 0.143599 0.0865396 0.049611 0.497805
0.167302 9.9991E-05 0.010628 0.00318789 0.818782
9.9982E-05 0.0236886 9.9982E-05 0.916472 0.0596392
0.128129 9.9991E-05 0.026111 0.0419686 0.803691
0.0986313 0.0491977 0.0704653 9.9991E-05 0.781606
0.0215582 0.0439788 0.12448 9.9991E-05 0.809883
0.000987255 9.9991E-05 0.158566 0.742312 0.0980349
0.0530246 9.9991E-05 0.0259594 0.446599 0.474317
9.9982E-05 0.139927 9.9982E-05 0.123809 0.736065
0.11603 9.9991E-05 0.0605921 0.564985 0.258293
0.0504375 0.0655285 0.0714191 9.9991E-05 0.812515
0.00383 0.0249257 0.268095 0.271432 0.431717
0.142275 9.9991E-05 0.0527968 0.281567 0.523262
9.9982E-05 0.0143054 9.9982E-05 0.935095 0.0503996
0.0899982 0.00587807 0.0193047 0.325488 0.559331
0.0273 0.0779178 0.352058 0.42779 0.114935
9.9982E-05 0.0104976 0.355588 0.633714 9.9982E-05
0.084777 9.9991E-05 0.141474 0.400403 0.373246
0.0492288 9.9991E-05 0.428129 0.424083 0.0984593
9.9982E-05 9.9982E-05 0.0901255 0.515925 0.39375
9.9991E-05 0.0685504 0.114839 0.0853371 0.731174
9.9982E-05 0.0982696 0.178089 0.723442 9.9982E-05
9.9991E-05 0.287426 0.0555385 0.105797 0.551139
0.0801368 0.00849844 0.315528 9.9991E-05 0.595737
9.9991E-05 0.119792 0.34444 0.0757471 0.459921
9.9973E-05 9.9973E-05 0.516883 0.482817 9.9973E-05
9.9973E-05 9.9973E-05 0.288219 0.711481 9.9973E-05
9.9982E-05 0.173852 9.9982E-05 0.115562 0.710385
0.108442 9.9991E-05 0.109173 0.417892 0.364393
0.0714683 0.00274735 0.377707 0.284133 0.263945
9.9973E-05 9.9973E-05 0.294684 0.705016 9.9973E-05
9.9991E-05 0.094298 0.561531 0.112012 0.232058
9.9991E-05 0.209416 0.231663 0.143013 0.415808
0.00675453 0.0667942 0.027645 0.0667802 0.832026
0.025571 0.0133205 0.294073 9.9991E-05 0.666936
9.9991E-05 0.082271 0.51761 0.0433113 0.356708
0.0278744 9.9991E-05 0.0944318 0.702929 0.174665
0.0772397 9.9982E-05 0.0970056 9.9982E-05 0.825555
9.9982E-05 9.9982E-05 0.124489 0.643014 0.232297
0.0821093 9.9991E-05 0.176145 0.339935 0.401711
0.0923708 0.0409694 9.9982E-05 9.9982E-05 0.86646
0.0389227 9.9991E-05 0.0691874 0.828157 0.0636325
0.0300296 9.9982E-05 0.574549 0.395221 9.9982E-05
0.0090685 9.9991E-05 0.0966842 0.697504 0.196644
9.9991E-05 0.189314 0.334337 0.0963913 0.379857
0.00468864 0.130123 0.242756 0.344696 0.277737
0.028879 0.0889494 0.0377515 0.29968 0.54474
0.00810237 0.0156509 0.222787 0.75336 9.9991E-05
0.00232252 0.160715 0.0873312 0.0736234 0.676008
0.218957 0.0204017 0.233784 0.374952 0.151906
0.0518478 0.0952224 0.205581 0.0291286 0.61822
9.9982E-05 0.168124 0.168568 9.9982E-05 0.663108
9.9991E-05 0.117831 0.181335 0.0794797 0.621255
0.0344053 0.120637 0.05146 0.0874643 0.706033
0.0668559 0.131971 0.100557 0.171387 0.52923
0.134792 0.0290922 0.213288 0.405374 0.217454
0.11881 9.9991E-05 0.0911298 0.642414 0.147546
0.00834422 0.200242 0.102827 0.117461 0.571126
9.9991E-05 0.1277 0.516971 0.0336356 0.321593
0.0831181 0.096808 0.300061 0.421754 0.0982592
9.9982E-05 0.0830978 0.269187 0.647515 9.9982E-05
9.9982E-05 9.9982E-05 0.0629489 0.898871 0.0379806
9.9973E-05 9.9973E-05 0.26218 0.73752 9.9973E-05
