9.9919E-05 9.9919E-05 9.9919E-05 9.9919E-05 9.9919E-05 0.0510769 0.378952 9.9919E-05 9.9919E-05 0.0864547 9.9919E-05 0.482617 9.9919E-05
9.99459E-05 0.0778889 9.99459E-05 9.99459E-05 0.095901 9.99459E-05 0.454972 9.99459E-05 0.00737727 0.0431173 0.151144 0.168999 9.99459E-05
0.0838478 9.99549E-05 0.0129971 9.99549E-05 9.99549E-05 0.00809678 0.035507 0.000150501 0.0269073 0.429761 0.402233 9.99549E-05 9.99549E-05
9.99459E-05 0.400409 9.99459E-05 0.0389719 0.0174099 0.0265865 0.169474 0.0563309 9.99459E-05 9.99459E-05 9.99459E-05 0.290218 9.99459E-05
0.0709032 0.212219 0.0258762 9.99549E-05 0.0696837 9.99549E-05 0.315766 0.0814437 0.200866 9.99549E-05 9.99549E-05 9.99549E-05 0.0227423
0.273284 9.99188E-05 0.029997 9.99188E-05 9.99188E-05 9.99188E-05 9.99188E-05 9.99188E-05 9.99188E-05 0.243102 9.99188E-05 0.452718 9.99188E-05
9.99188E-05 0.100316 9.99188E-05 9.99188E-05 9.99188E-05 9.99188E-05 9.99188E-05 9.99188E-05 9.99188E-05 0.430748 0.427855 0.0401816 9.99188E-05
0.23074 9.99369E-05 0.0343782 9.99369E-05 9.99369E-05 9.99369E-05 0.162943 9.99369E-05 9.99369E-05 0.275892 0.1076 0.187747 9.99369E-05
0.106082 0.37455 0.0417357 9.99369E-05 9.99369E-05 9.99369E-05 0.22821 9.99369E-05 9.99369E-05 9.99369E-05 0.0837895 0.164933 9.99369E-05
0.300947 9.99368E-05 9.99368E-05 0.0987876 9.99368E-05 0.03568 9.99368E-05 9.99368E-05 9.99368E-05 0.0786803 0.313586 9.99368E-05 0.171619
0.037228 0.257339 9.99459E-05 9.99459E-05 0.344224 9.99459E-05 0.172714 9.99459E-05 0.0218119 9.99459E-05 0.0390031 0.127081 9.99459E-05
0.321937 0.189766 9.99279E-05 9.99279E-05 0.0731557 9.99279E-05 0.332305 0.0820364 9.99279E-05 9.99279E-05 9.99279E-05 9.99279E-05 9.99279E-05
9.99459E-05 0.486038 0.0710235 0.0676592 9.99459E-05 9.99459E-05 9.99459E-05 9.99459E-05 0.219918 0.0805871 0.0631049 0.0110697 9.99459E-05
0.0899176 9.99279E-05 9.99279E-05 9.99279E-05 9.99279E-05 9.99279E-05 9.99279E-05 9.99279E-05 9.99279E-05 0.310605 0.300599 0.273753 0.0243267
0.133064 9.99099E-05 9.99099E-05 9.99099E-05 0.447984 9.99099E-05 0.417954 9.99099E-05 9.99099E-05 9.99099E-05 9.99099E-05 9.99099E-05 9.99099E-05
0.113631 9.99369E-05 0.0157635 0.220299 9.99369E-05 0.0139237 9.99369E-05 9.99369E-05 9.99369E-05 0.233673 0.40201 9.99369E-05 9.99369E-05
9.99189E-05 0.123733 9.99189E-05 9.99189E-05 9.99189E-05 9.99189E-05 9.99189E-05 9.99189E-05 9.99189E-05 0.339598 0.386631 0.149139 9.99189E-05
9.99278E-05 9.99278E-05 9.99278E-05 9.99278E-05 0.0355486 9.99278E-05 0.0802718 9.99278E-05 9.99278E-05 0.551118 0.119432 0.212829 9.99278E-05
0.0356063 0.390902 9.9946E-05 9.9946E-05 9.9946E-05 9.9946E-05 0.20631 0.0725586 0.0281766 0.161052 9.9946E-05 0.104794 9.9946E-05
9.99009E-05 9.99009E-05 9.99009E-05 9.99009E-05 0.223154 0.775747 9.99009E-05 9.99009E-05 9.99009E-05 9.99009E-05 9.99009E-05 9.99009E-05 9.99009E-05
9.99189E-05 0.0653457 9.99189E-05 0.0174203 9.99189E-05 0.815554 9.99189E-05 0.100781 9.99189E-05 9.99189E-05 9.99189E-05 9.99189E-05 9.99189E-05
9.99008E-05 9.99008E-05 9.99008E-05 9.99008E-05 9.99008E-05 0.832405 9.99008E-05 9.99008E-05 9.99008E-05 9.99008E-05 9.99008E-05 0.166496 9.99008E-05
9.99099E-05 0.081029 9.99099E-05 9.99099E-05 9.99099E-05 0.630695 9.99099E-05 0.287276 9.99099E-05 9.99099E-05 9.99099E-05 9.99099E-05 9.99099E-05
0.0154273 0.20664 9.99189E-05 9.99189E-05 0.0408629 0.73617 9.99189E-05 9.99189E-05 9.99189E-05 9.99189E-05 9.99189E-05 9.99189E-05 9.99189E-05
0.0186631 9.99278E-05 0.182984 9.99278E-05 9.99278E-05 0.460031 9.99278E-05 9.99278E-05 9.99278E-05 0.10207 0.235453 9.99278E-05 9.99278E-05
0.0737567 0.0417115 0.131102 9.99368E-05 0.0897874 0.416017 0.246925 9.99368E-05 9.99368E-05 9.99368E-05 9.99368E-05 9.99368E-05 9.99368E-05
9.99189E-05 9.99189E-05 0.201513 0.458847 9.99189E-05 0.248646 9.99189E-05 9.99189E-05 9.99189E-05 9.99189E-05 9.99189E-05 9.99189E-05 0.090095
9.9937E-05 9.9937E-05 0.0907138 9.9937E-05 0.178485 0.35706 0.130999 0.163488 0.0785552 9.9937E-05 9.9937E-05 9.9937E-05 9.9937E-05
9.99188E-05 9.99188E-05 9.99188E-05 0.000746849 9.99188E-05 0.829389 9.99188E-05 9.99188E-05 9.99188E-05 9.99188E-05 0.0561773 0.112787 9.99188E-05
9.99099E-05 0.126303 9.99099E-05 9.99099E-05 9.99099E-05 0.847905 9.99099E-05 0.0247932 9.99099E-05 9.99099E-05 9.99099E-05 9.99099E-05 9.99099E-05
9.99371E-05 9.99371E-05 9.99371E-05 0.124845 9.99371E-05 0.598853 9.99371E-05 0.113563 9.99371E-05 0.0859367 0.0515739 9.99371E-05 0.0245297
9.99459E-05 9.99459E-05 0.420271 0.0024144 9.99459E-05 0.243498 9.99459E-05 9.99459E-05 0.0850078 9.99459E-05 0.0921019 0.146613 0.0094943
9.99278E-05 9.99278E-05 9.99278E-05 0.146469 9.99278E-05 0.599988 9.99278E-05 9.99278E-05 9.99278E-05 0.0578621 0.129575 9.99278E-05 0.0653065
9.99189E-05 9.99189E-05 9.99189E-05 9.99189E-05 9.99189E-05 0.684805 9.99189E-05 9.99189E-05 9.99189E-05 0.182837 0.0653961 0.0660631 9.99189E-05
0.0205423 0.155999 9.99099E-05 9.99099E-05 9.99099E-05 0.82246 9.99099E-05 9.99099E-05 9.99099E-05 9.99099E-05 9.99099E-05 9.99099E-05 9.99099E-05
9.99099E-05 0.0760657 9.99099E-05 9.99099E-05 0.190587 0.732348 9.99099E-05 9.99099E-05 9.99099E-05 9.99099E-05 9.99099E-05 9.99099E-05 9.99099E-05
9.99009E-05 9.99009E-05 9.99009E-05 9.99009E-05 0.342393 0.656509 9.99009E-05 9.99009E-05 9.99009E-05 9.99009E-05 9.99009E-05 9.99009E-05 9.99009E-05
9.99189E-05 0.050537 9.99189E-05 9.99189E-05 9.99189E-05 0.669915 0.0254804 0.253168 9.99189E-05 9.99189E-05 9.99189E-05 9.99189E-05 9.99189E-05
9.99098E-05 9.99098E-05 0.773965 9.99098E-05 9.99098E-05 9.99098E-05 9.99098E-05 0.0180428 9.99098E-05 9.99098E-05 9.99098E-05 0.206993 9.99098E-05
9.99189E-05 9.99189E-05 0.639856 0.308298 9.99189E-05 9.99189E-05 9.99189E-05 9.99189E-05 0.0393129 9.99189E-05 0.0116342 9.99189E-05 9.99189E-05
9.99279E-05 9.99279E-05 0.39226 0.202325 9.99279E-05 0.0808251 9.99279E-05 9.99279E-05 9.99279E-05 0.0916041 9.99279E-05 9.99279E-05 0.232186
9.99189E-05 9.99189E-05 0.482263 0.127182 9.99189E-05 0.00681505 9.99189E-05 0.38284 9.99189E-05 9.99189E-05 9.99189E-05 9.99189E-05 9.99189E-05
9.99188E-05 9.99188E-05 0.522922 9.99188E-05 9.99188E-05 0.256152 9.99188E-05 9.99188E-05 9.99188E-05 9.99188E-05 0.0433045 0.176722 9.99188E-05
0.0224721 9.9955E-05 0.537759 0.0240918 9.9955E-05 0.0776954 9.9955E-05 9.9955E-05 0.0372477 0.0873725 0.124306 9.9955E-05 0.0885562
9.9919E-05 9.9919E-05 0.270923 9.9919E-05 9.9919E-05 0.117091 0.426258 0.184829 9.9919E-05 9.9919E-05 9.9919E-05 9.9919E-05 9.9919E-05
0.00187085 0.113334 0.581893 9.99279E-05 0.0398868 9.99279E-05 0.262216 9.99279E-05 9.99279E-05 9.99279E-05 9.99279E-05 9.99279E-05 9.99279E-05
9.99369E-05 9.99369E-05 0.376151 0.112022 9.99369E-05 0.170317 9.99369E-05 9.99369E-05 9.99369E-05 0.0587942 0.237891 9.99369E-05 0.0441245
0.00347673 9.99189E-05 0.760348 9.99189E-05 0.0312472 9.99189E-05 9.99189E-05 9.99189E-05 9.99189E-05 9.99189E-05 9.99189E-05 0.204029 9.99189E-05
9.99009E-05 9.99009E-05 0.293516 0.705385 9.99009E-05 9.99009E-05 9.99009E-05 9.99009E-05 9.99009E-05 9.99009E-05 9.99009E-05 9.99009E-05 9.99009E-05
9.9919E-05 9.9919E-05 0.671436 9.9919E-05 0.0571837 9.9919E-05 0.199508 0.0709733 9.9919E-05 9.9919E-05 9.9919E-05 9.9919E-05 9.9919E-05
9.99009E-05 9.99009E-05 0.646194 0.352707 9.99009E-05 9.99009E-05 9.99009E-05 9.99009E-05 9.99009E-05 9.99009E-05 9.99009E-05 9.99009E-05 9.99009E-05
0.0214569 0.0973978 0.500387 0.0278704 9.9946E-05 0.072012 9.9946E-05 0.196598 0.0836773 9.9946E-05 9.9946E-05 9.9946E-05 9.9946E-05
0.074536 0.119678 0.395244 9.99368E-05 0.251674 0.115019 0.0431492 9.99368E-05 9.99368E-05 9.99368E-05 9.99368E-05 9.99368E-05 9.99368E-05
0.105363 0.0977162 0.47707 9.99369E-05 0.201595 9.99369E-05 0.102585 9.99369E-05 9.99369E-05 0.0149703 9.99369E-05 9.99369E-05 9.99369E-05
9.9937E-05 9.9937E-05 0.328403 9.9937E-05 0.00388041 0.0670125 0.155509 0.44097 9.9937E-05 9.9937E-05 9.9937E-05 9.9937E-05 0.00352552
9.99369E-05 0.0771008 0.0306633 9.99369E-05 9.99369E-05 0.455158 0.0742121 0.359682 9.99369E-05 0.00248435 9.99369E-05 9.99369E-05 9.99369E-05
9.99278E-05 9.99278E-05 0.742444 0.0545283 9.99278E-05 9.99278E-05 9.99278E-05 9.99278E-05 0.0263672 9.99278E-05 0.108975 0.0668859 9.99278E-05
9.9937E-05 0.112633 0.574651 0.144613 0.0357274 0.0899236 9.9937E-05 9.9937E-05 0.0417519 9.9937E-05 9.9937E-05 9.9937E-05 9.9937E-05
9.99188E-05 9.99188E-05 0.657214 0.212159 9.99188E-05 9.99188E-05 9.99188E-05 9.99188E-05 0.00482732 9.99188E-05 0.1249 9.99188E-05 9.99188E-05
9.99188E-05 9.99188E-05 0.695415 9.99188E-05 0.12123 9.99188E-05 0.0553006 0.127155 9.99188E-05 9.99188E-05 9.99188E-05 9.99188E-05 9.99188E-05
9.993E-05 0.0221521 0.65212 9.993E-05 0.062139 0.0303962 0.114617 9.993E-05 9.993E-05 9.993E-05 9.993E-05 0.117876 9.993E-05
0.0323319 9.99189E-05 0.643455 9.99189E-05 0.103006 9.99189E-05 0.220308 9.99189E-05 9.99189E-05 9.99189E-05 9.99189E-05 9.99189E-05 9.99189E-05
9.99279E-05 9.99279E-05 0.494864 9.99279E-05 9.99279E-05 0.0576875 9.99279E-05 9.99279E-05 0.168823 9.99279E-05 0.258744 9.99279E-05 0.0190828
9.99098E-05 9.99098E-05 0.495103 9.99098E-05 9.99098E-05 0.0293116 9.99098E-05 0.474586 9.99098E-05 9.99098E-05 9.99098E-05 9.99098E-05 9.99098E-05
9.99189E-05 9.99189E-05 0.440891 9.99189E-05 9.99189E-05 9.99189E-05 9.99189E-05 9.99189E-05 9.99189E-05 0.373037 0.0825795 9.99189E-05 0.102594
0.0157314 0.148576 0.344517 9.99459E-05 0.130772 0.171227 0.131075 9.99459E-05 9.99459E-05 9.99459E-05 9.99459E-05 0.0575032 9.99459E-05
9.99189E-05 9.99189E-05 0.588823 9.99189E-05 0.0297973 9.99189E-05 0.2062 0.17428 9.99189E-05 9.99189E-05 9.99189E-05 9.99189E-05 9.99189E-05
9.9919E-05 9.9919E-05 0.511248 9.9919E-05 0.308339 9.9919E-05 0.100529 0.0789852 9.9919E-05 9.9919E-05 9.9919E-05 9.9919E-05 9.9919E-05
0.00439707 9.99368E-05 0.397364 9.99368E-05 9.99368E-05 0.202418 0.243737 9.99368E-05 9.99368E-05 0.0871763 9.99368E-05 0.0642078 9.99368E-05
9.99189E-05 9.99189E-05 0.308356 9.99189E-05 9.99189E-05 0.338189 9.99189E-05 9.99189E-05 9.99189E-05 9.99189E-05 9.99189E-05 0.345594 0.00696143
9.99369E-05 9.99369E-05 0.261608 0.287035 9.99369E-05 0.250068 9.99369E-05 9.99369E-05 0.0370666 9.99369E-05 0.0622116 9.99369E-05 0.101311
9.99189E-05 9.99189E-05 0.486144 0.0805015 9.99189E-05 9.99189E-05 9.99189E-05 9.99189E-05 9.99189E-05 0.319786 9.99189E-05 9.99189E-05 0.112669
9.99099E-05 9.99099E-05 9.99099E-05 9.99099E-05 9.99099E-05 0.635214 0.143005 0.220783 9.99099E-05 9.99099E-05 9.99099E-05 9.99099E-05 9.99099E-05
9.99368E-05 9.99368E-05 0.630193 0.0373248 9.99368E-05 9.99368E-05 9.99368E-05 9.99368E-05 0.00581744 0.040263 0.23707 9.99368E-05 0.0486318
0.0075311 9.99279E-05 0.608326 9.99279E-05 0.131157 0.0488653 0.203321 9.99279E-05 9.99279E-05 9.99279E-05 9.99279E-05 9.99279E-05 9.99279E-05
0.138257 0.279803 0.241836 9.99369E-05 9.99369E-05 0.248297 0.0890638 9.99369E-05 9.99369E-05 0.00204401 9.99369E-05 9.99369E-05 9.99369E-05
9.99278E-05 9.99278E-05 9.99278E-05 0.0497507 9.99278E-05 0.737929 9.99278E-05 9.99278E-05 9.99278E-05 0.0907121 0.120563 9.99278E-05 0.000246227
9.99279E-05 9.99279E-05 0.190107 0.309719 9.99279E-05 0.207938 9.99279E-05 9.99279E-05 9.99279E-05 0.17803 9.99279E-05 9.99279E-05 0.113406
9.99188E-05 9.99188E-05 0.00958985 9.99188E-05 9.99188E-05 0.7295 9.99188E-05 9.99188E-05 9.99188E-05 0.066856 0.193155 9.99188E-05 9.99188E-05
9.99279E-05 9.99279E-05 0.275836 0.0281766 9.99279E-05 0.385561 9.99279E-05 9.99279E-05 0.0261085 9.99279E-05 9.99279E-05 0.283519 9.99279E-05
9.99099E-05 9.99099E-05 0.241938 0.588677 9.99099E-05 0.168387 9.99099E-05 9.99099E-05 9.99099E-05 9.99099E-05 9.99099E-05 9.99099E-05 9.99099E-05
9.99189E-05 0.253839 0.437348 9.99189E-05 9.99189E-05 0.202684 9.99189E-05 0.10523 9.99189E-05 9.99189E-05 9.99189E-05 9.99189E-05 9.99189E-05
9.99279E-05 0.175483 0.714444 0.0593626 9.99279E-05 9.99279E-05 9.99279E-05 0.0423595 0.00755169 9.99279E-05 9.99279E-05 9.99279E-05 9.99279E-05
9.9928E-05 0.297539 0.475698 0.078924 9.9928E-05 0.109574 9.9928E-05 0.0374659 9.9928E-05 9.9928E-05 9.9928E-05 9.9928E-05 9.9928E-05
9.99279E-05 9.99279E-05 0.622241 0.116385 9.99279E-05 9.99279E-05 9.99279E-05 9.99279E-05 9.99279E-05 0.052667 0.111765 9.99279E-05 0.0961423
9.99369E-05 9.99369E-05 0.589786 9.99369E-05 0.158687 0.069383 9.99369E-05 0.0656066 0.0384989 9.99369E-05 9.99369E-05 0.0773387 9.99369E-05
9.99189E-05 0.133834 0.587399 9.99189E-05 9.99189E-05 9.99189E-05 0.174075 0.103792 9.99189E-05 9.99189E-05 9.99189E-05 9.99189E-05 9.99189E-05
9.99369E-05 9.99369E-05 0.186324 9.99369E-05 9.99369E-05 0.398469 9.99369E-05 9.99369E-05 9.99369E-05 0.252631 0.125318 0.0319961 0.00456221
9.99369E-05 9.99369E-05 0.487059 0.0168928 9.99369E-05 0.0122952 9.99369E-05 9.99369E-05 9.99369E-05 0.430513 0.000253367 9.99369E-05 0.0522876
9.99099E-05 9.99099E-05 0.163915 9.99099E-05 9.99099E-05 0.401197 0.433888 9.99099E-05 9.99099E-05 9.99099E-05 9.99099E-05 9.99099E-05 9.99099E-05
9.99098E-05 9.99098E-05 0.553064 9.99098E-05 9.99098E-05 0.0101455 9.99098E-05 9.99098E-05 9.99098E-05 0.435792 9.99098E-05 9.99098E-05 9.99098E-05
9.99099E-05 9.99099E-05 0.452694 9.99099E-05 9.99099E-05 0.0576758 9.99099E-05 9.99099E-05 9.99099E-05 0.488631 9.99099E-05 9.99099E-05 9.99099E-05
9.99189E-05 9.99189E-05 0.264594 9.99189E-05 9.99189E-05 0.139338 0.551688 0.043481 9.99189E-05 9.99189E-05 9.99189E-05 9.99189E-05 9.99189E-05
9.99189E-05 9.99189E-05 0.61552 9.99189E-05 9.99189E-05 9.99189E-05 0.112369 9.99189E-05 9.99189E-05 0.257021 9.99189E-05 0.0141915 9.99189E-05
9.99279E-05 9.99279E-05 0.417939 9.99279E-05 9.99279E-05 0.16025 0.142567 9.99279E-05 9.99279E-05 0.224454 9.99279E-05 0.0539898 9.99279E-05
9.99188E-05 9.99188E-05 9.99188E-05 0.297398 9.99188E-05 9.99188E-05 9.99188E-05 9.99188E-05 0.604303 9.99188E-05 0.0191674 9.99188E-05 0.0782326
9.99369E-05 9.99369E-05 0.0549623 0.229511 9.99369E-05 0.0297657 9.99369E-05 9.99369E-05 0.542647 0.0766366 9.99369E-05 0.0657777 9.99369E-05
9.99189E-05 0.00117854 9.99189E-05 0.0562145 9.99189E-05 9.99189E-05 9.99189E-05 0.17445 0.767258 9.99189E-05 9.99189E-05 9.99189E-05 9.99189E-05
0.0905924 9.991E-05 9.991E-05 9.991E-05 9.991E-05 9.991E-05 0.403535 9.991E-05 0.504873 9.991E-05 9.991E-05 9.991E-05 9.991E-05
9.99188E-05 9.99188E-05 9.99188E-05 0.121414 9.99188E-05 9.99188E-05 9.99188E-05 9.99188E-05 0.622595 9.99188E-05 0.0926598 9.99188E-05 0.162432
9.99278E-05 0.0804882 9.99278E-05 9.99278E-05 9.99278E-05 9.99278E-05 0.312809 9.99278E-05 0.155339 9.99278E-05 0.304806 0.145759 9.99278E-05
9.99098E-05 9.99098E-05 9.99098E-05 9.99098E-05 9.99098E-05 9.99098E-05 9.99098E-05 9.99098E-05 0.412533 0.477821 0.108647 9.99098E-05 9.99098E-05
9.99098E-05 9.99098E-05 9.99098E-05 0.241715 9.99098E-05 9.99098E-05 9.99098E-05 9.99098E-05 0.717319 9.99098E-05 0.0399666 9.99098E-05 9.99098E-05
9.99279E-05 9.99279E-05 9.99279E-05 9.99279E-05 9.99279E-05 0.0271974 9.99279E-05 9.99279E-05 0.593718 0.077156 0.0172956 0.283834 9.99279E-05
9.99279E-05 9.99279E-05 9.99279E-05 9.99279E-05 0.284074 0.0195554 0.0936713 0.0599279 0.541972 9.99279E-05 9.99279E-05 9.99279E-05 9.99279E-05
0.0150779 9.99189E-05 9.99189E-05 0.503665 9.99189E-05 9.99189E-05 9.99189E-05 9.99189E-05 0.269469 9.99189E-05 9.99189E-05 9.99189E-05 0.210888
0.0267009 9.99279E-05 9.99279E-05 9.99279E-05 0.467446 9.99279E-05 9.99279E-05 9.99279E-05 0.441597 0.0272834 9.99279E-05 9.99279E-05 0.0361736
9.99099E-05 9.99099E-05 9.99099E-05 0.0323179 9.99099E-05 9.99099E-05 9.99099E-05 9.99099E-05 0.71859 9.99099E-05 0.248093 9.99099E-05 9.99099E-05
9.99459E-05 0.0127424 0.0218641 9.99459E-05 0.0945281 9.99459E-05 0.0783898 9.99459E-05 0.483846 9.99459E-05 0.105569 0.20246 9.99459E-05
9.99279E-05 9.99279E-05 9.99279E-05 0.0650891 9.99279E-05 0.0324785 9.99279E-05 0.0132406 0.521048 9.99279E-05 9.99279E-05 0.367345 9.99279E-05
9.99459E-05 0.000693065 9.99459E-05 9.99459E-05 9.99459E-05 0.0111638 0.0815991 9.99459E-05 0.257752 0.153225 0.460807 0.0341603 9.99459E-05
9.99188E-05 0.254592 0.0265971 9.99188E-05 9.99188E-05 9.99188E-05 0.255761 9.99188E-05 0.46215 9.99188E-05 9.99188E-05 9.99188E-05 9.99188E-05
9.99188E-05 0.0938613 9.99188E-05 9.99188E-05 9.99188E-05 9.99188E-05 9.99188E-05 0.524451 0.322076 0.0587122 9.99188E-05 9.99188E-05 9.99188E-05
9.99369E-05 9.99369E-05 0.0940127 0.0424362 9.99369E-05 0.0616699 9.99369E-05 9.99369E-05 0.509309 9.99369E-05 9.99369E-05 0.262014 0.0298594
9.99098E-05 9.99098E-05 9.99098E-05 9.99098E-05 9.99098E-05 9.99098E-05 9.99098E-05 9.99098E-05 0.655486 0.0914501 0.252065 9.99098E-05 9.99098E-05
0.0079276 9.99279E-05 9.99279E-05 9.99279E-05 0.111834 0.04125 9.99279E-05 9.99279E-05 0.646968 9.99279E-05 9.99279E-05 0.191222 9.99279E-05
9.99099E-05 0.230128 9.99099E-05 9.99099E-05 9.99099E-05 9.99099E-05 9.99099E-05 0.114576 0.654297 9.99099E-05 9.99099E-05 9.99099E-05 9.99099E-05
9.9955E-05 0.0318209 9.9955E-05 9.9955E-05 0.174888 9.9955E-05 0.383336 0.0563546 0.0356552 9.9955E-05 0.102399 0.169644 0.045402
0.259437 9.99368E-05 9.99368E-05 9.99368E-05 9.99368E-05 9.99368E-05 0.064396 9.99368E-05 9.99368E-05 0.128575 0.0322075 0.0213764 0.493308
9.99459E-05 0.153847 9.99459E-05 9.99459E-05 9.99459E-05 9.99459E-05 0.137833 0.492597 9.99459E-05 0.017331 0.137395 0.0205861 0.0398107
9.99279E-05 0.0372626 9.99279E-05 9.99279E-05 9.99279E-05 9.99279E-05 0.00714256 9.99279E-05 9.99279E-05 9.99279E-05 0.711107 0.243138 0.000550123
9.99098E-05 9.99098E-05 9.99098E-05 0.140678 9.99098E-05 9.99098E-05 9.99098E-05 9.99098E-05 0.0125228 9.99098E-05 9.99098E-05 9.99098E-05 0.8458
9.99278E-05 0.482164 9.99278E-05 9.99278E-05 0.286089 9.99278E-05 0.105787 9.99278E-05 9.99278E-05 9.99278E-05 0.0386429 0.086518 9.99278E-05
0.0726037 0.0739889 9.99278E-05 9.99278E-05 0.201184 9.99278E-05 9.99278E-05 9.99278E-05 9.99278E-05 9.99278E-05 9.99278E-05 0.0500354 0.601389
9.99549E-05 0.147722 0.0935756 9.99549E-05 9.99549E-05 9.99549E-05 0.0894473 9.99549E-05 0.013075 0.202577 0.0951723 0.356718 0.00121323
0.298789 0.238961 9.99188E-05 9.99188E-05 9.99188E-05 9.99188E-05 9.99188E-05 0.0663661 9.99188E-05 9.99188E-05 9.99188E-05 9.99188E-05 0.394984
9.99189E-05 0.0555652 9.99189E-05 9.99189E-05 9.99189E-05 9.99189E-05 9.99189E-05 9.99189E-05 9.99189E-05 0.230304 0.241523 9.99189E-05 0.471708
0.166506 0.247783 0.0227304 9.99549E-05 0.29192 9.99549E-05 0.137008 9.99549E-05 0.00958114 9.99549E-05 9.99549E-05 0.104725 0.0192469
0.216354 9.99188E-05 9.99188E-05 9.99188E-05 9.99188E-05 9.99188E-05 0.013062 0.452419 9.99188E-05 9.99188E-05 9.99188E-05 9.99188E-05 0.317266
9.99189E-05 9.99189E-05 9.99189E-05 0.0972293 9.99189E-05 9.99189E-05 9.99189E-05 9.99189E-05 0.0263246 0.0547525 9.99189E-05 9.99189E-05 0.820794
9.99279E-05 0.278781 9.99279E-05 9.99279E-05 0.186007 9.99279E-05 0.475715 0.000687928 9.99279E-05 9.99279E-05 0.0580102 9.99279E-05 9.99279E-05
0.356622 0.384203 9.99188E-05 9.99188E-05 9.99188E-05 9.99188E-05 9.99188E-05 0.0606632 9.99188E-05 9.99188E-05 9.99188E-05 9.99188E-05 0.197613
9.99279E-05 0.750903 9.99279E-05 9.99279E-05 0.0398267 9.99279E-05 9.99279E-05 0.00510915 9.99279E-05 0.082103 0.121258 9.99279E-05 9.99279E-05
9.99099E-05 9.99099E-05 9.99099E-05 0.156546 9.99099E-05 9.99099E-05 9.99099E-05 9.99099E-05 9.99099E-05 9.99099E-05 0.0278308 9.99099E-05 0.814624
0.201599 0.62236 0.00196881 9.99278E-05 9.99278E-05 9.99278E-05 9.99278E-05 0.0254985 9.99278E-05 9.99278E-05 9.99278E-05 9.99278E-05 0.147774
9.99279E-05 0.0767849 9.99279E-05 9.99279E-05 0.304997 9.99279E-05 0.396776 9.99279E-05 0.0650041 9.99279E-05 9.99279E-05 0.155639 9.99279E-05
9.99368E-05 0.00781257 9.99368E-05 9.99368E-05 9.99368E-05 9.99368E-05 0.204212 9.99368E-05 9.99368E-05 0.0801751 0.381868 0.2709 0.0543333
9.99551E-05 0.000128916 9.99551E-05 0.0286821 9.99551E-05 0.0382554 0.178374 0.403737 0.0828586 9.99551E-05 0.24163 0.0258332 9.99551E-05
9.99459E-05 0.404396 9.99459E-05 9.99459E-05 9.99459E-05 0.0392167 0.0335551 0.190342 9.99459E-05 9.99459E-05 0.229521 0.0276722 0.0746977
9.99008E-05 9.99008E-05 9.99008E-05 9.99008E-05 9.99008E-05 9.99008E-05 9.99008E-05 9.99008E-05 9.99008E-05 9.99008E-05 0.293726 9.99008E-05 0.705175
0.289347 0.296408 0.0192435 9.99549E-05 0.0629599 0.0458881 0.0108603 9.99549E-05 9.99549E-05 0.176784 0.0980096 9.99549E-05 9.99549E-05
0.0893783 9.99187E-05 9.99187E-05 9.99187E-05 9.99187E-05 9.99187E-05 0.118691 9.99187E-05 9.99187E-05 9.99187E-05 9.99187E-05 0.377648 0.413384
9.99459E-05 9.99459E-05 0.0386997 0.0462439 9.99459E-05 0.0359438 9.99459E-05 9.99459E-05 0.185763 9.99459E-05 0.383026 0.206501 0.103222
0.271232 0.424335 0.0581454 9.99459E-05 0.0414993 0.0088056 9.99459E-05 9.99459E-05 0.143225 9.99459E-05 0.052158 9.99459E-05 9.99459E-05
0.304622 9.9928E-05 0.0214453 0.0893528 9.9928E-05 9.9928E-05 9.9928E-05 9.9928E-05 0.247113 9.9928E-05 9.9928E-05 0.336668 9.9928E-05
9.9937E-05 0.0756625 9.9937E-05 0.620232 9.9937E-05 0.0435908 9.9937E-05 9.9937E-05 9.9937E-05 0.0268185 0.0937642 9.9937E-05 0.139233
0.049645 9.99549E-05 0.0107955 9.99549E-05 9.99549E-05 0.0270712 9.99549E-05 9.99549E-05 0.0590622 0.209078 0.049115 0.477998 0.116736
0.156319 9.99549E-05 0.00516062 0.0685126 0.00913474 0.00364251 9.99549E-05 9.99549E-05 0.11287 0.0274438 0.616417 9.99549E-05 9.99549E-05
9.99459E-05 9.99459E-05 9.99459E-05 0.00537365 0.551309 0.0279421 9.99459E-05 0.0439347 9.99459E-05 9.99459E-05 0.100214 0.138153 0.132475
9.99098E-05 9.99098E-05 9.99098E-05 0.139017 9.99098E-05 9.99098E-05 9.99098E-05 9.99098E-05 9.99098E-05 9.99098E-05 0.750643 9.99098E-05 0.109341
0.0135709 0.582356 9.99368E-05 9.99368E-05 0.137257 9.99368E-05 9.99368E-05 0.104025 9.99368E-05 0.0858428 9.99368E-05 0.0762495 9.99368E-05
0.0130233 9.99279E-05 9.99279E-05 0.119237 9.99279E-05 9.99279E-05 9.99279E-05 9.99279E-05 9.99279E-05 9.99279E-05 0.776873 0.035778 0.0542893
0.290538 9.99459E-05 9.99459E-05 0.122114 9.99459E-05 9.99459E-05 9.99459E-05 0.394869 0.015042 9.99459E-05 0.0308274 0.0715205 0.0744902
0.173051 0.309956 9.99459E-05 0.0403325 9.99459E-05 9.99459E-05 9.99459E-05 0.328619 0.11741 9.99459E-05 0.0139985 0.0160331 9.99459E-05
0.112646 9.9946E-05 0.0979019 9.9946E-05 9.9946E-05 0.00215094 9.9946E-05 0.0290291 0.126222 9.9946E-05 0.0420029 0.589448 9.9946E-05
9.99368E-05 0.133027 0.028981 9.99368E-05 9.99368E-05 9.99368E-05 0.0183651 9.99368E-05 0.0902249 0.204163 9.99368E-05 0.52454 9.99368E-05
0.0439269 9.99279E-05 9.99279E-05 0.0879502 9.99279E-05 0.0261232 9.99279E-05 9.99279E-05 0.079085 9.99279E-05 9.99279E-05 0.762115 9.99279E-05
9.99369E-05 0.258768 9.99369E-05 0.00800775 9.99369E-05 9.99369E-05 9.99369E-05 0.287808 0.155164 9.99369E-05 0.184244 0.105308 9.99369E-05
9.99279E-05 9.99279E-05 9.99279E-05 0.568516 9.99279E-05 9.99279E-05 9.99279E-05 9.99279E-05 9.99279E-05 0.0659834 0.12408 0.144176 0.0964458
0.138503 9.99188E-05 9.99188E-05 0.463597 9.99188E-05 9.99188E-05 9.99188E-05 9.99188E-05 9.99188E-05 9.99188E-05 0.110806 9.99188E-05 0.286195
0.275426 9.99189E-05 9.99189E-05 9.99189E-05 9.99189E-05 9.99189E-05 9.99189E-05 9.99189E-05 9.99189E-05 0.357724 0.309049 0.0569024 9.99189E-05
0.223228 9.99189E-05 9.99189E-05 0.333862 9.99189E-05 9.99189E-05 9.99189E-05 9.99189E-05 9.99189E-05 9.99189E-05 0.438209 9.99189E-05 0.00380156
9.99279E-05 0.0647744 9.99279E-05 0.807433 0.0737658 9.99279E-05 0.0301256 9.99279E-05 9.99279E-05 9.99279E-05 9.99279E-05 9.99279E-05 0.023102
0.322031 9.99459E-05 0.0510695 9.99459E-05 9.99459E-05 9.99459E-05 9.99459E-05 9.99459E-05 0.00829218 0.443257 0.0641526 0.0201989 0.0903987
9.99459E-05 0.0874894 9.99459E-05 9.99459E-05 0.0314798 9.99459E-05 0.0120269 9.99459E-05 9.99459E-05 0.104153 0.626491 0.090021 0.047739
0.0148421 9.9946E-05 9.9946E-05 0.0268464 9.9946E-05 0.0362415 0.765594 0.0851317 9.9946E-05 9.9946E-05 9.9946E-05 0.0345173 0.0362274
0.00384084 0.383462 9.99459E-05 0.00812503 9.99459E-05 0.0344176 0.477278 9.99459E-05 9.99459E-05 0.0836228 9.99459E-05 0.00865422 9.99459E-05
9.99368E-05 9.99368E-05 9.99368E-05 9.99368E-05 0.016871 0.00454148 0.200192 9.99368E-05 9.99368E-05 0.470541 0.124092 0.183062 9.99368E-05
9.99188E-05 0.359688 9.99188E-05 9.99188E-05 0.202413 9.99188E-05 0.359692 9.99188E-05 9.99188E-05 0.0773079 9.99188E-05 9.99188E-05 9.99188E-05
9.99099E-05 0.205563 9.99099E-05 0.069088 9.99099E-05 9.99099E-05 0.72435 9.99099E-05 9.99099E-05 9.99099E-05 9.99099E-05 9.99099E-05 9.99099E-05
9.993E-05 0.134332 9.993E-05 9.993E-05 9.993E-05 0.0512204 0.233466 0.45192 9.993E-05 0.109441 9.993E-05 0.0189213 9.993E-05
9.99279E-05 0.358591 9.99279E-05 9.99279E-05 9.99279E-05 9.99279E-05 0.48526 0.0910819 9.99279E-05 0.0442654 9.99279E-05 9.99279E-05 0.0200027
9.9928E-05 9.9928E-05 9.9928E-05 9.9928E-05 9.9928E-05 0.0262109 0.172591 9.9928E-05 9.9928E-05 0.500734 0.252476 9.9928E-05 0.0471876
9.9919E-05 9.9919E-05 9.9919E-05 0.18824 9.9919E-05 9.9919E-05 9.9919E-05 9.9919E-05 9.9919E-05 0.278098 0.140196 9.9919E-05 0.392566
0.0301657 9.99369E-05 0.0279131 9.99369E-05 9.99369E-05 9.99369E-05 0.539751 9.99369E-05 0.0475209 0.161725 9.99369E-05 0.192225 9.99369E-05
9.991E-05 0.037752 9.991E-05 9.991E-05 9.991E-05 9.991E-05 9.991E-05 9.991E-05 0.0530219 0.908227 9.991E-05 9.991E-05 9.991E-05
0.000627375 9.9955E-05 0.0432258 9.9955E-05 9.9955E-05 0.090863 0.142532 9.9955E-05 9.9955E-05 0.47791 0.17118 0.057448 0.0157141
9.99369E-05 0.039015 9.99369E-05 9.99369E-05 0.0214592 9.99369E-05 0.44703 9.99369E-05 9.99369E-05 0.183168 0.279565 0.0290641 9.99369E-05
0.059868 9.99189E-05 9.99189E-05 9.99189E-05 9.99189E-05 9.99189E-05 9.99189E-05 9.99189E-05 9.99189E-05 0.482624 0.349524 9.99189E-05 0.107085
0.0286476 9.99369E-05 9.99369E-05 0.0667455 9.99369E-05 9.99369E-05 0.238523 9.99369E-05 0.0703016 0.437174 0.15791 9.99369E-05 9.99369E-05
0.458185 0.180345 0.0107866 9.994E-05 9.994E-05 0.0609381 0.11478 9.994E-05 9.994E-05 0.0974598 9.994E-05 0.0769066 9.994E-05
0.0693928 9.99369E-05 0.0306879 9.99369E-05 0.116459 9.99369E-05 0.131645 9.99369E-05 9.99369E-05 0.41044 0.240675 9.99369E-05 9.99369E-05
9.99188E-05 9.99188E-05 9.99188E-05 9.99188E-05 9.99188E-05 9.99188E-05 0.333666 9.99188E-05 0.120397 0.451855 9.99188E-05 0.0931819 9.99188E-05
0.0326259 0.08956 9.99279E-05 9.99279E-05 0.42238 9.99279E-05 0.365432 9.99279E-05 9.99279E-05 9.99279E-05 0.0892025 9.99279E-05 9.99279E-05
9.9946E-05 9.9946E-05 9.9946E-05 0.000240739 0.0309496 9.9946E-05 0.516534 0.0221116 9.9946E-05 0.132303 0.0121262 0.285136 9.9946E-05
9.9937E-05 9.9937E-05 9.9937E-05 0.143099 0.0564851 9.9937E-05 9.9937E-05 0.0373652 9.9937E-05 0.684365 0.0768184 0.00116708 9.9937E-05
9.99369E-05 0.0940908 0.00907453 9.99369E-05 9.99369E-05 9.99369E-05 0.078333 9.99369E-05 0.0496332 0.41617 0.351999 9.99369E-05 9.99369E-05
0.0224903 9.99279E-05 9.99279E-05 0.100615 9.99279E-05 9.99279E-05 9.99279E-05 9.99279E-05 9.99279E-05 0.418683 0.228538 9.99279E-05 0.228873
9.99188E-05 0.331536 9.99188E-05 9.99188E-05 0.0112033 9.99188E-05 0.506157 9.99188E-05 9.99188E-05 9.99188E-05 9.99188E-05 0.150204 9.99188E-05
0.0117901 9.99369E-05 0.0150705 9.99369E-05 9.99369E-05 9.99369E-05 0.457117 9.99369E-05 9.99369E-05 0.0270348 0.195189 0.293099 9.99369E-05
0.00688321 9.99279E-05 9.99279E-05 9.99279E-05 9.99279E-05 9.99279E-05 9.99279E-05 9.99279E-05 0.0224683 0.49676 0.28335 9.99279E-05 0.189739
0.503817 0.137665 9.99369E-05 9.99369E-05 0.0295466 9.99369E-05 0.217589 0.0769811 0.0337029 9.99369E-05 9.99369E-05 9.99369E-05 9.99369E-05
0.575035 9.99098E-05 9.99098E-05 9.99098E-05 0.421156 9.99098E-05 9.99098E-05 9.99098E-05 9.99098E-05 9.99098E-05 9.99098E-05 9.99098E-05 0.00280952
9.9955E-05 9.9955E-05 0.06731 0.0909555 9.9955E-05 0.0815304 9.9955E-05 9.9955E-05 0.0393271 0.0454088 0.618271 0.00446094 0.0522368
0.470283 9.99459E-05 9.99459E-05 0.0288598 9.99459E-05 0.00433603 9.99459E-05 9.99459E-05 0.0419151 9.99459E-05 0.172297 0.137876 0.143834
0.251879 9.99369E-05 9.99369E-05 9.99369E-05 0.387182 0.0621031 0.235373 9.99369E-05 9.99369E-05 0.052962 9.99369E-05 9.99369E-05 0.00980097
0.418149 0.2865 9.99279E-05 9.99279E-05 9.99279E-05 9.99279E-05 0.236404 0.0306397 9.99279E-05 9.99279E-05 9.99279E-05 9.99279E-05 0.0275071
0.382654 0.294194 0.0407823 9.99369E-05 0.0175381 9.99369E-05 0.235811 0.0283218 9.99369E-05 9.99369E-05 9.99369E-05 9.99369E-05 9.99369E-05
0.202889 9.99189E-05 9.99189E-05 0.50178 9.99189E-05 9.99189E-05 9.99189E-05 9.99189E-05 9.99189E-05 9.99189E-05 0.0848144 9.99189E-05 0.209617
0.340822 9.99279E-05 9.99279E-05 9.99279E-05 9.99279E-05 9.99279E-05 9.99279E-05 9.99279E-05 9.99279E-05 0.146907 0.427138 0.0529232 0.03141
0.222103 9.99368E-05 0.0101557 9.99368E-05 0.101064 9.99368E-05 0.0279491 9.99368E-05 0.278459 9.99368E-05 9.99368E-05 0.35957 9.99368E-05
0.318927 0.348362 9.99458E-05 9.99458E-05 0.121035 9.99458E-05 0.132618 9.99458E-05 0.00764176 9.99458E-05 9.99458E-05 0.0283002 0.0425171
0.143524 9.99369E-05 9.99369E-05 0.373169 9.99369E-05 9.99369E-05 9.99369E-05 9.99369E-05 0.0314923 9.99369E-05 0.241648 0.098406 0.111061
0.0432089 9.99459E-05 9.99459E-05 9.99459E-05 9.99459E-05 0.0236852 0.205585 9.99459E-05 9.99459E-05 0.0790471 0.362914 0.240817 0.0441426
0.19751 9.99278E-05 9.99278E-05 9.99278E-05 9.99278E-05 9.99278E-05 0.0421306 9.99278E-05 9.99278E-05 0.389844 9.99278E-05 0.317375 0.0523406
0.219089 9.99369E-05 9.99369E-05 0.0282691 0.00435281 9.99369E-05 9.99369E-05 9.99369E-05 0.162191 9.99369E-05 9.99369E-05 0.584169 0.00122912
9.99279E-05 0.0802799 9.99279E-05 9.99279E-05 9.99279E-05 9.99279E-05 9.99279E-05 9.99279E-05 0.179093 0.263224 0.399505 0.0770982 9.99279E-05
0.0817109 9.99549E-05 0.0228612 9.99549E-05 0.196727 9.99549E-05 0.417853 9.99549E-05 0.046733 0.047938 0.158404 0.027273 9.99549E-05
0.158418 0.0131161 9.99368E-05 9.99368E-05 0.0840831 9.99368E-05 0.148683 9.99368E-05 9.99368E-05 9.99368E-05 0.0884169 0.506584 9.99368E-05
0.37045 0.426321 9.9946E-05 9.9946E-05 0.117658 0.0245691 0.0421209 0.0141286 9.9946E-05 9.9946E-05 9.9946E-05 9.9946E-05 0.00415202
0.351146 9.99329E-05 0.102073 9.99329E-05 9.99329E-05 9.99329E-05 9.99329E-05 9.99329E-05 9.99329E-05 0.19217 0.241994 9.99329E-05 0.111817
0.456958 0.159914 9.99458E-05 0.00343002 0.0571247 9.99458E-05 0.310206 9.99458E-05 9.99458E-05 0.00904047 9.99458E-05 0.00272718 9.99458E-05
0.335173 0.173767 9.993E-05 9.993E-05 9.993E-05 9.993E-05 0.126098 0.327296 9.993E-05 0.00738049 0.0295866 9.993E-05 9.993E-05
9.99189E-05 9.99189E-05 9.99189E-05 0.0281941 9.99189E-05 9.99189E-05 9.99189E-05 9.99189E-05 9.99189E-05 0.531691 9.99189E-05 0.104564 0.334652
9.99368E-05 9.99368E-05 9.99368E-05 9.99368E-05 0.153859 9.99368E-05 0.258568 9.99368E-05 9.99368E-05 0.226054 0.266144 0.0137653 0.0809105
0.263767 9.99279E-05 0.0142632 9.99279E-05 9.99279E-05 9.99279E-05 9.99279E-05 9.99279E-05 9.99279E-05 0.486227 0.204803 0.0301399 9.99279E-05
0.185846 9.9937E-05 9.9937E-05 0.0303099 0.0505907 0.00233061 0.674112 0.056111 9.9937E-05 9.9937E-05 9.9937E-05 9.9937E-05 9.9937E-05
0.0632906 9.9955E-05 0.166026 9.9955E-05 9.9955E-05 0.042088 0.219967 0.375306 0.0413208 0.0895119 0.00199045 9.9955E-05 9.9955E-05
0.185163 0.123139 0.0606978 9.99369E-05 9.99369E-05 9.99369E-05 0.567287 9.99369E-05 0.000545487 9.99369E-05 0.0624674 9.99369E-05 9.99369E-05
0.164709 9.99369E-05 9.99369E-05 0.0931574 9.99369E-05 9.99369E-05 9.99369E-05 9.99369E-05 9.99369E-05 0.568902 0.0351063 0.00148323 0.135943
9.99279E-05 0.0954462 0.0420339 9.99279E-05 9.99279E-05 9.99279E-05 0.716949 9.99279E-05 9.99279E-05 9.99279E-05 0.0794163 9.99279E-05 0.0653549
0.212627 9.99279E-05 9.99279E-05 9.99279E-05 0.00039947 0.00373828 0.679322 9.99279E-05 0.103114 9.99279E-05 9.99279E-05 9.99279E-05 9.99279E-05
0.168997 0.000610282 9.9946E-05 0.0129283 0.183885 9.9946E-05 0.56872 0.00638402 0.0578757 9.9946E-05 9.9946E-05 9.9946E-05 9.9946E-05
9.99369E-05 9.99369E-05 9.99369E-05 0.0509845 0.0271709 9.99369E-05 9.99369E-05 9.99369E-05 0.0800103 0.738123 0.0436053 9.99369E-05 0.0594068
0.16083 9.99368E-05 9.99368E-05 9.99368E-05 9.99368E-05 9.99368E-05 0.276499 9.99368E-05 0.00485429 0.273047 0.204963 0.0791082 9.99368E-05
9.9946E-05 0.118059 9.9946E-05 9.9946E-05 0.37091 0.035443 0.325662 0.0263837 9.9946E-05 0.0719912 9.9946E-05 9.9946E-05 0.0509504
0.13261 9.9955E-05 0.0359374 9.9955E-05 9.9955E-05 9.9955E-05 0.128077 0.0555149 0.0588835 0.308631 0.125311 9.9955E-05 0.154534
0.072734 9.9928E-05 9.9928E-05 0.0394049 0.0404591 9.9928E-05 0.753649 0.092954 9.9928E-05 9.9928E-05 9.9928E-05 9.9928E-05 9.9928E-05
9.9946E-05 0.194052 9.9946E-05 0.119734 9.9946E-05 9.9946E-05 0.0261796 0.329603 9.9946E-05 0.106342 0.174404 0.049085 9.9946E-05
0.188751 9.99369E-05 9.99369E-05 9.99369E-05 9.99369E-05 0.00419306 0.403659 9.99369E-05 0.0895752 0.290883 9.99369E-05 9.99369E-05 0.0222398
9.99189E-05 9.99189E-05 9.99189E-05 0.0703804 9.99189E-05 9.99189E-05 9.99189E-05 9.99189E-05 9.99189E-05 0.643963 0.000657628 9.99189E-05 0.2841
0.0686138 0.0453564 9.99369E-05 9.99369E-05 9.99369E-05 9.99369E-05 0.243929 9.99369E-05 9.99369E-05 0.241818 0.018888 0.380695 9.99369E-05
0.0330741 9.99639E-05 9.99639E-05 0.0740929 0.0420521 0.017947 9.99639E-05 9.99639E-05 0.110173 0.0742025 0.193106 0.430943 0.0240105
9.99189E-05 9.99189E-05 9.99189E-05 0.344084 9.99189E-05 9.99189E-05 9.99189E-05 9.99189E-05 0.0834743 9.99189E-05 0.453337 9.99189E-05 0.118205
9.993E-05 0.0552311 0.0183449 9.993E-05 9.993E-05 9.993E-05 0.0618705 9.993E-05 9.993E-05 0.26317 0.124743 0.475941 9.993E-05
0.0933655 9.99188E-05 9.99188E-05 9.99188E-05 9.99188E-05 9.99188E-05 9.99188E-05 9.99188E-05 0.501584 0.247159 0.156992 9.99188E-05 9.99188E-05
0.0342857 0.0796137 9.99549E-05 9.99549E-05 0.075735 9.99549E-05 0.0250332 9.99549E-05 9.99549E-05 0.247618 0.160399 0.317359 0.0594569
9.99279E-05 0.696375 9.99279E-05 9.99279E-05 0.00333521 9.99279E-05 0.00130926 9.99279E-05 9.99279E-05 0.01787 9.99279E-05 0.280311 9.99279E-05
0.0732473 9.99369E-05 9.99369E-05 0.278029 9.99369E-05 0.00496147 9.99369E-05 9.99369E-05 9.99369E-05 9.99369E-05 0.248084 0.0640406 0.330938
0.432231 9.99098E-05 9.99098E-05 0.0104013 9.99098E-05 9.99098E-05 9.99098E-05 0.556368 9.99098E-05 9.99098E-05 9.99098E-05 9.99098E-05 9.99098E-05
9.99459E-05 0.144351 0.00520816 9.99459E-05 0.00912521 0.00146236 0.417539 9.99459E-05 0.405781 9.99459E-05 0.0159338 9.99459E-05 9.99459E-05
9.99279E-05 0.126199 9.99279E-05 0.048513 0.624147 9.99279E-05 9.99279E-05 9.99279E-05 0.0832697 9.99279E-05 0.117072 9.99279E-05 9.99279E-05
9.99279E-05 0.0228457 9.99279E-05 0.47394 9.99279E-05 9.99279E-05 0.0124281 9.99279E-05 0.152698 9.99279E-05 0.337289 9.99279E-05 9.99279E-05
9.99279E-05 9.99279E-05 9.99279E-05 0.365729 9.99279E-05 9.99279E-05 9.99279E-05 9.99279E-05 0.0755843 0.189397 0.191555 9.99279E-05 0.176935
0.284081 0.515304 9.9928E-05 9.9928E-05 0.0533203 9.9928E-05 9.9928E-05 0.0438216 9.9928E-05 0.102674 9.9928E-05 9.9928E-05 9.9928E-05
9.99459E-05 0.0542461 0.0446714 9.99459E-05 0.0370036 9.99459E-05 0.0799911 9.99459E-05 9.99459E-05 0.176491 0.372517 0.23448 9.99459E-05
9.99459E-05 0.0595718 0.0206068 9.99459E-05 9.99459E-05 9.99459E-05 0.0211924 9.99459E-05 0.184609 0.0626378 0.169644 0.481139 9.99459E-05
9.99278E-05 9.99278E-05 9.99278E-05 0.477845 9.99278E-05 9.99278E-05 9.99278E-05 9.99278E-05 0.0817641 0.274917 9.99278E-05 0.00347841 0.161195
9.99369E-05 9.99369E-05 9.99369E-05 0.149147 0.124499 9.99369E-05 9.99369E-05 0.00672055 0.123853 9.99369E-05 0.00975517 0.585326 9.99369E-05
0.0163027 0.386203 9.99549E-05 0.081836 9.99549E-05 0.0691321 9.99549E-05 0.0757658 0.00150704 9.99549E-05 9.99549E-05 0.330078 0.0386756
9.99278E-05 0.167342 9.99278E-05 9.99278E-05 0.343108 9.99278E-05 0.340419 9.99278E-05 9.99278E-05 0.0405359 9.99278E-05 0.107797 9.99278E-05
9.99369E-05 0.12602 9.99369E-05 9.99369E-05 0.522901 9.99369E-05 0.103884 9.99369E-05 0.0552854 9.99369E-05 0.00568727 0.185523 9.99369E-05
9.99369E-05 0.0830525 9.99369E-05 0.0997893 0.0349391 9.99369E-05 9.99369E-05 0.320152 0.176074 9.99369E-05 9.99369E-05 0.285294 9.99369E-05
9.99369E-05 9.99369E-05 9.99369E-05 0.0356676 9.99369E-05 0.0184936 0.115097 9.99369E-05 0.0124159 0.762598 9.99369E-05 9.99369E-05 0.0550284
0.080442 9.99369E-05 9.99369E-05 0.0182226 9.99369E-05 9.99369E-05 0.726558 9.99369E-05 0.0164385 0.112173 9.99369E-05 0.0454659 9.99369E-05
9.9928E-05 9.9928E-05 9.9928E-05 9.9928E-05 9.9928E-05 9.9928E-05 0.085918 9.9928E-05 0.150937 0.44651 0.267148 9.9928E-05 0.0486874
0.0711344 0.0559026 9.99458E-05 9.99458E-05 9.99458E-05 9.99458E-05 0.193559 9.99458E-05 0.226923 0.316883 0.11921 0.0157883 9.99458E-05
0.117356 0.0125924 9.99459E-05 9.99459E-05 9.99459E-05 0.0197197 0.75274 0.00371916 9.99459E-05 9.99459E-05 0.00119211 0.0920802 9.99459E-05
9.99099E-05 9.99099E-05 9.99099E-05 0.178961 9.99099E-05 9.99099E-05 9.99099E-05 9.99099E-05 9.99099E-05 0.711575 9.99099E-05 9.99099E-05 0.108464
9.99278E-05 9.99278E-05 9.99278E-05 0.353995 0.0738681 9.99278E-05 9.99278E-05 9.99278E-05 0.173987 9.99278E-05 0.201542 0.195808 9.99278E-05
0.0167873 0.0699489 9.99369E-05 9.99369E-05 9.99369E-05 9.99369E-05 9.99369E-05 9.99369E-05 9.99369E-05 0.295407 0.42472 0.149826 0.0426113
9.9928E-05 9.9928E-05 9.9928E-05 0.0806682 0.630264 0.0209539 9.9928E-05 9.9928E-05 0.00400193 9.9928E-05 9.9928E-05 0.263312 9.9928E-05
0.146875 9.99369E-05 9.99369E-05 0.0585616 0.24875 0.0178424 9.99369E-05 9.99369E-05 9.99369E-05 9.99369E-05 0.10855 0.418722 9.99369E-05
0.183134 9.995E-05 9.995E-05 9.995E-05 0.430969 0.0118845 0.112884 9.995E-05 9.995E-05 0.0765828 0.179402 0.00361899 0.00102407
9.99189E-05 9.99189E-05 9.99189E-05 0.299477 0.211532 9.99189E-05 9.99189E-05 9.99189E-05 9.99189E-05 0.0865084 0.401583 9.99189E-05 9.99189E-05
9.99278E-05 0.0380461 9.99278E-05 9.99278E-05 0.221378 9.99278E-05 9.99278E-05 0.608126 9.99278E-05 0.080792 0.0508582 9.99278E-05 9.99278E-05
9.99549E-05 9.99549E-05 0.152913 0.0201057 0.0699445 0.0212353 9.99549E-05 9.99549E-05 0.0592128 0.188803 0.200685 0.286601 9.99549E-05
0.0718413 0.258103 0.0324518 9.99369E-05 0.446617 9.99369E-05 9.99369E-05 9.99369E-05 0.09616 0.0941272 9.99369E-05 9.99369E-05 9.99369E-05
9.99278E-05 9.99278E-05 9.99278E-05 9.99278E-05 0.337864 9.99278E-05 0.111294 0.473644 9.99278E-05 0.00324173 0.0731568 9.99278E-05 9.99278E-05
9.99279E-05 0.0564841 9.99279E-05 9.99279E-05 0.856584 9.99279E-05 0.00394221 9.99279E-05 0.00411026 9.99279E-05 0.0780802 9.99279E-05 9.99279E-05
0.0857016 0.0821183 9.99369E-05 9.99369E-05 0.631547 0.00951242 0.125746 9.99369E-05 9.99369E-05 9.99369E-05 0.0646752 9.99369E-05 9.99369E-05
9.99189E-05 9.99189E-05 0.0549334 9.99189E-05 0.859123 0.00388605 9.99189E-05 9.99189E-05 9.99189E-05 0.081158 9.99189E-05 9.99189E-05 9.99189E-05
9.99459E-05 9.99459E-05 0.0511461 9.99459E-05 0.173584 0.0428316 9.99459E-05 9.99459E-05 0.0318799 0.12225 0.392801 0.184907 9.99459E-05
0.141368 9.99369E-05 0.0309984 9.99369E-05 9.99369E-05 9.99369E-05 9.99369E-05 9.99369E-05 0.00989597 0.482204 0.168989 0.165845 9.99369E-05
0.245302 9.99278E-05 9.99278E-05 9.99278E-05 0.0449 9.99278E-05 9.99278E-05 0.595325 9.99278E-05 0.0702363 0.0434368 9.99278E-05 9.99278E-05
0.0550271 9.99279E-05 9.99279E-05 0.199814 0.56018 9.99279E-05 9.99279E-05 0.0761375 0.108042 9.99279E-05 9.99279E-05 9.99279E-05 9.99279E-05
0.125403 9.99639E-05 0.0456204 0.135459 9.99639E-05 0.0354944 9.99639E-05 0.0365592 0.0833759 0.0206911 0.318201 0.198796 9.99639E-05
9.99279E-05 9.99279E-05 9.99279E-05 0.617102 0.0375298 0.0206227 9.99279E-05 9.99279E-05 9.99279E-05 9.99279E-05 0.101995 9.99279E-05 0.221951
9.9928E-05 9.9928E-05 9.9928E-05 0.0426053 0.0256146 9.9928E-05 9.9928E-05 9.9928E-05 9.9928E-05 0.562526 0.267795 9.9928E-05 0.10066
0.0550177 9.99189E-05 9.99189E-05 0.557575 9.99189E-05 9.99189E-05 9.99189E-05 9.99189E-05 9.99189E-05 9.99189E-05 0.331619 9.99189E-05 0.0548894
