9.9973E-05 9.9973E-05 9.9973E-05 0.405473 0.287256 0.128106 0.0406226 0.138242
0.0142585 9.9973E-05 9.9973E-05 0.547005 0.340807 0.00572083 9.9973E-05 0.0919083
0.0303695 0.0697383 0.0180968 9.9982E-05 0.803382 0.0312551 0.0469586 9.9982E-05
9.999E-05 0.0401908 0.247626 0.483136 0.00187267 0.0317884 0.146782 0.0485047
0.0427612 9.9973E-05 0.224623 0.447948 9.9973E-05 9.9973E-05 0.0748977 0.20947
0.0724789 9.99729E-05 9.99729E-05 0.0769604 0.378253 9.99729E-05 0.387645 0.084363
9.99639E-05 0.175833 0.0196552 0.00428016 0.799832 9.99639E-05 9.99639E-05 9.99639E-05
0.0870656 9.9964E-05 9.9964E-05 0.133611 0.546889 9.9964E-05 0.232034 9.9964E-05
0.0375412 9.9982E-05 0.14844 0.434127 0.211223 0.0159513 0.152517 9.9982E-05
9.99639E-05 0.373092 9.99639E-05 9.99639E-05 0.193091 0.0521022 0.381315 9.99639E-05
9.9982E-05 9.9982E-05 0.0180041 0.647003 0.0754671 0.0341697 0.131133 0.0940238
9.9955E-05 9.9955E-05 0.162759 0.582805 9.9955E-05 9.9955E-05 0.253937 9.9955E-05
0.0587226 0.0596729 0.251855 0.0958233 0.227931 0.00870964 0.0301202 0.267166
9.9955E-05 9.9955E-05 9.9955E-05 9.9955E-05 0.714148 0.00993653 0.275415 9.9955E-05
9.9955E-05 0.0345429 9.9955E-05 0.878403 9.9955E-05 9.9955E-05 0.0865545 9.9955E-05
0.0458146 0.407812 9.99729E-05 9.99729E-05 0.438469 0.0208684 0.0867358 9.99729E-05
9.9964E-05 0.0815461 0.0501573 9.9964E-05 0.821114 9.9964E-05 0.0467826 9.9964E-05
9.99639E-05 9.99639E-05 9.99639E-05 0.0967145 0.859247 9.99639E-05 0.00570345 0.0379349
9.9973E-05 9.9973E-05 0.298081 0.297819 0.296651 9.9973E-05 0.0747549 0.0323943
9.9964E-05 0.00779259 9.9964E-05 0.0976886 9.9964E-05 0.850228 9.9964E-05 0.0438913
9.9946E-05 9.9946E-05 0.158321 9.9946E-05 9.9946E-05 0.841079 9.9946E-05 9.9946E-05
9.99549E-05 9.99549E-05 9.99549E-05 9.99549E-05 9.99549E-05 0.896554 0.0231178 0.0798281
9.99459E-05 9.99459E-05 0.370037 9.99459E-05 9.99459E-05 0.629364 9.99459E-05 9.99459E-05
9.99549E-05 9.99549E-05 0.112317 0.132315 9.99549E-05 0.754868 9.99549E-05 9.99549E-05
0.182152 0.0310024 9.99729E-05 9.99729E-05 0.278966 0.497771 0.0098093 9.99729E-05
0.135328 9.99639E-05 9.99639E-05 0.396109 9.99639E-05 0.442131 0.0260319 9.99639E-05
0.204258 0.564988 9.99549E-05 9.99549E-05 9.99549E-05 0.230253 9.99549E-05 9.99549E-05
0.108753 9.9982E-05 0.141136 0.226132 9.9982E-05 0.387876 0.00397576 0.131927
9.99639E-05 0.0130222 9.99639E-05 9.99639E-05 9.99639E-05 0.863087 0.0231364 0.100355
9.99459E-05 9.99459E-05 0.15036 9.99459E-05 9.99459E-05 0.849041 9.99459E-05 9.99459E-05
9.9964E-05 0.228202 0.139495 9.9964E-05 0.0345505 0.597352 9.9964E-05 9.9964E-05
0.446084 0.047569 9.9982E-05 9.9982E-05 0.0585353 0.252776 0.0614088 0.133426
9.99549E-05 0.359848 9.99549E-05 9.99549E-05 0.0185041 0.621148 9.99549E-05 9.99549E-05
0.00119439 9.99549E-05 9.99549E-05 9.99549E-05 0.282396 0.715909 9.99549E-05 9.99549E-05
9.99549E-05 9.99549E-05 0.140156 9.99549E-05 9.99549E-05 0.84226 0.0170839 9.99549E-05
9.99549E-05 9.99549E-05 0.0623712 0.161782 9.99549E-05 0.775347 9.99549E-05 9.99549E-05
9.9955E-05 0.0978355 9.9955E-05 0.159123 9.9955E-05 0.742542 9.9955E-05 9.9955E-05
9.99459E-05 9.99459E-05 0.332655 9.99459E-05 9.99459E-05 0.666746 9.99459E-05 9.99459E-05
0.838149 9.99639E-05 0.0303692 0.0839446 9.99639E-05 9.99639E-05 9.99639E-05 0.047137
0.652579 0.265878 9.9955E-05 9.9955E-05 9.9955E-05 9.9955E-05 9.9955E-05 0.0810432
0.427313 0.489496 9.9955E-05 9.9955E-05 9.9955E-05 0.0826916 9.9955E-05 9.9955E-05
0.504949 0.0862462 0.350418 9.9973E-05 9.9973E-05 0.0102654 9.9973E-05 0.047821
0.568373 0.0146098 9.9982E-05 9.9982E-05 0.0386583 0.288742 0.0313441 0.0580727
0.56442 0.168463 9.9973E-05 9.9973E-05 0.142547 0.105549 0.0187199 9.9973E-05
0.30366 9.9964E-05 0.20659 0.375568 9.9964E-05 0.113782 9.9964E-05 9.9964E-05
0.571591 9.9946E-05 9.9946E-05 0.427809 9.9946E-05 9.9946E-05 9.9946E-05 9.9946E-05
0.396954 0.271381 9.99639E-05 9.99639E-05 0.145001 0.186264 9.99639E-05 9.99639E-05
0.812833 9.99639E-05 9.99639E-05 0.071595 9.99639E-05 9.99639E-05 0.0531987 0.0619736
0.334901 0.65812 9.9955E-05 9.9955E-05 9.9955E-05 9.9955E-05 9.9955E-05 0.00647987
0.708208 9.9955E-05 0.0710221 0.220271 9.9955E-05 9.9955E-05 9.9955E-05 9.9955E-05
0.691006 0.256867 9.9955E-05 9.9955E-05 9.9955E-05 9.9955E-05 9.9955E-05 0.0516275
0.515856 9.9973E-05 0.271944 9.9973E-05 9.9973E-05 0.0763325 0.0209081 0.11466
0.409332 9.99639E-05 9.99639E-05 0.402675 9.99639E-05 0.177341 0.010252 9.99639E-05
0.508266 9.99577E-05 9.99577E-05 0.446248 9.99577E-05 0.0449865 9.99577E-05 9.99577E-05
0.370473 9.9964E-05 0.417534 0.122526 9.9964E-05 0.0890666 9.9964E-05 9.9964E-05
0.0303046 9.9964E-05 0.464161 9.9964E-05 0.021395 0.48374 9.9964E-05 9.9964E-05
0.780417 0.110419 9.99729E-05 9.99729E-05 0.0377839 9.99729E-05 0.00377392 0.0673064
0.594553 0.129414 0.12569 9.9973E-05 9.9973E-05 0.0901735 9.9973E-05 0.0598696
0.684626 0.248149 9.99549E-05 9.99549E-05 9.99549E-05 9.99549E-05 9.99549E-05 0.0667255
0.747755 9.99549E-05 0.097752 0.153994 9.99549E-05 9.99549E-05 9.99549E-05 9.99549E-05
0.692837 9.99549E-05 9.99549E-05 0.248606 9.99549E-05 0.0580565 9.99549E-05 9.99549E-05
0.667452 9.99459E-05 9.99459E-05 0.331949 9.99459E-05 9.99459E-05 9.99459E-05 9.99459E-05
0.514209 0.123943 9.9973E-05 9.9973E-05 0.150619 0.0771901 9.9973E-05 0.133738
0.498743 9.99549E-05 0.473865 9.99549E-05 9.99549E-05 0.0268926 9.99549E-05 9.99549E-05
0.472177 0.178409 9.9955E-05 9.9955E-05 0.348913 9.9955E-05 9.9955E-05 9.9955E-05
0.344602 9.99639E-05 9.99639E-05 0.386638 9.99639E-05 0.199422 0.0689378 9.99639E-05
0.617068 9.9955E-05 0.195714 0.186718 9.9955E-05 9.9955E-05 9.9955E-05 9.9955E-05
0.581963 9.9955E-05 0.0724491 0.345088 9.9955E-05 9.9955E-05 9.9955E-05 9.9955E-05
0.412294 9.99729E-05 9.99729E-05 0.212563 0.131444 0.228486 0.014913 9.99729E-05
0.354197 9.99729E-05 9.99729E-05 9.99729E-05 0.0712729 0.357575 0.142716 0.07394
0.279452 0.404299 9.997E-05 9.997E-05 9.997E-05 0.270286 0.00170412 0.0439596
0.520061 0.360299 9.99549E-05 9.99549E-05 0.119141 9.99549E-05 9.99549E-05 9.99549E-05
9.9955E-05 9.9955E-05 0.272373 0.0404127 9.9955E-05 0.686714 9.9955E-05 9.9955E-05
0.646585 0.215041 9.99549E-05 9.99549E-05 0.137875 9.99549E-05 9.99549E-05 9.99549E-05
0.62321 9.99549E-05 9.99549E-05 0.31044 9.99549E-05 0.0658505 9.99549E-05 9.99549E-05
0.24806 9.9973E-05 0.108483 0.336747 9.9973E-05 0.280539 0.0258715 9.9973E-05
9.99549E-05 0.167982 9.99549E-05 9.99549E-05 0.0734715 0.758047 9.99549E-05 9.99549E-05
0.21541 0.550865 9.996E-05 9.996E-05 0.00963294 0.223693 9.996E-05 9.996E-05
0.0223692 0.0749629 9.99639E-05 9.99639E-05 0.15573 0.746538 9.99639E-05 9.99639E-05
0.315607 9.99639E-05 9.99639E-05 9.99639E-05 9.99639E-05 0.408024 0.0995693 0.1764
0.268461 0.501894 9.9964E-05 9.9964E-05 9.9964E-05 0.165957 9.9964E-05 0.0632886
0.449868 9.99549E-05 0.345911 9.99549E-05 9.99549E-05 0.203721 9.99549E-05 9.99549E-05
0.72913 0.029619 0.210339 9.99639E-05 9.99639E-05 9.99639E-05 9.99639E-05 0.0305124
0.477654 0.0962308 0.305403 9.9964E-05 9.9964E-05 0.120312 9.9964E-05 9.9964E-05
0.662352 0.283863 9.99549E-05 9.99549E-05 0.053286 9.99549E-05 9.99549E-05 9.99549E-05
0.614279 9.9973E-05 0.0218595 0.107975 9.9973E-05 0.111528 9.9973E-05 0.144059
0.592637 9.99549E-05 0.225769 0.181094 9.99549E-05 9.99549E-05 9.99549E-05 9.99549E-05
0.193548 9.99639E-05 9.99639E-05 9.99639E-05 0.366995 0.403824 0.0352323 9.99639E-05
0.529517 0.165247 9.99549E-05 9.99549E-05 0.304736 9.99549E-05 9.99549E-05 9.99549E-05
0.19832 9.9964E-05 9.9964E-05 0.315411 0.0527249 0.433144 9.9964E-05 9.9964E-05
0.58342 9.99549E-05 9.99549E-05 9.99549E-05 0.410957 0.0051234 9.99549E-05 9.99549E-05
0.481269 9.9955E-05 9.9955E-05 9.9955E-05 0.450455 0.0677762 9.9955E-05 9.9955E-05
0.314454 9.9964E-05 0.0653588 0.441777 9.9964E-05 0.17801 9.9964E-05 9.9964E-05
0.644326 9.99549E-05 0.0171331 9.99549E-05 0.338042 9.99549E-05 9.99549E-05 9.99549E-05
0.465443 9.9964E-05 9.9964E-05 9.9964E-05 0.322931 0.159839 0.0513872 9.9964E-05
0.0175438 0.393131 9.99549E-05 9.99549E-05 9.99549E-05 9.99549E-05 9.99549E-05 0.588825
0.0891289 0.200959 9.9973E-05 9.9973E-05 0.0466997 0.0341105 9.9973E-05 0.628802
0.0128384 0.0222445 0.181162 9.9964E-05 9.9964E-05 9.9964E-05 9.9964E-05 0.783356
0.0111401 9.9982E-05 0.0193779 0.371449 0.0892022 9.9982E-05 0.00957592 0.499055
9.99729E-05 0.379532 9.99729E-05 9.99729E-05 0.00646122 0.00524467 0.02822 0.580242
9.9982E-05 9.9982E-05 0.0577106 0.29533 0.335286 0.00610519 0.0576991 0.247669
9.99549E-05 0.103909 9.99549E-05 9.99549E-05 0.525858 9.99549E-05 9.99549E-05 0.369733
9.99459E-05 0.276075 9.99459E-05 9.99459E-05 9.99459E-05 9.99459E-05 9.99459E-05 0.723326
9.99639E-05 9.99639E-05 9.99639E-05 9.99639E-05 0.142575 0.0601851 0.098735 0.698105
9.9964E-05 9.9964E-05 0.0620163 0.287896 9.9964E-05 0.0655223 9.9964E-05 0.584166
9.9955E-05 0.622952 9.9955E-05 9.9955E-05 9.9955E-05 9.9955E-05 0.093986 0.282562
9.9973E-05 0.067279 9.9973E-05 0.432041 9.9973E-05 0.0413499 0.00735662 0.451674
9.99549E-05 0.157849 9.99549E-05 9.99549E-05 0.119089 9.99549E-05 9.99549E-05 0.722562
0.0510127 9.99729E-05 9.99729E-05 0.191697 0.177154 9.99729E-05 0.0265024 0.553334
9.9973E-05 0.0542664 9.9973E-05 9.9973E-05 0.0104039 0.0701868 0.160882 0.703961
9.9982E-05 0.0942898 9.9982E-05 0.0287078 0.520117 0.0308788 0.0424622 0.283345
0.056541 9.996E-05 0.116137 0.430741 9.996E-05 9.996E-05 9.996E-05 0.39618
9.99549E-05 9.99549E-05 0.593669 9.99549E-05 0.0353603 9.99549E-05 9.99549E-05 0.370471
0.119635 0.0423557 9.9982E-05 9.9982E-05 0.0278722 0.0885707 0.102441 0.618926
9.99549E-05 0.0913723 9.99549E-05 9.99549E-05 0.314334 9.99549E-05 9.99549E-05 0.593794
9.9964E-05 9.9964E-05 9.9964E-05 0.0937355 9.9964E-05 0.0720078 0.0815494 0.752307
9.99459E-05 9.99459E-05 0.339933 9.99459E-05 9.99459E-05 9.99459E-05 9.99459E-05 0.659468
0.00122951 9.9991E-05 0.100592 0.504619 0.0935914 0.0229196 0.136353 0.140595
9.99549E-05 0.0917303 9.99549E-05 9.99549E-05 0.251775 9.99549E-05 0.655995 9.99549E-05
0.0264053 0.00995743 0.601657 0.0720166 0.229988 9.9991E-05 0.0325946 0.0272808
9.99729E-05 0.115885 9.99729E-05 9.99729E-05 0.523028 0.0220729 0.210184 0.128531
9.99459E-05 0.550202 9.99459E-05 9.99459E-05 9.99459E-05 9.99459E-05 0.449198 9.99459E-05
9.9982E-05 0.0203792 0.221324 0.610039 0.071785 9.9982E-05 0.0748053 0.00146795
9.9973E-05 0.0710558 0.015998 0.183194 9.9973E-05 0.0185287 0.710924 9.9973E-05
0.10539 9.9982E-05 0.023426 0.17798 0.47753 9.9982E-05 0.0948041 0.12067
9.99459E-05 9.99459E-05 0.290032 9.99459E-05 9.99459E-05 9.99459E-05 0.709368 9.99459E-05
9.9964E-05 0.37533 0.023113 9.9964E-05 0.397068 9.9964E-05 0.204089 9.9964E-05
0.0362696 9.99729E-05 0.0939611 0.578615 9.99729E-05 9.99729E-05 0.224609 0.0662456
9.99459E-05 9.99459E-05 0.453375 9.99459E-05 9.99459E-05 9.99459E-05 0.546026 9.99459E-05
9.99459E-05 0.645884 9.99459E-05 9.99459E-05 9.99459E-05 9.99459E-05 0.353516 9.99459E-05
9.9973E-05 0.0132491 0.143453 0.780515 0.0214143 9.9973E-05 9.9973E-05 0.0410692
9.99549E-05 9.99549E-05 0.302449 0.15945 9.99549E-05 9.99549E-05 0.537601 9.99549E-05
9.99639E-05 9.99639E-05 0.379333 0.307528 0.301274 9.99639E-05 0.0114647 9.99639E-05
9.99459E-05 0.578288 9.99459E-05 9.99459E-05 9.99459E-05 9.99459E-05 0.421112 9.99459E-05
9.99639E-05 9.99639E-05 0.428236 0.226572 0.0275759 9.99639E-05 0.317216 9.99639E-05
0.0267805 0.00177945 9.9991E-05 0.766201 0.0248351 0.00107342 0.00138411 0.177846
9.99639E-05 9.99639E-05 9.99639E-05 0.140992 0.605833 0.0155306 0.237244 9.99639E-05
9.9982E-05 0.101875 0.426702 0.0718379 0.187086 0.0819683 9.9982E-05 0.130331
9.999E-05 0.0245605 0.449917 0.107038 0.17042 0.0313353 0.152487 0.0641427
9.99549E-05 0.442699 9.99549E-05 9.99549E-05 0.0871688 9.99549E-05 0.469633 9.99549E-05
0.0380523 9.9973E-05 9.9973E-05 0.392694 0.304362 0.082045 0.182547 9.9973E-05
0.0200399 9.99729E-05 9.99729E-05 0.0334662 0.14611 9.99729E-05 0.745902 0.0541819
0.047808 0.225338 9.998E-05 9.998E-05 0.210672 0.0403705 0.224991 0.250621
0.0517952 9.9991E-05 0.222017 0.296878 0.0730812 0.0233078 0.210718 0.122102
0.0826026 9.9973E-05 9.9973E-05 0.0860871 9.9973E-05 0.00686173 0.356478 0.46767
0.00393495 0.837995 0.0582972 0.040043 9.9982E-05 0.0410326 0.0184973 9.9982E-05
0.0252967 0.0748168 9.99819E-05 9.99819E-05 0.316876 0.0264435 0.37696 0.179407
0.0132466 0.235601 9.9982E-05 9.9982E-05 0.434833 0.037871 0.135993 0.142256
9.9982E-05 0.279799 0.0366879 0.380588 9.9982E-05 0.0702003 0.21642 0.0161057
9.99549E-05 0.54671 9.99549E-05 9.99549E-05 0.36935 9.99549E-05 0.0834409 9.99549E-05
9.99729E-05 9.99729E-05 0.376551 0.414145 0.186541 9.99729E-05 0.0136692 0.00879447
9.99639E-05 0.41604 9.99639E-05 9.99639E-05 0.309399 9.99639E-05 0.195809 0.0783521
9.9964E-05 0.128278 0.405088 9.9964E-05 9.9964E-05 9.9964E-05 0.391845 0.0743889
9.9973E-05 0.0492957 0.514301 0.12331 9.9973E-05 9.9973E-05 0.163024 0.14977
0.112927 9.9973E-05 9.9973E-05 0.153882 9.9973E-05 0.0124007 0.371566 0.348924
0.0566729 9.9982E-05 0.0139509 0.159982 0.392632 9.9982E-05 0.130033 0.246529
0.0199519 0.0434884 9.9991E-05 0.0828552 0.0519995 0.0542132 0.364896 0.382495
9.99729E-05 0.0757211 0.456703 9.99729E-05 0.0853987 9.99729E-05 0.113856 0.268021
9.9964E-05 0.734301 9.9964E-05 0.0453063 0.10027 9.9964E-05 9.9964E-05 0.119724
9.99549E-05 0.681151 9.99549E-05 9.99549E-05 9.99549E-05 9.99549E-05 0.301279 0.0170708
0.0460269 0.0691896 9.9964E-05 9.9964E-05 0.645625 9.9964E-05 0.238759 9.9964E-05
0.0407922 0.59577 9.9982E-05 9.9982E-05 0.0808852 0.00823392 0.254154 0.0199654
9.9955E-05 0.820678 9.9955E-05 0.119149 9.9955E-05 9.9955E-05 9.9955E-05 0.0596727
0.102665 0.0863661 9.9973E-05 9.9973E-05 0.480941 0.00980248 0.319926 9.9973E-05
9.99729E-05 0.173537 0.00784569 0.0399209 0.600787 9.99729E-05 0.17761 9.99729E-05
0.00717992 9.9973E-05 0.127467 0.742542 9.9973E-05 0.0515847 0.0709267 9.9973E-05
9.99639E-05 9.99639E-05 0.205968 0.630483 0.14188 0.0212697 9.99639E-05 9.99639E-05
9.99639E-05 9.99639E-05 9.99639E-05 0.179716 0.740834 0.0491581 0.0298923 9.99639E-05
9.99639E-05 0.0130869 0.0476461 0.802391 0.136476 9.99639E-05 9.99639E-05 9.99639E-05
9.9964E-05 9.9964E-05 0.137082 0.789497 0.0411935 9.9964E-05 9.9964E-05 0.0318279
9.99639E-05 9.99639E-05 0.5979 0.119005 0.203987 0.0787071 9.99639E-05 9.99639E-05
9.9955E-05 9.9955E-05 0.334765 0.533932 0.130803 9.9955E-05 9.9955E-05 9.9955E-05
9.9964E-05 0.134125 9.9964E-05 0.0985006 0.713603 0.053371 9.9964E-05 9.9964E-05
9.9955E-05 0.572909 9.9955E-05 9.9955E-05 0.283334 9.9955E-05 0.143258 9.9955E-05
0.0799745 9.9973E-05 9.9973E-05 0.505781 0.299406 9.9973E-05 0.0251169 0.0894214
9.9973E-05 0.146774 0.0275508 9.9973E-05 0.818068 0.00394 9.9973E-05 0.00336702
0.0646315 9.9982E-05 0.00501435 0.0400026 0.757858 0.112276 0.0200175 9.9982E-05
9.9964E-05 9.9964E-05 9.9964E-05 0.377349 0.577077 0.0105975 9.9964E-05 0.034577
9.9955E-05 0.1803 9.9955E-05 9.9955E-05 0.732726 9.9955E-05 0.0864746 9.9955E-05
0.0280379 0.100391 0.0291128 0.15486 0.627593 9.998E-05 9.998E-05 0.0598063
0.0800314 9.9973E-05 9.9973E-05 0.414076 0.13257 0.0924432 0.28058 9.9973E-05
0.0523918 0.0778054 9.9973E-05 0.201035 0.62217 0.0462984 9.9973E-05 9.9973E-05
0.0391909 9.9964E-05 9.9964E-05 0.182742 0.614094 9.9964E-05 9.9964E-05 0.163573
9.9964E-05 0.0714618 0.0226155 0.852937 0.0525855 9.9964E-05 9.9964E-05 9.9964E-05
0.0344036 9.9982E-05 0.0340097 0.522714 0.291502 9.9982E-05 0.0286538 0.0885166
0.0171768 0.336138 0.0349007 0.00734394 0.604141 9.9973E-05 9.9973E-05 9.9973E-05
0.0208544 9.9964E-05 0.0426976 9.9964E-05 0.883419 9.9964E-05 9.9964E-05 0.0526292
9.9955E-05 0.442647 9.9955E-05 9.9955E-05 0.459457 9.9955E-05 0.0973963 9.9955E-05
9.9964E-05 9.9964E-05 0.0673354 0.802337 0.115827 9.9964E-05 0.0141007 9.9964E-05
0.0471328 9.9973E-05 9.9973E-05 0.420298 0.390652 0.0220103 0.119606 9.9973E-05
9.99557E-05 0.30435 9.99557E-05 9.99557E-05 0.624821 9.99557E-05 0.0703294 9.99557E-05
0.0435421 9.9973E-05 0.168459 0.506107 9.9973E-05 9.9973E-05 0.252698 0.0288948
9.9964E-05 0.0397303 9.9964E-05 0.506492 9.9964E-05 0.0542157 0.399162 9.9964E-05
0.0640918 0.345195 9.998E-05 9.998E-05 0.382603 0.0759394 0.102003 0.0299679
0.00126237 0.157771 9.9982E-05 9.9982E-05 0.025198 0.0308571 0.677324 0.107388
9.9964E-05 0.0554061 9.9964E-05 0.660517 9.9964E-05 0.129069 0.154608 9.9964E-05
9.99549E-05 9.99549E-05 0.218541 0.394766 9.99549E-05 9.99549E-05 0.386193 9.99549E-05
0.0446389 9.9964E-05 0.163315 0.515197 9.9964E-05 9.9964E-05 0.276449 9.9964E-05
9.9946E-05 0.713226 9.9946E-05 9.9946E-05 9.9946E-05 9.9946E-05 0.286174 9.9946E-05
0.0231206 9.9964E-05 9.9964E-05 9.9964E-05 0.524721 0.00475911 0.446999 9.9964E-05
0.0486729 9.99729E-05 9.99729E-05 0.289736 0.0215181 9.99729E-05 0.255317 0.384457
9.9964E-05 9.9964E-05 0.00194533 0.642987 9.9964E-05 9.9964E-05 0.334347 0.0203209
9.99639E-05 0.517994 9.99639E-05 9.99639E-05 0.0914418 9.99639E-05 0.269614 0.12055
9.9964E-05 9.9964E-05 9.9964E-05 0.10719 0.555265 0.0515361 0.285609 9.9964E-05
0.0149537 9.9973E-05 9.9973E-05 0.069413 0.571382 0.0202134 0.323738 9.9973E-05
9.99639E-05 9.99639E-05 9.99639E-05 0.112277 9.99639E-05 0.0125401 0.473275 0.401509
9.9964E-05 0.0390562 9.9964E-05 9.9964E-05 0.682244 9.9964E-05 0.0390621 0.239238
0.0594012 9.99729E-05 9.99729E-05 0.564939 0.267834 9.99729E-05 0.00792195 0.0996047
9.99639E-05 9.99639E-05 9.99639E-05 0.380511 0.156983 9.99639E-05 0.345481 0.116625
9.9964E-05 9.9964E-05 0.222671 0.46509 9.9964E-05 0.0337183 0.27812 9.9964E-05
0.140602 0.139297 9.99729E-05 9.99729E-05 0.3205 0.0154149 0.383887 9.99729E-05
0.038603 9.99639E-05 0.0303591 0.659321 9.99639E-05 9.99639E-05 0.271317 9.99639E-05
9.99639E-05 9.99639E-05 0.435079 0.260906 0.114333 9.99639E-05 0.189282 9.99639E-05
9.99549E-05 0.339818 9.99549E-05 9.99549E-05 0.45684 9.99549E-05 0.202843 9.99549E-05
9.99639E-05 0.0673343 9.99639E-05 0.30819 0.57636 9.99639E-05 0.0477154 9.99639E-05
0.0672472 9.9955E-05 9.9955E-05 9.9955E-05 0.748819 9.9955E-05 0.183434 9.9955E-05
0.00277353 9.9973E-05 0.0883066 0.786136 9.9973E-05 0.0616373 0.0608464 9.9973E-05
0.194889 0.0193625 0.353415 0.193969 0.128336 0.0714582 9.9991E-05 0.0384712
0.105418 9.9973E-05 0.053433 0.678159 0.124108 9.9973E-05 0.0385815 9.9973E-05
9.9955E-05 0.283013 9.9955E-05 9.9955E-05 0.546351 9.9955E-05 0.170136 9.9955E-05
0.0650588 9.9982E-05 0.101557 0.564615 0.230284 9.9982E-05 0.0275495 0.0107356
0.0344439 9.9991E-05 0.00520209 0.703522 0.0576551 0.0284714 0.0792945 0.091311
0.00203509 0.0498324 0.082909 0.760876 9.9982E-05 9.9982E-05 0.0181988 0.0859483
9.9955E-05 0.262608 9.9955E-05 9.9955E-05 0.681575 9.9955E-05 9.9955E-05 0.0553177
9.9973E-05 9.9973E-05 9.9973E-05 0.280614 0.557446 0.0269655 0.119785 0.0148889
9.9973E-05 0.113071 0.09938 0.696974 0.0379314 0.0523434 9.9973E-05 9.9973E-05
0.0725525 0.151365 0.0751862 0.0334565 0.438947 9.9991E-05 0.205048 0.0233446
0.0282901 9.9991E-05 0.142465 0.736996 0.0109615 0.0134687 0.015661 0.0520569
9.9973E-05 0.167882 0.435536 0.0421945 0.272951 9.9973E-05 9.9973E-05 0.0811358
0.0612422 9.9982E-05 9.9982E-05 0.297179 0.399945 0.0278243 0.138617 0.0749923
9.9955E-05 0.43498 9.9955E-05 9.9955E-05 0.520652 9.9955E-05 0.0438681 9.9955E-05
0.0166657 9.9982E-05 0.00776906 0.276848 0.464313 0.028173 0.206031 9.9982E-05
0.00384332 0.170926 9.99819E-05 9.99819E-05 0.257561 0.0438717 0.239206 0.284392
9.9973E-05 0.622659 9.9973E-05 0.0168096 0.1215 9.9973E-05 0.0996635 0.139068
0.0463321 9.997E-05 9.997E-05 0.0953132 0.589703 9.997E-05 0.158065 0.110287
9.99549E-05 9.99549E-05 9.99549E-05 9.99549E-05 0.519826 9.99549E-05 0.0424519 0.437222
9.99729E-05 0.0266214 9.99729E-05 0.177519 0.494558 9.99729E-05 0.254406 0.0465956
9.99729E-05 9.99729E-05 0.274238 0.404606 0.115778 9.99729E-05 0.155622 0.0494556
9.99639E-05 0.583326 9.99639E-05 9.99639E-05 9.99639E-05 0.0156823 0.359414 0.0411783
0.0118522 0.0318336 0.592812 0.0132222 9.9982E-05 0.0195395 0.330541 9.9982E-05
0.00951518 9.9982E-05 0.0661125 0.450001 0.097437 0.019322 9.9982E-05 0.357413
9.9973E-05 0.237783 0.0593211 0.51838 9.9973E-05 0.0326802 9.9973E-05 0.151536
9.99639E-05 0.581732 9.99639E-05 0.048155 0.127354 9.99639E-05 9.99639E-05 0.242359
9.99639E-05 0.650871 9.99639E-05 9.99639E-05 0.215136 9.99639E-05 0.0249094 0.108684
9.9973E-05 9.9973E-05 0.372775 0.306674 0.0893211 0.0033927 0.227537 9.9973E-05
0.0664954 9.9982E-05 9.9982E-05 0.117509 0.673505 0.0244942 0.0654832 0.0523132
0.00566806 0.00284404 9.9991E-05 0.092375 0.333035 0.0325933 0.174953 0.358432
9.99549E-05 0.735657 9.99549E-05 9.99549E-05 0.137301 9.99549E-05 9.99549E-05 0.126543
9.9964E-05 0.133234 9.9964E-05 0.189117 9.9964E-05 9.9964E-05 0.256098 0.421151
9.9991E-05 0.0416672 0.29166 0.147448 0.0156789 0.0491372 0.303085 0.151224
9.9973E-05 0.087932 9.9973E-05 0.849078 0.0220278 0.00966881 0.0309933 9.9973E-05
0.000577144 0.0115485 9.9982E-05 0.708803 0.0418631 9.9982E-05 0.0266418 0.210367
9.9982E-05 0.102181 0.34467 0.0780086 0.08056 9.9982E-05 0.0411274 0.353253
9.9973E-05 0.169487 0.00339104 9.9973E-05 0.750476 0.0636485 9.9973E-05 0.0126972
0.0191335 9.9973E-05 0.0248711 0.761144 0.10507 9.9973E-05 9.9973E-05 0.0894813
9.9964E-05 0.101914 0.0605829 9.9964E-05 0.772937 9.9964E-05 9.9964E-05 0.0641654
0.0236965 9.9982E-05 0.0131712 0.120847 0.608217 9.9982E-05 0.0578044 0.176064
0.0361169 9.9982E-05 0.0636461 0.70175 0.0841038 0.0134552 0.100728 9.9982E-05
9.9964E-05 0.451707 9.9964E-05 0.00319488 0.519952 0.0247469 9.9964E-05 9.9964E-05
0.00475565 0.440671 9.9982E-05 0.0486041 0.121643 9.9982E-05 0.0224738 0.361653
9.9973E-05 0.117881 9.9973E-05 9.9973E-05 0.685041 0.0085262 0.170531 0.0177202
9.9973E-05 0.206814 9.9973E-05 0.464685 9.9973E-05 0.080634 0.114849 0.132719
9.998E-05 0.129795 9.998E-05 0.203562 0.128857 0.0643553 0.319177 0.154054
9.9973E-05 0.0901755 9.9973E-05 0.479741 0.194682 0.0637604 0.171341 9.9973E-05
9.99549E-05 0.724134 0.0505308 9.99549E-05 0.224835 9.99549E-05 9.99549E-05 9.99549E-05
9.9973E-05 0.0667076 0.631921 0.161186 0.126394 9.9973E-05 0.0134911 9.9973E-05
0.16788 0.115945 9.999E-05 0.0573737 0.367113 0.0465543 0.0921955 0.152839
0.0404769 0.0698255 0.0925524 0.559422 0.0676961 0.030081 0.026737 0.113209
9.9982E-05 0.0909961 0.457529 0.345925 0.0599762 0.0441286 9.9982E-05 0.00124495
9.99639E-05 0.205254 9.99639E-05 0.737124 9.99639E-05 0.0483602 9.99639E-05 0.00886208
9.99639E-05 0.118637 9.99639E-05 0.768868 9.99639E-05 0.0746203 0.0374747 9.99639E-05
0.0387879 0.262526 9.99639E-05 0.647144 9.99639E-05 0.0511419 9.99639E-05 9.99639E-05
0.0672505 0.035312 9.9991E-05 0.0511149 0.561752 0.115111 0.0236717 0.145688
0.0681394 0.0241779 9.9982E-05 9.9982E-05 0.694718 0.0322744 0.131536 0.0489545
0.0312151 0.0808284 0.583184 0.110769 0.0401437 0.0012519 0.152508 9.9991E-05
9.9973E-05 0.30103 0.0419946 0.385923 9.9973E-05 9.9973E-05 0.0360086 0.234744
0.0665975 0.204909 0.0439026 9.9991E-05 0.229971 0.057388 0.203832 0.193299
9.9964E-05 0.82463 9.9964E-05 9.9964E-05 9.9964E-05 0.0270304 0.121795 0.0261444
9.9946E-05 0.357387 9.9946E-05 9.9946E-05 0.642013 9.9946E-05 9.9946E-05 9.9946E-05
0.00013854 0.808912 9.9982E-05 0.0371106 0.116672 9.9982E-05 0.0116664 0.0253006
