0.617591 9.9919E-05 0.0174162 0.0189846 0.103817 9.9919E-05 9.9919E-05 9.9919E-05 9.9919E-05 0.241292 9.9919E-05 9.9919E-05 9.9919E-05 9.9919E-05
0.527658 9.99189E-05 9.99189E-05 0.0334399 0.0129106 9.99189E-05 9.99189E-05 9.99189E-05 9.99189E-05 0.203502 9.99189E-05 9.99189E-05 0.22159 9.99189E-05
0.0855587 9.99639E-05 9.99639E-05 0.0240832 0.00276087 0.254952 0.0117446 0.507479 9.99639E-05 0.0285634 9.99639E-05 0.047577 0.0359628 0.000918697
0.252842 9.99459E-05 0.0834999 9.99459E-05 0.020097 9.99459E-05 0.0367859 9.99459E-05 0.00570394 0.138061 9.99459E-05 9.99459E-05 0.244866 0.217544
9.99368E-05 9.99368E-05 0.314181 0.0595691 9.99368E-05 9.99368E-05 0.039552 9.99368E-05 9.99368E-05 0.351486 9.99368E-05 0.0283654 0.0627023 0.143444
0.533006 0.0580112 9.99189E-05 0.0547286 9.99189E-05 9.99189E-05 0.291837 0.0615173 9.99189E-05 9.99189E-05 9.99189E-05 9.99189E-05 9.99189E-05 9.99189E-05
0.312016 9.99098E-05 9.99098E-05 9.99098E-05 9.99098E-05 0.217338 9.99098E-05 0.426149 9.99098E-05 9.99098E-05 9.99098E-05 9.99098E-05 0.0434972 9.99098E-05
0.473238 0.0552564 9.9928E-05 9.9928E-05 9.9928E-05 9.9928E-05 0.175062 0.181953 9.9928E-05 0.109313 9.9928E-05 0.00437868 9.9928E-05 9.9928E-05
0.427649 9.9937E-05 9.9937E-05 9.9937E-05 0.0142193 9.9937E-05 0.0623237 9.9937E-05 9.9937E-05 0.0433246 9.9937E-05 0.0763115 0.279611 0.0958614
9.99189E-05 9.99189E-05 0.00279427 9.99189E-05 0.0467227 0.429849 0.305578 0.214157 9.99189E-05 9.99189E-05 9.99189E-05 9.99189E-05 9.99189E-05 9.99189E-05
0.118057 9.99639E-05 0.0488587 0.0852647 0.0149737 0.026764 0.0575322 9.99639E-05 9.99639E-05 0.0410725 0.055805 0.00124544 0.550027 9.99639E-05
9.99099E-05 9.99099E-05 9.99099E-05 9.99099E-05 9.99099E-05 9.99099E-05 0.224659 9.99099E-05 9.99099E-05 0.196967 0.200505 9.99099E-05 0.376871 9.99099E-05
0.130867 0.0115795 9.99549E-05 0.177528 9.99549E-05 0.0343995 9.99549E-05 0.101257 0.0187245 9.99549E-05 9.99549E-05 0.0243285 0.147283 0.353533
0.423914 9.99189E-05 9.99189E-05 9.99189E-05 9.99189E-05 0.177783 0.138443 0.246551 9.99189E-05 9.99189E-05 0.0124099 9.99189E-05 9.99189E-05 9.99189E-05
9.99189E-05 9.99189E-05 0.0442439 9.99189E-05 9.99189E-05 9.99189E-05 0.0599979 9.99189E-05 9.99189E-05 0.209205 0.0658019 9.99189E-05 0.619852 9.99189E-05
0.018281 0.0597975 0.0485131 9.99549E-05 0.0118144 0.427539 0.0150939 0.340598 0.0699642 9.99549E-05 9.99549E-05 9.99549E-05 9.99549E-05 0.00789915
0.45053 9.99279E-05 9.99279E-05 9.99279E-05 9.99279E-05 0.192071 9.99279E-05 0.334037 9.99279E-05 9.99279E-05 0.000672198 9.99279E-05 0.00707498 0.0148151
0.521173 9.99098E-05 9.99098E-05 0.0191899 9.99098E-05 9.99098E-05 9.99098E-05 0.430441 9.99098E-05 9.99098E-05 9.99098E-05 9.99098E-05 0.028197 9.99098E-05
0.254415 9.9946E-05 9.9946E-05 0.0384046 9.9946E-05 9.9946E-05 0.0472476 0.0505768 9.9946E-05 0.157581 0.172446 9.9946E-05 0.142164 0.136566
9.98918E-05 9.98918E-05 0.314402 9.98918E-05 0.684399 9.98918E-05 9.98918E-05 9.98918E-05 9.98918E-05 9.98918E-05 9.98918E-05 9.98918E-05 9.98918E-05 9.98918E-05
9.99009E-05 9.99009E-05 0.0511123 9.99009E-05 0.759394 9.99009E-05 9.99009E-05 9.99009E-05 9.99009E-05 9.99009E-05 9.99009E-05 9.99009E-05 9.99009E-05 0.188395
0.0311184 9.99098E-05 0.0707858 0.0323484 0.864748 9.99098E-05 9.99098E-05 9.99098E-05 9.99098E-05 9.99098E-05 9.99098E-05 9.99098E-05 9.99098E-05 9.99098E-05
9.99099E-05 9.99099E-05 9.99099E-05 9.99099E-05 0.607842 9.99099E-05 9.99099E-05 9.99099E-05 9.99099E-05 9.99099E-05 0.0587456 0.026991 9.99099E-05 0.305423
9.99009E-05 9.99009E-05 9.99009E-05 9.99009E-05 0.728561 9.99009E-05 9.99009E-05 9.99009E-05 9.99009E-05 9.99009E-05 9.99009E-05 0.0260715 0.244269 9.99009E-05
0.0661507 0.188459 9.99278E-05 9.99278E-05 0.461384 0.142797 9.99278E-05 0.110884 9.99278E-05 9.99278E-05 9.99278E-05 0.0295255 9.99278E-05 9.99278E-05
9.99188E-05 9.99188E-05 9.99188E-05 9.99188E-05 0.367958 9.99188E-05 0.0445261 9.99188E-05 9.99188E-05 0.0288606 9.99188E-05 0.310939 0.246817 9.99188E-05
9.99189E-05 0.160016 9.99189E-05 9.99189E-05 0.245811 9.99189E-05 9.99189E-05 0.00485159 0.538911 9.99189E-05 9.99189E-05 0.0495109 9.99189E-05 9.99189E-05
9.99099E-05 9.99099E-05 0.467055 9.99099E-05 0.213049 9.99099E-05 9.99099E-05 9.99099E-05 9.99099E-05 0.101992 9.99099E-05 0.216906 9.99099E-05 9.99099E-05
0.000170103 9.99098E-05 9.99098E-05 0.0768523 0.842229 0.0797495 9.99098E-05 9.99098E-05 9.99098E-05 9.99098E-05 9.99098E-05 9.99098E-05 9.99098E-05 9.99098E-05
9.99009E-05 9.99009E-05 9.99009E-05 9.99009E-05 0.837345 9.99009E-05 9.99009E-05 9.99009E-05 9.99009E-05 9.99009E-05 9.99009E-05 9.99009E-05 0.0484139 0.113142
9.99461E-05 0.0148067 9.99461E-05 9.99461E-05 0.586312 0.0205392 9.99461E-05 0.082176 0.151278 9.99461E-05 0.000301503 9.99461E-05 0.00078428 0.143203
0.0330036 0.188259 9.99368E-05 0.130336 0.199057 0.0997538 9.99368E-05 9.99368E-05 0.0408831 9.99368E-05 9.99368E-05 0.308008 9.99368E-05 9.99368E-05
9.99188E-05 0.00943562 9.99188E-05 9.99188E-05 0.604683 0.121349 9.99188E-05 0.0981951 0.165438 9.99188E-05 9.99188E-05 9.99188E-05 9.99188E-05 9.99188E-05
0.165311 0.0579135 9.99098E-05 9.99098E-05 0.65723 9.99098E-05 9.99098E-05 0.118546 9.99098E-05 9.99098E-05 9.99098E-05 9.99098E-05 9.99098E-05 9.99098E-05
9.99009E-05 9.99009E-05 9.99009E-05 9.99009E-05 0.818389 9.99009E-05 9.99009E-05 9.99009E-05 9.99009E-05 9.99009E-05 9.99009E-05 9.99009E-05 0.0684164 0.112095
9.99099E-05 9.99099E-05 0.114197 9.99099E-05 0.723913 9.99099E-05 9.99099E-05 9.99099E-05 9.99099E-05 9.99099E-05 9.99099E-05 0.0124961 0.148395 9.99099E-05
9.99009E-05 9.99009E-05 0.315379 9.99009E-05 0.656785 9.99009E-05 9.99009E-05 9.99009E-05 9.99009E-05 9.99009E-05 9.99009E-05 9.99009E-05 0.0267376 9.99009E-05
9.99099E-05 9.99099E-05 9.99099E-05 9.99099E-05 0.666264 9.99099E-05 9.99099E-05 9.99099E-05 9.99099E-05 0.0916161 0.0142874 9.99099E-05 9.99099E-05 0.226833
0.127934 0.582981 0.0405928 9.99097E-05 9.99097E-05 9.99097E-05 9.99097E-05 9.99097E-05 9.99097E-05 9.99097E-05 9.99097E-05 0.247493 9.99097E-05 9.99097E-05
9.9901E-05 0.758674 9.9901E-05 0.0475668 9.9901E-05 9.9901E-05 9.9901E-05 9.9901E-05 0.192661 9.9901E-05 9.9901E-05 9.9901E-05 9.9901E-05 9.9901E-05
9.99279E-05 0.518259 9.99279E-05 9.99279E-05 0.0728634 0.0760303 0.0128844 0.142054 0.17711 9.99279E-05 9.99279E-05 9.99279E-05 9.99279E-05 9.99279E-05
9.99189E-05 0.326791 0.0523639 9.99189E-05 9.99189E-05 9.99189E-05 9.99189E-05 9.99189E-05 0.0627724 9.99189E-05 9.99189E-05 0.206772 9.99189E-05 0.350402
0.137947 0.576029 0.00963506 9.99188E-05 0.268867 9.99188E-05 9.99188E-05 9.99188E-05 9.99188E-05 9.99188E-05 9.99188E-05 0.00662301 9.99188E-05 9.99188E-05
9.99369E-05 0.65179 9.99369E-05 0.00796072 0.0623866 0.0396591 0.0589129 0.13699 9.99369E-05 9.99369E-05 9.99369E-05 9.99369E-05 0.0416015 9.99369E-05
9.99099E-05 9.99099E-05 9.99099E-05 9.99099E-05 0.0353809 9.99099E-05 9.99099E-05 9.99099E-05 9.99099E-05 0.198604 0.204648 0.560368 9.99099E-05 9.99099E-05
9.99099E-05 0.266364 9.99099E-05 9.99099E-05 9.99099E-05 9.99099E-05 9.99099E-05 9.99099E-05 9.99099E-05 0.0896492 9.99099E-05 0.377491 0.265497 9.99099E-05
9.99189E-05 0.5102 9.99189E-05 9.99189E-05 0.152579 0.15908 9.99189E-05 0.14934 0.0279024 9.99189E-05 9.99189E-05 9.99189E-05 9.99189E-05 9.99189E-05
0.0633527 0.660459 0.0816606 9.99188E-05 9.99188E-05 9.99188E-05 9.99188E-05 9.99188E-05 9.99188E-05 9.99188E-05 9.99188E-05 0.162824 0.0308045 9.99188E-05
9.98919E-05 0.361273 9.98919E-05 9.98919E-05 9.98919E-05 9.98919E-05 9.98919E-05 9.98919E-05 0.637528 9.98919E-05 9.98919E-05 9.98919E-05 9.98919E-05 9.98919E-05
9.99189E-05 0.466113 0.0416531 9.99189E-05 9.99189E-05 9.99189E-05 9.99189E-05 9.99189E-05 9.99189E-05 0.177434 0.0498485 0.264052 9.99189E-05 9.99189E-05
9.99189E-05 0.731504 0.026563 9.99189E-05 9.99189E-05 9.99189E-05 9.99189E-05 9.99189E-05 0.21847 0.0133306 9.99189E-05 9.99189E-05 9.99189E-05 0.0092332
9.9919E-05 0.510733 0.181269 9.9919E-05 0.0126085 9.9919E-05 9.9919E-05 9.9919E-05 9.9919E-05 9.9919E-05 9.9919E-05 0.0128955 9.9919E-05 0.281595
9.99188E-05 0.100618 9.99188E-05 9.99188E-05 0.122922 9.99188E-05 0.0134534 9.99188E-05 9.99188E-05 9.99188E-05 9.99188E-05 0.401049 0.361058 9.99188E-05
9.99009E-05 0.379292 9.99009E-05 9.99009E-05 9.99009E-05 9.99009E-05 9.99009E-05 9.99009E-05 9.99009E-05 9.99009E-05 9.99009E-05 0.16906 0.450549 9.99009E-05
9.9937E-05 0.182697 0.000514931 9.9937E-05 0.0404312 9.9937E-05 9.9937E-05 9.9937E-05 9.9937E-05 0.159867 0.228504 0.202929 9.9937E-05 0.184356
9.99189E-05 9.99189E-05 9.99189E-05 9.99189E-05 0.437832 9.99189E-05 9.99189E-05 9.99189E-05 9.99189E-05 0.0798215 0.337068 0.0626146 9.99189E-05 0.0817639
0.0157207 0.640287 9.99278E-05 0.0621222 9.99278E-05 0.092127 9.99278E-05 9.99278E-05 0.00844778 9.99278E-05 9.99278E-05 0.180495 9.99278E-05 9.99278E-05
9.99279E-05 0.377061 0.216092 9.99279E-05 0.0238768 9.99279E-05 9.99279E-05 9.99279E-05 0.0521996 9.99279E-05 9.99279E-05 0.238915 9.99279E-05 0.0910554
9.99098E-05 0.784277 9.99098E-05 0.0376542 9.99098E-05 0.10551 9.99098E-05 9.99098E-05 0.0715599 9.99098E-05 9.99098E-05 9.99098E-05 9.99098E-05 9.99098E-05
9.99098E-05 0.325648 0.272379 9.99098E-05 9.99098E-05 9.99098E-05 9.99098E-05 9.99098E-05 9.99098E-05 0.0217301 9.99098E-05 0.379244 9.99098E-05 9.99098E-05
0.0927807 0.285403 0.0566069 9.99278E-05 0.0347529 9.99278E-05 9.99278E-05 9.99278E-05 9.99278E-05 9.99278E-05 9.99278E-05 0.478217 0.05144 9.99278E-05
0.0104419 0.461981 9.99189E-05 9.99189E-05 9.99189E-05 9.99189E-05 9.99189E-05 9.99189E-05 9.99189E-05 0.0916281 9.99189E-05 0.269696 0.165354 9.99189E-05
9.99279E-05 0.124934 9.99279E-05 0.142192 0.00550072 0.250968 9.99279E-05 9.99279E-05 0.0268203 9.99279E-05 9.99279E-05 0.448784 9.99279E-05 9.99279E-05
9.99189E-05 0.0718113 9.99189E-05 9.99189E-05 0.0137516 9.99189E-05 9.99189E-05 9.99189E-05 9.99189E-05 9.99189E-05 0.0925683 0.506788 9.99189E-05 0.314182
9.99099E-05 0.163319 9.99099E-05 9.99099E-05 9.99099E-05 0.0684351 9.99099E-05 0.452042 9.99099E-05 9.99099E-05 9.99099E-05 0.315204 9.99099E-05 9.99099E-05
0.123677 0.0400098 9.99279E-05 9.99279E-05 0.161863 9.99279E-05 0.0127679 9.99279E-05 9.99279E-05 9.99279E-05 9.99279E-05 0.405168 0.255715 9.99279E-05
9.99189E-05 0.0057958 0.150285 9.99189E-05 9.99189E-05 9.99189E-05 9.99189E-05 9.99189E-05 9.99189E-05 0.0896442 9.99189E-05 0.694831 9.99189E-05 0.0585445
9.99009E-05 9.99009E-05 0.330831 9.99009E-05 9.99009E-05 9.99009E-05 9.99009E-05 9.99009E-05 9.99009E-05 0.0268259 9.99009E-05 0.641244 9.99009E-05 9.99009E-05
0.19483 9.99188E-05 9.99188E-05 0.00969291 0.148981 9.99188E-05 9.99188E-05 0.0448189 9.99188E-05 9.99188E-05 9.99188E-05 0.600778 9.99188E-05 9.99188E-05
0.201228 0.0809069 9.99369E-05 0.0160358 0.338706 9.99369E-05 0.039936 9.99369E-05 0.0244826 9.99369E-05 9.99369E-05 0.298005 9.99369E-05 9.99369E-05
9.99279E-05 0.0709471 9.99279E-05 0.0165019 0.207921 0.104284 9.99279E-05 9.99279E-05 0.357965 9.99279E-05 9.99279E-05 0.241581 9.99279E-05 9.99279E-05
9.99098E-05 0.295057 9.99098E-05 9.99098E-05 9.99098E-05 9.99098E-05 9.99098E-05 0.367072 0.123391 9.99098E-05 9.99098E-05 0.213481 9.99098E-05 9.99098E-05
9.99099E-05 9.99099E-05 9.99099E-05 9.99099E-05 0.645413 9.99099E-05 9.99099E-05 9.99099E-05 9.99099E-05 0.211581 0.0816984 9.99099E-05 9.99099E-05 0.0603089
9.99278E-05 0.320207 9.99278E-05 0.00805975 9.99278E-05 0.198686 9.99278E-05 0.0668307 0.0642902 9.99278E-05 9.99278E-05 0.341127 9.99278E-05 9.99278E-05
9.99008E-05 9.99008E-05 0.135924 0.0157979 9.99008E-05 9.99008E-05 9.99008E-05 9.99008E-05 9.99008E-05 9.99008E-05 9.99008E-05 0.847179 9.99008E-05 9.99008E-05
9.99189E-05 9.99189E-05 9.99189E-05 9.99189E-05 0.210173 9.99189E-05 0.0179042 9.99189E-05 9.99189E-05 9.99189E-05 0.0025042 0.449078 0.319442 9.99189E-05
9.99188E-05 0.0254334 9.99188E-05 9.99188E-05 0.719874 0.11404 9.99188E-05 0.0960156 0.0437377 9.99188E-05 9.99188E-05 9.99188E-05 9.99188E-05 9.99188E-05
9.99189E-05 0.171744 9.99189E-05 9.99189E-05 0.222098 9.99189E-05 9.99189E-05 0.240882 0.341886 9.99189E-05 9.99189E-05 0.022491 9.99189E-05 9.99189E-05
9.99098E-05 0.10243 9.99098E-05 9.99098E-05 0.712254 0.119292 9.99098E-05 0.0650244 9.99098E-05 9.99098E-05 9.99098E-05 9.99098E-05 9.99098E-05 9.99098E-05
0.088315 0.0773392 9.99369E-05 0.105413 0.390864 9.99369E-05 0.00164036 9.99369E-05 0.0769327 9.99369E-05 9.99369E-05 0.258796 9.99369E-05 9.99369E-05
9.99099E-05 0.165118 9.99099E-05 9.99099E-05 0.160473 9.99099E-05 9.99099E-05 9.99099E-05 0.591053 9.99099E-05 9.99099E-05 0.0823563 9.99099E-05 9.99099E-05
9.99279E-05 0.156181 9.99279E-05 9.99279E-05 0.202447 9.99279E-05 9.99279E-05 9.99279E-05 9.99279E-05 9.99279E-05 0.0131022 0.336263 0.0384226 0.252785
9.99098E-05 0.504626 0.0320583 9.99098E-05 9.99098E-05 9.99098E-05 9.99098E-05 9.99098E-05 9.99098E-05 9.99098E-05 9.99098E-05 0.213469 9.99098E-05 0.248848
9.9919E-05 0.408099 9.9919E-05 9.9919E-05 0.0855451 9.9919E-05 9.9919E-05 9.9919E-05 9.9919E-05 9.9919E-05 9.9919E-05 0.108709 0.0872002 0.309548
9.99188E-05 0.514028 9.99188E-05 9.99188E-05 9.99188E-05 0.114936 9.99188E-05 0.10761 0.0933295 9.99188E-05 9.99188E-05 0.169198 9.99188E-05 9.99188E-05
9.99098E-05 0.263853 0.376745 9.99098E-05 0.0109336 9.99098E-05 9.99098E-05 9.99098E-05 9.99098E-05 9.99098E-05 9.99098E-05 0.347469 9.99098E-05 9.99098E-05
9.99008E-05 9.99008E-05 9.99008E-05 9.99008E-05 9.99008E-05 9.99008E-05 9.99008E-05 9.99008E-05 9.99008E-05 9.99008E-05 9.99008E-05 0.85379 0.0294735 0.115637
0.0997856 0.0414904 9.99368E-05 9.99368E-05 0.362234 0.0819269 0.0191135 0.197158 9.99368E-05 9.99368E-05 9.99368E-05 0.197592 9.99368E-05 9.99368E-05
9.99009E-05 0.561155 9.99009E-05 9.99009E-05 0.00166106 9.99009E-05 9.99009E-05 0.436085 9.99009E-05 9.99009E-05 9.99009E-05 9.99009E-05 9.99009E-05 9.99009E-05
0.164139 9.99099E-05 9.99099E-05 9.99099E-05 0.331157 9.99099E-05 9.99099E-05 9.99099E-05 9.99099E-05 0.173221 9.99099E-05 0.330484 9.99099E-05 9.99099E-05
9.99007E-05 0.363708 9.99007E-05 9.99007E-05 9.99007E-05 9.99007E-05 9.99007E-05 0.387846 9.99007E-05 9.99007E-05 9.99007E-05 0.247347 9.99007E-05 9.99007E-05
9.99098E-05 0.31532 9.99098E-05 9.99098E-05 0.0498972 9.99098E-05 9.99098E-05 0.433781 9.99098E-05 9.99098E-05 9.99098E-05 0.200003 9.99098E-05 9.99098E-05
9.99189E-05 9.99189E-05 0.00754733 9.99189E-05 0.108891 9.99189E-05 9.99189E-05 9.99189E-05 9.99189E-05 0.398928 0.0564697 0.427265 9.99189E-05 9.99189E-05
0.206338 0.333914 9.99099E-05 9.99099E-05 9.99099E-05 9.99099E-05 9.99099E-05 0.112277 9.99099E-05 9.99099E-05 9.99099E-05 0.346472 9.99099E-05 9.99099E-05
0.199513 0.334034 9.99369E-05 9.99369E-05 0.133138 9.99369E-05 0.0217186 0.0868482 9.99369E-05 0.0608142 9.99369E-05 0.163234 9.99369E-05 9.99369E-05
9.99099E-05 9.99099E-05 9.99099E-05 0.577136 9.99099E-05 0.0209187 9.99099E-05 9.99099E-05 0.394571 9.99099E-05 9.99099E-05 0.00637559 9.99099E-05 9.99099E-05
0.00600719 0.121366 9.99369E-05 0.566543 0.0183243 9.99369E-05 9.99369E-05 9.99369E-05 0.225101 0.00957592 9.99369E-05 9.99369E-05 9.99369E-05 0.0523829
9.99009E-05 9.99009E-05 9.99009E-05 0.702716 9.99009E-05 9.99009E-05 9.99009E-05 9.99009E-05 0.044079 9.99009E-05 9.99009E-05 9.99009E-05 9.99009E-05 0.252106
9.99099E-05 9.99099E-05 9.99099E-05 0.550431 9.99099E-05 9.99099E-05 9.99099E-05 9.99099E-05 9.99099E-05 0.400985 0.041986 0.00559894 9.99099E-05 9.99099E-05
9.99009E-05 9.99009E-05 9.99009E-05 0.611374 9.99009E-05 0.139535 9.99009E-05 9.99009E-05 0.247993 9.99009E-05 9.99009E-05 9.99009E-05 9.99009E-05 9.99009E-05
0.421031 9.99369E-05 9.99369E-05 0.182419 9.99369E-05 0.112879 9.99369E-05 9.99369E-05 9.99369E-05 0.145049 0.0544741 0.0454516 0.0379968 9.99369E-05
9.99008E-05 9.99008E-05 9.99008E-05 0.455493 9.99008E-05 0.0235297 9.99008E-05 0.519879 9.99008E-05 9.99008E-05 9.99008E-05 9.99008E-05 9.99008E-05 9.99008E-05
9.98919E-05 9.98919E-05 9.98919E-05 0.697333 9.98919E-05 9.98919E-05 9.98919E-05 9.98919E-05 0.301468 9.98919E-05 9.98919E-05 9.98919E-05 9.98919E-05 9.98919E-05
0.0865176 0.00081922 9.99279E-05 0.748155 0.0512646 0.0791906 0.0332533 9.99279E-05 9.99279E-05 9.99279E-05 9.99279E-05 9.99279E-05 9.99279E-05 9.99279E-05
9.99189E-05 9.99189E-05 0.421786 0.415583 9.99189E-05 9.99189E-05 9.99189E-05 9.99189E-05 9.99189E-05 0.116654 0.00883595 0.0362424 9.99189E-05 9.99189E-05
9.99009E-05 9.99009E-05 9.99009E-05 0.215065 9.99009E-05 9.99009E-05 0.103658 9.99009E-05 0.680178 9.99009E-05 9.99009E-05 9.99009E-05 9.99009E-05 9.99009E-05
9.99189E-05 9.99189E-05 0.26126 0.376279 9.99189E-05 9.99189E-05 0.0018906 0.0745594 9.99189E-05 9.99189E-05 9.99189E-05 9.99189E-05 0.285112 9.99189E-05
9.99189E-05 0.00794064 9.99189E-05 0.739604 9.99189E-05 0.188655 9.99189E-05 9.99189E-05 0.0598632 9.99189E-05 9.99189E-05 9.99189E-05 9.99189E-05 0.00303765
0.236785 9.99279E-05 0.0302553 0.550181 9.99279E-05 0.0313762 9.99279E-05 9.99279E-05 9.99279E-05 9.99279E-05 9.99279E-05 0.0486568 0.101947 9.99279E-05
0.111981 9.99279E-05 0.179366 0.568383 0.0310219 9.99279E-05 0.0470975 9.99279E-05 0.0613514 9.99279E-05 9.99279E-05 9.99279E-05 9.99279E-05 9.99279E-05
0.177516 9.99369E-05 9.99369E-05 0.302924 0.0118158 0.289966 9.99369E-05 0.16322 9.99369E-05 0.0219071 9.99369E-05 9.99369E-05 0.0319516 9.99369E-05
9.99188E-05 9.99188E-05 9.99188E-05 0.433407 9.99188E-05 9.99188E-05 9.99188E-05 9.99188E-05 9.99188E-05 0.122302 9.99188E-05 0.107814 0.274421 0.0611571
9.99188E-05 9.99188E-05 9.99188E-05 0.279041 9.99188E-05 9.99188E-05 9.99188E-05 0.0211624 9.99188E-05 0.0409 0.194852 9.99188E-05 9.99188E-05 0.463145
0.0404638 0.134165 0.015199 0.610905 0.0832083 9.99369E-05 0.0634865 9.99369E-05 0.0518729 9.99369E-05 9.99369E-05 9.99369E-05 9.99369E-05 9.99369E-05
9.99009E-05 9.99009E-05 9.99009E-05 0.696812 9.99009E-05 0.162316 9.99009E-05 0.139774 9.99009E-05 9.99009E-05 9.99009E-05 9.99009E-05 9.99009E-05 9.99009E-05
9.99189E-05 9.99189E-05 0.314839 0.620523 0.0358911 9.99189E-05 0.0239358 9.99189E-05 9.99189E-05 0.00391195 9.99189E-05 9.99189E-05 9.99189E-05 9.99189E-05
9.99008E-05 9.99008E-05 0.0208982 0.532624 9.99008E-05 9.99008E-05 9.99008E-05 9.99008E-05 9.99008E-05 9.99008E-05 9.99008E-05 9.99008E-05 9.99008E-05 0.445379
0.257015 9.99279E-05 0.323838 9.99279E-05 9.99279E-05 0.0246971 0.0100583 9.99279E-05 9.99279E-05 0.363189 9.99279E-05 9.99279E-05 9.99279E-05 0.0204036
9.99008E-05 9.99008E-05 9.99008E-05 9.99008E-05 9.99008E-05 0.0243163 0.677085 0.297499 9.99008E-05 9.99008E-05 9.99008E-05 9.99008E-05 9.99008E-05 9.99008E-05
0.198852 9.99189E-05 9.99189E-05 9.99189E-05 9.99189E-05 0.0171747 9.99189E-05 9.99189E-05 9.99189E-05 0.121615 0.258933 9.99189E-05 9.99189E-05 0.402527
0.413566 9.99189E-05 9.99189E-05 0.00775667 0.00847382 0.539704 9.99189E-05 9.99189E-05 9.99189E-05 9.99189E-05 9.99189E-05 9.99189E-05 9.99189E-05 0.0296002
9.99007E-05 9.99007E-05 9.99007E-05 9.99007E-05 9.99007E-05 9.99007E-05 0.484558 0.0116471 0.502696 9.99007E-05 9.99007E-05 9.99007E-05 9.99007E-05 9.99007E-05
0.154273 9.99278E-05 0.0429844 9.99278E-05 9.99278E-05 9.99278E-05 0.0137493 9.99278E-05 9.99278E-05 9.99278E-05 0.220806 9.99278E-05 0.512849 0.0545387
9.99098E-05 9.99098E-05 0.162601 9.99098E-05 9.99098E-05 9.99098E-05 0.678832 9.99098E-05 0.0264116 9.99098E-05 9.99098E-05 9.99098E-05 0.131156 9.99098E-05
0.718765 0.0238135 0.000824331 0.0303333 9.99459E-05 9.99459E-05 0.0108049 0.0692011 9.99459E-05 9.99459E-05 9.99459E-05 0.0916825 9.99459E-05 0.0539758
9.99008E-05 9.99008E-05 9.99008E-05 9.99008E-05 9.99008E-05 9.99008E-05 0.707497 9.99008E-05 9.99008E-05 9.99008E-05 9.99008E-05 9.99008E-05 0.0146539 0.27675
9.99189E-05 9.99189E-05 9.99189E-05 9.99189E-05 9.99189E-05 0.30437 0.211504 0.422349 0.0470007 9.99189E-05 9.99189E-05 9.99189E-05 9.99189E-05 0.0138766
0.112359 9.99368E-05 0.263959 9.99368E-05 9.99368E-05 9.99368E-05 0.158745 9.99368E-05 9.99368E-05 0.0630102 9.99368E-05 0.0178952 0.347013 0.0363194
9.99099E-05 9.99099E-05 9.99099E-05 9.99099E-05 9.99099E-05 9.99099E-05 0.558548 9.99099E-05 9.99099E-05 0.0290336 0.150567 9.99099E-05 9.99099E-05 0.260853
9.99008E-05 9.99008E-05 9.99008E-05 9.99008E-05 9.99008E-05 9.99008E-05 0.396591 0.134677 0.467633 9.99008E-05 9.99008E-05 9.99008E-05 9.99008E-05 9.99008E-05
0.0794133 9.99279E-05 0.0066213 9.99279E-05 9.99279E-05 9.99279E-05 9.99279E-05 9.99279E-05 9.99279E-05 0.268556 0.0325581 9.99279E-05 0.531138 0.0809138
9.99188E-05 9.99188E-05 9.99188E-05 9.99188E-05 9.99188E-05 9.99188E-05 0.554225 9.99188E-05 9.99188E-05 0.0067921 9.99188E-05 0.0245074 0.232724 0.180852
0.130768 9.99278E-05 9.99278E-05 9.99278E-05 9.99278E-05 0.0294342 9.99278E-05 0.0518596 9.99278E-05 9.99278E-05 0.0237038 9.99278E-05 0.492154 0.271282
9.99008E-05 9.99008E-05 9.99008E-05 9.99008E-05 9.99008E-05 0.14283 0.449413 9.99008E-05 0.406659 9.99008E-05 9.99008E-05 9.99008E-05 9.99008E-05 9.99008E-05
9.99278E-05 9.99278E-05 9.99278E-05 9.99278E-05 9.99278E-05 9.99278E-05 0.32589 9.99278E-05 9.99278E-05 0.0196325 0.0418011 0.00722524 0.320217 0.284435
0.238149 9.99189E-05 0.182142 0.0216668 9.99189E-05 9.99189E-05 9.99189E-05 9.99189E-05 9.99189E-05 0.205161 9.99189E-05 9.99189E-05 0.351981 9.99189E-05
0.575698 9.99369E-05 9.99369E-05 9.99369E-05 0.00320791 0.221384 0.0873534 0.0387238 9.99369E-05 0.0471272 9.99369E-05 0.025806 9.99369E-05 9.99369E-05
0.0985602 9.9964E-05 0.0480144 0.0107582 0.0283826 0.190705 9.9964E-05 0.000810037 0.025452 0.199931 0.00807914 9.9964E-05 9.9964E-05 0.388907
0.136575 9.99369E-05 9.99369E-05 9.99369E-05 0.0159979 0.191926 0.0756603 9.99369E-05 9.99369E-05 0.0638872 9.99369E-05 9.99369E-05 0.102652 0.412602
9.99098E-05 9.99098E-05 9.99098E-05 9.99098E-05 9.99098E-05 0.369562 0.420738 0.0295507 0.179151 9.99098E-05 9.99098E-05 9.99098E-05 9.99098E-05 9.99098E-05
0.15311 0.0626466 9.99279E-05 9.99279E-05 0.0578683 9.99279E-05 0.116738 0.0975362 9.99279E-05 9.99279E-05 9.99279E-05 9.99279E-05 0.511301 9.99279E-05
0.360135 9.99097E-05 9.99097E-05 9.99097E-05 9.99097E-05 9.99097E-05 0.610163 9.99097E-05 9.99097E-05 0.0124077 9.99097E-05 0.0162948 9.99097E-05 9.99097E-05
0.105119 0.0438775 9.99459E-05 0.234602 0.0378692 0.422614 0.0706142 9.99459E-05 0.0648262 9.99459E-05 9.99459E-05 0.0198778 9.99459E-05 9.99459E-05
9.99278E-05 9.99278E-05 9.99278E-05 0.127065 9.99278E-05 0.0518259 0.172322 9.99278E-05 9.99278E-05 9.99278E-05 9.99278E-05 0.0835926 0.352495 0.2119
0.0552237 0.0920276 0.466448 0.187007 9.99189E-05 9.99189E-05 0.198395 9.99189E-05 9.99189E-05 9.99189E-05 9.99189E-05 9.99189E-05 9.99189E-05 9.99189E-05
9.9946E-05 9.9946E-05 9.9946E-05 9.9946E-05 0.0372707 0.161608 9.9946E-05 0.0560167 0.673596 9.9946E-05 0.0142722 0.0140545 0.00400626 0.0385755
0.317713 0.00855181 9.99549E-05 0.147691 0.0409117 0.101051 0.237061 0.0619097 0.0731382 9.99549E-05 0.0114726 9.99549E-05 9.99549E-05 9.99549E-05
0.0410033 0.0396573 9.99549E-05 0.138533 0.0150154 0.573406 0.0327044 0.111393 9.99549E-05 0.00922396 9.99549E-05 9.99549E-05 0.0385645 9.99549E-05
9.99369E-05 9.99369E-05 0.454403 9.99369E-05 0.00536627 0.237397 0.102186 9.99369E-05 9.99369E-05 9.99369E-05 9.99369E-05 0.0100338 0.17541 0.0145038
9.99099E-05 9.99099E-05 9.99099E-05 9.99099E-05 9.99099E-05 0.879534 9.99099E-05 0.0683181 0.0472329 9.99099E-05 9.99099E-05 9.99099E-05 0.00391639 9.99099E-05
0.164983 9.99098E-05 9.99098E-05 9.99098E-05 9.99098E-05 9.99098E-05 9.99098E-05 9.99098E-05 9.99098E-05 9.99098E-05 0.136775 9.99098E-05 0.44006 0.257182
9.99189E-05 9.99189E-05 0.0272354 0.0143601 9.99189E-05 0.933814 0.0107546 9.99189E-05 9.99189E-05 0.0129369 9.99189E-05 9.99189E-05 9.99189E-05 9.99189E-05
0.0146082 9.99369E-05 0.023576 9.99369E-05 9.99369E-05 0.063409 0.336557 9.99369E-05 0.0987911 9.99369E-05 0.0355531 9.99369E-05 9.99369E-05 0.426805
9.99459E-05 9.99459E-05 0.0538585 0.0660305 9.99459E-05 0.0228411 0.142269 0.0195706 9.99459E-05 9.99459E-05 0.069209 9.99459E-05 0.151682 0.473939
0.287907 0.123212 0.218177 0.145177 9.9928E-05 0.0437258 0.181001 9.9928E-05 9.9928E-05 9.9928E-05 9.9928E-05 9.9928E-05 9.9928E-05 9.9928E-05
0.647496 0.00597361 0.0954108 0.136339 9.99459E-05 9.99459E-05 0.00746142 0.0421874 9.99459E-05 9.99459E-05 9.99459E-05 0.0246794 9.99459E-05 0.0398525
0.385668 0.0283411 0.1883 0.141744 0.0514818 9.99369E-05 0.140484 9.99369E-05 0.0632818 9.99369E-05 9.99369E-05 9.99369E-05 9.99369E-05 9.99369E-05
0.0860881 9.99369E-05 0.0288869 0.100062 9.99369E-05 0.224734 9.99369E-05 9.99369E-05 9.99369E-05 9.99369E-05 0.00159097 9.99369E-05 0.0626766 0.495261
0.108586 9.99369E-05 0.0422971 0.000487302 9.99369E-05 0.225527 9.99369E-05 0.0160512 0.587968 0.0183837 9.99369E-05 9.99369E-05 9.99369E-05 9.99369E-05
9.99098E-05 9.99098E-05 0.00280709 9.99098E-05 9.99098E-05 0.236048 0.250338 9.99098E-05 0.509808 9.99098E-05 9.99098E-05 9.99098E-05 9.99098E-05 9.99098E-05
0.163198 0.0375142 9.99279E-05 9.99279E-05 9.99279E-05 0.230496 0.179249 0.383174 9.99279E-05 9.99279E-05 9.99279E-05 0.00556934 9.99279E-05 9.99279E-05
9.99099E-05 0.0773915 9.99099E-05 9.99099E-05 9.99099E-05 0.648161 0.105759 9.99099E-05 0.167689 9.99099E-05 9.99099E-05 9.99099E-05 9.99099E-05 9.99099E-05
0.0388322 9.99009E-05 9.99009E-05 9.99009E-05 9.99009E-05 9.99009E-05 9.99009E-05 9.99009E-05 0.851251 9.99009E-05 9.99009E-05 9.99009E-05 0.108818 9.99009E-05
0.0441079 0.115744 9.99189E-05 0.0387649 9.99189E-05 9.99189E-05 0.329119 0.471365 9.99189E-05 9.99189E-05 9.99189E-05 9.99189E-05 9.99189E-05 9.99189E-05
0.296288 9.99278E-05 9.99278E-05 9.99278E-05 9.99278E-05 0.533248 0.0199625 0.0886886 9.99278E-05 9.99278E-05 9.99278E-05 0.01029 0.0507232 9.99278E-05
9.9937E-05 9.9937E-05 0.044317 9.9937E-05 0.0211754 0.0418509 0.0183914 9.9937E-05 9.9937E-05 0.759182 0.00304904 9.9937E-05 0.111335 9.9937E-05
0.035059 9.99459E-05 9.99459E-05 9.99459E-05 0.0344759 9.99459E-05 9.99459E-05 0.0224593 9.99459E-05 0.31549 0.0473316 0.00223952 0.528492 0.0138536
0.386905 9.99369E-05 9.99369E-05 9.99369E-05 0.0253369 0.0487905 9.99369E-05 0.366643 9.99369E-05 0.109785 0.00210522 9.99369E-05 0.0597347 9.99369E-05
0.0106245 9.99189E-05 9.99189E-05 9.99189E-05 9.99189E-05 0.00920058 9.99189E-05 0.0382796 9.99189E-05 0.138365 9.99189E-05 9.99189E-05 0.802631 9.99189E-05
9.99099E-05 9.99099E-05 9.99099E-05 0.0223041 9.99099E-05 9.99099E-05 9.99099E-05 9.99099E-05 0.00271351 0.536095 9.99099E-05 9.99099E-05 0.437888 9.99099E-05
0.0415903 9.99278E-05 9.99278E-05 9.99278E-05 0.0531472 9.99278E-05 9.99278E-05 0.0648945 9.99278E-05 0.285231 0.200031 9.99278E-05 9.99278E-05 0.354307
0.0153987 9.99369E-05 9.99369E-05 0.0172892 9.99369E-05 9.99369E-05 9.99369E-05 0.0231879 9.99369E-05 0.319815 0.120452 9.99369E-05 0.405735 0.0974228
0.0665087 9.99279E-05 9.99279E-05 9.99279E-05 0.0193956 0.172882 9.99279E-05 0.567453 9.99279E-05 0.110522 9.99279E-05 9.99279E-05 0.0624398 9.99279E-05
9.991E-05 9.991E-05 9.991E-05 9.991E-05 9.991E-05 0.184645 0.146858 0.373204 0.294294 9.991E-05 9.991E-05 9.991E-05 9.991E-05 9.991E-05
0.44584 9.99279E-05 9.99279E-05 0.066214 9.99279E-05 9.99279E-05 9.99279E-05 0.0228214 9.99279E-05 0.335252 9.99279E-05 0.0899726 0.0391003 9.99279E-05
9.991E-05 9.991E-05 9.991E-05 0.0764352 9.991E-05 9.991E-05 9.991E-05 0.882777 9.991E-05 0.0391827 9.991E-05 9.991E-05 0.000606261 9.991E-05
0.342724 9.9928E-05 9.9928E-05 9.9928E-05 0.0630137 0.0123846 9.9928E-05 0.399552 9.9928E-05 9.9928E-05 0.0721034 0.109422 9.9928E-05 9.9928E-05
0.343924 9.99278E-05 9.99278E-05 0.0214219 9.99278E-05 0.101132 9.99278E-05 0.155972 9.99278E-05 0.234875 9.99278E-05 9.99278E-05 0.141876 9.99278E-05
0.126611 9.99189E-05 9.99189E-05 0.00591613 9.99189E-05 0.258174 0.0610073 0.547392 9.99189E-05 9.99189E-05 9.99189E-05 9.99189E-05 9.99189E-05 9.99189E-05
0.0959242 0.00843715 9.99279E-05 0.0701517 9.99279E-05 0.11617 9.99279E-05 0.429749 9.99279E-05 0.278768 9.99279E-05 9.99279E-05 9.99279E-05 9.99279E-05
0.215005 0.0753392 9.99279E-05 9.99279E-05 0.0913804 9.99279E-05 0.235499 9.99279E-05 9.99279E-05 0.0929717 9.99279E-05 9.99279E-05 0.289005 9.99279E-05
0.261393 9.99459E-05 0.00314592 9.99459E-05 0.0211346 0.102503 9.99459E-05 0.394923 9.99459E-05 0.0637202 9.99459E-05 0.0728503 0.0797299 9.99459E-05
0.243669 0.00380346 9.99188E-05 0.13149 9.99188E-05 9.99188E-05 9.99188E-05 0.333525 9.99188E-05 0.286613 9.99188E-05 9.99188E-05 9.99188E-05 9.99188E-05
9.99189E-05 9.99189E-05 0.0339172 9.99189E-05 9.99189E-05 0.0774062 9.99189E-05 9.99189E-05 9.99189E-05 0.203513 0.00262347 9.99189E-05 0.681641 9.99189E-05
0.489992 0.0116147 9.9946E-05 0.000558546 9.9946E-05 9.9946E-05 9.9946E-05 9.9946E-05 0.0279258 0.337155 9.9946E-05 0.00150001 0.125653 0.00500127
0.0506083 0.00417946 0.0741265 9.9946E-05 9.9946E-05 0.0304956 9.9946E-05 0.739297 0.0699735 0.00319251 0.027527 9.9946E-05 9.9946E-05 9.9946E-05
0.365831 0.0145687 9.99369E-05 0.0575642 9.99369E-05 0.0839924 9.99369E-05 0.416327 9.99369E-05 9.99369E-05 9.99369E-05 9.99369E-05 0.0298384 0.0311791
9.99099E-05 9.99099E-05 9.99099E-05 9.99099E-05 9.99099E-05 0.232702 0.0927481 0.554365 0.119187 9.99099E-05 9.99099E-05 9.99099E-05 9.99099E-05 9.99099E-05
0.273661 9.99099E-05 9.99099E-05 9.99099E-05 9.99099E-05 9.99099E-05 9.99099E-05 9.99099E-05 9.99099E-05 0.340571 9.99099E-05 9.99099E-05 0.382912 0.00185686
0.66345 9.9928E-05 9.9928E-05 9.9928E-05 0.0131648 9.9928E-05 0.0245311 9.9928E-05 9.9928E-05 0.154535 9.9928E-05 0.0645448 0.0789748 9.9928E-05
9.99189E-05 9.99189E-05 9.99189E-05 0.00445554 9.99189E-05 0.290739 0.0782203 0.60417 9.99189E-05 0.0215157 9.99189E-05 9.99189E-05 9.99189E-05 9.99189E-05
9.9937E-05 9.9937E-05 0.0715559 0.0224436 9.9937E-05 9.9937E-05 0.2782 9.9937E-05 9.9937E-05 0.293986 0.0332327 0.0259808 0.273901 9.9937E-05
9.99279E-05 9.99279E-05 0.16572 9.99279E-05 0.00344738 9.99279E-05 0.38201 0.000279912 9.99279E-05 9.99279E-05 9.99279E-05 0.00946798 0.438274 9.99279E-05
0.0756531 0.0739557 9.9955E-05 0.0580596 0.067313 0.56026 0.00457141 0.120012 0.0223572 9.9955E-05 9.9955E-05 0.0173182 9.9955E-05 9.9955E-05
9.99279E-05 0.0219397 0.0155923 0.119479 0.0145739 0.303505 0.52411 9.99279E-05 9.99279E-05 9.99279E-05 9.99279E-05 9.99279E-05 9.99279E-05 9.99279E-05
9.9937E-05 9.9937E-05 0.113795 9.9937E-05 0.0802741 9.9937E-05 0.175457 0.0473796 9.9937E-05 0.135372 9.9937E-05 0.0177555 0.429267 9.9937E-05
9.99279E-05 9.99279E-05 9.99279E-05 9.99279E-05 9.99279E-05 9.99279E-05 0.379338 9.99279E-05 9.99279E-05 0.223095 0.0491424 0.0398475 0.304971 0.00280727
9.99189E-05 9.99189E-05 9.99189E-05 9.99189E-05 9.99189E-05 9.99189E-05 0.259605 9.99189E-05 9.99189E-05 0.142796 0.141673 0.117815 0.337212 9.99189E-05
9.9901E-05 9.9901E-05 9.9901E-05 9.9901E-05 9.9901E-05 0.262488 0.236396 9.9901E-05 0.500017 9.9901E-05 9.9901E-05 9.9901E-05 9.9901E-05 9.9901E-05
0.158957 9.99189E-05 9.99189E-05 9.99189E-05 9.99189E-05 0.318217 0.316203 0.170763 9.99189E-05 9.99189E-05 9.99189E-05 0.0349605 9.99189E-05 9.99189E-05
0.233054 9.99279E-05 0.142335 0.341046 9.99279E-05 9.99279E-05 0.140256 9.99279E-05 9.99279E-05 9.99279E-05 9.99279E-05 0.0413075 0.101202 9.99279E-05
9.99099E-05 9.99099E-05 9.99099E-05 0.0367059 9.99099E-05 9.99099E-05 0.295036 9.99099E-05 9.99099E-05 0.0420547 9.99099E-05 9.99099E-05 0.625205 9.99099E-05
0.0334035 0.0217559 9.99279E-05 0.0798275 9.99279E-05 0.330144 0.188493 9.99279E-05 0.345576 9.99279E-05 9.99279E-05 9.99279E-05 9.99279E-05 9.99279E-05
0.493539 9.99279E-05 9.99279E-05 9.99279E-05 0.057325 0.161157 0.156068 0.0638875 9.99279E-05 0.0672233 9.99279E-05 9.99279E-05 9.99279E-05 9.99279E-05
0.425107 9.99189E-05 9.99189E-05 9.99189E-05 0.0134502 9.99189E-05 0.242516 0.294766 9.99189E-05 9.99189E-05 9.99189E-05 0.0232621 9.99189E-05 9.99189E-05
0.246295 9.99188E-05 0.283676 0.17907 9.99188E-05 9.99188E-05 0.287025 9.99188E-05 0.00303476 9.99188E-05 9.99188E-05 9.99188E-05 9.99188E-05 9.99188E-05
0.313123 0.00729417 9.99279E-05 0.198323 9.99279E-05 0.205171 9.99279E-05 0.272209 9.99279E-05 9.99279E-05 9.99279E-05 9.99279E-05 0.00308003 9.99279E-05
0.291393 0.00133979 0.0695022 0.0553557 9.99459E-05 9.99459E-05 9.99459E-05 0.0696265 9.99459E-05 0.155047 9.99459E-05 0.0396278 0.317508 9.99459E-05
0.590901 9.99189E-05 0.0800847 9.99189E-05 9.99189E-05 9.99189E-05 0.164168 9.99189E-05 9.99189E-05 9.99189E-05 9.99189E-05 0.04659 0.117358 9.99189E-05
9.9937E-05 9.9937E-05 9.9937E-05 9.9937E-05 0.0257387 9.9937E-05 0.263874 9.9937E-05 9.9937E-05 0.024632 0.0785111 0.0121777 0.553992 0.0403751
9.99188E-05 0.131144 9.99188E-05 9.99188E-05 0.0207659 0.201669 0.353764 0.291757 9.99188E-05 9.99188E-05 9.99188E-05 9.99188E-05 9.99188E-05 9.99188E-05
9.99098E-05 0.048466 9.99098E-05 9.99098E-05 9.99098E-05 9.99098E-05 0.259071 9.99098E-05 9.99098E-05 0.294358 9.99098E-05 9.99098E-05 0.397106 9.99098E-05
0.00888689 9.99279E-05 9.99279E-05 9.99279E-05 9.99279E-05 9.99279E-05 0.192923 9.99279E-05 9.99279E-05 0.193566 0.332651 9.99279E-05 0.128731 0.142442
0.0431362 9.99189E-05 9.99189E-05 9.99189E-05 9.99189E-05 0.0125606 0.223651 0.593149 0.126604 9.99189E-05 9.99189E-05 9.99189E-05 9.99189E-05 9.99189E-05
0.37976 9.99459E-05 9.99459E-05 9.99459E-05 9.99459E-05 0.0491132 0.0145235 0.265359 0.00994329 0.0284902 9.99459E-05 0.0147769 0.237433 9.99459E-05
0.299995 0.0547859 9.99189E-05 9.99189E-05 9.99189E-05 0.0246059 0.153921 0.465793 9.99189E-05 9.99189E-05 9.99189E-05 9.99189E-05 9.99189E-05 9.99189E-05
9.9928E-05 9.9928E-05 0.0471796 9.9928E-05 0.0158845 9.9928E-05 0.0543599 9.9928E-05 0.00259162 0.671005 9.9928E-05 9.9928E-05 0.20818 9.9928E-05
9.9946E-05 0.176626 9.9946E-05 9.9946E-05 0.0796259 9.9946E-05 0.00805461 9.9946E-05 0.0301895 0.344399 0.151842 9.9946E-05 0.0233212 0.185342
0.16587 0.0232942 9.99279E-05 9.99279E-05 9.99279E-05 9.99279E-05 0.050376 9.99279E-05 9.99279E-05 0.400982 9.99279E-05 0.0766541 0.282024 9.99279E-05
0.0339844 9.99189E-05 9.99189E-05 9.99189E-05 9.99189E-05 0.0251946 0.182597 0.664184 0.0931414 9.99189E-05 9.99189E-05 9.99189E-05 9.99189E-05 9.99189E-05
0.278387 9.99369E-05 9.99369E-05 9.99369E-05 9.99369E-05 9.99369E-05 0.0157136 0.0148053 9.99369E-05 0.494131 9.99369E-05 0.0249493 0.103255 0.0680581
9.99369E-05 9.99369E-05 0.0227157 0.0867482 0.0138002 9.99369E-05 0.0739255 0.031487 9.99369E-05 0.676412 9.99369E-05 9.99369E-05 0.094212 9.99369E-05
9.9937E-05 9.9937E-05 0.0608845 0.0428599 9.9937E-05 9.9937E-05 0.0313295 0.00448112 0.0132395 0.525978 9.9937E-05 9.9937E-05 0.320528 9.9937E-05
0.00840967 9.99189E-05 0.0951666 0.0588174 9.99189E-05 9.99189E-05 9.99189E-05 0.831797 0.00491048 9.99189E-05 9.99189E-05 9.99189E-05 9.99189E-05 9.99189E-05
0.324649 0.00936206 9.99549E-05 0.035834 0.0096602 0.0321193 0.0678181 0.249792 9.99549E-05 0.126702 9.99549E-05 9.99549E-05 0.143563 9.99549E-05
9.9955E-05 9.9955E-05 0.0379005 9.9955E-05 0.0443477 9.9955E-05 0.00163648 0.0714417 0.0457635 0.222323 9.9955E-05 0.0121002 0.535161 0.0288255
0.00133316 0.072901 9.9946E-05 0.0190391 9.9946E-05 0.0933624 0.196592 0.367537 0.0235578 0.225078 9.9946E-05 9.9946E-05 9.9946E-05 9.9946E-05
9.99099E-05 9.99099E-05 0.138805 9.99099E-05 9.99099E-05 0.0163055 9.99099E-05 9.99099E-05 9.99099E-05 0.811828 9.99099E-05 9.99099E-05 0.0320628 9.99099E-05
0.217476 9.99189E-05 9.99189E-05 9.99189E-05 9.99189E-05 0.0936836 9.99189E-05 0.10237 0.0588773 9.99189E-05 9.99189E-05 9.99189E-05 9.99189E-05 0.526694
0.0373851 0.00313828 9.99369E-05 0.0885265 9.99369E-05 9.99369E-05 0.131392 0.279983 9.99369E-05 0.45177 9.99369E-05 0.00710536 9.99369E-05 9.99369E-05
9.991E-05 9.991E-05 9.991E-05 9.991E-05 9.991E-05 0.0597281 0.0864266 0.751882 0.100964 9.991E-05 9.991E-05 9.991E-05 9.991E-05 9.991E-05
0.635301 9.9946E-05 9.9946E-05 9.9946E-05 0.0284592 9.9946E-05 0.104112 0.0429236 9.9946E-05 0.0902583 0.0341446 0.0495078 0.0146937 9.9946E-05
0.297804 0.0354559 0.161199 0.13469 0.0188427 0.182331 0.0804784 0.028482 0.0602172 9.99549E-05 9.99549E-05 9.99549E-05 9.99549E-05 9.99549E-05
9.9919E-05 9.9919E-05 0.0396021 0.0625607 9.9919E-05 0.581573 9.9919E-05 9.9919E-05 0.306964 0.00840072 9.9919E-05 9.9919E-05 9.9919E-05 9.9919E-05
0.778656 0.0431253 9.99369E-05 0.0184096 9.99369E-05 9.99369E-05 0.0408196 0.0818714 0.0181823 9.99369E-05 9.99369E-05 9.99369E-05 9.99369E-05 0.0182366
9.99098E-05 9.99098E-05 9.99098E-05 0.605911 9.99098E-05 0.0203321 0.0708176 0.301941 9.99098E-05 9.99098E-05 9.99098E-05 9.99098E-05 9.99098E-05 9.99098E-05
0.382646 9.99369E-05 9.99369E-05 0.0129055 9.99369E-05 0.150929 0.136952 0.141798 0.00556284 9.99369E-05 9.99369E-05 9.99369E-05 0.168508 9.99369E-05
0.237508 9.99099E-05 9.99099E-05 9.99099E-05 9.99099E-05 9.99099E-05 0.0602936 9.99099E-05 9.99099E-05 9.99099E-05 9.99099E-05 9.99099E-05 0.437622 0.263577
9.99099E-05 9.99099E-05 9.99099E-05 9.99099E-05 0.00205416 0.397682 0.252947 9.99099E-05 0.346318 9.99099E-05 9.99099E-05 9.99099E-05 9.99099E-05 9.99099E-05
9.99189E-05 9.99189E-05 0.0809991 9.99189E-05 9.99189E-05 9.99189E-05 0.307059 9.99189E-05 9.99189E-05 0.0751522 0.274588 9.99189E-05 9.99189E-05 0.261303
0.110759 9.99368E-05 9.99368E-05 0.395091 9.99368E-05 9.99368E-05 9.99368E-05 9.99368E-05 9.99368E-05 0.18745 0.0270372 0.063254 0.197585 0.0181239
9.99098E-05 9.99098E-05 0.452811 9.99098E-05 9.99098E-05 0.162387 9.99098E-05 9.99098E-05 9.99098E-05 9.99098E-05 9.99098E-05 9.99098E-05 0.361258 0.0225452
0.0441227 9.99369E-05 0.0185075 0.144052 9.99369E-05 0.329042 9.99369E-05 9.99369E-05 0.424421 0.0212514 9.99369E-05 9.99369E-05 0.0179025 9.99369E-05
0.0660911 9.99189E-05 9.99189E-05 0.0571315 9.99189E-05 0.210382 9.99189E-05 0.230424 0.435072 9.99189E-05 9.99189E-05 9.99189E-05 9.99189E-05 9.99189E-05
9.991E-05 9.991E-05 9.991E-05 9.991E-05 9.991E-05 9.991E-05 0.178252 0.0803998 9.991E-05 9.991E-05 9.991E-05 9.991E-05 0.403949 0.3364
0.544625 0.0486036 9.99369E-05 0.00428613 9.99369E-05 0.203211 9.99369E-05 0.078321 9.99369E-05 9.99369E-05 0.0794038 9.99369E-05 0.0408499 9.99369E-05
0.50694 0.0550077 0.0741102 0.197634 0.0107495 0.0761353 0.012661 9.99549E-05 0.0340557 9.99549E-05 9.99549E-05 9.99549E-05 9.99549E-05 0.0322075
9.99189E-05 9.99189E-05 9.99189E-05 0.105783 9.99189E-05 0.0190438 9.99189E-05 0.294132 0.579787 9.99189E-05 9.99189E-05 9.99189E-05 0.000354323 9.99189E-05
0.247305 9.99279E-05 0.424199 0.124149 9.99279E-05 0.116019 0.0376697 9.99279E-05 0.04986 9.99279E-05 9.99279E-05 9.99279E-05 9.99279E-05 9.99279E-05
0.185726 9.99459E-05 0.0444323 9.99459E-05 0.0586093 0.0613935 0.153004 9.99459E-05 0.0234598 9.99459E-05 9.99459E-05 9.99459E-05 0.118634 0.354142
0.114037 9.99279E-05 0.0381085 9.99279E-05 9.99279E-05 9.99279E-05 9.99279E-05 9.99279E-05 0.028127 0.137727 9.99279E-05 0.0325199 0.648681 9.99279E-05
0.205764 9.99099E-05 0.32185 0.026674 9.99099E-05 9.99099E-05 9.99099E-05 9.99099E-05 9.99099E-05 9.99099E-05 9.99099E-05 9.99099E-05 0.444713 9.99099E-05
0.243994 9.99188E-05 0.170147 0.102233 9.99188E-05 9.99188E-05 9.99188E-05 9.99188E-05 0.0684132 9.99188E-05 9.99188E-05 9.99188E-05 9.99188E-05 0.414314
9.99189E-05 9.99189E-05 9.99189E-05 0.0375344 0.0195917 9.99189E-05 9.99189E-05 0.749671 0.0272741 0.16503 9.99189E-05 9.99189E-05 9.99189E-05 9.99189E-05
0.106651 9.99189E-05 9.99189E-05 0.0448569 9.99189E-05 9.99189E-05 9.99189E-05 0.0346254 9.99189E-05 0.609407 9.99189E-05 9.99189E-05 0.20356 9.99189E-05
9.99099E-05 9.99099E-05 9.99099E-05 0.130557 9.99099E-05 0.144133 9.99099E-05 0.581674 9.99099E-05 0.142637 9.99099E-05 9.99099E-05 9.99099E-05 9.99099E-05
0.337153 9.99278E-05 9.99278E-05 0.251448 9.99278E-05 9.99278E-05 0.0332523 0.261305 9.99278E-05 0.087982 9.99278E-05 0.0280603 9.99278E-05 9.99278E-05
0.216475 9.99279E-05 9.99279E-05 9.99279E-05 0.0100961 9.99279E-05 0.0394451 9.99279E-05 9.99279E-05 0.581522 0.0578094 9.99279E-05 0.0938523 9.99279E-05
9.991E-05 9.991E-05 0.00352357 9.991E-05 0.00199059 9.991E-05 9.991E-05 0.78788 0.205607 9.991E-05 9.991E-05 9.991E-05 9.991E-05 9.991E-05
0.141775 0.0381915 0.085329 0.177369 9.99368E-05 0.139767 9.99368E-05 9.99368E-05 0.312339 9.99368E-05 0.104531 9.99368E-05 9.99368E-05 9.99368E-05
0.328125 9.99279E-05 9.99279E-05 0.0267303 9.99279E-05 0.27074 0.0440229 0.321328 9.99279E-05 9.99279E-05 0.00825478 9.99279E-05 9.99279E-05 9.99279E-05
