0.0385022 0.372656 9.99279E-05 9.99279E-05 0.244453 0.309734 9.99279E-05 9.99279E-05 9.99279E-05 9.99279E-05 9.99279E-05 0.0338563 9.99279E-05
0.0155313 0.279939 0.106174 9.99369E-05 0.548437 9.99369E-05 9.99369E-05 9.99369E-05 0.0241119 0.0251071 9.99369E-05 9.99369E-05 9.99369E-05
0.0277667 9.99459E-05 9.99459E-05 0.0532347 0.319815 9.99459E-05 9.99459E-05 0.00124773 9.99459E-05 0.0606334 0.00866558 0.528037 9.99459E-05
9.99369E-05 0.324061 0.0907915 9.99369E-05 0.0835445 0.229431 0.100202 9.99369E-05 9.99369E-05 9.99369E-05 9.99369E-05 9.99369E-05 0.17127
9.99639E-05 0.374091 0.140031 0.0642688 0.00187587 0.00200312 0.0487551 9.99639E-05 9.99639E-05 0.165698 0.0960748 9.99639E-05 0.106803
9.99369E-05 9.99369E-05 9.99369E-05 0.00443641 0.276822 0.329917 0.210022 9.99369E-05 0.0401817 9.99369E-05 9.99369E-05 0.137922 9.99369E-05
9.99279E-05 9.99279E-05 9.99279E-05 9.99279E-05 0.323889 0.019877 9.99279E-05 0.0832638 0.00366111 9.99279E-05 9.99279E-05 0.56851 9.99279E-05
9.9946E-05 0.00526813 9.9946E-05 9.9946E-05 0.403517 0.114445 0.163719 9.9946E-05 0.0524564 9.9946E-05 0.00580907 0.254187 9.9946E-05
0.0359592 0.0889186 9.99459E-05 9.99459E-05 0.447553 0.0296487 0.248812 9.99459E-05 9.99459E-05 9.99459E-05 0.0422115 9.99459E-05 0.106297
0.0358573 9.99369E-05 9.99369E-05 0.0960998 9.99369E-05 0.0808014 0.180617 0.270455 9.99369E-05 9.99369E-05 9.99369E-05 0.33547 9.99369E-05
0.0042986 0.117637 0.328849 9.99549E-05 0.251721 0.017278 0.211765 9.99549E-05 9.99549E-05 0.0671093 9.99549E-05 0.000842177 9.99549E-05
9.99369E-05 0.312694 0.0523413 9.99369E-05 0.097095 0.00332544 0.462722 9.99369E-05 9.99369E-05 9.99369E-05 9.99369E-05 9.99369E-05 0.0711227
0.0318024 9.99639E-05 0.0383466 9.99639E-05 0.298933 9.99639E-05 9.99639E-05 0.0623208 0.000649417 0.214431 0.0451785 0.0744065 0.233531
9.99279E-05 9.99279E-05 9.99279E-05 0.0278251 0.212581 0.243578 0.0541647 9.99279E-05 9.99279E-05 9.99279E-05 9.99279E-05 0.461052 9.99279E-05
9.99188E-05 0.324592 0.34289 9.99188E-05 0.0625793 9.99188E-05 0.26904 9.99188E-05 9.99188E-05 9.99188E-05 9.99188E-05 9.99188E-05 9.99188E-05
0.0141234 9.99459E-05 9.99459E-05 0.00376147 0.186923 0.0386881 9.99459E-05 0.363793 0.0456817 9.99459E-05 9.99459E-05 0.34643 9.99459E-05
9.99279E-05 9.99279E-05 9.99279E-05 9.99279E-05 0.346132 0.123404 9.99279E-05 0.0272682 9.99279E-05 9.99279E-05 9.99279E-05 0.474886 0.0275093
9.99188E-05 9.99188E-05 9.99188E-05 9.99188E-05 0.440638 0.0480297 9.99188E-05 9.99188E-05 9.99188E-05 0.030075 9.99188E-05 0.480358 9.99188E-05
9.99369E-05 0.242591 9.99369E-05 9.99369E-05 0.201511 9.99369E-05 0.178711 9.99369E-05 9.99369E-05 0.0577216 9.99369E-05 0.126992 0.191773
0.747733 9.99189E-05 0.197301 9.99189E-05 9.99189E-05 0.0162544 9.99189E-05 9.99189E-05 9.99189E-05 9.99189E-05 0.0378121 9.99189E-05 9.99189E-05
0.809038 9.99009E-05 9.99009E-05 9.99009E-05 9.99009E-05 9.99009E-05 9.99009E-05 9.99009E-05 9.99009E-05 9.99009E-05 9.99009E-05 9.99009E-05 0.189863
0.808657 9.99007E-05 9.99007E-05 9.99007E-05 9.99007E-05 0.190244 9.99007E-05 9.99007E-05 9.99007E-05 9.99007E-05 9.99007E-05 9.99007E-05 9.99007E-05
0.628075 0.00349513 9.99189E-05 9.99189E-05 9.99189E-05 9.99189E-05 9.99189E-05 9.99189E-05 9.99189E-05 9.99189E-05 0.0309488 9.99189E-05 0.336581
0.716947 9.99279E-05 0.0594969 9.99279E-05 9.99279E-05 9.99279E-05 0.178052 9.99279E-05 9.99279E-05 9.99279E-05 0.015404 9.99279E-05 0.0293011
0.463594 9.99549E-05 9.99549E-05 0.00487514 0.0601098 0.0295678 0.00733407 9.99549E-05 0.208595 9.99549E-05 0.000585723 0.224839 9.99549E-05
0.389664 0.103442 0.0399679 9.99278E-05 9.99278E-05 9.99278E-05 0.198764 9.99278E-05 9.99278E-05 9.99278E-05 0.267363 9.99278E-05 9.99278E-05
0.244377 9.99369E-05 9.99369E-05 0.0268959 9.99369E-05 9.99369E-05 9.99369E-05 0.440351 0.237263 9.99369E-05 0.0408676 0.00954618 9.99369E-05
0.280533 0.0694091 0.194926 9.9946E-05 9.9946E-05 0.0841328 9.9946E-05 9.9946E-05 9.9946E-05 0.0328079 0.257031 9.9946E-05 0.0805601
0.795876 9.99098E-05 9.99098E-05 9.99098E-05 9.99098E-05 0.183555 9.99098E-05 0.0195704 9.99098E-05 9.99098E-05 9.99098E-05 9.99098E-05 9.99098E-05
0.837379 9.99099E-05 9.99099E-05 9.99099E-05 9.99099E-05 9.99099E-05 0.0506869 9.99099E-05 9.99099E-05 9.99099E-05 9.99099E-05 9.99099E-05 0.110936
0.572362 9.99371E-05 9.99371E-05 0.0178962 9.99371E-05 9.99371E-05 9.99371E-05 0.100279 0.0643705 9.99371E-05 9.99371E-05 0.107627 0.136765
0.193227 9.99459E-05 9.99459E-05 0.00253554 9.99459E-05 0.261959 9.99459E-05 9.99459E-05 0.23159 0.0535975 0.228526 0.027966 9.99459E-05
0.583968 9.99278E-05 9.99278E-05 0.0494313 9.99278E-05 9.99278E-05 9.99278E-05 0.17514 0.0516856 9.99278E-05 9.99278E-05 0.138976 9.99278E-05
0.64282 9.99278E-05 9.99278E-05 9.99278E-05 0.066409 0.041792 9.99278E-05 9.99278E-05 0.079732 9.99278E-05 9.99278E-05 0.168447 9.99278E-05
0.807562 9.99098E-05 9.99098E-05 9.99098E-05 9.99098E-05 9.99098E-05 0.106744 9.99098E-05 9.99098E-05 9.99098E-05 9.99098E-05 9.99098E-05 0.0846949
0.721061 0.0404337 0.193393 9.99279E-05 9.99279E-05 9.99279E-05 0.0207709 9.99279E-05 9.99279E-05 9.99279E-05 0.023541 9.99279E-05 9.99279E-05
0.65076 9.99009E-05 0.348141 9.99009E-05 9.99009E-05 9.99009E-05 9.99009E-05 9.99009E-05 9.99009E-05 9.99009E-05 9.99009E-05 9.99009E-05 9.99009E-05
0.672554 0.098013 9.99099E-05 9.99099E-05 9.99099E-05 9.99099E-05 9.99099E-05 9.99099E-05 9.99099E-05 9.99099E-05 9.99099E-05 9.99099E-05 0.228434
9.99187E-05 9.99187E-05 9.99187E-05 9.99187E-05 0.0396965 0.137202 9.99187E-05 9.99187E-05 0.44922 9.99187E-05 0.372982 9.99187E-05 9.99187E-05
9.9928E-05 0.0141072 9.9928E-05 9.9928E-05 9.9928E-05 9.9928E-05 9.9928E-05 0.0836411 0.810873 0.0769109 9.9928E-05 9.9928E-05 0.0136679
0.0264431 9.99279E-05 9.99279E-05 0.160853 9.99279E-05 9.99279E-05 9.99279E-05 0.0758015 0.587068 9.99279E-05 9.99279E-05 0.149034 9.99279E-05
0.00526928 9.99369E-05 9.99369E-05 9.99369E-05 9.99369E-05 0.0329418 9.99369E-05 0.0388694 0.313508 9.99369E-05 0.255537 9.99369E-05 0.353175
0.213325 9.99201E-05 9.99201E-05 9.99201E-05 0.041155 0.16986 9.99201E-05 9.99201E-05 0.491529 9.99201E-05 0.0833315 9.99201E-05 9.99201E-05
0.0447467 9.99459E-05 0.0616458 0.0519053 0.0273562 9.99459E-05 0.0625581 9.99459E-05 0.673284 9.99459E-05 9.99459E-05 0.0779043 9.99459E-05
0.080549 0.354172 9.9928E-05 9.9928E-05 9.9928E-05 9.9928E-05 0.00222486 9.9928E-05 9.9928E-05 9.9928E-05 0.52059 9.9928E-05 0.0416646
9.99369E-05 0.0979536 0.0112266 9.99369E-05 0.0484432 9.99369E-05 0.135228 9.99369E-05 0.174978 9.99369E-05 0.531471 9.99369E-05 9.99369E-05
0.148408 9.99369E-05 9.99369E-05 0.0660054 0.00533147 9.99369E-05 9.99369E-05 0.0427143 0.577731 9.99369E-05 9.99369E-05 0.15911 9.99369E-05
9.99278E-05 9.99278E-05 0.00963828 9.99278E-05 0.0247674 0.141417 9.99278E-05 9.99278E-05 0.555628 9.99278E-05 0.26775 9.99278E-05 9.99278E-05
9.9901E-05 9.9901E-05 9.9901E-05 9.9901E-05 9.9901E-05 9.9901E-05 9.9901E-05 0.541717 0.457184 9.9901E-05 9.9901E-05 9.9901E-05 9.9901E-05
9.9937E-05 0.0334407 0.00189313 9.9937E-05 0.138812 9.9937E-05 9.9937E-05 9.9937E-05 0.361409 9.9937E-05 0.433791 9.9937E-05 0.0299549
9.99369E-05 0.00951779 9.99369E-05 9.99369E-05 9.99369E-05 9.99369E-05 9.99369E-05 0.114369 0.781493 0.0207183 0.015367 9.99369E-05 0.0578348
0.0231497 9.99397E-05 0.0668852 9.99397E-05 9.99397E-05 9.99397E-05 0.0586267 9.99397E-05 0.501644 9.99397E-05 0.0672308 9.99397E-05 0.281764
0.122173 9.99368E-05 0.164425 9.99368E-05 9.99368E-05 9.99368E-05 0.207301 9.99368E-05 0.0770657 9.99368E-05 0.40667 0.0216651 9.99368E-05
9.99279E-05 9.99279E-05 0.0901458 9.99279E-05 0.144327 9.99279E-05 0.244439 9.99279E-05 0.287472 9.99279E-05 0.232816 9.99279E-05 9.99279E-05
0.0396876 0.228347 9.9937E-05 0.0123849 9.9937E-05 9.9937E-05 9.9937E-05 9.9937E-05 0.211708 9.9937E-05 0.215294 9.9937E-05 0.291879
0.452916 0.158742 9.99369E-05 9.99369E-05 9.99369E-05 9.99369E-05 0.0293449 9.99369E-05 9.99369E-05 9.99369E-05 0.0580133 0.0219771 0.278307
9.99278E-05 9.99278E-05 9.99278E-05 9.99278E-05 9.99278E-05 0.16609 9.99278E-05 9.99278E-05 0.604305 0.00459651 0.204532 0.019677 9.99278E-05
0.0531889 9.99369E-05 0.115976 9.99369E-05 9.99369E-05 9.99369E-05 9.99369E-05 0.0613266 0.411879 9.99369E-05 0.245165 9.99369E-05 0.111766
9.99278E-05 9.99278E-05 9.99278E-05 9.99278E-05 0.00744989 0.0539088 9.99278E-05 0.0883813 0.819057 0.0304031 9.99278E-05 9.99278E-05 9.99278E-05
9.993E-05 0.0287872 0.108211 9.993E-05 9.993E-05 0.0104816 9.993E-05 9.993E-05 0.279717 9.993E-05 0.542172 9.993E-05 0.0299322
0.039979 9.99278E-05 9.99278E-05 9.99278E-05 0.0822234 0.109305 9.99278E-05 9.99278E-05 0.202707 9.99278E-05 0.564986 9.99278E-05 9.99278E-05
9.99369E-05 0.0365312 0.00872418 9.99369E-05 0.124163 9.99369E-05 0.0782592 9.99369E-05 0.348994 9.99369E-05 0.402629 9.99369E-05 9.99369E-05
0.0428264 9.99459E-05 9.99459E-05 0.0779839 9.99459E-05 9.99459E-05 9.99459E-05 0.0653166 0.230694 0.173179 0.337246 0.0721538 9.99459E-05
0.0357143 9.99189E-05 9.99189E-05 9.99189E-05 9.99189E-05 9.99189E-05 9.99189E-05 9.99189E-05 0.0281828 9.99189E-05 0.582552 9.99189E-05 0.352652
9.99189E-05 9.99189E-05 9.99189E-05 0.0573094 9.99189E-05 9.99189E-05 9.99189E-05 9.99189E-05 0.1827 9.99189E-05 0.296081 0.46301 9.99189E-05
0.184711 9.99459E-05 0.0601279 9.99459E-05 0.161785 0.056096 0.138676 9.99459E-05 0.00263017 9.99459E-05 0.395375 9.99459E-05 9.99459E-05
9.9919E-05 0.0357085 0.00141077 9.9919E-05 9.9919E-05 9.9919E-05 9.9919E-05 9.9919E-05 9.9919E-05 9.9919E-05 0.860018 9.9919E-05 0.101963
9.9919E-05 9.9919E-05 0.207922 0.0324942 9.9919E-05 9.9919E-05 9.9919E-05 0.017453 9.9919E-05 9.9919E-05 0.741232 9.9919E-05 9.9919E-05
0.169973 9.99368E-05 9.99368E-05 9.99368E-05 0.0279847 0.120319 0.0194991 9.99368E-05 9.99368E-05 9.99368E-05 0.518313 0.143213 9.99368E-05
0.290468 9.99188E-05 9.99188E-05 9.99188E-05 9.99188E-05 0.377623 9.99188E-05 9.99188E-05 0.0971733 9.99188E-05 0.233837 9.99188E-05 9.99188E-05
0.216297 9.99459E-05 9.99459E-05 0.0488596 9.99459E-05 0.031037 9.99459E-05 0.348279 0.203623 0.0268119 0.124492 9.99459E-05 9.99459E-05
9.99189E-05 9.99189E-05 9.99189E-05 0.0523288 9.99189E-05 9.99189E-05 9.99189E-05 9.99189E-05 0.331888 9.99189E-05 0.203917 0.410967 9.99189E-05
0.660225 0.204185 9.99189E-05 9.99189E-05 9.99189E-05 9.99189E-05 9.99189E-05 9.99189E-05 9.99189E-05 9.99189E-05 0.00335658 9.99189E-05 0.131334
9.99368E-05 9.99368E-05 9.99368E-05 0.0686949 9.99368E-05 9.99368E-05 9.99368E-05 0.0860487 0.341345 0.00884757 0.349344 0.14502 9.99368E-05
0.0167262 9.99189E-05 9.99189E-05 9.99189E-05 9.99189E-05 0.133496 9.99189E-05 9.99189E-05 9.99189E-05 0.00247984 0.846399 9.99189E-05 9.99189E-05
0.218513 0.0434432 9.99369E-05 9.99369E-05 9.99369E-05 9.99369E-05 0.296331 9.99369E-05 9.99369E-05 9.99369E-05 0.341997 0.0732691 0.0257469
0.700874 9.99188E-05 9.99188E-05 9.99188E-05 9.99188E-05 9.99188E-05 9.99188E-05 0.107435 0.0546384 9.99188E-05 9.99188E-05 0.136153 9.99188E-05
0.180835 9.9937E-05 9.9937E-05 0.104625 9.9937E-05 9.9937E-05 9.9937E-05 0.213161 0.265024 9.9937E-05 0.00293289 0.232722 9.9937E-05
0.691814 9.99188E-05 9.99188E-05 9.99188E-05 9.99188E-05 0.0240645 9.99188E-05 9.99188E-05 0.135895 9.99188E-05 9.99188E-05 0.147327 9.99188E-05
0.322108 9.99188E-05 9.99188E-05 9.99188E-05 9.99188E-05 0.390461 9.99188E-05 9.99188E-05 0.111249 9.99188E-05 0.175283 9.99188E-05 9.99188E-05
0.160371 9.9928E-05 9.9928E-05 9.9928E-05 9.9928E-05 9.9928E-05 9.9928E-05 0.469272 0.276095 0.0355871 0.0578755 9.9928E-05 9.9928E-05
0.199905 9.99278E-05 9.99278E-05 9.99278E-05 9.99278E-05 9.99278E-05 0.0820765 9.99278E-05 0.155248 9.99278E-05 0.329268 9.99278E-05 0.232702
9.99189E-05 9.99189E-05 9.99189E-05 9.99189E-05 9.99189E-05 9.99189E-05 0.00621809 9.99189E-05 0.473288 9.99189E-05 0.313954 9.99189E-05 0.20564
0.0785163 9.99369E-05 0.0862182 9.99369E-05 9.99369E-05 9.99369E-05 0.0454851 9.99369E-05 0.438013 9.99369E-05 0.0792641 9.99369E-05 0.271803
9.99278E-05 9.99278E-05 9.99278E-05 0.0830165 9.99278E-05 9.99278E-05 9.99278E-05 0.0494511 0.532713 9.99278E-05 0.176344 0.157676 9.99278E-05
0.0517539 9.99279E-05 0.101718 9.99279E-05 9.99279E-05 0.155359 9.99279E-05 9.99279E-05 0.180003 9.99279E-05 0.510367 9.99279E-05 9.99279E-05
9.99189E-05 9.99189E-05 9.99189E-05 9.99189E-05 9.99189E-05 9.99189E-05 0.0317575 9.99189E-05 9.99189E-05 9.99189E-05 0.876654 0.00638458 0.0843046
0.379904 9.99459E-05 9.99459E-05 0.00722297 0.0583376 0.0565408 9.99459E-05 9.99459E-05 0.0914977 9.99459E-05 0.11553 0.290367 9.99459E-05
9.99099E-05 9.99099E-05 9.99099E-05 0.00385805 9.99099E-05 9.99099E-05 9.99099E-05 9.99099E-05 0.616702 9.99099E-05 9.99099E-05 0.378441 9.99099E-05
0.384034 0.136748 9.99189E-05 9.99189E-05 0.194613 9.99189E-05 9.99189E-05 9.99189E-05 9.99189E-05 9.99189E-05 0.283705 9.99189E-05 9.99189E-05
9.99098E-05 9.99098E-05 9.99098E-05 9.99098E-05 9.99098E-05 9.99098E-05 9.99098E-05 9.99098E-05 0.409644 9.99098E-05 0.212278 0.377078 9.99098E-05
0.0556322 9.99279E-05 9.99279E-05 9.99279E-05 0.0368383 9.99279E-05 9.99279E-05 9.99279E-05 0.362829 9.99279E-05 0.160767 0.383134 9.99279E-05
0.147961 0.42889 9.99189E-05 9.99189E-05 9.99189E-05 9.99189E-05 9.99189E-05 9.99189E-05 0.0219559 9.99189E-05 0.400294 9.99189E-05 9.99189E-05
9.99189E-05 9.99189E-05 9.99189E-05 9.99189E-05 0.241002 9.99189E-05 9.99189E-05 9.99189E-05 0.357365 9.99189E-05 0.321276 0.0794576 9.99189E-05
0.155815 0.0756492 9.99549E-05 9.99549E-05 0.170444 0.000435229 0.0119191 9.99549E-05 0.38096 9.99549E-05 0.102774 0.101503 9.99549E-05
9.99189E-05 9.99189E-05 9.99189E-05 0.0469303 9.99189E-05 9.99189E-05 9.99189E-05 0.316378 0.0145337 0.621259 9.99189E-05 9.99189E-05 9.99189E-05
0.0103455 9.9937E-05 9.9937E-05 9.9937E-05 9.9937E-05 0.0432821 9.9937E-05 0.168362 0.153378 0.597692 9.9937E-05 9.9937E-05 0.0262409
9.99189E-05 9.99189E-05 9.99189E-05 9.99189E-05 9.99189E-05 9.99189E-05 9.99189E-05 0.00141433 0.0224072 0.766233 9.99189E-05 9.99189E-05 0.209046
9.9928E-05 0.256779 9.9928E-05 9.9928E-05 0.0349574 9.9928E-05 0.0984611 9.9928E-05 9.9928E-05 0.586062 0.022941 9.9928E-05 9.9928E-05
9.99098E-05 9.99098E-05 9.99098E-05 0.10885 9.99098E-05 9.99098E-05 9.99098E-05 0.245859 9.99098E-05 0.644291 9.99098E-05 9.99098E-05 9.99098E-05
0.0300282 0.0806569 9.99459E-05 9.99459E-05 0.570111 0.0569075 9.99459E-05 9.99459E-05 9.99459E-05 0.205847 0.0331963 9.99459E-05 0.022654
9.99008E-05 9.99008E-05 9.99008E-05 9.99008E-05 9.99008E-05 9.99008E-05 9.99008E-05 9.99008E-05 9.99008E-05 0.461604 9.99008E-05 0.537298 9.99008E-05
9.99099E-05 9.99099E-05 9.99099E-05 9.99099E-05 9.99099E-05 9.99099E-05 9.99099E-05 0.273468 0.00835048 0.717182 9.99099E-05 9.99099E-05 9.99099E-05
0.000658625 9.99189E-05 9.99189E-05 9.99189E-05 9.99189E-05 0.321495 9.99189E-05 9.99189E-05 9.99189E-05 0.582909 9.99189E-05 0.0940377 9.99189E-05
0.00135582 0.144501 0.292355 9.99279E-05 9.99279E-05 9.99279E-05 9.99279E-05 9.99279E-05 9.99279E-05 0.504558 0.0564309 9.99279E-05 9.99279E-05
9.99189E-05 9.99189E-05 9.99189E-05 0.193243 9.99189E-05 9.99189E-05 9.99189E-05 0.47839 0.0413881 0.28608 9.99189E-05 9.99189E-05 9.99189E-05
9.99188E-05 9.99188E-05 0.430412 0.0226766 9.99188E-05 9.99188E-05 0.0960293 9.99188E-05 9.99188E-05 0.449983 9.99188E-05 9.99188E-05 9.99188E-05
9.99189E-05 9.99189E-05 9.99189E-05 9.99189E-05 0.0654516 9.99189E-05 9.99189E-05 0.15527 0.0310301 0.747349 9.99189E-05 9.99189E-05 9.99189E-05
9.99278E-05 9.99278E-05 0.0811284 9.99278E-05 0.244732 0.138365 9.99278E-05 9.99278E-05 9.99278E-05 0.488613 0.0463616 9.99278E-05 9.99278E-05
0.00718638 0.00337607 9.99369E-05 9.99369E-05 9.99369E-05 0.389539 9.99369E-05 0.0414568 9.99369E-05 0.526534 9.99369E-05 9.99369E-05 0.0312091
0.00234733 0.00894859 9.994E-05 9.994E-05 0.202429 0.122857 9.994E-05 0.0614196 9.994E-05 0.278563 9.994E-05 0.322836 9.994E-05
9.99458E-05 0.194674 0.0347399 9.99458E-05 0.0564732 9.99458E-05 0.0878697 9.99458E-05 9.99458E-05 0.470778 0.139069 9.99458E-05 0.015797
9.99188E-05 0.112065 9.99188E-05 9.99188E-05 9.99188E-05 9.99188E-05 9.99188E-05 9.99188E-05 9.99188E-05 0.334953 9.99188E-05 0.0348511 0.517231
0.0449754 9.99279E-05 9.99279E-05 0.0129167 9.99279E-05 0.318549 9.99279E-05 9.99279E-05 0.119535 0.503224 9.99279E-05 9.99279E-05 9.99279E-05
9.99279E-05 9.99279E-05 9.99279E-05 0.0170233 0.0392576 9.99279E-05 9.99279E-05 0.0228096 9.99279E-05 0.741198 9.99279E-05 0.178912 9.99279E-05
0.0230361 9.99279E-05 0.116809 9.99279E-05 9.99279E-05 0.221603 9.99279E-05 9.99279E-05 9.99279E-05 0.626756 0.0109975 9.99279E-05 9.99279E-05
9.99099E-05 0.000959725 9.99099E-05 9.99099E-05 9.99099E-05 9.99099E-05 9.99099E-05 9.99099E-05 9.99099E-05 0.654396 9.99099E-05 9.99099E-05 0.343646
0.00242786 0.212011 0.179736 0.110639 0.413344 9.9955E-05 9.9955E-05 9.9955E-05 9.9955E-05 0.00546394 0.0536302 9.9955E-05 0.0222478
9.99188E-05 9.99188E-05 9.99188E-05 0.456151 9.99188E-05 0.0901285 0.258365 9.99188E-05 9.99188E-05 9.99188E-05 9.99188E-05 0.194456 9.99188E-05
9.99279E-05 0.0931134 9.99279E-05 0.0722852 0.301423 9.99279E-05 9.99279E-05 9.99279E-05 9.99279E-05 9.99279E-05 0.0328527 9.99279E-05 0.499526
0.00789972 9.99368E-05 9.99368E-05 0.110644 0.498286 0.189842 9.99368E-05 0.167005 9.99368E-05 9.99368E-05 9.99368E-05 0.0256242 9.99368E-05
9.99098E-05 9.99098E-05 9.99098E-05 0.875573 9.99098E-05 9.99098E-05 9.99098E-05 0.122767 0.000661256 9.99098E-05 9.99098E-05 9.99098E-05 9.99098E-05
9.99278E-05 0.131096 0.339619 9.99278E-05 0.305367 9.99278E-05 0.0909799 9.99278E-05 9.99278E-05 9.99278E-05 9.99278E-05 9.99278E-05 0.132139
9.99188E-05 0.0192871 0.187634 0.588054 9.99188E-05 9.99188E-05 0.204126 9.99188E-05 9.99188E-05 9.99188E-05 9.99188E-05 9.99188E-05 9.99188E-05
9.99369E-05 9.99369E-05 9.99369E-05 0.118481 0.693649 0.032882 9.99369E-05 9.99369E-05 0.0207408 0.0380976 0.0954504 9.99369E-05 9.99369E-05
0.00124182 9.99188E-05 9.99188E-05 0.343365 9.99188E-05 9.99188E-05 0.440262 9.99188E-05 9.99188E-05 9.99188E-05 9.99188E-05 9.99188E-05 0.214232
9.99189E-05 9.99189E-05 9.99189E-05 0.519072 0.104039 9.99189E-05 9.99189E-05 9.99189E-05 9.99189E-05 9.99189E-05 9.99189E-05 0.365625 0.0103647
9.99459E-05 0.0351418 0.284414 0.046749 0.287105 9.99459E-05 0.215981 9.99459E-05 9.99459E-05 9.99459E-05 0.0630159 9.99459E-05 0.0669937
9.99279E-05 0.0750281 9.99279E-05 0.308035 9.99279E-05 9.99279E-05 0.25472 9.99279E-05 9.99279E-05 9.99279E-05 0.00663977 9.99279E-05 0.354778
9.99189E-05 9.99189E-05 9.99189E-05 0.914114 9.99189E-05 9.99189E-05 9.99189E-05 0.0514319 9.99189E-05 0.0206897 9.99189E-05 0.0128651 9.99189E-05
9.99189E-05 0.356144 0.241707 9.99189E-05 0.36296 9.99189E-05 9.99189E-05 9.99189E-05 9.99189E-05 9.99189E-05 9.99189E-05 9.99189E-05 0.0382901
9.99278E-05 0.0512007 9.99278E-05 0.203347 9.99278E-05 9.99278E-05 0.530462 9.99278E-05 9.99278E-05 9.99278E-05 0.0125272 9.99278E-05 0.201663
9.99368E-05 0.0294304 0.146607 9.99368E-05 0.324776 9.99368E-05 0.120646 9.99368E-05 9.99368E-05 9.99368E-05 9.99368E-05 0.0851285 0.292712
9.99099E-05 9.99099E-05 9.99099E-05 0.720394 9.99099E-05 9.99099E-05 0.0170083 0.261598 9.99099E-05 9.99099E-05 9.99099E-05 9.99099E-05 9.99099E-05
9.99188E-05 9.99188E-05 9.99188E-05 0.125222 0.245843 9.99188E-05 0.356268 9.99188E-05 9.99188E-05 9.99188E-05 9.99188E-05 9.99188E-05 0.271767
9.99369E-05 0.207091 0.267886 9.99369E-05 0.426523 9.99369E-05 0.0251067 9.99369E-05 9.99369E-05 0.0267396 0.0459541 9.99369E-05 9.99369E-05
0.0258135 9.99278E-05 9.99278E-05 0.107209 0.568595 0.149985 9.99278E-05 9.99278E-05 9.99278E-05 9.99278E-05 9.99278E-05 0.147598 9.99278E-05
0.0320874 0.167809 0.0512109 9.9973E-05 0.0938928 0.0625688 9.9973E-05 0.0503045 0.0246456 0.0471991 9.9973E-05 0.0941068 0.375875
0.053049 0.0318224 0.0315587 0.145833 0.360721 9.99369E-05 9.99369E-05 9.99369E-05 9.99369E-05 9.99369E-05 9.99369E-05 9.99369E-05 0.376316
9.99188E-05 9.99188E-05 9.99188E-05 0.733538 0.0992925 9.99188E-05 9.99188E-05 0.15065 9.99188E-05 9.99188E-05 9.99188E-05 0.0156205 9.99188E-05
0.0605112 9.99549E-05 0.00826649 9.99549E-05 0.411711 9.99549E-05 0.407757 0.0242353 0.023184 0.0181787 9.99549E-05 0.0456564 9.99549E-05
9.99368E-05 0.00182232 9.99368E-05 0.408946 0.177703 0.283512 0.119939 9.99368E-05 9.99368E-05 9.99368E-05 0.00737887 9.99368E-05 9.99368E-05
0.00369481 9.99549E-05 9.99549E-05 0.110379 0.0622205 0.349228 9.99549E-05 0.182748 0.0717563 0.15381 9.99549E-05 0.0656635 9.99549E-05
0.0102214 9.99459E-05 0.0270803 9.99459E-05 0.246099 9.99459E-05 0.363993 9.99459E-05 9.99459E-05 0.152242 0.0472572 9.99459E-05 0.152507
9.9946E-05 9.9946E-05 0.0498716 9.9946E-05 9.9946E-05 0.529127 0.132487 9.9946E-05 0.0641717 0.193467 0.00211167 9.9946E-05 0.0281645
0.0320239 0.0439353 9.9955E-05 0.0627568 9.9955E-05 9.9955E-05 9.9955E-05 0.701276 0.0243329 9.9955E-05 0.0103657 0.0794916 0.0453181
9.99278E-05 9.99278E-05 9.99278E-05 0.0493044 9.99278E-05 0.533851 0.0701659 9.99278E-05 9.99278E-05 0.0409448 9.99278E-05 0.304934 9.99278E-05
0.0237959 9.99549E-05 9.99549E-05 9.99549E-05 0.283693 0.0641832 0.00812679 0.310247 0.0365585 0.0944023 9.99549E-05 0.178494 9.99549E-05
0.0108988 9.99459E-05 0.571657 0.147831 0.00305564 0.185321 9.99459E-05 0.0299909 9.99459E-05 9.99459E-05 9.99459E-05 9.99459E-05 0.0506464
9.99188E-05 9.99188E-05 9.99188E-05 0.100494 0.238726 9.99188E-05 9.99188E-05 0.511076 9.99188E-05 9.99188E-05 9.99188E-05 0.148804 9.99188E-05
9.99188E-05 9.99188E-05 0.180315 9.99188E-05 0.337342 9.99188E-05 0.166307 9.99188E-05 9.99188E-05 9.99188E-05 9.99188E-05 9.99188E-05 0.315137
9.99278E-05 9.99278E-05 9.99278E-05 0.0466666 0.262606 0.12522 9.99278E-05 0.526377 9.99278E-05 9.99278E-05 9.99278E-05 0.0383311 9.99278E-05
9.99408E-05 9.99408E-05 9.99408E-05 0.12412 0.037233 0.0887308 0.186035 0.146668 9.99408E-05 9.99408E-05 9.99408E-05 9.99408E-05 0.416513
9.99639E-05 0.00955724 0.0594187 0.00710375 0.0380993 0.0832611 0.181947 9.99639E-05 9.99639E-05 0.112266 9.99639E-05 0.0223537 0.485594
9.9955E-05 9.9955E-05 0.030071 9.9955E-05 0.113402 0.637686 0.0483381 9.9955E-05 0.0730453 0.046981 0.0150077 9.9955E-05 0.0349695
9.99369E-05 9.99369E-05 9.99369E-05 9.99369E-05 0.438469 0.312159 9.99369E-05 9.99369E-05 9.99369E-05 0.11332 0.0347434 0.0895702 0.0110393
9.99279E-05 0.0617699 9.99279E-05 9.99279E-05 9.99279E-05 0.868934 9.99279E-05 9.99279E-05 9.99279E-05 0.0316939 9.99279E-05 0.0326508 0.00415179
9.99368E-05 9.99368E-05 0.0735248 9.99368E-05 0.135503 0.15938 9.99368E-05 0.0743441 9.99368E-05 0.097703 9.99368E-05 9.99368E-05 0.458846
9.99369E-05 0.0716796 9.99369E-05 0.031869 9.99369E-05 0.0469973 9.99369E-05 0.667366 9.99369E-05 0.064566 9.99369E-05 0.116823 9.99369E-05
9.99189E-05 9.99189E-05 9.99189E-05 0.178501 9.99189E-05 0.0717473 0.0971522 0.6517 9.99189E-05 9.99189E-05 9.99189E-05 9.99189E-05 9.99189E-05
9.99369E-05 9.99369E-05 9.99369E-05 0.0461698 0.0952962 0.148678 0.144479 9.99369E-05 0.0273069 9.99369E-05 9.99369E-05 0.537371 9.99369E-05
9.99369E-05 9.99369E-05 9.99369E-05 0.0367979 0.0667048 0.0171999 0.121519 0.65548 0.101598 9.99369E-05 9.99369E-05 9.99369E-05 9.99369E-05
9.9919E-05 0.0874262 0.0653742 9.9919E-05 9.9919E-05 9.9919E-05 9.9919E-05 0.820329 9.9919E-05 0.0259709 9.9919E-05 9.9919E-05 9.9919E-05
9.99459E-05 9.99459E-05 9.99459E-05 0.121337 0.0163296 0.0897395 0.222922 9.99459E-05 0.113689 0.00962236 9.99459E-05 0.425761 9.99459E-05
9.99368E-05 9.99368E-05 0.0232871 0.0798206 0.432359 0.0504901 9.99368E-05 0.195687 9.99368E-05 9.99368E-05 9.99368E-05 0.217656 9.99368E-05
0.00355402 0.805496 9.9937E-05 0.0300759 9.9937E-05 0.09263 0.063191 9.9937E-05 9.9937E-05 9.9937E-05 0.00435384 9.9937E-05 9.9937E-05
9.99368E-05 0.621094 0.0270439 9.99368E-05 0.0697276 9.99368E-05 0.15518 9.99368E-05 9.99368E-05 9.99368E-05 9.99368E-05 0.0999096 0.0263449
0.00536076 0.136703 9.99368E-05 9.99368E-05 0.274291 0.114437 0.00898889 9.99368E-05 9.99368E-05 9.99368E-05 9.99368E-05 0.45952 9.99368E-05
9.99278E-05 0.39579 0.237264 9.99278E-05 0.142945 9.99278E-05 0.168289 9.99278E-05 9.99278E-05 9.99278E-05 9.99278E-05 0.0549127 9.99278E-05
9.99369E-05 0.841295 0.0525786 9.99369E-05 9.99369E-05 0.0162426 0.0227589 9.99369E-05 9.99369E-05 0.00686564 9.99369E-05 0.05956 9.99369E-05
0.0345232 0.443778 9.99278E-05 9.99278E-05 9.99278E-05 0.0135116 9.99278E-05 9.99278E-05 9.99278E-05 9.99278E-05 9.99278E-05 0.120183 0.387206
9.99369E-05 0.616383 0.00647947 9.99369E-05 0.107281 9.99369E-05 0.0496136 9.99369E-05 9.99369E-05 9.99369E-05 9.99369E-05 0.0791203 0.140423
0.0142429 0.167664 9.99459E-05 0.0174495 0.0908951 0.0114986 9.99459E-05 0.00404262 9.99459E-05 9.99459E-05 9.99459E-05 0.693607 9.99459E-05
9.9928E-05 9.9928E-05 0.0110687 0.345501 0.0104562 9.9928E-05 9.9928E-05 0.23592 9.9928E-05 9.9928E-05 9.9928E-05 0.396255 9.9928E-05
9.99279E-05 0.178278 9.99279E-05 9.99279E-05 0.525469 9.99279E-05 0.102679 9.99279E-05 9.99279E-05 0.0898335 0.102942 9.99279E-05 9.99279E-05
9.99099E-05 0.11809 9.99099E-05 9.99099E-05 9.99099E-05 9.99099E-05 9.99099E-05 9.99099E-05 9.99099E-05 0.0756754 9.99099E-05 0.805235 9.99099E-05
0.0763366 0.0490093 9.9955E-05 9.9955E-05 0.20912 0.0562384 0.0232227 9.9955E-05 0.00195332 9.9955E-05 0.0604151 0.523205 9.9955E-05
0.0151941 0.232234 0.0183204 9.99459E-05 0.467492 9.99459E-05 9.99459E-05 0.00452286 9.99459E-05 0.0524045 9.99459E-05 0.209233 9.99459E-05
9.99279E-05 9.99279E-05 9.99279E-05 0.163391 0.219111 9.99279E-05 9.99279E-05 0.0109766 9.99279E-05 0.0354993 9.99279E-05 0.570222 9.99279E-05
9.99369E-05 0.169421 9.99369E-05 9.99369E-05 0.236271 9.99369E-05 9.99369E-05 0.0442911 0.0368776 0.120253 9.99369E-05 0.392186 9.99369E-05
0.0856105 9.99189E-05 9.99189E-05 9.99189E-05 0.298767 9.99189E-05 0.549232 9.99189E-05 0.065491 9.99189E-05 9.99189E-05 9.99189E-05 9.99189E-05
0.0323206 9.99459E-05 0.0767573 9.99459E-05 0.368834 9.99459E-05 0.00367533 0.024232 9.99459E-05 9.99459E-05 0.0725368 0.421044 9.99459E-05
9.99278E-05 0.225601 9.99278E-05 9.99278E-05 0.263926 9.99278E-05 9.99278E-05 9.99278E-05 0.0265918 0.17195 9.99278E-05 0.311131 9.99278E-05
9.99188E-05 0.231109 0.398368 9.99188E-05 0.287456 9.99188E-05 0.0821677 9.99188E-05 9.99188E-05 9.99188E-05 9.99188E-05 9.99188E-05 9.99188E-05
0.00104043 0.30365 0.0069556 9.9955E-05 0.536488 0.0901728 0.0158861 9.9955E-05 0.0303437 0.014963 9.9955E-05 9.9955E-05 9.9955E-05
9.9955E-05 0.0131874 0.0570474 9.9955E-05 0.0732962 9.9955E-05 9.9955E-05 0.082329 0.0228711 9.9955E-05 0.00179758 0.717692 0.0312794
9.99189E-05 9.99189E-05 9.99189E-05 9.99189E-05 0.535433 9.99189E-05 9.99189E-05 9.99189E-05 0.0199534 0.0614427 9.99189E-05 0.382272 9.99189E-05
9.99189E-05 9.99189E-05 9.99189E-05 0.207663 0.0807141 9.99189E-05 9.99189E-05 0.197021 9.99189E-05 9.99189E-05 9.99189E-05 0.513703 9.99189E-05
9.99189E-05 0.38914 0.0592592 9.99189E-05 0.471347 9.99189E-05 0.079355 9.99189E-05 9.99189E-05 9.99189E-05 9.99189E-05 9.99189E-05 9.99189E-05
0.0389099 0.128374 9.9946E-05 9.9946E-05 0.632165 0.118314 0.0230131 9.9946E-05 9.9946E-05 9.9946E-05 0.0515779 0.00704545 9.9946E-05
9.99279E-05 9.99279E-05 9.99279E-05 0.181969 0.110565 9.99279E-05 9.99279E-05 0.0548928 9.99279E-05 0.0366194 9.99279E-05 0.615154 9.99279E-05
9.99369E-05 0.226261 0.0384158 9.99369E-05 9.99369E-05 9.99369E-05 0.533259 9.99369E-05 9.99369E-05 0.114649 0.0391694 9.99369E-05 0.0475462
9.99189E-05 9.99189E-05 0.338644 0.0602855 9.99189E-05 9.99189E-05 0.58361 9.99189E-05 9.99189E-05 9.99189E-05 9.99189E-05 0.0165608 9.99189E-05
0.0404896 9.99549E-05 9.99549E-05 0.0373808 0.102886 0.157135 9.99549E-05 0.267246 0.0965712 0.0110288 9.99549E-05 0.286763 9.99549E-05
9.99369E-05 9.99369E-05 9.99369E-05 0.122135 9.99369E-05 0.438123 0.277129 0.154567 0.000842418 9.99369E-05 9.99369E-05 0.00650447 9.99369E-05
0.0611549 0.223582 0.301521 9.99279E-05 9.99279E-05 9.99279E-05 0.325777 9.99279E-05 9.99279E-05 9.99279E-05 9.99279E-05 0.0871658 9.99279E-05
9.99369E-05 0.275833 9.99369E-05 0.0193296 9.99369E-05 0.0134395 0.592951 9.99369E-05 9.99369E-05 9.99369E-05 0.00165837 9.99369E-05 0.096089
9.99369E-05 0.195144 0.0466157 9.99369E-05 0.0183493 9.99369E-05 0.559148 9.99369E-05 9.99369E-05 9.99369E-05 0.100137 9.99369E-05 0.0799058
9.991E-05 9.991E-05 9.991E-05 0.0965306 9.991E-05 9.991E-05 0.152039 0.750432 9.991E-05 9.991E-05 9.991E-05 9.991E-05 9.991E-05
9.99369E-05 9.99369E-05 9.99369E-05 0.0696336 0.0192816 0.255304 0.218706 9.99369E-05 0.00323324 9.99369E-05 9.99369E-05 0.433141 9.99369E-05
9.99368E-05 9.99368E-05 0.0660118 9.99368E-05 0.0693591 0.313477 0.231437 9.99368E-05 9.99368E-05 0.284676 0.0343391 9.99368E-05 9.99368E-05
9.99459E-05 0.159372 0.131671 0.0110687 0.0625058 0.0124591 0.545451 9.99459E-05 9.99459E-05 0.0768728 9.99459E-05 9.99459E-05 9.99459E-05
9.99549E-05 9.99549E-05 9.99549E-05 0.117162 0.0547159 0.197912 0.0217925 0.491474 0.0393862 0.0342199 9.99549E-05 0.0428382 9.99549E-05
0.0450934 0.0621965 9.99459E-05 0.0794242 0.378812 0.218792 0.00569795 9.99459E-05 9.99459E-05 9.99459E-05 9.99459E-05 0.209384 9.99459E-05
9.99188E-05 9.99188E-05 9.99188E-05 9.99188E-05 0.109188 0.24099 0.227651 9.99188E-05 9.99188E-05 9.99188E-05 9.99188E-05 0.421272 9.99188E-05
9.99369E-05 9.99369E-05 0.0495123 0.0402057 0.0372026 0.612824 0.124444 9.99369E-05 9.99369E-05 0.135111 9.99369E-05 9.99369E-05 9.99369E-05
9.99369E-05 9.99369E-05 9.99369E-05 0.0701086 0.397289 9.99369E-05 9.99369E-05 0.00038204 0.0358612 0.204126 9.99369E-05 0.291534 9.99369E-05
9.99459E-05 0.0969491 0.132761 9.99459E-05 0.520588 9.99459E-05 0.101133 9.99459E-05 9.99459E-05 0.0720137 0.0736112 0.00234453 9.99459E-05
9.99279E-05 9.99279E-05 0.0652299 9.99279E-05 0.390569 0.352484 0.180518 9.99279E-05 9.99279E-05 9.99279E-05 0.0103994 9.99279E-05 9.99279E-05
0.0138807 0.135519 0.157201 0.0342646 0.0674625 9.9946E-05 0.480667 9.9946E-05 9.9946E-05 9.9946E-05 9.9946E-05 9.9946E-05 0.110406
9.99458E-05 9.99458E-05 9.99458E-05 0.165315 0.00526807 0.0549979 0.264181 0.0221074 0.146111 9.99458E-05 9.99458E-05 0.34142 9.99458E-05
9.99368E-05 0.201811 0.0195439 9.99368E-05 0.17388 9.99368E-05 0.533331 0.0389086 9.99368E-05 9.99368E-05 0.0318254 9.99368E-05 9.99368E-05
9.99459E-05 0.117959 9.99459E-05 9.99459E-05 0.186272 9.99459E-05 0.371742 0.000333449 9.99459E-05 0.00188377 9.99459E-05 0.00483609 0.316374
9.99189E-05 9.99189E-05 9.99189E-05 0.270538 9.99189E-05 0.0691648 0.0395263 9.99189E-05 9.99189E-05 9.99189E-05 9.99189E-05 0.619872 9.99189E-05
9.99278E-05 0.0664713 0.151584 0.0883639 0.443049 9.99278E-05 9.99278E-05 9.99278E-05 9.99278E-05 9.99278E-05 9.99278E-05 0.249732 9.99278E-05
9.99369E-05 9.99369E-05 9.99369E-05 0.0366025 0.242109 0.0554855 0.11653 9.99369E-05 0.0644022 9.99369E-05 9.99369E-05 0.484171 9.99369E-05
0.00952826 0.703157 0.0807737 0.00258928 9.9946E-05 9.9946E-05 0.19566 9.9946E-05 0.000871594 9.9946E-05 0.00682022 9.9946E-05 9.9946E-05
0.043333 0.315507 0.00208734 0.0439577 0.0929907 9.9964E-05 0.0110669 9.9964E-05 0.18862 9.9964E-05 0.0432975 9.9964E-05 0.25874
9.99279E-05 0.244086 9.99279E-05 9.99279E-05 0.440579 9.99279E-05 0.194064 9.99279E-05 9.99279E-05 0.00238061 0.11809 9.99279E-05 9.99279E-05
9.99279E-05 9.99279E-05 9.99279E-05 0.106755 9.99279E-05 0.0801181 0.0866267 0.0303334 9.99279E-05 9.99279E-05 9.99279E-05 0.695367 9.99279E-05
9.99279E-05 0.334979 9.99279E-05 0.0455945 0.542993 9.99279E-05 0.00108496 9.99279E-05 9.99279E-05 9.99279E-05 0.0745499 9.99279E-05 9.99279E-05
9.99279E-05 0.466387 9.99279E-05 9.99279E-05 0.173914 9.99279E-05 0.196751 9.99279E-05 9.99279E-05 0.129956 0.0321932 9.99279E-05 9.99279E-05
9.9928E-05 0.489918 0.179693 9.9928E-05 0.0669881 9.9928E-05 0.16485 9.9928E-05 9.9928E-05 0.0977515 9.9928E-05 9.9928E-05 9.9928E-05
9.99189E-05 9.99189E-05 9.99189E-05 0.0804775 0.116929 9.99189E-05 9.99189E-05 9.99189E-05 9.99189E-05 0.144599 9.99189E-05 0.657096 9.99189E-05
0.0092442 0.0510976 9.994E-05 9.994E-05 0.381186 9.994E-05 0.201708 9.994E-05 0.0105987 0.074239 9.994E-05 0.271327 9.994E-05
0.0126522 0.369756 0.348445 0.0345718 0.0927345 9.9946E-05 0.0638539 9.9946E-05 9.9946E-05 9.9946E-05 9.9946E-05 0.0773868 9.9946E-05
9.995E-05 0.101504 9.995E-05 0.250987 0.204853 9.995E-05 0.0328447 9.995E-05 0.0892066 0.0691181 9.995E-05 0.246447 0.00454057
0.00747923 0.664658 0.0490277 0.0317992 0.183935 9.9946E-05 0.0254519 9.9946E-05 9.9946E-05 9.9946E-05 0.0370496 9.9946E-05 9.9946E-05
9.9928E-05 9.9928E-05 9.9928E-05 9.9928E-05 0.323298 9.9928E-05 9.9928E-05 0.167337 0.0174061 9.9928E-05 9.9928E-05 0.0524098 0.438749
0.0106947 0.215455 9.995E-05 0.0716109 0.247988 9.995E-05 0.125883 9.995E-05 9.995E-05 0.138927 0.0513351 0.137606 9.995E-05
9.991E-05 9.991E-05 9.991E-05 0.220235 9.991E-05 9.991E-05 9.991E-05 0.0230698 9.991E-05 9.991E-05 9.991E-05 0.755696 9.991E-05
0.0164063 0.1021 9.99459E-05 9.99459E-05 0.385979 0.18127 0.152626 9.99459E-05 9.99459E-05 9.99459E-05 0.00348984 0.157529 9.99459E-05
0.000912065 9.99639E-05 0.0699802 0.0618811 0.191842 0.378722 9.99639E-05 0.0948206 0.0187361 0.0945597 9.99639E-05 0.0881458 9.99639E-05
0.00277795 9.99549E-05 9.99549E-05 0.0654735 0.125222 0.00405269 0.00640942 0.678165 0.0222337 0.0951667 9.99549E-05 9.99549E-05 9.99549E-05
9.99279E-05 9.99279E-05 9.99279E-05 0.00598341 0.590143 0.237118 9.99279E-05 9.99279E-05 0.0277067 9.99279E-05 9.99279E-05 0.13825 9.99279E-05
9.99278E-05 9.99278E-05 9.99278E-05 0.0137063 0.0167698 9.99278E-05 0.069721 9.99278E-05 9.99278E-05 0.578994 9.99278E-05 0.32001 9.99278E-05
9.99459E-05 9.99459E-05 0.0557729 0.0123896 0.254917 0.251814 0.118083 0.000326597 9.99459E-05 9.99459E-05 9.99459E-05 0.306098 9.99459E-05
9.99369E-05 0.118309 0.1 9.99369E-05 0.265111 0.107118 0.179223 9.99369E-05 9.99369E-05 9.99369E-05 9.99369E-05 9.99369E-05 0.229539
0.015553 9.99279E-05 9.99279E-05 0.254115 9.99279E-05 0.197748 0.0184928 0.513292 9.99279E-05 9.99279E-05 9.99279E-05 9.99279E-05 9.99279E-05
0.00251835 9.99369E-05 9.99369E-05 9.99369E-05 9.99369E-05 0.0601882 0.378558 0.0480083 0.00431178 9.99369E-05 9.99369E-05 9.99369E-05 0.505716
9.99368E-05 0.240498 0.003696 9.99368E-05 0.253354 9.99368E-05 0.0404794 9.99368E-05 9.99368E-05 0.390511 0.070762 9.99368E-05 9.99368E-05
9.99459E-05 9.99459E-05 0.681594 9.99459E-05 0.156281 0.000583908 9.99459E-05 0.0665662 0.00124475 0.0524887 9.99459E-05 9.99459E-05 0.0406422
9.99189E-05 9.99189E-05 9.99189E-05 9.99189E-05 0.201758 9.99189E-05 9.99189E-05 0.618873 0.00645028 0.17202 9.99189E-05 9.99189E-05 9.99189E-05
9.99279E-05 9.99279E-05 9.99279E-05 0.129094 0.0731167 9.99279E-05 9.99279E-05 0.474074 9.99279E-05 0.105717 9.99279E-05 0.217199 9.99279E-05
9.99279E-05 9.99279E-05 0.0883895 9.99279E-05 0.0861748 9.99279E-05 0.41991 9.99279E-05 9.99279E-05 9.99279E-05 9.99279E-05 0.0981127 0.306614
9.99279E-05 9.99279E-05 0.0335171 9.99279E-05 0.483723 0.167097 9.99279E-05 9.99279E-05 0.042338 9.99279E-05 9.99279E-05 0.272525 9.99279E-05
9.99459E-05 9.99459E-05 9.99459E-05 9.99459E-05 0.358094 0.372014 9.99459E-05 0.0302731 0.0588415 0.15886 9.99459E-05 0.0176108 0.00370759
9.99189E-05 9.99189E-05 9.99189E-05 0.0801194 9.99189E-05 9.99189E-05 9.99189E-05 0.507542 9.99189E-05 0.144024 9.99189E-05 0.267416 9.99189E-05
9.99369E-05 9.99369E-05 0.196563 9.99369E-05 0.0163851 0.622018 9.99369E-05 0.0711611 9.99369E-05 0.0774997 9.99369E-05 9.99369E-05 0.0156741
0.0342031 9.995E-05 0.0496256 9.995E-05 0.113902 0.274251 0.166861 0.0600884 9.995E-05 0.0064178 9.995E-05 9.995E-05 0.294151
9.99368E-05 0.387015 0.317468 9.99368E-05 0.0950073 0.0494482 0.11358 9.99368E-05 9.99368E-05 9.99368E-05 9.99368E-05 0.0367827 9.99368E-05
9.99279E-05 0.00857408 0.500014 9.99279E-05 0.419402 9.99279E-05 0.0331827 9.99279E-05 9.99279E-05 0.0380277 9.99279E-05 9.99279E-05 9.99279E-05
9.99369E-05 9.99369E-05 0.0611969 9.99369E-05 0.145417 0.198948 9.99369E-05 0.0390583 9.99369E-05 0.163087 9.99369E-05 9.99369E-05 0.391594
9.99099E-05 0.170612 9.99099E-05 9.99099E-05 9.99099E-05 9.99099E-05 9.99099E-05 9.99099E-05 9.99099E-05 0.0677162 9.99099E-05 0.760673 9.99099E-05
9.99369E-05 0.599849 9.99369E-05 9.99369E-05 0.127532 9.99369E-05 0.148521 9.99369E-05 9.99369E-05 0.086349 0.000403495 0.0366462 9.99369E-05
9.9919E-05 9.9919E-05 9.9919E-05 0.0946249 0.268653 9.9919E-05 9.9919E-05 9.9919E-05 9.9919E-05 0.199841 9.9919E-05 0.435982 9.9919E-05
9.99369E-05 9.99369E-05 9.99369E-05 0.0149552 0.447762 9.99369E-05 0.056041 9.99369E-05 9.99369E-05 0.272733 0.0158269 0.191983 9.99369E-05
0.0120032 0.476048 9.99279E-05 9.99279E-05 0.341576 9.99279E-05 0.156457 9.99279E-05 9.99279E-05 9.99279E-05 0.0131165 9.99279E-05 9.99279E-05
9.9937E-05 0.0226653 9.9937E-05 0.156673 9.9937E-05 9.9937E-05 9.9937E-05 0.0169441 0.0139577 0.0438755 9.9937E-05 0.745185 9.9937E-05
9.99458E-05 9.99458E-05 0.0996297 9.99458E-05 0.0925919 0.170769 9.99458E-05 0.395098 0.0600662 0.180875 9.99458E-05 0.000370507 9.99458E-05
9.99369E-05 9.99369E-05 9.99369E-05 0.062447 0.279115 0.165699 9.99369E-05 0.0376875 9.99369E-05 0.00861686 9.99369E-05 0.445735 9.99369E-05
9.99189E-05 9.99189E-05 0.660977 9.99189E-05 9.99189E-05 0.32361 0.0117841 0.00273008 9.99189E-05 9.99189E-05 9.99189E-05 9.99189E-05 9.99189E-05
9.99278E-05 9.99278E-05 0.249758 9.99278E-05 9.99278E-05 0.500985 0.093677 0.0370695 9.99278E-05 9.99278E-05 9.99278E-05 0.11771 9.99278E-05
0.0165339 9.99459E-05 0.379833 9.99459E-05 0.170944 0.0354905 0.195141 9.99459E-05 9.99459E-05 9.99459E-05 0.0285898 0.172868 9.99459E-05
9.99188E-05 9.99188E-05 0.276892 9.99188E-05 9.99188E-05 9.99188E-05 9.99188E-05 0.42177 0.00281248 9.99188E-05 9.99188E-05 0.297626 9.99188E-05
9.99279E-05 0.131266 0.19265 9.99279E-05 9.99279E-05 9.99279E-05 0.0478349 9.99279E-05 9.99279E-05 9.99279E-05 9.99279E-05 0.138192 0.489258
0.0158005 9.996E-05 0.0606975 9.996E-05 0.16554 0.235593 9.996E-05 0.0624495 0.10417 0.0696589 0.075107 0.210584 9.996E-05
9.99549E-05 9.99549E-05 0.441261 9.99549E-05 0.133674 9.99549E-05 0.18704 9.99549E-05 0.000500061 0.117255 0.0172987 0.0466303 0.0558415
0.00189534 0.20975 0.361396 9.99459E-05 0.00836694 9.99459E-05 9.99459E-05 9.99459E-05 9.99459E-05 9.99459E-05 0.0216457 0.0908287 0.305518
9.99188E-05 9.99188E-05 0.788344 9.99188E-05 0.081582 9.99188E-05 0.0674436 9.99188E-05 9.99188E-05 9.99188E-05 9.99188E-05 0.0617314 9.99188E-05
0.00830586 0.066174 0.518824 9.99459E-05 0.131818 9.99459E-05 0.246494 9.99459E-05 9.99459E-05 9.99459E-05 0.0056479 0.0221362 9.99459E-05
9.99369E-05 9.99369E-05 0.780947 9.99369E-05 0.0208168 9.99369E-05 0.00726943 9.99369E-05 0.027991 9.99369E-05 0.0387016 0.123575 9.99369E-05
0.0592716 9.99459E-05 0.132823 9.99459E-05 0.289258 0.167003 9.99459E-05 9.99459E-05 0.0314499 0.0457685 9.99459E-05 0.273826 9.99459E-05
9.99369E-05 9.99369E-05 9.99369E-05 9.99369E-05 0.149225 0.110568 0.086559 9.99369E-05 0.0634914 0.0585567 9.99369E-05 0.530901 9.99369E-05
9.99549E-05 0.0798157 0.0653592 9.99549E-05 9.99549E-05 0.000292009 0.20073 9.99549E-05 0.0120107 9.99549E-05 0.00123278 0.126572 0.513488
9.9928E-05 9.9928E-05 0.636089 9.9928E-05 9.9928E-05 0.0970964 9.9928E-05 0.144899 9.9928E-05 0.0855698 9.9928E-05 9.9928E-05 0.0355463
0.041728 9.996E-05 9.996E-05 9.996E-05 0.231084 0.224029 0.0210567 0.239202 0.077875 0.055435 9.996E-05 0.0452567 0.0639338
0.0196174 9.9928E-05 0.0110403 0.0715871 9.9928E-05 9.9928E-05 9.9928E-05 0.860409 9.9928E-05 9.9928E-05 0.0365465 9.9928E-05 9.9928E-05
9.9928E-05 9.9928E-05 0.0536698 0.0712747 9.9928E-05 9.9928E-05 9.9928E-05 0.0696741 9.9928E-05 0.0116783 9.9928E-05 0.792904 9.9928E-05
9.9955E-05 9.9955E-05 9.9955E-05 0.012592 0.0776309 9.9955E-05 0.00993454 0.785351 0.0257826 0.0214233 0.0021974 0.0645887 9.9955E-05
