9.9865E-05 0.416319 9.9865E-05 9.9865E-05 9.9865E-05 9.9865E-05 9.9865E-05 9.9865E-05 9.9865E-05 0.280104 9.9865E-05 9.9865E-05 0.234031 9.9865E-05 9.9865E-05 9.9865E-05 9.9865E-05 0.043198 9.9865E-05 0.0248495
0.0583787 0.342345 9.98919E-05 9.98919E-05 9.98919E-05 9.98919E-05 9.98919E-05 0.0783449 9.98919E-05 0.447308 9.98919E-05 9.98919E-05 0.0105577 0.020292 9.98919E-05 0.0157027 9.98919E-05 0.0258724 9.98919E-05 9.98919E-05
0.0126123 9.99098E-05 9.99098E-05 9.99098E-05 9.99098E-05 0.161867 0.0322212 9.99098E-05 0.0189745 0.307823 9.99098E-05 0.000310345 9.99098E-05 0.0578375 9.99098E-05 9.99098E-05 0.363493 0.0409128 9.99098E-05 0.00294977
9.98919E-05 0.508024 9.98919E-05 0.0151228 9.98919E-05 9.98919E-05 0.00486424 0.00742397 9.98919E-05 9.98919E-05 9.98919E-05 0.158519 0.27457 9.98919E-05 0.00803694 9.98919E-05 9.98919E-05 9.98919E-05 9.98919E-05 0.0222398
0.144826 0.271114 0.0975213 9.98918E-05 9.98918E-05 9.98918E-05 0.121374 9.98918E-05 0.00953333 9.98918E-05 9.98918E-05 0.169614 0.15144 0.0333779 9.98918E-05 9.98918E-05 9.98918E-05 9.98918E-05 9.98918E-05 9.98918E-05
9.98828E-05 9.98828E-05 9.98828E-05 0.233742 9.98828E-05 9.98828E-05 9.98828E-05 9.98828E-05 0.0564972 0.289986 9.98828E-05 9.98828E-05 0.289344 9.98828E-05 9.98828E-05 0.00602117 0.0848004 0.0383112 9.98828E-05 9.98828E-05
9.98648E-05 0.0366861 9.98648E-05 9.98648E-05 9.98648E-05 0.160926 9.98648E-05 9.98648E-05 9.98648E-05 0.440086 9.98648E-05 9.98648E-05 9.98648E-05 9.98648E-05 9.98648E-05 0.00163193 0.359172 9.98648E-05 9.98648E-05 9.98648E-05
0.0472086 9.9892E-05 9.9892E-05 0.175653 9.9892E-05 0.00999496 9.9892E-05 9.9892E-05 0.0244066 0.387378 9.9892E-05 9.9892E-05 0.0843261 9.9892E-05 9.9892E-05 9.9892E-05 0.117148 0.152686 9.9892E-05 9.9892E-05
9.99009E-05 0.168644 0.0125751 0.228761 9.99009E-05 9.99009E-05 0.00870324 9.99009E-05 9.99009E-05 0.351807 9.99009E-05 0.158583 9.99009E-05 9.99009E-05 9.99009E-05 0.000933576 9.99009E-05 9.99009E-05 0.0640635 0.00483026
9.98648E-05 9.98648E-05 9.98648E-05 0.0994573 9.98648E-05 0.593921 9.98648E-05 9.98648E-05 0.11895 9.98648E-05 9.98648E-05 9.98648E-05 9.98648E-05 9.98648E-05 9.98648E-05 9.98648E-05 0.151255 9.98648E-05 9.98648E-05 0.0349186
0.128529 0.0852359 9.99099E-05 0.00436936 9.99099E-05 9.99099E-05 9.99099E-05 0.324115 0.0475302 0.152951 9.99099E-05 0.187202 9.99099E-05 0.0413367 9.99099E-05 9.99099E-05 9.99099E-05 9.99099E-05 0.00116291 0.0265697
0.0150006 0.380011 9.98919E-05 0.313587 9.98919E-05 0.0455525 9.98919E-05 0.0685795 0.0485783 0.0274199 9.98919E-05 9.98919E-05 9.98919E-05 9.98919E-05 0.100073 9.98919E-05 9.98919E-05 9.98919E-05 9.98919E-05 9.98919E-05
9.99009E-05 9.99009E-05 9.99009E-05 9.99009E-05 9.99009E-05 9.99009E-05 0.0142321 9.99009E-05 9.99009E-05 0.044163 0.0671747 0.554674 0.00707051 0.18212 9.99009E-05 0.0252651 0.0865399 9.99009E-05 0.0176618 9.99009E-05
9.98829E-05 9.98829E-05 9.98829E-05 0.000529198 0.0856265 0.0725625 9.98829E-05 9.98829E-05 0.154053 0.602068 9.98829E-05 9.98829E-05 9.98829E-05 9.98829E-05 9.98829E-05 9.98829E-05 0.0776993 0.00616311 9.98829E-05 9.98829E-05
0.133256 0.275342 9.98648E-05 0.173628 9.98648E-05 9.98648E-05 9.98648E-05 0.412021 9.98648E-05 0.00425565 9.98648E-05 9.98648E-05 9.98648E-05 9.98648E-05 9.98648E-05 9.98648E-05 9.98648E-05 9.98648E-05 9.98648E-05 9.98648E-05
0.0155312 9.98918E-05 9.98918E-05 9.98918E-05 9.98918E-05 0.446184 0.0199443 9.98918E-05 9.98918E-05 9.98918E-05 0.0223407 0.0547668 0.0604164 9.98918E-05 9.98918E-05 0.0339746 0.345643 9.98918E-05 9.98918E-05 9.98918E-05
9.98559E-05 0.0297022 9.98559E-05 9.98559E-05 9.98559E-05 0.150223 9.98559E-05 9.98559E-05 9.98559E-05 0.581474 9.98559E-05 9.98559E-05 9.98559E-05 9.98559E-05 9.98559E-05 9.98559E-05 0.237003 9.98559E-05 9.98559E-05 9.98559E-05
9.98649E-05 9.98649E-05 9.98649E-05 9.98649E-05 9.98649E-05 9.98649E-05 9.98649E-05 0.0441206 9.98649E-05 0.583567 9.98649E-05 9.98649E-05 0.00602161 0.000258486 9.98649E-05 9.98649E-05 0.364535 9.98649E-05 9.98649E-05 9.98649E-05
9.9883E-05 0.306683 9.9883E-05 0.142126 9.9883E-05 9.9883E-05 9.9883E-05 9.9883E-05 9.9883E-05 0.242088 9.9883E-05 0.0955288 9.9883E-05 0.090601 0.116423 9.9883E-05 9.9883E-05 9.9883E-05 0.00525248 9.9883E-05
9.98739E-05 9.98739E-05 0.0957602 9.98739E-05 9.98739E-05 9.98739E-05 0.0254299 0.107035 9.98739E-05 9.98739E-05 9.98739E-05 9.98739E-05 0.0340654 9.98739E-05 9.98739E-05 9.98739E-05 9.98739E-05 9.98739E-05 0.0206492 0.715662
9.98558E-05 9.98558E-05 0.160398 9.98558E-05 9.98558E-05 9.98558E-05 9.98558E-05 9.98558E-05 9.98558E-05 9.98558E-05 0.041982 0.0100714 9.98558E-05 9.98558E-05 9.98558E-05 9.98558E-05 9.98558E-05 9.98558E-05 9.98558E-05 0.785951
9.98377E-05 9.98377E-05 9.98377E-05 9.98377E-05 9.98377E-05 9.98377E-05 9.98377E-05 9.98377E-05 9.98377E-05 9.98377E-05 9.98377E-05 9.98377E-05 0.188663 9.98377E-05 9.98377E-05 9.98377E-05 9.98377E-05 9.98377E-05 9.98377E-05 0.809539
9.98649E-05 9.98649E-05 0.0380891 9.98649E-05 9.98649E-05 9.98649E-05 0.0275888 9.98649E-05 9.98649E-05 9.98649E-05 9.98649E-05 0.0521105 9.98649E-05 9.98649E-05 0.256198 9.98649E-05 9.98649E-05 9.98649E-05 9.98649E-05 0.624515
9.98829E-05 0.0476155 9.98829E-05 0.0670733 9.98829E-05 9.98829E-05 0.00299541 0.0505941 9.98829E-05 9.98829E-05 9.98829E-05 0.0669553 9.98829E-05 9.98829E-05 9.98829E-05 9.98829E-05 9.98829E-05 9.98829E-05 0.0155042 0.747964
9.98827E-05 9.98827E-05 9.98827E-05 9.98827E-05 0.251284 0.0622461 9.98827E-05 9.98827E-05 9.98827E-05 0.171329 9.98827E-05 9.98827E-05 9.98827E-05 9.98827E-05 9.98827E-05 0.116394 9.98827E-05 0.0213389 0.012819 0.36329
0.047747 0.0832578 9.99008E-05 0.0555128 9.99008E-05 9.99008E-05 0.0502553 0.0689696 0.0360075 9.99008E-05 9.99008E-05 9.99008E-05 9.99008E-05 9.99008E-05 9.99008E-05 9.99008E-05 9.99008E-05 0.0229267 0.328906 0.305318
9.98559E-05 9.98559E-05 9.98559E-05 9.98559E-05 0.57092 9.98559E-05 0.0338767 9.98559E-05 9.98559E-05 9.98559E-05 0.260719 9.98559E-05 9.98559E-05 9.98559E-05 9.98559E-05 9.98559E-05 9.98559E-05 9.98559E-05 9.98559E-05 0.132887
0.0461593 9.98917E-05 0.430468 9.98917E-05 9.98917E-05 9.98917E-05 0.0682145 0.0166588 9.98917E-05 9.98917E-05 9.98917E-05 9.98917E-05 0.0153588 9.98917E-05 9.98917E-05 9.98917E-05 9.98917E-05 0.0738636 0.194509 0.15357
9.98557E-05 9.98557E-05 9.98557E-05 9.98557E-05 0.0389418 0.0765857 9.98557E-05 9.98557E-05 9.98557E-05 9.98557E-05 9.98557E-05 9.98557E-05 0.105883 9.98557E-05 9.98557E-05 9.98557E-05 9.98557E-05 9.98557E-05 9.98557E-05 0.776992
9.9856E-05 9.9856E-05 0.0126035 9.9856E-05 9.9856E-05 9.9856E-05 9.9856E-05 9.9856E-05 9.9856E-05 9.9856E-05 9.9856E-05 0.0867347 9.9856E-05 9.9856E-05 0.000217131 9.9856E-05 9.9856E-05 9.9856E-05 9.9856E-05 0.898847
9.9865E-05 9.9865E-05 0.15766 0.0515844 0.390632 9.9865E-05 9.9865E-05 9.9865E-05 9.9865E-05 0.0329608 9.9865E-05 9.9865E-05 9.9865E-05 9.9865E-05 9.9865E-05 9.9865E-05 9.9865E-05 9.9865E-05 9.9865E-05 0.365665
9.98737E-05 9.98737E-05 9.98737E-05 9.98737E-05 0.174849 0.0534025 9.98737E-05 9.98737E-05 9.98737E-05 9.98737E-05 9.98737E-05 9.98737E-05 0.0383333 0.0512797 9.98737E-05 0.119383 9.98737E-05 9.98737E-05 0.561354 9.98737E-05
9.98466E-05 9.98466E-05 9.98466E-05 9.98466E-05 0.512498 0.080242 9.98466E-05 9.98466E-05 9.98466E-05 9.98466E-05 9.98466E-05 9.98466E-05 9.98466E-05 9.98466E-05 9.98466E-05 9.98466E-05 9.98466E-05 9.98466E-05 9.98466E-05 0.405562
9.98468E-05 9.98468E-05 9.98468E-05 9.98468E-05 0.226814 9.98468E-05 9.98468E-05 9.98468E-05 9.98468E-05 0.217904 9.98468E-05 9.98468E-05 9.98468E-05 9.98468E-05 9.98468E-05 9.98468E-05 9.98468E-05 9.98468E-05 9.98468E-05 0.553585
9.98559E-05 9.98559E-05 9.98559E-05 0.0219326 9.98559E-05 9.98559E-05 9.98559E-05 9.98559E-05 9.98559E-05 9.98559E-05 9.98559E-05 0.116081 9.98559E-05 0.0107095 9.98559E-05 9.98559E-05 9.98559E-05 9.98559E-05 9.98559E-05 0.849679
9.9865E-05 0.0403982 0.0118344 9.9865E-05 9.9865E-05 9.9865E-05 0.0560635 0.123135 9.9865E-05 9.9865E-05 9.9865E-05 9.9865E-05 9.9865E-05 9.9865E-05 9.9865E-05 9.9865E-05 9.9865E-05 9.9865E-05 9.9865E-05 0.767071
9.98558E-05 9.98558E-05 0.0417791 9.98558E-05 0.081464 9.98558E-05 9.98558E-05 0.261538 9.98558E-05 9.98558E-05 9.98558E-05 9.98558E-05 9.98558E-05 9.98558E-05 9.98558E-05 9.98558E-05 9.98558E-05 9.98558E-05 9.98558E-05 0.613622
9.98649E-05 0.0533027 0.0597197 9.98649E-05 9.98649E-05 9.98649E-05 0.0252637 9.98649E-05 9.98649E-05 9.98649E-05 9.98649E-05 9.98649E-05 9.98649E-05 9.98649E-05 0.16557 9.98649E-05 9.98649E-05 9.98649E-05 9.98649E-05 0.694646
9.98557E-05 9.98557E-05 9.98557E-05 9.98557E-05 9.98557E-05 9.98557E-05 0.254004 9.98557E-05 9.98557E-05 0.0142966 9.98557E-05 9.98557E-05 0.0966683 9.98557E-05 9.98557E-05 0.633434 9.98557E-05 9.98557E-05 9.98557E-05 9.98557E-05
9.98649E-05 9.98649E-05 0.0383316 9.98649E-05 0.234857 9.98649E-05 9.98649E-05 9.98649E-05 9.98649E-05 9.98649E-05 0.128829 9.98649E-05 9.98649E-05 0.00349024 9.98649E-05 0.592994 9.98649E-05 9.98649E-05 9.98649E-05 9.98649E-05
9.98739E-05 9.98739E-05 9.98739E-05 9.98739E-05 0.509339 0.0835449 9.98739E-05 9.98739E-05 0.0438272 9.98739E-05 0.00939615 9.98739E-05 9.98739E-05 9.98739E-05 9.98739E-05 0.267932 9.98739E-05 0.0845628 9.98739E-05 9.98739E-05
9.98828E-05 9.98828E-05 0.165983 9.98828E-05 9.98828E-05 9.98828E-05 0.11021 9.98828E-05 9.98828E-05 9.98828E-05 0.0838251 9.98828E-05 9.98828E-05 9.98828E-05 0.239945 0.298714 9.98828E-05 0.00931829 0.0907063 9.98828E-05
9.98737E-05 9.98737E-05 9.98737E-05 9.98737E-05 0.0204594 0.0158723 9.98737E-05 9.98737E-05 9.98737E-05 0.0155562 9.98737E-05 9.98737E-05 0.116332 9.98737E-05 9.98737E-05 0.59824 9.98737E-05 9.98737E-05 9.98737E-05 0.232142
9.98829E-05 9.98829E-05 9.98829E-05 9.98829E-05 0.116662 9.98829E-05 9.98829E-05 0.0541955 0.0849294 9.98829E-05 9.98829E-05 9.98829E-05 9.98829E-05 0.0257032 9.98829E-05 0.623739 0.07846 9.98829E-05 9.98829E-05 0.0150125
9.98469E-05 0.110305 9.98469E-05 9.98469E-05 9.98469E-05 9.98469E-05 9.98469E-05 9.98469E-05 9.98469E-05 9.98469E-05 9.98469E-05 9.98469E-05 9.98469E-05 9.98469E-05 0.171044 9.98469E-05 9.98469E-05 9.98469E-05 0.716954 9.98469E-05
0.170454 0.087935 9.98739E-05 0.0269898 9.98739E-05 9.98739E-05 0.35361 0.0282766 9.98739E-05 9.98739E-05 9.98739E-05 9.98739E-05 9.98739E-05 9.98739E-05 9.98739E-05 0.331337 9.98739E-05 9.98739E-05 9.98739E-05 9.98739E-05
9.98738E-05 9.98738E-05 9.98738E-05 9.98738E-05 0.497278 0.0630855 9.98738E-05 9.98738E-05 9.98738E-05 0.0421193 9.98738E-05 9.98738E-05 9.98738E-05 0.0127319 9.98738E-05 0.339423 9.98738E-05 9.98738E-05 9.98738E-05 0.0439639
9.98648E-05 9.98648E-05 9.98648E-05 9.98648E-05 9.98648E-05 9.98648E-05 0.189766 0.00140791 9.98648E-05 9.98648E-05 9.98648E-05 9.98648E-05 0.143661 9.98648E-05 9.98648E-05 0.64681 9.98648E-05 0.0168578 9.98648E-05 9.98648E-05
9.98378E-05 9.98378E-05 9.98378E-05 9.98378E-05 9.98378E-05 9.98378E-05 9.98378E-05 9.98378E-05 9.98378E-05 9.98378E-05 0.684634 9.98378E-05 9.98378E-05 9.98378E-05 9.98378E-05 0.313569 9.98378E-05 9.98378E-05 9.98378E-05 9.98378E-05
0.206927 9.98829E-05 0.0251137 9.98829E-05 9.98829E-05 9.98829E-05 0.219627 0.0114003 9.98829E-05 9.98829E-05 9.98829E-05 9.98829E-05 9.98829E-05 9.98829E-05 0.000561487 0.503715 9.98829E-05 0.0313562 9.98829E-05 9.98829E-05
9.98648E-05 9.98648E-05 0.0569705 9.98648E-05 0.076753 9.98648E-05 0.0108828 9.98648E-05 9.98648E-05 9.98648E-05 0.220037 9.98648E-05 9.98648E-05 9.98648E-05 9.98648E-05 0.633859 9.98648E-05 9.98648E-05 9.98648E-05 9.98648E-05
9.98467E-05 9.98467E-05 0.464676 9.98467E-05 9.98467E-05 9.98467E-05 9.98467E-05 9.98467E-05 9.98467E-05 9.98467E-05 9.98467E-05 0.0251732 9.98467E-05 9.98467E-05 9.98467E-05 0.508453 9.98467E-05 9.98467E-05 9.98467E-05 9.98467E-05
9.99008E-05 0.0337254 9.99008E-05 0.0460162 0.0026914 9.99008E-05 0.185477 0.233557 0.0352214 9.99008E-05 9.99008E-05 9.99008E-05 9.99008E-05 9.99008E-05 9.99008E-05 0.132993 9.99008E-05 9.99008E-05 0.250302 0.0789164
9.98739E-05 9.98739E-05 9.98739E-05 0.268257 9.98739E-05 9.98739E-05 0.0577173 0.207626 9.98739E-05 9.98739E-05 9.98739E-05 9.98739E-05 9.98739E-05 9.98739E-05 9.98739E-05 0.387933 9.98739E-05 0.0249258 0.0521418 9.98739E-05
9.98828E-05 0.0757157 0.377171 9.98828E-05 9.98828E-05 9.98828E-05 0.0500455 9.98828E-05 9.98828E-05 9.98828E-05 9.98828E-05 9.98828E-05 9.98828E-05 9.98828E-05 0.164708 0.16353 9.98828E-05 0.0340743 0.133456 9.98828E-05
9.98649E-05 0.0102001 9.98649E-05 0.0102181 9.98649E-05 9.98649E-05 9.98649E-05 9.98649E-05 9.98649E-05 9.98649E-05 9.98649E-05 9.98649E-05 9.98649E-05 9.98649E-05 0.434752 9.98649E-05 9.98649E-05 0.180062 9.98649E-05 0.36327
9.98917E-05 9.98917E-05 9.98917E-05 9.98917E-05 0.133962 0.0378612 0.120532 9.98917E-05 9.98917E-05 9.98917E-05 9.98917E-05 9.98917E-05 0.100268 0.0209958 9.98917E-05 0.550528 9.98917E-05 0.00107565 0.0335789 9.98917E-05
9.98738E-05 9.98738E-05 0.177713 9.98738E-05 9.98738E-05 9.98738E-05 0.116683 9.98738E-05 9.98738E-05 9.98738E-05 0.0981391 0.0391275 9.98738E-05 9.98738E-05 9.98738E-05 0.267876 9.98738E-05 0.299063 9.98738E-05 9.98738E-05
9.98557E-05 9.98557E-05 9.98557E-05 9.98557E-05 9.98557E-05 0.104931 9.98557E-05 9.98557E-05 9.98557E-05 9.98557E-05 0.106294 9.98557E-05 9.98557E-05 9.98557E-05 9.98557E-05 0.762594 9.98557E-05 0.0245836 9.98557E-05 9.98557E-05
9.98557E-05 9.98557E-05 0.0906106 9.98557E-05 9.98557E-05 9.98557E-05 0.564569 9.98557E-05 9.98557E-05 9.98557E-05 9.98557E-05 9.98557E-05 0.0350405 9.98557E-05 9.98557E-05 0.308182 9.98557E-05 9.98557E-05 9.98557E-05 9.98557E-05
9.98827E-05 9.98827E-05 9.98827E-05 9.98827E-05 9.98827E-05 9.98827E-05 0.343619 0.0269432 9.98827E-05 0.0474136 9.98827E-05 9.98827E-05 0.0487357 9.98827E-05 9.98827E-05 0.319532 9.98827E-05 9.98827E-05 0.180243 0.0322159
0.104183 0.0426538 9.98918E-05 0.0360523 9.98918E-05 9.98918E-05 0.214443 0.0622502 9.98918E-05 9.98918E-05 9.98918E-05 9.98918E-05 9.98918E-05 9.98918E-05 9.98918E-05 0.509877 9.98918E-05 0.0149559 0.0143858 9.98918E-05
9.98558E-05 9.98558E-05 9.98558E-05 9.98558E-05 0.395864 9.98558E-05 0.0662944 9.98558E-05 9.98558E-05 9.98558E-05 9.98558E-05 9.98558E-05 9.98558E-05 0.175909 9.98558E-05 9.98558E-05 9.98558E-05 9.98558E-05 0.360335 9.98558E-05
9.98559E-05 9.98559E-05 9.98559E-05 9.98559E-05 0.0415388 9.98559E-05 0.620456 9.98559E-05 9.98559E-05 9.98559E-05 9.98559E-05 9.98559E-05 9.98559E-05 9.98559E-05 0.304068 9.98559E-05 9.98559E-05 9.98559E-05 9.98559E-05 0.0323403
9.98828E-05 9.98828E-05 9.98828E-05 9.98828E-05 0.352924 0.00830772 0.242953 9.98828E-05 9.98828E-05 0.00492262 9.98828E-05 9.98828E-05 9.98828E-05 9.98828E-05 9.98828E-05 0.0114607 0.246583 0.131551 9.98828E-05 9.98828E-05
0.0110994 9.98918E-05 9.98918E-05 9.98918E-05 9.98918E-05 9.98918E-05 0.0436206 0.112405 9.98918E-05 0.0514209 9.98918E-05 0.135103 9.98918E-05 9.98918E-05 9.98918E-05 0.0980944 9.98918E-05 9.98918E-05 0.49411 0.0529484
0.0363625 9.98469E-05 0.0571955 9.98469E-05 9.98469E-05 9.98469E-05 0.904745 9.98469E-05 9.98469E-05 9.98469E-05 9.98469E-05 9.98469E-05 9.98469E-05 9.98469E-05 9.98469E-05 9.98469E-05 9.98469E-05 9.98469E-05 9.98469E-05 9.98469E-05
9.9865E-05 9.9865E-05 0.0262157 9.9865E-05 0.0401334 9.9865E-05 0.773609 0.138349 9.9865E-05 9.9865E-05 0.020195 9.9865E-05 9.9865E-05 9.9865E-05 9.9865E-05 9.9865E-05 9.9865E-05 9.9865E-05 9.9865E-05 9.9865E-05
9.98466E-05 9.98466E-05 9.98466E-05 9.98466E-05 9.98466E-05 9.98466E-05 9.98466E-05 9.98466E-05 9.98466E-05 0.0398595 9.98466E-05 9.98466E-05 9.98466E-05 9.98466E-05 9.98466E-05 9.98466E-05 0.071567 9.98466E-05 0.886876 9.98466E-05
9.98557E-05 9.98557E-05 9.98557E-05 9.98557E-05 0.23089 9.98557E-05 9.98557E-05 9.98557E-05 9.98557E-05 9.98557E-05 9.98557E-05 9.98557E-05 0.204272 9.98557E-05 9.98557E-05 9.98557E-05 9.98557E-05 9.98557E-05 0.495994 0.0672472
9.98557E-05 9.98557E-05 9.98557E-05 9.98557E-05 0.331059 0.00919974 9.98557E-05 9.98557E-05 9.98557E-05 9.98557E-05 0.205852 9.98557E-05 9.98557E-05 9.98557E-05 9.98557E-05 9.98557E-05 9.98557E-05 9.98557E-05 0.452292 9.98557E-05
9.98647E-05 9.98647E-05 9.98647E-05 9.98647E-05 0.615484 9.98647E-05 0.186582 9.98647E-05 9.98647E-05 9.98647E-05 9.98647E-05 9.98647E-05 9.98647E-05 9.98647E-05 9.98647E-05 0.0445081 0.150209 0.00171928 9.98647E-05 9.98647E-05
0.108428 0.00681188 0.0475502 9.98739E-05 9.98739E-05 9.98739E-05 0.00397137 9.98739E-05 9.98739E-05 9.98739E-05 9.98739E-05 9.98739E-05 9.98739E-05 9.98739E-05 0.168925 9.98739E-05 9.98739E-05 9.98739E-05 9.98739E-05 0.662915
9.98735E-05 9.98735E-05 9.98735E-05 9.98735E-05 0.370094 0.0740333 0.355212 9.98735E-05 9.98735E-05 0.0188397 9.98735E-05 9.98735E-05 9.98735E-05 0.0471083 9.98735E-05 0.133315 9.98735E-05 9.98735E-05 9.98735E-05 9.98735E-05
9.98648E-05 9.98648E-05 9.98648E-05 9.98648E-05 9.98648E-05 9.98648E-05 0.521209 0.00361004 9.98648E-05 9.98648E-05 9.98648E-05 9.98648E-05 0.0215288 0.00266102 9.98648E-05 9.98648E-05 9.98648E-05 9.98648E-05 0.449493 9.98648E-05
9.98649E-05 0.0772956 9.98649E-05 0.1244 9.98649E-05 9.98649E-05 9.98649E-05 9.98649E-05 9.98649E-05 9.98649E-05 9.98649E-05 0.0877848 9.98649E-05 9.98649E-05 9.98649E-05 9.98649E-05 9.98649E-05 9.98649E-05 0.689947 0.0190747
9.98557E-05 9.98557E-05 9.98557E-05 9.98557E-05 0.190078 0.116458 9.98557E-05 9.98557E-05 9.98557E-05 9.98557E-05 9.98557E-05 9.98557E-05 9.98557E-05 9.98557E-05 9.98557E-05 9.98557E-05 0.0766284 9.98557E-05 9.98557E-05 0.615238
0.0214843 9.98468E-05 9.98468E-05 9.98468E-05 0.889291 9.98468E-05 9.98468E-05 9.98468E-05 9.98468E-05 9.98468E-05 9.98468E-05 0.0875275 9.98468E-05 9.98468E-05 9.98468E-05 9.98468E-05 9.98468E-05 9.98468E-05 9.98468E-05 9.98468E-05
9.98647E-05 9.98647E-05 9.98647E-05 9.98647E-05 0.316593 0.00913948 9.98647E-05 9.98647E-05 9.98647E-05 0.0893984 9.98647E-05 9.98647E-05 9.98647E-05 9.98647E-05 9.98647E-05 0.00851616 9.98647E-05 9.98647E-05 9.98647E-05 0.574855
9.98648E-05 9.98648E-05 9.98648E-05 9.98648E-05 0.14248 9.98648E-05 9.98648E-05 9.98648E-05 9.98648E-05 9.98648E-05 9.98648E-05 9.98648E-05 0.281531 9.98648E-05 9.98648E-05 9.98648E-05 9.98648E-05 0.074146 0.326025 0.174321
9.98919E-05 9.98919E-05 0.0184941 9.98919E-05 0.351547 9.98919E-05 0.0344231 9.98919E-05 9.98919E-05 9.98919E-05 0.435893 9.98919E-05 0.0307857 9.98919E-05 9.98919E-05 0.0101975 9.98919E-05 9.98919E-05 0.0641899 0.0532718
9.98829E-05 9.98829E-05 9.98829E-05 9.98829E-05 0.116385 9.98829E-05 0.284968 9.98829E-05 9.98829E-05 9.98829E-05 9.98829E-05 0.221911 9.98829E-05 9.98829E-05 0.0545962 0.109608 9.98829E-05 0.00693438 9.98829E-05 0.2043
9.98559E-05 9.98559E-05 9.98559E-05 9.98559E-05 0.0903448 9.98559E-05 0.281247 9.98559E-05 9.98559E-05 9.98559E-05 9.98559E-05 0.195664 9.98559E-05 9.98559E-05 9.98559E-05 0.431146 9.98559E-05 9.98559E-05 9.98559E-05 9.98559E-05
9.9874E-05 9.9874E-05 0.131617 9.9874E-05 0.0487787 9.9874E-05 9.9874E-05 9.9874E-05 9.9874E-05 9.9874E-05 9.9874E-05 0.288045 9.9874E-05 9.9874E-05 9.9874E-05 0.370656 9.9874E-05 0.0959816 9.9874E-05 0.0635231
9.98647E-05 9.98647E-05 9.98647E-05 9.98647E-05 0.375696 0.0900462 0.25368 9.98647E-05 9.98647E-05 9.98647E-05 9.98647E-05 9.98647E-05 9.98647E-05 9.98647E-05 9.98647E-05 0.255078 0.0240024 9.98647E-05 9.98647E-05 9.98647E-05
9.98737E-05 9.98737E-05 0.0964654 9.98737E-05 9.98737E-05 9.98737E-05 0.417092 9.98737E-05 9.98737E-05 9.98737E-05 9.98737E-05 9.98737E-05 0.180825 9.98737E-05 9.98737E-05 0.224966 9.98737E-05 9.98737E-05 0.0125485 0.0667047
9.98649E-05 0.0569903 9.98649E-05 9.98649E-05 9.98649E-05 9.98649E-05 0.84052 9.98649E-05 9.98649E-05 9.98649E-05 9.98649E-05 0.0155505 9.98649E-05 9.98649E-05 9.98649E-05 9.98649E-05 9.98649E-05 0.0305447 0.0548964 9.98649E-05
9.98647E-05 9.98647E-05 9.98647E-05 9.98647E-05 9.98647E-05 0.118748 9.98647E-05 9.98647E-05 9.98647E-05 0.0401948 9.98647E-05 9.98647E-05 0.00213809 9.98647E-05 9.98647E-05 9.98647E-05 9.98647E-05 0.651066 9.98647E-05 0.186355
9.98557E-05 9.98557E-05 9.98557E-05 9.98557E-05 0.0855192 9.98557E-05 9.98557E-05 9.98557E-05 9.98557E-05 9.98557E-05 9.98557E-05 9.98557E-05 9.98557E-05 9.98557E-05 9.98557E-05 0.2831 0.199297 0.430486 9.98557E-05 9.98557E-05
0.161115 9.98558E-05 9.98558E-05 9.98558E-05 9.98558E-05 9.98558E-05 9.98558E-05 9.98558E-05 9.98558E-05 9.98558E-05 9.98558E-05 9.98558E-05 9.98558E-05 9.98558E-05 9.98558E-05 9.98558E-05 9.98558E-05 0.517898 0.143101 0.176289
9.98647E-05 9.98647E-05 9.98647E-05 9.98647E-05 0.000254493 9.98647E-05 0.00625524 9.98647E-05 9.98647E-05 9.98647E-05 9.98647E-05 9.98647E-05 9.98647E-05 9.98647E-05 9.98647E-05 0.224409 0.214086 0.553498 9.98647E-05 9.98647E-05
9.98557E-05 9.98557E-05 9.98557E-05 9.98557E-05 0.0656996 9.98557E-05 9.98557E-05 9.98557E-05 9.98557E-05 9.98557E-05 9.98557E-05 9.98557E-05 9.98557E-05 9.98557E-05 9.98557E-05 0.0198164 0.108911 0.803975 9.98557E-05 9.98557E-05
0.197122 0.0300539 0.0522101 9.98647E-05 9.98647E-05 9.98647E-05 0.058396 9.98647E-05 9.98647E-05 9.98647E-05 9.98647E-05 9.98647E-05 9.98647E-05 9.98647E-05 9.98647E-05 9.98647E-05 9.98647E-05 0.66072 9.98647E-05 9.98647E-05
9.98648E-05 9.98648E-05 9.98648E-05 9.98648E-05 0.0231155 9.98648E-05 0.207971 9.98648E-05 9.98648E-05 0.186344 9.98648E-05 9.98648E-05 9.98648E-05 9.98648E-05 9.98648E-05 0.21696 9.98648E-05 0.364112 9.98648E-05 9.98648E-05
9.98558E-05 9.98558E-05 9.98558E-05 9.98558E-05 9.98558E-05 9.98558E-05 9.98558E-05 9.98558E-05 9.98558E-05 0.00535973 9.98558E-05 9.98558E-05 0.0742668 9.98558E-05 9.98558E-05 0.0756413 9.98558E-05 0.843134 9.98558E-05 9.98558E-05
9.98468E-05 9.98468E-05 9.98468E-05 9.98468E-05 9.98468E-05 9.98468E-05 0.00669744 9.98468E-05 9.98468E-05 9.98468E-05 0.453363 9.98468E-05 9.98468E-05 0.538243 9.98468E-05 9.98468E-05 9.98468E-05 9.98468E-05 9.98468E-05 9.98468E-05
0.00326828 9.9892E-05 9.9892E-05 9.9892E-05 0.0121029 9.9892E-05 9.9892E-05 9.9892E-05 9.9892E-05 9.9892E-05 0.22805 9.9892E-05 0.146506 0.467021 9.9892E-05 0.097498 0.0352536 9.9892E-05 9.9892E-05 0.00910206
9.98739E-05 9.98739E-05 0.141124 9.98739E-05 9.98739E-05 9.98739E-05 9.98739E-05 9.98739E-05 9.98739E-05 9.98739E-05 0.0585509 9.98739E-05 0.00874355 0.693964 0.0840843 0.0121356 9.98739E-05 9.98739E-05 9.98739E-05 9.98739E-05
0.382515 9.9856E-05 9.9856E-05 0.0266378 9.9856E-05 9.9856E-05 9.9856E-05 9.9856E-05 9.9856E-05 9.9856E-05 9.9856E-05 9.9856E-05 9.9856E-05 0.58749 9.9856E-05 9.9856E-05 9.9856E-05 0.00175946 9.9856E-05 9.9856E-05
9.98558E-05 9.98558E-05 9.98558E-05 9.98558E-05 9.98558E-05 0.094304 9.98558E-05 9.98558E-05 0.0625532 9.98558E-05 0.215372 9.98558E-05 9.98558E-05 0.626174 9.98558E-05 9.98558E-05 9.98558E-05 9.98558E-05 9.98558E-05 9.98558E-05
0.0949775 0.0213768 0.0252746 0.022777 9.99098E-05 9.99098E-05 0.0136771 0.00322368 9.99098E-05 0.501458 9.99098E-05 9.99098E-05 9.99098E-05 0.241372 0.0332582 9.99098E-05 9.99098E-05 9.99098E-05 0.0416059 9.99098E-05
9.98557E-05 0.00404817 9.98557E-05 9.98557E-05 9.98557E-05 0.0372853 9.98557E-05 9.98557E-05 9.98557E-05 9.98557E-05 9.98557E-05 9.98557E-05 9.98557E-05 0.497702 9.98557E-05 9.98557E-05 0.459366 9.98557E-05 9.98557E-05 9.98557E-05
9.98378E-05 9.98378E-05 9.98378E-05 9.98378E-05 9.98378E-05 9.98378E-05 9.98378E-05 9.98378E-05 9.98378E-05 9.98378E-05 0.337243 9.98378E-05 9.98378E-05 0.66096 9.98378E-05 9.98378E-05 9.98378E-05 9.98378E-05 9.98378E-05 9.98378E-05
9.98649E-05 9.98649E-05 9.98649E-05 9.98649E-05 9.98649E-05 0.0466435 9.98649E-05 9.98649E-05 9.98649E-05 9.98649E-05 9.98649E-05 9.98649E-05 0.29634 0.606657 9.98649E-05 9.98649E-05 0.0193868 9.98649E-05 0.0294751 9.98649E-05
9.98827E-05 0.0822175 0.214552 9.98827E-05 9.98827E-05 9.98827E-05 0.0639345 0.143121 9.98827E-05 9.98827E-05 9.98827E-05 9.98827E-05 0.0166271 0.467229 9.98827E-05 9.98827E-05 9.98827E-05 9.98827E-05 9.98827E-05 0.0110209
9.98468E-05 9.98468E-05 9.98468E-05 9.98468E-05 9.98468E-05 9.98468E-05 9.98468E-05 9.98468E-05 0.143623 9.98468E-05 0.692302 9.98468E-05 9.98468E-05 0.162377 9.98468E-05 9.98468E-05 9.98468E-05 9.98468E-05 9.98468E-05 9.98468E-05
9.98739E-05 0.0168564 9.98739E-05 9.98739E-05 9.98739E-05 9.98739E-05 0.0507878 0.398545 0.0722539 9.98739E-05 9.98739E-05 9.98739E-05 9.98739E-05 0.434007 9.98739E-05 9.98739E-05 0.026152 9.98739E-05 9.98739E-05 9.98739E-05
9.98559E-05 9.98559E-05 9.98559E-05 9.98559E-05 0.0339275 0.151129 9.98559E-05 9.98559E-05 9.98559E-05 9.98559E-05 0.0252192 9.98559E-05 9.98559E-05 0.788127 9.98559E-05 9.98559E-05 9.98559E-05 9.98559E-05 9.98559E-05 9.98559E-05
9.98918E-05 9.98918E-05 9.98918E-05 9.98918E-05 9.98918E-05 9.98918E-05 0.0151163 0.114602 9.98918E-05 0.158743 9.98918E-05 0.0153015 0.167044 0.500638 9.98918E-05 9.98918E-05 9.98918E-05 0.00524873 0.0221086 9.98918E-05
9.98828E-05 9.98828E-05 0.124012 9.98828E-05 9.98828E-05 0.0241043 9.98828E-05 9.98828E-05 9.98828E-05 0.0114383 0.0207541 9.98828E-05 0.385302 0.431212 9.98828E-05 9.98828E-05 9.98828E-05 9.98828E-05 9.98828E-05 0.00187921
9.98738E-05 0.0136506 9.98738E-05 9.98738E-05 9.98738E-05 0.188121 9.98738E-05 9.98738E-05 9.98738E-05 0.352375 9.98738E-05 9.98738E-05 9.98738E-05 0.319965 9.98738E-05 9.98738E-05 0.0974957 9.98738E-05 9.98738E-05 0.0269945
0.125086 0.149087 9.98647E-05 9.98647E-05 9.98647E-05 9.98647E-05 0.0828505 9.98647E-05 9.98647E-05 9.98647E-05 9.98647E-05 0.18733 9.98647E-05 0.454149 9.98647E-05 9.98647E-05 9.98647E-05 9.98647E-05 9.98647E-05 9.98647E-05
9.98648E-05 0.0166601 0.0577042 9.98648E-05 9.98648E-05 9.98648E-05 9.98648E-05 9.98648E-05 9.98648E-05 9.98648E-05 9.98648E-05 0.0725643 9.98648E-05 0.326203 0.52537 9.98648E-05 9.98648E-05 9.98648E-05 9.98648E-05 9.98648E-05
9.98649E-05 9.98649E-05 9.98649E-05 9.98649E-05 0.13739 9.98649E-05 9.98649E-05 9.98649E-05 9.98649E-05 9.98649E-05 9.98649E-05 9.98649E-05 0.429026 0.404742 9.98649E-05 0.027219 9.98649E-05 9.98649E-05 9.98649E-05 0.000125169
9.98648E-05 9.98648E-05 9.98648E-05 9.98648E-05 0.0735923 0.080869 9.98648E-05 9.98648E-05 9.98648E-05 0.045272 9.98648E-05 9.98648E-05 9.98648E-05 0.764642 9.98648E-05 9.98648E-05 0.0341265 9.98648E-05 9.98648E-05 9.98648E-05
0.043229 9.98738E-05 0.111093 9.98738E-05 9.98738E-05 9.98738E-05 9.98738E-05 0.026739 9.98738E-05 9.98738E-05 9.98738E-05 9.98738E-05 0.323912 0.481926 9.98738E-05 9.98738E-05 9.98738E-05 9.98738E-05 9.98738E-05 0.0117025
9.98467E-05 9.98467E-05 0.267508 9.98467E-05 9.98467E-05 9.98467E-05 9.98467E-05 9.98467E-05 9.98467E-05 9.98467E-05 9.98467E-05 0.21834 9.98467E-05 0.512455 9.98467E-05 9.98467E-05 9.98467E-05 9.98467E-05 9.98467E-05 9.98467E-05
0.300276 0.0138472 0.134604 9.99008E-05 9.99008E-05 9.99008E-05 0.0733232 0.0619199 0.0789625 0.243855 9.99008E-05 0.0623273 0.0297863 9.99008E-05 9.99008E-05 9.99008E-05 9.99008E-05 9.99008E-05 9.99008E-05 9.99008E-05
9.98648E-05 0.00469091 9.98648E-05 9.98648E-05 9.98648E-05 9.98648E-05 9.98648E-05 9.98648E-05 0.71898 0.0472734 9.98648E-05 9.98648E-05 9.98648E-05 9.98648E-05 9.98648E-05 9.98648E-05 0.212131 0.0154268 9.98648E-05 9.98648E-05
0.0289664 0.00763789 9.98739E-05 9.98739E-05 9.98739E-05 9.98739E-05 9.98739E-05 9.98739E-05 9.98739E-05 0.184932 0.0173044 0.204309 9.98739E-05 9.98739E-05 0.555452 9.98739E-05 9.98739E-05 9.98739E-05 9.98739E-05 9.98739E-05
9.98918E-05 9.98918E-05 0.0244744 9.98918E-05 0.00618557 0.329326 9.98918E-05 9.98918E-05 0.020105 0.552973 9.98918E-05 0.000677199 0.042225 0.0228352 9.98918E-05 9.98918E-05 9.98918E-05 9.98918E-05 9.98918E-05 9.98918E-05
9.98556E-05 9.98556E-05 9.98556E-05 9.98556E-05 0.118542 0.0210357 9.98556E-05 9.98556E-05 0.58918 9.98556E-05 0.269644 9.98556E-05 9.98556E-05 9.98556E-05 9.98556E-05 9.98556E-05 9.98556E-05 9.98556E-05 9.98556E-05 9.98556E-05
9.98738E-05 0.202128 9.98738E-05 9.98738E-05 9.98738E-05 9.98738E-05 9.98738E-05 0.302432 0.0244911 0.142619 9.98738E-05 0.279315 9.98738E-05 9.98738E-05 0.0476158 9.98738E-05 9.98738E-05 9.98738E-05 9.98738E-05 9.98738E-05
9.98558E-05 9.98558E-05 0.0022358 9.98558E-05 9.98558E-05 9.98558E-05 9.98558E-05 0.196561 0.795042 9.98558E-05 9.98558E-05 9.98558E-05 9.98558E-05 9.98558E-05 9.98558E-05 9.98558E-05 9.98558E-05 9.98558E-05 9.98558E-05 0.00456351
0.0100198 9.99009E-05 9.99009E-05 9.99009E-05 0.00996065 9.99009E-05 0.0767659 9.99009E-05 9.99009E-05 0.537994 9.99009E-05 0.136714 0.137863 9.99009E-05 9.99009E-05 0.020452 0.0391705 0.0299613 9.99009E-05 9.99009E-05
9.98739E-05 9.98739E-05 0.00255701 0.0110838 9.98739E-05 9.98739E-05 9.98739E-05 9.98739E-05 0.664097 9.98739E-05 9.98739E-05 0.2934 9.98739E-05 9.98739E-05 0.00655068 9.98739E-05 9.98739E-05 9.98739E-05 9.98739E-05 0.0209131
9.98738E-05 9.98738E-05 9.98738E-05 9.98738E-05 0.225285 0.222782 9.98738E-05 9.98738E-05 0.205671 0.0558507 9.98738E-05 0.101688 9.98738E-05 9.98738E-05 9.98738E-05 9.98738E-05 0.187326 9.98738E-05 9.98738E-05 9.98738E-05
0.147235 9.98918E-05 9.98918E-05 0.117819 9.98918E-05 9.98918E-05 0.0488718 0.220694 0.0628961 0.026251 9.98918E-05 0.269186 0.105849 9.98918E-05 9.98918E-05 9.98918E-05 9.98918E-05 9.98918E-05 9.98918E-05 9.98918E-05
9.98469E-05 9.98469E-05 0.0592247 9.98469E-05 9.98469E-05 9.98469E-05 9.98469E-05 9.98469E-05 0.57835 9.98469E-05 9.98469E-05 9.98469E-05 9.98469E-05 9.98469E-05 0.360728 9.98469E-05 9.98469E-05 9.98469E-05 9.98469E-05 9.98469E-05
9.98557E-05 9.98557E-05 9.98557E-05 9.98557E-05 0.179012 9.98557E-05 9.98557E-05 9.98557E-05 0.516658 9.98557E-05 0.225394 9.98557E-05 9.98557E-05 9.98557E-05 9.98557E-05 9.98557E-05 0.077338 9.98557E-05 9.98557E-05 9.98557E-05
0.242119 0.315815 9.98807E-05 9.98807E-05 9.98807E-05 9.98807E-05 9.98807E-05 0.212703 9.98807E-05 0.0856897 9.98807E-05 0.142175 9.98807E-05 9.98807E-05 9.98807E-05 9.98807E-05 9.98807E-05 9.98807E-05 9.98807E-05 9.98807E-05
9.98648E-05 0.115109 9.98648E-05 0.239368 9.98648E-05 9.98648E-05 0.0441877 9.98648E-05 0.384525 9.98648E-05 9.98648E-05 0.215312 9.98648E-05 9.98648E-05 9.98648E-05 9.98648E-05 9.98648E-05 9.98648E-05 9.98648E-05 9.98648E-05
9.98738E-05 0.199799 9.98738E-05 9.98738E-05 9.98738E-05 9.98738E-05 9.98738E-05 0.0851707 9.98738E-05 0.192287 9.98738E-05 0.497342 9.98738E-05 9.98738E-05 0.00204383 9.98738E-05 0.0219591 9.98738E-05 9.98738E-05 9.98738E-05
9.98558E-05 9.98558E-05 9.98558E-05 9.98558E-05 0.128418 0.263211 9.98558E-05 9.98558E-05 0.483917 9.98558E-05 0.122857 9.98558E-05 9.98558E-05 9.98558E-05 9.98558E-05 9.98558E-05 9.98558E-05 9.98558E-05 9.98558E-05 9.98558E-05
0.0432608 9.98737E-05 9.98737E-05 0.168957 9.98737E-05 9.98737E-05 9.98737E-05 9.98737E-05 0.128289 9.98737E-05 9.98737E-05 0.620769 9.98737E-05 9.98737E-05 0.0202912 9.98737E-05 9.98737E-05 0.0170347 9.98737E-05 9.98737E-05
0.35865 0.0138572 9.98739E-05 9.98739E-05 9.98739E-05 9.98739E-05 9.98739E-05 0.282641 9.98739E-05 0.111102 9.98739E-05 0.0778317 0.15452 9.98739E-05 9.98739E-05 9.98739E-05 9.98739E-05 9.98739E-05 9.98739E-05 9.98739E-05
0.0406954 9.98918E-05 9.98918E-05 9.98918E-05 9.98918E-05 0.0650806 9.98918E-05 0.00352455 0.147074 0.679925 9.98918E-05 9.98918E-05 9.98918E-05 9.98918E-05 9.98918E-05 9.98918E-05 9.98918E-05 0.0443158 0.00234933 0.0158367
9.98467E-05 9.98467E-05 0.714357 9.98467E-05 9.98467E-05 9.98467E-05 9.98467E-05 9.98467E-05 9.98467E-05 0.281145 9.98467E-05 9.98467E-05 9.98467E-05 9.98467E-05 9.98467E-05 9.98467E-05 0.00280134 9.98467E-05 9.98467E-05 9.98467E-05
9.99099E-05 0.0406971 0.205588 9.99099E-05 0.00171469 0.057984 9.99099E-05 9.99099E-05 0.0515302 0.216334 9.99099E-05 0.34899 9.99099E-05 9.99099E-05 0.0528744 9.99099E-05 9.99099E-05 0.00327993 9.99099E-05 0.0200085
9.98647E-05 9.98647E-05 9.98647E-05 9.98647E-05 0.103586 0.390101 9.98647E-05 9.98647E-05 0.492836 0.00554598 0.00643262 9.98647E-05 9.98647E-05 9.98647E-05 9.98647E-05 9.98647E-05 9.98647E-05 9.98647E-05 9.98647E-05 9.98647E-05
9.99008E-05 9.99008E-05 9.99008E-05 0.378078 9.99008E-05 9.99008E-05 9.99008E-05 0.0585166 9.99008E-05 0.259549 0.0451986 0.146385 9.99008E-05 9.99008E-05 9.99008E-05 0.0122787 0.0548759 9.99008E-05 0.0101124 0.0339071
0.0323737 9.98736E-05 9.98736E-05 9.98736E-05 9.98736E-05 9.98736E-05 9.98736E-05 9.98736E-05 0.619293 0.226224 9.98736E-05 9.98736E-05 0.0877556 9.98736E-05 9.98736E-05 9.98736E-05 9.98736E-05 0.0170907 0.0158649 9.98736E-05
9.98829E-05 9.98829E-05 9.98829E-05 9.98829E-05 0.0964459 0.323212 9.98829E-05 9.98829E-05 0.0774844 0.142392 9.98829E-05 9.98829E-05 0.101894 0.215166 9.98829E-05 9.98829E-05 9.98829E-05 9.98829E-05 0.0421071 9.98829E-05
0.0608365 9.99098E-05 9.99098E-05 0.170018 9.99098E-05 0.0554489 9.99098E-05 0.000301601 9.99098E-05 9.99098E-05 9.99098E-05 0.522824 9.99098E-05 0.110399 9.99098E-05 0.00488375 9.99098E-05 0.0041842 0.0628371 0.00726757
9.98559E-05 9.98559E-05 0.187956 0.0983412 9.98559E-05 9.98559E-05 0.00521904 9.98559E-05 9.98559E-05 9.98559E-05 9.98559E-05 9.98559E-05 0.706886 9.98559E-05 9.98559E-05 9.98559E-05 9.98559E-05 9.98559E-05 9.98559E-05 9.98559E-05
9.9883E-05 0.0349667 0.0374359 9.9883E-05 0.0906081 0.210317 9.9883E-05 9.9883E-05 9.9883E-05 9.9883E-05 0.529679 9.9883E-05 9.9883E-05 9.9883E-05 9.9883E-05 9.9883E-05 0.0898143 9.9883E-05 9.9883E-05 0.00588104
9.99008E-05 0.00164551 9.99008E-05 9.99008E-05 9.99008E-05 0.10675 9.99008E-05 9.99008E-05 0.166655 0.146677 9.99008E-05 9.99008E-05 0.309179 0.0440958 9.99008E-05 9.99008E-05 0.13153 0.00455227 0.0878153 9.99008E-05
0.0509494 9.98918E-05 9.98918E-05 9.98918E-05 9.98918E-05 0.502181 9.98918E-05 0.040973 9.98918E-05 0.131202 9.98918E-05 9.98918E-05 9.98918E-05 0.138723 9.98918E-05 0.0550014 0.0717909 9.98918E-05 9.98918E-05 0.00798035
9.98828E-05 9.98828E-05 0.119925 9.98828E-05 9.98828E-05 0.195257 0.0168135 0.435319 0.126539 9.98828E-05 9.98828E-05 9.98828E-05 0.0923859 9.98828E-05 9.98828E-05 9.98828E-05 9.98828E-05 9.98828E-05 9.98828E-05 0.0124621
9.98738E-05 9.98738E-05 9.98738E-05 9.98738E-05 9.98738E-05 0.793033 9.98738E-05 9.98738E-05 9.98738E-05 0.105613 0.0205868 0.0181131 9.98738E-05 0.0502712 9.98738E-05 9.98738E-05 0.0109845 9.98738E-05 9.98738E-05 9.98738E-05
9.98827E-05 0.114196 9.98827E-05 0.0204909 9.98827E-05 9.98827E-05 9.98827E-05 0.126004 9.98827E-05 0.0793176 9.98827E-05 0.518196 0.0133117 9.98827E-05 0.127185 9.98827E-05 9.98827E-05 9.98827E-05 9.98827E-05 9.98827E-05
9.98648E-05 9.98648E-05 9.98648E-05 9.98648E-05 9.98648E-05 0.805881 9.98648E-05 9.98648E-05 9.98648E-05 0.0887638 9.98648E-05 0.0420713 0.0134401 0.0483459 9.98648E-05 9.98648E-05 9.98648E-05 9.98648E-05 9.98648E-05 9.98648E-05
9.98919E-05 9.98919E-05 0.186829 0.0875598 9.98919E-05 0.108775 9.98919E-05 9.98919E-05 0.204619 9.98919E-05 0.0633694 0.0661642 0.0579186 9.98919E-05 0.223566 9.98919E-05 9.98919E-05 9.98919E-05 9.98919E-05 9.98919E-05
9.98919E-05 0.0540485 9.98919E-05 0.00776854 9.98919E-05 0.0104404 0.00227659 9.98919E-05 9.98919E-05 9.98919E-05 9.98919E-05 0.347932 0.217072 9.98919E-05 0.348909 9.98919E-05 0.0103549 9.98919E-05 9.98919E-05 9.98919E-05
0.00471889 9.991E-05 0.0546228 0.102846 9.991E-05 0.0375928 9.991E-05 9.991E-05 0.0131235 0.096601 9.991E-05 9.991E-05 0.573967 0.0353922 9.991E-05 0.0659775 9.991E-05 9.991E-05 0.014159 9.991E-05
9.98828E-05 0.0239389 9.98828E-05 9.98828E-05 9.98828E-05 9.98828E-05 0.0401925 9.98828E-05 9.98828E-05 0.404014 9.98828E-05 0.0843777 0.336804 0.0376377 9.98828E-05 9.98828E-05 0.0717376 9.98828E-05 9.98828E-05 9.98828E-05
9.98739E-05 0.111952 9.98739E-05 9.98739E-05 0.00674942 0.0685626 9.98739E-05 9.98739E-05 9.98739E-05 0.0195747 9.98739E-05 9.98739E-05 0.790365 9.98739E-05 9.98739E-05 9.98739E-05 9.98739E-05 9.98739E-05 9.98739E-05 0.00139783
9.98737E-05 9.98737E-05 0.268313 9.98737E-05 9.98737E-05 0.118484 9.98737E-05 9.98737E-05 9.98737E-05 0.120854 9.98737E-05 0.345828 9.98737E-05 0.106476 0.0386475 9.98737E-05 9.98737E-05 9.98737E-05 9.98737E-05 9.98737E-05
9.98739E-05 0.0467453 9.98739E-05 9.98739E-05 9.98739E-05 0.205622 9.98739E-05 9.98739E-05 9.98739E-05 0.111314 0.59947 9.98739E-05 0.00677773 9.98739E-05 9.98739E-05 9.98739E-05 0.0286729 9.98739E-05 9.98739E-05 9.98739E-05
9.98559E-05 9.98559E-05 9.98559E-05 0.0120189 9.98559E-05 0.37937 9.98559E-05 9.98559E-05 0.214225 9.98559E-05 0.392789 9.98559E-05 9.98559E-05 9.98559E-05 9.98559E-05 9.98559E-05 9.98559E-05 9.98559E-05 9.98559E-05 9.98559E-05
9.98919E-05 9.98919E-05 9.98919E-05 0.0855159 9.98919E-05 0.197882 9.98919E-05 9.98919E-05 0.0505133 0.18745 9.98919E-05 9.98919E-05 0.0689465 9.98919E-05 9.98919E-05 0.0108373 0.354911 9.98919E-05 0.0427452 9.98919E-05
9.98649E-05 9.98649E-05 9.98649E-05 0.0870651 0.0242848 0.793711 9.98649E-05 9.98649E-05 9.98649E-05 9.98649E-05 0.0390774 9.98649E-05 9.98649E-05 9.98649E-05 9.98649E-05 0.0543638 9.98649E-05 9.98649E-05 9.98649E-05 9.98649E-05
9.98649E-05 0.0509247 9.98649E-05 9.98649E-05 9.98649E-05 0.00313624 9.98649E-05 0.0435974 9.98649E-05 0.0450899 0.855754 9.98649E-05 9.98649E-05 9.98649E-05 9.98649E-05 9.98649E-05 9.98649E-05 9.98649E-05 9.98649E-05 9.98649E-05
9.98918E-05 9.98918E-05 9.98918E-05 0.182394 0.0233853 0.0380055 9.98918E-05 9.98918E-05 0.138115 9.98918E-05 9.98918E-05 9.98918E-05 0.0808655 9.98918E-05 9.98918E-05 0.0607659 0.422204 0.0530658 9.98918E-05 9.98918E-05
9.98827E-05 9.98827E-05 9.98827E-05 9.98827E-05 9.98827E-05 0.398127 9.98827E-05 0.037698 0.0378622 0.450097 9.98827E-05 0.0285421 9.98827E-05 9.98827E-05 9.98827E-05 9.98827E-05 0.00248557 0.0438897 9.98827E-05 9.98827E-05
0.560566 0.317921 0.0110623 9.9883E-05 9.9883E-05 0.0526923 9.9883E-05 9.9883E-05 9.9883E-05 9.9883E-05 9.9883E-05 9.9883E-05 9.9883E-05 9.9883E-05 0.0187825 9.9883E-05 9.9883E-05 9.9883E-05 0.0364613 0.00121598
9.98828E-05 0.852758 9.98828E-05 9.98828E-05 9.98828E-05 9.98828E-05 9.98828E-05 9.98828E-05 9.98828E-05 0.0633692 9.98828E-05 9.98828E-05 9.98828E-05 0.000987571 0.0276924 0.00468694 9.98828E-05 9.98828E-05 0.0153924 0.033815
0.0709045 0.0678134 9.98918E-05 9.98918E-05 9.98918E-05 0.0288816 9.98918E-05 0.00114408 9.98918E-05 0.435501 9.98918E-05 9.98918E-05 9.98918E-05 9.98918E-05 9.98918E-05 9.98918E-05 0.285882 0.0334765 0.0751987 9.98918E-05
9.98737E-05 0.633175 9.98737E-05 0.00213457 9.98737E-05 9.98737E-05 9.98737E-05 0.203773 9.98737E-05 0.0420895 9.98737E-05 0.108312 9.98737E-05 9.98737E-05 9.98737E-05 9.98737E-05 0.00911798 9.98737E-05 9.98737E-05 9.98737E-05
0.0557165 0.942486 9.98463E-05 9.98463E-05 9.98463E-05 9.98463E-05 9.98463E-05 9.98463E-05 9.98463E-05 9.98463E-05 9.98463E-05 9.98463E-05 9.98463E-05 9.98463E-05 9.98463E-05 9.98463E-05 9.98463E-05 9.98463E-05 9.98463E-05 9.98463E-05
9.98648E-05 0.471871 9.98648E-05 9.98648E-05 9.98648E-05 9.98648E-05 9.98648E-05 9.98648E-05 9.98648E-05 9.98648E-05 9.98648E-05 9.98648E-05 0.0221873 9.98648E-05 0.412753 9.98648E-05 0.0275119 9.98648E-05 9.98648E-05 0.0641795
9.98739E-05 0.779953 9.98739E-05 9.98739E-05 0.00738036 9.98739E-05 9.98739E-05 9.98739E-05 9.98739E-05 0.00995882 9.98739E-05 0.0859829 9.98739E-05 0.0313615 0.0839648 9.98739E-05 9.98739E-05 9.98739E-05 9.98739E-05 9.98739E-05
9.98739E-05 0.213315 9.98739E-05 9.98739E-05 9.98739E-05 0.13072 9.98739E-05 9.98739E-05 9.98739E-05 0.168549 9.98739E-05 9.98739E-05 9.98739E-05 9.98739E-05 9.98739E-05 9.98739E-05 0.453606 0.0197238 0.012687 9.98739E-05
9.9856E-05 9.9856E-05 9.9856E-05 9.9856E-05 9.9856E-05 0.208206 9.9856E-05 9.9856E-05 0.198587 9.9856E-05 0.181048 9.9856E-05 9.9856E-05 9.9856E-05 9.9856E-05 9.9856E-05 0.410561 9.9856E-05 9.9856E-05 9.9856E-05
0.435664 9.98918E-05 9.98918E-05 0.0644096 9.98918E-05 9.98918E-05 0.002014 9.98918E-05 9.98918E-05 0.340835 9.98918E-05 0.0111892 9.98918E-05 0.0245132 9.98918E-05 9.98918E-05 0.0269588 9.98918E-05 0.0932182 9.98918E-05
9.9856E-05 0.141571 9.9856E-05 9.9856E-05 9.9856E-05 9.9856E-05 9.9856E-05 9.9856E-05 9.9856E-05 9.9856E-05 9.9856E-05 9.9856E-05 9.9856E-05 0.0650055 9.9856E-05 9.9856E-05 0.776139 0.0156869 9.9856E-05 9.9856E-05
9.9892E-05 0.0610902 9.9892E-05 9.9892E-05 0.0163038 0.0139423 9.9892E-05 9.9892E-05 9.9892E-05 0.3904 9.9892E-05 9.9892E-05 9.9892E-05 0.00931249 9.9892E-05 9.9892E-05 0.263866 0.118584 0.125302 9.9892E-05
0.0625856 0.227363 9.98918E-05 9.98918E-05 9.98918E-05 0.0148884 9.98918E-05 0.0316903 9.98918E-05 0.480648 9.98918E-05 9.98918E-05 9.98918E-05 0.0559507 9.98918E-05 9.98918E-05 0.00051995 0.125156 9.98918E-05 9.98918E-05
