0.109009 9.994E-05 9.994E-05 9.994E-05 0.0337969 9.994E-05 0.476241 0.324558 9.994E-05 0.0557956 9.994E-05
9.99459E-05 9.99459E-05 0.0885451 9.99459E-05 0.0233428 9.99459E-05 0.484272 0.349224 9.99459E-05 0.054017 9.99459E-05
0.0187088 9.99729E-05 0.00984223 0.0180101 0.00510609 0.644683 0.244868 9.99729E-05 0.0445242 0.013958 9.99729E-05
0.058871 9.99639E-05 0.117933 0.213063 9.99639E-05 9.99639E-05 0.247861 0.29864 0.0597472 9.99639E-05 0.00348441
9.99549E-05 0.0433259 0.110647 0.131318 0.199488 9.99549E-05 9.99549E-05 0.425169 0.089552 9.99549E-05 9.99549E-05
9.99639E-05 0.0704272 9.99639E-05 9.99639E-05 0.0549315 0.102149 0.374882 0.059297 0.329108 0.00880498 9.99639E-05
9.99279E-05 9.99279E-05 9.99279E-05 9.99279E-05 9.99279E-05 0.520397 0.424491 9.99279E-05 9.99279E-05 9.99279E-05 0.0543131
9.9946E-05 9.9946E-05 9.9946E-05 9.9946E-05 9.9946E-05 0.231836 0.352073 0.102697 0.183985 0.128809 9.9946E-05
9.9964E-05 0.0169666 0.0328365 0.133554 9.9964E-05 9.9964E-05 0.411824 0.259049 0.0737214 0.0716488 9.9964E-05
0.0633028 9.99369E-05 9.99369E-05 9.99369E-05 9.99369E-05 0.334553 9.99369E-05 9.99369E-05 0.368264 9.99369E-05 0.23318
0.00635014 9.99639E-05 0.418658 0.0166297 0.0382445 9.99639E-05 0.223672 0.222502 0.0735437 9.99639E-05 9.99639E-05
9.99549E-05 9.99549E-05 0.156847 0.106429 9.99549E-05 9.99549E-05 0.0398251 0.430771 0.247974 0.0176544 9.99549E-05
0.00249854 0.0580823 0.0920853 0.268266 0.210218 0.118446 0.229963 9.9973E-05 9.9973E-05 9.9973E-05 0.0201421
9.99369E-05 9.99369E-05 9.99369E-05 9.99369E-05 9.99369E-05 0.341186 0.46149 9.99369E-05 0.175018 0.0216061 9.99369E-05
9.99369E-05 9.99369E-05 0.477501 9.99369E-05 9.99369E-05 9.99369E-05 0.0128426 0.437936 0.0710213 9.99369E-05 9.99369E-05
0.025767 0.052713 9.99549E-05 9.99549E-05 9.99549E-05 0.37843 0.200388 9.99549E-05 0.0376408 9.99549E-05 0.304561
9.99369E-05 9.99369E-05 9.99369E-05 0.0251458 9.99369E-05 0.408018 0.558125 9.99369E-05 9.99369E-05 9.99369E-05 0.00801225
9.99459E-05 9.99459E-05 0.021723 9.99459E-05 0.00128455 0.464928 0.481985 0.0294798 9.99459E-05 9.99459E-05 9.99459E-05
9.996E-05 9.996E-05 9.996E-05 0.255166 0.00598577 0.0843265 0.271817 0.319484 0.0350174 0.027804 9.996E-05
0.763389 9.9937E-05 0.207344 9.9937E-05 0.00133879 9.9937E-05 9.9937E-05 9.9937E-05 9.9937E-05 0.0272284 9.9937E-05
0.830239 9.9919E-05 9.9919E-05 0.168862 9.9919E-05 9.9919E-05 9.9919E-05 9.9919E-05 9.9919E-05 9.9919E-05 9.9919E-05
0.894686 9.99369E-05 9.99369E-05 9.99369E-05 0.0362619 9.99369E-05 0.0653304 9.99369E-05 0.0030224 9.99369E-05 9.99369E-05
0.595067 9.99279E-05 9.99279E-05 0.367514 9.99279E-05 9.99279E-05 9.99279E-05 9.99279E-05 9.99279E-05 0.0366189 9.99279E-05
0.690382 9.99459E-05 0.117519 0.0846793 9.99459E-05 9.99459E-05 9.99459E-05 0.063353 9.99459E-05 0.0434675 9.99459E-05
0.467898 0.171552 9.99549E-05 9.99549E-05 9.99549E-05 0.244004 0.0797849 9.99549E-05 0.0108187 0.0254426 9.99549E-05
0.311439 9.99459E-05 0.137628 9.99459E-05 9.99459E-05 9.99459E-05 9.99459E-05 0.149465 0.0302126 0.370656 9.99459E-05
0.253391 0.212649 9.99369E-05 9.99369E-05 9.99369E-05 0.0329958 9.99369E-05 9.99369E-05 9.99369E-05 9.99369E-05 0.500264
0.239689 9.9946E-05 0.190894 0.115476 0.132757 9.9946E-05 9.9946E-05 9.9946E-05 9.9946E-05 0.320584 9.9946E-05
0.869844 9.99369E-05 9.99369E-05 9.99369E-05 0.0430322 9.99369E-05 0.0702718 9.99369E-05 9.99369E-05 9.99369E-05 0.0161528
0.842713 9.99189E-05 9.99189E-05 0.156388 9.99189E-05 9.99189E-05 9.99189E-05 9.99189E-05 9.99189E-05 9.99189E-05 9.99189E-05
0.567985 9.99371E-05 9.99371E-05 0.149122 9.99371E-05 0.127077 9.99371E-05 9.99371E-05 9.99371E-05 9.99371E-05 0.155117
0.147229 0.243823 9.99549E-05 9.99549E-05 0.096187 9.99549E-05 0.0376197 9.99549E-05 9.99549E-05 0.361364 0.113277
0.607183 9.99278E-05 9.99278E-05 9.99278E-05 9.99278E-05 0.177984 9.99278E-05 9.99278E-05 9.99278E-05 9.99278E-05 0.214034
0.675417 9.99369E-05 9.99369E-05 9.99369E-05 9.99369E-05 0.17392 0.123897 9.99369E-05 9.99369E-05 0.0260663 9.99369E-05
0.817456 9.99369E-05 0.0114493 0.137235 9.99369E-05 9.99369E-05 9.99369E-05 9.99369E-05 0.0331597 9.99369E-05 9.99369E-05
0.72564 9.99369E-05 0.204438 0.029977 9.99369E-05 9.99369E-05 9.99369E-05 0.039246 9.99369E-05 9.99369E-05 9.99369E-05
0.672663 9.99189E-05 0.326438 9.99189E-05 9.99189E-05 9.99189E-05 9.99189E-05 9.99189E-05 9.99189E-05 9.99189E-05 9.99189E-05
0.664582 9.99279E-05 9.99279E-05 0.274726 9.99279E-05 9.99279E-05 9.99279E-05 0.0598927 9.99279E-05 9.99279E-05 9.99279E-05
9.99278E-05 0.825403 9.99278E-05 9.99278E-05 9.99278E-05 9.99278E-05 0.114669 0.0591293 9.99278E-05 9.99278E-05 9.99278E-05
9.9928E-05 0.697402 9.9928E-05 9.9928E-05 0.0438067 9.9928E-05 9.9928E-05 9.9928E-05 9.9928E-05 9.9928E-05 0.257992
0.0662443 0.345069 9.9946E-05 9.9946E-05 9.9946E-05 0.171873 9.9946E-05 9.9946E-05 9.9946E-05 0.0697157 0.346498
9.9946E-05 0.461247 9.9946E-05 0.329403 0.0190359 9.9946E-05 9.9946E-05 9.9946E-05 9.9946E-05 0.0949098 0.0948047
0.279089 0.570821 9.99278E-05 9.99278E-05 9.99278E-05 9.99278E-05 0.14929 9.99278E-05 9.99278E-05 9.99278E-05 9.99278E-05
0.118153 0.541273 9.9946E-05 9.9946E-05 9.9946E-05 0.24972 9.9946E-05 9.9946E-05 0.0577754 9.9946E-05 0.0324788
9.99279E-05 9.99279E-05 9.99279E-05 0.171863 9.99279E-05 9.99279E-05 9.99279E-05 0.185497 9.99279E-05 0.641841 9.99279E-05
9.99369E-05 0.554765 0.0828356 9.99369E-05 9.99369E-05 9.99369E-05 9.99369E-05 0.359844 9.99369E-05 0.00185589 9.99369E-05
0.183429 0.393431 9.99369E-05 9.99369E-05 9.99369E-05 0.250733 9.99369E-05 9.99369E-05 9.99369E-05 9.99369E-05 0.171707
9.99459E-05 0.829235 0.0292288 9.99459E-05 9.99459E-05 9.99459E-05 0.103263 0.00485681 0.0328163 9.99459E-05 9.99459E-05
9.9919E-05 0.365393 9.9919E-05 9.9919E-05 9.9919E-05 9.9919E-05 9.9919E-05 9.9919E-05 9.9919E-05 9.9919E-05 0.633708
9.9946E-05 0.630779 0.0463521 0.0260574 9.9946E-05 9.9946E-05 9.9946E-05 0.198372 9.9946E-05 0.0978407 9.9946E-05
9.99279E-05 0.731168 9.99279E-05 9.99279E-05 0.0105287 9.99279E-05 9.99279E-05 9.99279E-05 9.99279E-05 9.99279E-05 0.257504
0.0766093 0.554142 0.0100996 0.244483 0.0884569 9.9955E-05 9.9955E-05 9.9955E-05 0.0257098 9.9955E-05 9.9955E-05
0.066698 0.272197 0.335548 9.99549E-05 9.99549E-05 9.99549E-05 9.99549E-05 0.0509156 0.0249418 0.249199 9.99549E-05
9.99459E-05 0.438216 0.252839 9.99459E-05 9.99459E-05 9.99459E-05 9.99459E-05 0.180311 0.0335091 0.0945254 9.99459E-05
0.0465767 0.260519 0.0104743 0.377319 9.9964E-05 9.9964E-05 9.9964E-05 0.110865 9.9964E-05 0.186718 0.00712708
0.329801 9.99279E-05 9.99279E-05 0.420623 9.99279E-05 9.99279E-05 9.99279E-05 9.99279E-05 9.99279E-05 0.248777 9.99279E-05
9.99549E-05 0.759999 9.99549E-05 9.99549E-05 0.0397156 0.0764923 0.0503652 9.99549E-05 9.99549E-05 0.00942441 0.0635036
0.00793426 0.461431 0.068052 0.073455 0.0263383 9.9964E-05 9.9964E-05 9.9964E-05 9.9964E-05 0.226708 0.135681
9.99459E-05 0.685324 9.99459E-05 9.99459E-05 0.0126936 9.99459E-05 0.0102316 9.99459E-05 9.99459E-05 0.0272634 0.263888
9.99369E-05 0.724862 0.103327 0.0420466 9.99369E-05 9.99369E-05 9.99369E-05 0.129065 9.99369E-05 9.99369E-05 9.99369E-05
0.0116385 0.574592 0.115048 9.995E-05 9.995E-05 9.995E-05 0.0416578 0.0715346 9.995E-05 0.185029 9.995E-05
9.99369E-05 0.616252 0.0718997 9.99369E-05 9.99369E-05 9.99369E-05 9.99369E-05 0.231081 9.99369E-05 0.0800681 9.99369E-05
9.99459E-05 0.272055 9.99459E-05 9.99459E-05 0.119177 0.0525448 9.99459E-05 9.99459E-05 9.99459E-05 0.383926 0.171696
0.0245658 0.49107 9.99369E-05 0.459068 9.99369E-05 9.99369E-05 9.99369E-05 9.99369E-05 9.99369E-05 0.0245972 9.99369E-05
9.99279E-05 0.338927 9.99279E-05 9.99279E-05 9.99279E-05 0.544052 9.99279E-05 9.99279E-05 9.99279E-05 0.116221 9.99279E-05
0.0907732 0.159211 0.21984 9.99639E-05 9.99639E-05 9.99639E-05 0.100658 0.0339446 0.0172108 0.377963 9.99639E-05
9.99459E-05 0.550937 0.00934833 0.125814 9.99459E-05 9.99459E-05 9.99459E-05 0.239689 9.99459E-05 0.0736125 9.99459E-05
9.9946E-05 0.451817 0.291372 0.0208793 9.9946E-05 9.9946E-05 9.9946E-05 0.0959216 9.9946E-05 0.139411 9.9946E-05
0.0380076 0.0621293 0.0132603 9.99549E-05 9.99549E-05 0.0461828 0.0800362 9.99549E-05 9.99549E-05 0.759884 9.99549E-05
0.244976 0.142242 9.99639E-05 9.99639E-05 0.0205364 9.99639E-05 0.126398 9.99639E-05 0.0418703 0.399467 0.0241098
0.112973 0.0317484 9.99369E-05 9.99369E-05 9.99369E-05 9.99369E-05 9.99369E-05 9.99369E-05 9.99369E-05 0.411156 0.443423
9.99369E-05 0.46441 9.99369E-05 9.99369E-05 9.99369E-05 0.460379 9.99369E-05 9.99369E-05 9.99369E-05 0.00787421 0.0666368
0.641726 9.993E-05 9.993E-05 0.174233 9.993E-05 9.993E-05 9.993E-05 0.150044 9.993E-05 0.0332964 9.993E-05
9.99278E-05 0.640644 9.99278E-05 9.99278E-05 9.99278E-05 0.246488 9.99278E-05 9.99278E-05 9.99278E-05 9.99278E-05 0.112069
9.99369E-05 0.310404 0.149451 9.99369E-05 9.99369E-05 9.99369E-05 9.99369E-05 0.0388797 9.99369E-05 0.500566 9.99369E-05
0.098176 9.99549E-05 0.145778 0.119108 9.99549E-05 9.99549E-05 9.99549E-05 0.0474891 0.0228919 0.566058 9.99549E-05
0.732683 9.99278E-05 9.99278E-05 9.99278E-05 9.99278E-05 0.185504 9.99278E-05 9.99278E-05 9.99278E-05 9.99278E-05 0.0810136
0.198136 0.189533 9.9937E-05 9.9937E-05 9.9937E-05 0.268711 9.9937E-05 9.9937E-05 9.9937E-05 9.9937E-05 0.34292
0.748219 0.0365262 9.99369E-05 9.99369E-05 9.99369E-05 0.195234 0.0193213 9.99369E-05 9.99369E-05 9.99369E-05 9.99369E-05
0.318938 0.135346 9.99639E-05 9.99639E-05 0.122469 9.99639E-05 0.0219333 9.99639E-05 0.00837974 0.33448 0.0580545
0.14393 0.246281 9.9946E-05 9.9946E-05 0.0422525 9.9946E-05 9.9946E-05 9.9946E-05 9.9946E-05 0.0447282 0.522209
0.192706 0.399581 9.99459E-05 0.33414 9.99459E-05 9.99459E-05 9.99459E-05 9.99459E-05 0.000928551 0.0720458 9.99459E-05
9.99459E-05 0.74974 0.0134771 0.212597 0.00830722 0.0152789 9.99459E-05 9.99459E-05 9.99459E-05 9.99459E-05 9.99459E-05
0.098283 0.441164 0.0794657 0.259922 9.9955E-05 9.9955E-05 9.9955E-05 9.9955E-05 9.9955E-05 0.0589928 0.0616723
9.99279E-05 0.633438 9.99279E-05 9.99279E-05 9.99279E-05 0.202503 9.99279E-05 9.99279E-05 9.99279E-05 9.99279E-05 0.163259
0.0934413 0.589398 0.177552 9.99459E-05 0.0974747 9.99459E-05 9.99459E-05 9.99459E-05 9.99459E-05 0.0415337 9.99459E-05
9.99369E-05 0.387471 9.99369E-05 0.185946 9.99369E-05 9.99369E-05 9.99369E-05 0.141487 9.99369E-05 0.284396 9.99369E-05
0.215564 9.99368E-05 9.99368E-05 9.99368E-05 9.99368E-05 0.209779 0.0750501 9.99368E-05 9.99368E-05 0.498907 9.99368E-05
9.99369E-05 0.301298 9.99369E-05 9.99369E-05 9.99369E-05 0.465724 9.99369E-05 9.99369E-05 9.99369E-05 0.226951 0.00532702
0.160846 9.99369E-05 9.99369E-05 9.99369E-05 9.99369E-05 9.99369E-05 0.0339392 0.106424 9.99369E-05 0.698092 9.99369E-05
9.99278E-05 0.268552 9.99278E-05 9.99278E-05 9.99278E-05 0.374916 9.99278E-05 9.99278E-05 9.99278E-05 0.355733 9.99278E-05
9.99278E-05 0.157507 9.99278E-05 9.99278E-05 9.99278E-05 0.391605 9.99278E-05 9.99278E-05 9.99278E-05 0.450088 9.99278E-05
9.99369E-05 9.99369E-05 0.00873966 0.0264741 9.99369E-05 9.99369E-05 9.99369E-05 0.222799 9.99369E-05 0.741288 9.99369E-05
9.99369E-05 0.408388 9.99369E-05 9.99369E-05 9.99369E-05 0.15488 0.102358 9.99369E-05 9.99369E-05 0.333675 9.99369E-05
0.00965271 0.159245 9.99549E-05 9.99549E-05 9.99549E-05 0.134749 0.0985784 9.99549E-05 0.00426402 0.593011 9.99549E-05
9.99279E-05 9.99279E-05 9.99279E-05 9.99279E-05 0.570754 0.0442252 9.99279E-05 9.99279E-05 9.99279E-05 9.99279E-05 0.384221
0.0287217 0.0988587 9.9946E-05 9.9946E-05 0.604041 0.0962497 9.9946E-05 9.9946E-05 9.9946E-05 9.9946E-05 0.171529
9.99459E-05 0.0190705 9.99459E-05 0.180577 0.765689 0.00548456 9.99459E-05 9.99459E-05 9.99459E-05 9.99459E-05 0.0285799
9.9937E-05 9.9937E-05 9.9937E-05 9.9937E-05 0.482458 0.0195083 9.9937E-05 0.381046 9.9937E-05 0.116289 9.9937E-05
9.99549E-05 9.99549E-05 0.000220618 9.99549E-05 0.560377 0.065964 9.99549E-05 9.99549E-05 0.0114084 0.0207223 0.340808
9.99459E-05 9.99459E-05 9.99459E-05 0.0425103 0.149513 9.99459E-05 0.558846 0.127806 9.99459E-05 0.120726 9.99459E-05
9.99188E-05 9.99188E-05 9.99188E-05 9.99188E-05 0.389846 0.609254 9.99188E-05 9.99188E-05 9.99188E-05 9.99188E-05 9.99188E-05
9.99279E-05 9.99279E-05 9.99279E-05 9.99279E-05 0.698612 0.0128208 9.99279E-05 9.99279E-05 9.99279E-05 9.99279E-05 0.287768
0.0359277 9.99639E-05 9.99639E-05 9.99639E-05 0.667547 0.0787345 0.113522 9.99639E-05 0.0478199 0.0435856 0.0124636
0.0252407 9.9955E-05 0.260962 0.0351009 0.57167 9.9955E-05 9.9955E-05 0.0819562 9.9955E-05 0.0245705 9.9955E-05
9.99279E-05 9.99279E-05 9.99279E-05 9.99279E-05 0.270421 9.99279E-05 9.99279E-05 9.99279E-05 0.0879995 9.99279E-05 0.64078
9.99459E-05 9.99459E-05 0.473612 9.99459E-05 0.420892 0.0795118 9.99459E-05 0.00691567 0.0184684 9.99459E-05 9.99459E-05
9.99369E-05 9.99369E-05 9.99369E-05 9.99369E-05 0.69089 0.120085 0.0488057 9.99369E-05 9.99369E-05 9.99369E-05 0.13952
9.99369E-05 9.99369E-05 0.106907 9.99369E-05 0.508467 9.99369E-05 0.305611 9.99369E-05 9.99369E-05 0.0783147 9.99369E-05
0.0678478 9.99459E-05 9.99459E-05 9.99459E-05 0.635598 9.99459E-05 0.129519 9.99459E-05 0.0694056 9.99459E-05 0.0970303
0.0524096 9.99459E-05 9.99459E-05 9.99459E-05 0.234562 0.313091 0.354777 9.99459E-05 9.99459E-05 9.99459E-05 0.0445606
9.99458E-05 9.99458E-05 0.0805285 0.096836 0.421562 9.99458E-05 9.99458E-05 0.314886 9.99458E-05 0.0855873 9.99458E-05
9.99368E-05 9.99368E-05 9.99368E-05 0.574095 0.349115 0.0517016 9.99368E-05 9.99368E-05 9.99368E-05 0.0243895 9.99368E-05
0.0906515 0.119138 9.99639E-05 9.99639E-05 0.592169 0.0367374 0.0254842 9.99639E-05 0.0872972 9.99639E-05 0.048123
9.99369E-05 9.99369E-05 9.99369E-05 9.99369E-05 0.625736 0.314526 0.0529644 9.99369E-05 9.99369E-05 9.99369E-05 0.00607432
0.0649922 9.99369E-05 0.120221 9.99369E-05 0.738824 9.99369E-05 9.99369E-05 9.99369E-05 0.0752631 9.99369E-05 9.99369E-05
9.99189E-05 9.99189E-05 9.99189E-05 0.320481 0.67862 9.99189E-05 9.99189E-05 9.99189E-05 9.99189E-05 9.99189E-05 9.99189E-05
0.0312243 0.0134616 0.153357 0.0363653 0.0604113 9.9973E-05 0.306318 0.332536 0.0660258 9.9973E-05 9.9973E-05
9.99188E-05 9.99188E-05 9.99188E-05 9.99188E-05 9.99188E-05 0.331842 9.99188E-05 9.99188E-05 0.667259 9.99188E-05 9.99188E-05
9.99549E-05 0.00764627 9.99549E-05 0.558011 9.99549E-05 9.99549E-05 0.250572 0.111287 9.99549E-05 0.025171 0.0468128
0.0488267 9.99369E-05 9.99369E-05 9.99369E-05 9.99369E-05 9.99369E-05 0.727713 9.99369E-05 0.0263326 9.99369E-05 0.196429
9.99278E-05 9.99278E-05 9.99278E-05 9.99278E-05 9.99278E-05 0.0229334 9.99278E-05 9.99278E-05 0.467205 9.99278E-05 0.509062
9.99459E-05 9.99459E-05 0.391049 0.193161 9.99459E-05 9.99459E-05 0.266279 0.146157 0.00275412 9.99459E-05 9.99459E-05
0.00690187 9.99369E-05 0.271641 9.99369E-05 9.99369E-05 9.99369E-05 9.99369E-05 9.99369E-05 0.705229 9.99369E-05 0.0155287
9.9973E-05 0.0978445 9.9973E-05 0.0447051 0.0397267 0.0662008 0.627749 0.0544671 0.00803682 0.06097 9.9973E-05
9.99189E-05 9.99189E-05 9.99189E-05 0.28492 9.99189E-05 9.99189E-05 9.99189E-05 9.99189E-05 0.71418 9.99189E-05 9.99189E-05
9.99459E-05 9.99459E-05 9.99459E-05 0.0302749 9.99459E-05 0.487261 0.0495332 9.99459E-05 0.218783 9.99459E-05 0.213547
9.99639E-05 0.0286129 0.359043 0.0636629 0.0371011 9.99639E-05 0.0927385 0.217374 0.201068 9.99639E-05 9.99639E-05
9.99279E-05 9.99279E-05 9.99279E-05 0.42321 9.99279E-05 9.99279E-05 9.99279E-05 9.99279E-05 0.547376 0.0286151 9.99279E-05
9.99279E-05 9.99279E-05 9.99279E-05 9.99279E-05 9.99279E-05 0.182574 9.99279E-05 9.99279E-05 0.362554 9.99279E-05 0.454072
9.99369E-05 9.99369E-05 0.242849 0.0902375 9.99369E-05 9.99369E-05 0.145188 0.521025 9.99369E-05 9.99369E-05 9.99369E-05
9.99278E-05 9.99278E-05 9.99278E-05 0.276544 9.99278E-05 9.99278E-05 9.99278E-05 0.165205 0.557452 9.99278E-05 9.99278E-05
9.99458E-05 9.99458E-05 0.199884 0.376273 9.99458E-05 0.0440168 0.322763 0.0564643 9.99458E-05 9.99458E-05 9.99458E-05
9.99279E-05 9.99279E-05 9.99279E-05 9.99279E-05 9.99279E-05 0.01592 9.99279E-05 9.99279E-05 0.43815 9.99279E-05 0.545131
9.99458E-05 9.99458E-05 0.0481413 0.399572 9.99458E-05 9.99458E-05 0.0706963 0.151335 0.329656 9.99458E-05 9.99458E-05
9.994E-05 0.0168553 0.299188 9.994E-05 0.0642153 9.994E-05 0.233803 0.385339 9.994E-05 9.994E-05 9.994E-05
9.99369E-05 9.99369E-05 9.99369E-05 9.99369E-05 9.99369E-05 0.127888 0.666755 9.99369E-05 0.101217 0.10344 9.99369E-05
0.0769634 0.00469765 9.99641E-05 0.386317 0.083008 9.99641E-05 0.254861 0.0729226 9.99641E-05 9.99641E-05 0.12083
0.0613868 9.9964E-05 0.0129981 0.454767 9.9964E-05 9.9964E-05 0.353767 0.00883271 0.0924381 9.9964E-05 0.0154106
9.99368E-05 9.99368E-05 9.99368E-05 9.99368E-05 9.99368E-05 0.119976 0.0408305 9.99368E-05 0.437748 9.99368E-05 0.400746
0.0471157 0.0254547 0.192552 9.9973E-05 9.9973E-05 0.145699 0.254233 0.153419 0.1647 0.0165271 9.9973E-05
9.99278E-05 9.99278E-05 9.99278E-05 9.99278E-05 9.99278E-05 9.99278E-05 0.27552 9.99278E-05 0.612831 0.11085 9.99278E-05
0.0611689 0.0259516 9.99639E-05 9.99639E-05 0.164967 9.99639E-05 0.318763 9.99639E-05 0.0924216 0.0285151 0.307814
0.00195429 0.0377335 0.186283 0.217451 0.101794 9.9982E-05 0.117627 0.0878012 0.206206 0.0429498 9.9982E-05
0.0154737 0.119772 0.0685786 9.997E-05 0.422917 9.997E-05 0.0251792 0.0157702 0.306693 9.997E-05 0.0253164
0.043926 9.9955E-05 0.001073 0.0613914 9.9955E-05 0.09595 9.9955E-05 0.0295185 9.9955E-05 9.9955E-05 0.767641
0.0352372 9.99639E-05 9.99639E-05 9.99639E-05 0.131593 0.141543 0.291086 9.99639E-05 0.273591 0.0491462 0.0774035
0.0459406 0.0343311 0.0121471 9.997E-05 0.0715025 0.228151 0.321104 9.997E-05 0.0646567 9.997E-05 0.221867
0.054272 9.99549E-05 0.540653 0.0220385 9.99549E-05 9.99549E-05 0.0730423 9.99549E-05 0.153156 9.99549E-05 0.156339
9.99278E-05 9.99278E-05 9.99278E-05 9.99278E-05 9.99278E-05 0.117916 0.3433 9.99278E-05 9.99278E-05 9.99278E-05 0.537985
9.99368E-05 9.99368E-05 0.248005 0.369057 9.99368E-05 9.99368E-05 0.269028 0.113211 9.99368E-05 9.99368E-05 9.99368E-05
0.00301918 9.99459E-05 9.99459E-05 9.99459E-05 9.99459E-05 0.00571605 0.436585 9.99459E-05 0.053672 9.99459E-05 0.500408
9.9955E-05 9.9955E-05 9.9955E-05 0.392287 0.0630175 9.9955E-05 0.0270429 9.9955E-05 0.351003 0.00178314 0.164366
9.99639E-05 9.99639E-05 0.0755819 0.498967 0.148982 9.99639E-05 0.0337669 0.0575589 0.170591 9.99639E-05 0.0141517
0.041877 0.13048 0.0189258 9.9955E-05 0.230259 9.9955E-05 0.345606 9.9955E-05 0.232352 9.9955E-05 9.9955E-05
9.99639E-05 0.0699654 9.99639E-05 0.013054 0.172629 0.0530593 0.582617 0.0731043 0.0351714 9.99639E-05 9.99639E-05
0.0808658 0.0389308 9.99549E-05 9.99549E-05 0.252371 9.99549E-05 0.364335 9.99549E-05 0.209242 9.99549E-05 0.0537561
9.99459E-05 9.99459E-05 0.0357686 0.432209 0.157049 9.99459E-05 0.275973 9.99459E-05 9.99459E-05 9.99459E-05 0.0984019
9.9955E-05 9.9955E-05 0.00659197 9.9955E-05 0.0619911 0.0338199 0.135163 0.0304177 9.9955E-05 9.9955E-05 0.731516
9.99369E-05 9.99369E-05 9.99369E-05 9.99369E-05 0.0157744 0.0101895 9.99369E-05 9.99369E-05 0.285479 9.99369E-05 0.687858
9.99369E-05 0.0335038 9.99369E-05 9.99369E-05 9.99369E-05 0.513694 0.228835 9.99369E-05 0.223268 9.99369E-05 9.99369E-05
0.00963601 0.0609079 9.99459E-05 9.99459E-05 9.99459E-05 9.99459E-05 0.111289 9.99459E-05 0.196172 9.99459E-05 0.621396
9.9937E-05 9.9937E-05 0.0753557 9.9937E-05 0.0191726 9.9937E-05 9.9937E-05 0.0740298 9.9937E-05 9.9937E-05 0.830742
0.0104924 0.0762485 9.99459E-05 9.99459E-05 0.0241101 0.550397 9.99459E-05 9.99459E-05 0.338152 9.99459E-05 9.99459E-05
9.99549E-05 9.99549E-05 0.0241425 9.99549E-05 9.99549E-05 0.197189 0.53404 9.99549E-05 0.0644936 0.0055826 0.174053
0.0512987 9.994E-05 9.994E-05 9.994E-05 9.994E-05 9.994E-05 9.994E-05 0.818592 0.0188282 0.0543426 0.0563393
0.0410634 9.996E-05 0.0495905 0.115213 9.996E-05 0.0533526 0.110642 0.628192 9.996E-05 0.0015466 9.996E-05
9.99459E-05 9.99459E-05 0.0177136 9.99459E-05 9.99459E-05 0.395413 0.35436 0.139437 9.99459E-05 0.0924764 9.99459E-05
9.99459E-05 9.99459E-05 0.339791 0.0102398 9.99459E-05 0.0647644 0.0907913 0.493814 9.99459E-05 9.99459E-05 9.99459E-05
9.99549E-05 9.99549E-05 0.0539066 0.0329331 0.015554 9.99549E-05 9.99549E-05 0.830807 9.99549E-05 0.00663603 0.0596635
0.0907997 9.99459E-05 9.99459E-05 0.470827 9.99459E-05 0.0665466 0.050009 0.321218 9.99459E-05 9.99459E-05 9.99459E-05
9.99549E-05 9.99549E-05 0.0148617 0.268541 9.99549E-05 0.0537498 0.0847463 0.543986 9.99549E-05 0.033615 9.99549E-05
0.0155235 9.9955E-05 0.005874 9.9955E-05 9.9955E-05 0.666686 0.163262 0.118703 9.9955E-05 0.0294518 9.9955E-05
9.9928E-05 9.9928E-05 9.9928E-05 9.9928E-05 9.9928E-05 0.451288 9.9928E-05 9.9928E-05 0.155007 9.9928E-05 0.392906
9.99459E-05 9.99459E-05 9.99459E-05 9.99459E-05 0.0751825 0.0255268 0.30862 0.443652 9.99459E-05 0.146419 9.99459E-05
9.9928E-05 9.9928E-05 9.9928E-05 9.9928E-05 0.054043 0.874043 9.9928E-05 0.0711149 9.9928E-05 9.9928E-05 9.9928E-05
9.9937E-05 9.9937E-05 9.9937E-05 9.9937E-05 9.9937E-05 0.474811 0.2684 0.000163452 9.9937E-05 0.255926 9.9937E-05
9.99459E-05 9.99459E-05 0.0259699 9.99459E-05 9.99459E-05 0.202965 0.389251 0.291952 9.99459E-05 0.0892624 9.99459E-05
9.99369E-05 9.99369E-05 9.99369E-05 9.99369E-05 9.99369E-05 0.638094 0.230844 9.99369E-05 0.0870843 9.99369E-05 0.0432781
9.99549E-05 0.00654257 9.99549E-05 9.99549E-05 0.0596649 0.48693 0.16745 0.247681 9.99549E-05 9.99549E-05 0.0312317
0.104985 0.064979 9.9955E-05 9.9955E-05 9.9955E-05 0.012999 0.187214 0.360757 0.268566 9.9955E-05 9.9955E-05
0.00334599 0.034875 0.122369 9.99639E-05 9.99639E-05 0.439725 0.259929 0.0979063 9.99639E-05 0.0414501 9.99639E-05
9.99459E-05 9.99459E-05 9.99459E-05 9.99459E-05 0.157663 0.387144 0.143009 0.295439 9.99459E-05 0.0161452 9.99459E-05
9.99279E-05 9.99279E-05 0.506758 9.99279E-05 9.99279E-05 9.99279E-05 0.0942526 0.39819 9.99279E-05 9.99279E-05 9.99279E-05
9.9973E-05 0.0120327 0.0139481 9.9973E-05 0.0357093 0.00162906 0.40889 0.449081 9.9973E-05 0.0729706 0.00543933
9.9964E-05 0.0190758 0.061474 0.0184776 9.9964E-05 0.754067 0.0222516 0.0259431 9.9964E-05 9.9964E-05 0.0983106
9.99459E-05 0.0128804 9.99459E-05 0.030013 0.0274437 0.468735 0.460329 9.99459E-05 9.99459E-05 9.99459E-05 9.99459E-05
9.99369E-05 9.99369E-05 9.99369E-05 9.99369E-05 9.99369E-05 0.589057 0.0288391 9.99369E-05 0.122655 9.99369E-05 0.258749
9.99369E-05 9.99369E-05 0.0806646 0.0064178 9.99369E-05 9.99369E-05 0.284263 0.627955 9.99369E-05 9.99369E-05 9.99369E-05
9.9937E-05 9.9937E-05 9.9937E-05 9.9937E-05 9.9937E-05 9.9937E-05 0.592082 0.248978 0.0108229 0.147418 9.9937E-05
9.99369E-05 9.99369E-05 9.99369E-05 9.99369E-05 9.99369E-05 0.689257 0.0896747 9.99369E-05 0.104708 9.99369E-05 0.115662
9.9955E-05 0.0314216 0.0920524 0.069717 0.0260014 9.9955E-05 9.9955E-05 0.487636 0.292672 9.9955E-05 9.9955E-05
9.99279E-05 9.99279E-05 0.5013 9.99279E-05 9.99279E-05 9.99279E-05 9.99279E-05 0.0659848 0.431916 9.99279E-05 9.99279E-05
0.069531 0.0142145 9.99639E-05 9.99639E-05 9.99639E-05 0.191224 0.277674 9.99639E-05 0.017388 0.0850516 0.344518
0.0525227 0.00358133 9.99639E-05 9.99639E-05 0.111232 0.0166301 0.0230892 9.99639E-05 0.617742 9.99639E-05 0.174803
0.0482694 9.9955E-05 0.402049 9.9955E-05 9.9955E-05 0.0408483 9.9955E-05 0.266086 0.18825 0.0539976 9.9955E-05
9.99369E-05 9.99369E-05 9.99369E-05 0.147912 9.99369E-05 9.99369E-05 9.99369E-05 0.409764 0.388743 0.0528811 9.99369E-05
9.99459E-05 9.99459E-05 0.130504 0.12705 9.99459E-05 9.99459E-05 9.99459E-05 0.344255 0.271262 0.12633 9.99459E-05
9.9919E-05 9.9919E-05 9.9919E-05 9.9919E-05 9.9919E-05 9.9919E-05 9.9919E-05 9.9919E-05 0.271404 9.9919E-05 0.727697
9.99369E-05 9.99369E-05 9.99369E-05 9.99369E-05 9.99369E-05 0.329207 0.248176 9.99369E-05 0.368946 0.0529711 9.99369E-05
9.99639E-05 0.00918698 0.156306 9.99639E-05 0.368035 9.99639E-05 0.162444 0.0536466 0.195692 0.054289 9.99639E-05
9.99459E-05 9.99459E-05 0.279583 9.99459E-05 0.00866851 9.99459E-05 0.0122137 0.373654 0.325281 9.99459E-05 9.99459E-05
0.0115185 0.0107675 9.99639E-05 9.99639E-05 0.0768303 0.0457757 0.0988996 9.99639E-05 0.210327 9.99639E-05 0.545482
0.0667126 9.9955E-05 9.9955E-05 9.9955E-05 9.9955E-05 0.144337 0.545512 0.0601367 0.180468 0.00233359 9.9955E-05
9.99459E-05 9.99459E-05 9.99459E-05 9.99459E-05 9.99459E-05 0.342364 0.273024 0.0437154 0.269278 0.0710192 9.99459E-05
0.030165 9.99459E-05 0.066145 9.99459E-05 0.343456 9.99459E-05 0.17575 9.99459E-05 0.383884 9.99459E-05 9.99459E-05
9.99369E-05 0.0133038 9.99369E-05 9.99369E-05 0.168856 0.374564 0.442577 9.99369E-05 9.99369E-05 9.99369E-05 9.99369E-05
9.99639E-05 0.0503236 0.200052 9.99639E-05 0.0509482 0.0587825 0.289622 0.345187 9.99639E-05 0.0046851 9.99639E-05
9.995E-05 9.995E-05 0.113764 9.995E-05 0.0119592 9.995E-05 0.548092 0.0511836 0.195213 0.0792883 9.995E-05
0.0140855 9.9946E-05 0.264106 0.183572 9.9946E-05 9.9946E-05 9.9946E-05 0.247408 0.29023 9.9946E-05 9.9946E-05
0.0220972 0.118656 9.99459E-05 9.99459E-05 9.99459E-05 0.43539 9.99459E-05 9.99459E-05 0.410453 9.99459E-05 0.0128034
9.99459E-05 0.0310733 0.144178 9.99459E-05 9.99459E-05 9.99459E-05 0.00938238 0.522924 0.291842 9.99459E-05 9.99459E-05
9.99459E-05 9.99459E-05 9.99459E-05 0.39024 9.99459E-05 0.0303655 0.0660562 0.3137 0.199039 9.99459E-05 9.99459E-05
9.99369E-05 9.99369E-05 9.99369E-05 9.99369E-05 9.99369E-05 0.630889 0.00152346 9.99369E-05 0.234396 9.99369E-05 0.132492
9.99459E-05 9.99459E-05 0.184847 9.99459E-05 9.99459E-05 0.292069 0.40175 0.0726309 9.99459E-05 0.0481038 9.99459E-05
9.99549E-05 0.0338015 9.99549E-05 9.99549E-05 9.99549E-05 0.519229 0.232906 0.0259741 0.164243 0.0233464 9.99549E-05
0.0159116 9.995E-05 0.0737092 9.995E-05 9.995E-05 9.995E-05 9.995E-05 0.765091 0.058622 0.0678527 0.0183144
0.0657838 0.151813 9.99875E-05 0.288156 0.0368724 0.0865827 9.99875E-05 0.268872 0.0181875 0.0606951 0.0228381
9.99549E-05 0.0832543 0.0165829 9.99549E-05 9.99549E-05 9.99549E-05 0.174928 0.635823 0.06776 0.0211522 9.99549E-05
9.99279E-05 9.99279E-05 9.99279E-05 9.99279E-05 9.99279E-05 0.712848 9.99279E-05 9.99279E-05 0.220555 9.99279E-05 0.0657972
9.9964E-05 0.0443971 9.9964E-05 0.00424529 9.9964E-05 0.0287621 0.224778 0.655227 0.0149244 0.027266 9.9964E-05
0.0363236 0.0277617 9.9955E-05 9.9955E-05 0.0803796 0.0280885 9.9955E-05 0.731631 0.0953156 9.9955E-05 9.9955E-05
9.9955E-05 9.9955E-05 0.194355 9.9955E-05 0.0655089 0.0277073 9.9955E-05 0.663186 0.0364921 9.9955E-05 0.0122504
9.99369E-05 9.99369E-05 0.0239819 9.99369E-05 0.120413 0.849078 9.99369E-05 9.99369E-05 9.99369E-05 9.99369E-05 0.00582738
0.0168441 9.99639E-05 9.99639E-05 9.99639E-05 0.00295408 0.279072 0.350564 0.238548 0.0874051 0.0242125 9.99639E-05
0.0351007 9.9964E-05 0.416658 0.0727665 9.9964E-05 0.117792 9.9964E-05 0.327533 0.0119749 0.0177751 9.9964E-05
9.997E-05 0.0506541 9.997E-05 0.00699046 0.0415296 0.436296 0.0410511 0.139127 0.223014 9.997E-05 0.061038
0.047904 0.0166075 9.99492E-05 9.99492E-05 0.00254843 9.99492E-05 9.99492E-05 0.871322 9.99492E-05 9.99492E-05 0.0610179
9.996E-05 0.00460267 9.996E-05 0.43322 0.0307288 0.0834692 0.261337 0.0222979 9.996E-05 9.996E-05 0.163945
9.99459E-05 9.99459E-05 9.99459E-05 9.99459E-05 0.0803118 0.304609 9.99459E-05 0.399167 0.143057 0.072255 9.99459E-05
9.9928E-05 9.9928E-05 9.9928E-05 9.9928E-05 9.9928E-05 0.765367 9.9928E-05 9.9928E-05 0.0900008 9.9928E-05 0.143832
9.99459E-05 9.99459E-05 9.99459E-05 9.99459E-05 9.99459E-05 0.0746305 0.481483 0.183261 0.101479 0.158547 9.99459E-05
0.0471501 0.0294697 0.0241798 9.997E-05 0.186278 0.0294519 0.377319 9.997E-05 0.130825 9.997E-05 0.175026
0.00409088 9.9946E-05 9.9946E-05 9.9946E-05 0.069738 9.9946E-05 0.217862 9.9946E-05 0.0167196 9.9946E-05 0.69099
9.995E-05 0.0731316 9.995E-05 9.995E-05 0.0269428 0.128424 0.688276 0.0326667 0.0500588 9.995E-05 9.995E-05
9.994E-05 9.994E-05 9.994E-05 9.994E-05 0.463103 0.423518 0.0154183 9.994E-05 0.0636981 0.0336636 9.994E-05
9.99639E-05 9.99639E-05 0.121964 9.99639E-05 9.99639E-05 0.214497 0.462289 0.000658964 0.161719 0.0291251 0.0093463
9.99459E-05 9.99459E-05 0.150195 0.280286 9.99459E-05 9.99459E-05 0.344016 0.157112 0.0677925 9.99459E-05 9.99459E-05
0.0279357 9.99369E-05 9.99369E-05 9.99369E-05 9.99369E-05 9.99369E-05 0.0538585 9.99369E-05 0.300952 9.99369E-05 0.616554
0.0339856 0.0261463 9.9955E-05 0.5311 9.9955E-05 9.9955E-05 9.9955E-05 0.063755 0.330518 9.9955E-05 0.0139956
9.99549E-05 9.99549E-05 0.0200171 0.0498184 0.346211 9.99549E-05 0.140481 0.304169 9.99549E-05 0.138804 9.99549E-05
9.99459E-05 9.99459E-05 0.695146 0.0329747 0.103452 9.99459E-05 0.0761996 9.99459E-05 9.99459E-05 9.99459E-05 0.0916285
9.99369E-05 9.99369E-05 9.99369E-05 9.99369E-05 0.16047 9.99369E-05 0.169694 0.0428703 9.99369E-05 9.99369E-05 0.626266
9.99459E-05 9.99459E-05 9.99459E-05 9.99459E-05 0.0956643 0.271871 0.0809279 9.99459E-05 0.010531 9.99459E-05 0.540406
9.9955E-05 9.9955E-05 0.234627 0.335146 9.9955E-05 0.0776807 0.00882866 0.122531 0.220687 9.9955E-05 9.9955E-05
0.00166823 0.0700627 0.0610865 9.9955E-05 9.9955E-05 0.209583 0.633349 9.9955E-05 9.9955E-05 0.0237505 9.9955E-05
0.0425451 0.049121 9.99729E-05 9.99729E-05 0.249278 0.000951862 0.539404 0.0114223 0.0587192 9.99729E-05 0.0482583
9.99279E-05 9.99279E-05 9.99279E-05 9.99279E-05 0.107375 0.289178 9.99279E-05 9.99279E-05 9.99279E-05 9.99279E-05 0.602647
0.0304567 9.9955E-05 0.139547 9.9955E-05 0.284408 9.9955E-05 0.294087 9.9955E-05 0.0987377 9.9955E-05 0.152264
0.0630182 9.996E-05 0.0691486 0.299059 0.0718325 9.996E-05 0.259805 9.996E-05 0.206231 9.996E-05 0.0305055
9.99459E-05 9.99459E-05 0.425679 9.99459E-05 9.99459E-05 9.99459E-05 0.120188 0.423322 0.0161694 0.0140422 9.99459E-05
9.99369E-05 9.99369E-05 0.526115 9.99369E-05 0.0886171 9.99369E-05 0.278738 0.10583 9.99369E-05 9.99369E-05 9.99369E-05
9.99459E-05 9.99459E-05 0.0454715 0.352817 0.279916 9.99459E-05 0.231943 9.99459E-05 9.99459E-05 9.99459E-05 0.0892524
0.0208616 9.99459E-05 9.99459E-05 9.99459E-05 0.0510005 0.808897 9.99459E-05 0.108745 9.99459E-05 0.00989641 9.99459E-05
0.00539575 0.00919166 9.99639E-05 9.99639E-05 0.0860024 0.0791581 0.00822356 0.799968 9.99639E-05 0.0116608 9.99639E-05
9.9946E-05 9.9946E-05 9.9946E-05 0.0173077 0.106022 0.713353 0.0924634 0.0702538 9.9946E-05 9.9946E-05 9.9946E-05
9.99549E-05 9.99549E-05 9.99549E-05 9.99549E-05 0.168588 0.310285 0.30547 0.134817 0.0124533 0.0678871 9.99549E-05
9.99369E-05 9.99369E-05 9.99369E-05 9.99369E-05 9.99369E-05 9.99369E-05 0.155587 0.677189 0.0439284 0.122596 9.99369E-05
0.00949914 9.9946E-05 9.9946E-05 9.9946E-05 9.9946E-05 0.817948 9.9946E-05 0.0461619 0.00501015 9.9946E-05 0.120781
9.994E-05 0.0224561 0.0592675 9.994E-05 0.247848 9.994E-05 0.229366 9.994E-05 9.994E-05 9.994E-05 0.440462
0.00967573 9.99459E-05 9.99459E-05 9.99459E-05 9.99459E-05 0.404521 0.445619 9.99459E-05 0.0806297 9.99459E-05 0.0589556
0.0391805 9.9955E-05 0.665831 9.9955E-05 0.108138 9.9955E-05 0.0196615 9.9955E-05 0.0867984 9.9955E-05 0.0798914
0.0609911 9.99639E-05 0.270963 9.99639E-05 0.0752569 9.99639E-05 0.279112 9.99639E-05 0.208216 0.00396274 0.101099
9.99549E-05 9.99549E-05 0.4581 9.99549E-05 9.99549E-05 0.116353 0.151557 0.00462098 0.128954 0.139917 9.99549E-05
9.99278E-05 9.99278E-05 0.241313 9.99278E-05 9.99278E-05 0.247199 9.99278E-05 9.99278E-05 9.99278E-05 9.99278E-05 0.510688
9.99459E-05 9.99459E-05 0.225236 0.587513 9.99459E-05 0.0599995 0.0600745 9.99459E-05 9.99459E-05 0.0665766 9.99459E-05
0.0180914 0.0836137 0.0266867 9.997E-05 0.0960347 0.113266 0.352811 9.997E-05 9.997E-05 0.160277 0.148919
9.997E-05 0.031956 0.542276 0.0811935 0.103402 0.0758852 0.0263835 0.0946796 0.0439244 9.997E-05 9.997E-05
9.99639E-05 9.99639E-05 0.363968 0.428946 0.00124027 0.0173765 0.054004 0.0196857 9.99639E-05 0.11438 9.99639E-05
9.99459E-05 9.99459E-05 0.878604 9.99459E-05 0.017877 0.00567029 0.075669 9.99459E-05 9.99459E-05 0.02158 9.99459E-05
9.99459E-05 9.99459E-05 0.696071 9.99459E-05 9.99459E-05 9.99459E-05 0.0793452 0.106942 0.0348224 0.0822201 9.99459E-05
9.99369E-05 0.0586598 0.84708 9.99369E-05 9.99369E-05 0.0926696 9.99369E-05 9.99369E-05 9.99369E-05 0.000891288 9.99369E-05
0.0441246 0.0131827 0.110892 9.99729E-05 0.0663737 0.175625 0.473876 9.99729E-05 9.99729E-05 0.1082 0.00742541
0.0160831 0.0683742 9.995E-05 9.995E-05 0.0410219 0.529869 0.233448 9.995E-05 0.110704 9.995E-05 9.995E-05
0.0123364 0.0267777 0.0786344 0.557966 0.00180466 0.0764931 9.9982E-05 0.0703281 0.158756 9.9982E-05 0.0167034
9.9946E-05 0.000455811 0.593097 9.9946E-05 0.210858 9.9946E-05 9.9946E-05 9.9946E-05 0.0110982 9.9946E-05 0.183891
0.0651472 0.0861564 9.9973E-05 0.0420662 0.104261 0.0219118 0.339244 9.9973E-05 0.100717 9.9973E-05 0.240196
9.99369E-05 9.99369E-05 0.0323269 9.99369E-05 9.99369E-05 9.99369E-05 9.99369E-05 9.99369E-05 0.0633115 0.0582469 0.845415
9.9937E-05 9.9937E-05 0.0595306 9.9937E-05 9.9937E-05 0.776379 0.0399925 9.9937E-05 9.9937E-05 9.9937E-05 0.123398
9.9955E-05 0.00841548 0.0154335 9.9955E-05 9.9955E-05 0.0818249 0.0663917 0.0385447 9.9955E-05 9.9955E-05 0.78889
