9.9874E-05 0.0720659 0.00772895 9.9874E-05 0.0324188 9.9874E-05 9.9874E-05 9.9874E-05 9.9874E-05 9.9874E-05 9.9874E-05 9.9874E-05 9.9874E-05 9.9874E-05 0.0325109 9.9874E-05 0.476672 0.377205 9.9874E-05 9.9874E-05
9.98829E-05 9.98829E-05 0.0142877 9.98829E-05 0.0359286 9.98829E-05 9.98829E-05 0.00806354 9.98829E-05 9.98829E-05 9.98829E-05 9.98829E-05 0.0946125 9.98829E-05 9.98829E-05 9.98829E-05 0.454781 0.363744 9.98829E-05 0.0272841
0.00655093 0.0128364 0.00830319 9.99098E-05 0.0231489 9.99098E-05 9.99098E-05 0.0150411 0.046905 0.00390035 0.0673175 9.99098E-05 9.99098E-05 9.99098E-05 9.99098E-05 0.200034 9.99098E-05 9.99098E-05 9.99098E-05 0.614964
9.98829E-05 0.0147783 9.98829E-05 9.98829E-05 9.98829E-05 9.98829E-05 0.0384161 9.98829E-05 9.98829E-05 0.0589271 9.98829E-05 9.98829E-05 9.98829E-05 0.187484 0.116239 9.98829E-05 0.195376 0.387481 9.98829E-05 9.98829E-05
9.98748E-05 9.98748E-05 9.98748E-05 9.98748E-05 9.98748E-05 9.98748E-05 9.98748E-05 0.0257893 0.0639159 9.98748E-05 0.0685448 9.98748E-05 9.98748E-05 0.242958 0.375057 9.98748E-05 9.98748E-05 0.222337 9.98748E-05 9.98748E-05
9.98918E-05 9.98918E-05 9.98918E-05 0.320522 9.98918E-05 9.98918E-05 9.98918E-05 0.0285811 9.98918E-05 9.98918E-05 0.00452273 0.0203161 9.98918E-05 0.0772367 9.98918E-05 0.0657421 0.464074 9.98918E-05 0.0178064 9.98918E-05
9.98828E-05 9.98828E-05 0.000173291 9.98828E-05 9.98828E-05 9.98828E-05 0.0352499 9.98828E-05 9.98828E-05 9.98828E-05 9.98828E-05 9.98828E-05 9.98828E-05 9.98828E-05 9.98828E-05 0.242243 0.180948 0.0735872 0.00234178 0.464159
9.9865E-05 9.9865E-05 9.9865E-05 0.266014 0.134532 9.9865E-05 9.9865E-05 9.9865E-05 9.9865E-05 9.9865E-05 0.0778477 9.9865E-05 9.9865E-05 9.9865E-05 9.9865E-05 0.13707 0.383039 9.9865E-05 9.9865E-05 9.9865E-05
9.98919E-05 0.000581711 0.00399509 0.121938 0.0439101 9.98919E-05 9.98919E-05 9.98919E-05 0.0265673 0.265366 9.98919E-05 9.98919E-05 9.98919E-05 9.98919E-05 9.98919E-05 9.98919E-05 0.29787 0.238573 9.98919E-05 9.98919E-05
9.98647E-05 0.0143202 9.98647E-05 0.508682 9.98647E-05 9.98647E-05 0.200724 9.98647E-05 9.98647E-05 9.98647E-05 9.98647E-05 9.98647E-05 9.98647E-05 9.98647E-05 9.98647E-05 0.230878 9.98647E-05 9.98647E-05 9.98647E-05 0.0438985
9.98828E-05 9.98828E-05 9.98828E-05 0.0369694 9.98828E-05 9.98828E-05 9.98828E-05 9.98828E-05 9.98828E-05 0.257844 0.163141 9.98828E-05 0.286856 9.98828E-05 0.0280933 9.98828E-05 9.98828E-05 0.0713442 9.98828E-05 0.154453
9.98829E-05 9.98829E-05 9.98829E-05 0.303307 9.98829E-05 0.0884218 9.98829E-05 9.98829E-05 9.98829E-05 0.00145058 0.0506536 9.98829E-05 0.0960039 0.0487704 9.98829E-05 9.98829E-05 9.98829E-05 0.410095 9.98829E-05 9.98829E-05
9.98739E-05 9.98739E-05 9.98739E-05 9.98739E-05 9.98739E-05 9.98739E-05 0.0823377 0.170794 0.0116503 0.467605 9.98739E-05 9.98739E-05 9.98739E-05 9.98739E-05 9.98739E-05 0.0625865 0.203629 9.98739E-05 9.98739E-05 9.98739E-05
9.9883E-05 9.9883E-05 9.9883E-05 0.206914 0.0247439 9.9883E-05 9.9883E-05 9.9883E-05 9.9883E-05 9.9883E-05 9.9883E-05 0.00365742 9.9883E-05 9.9883E-05 9.9883E-05 0.0355905 0.0673216 0.0288177 9.9883E-05 0.631656
9.98649E-05 9.98649E-05 9.98649E-05 0.0986951 9.98649E-05 9.98649E-05 9.98649E-05 9.98649E-05 9.98649E-05 9.98649E-05 0.14457 9.98649E-05 0.431859 0.0123015 9.98649E-05 9.98649E-05 9.98649E-05 0.311077 9.98649E-05 9.98649E-05
9.98918E-05 0.0069797 9.98918E-05 0.0430664 9.98918E-05 9.98918E-05 0.292522 9.98918E-05 9.98918E-05 9.98918E-05 9.98918E-05 9.98918E-05 9.98918E-05 0.0550117 9.98918E-05 0.234232 0.121094 9.98918E-05 0.0268401 0.219056
9.98829E-05 9.98829E-05 0.0247608 9.98829E-05 9.98829E-05 9.98829E-05 0.000922978 9.98829E-05 9.98829E-05 9.98829E-05 9.98829E-05 9.98829E-05 9.98829E-05 0.0369791 9.98829E-05 0.142795 0.205543 0.0241937 9.98829E-05 0.563507
9.99008E-05 9.99008E-05 9.99008E-05 0.00191336 9.99008E-05 9.99008E-05 9.99008E-05 0.00529019 9.99008E-05 0.00826365 0.0248224 9.99008E-05 0.0401559 9.99008E-05 9.99008E-05 0.258021 0.285336 0.0275684 9.99008E-05 0.347531
9.9919E-05 9.9919E-05 0.00695298 0.0501485 9.9919E-05 0.105462 9.9919E-05 0.0552065 9.9919E-05 0.201963 0.0332866 0.00708334 9.9919E-05 0.00858293 9.9919E-05 9.9919E-05 0.0523643 0.33115 9.9919E-05 0.1469
9.98559E-05 0.709697 9.98559E-05 9.98559E-05 9.98559E-05 9.98559E-05 9.98559E-05 9.98559E-05 0.0472131 9.98559E-05 9.98559E-05 9.98559E-05 0.0578509 9.98559E-05 0.183641 9.98559E-05 9.98559E-05 9.98559E-05 9.98559E-05 9.98559E-05
9.9856E-05 0.776768 9.9856E-05 9.9856E-05 9.9856E-05 0.000700996 9.9856E-05 9.9856E-05 9.9856E-05 0.0492651 9.9856E-05 9.9856E-05 9.9856E-05 9.9856E-05 0.171668 9.9856E-05 9.9856E-05 9.9856E-05 9.9856E-05 9.9856E-05
9.98557E-05 0.837437 9.98557E-05 9.98557E-05 9.98557E-05 9.98557E-05 9.98557E-05 9.98557E-05 9.98557E-05 9.98557E-05 9.98557E-05 0.0182499 9.98557E-05 9.98557E-05 0.125494 9.98557E-05 0.0172209 9.98557E-05 9.98557E-05 9.98557E-05
9.98559E-05 0.615256 9.98559E-05 9.98559E-05 9.98559E-05 0.259462 9.98559E-05 9.98559E-05 0.0351153 0.0885689 9.98559E-05 9.98559E-05 9.98559E-05 9.98559E-05 9.98559E-05 9.98559E-05 9.98559E-05 9.98559E-05 9.98559E-05 9.98559E-05
9.98828E-05 0.71045 9.98828E-05 9.98828E-05 0.00896431 9.98828E-05 9.98828E-05 9.98828E-05 0.0110188 0.136214 9.98828E-05 9.98828E-05 0.0655935 0.0491846 9.98828E-05 9.98828E-05 9.98828E-05 0.017277 9.98828E-05 9.98828E-05
9.98737E-05 0.413893 9.98737E-05 0.0588861 9.98737E-05 9.98737E-05 9.98737E-05 9.98737E-05 9.98737E-05 9.98737E-05 9.98737E-05 0.0805254 9.98737E-05 9.98737E-05 9.98737E-05 0.0201553 9.98737E-05 9.98737E-05 0.18922 0.235921
9.98918E-05 0.283515 9.98918E-05 9.98918E-05 0.0638871 9.98918E-05 9.98918E-05 9.98918E-05 0.0770664 9.98918E-05 0.042982 0.272867 0.0853074 0.0374043 9.98918E-05 9.98918E-05 9.98918E-05 0.135771 9.98918E-05 9.98918E-05
0.0156387 0.220272 9.98739E-05 9.98739E-05 9.98739E-05 9.98739E-05 0.337317 9.98739E-05 0.0475302 9.98739E-05 9.98739E-05 9.98739E-05 9.98739E-05 9.98739E-05 9.98739E-05 0.153363 9.98739E-05 9.98739E-05 0.224481 9.98739E-05
9.9883E-05 0.16216 9.9883E-05 9.9883E-05 0.174102 0.0277725 9.9883E-05 9.9883E-05 0.124628 9.9883E-05 0.00260948 0.0730032 9.9883E-05 9.9883E-05 0.434426 9.9883E-05 9.9883E-05 9.9883E-05 9.9883E-05 9.9883E-05
9.98918E-05 0.796157 9.98918E-05 0.0133383 9.98918E-05 9.98918E-05 0.0348605 0.0521267 9.98918E-05 9.98918E-05 9.98918E-05 0.0483481 9.98918E-05 9.98918E-05 0.01403 9.98918E-05 9.98918E-05 9.98918E-05 0.00977289 0.0301675
9.9847E-05 0.834996 9.9847E-05 9.9847E-05 9.9847E-05 9.9847E-05 9.9847E-05 9.9847E-05 0.00365148 0.159655 9.9847E-05 9.9847E-05 9.9847E-05 9.9847E-05 9.9847E-05 9.9847E-05 9.9847E-05 9.9847E-05 9.9847E-05 9.9847E-05
0.0250288 0.549908 0.0928034 9.98921E-05 9.98921E-05 0.0770268 0.0960538 9.98921E-05 9.98921E-05 9.98921E-05 9.98921E-05 9.98921E-05 9.98921E-05 9.98921E-05 9.98921E-05 0.06137 9.98921E-05 9.98921E-05 0.0561837 0.0404266
0.00653918 0.0146904 9.98828E-05 9.98828E-05 9.98828E-05 9.98828E-05 9.98828E-05 0.0626564 9.98828E-05 9.98828E-05 9.98828E-05 0.707674 9.98828E-05 9.98828E-05 0.00885451 9.98828E-05 9.98828E-05 9.98828E-05 0.155863 0.0424238
0.0600635 0.5805 9.98647E-05 9.98647E-05 9.98647E-05 9.98647E-05 0.11975 9.98647E-05 9.98647E-05 9.98647E-05 9.98647E-05 9.98647E-05 9.98647E-05 9.98647E-05 9.98647E-05 0.149121 9.98647E-05 9.98647E-05 0.0890678 9.98647E-05
9.98738E-05 0.616373 9.98738E-05 9.98738E-05 9.98738E-05 9.98738E-05 9.98738E-05 9.98738E-05 9.98738E-05 9.98738E-05 9.98738E-05 0.0439905 9.98738E-05 9.98738E-05 9.98738E-05 0.0670722 0.114989 9.98738E-05 0.0724167 0.0837608
9.98379E-05 0.804238 9.98379E-05 9.98379E-05 9.98379E-05 9.98379E-05 9.98379E-05 9.98379E-05 9.98379E-05 0.193965 9.98379E-05 9.98379E-05 9.98379E-05 9.98379E-05 9.98379E-05 9.98379E-05 9.98379E-05 9.98379E-05 9.98379E-05 9.98379E-05
9.98559E-05 0.717375 9.98559E-05 9.98559E-05 9.98559E-05 9.98559E-05 9.98559E-05 9.98559E-05 0.0313912 9.98559E-05 9.98559E-05 9.98559E-05 0.106475 0.143162 9.98559E-05 9.98559E-05 9.98559E-05 9.98559E-05 9.98559E-05 9.98559E-05
9.9847E-05 0.691381 0.00921597 9.9847E-05 9.9847E-05 9.9847E-05 9.9847E-05 9.9847E-05 9.9847E-05 9.9847E-05 9.9847E-05 9.9847E-05 0.297706 9.9847E-05 9.9847E-05 9.9847E-05 9.9847E-05 9.9847E-05 9.9847E-05 9.9847E-05
9.98739E-05 0.67905 0.00378449 9.98739E-05 9.98739E-05 0.19047 9.98739E-05 9.98739E-05 0.0372974 9.98739E-05 9.98739E-05 9.98739E-05 9.98739E-05 0.0139338 9.98739E-05 9.98739E-05 9.98739E-05 0.0740668 9.98739E-05 9.98739E-05
9.98466E-05 9.98466E-05 9.98466E-05 9.98466E-05 9.98466E-05 9.98466E-05 9.98466E-05 9.98466E-05 0.421356 9.98466E-05 9.98466E-05 9.98466E-05 9.98466E-05 9.98466E-05 9.98466E-05 9.98466E-05 0.195413 9.98466E-05 0.381534 9.98466E-05
9.98919E-05 9.98919E-05 0.0428365 9.98919E-05 9.98919E-05 9.98919E-05 0.0424972 0.0657294 0.0021705 9.98919E-05 9.98919E-05 9.98919E-05 9.98919E-05 9.98919E-05 0.0353866 9.98919E-05 0.00504988 0.0162517 0.788879 9.98919E-05
0.192214 0.0300307 9.98739E-05 9.98739E-05 0.0533949 9.98739E-05 0.0232088 9.98739E-05 9.98739E-05 9.98739E-05 9.98739E-05 9.98739E-05 9.98739E-05 9.98739E-05 9.98739E-05 0.119439 9.98739E-05 9.98739E-05 0.580315 9.98739E-05
9.98739E-05 9.98739E-05 9.98739E-05 9.98739E-05 9.98739E-05 0.324515 0.0126825 9.98739E-05 0.215404 9.98739E-05 9.98739E-05 0.0817076 9.98739E-05 9.98739E-05 0.110138 9.98739E-05 9.98739E-05 9.98739E-05 0.254154 9.98739E-05
9.98557E-05 0.262602 9.98557E-05 9.98557E-05 9.98557E-05 9.98557E-05 9.98557E-05 9.98557E-05 0.113274 9.98557E-05 9.98557E-05 9.98557E-05 9.98557E-05 9.98557E-05 9.98557E-05 9.98557E-05 0.178118 9.98557E-05 0.444408 9.98557E-05
9.99009E-05 0.0289513 9.99009E-05 0.0970198 9.99009E-05 9.99009E-05 9.99009E-05 0.013606 9.99009E-05 9.99009E-05 0.0106622 0.0416618 0.133168 9.99009E-05 9.99009E-05 0.0345642 9.99009E-05 9.99009E-05 0.639008 0.000260261
9.98649E-05 9.98649E-05 9.98649E-05 9.98649E-05 9.98649E-05 0.169093 9.98649E-05 9.98649E-05 0.0510816 9.98649E-05 9.98649E-05 0.565163 9.98649E-05 0.00600258 9.98649E-05 9.98649E-05 9.98649E-05 0.207162 9.98649E-05 9.98649E-05
9.98739E-05 9.98739E-05 9.98739E-05 9.98739E-05 9.98739E-05 9.98739E-05 9.98739E-05 9.98739E-05 0.534379 0.0690911 0.188675 9.98739E-05 0.000973203 9.98739E-05 9.98739E-05 9.98739E-05 9.98739E-05 0.0545694 0.150914 9.98739E-05
0.0486854 0.14399 9.98648E-05 9.98648E-05 9.98648E-05 9.98648E-05 9.98648E-05 9.98648E-05 9.98648E-05 9.98648E-05 9.98648E-05 9.98648E-05 9.98648E-05 9.98648E-05 9.98648E-05 0.0411078 9.98648E-05 9.98648E-05 0.590372 0.174348
9.98737E-05 9.98737E-05 9.98737E-05 0.0288574 0.0106343 9.98737E-05 9.98737E-05 9.98737E-05 0.326267 9.98737E-05 9.98737E-05 9.98737E-05 9.98737E-05 9.98737E-05 0.0400357 9.98737E-05 0.107648 9.98737E-05 0.48516 9.98737E-05
9.9856E-05 9.9856E-05 9.9856E-05 9.9856E-05 9.9856E-05 9.9856E-05 0.503623 9.9856E-05 9.9856E-05 9.9856E-05 9.9856E-05 9.9856E-05 9.9856E-05 9.9856E-05 0.0212966 0.0413618 9.9856E-05 9.9856E-05 0.432121 9.9856E-05
9.9874E-05 9.9874E-05 0.0258242 9.9874E-05 0.0879893 9.9874E-05 9.9874E-05 9.9874E-05 0.4182 9.9874E-05 0.136185 9.9874E-05 9.9874E-05 9.9874E-05 9.9874E-05 9.9874E-05 0.0444606 9.9874E-05 0.285942 9.9874E-05
9.98649E-05 9.98649E-05 0.0278528 9.98649E-05 9.98649E-05 9.98649E-05 0.0917473 9.98649E-05 0.0932421 9.98649E-05 9.98649E-05 9.98649E-05 9.98649E-05 9.98649E-05 0.0807595 9.98649E-05 9.98649E-05 9.98649E-05 0.7049 9.98649E-05
9.9883E-05 0.016245 0.0394466 9.9883E-05 9.9883E-05 0.0214996 9.9883E-05 9.9883E-05 0.13235 0.175766 9.9883E-05 9.9883E-05 9.9883E-05 9.9883E-05 0.230298 9.9883E-05 9.9883E-05 9.9883E-05 0.383097 9.9883E-05
9.98918E-05 0.0561415 9.98918E-05 0.00843898 9.98918E-05 9.98918E-05 9.98918E-05 9.98918E-05 0.297027 0.0891197 9.98918E-05 0.216991 0.267607 0.0105781 9.98918E-05 9.98918E-05 9.98918E-05 9.98918E-05 0.0528967 9.98918E-05
9.98919E-05 9.98919E-05 9.98919E-05 9.98919E-05 0.0716308 9.98919E-05 9.98919E-05 9.98919E-05 0.174263 0.0970511 0.0972949 9.98919E-05 0.229019 0.0105643 9.98919E-05 9.98919E-05 0.0389804 9.98919E-05 0.279998 9.98919E-05
9.991E-05 0.0220629 0.0621079 9.991E-05 0.040648 0.392061 9.991E-05 9.991E-05 0.199857 9.991E-05 0.010509 0.0766866 0.0061672 9.991E-05 9.991E-05 9.991E-05 9.991E-05 0.0569058 0.131996 9.991E-05
9.98649E-05 0.3488 9.98649E-05 9.98649E-05 0.209981 0.371295 9.98649E-05 9.98649E-05 9.98649E-05 9.98649E-05 9.98649E-05 9.98649E-05 9.98649E-05 0.0323407 9.98649E-05 9.98649E-05 9.98649E-05 0.0360844 9.98649E-05 9.98649E-05
9.98737E-05 9.98737E-05 9.98737E-05 9.98737E-05 9.98737E-05 9.98737E-05 9.98737E-05 0.0492898 0.207804 9.98737E-05 9.98737E-05 0.0939981 9.98737E-05 9.98737E-05 9.98737E-05 9.98737E-05 0.0956512 9.98737E-05 0.531004 0.0208549
9.98739E-05 9.98739E-05 9.98739E-05 9.98739E-05 0.285163 9.98739E-05 0.0452644 9.98739E-05 0.157254 0.11538 9.98739E-05 9.98739E-05 9.98739E-05 9.98739E-05 0.142895 9.98739E-05 9.98739E-05 9.98739E-05 0.252646 9.98739E-05
9.99008E-05 9.99008E-05 9.99008E-05 9.99008E-05 0.0558854 9.99008E-05 0.0231846 0.0394693 9.99008E-05 9.99008E-05 0.00537542 0.00449875 9.99008E-05 9.99008E-05 0.0325689 9.99008E-05 0.000246648 9.99008E-05 0.782459 0.0552132
9.98468E-05 9.98468E-05 9.98468E-05 9.98468E-05 9.98468E-05 9.98468E-05 9.98468E-05 9.98468E-05 0.680429 9.98468E-05 9.98468E-05 9.98468E-05 9.98468E-05 9.98468E-05 0.141665 9.98468E-05 9.98468E-05 9.98468E-05 0.176209 9.98468E-05
9.98827E-05 0.022836 9.98827E-05 9.98827E-05 9.98827E-05 9.98827E-05 9.98827E-05 9.98827E-05 0.510563 0.0261051 9.98827E-05 0.168238 0.00345139 9.98827E-05 9.98827E-05 9.98827E-05 0.123714 9.98827E-05 0.143794 9.98827E-05
9.98918E-05 9.98918E-05 9.98918E-05 9.98918E-05 0.0623503 9.98918E-05 9.98918E-05 9.98918E-05 0.366754 9.98918E-05 0.0522504 9.98918E-05 0.0469074 0.00134074 9.98918E-05 9.98918E-05 0.11662 0.0468869 0.305692 9.98918E-05
0.0348842 9.98739E-05 9.98739E-05 9.98739E-05 9.98739E-05 9.98739E-05 9.98739E-05 0.102777 0.0372383 9.98739E-05 9.98739E-05 0.535061 9.98739E-05 9.98739E-05 9.98739E-05 9.98739E-05 9.98739E-05 9.98739E-05 0.173273 0.115369
9.98469E-05 0.0423771 9.98469E-05 9.98469E-05 9.98469E-05 0.318674 9.98469E-05 9.98469E-05 0.637251 9.98469E-05 9.98469E-05 9.98469E-05 9.98469E-05 9.98469E-05 9.98469E-05 9.98469E-05 9.98469E-05 9.98469E-05 9.98469E-05 9.98469E-05
0.0472426 9.98738E-05 9.98738E-05 9.98738E-05 0.0620307 9.98738E-05 9.98738E-05 9.98738E-05 0.282642 9.98738E-05 9.98738E-05 9.98738E-05 9.98738E-05 9.98738E-05 9.98738E-05 0.266494 9.98738E-05 9.98738E-05 0.160349 0.179844
9.99007E-05 0.0162747 9.99007E-05 0.0189964 0.0367433 9.99007E-05 9.99007E-05 9.99007E-05 0.144989 0.237153 0.0165568 0.428054 0.0963844 9.99007E-05 9.99007E-05 9.99007E-05 9.99007E-05 9.99007E-05 9.99007E-05 0.0037499
9.9856E-05 9.9856E-05 0.0239603 9.9856E-05 9.9856E-05 9.9856E-05 9.9856E-05 9.9856E-05 0.906097 9.9856E-05 0.0658853 9.9856E-05 9.9856E-05 9.9856E-05 0.00245987 9.9856E-05 9.9856E-05 9.9856E-05 9.9856E-05 9.9856E-05
0.00571369 9.9874E-05 9.9874E-05 9.9874E-05 9.9874E-05 9.9874E-05 0.0120759 9.9874E-05 0.755326 9.9874E-05 9.9874E-05 9.9874E-05 0.160108 9.9874E-05 0.0366823 0.0286952 9.9874E-05 9.9874E-05 9.9874E-05 9.9874E-05
9.98737E-05 9.98737E-05 9.98737E-05 9.98737E-05 0.0769325 9.98737E-05 9.98737E-05 9.98737E-05 0.0100106 9.98737E-05 9.98737E-05 0.803169 9.98737E-05 9.98737E-05 9.98737E-05 0.00740838 0.0207076 0.0803738 9.98737E-05 9.98737E-05
0.00358611 0.124444 0.0122293 0.0230901 9.98918E-05 9.98918E-05 9.98918E-05 9.98918E-05 9.98918E-05 9.98918E-05 9.98918E-05 0.70888 9.98918E-05 9.98918E-05 0.00668639 9.98918E-05 0.0966628 9.98918E-05 0.0232229 9.98918E-05
0.0340437 9.98558E-05 9.98558E-05 9.98558E-05 9.98558E-05 9.98558E-05 0.252074 9.98558E-05 9.98558E-05 9.98558E-05 9.98558E-05 0.624076 9.98558E-05 9.98558E-05 9.98558E-05 9.98558E-05 9.98558E-05 9.98558E-05 0.0882094 9.98558E-05
0.0295603 9.98648E-05 9.98648E-05 9.98648E-05 9.98648E-05 9.98648E-05 9.98648E-05 9.98648E-05 0.218679 9.98648E-05 9.98648E-05 0.0196115 9.98648E-05 9.98648E-05 9.98648E-05 0.431532 9.98648E-05 9.98648E-05 0.29912 9.98648E-05
9.98649E-05 0.65903 9.98649E-05 9.98649E-05 9.98649E-05 0.19278 9.98649E-05 9.98649E-05 0.0124013 9.98649E-05 0.102257 9.98649E-05 9.98649E-05 9.98649E-05 9.98649E-05 9.98649E-05 9.98649E-05 0.0320345 9.98649E-05 9.98649E-05
0.0671279 9.98916E-05 9.98916E-05 9.98916E-05 9.98916E-05 9.98916E-05 0.00207268 0.0340435 0.370583 9.98916E-05 9.98916E-05 0.007782 9.98916E-05 9.98916E-05 9.98916E-05 0.0712532 9.98916E-05 9.98916E-05 0.318268 0.127672
9.98558E-05 9.98558E-05 9.98558E-05 9.98558E-05 9.98558E-05 9.98558E-05 9.98558E-05 9.98558E-05 0.545906 9.98558E-05 9.98558E-05 0.424129 9.98558E-05 0.00519251 0.023175 9.98558E-05 9.98558E-05 9.98558E-05 9.98558E-05 9.98558E-05
9.98648E-05 9.98648E-05 9.98648E-05 9.98648E-05 9.98648E-05 9.98648E-05 9.98648E-05 9.98648E-05 9.98648E-05 0.106787 9.98648E-05 0.623952 0.0181191 0.163187 9.98648E-05 9.98648E-05 9.98648E-05 0.0864567 9.98648E-05 9.98648E-05
9.98647E-05 0.684451 9.98647E-05 9.98647E-05 9.98647E-05 9.98647E-05 0.0455685 9.98647E-05 9.98647E-05 9.98647E-05 9.98647E-05 9.98647E-05 9.98647E-05 9.98647E-05 9.98647E-05 0.115769 9.98647E-05 9.98647E-05 0.0867167 0.0659964
0.0691023 0.105754 9.98739E-05 9.98739E-05 9.98739E-05 9.98739E-05 0.13456 9.98739E-05 9.98739E-05 9.98739E-05 9.98739E-05 0.150827 9.98739E-05 9.98739E-05 9.98739E-05 0.333318 9.98739E-05 9.98739E-05 0.20504 9.98739E-05
9.98557E-05 0.686815 9.98557E-05 9.98557E-05 9.98557E-05 9.98557E-05 9.98557E-05 9.98557E-05 9.98557E-05 9.98557E-05 9.98557E-05 9.98557E-05 9.98557E-05 9.98557E-05 9.98557E-05 0.0456568 9.98557E-05 9.98557E-05 0.14143 0.1245
9.98738E-05 0.20279 9.98738E-05 9.98738E-05 0.0620055 9.98738E-05 0.0183043 9.98738E-05 9.98738E-05 9.98738E-05 9.98738E-05 0.515473 9.98738E-05 9.98738E-05 0.149461 9.98738E-05 9.98738E-05 9.98738E-05 0.0505688 9.98738E-05
9.9865E-05 0.0855175 9.9865E-05 9.9865E-05 9.9865E-05 9.9865E-05 0.469142 9.9865E-05 9.9865E-05 9.9865E-05 9.9865E-05 0.189924 9.9865E-05 9.9865E-05 0.0424516 9.9865E-05 9.9865E-05 9.9865E-05 0.211467 9.9865E-05
9.98739E-05 0.185589 9.98739E-05 9.98739E-05 9.98739E-05 0.0380204 9.98739E-05 9.98739E-05 0.344088 0.28999 9.98739E-05 0.0192631 9.98739E-05 9.98739E-05 9.98739E-05 9.98739E-05 9.98739E-05 9.98739E-05 0.121652 9.98739E-05
9.98469E-05 9.98469E-05 9.98469E-05 9.98469E-05 9.98469E-05 9.98469E-05 9.98469E-05 9.98469E-05 0.37229 0.225336 9.98469E-05 9.98469E-05 9.98469E-05 9.98469E-05 9.98469E-05 9.98469E-05 9.98469E-05 9.98469E-05 0.400677 9.98469E-05
9.9865E-05 0.0565163 9.9865E-05 9.9865E-05 0.0793182 9.9865E-05 9.9865E-05 9.9865E-05 0.0719968 0.416102 9.9865E-05 9.9865E-05 9.9865E-05 9.9865E-05 9.9865E-05 9.9865E-05 9.9865E-05 9.9865E-05 0.374568 9.9865E-05
0.0823991 9.98647E-05 9.98647E-05 9.98647E-05 9.98647E-05 9.98647E-05 9.98647E-05 9.98647E-05 0.270903 9.98647E-05 9.98647E-05 9.98647E-05 9.98647E-05 9.98647E-05 9.98647E-05 0.103681 9.98647E-05 9.98647E-05 0.473002 0.0685172
9.98647E-05 0.0424557 9.98647E-05 9.98647E-05 9.98647E-05 9.98647E-05 9.98647E-05 9.98647E-05 0.499645 9.98647E-05 9.98647E-05 0.0270028 9.98647E-05 9.98647E-05 0.297724 9.98647E-05 9.98647E-05 9.98647E-05 0.131674 9.98647E-05
9.98649E-05 9.98649E-05 9.98649E-05 9.98649E-05 0.0269955 9.98649E-05 9.98649E-05 9.98649E-05 0.85275 0.0552504 9.98649E-05 0.00736374 9.98649E-05 9.98649E-05 9.98649E-05 9.98649E-05 9.98649E-05 0.0561424 9.98649E-05 9.98649E-05
0.0151585 0.204684 9.98827E-05 0.00870532 0.579274 9.98827E-05 9.98827E-05 9.98827E-05 9.98827E-05 9.98827E-05 9.98827E-05 0.00479667 9.98827E-05 9.98827E-05 9.98827E-05 0.0223957 9.98827E-05 9.98827E-05 9.98827E-05 0.163687
9.98467E-05 9.98467E-05 9.98467E-05 9.98467E-05 0.359182 9.98467E-05 9.98467E-05 9.98467E-05 9.98467E-05 9.98467E-05 9.98467E-05 9.98467E-05 9.98467E-05 9.98467E-05 9.98467E-05 0.208584 9.98467E-05 9.98467E-05 0.430537 9.98467E-05
9.98558E-05 0.157191 9.98558E-05 9.98558E-05 0.677335 9.98558E-05 9.98558E-05 9.98558E-05 9.98558E-05 9.98558E-05 0.122308 0.0415673 9.98558E-05 9.98558E-05 9.98558E-05 9.98558E-05 9.98558E-05 9.98558E-05 9.98558E-05 9.98558E-05
9.98646E-05 9.98646E-05 9.98646E-05 9.98646E-05 0.508726 9.98646E-05 9.98646E-05 9.98646E-05 0.000550363 9.98646E-05 9.98646E-05 9.98646E-05 9.98646E-05 9.98646E-05 9.98646E-05 0.159189 9.98646E-05 9.98646E-05 0.283849 0.0461877
9.98466E-05 9.98466E-05 9.98466E-05 9.98466E-05 0.678184 9.98466E-05 9.98466E-05 9.98466E-05 9.98466E-05 9.98466E-05 9.98466E-05 9.98466E-05 9.98466E-05 9.98466E-05 9.98466E-05 0.180202 9.98466E-05 9.98466E-05 0.139918 9.98466E-05
9.98558E-05 9.98558E-05 9.98558E-05 9.98558E-05 0.781909 9.98558E-05 9.98558E-05 9.98558E-05 0.060207 9.98558E-05 0.0837166 9.98558E-05 9.98558E-05 9.98558E-05 9.98558E-05 9.98558E-05 9.98558E-05 0.0725699 9.98558E-05 9.98558E-05
9.98558E-05 9.98558E-05 9.98558E-05 9.98558E-05 0.336368 9.98558E-05 9.98558E-05 9.98558E-05 0.18689 9.98558E-05 9.98558E-05 9.98558E-05 9.98558E-05 9.98558E-05 9.98558E-05 9.98558E-05 0.235188 9.98558E-05 0.239957 9.98558E-05
9.98557E-05 9.98557E-05 9.98557E-05 0.0243568 0.776345 9.98557E-05 9.98557E-05 9.98557E-05 9.98557E-05 9.98557E-05 9.98557E-05 9.98557E-05 9.98557E-05 9.98557E-05 9.98557E-05 9.98557E-05 0.0584816 9.98557E-05 0.139218 9.98557E-05
0.0669354 9.98559E-05 9.98559E-05 9.98559E-05 9.98559E-05 9.98559E-05 0.307028 0.605517 9.98559E-05 9.98559E-05 9.98559E-05 9.98559E-05 9.98559E-05 9.98559E-05 9.98559E-05 9.98559E-05 9.98559E-05 9.98559E-05 0.018922 9.98559E-05
9.9883E-05 0.018277 9.9883E-05 9.9883E-05 9.9883E-05 9.9883E-05 0.17462 0.566434 9.9883E-05 9.9883E-05 9.9883E-05 9.9883E-05 9.9883E-05 0.0114975 9.9883E-05 0.0191572 0.0949845 9.9883E-05 0.113732 9.9883E-05
9.9874E-05 9.9874E-05 0.000395983 9.9874E-05 9.9874E-05 0.166494 0.00558252 0.746737 9.9874E-05 9.9874E-05 9.9874E-05 9.9874E-05 9.9874E-05 9.9874E-05 0.0701547 9.9874E-05 9.9874E-05 9.9874E-05 0.0092379 9.9874E-05
9.9847E-05 9.9847E-05 9.9847E-05 9.9847E-05 0.0365902 9.9847E-05 9.9847E-05 0.47634 9.9847E-05 9.9847E-05 0.485373 9.9847E-05 9.9847E-05 9.9847E-05 9.9847E-05 9.9847E-05 9.9847E-05 9.9847E-05 9.9847E-05 9.9847E-05
0.131903 9.98558E-05 9.98558E-05 9.98558E-05 0.00315796 9.98558E-05 0.198426 0.664915 9.98558E-05 9.98558E-05 9.98558E-05 9.98558E-05 9.98558E-05 9.98558E-05 9.98558E-05 9.98558E-05 9.98558E-05 9.98558E-05 9.98558E-05 9.98558E-05
9.99188E-05 9.99188E-05 9.99188E-05 9.99188E-05 0.0849939 0.0304869 9.99188E-05 0.144006 0.000923861 0.00696699 0.162055 9.99188E-05 9.99188E-05 0.00104193 0.0223783 9.99188E-05 0.197805 0.0417519 9.99188E-05 0.306691
9.98557E-05 9.98557E-05 9.98557E-05 9.98557E-05 9.98557E-05 9.98557E-05 9.98557E-05 0.467763 9.98557E-05 9.98557E-05 9.98557E-05 9.98557E-05 9.98557E-05 9.98557E-05 9.98557E-05 0.341125 9.98557E-05 0.00227812 9.98557E-05 0.187236
9.98469E-05 9.98469E-05 9.98469E-05 9.98469E-05 9.98469E-05 9.98469E-05 0.267675 0.729414 9.98469E-05 9.98469E-05 9.98469E-05 0.00121371 9.98469E-05 9.98469E-05 9.98469E-05 9.98469E-05 9.98469E-05 9.98469E-05 9.98469E-05 9.98469E-05
9.98919E-05 0.0225249 9.98919E-05 0.0934594 9.98919E-05 9.98919E-05 0.00535876 0.710702 9.98919E-05 9.98919E-05 9.98919E-05 0.044766 0.00288093 9.98919E-05 9.98919E-05 9.98919E-05 0.0637336 9.98919E-05 9.98919E-05 0.0553753
9.98648E-05 9.98648E-05 9.98648E-05 9.98648E-05 9.98648E-05 9.98648E-05 9.98648E-05 0.392619 0.0753357 9.98648E-05 9.98648E-05 9.98648E-05 0.10353 9.98648E-05 0.329334 9.98648E-05 9.98648E-05 0.0976835 9.98648E-05 9.98648E-05
0.213534 9.9856E-05 9.9856E-05 9.9856E-05 9.9856E-05 9.9856E-05 0.483866 0.255262 9.9856E-05 9.9856E-05 9.9856E-05 9.9856E-05 9.9856E-05 9.9856E-05 9.9856E-05 9.9856E-05 9.9856E-05 9.9856E-05 0.0457406 9.9856E-05
9.98738E-05 9.98738E-05 9.98738E-05 9.98738E-05 9.98738E-05 9.98738E-05 9.98738E-05 0.449645 0.000547255 9.98738E-05 9.98738E-05 9.98738E-05 0.384756 0.108451 0.0126076 0.0425953 9.98738E-05 9.98738E-05 9.98738E-05 9.98738E-05
9.98649E-05 9.98649E-05 9.98649E-05 9.98649E-05 9.98649E-05 9.98649E-05 0.104518 0.764362 9.98649E-05 9.98649E-05 9.98649E-05 9.98649E-05 9.98649E-05 9.98649E-05 9.98649E-05 9.98649E-05 0.0379265 9.98649E-05 0.0167187 0.0749768
9.98918E-05 9.98918E-05 9.98918E-05 9.98918E-05 0.0257544 9.98918E-05 9.98918E-05 0.538234 0.0099179 0.022187 9.98918E-05 0.00836433 0.134758 9.98918E-05 9.98918E-05 9.98918E-05 0.228976 9.98918E-05 9.98918E-05 0.0306109
9.98918E-05 0.0163167 0.051226 0.075584 9.98918E-05 9.98918E-05 0.0413197 0.507152 9.98918E-05 9.98918E-05 9.98918E-05 9.98918E-05 9.98918E-05 9.98918E-05 0.282283 9.98918E-05 0.0202402 9.98918E-05 9.98918E-05 0.0046788
9.98919E-05 0.0202301 9.98919E-05 0.0212734 9.98919E-05 9.98919E-05 0.00893319 0.306229 9.98919E-05 9.98919E-05 9.98919E-05 0.0295109 9.98919E-05 9.98919E-05 9.98919E-05 0.0316155 9.98919E-05 0.0601355 9.98919E-05 0.520874
9.98827E-05 9.98827E-05 9.98827E-05 9.98827E-05 0.0102954 9.98827E-05 9.98827E-05 0.413499 0.0910971 0.219966 0.0798292 9.98827E-05 0.00220285 9.98827E-05 9.98827E-05 9.98827E-05 9.98827E-05 0.181812 9.98827E-05 9.98827E-05
9.98557E-05 9.98557E-05 9.98557E-05 9.98557E-05 9.98557E-05 0.549604 9.98557E-05 0.342358 9.98557E-05 0.0885558 9.98557E-05 9.98557E-05 9.98557E-05 9.98557E-05 9.98557E-05 9.98557E-05 9.98557E-05 0.0178851 9.98557E-05 9.98557E-05
9.98739E-05 0.0916893 9.98739E-05 0.0494081 9.98739E-05 9.98739E-05 0.0219793 0.588401 9.98739E-05 9.98739E-05 9.98739E-05 9.98739E-05 9.98739E-05 9.98739E-05 9.98739E-05 9.98739E-05 0.149993 9.98739E-05 0.0971308 9.98739E-05
9.98469E-05 9.98469E-05 9.98469E-05 9.98469E-05 9.98469E-05 9.98469E-05 9.98469E-05 0.730072 9.98469E-05 9.98469E-05 9.98469E-05 9.98469E-05 9.98469E-05 9.98469E-05 9.98469E-05 0.00661518 9.98469E-05 9.98469E-05 9.98469E-05 0.261615
9.98738E-05 0.0228324 9.98738E-05 0.00887142 9.98738E-05 9.98738E-05 9.98738E-05 0.51039 9.98738E-05 9.98738E-05 0.0662157 9.98738E-05 0.00990081 9.98738E-05 0.380392 9.98738E-05 9.98738E-05 9.98738E-05 9.98738E-05 9.98738E-05
9.98649E-05 9.98649E-05 0.00672476 9.98649E-05 9.98649E-05 0.0888515 9.98649E-05 0.510802 9.98649E-05 0.227238 9.98649E-05 9.98649E-05 9.98649E-05 9.98649E-05 0.164886 9.98649E-05 9.98649E-05 9.98649E-05 9.98649E-05 9.98649E-05
0.0304366 9.99009E-05 0.0117478 9.99009E-05 9.99009E-05 9.99009E-05 9.99009E-05 9.99009E-05 0.0484068 9.99009E-05 0.219019 9.99009E-05 0.0596369 0.146197 0.207953 9.99009E-05 0.239444 9.99009E-05 9.99009E-05 0.0360612
0.29086 9.98737E-05 9.98737E-05 0.499194 0.0173732 9.98737E-05 9.98737E-05 9.98737E-05 9.98737E-05 9.98737E-05 9.98737E-05 9.98737E-05 9.98737E-05 9.98737E-05 9.98737E-05 0.115274 9.98737E-05 0.0495158 9.98737E-05 0.0263855
0.0435823 9.98648E-05 9.98648E-05 9.98648E-05 9.98648E-05 0.597778 9.98648E-05 9.98648E-05 9.98648E-05 9.98648E-05 9.98648E-05 9.98648E-05 9.98648E-05 0.0697863 9.98648E-05 9.98648E-05 0.278465 0.00889123 9.98648E-05 9.98648E-05
0.0846399 0.0171283 9.98648E-05 9.98648E-05 9.98648E-05 9.98648E-05 9.98648E-05 9.98648E-05 9.98648E-05 9.98648E-05 9.98648E-05 9.98648E-05 9.98648E-05 9.98648E-05 0.0994061 9.98648E-05 0.205079 9.98648E-05 9.98648E-05 0.592248
0.898764 9.98648E-05 9.98648E-05 9.98648E-05 9.98648E-05 9.98648E-05 0.0745761 0.00428833 9.98648E-05 9.98648E-05 9.98648E-05 9.98648E-05 9.98648E-05 9.98648E-05 9.98648E-05 9.98648E-05 0.00172053 9.98648E-05 0.0191527 9.98648E-05
9.98917E-05 9.98917E-05 0.0258539 9.98917E-05 9.98917E-05 0.0230004 9.98917E-05 9.98917E-05 9.98917E-05 0.216798 9.98917E-05 9.98917E-05 0.284761 0.135698 9.98917E-05 9.98917E-05 0.132411 0.147183 9.98917E-05 0.0330955
0.5197 0.00309288 9.98828E-05 0.14142 9.98828E-05 9.98828E-05 9.98828E-05 9.98828E-05 9.98828E-05 9.98828E-05 9.98828E-05 9.98828E-05 0.1547 0.129982 0.036745 9.98828E-05 9.98828E-05 0.0130624 9.98828E-05 9.98828E-05
0.076888 9.98649E-05 9.98649E-05 9.98649E-05 0.0202544 9.98649E-05 9.98649E-05 9.98649E-05 0.0391168 9.98649E-05 9.98649E-05 9.98649E-05 9.98649E-05 0.02069 9.98649E-05 9.98649E-05 0.841553 9.98649E-05 9.98649E-05 9.98649E-05
0.187978 9.98558E-05 9.98558E-05 0.427752 9.98558E-05 0.0176077 9.98558E-05 9.98558E-05 9.98558E-05 0.365064 9.98558E-05 9.98558E-05 9.98558E-05 9.98558E-05 9.98558E-05 9.98558E-05 9.98558E-05 9.98558E-05 9.98558E-05 9.98558E-05
0.474275 9.98649E-05 9.98649E-05 9.98649E-05 0.00543174 9.98649E-05 9.98649E-05 9.98649E-05 9.98649E-05 9.98649E-05 9.98649E-05 9.98649E-05 9.98649E-05 0.0483903 9.98649E-05 0.190673 9.98649E-05 9.98649E-05 9.98649E-05 0.279733
0.0162123 9.98917E-05 9.98917E-05 9.98917E-05 9.98917E-05 9.98917E-05 9.98917E-05 9.98917E-05 0.00948319 0.0890773 0.0573908 9.98917E-05 0.160907 0.358409 0.159583 9.98917E-05 0.147739 9.98917E-05 9.98917E-05 9.98917E-05
0.170022 9.98919E-05 9.98919E-05 0.351704 0.00122315 0.440411 9.98919E-05 9.98919E-05 0.00151801 0.0065216 9.98919E-05 9.98919E-05 9.98919E-05 0.00104605 9.98919E-05 9.98919E-05 9.98919E-05 0.0263552 9.98919E-05 9.98919E-05
0.893292 9.98379E-05 9.98379E-05 9.98379E-05 9.98379E-05 9.98379E-05 9.98379E-05 9.98379E-05 9.98379E-05 9.98379E-05 9.98379E-05 9.98379E-05 9.98379E-05 9.98379E-05 9.98379E-05 0.104911 9.98379E-05 9.98379E-05 9.98379E-05 9.98379E-05
9.98829E-05 9.98829E-05 9.98829E-05 9.98829E-05 9.98829E-05 0.0416711 9.98829E-05 9.98829E-05 9.98829E-05 0.052249 0.166644 9.98829E-05 0.201417 0.0437355 9.98829E-05 9.98829E-05 0.171603 0.321381 9.98829E-05 9.98829E-05
0.144442 9.98648E-05 9.98648E-05 0.120554 9.98648E-05 9.98648E-05 9.98648E-05 9.98648E-05 9.98648E-05 0.15579 9.98648E-05 9.98648E-05 9.98648E-05 0.575424 9.98648E-05 9.98648E-05 9.98648E-05 0.00229183 9.98648E-05 9.98648E-05
9.98647E-05 9.98647E-05 0.0555585 9.98647E-05 9.98647E-05 9.98647E-05 9.98647E-05 9.98647E-05 9.98647E-05 0.539523 9.98647E-05 9.98647E-05 0.0208833 9.98647E-05 9.98647E-05 9.98647E-05 9.98647E-05 0.192874 9.98647E-05 0.189663
0.728168 9.98469E-05 9.98469E-05 0.111474 9.98469E-05 9.98469E-05 0.15866 9.98469E-05 9.98469E-05 9.98469E-05 9.98469E-05 9.98469E-05 9.98469E-05 9.98469E-05 9.98469E-05 9.98469E-05 9.98469E-05 9.98469E-05 9.98469E-05 9.98469E-05
0.145316 9.98466E-05 9.98466E-05 9.98466E-05 9.98466E-05 9.98466E-05 9.98466E-05 9.98466E-05 9.98466E-05 0.404595 9.98466E-05 9.98466E-05 9.98466E-05 0.448392 9.98466E-05 9.98466E-05 9.98466E-05 9.98466E-05 9.98466E-05 9.98466E-05
9.98828E-05 9.98828E-05 9.98828E-05 9.98828E-05 9.98828E-05 9.98828E-05 9.98828E-05 9.98828E-05 0.00223416 9.98828E-05 0.250121 9.98828E-05 0.257552 0.0455195 0.108312 9.98828E-05 0.299026 0.0359376 9.98828E-05 9.98828E-05
0.0427937 9.98918E-05 9.98918E-05 0.0260193 0.100742 9.98918E-05 9.98918E-05 9.98918E-05 9.98918E-05 9.98918E-05 0.0459855 9.98918E-05 0.00802257 0.0359162 9.98918E-05 9.98918E-05 0.271441 9.98918E-05 9.98918E-05 0.467881
9.98287E-05 9.98287E-05 0.998103 9.98287E-05 9.98287E-05 9.98287E-05 9.98287E-05 9.98287E-05 9.98287E-05 9.98287E-05 9.98287E-05 9.98287E-05 9.98287E-05 9.98287E-05 9.98287E-05 9.98287E-05 9.98287E-05 9.98287E-05 9.98287E-05 9.98287E-05
0.0894454 0.0200482 0.133796 9.99099E-05 0.00445011 0.141374 9.99099E-05 9.99099E-05 9.99099E-05 0.147284 9.99099E-05 9.99099E-05 9.99099E-05 0.184617 0.0463263 9.99099E-05 0.158851 9.99099E-05 9.99099E-05 0.0728094
0.738438 9.98558E-05 9.98558E-05 0.0136688 9.98558E-05 9.98558E-05 0.000445177 9.98558E-05 9.98558E-05 9.98558E-05 9.98558E-05 9.98558E-05 9.98558E-05 9.98558E-05 9.98558E-05 9.98558E-05 9.98558E-05 9.98558E-05 9.98558E-05 0.24585
9.99098E-05 0.0136837 9.99098E-05 0.117712 9.99098E-05 9.99098E-05 9.99098E-05 9.99098E-05 9.99098E-05 0.356262 0.0914342 0.0305748 0.0955754 9.99098E-05 9.99098E-05 0.0199602 0.119243 9.99098E-05 0.0269022 0.127654
0.307256 9.98736E-05 9.98736E-05 0.339451 0.0799955 9.98736E-05 9.98736E-05 9.98736E-05 9.98736E-05 9.98736E-05 0.0692857 0.0094993 9.98736E-05 9.98736E-05 9.98736E-05 9.98736E-05 0.193115 9.98736E-05 9.98736E-05 9.98736E-05
0.0702982 0.00398591 0.0472452 0.0813008 9.99099E-05 9.99099E-05 0.151724 0.205188 9.99099E-05 9.99099E-05 9.99099E-05 0.0726163 9.99099E-05 9.99099E-05 9.99099E-05 9.99099E-05 0.0815948 9.99099E-05 0.0474218 0.237625
9.99098E-05 9.99098E-05 9.99098E-05 0.114533 0.000193604 9.99098E-05 9.99098E-05 0.0848281 0.0390791 0.611414 0.114787 0.0195434 0.00181748 0.0065783 9.99098E-05 9.99098E-05 9.99098E-05 9.99098E-05 9.99098E-05 0.00622719
9.98468E-05 9.98468E-05 9.98468E-05 0.192525 9.98468E-05 9.98468E-05 9.98468E-05 9.98468E-05 9.98468E-05 9.98468E-05 9.98468E-05 9.98468E-05 9.98468E-05 9.98468E-05 0.749847 9.98468E-05 9.98468E-05 9.98468E-05 0.0559311 9.98468E-05
0.0643607 0.0179744 0.0161283 9.9883E-05 9.9883E-05 9.9883E-05 0.654697 9.9883E-05 9.9883E-05 9.9883E-05 9.9883E-05 0.02113 9.9883E-05 0.0569224 9.9883E-05 0.167488 9.9883E-05 9.9883E-05 9.9883E-05 9.9883E-05
9.98917E-05 9.98917E-05 9.98917E-05 0.326658 9.98917E-05 9.98917E-05 0.0806222 0.126764 9.98917E-05 9.98917E-05 9.98917E-05 0.0889013 9.98917E-05 9.98917E-05 9.98917E-05 0.0526697 0.144367 0.030373 9.98917E-05 0.148446
9.99008E-05 0.00760602 9.99008E-05 0.153118 9.99008E-05 9.99008E-05 0.183902 0.114355 0.00477803 9.99008E-05 0.0259866 9.99008E-05 0.0138168 9.99008E-05 9.99008E-05 9.99008E-05 9.99008E-05 9.99008E-05 0.0347404 0.460598
0.0808356 0.0296364 0.0142418 0.0269067 9.99008E-05 9.99008E-05 0.114385 9.99008E-05 9.99008E-05 9.99008E-05 9.99008E-05 9.99008E-05 0.395806 0.107845 0.190831 9.99008E-05 0.0384147 9.99008E-05 9.99008E-05 9.99008E-05
0.128345 9.98468E-05 9.98468E-05 9.98468E-05 9.98468E-05 9.98468E-05 0.290839 9.98468E-05 9.98468E-05 9.98468E-05 9.98468E-05 9.98468E-05 9.98468E-05 9.98468E-05 9.98468E-05 9.98468E-05 9.98468E-05 9.98468E-05 9.98468E-05 0.579118
9.98647E-05 9.98647E-05 9.98647E-05 9.98647E-05 9.98647E-05 0.1254 9.98647E-05 9.98647E-05 9.98647E-05 0.450031 9.98647E-05 9.98647E-05 0.133405 9.98647E-05 9.98647E-05 9.98647E-05 0.185223 0.104443 9.98647E-05 9.98647E-05
0.0336142 9.98647E-05 9.98647E-05 0.0672982 9.98647E-05 9.98647E-05 0.305646 9.98647E-05 9.98647E-05 9.98647E-05 9.98647E-05 9.98647E-05 9.98647E-05 9.98647E-05 0.0549097 9.98647E-05 9.98647E-05 9.98647E-05 9.98647E-05 0.537034
9.98829E-05 9.98829E-05 0.0148266 0.326619 9.98829E-05 0.391499 0.182066 9.98829E-05 9.98829E-05 0.0473455 9.98829E-05 9.98829E-05 9.98829E-05 0.0278095 9.98829E-05 9.98829E-05 0.00853527 9.98829E-05 9.98829E-05 9.98829E-05
9.98738E-05 9.98738E-05 9.98738E-05 9.98738E-05 9.98738E-05 0.288751 9.98738E-05 0.0101051 9.98738E-05 0.183438 9.98738E-05 9.98738E-05 9.98738E-05 0.199596 0.236838 0.0798741 9.98738E-05 9.98738E-05 9.98738E-05 9.98738E-05
9.9883E-05 9.9883E-05 9.9883E-05 0.248822 9.9883E-05 9.9883E-05 9.9883E-05 0.0512454 9.9883E-05 9.9883E-05 9.9883E-05 0.0450137 9.9883E-05 9.9883E-05 0.352408 9.9883E-05 0.214648 9.9883E-05 0.0803689 0.00619583
9.99098E-05 9.99098E-05 9.99098E-05 0.0286805 9.99098E-05 9.99098E-05 9.99098E-05 0.0797192 0.00778062 9.99098E-05 9.99098E-05 0.011982 9.99098E-05 0.0195864 0.165067 0.036452 0.533938 0.0182959 9.99098E-05 0.0974998
9.98918E-05 0.0184214 9.98918E-05 0.245435 9.98918E-05 9.98918E-05 0.054253 0.0882932 9.98918E-05 9.98918E-05 9.98918E-05 0.0309276 9.98918E-05 9.98918E-05 0.303476 9.98918E-05 0.219512 0.0384827 9.98918E-05 9.98918E-05
9.98828E-05 9.98828E-05 0.116313 9.98828E-05 9.98828E-05 0.124666 0.0698591 0.0566738 9.98828E-05 0.387685 9.98828E-05 9.98828E-05 9.98828E-05 9.98828E-05 0.1254 9.98828E-05 9.98828E-05 9.98828E-05 9.98828E-05 0.118105
0.0685587 9.98739E-05 9.98739E-05 9.98739E-05 9.98739E-05 9.98739E-05 0.57141 9.98739E-05 9.98739E-05 9.98739E-05 9.98739E-05 9.98739E-05 9.98739E-05 9.98739E-05 0.107756 0.0812535 9.98739E-05 0.0427322 9.98739E-05 0.126891
0.137197 9.98648E-05 9.98648E-05 0.24889 9.98648E-05 9.98648E-05 0.590748 0.0144713 9.98648E-05 9.98648E-05 9.98648E-05 9.98648E-05 9.98648E-05 0.00719651 9.98648E-05 9.98648E-05 9.98648E-05 9.98648E-05 9.98648E-05 9.98648E-05
9.98919E-05 9.98919E-05 9.98919E-05 0.245282 9.98919E-05 9.98919E-05 9.98919E-05 9.98919E-05 9.98919E-05 9.98919E-05 0.0101921 0.044427 9.98919E-05 0.00612182 9.98919E-05 0.254537 0.0175297 9.98919E-05 0.0263555 0.394357
0.0211739 9.98739E-05 9.98739E-05 0.195435 9.98739E-05 9.98739E-05 0.498735 9.98739E-05 9.98739E-05 9.98739E-05 9.98739E-05 9.98739E-05 9.98739E-05 0.0214775 9.98739E-05 9.98739E-05 9.98739E-05 9.98739E-05 0.0973229 0.164458
9.98559E-05 9.98559E-05 0.0205327 9.98559E-05 9.98559E-05 9.98559E-05 0.83661 9.98559E-05 9.98559E-05 9.98559E-05 9.98559E-05 9.98559E-05 9.98559E-05 9.98559E-05 9.98559E-05 0.0255546 9.98559E-05 0.115705 9.98559E-05 9.98559E-05
9.98918E-05 9.98918E-05 9.98918E-05 0.356926 0.0151199 9.98918E-05 9.98918E-05 0.00316993 9.98918E-05 9.98918E-05 9.98918E-05 9.98918E-05 9.98918E-05 0.040653 9.98918E-05 0.3789 0.0798322 9.98918E-05 0.0933861 0.0308146
0.0785608 9.99008E-05 9.99008E-05 9.99008E-05 0.043989 0.000102558 0.0761699 9.99008E-05 0.00304608 9.99008E-05 9.99008E-05 9.99008E-05 0.0550009 0.00296373 9.99008E-05 9.99008E-05 0.148757 9.99008E-05 9.99008E-05 0.590312
0.0103031 0.0356193 0.0171543 0.0117329 0.0194037 0.0125108 0.00399394 9.9919E-05 9.9919E-05 9.9919E-05 0.526572 0.00567535 9.9919E-05 9.9919E-05 0.000453112 9.9919E-05 9.9919E-05 0.355682 9.9919E-05 9.9919E-05
9.98558E-05 0.0320904 9.98558E-05 9.98558E-05 9.98558E-05 9.98558E-05 9.98558E-05 9.98558E-05 9.98558E-05 9.98558E-05 9.98558E-05 9.98558E-05 9.98558E-05 0.0150849 9.98558E-05 9.98558E-05 9.98558E-05 0.845769 9.98558E-05 0.105458
9.98918E-05 9.98918E-05 9.98918E-05 0.00324139 0.065476 9.98918E-05 9.98918E-05 9.98918E-05 9.98918E-05 0.0114159 0.141017 0.0502835 9.98918E-05 9.98918E-05 9.98918E-05 0.130464 9.98918E-05 0.0957731 9.98918E-05 0.50113
9.98557E-05 9.98557E-05 9.98557E-05 9.98557E-05 9.98557E-05 9.98557E-05 9.98557E-05 9.98557E-05 9.98557E-05 0.115184 9.98557E-05 9.98557E-05 0.171368 9.98557E-05 9.98557E-05 9.98557E-05 9.98557E-05 0.625644 9.98557E-05 0.0862063
9.9838E-05 9.9838E-05 9.9838E-05 9.9838E-05 9.9838E-05 9.9838E-05 9.9838E-05 0.0398834 9.9838E-05 9.9838E-05 9.9838E-05 9.9838E-05 9.9838E-05 9.9838E-05 9.9838E-05 9.9838E-05 9.9838E-05 0.95832 9.9838E-05 9.9838E-05
9.98648E-05 0.0596261 9.98648E-05 9.98648E-05 9.98648E-05 0.427405 9.98648E-05 9.98648E-05 9.98648E-05 9.98648E-05 9.98648E-05 9.98648E-05 9.98648E-05 9.98648E-05 9.98648E-05 0.0478244 9.98648E-05 0.457126 9.98648E-05 0.00652061
0.0316535 9.98739E-05 9.98739E-05 9.98739E-05 9.98739E-05 0.082973 9.98739E-05 0.0121003 9.98739E-05 0.0729869 9.98739E-05 9.98739E-05 9.98739E-05 9.98739E-05 9.98739E-05 9.98739E-05 9.98739E-05 0.784816 9.98739E-05 0.0140722
9.9856E-05 9.9856E-05 9.9856E-05 9.9856E-05 0.0191701 9.9856E-05 9.9856E-05 9.9856E-05 9.9856E-05 9.9856E-05 9.9856E-05 9.9856E-05 9.9856E-05 9.9856E-05 9.9856E-05 0.346167 9.9856E-05 0.213783 9.9856E-05 0.419282
0.349052 9.9874E-05 9.9874E-05 0.00169809 9.9874E-05 9.9874E-05 0.153847 9.9874E-05 9.9874E-05 0.0570795 9.9874E-05 9.9874E-05 9.9874E-05 9.9874E-05 9.9874E-05 0.31892 9.9874E-05 9.9874E-05 9.9874E-05 0.118005
9.98918E-05 9.98918E-05 9.98918E-05 9.98918E-05 0.0370838 9.98918E-05 9.98918E-05 0.00732046 9.98918E-05 0.0136975 0.475282 0.0695705 9.98918E-05 0.000658829 9.98918E-05 0.0225252 0.372663 9.98918E-05 9.98918E-05 9.98918E-05
9.98649E-05 9.98649E-05 9.98649E-05 9.98649E-05 0.00412772 9.98649E-05 9.98649E-05 0.0591917 9.98649E-05 9.98649E-05 9.98649E-05 9.98649E-05 9.98649E-05 9.98649E-05 9.98649E-05 0.643742 9.98649E-05 0.139022 9.98649E-05 0.152418
9.9883E-05 9.9883E-05 9.9883E-05 0.025604 0.11982 9.9883E-05 9.9883E-05 9.9883E-05 9.9883E-05 9.9883E-05 9.9883E-05 0.14599 9.9883E-05 9.9883E-05 9.9883E-05 0.153993 0.0290253 0.125535 9.9883E-05 0.398735
9.98828E-05 9.98828E-05 9.98828E-05 9.98828E-05 0.137262 9.98828E-05 9.98828E-05 0.00437685 9.98828E-05 9.98828E-05 0.137163 9.98828E-05 0.0115572 9.98828E-05 9.98828E-05 9.98828E-05 0.0406451 0.242461 9.98828E-05 0.425237
0.13545 9.9856E-05 9.9856E-05 9.9856E-05 9.9856E-05 9.9856E-05 9.9856E-05 9.9856E-05 9.9856E-05 9.9856E-05 0.0175308 9.9856E-05 9.9856E-05 9.9856E-05 9.9856E-05 0.20172 9.9856E-05 9.9856E-05 9.9856E-05 0.643702
