0.022631 0.555368 9.9865E-05 9.9865E-05 9.9865E-05 9.9865E-05 9.9865E-05 0.36071 9.9865E-05 9.9865E-05 9.9865E-05 0.0597937 9.9865E-05 9.9865E-05 9.9865E-05 9.9865E-05 9.9865E-05 9.9865E-05 9.9865E-05
0.0206546 0.491994 9.98919E-05 9.98919E-05 9.98919E-05 0.0344551 9.98919E-05 0.321046 0.0409344 9.98919E-05 9.98919E-05 9.98919E-05 9.98919E-05 9.98919E-05 9.98919E-05 0.00330506 9.98919E-05 0.0864122 9.98919E-05
0.0122713 9.98901E-05 9.98901E-05 9.98901E-05 9.98901E-05 0.759313 9.98901E-05 9.98901E-05 9.98901E-05 0.0670202 0.0338635 0.0331533 0.0148895 9.98901E-05 9.98901E-05 9.98901E-05 0.0192303 9.98901E-05 0.05916
9.98919E-05 0.259355 0.0803137 9.98919E-05 9.98919E-05 9.98919E-05 0.10907 0.430257 9.98919E-05 9.98919E-05 9.98919E-05 0.0245304 9.98919E-05 0.0941075 9.98919E-05 9.98919E-05 0.0011684 9.98919E-05 9.98919E-05
9.98827E-05 9.98827E-05 9.98827E-05 9.98827E-05 9.98827E-05 9.98827E-05 0.499363 0.277893 0.0263871 9.98827E-05 0.032017 9.98827E-05 9.98827E-05 0.120849 9.98827E-05 9.98827E-05 9.98827E-05 9.98827E-05 0.0421929
9.99098E-05 0.348647 9.99098E-05 0.257935 0.0103427 0.0451796 9.99098E-05 9.99098E-05 0.0238247 0.0515096 9.99098E-05 9.99098E-05 9.99098E-05 0.203087 0.0232256 0.0352495 9.99098E-05 9.99098E-05 9.99098E-05
9.98738E-05 0.28485 9.98738E-05 9.98738E-05 9.98738E-05 0.367989 9.98738E-05 0.0508594 9.98738E-05 0.256405 9.98738E-05 9.98738E-05 9.98738E-05 9.98738E-05 9.98738E-05 9.98738E-05 0.0384979 9.98738E-05 9.98738E-05
0.14289 0.299071 9.98829E-05 0.203482 9.98829E-05 0.0407305 9.98829E-05 9.98829E-05 0.178996 0.133531 9.98829E-05 9.98829E-05 9.98829E-05 9.98829E-05 9.98829E-05 9.98829E-05 9.98829E-05 9.98829E-05 9.98829E-05
0.0286476 0.382783 0.154672 0.0448546 9.99099E-05 9.99099E-05 9.99099E-05 0.190921 0.00684928 9.99099E-05 9.99099E-05 9.99099E-05 9.99099E-05 0.146448 9.99099E-05 9.99099E-05 9.99099E-05 0.00920703 0.0346183
9.98648E-05 9.98648E-05 9.98648E-05 0.633819 9.98648E-05 9.98648E-05 9.98648E-05 9.98648E-05 9.98648E-05 0.352218 9.98648E-05 9.98648E-05 0.00172974 9.98648E-05 9.98648E-05 9.98648E-05 0.010736 9.98648E-05 9.98648E-05
9.99188E-05 0.0594575 0.211175 0.0306465 9.99188E-05 0.0810986 9.99188E-05 0.059186 0.153611 9.99188E-05 0.0161804 9.99188E-05 9.99188E-05 0.0232168 9.99188E-05 0.0142507 9.99188E-05 0.350278 9.99188E-05
9.98829E-05 9.98829E-05 9.98829E-05 0.242299 9.98829E-05 9.98829E-05 9.98829E-05 0.416429 0.0370158 9.98829E-05 9.98829E-05 9.98829E-05 0.0576353 0.15298 9.98829E-05 9.98829E-05 9.98829E-05 0.0923424 9.98829E-05
9.98738E-05 0.195428 0.500528 9.98738E-05 9.98738E-05 9.98738E-05 9.98738E-05 9.98738E-05 9.98738E-05 0.110253 9.98738E-05 9.98738E-05 9.98738E-05 9.98738E-05 9.98738E-05 0.170924 9.98738E-05 9.98738E-05 0.0214696
0.0190322 0.15104 9.9892E-05 0.182693 0.00185999 0.563247 9.9892E-05 0.0126517 9.9892E-05 9.9892E-05 0.0682778 9.9892E-05 9.9892E-05 9.9892E-05 9.9892E-05 9.9892E-05 9.9892E-05 9.9892E-05 9.9892E-05
9.98738E-05 9.98738E-05 9.98738E-05 0.0673583 9.98738E-05 9.98738E-05 9.98738E-05 0.296829 0.161764 9.98738E-05 9.98738E-05 9.98738E-05 9.98738E-05 0.05658 9.98738E-05 9.98738E-05 9.98738E-05 0.416071 9.98738E-05
9.99098E-05 0.117023 9.99098E-05 0.157729 9.99098E-05 0.151732 9.99098E-05 9.99098E-05 9.99098E-05 0.304331 9.99098E-05 0.0015809 9.99098E-05 0.0271939 0.022193 9.99098E-05 0.214794 9.99098E-05 0.0024241
9.98919E-05 0.379417 0.00837981 0.00108492 9.98919E-05 0.405508 9.98919E-05 0.0227729 9.98919E-05 0.15733 9.98919E-05 9.98919E-05 9.98919E-05 9.98919E-05 9.98919E-05 9.98919E-05 0.0243092 9.98919E-05 9.98919E-05
9.98866E-05 0.237538 9.98866E-05 9.98866E-05 9.98866E-05 0.526929 9.98866E-05 0.0144037 0.0310495 0.147263 9.98866E-05 9.98866E-05 9.98866E-05 9.98866E-05 9.98866E-05 9.98866E-05 9.98866E-05 0.0415173 9.98866E-05
9.99009E-05 0.124205 0.170035 9.99009E-05 0.00770851 0.161009 9.99009E-05 0.264685 9.99009E-05 9.99009E-05 9.99009E-05 9.99009E-05 0.0964715 0.130714 9.99009E-05 0.044073 9.99009E-05 9.99009E-05 9.99009E-05
9.98648E-05 9.98648E-05 9.98648E-05 9.98648E-05 9.98648E-05 9.98648E-05 0.196165 9.98648E-05 9.98648E-05 9.98648E-05 9.98648E-05 0.727703 9.98648E-05 9.98648E-05 9.98648E-05 9.98648E-05 9.98648E-05 0.0563515 0.0182826
9.98559E-05 9.98559E-05 0.0681692 9.98559E-05 9.98559E-05 9.98559E-05 0.159049 9.98559E-05 9.98559E-05 9.98559E-05 9.98559E-05 0.771184 9.98559E-05 9.98559E-05 9.98559E-05 9.98559E-05 9.98559E-05 9.98559E-05 9.98559E-05
9.98647E-05 0.0392505 9.98647E-05 0.0528645 9.98647E-05 9.98647E-05 0.0594239 9.98647E-05 9.98647E-05 9.98647E-05 9.98647E-05 0.846963 9.98647E-05 9.98647E-05 9.98647E-05 9.98647E-05 9.98647E-05 9.98647E-05 9.98647E-05
9.98739E-05 9.98739E-05 0.127335 9.98739E-05 9.98739E-05 9.98739E-05 0.010551 9.98739E-05 9.98739E-05 9.98739E-05 9.98739E-05 0.614242 0.218215 9.98739E-05 9.98739E-05 9.98739E-05 9.98739E-05 9.98739E-05 0.0282592
9.98829E-05 9.98829E-05 0.0932742 9.98829E-05 9.98829E-05 9.98829E-05 9.98829E-05 0.0345425 9.98829E-05 9.98829E-05 9.98829E-05 0.714948 9.98829E-05 0.0749283 9.98829E-05 9.98829E-05 9.98829E-05 0.070674 0.0103341
0.00307814 9.98827E-05 9.98827E-05 0.072011 0.0639521 0.254758 9.98827E-05 9.98827E-05 9.98827E-05 9.98827E-05 9.98827E-05 0.422368 9.98827E-05 9.98827E-05 0.182534 9.98827E-05 9.98827E-05 9.98827E-05 9.98827E-05
0.0550854 9.99098E-05 9.99098E-05 9.99098E-05 0.2707 9.99098E-05 9.99098E-05 0.116744 0.0231054 9.99098E-05 0.00494896 0.291368 9.99098E-05 0.0898387 9.99098E-05 9.99098E-05 9.99098E-05 0.0720224 0.0751885
9.98739E-05 9.98739E-05 9.98739E-05 9.98739E-05 9.98739E-05 9.98739E-05 9.98739E-05 9.98739E-05 9.98739E-05 0.229627 9.98739E-05 0.218026 9.98739E-05 9.98739E-05 0.21424 9.98739E-05 0.291518 9.98739E-05 0.0451918
0.184107 9.98739E-05 9.98739E-05 9.98739E-05 0.105956 9.98739E-05 0.536585 9.98739E-05 9.98739E-05 9.98739E-05 9.98739E-05 0.138759 9.98739E-05 9.98739E-05 9.98739E-05 9.98739E-05 9.98739E-05 9.98739E-05 0.0331944
9.98918E-05 0.0101186 9.98918E-05 0.098218 0.0214987 9.98918E-05 9.98918E-05 9.98918E-05 9.98918E-05 9.98918E-05 9.98918E-05 0.791211 9.98918E-05 9.98918E-05 0.0140993 0.0579941 0.00566162 9.98918E-05 9.98918E-05
9.98628E-05 9.98628E-05 0.135026 9.98628E-05 9.98628E-05 9.98628E-05 9.98628E-05 9.98628E-05 9.98628E-05 9.98628E-05 9.98628E-05 0.840833 9.98628E-05 0.0225427 9.98628E-05 9.98628E-05 9.98628E-05 9.98628E-05 9.98628E-05
0.00993727 9.99101E-05 9.99101E-05 9.99101E-05 9.99101E-05 0.0101005 9.99101E-05 9.99101E-05 9.99101E-05 0.098325 9.99101E-05 0.532902 0.131641 0.00872719 0.0730647 9.99101E-05 0.12112 0.0131835 9.99101E-05
9.98828E-05 9.98828E-05 9.98828E-05 0.0279858 0.6924 0.0213807 9.98828E-05 9.98828E-05 9.98828E-05 9.98828E-05 9.98828E-05 9.98828E-05 9.98828E-05 9.98828E-05 0.169637 0.0790067 0.00829106 9.98828E-05 9.98828E-05
9.98647E-05 9.98647E-05 9.98647E-05 9.98647E-05 9.98647E-05 9.98647E-05 9.98647E-05 9.98647E-05 9.98647E-05 0.222945 9.98647E-05 0.57905 9.98647E-05 9.98647E-05 0.0753787 9.98647E-05 0.121128 9.98647E-05 9.98647E-05
9.98828E-05 0.137307 9.98828E-05 9.98828E-05 0.0212866 0.0789918 9.98828E-05 9.98828E-05 9.98828E-05 0.0766706 9.98828E-05 0.607316 9.98828E-05 9.98828E-05 0.0771292 9.98828E-05 9.98828E-05 9.98828E-05 9.98828E-05
9.98559E-05 9.98559E-05 0.190974 9.98559E-05 9.98559E-05 9.98559E-05 9.98559E-05 9.98559E-05 9.98559E-05 9.98559E-05 9.98559E-05 0.804826 9.98559E-05 0.00260271 9.98559E-05 9.98559E-05 9.98559E-05 9.98559E-05 9.98559E-05
9.98829E-05 9.98829E-05 9.98829E-05 9.98829E-05 9.98829E-05 9.98829E-05 0.0304078 0.0477904 9.98829E-05 9.98829E-05 9.98829E-05 0.721378 9.98829E-05 0.0658278 9.98829E-05 9.98829E-05 9.98829E-05 0.103518 0.0297787
9.9856E-05 9.9856E-05 9.9856E-05 9.9856E-05 9.9856E-05 9.9856E-05 0.0249527 9.9856E-05 9.9856E-05 9.9856E-05 9.9856E-05 0.690216 9.9856E-05 9.9856E-05 9.9856E-05 9.9856E-05 9.9856E-05 0.283233 9.9856E-05
9.98649E-05 9.98649E-05 9.98649E-05 9.98649E-05 9.98649E-05 9.98649E-05 9.98649E-05 0.0908955 9.98649E-05 9.98649E-05 9.98649E-05 0.683565 0.195477 9.98649E-05 9.98649E-05 9.98649E-05 9.98649E-05 9.98649E-05 0.0285647
9.98556E-05 0.167294 9.98556E-05 9.98556E-05 9.98556E-05 9.98556E-05 9.98556E-05 9.98556E-05 9.98556E-05 9.98556E-05 9.98556E-05 9.98556E-05 9.98556E-05 9.98556E-05 0.38351 9.98556E-05 9.98556E-05 9.98556E-05 0.447598
9.9892E-05 0.0366387 9.9892E-05 9.9892E-05 9.9892E-05 9.9892E-05 0.042513 0.0174803 9.9892E-05 9.9892E-05 9.9892E-05 9.9892E-05 0.00435587 9.9892E-05 0.792374 0.0489402 0.0564989 9.9892E-05 9.9892E-05
0.0551923 9.98829E-05 9.98829E-05 9.98829E-05 9.98829E-05 9.98829E-05 9.98829E-05 9.98829E-05 9.98829E-05 0.22076 0.0880249 0.0194794 9.98829E-05 9.98829E-05 0.550445 9.98829E-05 0.0648006 9.98829E-05 9.98829E-05
0.00353543 9.98828E-05 9.98828E-05 9.98828E-05 0.106575 9.98828E-05 0.128996 9.98828E-05 9.98828E-05 9.98828E-05 9.98828E-05 9.98828E-05 0.308869 9.98828E-05 0.265199 9.98828E-05 9.98828E-05 9.98828E-05 0.185527
9.98737E-05 0.144563 9.98737E-05 0.030055 9.98737E-05 9.98737E-05 9.98737E-05 9.98737E-05 9.98737E-05 9.98737E-05 9.98737E-05 0.244771 9.98737E-05 9.98737E-05 0.452928 9.98737E-05 9.98737E-05 9.98737E-05 0.126284
9.98829E-05 9.98829E-05 9.98829E-05 9.98829E-05 0.0383547 0.0829929 9.98829E-05 9.98829E-05 9.98829E-05 9.98829E-05 0.0899027 0.0402447 9.98829E-05 9.98829E-05 0.636892 9.98829E-05 9.98829E-05 0.110315 9.98829E-05
9.98648E-05 9.98648E-05 9.98648E-05 9.98648E-05 0.575683 9.98648E-05 9.98648E-05 0.208417 9.98648E-05 9.98648E-05 9.98648E-05 9.98648E-05 0.161184 9.98648E-05 9.98648E-05 9.98648E-05 9.98648E-05 9.98648E-05 0.0532184
9.98919E-05 9.98919E-05 0.00622591 9.98919E-05 9.98919E-05 9.98919E-05 9.98919E-05 0.0506312 0.17415 9.98919E-05 9.98919E-05 9.98919E-05 9.98919E-05 0.035602 0.136246 9.98919E-05 9.98919E-05 0.0269527 0.568993
9.98738E-05 9.98738E-05 9.98738E-05 9.98738E-05 9.98738E-05 0.213298 9.98738E-05 9.98738E-05 9.98738E-05 0.0525693 9.98738E-05 0.150605 9.98738E-05 9.98738E-05 0.581908 9.98738E-05 0.000221024 9.98738E-05 9.98738E-05
0.0222901 0.0963544 9.98737E-05 0.0504512 9.98737E-05 9.98737E-05 9.98737E-05 9.98737E-05 9.98737E-05 9.98737E-05 9.98737E-05 9.98737E-05 9.98737E-05 9.98737E-05 0.468503 9.98737E-05 9.98737E-05 9.98737E-05 0.361003
9.98649E-05 9.98649E-05 9.98649E-05 9.98649E-05 9.98649E-05 9.98649E-05 0.0492337 9.98649E-05 9.98649E-05 0.0345781 9.98649E-05 9.98649E-05 9.98649E-05 9.98649E-05 0.443694 9.98649E-05 0.470996 9.98649E-05 9.98649E-05
0.0709881 0.0665369 9.9883E-05 9.9883E-05 9.9883E-05 9.9883E-05 9.9883E-05 9.9883E-05 0.141182 9.9883E-05 9.9883E-05 9.9883E-05 0.00116461 9.9883E-05 0.285509 9.9883E-05 9.9883E-05 9.9883E-05 0.43332
9.98738E-05 9.98738E-05 9.98738E-05 9.98738E-05 9.98738E-05 9.98738E-05 0.0967129 9.98738E-05 9.98738E-05 9.98738E-05 9.98738E-05 9.98738E-05 0.0329104 9.98738E-05 0.735156 9.98738E-05 0.0753144 9.98738E-05 0.0585079
9.98702E-05 9.98702E-05 0.224008 9.98702E-05 9.98702E-05 9.98702E-05 0.220036 9.98702E-05 9.98702E-05 9.98702E-05 9.98702E-05 0.0114089 0.0363096 9.98702E-05 0.418557 9.98702E-05 9.98702E-05 9.98702E-05 0.088382
9.99008E-05 9.99008E-05 9.99008E-05 9.99008E-05 0.214782 9.99008E-05 9.99008E-05 0.0132221 9.99008E-05 9.99008E-05 0.0464311 0.0686994 9.99008E-05 0.0412901 0.0316266 9.99008E-05 9.99008E-05 0.269203 0.313647
0.0592162 9.98739E-05 9.98739E-05 9.98739E-05 9.98739E-05 9.98739E-05 9.98739E-05 9.98739E-05 9.98739E-05 9.98739E-05 9.98739E-05 9.98739E-05 9.98739E-05 0.277904 0.271113 9.98739E-05 9.98739E-05 0.210524 0.179844
0.0164769 9.9919E-05 9.9919E-05 9.9919E-05 0.112968 9.9919E-05 0.00772555 0.0496164 0.0113705 9.9919E-05 9.9919E-05 0.0115867 0.435959 9.9919E-05 0.145749 9.9919E-05 9.9919E-05 0.0318617 0.175787
0.204672 9.98738E-05 9.98738E-05 9.98738E-05 9.98738E-05 9.98738E-05 9.98738E-05 0.0408424 9.98738E-05 9.98738E-05 9.98738E-05 0.354097 0.34004 0.0589505 9.98738E-05 9.98738E-05 9.98738E-05 9.98738E-05 9.98738E-05
9.98827E-05 0.0686404 9.98827E-05 0.036266 0.0738554 9.98827E-05 9.98827E-05 9.98827E-05 9.98827E-05 9.98827E-05 9.98827E-05 9.98827E-05 9.98827E-05 9.98827E-05 0.5253 0.0632384 9.98827E-05 9.98827E-05 0.231402
0.287683 9.98828E-05 0.178016 9.98828E-05 9.98828E-05 9.98828E-05 0.121354 9.98828E-05 9.98828E-05 9.98828E-05 9.98828E-05 9.98828E-05 9.98828E-05 9.98828E-05 0.278443 9.98828E-05 0.0200653 9.98828E-05 0.113141
0.0584197 0.00436701 9.99278E-05 0.0249728 0.0043049 0.0258875 0.00536727 9.99278E-05 0.00574549 9.99278E-05 9.99278E-05 9.99278E-05 9.99278E-05 9.99278E-05 0.779819 0.0519271 0.037156 0.00123333 9.99278E-05
9.98558E-05 9.98558E-05 9.98558E-05 9.98558E-05 9.98558E-05 9.98558E-05 0.159251 9.98558E-05 9.98558E-05 9.98558E-05 9.98558E-05 9.98558E-05 9.98558E-05 9.98558E-05 0.186878 9.98558E-05 9.98558E-05 9.98558E-05 0.652273
9.98827E-05 0.136621 9.98827E-05 9.98827E-05 0.12927 9.98827E-05 9.98827E-05 9.98827E-05 9.98827E-05 9.98827E-05 9.98827E-05 0.0408835 9.98827E-05 9.98827E-05 0.133212 9.98827E-05 9.98827E-05 0.00544113 0.553274
0.059564 0.0468556 9.99008E-05 9.99008E-05 9.99008E-05 9.99008E-05 9.99008E-05 0.0201147 0.0439167 9.99008E-05 9.99008E-05 9.99008E-05 9.99008E-05 0.11053 0.303415 9.99008E-05 9.99008E-05 0.0386519 0.375853
9.98829E-05 9.98829E-05 9.98829E-05 9.98829E-05 0.528454 0.111753 9.98829E-05 9.98829E-05 9.98829E-05 9.98829E-05 9.98829E-05 9.98829E-05 9.98829E-05 9.98829E-05 0.163386 0.0945756 0.0451461 9.98829E-05 0.0553876
9.98559E-05 9.98559E-05 9.98559E-05 9.98559E-05 9.98559E-05 9.98559E-05 9.98559E-05 9.98559E-05 9.98559E-05 9.98559E-05 9.98559E-05 0.0433802 0.30889 9.98559E-05 9.98559E-05 9.98559E-05 9.98559E-05 9.98559E-05 0.646133
0.0633161 9.98738E-05 9.98738E-05 9.98738E-05 9.98738E-05 0.230305 9.98738E-05 9.98738E-05 9.98738E-05 0.267292 9.98738E-05 9.98738E-05 9.98738E-05 9.98738E-05 0.148515 9.98738E-05 9.98738E-05 9.98738E-05 0.289173
0.0249448 0.00980552 0.158078 9.99188E-05 0.416657 0.0018084 9.99188E-05 9.99188E-05 0.0245427 9.99188E-05 9.99188E-05 0.0336624 9.99188E-05 0.0337458 9.99188E-05 9.99188E-05 9.99188E-05 0.132942 0.162913
9.9865E-05 9.9865E-05 9.9865E-05 9.9865E-05 9.9865E-05 9.9865E-05 0.053986 9.9865E-05 0.0336899 9.9865E-05 9.9865E-05 9.9865E-05 0.0298946 9.9865E-05 9.9865E-05 9.9865E-05 9.9865E-05 9.9865E-05 0.880931
9.9865E-05 9.9865E-05 9.9865E-05 9.9865E-05 9.9865E-05 9.9865E-05 0.118606 9.9865E-05 9.9865E-05 0.0331421 9.9865E-05 9.9865E-05 9.9865E-05 9.9865E-05 9.9865E-05 9.9865E-05 9.9865E-05 0.113463 0.733291
0.0628668 0.00643975 9.98917E-05 9.98917E-05 0.811939 0.0309998 9.98917E-05 0.0634366 9.98917E-05 9.98917E-05 9.98917E-05 9.98917E-05 9.98917E-05 0.00756664 9.98917E-05 9.98917E-05 9.98917E-05 9.98917E-05 0.0155529
9.98738E-05 0.127153 9.98738E-05 0.0313413 0.684429 9.98738E-05 9.98738E-05 9.98738E-05 9.98738E-05 9.98738E-05 9.98738E-05 0.121091 9.98738E-05 9.98738E-05 0.0345878 9.98738E-05 9.98738E-05 9.98738E-05 9.98738E-05
9.98403E-05 9.98403E-05 9.98403E-05 9.98403E-05 0.632625 9.98403E-05 9.98403E-05 9.98403E-05 9.98403E-05 9.98403E-05 9.98403E-05 9.98403E-05 9.98403E-05 9.98403E-05 0.0862707 9.98403E-05 0.279507 9.98403E-05 9.98403E-05
9.98648E-05 9.98648E-05 9.98648E-05 9.98648E-05 0.0209048 9.98648E-05 9.98648E-05 9.98648E-05 9.98648E-05 0.502718 9.98648E-05 9.98648E-05 9.98648E-05 9.98648E-05 0.259153 9.98648E-05 9.98648E-05 9.98648E-05 0.215726
9.98649E-05 9.98649E-05 9.98649E-05 9.98649E-05 9.98649E-05 9.98649E-05 9.98649E-05 0.0478019 0.0985935 9.98649E-05 9.98649E-05 0.646259 0.205848 9.98649E-05 9.98649E-05 9.98649E-05 9.98649E-05 9.98649E-05 9.98649E-05
9.98916E-05 9.98916E-05 9.98916E-05 9.98916E-05 0.00739394 0.0822373 9.98916E-05 9.98916E-05 9.98916E-05 0.132337 9.98916E-05 9.98916E-05 9.98916E-05 9.98916E-05 0.299078 0.0252616 0.0653536 9.98916E-05 0.38714
9.98558E-05 9.98558E-05 9.98558E-05 9.98558E-05 0.400246 9.98558E-05 0.0491722 9.98558E-05 9.98558E-05 9.98558E-05 9.98558E-05 9.98558E-05 9.98558E-05 9.98558E-05 9.98558E-05 9.98558E-05 9.98558E-05 9.98558E-05 0.548984
9.98738E-05 9.98738E-05 0.0663557 9.98738E-05 0.629864 9.98738E-05 9.98738E-05 0.120672 9.98738E-05 9.98738E-05 9.98738E-05 9.98738E-05 9.98738E-05 0.165272 9.98738E-05 9.98738E-05 9.98738E-05 0.0164383 9.98738E-05
9.98737E-05 9.98737E-05 9.98737E-05 9.98737E-05 9.98737E-05 0.0260204 9.98737E-05 9.98737E-05 9.98737E-05 0.159281 9.98737E-05 0.690701 9.98737E-05 9.98737E-05 0.0739425 9.98737E-05 0.0486569 9.98737E-05 9.98737E-05
9.98739E-05 9.98739E-05 9.98739E-05 9.98739E-05 0.151462 9.98739E-05 9.98739E-05 9.98739E-05 9.98739E-05 0.429344 9.98739E-05 0.11861 9.98739E-05 9.98739E-05 0.201989 9.98739E-05 0.0971976 9.98739E-05 9.98739E-05
9.98827E-05 0.0208369 9.98827E-05 0.0163041 9.98827E-05 0.0838433 9.98827E-05 9.98827E-05 9.98827E-05 0.0659882 9.98827E-05 0.675922 9.98827E-05 9.98827E-05 0.135808 9.98827E-05 9.98827E-05 9.98827E-05 9.98827E-05
0.0522021 0.037536 9.99008E-05 0.039608 0.474383 9.99008E-05 0.0862107 9.99008E-05 9.99008E-05 9.99008E-05 9.99008E-05 0.213967 9.99008E-05 9.99008E-05 0.0678684 0.0271259 9.99008E-05 9.99008E-05 9.99008E-05
9.98739E-05 9.98739E-05 9.98739E-05 9.98739E-05 0.190826 9.98739E-05 0.0738313 9.98739E-05 9.98739E-05 9.98739E-05 9.98739E-05 0.092016 9.98739E-05 9.98739E-05 0.214694 9.98739E-05 0.427235 9.98739E-05 9.98739E-05
9.98829E-05 9.98829E-05 0.308482 9.98829E-05 0.00166528 9.98829E-05 9.98829E-05 9.98829E-05 9.98829E-05 9.98829E-05 9.98829E-05 0.182331 0.00784144 9.98829E-05 0.104149 9.98829E-05 9.98829E-05 9.98829E-05 0.394233
9.98558E-05 9.98558E-05 0.235494 9.98558E-05 9.98558E-05 9.98558E-05 9.98558E-05 9.98558E-05 9.98558E-05 9.98558E-05 9.98558E-05 9.98558E-05 9.98558E-05 9.98558E-05 0.388846 9.98558E-05 9.98558E-05 9.98558E-05 0.374062
0.0911637 9.9874E-05 0.442294 9.9874E-05 9.9874E-05 9.9874E-05 9.9874E-05 9.9874E-05 9.9874E-05 9.9874E-05 9.9874E-05 0.0381942 9.9874E-05 9.9874E-05 0.371083 9.9874E-05 9.9874E-05 9.9874E-05 0.0558669
9.98737E-05 9.98737E-05 9.98737E-05 0.0329723 9.98737E-05 9.98737E-05 9.98737E-05 9.98737E-05 9.98737E-05 0.220232 9.98737E-05 9.98737E-05 9.98737E-05 9.98737E-05 0.45397 9.98737E-05 0.0285368 9.98737E-05 0.26289
9.98737E-05 9.98737E-05 9.98737E-05 9.98737E-05 0.0425377 9.98737E-05 0.304993 9.98737E-05 9.98737E-05 9.98737E-05 9.98737E-05 0.0439289 9.98737E-05 9.98737E-05 0.133139 9.98737E-05 9.98737E-05 9.98737E-05 0.474003
0.0247545 9.98649E-05 0.0221861 9.98649E-05 9.98649E-05 9.98649E-05 9.98649E-05 0.0748054 9.98649E-05 9.98649E-05 9.98649E-05 9.98649E-05 9.98649E-05 9.98649E-05 9.98649E-05 9.98649E-05 9.98649E-05 9.98649E-05 0.876756
0.596264 9.98737E-05 9.98737E-05 0.0807443 9.98737E-05 0.0863429 9.98737E-05 9.98737E-05 9.98737E-05 0.048905 9.98737E-05 0.186346 9.98737E-05 9.98737E-05 9.98737E-05 9.98737E-05 9.98737E-05 9.98737E-05 9.98737E-05
0.378619 9.98647E-05 9.98647E-05 9.98647E-05 9.98647E-05 0.0532865 9.98647E-05 9.98647E-05 9.98647E-05 0.169079 9.98647E-05 9.98647E-05 9.98647E-05 9.98647E-05 0.397518 9.98647E-05 9.98647E-05 9.98647E-05 9.98647E-05
0.654 9.98648E-05 9.98648E-05 9.98648E-05 0.0464035 9.98648E-05 9.98648E-05 9.98648E-05 0.137607 9.98648E-05 9.98648E-05 0.160492 9.98648E-05 9.98648E-05 9.98648E-05 9.98648E-05 9.98648E-05 9.98648E-05 9.98648E-05
0.502391 9.98647E-05 9.98647E-05 9.98647E-05 9.98647E-05 0.157081 9.98647E-05 9.98647E-05 9.98647E-05 0.0665607 9.98647E-05 9.98647E-05 9.98647E-05 9.98647E-05 0.272469 9.98647E-05 9.98647E-05 9.98647E-05 9.98647E-05
0.704271 9.98557E-05 9.98557E-05 9.98557E-05 9.98557E-05 9.98557E-05 9.98557E-05 9.98557E-05 9.98557E-05 0.17128 9.98557E-05 9.98557E-05 9.98557E-05 9.98557E-05 0.122852 9.98557E-05 9.98557E-05 9.98557E-05 9.98557E-05
0.773741 9.98738E-05 9.98738E-05 9.98738E-05 9.98738E-05 9.98738E-05 9.98738E-05 0.0743372 0.0975119 9.98738E-05 9.98738E-05 9.98738E-05 0.0241662 9.98738E-05 9.98738E-05 9.98738E-05 9.98738E-05 9.98738E-05 0.0288451
0.339645 0.130172 9.98738E-05 9.98738E-05 9.98738E-05 0.0834639 9.98738E-05 9.98738E-05 9.98738E-05 9.98738E-05 9.98738E-05 9.98738E-05 9.98738E-05 9.98738E-05 0.214979 9.98738E-05 9.98738E-05 9.98738E-05 0.230343
0.788029 0.0533961 9.98648E-05 0.0465015 9.98648E-05 9.98648E-05 9.98648E-05 9.98648E-05 9.98648E-05 9.98648E-05 9.98648E-05 9.98648E-05 9.98648E-05 9.98648E-05 0.110575 9.98648E-05 9.98648E-05 9.98648E-05 9.98648E-05
9.98649E-05 9.98649E-05 9.98649E-05 9.98649E-05 0.0180808 9.98649E-05 9.98649E-05 9.98649E-05 9.98649E-05 9.98649E-05 9.98649E-05 9.98649E-05 9.98649E-05 9.98649E-05 0.0124558 0.589453 0.378513 9.98649E-05 9.98649E-05
9.9892E-05 9.9892E-05 9.9892E-05 9.9892E-05 9.9892E-05 9.9892E-05 0.0305197 9.9892E-05 9.9892E-05 0.0776603 9.9892E-05 0.00147539 9.9892E-05 0.0496981 0.12152 0.590781 0.127146 9.9892E-05 9.9892E-05
9.9883E-05 9.9883E-05 0.00661313 9.9883E-05 9.9883E-05 9.9883E-05 0.080191 9.9883E-05 9.9883E-05 9.9883E-05 9.9883E-05 9.9883E-05 0.148525 9.9883E-05 0.0118099 0.74399 0.00757337 9.9883E-05 9.9883E-05
0.0169065 9.9865E-05 9.9865E-05 9.9865E-05 9.9865E-05 0.0479504 9.9865E-05 9.9865E-05 0.467402 9.9865E-05 9.9865E-05 9.9865E-05 9.9865E-05 9.9865E-05 9.9865E-05 0.466243 9.9865E-05 9.9865E-05 9.9865E-05
0.00791651 9.98738E-05 9.98738E-05 9.98738E-05 9.98738E-05 9.98738E-05 9.98738E-05 9.98738E-05 9.98738E-05 0.00529259 0.0716276 9.98738E-05 9.98738E-05 9.98738E-05 9.98738E-05 0.628071 0.285694 9.98738E-05 9.98738E-05
0.0688986 0.378606 9.99098E-05 9.99098E-05 9.99098E-05 0.149216 9.99098E-05 0.0226644 0.131208 9.99098E-05 9.99098E-05 9.99098E-05 0.0383701 0.0166205 9.99098E-05 0.1617 9.99098E-05 0.0317175 9.99098E-05
9.98557E-05 9.98557E-05 9.98557E-05 9.98557E-05 9.98557E-05 0.320044 9.98557E-05 9.98557E-05 9.98557E-05 0.234573 9.98557E-05 9.98557E-05 9.98557E-05 9.98557E-05 9.98557E-05 0.443785 9.98557E-05 9.98557E-05 9.98557E-05
9.98559E-05 9.98559E-05 9.98559E-05 9.98559E-05 9.98559E-05 9.98559E-05 9.98559E-05 9.98559E-05 9.98559E-05 9.98559E-05 9.98559E-05 9.98559E-05 9.98559E-05 9.98559E-05 0.00125205 0.710551 0.286599 9.98559E-05 9.98559E-05
0.00638832 0.0491595 9.99009E-05 0.157822 0.016499 0.0100883 9.99009E-05 9.99009E-05 9.99009E-05 9.99009E-05 9.99009E-05 0.00646109 9.99009E-05 9.99009E-05 9.99009E-05 0.747391 9.99009E-05 0.00509178 9.99009E-05
9.98738E-05 9.98738E-05 9.98738E-05 9.98738E-05 9.98738E-05 9.98738E-05 0.4009 0.0906629 9.98738E-05 9.98738E-05 9.98738E-05 9.98738E-05 9.98738E-05 9.98738E-05 9.98738E-05 0.363763 9.98738E-05 0.107095 0.0361803
9.98739E-05 9.98739E-05 9.98739E-05 9.98739E-05 9.98739E-05 9.98739E-05 9.98739E-05 9.98739E-05 9.98739E-05 9.98739E-05 0.114917 9.98739E-05 9.98739E-05 0.00442699 0.0581073 0.233631 0.587519 9.98739E-05 9.98739E-05
9.98801E-05 9.98801E-05 9.98801E-05 9.98801E-05 9.98801E-05 9.98801E-05 0.0978175 0.047363 9.98801E-05 0.0214894 0.0679498 9.98801E-05 9.98801E-05 0.0146503 9.98801E-05 0.400743 9.98801E-05 0.348789 9.98801E-05
9.98739E-05 0.0304688 9.98739E-05 9.98739E-05 9.98739E-05 0.0632798 9.98739E-05 9.98739E-05 9.98739E-05 9.98739E-05 9.98739E-05 9.98739E-05 9.98739E-05 9.98739E-05 0.0170835 0.747533 0.140237 9.98739E-05 9.98739E-05
0.0109107 0.269585 9.98918E-05 9.98918E-05 0.00261228 9.98918E-05 9.98918E-05 9.98918E-05 0.000930804 9.98918E-05 9.98918E-05 9.98918E-05 9.98918E-05 9.98918E-05 9.98918E-05 0.551892 9.98918E-05 0.136652 0.026219
9.98702E-05 0.0947694 9.98702E-05 0.132631 9.98702E-05 9.98702E-05 0.189692 9.98702E-05 9.98702E-05 9.98702E-05 9.98702E-05 0.0191366 9.98702E-05 9.98702E-05 9.98702E-05 0.532631 0.0298413 9.98702E-05 9.98702E-05
9.98901E-05 0.0475823 0.00789515 0.0783156 9.98901E-05 0.492994 9.98901E-05 0.0285786 9.98901E-05 9.98901E-05 9.98901E-05 0.0311206 9.98901E-05 9.98901E-05 9.98901E-05 0.267877 0.0445376 9.98901E-05 9.98901E-05
0.00390292 9.99007E-05 0.13125 9.99007E-05 9.99007E-05 9.99007E-05 9.99007E-05 0.180052 0.103422 9.99007E-05 9.99007E-05 9.99007E-05 9.99007E-05 0.0448185 9.99007E-05 0.424833 9.99007E-05 0.0209584 0.0896647
9.98647E-05 9.98647E-05 0.156876 9.98647E-05 9.98647E-05 9.98647E-05 9.98647E-05 0.0224465 9.98647E-05 9.98647E-05 9.98647E-05 9.98647E-05 0.486279 9.98647E-05 9.98647E-05 0.332901 9.98647E-05 9.98647E-05 9.98647E-05
9.98829E-05 0.0914362 9.98829E-05 0.0957658 9.98829E-05 9.98829E-05 9.98829E-05 9.98829E-05 9.98829E-05 0.0421441 9.98829E-05 0.0656739 9.98829E-05 9.98829E-05 0.101632 0.602049 9.98829E-05 9.98829E-05 9.98829E-05
9.98559E-05 9.98559E-05 9.98559E-05 9.98559E-05 9.98559E-05 0.30885 9.98559E-05 9.98559E-05 9.98559E-05 9.98559E-05 9.98559E-05 9.98559E-05 9.98559E-05 9.98559E-05 9.98559E-05 0.668875 0.0206767 9.98559E-05 9.98559E-05
9.98918E-05 9.98918E-05 9.98918E-05 0.0397122 9.98918E-05 9.98918E-05 0.319441 9.98918E-05 0.0468223 9.98918E-05 0.00542439 0.023399 9.98918E-05 9.98918E-05 9.98918E-05 0.551335 9.98918E-05 0.0126673 9.98918E-05
9.98649E-05 9.98649E-05 0.262126 9.98649E-05 9.98649E-05 9.98649E-05 0.227724 9.98649E-05 9.98649E-05 9.98649E-05 9.98649E-05 9.98649E-05 0.0430464 9.98649E-05 9.98649E-05 0.465606 9.98649E-05 9.98649E-05 9.98649E-05
9.98919E-05 0.312886 9.98919E-05 9.98919E-05 9.98919E-05 9.98919E-05 0.260674 0.0296139 0.23532 9.98919E-05 0.0907148 9.98919E-05 9.98919E-05 9.98919E-05 9.98919E-05 9.98919E-05 9.98919E-05 0.0307201 0.0388734
9.98737E-05 9.98737E-05 9.98737E-05 0.126647 9.98737E-05 0.160068 9.98737E-05 0.0142225 9.98737E-05 0.0664994 0.631165 9.98737E-05 9.98737E-05 9.98737E-05 9.98737E-05 9.98737E-05 9.98737E-05 9.98737E-05 9.98737E-05
9.98648E-05 0.322294 9.98648E-05 9.98648E-05 9.98648E-05 9.98648E-05 9.98648E-05 0.000207108 9.98648E-05 9.98648E-05 9.98648E-05 9.98648E-05 0.545484 0.130517 9.98648E-05 9.98648E-05 9.98648E-05 9.98648E-05 9.98648E-05
9.98828E-05 0.524828 9.98828E-05 0.00785769 9.98828E-05 0.240741 9.98828E-05 9.98828E-05 9.98828E-05 9.98828E-05 0.0585596 0.0151672 9.98828E-05 9.98828E-05 9.98828E-05 9.98828E-05 0.151548 9.98828E-05 9.98828E-05
9.98556E-05 9.98556E-05 9.98556E-05 9.98556E-05 9.98556E-05 9.98556E-05 9.98556E-05 9.98556E-05 9.98556E-05 0.0574773 0.581629 9.98556E-05 9.98556E-05 9.98556E-05 9.98556E-05 9.98556E-05 0.359296 9.98556E-05 9.98556E-05
9.98702E-05 0.211955 0.100569 9.98702E-05 9.98702E-05 9.98702E-05 9.98702E-05 0.125547 9.98702E-05 9.98702E-05 9.98702E-05 9.98702E-05 0.0537535 0.194652 9.98702E-05 9.98702E-05 9.98702E-05 0.312225 9.98702E-05
9.98648E-05 9.98648E-05 9.98648E-05 9.98648E-05 9.98648E-05 9.98648E-05 0.0468817 0.00812368 9.98648E-05 9.98648E-05 0.791056 9.98648E-05 9.98648E-05 9.98648E-05 9.98648E-05 9.98648E-05 9.98648E-05 0.152441 9.98648E-05
9.98738E-05 0.717441 9.98738E-05 9.98738E-05 9.98738E-05 9.98738E-05 9.98738E-05 9.98738E-05 9.98738E-05 0.0873784 9.98738E-05 9.98738E-05 9.98738E-05 0.140405 9.98738E-05 0.00417577 9.98738E-05 9.98738E-05 0.0492012
9.98648E-05 9.98648E-05 0.332484 0.0202092 9.98648E-05 9.98648E-05 9.98648E-05 9.98648E-05 9.98648E-05 9.98648E-05 0.638355 9.98648E-05 9.98648E-05 0.0074539 9.98648E-05 9.98648E-05 9.98648E-05 9.98648E-05 9.98648E-05
9.98739E-05 0.135878 9.98739E-05 9.98739E-05 9.98739E-05 0.0694282 9.98739E-05 9.98739E-05 9.98739E-05 0.4175 0.287793 9.98739E-05 9.98739E-05 9.98739E-05 9.98739E-05 9.98739E-05 0.0880023 9.98739E-05 9.98739E-05
9.98917E-05 0.144378 9.98917E-05 9.98917E-05 9.98917E-05 9.98917E-05 0.208686 9.98917E-05 0.0207149 9.98917E-05 0.0277148 9.98917E-05 9.98917E-05 0.416413 9.98917E-05 9.98917E-05 9.98917E-05 0.170059 0.0108351
9.98558E-05 9.98558E-05 9.98558E-05 9.98558E-05 9.98558E-05 9.98558E-05 9.98558E-05 0.0447869 9.98558E-05 9.98558E-05 0.601235 9.98558E-05 0.352381 9.98558E-05 9.98558E-05 9.98558E-05 9.98558E-05 9.98558E-05 9.98558E-05
9.98557E-05 9.98557E-05 9.98557E-05 9.98557E-05 9.98557E-05 9.98557E-05 9.98557E-05 9.98557E-05 9.98557E-05 0.194054 0.535043 9.98557E-05 9.98557E-05 9.98557E-05 9.98557E-05 9.98557E-05 0.269305 9.98557E-05 9.98557E-05
9.98918E-05 0.155623 9.98918E-05 9.98918E-05 9.98918E-05 9.98918E-05 0.0294668 0.285706 0.193466 9.98918E-05 9.98918E-05 9.98918E-05 0.0390083 0.07343 9.98918E-05 9.98918E-05 9.98918E-05 0.222102 9.98918E-05
9.98828E-05 9.98828E-05 0.055956 9.98828E-05 9.98828E-05 9.98828E-05 9.98828E-05 0.100434 9.98828E-05 9.98828E-05 0.393316 9.98828E-05 0.00324877 0.445211 9.98828E-05 9.98828E-05 9.98828E-05 9.98828E-05 0.000535956
9.98827E-05 0.109086 0.470931 9.98827E-05 9.98827E-05 0.135407 9.98827E-05 0.177709 9.98827E-05 9.98827E-05 9.98827E-05 9.98827E-05 0.0240028 9.98827E-05 9.98827E-05 9.98827E-05 9.98827E-05 0.0815655 9.98827E-05
9.98558E-05 9.98558E-05 9.98558E-05 9.98558E-05 9.98558E-05 9.98558E-05 9.98558E-05 9.98558E-05 9.98558E-05 0.0702317 0.546423 9.98558E-05 9.98558E-05 9.98558E-05 9.98558E-05 9.98558E-05 0.381747 9.98558E-05 9.98558E-05
9.98737E-05 0.0453877 0.225171 9.98737E-05 9.98737E-05 9.98737E-05 9.98737E-05 9.98737E-05 9.98737E-05 9.98737E-05 0.116242 9.98737E-05 0.0666929 0.545109 9.98737E-05 9.98737E-05 9.98737E-05 9.98737E-05 9.98737E-05
9.98738E-05 0.241217 9.98738E-05 9.98738E-05 9.98738E-05 9.98738E-05 0.148732 9.98738E-05 0.257097 9.98738E-05 9.98738E-05 9.98738E-05 9.98738E-05 0.122994 9.98738E-05 9.98738E-05 9.98738E-05 0.228562 9.98738E-05
0.0682348 0.479671 9.98827E-05 9.98827E-05 9.98827E-05 0.270283 9.98827E-05 9.98827E-05 0.0333995 9.98827E-05 0.129936 9.98827E-05 9.98827E-05 9.98827E-05 9.98827E-05 9.98827E-05 9.98827E-05 0.0171775 9.98827E-05
9.99012E-05 0.233849 9.99012E-05 9.99012E-05 9.99012E-05 0.0149487 9.99012E-05 9.99012E-05 0.0522193 9.99012E-05 9.99012E-05 0.0578191 0.428349 9.99012E-05 9.99012E-05 0.0636397 0.0951733 0.0529029 9.99012E-05
9.98919E-05 0.380949 0.142211 9.98919E-05 9.98919E-05 9.98919E-05 0.0194525 9.98919E-05 9.98919E-05 9.98919E-05 0.0841865 0.0320859 0.256346 0.0835709 9.98919E-05 9.98919E-05 9.98919E-05 9.98919E-05 9.98919E-05
9.98737E-05 0.0535232 9.98737E-05 9.98737E-05 9.98737E-05 0.0907398 9.98737E-05 9.98737E-05 9.98737E-05 0.00704944 0.539016 9.98737E-05 9.98737E-05 9.98737E-05 9.98737E-05 9.98737E-05 0.308273 9.98737E-05 9.98737E-05
9.98918E-05 9.98918E-05 0.141077 9.98918E-05 0.0214809 0.351346 9.98918E-05 9.98918E-05 9.98918E-05 9.98918E-05 9.98918E-05 0.0436693 9.98918E-05 0.373383 0.000685671 9.98918E-05 9.98918E-05 0.0671597 9.98918E-05
0.0335102 0.280819 9.98826E-05 0.0245974 0.00529146 9.98826E-05 9.98826E-05 9.98826E-05 0.0489945 9.98826E-05 0.605489 9.98826E-05 9.98826E-05 9.98826E-05 9.98826E-05 9.98826E-05 9.98826E-05 9.98826E-05 9.98826E-05
9.99008E-05 0.254332 9.99008E-05 0.164021 0.0419243 0.0170193 9.99008E-05 9.99008E-05 9.99008E-05 9.99008E-05 0.0326382 9.99008E-05 9.99008E-05 9.99008E-05 0.0647954 0.213478 0.210693 9.99008E-05 9.99008E-05
9.99098E-05 9.99098E-05 0.461709 0.0142231 0.0140196 0.102546 9.99098E-05 9.99098E-05 0.0639155 9.99098E-05 0.011317 9.99098E-05 9.99098E-05 0.224267 9.99098E-05 0.0617628 9.99098E-05 9.99098E-05 0.0452408
9.98647E-05 9.98647E-05 9.98647E-05 0.286875 9.98647E-05 9.98647E-05 0.650177 9.98647E-05 9.98647E-05 9.98647E-05 9.98647E-05 9.98647E-05 9.98647E-05 0.00920506 0.0522446 9.98647E-05 9.98647E-05 9.98647E-05 9.98647E-05
9.98831E-05 9.98831E-05 9.98831E-05 9.98831E-05 0.0388316 9.98831E-05 9.98831E-05 0.0301757 9.98831E-05 0.233958 9.98831E-05 0.0382745 9.98831E-05 0.011665 9.98831E-05 9.98831E-05 0.645797 9.98831E-05 9.98831E-05
9.99001E-05 0.147045 9.99001E-05 0.332997 0.0822754 0.119482 9.99001E-05 0.0372126 9.99001E-05 0.0826368 0.0633979 9.99001E-05 9.99001E-05 9.99001E-05 9.99001E-05 0.133034 0.000920558 9.99001E-05 9.99001E-05
9.99008E-05 9.99008E-05 9.99008E-05 0.253606 9.99008E-05 0.433581 9.99008E-05 9.99008E-05 9.99008E-05 9.99008E-05 9.99008E-05 0.00908114 9.99008E-05 9.99008E-05 0.0176063 0.0856946 0.161662 0.0258706 0.0117999
9.98919E-05 0.126411 9.98919E-05 0.0653208 9.98919E-05 9.98919E-05 0.144927 9.98919E-05 9.98919E-05 9.98919E-05 0.131902 0.0319814 9.98919E-05 9.98919E-05 9.98919E-05 9.98919E-05 0.0874869 0.410772 9.98919E-05
9.98648E-05 0.0512848 9.98648E-05 0.0705361 9.98648E-05 0.398136 9.98648E-05 9.98648E-05 9.98648E-05 9.98648E-05 9.98648E-05 9.98648E-05 9.98648E-05 9.98648E-05 9.98648E-05 9.98648E-05 0.478545 9.98648E-05 9.98648E-05
9.98827E-05 0.15052 0.365264 9.98827E-05 9.98827E-05 9.98827E-05 9.98827E-05 0.0977553 9.98827E-05 9.98827E-05 9.98827E-05 9.98827E-05 0.0842227 0.145863 9.98827E-05 9.98827E-05 9.98827E-05 0.155077 9.98827E-05
9.98647E-05 0.0860133 9.98647E-05 0.223882 9.98647E-05 0.286736 9.98647E-05 9.98647E-05 9.98647E-05 9.98647E-05 9.98647E-05 9.98647E-05 9.98647E-05 9.98647E-05 9.98647E-05 9.98647E-05 0.401871 9.98647E-05 9.98647E-05
9.98901E-05 9.98901E-05 0.0833898 0.251937 9.98901E-05 9.98901E-05 0.0173515 9.98901E-05 0.00794419 9.98901E-05 0.0999617 9.98901E-05 0.364203 0.0582045 9.98901E-05 9.98901E-05 0.115909 9.98901E-05 9.98901E-05
9.99008E-05 9.99008E-05 0.24649 0.0195431 9.99008E-05 9.99008E-05 0.186028 0.025525 9.99008E-05 0.0768907 9.99008E-05 9.99008E-05 0.242873 0.177751 9.99008E-05 0.023801 9.99008E-05 9.99008E-05 9.99008E-05
9.9892E-05 0.259977 9.9892E-05 0.292598 0.0277335 9.9892E-05 0.216945 9.9892E-05 9.9892E-05 9.9892E-05 9.9892E-05 9.9892E-05 9.9892E-05 0.0529221 0.0787557 0.0698692 9.9892E-05 9.9892E-05 9.9892E-05
9.99098E-05 0.497144 9.99098E-05 0.0150539 0.000817248 0.11538 0.138363 9.99098E-05 9.99098E-05 0.0319602 9.99098E-05 9.99098E-05 9.99098E-05 0.0921008 9.99098E-05 0.0952935 9.99098E-05 9.99098E-05 0.0128881
9.99098E-05 0.287609 9.99098E-05 0.342414 0.00837443 9.99098E-05 0.156009 0.0539694 9.99098E-05 9.99098E-05 9.99098E-05 0.0196563 9.99098E-05 9.99098E-05 0.00464362 0.123046 0.00328004 9.99098E-05 9.99098E-05
9.98828E-05 0.095501 0.544896 9.98828E-05 9.98828E-05 0.00604769 9.98828E-05 9.98828E-05 9.98828E-05 9.98828E-05 9.98828E-05 9.98828E-05 0.138771 9.98828E-05 9.98828E-05 0.0953914 0.118094 9.98828E-05 9.98828E-05
9.99009E-05 0.0302378 9.99009E-05 0.00563354 9.99009E-05 0.056766 0.0728199 0.0577642 9.99009E-05 0.127342 9.99009E-05 9.99009E-05 9.99009E-05 9.99009E-05 9.99009E-05 0.0160563 0.632281 9.99009E-05 9.99009E-05
9.98648E-05 9.98648E-05 9.98648E-05 0.290564 9.98648E-05 9.98648E-05 9.98648E-05 9.98648E-05 9.98648E-05 0.048261 0.0953223 9.98648E-05 9.98648E-05 9.98648E-05 9.98648E-05 9.98648E-05 0.564355 9.98648E-05 9.98648E-05
9.98919E-05 9.98919E-05 9.98919E-05 0.234428 0.0500798 0.488133 9.98919E-05 9.98919E-05 9.98919E-05 0.162437 0.00195705 9.98919E-05 9.98919E-05 0.0443856 0.0173814 9.98919E-05 9.98919E-05 9.98919E-05 9.98919E-05
9.98738E-05 9.98738E-05 9.98738E-05 0.323024 9.98738E-05 0.0513187 9.98738E-05 9.98738E-05 9.98738E-05 9.98738E-05 9.98738E-05 9.98738E-05 9.98738E-05 0.0447993 0.08741 9.98738E-05 0.49205 9.98738E-05 9.98738E-05
9.9856E-05 9.9856E-05 9.9856E-05 9.9856E-05 9.9856E-05 9.9856E-05 9.9856E-05 0.127917 9.9856E-05 0.0239273 9.9856E-05 9.9856E-05 9.9856E-05 9.9856E-05 9.9856E-05 9.9856E-05 0.846558 9.9856E-05 9.9856E-05
0.0206404 9.99008E-05 9.99008E-05 0.20873 9.99008E-05 0.173975 9.99008E-05 9.99008E-05 9.99008E-05 0.299731 0.0608933 9.99008E-05 9.99008E-05 0.151054 0.0804171 0.00346024 9.99008E-05 9.99008E-05 9.99008E-05
0.0178699 0.345138 9.99007E-05 0.000765551 9.99007E-05 0.345762 9.99007E-05 9.99007E-05 9.99007E-05 0.0140048 0.0728155 9.99007E-05 9.99007E-05 9.99007E-05 9.99007E-05 9.99007E-05 0.158969 0.0435753 9.99007E-05
9.9883E-05 9.9883E-05 9.9883E-05 0.0960194 0.00282895 9.9883E-05 9.9883E-05 0.311883 0.521516 9.9883E-05 9.9883E-05 0.00187779 0.0645763 9.9883E-05 9.9883E-05 9.9883E-05 9.9883E-05 9.9883E-05 9.9883E-05
9.98648E-05 9.98648E-05 9.98648E-05 9.98648E-05 9.98648E-05 0.139614 9.98648E-05 0.817052 9.98648E-05 9.98648E-05 9.98648E-05 0.0202146 9.98648E-05 0.0216215 9.98648E-05 9.98648E-05 9.98648E-05 9.98648E-05 9.98648E-05
0.058742 0.0180907 0.0144359 0.026325 0.0657548 0.622957 9.99098E-05 0.112765 0.0794633 0.000467018 9.99098E-05 9.99098E-05 9.99098E-05 9.99098E-05 9.99098E-05 9.99098E-05 9.99098E-05 9.99098E-05 9.99098E-05
9.98737E-05 9.98737E-05 0.0793877 9.98737E-05 9.98737E-05 0.11745 9.98737E-05 0.604163 9.98737E-05 9.98737E-05 9.98737E-05 9.98737E-05 9.98737E-05 0.00651988 9.98737E-05 9.98737E-05 9.98737E-05 0.191081 9.98737E-05
9.98649E-05 9.98649E-05 9.98649E-05 9.98649E-05 9.98649E-05 9.98649E-05 9.98649E-05 0.925361 0.0227639 0.00430849 9.98649E-05 9.98649E-05 9.98649E-05 9.98649E-05 9.98649E-05 0.0460687 9.98649E-05 9.98649E-05 9.98649E-05
9.98737E-05 9.98737E-05 9.98737E-05 9.98737E-05 9.98737E-05 0.045842 9.98737E-05 0.454969 9.98737E-05 0.0252483 9.98737E-05 0.0489754 0.423567 9.98737E-05 9.98737E-05 9.98737E-05 9.98737E-05 9.98737E-05 9.98737E-05
9.98919E-05 0.00600619 0.0568967 9.98919E-05 9.98919E-05 0.0721467 9.98919E-05 0.756126 9.98919E-05 9.98919E-05 0.00754363 9.98919E-05 0.0895612 9.98919E-05 9.98919E-05 0.0105209 9.98919E-05 9.98919E-05 9.98919E-05
0.00209998 9.98829E-05 9.98829E-05 9.98829E-05 0.00761664 0.508737 9.98829E-05 0.214288 9.98829E-05 0.249832 9.98829E-05 0.0161276 9.98829E-05 9.98829E-05 9.98829E-05 9.98829E-05 9.98829E-05 9.98829E-05 9.98829E-05
9.9874E-05 9.9874E-05 0.0400304 9.9874E-05 9.9874E-05 0.114538 9.9874E-05 9.9874E-05 9.9874E-05 0.362929 0.217592 9.9874E-05 9.9874E-05 9.9874E-05 9.9874E-05 9.9874E-05 0.263512 9.9874E-05 9.9874E-05
0.0186127 0.24333 9.98917E-05 9.98917E-05 0.0652452 0.0552147 9.98917E-05 9.98917E-05 0.467935 9.98917E-05 9.98917E-05 9.98917E-05 9.98917E-05 0.106409 9.98917E-05 0.0420542 9.98917E-05 9.98917E-05 9.98917E-05
0.00763533 9.98602E-05 9.98602E-05 9.98602E-05 9.98602E-05 0.30146 9.98602E-05 0.136977 9.98602E-05 0.496736 9.98602E-05 9.98602E-05 9.98602E-05 9.98602E-05 9.98602E-05 0.0557945 9.98602E-05 9.98602E-05 9.98602E-05
0.110411 0.0139823 9.98921E-05 0.0023336 0.153196 0.581433 9.98921E-05 0.101438 9.98921E-05 0.0360074 9.98921E-05 9.98921E-05 9.98921E-05 9.98921E-05 9.98921E-05 9.98921E-05 9.98921E-05 9.98921E-05 9.98921E-05
0.124068 0.140354 9.98828E-05 9.98828E-05 9.98828E-05 0.408898 9.98828E-05 0.20964 0.0868278 9.98828E-05 9.98828E-05 9.98828E-05 9.98828E-05 9.98828E-05 9.98828E-05 9.98828E-05 9.98828E-05 0.028914 9.98828E-05
9.9865E-05 9.9865E-05 9.9865E-05 9.9865E-05 9.9865E-05 0.766731 9.9865E-05 9.9865E-05 9.9865E-05 0.0702856 0.0784355 9.9865E-05 9.9865E-05 9.9865E-05 9.9865E-05 9.9865E-05 0.0830498 9.9865E-05 9.9865E-05
9.98919E-05 9.98919E-05 9.98919E-05 9.98919E-05 9.98919E-05 0.510679 9.98919E-05 9.98919E-05 0.289234 0.066665 9.98919E-05 9.98919E-05 0.00832758 9.98919E-05 0.0360577 0.0366413 0.0511969 9.98919E-05 9.98919E-05
9.98828E-05 0.0477329 9.98828E-05 0.0289563 9.98828E-05 0.102918 9.98828E-05 9.98828E-05 9.98828E-05 9.98828E-05 9.98828E-05 0.0864263 9.98828E-05 0.70369 0.0289783 9.98828E-05 9.98828E-05 9.98828E-05 9.98828E-05
0.0581026 0.23372 9.99008E-05 9.99008E-05 9.99008E-05 0.187747 9.99008E-05 9.99008E-05 0.0717669 0.263851 9.99008E-05 9.99008E-05 9.99008E-05 0.00273988 9.99008E-05 9.99008E-05 9.99008E-05 0.130907 0.050066
9.98917E-05 0.0896888 9.98917E-05 9.98917E-05 0.0197058 0.195808 9.98917E-05 0.012475 0.35812 0.206702 9.98917E-05 9.98917E-05 9.98917E-05 9.98917E-05 9.98917E-05 0.116302 9.98917E-05 9.98917E-05 9.98917E-05
9.98918E-05 0.000393892 9.98918E-05 9.98918E-05 9.98918E-05 0.0573389 9.98918E-05 0.111842 0.245878 9.98918E-05 9.98918E-05 9.98918E-05 0.02035 0.103351 9.98918E-05 9.98918E-05 9.98918E-05 0.459647 9.98918E-05
9.9901E-05 0.351398 9.9901E-05 9.9901E-05 0.0310171 0.0211913 9.9901E-05 0.0196374 0.446617 9.9901E-05 9.9901E-05 9.9901E-05 9.9901E-05 0.0631258 9.9901E-05 9.9901E-05 0.0188674 0.0470468 9.9901E-05
9.99009E-05 0.0745865 9.99009E-05 0.0126757 9.99009E-05 0.126958 9.99009E-05 9.99009E-05 0.0504439 0.645823 9.99009E-05 9.99009E-05 0.0178029 9.99009E-05 9.99009E-05 9.99009E-05 9.99009E-05 0.0653092 0.00530176
0.0579667 0.112628 0.0591826 9.98919E-05 9.98919E-05 0.728328 9.98919E-05 9.98919E-05 0.00299763 9.98919E-05 9.98919E-05 9.98919E-05 9.98919E-05 9.98919E-05 9.98919E-05 0.0192537 9.98919E-05 9.98919E-05 0.0184445
9.98739E-05 9.98739E-05 9.98739E-05 0.103483 9.98739E-05 0.239606 9.98739E-05 9.98739E-05 9.98739E-05 0.439111 0.044855 9.98739E-05 9.98739E-05 9.98739E-05 9.98739E-05 9.98739E-05 0.171547 9.98739E-05 9.98739E-05
