0.115249 0.427665 0.386153 0.0708322 9.9991E-05
0.0810151 0.498321 0.420464 9.9982E-05 9.9982E-05
9.9982E-05 0.812203 9.9982E-05 0.0482423 0.139355
0.141531 0.087954 0.710102 9.9991E-05 0.0603131
0.291154 9.9982E-05 0.689138 0.0195084 9.9982E-05
0.0562644 0.542351 0.19751 0.0951986 0.108676
9.9973E-05 0.85085 9.9973E-05 9.9973E-05 0.14885
9.999E-05 0.710721 0.161648 0.09764 0.0298907
9.9982E-05 0.358005 0.581782 0.0600136 9.9982E-05
9.999E-05 0.220647 0.0603575 0.0740725 0.644823
0.123204 0.251593 0.625003 9.9982E-05 9.9982E-05
9.9982E-05 0.115206 0.815723 9.9982E-05 0.0688713
0.359673 0.237639 0.295495 0.076145 0.0310482
9.999E-05 0.792414 0.0360647 0.0102636 0.161157
9.9973E-05 0.187551 0.812149 9.9973E-05 9.9973E-05
0.0933015 0.432379 9.9991E-05 0.0646993 0.40952
0.0374748 0.840305 0.00629327 9.9991E-05 0.115827
0.0265381 0.963075 0.0101868 9.9982E-05 9.9982E-05
0.0582355 0.381124 0.56044 9.9982E-05 9.9982E-05
0.0528252 9.9991E-05 0.259802 0.64471 0.0425629
0.0455717 9.9991E-05 0.276205 0.65989 0.0182335
0.0958863 9.9991E-05 0.161256 0.728414 0.0143433
0.0263992 9.9982E-05 0.412997 0.560404 9.9982E-05
9.9973E-05 9.9973E-05 0.456751 0.542949 9.9973E-05
9.9982E-05 0.300149 9.9982E-05 0.604919 0.0947322
9.99729E-05 9.99729E-05 0.500508 0.499192 9.99729E-05
9.9973E-05 9.9973E-05 9.9973E-05 0.494345 0.505355
0.157705 9.9982E-05 0.429318 0.412777 9.9982E-05
0.114054 9.9991E-05 0.0915593 0.692324 0.101963
9.9973E-05 9.9973E-05 0.328886 0.670814 9.9973E-05
9.9991E-05 0.0426124 0.181355 0.532098 0.243835
0.133379 0.113631 9.9991E-05 0.69079 0.0621003
9.9982E-05 0.0472305 9.9982E-05 0.566884 0.385686
9.9982E-05 0.322466 9.9982E-05 0.633098 0.0442364
9.9982E-05 9.9982E-05 0.326308 0.666733 0.00675896
9.9973E-05 9.9973E-05 0.448859 0.550841 9.9973E-05
9.9982E-05 9.9982E-05 0.330592 0.548351 0.120857
9.9973E-05 9.9973E-05 0.45288 0.54682 9.9973E-05
0.0758096 0.0487943 0.117327 0.757969 9.9991E-05
0.239885 9.9982E-05 9.9982E-05 0.663951 0.0959645
9.9973E-05 9.9973E-05 9.9973E-05 0.556668 0.443032
0.146934 9.9991E-05 0.255709 0.560704 0.0365527
0.0711917 0.123459 9.9982E-05 0.805149 9.9982E-05
0.00354397 0.203394 9.9991E-05 0.663648 0.129314
9.9973E-05 9.9973E-05 0.599696 0.400004 9.9973E-05
9.9973E-05 9.9973E-05 0.480729 0.518971 9.9973E-05
9.9982E-05 0.164749 9.9982E-05 0.585305 0.249745
0.107147 0.00231475 0.118877 0.771561 9.9991E-05
0.253106 9.9982E-05 9.9982E-05 0.30446 0.442234
0.00798733 9.9982E-05 0.306548 0.685265 9.9982E-05
0.209562 9.9982E-05 9.9982E-05 0.692397 0.0978407
0.188138 9.9982E-05 0.232739 0.578923 9.9982E-05
9.9982E-05 0.0128888 0.450587 0.536324 9.9982E-05
9.9982E-05 0.143711 0.367953 0.488136 9.9982E-05
0.0350234 9.9982E-05 0.499907 0.46487 9.9982E-05
9.9973E-05 9.9973E-05 0.533651 0.466049 9.9973E-05
0.113583 0.0973123 9.9991E-05 0.763936 0.0250686
0.163406 9.9991E-05 0.0863181 0.693847 0.0563284
0.158518 0.0106016 9.9991E-05 0.702283 0.128497
0.0219794 9.9982E-05 0.279858 0.697963 9.9982E-05
9.99729E-05 9.99729E-05 0.294795 0.704905 9.99729E-05
9.9982E-05 0.0562431 0.323115 0.620442 9.9982E-05
0.139617 0.20206 9.9991E-05 0.599581 0.0586416
9.9973E-05 9.9973E-05 0.420996 0.578704 9.9973E-05
9.9982E-05 0.34433 9.9982E-05 0.488804 0.166666
9.9982E-05 0.10548 0.406194 0.488126 9.9982E-05
9.9973E-05 9.9973E-05 0.431422 0.568278 9.9973E-05
0.00305618 9.9982E-05 0.440313 0.556431 9.9982E-05
9.99819E-05 0.227446 0.199901 0.572453 9.99819E-05
0.0343574 0.151632 0.107782 0.683026 0.0232025
0.134251 9.9982E-05 9.9982E-05 0.53918 0.32637
9.9982E-05 0.134661 9.9982E-05 0.591533 0.273606
9.9973E-05 9.9973E-05 0.46891 0.53079 9.9973E-05
0.0669155 0.154898 9.9991E-05 0.644226 0.133861
9.99729E-05 9.99729E-05 0.364019 0.635682 9.99729E-05
9.9982E-05 0.00437131 0.514657 0.480771 9.9982E-05
9.99819E-05 0.0925106 9.99819E-05 0.671219 0.236071
9.9982E-05 0.0511141 9.9982E-05 0.498337 0.450349
9.9982E-05 0.184979 9.9982E-05 0.696493 0.118328
0.199813 9.9991E-05 0.0870077 0.695037 0.0180425
0.231228 9.9982E-05 9.9982E-05 0.442143 0.326429
9.9973E-05 9.9973E-05 0.343464 0.656236 9.9973E-05
0.107923 9.9982E-05 0.159702 0.732175 9.9982E-05
0.070473 9.9991E-05 0.253862 0.621001 0.0545639
9.9982E-05 0.118943 9.9982E-05 0.631251 0.249606
0.151715 9.9982E-05 0.168653 0.679432 9.9982E-05
9.9973E-05 9.9973E-05 0.44159 0.55811 9.9973E-05
9.9982E-05 0.423163 9.9982E-05 0.566188 0.0104498
9.9982E-05 0.300094 9.9982E-05 0.563274 0.136432
9.9982E-05 0.128741 0.352915 0.518144 9.9982E-05
9.9973E-05 0.411419 9.9973E-05 0.588281 9.9973E-05
9.9973E-05 0.446524 9.9973E-05 0.553176 9.9973E-05
9.9973E-05 9.9973E-05 0.52336 0.47634 9.9973E-05
9.9973E-05 0.39644 9.9973E-05 0.60326 9.9973E-05
9.9982E-05 0.361994 0.0434486 0.594358 9.9982E-05
0.725055 9.9982E-05 9.9982E-05 0.0248581 0.249886
0.688164 0.0617855 9.9991E-05 0.13631 0.113641
0.870711 9.9982E-05 0.0769743 0.0521144 9.9982E-05
0.433689 0.211572 0.354538 9.9982E-05 9.9982E-05
0.698472 9.99729E-05 9.99729E-05 9.99729E-05 0.301228
0.231304 0.450372 0.318124 9.9982E-05 9.9982E-05
0.401215 0.527688 9.9982E-05 9.9982E-05 0.0708968
0.826232 0.0151102 9.9991E-05 0.0183777 0.14018
0.679393 0.227358 9.9991E-05 0.0881133 0.00503559
0.625048 9.9982E-05 0.346521 0.0282317 9.9982E-05
0.442217 9.9973E-05 9.9973E-05 9.9973E-05 0.557483
0.513567 9.9991E-05 0.435851 0.00794379 0.0425388
0.792384 0.128952 9.9991E-05 0.0076519 0.070912
0.564146 0.270593 0.132271 0.0328909 9.9991E-05
0.73841 0.0355386 0.0929967 0.0202521 0.112803
0.307252 0.594874 0.000945652 9.9991E-05 0.0968282
0.428369 9.9982E-05 0.537515 0.0339154 9.9982E-05
0.503613 9.9982E-05 0.479873 0.0163141 9.9982E-05
0.6105 0.0692634 9.9991E-05 0.236339 0.0837972
0.645804 0.315819 9.9982E-05 9.9982E-05 0.0381773
0.763675 9.9982E-05 0.153734 0.0823912 9.9982E-05
0.770242 9.9973E-05 0.229458 9.9973E-05 9.9973E-05
0.188525 0.233668 0.568892 0.0088152 9.9991E-05
9.9982E-05 0.2724 0.204663 9.9982E-05 0.522737
0.131316 0.165047 0.602183 0.0273191 0.0741352
0.16832 0.583268 0.033465 9.9991E-05 0.214847
0.0570834 0.00360271 9.9982E-05 9.9982E-05 0.939114
0.088776 0.163949 0.747075 9.9982E-05 9.9982E-05
9.99729E-05 9.99729E-05 0.513512 9.99729E-05 0.486188
0.110786 0.608376 0.189362 0.0913762 9.9991E-05
9.9982E-05 9.9982E-05 0.545808 0.0261215 0.427871
9.9982E-05 0.420473 0.00392197 9.9982E-05 0.575405
0.145844 0.0845433 0.70927 0.0145643 0.0457777
9.9982E-05 9.9982E-05 0.632414 0.0501234 0.317263
0.0473809 0.0534739 9.9991E-05 0.00529296 0.893752
0.110546 0.151521 0.737733 9.9982E-05 9.9982E-05
9.9982E-05 9.9982E-05 0.754731 0.0221564 0.222913
0.0546505 0.342709 0.602441 9.9982E-05 9.9982E-05
9.9973E-05 9.9973E-05 0.0248552 9.9973E-05 0.974845
9.9991E-05 0.0501344 0.770561 0.0101112 0.169093
0.19225 0.18364 0.62391 9.9982E-05 9.9982E-05
9.9991E-05 0.749932 0.184652 0.0057541 0.0595621
0.287819 0.151588 0.412964 0.0814031 0.0662254
0.14872 0.129467 0.543656 0.0343652 0.143792
9.99729E-05 0.200175 9.99729E-05 9.99729E-05 0.799525
9.9991E-05 0.485748 0.388872 0.0997689 0.0255111
9.9991E-05 0.266158 0.334294 0.0965158 0.302931
0.315443 0.250184 9.9991E-05 0.126451 0.307822
0.157473 0.164138 0.554589 0.0914104 0.0323896
0.490878 9.9991E-05 0.238214 0.123981 0.146827
0.216443 0.0264142 0.0131401 0.0585687 0.685434
0.161649 0.412306 0.074856 0.0964395 0.254749
0.184496 0.48736 9.9991E-05 0.0508665 0.277178
0.156684 9.9991E-05 0.493685 0.0248362 0.324695
0.113484 0.372226 9.9982E-05 9.9982E-05 0.51409
0.087674 0.225997 0.686129 9.9982E-05 9.9982E-05
0.187798 0.344394 9.9982E-05 9.9982E-05 0.467609
0.139687 9.9991E-05 0.462261 0.0289079 0.369045
0.248323 9.9982E-05 0.608163 9.9982E-05 0.143314
0.349627 0.0524157 0.306438 0.173948 0.117571
0.251801 0.526827 0.189173 0.0320979 9.9991E-05
0.375164 0.127597 0.212875 0.110826 0.173537
0.409747 0.0503183 0.412666 9.9991E-05 0.127168
0.302608 0.131795 9.9982E-05 9.9982E-05 0.565397
0.200308 9.9982E-05 0.00750441 9.9982E-05 0.791988
9.9982E-05 0.695669 9.9982E-05 0.0538299 0.250302
0.163967 0.110923 9.9991E-05 0.0807851 0.644225
0.373729 0.00731217 0.0108705 9.9991E-05 0.607988
9.9991E-05 0.555747 0.0229642 0.136118 0.285071
9.9982E-05 0.673099 0.0571703 9.9982E-05 0.269531
9.9982E-05 0.170903 0.79026 0.0386365 9.9982E-05
9.9973E-05 0.256023 0.743677 9.9973E-05 9.9973E-05
9.9982E-05 0.835617 0.138019 0.0261642 9.9982E-05
0.010882 0.270961 0.717957 9.9982E-05 9.9982E-05
0.0660613 0.146296 0.787443 9.9982E-05 9.9982E-05
0.0864335 0.178332 0.669697 0.0654384 9.9991E-05
0.0188913 0.218377 0.762531 9.9982E-05 9.9982E-05
9.9982E-05 0.772027 0.0438554 9.9982E-05 0.183918
9.9973E-05 0.338885 9.9973E-05 9.9973E-05 0.660815
0.0655178 0.488895 0.424904 0.0205835 9.9991E-05
0.0455187 0.819594 9.9991E-05 0.0192389 0.115548
9.9991E-05 0.772824 0.0402272 0.15851 0.028339
0.0208358 0.697952 0.281012 9.9982E-05 9.9982E-05
9.9973E-05 0.739879 9.9973E-05 9.9973E-05 0.259821
0.0931564 0.712167 0.109044 0.0257907 0.0598411
9.9991E-05 0.305124 0.502656 0.174114 0.0180068
9.9991E-05 0.731897 0.122387 0.0891495 0.056466
0.142608 0.711783 0.137487 0.00802158 9.9991E-05
0.0432236 0.242736 0.713841 9.9982E-05 9.9982E-05
0.102157 0.441693 0.45595 9.9982E-05 9.9982E-05
9.9982E-05 0.655003 9.9982E-05 0.0541871 0.29061
0.0616591 0.923489 9.9982E-05 0.0146522 9.9982E-05
9.9973E-05 0.461669 9.9973E-05 9.9973E-05 0.538031
0.0224268 0.259622 0.717751 9.9982E-05 9.9982E-05
9.9982E-05 0.598282 0.358048 0.0434704 9.9982E-05
9.9973E-05 0.629098 9.9973E-05 9.9973E-05 0.370602
0.0778196 9.9991E-05 0.789582 0.0539511 0.0785469
9.9991E-05 0.0466077 0.626641 0.0557755 0.270875
0.104627 0.405903 9.9991E-05 0.141218 0.348152
0.1068 0.0912492 0.173586 0.110038 0.518327
9.9991E-05 0.12775 0.673485 0.0838973 0.114767
9.9982E-05 9.9982E-05 0.820272 0.0175787 0.161949
9.9991E-05 0.00497476 0.8226 0.072986 0.099339
0.0490359 9.9991E-05 0.0324207 0.0347712 0.883672
9.9991E-05 0.587304 0.0323476 0.0818704 0.298378
0.36137 0.228075 0.323488 0.0869666 9.9991E-05
0.0255198 0.141462 0.729359 9.9991E-05 0.103559
0.249462 0.140442 9.9991E-05 0.026119 0.583878
9.9991E-05 0.666776 0.156318 0.05712 0.119686
9.9991E-05 0.673728 0.126896 0.0663818 0.132894
0.391034 0.0605082 0.322843 0.0490036 0.176611
0.235562 0.71572 9.9982E-05 9.9982E-05 0.0485182
0.106815 0.467876 0.42511 9.9982E-05 9.9982E-05
0.113394 0.415001 0.419544 0.0320684 0.019992
9.9982E-05 9.9982E-05 0.800508 0.0113909 0.187901
9.9991E-05 0.414245 0.0265639 0.188881 0.37021
9.9991E-05 0.167982 0.722023 0.0150166 0.094878
0.0282706 0.173384 0.727842 9.9991E-05 0.0704031
9.9973E-05 0.488445 9.9973E-05 9.9973E-05 0.511255
9.9982E-05 0.708634 0.226403 9.9982E-05 0.0647632
9.9982E-05 0.801431 9.9982E-05 0.0526294 0.14574
0.00281406 0.0880432 0.85933 0.0424924 0.00732017
0.0923005 0.128093 0.512329 0.262893 0.00438472
0.0293486 0.317927 0.640241 0.0123838 9.9991E-05
9.9973E-05 0.568808 9.9973E-05 9.9973E-05 0.430892
0.0209979 0.397205 0.581597 9.9982E-05 9.9982E-05
0.0839087 0.234306 0.65822 0.0234655 9.9991E-05
0.132322 0.138281 0.729197 9.9982E-05 9.9982E-05
0.0937572 0.671862 9.9982E-05 9.9982E-05 0.234181
9.9991E-05 0.778227 0.192396 0.0172865 0.0119907
9.9991E-05 0.208351 0.708073 0.00868142 0.0747949
0.0106365 0.516434 0.136795 0.0717496 0.264386
0.0913683 0.144325 0.764107 9.9982E-05 9.9982E-05
0.219292 0.254078 0.361437 9.9991E-05 0.165093
0.033936 0.561395 0.316877 0.087692 9.9991E-05
9.9973E-05 0.502553 9.9973E-05 9.9973E-05 0.497147
9.9982E-05 0.622492 0.31075 0.066558 9.9982E-05
0.311779 0.306095 0.0759001 0.0597976 0.246428
0.315969 0.130431 9.9982E-05 9.9982E-05 0.5534
0.0984342 0.747679 0.112261 0.0415254 9.9991E-05
0.391457 0.604449 9.9982E-05 9.9982E-05 0.0038947
0.0351766 0.595774 0.210395 9.9991E-05 0.158555
0.101197 0.195217 0.676984 9.9991E-05 0.0265016
0.161318 0.0623305 9.9991E-05 0.0360964 0.740155
9.9982E-05 9.9982E-05 0.676239 0.07571 0.247851
0.343762 0.19953 0.456508 9.9982E-05 9.9982E-05
0.3335 0.0692943 0.492153 9.9991E-05 0.104952
0.454219 0.156273 9.9982E-05 9.9982E-05 0.389309
0.245491 0.210512 9.9982E-05 9.9982E-05 0.543797
0.00156418 0.169231 0.716297 0.00924233 0.103665
0.0570574 0.794859 0.0798038 0.0681795 9.9991E-05
0.35715 0.431034 0.116627 0.0463409 0.0488481
0.286359 0.111648 9.9982E-05 9.9982E-05 0.601792
0.539892 0.00696611 0.267307 9.9991E-05 0.185734
0.23827 0.0330321 0.509588 0.028945 0.190165
0.0145779 0.263 0.722222 9.9982E-05 9.9982E-05
0.248952 0.191492 0.559356 9.9982E-05 9.9982E-05
0.482201 0.0582779 0.379088 9.9991E-05 0.0803327
0.0421552 0.745416 9.9991E-05 0.0315697 0.180759
0.0787517 0.280262 0.640786 9.9982E-05 9.9982E-05
0.0751854 0.788384 9.9982E-05 9.9982E-05 0.136231
0.155465 0.719804 0.118419 0.00621323 9.9991E-05
9.9982E-05 0.292568 0.687011 0.0202204 9.9982E-05
0.0134687 0.537997 9.9991E-05 0.0328525 0.415582
0.513625 0.191154 9.9982E-05 9.9982E-05 0.295021
0.0471258 0.747482 9.9991E-05 0.00186906 0.203423
0.300205 9.9991E-05 0.468744 0.0270079 0.203943
0.195448 0.271466 0.2441 0.066134 0.222852
0.010811 0.370717 0.450888 0.0516347 0.11595
0.159955 0.29759 9.9991E-05 0.0263863 0.515969
0.074786 0.125087 0.686556 0.0145898 0.0989814
0.191567 0.452478 0.0363377 0.225647 0.0939701
0.198637 0.182999 0.572641 0.0456223 9.9991E-05
0.162213 0.123959 0.663748 0.0465209 0.00355935
0.16928 0.163544 0.611996 9.9991E-05 0.0550803
0.0370948 0.244457 0.651388 0.0389462 0.028114
0.0855304 0.15941 0.547077 0.0910131 0.11697
0.165993 0.668847 0.0146329 0.150427 9.9991E-05
0.0309298 0.731827 9.9991E-05 0.106721 0.130422
0.0941235 9.9991E-05 0.66637 0.0464878 0.192919
0.418523 9.9982E-05 0.393238 9.9982E-05 0.18804
0.246494 0.296623 0.0754973 0.132831 0.248555
0.233312 9.9973E-05 9.9973E-05 9.9973E-05 0.766388
9.9973E-05 0.644867 9.9973E-05 9.9973E-05 0.354833
0.214578 0.133135 9.9982E-05 9.9982E-05 0.652087
