0.110723 9.9973E-05 0.0887966 9.9973E-05 0.221219 0.578961 9.9973E-05
9.9973E-05 0.0143447 0.0713197 9.9973E-05 0.333722 0.580314 9.9973E-05
0.0200111 0.0186937 9.9982E-05 0.0338836 9.9982E-05 0.492072 0.435139
0.0639689 9.9982E-05 0.0793286 0.0648306 0.603961 0.187711 9.9982E-05
9.9973E-05 0.0559364 0.263442 0.0175838 0.662738 9.9973E-05 9.9973E-05
0.00628628 0.0894457 0.014776 0.167512 0.0230805 0.6988 9.9991E-05
9.99549E-05 9.99549E-05 9.99549E-05 9.99549E-05 9.99549E-05 0.516896 0.482604
9.9982E-05 0.0978619 9.9982E-05 0.063253 0.020052 0.772982 0.0456508
0.0453034 0.0289373 9.9973E-05 9.9973E-05 0.435577 0.489882 9.9973E-05
0.0959345 9.99729E-05 9.99729E-05 0.510812 9.99729E-05 0.133649 0.259305
0.033429 9.9982E-05 0.0908116 0.0192491 0.546641 0.309669 9.9982E-05
9.9964E-05 9.9964E-05 9.9964E-05 0.12683 0.690475 0.182295 9.9964E-05
0.0440798 0.0543222 0.305569 9.9991E-05 0.260333 0.183404 0.152192
0.00769009 9.9973E-05 9.9973E-05 0.141096 9.9973E-05 0.726921 0.123993
9.9964E-05 9.9964E-05 9.9964E-05 0.0335883 0.728293 0.237719 9.9964E-05
0.025242 0.0350974 0.0698159 0.249737 9.9991E-05 0.233273 0.386735
9.9973E-05 9.9973E-05 0.00568753 0.0195959 9.9973E-05 0.621965 0.352452
9.99549E-05 9.99549E-05 9.99549E-05 9.99549E-05 9.99549E-05 0.717209 0.282292
9.9973E-05 9.9973E-05 0.0526937 9.9973E-05 0.512245 0.33521 0.099552
0.857341 9.9973E-05 0.0536484 0.0097494 0.0789612 9.9973E-05 9.9973E-05
0.894754 9.9964E-05 0.0357293 9.9964E-05 0.0691171 9.9964E-05 9.9964E-05
0.909558 9.99639E-05 0.0334543 9.99639E-05 9.99639E-05 0.0565882 9.99639E-05
0.725037 9.9964E-05 0.00327886 9.9964E-05 0.271284 9.9964E-05 9.9964E-05
0.744062 9.99549E-05 9.99549E-05 9.99549E-05 0.255438 9.99549E-05 9.99549E-05
0.46524 0.192187 9.99819E-05 0.0382569 9.99819E-05 0.185483 0.118633
0.438372 0.158022 9.99729E-05 9.99729E-05 0.388811 0.014495 9.99729E-05
0.228025 0.230705 9.9973E-05 0.189025 9.9973E-05 9.9973E-05 0.351946
0.388757 0.108581 0.164556 0.0117541 0.326152 9.9982E-05 9.9982E-05
0.873387 9.99729E-05 0.0607219 0.0232277 9.99729E-05 0.0423634 9.99729E-05
0.884345 9.99549E-05 9.99549E-05 9.99549E-05 0.115155 9.99549E-05 9.99549E-05
0.637544 9.9973E-05 9.9973E-05 0.0463525 0.0537069 9.9973E-05 0.262097
0.271582 0.449436 0.0799229 0.060266 9.9982E-05 0.138593 9.9982E-05
0.609142 9.99639E-05 9.99639E-05 0.06643 9.99639E-05 9.99639E-05 0.324029
0.672315 0.0105904 9.99729E-05 9.99729E-05 9.99729E-05 0.187861 0.128933
0.878889 9.99549E-05 9.99549E-05 9.99549E-05 0.120611 9.99549E-05 9.99549E-05
0.764664 9.99549E-05 9.99549E-05 9.99549E-05 0.234836 9.99549E-05 9.99549E-05
0.764015 9.9973E-05 9.9973E-05 0.0295659 0.178996 9.9973E-05 0.0271229
0.726708 9.9955E-05 9.9955E-05 9.9955E-05 0.272793 9.9955E-05 9.9955E-05
9.99639E-05 0.826651 9.99639E-05 9.99639E-05 0.0751254 0.0978236 9.99639E-05
9.9973E-05 0.699463 0.180426 0.0535858 9.9973E-05 9.9973E-05 0.0662248
0.0555503 0.420615 9.9973E-05 0.228454 9.9973E-05 9.9973E-05 0.29508
0.0653143 0.511617 0.11764 0.0650824 0.240146 9.9982E-05 9.9982E-05
0.295557 0.567249 0.0145435 9.99729E-05 9.99729E-05 0.12235 9.99729E-05
0.096304 0.563315 9.9982E-05 0.0948629 9.9982E-05 0.0379723 0.207345
0.137223 0.294769 9.9964E-05 9.9964E-05 0.567608 9.9964E-05 9.9964E-05
9.99549E-05 0.562349 9.99549E-05 9.99549E-05 0.437151 9.99549E-05 9.99549E-05
0.171867 0.41509 9.99729E-05 0.123042 9.99729E-05 9.99729E-05 0.289701
9.9982E-05 0.826077 0.0220141 0.00107851 0.0487333 0.101897 9.9982E-05
9.9973E-05 0.332809 0.165575 0.229668 9.9973E-05 9.9973E-05 0.271648
9.9964E-05 0.711357 9.9964E-05 9.9964E-05 0.279474 0.00876904 9.9964E-05
9.9973E-05 0.72628 0.186969 0.0834775 9.9973E-05 9.9973E-05 0.00297359
0.1088 0.503162 0.158953 0.0266915 0.202194 9.9982E-05 9.9982E-05
0.15865 0.423649 9.99819E-05 9.99819E-05 0.406445 0.00423626 0.00681923
0.0195929 0.499298 9.9973E-05 9.9973E-05 0.334613 0.146196 9.9973E-05
0.128027 0.361699 0.00802221 0.0175896 0.476346 9.9991E-05 0.00821555
0.529218 0.0299056 9.9973E-05 9.9973E-05 0.422409 9.9973E-05 0.0181677
9.99819E-05 0.790468 0.0707288 0.0698181 9.99819E-05 0.0384033 0.0303818
0.117139 0.601068 0.131165 0.101812 0.0486155 9.9982E-05 9.9982E-05
9.99729E-05 0.708831 0.118967 0.130839 9.99729E-05 9.99729E-05 0.0410632
9.99549E-05 0.736426 9.99549E-05 9.99549E-05 0.263074 9.99549E-05 9.99549E-05
0.05844 0.684162 9.99729E-05 9.99729E-05 0.206828 0.0502704 9.99729E-05
9.99639E-05 0.668319 9.99639E-05 9.99639E-05 0.278194 0.0530868 9.99639E-05
0.0781945 0.536082 0.122348 0.0421521 9.9991E-05 0.0809905 0.140134
0.0770718 0.52522 9.9964E-05 9.9964E-05 0.397308 9.9964E-05 9.9964E-05
9.99639E-05 0.488289 9.99639E-05 0.0282513 9.99639E-05 9.99639E-05 0.48306
0.194745 0.333067 9.99729E-05 9.99729E-05 0.280313 0.191575 9.99729E-05
9.9955E-05 0.609523 9.9955E-05 9.9955E-05 0.389977 9.9955E-05 9.9955E-05
9.9955E-05 0.579422 9.9955E-05 9.9955E-05 0.420079 9.9955E-05 9.9955E-05
0.211109 0.415994 9.99729E-05 9.99729E-05 0.0841271 0.28847 9.99729E-05
0.396921 0.337738 9.9973E-05 0.018889 9.9973E-05 0.246152 9.9973E-05
0.238083 0.307227 0.103161 0.251828 9.9982E-05 9.9982E-05 0.0995007
9.99549E-05 0.511394 9.99549E-05 9.99549E-05 9.99549E-05 9.99549E-05 0.488106
0.71157 9.9955E-05 9.9955E-05 9.9955E-05 0.28793 9.9955E-05 9.9955E-05
9.99729E-05 0.676511 0.00781017 0.0715346 9.99729E-05 9.99729E-05 0.243845
0.0494509 0.625358 9.99639E-05 9.99639E-05 0.324791 9.99639E-05 9.99639E-05
0.293675 0.261228 9.9964E-05 9.9964E-05 0.444697 9.9964E-05 9.9964E-05
0.748059 9.99639E-05 9.99639E-05 0.0388374 9.99639E-05 9.99639E-05 0.212703
0.204306 0.213114 9.9973E-05 0.107578 9.9973E-05 9.9973E-05 0.474702
0.744491 0.0339968 9.99729E-05 9.99729E-05 9.99729E-05 0.0636743 0.157538
0.439486 0.319529 0.122717 0.0309385 9.9982E-05 0.0871302 9.9982E-05
0.161297 0.281651 0.198527 0.167493 9.9982E-05 9.9982E-05 0.190832
0.250095 0.45426 9.9964E-05 9.9964E-05 0.295245 9.9964E-05 9.9964E-05
0.0243503 0.746423 0.070361 0.00189257 0.156774 9.9982E-05 9.9982E-05
0.185808 0.47825 0.0429618 0.044246 0.218144 9.9991E-05 0.0304904
9.99639E-05 0.658155 9.99639E-05 0.132706 9.99639E-05 9.99639E-05 0.20874
0.123863 0.600921 0.132093 9.99729E-05 0.142823 9.99729E-05 9.99729E-05
9.99549E-05 0.588214 9.99549E-05 9.99549E-05 0.411286 9.99549E-05 9.99549E-05
0.400469 0.188031 9.99729E-05 9.99729E-05 9.99729E-05 0.315141 0.0960591
9.99639E-05 0.52938 9.99639E-05 0.0386014 9.99639E-05 9.99639E-05 0.431619
0.412127 0.163031 9.9973E-05 9.9973E-05 0.161001 0.263541 9.9973E-05
9.99639E-05 0.583798 9.99639E-05 9.99639E-05 9.99639E-05 0.119217 0.296585
0.0579595 0.483928 9.99729E-05 9.99729E-05 9.99729E-05 0.125094 0.332718
0.164461 0.344156 9.9964E-05 9.9964E-05 0.490984 9.9964E-05 9.9964E-05
9.9964E-05 0.647375 9.9964E-05 9.9964E-05 9.9964E-05 0.313615 0.0386109
0.169603 0.444083 9.9973E-05 9.9973E-05 9.9973E-05 0.383998 0.00201698
9.99729E-05 0.030253 0.655162 0.146972 9.99729E-05 9.99729E-05 0.167313
0.0468666 0.107422 0.653529 0.0570859 9.9991E-05 0.0187144 0.116282
0.0204276 0.0404799 0.821752 9.9982E-05 0.079334 9.9982E-05 0.0378064
9.9973E-05 0.00563835 0.398753 9.9973E-05 0.341726 0.253583 9.9973E-05
9.99639E-05 9.99639E-05 0.630761 0.179465 9.99639E-05 9.99639E-05 0.189374
0.00718029 9.9973E-05 0.188239 9.9973E-05 0.186079 0.618202 9.9973E-05
9.99639E-05 9.99639E-05 0.355433 9.99639E-05 9.99639E-05 0.15312 0.491047
9.99729E-05 0.0228012 0.759916 0.0807843 9.99729E-05 9.99729E-05 0.136198
0.0815358 0.00163776 0.618039 0.0337025 9.9982E-05 0.264885 9.9982E-05
0.0791162 9.99639E-05 0.586975 9.99639E-05 0.333509 9.99639E-05 9.99639E-05
9.9964E-05 9.9964E-05 0.430092 0.424319 9.9964E-05 9.9964E-05 0.145189
0.0205337 9.99729E-05 0.423182 9.99729E-05 0.407397 9.99729E-05 0.148588
9.9982E-05 0.0210762 0.735623 0.00816817 9.9982E-05 0.0608648 0.174068
9.99729E-05 0.0576272 0.500768 9.99729E-05 0.0598805 0.381424 9.99729E-05
0.0867308 9.9973E-05 0.650837 0.0816177 9.9973E-05 0.180514 9.9973E-05
0.0304239 9.9982E-05 0.263379 0.00664525 9.9982E-05 0.447929 0.251423
9.99729E-05 0.0750908 0.387128 9.99729E-05 0.536776 0.000705664 9.99729E-05
0.0549964 9.9973E-05 0.401934 9.9973E-05 0.461573 9.9973E-05 0.0811963
0.0969649 0.141744 0.545183 0.0895713 9.9982E-05 0.126337 9.9982E-05
9.99639E-05 9.99639E-05 0.592876 9.99639E-05 9.99639E-05 0.14742 0.259304
0.099179 0.0299011 0.704011 0.00466431 0.0614876 0.100657 9.9991E-05
0.0213083 9.9964E-05 0.745671 9.9964E-05 0.23262 9.9964E-05 9.9964E-05
0.047831 9.9982E-05 0.132776 0.0224307 0.447216 0.349546 9.9982E-05
0.00393522 9.9982E-05 9.9982E-05 0.53594 0.102315 0.294287 0.0633237
0.0202704 0.0315643 0.117983 0.039937 0.574906 0.103557 0.111782
0.0246193 9.9982E-05 0.123446 0.182857 9.9982E-05 0.640005 0.0288722
9.99639E-05 9.99639E-05 0.00636187 0.799439 9.99639E-05 9.99639E-05 0.193799
9.99729E-05 9.99729E-05 0.0676137 0.0184377 0.685261 0.228388 9.99729E-05
0.0636553 9.99729E-05 9.99729E-05 0.553868 0.372606 0.00957057 9.99729E-05
9.9982E-05 0.117398 0.0893523 9.9982E-05 0.0683094 0.706479 0.0182608
0.0763739 9.99639E-05 9.99639E-05 0.53003 0.393196 9.99639E-05 9.99639E-05
9.9973E-05 9.9973E-05 9.9973E-05 0.362788 0.00441231 0.157377 0.475123
9.9982E-05 0.0488625 0.0759527 0.103722 0.611672 0.159591 9.9982E-05
0.0746218 9.9964E-05 9.9964E-05 0.400503 0.524476 9.9964E-05 9.9964E-05
9.99549E-05 9.99549E-05 9.99549E-05 0.633699 9.99549E-05 9.99549E-05 0.365801
9.9973E-05 9.9973E-05 0.0853492 9.9973E-05 0.744353 0.145184 0.0248138
0.0390016 9.99639E-05 9.99639E-05 0.324269 0.63633 9.99639E-05 9.99639E-05
9.99729E-05 9.99729E-05 0.0234492 9.99729E-05 0.59505 0.206271 0.174931
9.99549E-05 9.99549E-05 9.99549E-05 0.780399 9.99549E-05 9.99549E-05 0.219101
0.002702 0.0151515 9.9982E-05 0.227825 0.690148 0.0639739 9.9982E-05
9.9973E-05 0.0119199 0.149836 9.9973E-05 0.542511 0.295433 9.9973E-05
0.0338713 9.99639E-05 9.99639E-05 0.0743662 9.99639E-05 0.891363 9.99639E-05
0.117403 9.9991E-05 0.235272 0.0161123 0.380064 0.0865122 0.164536
0.0832621 9.9991E-05 0.125611 0.11879 0.464816 0.171151 0.0362697
9.99639E-05 9.99639E-05 9.99639E-05 0.69589 9.99639E-05 0.154369 0.149341
0.0899094 0.0429433 9.9991E-05 0.0646567 0.271857 0.498295 0.0322387
0.0578573 0.00648328 9.9982E-05 0.376559 0.0311506 0.52775 9.9982E-05
0.0544954 0.0648812 0.256855 0.289085 9.9991E-05 0.307239 0.0273443
0.0622974 0.0692517 0.102605 0.0851439 0.468127 0.212475 9.9991E-05
0.0352943 0.0954108 0.406965 0.236537 0.123412 0.102281 9.9991E-05
0.0298677 9.9973E-05 0.134467 0.375797 9.9973E-05 9.9973E-05 0.459568
0.0745644 0.0292796 0.121766 0.268822 9.9991E-05 0.488481 0.0169869
0.0232483 0.0236396 0.147764 0.22256 9.9991E-05 0.400076 0.182613
0.0929927 9.9982E-05 0.136936 0.309826 0.385487 0.0745586 9.9982E-05
9.99729E-05 9.99729E-05 0.099095 0.362862 9.99729E-05 0.223893 0.31385
9.99729E-05 9.99729E-05 0.0702256 9.99729E-05 0.663896 0.21792 0.0476582
9.99729E-05 9.99729E-05 0.163759 0.382798 9.99729E-05 0.313211 0.139931
0.0657381 9.9973E-05 0.143477 0.41835 0.372134 9.9973E-05 9.9973E-05
0.027187 9.9982E-05 0.224598 0.1521 0.58263 9.9982E-05 0.0132854
0.0516288 0.12361 0.222296 0.167679 0.11268 0.322006 9.9991E-05
9.9973E-05 0.0622526 0.211489 9.9973E-05 0.0569979 0.668961 9.9973E-05
0.115968 0.00670694 0.275132 0.201566 0.00814552 0.392382 9.9991E-05
0.0498386 9.9982E-05 0.362261 0.126661 0.337292 0.123748 9.9982E-05
9.9973E-05 9.9973E-05 0.277871 0.370924 9.9973E-05 0.00446956 0.346435
9.99639E-05 9.99639E-05 0.153015 0.64023 9.99639E-05 9.99639E-05 0.206355
9.9973E-05 0.0394926 9.9973E-05 0.192946 9.9973E-05 0.541262 0.225999
0.000349014 0.0598676 0.144458 0.560989 9.9991E-05 0.108062 0.126174
9.9964E-05 9.9964E-05 0.281952 0.298762 9.9964E-05 9.9964E-05 0.418886
0.0193305 0.113887 9.9982E-05 0.236384 9.9982E-05 0.389912 0.240287
9.99639E-05 9.99639E-05 9.99639E-05 0.19393 9.99639E-05 0.593043 0.212628
0.0540386 0.0115075 9.9991E-05 0.00847989 0.739258 0.169983 0.0166329
0.0211761 9.99729E-05 9.99729E-05 9.99729E-05 0.706524 0.195343 0.0766576
0.0280991 9.9973E-05 9.9973E-05 9.9973E-05 0.0519345 0.70096 0.218706
9.99639E-05 9.99639E-05 9.99639E-05 9.99639E-05 0.702991 0.196134 0.100475
9.9973E-05 9.9973E-05 0.037431 9.9973E-05 0.81179 0.0499832 0.100496
0.121795 9.9982E-05 0.0389026 9.9982E-05 0.640049 0.0421895 0.156864
9.9964E-05 9.9964E-05 9.9964E-05 9.9964E-05 0.765572 0.0677337 0.166295
0.020454 9.9982E-05 9.9982E-05 0.0123098 0.0502553 0.412601 0.50418
9.9964E-05 9.9964E-05 9.9964E-05 0.380967 9.9964E-05 0.0399787 0.578655
9.9973E-05 0.0643247 0.0338092 9.9973E-05 0.307572 0.593994 9.9973E-05
9.9964E-05 9.9964E-05 9.9964E-05 9.9964E-05 0.0383624 0.186847 0.774391
0.0848466 0.0559746 9.9973E-05 9.9973E-05 9.9973E-05 0.527703 0.331176
9.9973E-05 9.9973E-05 0.0224937 9.9973E-05 0.21568 0.613845 0.147681
9.99639E-05 9.99639E-05 9.99639E-05 0.141537 9.99639E-05 0.416969 0.441094
9.9982E-05 0.0086669 0.0591909 9.9982E-05 0.110173 0.430133 0.391637
0.123796 0.0554864 9.9982E-05 0.0669617 0.331057 0.4225 9.9982E-05
0.0316985 0.0533701 9.9982E-05 9.9982E-05 0.0954212 0.490783 0.328528
9.9982E-05 0.0103556 0.110818 9.9982E-05 0.113216 0.516321 0.249089
9.9973E-05 9.9973E-05 0.0326121 9.9973E-05 0.708172 0.171053 0.0878627
9.9973E-05 0.0220856 0.0610577 9.9973E-05 0.348296 0.568261 9.9973E-05
9.9982E-05 0.0234496 9.9982E-05 0.0306237 0.0557187 0.163261 0.726747
9.9973E-05 0.00786984 0.0404976 9.9973E-05 9.9973E-05 0.633196 0.318137
9.99639E-05 9.99639E-05 9.99639E-05 0.294632 9.99639E-05 0.131127 0.573842
9.99549E-05 9.99549E-05 9.99549E-05 9.99549E-05 0.644788 0.354712 9.99549E-05
0.0240855 0.0279074 9.9973E-05 9.9973E-05 0.185388 0.76232 9.9973E-05
9.99729E-05 0.00149646 9.99729E-05 0.170958 9.99729E-05 0.287833 0.539412
0.00971485 0.0717891 0.0261031 0.139026 0.714261 0.0390058 9.9991E-05
0.0668515 0.0034934 9.9982E-05 0.297107 0.512141 0.120208 9.9982E-05
0.0583439 0.0693054 0.0912906 0.234188 9.9991E-05 0.262019 0.284753
0.093827 0.0244563 0.0519728 0.550258 9.9982E-05 0.279286 9.9982E-05
0.130304 9.9982E-05 9.9982E-05 0.107915 0.601463 0.0974286 0.0626893
0.043979 9.9973E-05 9.9973E-05 0.219173 0.682931 0.0536177 9.9973E-05
9.9973E-05 0.0816982 9.9973E-05 0.132966 0.717462 0.0675746 9.9973E-05
0.027854 9.9973E-05 0.0286723 0.693302 9.9973E-05 9.9973E-05 0.249871
0.0358129 0.0137722 9.9982E-05 0.327966 9.9982E-05 0.594175 0.0280732
0.0599001 0.0472362 0.291697 0.0245224 0.156389 0.420155 9.9991E-05
9.99639E-05 9.99639E-05 9.99639E-05 0.172006 0.612085 0.215509 9.99639E-05
0.00528719 0.0123177 0.21552 0.488791 9.9991E-05 0.123035 0.154949
0.0692112 9.9973E-05 9.9973E-05 0.135693 9.9973E-05 0.777631 0.0171648
0.0439525 0.00455335 9.9982E-05 0.142064 9.9982E-05 0.699835 0.109396
0.0705058 9.9982E-05 0.290582 0.231983 0.100807 0.305922 9.9982E-05
9.99639E-05 9.99639E-05 0.211288 9.99639E-05 9.99639E-05 0.518401 0.269911
9.9982E-05 0.0440631 0.0800413 9.9982E-05 0.341561 0.525265 0.0088696
0.0296852 0.00303632 0.0285552 0.0871952 0.156162 0.695267 9.9991E-05
0.0553054 9.9973E-05 9.9973E-05 0.198093 0.724362 0.0219403 9.9973E-05
0.0450295 0.152715 9.99819E-05 0.331036 9.99819E-05 0.31206 0.15896
9.99729E-05 0.0402801 9.99729E-05 0.134528 0.600938 0.223955 9.99729E-05
9.9982E-05 0.00760345 9.9982E-05 0.120143 0.699506 0.166365 0.00618235
9.99639E-05 9.99639E-05 9.99639E-05 0.272868 9.99639E-05 0.198513 0.52822
9.9973E-05 9.9973E-05 9.9973E-05 0.0093801 0.177572 0.569326 0.243422
9.9973E-05 0.0590152 9.9973E-05 0.0900335 9.9973E-05 0.586104 0.264547
0.047759 0.0242056 9.9991E-05 0.00477027 0.805129 0.0737298 0.0443059
0.0928117 0.191608 0.0697597 0.0185124 0.486128 0.047734 0.0934463
9.9964E-05 0.0941904 9.9964E-05 9.9964E-05 0.579993 0.325416 9.9964E-05
9.99639E-05 9.99639E-05 9.99639E-05 0.236233 9.99639E-05 0.237769 0.525598
9.9964E-05 0.0536175 9.9964E-05 9.9964E-05 0.498089 0.447894 9.9964E-05
0.0304889 0.0425992 0.0532854 9.9982E-05 0.579737 0.29369 9.9982E-05
9.9973E-05 9.9973E-05 0.111282 9.9973E-05 0.734716 0.0598953 0.0938065
9.99639E-05 9.99639E-05 0.0795002 9.99639E-05 9.99639E-05 0.227018 0.693082
0.0311889 9.9982E-05 9.9982E-05 0.0111341 0.0829752 0.748182 0.12632
0.0551128 9.9982E-05 9.9982E-05 0.0232608 0.676233 0.0710035 0.17419
9.9982E-05 0.0680508 9.9982E-05 0.185648 0.131185 0.293433 0.321483
0.01439 0.0354341 0.0639917 9.9982E-05 0.713106 0.172879 9.9982E-05
9.9982E-05 9.9982E-05 0.189037 0.0770618 0.378644 0.113039 0.242019
0.0372586 0.0648072 0.0109208 9.9991E-05 0.248447 0.494344 0.144123
9.9973E-05 9.9973E-05 9.9973E-05 0.192716 0.010158 0.0757019 0.721124
0.0618632 0.0115866 9.9982E-05 0.001912 0.142974 0.781464 9.9982E-05
0.0661759 0.0172981 0.256336 0.222114 9.9991E-05 0.43143 0.00654619
9.9973E-05 9.9973E-05 0.280086 0.419416 9.9973E-05 0.0868061 0.213392
9.9982E-05 0.0543571 0.0719895 0.0202377 9.9982E-05 0.851952 0.00126329
9.99729E-05 0.0064324 0.369029 9.99729E-05 9.99729E-05 0.37995 0.244289
0.00534018 9.9991E-05 0.0215264 0.175448 0.0841892 0.650049 0.063347
0.00297407 9.9982E-05 0.0734613 0.0576557 0.57274 0.292969 9.9982E-05
0.0255454 9.9982E-05 0.119693 0.661093 9.9982E-05 0.102925 0.0905434
0.101458 0.0152736 9.9973E-05 0.278613 0.604355 9.9973E-05 9.9973E-05
0.0104949 0.00394752 0.296845 9.9982E-05 0.397085 0.291428 9.9982E-05
0.043106 9.9991E-05 0.283179 0.077203 0.454398 0.0655804 0.0764336
9.99729E-05 9.99729E-05 0.415443 0.253706 9.99729E-05 0.0617775 0.268774
9.99729E-05 9.99729E-05 0.223243 0.308348 9.99729E-05 0.014567 0.453542
0.0669893 9.9982E-05 9.9982E-05 0.100794 0.638821 0.117409 0.0757866
0.0238059 0.0642241 0.032373 9.9982E-05 9.9982E-05 0.768807 0.11059
0.0382173 0.0230486 0.294258 0.0561722 9.9982E-05 0.588104 9.9982E-05
9.99639E-05 9.99639E-05 0.205165 0.286251 9.99639E-05 9.99639E-05 0.508184
0.0293513 9.9982E-05 0.42799 0.201361 0.104794 0.236304 9.9982E-05
0.102991 9.9982E-05 0.158701 0.198984 0.361028 0.178096 9.9982E-05
0.0145556 9.9982E-05 9.9982E-05 0.00296632 0.664694 0.275408 0.0421762
9.9964E-05 9.9964E-05 0.199264 9.9964E-05 0.46938 0.330957 9.9964E-05
0.0178363 0.000999425 0.444365 0.0701838 0.317396 0.14912 9.9991E-05
0.0335555 9.9982E-05 0.0144714 9.9982E-05 0.0299043 0.242559 0.67931
9.9982E-05 0.00572547 0.0676553 9.9982E-05 0.611958 0.299706 0.0147557
9.9973E-05 9.9973E-05 0.0524479 9.9973E-05 0.0496669 0.343308 0.554278
9.9982E-05 0.0205328 0.122049 9.9982E-05 0.0687317 0.621967 0.16652
0.0153101 0.0201669 9.9973E-05 9.9973E-05 0.554297 0.409926 9.9973E-05
0.0130159 9.9973E-05 9.9973E-05 0.0647468 0.0556682 9.9973E-05 0.866269
9.9982E-05 0.017679 0.464686 0.213383 9.9982E-05 0.166309 0.137743
0.00311482 9.9982E-05 0.0233482 0.129393 9.9982E-05 0.577706 0.266237
0.106937 9.9982E-05 0.251257 0.200307 0.369106 0.0721933 9.9982E-05
0.112993 9.9982E-05 0.136455 0.228195 0.0604348 0.461722 9.9982E-05
0.0729051 0.00198554 9.9991E-05 0.13422 0.340554 0.414011 0.0362254
0.0103729 9.9973E-05 0.125804 0.175875 9.9973E-05 9.9973E-05 0.687648
0.0417545 9.9982E-05 0.0316396 0.0491557 0.701731 9.9982E-05 0.175519
0.0508438 0.173795 0.149127 0.075391 9.9991E-05 0.431111 0.119633
0.0448176 0.0362024 0.153832 9.9991E-05 0.538714 0.13198 0.0943535
0.0781656 9.9973E-05 0.111696 9.9973E-05 0.670279 9.9973E-05 0.139559
0.0461716 9.9991E-05 0.124404 0.0427233 0.569626 0.130723 0.0862526
0.0709189 0.00428612 0.0244367 0.0560494 0.572891 0.25681 0.0146072
0.0622235 0.0657804 0.0481643 0.0303821 0.553088 9.9991E-05 0.240261
0.102997 0.0444945 0.126173 9.9982E-05 9.9982E-05 0.600852 0.125284
0.0257164 0.0711584 0.0279984 0.0617843 9.9991E-05 0.50334 0.309903
0.0616019 0.0102459 0.0499633 0.157984 0.628438 9.9991E-05 0.0916668
9.9973E-05 0.00377046 0.402492 0.209425 0.384013 9.9973E-05 9.9973E-05
0.0801039 0.0702654 0.227045 0.243102 9.9991E-05 0.366357 0.013026
9.99693E-05 9.99693E-05 0.195152 0.567747 9.99693E-05 9.99693E-05 0.236701
9.9964E-05 9.9964E-05 9.9964E-05 0.11167 9.9964E-05 0.181207 0.706722
9.9964E-05 9.9964E-05 0.173424 0.414832 9.9964E-05 9.9964E-05 0.411344
