9.9901E-05 9.9901E-05 9.9901E-05 0.0442137 9.9901E-05 0.0478575 0.381559 9.9901E-05 9.9901E-05 0.459759 9.9901E-05 9.9901E-05 9.9901E-05 9.9901E-05 0.0655123 9.9901E-05
9.99189E-05 9.99189E-05 9.99189E-05 9.99189E-05 9.99189E-05 0.0214395 0.316491 9.99189E-05 0.0682131 0.482365 0.0015421 9.99189E-05 0.0454861 9.99189E-05 0.0635641 9.99189E-05
0.00731503 0.00574207 0.076562 0.0132419 0.0345219 9.99459E-05 9.99459E-05 0.0299387 0.0115788 0.129172 0.656595 9.99459E-05 9.99459E-05 9.99459E-05 0.0347336 9.99459E-05
0.0649487 0.0413598 9.99189E-05 0.0238783 9.99189E-05 9.99189E-05 0.509582 0.0363001 9.99189E-05 0.282633 9.99189E-05 9.99189E-05 9.99189E-05 0.040399 9.99189E-05 9.99189E-05
0.127252 0.0109193 9.99099E-05 9.99099E-05 9.99099E-05 0.209731 0.375338 0.167515 9.99099E-05 9.99099E-05 9.99099E-05 9.99099E-05 0.108245 9.99099E-05 9.99099E-05 9.99099E-05
0.0888457 9.99188E-05 0.230374 9.99188E-05 9.99188E-05 9.99188E-05 9.99188E-05 9.99188E-05 9.99188E-05 0.248515 0.167916 0.0620875 0.172626 9.99188E-05 9.99188E-05 0.0287367
9.99098E-05 9.99098E-05 9.99098E-05 9.99098E-05 0.134549 9.99098E-05 0.0331445 9.99098E-05 9.99098E-05 0.381814 0.445815 9.99098E-05 9.99098E-05 0.0011352 9.99098E-05 0.00254347
9.99009E-05 9.99009E-05 0.237174 9.99009E-05 9.99009E-05 9.99009E-05 9.99009E-05 9.99009E-05 9.99009E-05 0.194938 0.210785 9.99009E-05 0.199879 9.99009E-05 0.156124 9.99009E-05
9.99459E-05 0.0725374 0.0594142 0.00489017 9.99459E-05 9.99459E-05 0.235529 0.0015678 0.0129179 0.347313 9.99459E-05 0.0552074 0.205576 9.99459E-05 0.00444765 9.99459E-05
9.98917E-05 9.98917E-05 0.627808 9.98917E-05 0.293529 9.98917E-05 0.0450613 9.98917E-05 9.98917E-05 9.98917E-05 0.0324034 9.98917E-05 9.98917E-05 9.98917E-05 9.98917E-05 9.98917E-05
0.113133 9.99189E-05 9.99189E-05 0.0139237 9.99189E-05 0.0177302 0.0673201 9.99189E-05 0.383137 0.167678 9.99189E-05 9.99189E-05 0.236178 9.99189E-05 9.99189E-05 9.99189E-05
0.0547469 0.0433902 0.223873 9.99099E-05 9.99099E-05 9.99099E-05 0.431136 9.99099E-05 0.0682672 9.99099E-05 9.99099E-05 9.99099E-05 0.177587 9.99099E-05 9.99099E-05 9.99099E-05
0.0809118 0.177887 9.99369E-05 9.99369E-05 9.99369E-05 0.169517 9.99369E-05 0.0433926 0.0611308 0.185618 0.173058 0.0343922 9.99369E-05 0.0733936 9.99369E-05 9.99369E-05
0.00537077 9.99099E-05 0.242821 9.99099E-05 9.99099E-05 9.99099E-05 9.99099E-05 9.99099E-05 9.99099E-05 0.369489 0.320513 0.00537722 9.99099E-05 9.99099E-05 0.0554296 9.99099E-05
9.98918E-05 9.98918E-05 0.0967436 9.98918E-05 9.98918E-05 9.98918E-05 0.351172 9.98918E-05 0.3792 9.98918E-05 9.98918E-05 9.98918E-05 0.171686 9.98918E-05 9.98918E-05 9.98918E-05
9.99188E-05 9.99188E-05 0.213024 9.99188E-05 0.114498 9.99188E-05 9.99188E-05 0.0307901 9.99188E-05 0.0785461 0.350369 9.99188E-05 9.99188E-05 0.191977 9.99188E-05 0.0198976
9.99009E-05 9.99009E-05 0.0136446 9.99009E-05 0.0815419 9.99009E-05 0.0172549 9.99009E-05 9.99009E-05 0.505702 0.380758 9.99009E-05 9.99009E-05 9.99009E-05 9.99009E-05 9.99009E-05
9.98918E-05 9.98918E-05 9.98918E-05 9.98918E-05 9.98918E-05 9.98918E-05 9.98918E-05 9.98918E-05 0.0458069 0.343737 0.574489 9.98918E-05 0.0347686 9.98918E-05 9.98918E-05 9.98918E-05
9.99189E-05 0.181401 9.99189E-05 9.99189E-05 9.99189E-05 0.0107875 0.292264 9.99189E-05 9.99189E-05 0.222321 0.0800205 0.0454554 0.166852 9.99189E-05 9.99189E-05 9.99189E-05
9.98919E-05 9.98919E-05 9.98919E-05 0.765385 9.98919E-05 9.98919E-05 9.98919E-05 0.101855 0.125273 9.98919E-05 9.98919E-05 9.98919E-05 9.98919E-05 0.00628873 9.98919E-05 9.98919E-05
9.9883E-05 0.0982031 9.9883E-05 0.836515 9.9883E-05 9.9883E-05 9.9883E-05 9.9883E-05 9.9883E-05 9.9883E-05 9.9883E-05 9.9883E-05 9.9883E-05 0.0639837 9.9883E-05 9.9883E-05
9.98918E-05 9.98918E-05 0.0269835 0.880219 9.98918E-05 0.027913 9.98918E-05 9.98918E-05 9.98918E-05 0.0636856 9.98918E-05 9.98918E-05 9.98918E-05 9.98918E-05 9.98918E-05 9.98918E-05
9.98919E-05 0.318174 9.98919E-05 0.629892 9.98919E-05 9.98919E-05 9.98919E-05 0.0454108 9.98919E-05 9.98919E-05 9.98919E-05 9.98919E-05 9.98919E-05 9.98919E-05 0.00532512 9.98919E-05
0.0427383 0.036012 9.99099E-05 0.730139 9.99099E-05 9.99099E-05 0.10362 9.99099E-05 0.0769832 9.99099E-05 9.99099E-05 9.99099E-05 9.99099E-05 9.99099E-05 0.00950835 9.99099E-05
9.99278E-05 9.99278E-05 0.105878 0.399444 0.0856864 9.99278E-05 9.99278E-05 9.99278E-05 9.99278E-05 0.0179453 0.130528 0.0921002 9.99278E-05 9.99278E-05 0.0034771 0.164142
0.0722304 9.99278E-05 9.99278E-05 0.295366 9.99278E-05 9.99278E-05 0.113365 0.0477659 0.0648197 9.99278E-05 9.99278E-05 0.262276 0.0767439 9.99278E-05 0.0666339 9.99278E-05
9.99009E-05 9.99009E-05 9.99009E-05 0.217462 0.387969 9.99009E-05 9.99009E-05 0.0246198 9.99009E-05 9.99009E-05 9.99009E-05 9.99009E-05 9.99009E-05 0.179589 9.99009E-05 0.189262
0.0230602 0.0407964 9.994E-05 0.250425 9.994E-05 0.0587394 0.0145357 0.278887 0.0682221 9.994E-05 9.994E-05 0.00125505 9.994E-05 0.104966 0.158514 9.994E-05
9.99188E-05 9.99188E-05 0.0744677 0.805893 9.99188E-05 0.0266657 9.99188E-05 9.99188E-05 9.99188E-05 0.0429669 9.99188E-05 0.035512 9.99188E-05 0.00581963 9.99188E-05 0.00777548
0.0323532 0.102822 9.98829E-05 0.863526 9.98829E-05 9.98829E-05 9.98829E-05 9.98829E-05 9.98829E-05 9.98829E-05 9.98829E-05 9.98829E-05 9.98829E-05 9.98829E-05 9.98829E-05 9.98829E-05
9.99281E-05 0.104186 9.99281E-05 0.548757 0.268575 9.99281E-05 9.99281E-05 9.99281E-05 9.99281E-05 9.99281E-05 0.00764275 9.99281E-05 0.00265971 0.0198293 0.0208497 0.026702
9.99188E-05 9.99188E-05 0.0190685 0.0109371 0.0509163 0.0753411 9.99188E-05 9.99188E-05 9.99188E-05 9.99188E-05 9.99188E-05 0.711544 9.99188E-05 0.00766703 9.99188E-05 0.123626
9.98827E-05 9.98827E-05 9.98827E-05 0.561829 0.416054 9.98827E-05 9.98827E-05 9.98827E-05 9.98827E-05 9.98827E-05 9.98827E-05 9.98827E-05 9.98827E-05 9.98827E-05 9.98827E-05 0.0208183
9.99098E-05 9.99098E-05 9.99098E-05 0.608608 0.0513056 9.99098E-05 9.99098E-05 9.99098E-05 9.99098E-05 0.0867968 0.132914 0.0627083 9.99098E-05 9.99098E-05 9.99098E-05 0.0566678
0.0773437 0.0820592 9.98829E-05 0.839299 9.98829E-05 9.98829E-05 9.98829E-05 9.98829E-05 9.98829E-05 9.98829E-05 9.98829E-05 9.98829E-05 9.98829E-05 9.98829E-05 9.98829E-05 9.98829E-05
9.98919E-05 9.98919E-05 9.98919E-05 0.736451 9.98919E-05 9.98919E-05 0.0785456 0.0664324 0.117372 9.98919E-05 9.98919E-05 9.98919E-05 9.98919E-05 9.98919E-05 9.98919E-05 9.98919E-05
9.98919E-05 9.98919E-05 9.98919E-05 0.67267 0.0259089 9.98919E-05 9.98919E-05 0.0276853 0.272537 9.98919E-05 9.98919E-05 9.98919E-05 9.98919E-05 9.98919E-05 9.98919E-05 9.98919E-05
9.98919E-05 0.220712 9.98919E-05 0.677796 9.98919E-05 9.98919E-05 0.0667293 0.0335636 9.98919E-05 9.98919E-05 9.98919E-05 9.98919E-05 9.98919E-05 9.98919E-05 9.98919E-05 9.98919E-05
9.98827E-05 9.98827E-05 9.98827E-05 9.98827E-05 9.98827E-05 9.98827E-05 9.98827E-05 0.368775 9.98827E-05 0.111211 9.98827E-05 9.98827E-05 9.98827E-05 9.98827E-05 9.98827E-05 0.518716
9.9901E-05 9.9901E-05 9.9901E-05 9.9901E-05 0.012303 0.0506567 9.9901E-05 0.00203541 9.9901E-05 9.9901E-05 9.9901E-05 9.9901E-05 9.9901E-05 0.171958 9.9901E-05 0.761948
9.99009E-05 9.99009E-05 9.99009E-05 0.00724888 0.4272 9.99009E-05 9.99009E-05 9.99009E-05 9.99009E-05 9.99009E-05 9.99009E-05 0.00672478 9.99009E-05 9.99009E-05 0.0505769 0.507151
9.99099E-05 0.307751 9.99099E-05 9.99099E-05 9.99099E-05 9.99099E-05 9.99099E-05 0.190018 9.99099E-05 9.99099E-05 9.99099E-05 0.0965943 9.99099E-05 0.107828 0.0175364 0.279273
9.99008E-05 9.99008E-05 0.0276188 0.256606 9.99008E-05 9.99008E-05 9.99008E-05 0.0829138 9.99008E-05 0.110634 9.99008E-05 9.99008E-05 9.99008E-05 9.99008E-05 9.99008E-05 0.521129
0.0419337 9.99279E-05 0.00544691 0.0290068 0.0238597 9.99279E-05 9.99279E-05 9.99279E-05 0.0775182 9.99279E-05 0.126159 0.0416689 9.99279E-05 9.99279E-05 9.99279E-05 0.653607
9.98919E-05 0.0914986 9.98919E-05 9.98919E-05 9.98919E-05 9.98919E-05 0.293753 0.0793287 9.98919E-05 9.98919E-05 9.98919E-05 0.534221 9.98919E-05 9.98919E-05 9.98919E-05 9.98919E-05
9.99009E-05 9.99009E-05 9.99009E-05 9.99009E-05 9.99009E-05 9.99009E-05 0.0843138 0.401268 0.00581105 9.99009E-05 9.99009E-05 9.99009E-05 0.246114 9.99009E-05 9.99009E-05 0.261395
9.98918E-05 9.98918E-05 9.98918E-05 0.139456 0.25018 9.98918E-05 9.98918E-05 9.98918E-05 9.98918E-05 9.98918E-05 0.0688422 9.98918E-05 9.98918E-05 9.98918E-05 9.98918E-05 0.540323
9.99188E-05 9.99188E-05 0.0113734 9.99188E-05 9.99188E-05 9.99188E-05 9.99188E-05 0.274539 0.014802 0.0878141 9.99188E-05 9.99188E-05 0.00981515 9.99188E-05 0.00485583 0.595901
9.98739E-05 9.98739E-05 9.98739E-05 9.98739E-05 9.98739E-05 9.98739E-05 9.98739E-05 9.98739E-05 9.98739E-05 9.98739E-05 9.98739E-05 9.98739E-05 9.98739E-05 0.633883 9.98739E-05 0.364719
9.991E-05 0.00660065 9.991E-05 9.991E-05 9.991E-05 9.991E-05 9.991E-05 0.338759 0.00141023 9.991E-05 9.991E-05 9.991E-05 0.187841 9.991E-05 0.0816224 0.382767
9.98829E-05 9.98829E-05 9.98829E-05 9.98829E-05 9.98829E-05 9.98829E-05 9.98829E-05 0.0936818 9.98829E-05 9.98829E-05 9.98829E-05 9.98829E-05 9.98829E-05 0.241429 9.98829E-05 0.663591
0.056 0.228253 9.9919E-05 0.0742067 9.9919E-05 0.0401826 9.9919E-05 0.117066 0.0125632 9.9919E-05 9.9919E-05 9.9919E-05 9.9919E-05 9.9919E-05 9.9919E-05 0.470829
0.0850699 9.99278E-05 9.99278E-05 0.0458638 9.99278E-05 9.99278E-05 0.0454623 0.18618 0.254422 9.99278E-05 0.00800651 0.278498 9.99278E-05 9.99278E-05 9.99278E-05 0.095698
0.0138426 9.99279E-05 9.99279E-05 0.00964569 9.99279E-05 9.99279E-05 9.99279E-05 0.0790016 0.208639 9.99279E-05 9.99279E-05 0.0402625 0.282868 9.99279E-05 0.00383752 0.361104
9.9919E-05 0.328099 9.9919E-05 0.0248611 9.9919E-05 9.9919E-05 0.138923 0.169556 9.9919E-05 9.9919E-05 9.9919E-05 0.0744022 9.9919E-05 9.9919E-05 0.0863235 0.176936
9.98919E-05 0.336997 9.98919E-05 0.335566 9.98919E-05 9.98919E-05 0.072027 9.98919E-05 9.98919E-05 9.98919E-05 9.98919E-05 9.98919E-05 9.98919E-05 9.98919E-05 0.254211 9.98919E-05
9.99278E-05 9.99278E-05 0.0531285 9.99278E-05 0.0242594 0.0413022 9.99278E-05 0.165456 9.99278E-05 0.0262461 0.00158817 0.0970265 9.99278E-05 9.99278E-05 9.99278E-05 0.590194
0.0409033 9.99099E-05 9.99099E-05 0.0293408 9.99099E-05 9.99099E-05 9.99099E-05 0.237734 9.99099E-05 9.99099E-05 9.99099E-05 9.99099E-05 9.99099E-05 0.193019 0.245947 0.252057
9.99008E-05 9.99008E-05 9.99008E-05 9.99008E-05 9.99008E-05 0.0317774 9.99008E-05 9.99008E-05 9.99008E-05 0.00380321 9.99008E-05 9.99008E-05 9.99008E-05 0.136875 0.0525837 0.773862
9.99008E-05 9.99008E-05 9.99008E-05 0.00671336 9.99008E-05 9.99008E-05 0.0061111 0.720644 9.99008E-05 0.0131172 9.99008E-05 9.99008E-05 9.99008E-05 9.99008E-05 9.99008E-05 0.252316
9.99188E-05 9.99188E-05 9.99188E-05 0.019818 9.99188E-05 9.99188E-05 9.99188E-05 0.401898 0.000127918 0.0872731 9.99188E-05 0.209112 0.051973 9.99188E-05 9.99188E-05 0.228899
9.99098E-05 9.99098E-05 9.99098E-05 9.99098E-05 9.99098E-05 9.99098E-05 0.0351498 0.252806 0.0428817 9.99098E-05 9.99098E-05 9.99098E-05 0.192948 9.99098E-05 0.0422649 0.43295
9.99009E-05 9.99009E-05 9.99009E-05 9.99009E-05 0.199381 0.101353 9.99009E-05 0.0180811 9.99009E-05 9.99009E-05 9.99009E-05 0.591987 9.99009E-05 9.99009E-05 9.99009E-05 0.0880994
9.99008E-05 0.286638 9.99008E-05 0.0533859 0.0225907 9.99008E-05 9.99008E-05 0.602289 9.99008E-05 9.99008E-05 9.99008E-05 9.99008E-05 9.99008E-05 9.99008E-05 9.99008E-05 0.0339967
9.99098E-05 9.99098E-05 9.99098E-05 9.99098E-05 0.335181 9.99098E-05 9.99098E-05 0.199091 9.99098E-05 9.99098E-05 0.189701 0.0286959 9.99098E-05 9.99098E-05 0.0868316 0.159501
0.00377729 9.99278E-05 9.99278E-05 0.0435159 9.99278E-05 9.99278E-05 9.99278E-05 0.0837566 0.1809 0.0403101 9.99278E-05 0.488085 0.148269 9.99278E-05 9.99278E-05 0.0105871
9.9883E-05 9.9883E-05 9.9883E-05 9.9883E-05 0.0039982 9.9883E-05 9.9883E-05 0.943695 9.9883E-05 9.9883E-05 9.9883E-05 9.9883E-05 0.0510078 9.9883E-05 9.9883E-05 9.9883E-05
9.9901E-05 9.9901E-05 9.9901E-05 9.9901E-05 0.0263355 9.9901E-05 9.9901E-05 0.819426 0.093071 9.9901E-05 0.0545444 9.9901E-05 9.9901E-05 0.00552458 9.9901E-05 9.9901E-05
9.98917E-05 9.98917E-05 9.98917E-05 9.98917E-05 9.98917E-05 9.98917E-05 0.0802949 9.98917E-05 9.98917E-05 9.98917E-05 0.0502477 0.801797 9.98917E-05 9.98917E-05 0.0664617 9.98917E-05
9.99099E-05 9.99099E-05 0.0397395 0.137179 9.99099E-05 9.99099E-05 9.99099E-05 0.00549866 9.99099E-05 0.119166 9.99099E-05 0.690442 9.99099E-05 9.99099E-05 9.99099E-05 0.00697645
9.98828E-05 9.98828E-05 9.98828E-05 9.98828E-05 0.064833 9.98828E-05 9.98828E-05 9.98828E-05 9.98828E-05 9.98828E-05 9.98828E-05 0.638831 9.98828E-05 0.295037 9.98828E-05 9.98828E-05
9.99008E-05 9.99008E-05 9.99008E-05 9.99008E-05 0.395732 9.99008E-05 9.99008E-05 0.179352 9.99008E-05 9.99008E-05 0.107652 0.0391011 9.99008E-05 9.99008E-05 9.99008E-05 0.277064
9.99099E-05 0.1664 9.99099E-05 0.64331 9.99099E-05 9.99099E-05 0.0786897 0.0344011 9.99099E-05 9.99099E-05 9.99099E-05 9.99099E-05 0.0427855 9.99099E-05 0.0334147 9.99099E-05
9.99006E-05 9.99006E-05 9.99006E-05 9.99006E-05 0.263917 9.99006E-05 9.99006E-05 0.329559 9.99006E-05 9.99006E-05 0.0430465 0.0540279 9.99006E-05 9.99006E-05 9.99006E-05 0.308351
9.98828E-05 9.98828E-05 9.98828E-05 9.98828E-05 9.98828E-05 9.98828E-05 9.98828E-05 0.546194 0.00939487 9.98828E-05 9.98828E-05 0.443113 9.98828E-05 9.98828E-05 9.98828E-05 9.98828E-05
9.98918E-05 0.0441589 9.98918E-05 9.98918E-05 9.98918E-05 9.98918E-05 0.234198 9.98918E-05 0.0588449 9.98918E-05 9.98918E-05 0.661599 9.98918E-05 9.98918E-05 9.98918E-05 9.98918E-05
9.98917E-05 9.98917E-05 9.98917E-05 0.694329 0.150341 9.98917E-05 9.98917E-05 9.98917E-05 9.98917E-05 9.98917E-05 0.0960345 9.98917E-05 9.98917E-05 9.98917E-05 9.98917E-05 0.0580969
9.99099E-05 9.99099E-05 9.99099E-05 0.110594 0.52869 9.99099E-05 9.99099E-05 9.99099E-05 9.99099E-05 9.99099E-05 0.00129311 0.171922 9.99099E-05 0.0448908 9.99099E-05 0.141611
9.99097E-05 9.99097E-05 0.0303907 0.65281 0.113662 9.99097E-05 9.99097E-05 9.99097E-05 9.99097E-05 0.00481368 0.0690917 9.99097E-05 9.99097E-05 9.99097E-05 9.99097E-05 0.128234
9.99279E-05 9.99279E-05 9.99279E-05 0.242252 9.99279E-05 0.0614868 9.99279E-05 0.00711952 9.99279E-05 0.0384855 9.99279E-05 0.502476 9.99279E-05 0.0852492 0.0485743 0.0135571
9.99009E-05 9.99009E-05 9.99009E-05 0.105221 9.99009E-05 9.99009E-05 9.99009E-05 0.020124 9.99009E-05 9.99009E-05 9.99009E-05 0.180904 9.99009E-05 0.559145 9.99009E-05 0.133507
0.00911978 0.261293 9.99098E-05 0.174713 9.99098E-05 9.99098E-05 9.99098E-05 0.243554 9.99098E-05 9.99098E-05 9.99098E-05 0.144165 9.99098E-05 9.99098E-05 9.99098E-05 0.166157
0.0146283 0.143304 9.99189E-05 0.002273 9.99189E-05 0.00741541 9.99189E-05 0.332641 9.99189E-05 9.99189E-05 9.99189E-05 0.0134351 9.99189E-05 9.99189E-05 9.99189E-05 0.485403
0.0638073 0.269411 9.9919E-05 0.0517691 9.9919E-05 9.9919E-05 9.9919E-05 9.9919E-05 0.100875 9.9919E-05 9.9919E-05 0.0585966 9.9919E-05 9.9919E-05 0.0419168 0.412725
9.98917E-05 9.98917E-05 9.98917E-05 9.98917E-05 0.274317 9.98917E-05 9.98917E-05 0.228862 9.98917E-05 9.98917E-05 0.0175739 9.98917E-05 9.98917E-05 9.98917E-05 9.98917E-05 0.478048
9.99188E-05 9.99188E-05 0.0201257 0.0987986 9.99188E-05 0.0720767 9.99188E-05 0.585666 9.99188E-05 9.99188E-05 9.99188E-05 0.0139591 9.99188E-05 0.055517 9.99188E-05 0.152957
0.0101722 0.0223457 9.99189E-05 9.99189E-05 9.99189E-05 9.99189E-05 0.0657903 0.757523 9.99189E-05 9.99189E-05 0.00400805 0.0922721 9.99189E-05 9.99189E-05 0.0469892 9.99189E-05
9.99187E-05 9.99187E-05 0.078281 0.188482 0.0456538 9.99187E-05 9.99187E-05 9.99187E-05 9.99187E-05 0.0612829 0.0232506 0.00189971 9.99187E-05 9.99187E-05 0.60025 9.99187E-05
9.98917E-05 9.98917E-05 9.98917E-05 9.98917E-05 0.0950384 9.98917E-05 9.98917E-05 9.98917E-05 9.98917E-05 9.98917E-05 0.147082 9.98917E-05 9.98917E-05 9.98917E-05 0.33043 0.426251
9.98918E-05 9.98918E-05 9.98918E-05 0.174305 9.98918E-05 9.98918E-05 9.98918E-05 9.98918E-05 9.98918E-05 9.98918E-05 9.98918E-05 0.0338336 0.14912 9.98918E-05 0.641542 9.98918E-05
9.98827E-05 9.98827E-05 9.98827E-05 9.98827E-05 9.98827E-05 9.98827E-05 9.98827E-05 9.98827E-05 9.98827E-05 9.98827E-05 0.234135 9.98827E-05 9.98827E-05 9.98827E-05 0.459813 0.304754
9.98917E-05 9.98917E-05 9.98917E-05 9.98917E-05 0.0160503 9.98917E-05 9.98917E-05 9.98917E-05 9.98917E-05 9.98917E-05 0.134641 9.98917E-05 9.98917E-05 9.98917E-05 0.676445 0.171665
9.98828E-05 9.98828E-05 9.98828E-05 9.98828E-05 9.98828E-05 9.98828E-05 0.109138 0.0994516 9.98828E-05 9.98828E-05 9.98828E-05 9.98828E-05 9.98828E-05 9.98828E-05 0.790112 9.98828E-05
9.99188E-05 9.99188E-05 9.99188E-05 9.99188E-05 9.99188E-05 9.99188E-05 9.99188E-05 0.148212 9.99188E-05 0.0313329 0.10322 0.0408975 0.0618357 9.99188E-05 0.303008 0.310595
9.98918E-05 9.98918E-05 0.0182802 9.98918E-05 9.98918E-05 9.98918E-05 9.98918E-05 9.98918E-05 9.98918E-05 0.0556119 9.98918E-05 9.98918E-05 9.98918E-05 9.98918E-05 0.742959 0.18195
9.99008E-05 9.99008E-05 9.99008E-05 9.99008E-05 9.99008E-05 0.478039 9.99008E-05 9.99008E-05 9.99008E-05 9.99008E-05 0.065 0.0244422 9.99008E-05 0.41676 9.99008E-05 0.0146601
9.99099E-05 9.99099E-05 9.99099E-05 0.0295443 9.99099E-05 0.527912 9.99099E-05 9.99099E-05 9.99099E-05 9.99099E-05 0.101306 9.99099E-05 0.0106729 0.205905 9.99099E-05 0.123661
9.98919E-05 0.184689 9.98919E-05 9.98919E-05 9.98919E-05 0.749114 9.98919E-05 9.98919E-05 9.98919E-05 9.98919E-05 9.98919E-05 9.98919E-05 9.98919E-05 0.0414674 9.98919E-05 0.0235307
9.9892E-05 9.9892E-05 9.9892E-05 9.9892E-05 9.9892E-05 0.474444 0.00839433 9.9892E-05 9.9892E-05 9.9892E-05 9.9892E-05 9.9892E-05 0.414946 9.9892E-05 0.101017 9.9892E-05
9.98918E-05 9.98918E-05 9.98918E-05 9.98918E-05 0.223226 0.582124 9.98918E-05 9.98918E-05 9.98918E-05 9.98918E-05 9.98918E-05 9.98918E-05 9.98918E-05 0.17663 0.016821 9.98918E-05
9.99085E-05 0.0218685 9.99085E-05 9.99085E-05 9.99085E-05 0.167779 9.99085E-05 9.99085E-05 9.99085E-05 0.482689 9.99085E-05 9.99085E-05 0.227588 9.99085E-05 0.0989764 9.99085E-05
9.99008E-05 9.99008E-05 0.00321565 9.99008E-05 0.0225422 0.370071 9.99008E-05 9.99008E-05 9.99008E-05 9.99008E-05 0.601294 9.99008E-05 9.99008E-05 0.0017782 9.99008E-05 9.99008E-05
9.99008E-05 9.99008E-05 9.99008E-05 9.99008E-05 9.99008E-05 0.619244 9.99008E-05 9.99008E-05 9.99008E-05 9.99008E-05 0.0356212 0.00912866 9.99008E-05 0.327474 0.00743309 9.99008E-05
9.99009E-05 9.99009E-05 0.125243 9.99009E-05 9.99009E-05 0.680312 9.99009E-05 9.99009E-05 9.99009E-05 0.0350322 0.0894767 0.0688374 9.99009E-05 9.99009E-05 9.99009E-05 9.99009E-05
9.98919E-05 9.98919E-05 9.98919E-05 9.98919E-05 9.98919E-05 0.573547 0.0955308 0.147877 0.181847 9.98919E-05 9.98919E-05 9.98919E-05 9.98919E-05 9.98919E-05 9.98919E-05 9.98919E-05
0.110663 9.99008E-05 9.99008E-05 9.99008E-05 0.0563011 0.142915 9.99008E-05 9.99008E-05 9.99008E-05 9.99008E-05 9.99008E-05 9.99008E-05 9.99008E-05 0.65254 9.99008E-05 0.0364811
0.0916151 9.99098E-05 9.99098E-05 9.99098E-05 9.99098E-05 0.422582 0.0508779 0.0227 0.37909 9.99098E-05 0.032136 9.99098E-05 9.99098E-05 9.99098E-05 9.99098E-05 9.99098E-05
9.98918E-05 9.98918E-05 9.98918E-05 9.98918E-05 0.205513 0.741978 9.98918E-05 9.98918E-05 9.98918E-05 0.0457581 9.98918E-05 9.98918E-05 9.98918E-05 9.98918E-05 9.98918E-05 0.00555206
9.99188E-05 9.99188E-05 9.99188E-05 9.99188E-05 9.99188E-05 0.515345 9.99188E-05 0.00716068 0.118956 0.232403 9.99188E-05 0.0239064 0.051465 9.99188E-05 0.0498648 9.99188E-05
9.99009E-05 9.99009E-05 0.106191 0.0618048 9.99009E-05 0.610711 9.99009E-05 9.99009E-05 9.99009E-05 0.14381 9.99009E-05 9.99009E-05 9.99009E-05 0.0763841 9.99009E-05 9.99009E-05
9.99279E-05 9.99279E-05 0.0802017 0.022482 0.0305827 0.246168 9.99279E-05 9.99279E-05 0.000474763 0.261525 0.34407 0.0136969 9.99279E-05 9.99279E-05 9.99279E-05 9.99279E-05
9.99188E-05 0.0547929 9.99188E-05 9.99188E-05 9.99188E-05 0.431061 0.153747 0.0578217 0.0355112 9.99188E-05 9.99188E-05 9.99188E-05 0.241739 9.99188E-05 0.0244283 9.99188E-05
9.99008E-05 0.540414 9.99008E-05 9.99008E-05 9.99008E-05 0.360906 0.069147 9.99008E-05 9.99008E-05 9.99008E-05 0.00912633 9.99008E-05 9.99008E-05 9.99008E-05 0.0193071 9.99008E-05
9.99099E-05 9.99099E-05 0.170065 0.0669729 0.00523465 0.619103 9.99099E-05 9.99099E-05 9.99099E-05 0.00523991 9.99099E-05 9.99099E-05 9.99099E-05 9.99099E-05 9.99099E-05 0.132385
9.98918E-05 9.98918E-05 9.98918E-05 9.98918E-05 0.181283 0.650351 9.98918E-05 9.98918E-05 9.98918E-05 0.012647 0.15452 9.98918E-05 9.98918E-05 9.98918E-05 9.98918E-05 9.98918E-05
0.0295619 9.99279E-05 0.021923 0.0598299 9.99279E-05 0.708398 9.99279E-05 0.0311672 0.0782788 9.99279E-05 9.99279E-05 9.99279E-05 0.0609584 0.00908384 9.99279E-05 9.99279E-05
9.98919E-05 0.277988 9.98919E-05 9.98919E-05 9.98919E-05 0.670055 0.0368111 9.98919E-05 9.98919E-05 9.98919E-05 9.98919E-05 9.98919E-05 9.98919E-05 0.0139468 9.98919E-05 9.98919E-05
0.101729 9.9919E-05 9.9919E-05 9.9919E-05 9.9919E-05 0.0208336 0.0969792 0.187822 0.0699773 0.354881 9.9919E-05 9.9919E-05 0.166879 9.9919E-05 9.9919E-05 9.9919E-05
0.506352 9.99007E-05 0.184739 9.99007E-05 0.0495039 9.99007E-05 9.99007E-05 9.99007E-05 9.99007E-05 9.99007E-05 0.24782 9.99007E-05 9.99007E-05 9.99007E-05 0.0104865 9.99007E-05
0.0192224 0.529056 9.99279E-05 9.99279E-05 0.0336813 9.99279E-05 0.0275381 0.0104703 9.99279E-05 0.258631 9.99279E-05 9.99279E-05 0.0985757 9.99279E-05 0.0220251 9.99279E-05
0.00198533 9.99009E-05 9.99009E-05 0.017949 0.208865 0.0205686 9.99009E-05 9.99009E-05 9.99009E-05 0.749533 9.99009E-05 9.99009E-05 9.99009E-05 9.99009E-05 9.99009E-05 9.99009E-05
0.432351 9.98826E-05 9.98826E-05 9.98826E-05 0.368877 9.98826E-05 9.98826E-05 9.98826E-05 9.98826E-05 9.98826E-05 9.98826E-05 9.98826E-05 9.98826E-05 0.197474 9.98826E-05 9.98826E-05
0.0676055 0.113321 9.99098E-05 9.99098E-05 9.99098E-05 9.99098E-05 0.181087 9.99098E-05 0.330468 0.249667 9.99098E-05 9.99098E-05 0.0568518 9.99098E-05 9.99098E-05 9.99098E-05
0.807573 9.98828E-05 9.98828E-05 9.98828E-05 0.0568868 9.98828E-05 9.98828E-05 9.98828E-05 0.134242 9.98828E-05 9.98828E-05 9.98828E-05 9.98828E-05 9.98828E-05 9.98828E-05 9.98828E-05
0.0223934 9.99459E-05 9.99459E-05 9.99459E-05 0.0264631 0.0139387 9.99459E-05 0.0607241 9.99459E-05 0.525622 0.105332 0.029642 0.185918 9.99459E-05 0.0018173 0.0275506
0.746319 0.178229 0.0705599 9.98919E-05 9.98919E-05 9.98919E-05 9.98919E-05 9.98919E-05 9.98919E-05 9.98919E-05 0.00369277 9.98919E-05 9.98919E-05 9.98919E-05 9.98919E-05 9.98919E-05
0.112814 9.99098E-05 9.99098E-05 9.99098E-05 0.72089 9.99098E-05 9.99098E-05 9.99098E-05 9.99098E-05 0.0897958 0.00726992 9.99098E-05 0.0554993 9.99098E-05 0.0127321 9.99098E-05
0.179676 0.0431367 9.99098E-05 9.99098E-05 9.99098E-05 9.99098E-05 9.99098E-05 0.0951166 0.273424 0.122835 9.99098E-05 9.99098E-05 0.284813 9.99098E-05 9.99098E-05 9.99098E-05
0.641276 0.325182 9.98829E-05 9.98829E-05 9.98829E-05 9.98829E-05 9.98829E-05 9.98829E-05 9.98829E-05 9.98829E-05 9.98829E-05 9.98829E-05 9.98829E-05 9.98829E-05 0.0322438 9.98829E-05
0.35159 9.98827E-05 9.98827E-05 9.98827E-05 0.569145 9.98827E-05 9.98827E-05 9.98827E-05 9.98827E-05 9.98827E-05 9.98827E-05 9.98827E-05 9.98827E-05 0.0779669 9.98827E-05 9.98827E-05
9.99008E-05 0.0547174 9.99008E-05 9.99008E-05 9.99008E-05 9.99008E-05 0.304732 9.99008E-05 0.227549 0.1136 9.99008E-05 9.99008E-05 0.298303 9.99008E-05 9.99008E-05 9.99008E-05
0.648999 0.0935273 9.98918E-05 9.98918E-05 9.98918E-05 9.98918E-05 0.214131 0.0421437 9.98918E-05 9.98918E-05 9.98918E-05 9.98918E-05 9.98918E-05 9.98918E-05 9.98918E-05 9.98918E-05
0.0391104 0.272418 9.99098E-05 9.99098E-05 9.99098E-05 9.99098E-05 0.152666 9.99098E-05 0.189575 0.27632 0.0689109 9.99098E-05 9.99098E-05 9.99098E-05 9.99098E-05 9.99098E-05
0.273782 9.98828E-05 0.0803013 9.98828E-05 0.644618 9.98828E-05 9.98828E-05 9.98828E-05 9.98828E-05 9.98828E-05 9.98828E-05 9.98828E-05 9.98828E-05 9.98828E-05 9.98828E-05 9.98828E-05
0.365115 0.272625 9.99007E-05 9.99007E-05 0.0491428 9.99007E-05 9.99007E-05 9.99007E-05 9.99007E-05 0.0186627 9.99007E-05 9.99007E-05 0.293356 9.99007E-05 9.99007E-05 9.99007E-05
9.99099E-05 9.99099E-05 9.99099E-05 9.99099E-05 9.99099E-05 0.0342404 0.0430709 0.0585833 0.270229 0.178848 9.99099E-05 9.99099E-05 0.41403 9.99099E-05 9.99099E-05 9.99099E-05
0.116518 9.98918E-05 9.98918E-05 9.98918E-05 9.98918E-05 9.98918E-05 9.98918E-05 9.98918E-05 9.98918E-05 0.608181 0.155828 9.98918E-05 9.98918E-05 9.98918E-05 0.118274 9.98918E-05
9.99282E-05 0.368783 9.99282E-05 0.0217399 9.99282E-05 0.0433591 0.0454391 0.0490937 9.99282E-05 0.287426 9.99282E-05 9.99282E-05 9.99282E-05 0.131144 0.052215 9.99282E-05
0.105914 0.313178 9.99279E-05 0.026414 0.100903 9.99279E-05 0.011346 0.019505 9.99279E-05 0.359404 9.99279E-05 9.99279E-05 0.0625369 9.99279E-05 9.99279E-05 9.99279E-05
0.314352 9.98917E-05 0.0841221 9.98917E-05 0.53497 9.98917E-05 9.98917E-05 9.98917E-05 9.98917E-05 0.0653566 9.98917E-05 9.98917E-05 9.98917E-05 9.98917E-05 9.98917E-05 9.98917E-05
0.0822062 9.99369E-05 0.0490973 0.0514314 9.99369E-05 9.99369E-05 9.99369E-05 9.99369E-05 0.162168 0.038495 0.223893 0.0403314 0.326994 9.99369E-05 9.99369E-05 0.024684
0.60892 9.98826E-05 9.98826E-05 9.98826E-05 9.98826E-05 9.98826E-05 9.98826E-05 9.98826E-05 9.98826E-05 0.294963 9.98826E-05 9.98826E-05 9.98826E-05 9.98826E-05 0.0948186 9.98826E-05
9.99189E-05 9.99189E-05 0.168765 9.99189E-05 0.138926 0.17812 9.99189E-05 9.99189E-05 9.99189E-05 0.303793 9.99189E-05 0.079983 9.99189E-05 0.0946936 9.99189E-05 0.0348201
0.183203 0.1591 0.0244956 0.00110246 9.99459E-05 0.0899744 9.99459E-05 9.99459E-05 0.17379 9.99459E-05 0.00829167 0.0811938 0.270004 9.99459E-05 9.99459E-05 0.00824514
9.991E-05 9.991E-05 0.369007 0.0185908 9.991E-05 0.271929 9.991E-05 0.113949 9.991E-05 9.991E-05 9.991E-05 9.991E-05 0.153478 0.0720465 9.991E-05 9.991E-05
9.9901E-05 9.9901E-05 9.9901E-05 0.0322122 0.385743 9.9901E-05 0.0705658 9.9901E-05 9.9901E-05 9.9901E-05 9.9901E-05 0.00594027 9.9901E-05 0.504439 9.9901E-05 9.9901E-05
0.0836966 9.99188E-05 0.285814 9.99188E-05 9.99188E-05 0.104319 9.99188E-05 9.99188E-05 9.99188E-05 0.224776 0.151765 0.1136 9.99188E-05 0.0351299 9.99188E-05 9.99188E-05
9.99278E-05 9.99278E-05 0.305339 9.99278E-05 0.0232633 0.0452465 9.99278E-05 9.99278E-05 0.0624884 0.15352 0.265662 9.99278E-05 9.99278E-05 0.123049 9.99278E-05 0.0206315
0.170566 9.99279E-05 0.0254697 0.033295 0.0392195 9.99279E-05 9.99279E-05 0.0580568 0.431055 0.141563 9.99279E-05 9.99279E-05 9.99279E-05 0.0999757 9.99279E-05 9.99279E-05
9.98917E-05 9.98917E-05 0.0898756 9.98917E-05 0.528459 9.98917E-05 9.98917E-05 9.98917E-05 9.98917E-05 0.287967 9.98917E-05 9.98917E-05 9.98917E-05 0.0925004 9.98917E-05 9.98917E-05
9.99007E-05 0.315442 9.99007E-05 9.99007E-05 9.99007E-05 9.99007E-05 0.103259 9.99007E-05 0.254477 0.225505 9.99007E-05 9.99007E-05 0.100219 9.99007E-05 9.99007E-05 9.99007E-05
9.99007E-05 9.99007E-05 0.240597 9.99007E-05 0.302238 0.0177009 9.99007E-05 9.99007E-05 9.99007E-05 0.325034 9.99007E-05 9.99007E-05 9.99007E-05 0.113331 9.99007E-05 9.99007E-05
0.178224 0.375171 0.231602 9.99009E-05 9.99009E-05 9.99009E-05 9.99009E-05 9.99009E-05 9.99009E-05 9.99009E-05 9.99009E-05 9.99009E-05 0.0362138 0.177691 9.99009E-05 9.99009E-05
0.133237 0.435461 0.0804742 9.99189E-05 9.99189E-05 0.131424 0.124224 9.99189E-05 0.0640261 0.0302543 9.99189E-05 9.99189E-05 9.99189E-05 9.99189E-05 9.99189E-05 9.99189E-05
0.0161219 9.9937E-05 0.255968 0.0308268 9.9937E-05 0.190491 9.9937E-05 0.0429066 9.9937E-05 0.299455 9.9937E-05 0.000303093 0.0963873 9.9937E-05 9.9937E-05 0.0668411
9.99279E-05 9.99279E-05 0.0192881 9.99279E-05 9.99279E-05 0.120819 0.00162488 0.0794345 9.99279E-05 0.553896 0.115295 0.0162382 0.0926047 9.99279E-05 9.99279E-05 9.99279E-05
9.99279E-05 9.99279E-05 0.266839 0.0616692 9.99279E-05 0.196224 0.0736317 0.0233647 9.99279E-05 0.325057 9.99279E-05 9.99279E-05 9.99279E-05 0.0508503 9.99279E-05 0.00156478
0.053031 0.38311 9.99098E-05 9.99098E-05 9.99098E-05 0.143712 9.99098E-05 9.99098E-05 0.0559755 0.270195 9.99098E-05 9.99098E-05 9.99098E-05 0.0929768 9.99098E-05 9.99098E-05
9.99009E-05 9.99009E-05 9.99009E-05 9.99009E-05 0.168976 9.99009E-05 0.0226832 9.99009E-05 9.99009E-05 0.162653 0.0429506 9.99009E-05 9.99009E-05 0.601638 9.99009E-05 9.99009E-05
0.0704865 9.98918E-05 0.30733 9.98918E-05 0.141904 9.98918E-05 9.98918E-05 9.98918E-05 9.98918E-05 9.98918E-05 9.98918E-05 9.98918E-05 9.98918E-05 0.479081 9.98918E-05 9.98918E-05
9.99009E-05 9.99009E-05 0.343295 9.99009E-05 0.0237767 9.99009E-05 9.99009E-05 9.99009E-05 9.99009E-05 0.122321 0.458444 0.0510637 9.99009E-05 9.99009E-05 9.99009E-05 9.99009E-05
9.98918E-05 9.98918E-05 0.465006 9.98918E-05 0.237457 9.98918E-05 9.98918E-05 9.98918E-05 9.98918E-05 9.98918E-05 9.98918E-05 9.98918E-05 9.98918E-05 0.245068 9.98918E-05 0.0512695
9.99099E-05 9.99099E-05 9.99099E-05 9.99099E-05 0.0026747 9.99099E-05 0.065337 9.99099E-05 0.0175801 0.0439561 0.000341885 9.99099E-05 9.99099E-05 0.869111 9.99099E-05 9.99099E-05
0.127008 9.99009E-05 0.275882 9.99009E-05 9.99009E-05 9.99009E-05 9.99009E-05 9.99009E-05 9.99009E-05 9.99009E-05 0.471702 9.99009E-05 9.99009E-05 9.99009E-05 0.0261618 0.0981466
9.99097E-05 9.99097E-05 0.0528209 9.99097E-05 0.275897 9.99097E-05 9.99097E-05 9.99097E-05 0.0336262 0.52863 0.0701957 9.99097E-05 9.99097E-05 9.99097E-05 0.0378308 9.99097E-05
9.9919E-05 9.9919E-05 0.0558263 0.00294086 0.00636252 9.9919E-05 0.494628 0.0317568 9.9919E-05 9.9919E-05 9.9919E-05 9.9919E-05 0.338699 9.9919E-05 0.0688872 9.9919E-05
0.00486165 9.99098E-05 9.99098E-05 0.0186498 9.99098E-05 9.99098E-05 0.791257 9.99098E-05 9.99098E-05 0.0890184 0.0917059 0.00350824 9.99098E-05 9.99098E-05 9.99098E-05 9.99098E-05
9.99278E-05 9.99278E-05 0.0434983 9.99278E-05 9.99278E-05 9.99278E-05 0.0857989 9.99278E-05 0.0279637 0.23908 0.49353 0.0414512 0.0136763 9.99278E-05 0.0542026 9.99278E-05
9.98917E-05 9.98917E-05 9.98917E-05 9.98917E-05 9.98917E-05 9.98917E-05 0.600832 9.98917E-05 0.241053 0.0802216 0.0766938 9.98917E-05 9.98917E-05 9.98917E-05 9.98917E-05 9.98917E-05
9.98829E-05 9.98829E-05 9.98829E-05 9.98829E-05 9.98829E-05 0.0644689 0.91978 9.98829E-05 9.98829E-05 9.98829E-05 0.0144524 9.98829E-05 9.98829E-05 9.98829E-05 9.98829E-05 9.98829E-05
9.99188E-05 0.397297 0.0157952 0.0498349 9.99188E-05 0.0173719 0.428475 9.99188E-05 9.99188E-05 0.0188078 0.0715186 9.99188E-05 9.99188E-05 9.99188E-05 9.99188E-05 9.99188E-05
9.99189E-05 0.109518 9.99189E-05 9.99189E-05 0.0343014 0.0311306 0.725178 9.99189E-05 9.99189E-05 0.0878986 0.0107167 9.99189E-05 9.99189E-05 9.99189E-05 0.000357603 9.99189E-05
9.99099E-05 9.99099E-05 0.0451333 9.99099E-05 0.128881 9.99099E-05 0.1716 9.99099E-05 9.99099E-05 0.0959737 0.535561 9.99099E-05 9.99099E-05 9.99099E-05 0.0218516 9.99099E-05
0.132631 9.98919E-05 9.98919E-05 9.98919E-05 0.547151 9.98919E-05 9.98919E-05 9.98919E-05 9.98919E-05 9.98919E-05 0.218511 9.98919E-05 9.98919E-05 0.100509 9.98919E-05 9.98919E-05
9.99098E-05 9.99098E-05 9.99098E-05 9.99098E-05 9.99098E-05 0.0136603 9.99098E-05 9.99098E-05 9.99098E-05 0.107232 0.188321 0.0739924 0.584006 9.99098E-05 0.0317887 9.99098E-05
9.9892E-05 9.9892E-05 9.9892E-05 9.9892E-05 0.0363279 9.9892E-05 0.0742588 9.9892E-05 9.9892E-05 9.9892E-05 0.879549 9.9892E-05 9.9892E-05 9.9892E-05 0.00866519 9.9892E-05
9.9919E-05 9.9919E-05 0.0362916 9.9919E-05 0.0663491 9.9919E-05 0.0454105 9.9919E-05 9.9919E-05 0.169021 0.415281 0.137721 9.9919E-05 9.9919E-05 0.129026 9.9919E-05
9.99098E-05 9.99098E-05 9.99098E-05 9.99098E-05 9.99098E-05 9.99098E-05 0.187523 9.99098E-05 0.0233392 0.328205 0.227263 9.99098E-05 0.0848516 9.99098E-05 0.147819 9.99098E-05
0.0270565 9.99009E-05 0.078735 9.99009E-05 0.177545 9.99009E-05 9.99009E-05 9.99009E-05 9.99009E-05 0.157351 0.558213 9.99009E-05 9.99009E-05 9.99009E-05 9.99009E-05 9.99009E-05
9.99099E-05 9.99099E-05 9.99099E-05 9.99099E-05 9.99099E-05 9.99099E-05 0.000325779 9.99099E-05 9.99099E-05 0.0698033 0.565494 9.99099E-05 0.235346 0.109019 9.99099E-05 0.0190128
0.0725495 9.99279E-05 0.189595 0.100399 9.99279E-05 9.99279E-05 0.00181653 9.99279E-05 9.99279E-05 9.99279E-05 0.052461 0.00689901 0.52776 9.99279E-05 9.99279E-05 0.0477201
9.99101E-05 9.99101E-05 0.0515634 9.99101E-05 9.99101E-05 9.99101E-05 0.00571975 0.060169 0.118189 0.218797 0.46363 9.99101E-05 9.99101E-05 9.99101E-05 0.0810323 9.99101E-05
9.99098E-05 9.99098E-05 9.99098E-05 9.99098E-05 9.99098E-05 0.10596 0.0295907 9.99098E-05 9.99098E-05 0.0464693 0.541019 0.0316887 0.244273 9.99098E-05 9.99098E-05 9.99098E-05
9.99054E-05 9.99054E-05 9.99054E-05 9.99054E-05 9.99054E-05 9.99054E-05 0.176916 9.99054E-05 0.482422 0.0135164 0.0254959 9.99054E-05 0.300551 9.99054E-05 9.99054E-05 9.99054E-05
9.9928E-05 9.9928E-05 9.9928E-05 9.9928E-05 9.9928E-05 9.9928E-05 0.0415088 9.9928E-05 0.0167661 0.229022 0.0661436 0.026842 0.545988 0.051049 0.0218811 9.9928E-05
9.9937E-05 0.0162427 0.00825649 0.000588381 0.181258 9.9937E-05 0.0106829 0.023849 0.0455537 9.9937E-05 0.625153 9.9937E-05 9.9937E-05 0.0877161 9.9937E-05 9.9937E-05
9.99189E-05 0.0162878 9.99189E-05 9.99189E-05 9.99189E-05 9.99189E-05 9.99189E-05 9.99189E-05 0.00148636 0.304389 0.585065 9.99189E-05 0.0362076 9.99189E-05 0.0525141 0.00315008
9.99099E-05 9.99099E-05 0.135716 9.99099E-05 0.477631 9.99099E-05 9.99099E-05 9.99099E-05 0.0332787 0.00486813 0.331019 9.99099E-05 9.99099E-05 0.0164885 9.99099E-05 9.99099E-05
9.98918E-05 9.98918E-05 9.98918E-05 9.98918E-05 9.98918E-05 9.98918E-05 0.300222 9.98918E-05 0.0394407 0.247927 9.98918E-05 9.98918E-05 0.411211 9.98918E-05 9.98918E-05 9.98918E-05
9.99099E-05 9.99099E-05 9.99099E-05 9.99099E-05 9.99099E-05 9.99099E-05 9.99099E-05 9.99099E-05 0.0217971 0.438579 0.0410338 0.0348507 0.374383 9.99099E-05 0.0883572 9.99099E-05
0.0500201 9.99098E-05 0.07969 9.99098E-05 0.242323 9.99098E-05 9.99098E-05 9.99098E-05 9.99098E-05 0.0370934 0.580999 9.99098E-05 9.99098E-05 9.99098E-05 9.99098E-05 0.00887516
0.171635 0.0119502 0.11351 9.99279E-05 9.99279E-05 0.0389509 0.395112 0.0897208 0.00167966 9.99279E-05 9.99279E-05 9.99279E-05 0.176642 9.99279E-05 9.99279E-05 9.99279E-05
0.238558 9.99009E-05 0.245607 9.99009E-05 9.99009E-05 9.99009E-05 0.0221852 9.99009E-05 0.417518 9.99009E-05 9.99009E-05 9.99009E-05 0.0750331 9.99009E-05 9.99009E-05 9.99009E-05
9.99369E-05 9.99369E-05 0.168103 9.99369E-05 0.290537 0.0372029 9.99369E-05 9.99369E-05 9.99369E-05 0.234115 0.044822 0.044342 9.99369E-05 0.0635705 0.0608177 0.0557901
0.125522 9.99008E-05 0.731448 9.99008E-05 9.99008E-05 0.114683 9.99008E-05 9.99008E-05 9.99008E-05 9.99008E-05 9.99008E-05 0.0153561 9.99008E-05 0.0118917 9.99008E-05 9.99008E-05
0.0884731 9.99099E-05 0.119364 0.0144225 9.99099E-05 9.99099E-05 0.365479 9.99099E-05 0.309958 9.99099E-05 9.99099E-05 9.99099E-05 9.99099E-05 9.99099E-05 0.101304 9.99099E-05
0.253421 0.026772 0.189142 9.99099E-05 9.99099E-05 9.99099E-05 0.457579 9.99099E-05 9.99099E-05 9.99099E-05 9.99099E-05 9.99099E-05 0.0595429 9.99099E-05 0.012544 9.99099E-05
0.264683 0.02848 0.015885 9.99189E-05 9.99189E-05 9.99189E-05 0.327536 9.99189E-05 0.0745359 9.99189E-05 9.99189E-05 0.111729 0.176252 9.99189E-05 9.99189E-05 9.99189E-05
9.98829E-05 9.98829E-05 0.401919 9.98829E-05 0.305628 9.98829E-05 9.98829E-05 9.98829E-05 9.98829E-05 9.98829E-05 9.98829E-05 9.98829E-05 9.98829E-05 0.291155 9.98829E-05 9.98829E-05
9.98919E-05 9.98919E-05 0.549252 9.98919E-05 9.98919E-05 9.98919E-05 9.98919E-05 9.98919E-05 9.98919E-05 0.111223 0.248707 9.98919E-05 9.98919E-05 9.98919E-05 0.0896195 9.98919E-05
0.022444 9.99278E-05 0.245169 9.99278E-05 9.99278E-05 0.343608 9.99278E-05 0.0411454 0.134013 0.0301546 9.99278E-05 0.0217691 0.160898 9.99278E-05 9.99278E-05 9.99278E-05
0.231657 9.99188E-05 0.102212 9.99188E-05 9.99188E-05 0.0134951 0.335271 9.99188E-05 0.174226 0.00319119 9.99188E-05 9.99188E-05 0.139048 9.99188E-05 9.99188E-05 9.99188E-05
0.0294133 9.99098E-05 0.338701 9.99098E-05 9.99098E-05 9.99098E-05 9.99098E-05 9.99098E-05 9.99098E-05 0.0509642 0.115069 9.99098E-05 9.99098E-05 0.45041 9.99098E-05 0.0144432
0.0796811 9.99189E-05 0.160457 0.0162834 9.99189E-05 9.99189E-05 0.0729878 9.99189E-05 9.99189E-05 0.458327 0.159225 9.99189E-05 9.99189E-05 9.99189E-05 0.0521392 9.99189E-05
0.0882853 9.99188E-05 0.232152 9.99188E-05 9.99188E-05 9.99188E-05 0.101285 9.99188E-05 9.99188E-05 0.16222 0.333968 0.0213959 9.99188E-05 9.99188E-05 0.0597954 9.99188E-05
0.249684 9.99278E-05 0.133276 0.0247218 9.99278E-05 0.228429 9.99278E-05 0.0458279 9.99278E-05 0.21376 9.99278E-05 9.99278E-05 0.0186205 0.0848815 9.99278E-05 9.99278E-05
9.99009E-05 9.99009E-05 9.99009E-05 9.99009E-05 0.0232475 0.136395 9.99009E-05 9.99009E-05 9.99009E-05 0.404269 0.393674 9.99009E-05 9.99009E-05 9.99009E-05 9.99009E-05 0.0413155
9.99368E-05 9.99368E-05 0.00464529 9.99368E-05 9.99368E-05 0.0289868 0.117475 0.0677754 0.165105 0.223444 0.138816 9.99368E-05 0.242612 9.99368E-05 0.0104402 9.99368E-05
0.0184828 9.99098E-05 0.201949 9.99098E-05 9.99098E-05 9.99098E-05 9.99098E-05 9.99098E-05 0.101811 0.411155 9.99098E-05 0.0485619 0.21704 9.99098E-05 9.99098E-05 9.99098E-05
0.315173 0.0318931 9.9919E-05 0.017833 9.9919E-05 9.9919E-05 0.422668 0.0222939 0.167996 0.0212439 9.9919E-05 9.9919E-05 9.9919E-05 9.9919E-05 9.9919E-05 9.9919E-05
0.171952 9.99098E-05 0.329654 9.99098E-05 0.0524204 9.99098E-05 9.99098E-05 9.99098E-05 9.99098E-05 9.99098E-05 0.313869 0.0219774 9.99098E-05 9.99098E-05 9.99098E-05 0.109129
0.0212378 9.99098E-05 0.273351 9.99098E-05 9.99098E-05 9.99098E-05 0.261741 0.0106689 0.0462332 9.99098E-05 9.99098E-05 9.99098E-05 0.385769 9.99098E-05 9.99098E-05 9.99098E-05
9.98918E-05 0.400893 0.205613 9.98918E-05 9.98918E-05 9.98918E-05 0.0742274 9.98918E-05 9.98918E-05 9.98918E-05 9.98918E-05 9.98918E-05 0.318068 9.98918E-05 9.98918E-05 9.98918E-05
0.054122 9.99098E-05 0.152104 9.99098E-05 0.432159 9.99098E-05 0.04812 9.99098E-05 9.99098E-05 0.0144534 0.298042 9.99098E-05 9.99098E-05 9.99098E-05 9.99098E-05 9.99098E-05
0.0190503 9.99188E-05 9.99188E-05 9.99188E-05 0.0316029 9.99188E-05 0.0434296 9.99188E-05 0.186313 0.33997 0.290159 9.99188E-05 9.99188E-05 9.99188E-05 0.0885753 9.99188E-05
9.99189E-05 9.99189E-05 0.251311 9.99189E-05 0.012326 9.99189E-05 9.99189E-05 9.99189E-05 9.99189E-05 0.112172 0.502311 9.99189E-05 0.0576266 9.99189E-05 0.0247802 0.0385742
9.9919E-05 9.9919E-05 0.0535959 0.00952315 9.9919E-05 9.9919E-05 0.510775 0.0617473 0.00061613 9.9919E-05 9.9919E-05 9.9919E-05 0.324081 9.9919E-05 0.0387624 9.9919E-05
9.9946E-05 0.314068 0.00716776 0.0677539 9.9946E-05 9.9946E-05 0.0744777 0.0227853 9.9946E-05 9.9946E-05 0.0297942 9.9946E-05 0.226305 0.0524425 0.0925093 0.112096
9.99099E-05 9.99099E-05 9.99099E-05 9.99099E-05 0.0563658 9.99099E-05 0.118841 0.0791658 9.99099E-05 0.0530368 0.00732616 9.99099E-05 0.684265 9.99099E-05 9.99099E-05 9.99099E-05
9.98919E-05 9.98919E-05 0.272101 9.98919E-05 0.208841 9.98919E-05 0.0335822 9.98919E-05 9.98919E-05 9.98919E-05 0.484277 9.98919E-05 9.98919E-05 9.98919E-05 9.98919E-05 9.98919E-05
0.0143614 0.014815 9.99369E-05 9.99369E-05 0.00384852 9.99369E-05 0.0821698 0.0117398 9.99369E-05 0.132306 0.0499065 9.99369E-05 0.633718 9.99369E-05 0.056435 9.99369E-05
0.0130097 9.99189E-05 9.99189E-05 0.0456625 9.99189E-05 0.028215 0.10659 0.052829 9.99189E-05 9.99189E-05 0.0848094 9.99189E-05 0.667985 9.99189E-05 9.99189E-05 9.99189E-05
0.00234518 9.9928E-05 9.9928E-05 9.9928E-05 9.9928E-05 0.0184777 0.283049 0.0342344 0.138152 9.9928E-05 0.0325982 9.9928E-05 0.442076 0.0482685 9.9928E-05 9.9928E-05
9.99099E-05 9.99099E-05 9.99099E-05 9.99099E-05 0.205718 0.063231 9.99099E-05 9.99099E-05 0.0142357 9.99099E-05 0.684495 9.99099E-05 0.01995 0.0113713 9.99099E-05 9.99099E-05
0.0184206 9.99459E-05 0.0812517 0.00287398 9.99459E-05 9.99459E-05 0.0273493 9.99459E-05 0.0105458 0.220171 0.359147 9.99459E-05 0.248981 9.99459E-05 0.0295608 0.00109979
0.0696146 0.00314954 9.9946E-05 0.00449879 9.9946E-05 9.9946E-05 0.419021 0.0102869 0.323671 0.00493182 0.0868586 9.9946E-05 9.9946E-05 0.0280537 0.0493142 9.9946E-05
0.0882051 9.9928E-05 0.0365724 9.9928E-05 0.222912 9.9928E-05 9.9928E-05 9.9928E-05 9.9928E-05 9.9928E-05 0.273375 0.01187 0.302303 0.0321204 9.9928E-05 0.0318427
