9.9946E-05 9.9946E-05 0.430402 9.9946E-05 0.00562999 0.00715956 0.407812 0.0252196 0.0161422 0.0986334 9.9946E-05 9.9946E-05 9.9946E-05 0.00840213
9.99369E-05 9.99369E-05 0.296865 9.99369E-05 9.99369E-05 0.0621373 0.190444 0.0264002 0.306674 0.0498552 9.99369E-05 9.99369E-05 0.0669247 9.99369E-05
9.99369E-05 9.99369E-05 9.99369E-05 0.0616013 0.0169725 0.709383 9.99369E-05 0.0357722 0.129242 0.0168807 9.99369E-05 0.0294486 9.99369E-05 9.99369E-05
9.99369E-05 9.99369E-05 0.534823 0.00352654 0.011856 9.99369E-05 0.286848 9.99369E-05 9.99369E-05 9.99369E-05 0.115038 0.0221389 9.99369E-05 0.0250695
9.99459E-05 9.99459E-05 0.269913 0.0875264 9.99459E-05 9.99459E-05 9.99459E-05 0.16654 0.10682 9.99459E-05 0.0434352 0.0690438 0.000640684 0.255481
9.99369E-05 0.0372491 9.99369E-05 0.246687 9.99369E-05 0.122182 0.310175 0.0250426 0.21635 0.0416139 9.99369E-05 9.99369E-05 9.99369E-05 9.99369E-05
9.99099E-05 0.00392897 0.076523 9.99099E-05 9.99099E-05 0.698348 0.220201 9.99099E-05 9.99099E-05 9.99099E-05 9.99099E-05 9.99099E-05 9.99099E-05 9.99099E-05
9.9928E-05 0.0137781 9.9928E-05 0.135999 9.9928E-05 0.23096 0.154369 9.9928E-05 0.301696 0.162398 9.9928E-05 9.9928E-05 9.9928E-05 9.9928E-05
9.99369E-05 9.99369E-05 0.286898 0.0421693 9.99369E-05 9.99369E-05 0.214005 9.99369E-05 0.250556 0.0526178 0.100038 0.0530167 9.99369E-05 9.99369E-05
0.233232 9.99189E-05 9.99189E-05 0.32068 0.0524285 0.332075 0.0606861 9.99189E-05 9.99189E-05 9.99189E-05 9.99189E-05 9.99189E-05 9.99189E-05 9.99189E-05
9.99459E-05 9.99459E-05 0.151358 0.0549247 0.012898 9.99459E-05 0.100826 0.0179955 0.263262 9.99459E-05 9.99459E-05 0.0142985 0.383837 9.99459E-05
9.99279E-05 9.99279E-05 0.488921 0.235915 9.99279E-05 9.99279E-05 9.99279E-05 9.99279E-05 0.0972035 0.0105423 0.0680246 9.99279E-05 0.0985934 9.99279E-05
0.0266244 9.99549E-05 9.99549E-05 9.99549E-05 0.0155147 0.132395 0.121676 0.215613 0.113225 9.99549E-05 0.254863 0.0783474 0.041242 9.99549E-05
9.99189E-05 9.99189E-05 0.0111288 0.115054 9.99189E-05 0.4834 0.323425 9.99189E-05 9.99189E-05 0.0660935 9.99189E-05 9.99189E-05 9.99189E-05 9.99189E-05
9.99099E-05 9.99099E-05 0.420927 0.0690027 9.99099E-05 9.99099E-05 9.99099E-05 9.99099E-05 0.131223 9.99099E-05 9.99099E-05 9.99099E-05 0.377848 9.99099E-05
0.272834 0.0369358 9.99459E-05 0.00700523 0.0330154 0.441887 0.161267 9.99459E-05 0.0261547 9.99459E-05 9.99459E-05 0.0203013 9.99459E-05 9.99459E-05
9.99099E-05 9.99099E-05 0.0564266 9.99099E-05 9.99099E-05 0.594819 0.316589 9.99099E-05 9.99099E-05 9.99099E-05 0.0311656 9.99099E-05 9.99099E-05 9.99099E-05
9.99188E-05 9.99188E-05 9.99188E-05 9.99188E-05 9.99188E-05 0.572716 0.136772 0.00100601 0.268352 9.99188E-05 9.99188E-05 9.99188E-05 0.0202541 9.99188E-05
9.9946E-05 9.9946E-05 0.392759 0.0209687 9.9946E-05 0.12409 0.0568913 0.0449993 0.144552 0.0186399 0.1965 9.9946E-05 9.9946E-05 9.9946E-05
9.99098E-05 9.99098E-05 9.99098E-05 9.99098E-05 0.730679 9.99098E-05 9.99098E-05 9.99098E-05 9.99098E-05 9.99098E-05 9.99098E-05 0.00898449 0.121415 0.137923
9.9901E-05 9.9901E-05 9.9901E-05 9.9901E-05 0.820629 9.9901E-05 9.9901E-05 9.9901E-05 9.9901E-05 9.9901E-05 0.120686 9.9901E-05 9.9901E-05 0.0575856
9.98918E-05 9.98918E-05 9.98918E-05 9.98918E-05 0.848171 9.98918E-05 0.15063 9.98918E-05 9.98918E-05 9.98918E-05 9.98918E-05 9.98918E-05 9.98918E-05 9.98918E-05
9.99189E-05 9.99189E-05 0.00520463 9.99189E-05 0.633775 9.99189E-05 9.99189E-05 9.99189E-05 9.99189E-05 9.99189E-05 0.307069 0.0238593 9.99189E-05 0.029192
9.99279E-05 9.99279E-05 0.117013 9.99279E-05 0.732788 9.99279E-05 9.99279E-05 9.99279E-05 9.99279E-05 0.0197173 0.0450186 0.0159573 0.0687065 9.99279E-05
9.99368E-05 0.184621 9.99368E-05 0.00538876 0.447636 0.237957 0.0418347 9.99368E-05 9.99368E-05 0.0629369 9.99368E-05 0.0189268 9.99368E-05 9.99368E-05
9.99368E-05 9.99368E-05 0.168866 0.0716402 0.329424 9.99368E-05 9.99368E-05 9.99368E-05 0.0161075 0.24265 9.99368E-05 0.114814 0.0557988 9.99368E-05
0.473166 0.209604 9.99099E-05 9.99099E-05 0.231711 9.99099E-05 9.99099E-05 9.99099E-05 9.99099E-05 9.99099E-05 9.99099E-05 0.0845191 9.99099E-05 9.99099E-05
0.00758992 9.99368E-05 9.99368E-05 9.99368E-05 0.210797 9.99368E-05 9.99368E-05 0.00509014 9.99368E-05 0.206729 9.99368E-05 0.0102731 0.0508337 0.507987
0.00139132 0.0273036 9.99188E-05 9.99188E-05 0.803569 9.99188E-05 0.158394 0.00844264 9.99188E-05 9.99188E-05 9.99188E-05 9.99188E-05 9.99188E-05 9.99188E-05
9.99009E-05 9.99009E-05 9.99009E-05 9.99009E-05 0.868336 9.99009E-05 9.99009E-05 9.99009E-05 9.99009E-05 9.99009E-05 0.120331 0.0102341 9.99009E-05 9.99009E-05
0.129913 0.0865882 9.99281E-05 9.99281E-05 0.551772 0.106843 9.99281E-05 9.99281E-05 9.99281E-05 0.00515558 0.118929 9.99281E-05 9.99281E-05 9.99281E-05
0.0132372 0.220287 9.99369E-05 9.99369E-05 0.1513 9.99369E-05 0.149268 0.084022 9.99369E-05 0.248682 9.99369E-05 0.132504 9.99369E-05 9.99369E-05
0.194074 0.0905952 9.99098E-05 9.99098E-05 0.56746 0.146872 9.99098E-05 9.99098E-05 9.99098E-05 9.99098E-05 9.99098E-05 9.99098E-05 9.99098E-05 9.99098E-05
9.99188E-05 0.0842847 9.99188E-05 9.99188E-05 0.633479 0.20635 0.0256122 9.99188E-05 9.99188E-05 0.0493745 9.99188E-05 9.99188E-05 9.99188E-05 9.99188E-05
9.99189E-05 9.99189E-05 9.99189E-05 0.0274617 0.837806 9.99189E-05 9.99189E-05 9.99189E-05 0.00220876 9.99189E-05 0.115999 0.0156258 9.99189E-05 9.99189E-05
9.99189E-05 9.99189E-05 0.0667604 9.99189E-05 0.734076 9.99189E-05 9.99189E-05 9.99189E-05 9.99189E-05 9.99189E-05 9.99189E-05 0.00619556 0.132573 0.0594958
9.99009E-05 9.99009E-05 9.99009E-05 9.99009E-05 0.643416 9.99009E-05 9.99009E-05 9.99009E-05 9.99009E-05 9.99009E-05 9.99009E-05 9.99009E-05 0.282661 0.0728246
9.99189E-05 9.99189E-05 0.0529737 9.99189E-05 0.678041 9.99189E-05 9.99189E-05 9.99189E-05 9.99189E-05 9.99189E-05 0.203296 0.0071762 9.99189E-05 0.0576137
9.99007E-05 0.313805 9.99007E-05 9.99007E-05 9.99007E-05 9.99007E-05 0.137871 9.99007E-05 9.99007E-05 9.99007E-05 9.99007E-05 0.547225 9.99007E-05 9.99007E-05
9.99189E-05 0.828441 0.00770739 9.99189E-05 9.99189E-05 9.99189E-05 0.032702 0.0572467 9.99189E-05 9.99189E-05 9.99189E-05 9.99189E-05 9.99189E-05 0.0730036
0.172895 0.597798 9.99279E-05 0.0420293 0.031558 0.0728355 9.99279E-05 9.99279E-05 9.99279E-05 0.0820853 9.99279E-05 9.99279E-05 9.99279E-05 9.99279E-05
0.0374507 0.256433 9.99369E-05 9.99369E-05 9.99369E-05 9.99369E-05 0.000920587 9.99369E-05 9.99369E-05 0.0311038 0.251421 0.28281 9.99369E-05 0.139161
9.99097E-05 0.366834 9.99097E-05 9.99097E-05 0.242299 9.99097E-05 0.180007 9.99097E-05 9.99097E-05 9.99097E-05 9.99097E-05 0.20986 9.99097E-05 9.99097E-05
9.99369E-05 0.633408 9.99369E-05 0.0861793 0.0513298 0.057404 9.99369E-05 9.99369E-05 0.0242638 0.0462166 9.99369E-05 9.99369E-05 0.100499 9.99369E-05
9.99099E-05 9.99099E-05 0.257301 9.99099E-05 9.99099E-05 9.99099E-05 9.99099E-05 9.99099E-05 9.99099E-05 0.408545 9.99099E-05 0.176067 9.99099E-05 0.157088
9.991E-05 0.0512188 0.0915481 9.991E-05 9.991E-05 9.991E-05 9.991E-05 9.991E-05 0.19202 9.991E-05 9.991E-05 0.664214 9.991E-05 9.991E-05
9.99098E-05 0.600116 9.99098E-05 0.0132732 0.162608 0.223003 9.99098E-05 9.99098E-05 9.99098E-05 9.99098E-05 9.99098E-05 9.99098E-05 9.99098E-05 9.99098E-05
9.99098E-05 0.415843 9.99098E-05 9.99098E-05 9.99098E-05 9.99098E-05 0.141877 9.99098E-05 0.00265982 9.99098E-05 9.99098E-05 0.438621 9.99098E-05 9.99098E-05
0.476189 0.485472 0.0368125 9.991E-05 9.991E-05 9.991E-05 9.991E-05 0.000527487 9.991E-05 9.991E-05 9.991E-05 9.991E-05 9.991E-05 9.991E-05
9.99189E-05 0.239969 9.99189E-05 9.99189E-05 9.99189E-05 9.99189E-05 9.99189E-05 9.99189E-05 0.162306 0.0442792 9.99189E-05 0.445454 9.99189E-05 0.107093
0.0295699 0.76624 9.99098E-05 9.99098E-05 9.99098E-05 9.99098E-05 9.99098E-05 9.99098E-05 9.99098E-05 9.99098E-05 9.99098E-05 0.0492782 9.99098E-05 0.153913
9.99459E-05 0.4075 9.99459E-05 0.00760192 0.0560057 9.99459E-05 9.99459E-05 0.00834621 9.99459E-05 9.99459E-05 0.166338 0.165133 0.00434252 0.184133
9.99369E-05 0.00526889 0.0761646 0.0790672 0.108148 9.99369E-05 9.99369E-05 9.99369E-05 9.99369E-05 0.110002 9.99369E-05 0.409475 0.211175 9.99369E-05
9.99279E-05 0.214972 9.99279E-05 0.0246124 0.0382501 9.99279E-05 9.99279E-05 9.99279E-05 0.287265 9.99279E-05 9.99279E-05 0.283366 0.150735 9.99279E-05
9.99279E-05 0.141745 0.0606834 9.99279E-05 9.99279E-05 9.99279E-05 9.99279E-05 9.99279E-05 9.99279E-05 0.115189 0.203697 0.139472 9.99279E-05 0.338414
9.99099E-05 9.99099E-05 0.0598643 9.99099E-05 0.331203 9.99099E-05 9.99099E-05 9.99099E-05 9.99099E-05 0.250967 0.356966 9.99099E-05 9.99099E-05 9.99099E-05
9.99097E-05 0.501823 9.99097E-05 9.99097E-05 9.99097E-05 9.99097E-05 0.135412 0.0214718 9.99097E-05 9.99097E-05 9.99097E-05 0.340295 9.99097E-05 9.99097E-05
0.0669477 0.297798 9.9946E-05 9.9946E-05 0.0363276 9.9946E-05 9.9946E-05 0.0356785 9.9946E-05 0.199539 0.0534866 0.240705 0.0689175 9.9946E-05
9.99278E-05 0.797002 9.99278E-05 9.99278E-05 9.99278E-05 9.99278E-05 0.106365 0.0156125 0.00424689 0.0727862 9.99278E-05 9.99278E-05 0.00318782 9.99278E-05
9.99007E-05 0.160921 9.99007E-05 9.99007E-05 9.99007E-05 9.99007E-05 9.99007E-05 9.99007E-05 9.99007E-05 9.99007E-05 9.99007E-05 0.623698 9.99007E-05 0.214282
9.99278E-05 0.070509 9.99278E-05 9.99278E-05 0.0535927 9.99278E-05 0.139319 9.99278E-05 0.0379141 0.0462678 9.99278E-05 0.651598 9.99278E-05 9.99278E-05
9.99279E-05 0.263212 0.025044 9.99279E-05 9.99279E-05 9.99279E-05 9.99279E-05 9.99279E-05 0.231678 0.0198894 9.99279E-05 0.454544 0.0048338 9.99279E-05
0.0981499 0.208554 9.99279E-05 9.99279E-05 9.99279E-05 0.0447666 9.99279E-05 0.174178 9.99279E-05 0.261962 9.99279E-05 0.21159 9.99279E-05 9.99279E-05
9.99009E-05 9.99009E-05 9.99009E-05 9.99009E-05 0.0308174 9.99009E-05 9.99009E-05 9.99009E-05 9.99009E-05 9.99009E-05 0.325174 0.64291 9.99009E-05 9.99009E-05
9.99099E-05 0.128522 9.99099E-05 9.99099E-05 9.99099E-05 0.508339 9.99099E-05 9.99099E-05 9.99099E-05 0.0344063 9.99099E-05 0.327733 9.99099E-05 9.99099E-05
9.99459E-05 9.99459E-05 0.012739 0.00991971 0.144223 9.99459E-05 0.0598362 9.99459E-05 0.130944 0.206721 9.99459E-05 0.31432 0.120697 9.99459E-05
9.98918E-05 9.98918E-05 9.98918E-05 9.98918E-05 9.98918E-05 9.98918E-05 9.98918E-05 9.98918E-05 9.98918E-05 9.98918E-05 9.98918E-05 0.751388 9.98918E-05 0.247413
9.99099E-05 9.99099E-05 9.99099E-05 9.99099E-05 9.99099E-05 0.0093568 9.99099E-05 9.99099E-05 9.99099E-05 9.99099E-05 9.99099E-05 0.623433 0.114432 0.251779
9.99368E-05 9.99368E-05 0.072854 9.99368E-05 0.061237 0.0174426 0.0613193 0.0174834 9.99368E-05 0.553273 9.99368E-05 0.215691 9.99368E-05 9.99368E-05
9.99188E-05 0.0705327 9.99188E-05 9.99188E-05 0.230274 9.99188E-05 0.24887 9.99188E-05 9.99188E-05 0.333015 9.99188E-05 0.116409 9.99188E-05 9.99188E-05
0.353803 0.192713 9.99189E-05 9.99189E-05 0.128614 9.99189E-05 9.99189E-05 0.0191136 9.99189E-05 0.304857 9.99189E-05 9.99189E-05 9.99189E-05 9.99189E-05
0.0519668 0.307623 9.99099E-05 9.99099E-05 9.99099E-05 0.368357 9.99099E-05 9.99099E-05 9.99099E-05 9.99099E-05 9.99099E-05 0.271054 9.99099E-05 9.99099E-05
9.99189E-05 9.99189E-05 0.0557627 9.99189E-05 0.598311 9.99189E-05 9.99189E-05 9.99189E-05 9.99189E-05 0.0302575 0.090215 9.99189E-05 9.99189E-05 0.224554
0.0800683 0.28268 9.99097E-05 9.99097E-05 9.99097E-05 0.215205 9.99097E-05 9.99097E-05 9.99097E-05 9.99097E-05 9.99097E-05 0.421047 9.99097E-05 9.99097E-05
9.99369E-05 9.99369E-05 0.00632326 0.00524706 9.99369E-05 9.99369E-05 9.99369E-05 0.0639358 9.99369E-05 0.229044 9.99369E-05 0.672092 0.0112223 0.0114362
9.99369E-05 9.99369E-05 0.272302 0.0217437 0.14312 9.99369E-05 9.99369E-05 9.99369E-05 9.99369E-05 0.343066 0.0259242 0.167333 0.0258122 9.99369E-05
0.057661 0.0850192 9.99098E-05 9.99098E-05 0.692656 0.163664 9.99098E-05 9.99098E-05 9.99098E-05 9.99098E-05 9.99098E-05 9.99098E-05 9.99098E-05 9.99098E-05
0.298235 0.273927 9.9919E-05 9.9919E-05 0.213042 0.205087 9.9919E-05 9.9919E-05 9.9919E-05 9.9919E-05 9.9919E-05 0.00880999 9.9919E-05 9.9919E-05
9.99098E-05 0.145817 9.99098E-05 9.99098E-05 0.676798 0.161164 0.0152228 9.99098E-05 9.99098E-05 9.99098E-05 9.99098E-05 9.99098E-05 9.99098E-05 9.99098E-05
9.99279E-05 0.0920995 9.99279E-05 9.99279E-05 0.291502 9.99279E-05 0.209699 0.0415826 9.99279E-05 0.274313 9.99279E-05 0.0900041 9.99279E-05 9.99279E-05
0.434665 0.287871 9.99369E-05 9.99369E-05 0.144932 9.99369E-05 9.99369E-05 0.018525 9.99369E-05 0.0215203 9.99369E-05 0.0549583 9.99369E-05 0.0368282
9.99099E-05 0.0618732 9.99099E-05 9.99099E-05 0.21651 9.99099E-05 9.99099E-05 9.99099E-05 9.99099E-05 9.99099E-05 0.261997 0.458621 9.99099E-05 9.99099E-05
9.99099E-05 0.349793 9.99099E-05 9.99099E-05 9.99099E-05 9.99099E-05 9.99099E-05 0.0106143 9.99099E-05 9.99099E-05 0.156251 0.482343 9.99099E-05 9.99099E-05
9.9928E-05 0.368223 9.9928E-05 9.9928E-05 0.0841443 9.9928E-05 9.9928E-05 9.9928E-05 9.9928E-05 0.0382157 0.264244 0.144004 0.10037 9.9928E-05
0.0587022 0.475256 9.99098E-05 9.99098E-05 9.99098E-05 0.17992 9.99098E-05 9.99098E-05 9.99098E-05 9.99098E-05 9.99098E-05 0.285123 9.99098E-05 9.99098E-05
9.99278E-05 0.0825126 9.99278E-05 9.99278E-05 0.0577009 9.99278E-05 0.0881085 0.0276865 9.99278E-05 9.99278E-05 9.99278E-05 0.580988 9.99278E-05 0.162204
9.99099E-05 9.99099E-05 0.0725351 9.99099E-05 9.99099E-05 9.99099E-05 9.99099E-05 9.99099E-05 9.99099E-05 0.0531207 0.0738134 0.799532 9.99099E-05 9.99099E-05
9.99098E-05 9.99098E-05 9.99098E-05 9.99098E-05 0.201344 0.165487 0.0651579 9.99098E-05 9.99098E-05 0.567012 9.99098E-05 9.99098E-05 9.99098E-05 9.99098E-05
9.99007E-05 0.488346 9.99007E-05 9.99007E-05 9.99007E-05 0.214682 9.99007E-05 9.99007E-05 9.99007E-05 0.295873 9.99007E-05 9.99007E-05 9.99007E-05 9.99007E-05
9.99008E-05 9.99008E-05 9.99008E-05 9.99008E-05 0.148174 9.99008E-05 9.99008E-05 9.99008E-05 0.136309 0.714418 9.99008E-05 9.99008E-05 9.99008E-05 9.99008E-05
9.99097E-05 0.305463 9.99097E-05 9.99097E-05 9.99097E-05 0.221398 9.99097E-05 9.99097E-05 9.99097E-05 0.449303 9.99097E-05 0.0228372 9.99097E-05 9.99097E-05
9.99007E-05 0.217337 9.99007E-05 9.99007E-05 9.99007E-05 0.204116 9.99007E-05 9.99007E-05 9.99007E-05 0.577448 9.99007E-05 9.99007E-05 9.99007E-05 9.99007E-05
9.99007E-05 9.99007E-05 0.0310542 9.99007E-05 9.99007E-05 9.99007E-05 9.99007E-05 9.99007E-05 9.99007E-05 0.707575 9.99007E-05 9.99007E-05 9.99007E-05 0.260272
9.99188E-05 0.241368 9.99188E-05 9.99188E-05 9.99188E-05 0.0731406 9.99188E-05 9.99188E-05 0.143534 0.31661 9.99188E-05 0.224448 9.99188E-05 9.99188E-05
9.99188E-05 0.208856 9.99188E-05 0.00526926 9.99188E-05 9.99188E-05 0.0507424 9.99188E-05 0.0317517 0.702482 9.99188E-05 9.99188E-05 9.99188E-05 9.99188E-05
0.35662 0.0326673 9.99009E-05 9.99009E-05 9.99009E-05 9.99009E-05 9.99009E-05 0.609614 9.99009E-05 9.99009E-05 9.99009E-05 9.99009E-05 9.99009E-05 9.99009E-05
0.144694 0.179393 9.9937E-05 9.9937E-05 0.00860845 9.9937E-05 0.0303019 0.591859 0.0142564 9.9937E-05 0.0301865 9.9937E-05 9.9937E-05 9.9937E-05
9.99099E-05 0.0445632 9.99099E-05 9.99099E-05 9.99099E-05 9.99099E-05 9.99099E-05 0.755357 9.99099E-05 9.99099E-05 0.196289 9.99099E-05 9.99099E-05 0.00279164
9.99189E-05 9.99189E-05 0.000103778 9.99189E-05 9.99189E-05 9.99189E-05 9.99189E-05 0.48342 0.257846 0.0896274 9.99189E-05 9.99189E-05 9.99189E-05 0.168104
0.327129 9.99189E-05 9.99189E-05 0.0166116 9.99189E-05 0.0181912 9.99189E-05 0.62883 9.99189E-05 0.00833889 9.99189E-05 9.99189E-05 9.99189E-05 9.99189E-05
9.99459E-05 9.99459E-05 0.00396523 9.99459E-05 9.99459E-05 0.0272709 0.275392 0.152478 0.347715 0.123068 0.0600382 9.99459E-05 0.00947334 9.99459E-05
9.98918E-05 9.98918E-05 9.98918E-05 9.98918E-05 9.98918E-05 0.557581 9.98918E-05 0.441221 9.98918E-05 9.98918E-05 9.98918E-05 9.98918E-05 9.98918E-05 9.98918E-05
0.254552 0.0132254 9.99008E-05 9.99008E-05 9.99008E-05 9.99008E-05 9.99008E-05 0.731123 9.99008E-05 9.99008E-05 9.99008E-05 9.99008E-05 9.99008E-05 9.99008E-05
9.99279E-05 0.00776887 9.99279E-05 9.99279E-05 0.00015326 0.0297784 0.283584 0.632327 9.99279E-05 0.045589 9.99279E-05 9.99279E-05 9.99279E-05 9.99279E-05
9.99188E-05 9.99188E-05 0.0667432 9.99188E-05 9.99188E-05 9.99188E-05 9.99188E-05 0.502944 9.99188E-05 9.99188E-05 9.99188E-05 0.0306652 0.174118 0.224631
0.589679 0.060174 9.99099E-05 0.0719041 9.99099E-05 9.99099E-05 9.99099E-05 0.277244 9.99099E-05 9.99099E-05 9.99099E-05 9.99099E-05 9.99099E-05 9.99099E-05
9.99099E-05 9.99099E-05 0.0624175 0.0843015 9.99099E-05 9.99099E-05 9.99099E-05 0.451807 9.99099E-05 9.99099E-05 9.99099E-05 9.99099E-05 0.400475 9.99099E-05
0.119236 0.0375321 9.99189E-05 9.99189E-05 9.99189E-05 0.0834228 0.0382709 0.720639 9.99189E-05 9.99189E-05 9.99189E-05 9.99189E-05 9.99189E-05 9.99189E-05
9.99278E-05 9.99278E-05 9.99278E-05 9.99278E-05 9.99278E-05 9.99278E-05 0.248194 0.482619 0.0999113 0.0579527 9.99278E-05 0.0210582 0.0894648 9.99278E-05
0.0052644 9.99188E-05 9.99188E-05 9.99188E-05 0.00980659 9.99188E-05 0.349925 0.500199 9.99188E-05 9.99188E-05 9.99188E-05 9.99188E-05 9.99188E-05 0.133905
9.99279E-05 9.99279E-05 0.00247421 9.99279E-05 0.0299271 0.431876 0.205468 0.283587 0.0458684 9.99279E-05 9.99279E-05 9.99279E-05 9.99279E-05 9.99279E-05
9.99368E-05 9.99368E-05 0.168555 9.99368E-05 9.99368E-05 9.99368E-05 9.99368E-05 0.450417 0.211821 0.0101279 0.0574027 0.0983985 0.0025796 9.99368E-05
9.99188E-05 9.99188E-05 0.0312008 9.99188E-05 9.99188E-05 9.99188E-05 9.99188E-05 0.357455 9.99188E-05 0.0285877 0.573997 9.99188E-05 9.99188E-05 0.00785944
9.99189E-05 0.151553 9.99189E-05 0.0199059 0.0611066 9.99189E-05 0.234167 0.532368 9.99189E-05 9.99189E-05 9.99189E-05 9.99189E-05 9.99189E-05 9.99189E-05
9.99009E-05 0.0218492 9.99009E-05 9.99009E-05 9.99009E-05 0.294031 9.99009E-05 0.68302 9.99009E-05 9.99009E-05 9.99009E-05 9.99009E-05 9.99009E-05 9.99009E-05
9.99279E-05 9.99279E-05 9.99279E-05 0.00386161 0.0300086 9.99279E-05 0.15516 0.627042 9.99279E-05 9.99279E-05 9.99279E-05 9.99279E-05 0.043032 0.140097
9.99009E-05 9.99009E-05 9.99009E-05 9.99009E-05 9.99009E-05 9.99009E-05 9.99009E-05 0.681163 9.99009E-05 9.99009E-05 0.308148 9.99009E-05 9.99009E-05 0.00958959
9.99188E-05 9.99188E-05 9.99188E-05 0.0309145 9.99188E-05 9.99188E-05 0.216655 9.99188E-05 0.32902 9.99188E-05 9.99188E-05 9.99188E-05 0.0758039 0.346708
9.98918E-05 9.98918E-05 9.98918E-05 0.671503 9.98918E-05 0.327298 9.98918E-05 9.98918E-05 9.98918E-05 9.98918E-05 9.98918E-05 9.98918E-05 9.98918E-05 9.98918E-05
0.0869715 9.99369E-05 9.99369E-05 9.99369E-05 9.99369E-05 9.99369E-05 0.0405961 9.99369E-05 0.259157 0.0407826 0.549022 0.0130407 9.99369E-05 0.00973036
0.0553982 0.00501082 9.99279E-05 9.99279E-05 9.99279E-05 0.260065 0.591562 9.99279E-05 0.0844423 0.0027231 9.99279E-05 9.99279E-05 9.99279E-05 9.99279E-05
0.52372 0.00683896 9.99007E-05 0.468342 9.99007E-05 9.99007E-05 9.99007E-05 9.99007E-05 9.99007E-05 9.99007E-05 9.99007E-05 9.99007E-05 9.99007E-05 9.99007E-05
9.99278E-05 9.99278E-05 0.197684 0.00906577 9.99278E-05 9.99278E-05 0.100763 9.99278E-05 0.175545 9.99278E-05 0.172159 9.99278E-05 0.343984 9.99278E-05
9.99189E-05 9.99189E-05 9.99189E-05 0.7109 0.00854658 9.99189E-05 0.0417151 9.99189E-05 9.99189E-05 9.99189E-05 9.99189E-05 9.99189E-05 0.209298 0.0286408
9.99369E-05 0.000399916 9.99369E-05 9.99369E-05 9.99369E-05 0.162518 0.290448 0.0161559 0.39889 0.0470853 9.99369E-05 0.0838036 9.99369E-05 9.99369E-05
9.99008E-05 9.99008E-05 9.99008E-05 0.723286 0.0104837 9.99008E-05 9.99008E-05 9.99008E-05 9.99008E-05 9.99008E-05 0.265132 9.99008E-05 9.99008E-05 9.99008E-05
0.209978 9.99189E-05 9.99189E-05 0.248984 9.99189E-05 0.509357 9.99189E-05 9.99189E-05 9.99189E-05 0.00334271 0.0274398 9.99189E-05 9.99189E-05 9.99189E-05
9.99459E-05 9.99459E-05 0.0113722 0.192401 9.99459E-05 9.99459E-05 0.0142002 9.99459E-05 0.330798 9.99459E-05 0.0729437 0.0558405 0.262104 0.0597408
9.99099E-05 9.99099E-05 9.99099E-05 0.545466 9.99099E-05 9.99099E-05 9.99099E-05 9.99099E-05 9.99099E-05 0.00910892 0.351157 9.99099E-05 9.99099E-05 0.0932684
0.511545 9.99008E-05 9.99008E-05 0.409194 9.99008E-05 0.0781619 9.99008E-05 9.99008E-05 9.99008E-05 9.99008E-05 9.99008E-05 9.99008E-05 9.99008E-05 9.99008E-05
9.99189E-05 9.99189E-05 0.250128 9.99189E-05 9.99189E-05 9.99189E-05 9.99189E-05 9.99189E-05 0.409906 9.99189E-05 0.0798312 9.99189E-05 0.184506 0.0747295
9.99098E-05 9.99098E-05 0.216975 0.580212 9.99098E-05 9.99098E-05 9.99098E-05 9.99098E-05 9.99098E-05 9.99098E-05 0.179577 0.0222371 9.99098E-05 9.99098E-05
9.99278E-05 9.99278E-05 0.226579 9.99278E-05 9.99278E-05 0.123971 0.0653823 9.99278E-05 0.0929198 9.99278E-05 0.342402 9.99278E-05 0.147947 9.99278E-05
0.562171 9.98918E-05 9.98918E-05 0.43663 9.98918E-05 9.98918E-05 9.98918E-05 9.98918E-05 9.98918E-05 9.98918E-05 9.98918E-05 9.98918E-05 9.98918E-05 9.98918E-05
9.99097E-05 9.99097E-05 9.99097E-05 0.332 9.99097E-05 9.99097E-05 9.99097E-05 9.99097E-05 0.293854 9.99097E-05 0.346842 0.0263051 9.99097E-05 9.99097E-05
9.99369E-05 9.99369E-05 0.00520672 9.99369E-05 9.99369E-05 9.99369E-05 0.0286543 0.0201437 0.570209 9.99369E-05 9.99369E-05 0.0339685 0.25937 0.0817475
9.99188E-05 9.99188E-05 9.99188E-05 0.0620302 9.99188E-05 0.254082 0.375926 9.99188E-05 0.202268 0.104794 9.99188E-05 9.99188E-05 9.99188E-05 9.99188E-05
9.991E-05 9.991E-05 9.991E-05 9.991E-05 9.991E-05 0.205069 0.13561 9.991E-05 9.991E-05 9.991E-05 0.175193 9.991E-05 9.991E-05 0.483129
0.0158986 9.99639E-05 9.99639E-05 0.0714845 0.0398543 0.023396 0.203435 9.99639E-05 0.167887 0.0167639 0.376291 9.99639E-05 0.016786 0.0678039
0.390088 9.99097E-05 9.99097E-05 0.429225 9.99097E-05 0.148601 0.0310874 9.99097E-05 9.99097E-05 9.99097E-05 9.99097E-05 9.99097E-05 9.99097E-05 9.99097E-05
9.99279E-05 0.0329313 9.99279E-05 0.144273 0.102788 0.109186 9.99279E-05 9.99279E-05 0.484966 9.99279E-05 9.99279E-05 9.99279E-05 0.125057 9.99279E-05
9.99097E-05 9.99097E-05 9.99097E-05 0.544369 9.99097E-05 9.99097E-05 0.287551 9.99097E-05 0.0564237 0.110656 9.99097E-05 9.99097E-05 9.99097E-05 9.99097E-05
0.186082 0.0767052 9.99369E-05 0.0331258 9.99369E-05 0.0616917 0.441913 0.15073 9.99369E-05 0.0490532 9.99369E-05 9.99369E-05 9.99369E-05 9.99369E-05
9.99369E-05 9.99369E-05 9.99369E-05 0.182394 0.0434902 9.99369E-05 9.99369E-05 0.0912899 0.33069 9.99369E-05 0.193642 0.0541797 0.103615 9.99369E-05
9.99279E-05 0.0402457 9.99279E-05 0.170952 9.99279E-05 9.99279E-05 0.309922 0.239875 9.99279E-05 9.99279E-05 9.99279E-05 0.0295879 9.99279E-05 0.208617
0.790598 0.00489067 0.076422 9.9946E-05 0.0501066 0.0495339 9.9946E-05 9.9946E-05 9.9946E-05 0.0113387 0.000559444 0.0159507 9.9946E-05 9.9946E-05
0.0155487 9.99368E-05 0.020629 0.177458 9.99368E-05 0.211342 0.407992 0.0956079 9.99368E-05 0.0707223 9.99368E-05 9.99368E-05 9.99368E-05 9.99368E-05
0.182506 0.0476214 9.99549E-05 0.0445681 0.0149899 0.305214 0.179602 0.0783897 0.105053 9.99549E-05 9.99549E-05 9.99549E-05 0.0415562 9.99549E-05
0.0718919 9.99369E-05 9.99369E-05 0.107047 0.0196117 9.99369E-05 0.241868 9.99369E-05 9.99369E-05 9.99369E-05 9.99369E-05 0.0132004 0.480353 0.0653286
0.445733 9.99098E-05 9.99098E-05 9.99098E-05 9.99098E-05 0.322504 0.228698 9.99098E-05 9.99098E-05 9.99098E-05 9.99098E-05 9.99098E-05 0.00206593 9.99098E-05
9.99188E-05 9.99188E-05 0.157294 9.99188E-05 9.99188E-05 9.99188E-05 0.0754973 9.99188E-05 0.205448 9.99188E-05 0.363111 9.99188E-05 0.197751 9.99188E-05
0.365667 9.99188E-05 9.99188E-05 0.00621788 9.99188E-05 0.197432 0.414566 9.99188E-05 9.99188E-05 9.99188E-05 9.99188E-05 9.99188E-05 0.0152182 9.99188E-05
0.174013 9.99459E-05 9.99459E-05 0.291527 9.99459E-05 9.99459E-05 0.0496806 0.0106239 0.0103538 0.00311257 0.366121 9.99459E-05 9.99459E-05 0.0939686
9.99369E-05 9.99369E-05 0.12008 0.144402 9.99369E-05 9.99369E-05 0.0674122 0.119735 9.99369E-05 9.99369E-05 0.488077 0.0150012 0.0445937 9.99369E-05
9.9946E-05 0.0665351 9.9946E-05 0.0796662 0.0105036 9.9946E-05 0.553184 0.0998799 0.0727983 9.9946E-05 9.9946E-05 0.055237 9.9946E-05 0.0615962
9.99279E-05 9.99279E-05 0.0223133 9.99279E-05 9.99279E-05 0.131487 0.430213 0.112584 0.228635 9.99279E-05 9.99279E-05 0.073968 9.99279E-05 9.99279E-05
9.9928E-05 9.9928E-05 0.0733941 0.0456089 0.032877 9.9928E-05 0.713567 0.105585 9.9928E-05 9.9928E-05 9.9928E-05 0.0281682 9.9928E-05 9.9928E-05
0.0541107 9.99189E-05 9.99189E-05 9.99189E-05 9.99189E-05 9.99189E-05 0.263057 0.144449 9.99189E-05 9.99189E-05 0.469012 9.99189E-05 0.0684717 9.99189E-05
0.68352 0.000369742 0.0571899 9.99279E-05 9.99279E-05 0.0610657 0.14731 0.0497448 9.99279E-05 9.99279E-05 9.99279E-05 9.99279E-05 9.99279E-05 9.99279E-05
0.709425 9.99142E-05 9.99142E-05 0.25396 9.99142E-05 9.99142E-05 0.0109134 0.0247026 9.99142E-05 9.99142E-05 9.99142E-05 9.99142E-05 9.99142E-05 9.99142E-05
9.99279E-05 0.0469574 9.99279E-05 0.203596 9.99279E-05 0.561871 0.148342 9.99279E-05 0.0352395 0.00319432 9.99279E-05 9.99279E-05 9.99279E-05 9.99279E-05
0.546986 0.116996 9.99279E-05 0.136362 9.99279E-05 0.0125864 0.165068 9.99279E-05 0.0212012 9.99279E-05 9.99279E-05 9.99279E-05 9.99279E-05 9.99279E-05
0.840204 9.991E-05 0.149792 9.991E-05 9.991E-05 9.991E-05 9.991E-05 0.00231397 9.991E-05 9.991E-05 9.991E-05 9.991E-05 0.00669092 9.991E-05
9.99101E-05 0.139587 9.99101E-05 0.320263 9.99101E-05 0.458385 9.99101E-05 0.0298814 0.050984 9.99101E-05 9.99101E-05 9.99101E-05 9.99101E-05 9.99101E-05
0.0917415 9.99368E-05 9.99368E-05 0.0294547 9.99368E-05 0.393145 0.320241 9.99368E-05 0.0721014 0.0301187 9.99368E-05 9.99368E-05 0.062498 9.99368E-05
9.99189E-05 9.99189E-05 0.463188 9.99189E-05 9.99189E-05 0.00199088 9.99189E-05 9.99189E-05 0.120398 0.043928 9.99189E-05 9.99189E-05 9.99189E-05 0.369596
9.99369E-05 9.99369E-05 0.847566 9.99369E-05 0.0227901 0.0623926 0.0117387 0.00839603 9.99369E-05 9.99369E-05 0.0427708 0.0036459 9.99369E-05 9.99369E-05
9.99188E-05 9.99188E-05 0.117106 9.99188E-05 9.99188E-05 0.472739 0.143045 9.99188E-05 0.144496 0.121715 9.99188E-05 9.99188E-05 9.99188E-05 9.99188E-05
9.99098E-05 9.99098E-05 0.694216 9.99098E-05 9.99098E-05 0.0570179 9.99098E-05 9.99098E-05 0.0390283 9.99098E-05 9.99098E-05 9.99098E-05 0.208739 9.99098E-05
9.99009E-05 9.99009E-05 0.902277 9.99009E-05 9.99009E-05 9.99009E-05 9.99009E-05 0.0190381 9.99009E-05 9.99009E-05 9.99009E-05 9.99009E-05 9.99009E-05 0.0775862
9.99188E-05 9.99188E-05 0.441134 9.99188E-05 0.0650093 0.0562512 9.99188E-05 9.99188E-05 9.99188E-05 9.99188E-05 0.40693 9.99188E-05 9.99188E-05 0.0297761
9.99189E-05 9.99189E-05 0.750991 9.99189E-05 9.99189E-05 0.0430298 9.99189E-05 0.0298013 9.99189E-05 0.0248276 0.150451 9.99189E-05 9.99189E-05 9.99189E-05
0.0030061 9.9928E-05 0.21009 9.9928E-05 0.0186557 0.69841 0.0294063 9.9928E-05 9.9928E-05 0.0396328 9.9928E-05 9.9928E-05 9.9928E-05 9.9928E-05
0.422114 9.9901E-05 9.9901E-05 0.163879 9.9901E-05 0.412908 9.9901E-05 9.9901E-05 9.9901E-05 9.9901E-05 9.9901E-05 9.9901E-05 9.9901E-05 9.9901E-05
9.99279E-05 9.99279E-05 9.99279E-05 9.99279E-05 9.99279E-05 0.0224211 0.0388834 0.0668813 0.717055 0.119602 9.99279E-05 0.034358 9.99279E-05 9.99279E-05
9.991E-05 9.991E-05 0.112364 9.991E-05 9.991E-05 0.807727 9.991E-05 0.0728432 9.991E-05 0.00606599 9.991E-05 9.991E-05 9.991E-05 9.991E-05
9.9937E-05 9.9937E-05 0.109777 9.9937E-05 0.00731978 0.529607 0.0384522 0.0120871 0.031982 0.270075 9.9937E-05 9.9937E-05 9.9937E-05 9.9937E-05
9.99368E-05 9.99368E-05 0.204641 9.99368E-05 9.99368E-05 0.281697 0.0945388 0.0111901 0.268673 0.115838 9.99368E-05 9.99368E-05 0.0227216 9.99368E-05
0.0490508 0.00242752 9.99369E-05 0.112506 9.99369E-05 0.730629 0.0132674 0.0106144 0.0808053 9.99369E-05 9.99369E-05 9.99369E-05 9.99369E-05 9.99369E-05
9.99189E-05 0.0408807 9.99189E-05 9.99189E-05 9.99189E-05 0.520935 9.99189E-05 0.0659136 0.244755 9.99189E-05 9.99189E-05 9.99189E-05 9.99189E-05 0.126616
9.99189E-05 0.0563867 0.0875901 0.222072 0.139224 9.99189E-05 9.99189E-05 9.99189E-05 0.493828 9.99189E-05 9.99189E-05 9.99189E-05 9.99189E-05 9.99189E-05
9.99549E-05 9.99549E-05 0.00863165 9.99549E-05 0.0118212 0.510411 0.0726459 9.99549E-05 0.172853 0.0623768 9.99549E-05 0.0506033 0.102659 0.00749767
9.99369E-05 0.00819818 0.0547309 9.99369E-05 9.99369E-05 0.365816 9.99369E-05 0.17988 0.348353 0.0321101 9.99369E-05 9.99369E-05 9.99369E-05 0.0102125
9.99099E-05 9.99099E-05 0.164233 9.99099E-05 9.99099E-05 9.99099E-05 9.99099E-05 9.99099E-05 0.367978 9.99099E-05 9.99099E-05 9.99099E-05 0.428169 0.0386211
0.0524294 9.9946E-05 0.0617581 9.9946E-05 0.0132763 9.9946E-05 0.1025 0.0027318 0.670879 0.0656658 0.0301599 9.9946E-05 9.9946E-05 9.9946E-05
0.0874451 0.013785 9.9928E-05 9.9928E-05 9.9928E-05 0.776735 9.9928E-05 9.9928E-05 9.9928E-05 9.9928E-05 9.9928E-05 0.019186 0.0200342 0.0820156
9.99279E-05 9.99279E-05 9.99279E-05 9.99279E-05 9.99279E-05 0.586423 0.0508788 0.0426226 0.289369 0.0256762 0.00423092 9.99279E-05 9.99279E-05 9.99279E-05
0.266101 9.99009E-05 9.99009E-05 0.129867 9.99009E-05 0.602933 9.99009E-05 9.99009E-05 9.99009E-05 9.99009E-05 9.99009E-05 9.99009E-05 9.99009E-05 9.99009E-05
9.99279E-05 9.99279E-05 0.359815 9.99279E-05 9.99279E-05 9.99279E-05 0.0685007 9.99279E-05 0.515723 9.99279E-05 0.00668228 9.99279E-05 0.0253022 0.0231776
9.9928E-05 9.9928E-05 9.9928E-05 9.9928E-05 0.000542916 0.060626 0.229533 9.9928E-05 0.557043 0.136209 9.9928E-05 9.9928E-05 0.0152464 9.9928E-05
0.108187 0.0235016 9.99279E-05 0.116857 9.99279E-05 0.707634 9.99279E-05 0.0204396 0.0225808 9.99279E-05 9.99279E-05 9.99279E-05 9.99279E-05 9.99279E-05
9.99369E-05 9.99369E-05 0.391356 0.304097 9.99369E-05 9.99369E-05 9.99369E-05 0.0338756 0.0627178 9.99369E-05 9.99369E-05 0.0292576 0.0102389 0.167757
9.99099E-05 9.99099E-05 0.0915353 0.456023 9.99099E-05 9.99099E-05 9.99099E-05 9.99099E-05 0.017787 9.99099E-05 9.99099E-05 9.99099E-05 0.433656 9.99099E-05
0.23761 0.0748777 9.99369E-05 9.99369E-05 0.0213762 0.309718 0.235482 0.0170926 9.99369E-05 0.103144 9.99369E-05 9.99369E-05 9.99369E-05 9.99369E-05
0.10021 0.0353937 9.99279E-05 0.496778 0.014593 9.99279E-05 0.27691 0.0753156 9.99279E-05 9.99279E-05 9.99279E-05 9.99279E-05 9.99279E-05 9.99279E-05
9.99279E-05 9.99279E-05 0.369242 0.184746 0.0306975 9.99279E-05 9.99279E-05 9.99279E-05 9.99279E-05 0.0680875 9.99279E-05 9.99279E-05 0.308576 0.037852
9.99189E-05 9.99189E-05 0.524019 0.385999 9.99189E-05 9.99189E-05 9.99189E-05 9.99189E-05 9.99189E-05 0.022625 0.0601204 0.00633776 9.99189E-05 9.99189E-05
9.99369E-05 9.99369E-05 0.385666 0.279674 9.99369E-05 9.99369E-05 9.99369E-05 9.99369E-05 0.0780179 0.0507024 0.088054 0.0741575 0.0430279 9.99369E-05
0.755194 9.9901E-05 9.9901E-05 0.229627 0.0140802 9.9901E-05 9.9901E-05 9.9901E-05 9.9901E-05 9.9901E-05 9.9901E-05 9.9901E-05 9.9901E-05 9.9901E-05
9.99099E-05 9.99099E-05 9.99099E-05 0.297417 9.99099E-05 0.39049 0.209399 9.99099E-05 9.99099E-05 0.101694 9.99099E-05 9.99099E-05 9.99099E-05 9.99099E-05
9.99459E-05 9.99459E-05 0.0364153 0.108839 9.99459E-05 9.99459E-05 0.292329 0.299388 0.0763688 0.0173425 9.99459E-05 0.073714 0.0950039 9.99459E-05
9.99188E-05 9.99188E-05 0.417437 0.31085 9.99188E-05 9.99188E-05 9.99188E-05 0.0352129 0.0928319 9.99188E-05 9.99188E-05 9.99188E-05 0.142769 9.99188E-05
0.45861 0.0532372 9.99369E-05 0.149659 9.99369E-05 0.0622982 0.199547 0.0438742 9.99369E-05 9.99369E-05 9.99369E-05 9.99369E-05 9.99369E-05 0.0320743
9.99369E-05 9.99369E-05 0.0765187 0.127431 0.00957147 0.278137 0.354575 9.99369E-05 0.11325 0.0398174 9.99369E-05 9.99369E-05 9.99369E-05 9.99369E-05
9.99188E-05 9.99188E-05 0.161547 0.210357 9.99188E-05 0.378216 0.178462 9.99188E-05 9.99188E-05 0.0705185 9.99188E-05 9.99188E-05 9.99188E-05 9.99188E-05
9.99188E-05 9.99188E-05 9.99188E-05 0.258428 9.99188E-05 9.99188E-05 0.461025 0.197826 9.99188E-05 9.99188E-05 9.99188E-05 0.0201922 9.99188E-05 0.0616295
9.99189E-05 0.0229166 9.99189E-05 9.99189E-05 9.99189E-05 0.441039 0.188458 0.193775 0.152913 9.99189E-05 9.99189E-05 9.99189E-05 9.99189E-05 9.99189E-05
9.99369E-05 9.99369E-05 0.113347 9.99369E-05 9.99369E-05 0.103267 0.045188 0.0587447 0.459601 9.99369E-05 9.99369E-05 0.0671321 0.152021 9.99369E-05
9.99369E-05 9.99369E-05 0.0212746 0.105674 9.99369E-05 9.99369E-05 0.456117 9.99369E-05 0.273954 0.0524827 9.99369E-05 0.0106372 0.0791611 9.99369E-05
9.9928E-05 9.9928E-05 0.424514 0.295718 0.0225279 9.9928E-05 9.9928E-05 9.9928E-05 9.9928E-05 9.9928E-05 0.0885531 0.00683641 0.161051 9.9928E-05
9.99459E-05 0.141746 9.99459E-05 0.395098 0.0295489 0.376482 0.0286409 0.00176468 0.0104968 9.99459E-05 9.99459E-05 0.0156228 9.99459E-05 9.99459E-05
9.99369E-05 0.00030043 0.309449 0.268307 9.99369E-05 9.99369E-05 9.99369E-05 9.99369E-05 0.31128 9.99369E-05 9.99369E-05 0.0403408 0.0602778 0.00934575
9.99099E-05 9.99099E-05 0.110637 0.193135 9.99099E-05 9.99099E-05 9.99099E-05 9.99099E-05 0.288209 9.99099E-05 0.40702 9.99099E-05 9.99099E-05 9.99099E-05
0.131004 9.99099E-05 9.99099E-05 0.225979 9.99099E-05 0.631418 0.0106001 9.99099E-05 9.99099E-05 9.99099E-05 9.99099E-05 9.99099E-05 9.99099E-05 9.99099E-05
9.99369E-05 9.99369E-05 0.0158312 0.0105846 9.99369E-05 0.400808 0.0851971 9.99369E-05 0.232822 0.0796102 9.99369E-05 9.99369E-05 0.174447 9.99369E-05
9.99279E-05 0.0709396 9.99279E-05 0.147292 9.99279E-05 0.554946 0.0346184 9.99279E-05 0.163012 0.0283928 9.99279E-05 9.99279E-05 9.99279E-05 9.99279E-05
9.99188E-05 9.99188E-05 0.45501 0.0515877 9.99188E-05 9.99188E-05 9.99188E-05 9.99188E-05 0.111915 0.0254987 9.99188E-05 9.99188E-05 9.99188E-05 0.35509
9.9946E-05 0.146984 0.0390766 9.9946E-05 0.02284 0.029713 9.9946E-05 9.9946E-05 0.169714 0.0894559 0.226047 9.9946E-05 9.9946E-05 0.275569
9.99189E-05 9.99189E-05 0.113808 0.0422307 9.99189E-05 9.99189E-05 9.99189E-05 9.99189E-05 0.702781 9.99189E-05 9.99189E-05 0.114431 9.99189E-05 0.0258497
0.0770242 9.9919E-05 0.00478326 0.197663 0.0122911 0.707339 9.9919E-05 9.9919E-05 9.9919E-05 9.9919E-05 9.9919E-05 9.9919E-05 9.9919E-05 9.9919E-05
0.000574814 9.9946E-05 0.0360255 0.00299352 9.9946E-05 9.9946E-05 9.9946E-05 9.9946E-05 0.802359 0.0398134 0.0511771 0.0553191 9.9946E-05 0.0111375
9.99279E-05 9.99279E-05 0.0706983 0.0840067 0.0187513 9.99279E-05 9.99279E-05 0.0106881 0.556465 9.99279E-05 9.99279E-05 9.99279E-05 9.99279E-05 0.258591
9.99279E-05 9.99279E-05 0.229119 0.0419502 9.99279E-05 9.99279E-05 9.99279E-05 0.00463306 0.32945 9.99279E-05 9.99279E-05 9.99279E-05 0.112205 0.281843
0.0584224 0.00475755 9.9919E-05 9.9919E-05 9.9919E-05 0.771078 9.9919E-05 0.111354 0.0534887 9.9919E-05 9.9919E-05 9.9919E-05 9.9919E-05 9.9919E-05
9.99549E-05 0.021839 0.0487461 0.080282 0.0149871 0.326556 0.0783159 0.0156645 0.401364 0.0117457 9.99549E-05 9.99549E-05 9.99549E-05 9.99549E-05
9.99279E-05 9.99279E-05 0.360687 0.0269521 9.99279E-05 0.122935 9.99279E-05 9.99279E-05 9.99279E-05 0.0209535 9.99279E-05 9.99279E-05 0.297842 0.169832
0.0138349 0.0745643 9.9928E-05 0.184674 9.9928E-05 0.399955 9.9928E-05 9.9928E-05 0.165514 9.9928E-05 9.9928E-05 9.9928E-05 9.9928E-05 0.160659
9.99008E-05 9.99008E-05 0.129261 9.99008E-05 9.99008E-05 9.99008E-05 9.99008E-05 9.99008E-05 0.459932 9.99008E-05 9.99008E-05 9.99008E-05 9.99008E-05 0.409708
0.161825 0.034953 9.9928E-05 9.9928E-05 9.9928E-05 0.0820497 0.0759981 9.9928E-05 0.206224 9.9928E-05 0.43815 9.9928E-05 9.9928E-05 9.9928E-05
9.99279E-05 9.99279E-05 9.99279E-05 0.145239 9.99279E-05 0.187092 9.99279E-05 0.0580704 0.442084 0.0773244 9.99279E-05 9.99279E-05 9.99279E-05 0.0893904
0.180682 9.9919E-05 0.00335319 0.0854507 0.00517966 0.724435 9.9919E-05 9.9919E-05 9.9919E-05 9.9919E-05 9.9919E-05 9.9919E-05 9.9919E-05 9.9919E-05
9.99279E-05 9.99279E-05 0.0549302 0.060397 9.99279E-05 0.141816 0.230772 9.99279E-05 0.355997 0.155288 9.99279E-05 9.99279E-05 9.99279E-05 9.99279E-05
0.0648535 0.0383966 9.99549E-05 0.070983 0.0111362 0.125154 0.521394 0.111172 9.99549E-05 9.99549E-05 9.99549E-05 9.99549E-05 0.0328457 0.0235656
0.581477 0.019878 0.00333463 0.00149026 9.9955E-05 0.095778 0.208606 0.0827053 9.9955E-05 9.9955E-05 9.9955E-05 9.9955E-05 0.00575782 0.000473255
9.99188E-05 0.016573 9.99188E-05 9.99188E-05 9.99188E-05 0.231979 0.419845 9.99188E-05 0.299512 9.99188E-05 9.99188E-05 0.0311925 9.99188E-05 9.99188E-05
9.99098E-05 9.99098E-05 9.99098E-05 0.0617535 9.99098E-05 0.36557 9.99098E-05 0.524161 9.99098E-05 0.0475167 9.99098E-05 9.99098E-05 9.99098E-05 9.99098E-05
9.99369E-05 9.99369E-05 0.100291 0.105546 9.99369E-05 0.310662 0.344788 9.99369E-05 0.0425381 0.0215576 9.99369E-05 9.99369E-05 0.073918 9.99369E-05
9.99279E-05 9.99279E-05 0.384143 0.0286313 9.99279E-05 9.99279E-05 0.285911 9.99279E-05 0.0328086 9.99279E-05 0.203508 9.99279E-05 0.0641982 9.99279E-05
0.559601 0.0121766 9.99189E-05 0.23629 9.99189E-05 9.99189E-05 0.176032 9.99189E-05 9.99189E-05 9.99189E-05 9.99189E-05 9.99189E-05 9.99189E-05 0.0150018
9.99369E-05 0.00194092 0.0102354 0.30153 0.00902584 9.99369E-05 0.0130087 9.99369E-05 9.99369E-05 9.99369E-05 0.383931 9.99369E-05 9.99369E-05 0.279628
9.99278E-05 9.99278E-05 0.171614 9.99278E-05 9.99278E-05 9.99278E-05 9.99278E-05 0.39065 0.281015 0.118068 0.0353986 9.99278E-05 0.00245502 9.99278E-05
0.040182 9.99369E-05 9.99369E-05 9.99369E-05 9.99369E-05 9.99369E-05 0.0962746 0.0678835 0.0357177 9.99369E-05 0.0467189 9.99369E-05 0.643054 0.0694694
0.624533 0.0216625 9.99279E-05 9.99279E-05 9.99279E-05 0.00302402 0.0260016 0.155494 0.168485 9.99279E-05 9.99279E-05 9.99279E-05 9.99279E-05 9.99279E-05
0.55962 0.00987189 9.99369E-05 0.00782107 9.99369E-05 0.270112 0.0160191 0.102074 0.0337835 9.99369E-05 9.99369E-05 9.99369E-05 9.99369E-05 9.99369E-05
9.9937E-05 9.9937E-05 0.136623 0.196775 0.00858154 0.0179473 9.9937E-05 9.9937E-05 0.140862 9.9937E-05 0.319028 9.9937E-05 0.179483 9.9937E-05
9.99279E-05 0.029685 9.99279E-05 9.99279E-05 9.99279E-05 0.314799 0.312119 9.99279E-05 0.223466 0.0333648 9.99279E-05 9.99279E-05 0.0857677 9.99279E-05
9.99188E-05 0.0789005 9.99188E-05 9.99188E-05 9.99188E-05 0.069053 0.509503 0.16494 0.176704 9.99188E-05 9.99188E-05 9.99188E-05 9.99188E-05 9.99188E-05
0.604696 9.99099E-05 0.0353102 9.99099E-05 9.99099E-05 0.227597 9.99099E-05 0.131398 9.99099E-05 9.99099E-05 9.99099E-05 9.99099E-05 9.99099E-05 9.99099E-05
0.0642828 9.99189E-05 9.99189E-05 9.99189E-05 9.99189E-05 9.99189E-05 0.61097 0.114462 9.99189E-05 9.99189E-05 9.99189E-05 9.99189E-05 0.0659908 0.143396
0.012367 9.99549E-05 0.0918298 0.118915 0.0546382 9.99549E-05 0.356504 0.0328691 9.99549E-05 9.99549E-05 0.292444 0.005931 0.0340018 9.99549E-05
9.99459E-05 9.99459E-05 0.59553 0.0115193 9.99459E-05 0.00783536 0.0914485 9.99459E-05 0.00285482 0.00868485 9.99459E-05 0.00772656 0.273801 9.99459E-05
9.99189E-05 9.99189E-05 9.99189E-05 9.99189E-05 9.99189E-05 9.99189E-05 0.119805 0.0211242 0.376301 9.99189E-05 9.99189E-05 9.99189E-05 0.469132 0.0127383
0.0524454 0.00176797 9.99459E-05 9.99459E-05 9.99459E-05 9.99459E-05 0.247613 0.211118 0.0548546 9.99459E-05 0.388789 0.00404853 0.0387642 9.99459E-05
9.99279E-05 9.99279E-05 0.0572098 9.99279E-05 0.00657155 0.777446 9.99279E-05 0.060485 9.99279E-05 0.0507502 9.99279E-05 9.99279E-05 9.99279E-05 0.0467384
9.99279E-05 9.99279E-05 0.412228 9.99279E-05 9.99279E-05 9.99279E-05 9.99279E-05 0.0671326 0.411042 0.0123669 9.99279E-05 0.00748718 9.99279E-05 0.088944
9.9919E-05 9.9919E-05 9.9919E-05 0.0190815 9.9919E-05 0.666968 9.9919E-05 0.132768 0.152131 9.9919E-05 9.9919E-05 9.9919E-05 9.9919E-05 0.0281525
9.99188E-05 9.99188E-05 9.99188E-05 0.0340112 9.99188E-05 0.317323 9.99188E-05 0.217885 0.362821 0.0670602 9.99188E-05 9.99188E-05 9.99188E-05 9.99188E-05
9.99189E-05 9.99189E-05 0.147064 0.0175878 9.99189E-05 9.99189E-05 9.99189E-05 9.99189E-05 0.59132 0.100723 9.99189E-05 9.99189E-05 9.99189E-05 0.142407
0.169775 0.0306431 0.00158797 0.0328681 0.00961146 0.722368 9.9937E-05 9.9937E-05 9.9937E-05 9.9937E-05 9.9937E-05 9.9937E-05 9.9937E-05 0.0324471
0.317871 0.0852594 9.99278E-05 9.99278E-05 9.99278E-05 0.0114362 0.275142 0.20228 9.99278E-05 9.99278E-05 9.99278E-05 9.99278E-05 0.107212 9.99278E-05
9.99369E-05 9.99369E-05 9.99369E-05 0.0551616 9.99369E-05 0.575143 0.30577 0.0104158 0.0024931 0.00811105 9.99369E-05 9.99369E-05 0.0422053 9.99369E-05
