9.9946E-05 0.094981 0.054194 0.0196283 0.0202986 0.288333 0.51584 9.9946E-05 9.9946E-05 9.9946E-05 9.9946E-05 0.00612555 9.9946E-05
9.99369E-05 9.99369E-05 0.0489388 0.0204247 0.214042 0.250056 0.461169 9.99369E-05 9.99369E-05 9.99369E-05 9.99369E-05 0.00467033 9.99369E-05
0.634568 0.0114912 0.0241426 0.0352034 9.99549E-05 9.99549E-05 0.205405 0.00978188 9.99549E-05 0.0516321 9.99549E-05 0.0272757 9.99549E-05
9.99549E-05 0.0441578 9.99549E-05 9.99549E-05 0.282488 0.142595 0.228147 0.18601 9.99549E-05 0.0395274 0.0394426 0.0371321 9.99549E-05
9.99459E-05 9.99459E-05 9.99459E-05 0.0632575 0.0429803 0.372012 9.99459E-05 0.0811444 9.99459E-05 0.055248 0.29729 0.0874683 9.99459E-05
0.0759293 9.99549E-05 0.0146745 0.0697238 9.99549E-05 0.0536358 0.401004 9.99549E-05 0.0219273 0.32081 9.99549E-05 0.0417955 9.99549E-05
0.546001 9.99279E-05 9.99279E-05 9.99279E-05 0.0174654 9.99279E-05 0.403878 9.99279E-05 0.00439695 9.99279E-05 9.99279E-05 9.99279E-05 0.0274593
0.190136 9.9937E-05 0.139889 9.9937E-05 9.9937E-05 0.129328 0.351235 9.9937E-05 0.0106405 0.178073 9.9937E-05 9.9937E-05 9.9937E-05
9.99549E-05 0.00182617 0.0338566 9.99549E-05 0.263902 0.103397 0.361872 0.102879 9.99549E-05 0.062298 9.99549E-05 0.069469 9.99549E-05
0.329786 0.0645872 9.99188E-05 9.99188E-05 9.99188E-05 9.99188E-05 9.99188E-05 9.99188E-05 9.99188E-05 0.35041 9.99188E-05 9.99188E-05 0.254317
9.99549E-05 0.0099696 9.99549E-05 0.0521291 0.549569 0.0818782 0.168316 9.99549E-05 9.99549E-05 0.078156 0.036669 0.0228134 9.99549E-05
9.99279E-05 9.99279E-05 0.0106587 9.99279E-05 0.437107 0.21265 9.99279E-05 0.104514 9.99279E-05 0.234272 9.99279E-05 9.99279E-05 9.99279E-05
0.0636764 0.00628151 9.99549E-05 0.251141 0.128865 9.99549E-05 0.210304 0.215626 9.99549E-05 9.99549E-05 9.99549E-05 0.076603 0.0470034
0.325375 9.99189E-05 0.0413236 9.99189E-05 9.99189E-05 9.99189E-05 0.464739 9.99189E-05 9.99189E-05 0.167663 9.99189E-05 9.99189E-05 9.99189E-05
9.99279E-05 9.99279E-05 9.99279E-05 9.99279E-05 0.702754 0.225768 9.99279E-05 9.99279E-05 9.99279E-05 0.0648739 0.00167686 0.00412711 9.99279E-05
0.372551 0.0328311 9.99459E-05 9.99459E-05 9.99459E-05 9.99459E-05 0.187818 9.99459E-05 0.0407227 0.0387432 9.99459E-05 0.0224932 0.304241
0.408404 9.99189E-05 9.99189E-05 9.99189E-05 0.00569598 9.99189E-05 0.555237 0.0297638 9.99189E-05 9.99189E-05 9.99189E-05 9.99189E-05 9.99189E-05
0.463768 9.99279E-05 9.99279E-05 0.0170886 0.065831 0.00016091 0.452352 9.99279E-05 9.99279E-05 9.99279E-05 9.99279E-05 9.99279E-05 9.99279E-05
0.0549261 9.9955E-05 0.0165592 0.0454047 0.175875 0.200296 0.219432 0.244912 9.9955E-05 0.0420951 9.9955E-05 9.9955E-05 9.9955E-05
9.99189E-05 0.691129 0.00675202 9.99189E-05 9.99189E-05 9.99189E-05 9.99189E-05 9.99189E-05 9.99189E-05 9.99189E-05 0.293196 0.0080236 9.99189E-05
9.99099E-05 0.77485 9.99099E-05 9.99099E-05 9.99099E-05 9.99099E-05 9.99099E-05 0.103782 9.99099E-05 9.99099E-05 0.120369 9.99099E-05 9.99099E-05
9.99188E-05 0.86959 9.99188E-05 0.0245807 9.99188E-05 9.99188E-05 0.0602027 9.99188E-05 9.99188E-05 9.99188E-05 0.0447273 9.99188E-05 9.99188E-05
9.99189E-05 0.61647 0.00761708 9.99189E-05 9.99189E-05 9.99189E-05 9.99189E-05 0.326336 9.99189E-05 9.99189E-05 9.99189E-05 0.048678 9.99189E-05
9.99279E-05 0.7204 0.0105967 9.99279E-05 0.206982 9.99279E-05 9.99279E-05 0.0412326 9.99279E-05 9.99279E-05 9.99279E-05 0.0199902 9.99279E-05
0.188771 0.457798 0.0383577 9.99459E-05 9.99459E-05 9.99459E-05 0.0996878 9.99459E-05 0.190016 0.0190497 9.99459E-05 0.00571921 9.99459E-05
9.99369E-05 0.331074 0.247488 9.99369E-05 0.241899 0.0202921 9.99369E-05 9.99369E-05 9.99369E-05 0.0364016 9.99369E-05 0.122145 9.99369E-05
0.0145484 0.234862 9.99279E-05 9.99279E-05 9.99279E-05 9.99279E-05 9.99279E-05 9.99279E-05 0.214705 9.99279E-05 9.99279E-05 0.0707073 0.464377
9.99279E-05 0.142533 0.279857 9.99279E-05 9.99279E-05 0.0272311 9.99279E-05 9.99279E-05 9.99279E-05 9.99279E-05 0.529219 0.0203595 9.99279E-05
9.99279E-05 0.845949 9.99279E-05 0.0535726 9.99279E-05 9.99279E-05 0.0588775 9.99279E-05 0.0102411 9.99279E-05 9.99279E-05 9.99279E-05 0.03056
9.99099E-05 0.862108 9.99099E-05 9.99099E-05 0.0234678 9.99099E-05 9.99099E-05 0.113426 9.99099E-05 9.99099E-05 9.99099E-05 9.99099E-05 9.99099E-05
0.09555 0.557064 0.00375933 9.99371E-05 9.99371E-05 9.99371E-05 9.99371E-05 0.13739 0.0537821 9.99371E-05 9.99371E-05 9.99371E-05 0.151755
9.99549E-05 0.175124 0.261937 0.135326 9.99549E-05 9.99549E-05 0.0566918 9.99549E-05 0.241607 0.00330087 9.99549E-05 0.0892475 0.0362657
0.149618 0.593456 9.99188E-05 9.99188E-05 9.99188E-05 9.99188E-05 9.99188E-05 9.99188E-05 0.0461695 9.99188E-05 9.99188E-05 9.99188E-05 0.209858
0.121688 0.657524 0.0173723 9.99279E-05 9.99279E-05 9.99279E-05 0.143351 9.99279E-05 0.059265 9.99279E-05 9.99279E-05 9.99279E-05 9.99279E-05
9.99189E-05 0.841875 9.99189E-05 9.99189E-05 0.0558413 9.99189E-05 9.99189E-05 0.0915471 9.99189E-05 0.00983708 9.99189E-05 9.99189E-05 9.99189E-05
9.99189E-05 0.736594 9.99189E-05 9.99189E-05 0.154551 9.99189E-05 9.99189E-05 9.99189E-05 9.99189E-05 9.99189E-05 0.0668521 0.0411038 9.99189E-05
9.99189E-05 0.677024 9.99189E-05 9.99189E-05 0.0783739 9.99189E-05 9.99189E-05 9.99189E-05 9.99189E-05 9.99189E-05 0.24317 9.99189E-05 0.000532589
9.99189E-05 0.6793 9.99189E-05 9.99189E-05 9.99189E-05 0.0513913 9.99189E-05 0.249318 9.99189E-05 9.99189E-05 9.99189E-05 0.0190916 9.99189E-05
9.99097E-05 9.99097E-05 9.99097E-05 9.99097E-05 9.99097E-05 9.99097E-05 0.124153 9.99097E-05 0.386849 9.99097E-05 9.99097E-05 0.487999 9.99097E-05
9.9937E-05 9.9937E-05 9.9937E-05 0.0680462 9.9937E-05 0.0316142 9.9937E-05 9.9937E-05 0.795982 9.9937E-05 0.00020766 0.0326802 0.0707702
0.123509 0.0298668 0.0766946 9.99369E-05 9.99369E-05 9.99369E-05 9.99369E-05 9.99369E-05 0.563901 0.00247766 9.99369E-05 9.99369E-05 0.202851
9.99279E-05 9.99279E-05 0.0511686 9.99279E-05 9.99279E-05 9.99279E-05 9.99279E-05 0.303942 0.308306 9.99279E-05 0.127171 0.208613 9.99279E-05
9.99188E-05 0.264263 9.99188E-05 9.99188E-05 9.99188E-05 9.99188E-05 0.136583 9.99188E-05 0.437931 9.99188E-05 9.99188E-05 0.160324 9.99188E-05
0.0929702 0.0714911 0.0017242 9.99369E-05 0.105243 9.99369E-05 9.99369E-05 9.99369E-05 0.662216 0.0656559 9.99369E-05 9.99369E-05 9.99369E-05
9.99279E-05 9.99279E-05 0.469144 9.99279E-05 0.0493415 0.128591 9.99279E-05 0.143598 9.99279E-05 9.99279E-05 9.99279E-05 0.208525 9.99279E-05
9.99189E-05 9.99189E-05 9.99189E-05 9.99189E-05 0.195212 0.0975405 9.99189E-05 9.99189E-05 0.129205 9.99189E-05 9.99189E-05 0.577143 9.99189E-05
0.228374 0.165099 9.99188E-05 9.99188E-05 9.99188E-05 9.99188E-05 9.99188E-05 9.99188E-05 0.587094 9.99188E-05 9.99188E-05 9.99188E-05 0.0185341
9.99101E-05 9.99101E-05 9.99101E-05 9.99101E-05 9.99101E-05 9.99101E-05 0.113251 9.99101E-05 0.503347 9.99101E-05 0.00874294 0.37376 9.99101E-05
9.9919E-05 9.9919E-05 9.9919E-05 9.9919E-05 9.9919E-05 0.00851259 9.9919E-05 9.9919E-05 0.476658 9.9919E-05 0.0245294 9.9919E-05 0.489401
9.9946E-05 9.9946E-05 0.0463003 9.9946E-05 9.9946E-05 0.149757 0.0298128 0.00930675 0.329026 9.9946E-05 0.0218965 0.4133 9.9946E-05
9.99369E-05 9.99369E-05 9.99369E-05 0.00457703 9.99369E-05 0.0077974 9.99369E-05 9.99369E-05 0.755952 9.99369E-05 0.0815087 0.0818441 0.067621
9.9928E-05 0.017778 9.9928E-05 9.9928E-05 9.9928E-05 9.9928E-05 9.9928E-05 0.18473 0.44052 9.9928E-05 0.258555 0.0976182 9.9928E-05
9.99368E-05 0.10246 0.104515 9.99368E-05 0.36026 9.99368E-05 9.99368E-05 9.99368E-05 0.0789877 0.0138364 9.99368E-05 0.339242 9.99368E-05
9.99279E-05 9.99279E-05 0.054423 9.99279E-05 0.420412 9.99279E-05 9.99279E-05 9.99279E-05 0.312171 0.00842259 9.99279E-05 0.203772 9.99279E-05
9.9946E-05 0.0161913 0.15077 9.9946E-05 9.9946E-05 0.0817966 9.9946E-05 0.326119 0.140564 9.9946E-05 0.100668 0.183291 9.9946E-05
9.99099E-05 0.351557 0.252475 9.99099E-05 9.99099E-05 9.99099E-05 9.99099E-05 0.394969 9.99099E-05 9.99099E-05 9.99099E-05 9.99099E-05 9.99099E-05
0.000512356 9.99278E-05 9.99278E-05 0.0595737 9.99278E-05 9.99278E-05 0.0943289 9.99278E-05 0.540433 9.99278E-05 9.99278E-05 0.304353 9.99278E-05
9.99189E-05 9.99189E-05 0.258461 9.99189E-05 9.99189E-05 9.99189E-05 9.99189E-05 9.99189E-05 0.345641 9.99189E-05 0.291925 0.103074 9.99189E-05
9.99278E-05 9.99278E-05 0.0620545 0.042731 9.99278E-05 9.99278E-05 0.0553203 9.99278E-05 0.805922 9.99278E-05 9.99278E-05 9.99278E-05 0.0331729
9.99098E-05 9.99098E-05 9.99098E-05 9.99098E-05 9.99098E-05 9.99098E-05 9.99098E-05 9.99098E-05 0.174459 9.99098E-05 0.19202 0.632522 9.99098E-05
9.99368E-05 0.0718824 0.0242921 9.99368E-05 0.0246513 9.99368E-05 0.127415 9.99368E-05 0.165626 9.99368E-05 9.99368E-05 0.585433 9.99368E-05
9.99279E-05 9.99279E-05 0.025441 9.99279E-05 0.156468 0.083687 9.99279E-05 9.99279E-05 0.326703 9.99279E-05 9.99279E-05 0.406901 9.99279E-05
0.0150624 9.99369E-05 0.274926 0.184646 9.99369E-05 9.99369E-05 9.99369E-05 9.99369E-05 0.216857 9.99369E-05 9.99369E-05 0.183677 0.124131
9.99099E-05 0.0435381 9.99099E-05 9.99099E-05 9.99099E-05 9.99099E-05 9.99099E-05 0.293246 9.99099E-05 9.99099E-05 9.99099E-05 0.662217 9.99099E-05
0.514614 9.99189E-05 0.0517443 9.99189E-05 9.99189E-05 9.99189E-05 9.99189E-05 9.99189E-05 0.147693 9.99189E-05 9.99189E-05 0.285049 9.99189E-05
9.99549E-05 0.130121 0.231038 0.00133026 0.23317 9.99549E-05 0.0971418 9.99549E-05 0.0200175 0.0203524 9.99549E-05 0.26633 9.99549E-05
9.991E-05 9.991E-05 9.991E-05 9.991E-05 9.991E-05 0.0899909 9.991E-05 9.991E-05 9.991E-05 9.991E-05 0.0597351 0.849275 9.991E-05
0.04896 9.991E-05 9.991E-05 9.991E-05 9.991E-05 9.991E-05 9.991E-05 9.991E-05 9.991E-05 9.991E-05 0.22408 0.725961 9.991E-05
9.99368E-05 0.0741352 0.5933 0.0357478 0.0404776 9.99368E-05 0.0708013 9.99368E-05 9.99368E-05 9.99368E-05 9.99368E-05 0.184839 9.99368E-05
9.99459E-05 0.266661 0.30502 0.0363823 9.99459E-05 9.99459E-05 0.151884 9.99459E-05 0.103365 0.0370864 9.99459E-05 0.0990011 9.99459E-05
9.99279E-05 0.112233 0.313797 0.0170889 9.99279E-05 9.99279E-05 9.99279E-05 9.99279E-05 0.197875 9.99279E-05 9.99279E-05 9.99279E-05 0.358207
0.40003 9.99189E-05 9.99189E-05 9.99189E-05 9.99189E-05 9.99189E-05 9.99189E-05 9.99189E-05 0.288024 9.99189E-05 9.99189E-05 0.258438 0.0526088
9.99189E-05 0.653395 0.00848126 9.99189E-05 9.99189E-05 0.177701 9.99189E-05 0.159523 9.99189E-05 9.99189E-05 9.99189E-05 9.99189E-05 9.99189E-05
0.176969 9.99277E-05 9.99277E-05 0.00894123 9.99277E-05 9.99277E-05 9.99277E-05 9.99277E-05 0.27734 9.99277E-05 9.99277E-05 0.430706 0.105244
9.99188E-05 9.99188E-05 0.250742 0.0244735 9.99188E-05 9.99188E-05 9.99188E-05 9.99188E-05 9.99188E-05 9.99188E-05 0.069866 0.65402 9.99188E-05
9.99279E-05 0.139603 0.410201 9.99279E-05 0.312456 9.99279E-05 9.99279E-05 0.0247573 9.99279E-05 9.99279E-05 9.99279E-05 0.112183 9.99279E-05
0.151199 0.709572 9.99188E-05 9.99188E-05 9.99188E-05 9.99188E-05 9.99188E-05 9.99188E-05 0.0588484 9.99188E-05 9.99188E-05 9.99188E-05 0.0794814
0.264879 0.208824 9.9928E-05 9.9928E-05 9.9928E-05 9.9928E-05 9.9928E-05 9.9928E-05 0.251943 9.9928E-05 9.9928E-05 0.00453049 0.269024
0.135831 0.699859 9.99188E-05 9.99188E-05 9.99188E-05 9.99188E-05 0.0247691 9.99188E-05 0.138641 9.99188E-05 9.99188E-05 9.99188E-05 9.99188E-05
9.99639E-05 0.327166 0.273373 0.103063 9.99639E-05 9.99639E-05 0.0517573 9.99639E-05 0.107032 0.0091379 0.0349179 0.0717902 0.0213622
9.9946E-05 0.151996 0.010881 0.0281538 9.9946E-05 0.00410202 9.9946E-05 9.9946E-05 0.255747 9.9946E-05 9.9946E-05 0.0766566 0.471864
9.99279E-05 0.229657 9.99279E-05 9.99279E-05 0.0055412 9.99279E-05 9.99279E-05 0.246495 0.11826 9.99279E-05 9.99279E-05 0.399248 9.99279E-05
9.99189E-05 9.99189E-05 9.99189E-05 9.99189E-05 9.99189E-05 9.99189E-05 9.99189E-05 0.131889 0.403997 9.99189E-05 0.0323615 0.430853 9.99189E-05
9.9946E-05 0.0737087 0.0671715 9.9946E-05 0.106242 9.9946E-05 9.9946E-05 0.250548 0.424521 9.9946E-05 0.0213519 0.0558578 9.9946E-05
0.161721 9.99188E-05 9.99188E-05 9.99188E-05 9.99188E-05 9.99188E-05 9.99188E-05 9.99188E-05 0.435636 9.99188E-05 9.99188E-05 0.290755 0.110989
9.99188E-05 0.0535507 9.99188E-05 9.99188E-05 9.99188E-05 9.99188E-05 9.99188E-05 9.99188E-05 0.146445 9.99188E-05 0.30622 0.492885 9.99188E-05
9.99189E-05 9.99189E-05 0.0604461 9.99189E-05 0.0145244 9.99189E-05 9.99189E-05 0.0842351 9.99189E-05 9.99189E-05 9.99189E-05 0.839895 9.99189E-05
0.158259 0.198557 0.55564 9.99368E-05 9.99368E-05 9.99368E-05 0.0740744 9.99368E-05 0.0101415 0.00262795 9.99368E-05 9.99368E-05 9.99368E-05
0.276183 9.99098E-05 0.262169 9.99098E-05 9.99098E-05 9.99098E-05 9.99098E-05 9.99098E-05 0.460648 9.99098E-05 9.99098E-05 9.99098E-05 9.99098E-05
9.99188E-05 0.164037 0.704689 9.99188E-05 9.99188E-05 0.124245 0.00612902 9.99188E-05 9.99188E-05 9.99188E-05 9.99188E-05 9.99188E-05 9.99188E-05
0.268738 9.99097E-05 0.437713 9.99097E-05 9.99097E-05 9.99097E-05 9.99097E-05 9.99097E-05 0.29255 9.99097E-05 9.99097E-05 9.99097E-05 9.99097E-05
0.259892 9.99097E-05 0.535607 9.99097E-05 9.99097E-05 9.99097E-05 9.99097E-05 9.99097E-05 0.203501 9.99097E-05 9.99097E-05 9.99097E-05 9.99097E-05
9.99098E-05 9.99098E-05 0.738233 9.99098E-05 9.99098E-05 0.214815 9.99098E-05 9.99098E-05 9.99098E-05 9.99098E-05 0.0459529 9.99098E-05 9.99098E-05
0.0857952 9.99278E-05 0.327368 9.99278E-05 9.99278E-05 9.99278E-05 0.117468 9.99278E-05 0.227391 9.99278E-05 9.99278E-05 0.241178 9.99278E-05
0.000904488 9.99278E-05 0.668302 9.99278E-05 9.99278E-05 9.99278E-05 0.108247 9.99278E-05 0.219397 0.00235085 9.99278E-05 9.99278E-05 9.99278E-05
9.99099E-05 9.99099E-05 9.99099E-05 0.615334 9.99099E-05 9.99099E-05 9.99099E-05 9.99099E-05 0.0258379 9.99099E-05 9.99099E-05 9.99099E-05 0.357829
9.9937E-05 0.0122175 9.9937E-05 0.62194 9.9937E-05 0.0499504 9.9937E-05 0.000163914 0.15464 9.9937E-05 9.9937E-05 9.9937E-05 0.160389
9.99189E-05 9.99189E-05 9.99189E-05 0.760964 9.99189E-05 9.99189E-05 9.99189E-05 0.201074 0.0306667 9.99189E-05 9.99189E-05 9.99189E-05 0.00639667
9.991E-05 9.991E-05 0.0810108 0.522355 9.991E-05 0.395635 9.991E-05 9.991E-05 9.991E-05 9.991E-05 9.991E-05 9.991E-05 9.991E-05
9.99189E-05 9.99189E-05 0.0221105 0.625079 9.99189E-05 9.99189E-05 9.99189E-05 9.99189E-05 9.99189E-05 0.00301941 9.99189E-05 9.99189E-05 0.348892
9.99369E-05 9.99369E-05 0.109054 0.174692 0.0433375 0.12644 0.494854 0.0509236 9.99369E-05 9.99369E-05 9.99369E-05 9.99369E-05 9.99369E-05
0.539044 9.99008E-05 9.99008E-05 0.459857 9.99008E-05 9.99008E-05 9.99008E-05 9.99008E-05 9.99008E-05 9.99008E-05 9.99008E-05 9.99008E-05 9.99008E-05
9.99009E-05 9.99009E-05 9.99009E-05 0.744143 9.99009E-05 9.99009E-05 9.99009E-05 9.99009E-05 9.99009E-05 9.99009E-05 9.99009E-05 9.99009E-05 0.254758
9.99369E-05 0.0411667 0.0229393 0.729187 9.99369E-05 9.99369E-05 0.11793 9.99369E-05 9.99369E-05 0.048143 9.99369E-05 9.99369E-05 0.0399338
9.99369E-05 9.99369E-05 9.99369E-05 0.443707 0.031437 0.0888953 9.99369E-05 0.0116897 9.99369E-05 9.99369E-05 0.372914 0.0506574 9.99369E-05
9.99279E-05 9.99279E-05 9.99279E-05 0.251899 9.99279E-05 9.99279E-05 9.99279E-05 9.99279E-05 0.0597634 0.0709188 0.0168655 9.99279E-05 0.599754
0.0472326 9.99279E-05 9.99279E-05 0.40408 0.344589 9.99279E-05 9.99279E-05 9.99279E-05 9.99279E-05 9.99279E-05 0.187164 0.0161348 9.99279E-05
0.026257 9.99279E-05 9.99279E-05 0.757732 9.99279E-05 9.99279E-05 0.0424398 9.99279E-05 0.0171183 9.99279E-05 9.99279E-05 9.99279E-05 0.155654
9.99369E-05 9.99369E-05 0.0341233 0.538371 0.118614 9.99369E-05 0.263027 9.99369E-05 9.99369E-05 9.99369E-05 0.00884056 0.0363253 9.99369E-05
9.99369E-05 0.0466856 9.99369E-05 0.564108 9.99369E-05 9.99369E-05 0.130481 9.99369E-05 9.99369E-05 0.0441773 0.159638 9.99369E-05 0.054211
0.292546 0.0449382 9.99369E-05 0.29268 0.0147181 9.99369E-05 0.315403 9.99369E-05 9.99369E-05 9.99369E-05 9.99369E-05 9.99369E-05 0.0390153
9.99368E-05 9.99368E-05 0.000904129 0.446145 0.230853 0.14676 9.99368E-05 0.0731714 9.99368E-05 9.99368E-05 9.99368E-05 0.101467 9.99368E-05
9.99188E-05 9.99188E-05 0.0351308 0.36526 0.0350328 9.99188E-05 9.99188E-05 0.563677 9.99188E-05 9.99188E-05 9.99188E-05 9.99188E-05 9.99188E-05
9.99459E-05 0.088546 9.99459E-05 0.610956 9.99459E-05 9.99459E-05 0.0465904 9.99459E-05 0.120762 0.0900854 9.99459E-05 0.0112134 0.0312473
0.24974 9.99369E-05 9.99369E-05 0.703442 9.99369E-05 9.99369E-05 0.0146141 0.00655295 0.0015284 9.99369E-05 9.99369E-05 9.99369E-05 0.0234228
9.99279E-05 0.0275825 9.99279E-05 0.618372 9.99279E-05 0.0106794 9.99279E-05 9.99279E-05 9.99279E-05 0.0325817 0.309985 9.99279E-05 9.99279E-05
9.99099E-05 9.99099E-05 9.99099E-05 0.604581 9.99099E-05 9.99099E-05 9.99099E-05 0.290829 9.99099E-05 9.99099E-05 0.103591 9.99099E-05 9.99099E-05
9.99279E-05 9.99279E-05 9.99279E-05 9.99279E-05 9.99279E-05 0.368703 0.285837 9.99279E-05 9.99279E-05 0.0231173 0.280857 0.0406869 9.99279E-05
0.312 9.99008E-05 9.99008E-05 9.99008E-05 9.99008E-05 9.99008E-05 9.99008E-05 9.99008E-05 9.99008E-05 0.686901 9.99008E-05 9.99008E-05 9.99008E-05
9.99459E-05 9.99459E-05 0.0278403 9.99459E-05 9.99459E-05 0.119614 0.250919 0.543969 0.00187972 9.99459E-05 9.99459E-05 0.0359414 0.0192365
9.99279E-05 0.0330509 9.99279E-05 9.99279E-05 9.99279E-05 9.99279E-05 0.739937 9.99279E-05 0.0159003 0.0301119 9.99279E-05 9.99279E-05 0.1802
0.00540517 9.99098E-05 9.99098E-05 9.99098E-05 9.99098E-05 9.99098E-05 9.99098E-05 9.99098E-05 9.99098E-05 0.481755 9.99098E-05 9.99098E-05 0.511841
9.99279E-05 9.99279E-05 9.99279E-05 9.99279E-05 0.566682 9.99279E-05 0.223893 0.185315 9.99279E-05 0.00227948 0.0210301 9.99279E-05 9.99279E-05
9.99279E-05 0.00586314 9.99279E-05 9.99279E-05 0.189533 9.99279E-05 9.99279E-05 9.99279E-05 9.99279E-05 0.657842 0.111339 9.99279E-05 0.0346233
0.0675321 9.99549E-05 0.0306257 0.0427034 9.99549E-05 0.0324618 0.631073 0.026967 9.99549E-05 0.0194345 9.99549E-05 0.148703 9.99549E-05
9.99008E-05 9.99008E-05 9.99008E-05 9.99008E-05 9.99008E-05 9.99008E-05 9.99008E-05 0.265908 9.99008E-05 0.732993 9.99008E-05 9.99008E-05 9.99008E-05
0.467002 9.99279E-05 9.99279E-05 9.99279E-05 9.99279E-05 9.99279E-05 0.0468676 0.02135 9.99279E-05 0.234932 9.99279E-05 9.99279E-05 0.229049
9.99459E-05 9.99459E-05 9.99459E-05 9.99459E-05 0.33486 0.115905 0.0782749 0.0247755 9.99459E-05 0.177829 0.217536 0.0502193 9.99459E-05
9.99099E-05 9.99099E-05 0.0222011 9.99099E-05 9.99099E-05 9.99099E-05 9.99099E-05 0.415654 9.99099E-05 0.561146 9.99099E-05 9.99099E-05 9.99099E-05
0.160253 9.99099E-05 9.99099E-05 9.99099E-05 9.99099E-05 9.99099E-05 9.99099E-05 9.99099E-05 9.99099E-05 0.378469 9.99099E-05 9.99099E-05 0.460279
9.99279E-05 9.99279E-05 9.99279E-05 9.99279E-05 0.461068 0.328421 0.102436 0.0918516 9.99279E-05 9.99279E-05 0.0154238 9.99279E-05 9.99279E-05
9.99278E-05 9.99278E-05 9.99278E-05 9.99278E-05 0.159805 0.00529268 9.99278E-05 0.230496 9.99278E-05 0.549426 9.99278E-05 0.0541808 9.99278E-05
0.0402119 9.99188E-05 9.99188E-05 9.99188E-05 0.428725 9.99188E-05 0.216938 0.313226 9.99188E-05 9.99188E-05 9.99188E-05 9.99188E-05 9.99188E-05
9.99008E-05 9.99008E-05 9.99008E-05 9.99008E-05 9.99008E-05 9.99008E-05 9.99008E-05 9.99008E-05 9.99008E-05 0.442329 9.99008E-05 9.99008E-05 0.556572
9.99278E-05 9.99278E-05 9.99278E-05 9.99278E-05 0.241182 0.0478592 9.99278E-05 0.338047 9.99278E-05 0.340608 9.99278E-05 0.0315041 9.99278E-05
9.99279E-05 9.99279E-05 9.99279E-05 9.99279E-05 0.309476 0.272356 0.223587 9.99279E-05 9.99279E-05 9.99279E-05 0.157488 0.0362939 9.99279E-05
0.0975047 9.99278E-05 0.0998644 9.99278E-05 9.99278E-05 0.0284716 0.664142 9.99278E-05 9.99278E-05 0.109218 9.99278E-05 9.99278E-05 9.99278E-05
0.0130666 0.035163 0.0227354 0.0349232 9.99641E-05 0.112612 0.213058 0.34881 9.99641E-05 9.99641E-05 0.143678 9.99641E-05 0.0755532
9.99549E-05 0.0501721 0.00841145 9.99549E-05 0.0277685 0.0213787 0.327526 0.401911 9.99549E-05 0.0898776 0.0724544 9.99549E-05 9.99549E-05
0.102261 9.99188E-05 9.99188E-05 9.99188E-05 9.99188E-05 9.99188E-05 0.0453406 9.99188E-05 9.99188E-05 0.448294 9.99188E-05 9.99188E-05 0.403205
0.0889531 0.0503923 9.99369E-05 9.99369E-05 0.473189 9.99369E-05 0.16391 9.99369E-05 0.066867 0.155989 9.99369E-05 9.99369E-05 9.99369E-05
9.99188E-05 9.99188E-05 0.0951882 9.99188E-05 9.99188E-05 0.00958929 0.278222 9.99188E-05 9.99188E-05 0.616101 9.99188E-05 9.99188E-05 9.99188E-05
9.99459E-05 0.0405301 0.00894821 0.194498 9.99459E-05 9.99459E-05 0.326024 9.99459E-05 0.0618692 0.0943202 9.99459E-05 9.99459E-05 0.273211
9.99459E-05 0.0179559 9.99459E-05 0.137248 0.308426 9.99459E-05 0.0696671 0.18175 9.99459E-05 0.211873 9.99459E-05 0.0724799 9.99459E-05
9.99279E-05 9.99279E-05 9.99279E-05 0.176772 9.99279E-05 9.99279E-05 0.0258706 9.99279E-05 0.0579766 0.233852 0.50473 9.99279E-05 9.99279E-05
0.117137 0.0473142 0.00200715 9.9946E-05 9.9946E-05 0.00264603 9.9946E-05 0.0393999 9.9946E-05 9.9946E-05 9.9946E-05 0.0340459 0.75685
0.091815 0.0343206 0.045973 0.16242 9.99459E-05 9.99459E-05 0.303511 9.99459E-05 9.99459E-05 0.263593 9.99459E-05 9.99459E-05 0.0977685
0.225034 0.0510919 9.99549E-05 0.096376 9.99549E-05 9.99549E-05 0.307758 9.99549E-05 0.0320356 0.0707494 0.0133989 9.99549E-05 0.203056
9.99459E-05 0.0205716 9.99459E-05 9.99459E-05 0.220925 9.99459E-05 0.0925974 9.99459E-05 9.99459E-05 0.120355 0.400932 0.00831907 0.1357
0.147079 9.99098E-05 9.99098E-05 9.99098E-05 9.99098E-05 9.99098E-05 0.320849 9.99098E-05 9.99098E-05 9.99098E-05 9.99098E-05 9.99098E-05 0.531072
9.99098E-05 9.99098E-05 9.99098E-05 9.99098E-05 0.44012 9.99098E-05 0.215048 0.343833 9.99098E-05 9.99098E-05 9.99098E-05 9.99098E-05 9.99098E-05
0.0154744 0.00252167 9.99369E-05 9.99369E-05 9.99369E-05 9.99369E-05 0.421845 9.99369E-05 9.99369E-05 0.0567495 0.0174389 9.99369E-05 0.485271
9.99369E-05 9.99369E-05 9.99369E-05 0.00754853 9.99369E-05 9.99369E-05 0.0237299 0.37571 9.99369E-05 0.327249 0.118689 9.99369E-05 0.146374
9.99459E-05 9.99459E-05 9.99459E-05 0.099163 0.129758 9.99459E-05 0.0230074 0.457067 9.99459E-05 0.164427 0.119915 0.00606294 9.99459E-05
9.9946E-05 0.0242008 9.9946E-05 0.120683 9.9946E-05 9.9946E-05 0.345547 9.9946E-05 0.0707337 0.188232 0.218878 0.0311253 9.9946E-05
0.0483228 9.99549E-05 9.99549E-05 0.156048 9.99549E-05 0.035616 0.597388 0.000532317 9.99549E-05 0.0196635 0.0546156 0.0873141 9.99549E-05
9.99549E-05 0.0729581 9.99549E-05 0.168746 9.99549E-05 9.99549E-05 0.381755 9.99549E-05 0.0138821 0.163508 0.157279 0.0017572 0.0396146
9.99279E-05 9.99279E-05 9.99279E-05 0.128143 9.99279E-05 9.99279E-05 0.25601 0.41863 9.99279E-05 9.99279E-05 0.12778 9.99279E-05 0.0686373
0.043313 9.9937E-05 9.9937E-05 0.074352 9.9937E-05 0.0376304 0.108482 9.9937E-05 9.9937E-05 9.9937E-05 0.0207256 9.9937E-05 0.714798
9.99189E-05 9.99189E-05 9.99189E-05 0.0222451 9.99189E-05 9.99189E-05 9.99189E-05 9.99189E-05 9.99189E-05 0.263663 0.00110248 9.99189E-05 0.712091
0.487934 9.99189E-05 9.99189E-05 9.99189E-05 9.99189E-05 9.99189E-05 0.225821 9.99189E-05 0.0488094 0.236536 9.99189E-05 9.99189E-05 9.99189E-05
9.99189E-05 9.99189E-05 9.99189E-05 9.99189E-05 9.99189E-05 9.99189E-05 0.117452 9.99189E-05 0.120719 0.197567 9.99189E-05 9.99189E-05 0.563363
9.9919E-05 9.9919E-05 9.9919E-05 0.0279123 0.122482 0.00384393 9.9919E-05 9.9919E-05 9.9919E-05 9.9919E-05 9.9919E-05 9.9919E-05 0.844862
0.477501 0.00378387 9.99369E-05 0.0397094 9.99369E-05 0.0146818 9.99369E-05 9.99369E-05 0.118272 0.345352 9.99369E-05 9.99369E-05 9.99369E-05
0.197884 9.99278E-05 0.0245667 9.99278E-05 9.99278E-05 9.99278E-05 0.532649 9.99278E-05 9.99278E-05 0.0638227 9.99278E-05 9.99278E-05 0.180278
9.9946E-05 0.0420751 0.0376266 9.9946E-05 0.116768 0.750669 9.9946E-05 9.9946E-05 9.9946E-05 0.00969042 0.0181275 9.9946E-05 0.0244441
0.0106011 0.032887 0.00682467 9.99459E-05 0.472612 0.311137 0.0527967 0.112542 9.99459E-05 9.99459E-05 9.99459E-05 9.99459E-05 9.99459E-05
0.368497 9.99278E-05 0.107947 9.99278E-05 0.0745364 0.115093 0.333127 9.99278E-05 9.99278E-05 9.99278E-05 9.99278E-05 9.99278E-05 9.99278E-05
0.0509896 9.99279E-05 9.99279E-05 9.99279E-05 0.769279 0.142735 0.016041 0.0201553 9.99279E-05 9.99279E-05 9.99279E-05 9.99279E-05 9.99279E-05
9.99189E-05 9.99189E-05 9.99189E-05 0.0238045 0.439039 0.498842 9.99189E-05 0.037416 9.99189E-05 9.99189E-05 9.99189E-05 9.99189E-05 9.99189E-05
0.0720485 0.0926957 9.994E-05 9.994E-05 0.00599281 0.264862 0.0590303 0.486758 9.994E-05 9.994E-05 9.994E-05 0.0180131 9.994E-05
0.0187173 9.99459E-05 0.02567 0.00354512 0.402244 0.263562 0.0212855 0.264377 9.99459E-05 9.99459E-05 9.99459E-05 9.99459E-05 9.99459E-05
0.649084 0.0132635 0.055973 9.9937E-05 0.0723388 0.0630654 0.145575 9.9937E-05 9.9937E-05 9.9937E-05 9.9937E-05 9.9937E-05 9.9937E-05
0.442649 9.991E-05 9.991E-05 9.991E-05 9.991E-05 9.991E-05 9.991E-05 9.991E-05 9.991E-05 0.156768 9.991E-05 9.991E-05 0.399584
0.00328184 9.99459E-05 0.10478 0.0677701 0.0411102 0.420754 0.310778 9.99459E-05 9.99459E-05 9.99459E-05 9.99459E-05 0.0509259 9.99459E-05
0.84976 9.9928E-05 0.0175447 0.0863343 0.0126655 0.0328964 9.9928E-05 9.9928E-05 9.9928E-05 9.9928E-05 9.9928E-05 9.9928E-05 9.9928E-05
0.451845 0.00150622 0.266744 9.9928E-05 0.0513673 9.9928E-05 0.227739 9.9928E-05 9.9928E-05 9.9928E-05 9.9928E-05 9.9928E-05 9.9928E-05
0.176848 9.99369E-05 0.109556 0.00582896 0.160058 0.209242 0.337768 9.99369E-05 9.99369E-05 9.99369E-05 9.99369E-05 9.99369E-05 9.99369E-05
0.648223 9.99279E-05 9.99279E-05 0.000762722 9.99279E-05 9.99279E-05 0.203172 9.99279E-05 9.99279E-05 0.109048 9.99279E-05 9.99279E-05 0.0379947
0.484231 9.99369E-05 9.99369E-05 0.0592381 9.99369E-05 0.282775 0.13586 9.99369E-05 0.0344376 9.99369E-05 9.99369E-05 9.99369E-05 0.00275964
9.99369E-05 0.09588 9.99369E-05 9.99369E-05 0.253689 0.19358 0.13244 9.99369E-05 0.0638011 0.25991 9.99369E-05 9.99369E-05 9.99369E-05
0.433471 0.0114962 0.0382411 9.99459E-05 0.0931768 0.0814419 0.270292 9.99459E-05 9.99459E-05 9.99459E-05 9.99459E-05 0.0712813 9.99459E-05
0.355018 9.99278E-05 0.00334011 0.154579 9.99278E-05 0.343501 0.142762 9.99278E-05 9.99278E-05 9.99278E-05 9.99278E-05 9.99278E-05 9.99278E-05
9.99189E-05 9.99189E-05 9.99189E-05 9.99189E-05 0.663917 0.214498 0.0644474 9.99189E-05 9.99189E-05 9.99189E-05 0.056238 9.99189E-05 9.99189E-05
9.9946E-05 9.9946E-05 0.0533429 0.0126511 0.0999121 0.426673 0.385933 9.9946E-05 0.00768401 9.9946E-05 0.0132041 9.9946E-05 9.9946E-05
0.810255 9.9928E-05 9.9928E-05 9.9928E-05 9.9928E-05 0.0318185 9.9928E-05 9.9928E-05 9.9928E-05 9.9928E-05 0.0772451 0.0236528 0.0562295
0.458632 9.99369E-05 0.0315706 0.0568928 9.99369E-05 0.0285315 0.412072 0.0116021 9.99369E-05 9.99369E-05 9.99369E-05 9.99369E-05 9.99369E-05
0.609119 9.99189E-05 9.99189E-05 9.99189E-05 9.99189E-05 9.99189E-05 0.000247478 9.99189E-05 9.99189E-05 0.129156 9.99189E-05 9.99189E-05 0.260578
9.99099E-05 9.99099E-05 9.99099E-05 9.99099E-05 0.321047 0.427787 0.250168 9.99099E-05 9.99099E-05 9.99099E-05 9.99099E-05 9.99099E-05 9.99099E-05
9.9937E-05 9.9937E-05 0.114571 9.9937E-05 0.071026 0.236238 0.547588 9.9937E-05 9.9937E-05 0.0121114 9.9937E-05 0.0177669 9.9937E-05
0.683727 9.99459E-05 9.99459E-05 0.00811521 9.99459E-05 0.00758892 0.0729243 9.99459E-05 0.0145333 0.1151 9.99459E-05 9.99459E-05 0.0974115
9.9946E-05 9.9946E-05 9.9946E-05 0.0137981 0.25951 0.319478 9.9946E-05 0.0599324 9.9946E-05 0.280298 0.00706018 0.059324 9.9946E-05
9.99099E-05 9.99099E-05 9.99099E-05 9.99099E-05 0.46319 9.99099E-05 9.99099E-05 9.99099E-05 9.99099E-05 0.403887 0.131924 9.99099E-05 9.99099E-05
0.168077 0.0465576 0.0849831 0.0320278 9.995E-05 9.995E-05 0.265766 9.995E-05 0.0821118 0.0160744 9.995E-05 9.995E-05 0.303902
9.99459E-05 0.0416983 9.99459E-05 0.11582 9.99459E-05 9.99459E-05 0.0289463 9.99459E-05 0.0186969 0.585356 0.0312152 9.99459E-05 0.177668
0.0078488 0.0574397 0.0734485 9.9946E-05 0.535693 0.0857015 9.9946E-05 9.9946E-05 9.9946E-05 0.175202 0.0640661 9.9946E-05 9.9946E-05
9.99279E-05 9.99279E-05 0.0380637 9.99279E-05 0.263122 0.204191 9.99279E-05 0.124528 9.99279E-05 0.369296 9.99279E-05 9.99279E-05 9.99279E-05
9.9937E-05 9.9937E-05 0.065452 9.9937E-05 0.373274 0.15149 9.9937E-05 0.0881405 9.9937E-05 0.265568 9.9937E-05 0.0553758 9.9937E-05
9.991E-05 0.0124768 9.991E-05 9.991E-05 9.991E-05 9.991E-05 9.991E-05 9.991E-05 9.991E-05 0.254217 9.991E-05 9.991E-05 0.732307
0.305277 9.99279E-05 0.0593475 9.99279E-05 9.99279E-05 9.99279E-05 0.253862 9.99279E-05 0.00655286 0.374161 9.99279E-05 9.99279E-05 9.99279E-05
9.99549E-05 9.99549E-05 0.00467855 0.343734 0.145799 0.0176972 0.157803 9.99549E-05 9.99549E-05 0.178574 0.0995851 0.0516297 9.99549E-05
9.99189E-05 9.99189E-05 9.99189E-05 0.0329131 0.611442 0.0593947 9.99189E-05 9.99189E-05 9.99189E-05 0.295351 9.99189E-05 9.99189E-05 9.99189E-05
0.0423979 9.99459E-05 9.99459E-05 0.0923376 9.99459E-05 9.99459E-05 0.0977523 9.99459E-05 0.0514304 0.197428 0.0146514 9.99459E-05 0.503402
0.137785 0.0682893 0.0101313 9.9937E-05 9.9937E-05 0.0640599 0.534141 9.9937E-05 9.9937E-05 0.184894 9.9937E-05 9.9937E-05 9.9937E-05
0.313899 9.99279E-05 0.0709543 9.99279E-05 0.0708405 9.99279E-05 0.278843 9.99279E-05 9.99279E-05 0.264664 9.99279E-05 9.99279E-05 9.99279E-05
9.99188E-05 9.99188E-05 9.99188E-05 0.20973 9.99188E-05 9.99188E-05 0.183718 9.99188E-05 9.99188E-05 0.327534 0.278119 9.99188E-05 9.99188E-05
0.332086 9.99189E-05 9.99189E-05 0.201341 9.99189E-05 9.99189E-05 0.436396 9.99189E-05 0.0292775 9.99189E-05 9.99189E-05 9.99189E-05 9.99189E-05
0.0488251 9.99459E-05 9.99459E-05 0.0546635 0.297761 0.220919 0.274645 9.99459E-05 9.99459E-05 9.99459E-05 0.0303251 0.0722614 9.99459E-05
9.99459E-05 9.99459E-05 0.0358279 9.99459E-05 0.184166 0.0102274 0.525599 9.99459E-05 9.99459E-05 0.185326 0.0337915 0.0244621 9.99459E-05
9.9937E-05 0.0188746 9.9937E-05 9.9937E-05 0.528217 0.0168652 9.9937E-05 0.15058 9.9937E-05 0.262634 9.9937E-05 0.0221292 9.9937E-05
0.394168 0.0305079 9.99459E-05 0.000399434 9.99459E-05 9.99459E-05 0.00882585 9.99459E-05 0.130431 0.422877 9.99459E-05 0.0121917 9.99459E-05
9.99278E-05 9.99278E-05 9.99278E-05 9.99278E-05 0.360943 0.326324 9.99278E-05 9.99278E-05 0.0108218 0.276253 9.99278E-05 0.0248579 9.99278E-05
9.99279E-05 9.99279E-05 9.99279E-05 9.99279E-05 0.133354 0.233292 0.0466351 0.385609 9.99279E-05 0.20031 9.99279E-05 9.99279E-05 9.99279E-05
0.640175 9.99099E-05 9.99099E-05 9.99099E-05 9.99099E-05 9.99099E-05 9.99099E-05 9.99099E-05 9.99099E-05 0.231154 9.99099E-05 9.99099E-05 0.127672
0.277749 9.99369E-05 0.0825442 9.99369E-05 0.244428 0.0293241 0.362146 9.99369E-05 9.99369E-05 9.99369E-05 9.99369E-05 9.99369E-05 0.00310806
0.486073 9.99369E-05 0.0298994 9.99369E-05 9.99369E-05 0.033491 0.227504 9.99369E-05 0.0474343 0.174898 9.99369E-05 9.99369E-05 9.99369E-05
9.9946E-05 0.029408 0.0327387 9.9946E-05 0.236261 0.635824 9.9946E-05 9.9946E-05 9.9946E-05 0.0384387 0.0114142 0.0153159 9.9946E-05
0.00394683 0.062162 0.0657529 0.0107871 0.072716 0.286054 9.9973E-05 0.284483 0.197381 0.0128122 9.9973E-05 9.9973E-05 0.00360478
9.99369E-05 9.99369E-05 0.000369095 9.99369E-05 0.194917 0.484094 0.143024 9.99369E-05 9.99369E-05 0.0663481 9.99369E-05 0.110548 9.99369E-05
0.726012 0.0113279 9.99189E-05 9.99189E-05 9.99189E-05 9.99189E-05 9.99189E-05 9.99189E-05 9.99189E-05 0.210358 9.99189E-05 9.99189E-05 0.0514029
9.99459E-05 9.99459E-05 0.0302632 9.99459E-05 0.0333722 0.596021 0.240756 0.0238504 9.99459E-05 0.0311124 9.99459E-05 0.0440256 9.99459E-05
0.00429981 0.0356817 9.99549E-05 0.0544553 0.0546637 0.73074 9.99549E-05 9.99549E-05 9.99549E-05 0.105761 0.00263262 0.0112658 9.99549E-05
0.0223895 9.9946E-05 9.9946E-05 0.0328415 0.282048 0.566579 9.9946E-05 9.9946E-05 9.9946E-05 0.0254384 0.0635561 0.00654736 9.9946E-05
0.842691 9.99099E-05 9.99099E-05 0.07765 9.99099E-05 9.99099E-05 9.99099E-05 9.99099E-05 9.99099E-05 9.99099E-05 0.0786601 9.99099E-05 9.99099E-05
0.243881 9.99549E-05 0.0195326 0.00762877 0.125838 0.172458 0.309365 9.99549E-05 0.0329824 0.0878145 9.99549E-05 9.99549E-05 9.99549E-05
0.0565709 0.0415159 0.0377732 9.9955E-05 0.567277 0.1662 9.9955E-05 0.0734115 9.9955E-05 9.9955E-05 0.00726387 9.9955E-05 0.0494871
0.4056 9.9937E-05 9.9937E-05 9.9937E-05 9.9937E-05 0.215294 9.9937E-05 9.9937E-05 0.0798009 0.219003 0.0362295 9.9937E-05 0.0433731
9.99099E-05 0.0182662 9.99099E-05 9.99099E-05 9.99099E-05 0.838925 9.99099E-05 9.99099E-05 9.99099E-05 9.99099E-05 0.141809 9.99099E-05 9.99099E-05
0.10032 9.9946E-05 9.9946E-05 9.9946E-05 9.9946E-05 0.0205489 0.252586 0.402356 0.0168769 9.9946E-05 0.108207 9.9946E-05 0.0985057
0.259909 9.99279E-05 0.057983 0.0601299 9.99279E-05 0.477546 9.99279E-05 9.99279E-05 9.99279E-05 0.143633 9.99279E-05 9.99279E-05 9.99279E-05
0.769021 9.991E-05 9.991E-05 9.991E-05 9.991E-05 9.991E-05 9.991E-05 9.991E-05 9.991E-05 0.0932837 9.991E-05 9.991E-05 0.136697
0.0366385 9.99369E-05 0.156883 9.99369E-05 0.0921861 0.134056 0.475999 9.99369E-05 9.99369E-05 0.103537 9.99369E-05 9.99369E-05 9.99369E-05
0.036128 0.0334507 9.99549E-05 0.139338 9.99549E-05 9.99549E-05 0.388414 9.99549E-05 0.0312264 0.119754 0.119342 9.99549E-05 0.131847
9.9937E-05 9.9937E-05 9.9937E-05 0.0839532 0.00880957 9.9937E-05 0.195306 9.9937E-05 0.0430776 0.0123493 9.9937E-05 9.9937E-05 0.655805
0.102556 9.99459E-05 9.99459E-05 0.0388301 9.99459E-05 0.0341127 0.707041 9.99459E-05 0.0152078 0.0483325 9.99459E-05 0.0533203 9.99459E-05
0.323091 9.99188E-05 0.0259469 0.571716 9.99188E-05 9.99188E-05 9.99188E-05 9.99188E-05 9.99188E-05 0.0783463 9.99188E-05 9.99188E-05 9.99188E-05
0.179909 9.99459E-05 0.025136 0.0138538 0.180889 9.99459E-05 0.422772 9.99459E-05 9.99459E-05 0.14964 9.99459E-05 9.99459E-05 0.0272014
9.99189E-05 9.99189E-05 9.99189E-05 9.99189E-05 0.392318 9.99189E-05 0.289071 0.253257 9.99189E-05 0.0644548 9.99189E-05 9.99189E-05 9.99189E-05
9.99369E-05 0.0206058 9.99369E-05 0.0160563 9.99369E-05 9.99369E-05 0.0518004 9.99369E-05 0.00893071 0.291132 9.99369E-05 9.99369E-05 0.610775
9.99369E-05 0.0181858 9.99369E-05 9.99369E-05 9.99369E-05 0.0737692 9.99369E-05 0.476354 9.99369E-05 0.30267 0.123668 0.00465293 9.99369E-05
9.99458E-05 9.99458E-05 0.115193 0.390512 0.200511 0.191713 0.0533779 0.0457437 9.99458E-05 9.99458E-05 9.99458E-05 0.00235061 9.99458E-05
0.0749107 9.99278E-05 9.99278E-05 9.99278E-05 0.362645 9.99278E-05 0.0536813 9.99278E-05 9.99278E-05 9.99278E-05 0.488563 9.99278E-05 0.0194009
9.99279E-05 9.99279E-05 9.99279E-05 0.176896 9.99279E-05 0.0437202 0.148041 9.99279E-05 0.0185646 9.99279E-05 9.99279E-05 9.99279E-05 0.611978
0.287348 9.99279E-05 9.99279E-05 0.114503 9.99279E-05 9.99279E-05 0.0652599 9.99279E-05 9.99279E-05 0.01348 9.99279E-05 9.99279E-05 0.51861
0.0686048 0.00393677 9.9955E-05 9.9955E-05 0.375379 0.0191481 9.9955E-05 0.297963 9.9955E-05 0.219813 0.0141749 0.000480193 9.9955E-05
0.173628 0.0164258 0.0303472 9.9955E-05 0.0632492 0.0120851 0.641145 9.9955E-05 0.0586657 9.9955E-05 9.9955E-05 0.00395501 9.9955E-05
9.99459E-05 0.0218667 9.99459E-05 0.213413 9.99459E-05 0.00261862 0.568664 9.99459E-05 0.0814669 0.0430385 0.0683317 9.99459E-05 9.99459E-05
0.275582 9.99099E-05 9.99099E-05 0.143103 9.99099E-05 9.99099E-05 9.99099E-05 9.99099E-05 9.99099E-05 9.99099E-05 9.99099E-05 9.99099E-05 0.580316
9.99279E-05 9.99279E-05 9.99279E-05 0.108992 9.99279E-05 9.99279E-05 0.329844 9.99279E-05 9.99279E-05 0.048073 0.440036 9.99279E-05 0.0722558
9.99549E-05 0.0736492 9.99549E-05 0.023227 0.0824934 9.99549E-05 0.248603 0.267037 9.99549E-05 0.173844 0.0906786 9.99549E-05 0.0399688
9.99549E-05 9.99549E-05 0.00470927 9.99549E-05 0.673071 0.157154 0.0896484 9.99549E-05 9.99549E-05 0.00928374 0.0153064 0.0456113 0.00471613
9.99279E-05 9.99279E-05 9.99279E-05 9.99279E-05 0.39522 0.0592944 0.260687 9.99279E-05 9.99279E-05 9.99279E-05 0.281871 0.00212756 9.99279E-05
9.99279E-05 9.99279E-05 9.99279E-05 0.164346 9.99279E-05 9.99279E-05 0.238307 0.306727 9.99279E-05 9.99279E-05 0.273252 9.99279E-05 0.0165688
0.770114 0.0148585 0.0139824 0.0460125 9.99279E-05 0.154233 9.99279E-05 9.99279E-05 9.99279E-05 9.99279E-05 9.99279E-05 9.99279E-05 9.99279E-05
0.0461675 0.00548895 9.99549E-05 0.0621264 0.179397 0.692502 0.00969099 9.99549E-05 0.00180683 9.99549E-05 9.99549E-05 0.00232066 9.99549E-05
0.69726 9.9928E-05 9.9928E-05 0.127405 9.9928E-05 0.142034 0.0197167 9.9928E-05 9.9928E-05 0.0127836 9.9928E-05 9.9928E-05 9.9928E-05
0.269589 9.99459E-05 0.0746975 0.219465 9.99459E-05 0.140204 0.262284 9.99459E-05 9.99459E-05 0.0328395 9.99459E-05 0.000322137 9.99459E-05
9.99369E-05 0.00393514 0.0940222 9.99369E-05 0.115321 0.619059 0.123365 9.99369E-05 9.99369E-05 0.0435988 9.99369E-05 9.99369E-05 9.99369E-05
0.826956 0.0156754 9.9937E-05 9.9937E-05 9.9937E-05 0.0441037 9.9937E-05 9.9937E-05 0.00680644 0.000858691 9.9937E-05 9.9937E-05 0.1049
9.99278E-05 9.99278E-05 9.99278E-05 0.201375 9.99278E-05 9.99278E-05 0.232961 9.99278E-05 0.0825804 9.99278E-05 0.125904 9.99278E-05 0.356381
0.408461 0.00322845 9.99459E-05 0.0137266 0.0222781 9.99459E-05 0.420045 9.99459E-05 9.99459E-05 0.0773591 9.99459E-05 9.99459E-05 0.0543015
9.99278E-05 9.99278E-05 9.99278E-05 9.99278E-05 0.247491 9.99278E-05 0.0680214 9.99278E-05 9.99278E-05 0.0309516 0.639961 9.99278E-05 0.0127755
9.99549E-05 0.0439334 0.0191747 0.0381237 0.123199 9.99549E-05 0.30721 9.99549E-05 9.99549E-05 0.178443 0.18716 9.99549E-05 0.102257
0.0804302 9.99459E-05 0.146578 9.99459E-05 0.444325 9.99459E-05 0.105719 9.99459E-05 9.99459E-05 0.117565 0.0775713 9.99459E-05 0.0272123
0.273542 9.99279E-05 0.00089437 9.99279E-05 0.132978 9.99279E-05 9.99279E-05 0.00995876 9.99279E-05 9.99279E-05 9.99279E-05 9.99279E-05 0.581828
0.0225352 9.99369E-05 0.0854149 9.99369E-05 0.269503 9.99369E-05 0.0098557 0.568381 9.99369E-05 9.99369E-05 9.99369E-05 9.99369E-05 0.0436102
0.0463966 0.02572 0.129518 0.122096 0.0111244 9.99639E-05 0.397884 9.99639E-05 0.0497424 9.99639E-05 9.99639E-05 0.0659489 0.15117
0.0163632 9.99549E-05 9.99549E-05 0.143213 0.653415 9.99549E-05 9.99549E-05 0.0437339 0.0387177 0.0288835 0.0576649 0.0175099 9.99549E-05
9.99459E-05 9.99459E-05 0.123903 9.99459E-05 0.305053 0.0407537 0.00983376 0.401207 9.99459E-05 9.99459E-05 0.0746281 9.99459E-05 0.0440215
0.00135902 9.99278E-05 9.99278E-05 9.99278E-05 0.672548 9.99278E-05 0.012882 9.99278E-05 9.99278E-05 9.99278E-05 0.274604 9.99278E-05 0.0378072
9.99369E-05 0.0238186 0.0592743 9.99369E-05 0.813626 9.99369E-05 9.99369E-05 9.99369E-05 9.99369E-05 0.0326822 0.0442297 9.99369E-05 0.0256698
9.99369E-05 0.00467476 9.99369E-05 9.99369E-05 0.689628 9.99369E-05 9.99369E-05 9.99369E-05 0.0190696 9.99369E-05 0.0756604 0.0744342 0.135834
0.13306 0.0522765 0.131452 0.108737 0.0379823 9.99549E-05 0.497672 9.99549E-05 0.00484468 9.99549E-05 9.99549E-05 9.99549E-05 0.033476
0.471213 0.0196822 9.99369E-05 0.0734441 9.99369E-05 9.99369E-05 0.236547 9.99369E-05 0.0799223 0.118492 9.99369E-05 9.99369E-05 9.99369E-05
0.0836855 0.00858462 9.99549E-05 9.99549E-05 0.0365835 0.0755058 9.99549E-05 0.508882 9.99549E-05 0.163532 0.091814 0.0309127 9.99549E-05
0.0462855 9.99188E-05 9.99188E-05 9.99188E-05 0.0791449 9.99188E-05 9.99188E-05 9.99188E-05 9.99188E-05 9.99188E-05 0.815655 9.99188E-05 0.0580154
9.99549E-05 0.063247 9.99549E-05 0.121058 9.99549E-05 9.99549E-05 0.346605 0.05024 0.0890038 0.116358 0.00403612 9.99549E-05 0.208953
9.99279E-05 0.000580059 0.0746355 9.99279E-05 9.99279E-05 9.99279E-05 9.99279E-05 9.99279E-05 9.99279E-05 0.0465326 0.0323874 9.99279E-05 0.845065
0.803402 9.9919E-05 9.9919E-05 9.9919E-05 0.0308044 9.9919E-05 0.020186 9.9919E-05 9.9919E-05 9.9919E-05 9.9919E-05 9.9919E-05 0.144709
0.101807 9.9946E-05 9.9946E-05 0.0163069 9.9946E-05 0.0422422 0.0364259 9.9946E-05 0.0358701 0.00237336 9.9946E-05 9.9946E-05 0.764375
