9.9937E-05 9.9937E-05 0.333614 9.9937E-05 0.466885 0.036924 0.0997856 9.9937E-05 9.9937E-05 9.9937E-05 0.0620922 9.9937E-05
9.99459E-05 9.99459E-05 0.357135 0.0963598 0.467188 0.020066 9.99459E-05 0.00369097 9.99459E-05 9.99459E-05 0.0549609 9.99459E-05
0.670401 0.00214104 9.99639E-05 0.00466549 0.196062 9.99639E-05 0.016943 9.99639E-05 0.0580813 9.99639E-05 0.0285958 0.0227103
9.99549E-05 0.206075 0.302448 0.0823315 0.260479 9.99549E-05 0.0412425 9.99549E-05 0.0490503 9.99549E-05 9.99549E-05 0.0578742
9.994E-05 0.109725 0.39723 0.0539626 9.994E-05 0.19303 9.994E-05 9.994E-05 0.0767661 9.994E-05 9.994E-05 0.168687
0.101727 9.99639E-05 0.0620596 9.99639E-05 0.378331 0.0552597 9.99639E-05 0.0307031 0.317489 9.99639E-05 0.048149 0.00588176
0.544699 0.00435214 9.99279E-05 9.99279E-05 0.393546 9.99279E-05 9.99279E-05 9.99279E-05 9.99279E-05 0.0566027 9.99279E-05 9.99279E-05
0.206839 9.9946E-05 0.0956524 9.9946E-05 0.351195 9.9946E-05 9.9946E-05 0.00967591 0.183578 9.9946E-05 0.15246 9.9946E-05
9.99639E-05 0.134301 0.253981 0.0556328 0.375445 9.99639E-05 0.00169435 9.99639E-05 0.072323 9.99639E-05 0.0804852 0.0257384
0.311899 9.99279E-05 9.99279E-05 9.99279E-05 9.99279E-05 9.99279E-05 0.0649541 9.99279E-05 0.359416 0.262932 9.99279E-05 9.99279E-05
9.99639E-05 0.0189145 0.218001 0.442911 0.196218 0.035619 0.00866796 9.99639E-05 0.0750653 9.99639E-05 9.99639E-05 0.00420276
9.99459E-05 0.107564 0.438697 0.178912 0.0125804 9.99459E-05 9.99459E-05 9.99459E-05 0.242215 9.99459E-05 0.0194317 9.99459E-05
0.142438 0.234584 9.9973E-05 0.0663214 0.253524 0.194027 0.024605 0.00821688 9.9973E-05 0.0108111 9.9973E-05 0.0651722
0.370263 9.99279E-05 9.99279E-05 9.99279E-05 0.417629 9.99279E-05 9.99279E-05 9.99279E-05 0.165143 9.99279E-05 0.0461657 9.99279E-05
9.99189E-05 9.99189E-05 0.441103 0.482972 9.99189E-05 9.99189E-05 9.99189E-05 9.99189E-05 0.0750257 9.99189E-05 9.99189E-05 9.99189E-05
0.397366 9.99549E-05 9.99549E-05 9.99549E-05 0.187158 9.99549E-05 0.0388444 0.0301388 0.0301127 0.294045 9.99549E-05 0.0218354
0.441371 0.0348771 9.99279E-05 9.99279E-05 0.513787 9.99279E-05 9.99279E-05 9.99279E-05 9.99279E-05 0.0091653 9.99279E-05 9.99279E-05
0.483586 9.99369E-05 0.0318011 0.0337856 0.449143 9.99369E-05 9.99369E-05 9.99369E-05 9.99369E-05 9.99369E-05 0.000984729 9.99369E-05
0.107952 0.265559 0.33006 9.9946E-05 0.226317 9.9946E-05 9.9946E-05 9.9946E-05 0.0353354 9.9946E-05 0.0341772 9.9946E-05
9.99279E-05 9.99279E-05 9.99279E-05 0.126329 9.99279E-05 0.00917881 0.78123 9.99279E-05 9.99279E-05 9.99279E-05 9.99279E-05 0.082463
9.991E-05 0.151605 9.991E-05 9.991E-05 9.991E-05 9.991E-05 0.847396 9.991E-05 9.991E-05 9.991E-05 9.991E-05 9.991E-05
9.99188E-05 9.99188E-05 9.99188E-05 9.99188E-05 0.0753872 0.0297509 0.893963 9.99188E-05 9.99188E-05 9.99188E-05 9.99188E-05 9.99188E-05
9.99279E-05 0.328339 9.99279E-05 9.99279E-05 9.99279E-05 9.99279E-05 0.619647 9.99279E-05 9.99279E-05 9.99279E-05 0.0178895 0.0333247
9.99369E-05 0.0823434 0.0360956 0.125293 9.99369E-05 9.99369E-05 0.697669 9.99369E-05 9.99369E-05 9.99369E-05 0.0578996 9.99369E-05
0.190094 9.99458E-05 9.99458E-05 9.99458E-05 0.0883945 9.99458E-05 0.428859 0.207858 0.0235628 9.99458E-05 0.0606322 9.99458E-05
9.994E-05 9.994E-05 0.11905 0.12604 9.994E-05 9.994E-05 0.321278 9.994E-05 0.045137 9.994E-05 0.301224 0.0866711
9.99279E-05 9.99279E-05 9.99279E-05 9.99279E-05 9.99279E-05 9.99279E-05 0.22485 0.230001 9.99279E-05 0.479195 9.99279E-05 0.0651536
9.9964E-05 0.0740367 0.013828 0.10615 9.9964E-05 0.124391 0.260711 9.9964E-05 9.9964E-05 0.0232956 0.202908 0.194279
9.99369E-05 9.99369E-05 9.99369E-05 9.99369E-05 0.0697147 0.042779 0.856443 0.0148566 9.99369E-05 0.0155075 9.99369E-05 9.99369E-05
9.99189E-05 0.137887 9.99189E-05 0.00625517 9.99189E-05 9.99189E-05 0.854959 9.99189E-05 9.99189E-05 9.99189E-05 9.99189E-05 9.99189E-05
0.100046 0.129824 9.99371E-05 9.99371E-05 9.99371E-05 9.99371E-05 0.551268 0.0900917 9.99371E-05 0.12807 9.99371E-05 9.99371E-05
9.99549E-05 9.99549E-05 9.99549E-05 9.99549E-05 0.0521606 0.0988854 0.160024 0.245673 9.99549E-05 0.0537085 0.32523 0.0638174
0.167348 9.99278E-05 9.99278E-05 9.99278E-05 9.99278E-05 9.99278E-05 0.570966 0.0592326 9.99278E-05 0.201654 9.99278E-05 9.99278E-05
0.158686 9.99369E-05 9.99369E-05 9.99369E-05 0.102633 9.99369E-05 0.635609 0.0726732 9.99369E-05 9.99369E-05 0.0296995 9.99369E-05
9.99369E-05 0.128557 9.99369E-05 0.00315377 9.99369E-05 9.99369E-05 0.823807 9.99369E-05 0.0430713 9.99369E-05 9.99369E-05 0.000711894
9.99369E-05 0.00566158 0.0274157 0.188452 9.99369E-05 9.99369E-05 0.727281 9.99369E-05 9.99369E-05 9.99369E-05 9.99369E-05 0.0504904
9.99279E-05 9.99279E-05 9.99279E-05 0.305291 9.99279E-05 9.99279E-05 0.679891 9.99279E-05 9.99279E-05 0.0016515 9.99279E-05 0.0123663
9.99279E-05 0.254459 0.0470379 9.99279E-05 9.99279E-05 9.99279E-05 0.6713 9.99279E-05 9.99279E-05 9.99279E-05 9.99279E-05 0.0264039
9.99187E-05 9.99187E-05 9.99187E-05 9.99187E-05 0.131553 9.99187E-05 9.99187E-05 0.382125 9.99187E-05 9.99187E-05 9.99187E-05 0.485423
9.9937E-05 9.9937E-05 0.0188093 9.9937E-05 9.9937E-05 0.110897 9.9937E-05 0.785387 9.9937E-05 0.0504995 9.9937E-05 0.0337068
0.0842525 9.99369E-05 9.99369E-05 9.99369E-05 9.99369E-05 9.99369E-05 0.0211371 0.582161 9.99369E-05 0.232784 0.078965 9.99369E-05
9.99549E-05 0.301602 9.99549E-05 9.99549E-05 9.99549E-05 0.0307709 0.0041449 0.284464 9.99549E-05 0.0557466 0.05647 0.266301
9.99278E-05 9.99278E-05 9.99278E-05 9.99278E-05 0.142266 9.99278E-05 0.25872 0.440241 9.99278E-05 9.99278E-05 9.99278E-05 0.157974
0.0936409 9.99459E-05 9.99459E-05 0.122187 9.99459E-05 9.99459E-05 0.0434565 0.657685 0.0585218 9.99459E-05 0.0239089 9.99459E-05
9.99279E-05 0.143801 0.157373 9.99279E-05 9.99279E-05 9.99279E-05 9.99279E-05 9.99279E-05 9.99279E-05 9.99279E-05 0.53887 0.159156
9.99369E-05 9.99369E-05 0.255335 0.0463689 9.99369E-05 9.99369E-05 9.99369E-05 0.173314 9.99369E-05 9.99369E-05 0.0159557 0.508327
0.206035 9.99279E-05 9.99279E-05 9.99279E-05 9.99279E-05 9.99279E-05 0.16722 0.602618 9.99279E-05 0.0233284 9.99279E-05 9.99279E-05
9.99278E-05 9.99278E-05 9.99278E-05 9.99278E-05 0.115663 9.99278E-05 9.99278E-05 0.50266 0.0112009 9.99278E-05 9.99278E-05 0.369676
9.9928E-05 9.9928E-05 0.0229475 9.9928E-05 9.9928E-05 0.0311153 9.9928E-05 0.449897 9.9928E-05 0.495241 9.9928E-05 9.9928E-05
9.995E-05 0.0080877 0.108753 0.00535499 0.0456348 9.995E-05 9.995E-05 0.31757 9.995E-05 9.995E-05 0.0726948 0.441405
9.99279E-05 9.99279E-05 9.99279E-05 9.99279E-05 9.99279E-05 0.069598 9.99279E-05 0.709803 9.99279E-05 0.0830979 9.99279E-05 0.136701
9.9955E-05 0.231389 9.9955E-05 0.0339642 9.9955E-05 0.0614873 0.0652845 0.39982 0.00810499 9.9955E-05 9.9955E-05 0.19945
9.99459E-05 9.99459E-05 9.99459E-05 0.307527 9.99459E-05 9.99459E-05 0.073378 0.0876884 0.0405016 9.99459E-05 0.203081 0.287224
9.99459E-05 9.99459E-05 0.169615 0.263076 9.99459E-05 9.99459E-05 9.99459E-05 0.326497 0.0158457 9.99459E-05 0.0759019 0.148464
9.9964E-05 0.332696 0.102717 0.00342885 9.9964E-05 9.9964E-05 0.0238997 0.16101 9.9964E-05 0.0139845 0.151775 0.210089
9.99189E-05 0.404582 9.99189E-05 9.99189E-05 9.99189E-05 9.99189E-05 0.314161 9.99189E-05 9.99189E-05 9.99189E-05 0.280358 9.99189E-05
0.0162702 9.99458E-05 9.99458E-05 9.99458E-05 0.0874049 0.0568634 0.000681104 0.555091 9.99458E-05 9.99458E-05 9.99458E-05 0.28309
9.9964E-05 0.0650396 9.9964E-05 0.0526473 9.9964E-05 0.039458 0.0246579 0.312704 9.9964E-05 0.08149 0.191095 0.232509
9.99368E-05 9.99368E-05 9.99368E-05 9.99368E-05 0.0395561 0.0605433 9.99368E-05 0.804003 9.99368E-05 0.0486144 0.0465842 9.99368E-05
9.99369E-05 9.99369E-05 0.00356419 0.0211377 9.99369E-05 0.0231976 9.99369E-05 0.180452 9.99369E-05 9.99369E-05 9.99369E-05 0.770949
9.99368E-05 9.99368E-05 9.99368E-05 9.99368E-05 0.141646 9.99368E-05 0.046562 0.159838 9.99368E-05 9.99368E-05 0.100963 0.550291
9.99369E-05 9.99369E-05 0.182279 0.0478808 9.99369E-05 9.99369E-05 9.99369E-05 0.336813 9.99369E-05 9.99369E-05 0.0776784 0.35465
0.0396779 9.99549E-05 9.99549E-05 9.99549E-05 0.0075644 0.135283 9.99549E-05 0.261678 9.99549E-05 0.123302 0.305468 0.126527
0.027511 0.29681 9.99369E-05 9.99369E-05 9.99369E-05 9.99369E-05 0.0306701 0.0168501 9.99369E-05 9.99369E-05 9.99369E-05 0.627459
0.509332 9.99279E-05 9.99279E-05 9.99279E-05 9.99279E-05 9.99279E-05 9.99279E-05 0.195975 9.99279E-05 9.99279E-05 0.0785262 0.215367
9.99549E-05 9.99549E-05 9.99549E-05 0.183279 0.135314 9.99549E-05 0.105975 0.0162665 0.0191427 9.99549E-05 0.317194 0.22233
9.9919E-05 0.00858594 0.0862713 9.9919E-05 9.9919E-05 9.9919E-05 9.9919E-05 9.9919E-05 9.9919E-05 9.9919E-05 9.9919E-05 0.904244
0.0565675 9.9928E-05 9.9928E-05 0.142601 9.9928E-05 9.9928E-05 9.9928E-05 9.9928E-05 9.9928E-05 0.00997009 9.9928E-05 0.790062
0.0383826 9.99368E-05 9.99368E-05 9.99368E-05 0.0800907 9.99368E-05 0.0446072 9.99368E-05 9.99368E-05 9.99368E-05 0.693207 0.143013
9.99549E-05 9.99549E-05 9.99549E-05 9.99549E-05 0.136517 0.0271224 0.26486 0.120154 0.0402899 9.99549E-05 0.331502 0.0790542
9.99369E-05 9.99369E-05 9.99369E-05 9.99369E-05 9.99369E-05 0.017144 0.110078 0.185325 9.99369E-05 0.362446 0.324308 9.99369E-05
0.401743 9.99279E-05 9.99279E-05 9.99279E-05 9.99279E-05 9.99279E-05 9.99279E-05 0.320266 9.99279E-05 0.0595787 9.99279E-05 0.217613
9.99369E-05 0.177336 0.144501 9.99369E-05 9.99369E-05 9.99369E-05 0.651009 9.99369E-05 9.99369E-05 9.99369E-05 0.0139057 0.012549
0.196207 9.99277E-05 9.99277E-05 9.99277E-05 9.99277E-05 9.99277E-05 9.99277E-05 0.30841 9.99277E-05 0.0936415 9.99277E-05 0.400942
9.99369E-05 9.99369E-05 9.99369E-05 0.017897 9.99369E-05 0.0351913 9.99369E-05 9.99369E-05 0.010331 9.99369E-05 0.309259 0.626623
9.99549E-05 0.0916489 0.0403962 0.153774 9.99549E-05 9.99549E-05 0.125086 9.99549E-05 0.0260842 9.99549E-05 0.490398 0.0721124
0.156858 9.99278E-05 9.99278E-05 9.99278E-05 9.99278E-05 9.99278E-05 0.697861 0.073841 9.99278E-05 0.0706407 9.99278E-05 9.99278E-05
0.258953 9.9928E-05 9.9928E-05 9.9928E-05 9.9928E-05 9.9928E-05 0.195968 0.269606 9.9928E-05 0.274673 9.9928E-05 9.9928E-05
0.163932 9.99278E-05 9.99278E-05 9.99278E-05 0.0038316 9.99278E-05 0.686377 0.145059 9.99278E-05 9.99278E-05 9.99278E-05 9.99278E-05
9.99639E-05 9.99639E-05 9.99639E-05 9.99639E-05 0.0437923 0.129857 0.327767 0.0947176 0.00886664 0.0267826 0.294937 0.0728801
9.9946E-05 9.9946E-05 9.9946E-05 9.9946E-05 9.9946E-05 0.0778164 0.162494 0.255528 9.9946E-05 0.426033 0.00220244 0.0753273
9.99369E-05 0.266083 9.99369E-05 9.99369E-05 9.99369E-05 9.99369E-05 0.207207 0.161135 9.99369E-05 9.99369E-05 0.0221507 0.342725
9.99279E-05 0.143426 9.99279E-05 9.99279E-05 9.99279E-05 0.00875961 9.99279E-05 0.420009 9.99279E-05 9.99279E-05 9.99279E-05 0.427006
9.9946E-05 0.269663 9.9946E-05 0.127145 9.9946E-05 9.9946E-05 0.0672793 0.430289 9.9946E-05 9.9946E-05 0.0550397 0.0499845
0.167868 9.99278E-05 9.99278E-05 9.99278E-05 9.99278E-05 9.99278E-05 9.99278E-05 0.475194 9.99278E-05 0.0965447 9.99278E-05 0.259594
9.99369E-05 9.99369E-05 9.99369E-05 9.99369E-05 9.99369E-05 0.116178 0.105689 0.0994412 9.99369E-05 0.0291834 9.99369E-05 0.648809
0.00907817 0.0961579 9.99279E-05 9.99279E-05 9.99279E-05 9.99279E-05 9.99279E-05 9.99279E-05 9.99279E-05 9.99279E-05 0.155137 0.738828
0.174755 9.99458E-05 9.99458E-05 9.99458E-05 0.0694775 9.99458E-05 0.218179 0.0302541 0.00110298 9.99458E-05 0.505632 9.99458E-05
0.259703 9.99188E-05 9.99188E-05 9.99188E-05 9.99188E-05 9.99188E-05 9.99188E-05 0.505971 9.99188E-05 9.99188E-05 0.233426 9.99188E-05
9.99189E-05 9.99189E-05 0.106806 9.99189E-05 9.99189E-05 9.99189E-05 0.156939 9.99189E-05 9.99189E-05 9.99189E-05 0.735356 9.99189E-05
0.252018 9.99187E-05 9.99187E-05 9.99187E-05 9.99187E-05 9.99187E-05 9.99187E-05 0.33082 9.99187E-05 9.99187E-05 0.416263 9.99187E-05
0.259384 9.99188E-05 9.99188E-05 9.99188E-05 9.99188E-05 9.99188E-05 9.99188E-05 0.240688 9.99188E-05 9.99188E-05 0.499029 9.99188E-05
9.99279E-05 0.0225109 0.183716 9.99279E-05 9.99279E-05 9.99279E-05 9.99279E-05 9.99279E-05 9.99279E-05 9.99279E-05 0.725647 0.0673269
0.0964653 9.99369E-05 9.99369E-05 9.99369E-05 0.105069 9.99369E-05 9.99369E-05 0.272203 9.99369E-05 9.99369E-05 0.330643 0.19492
0.00615883 9.99279E-05 9.99279E-05 9.99279E-05 0.102924 9.99279E-05 9.99279E-05 0.241467 9.99279E-05 9.99279E-05 0.648651 9.99279E-05
0.0366943 9.99279E-05 9.99279E-05 9.99279E-05 9.99279E-05 0.574423 9.99279E-05 0.0424171 9.99279E-05 0.345666 9.99279E-05 9.99279E-05
0.0759408 0.012971 9.9946E-05 9.9946E-05 9.9946E-05 0.611475 0.0153772 0.165396 9.9946E-05 0.11824 9.9946E-05 9.9946E-05
9.99189E-05 0.197489 9.99189E-05 9.99189E-05 9.99189E-05 0.75628 9.99189E-05 0.045332 9.99189E-05 9.99189E-05 9.99189E-05 9.99189E-05
9.9919E-05 9.9919E-05 0.373751 9.9919E-05 9.9919E-05 0.481945 9.9919E-05 9.9919E-05 9.9919E-05 9.9919E-05 0.143405 9.9919E-05
0.0655011 9.99279E-05 9.99279E-05 9.99279E-05 9.99279E-05 0.569134 9.99279E-05 9.99279E-05 9.99279E-05 0.337625 0.0269396 9.99279E-05
9.99459E-05 0.065309 0.12718 0.000765078 0.521248 0.142841 9.99459E-05 9.99459E-05 9.99459E-05 9.99459E-05 0.142057 9.99459E-05
0.605168 9.99098E-05 9.99098E-05 9.99098E-05 9.99098E-05 0.393833 9.99098E-05 9.99098E-05 9.99098E-05 9.99098E-05 9.99098E-05 9.99098E-05
0.0180875 9.99369E-05 9.99369E-05 9.99369E-05 9.99369E-05 0.695902 9.99369E-05 0.02543 9.99369E-05 0.259667 0.000213585 9.99369E-05
0.0668928 9.99639E-05 9.99639E-05 9.99639E-05 0.117597 0.665038 0.0182925 0.0121378 0.0452464 0.00971685 0.0646789 9.99639E-05
9.99459E-05 0.0323454 0.0517728 0.226613 9.99459E-05 0.545357 0.0175458 9.99459E-05 9.99459E-05 9.99459E-05 9.99459E-05 0.125766
9.99279E-05 9.99279E-05 9.99279E-05 9.99279E-05 9.99279E-05 0.286265 9.99279E-05 0.0514841 0.0778174 0.583634 9.99279E-05 9.99279E-05
0.0551076 9.99369E-05 9.99369E-05 0.469314 9.99369E-05 0.420102 9.99369E-05 9.99369E-05 0.0349802 9.99369E-05 9.99369E-05 0.0197963
0.105704 9.99369E-05 9.99369E-05 9.99369E-05 0.063285 0.684904 9.99369E-05 0.0376402 9.99369E-05 0.107767 9.99369E-05 9.99369E-05
9.993E-05 9.993E-05 9.993E-05 0.106008 0.300937 0.499198 9.993E-05 9.993E-05 9.993E-05 9.993E-05 0.0771879 0.0159704
9.99369E-05 9.99369E-05 9.99369E-05 9.99369E-05 0.139546 0.643278 0.0747907 9.99369E-05 0.0688322 0.0728539 9.99369E-05 9.99369E-05
0.344653 9.99369E-05 9.99369E-05 9.99369E-05 0.341279 0.24694 0.0447284 9.99369E-05 9.99369E-05 0.0216992 9.99369E-05 9.99369E-05
9.99458E-05 0.0932383 0.289411 0.0771002 9.99458E-05 0.410791 9.99458E-05 9.99458E-05 9.99458E-05 9.99458E-05 0.0694122 0.059448
0.0312501 0.577777 9.99278E-05 9.99278E-05 9.99278E-05 0.353046 9.99278E-05 9.99278E-05 9.99278E-05 9.99278E-05 0.0371279 9.99278E-05
0.00113721 9.99549E-05 9.99549E-05 9.99549E-05 0.0725128 0.592212 0.0977539 0.137147 0.0839473 0.0147902 9.99549E-05 9.99549E-05
0.308136 9.99369E-05 9.99369E-05 9.99369E-05 0.0311339 0.627432 9.99369E-05 0.0283975 9.99369E-05 0.00420103 9.99369E-05 9.99369E-05
9.99459E-05 9.99459E-05 9.99459E-05 0.0852557 0.000238119 0.745195 0.0649429 9.99459E-05 0.0669563 9.99459E-05 9.99459E-05 0.0368128
9.99099E-05 0.336314 9.99099E-05 9.99099E-05 9.99099E-05 0.662687 9.99099E-05 9.99099E-05 9.99099E-05 9.99099E-05 9.99099E-05 9.99099E-05
9.9964E-05 0.0188052 0.291302 0.0964943 0.343467 0.0340428 0.0127263 9.9964E-05 0.0520993 9.9964E-05 9.9964E-05 0.150663
0.322199 9.99098E-05 9.99098E-05 9.99098E-05 9.99098E-05 9.99098E-05 9.99098E-05 9.99098E-05 0.676802 9.99098E-05 9.99098E-05 9.99098E-05
9.99549E-05 0.546065 0.124038 9.99549E-05 0.224372 9.99549E-05 9.99549E-05 0.0114742 9.99549E-05 0.0468582 0.0362325 0.0104603
9.99369E-05 9.99369E-05 9.99369E-05 9.99369E-05 0.743656 9.99369E-05 0.02584 0.0223459 0.0216102 0.185848 9.99369E-05 9.99369E-05
9.99098E-05 9.99098E-05 9.99098E-05 9.99098E-05 9.99098E-05 9.99098E-05 9.99098E-05 9.99098E-05 0.447592 0.551409 9.99098E-05 9.99098E-05
9.993E-05 0.195361 0.150268 0.408858 0.236173 9.993E-05 9.993E-05 9.993E-05 0.00864053 9.993E-05 9.993E-05 9.993E-05
9.99279E-05 9.99279E-05 9.99279E-05 0.25886 9.99279E-05 9.99279E-05 0.00732968 9.99279E-05 0.684121 0.0488898 9.99279E-05 9.99279E-05
0.0933393 0.0198419 0.00986481 9.99639E-05 0.646215 0.0328433 9.99639E-05 9.99639E-05 0.00639036 9.99639E-05 0.0743145 0.116791
9.99098E-05 0.283776 9.99098E-05 9.99098E-05 9.99098E-05 9.99098E-05 9.99098E-05 9.99098E-05 0.715225 9.99098E-05 9.99098E-05 9.99098E-05
0.457443 0.0125868 9.9937E-05 9.9937E-05 0.0570608 9.9937E-05 9.9937E-05 9.9937E-05 0.223203 0.249007 9.9937E-05 9.9937E-05
9.99549E-05 0.0571953 0.211015 0.316313 0.112063 0.0105644 9.99549E-05 9.99549E-05 0.192467 9.99549E-05 9.99549E-05 0.0998811
9.99189E-05 0.422982 9.99189E-05 9.99189E-05 9.99189E-05 9.99189E-05 9.99189E-05 9.99189E-05 0.567661 9.99189E-05 0.00845742 9.99189E-05
0.135932 9.99189E-05 9.99189E-05 9.99189E-05 9.99189E-05 9.99189E-05 9.99189E-05 9.99189E-05 0.356276 0.506893 9.99189E-05 9.99189E-05
9.99279E-05 0.0902726 0.531207 0.255189 0.122532 9.99279E-05 9.99279E-05 9.99279E-05 9.99279E-05 9.99279E-05 9.99279E-05 9.99279E-05
9.99368E-05 0.26054 0.130257 0.000684595 9.99368E-05 9.99368E-05 9.99368E-05 9.99368E-05 0.571377 9.99368E-05 9.99368E-05 0.0364428
0.0659218 0.364913 0.0573298 0.234239 0.276896 9.99368E-05 9.99368E-05 9.99368E-05 9.99368E-05 9.99368E-05 9.99368E-05 9.99368E-05
9.99099E-05 9.99099E-05 9.99099E-05 9.99099E-05 9.99099E-05 9.99099E-05 9.99099E-05 9.99099E-05 0.42313 0.575871 9.99099E-05 9.99099E-05
9.99458E-05 0.385619 0.146588 0.0683285 0.0451844 9.99458E-05 9.99458E-05 9.99458E-05 0.339515 9.99458E-05 9.99458E-05 0.0141645
9.99369E-05 9.99369E-05 0.368086 0.278007 0.229753 0.0635596 9.99369E-05 9.99369E-05 9.99369E-05 9.99369E-05 9.99369E-05 0.0598951
0.140866 9.99459E-05 0.00524534 0.00192678 0.636888 9.99459E-05 9.99459E-05 9.99459E-05 0.091962 9.99459E-05 0.122512 9.99459E-05
0.0246871 0.387481 0.101632 9.99731E-05 0.159503 0.0947885 0.0662549 9.99731E-05 9.99731E-05 0.140329 0.0113732 0.0136514
9.9964E-05 0.435008 0.00881584 0.0139228 0.350341 9.9964E-05 0.0656432 9.9964E-05 0.0936041 0.00908321 9.9964E-05 0.0231825
0.0930021 9.99278E-05 9.99278E-05 9.99278E-05 0.0532549 9.99278E-05 9.99278E-05 9.99278E-05 0.421082 0.431862 9.99278E-05 9.99278E-05
0.121853 9.99639E-05 0.158614 0.223631 0.217765 9.99639E-05 0.0409142 0.0535334 0.165832 9.99639E-05 0.0174578 9.99639E-05
9.99188E-05 9.99188E-05 9.99188E-05 9.99188E-05 0.278446 9.99188E-05 9.99188E-05 9.99188E-05 0.614091 9.99188E-05 0.106564 9.99188E-05
9.99549E-05 9.99549E-05 9.99549E-05 9.99549E-05 0.327877 0.160694 0.0426931 0.0812739 0.0813374 0.284487 0.0211372 9.99549E-05
9.9982E-05 0.221458 0.0820215 0.188247 0.11477 0.0948223 0.0019488 0.00635761 0.216626 9.9982E-05 0.0298506 0.043698
9.9946E-05 9.9946E-05 9.9946E-05 9.9946E-05 0.0882915 0.403255 0.0304026 9.9946E-05 0.302023 0.0242029 9.9946E-05 0.151225
0.0808965 0.0458177 0.011947 9.9955E-05 9.9955E-05 9.9955E-05 0.0459218 9.9955E-05 9.9955E-05 0.778888 0.0103621 0.0256672
0.130928 9.99549E-05 9.99549E-05 9.99549E-05 0.283658 0.12821 0.0292723 9.99549E-05 0.261625 0.0917064 0.0741016 9.99549E-05
0.236297 9.99639E-05 9.99639E-05 0.011981 0.316699 0.0731727 0.0358897 0.0438537 0.0757912 0.205916 9.99639E-05 9.99639E-05
9.99459E-05 9.99459E-05 9.99459E-05 0.522453 0.0710429 9.99459E-05 0.0437869 9.99459E-05 0.12412 0.187827 9.99459E-05 0.0501698
0.125707 9.99188E-05 9.99188E-05 9.99188E-05 0.335022 9.99188E-05 9.99188E-05 9.99188E-05 9.99188E-05 0.538371 9.99188E-05 9.99188E-05
9.99278E-05 0.355168 0.108099 0.28414 0.251793 9.99278E-05 9.99278E-05 9.99278E-05 9.99278E-05 9.99278E-05 9.99278E-05 9.99278E-05
9.99283E-05 9.99283E-05 9.99283E-05 9.99283E-05 0.443358 9.99283E-05 0.000162444 9.99283E-05 0.048721 0.506959 9.99283E-05 9.99283E-05
9.9937E-05 0.389067 9.9937E-05 9.9937E-05 0.0413346 0.0535062 9.9937E-05 9.9937E-05 0.341257 0.174136 9.9937E-05 9.9937E-05
9.99639E-05 0.493272 0.0490979 0.0923563 0.0448607 0.132075 9.99639E-05 9.99639E-05 0.165929 0.0062315 9.99639E-05 0.0157783
9.9946E-05 9.9946E-05 9.9946E-05 9.9946E-05 0.402795 0.199109 0.0574731 0.0483993 0.205823 9.9946E-05 9.9946E-05 0.0858013
0.0678619 9.99459E-05 0.0424101 9.99459E-05 0.614959 0.150818 9.99459E-05 9.99459E-05 0.0191206 9.99459E-05 9.99459E-05 0.104231
9.99459E-05 9.99459E-05 9.99459E-05 9.99459E-05 0.41089 0.222288 0.0868487 9.99459E-05 0.167465 0.0614335 9.99459E-05 0.0504749
9.99369E-05 0.431487 9.99369E-05 0.0516606 0.271826 0.145387 9.99369E-05 9.99369E-05 9.99369E-05 0.0989399 9.99369E-05 9.99369E-05
0.0409687 9.9937E-05 0.0365905 9.9937E-05 0.114227 0.0815154 9.9937E-05 9.9937E-05 9.9937E-05 0.725998 9.9937E-05 9.9937E-05
0.0060787 9.99279E-05 9.99279E-05 9.99279E-05 9.99279E-05 0.0200993 9.99279E-05 9.99279E-05 0.25226 0.720762 9.99279E-05 9.99279E-05
0.505719 9.99279E-05 9.99279E-05 9.99279E-05 0.206592 9.99279E-05 9.99279E-05 0.0500768 0.236813 9.99279E-05 9.99279E-05 9.99279E-05
9.99279E-05 9.99279E-05 9.99279E-05 9.99279E-05 0.116487 9.99279E-05 9.99279E-05 0.128433 0.186157 0.568124 9.99279E-05 9.99279E-05
9.9928E-05 9.9928E-05 0.0670896 0.0673272 9.9928E-05 0.0299113 9.9928E-05 9.9928E-05 9.9928E-05 0.834872 9.9928E-05 9.9928E-05
0.502902 9.99369E-05 9.99369E-05 9.99369E-05 0.00380419 0.00602276 9.99369E-05 0.122273 0.364298 9.99369E-05 9.99369E-05 9.99369E-05
0.19862 9.99459E-05 9.99459E-05 0.0233537 0.516098 9.99459E-05 9.99459E-05 9.99459E-05 0.0541684 0.182971 0.0241898 9.99459E-05
9.9937E-05 9.9937E-05 0.822694 9.9937E-05 9.9937E-05 9.9937E-05 0.0580895 9.9937E-05 0.00605381 0.0538192 0.0586439 9.9937E-05
0.0640904 0.121344 0.620916 0.0855142 0.0631435 9.994E-05 0.0443926 9.994E-05 9.994E-05 9.994E-05 9.994E-05 9.994E-05
0.411898 9.99278E-05 0.142826 9.99278E-05 0.321314 9.99278E-05 9.99278E-05 9.99278E-05 9.99278E-05 9.99278E-05 0.123163 9.99278E-05
0.063048 0.0224837 0.484125 0.372434 0.0572099 9.99368E-05 9.99368E-05 9.99368E-05 9.99368E-05 9.99368E-05 9.99368E-05 9.99368E-05
9.99459E-05 0.0284931 0.826276 0.0722938 9.99459E-05 0.00660108 9.99459E-05 9.99459E-05 9.99459E-05 0.0535217 0.0122146 9.99459E-05
0.0940937 0.488499 0.318448 9.99369E-05 0.0135456 9.99369E-05 0.0847138 9.99369E-05 9.99369E-05 9.99369E-05 9.99369E-05 9.99369E-05
0.064307 0.251339 0.55618 0.0431117 0.0365225 9.99459E-05 9.99459E-05 9.99459E-05 9.99459E-05 9.99459E-05 0.0479397 9.99459E-05
0.668679 9.9955E-05 0.125413 0.000428769 0.122827 9.9955E-05 0.0273999 9.9955E-05 9.9955E-05 0.0220529 0.0326999 9.9955E-05
0.430227 9.9919E-05 9.9919E-05 9.9919E-05 9.9919E-05 9.9919E-05 9.9919E-05 9.9919E-05 0.140559 0.428315 9.9919E-05 9.9919E-05
0.0281263 9.99459E-05 0.444606 9.99459E-05 0.268586 0.0731631 9.99459E-05 9.99459E-05 9.99459E-05 9.99459E-05 0.178918 0.00600097
0.899316 9.9928E-05 0.0480448 9.9928E-05 9.9928E-05 0.0376324 9.9928E-05 9.9928E-05 9.9928E-05 9.9928E-05 0.014207 9.9928E-05
0.461665 9.9928E-05 0.0111823 9.9928E-05 0.237714 9.9928E-05 9.9928E-05 9.9928E-05 9.9928E-05 9.9928E-05 0.28864 9.9928E-05
0.213139 9.99369E-05 0.289911 0.0301702 0.346511 9.99369E-05 9.99369E-05 9.99369E-05 9.99369E-05 9.99369E-05 0.11957 9.99369E-05
0.644639 9.99279E-05 9.99279E-05 9.99279E-05 0.201106 9.99279E-05 9.99279E-05 9.99279E-05 0.101417 0.0520384 9.99279E-05 9.99279E-05
0.501683 9.99459E-05 0.26025 9.99459E-05 0.136579 0.0559651 9.99459E-05 0.0387644 9.99459E-05 0.00615914 9.99459E-05 9.99459E-05
9.99549E-05 9.99549E-05 0.36525 0.0116834 0.162409 9.99549E-05 0.0896943 0.0777955 0.281815 9.99549E-05 0.0108526 9.99549E-05
0.451168 9.99549E-05 0.0579226 0.109286 0.257488 9.99549E-05 0.00607393 9.99549E-05 9.99549E-05 9.99549E-05 0.0600985 0.0574637
0.390776 9.99459E-05 0.316628 9.99459E-05 0.110072 0.148799 9.99459E-05 0.00878708 9.99459E-05 9.99459E-05 0.0243386 9.99459E-05
9.99189E-05 9.99189E-05 0.403584 0.523279 0.0722369 9.99189E-05 9.99189E-05 9.99189E-05 9.99189E-05 9.99189E-05 9.99189E-05 9.99189E-05
0.00219035 9.9964E-05 0.483684 0.0104411 0.377506 0.0187424 9.9964E-05 0.0296822 9.9964E-05 0.0039242 0.0734297 9.9964E-05
0.764325 0.0108277 0.0224274 0.0342898 0.00940767 9.99561E-05 9.99561E-05 9.99561E-05 9.99561E-05 0.119422 9.99561E-05 0.0388004
0.501096 0.0290249 9.99459E-05 9.99459E-05 0.413178 0.0199361 9.99459E-05 9.99459E-05 9.99459E-05 9.99459E-05 0.0321903 0.00397467
0.575811 9.99279E-05 9.99279E-05 9.99279E-05 0.00719296 9.99279E-05 9.99279E-05 9.99279E-05 0.121697 0.294499 9.99279E-05 9.99279E-05
9.99279E-05 0.0116248 0.600787 0.105165 0.281623 9.99279E-05 9.99279E-05 9.99279E-05 9.99279E-05 9.99279E-05 9.99279E-05 9.99279E-05
9.9937E-05 9.9937E-05 0.25516 0.00230811 0.564196 9.9937E-05 9.9937E-05 9.9937E-05 0.00957634 9.9937E-05 0.16806 9.9937E-05
0.685566 9.99369E-05 9.99369E-05 9.99369E-05 0.0705865 9.99369E-05 9.99369E-05 0.0131328 0.102906 0.127109 9.99369E-05 9.99369E-05
9.9946E-05 0.0558114 0.453667 0.0731557 9.9946E-05 0.0463002 9.9946E-05 9.9946E-05 0.298792 9.9946E-05 9.9946E-05 0.0716742
9.99189E-05 9.99189E-05 0.0589407 0.504546 9.99189E-05 9.99189E-05 9.99189E-05 9.99189E-05 0.435614 9.99189E-05 9.99189E-05 9.99189E-05
0.176811 9.99459E-05 9.99459E-05 9.99459E-05 0.268999 9.99459E-05 0.0315031 0.0965608 9.99459E-05 0.327853 0.0976738 9.99459E-05
0.00940418 9.99549E-05 9.99549E-05 9.99549E-05 0.047727 0.118309 0.0458188 0.0194082 0.588037 0.170796 9.99549E-05 9.99549E-05
0.0257263 9.9946E-05 0.247777 0.419724 9.9946E-05 9.9946E-05 0.0457289 9.9946E-05 0.18691 9.9946E-05 0.0735342 9.9946E-05
9.99279E-05 0.146679 0.41461 9.99279E-05 9.99279E-05 9.99279E-05 9.99279E-05 9.99279E-05 0.397558 9.99279E-05 0.0403542 9.99279E-05
9.99459E-05 0.1173 0.341513 0.147397 9.99459E-05 9.99459E-05 9.99459E-05 9.99459E-05 0.276375 9.99459E-05 0.103597 0.0132181
9.9919E-05 9.9919E-05 9.9919E-05 9.9919E-05 9.9919E-05 9.9919E-05 0.00344892 9.9919E-05 0.249493 0.746159 9.9919E-05 9.9919E-05
0.347191 9.99279E-05 9.99279E-05 9.99279E-05 0.203736 9.99279E-05 9.99279E-05 9.99279E-05 0.371307 9.99279E-05 0.076966 9.99279E-05
9.99549E-05 9.99549E-05 0.042543 0.140792 0.172599 0.351114 9.99549E-05 9.99549E-05 0.202883 9.99549E-05 0.0375932 0.0519749
9.99279E-05 9.99279E-05 0.346945 0.306548 9.99279E-05 0.010806 9.99279E-05 9.99279E-05 0.334903 9.99279E-05 9.99279E-05 9.99279E-05
0.0449664 9.99459E-05 9.99459E-05 9.99459E-05 0.111084 0.0802786 9.99459E-05 0.0557026 0.193139 0.51423 9.99459E-05 9.99459E-05
0.16689 9.9955E-05 0.0648747 9.9955E-05 0.503095 9.9955E-05 0.0531268 0.0113244 0.181444 9.9955E-05 0.0187455 9.9955E-05
0.352323 9.99369E-05 0.0408615 9.99369E-05 0.243896 9.99369E-05 9.99369E-05 9.99369E-05 0.27217 9.99369E-05 0.09005 9.99369E-05
9.994E-05 9.994E-05 9.994E-05 0.0202385 0.218885 0.311547 0.0336933 9.994E-05 0.366391 9.994E-05 9.994E-05 0.0486449
0.368592 9.99279E-05 9.99279E-05 9.99279E-05 0.426003 0.163681 9.99279E-05 0.0409243 9.99279E-05 9.99279E-05 9.99279E-05 9.99279E-05
0.076036 9.99549E-05 0.319597 0.186321 0.288975 0.054214 9.99549E-05 9.99549E-05 9.99549E-05 9.99549E-05 0.000614892 0.0737434
9.99549E-05 9.99549E-05 0.0662792 0.111346 0.541038 0.00799162 9.99549E-05 9.99549E-05 0.17887 9.99549E-05 0.0702594 0.0237157
9.9946E-05 0.172993 0.238005 0.271263 9.9946E-05 9.9946E-05 0.0187203 9.9946E-05 0.289438 9.9946E-05 9.9946E-05 0.00898146
0.40272 9.99459E-05 9.99459E-05 9.99459E-05 0.0143391 9.99459E-05 0.0220784 0.140345 0.412738 9.99459E-05 9.99459E-05 0.00717991
9.99459E-05 9.99459E-05 0.534456 0.129082 9.99459E-05 9.99459E-05 9.99459E-05 0.0220778 0.297764 9.99459E-05 0.00486085 0.0111599
0.00859731 0.388227 0.309928 9.99369E-05 0.0528653 9.99369E-05 9.99369E-05 9.99369E-05 0.239683 9.99369E-05 9.99369E-05 9.99369E-05
0.62205 9.99189E-05 9.99189E-05 9.99189E-05 9.99189E-05 9.99189E-05 9.99189E-05 9.99189E-05 0.220862 0.156189 9.99189E-05 9.99189E-05
0.302202 9.99369E-05 0.0765033 0.19564 0.338399 9.99369E-05 9.99369E-05 9.99369E-05 9.99369E-05 9.99369E-05 0.0865564 9.99369E-05
0.506204 9.99459E-05 0.024776 9.99459E-05 0.214771 9.99459E-05 9.99459E-05 0.0534667 0.163832 9.99459E-05 0.0363512 9.99459E-05
9.9955E-05 9.9955E-05 0.759072 0.069829 9.9955E-05 9.9955E-05 0.0395652 9.9955E-05 0.0544048 0.015915 0.0422056 0.0185087
9.9964E-05 0.298614 0.33566 9.9964E-05 9.9964E-05 0.0104273 0.0654422 0.212835 0.00386763 0.00819843 0.0645552 9.9964E-05
0.00793225 9.99639E-05 0.603868 0.0260734 0.157692 9.99639E-05 9.99639E-05 0.00541362 0.072373 9.99639E-05 0.0290851 0.0971623
0.705724 9.99279E-05 9.99279E-05 9.99279E-05 9.99279E-05 9.99279E-05 0.00315703 9.99279E-05 0.22379 0.0665298 9.99279E-05 9.99279E-05
0.0279536 0.0110983 0.624249 9.9955E-05 0.226418 9.9955E-05 9.9955E-05 9.9955E-05 0.00821656 9.9955E-05 0.0609097 0.0406552
0.0276594 9.9955E-05 0.724267 9.9955E-05 9.9955E-05 0.0806476 0.0329117 9.9955E-05 0.0891759 9.9955E-05 0.00079464 0.0440436
0.011791 9.9955E-05 0.654754 0.189945 9.9955E-05 0.0669357 9.9955E-05 9.9955E-05 0.0430495 0.0070519 9.9955E-05 0.0259726
0.856037 9.9937E-05 9.9937E-05 0.0173561 0.00673038 0.102907 9.9937E-05 9.9937E-05 9.9937E-05 0.01627 9.9937E-05 9.9937E-05
0.292477 9.99639E-05 0.254715 0.00340093 0.296537 9.99639E-05 0.00105879 0.0258254 0.0898068 9.99639E-05 0.035779 9.99639E-05
0.0950265 0.0689478 0.344164 0.406588 9.9955E-05 9.9955E-05 0.0352419 9.9955E-05 9.9955E-05 0.0156685 0.0338638 9.9955E-05
0.424127 0.0135112 0.165622 9.9964E-05 0.0287152 0.0248596 9.9964E-05 0.0837846 0.214456 0.044524 9.9964E-05 9.9964E-05
9.9928E-05 9.9928E-05 0.846265 9.9928E-05 9.9928E-05 9.9928E-05 0.0433271 9.9928E-05 9.9928E-05 0.0478775 9.9928E-05 0.0617308
0.0848715 0.438848 0.0101759 9.9955E-05 0.298173 0.0107123 9.9955E-05 0.0241478 9.9955E-05 0.132572 9.9955E-05 9.9955E-05
0.272275 9.99369E-05 0.376537 9.99369E-05 9.99369E-05 0.0947294 9.99369E-05 9.99369E-05 0.15718 9.99369E-05 0.0985794 9.99369E-05
0.746057 9.9919E-05 9.9919E-05 9.9919E-05 9.9919E-05 9.9919E-05 9.9919E-05 9.9919E-05 0.0739846 0.179059 9.9919E-05 9.9919E-05
0.0952385 9.99369E-05 0.185458 9.99369E-05 0.432023 9.99369E-05 9.99369E-05 9.99369E-05 0.101806 9.99369E-05 0.184774 9.99369E-05
0.0561124 9.99639E-05 9.99639E-05 0.0153126 0.401568 0.17698 0.0596668 0.0268399 0.109979 0.153141 9.99639E-05 9.99639E-05
9.9937E-05 9.9937E-05 9.9937E-05 0.0109794 0.193276 0.0902842 9.9937E-05 0.039239 9.9937E-05 0.665522 9.9937E-05 9.9937E-05
0.143762 9.99549E-05 0.0284683 9.99549E-05 0.704598 0.00194308 9.99549E-05 0.034085 0.0437405 9.99549E-05 9.99549E-05 0.0429026
0.403938 9.99278E-05 9.99278E-05 9.99278E-05 9.99278E-05 0.461891 9.99278E-05 9.99278E-05 0.0671637 9.99278E-05 0.0662079 9.99278E-05
0.213346 9.99459E-05 9.99459E-05 0.128395 0.433592 9.99459E-05 9.99459E-05 9.99459E-05 0.161709 0.0210393 0.0413201 9.99459E-05
9.99369E-05 0.258605 0.174253 0.183788 0.310284 9.99369E-05 9.99369E-05 9.99369E-05 0.0723702 9.99369E-05 9.99369E-05 9.99369E-05
9.99459E-05 9.99459E-05 9.99459E-05 9.99459E-05 0.0504681 0.00470354 0.0293855 0.00468346 0.279808 0.630351 9.99459E-05 9.99459E-05
9.9946E-05 0.49966 0.0623301 9.9946E-05 9.9946E-05 9.9946E-05 0.0100426 9.9946E-05 0.336138 0.0254306 9.9946E-05 0.0657991
9.99458E-05 0.0516317 0.320077 0.0417889 0.0944084 0.336917 9.99458E-05 9.99458E-05 9.99458E-05 9.99458E-05 0.154578 9.99458E-05
9.99549E-05 0.0356078 9.99549E-05 0.695007 0.0787045 0.106543 0.00387525 9.99549E-05 9.99549E-05 0.0703484 9.99549E-05 0.00941423
9.99369E-05 9.99369E-05 0.026282 9.99369E-05 0.177602 0.183274 9.99369E-05 0.0241168 9.99369E-05 0.588026 9.99369E-05 9.99369E-05
0.266407 9.99279E-05 9.99279E-05 9.99279E-05 0.0905553 0.0960339 9.99279E-05 9.99279E-05 9.99279E-05 0.546205 9.99279E-05 9.99279E-05
0.07984 0.314388 0.139903 0.253206 9.9937E-05 9.9937E-05 9.9937E-05 9.9937E-05 0.211963 9.9937E-05 9.9937E-05 9.9937E-05
0.211846 9.9937E-05 9.9937E-05 0.0798348 0.60283 9.9937E-05 9.9937E-05 0.0519186 9.9937E-05 9.9937E-05 0.0528712 9.9937E-05
9.99549E-05 9.99549E-05 0.0181401 9.99549E-05 0.593757 0.217101 0.0413164 0.0844732 0.0292822 0.0154311 9.99549E-05 9.99549E-05
0.299603 9.99189E-05 9.99189E-05 9.99189E-05 9.99189E-05 0.113255 9.99189E-05 9.99189E-05 9.99189E-05 0.586242 9.99189E-05 9.99189E-05
9.9946E-05 9.9946E-05 9.9946E-05 0.128137 0.336578 0.270158 0.0491004 9.9946E-05 0.0807521 0.134675 9.9946E-05 9.9946E-05
9.99549E-05 0.299603 9.99549E-05 0.0741367 0.259829 0.0589126 0.0827083 9.99549E-05 0.175732 0.0485786 9.99549E-05 9.99549E-05
0.00547928 9.99639E-05 0.431268 0.42296 0.100885 9.99639E-05 9.99639E-05 9.99639E-05 0.0127271 0.00780783 0.00991809 0.00855421
9.99369E-05 9.99369E-05 0.100281 0.503765 0.286388 0.0694027 9.99369E-05 9.99369E-05 9.99369E-05 9.99369E-05 9.99369E-05 0.039464
9.99459E-05 0.342572 9.99459E-05 0.0397089 0.249584 0.269215 9.99459E-05 9.99459E-05 9.99459E-05 0.0737809 9.99459E-05 0.0245402
0.79849 9.99369E-05 0.102905 9.99369E-05 9.99369E-05 0.0454948 0.00613466 9.99369E-05 9.99369E-05 9.99369E-05 0.0462754 9.99369E-05
0.0492956 9.99459E-05 0.806015 9.99459E-05 9.99459E-05 0.0889886 0.00268171 0.011576 9.99459E-05 9.99459E-05 0.040843 9.99459E-05
0.708945 0.0249762 0.0792624 9.9955E-05 0.0515961 0.115763 9.9955E-05 9.9955E-05 0.0108039 9.9955E-05 0.0081538 9.9955E-05
0.317312 9.99459E-05 0.126112 9.99459E-05 0.256899 0.168461 9.99459E-05 9.99459E-05 0.0265983 9.99459E-05 0.104018 9.99459E-05
9.99279E-05 9.99279E-05 0.672217 9.99279E-05 0.12628 9.99279E-05 9.99279E-05 9.99279E-05 0.0573467 9.99279E-05 0.143357 9.99279E-05
0.823449 9.9937E-05 0.0170442 9.9937E-05 9.9937E-05 9.9937E-05 0.0180761 9.9937E-05 0.00897874 0.131752 9.9937E-05 9.9937E-05
9.99368E-05 9.99368E-05 9.99368E-05 0.0788677 0.220184 0.243435 9.99368E-05 0.0921606 9.99368E-05 0.364653 9.99368E-05 9.99368E-05
0.431334 9.99549E-05 9.99549E-05 0.00948152 0.415245 9.99549E-05 0.0043582 9.99549E-05 0.079039 0.0595769 0.000465434 9.99549E-05
9.9946E-05 9.9946E-05 9.9946E-05 0.640949 0.0289024 0.11585 0.0504869 9.9946E-05 0.0708374 0.0923745 9.9946E-05 9.9946E-05
9.99549E-05 9.99549E-05 9.99549E-05 0.276431 0.295106 0.0713217 0.0684468 9.99549E-05 0.189113 0.0923479 0.00673315 9.99549E-05
0.11377 9.994E-05 0.0157808 0.473563 0.110753 9.994E-05 9.994E-05 9.994E-05 0.13055 9.994E-05 0.154983 9.994E-05
0.223158 9.99279E-05 9.99279E-05 0.246632 9.99279E-05 9.99279E-05 9.99279E-05 0.00720976 9.99279E-05 0.522201 9.99279E-05 9.99279E-05
0.0383651 0.584962 9.99369E-05 0.263697 0.0203468 9.99369E-05 9.99369E-05 9.99369E-05 9.99369E-05 9.99369E-05 0.0919294 9.99369E-05
0.0766935 9.99729E-05 9.99729E-05 0.0494704 0.353614 0.104271 0.012508 0.0921935 9.99729E-05 0.138041 0.171388 0.00152063
0.0491795 0.0822407 0.0893405 0.577281 0.0108692 0.0989162 9.99639E-05 0.0456385 0.0461342 9.99639E-05 9.99639E-05 9.99639E-05
0.0196616 0.403109 0.0463846 0.394387 9.99459E-05 0.0042685 9.99459E-05 9.99459E-05 9.99459E-05 9.99459E-05 0.13159 9.99459E-05
9.99369E-05 9.99369E-05 9.99369E-05 0.911888 0.0518478 0.0289523 9.99369E-05 9.99369E-05 9.99369E-05 0.00441015 0.00220182 9.99369E-05
9.99369E-05 9.99369E-05 0.102614 0.720238 0.0410725 9.99369E-05 9.99369E-05 9.99369E-05 0.0376714 9.99369E-05 0.0977043 9.99369E-05
0.0549366 9.99459E-05 9.99459E-05 0.851674 9.99459E-05 9.99459E-05 9.99459E-05 0.045469 9.99459E-05 0.0209548 0.00462789 0.0217376
0.173278 9.99639E-05 9.99639E-05 0.142847 0.434756 0.052444 0.0267057 0.0290466 9.99639E-05 0.00967812 0.130844 9.99639E-05
0.517933 9.99459E-05 9.99459E-05 9.99459E-05 0.225975 0.040122 0.00571267 0.091015 0.118643 9.99459E-05 9.99459E-05 9.99459E-05
0.0676526 0.530021 0.101367 0.0615821 9.99639E-05 9.99639E-05 0.00119411 9.99639E-05 0.165197 0.0294306 9.99639E-05 0.0431559
9.9937E-05 9.9937E-05 9.9937E-05 0.528463 9.9937E-05 0.208891 9.9937E-05 9.9937E-05 0.0123655 0.189012 9.9937E-05 0.0605686
0.0179326 0.0608238 9.99639E-05 9.99639E-05 0.348882 0.109401 0.0630182 0.100154 0.0987348 0.200654 9.99639E-05 9.99639E-05
9.9946E-05 9.9946E-05 9.9946E-05 0.0018525 9.9946E-05 0.0026662 0.00241155 9.9946E-05 0.0383655 0.877996 0.076109 9.9946E-05
0.786402 9.9928E-05 9.9928E-05 0.0487537 0.0146089 9.9928E-05 9.9928E-05 9.9928E-05 9.9928E-05 0.149435 9.9928E-05 9.9928E-05
0.0709507 9.9955E-05 0.0200495 0.0179006 0.0760018 0.00495666 9.9955E-05 0.0451509 9.9955E-05 0.76449 9.9955E-05 9.9955E-05
