0.356956 9.9946E-05 0.0162941 0.0745707 9.9946E-05 9.9946E-05 0.0188518 0.0829833 9.9946E-05 0.421832 9.9946E-05 9.9946E-05 0.0279131
0.403965 9.99459E-05 9.99459E-05 0.0519894 0.114976 9.99459E-05 0.0278769 9.99459E-05 9.99459E-05 0.292114 0.0956592 9.99459E-05 0.0128195
0.496083 0.0401525 9.99639E-05 0.032403 0.0881668 0.0133923 9.99639E-05 0.0151256 0.306587 9.99639E-05 0.00407881 9.99639E-05 0.00361143
0.0814879 9.99459E-05 0.140729 9.99459E-05 9.99459E-05 0.0318997 0.0427163 0.031082 9.99459E-05 0.608677 9.99459E-05 0.0628083 9.99459E-05
9.99459E-05 9.99459E-05 9.99459E-05 0.174564 0.174834 0.074091 0.135093 9.99459E-05 9.99459E-05 0.338635 0.0256723 0.0765101 9.99459E-05
0.472838 0.022866 9.99369E-05 0.0638203 0.0612288 0.306228 0.0723198 9.99369E-05 9.99369E-05 9.99369E-05 9.99369E-05 9.99369E-05 9.99369E-05
0.589169 0.0290927 9.99189E-05 9.99189E-05 9.99189E-05 9.99189E-05 9.99189E-05 9.99189E-05 0.318832 0.0620072 9.99189E-05 9.99189E-05 9.99189E-05
0.510029 0.0929225 9.9928E-05 9.9928E-05 0.152617 0.167467 9.9928E-05 9.9928E-05 9.9928E-05 9.9928E-05 9.9928E-05 9.9928E-05 0.0761651
0.331245 9.9964E-05 9.9964E-05 9.9964E-05 0.0171741 0.0834609 0.073554 0.0153499 9.9964E-05 0.376714 0.00254283 0.0766445 0.0229156
0.0354563 9.99369E-05 0.086558 9.99369E-05 9.99369E-05 0.32634 9.99369E-05 0.0657907 0.478616 0.00654032 9.99369E-05 9.99369E-05 9.99369E-05
0.153473 9.99549E-05 9.99549E-05 0.0533291 0.106448 0.0816134 0.00599331 0.00366666 9.99549E-05 0.171888 0.423088 9.99549E-05 9.99549E-05
0.0332091 9.99459E-05 9.99459E-05 9.99459E-05 0.0844397 0.211645 9.99459E-05 9.99459E-05 9.99459E-05 0.520721 0.105219 0.0378376 0.00632945
0.206372 9.9973E-05 0.0614316 0.242172 9.9973E-05 0.00361971 0.0789297 0.0127884 0.0520709 0.0767471 0.0633105 0.202258 9.9973E-05
0.704198 0.0435213 9.9928E-05 9.9928E-05 9.9928E-05 0.160301 9.9928E-05 9.9928E-05 0.0810649 9.9928E-05 9.9928E-05 9.9928E-05 0.0101149
0.00621889 9.99279E-05 9.99279E-05 9.99279E-05 0.150599 0.0594529 9.99279E-05 9.99279E-05 9.99279E-05 0.382353 0.400577 9.99279E-05 9.99279E-05
0.278413 0.0434273 0.194112 9.99549E-05 0.0130999 0.0113332 0.0185152 0.0271384 0.413461 9.99549E-05 9.99549E-05 9.99549E-05 9.99549E-05
0.722636 9.99279E-05 0.0036139 9.99279E-05 9.99279E-05 9.99279E-05 9.99279E-05 9.99279E-05 0.21184 0.0375934 9.99279E-05 0.0235178 9.99279E-05
0.750658 0.0242472 9.99369E-05 0.0454915 0.0132796 9.99369E-05 9.99369E-05 9.99369E-05 0.104364 9.99369E-05 0.0612596 9.99369E-05 9.99369E-05
0.260508 9.9937E-05 9.9937E-05 0.0845496 9.9937E-05 0.0218476 9.9937E-05 9.9937E-05 9.9937E-05 0.455534 9.9937E-05 0.168072 0.00878912
9.99279E-05 9.99279E-05 0.0442172 9.99279E-05 9.99279E-05 9.99279E-05 0.0213252 0.760239 9.99279E-05 9.99279E-05 0.143943 9.99279E-05 0.029476
9.99099E-05 9.99099E-05 0.0730316 9.99099E-05 9.99099E-05 9.99099E-05 9.99099E-05 0.820656 9.99099E-05 9.99099E-05 9.99099E-05 0.105314 9.99099E-05
0.0235288 9.99188E-05 0.0593948 0.0192304 9.99188E-05 9.99188E-05 9.99188E-05 0.896947 9.99188E-05 9.99188E-05 9.99188E-05 9.99188E-05 9.99188E-05
9.99279E-05 9.99279E-05 9.99279E-05 9.99279E-05 9.99279E-05 9.99279E-05 0.0103759 0.632519 9.99279E-05 0.0340788 9.99279E-05 0.299295 0.0229317
9.99279E-05 9.99279E-05 9.99279E-05 9.99279E-05 9.99279E-05 9.99279E-05 9.99279E-05 0.713855 9.99279E-05 0.112572 0.0828916 0.0416954 0.0481867
0.203542 0.231164 9.99459E-05 9.99459E-05 9.99459E-05 0.0123655 0.0110687 0.454561 0.0666284 9.99459E-05 9.99459E-05 9.99459E-05 0.0200708
9.99459E-05 9.99459E-05 9.99459E-05 9.99459E-05 0.00425848 0.0572661 0.0174954 0.308173 9.99459E-05 0.141513 0.105529 9.99459E-05 0.365165
9.9928E-05 0.206296 0.0173048 9.9928E-05 9.9928E-05 9.9928E-05 0.0576476 0.239601 0.478351 9.9928E-05 9.9928E-05 9.9928E-05 9.9928E-05
9.9946E-05 9.9946E-05 0.171055 9.9946E-05 0.109405 9.9946E-05 0.058859 0.235012 9.9946E-05 9.9946E-05 0.0791978 0.0641199 0.281752
0.0403739 0.00042509 0.0987574 0.00971531 9.99278E-05 9.99278E-05 9.99278E-05 0.849929 9.99278E-05 9.99278E-05 9.99278E-05 9.99278E-05 9.99278E-05
9.99099E-05 9.99099E-05 9.99099E-05 9.99099E-05 9.99099E-05 9.99099E-05 9.99099E-05 0.871189 9.99099E-05 0.0113818 9.99099E-05 0.11643 9.99099E-05
9.99191E-05 0.111715 9.99191E-05 9.99191E-05 9.99191E-05 9.99191E-05 9.99191E-05 0.547732 0.200064 9.99191E-05 9.99191E-05 0.139591 9.99191E-05
0.00664988 0.173535 0.115061 0.0927631 9.99459E-05 9.99459E-05 0.0682559 0.120477 9.99459E-05 9.99459E-05 9.99459E-05 9.99459E-05 0.422658
9.99098E-05 0.0808405 9.99098E-05 9.99098E-05 9.99098E-05 9.99098E-05 9.99098E-05 0.564305 0.353855 9.99098E-05 9.99098E-05 9.99098E-05 9.99098E-05
0.204446 0.104834 9.99188E-05 9.99188E-05 9.99188E-05 9.99188E-05 9.99188E-05 0.639977 0.0498434 9.99188E-05 9.99188E-05 9.99188E-05 9.99188E-05
9.99369E-05 9.99369E-05 9.99369E-05 0.00164394 9.99369E-05 0.0392903 9.99369E-05 0.843824 9.99369E-05 0.016134 0.00557576 0.0928327 9.99369E-05
9.99189E-05 9.99189E-05 9.99189E-05 9.99189E-05 9.99189E-05 9.99189E-05 0.0015655 0.754078 9.99189E-05 0.0906342 0.152823 9.99189E-05 9.99189E-05
9.99009E-05 9.99009E-05 9.99009E-05 9.99009E-05 9.99009E-05 9.99009E-05 9.99009E-05 0.686309 9.99009E-05 9.99009E-05 0.312592 9.99009E-05 9.99009E-05
9.99189E-05 9.99189E-05 9.99189E-05 9.99189E-05 9.99189E-05 9.99189E-05 0.00417192 0.690403 9.99189E-05 0.0734108 9.99189E-05 0.231115 9.99189E-05
0.0956938 0.196772 9.99098E-05 9.99098E-05 9.99098E-05 9.99098E-05 0.706535 9.99098E-05 9.99098E-05 9.99098E-05 9.99098E-05 9.99098E-05 9.99098E-05
9.99189E-05 0.61551 0.188476 0.0147533 9.99189E-05 9.99189E-05 0.180362 9.99189E-05 9.99189E-05 9.99189E-05 9.99189E-05 9.99189E-05 9.99189E-05
9.99189E-05 0.694207 9.99189E-05 9.99189E-05 9.99189E-05 0.0184708 9.99189E-05 0.0503415 0.236082 9.99189E-05 9.99189E-05 9.99189E-05 9.99189E-05
9.99279E-05 0.188586 0.129412 9.99279E-05 9.99279E-05 9.99279E-05 0.332507 9.99279E-05 9.99279E-05 9.99279E-05 9.99279E-05 0.276159 0.0725372
0.0903343 0.304779 0.0141321 9.99278E-05 9.99278E-05 9.99278E-05 0.316423 0.273532 9.99278E-05 9.99278E-05 9.99278E-05 9.99278E-05 9.99278E-05
9.99279E-05 0.710901 9.99279E-05 0.0396762 9.99279E-05 0.0569863 9.99279E-05 0.0547806 9.99279E-05 9.99279E-05 0.136856 9.99279E-05 9.99279E-05
9.99099E-05 9.99099E-05 9.99099E-05 9.99099E-05 9.99099E-05 9.99099E-05 9.99099E-05 9.99099E-05 9.99099E-05 0.178607 9.99099E-05 0.102664 0.71773
9.99279E-05 0.0794366 9.99279E-05 9.99279E-05 0.16801 9.99279E-05 0.596747 9.99279E-05 9.99279E-05 0.126832 0.028176 9.99279E-05 9.99279E-05
0.0445137 0.664923 9.99279E-05 9.99279E-05 9.99279E-05 0.00731335 9.99279E-05 0.177089 0.105361 9.99279E-05 9.99279E-05 9.99279E-05 9.99279E-05
0.0290817 0.362404 9.99339E-05 9.99339E-05 9.99339E-05 0.0357354 0.571748 9.99339E-05 9.99339E-05 9.99339E-05 0.000231829 9.99339E-05 9.99339E-05
9.99099E-05 0.464235 0.422905 9.99099E-05 9.99099E-05 9.99099E-05 9.99099E-05 9.99099E-05 0.111861 9.99099E-05 9.99099E-05 9.99099E-05 9.99099E-05
9.9928E-05 0.229689 9.9928E-05 9.9928E-05 0.194437 9.9928E-05 0.54695 9.9928E-05 9.9928E-05 9.9928E-05 0.00447448 0.0236507 9.9928E-05
9.99098E-05 0.507937 0.23677 9.99098E-05 9.99098E-05 9.99098E-05 0.254294 9.99098E-05 9.99098E-05 9.99098E-05 9.99098E-05 9.99098E-05 9.99098E-05
9.9928E-05 0.275628 0.125041 9.9928E-05 9.9928E-05 9.9928E-05 0.3111 0.0764493 9.9928E-05 9.9928E-05 9.9928E-05 0.210982 9.9928E-05
9.99459E-05 0.059989 9.99459E-05 9.99459E-05 9.99459E-05 0.0450103 0.282409 0.0793191 9.99459E-05 0.0627759 0.262667 9.99459E-05 0.207229
9.99459E-05 0.301219 9.99459E-05 9.99459E-05 0.0822021 0.0109901 0.242813 9.99459E-05 9.99459E-05 0.0924905 0.247338 9.99459E-05 0.0223475
9.9955E-05 0.126642 0.0121231 9.9955E-05 0.0536098 9.9955E-05 0.194943 0.0295596 9.9955E-05 0.0622438 9.9955E-05 0.358784 0.161595
9.99189E-05 9.99189E-05 9.99189E-05 9.99189E-05 9.99189E-05 9.99189E-05 9.99189E-05 0.335217 9.99189E-05 0.0694687 9.99189E-05 0.364005 0.23041
0.0414894 0.407017 0.0588198 0.0464911 9.99368E-05 9.99368E-05 0.444271 9.99368E-05 0.0012119 9.99368E-05 9.99368E-05 9.99368E-05 9.99368E-05
9.99459E-05 0.268458 0.187442 9.99459E-05 9.99459E-05 9.99459E-05 0.282337 0.0267808 9.99459E-05 9.99459E-05 0.0125414 0.047204 0.174637
9.99188E-05 0.734841 0.15838 0.00700993 9.99188E-05 9.99188E-05 0.0988699 9.99188E-05 9.99188E-05 9.99188E-05 9.99188E-05 9.99188E-05 9.99188E-05
9.99369E-05 0.0171629 0.0697494 9.99369E-05 0.0133996 9.99369E-05 0.883839 9.99369E-05 9.99369E-05 9.99369E-05 0.0149959 0.000153346 9.99369E-05
0.10758 0.0489875 9.99369E-05 9.99369E-05 9.99369E-05 9.99369E-05 0.652003 0.0586743 9.99369E-05 9.99369E-05 0.0110769 9.99369E-05 0.120979
9.99369E-05 0.26546 9.99369E-05 9.99369E-05 0.106036 9.99369E-05 0.478211 9.99369E-05 9.99369E-05 0.0764079 0.0577811 9.99369E-05 0.0154039
9.99369E-05 0.254615 0.00073099 0.185067 9.99369E-05 9.99369E-05 0.0988216 9.99369E-05 0.112574 9.99369E-05 9.99369E-05 9.99369E-05 0.347491
9.99189E-05 9.99189E-05 9.99189E-05 9.99189E-05 9.99189E-05 9.99189E-05 0.606116 0.0332766 0.0259889 9.99189E-05 9.99189E-05 0.333719 9.99189E-05
9.99188E-05 0.195499 9.99188E-05 9.99188E-05 9.99188E-05 9.99188E-05 0.248245 9.99188E-05 0.46201 9.99188E-05 9.99188E-05 9.99188E-05 0.0933478
0.0846753 9.99459E-05 9.99459E-05 9.99459E-05 9.99459E-05 0.0333484 0.200623 0.0870872 9.99459E-05 0.03279 0.183878 9.99459E-05 0.376998
9.991E-05 9.991E-05 9.991E-05 9.991E-05 0.139592 9.991E-05 0.808382 9.991E-05 9.991E-05 9.991E-05 9.991E-05 0.0510277 9.991E-05
9.99201E-05 9.99201E-05 9.99201E-05 9.99201E-05 0.0346983 9.99201E-05 0.64938 9.99201E-05 0.0423931 9.99201E-05 0.20137 9.99201E-05 0.0713594
0.117676 9.99098E-05 9.99098E-05 9.99098E-05 9.99098E-05 9.99098E-05 0.0512966 9.99098E-05 9.99098E-05 9.99098E-05 9.99098E-05 9.99098E-05 0.830028
0.0673073 0.0377239 0.103883 0.00408981 9.99549E-05 0.0325277 0.0818229 0.223392 9.99549E-05 9.99549E-05 9.99549E-05 9.99549E-05 0.448754
9.99278E-05 0.203014 0.272172 9.99278E-05 9.99278E-05 9.99278E-05 9.99278E-05 0.0587638 0.0897289 9.99278E-05 9.99278E-05 9.99278E-05 0.375522
9.99098E-05 0.251161 9.99098E-05 9.99098E-05 9.99098E-05 9.99098E-05 0.275267 9.99098E-05 0.472573 9.99098E-05 9.99098E-05 9.99098E-05 9.99098E-05
9.9919E-05 9.9919E-05 9.9919E-05 9.9919E-05 0.151648 9.9919E-05 9.9919E-05 0.668433 9.9919E-05 0.013369 9.9919E-05 0.165651 9.9919E-05
0.00385602 0.19311 9.99278E-05 0.0123922 9.99278E-05 9.99278E-05 0.491447 9.99278E-05 0.298395 9.99278E-05 9.99278E-05 9.99278E-05 9.99278E-05
9.99279E-05 9.99279E-05 9.99279E-05 0.0106527 9.99279E-05 0.00031424 0.506914 9.99279E-05 9.99279E-05 9.99279E-05 0.0498162 9.99279E-05 0.431504
9.99279E-05 9.99279E-05 9.99279E-05 9.99279E-05 9.99279E-05 9.99279E-05 9.99279E-05 0.0943466 9.99279E-05 0.260194 0.0468929 0.0076807 0.590087
9.99097E-05 0.110704 9.99097E-05 9.99097E-05 9.99097E-05 9.99097E-05 9.99097E-05 0.694153 0.194144 9.99097E-05 9.99097E-05 9.99097E-05 9.99097E-05
9.9919E-05 0.275711 9.9919E-05 9.9919E-05 9.9919E-05 9.9919E-05 0.0148897 0.200539 0.507962 9.9919E-05 9.9919E-05 9.9919E-05 9.9919E-05
0.0824824 0.168314 9.99188E-05 9.99188E-05 9.99188E-05 9.99188E-05 9.99188E-05 0.675295 0.0730101 9.99188E-05 9.99188E-05 9.99188E-05 9.99188E-05
9.99368E-05 0.0186754 0.238192 0.00910991 9.99368E-05 9.99368E-05 0.0733431 0.281464 9.99368E-05 9.99368E-05 9.99368E-05 9.99368E-05 0.378516
9.99369E-05 0.236447 0.450129 9.99369E-05 9.99369E-05 9.99369E-05 0.0478475 0.128354 0.0989881 9.99369E-05 9.99369E-05 9.99369E-05 0.0375345
9.99369E-05 0.108896 9.99369E-05 9.99369E-05 9.99369E-05 9.99369E-05 0.393325 0.222268 9.99369E-05 0.0346204 9.99369E-05 0.237417 0.00277452
9.99459E-05 0.263629 0.012954 0.00622163 9.99459E-05 9.99459E-05 0.581864 0.00225999 0.00306277 9.99459E-05 9.99459E-05 0.129408 9.99459E-05
9.9937E-05 0.365833 9.9937E-05 9.9937E-05 9.9937E-05 9.9937E-05 0.16953 0.0900759 9.9937E-05 9.9937E-05 0.0860429 0.271516 0.0163023
9.99098E-05 0.4079 9.99098E-05 9.99098E-05 9.99098E-05 9.99098E-05 0.350174 9.99098E-05 0.240928 9.99098E-05 9.99098E-05 9.99098E-05 9.99098E-05
9.99279E-05 9.99279E-05 0.173428 0.00259466 9.99279E-05 9.99279E-05 0.716775 0.104061 9.99279E-05 9.99279E-05 0.00234228 9.99279E-05 9.99279E-05
9.99189E-05 9.99189E-05 9.99189E-05 9.99189E-05 9.99189E-05 9.99189E-05 0.636153 9.99189E-05 9.99189E-05 0.111787 9.99189E-05 0.0641249 0.187035
0.203502 0.133024 9.99278E-05 9.99278E-05 9.99278E-05 9.99278E-05 9.99278E-05 0.203718 0.0517385 9.99278E-05 9.99278E-05 9.99278E-05 0.407219
9.99098E-05 0.732387 9.99098E-05 9.99098E-05 9.99098E-05 9.99098E-05 9.99098E-05 9.99098E-05 0.121079 9.99098E-05 9.99098E-05 9.99098E-05 0.145534
9.99098E-05 9.99098E-05 9.99098E-05 9.99098E-05 0.167889 9.99098E-05 9.99098E-05 0.151054 9.99098E-05 9.99098E-05 9.99098E-05 9.99098E-05 0.680058
0.0965187 0.49285 9.99188E-05 9.99188E-05 9.99188E-05 9.99188E-05 9.99188E-05 9.99188E-05 0.0600617 9.99188E-05 9.99188E-05 9.99188E-05 0.34967
0.0606527 0.432475 9.99278E-05 9.99278E-05 0.0148531 9.99278E-05 9.99278E-05 9.99278E-05 0.110033 9.99278E-05 9.99278E-05 9.99278E-05 0.381187
9.99189E-05 9.99189E-05 9.99189E-05 9.99189E-05 0.250516 9.99189E-05 9.99189E-05 9.99189E-05 9.99189E-05 9.99189E-05 0.00481111 0.0355336 0.70824
0.197179 0.287354 9.99189E-05 9.99189E-05 9.99189E-05 9.99189E-05 0.272363 9.99189E-05 9.99189E-05 9.99189E-05 9.99189E-05 9.99189E-05 0.242206
0.126732 0.356336 9.99188E-05 9.99188E-05 0.0284907 9.99188E-05 9.99188E-05 9.99188E-05 9.99188E-05 9.99188E-05 9.99188E-05 9.99188E-05 0.487542
9.99189E-05 0.0345225 0.236144 0.551935 9.99189E-05 9.99189E-05 9.99189E-05 9.99189E-05 0.1765 9.99189E-05 9.99189E-05 9.99189E-05 9.99189E-05
9.9937E-05 0.143027 0.185094 0.598937 9.9937E-05 9.9937E-05 9.9937E-05 0.0229095 0.0439191 9.9937E-05 9.9937E-05 0.00541381 9.9937E-05
9.991E-05 9.991E-05 0.0549676 0.765133 9.991E-05 9.991E-05 9.991E-05 9.991E-05 9.991E-05 9.991E-05 9.991E-05 0.1789 9.991E-05
9.991E-05 9.991E-05 9.991E-05 0.506181 0.441462 9.991E-05 9.991E-05 9.991E-05 9.991E-05 9.991E-05 9.991E-05 9.991E-05 0.0513578
9.99189E-05 9.99189E-05 0.108549 0.623682 9.99189E-05 0.000688305 9.99189E-05 9.99189E-05 0.266182 9.99189E-05 9.99189E-05 9.99189E-05 9.99189E-05
0.465323 9.99549E-05 9.99549E-05 0.188651 0.149414 9.99549E-05 0.00390648 9.99549E-05 9.99549E-05 0.0314332 0.0112153 0.0629239 0.0866331
0.175749 9.99098E-05 9.99098E-05 0.495378 9.99098E-05 9.99098E-05 9.99098E-05 9.99098E-05 0.327874 9.99098E-05 9.99098E-05 9.99098E-05 9.99098E-05
9.99188E-05 0.00425292 0.251066 0.658657 9.99188E-05 9.99188E-05 9.99188E-05 9.99188E-05 0.0851249 9.99188E-05 9.99188E-05 9.99188E-05 9.99188E-05
0.114475 9.99369E-05 0.0754972 0.711012 9.99369E-05 0.0363389 9.99369E-05 0.0205327 9.99369E-05 9.99369E-05 9.99369E-05 9.99369E-05 0.0414451
9.9937E-05 9.9937E-05 9.9937E-05 0.546139 9.9937E-05 9.9937E-05 0.0884504 0.020082 9.9937E-05 0.0785374 0.246367 0.0197248 9.9937E-05
9.99279E-05 0.0520485 0.436719 0.201293 9.99279E-05 0.0495042 9.99279E-05 9.99279E-05 0.259636 9.99279E-05 9.99279E-05 9.99279E-05 9.99279E-05
9.99279E-05 9.99279E-05 9.99279E-05 0.469034 9.99279E-05 0.0387264 9.99279E-05 9.99279E-05 0.00109136 0.0385673 0.451782 9.99279E-05 9.99279E-05
0.0209505 0.0144261 0.0701567 0.763346 9.99279E-05 9.99279E-05 9.99279E-05 9.99279E-05 0.130322 9.99279E-05 9.99279E-05 9.99279E-05 9.99279E-05
0.234798 9.99279E-05 9.99279E-05 0.551901 9.99279E-05 9.99279E-05 0.0433899 9.99279E-05 9.99279E-05 9.99279E-05 0.133541 9.99279E-05 0.0355701
0.0378548 9.99369E-05 0.304096 0.536606 0.0194108 0.0271847 9.99369E-05 0.0741485 9.99369E-05 9.99369E-05 9.99369E-05 9.99369E-05 9.99369E-05
0.470681 9.99279E-05 0.0328435 0.298225 9.99279E-05 9.99279E-05 9.99279E-05 0.0410943 0.156357 9.99279E-05 9.99279E-05 9.99279E-05 9.99279E-05
9.99458E-05 9.99458E-05 9.99458E-05 0.472216 0.134551 9.99458E-05 0.0395517 9.99458E-05 9.99458E-05 0.18992 0.063744 0.0623213 0.0370965
9.99188E-05 9.99188E-05 9.99188E-05 0.391321 9.99188E-05 9.99188E-05 9.99188E-05 9.99188E-05 9.99188E-05 0.0345066 9.99188E-05 0.553652 0.0196214
9.99369E-05 0.084854 0.0970258 0.607186 9.99369E-05 0.0730007 0.0472289 0.0900054 9.99369E-05 9.99369E-05 9.99369E-05 9.99369E-05 9.99369E-05
0.0929331 0.0301025 9.99189E-05 0.713162 9.99189E-05 9.99189E-05 9.99189E-05 9.99189E-05 0.162903 9.99189E-05 9.99189E-05 9.99189E-05 9.99189E-05
9.99459E-05 9.99459E-05 0.149124 0.617488 0.0830148 0.0138423 0.0289382 0.0508102 9.99459E-05 9.99459E-05 0.0561832 9.99459E-05 9.99459E-05
9.99189E-05 9.99189E-05 0.012165 0.645155 9.99189E-05 9.99189E-05 9.99189E-05 9.99189E-05 9.99189E-05 0.0522451 9.99189E-05 0.289535 9.99189E-05
0.196084 9.9964E-05 0.0459021 9.9964E-05 0.366255 0.0695731 0.0844542 0.0232216 9.9964E-05 0.0281193 0.15965 0.0263416 9.9964E-05
0.0920571 9.99098E-05 9.99098E-05 9.99098E-05 9.99098E-05 0.641571 9.99098E-05 9.99098E-05 0.265373 9.99098E-05 9.99098E-05 9.99098E-05 9.99098E-05
0.201908 9.99639E-05 0.021722 0.00159394 0.135393 0.0198339 0.0106195 9.99639E-05 9.99639E-05 0.0211296 9.99639E-05 0.555438 0.0319626
0.681399 0.0166095 0.147958 0.0204631 9.99549E-05 0.0738886 9.99549E-05 0.0357618 0.0218593 9.99549E-05 9.99549E-05 0.00156096 9.99549E-05
9.99098E-05 9.99098E-05 0.0441904 9.99098E-05 9.99098E-05 0.466993 9.99098E-05 9.99098E-05 0.487817 9.99098E-05 9.99098E-05 9.99098E-05 9.99098E-05
0.149734 9.99278E-05 9.99278E-05 9.99278E-05 9.99278E-05 0.0318759 9.99278E-05 9.99278E-05 9.99278E-05 0.267565 0.395212 0.154814 9.99278E-05
9.99279E-05 9.99279E-05 9.99279E-05 9.99279E-05 9.99279E-05 0.700226 9.99279E-05 0.00779134 0.0440333 0.0132207 0.233929 9.99279E-05 9.99279E-05
0.598769 9.99459E-05 9.99459E-05 0.0768656 0.0866916 0.0321625 0.149661 9.99459E-05 9.99459E-05 9.99459E-05 9.99459E-05 0.0342421 0.0210086
9.99008E-05 9.99008E-05 9.99008E-05 9.99008E-05 9.99008E-05 0.730731 9.99008E-05 9.99008E-05 9.99008E-05 9.99008E-05 9.99008E-05 0.26817 9.99008E-05
0.12374 9.99189E-05 9.99189E-05 9.99189E-05 9.99189E-05 0.210448 9.99189E-05 9.99189E-05 0.643513 9.99189E-05 9.99189E-05 0.0214003 9.99189E-05
0.0461098 9.99459E-05 9.99459E-05 9.99459E-05 0.211587 0.198764 0.0798216 9.99459E-05 9.99459E-05 0.0593719 0.333309 0.0704366 9.99459E-05
9.99099E-05 9.99099E-05 9.99099E-05 9.99099E-05 9.99099E-05 0.565812 9.99099E-05 9.99099E-05 9.99099E-05 9.99099E-05 9.99099E-05 0.40803 0.0251589
9.99009E-05 9.99009E-05 9.99009E-05 9.99009E-05 9.99009E-05 0.35315 9.99009E-05 9.99009E-05 0.645751 9.99009E-05 9.99009E-05 9.99009E-05 9.99009E-05
0.0519327 9.99279E-05 9.99279E-05 9.99279E-05 0.306482 9.99279E-05 9.99279E-05 9.99279E-05 9.99279E-05 0.321694 0.240923 0.0781693 9.99279E-05
9.99188E-05 9.99188E-05 9.99188E-05 9.99188E-05 9.99188E-05 0.559406 0.0131272 9.99188E-05 9.99188E-05 0.263522 9.99188E-05 0.163045 9.99188E-05
0.276994 9.99188E-05 9.99188E-05 9.99188E-05 9.99188E-05 9.99188E-05 9.99188E-05 9.99188E-05 9.99188E-05 0.250932 0.168474 0.302701 9.99188E-05
9.99009E-05 9.99009E-05 9.99009E-05 9.99009E-05 9.99009E-05 0.423723 9.99009E-05 9.99009E-05 0.575178 9.99009E-05 9.99009E-05 9.99009E-05 9.99009E-05
0.00736574 9.99368E-05 9.99368E-05 9.99368E-05 0.142788 0.343824 9.99368E-05 9.99368E-05 9.99368E-05 0.0957937 0.0632878 0.346241 9.99368E-05
0.116473 9.99459E-05 0.0130724 0.0431118 0.407103 9.99459E-05 0.0334985 9.99459E-05 9.99459E-05 0.0528321 0.333309 9.99459E-05 9.99459E-05
0.714596 9.99369E-05 9.99369E-05 9.99369E-05 0.0581853 0.134152 9.99369E-05 0.0167437 9.99369E-05 9.99369E-05 0.00970731 9.99369E-05 0.0659165
0.146601 9.99551E-05 0.167242 0.0529452 0.143506 9.99551E-05 0.00398465 0.0529222 0.0376036 9.99551E-05 9.99551E-05 0.394696 9.99551E-05
0.229921 9.997E-05 9.997E-05 0.0216841 0.0470759 0.124523 0.0150532 0.0549095 0.0193606 0.0140093 0.0611786 0.411985 9.997E-05
0.0454115 9.99188E-05 0.0142041 9.99188E-05 9.99188E-05 0.446194 9.99188E-05 9.99188E-05 0.493291 9.99188E-05 9.99188E-05 9.99188E-05 9.99188E-05
0.287845 0.104588 9.994E-05 9.994E-05 0.0827995 0.15069 9.994E-05 0.045505 9.994E-05 0.122472 0.205501 9.994E-05 9.994E-05
0.241327 9.99188E-05 9.99188E-05 9.99188E-05 0.0356441 0.641939 9.99188E-05 9.99188E-05 9.99188E-05 9.99188E-05 9.99188E-05 9.99188E-05 0.0801905
0.254996 0.0695559 0.236675 0.203916 9.99549E-05 0.0937722 9.99549E-05 0.0436226 0.0940067 9.99549E-05 9.99549E-05 9.99549E-05 0.00295679
0.0878549 0.0116289 9.99639E-05 0.102245 0.128599 0.209607 0.0407631 0.010759 9.99639E-05 9.99639E-05 0.190938 0.217206 9.99639E-05
9.99369E-05 9.99369E-05 0.423544 0.147991 0.0853985 0.192918 0.143192 0.00625629 9.99369E-05 9.99369E-05 9.99369E-05 9.99369E-05 9.99369E-05
9.991E-05 9.991E-05 0.402545 9.991E-05 9.991E-05 9.991E-05 9.991E-05 0.0196698 0.576787 9.991E-05 9.991E-05 9.991E-05 9.991E-05
0.323466 9.99549E-05 0.13688 0.12584 9.99549E-05 0.235786 9.99549E-05 0.0235375 0.0684116 0.0124715 9.99549E-05 9.99549E-05 0.0731084
0.377513 0.0751884 0.175043 0.0730956 9.99549E-05 0.0639957 9.99549E-05 0.0189175 0.17195 9.99549E-05 0.0437965 9.99549E-05 9.99549E-05
9.99459E-05 9.99459E-05 0.242694 9.99459E-05 9.99459E-05 0.153835 0.00588833 0.0553461 0.00300721 9.99459E-05 0.51791 0.0207199 9.99459E-05
0.311368 9.99098E-05 0.233549 9.99098E-05 9.99098E-05 9.99098E-05 9.99098E-05 9.99098E-05 0.454084 9.99098E-05 9.99098E-05 9.99098E-05 9.99098E-05
0.213628 9.99188E-05 9.99188E-05 9.99188E-05 9.99188E-05 9.99188E-05 9.99188E-05 9.99188E-05 9.99188E-05 0.215001 0.250227 0.320244 9.99188E-05
0.356217 9.99188E-05 0.341638 9.99188E-05 9.99188E-05 0.06988 9.99188E-05 9.99188E-05 0.231366 9.99188E-05 9.99188E-05 9.99188E-05 9.99188E-05
9.99189E-05 9.99189E-05 0.261579 9.99189E-05 0.0469489 0.319803 9.99189E-05 9.99189E-05 9.99189E-05 9.99189E-05 9.99189E-05 0.37077 9.99189E-05
9.99459E-05 9.99459E-05 0.0769088 0.108378 9.99459E-05 0.152407 0.00245781 9.99459E-05 9.99459E-05 0.161126 0.0649702 0.433152 9.99459E-05
0.197328 9.9955E-05 0.251095 0.136479 0.010625 0.193163 0.140792 0.039092 9.9955E-05 0.0309263 9.9955E-05 9.9955E-05 9.9955E-05
0.561908 9.99369E-05 0.0537061 0.152524 9.99369E-05 0.0236682 0.125861 9.99369E-05 9.99369E-05 0.0816323 9.99369E-05 9.99369E-05 9.99369E-05
0.195958 9.99459E-05 0.360892 0.0987414 9.99459E-05 0.115489 0.0651493 0.0504705 9.99459E-05 0.112701 9.99459E-05 9.99459E-05 9.99459E-05
0.173028 9.99369E-05 0.22889 0.104206 9.99369E-05 0.00782154 9.99369E-05 9.99369E-05 9.99369E-05 9.99369E-05 0.0628575 0.422497 9.99369E-05
0.0405554 0.00215169 0.526269 0.00366449 9.99369E-05 9.99369E-05 9.99369E-05 9.99369E-05 0.420012 0.00664731 9.99369E-05 9.99369E-05 9.99369E-05
9.99098E-05 9.99098E-05 0.420686 9.99098E-05 9.99098E-05 0.189163 9.99098E-05 9.99098E-05 0.389153 9.99098E-05 9.99098E-05 9.99098E-05 9.99098E-05
0.469353 0.106847 9.99279E-05 9.99279E-05 0.00798581 0.200286 9.99279E-05 9.99279E-05 0.214729 9.99279E-05 9.99279E-05 9.99279E-05 9.99279E-05
0.023217 0.142338 0.415635 9.99278E-05 9.99278E-05 0.163411 9.99278E-05 9.99278E-05 0.254599 9.99278E-05 9.99278E-05 9.99278E-05 9.99278E-05
9.99189E-05 9.99189E-05 0.532802 9.99189E-05 9.99189E-05 9.99189E-05 9.99189E-05 9.99189E-05 0.440169 0.016171 0.00995952 9.99189E-05 9.99189E-05
0.220422 0.207494 9.99369E-05 0.0193174 0.0577289 0.290088 9.99369E-05 9.99369E-05 0.20425 9.99369E-05 9.99369E-05 9.99369E-05 9.99369E-05
0.58357 0.0192832 0.0589391 9.99459E-05 9.99459E-05 0.073679 9.99459E-05 9.99459E-05 0.204236 9.99459E-05 0.0544221 0.00527044 9.99459E-05
9.9928E-05 9.9928E-05 0.0380872 9.9928E-05 0.515576 9.9928E-05 9.9928E-05 0.0227917 9.9928E-05 0.35684 9.9928E-05 9.9928E-05 0.0659056
0.0938692 9.99279E-05 9.99279E-05 0.0124473 9.99279E-05 9.99279E-05 9.99279E-05 0.0313035 9.99279E-05 0.853506 9.99279E-05 9.99279E-05 0.00807423
0.634119 9.99279E-05 9.99279E-05 9.99279E-05 0.0978297 9.99279E-05 9.99279E-05 9.99279E-05 0.0881153 0.0578353 9.99279E-05 9.99279E-05 0.121301
0.0971689 9.99098E-05 9.99098E-05 9.99098E-05 9.99098E-05 9.99098E-05 9.99098E-05 9.99098E-05 9.99098E-05 0.672273 0.229559 9.99098E-05 9.99098E-05
9.99099E-05 9.99099E-05 9.99099E-05 0.0518965 0.0657843 9.99099E-05 9.99099E-05 9.99099E-05 9.99099E-05 0.88132 9.99099E-05 9.99099E-05 9.99099E-05
0.0431782 9.99459E-05 9.99459E-05 0.0397845 9.99459E-05 9.99459E-05 0.00449442 0.0687862 0.00747254 0.438446 9.99459E-05 0.397239 9.99459E-05
0.0207373 9.99369E-05 9.99369E-05 0.0341936 9.99369E-05 9.99369E-05 9.99369E-05 9.99369E-05 0.0507239 0.742325 9.99369E-05 0.123467 0.0278535
0.353489 0.00799215 9.9937E-05 9.9937E-05 9.9937E-05 9.9937E-05 9.9937E-05 0.000850608 0.409427 0.208981 9.9937E-05 9.9937E-05 0.0185606
0.0329993 9.9928E-05 0.0524563 9.9928E-05 9.9928E-05 0.144741 9.9928E-05 9.9928E-05 0.76309 9.9928E-05 0.00591396 9.9928E-05 9.9928E-05
0.30095 9.99278E-05 9.99278E-05 0.0442866 0.516592 9.99278E-05 0.01508 9.99278E-05 9.99278E-05 9.99278E-05 9.99278E-05 9.99278E-05 0.122292
0.200006 0.00624212 9.99369E-05 0.111041 9.99369E-05 9.99369E-05 9.99369E-05 9.99369E-05 0.525925 0.146247 9.99369E-05 9.99369E-05 0.00983859
0.439024 0.0347882 9.9928E-05 9.9928E-05 9.9928E-05 9.9928E-05 9.9928E-05 9.9928E-05 0.217858 0.0699563 9.9928E-05 9.9928E-05 0.237574
0.517078 9.99459E-05 9.99459E-05 0.0284545 0.164468 9.99459E-05 9.99459E-05 9.99459E-05 0.0235753 0.181493 0.0126941 9.99459E-05 0.0716365
0.494008 0.0471761 9.99279E-05 0.00582775 9.99279E-05 0.0659428 9.99279E-05 9.99279E-05 0.386246 9.99279E-05 9.99279E-05 9.99279E-05 9.99279E-05
0.347333 0.0567018 0.00903503 0.05233 0.310007 9.99369E-05 9.99369E-05 9.99369E-05 0.223894 9.99369E-05 9.99369E-05 9.99369E-05 9.99369E-05
0.170002 0.0853951 9.99369E-05 9.99369E-05 0.163876 0.253019 9.99369E-05 0.0867178 9.99369E-05 0.240291 9.99369E-05 9.99369E-05 9.99369E-05
0.452183 0.0470152 9.99639E-05 9.99639E-05 0.134146 9.99639E-05 0.0256236 0.0222652 0.196983 0.0098838 0.106876 9.99639E-05 0.00462454
0.337079 0.0239673 9.99279E-05 0.149524 0.362289 9.99279E-05 9.99279E-05 9.99279E-05 0.126342 9.99279E-05 9.99279E-05 9.99279E-05 9.99279E-05
0.0449279 9.99279E-05 9.99279E-05 9.99279E-05 0.293425 9.99279E-05 9.99279E-05 9.99279E-05 9.99279E-05 0.131902 0.522526 0.0064198 9.99279E-05
0.317298 9.9946E-05 0.070835 9.9946E-05 0.436845 9.9946E-05 0.00779638 9.9946E-05 9.9946E-05 0.116141 0.0150992 9.9946E-05 0.0353849
0.201713 0.0195561 0.000537873 9.9955E-05 0.0981998 9.9955E-05 0.00951381 9.9955E-05 0.613107 0.0122214 0.0446507 9.9955E-05 9.9955E-05
0.67167 0.0578578 9.99369E-05 0.043141 0.0852984 9.99369E-05 9.99369E-05 9.99369E-05 0.109859 9.99369E-05 9.99369E-05 0.0314737 9.99369E-05
0.181375 9.99279E-05 0.0340761 9.99279E-05 9.99279E-05 0.0935173 9.99279E-05 9.99279E-05 0.679484 9.99279E-05 0.0107476 9.99279E-05 9.99279E-05
0.192687 9.99279E-05 0.0148276 9.99279E-05 0.305269 9.99279E-05 9.99279E-05 9.99279E-05 9.99279E-05 0.418277 0.06814 9.99279E-05 9.99279E-05
0.517753 9.994E-05 9.994E-05 9.994E-05 0.315163 0.0191529 0.0164323 0.0116615 9.994E-05 9.994E-05 0.0277507 9.994E-05 0.0914863
0.283803 0.0474935 9.99369E-05 0.0145083 0.040793 0.0568785 9.99369E-05 9.99369E-05 0.555825 9.99369E-05 9.99369E-05 9.99369E-05 9.99369E-05
9.9946E-05 9.9946E-05 9.9946E-05 0.0503519 0.191912 0.275825 0.0555952 9.9946E-05 9.9946E-05 0.390924 0.028566 0.00622581 9.9946E-05
9.99189E-05 9.99189E-05 9.99189E-05 9.99189E-05 0.0406128 0.420167 9.99189E-05 9.99189E-05 9.99189E-05 0.0396139 0.498707 9.99189E-05 9.99189E-05
0.291471 0.114336 0.142326 0.0482764 9.99549E-05 0.0106016 9.99549E-05 0.0423214 0.297417 9.99549E-05 9.99549E-05 9.99549E-05 0.0527508
0.0521135 0.0356689 0.235256 0.0716877 9.99459E-05 0.542506 9.99459E-05 0.0190053 0.0431628 9.99459E-05 9.99459E-05 9.99459E-05 9.99459E-05
9.9946E-05 9.9946E-05 9.9946E-05 9.9946E-05 0.00364244 0.173791 9.9946E-05 0.0381574 0.0342002 0.350966 0.33205 9.9946E-05 0.0665936
9.99279E-05 9.99279E-05 9.99279E-05 9.99279E-05 0.00647104 0.356691 9.99279E-05 9.99279E-05 9.99279E-05 0.542706 9.99279E-05 0.047995 0.0453375
9.9937E-05 9.9937E-05 9.9937E-05 9.9937E-05 0.0801005 0.265646 9.9937E-05 9.9937E-05 9.9937E-05 0.392143 0.080197 0.0561759 0.125038
9.99099E-05 9.99099E-05 0.364886 9.99099E-05 9.99099E-05 0.189328 9.99099E-05 9.99099E-05 0.444787 9.99099E-05 9.99099E-05 9.99099E-05 9.99099E-05
0.454362 0.067293 9.9928E-05 9.9928E-05 9.9928E-05 0.338728 9.9928E-05 9.9928E-05 0.104337 9.9928E-05 9.9928E-05 9.9928E-05 0.0344804
0.154161 9.99549E-05 9.99549E-05 0.34838 0.0404721 0.195816 0.0788615 9.99549E-05 9.99549E-05 0.0249575 0.144748 9.99549E-05 0.0121044
9.99189E-05 9.99189E-05 9.99189E-05 0.0264543 9.99189E-05 0.317705 9.99189E-05 9.99189E-05 9.99189E-05 0.459816 0.195125 9.99189E-05 9.99189E-05
0.0697334 0.0353614 0.459884 0.0143339 9.99369E-05 0.157029 9.99369E-05 9.99369E-05 0.262959 9.99369E-05 9.99369E-05 9.99369E-05 9.99369E-05
0.641697 0.0321753 9.9928E-05 9.9928E-05 9.9928E-05 0.19197 9.9928E-05 0.0652805 9.9928E-05 0.068078 9.9928E-05 9.9928E-05 9.9928E-05
0.471825 0.0657471 9.99369E-05 9.99369E-05 9.99369E-05 0.220087 9.99369E-05 9.99369E-05 0.0659452 0.141562 9.99369E-05 9.99369E-05 0.0341336
0.0938788 9.99458E-05 0.284581 0.161848 0.0551538 0.317493 0.0641115 0.0223337 9.99458E-05 9.99458E-05 9.99458E-05 9.99458E-05 9.99458E-05
0.575311 0.0572972 9.99189E-05 0.240229 9.99189E-05 9.99189E-05 9.99189E-05 9.99189E-05 0.126264 9.99189E-05 9.99189E-05 9.99189E-05 9.99189E-05
0.304529 9.99368E-05 9.99368E-05 0.0497292 0.288742 9.99368E-05 0.0594103 9.99368E-05 9.99368E-05 0.0977462 0.199144 9.99368E-05 9.99368E-05
0.429177 9.99549E-05 0.0564538 9.99549E-05 0.0337113 0.196584 0.0580274 9.99549E-05 9.99549E-05 0.0874111 0.106874 9.99549E-05 0.0312621
9.9928E-05 9.9928E-05 9.9928E-05 9.9928E-05 9.9928E-05 0.278173 9.9928E-05 0.0276625 9.9928E-05 0.445363 0.167139 0.0808629 9.9928E-05
0.158212 0.18398 9.99368E-05 9.99368E-05 0.0409213 0.366466 9.99368E-05 0.0125327 0.237188 9.99368E-05 9.99368E-05 9.99368E-05 9.99368E-05
9.99368E-05 0.037131 9.99368E-05 9.99368E-05 0.251676 0.243625 0.00275092 9.99368E-05 9.99368E-05 0.381756 0.0823605 9.99368E-05 9.99368E-05
0.0820544 0.000986241 9.99369E-05 9.99369E-05 0.186481 0.185939 9.99369E-05 9.99369E-05 9.99369E-05 0.182891 9.99369E-05 0.360948 9.99369E-05
0.165018 9.99189E-05 9.99189E-05 9.99189E-05 9.99189E-05 0.157966 9.99189E-05 9.99189E-05 0.621008 0.0551089 9.99189E-05 9.99189E-05 9.99189E-05
0.494942 9.99279E-05 9.99279E-05 9.99279E-05 0.112523 9.99279E-05 9.99279E-05 9.99279E-05 0.148878 9.99279E-05 0.191618 9.99279E-05 0.0512401
0.524033 0.131575 9.99369E-05 9.99369E-05 0.0503829 0.126703 9.99369E-05 9.99369E-05 0.162232 9.99369E-05 9.99369E-05 9.99369E-05 0.00437407
9.9937E-05 9.9937E-05 9.9937E-05 9.9937E-05 0.456543 0.0312914 9.9937E-05 0.0259182 9.9937E-05 0.405839 0.027544 9.9937E-05 0.0521646
9.9964E-05 0.215016 0.00267155 0.012896 0.281701 9.9964E-05 9.9964E-05 0.0572439 9.9964E-05 0.0687354 0.0241842 0.303528 0.0336241
0.120219 9.99369E-05 9.99369E-05 9.99369E-05 0.506325 0.0459808 0.0988567 9.99369E-05 9.99369E-05 0.200293 0.0276261 9.99369E-05 9.99369E-05
0.215383 0.0156417 9.99279E-05 9.99279E-05 9.99279E-05 0.141045 9.99279E-05 9.99279E-05 0.571368 0.0557638 9.99279E-05 9.99279E-05 9.99279E-05
0.191668 9.99369E-05 9.99369E-05 9.99369E-05 0.634315 0.0069989 0.0554837 9.99369E-05 9.99369E-05 0.0743413 9.99369E-05 0.0364931 9.99369E-05
9.99549E-05 9.99549E-05 9.99549E-05 0.0234931 0.826126 0.0618921 0.013666 0.0503773 0.00344979 0.0138355 0.00666063 9.99549E-05 9.99549E-05
9.9937E-05 9.9937E-05 9.9937E-05 0.0278204 0.584431 0.0132031 9.9937E-05 9.9937E-05 0.0326019 0.143143 0.198101 9.9937E-05 9.9937E-05
0.211804 0.0243578 9.99279E-05 0.0854251 0.123113 9.99279E-05 9.99279E-05 9.99279E-05 0.554501 9.99279E-05 9.99279E-05 9.99279E-05 9.99279E-05
0.506219 0.101339 9.99549E-05 0.0222405 0.197238 0.0692994 9.99549E-05 9.99549E-05 0.00812909 0.0787774 0.0162586 9.99549E-05 9.99549E-05
9.9946E-05 9.9946E-05 9.9946E-05 9.9946E-05 0.144797 9.9946E-05 9.9946E-05 0.0267074 0.101931 0.309448 0.362829 0.0272338 0.0264542
0.110623 0.111433 9.9928E-05 9.9928E-05 0.333032 0.137714 9.9928E-05 9.9928E-05 0.306398 9.9928E-05 9.9928E-05 9.9928E-05 9.9928E-05
9.99189E-05 9.99189E-05 0.0734948 9.99189E-05 0.803489 9.99189E-05 9.99189E-05 0.0253412 9.99189E-05 0.0967756 9.99189E-05 9.99189E-05 9.99189E-05
0.268348 0.0116223 0.147123 9.9937E-05 0.0517589 9.9937E-05 9.9937E-05 9.9937E-05 0.0723029 9.9937E-05 9.9937E-05 0.448145 9.9937E-05
0.0695036 0.0503078 9.99459E-05 0.0537391 0.585019 0.102036 9.99459E-05 9.99459E-05 0.116849 9.99459E-05 9.99459E-05 9.99459E-05 0.0219463
0.0732019 9.99189E-05 9.99189E-05 9.99189E-05 9.99189E-05 0.0316989 9.99189E-05 9.99189E-05 0.806501 0.087699 9.99189E-05 9.99189E-05 9.99189E-05
0.537065 9.9937E-05 9.9937E-05 9.9937E-05 0.139853 0.120062 9.9937E-05 0.00807823 9.9937E-05 0.0734211 9.9937E-05 9.9937E-05 0.120821
0.337883 0.0094203 0.179819 0.161911 9.99639E-05 0.130141 0.0180908 0.0590517 0.072076 9.99639E-05 0.0312069 9.99639E-05 9.99639E-05
0.117531 0.0622222 0.514508 0.0134489 9.99279E-05 9.99279E-05 9.99279E-05 9.99279E-05 0.291491 9.99279E-05 9.99279E-05 9.99279E-05 9.99279E-05
0.746157 9.99369E-05 0.0141087 0.0451207 0.0304062 0.0702529 0.0932546 9.99369E-05 9.99369E-05 9.99369E-05 9.99369E-05 9.99369E-05 9.99369E-05
0.21295 0.0144497 9.99369E-05 0.592494 9.99369E-05 0.0443923 9.99369E-05 9.99369E-05 0.13363 9.99369E-05 9.99369E-05 9.99369E-05 0.00138437
0.568345 9.99459E-05 0.0996413 9.99459E-05 9.99459E-05 0.1438 9.99459E-05 9.99459E-05 0.01388 0.0819377 0.0602769 9.99459E-05 0.0315188
0.213291 9.99369E-05 0.0349393 9.99369E-05 9.99369E-05 0.079917 9.99369E-05 9.99369E-05 9.99369E-05 0.441281 0.0786972 0.151174 9.99369E-05
9.99189E-05 0.0169572 0.421579 9.99189E-05 9.99189E-05 0.256288 9.99189E-05 9.99189E-05 0.304277 9.99189E-05 9.99189E-05 9.99189E-05 9.99189E-05
9.99459E-05 9.99459E-05 0.109889 9.99459E-05 0.0414541 0.288208 0.0224675 0.00451501 9.99459E-05 0.0698287 9.99459E-05 0.463038 9.99459E-05
0.0506458 9.99549E-05 9.99549E-05 0.406787 0.184251 9.99549E-05 0.000834555 9.99549E-05 9.99549E-05 0.213942 0.0309574 0.0206812 0.0914015
0.0227323 9.99279E-05 0.196332 0.0454769 9.99279E-05 9.99279E-05 9.99279E-05 9.99279E-05 9.99279E-05 9.99279E-05 0.680542 0.054117 9.99279E-05
0.0849169 0.0290492 0.519865 0.113861 0.00660355 9.99369E-05 9.99369E-05 9.99369E-05 0.245005 9.99369E-05 9.99369E-05 9.99369E-05 9.99369E-05
0.0741766 9.99189E-05 0.274354 0.0800129 9.99189E-05 9.99189E-05 9.99189E-05 9.99189E-05 0.570557 9.99189E-05 9.99189E-05 9.99189E-05 9.99189E-05
0.0640118 9.9937E-05 9.9937E-05 9.9937E-05 0.0924702 0.207665 9.9937E-05 9.9937E-05 9.9937E-05 0.139334 0.206774 0.289045 9.9937E-05
0.75361 0.0512263 9.995E-05 0.0171514 0.00521701 9.995E-05 0.0539574 0.0178811 9.995E-05 9.995E-05 0.0899944 0.0104626 9.995E-05
0.467613 0.0252293 0.179001 0.18472 9.99549E-05 0.0297913 0.0292109 0.0402565 9.99549E-05 0.0436783 9.99549E-05 9.99549E-05 9.99549E-05
9.99189E-05 9.99189E-05 0.205763 0.122688 9.99189E-05 9.99189E-05 9.99189E-05 9.99189E-05 0.669127 0.0015236 9.99189E-05 9.99189E-05 9.99189E-05
0.120337 9.99549E-05 0.589558 0.0698042 0.0489208 0.0522284 0.000621955 0.0221689 9.99549E-05 9.99549E-05 0.0958608 9.99549E-05 9.99549E-05
0.137739 9.99549E-05 0.205653 0.00996759 9.99549E-05 0.170054 9.99549E-05 0.0718183 9.99549E-05 0.143637 0.0198655 0.240766 9.99549E-05
0.0908878 9.99459E-05 0.00364935 9.99459E-05 9.99459E-05 0.0136157 0.00897578 9.99459E-05 9.99459E-05 0.552352 0.319444 9.99459E-05 0.0104757
0.15367 9.99279E-05 9.99279E-05 0.0678077 0.200839 9.99279E-05 0.0113784 9.99279E-05 9.99279E-05 9.99279E-05 0.565506 9.99279E-05 9.99279E-05
0.163555 9.99459E-05 0.261368 0.181723 9.99459E-05 9.99459E-05 0.0131761 9.99459E-05 9.99459E-05 0.0226182 0.0243071 0.332653 9.99459E-05
0.146479 9.99369E-05 9.99369E-05 0.0609423 0.193733 9.99369E-05 9.99369E-05 9.99369E-05 0.561083 0.00241045 9.99369E-05 9.99369E-05 0.0346533
0.0121901 0.000318329 9.99369E-05 0.0736118 0.558379 9.99369E-05 9.99369E-05 9.99369E-05 9.99369E-05 0.330499 9.99369E-05 9.99369E-05 0.0243023
0.232201 9.99189E-05 9.99189E-05 0.133178 0.204052 9.99189E-05 9.99189E-05 9.99189E-05 0.42967 9.99189E-05 9.99189E-05 9.99189E-05 9.99189E-05
0.418567 9.99369E-05 9.99369E-05 0.246378 0.190385 0.0162194 9.99369E-05 9.99369E-05 0.0742594 9.99369E-05 9.99369E-05 9.99369E-05 0.0534918
0.106945 9.99279E-05 9.99279E-05 9.99279E-05 0.608587 0.0352102 9.99279E-05 9.99279E-05 9.99279E-05 0.150495 9.99279E-05 9.99279E-05 0.0979625
9.99279E-05 0.019262 9.99279E-05 0.0096969 0.157882 9.99279E-05 9.99279E-05 9.99279E-05 0.803003 0.00935603 9.99279E-05 9.99279E-05 9.99279E-05
0.166373 0.0811343 0.479538 0.154053 9.99368E-05 9.99368E-05 9.99368E-05 9.99368E-05 0.0624486 9.99368E-05 0.0557531 9.99368E-05 9.99368E-05
0.609499 0.0281271 0.00553708 0.0267699 9.99549E-05 0.0706148 9.99549E-05 0.00621342 0.236227 9.99549E-05 0.0165119 9.99549E-05 9.99549E-05
9.99279E-05 9.99279E-05 0.304419 9.99279E-05 9.99279E-05 0.0439869 9.99279E-05 0.048523 9.99279E-05 0.00638195 0.59589 9.99279E-05 9.99279E-05
0.249273 9.99368E-05 0.274617 9.99368E-05 9.99368E-05 0.152676 9.99368E-05 0.0388595 9.99368E-05 9.99368E-05 0.24199 9.99368E-05 0.0418847
0.211178 9.99369E-05 9.99369E-05 9.99369E-05 0.0272049 0.126998 9.99369E-05 9.99369E-05 0.0291937 9.99369E-05 0.475361 9.99369E-05 0.129364
9.99188E-05 0.0198752 0.0794154 9.99188E-05 9.99188E-05 9.99188E-05 9.99188E-05 9.99188E-05 0.626498 9.99188E-05 0.273312 9.99188E-05 9.99188E-05
0.0748771 9.99279E-05 9.99279E-05 9.99279E-05 9.99279E-05 9.99279E-05 9.99279E-05 9.99279E-05 9.99279E-05 0.0306359 0.238513 0.593027 0.0621482
0.349467 0.0754429 0.141807 0.116243 9.996E-05 9.996E-05 0.0340158 0.0154102 0.0615942 9.996E-05 0.0480364 9.996E-05 0.157583
0.0295471 0.0639992 9.99459E-05 0.120599 9.99459E-05 0.0304035 9.99459E-05 9.99459E-05 9.99459E-05 0.163595 0.539308 0.0519488 9.99459E-05
0.0331747 9.99279E-05 9.99279E-05 9.99279E-05 0.0765088 9.99279E-05 9.99279E-05 9.99279E-05 9.99279E-05 9.99279E-05 0.376228 0.419805 0.0934847
0.0586066 9.99279E-05 0.00119311 0.0227651 9.99279E-05 9.99279E-05 9.99279E-05 9.99279E-05 9.99279E-05 9.99279E-05 0.910925 9.99279E-05 0.00571081
0.0660354 0.00438709 9.99369E-05 9.99369E-05 9.99369E-05 0.0266327 9.99369E-05 9.99369E-05 9.99369E-05 0.189684 0.638106 9.99369E-05 0.0744553
9.99189E-05 0.0439823 9.99189E-05 9.99189E-05 9.99189E-05 9.99189E-05 0.0187054 9.99189E-05 0.0803056 9.99189E-05 0.856107 9.99189E-05 9.99189E-05
0.522315 0.0245323 9.99459E-05 0.0951271 9.99459E-05 9.99459E-05 9.99459E-05 0.0407185 0.0451096 9.99459E-05 0.163307 9.99459E-05 0.108291
0.490566 0.149833 9.99369E-05 0.094175 9.99369E-05 0.0823006 9.99369E-05 0.010059 0.172368 9.99369E-05 9.99369E-05 9.99369E-05 9.99369E-05
9.99639E-05 9.99639E-05 0.0415839 9.99639E-05 0.0644518 0.148778 0.0355803 0.003175 0.0498382 0.080581 0.0678245 0.507787 9.99639E-05
9.99369E-05 9.99369E-05 0.418053 0.0408689 0.00613365 9.99369E-05 0.0269291 9.99369E-05 9.99369E-05 9.99369E-05 0.489665 0.0176506 9.99369E-05
0.303183 0.0634802 0.253859 0.103173 9.99639E-05 0.102057 0.0231642 0.0672971 0.0302158 9.99639E-05 9.99639E-05 0.0531702 9.99639E-05
9.99189E-05 9.99189E-05 0.552758 9.99189E-05 9.99189E-05 0.0251072 9.99189E-05 9.99189E-05 0.420738 9.99189E-05 9.99189E-05 9.99189E-05 0.000497805
0.28886 9.9919E-05 9.9919E-05 0.00856944 9.9919E-05 9.9919E-05 9.9919E-05 9.9919E-05 0.672059 9.9919E-05 0.0296116 9.9919E-05 9.9919E-05
9.99189E-05 0.0446923 0.437296 9.99189E-05 9.99189E-05 9.99189E-05 9.99189E-05 9.99189E-05 0.500071 9.99189E-05 0.0170411 9.99189E-05 9.99189E-05
