0.206343 9.9964E-05 0.151373 9.9964E-05 0.382744 9.9964E-05 0.0082345 0.0635982 0.0134645 0.173843 9.9964E-05
0.132094 9.99369E-05 0.341011 9.99369E-05 0.403607 9.99369E-05 9.99369E-05 9.99369E-05 9.99369E-05 0.122589 9.99369E-05
9.99639E-05 9.99639E-05 9.99639E-05 0.027133 0.6747 0.0145483 0.0420257 0.0327822 0.142853 9.99639E-05 0.0655575
0.189542 9.99549E-05 0.412558 9.99549E-05 0.0682213 0.177938 0.105744 0.0454975 9.99549E-05 9.99549E-05 9.99549E-05
0.372049 0.0535256 0.260439 9.99549E-05 9.99549E-05 0.121698 0.0634337 9.99549E-05 9.99549E-05 0.128356 9.99549E-05
0.0670649 0.0538544 0.0369705 0.0665113 0.405523 9.99549E-05 0.369576 9.99549E-05 9.99549E-05 9.99549E-05 9.99549E-05
9.99369E-05 9.99369E-05 9.99369E-05 0.00671591 0.613415 9.99369E-05 9.99369E-05 9.99369E-05 0.302605 9.99369E-05 0.0765648
0.00932295 9.9946E-05 9.9946E-05 0.0317094 0.602372 9.9946E-05 0.231704 9.9946E-05 9.9946E-05 0.124292 9.9946E-05
9.9973E-05 9.9973E-05 0.430394 0.0321441 0.142663 0.108026 0.132312 0.0118207 0.0640979 0.0782412 9.9973E-05
9.99459E-05 9.99459E-05 9.99459E-05 9.99459E-05 0.0727814 9.99459E-05 0.333774 0.0575315 0.269976 9.99459E-05 0.265337
0.0202644 0.0354426 0.639034 9.9964E-05 9.9964E-05 9.9964E-05 0.0884437 0.0357732 0.172559 0.00808283 9.9964E-05
9.99369E-05 9.99369E-05 0.514081 9.99369E-05 9.99369E-05 0.11422 0.238822 9.99369E-05 9.99369E-05 0.132177 9.99369E-05
0.0992484 0.205651 0.105903 0.0657282 0.214342 0.222284 9.9973E-05 0.0189665 0.0675769 9.9973E-05 9.9973E-05
9.99279E-05 9.99279E-05 9.99279E-05 9.99279E-05 0.534548 9.99279E-05 0.223091 9.99279E-05 0.241561 9.99279E-05 9.99279E-05
9.99369E-05 9.99369E-05 0.77679 9.99369E-05 9.99369E-05 9.99369E-05 0.0741901 9.99369E-05 0.0311522 0.117168 9.99369E-05
9.99549E-05 9.99549E-05 9.99549E-05 0.053714 0.28262 9.99549E-05 0.000605839 0.0314893 0.374506 9.99549E-05 0.256565
9.99459E-05 9.99459E-05 9.99459E-05 9.99459E-05 0.640623 0.0362438 0.0130581 9.99459E-05 0.292555 9.99459E-05 0.0169207
0.0227237 0.0134295 0.0558852 9.99549E-05 0.845785 9.99549E-05 0.00225813 9.99549E-05 0.0594184 9.99549E-05 9.99549E-05
9.9955E-05 0.0611404 0.284075 9.9955E-05 0.271797 0.264507 0.0717206 9.9955E-05 9.9955E-05 0.0462598 9.9955E-05
0.249094 9.99279E-05 9.99279E-05 9.99279E-05 9.99279E-05 9.99279E-05 9.99279E-05 0.723384 9.99279E-05 0.0267229 9.99279E-05
0.155011 9.99279E-05 9.99279E-05 9.99279E-05 9.99279E-05 0.0903453 9.99279E-05 0.753844 9.99279E-05 9.99279E-05 9.99279E-05
0.108464 0.0129683 9.99368E-05 9.99368E-05 9.99368E-05 9.99368E-05 0.0155081 0.86236 9.99368E-05 9.99368E-05 9.99368E-05
9.99279E-05 9.99279E-05 9.99279E-05 9.99279E-05 9.99279E-05 0.363671 9.99279E-05 0.616273 9.99279E-05 0.0192566 9.99279E-05
9.99369E-05 9.99369E-05 0.176734 9.99369E-05 9.99369E-05 0.0728868 9.99369E-05 0.738865 9.99369E-05 0.0108144 9.99369E-05
9.99459E-05 9.99459E-05 9.99459E-05 0.211177 0.16156 9.99459E-05 0.0193259 0.485544 0.121793 9.99459E-05 9.99459E-05
9.99459E-05 9.99459E-05 0.205804 0.0160525 9.99459E-05 9.99459E-05 0.0628424 0.392577 9.99459E-05 0.322125 9.99459E-05
9.99279E-05 9.99279E-05 9.99279E-05 0.199265 9.99279E-05 9.99279E-05 9.99279E-05 0.21321 9.99279E-05 9.99279E-05 0.586725
0.410384 9.99279E-05 9.99279E-05 9.99279E-05 9.99279E-05 9.99279E-05 9.99279E-05 0.218555 9.99279E-05 0.370262 9.99279E-05
9.99279E-05 0.0641126 9.99279E-05 9.99279E-05 9.99279E-05 9.99279E-05 9.99279E-05 0.854247 0.0808415 9.99279E-05 9.99279E-05
9.99189E-05 9.99189E-05 9.99189E-05 9.99189E-05 9.99189E-05 0.158979 9.99189E-05 0.840122 9.99189E-05 9.99189E-05 9.99189E-05
9.9955E-05 9.9955E-05 9.9955E-05 0.00487894 0.0420811 0.147701 9.9955E-05 0.580453 0.0106257 9.9955E-05 0.21376
9.995E-05 0.125439 9.995E-05 0.351854 9.995E-05 9.995E-05 0.0210114 0.217075 0.122906 0.161216 9.995E-05
9.99278E-05 9.99278E-05 9.99278E-05 9.99278E-05 9.99278E-05 9.99278E-05 9.99278E-05 0.63126 0.0477431 9.99278E-05 0.320198
9.99369E-05 9.99369E-05 9.99369E-05 0.0428993 0.261875 9.99369E-05 9.99369E-05 0.691243 9.99369E-05 9.99369E-05 0.00328292
9.99308E-05 9.99308E-05 0.0194193 9.99308E-05 9.99308E-05 0.148116 9.99308E-05 0.831665 9.99308E-05 9.99308E-05 9.99308E-05
0.0758033 9.99459E-05 0.142832 9.99459E-05 9.99459E-05 0.0259046 9.99459E-05 0.734585 9.99459E-05 0.0202752 9.99459E-05
0.184599 9.99369E-05 0.0807425 9.99369E-05 9.99369E-05 9.99369E-05 9.99369E-05 0.72393 9.99369E-05 9.99369E-05 0.0100289
9.99279E-05 9.99279E-05 9.99279E-05 9.99279E-05 9.99279E-05 0.318372 9.99279E-05 0.644973 9.99279E-05 0.0358564 9.99279E-05
0.135655 9.99368E-05 0.0618561 0.768153 9.99368E-05 9.99368E-05 9.99368E-05 9.99368E-05 9.99368E-05 0.0336363 9.99368E-05
0.0270306 0.0961014 9.9937E-05 0.690728 9.9937E-05 9.9937E-05 9.9937E-05 9.9937E-05 9.9937E-05 9.9937E-05 0.185441
9.99369E-05 9.99369E-05 9.99369E-05 0.453696 9.99369E-05 9.99369E-05 9.99369E-05 0.0930653 0.0190878 9.99369E-05 0.433452
0.157949 9.99459E-05 9.99459E-05 0.425251 9.99459E-05 0.287659 9.99459E-05 9.99459E-05 9.99459E-05 0.078273 0.0502681
0.0622883 0.00419935 9.99639E-05 0.562826 0.00723323 9.99639E-05 0.012194 0.285747 0.0651132 9.99639E-05 9.99639E-05
9.9964E-05 0.0473997 9.9964E-05 0.586613 0.0935252 9.9964E-05 0.0393387 0.11199 0.0332791 9.9964E-05 0.0874544
9.99549E-05 9.99549E-05 0.0405512 0.015368 9.99549E-05 0.101389 9.99549E-05 0.0339859 9.99549E-05 0.791963 0.0162431
9.99279E-05 9.99279E-05 0.367641 0.473196 9.99279E-05 9.99279E-05 9.99279E-05 9.99279E-05 9.99279E-05 0.158364 9.99279E-05
9.99459E-05 9.99459E-05 9.99459E-05 0.462189 0.074337 9.99459E-05 9.99459E-05 0.175675 0.064544 9.99459E-05 0.222655
0.0999917 9.99369E-05 0.0949885 0.774874 9.99369E-05 9.99369E-05 0.0294459 9.99369E-05 9.99369E-05 9.99369E-05 9.99369E-05
0.0775509 9.99279E-05 9.99279E-05 0.316004 9.99279E-05 9.99279E-05 9.99279E-05 9.99279E-05 9.99279E-05 9.99279E-05 0.605646
0.0709239 9.9946E-05 0.100209 0.566644 9.9946E-05 0.0258249 9.9946E-05 9.9946E-05 9.9946E-05 0.235799 9.9946E-05
0.129212 0.00258893 9.99369E-05 0.68371 9.99369E-05 9.99369E-05 9.99369E-05 9.99369E-05 9.99369E-05 9.99369E-05 0.183789
0.27072 9.9937E-05 9.9937E-05 0.487114 9.9937E-05 0.19378 9.9937E-05 0.0476864 9.9937E-05 9.9937E-05 9.9937E-05
9.99459E-05 9.99459E-05 0.358429 0.343001 9.99459E-05 9.99459E-05 0.014679 0.161467 9.99459E-05 0.121825 9.99459E-05
9.9937E-05 9.9937E-05 0.464892 0.489686 9.9937E-05 9.9937E-05 9.9937E-05 0.038447 9.9937E-05 0.00627544 9.9937E-05
0.0725155 9.9955E-05 9.9955E-05 0.217109 9.9955E-05 0.306996 9.9955E-05 0.0490276 0.0423955 0.311456 9.9955E-05
9.99279E-05 9.99279E-05 9.99279E-05 9.99279E-05 9.99279E-05 0.378996 9.99279E-05 0.389785 9.99279E-05 0.23042 9.99279E-05
0.0160973 0.0869981 9.99549E-05 0.788171 9.99549E-05 9.99549E-05 0.00154529 9.99549E-05 0.0792617 9.99549E-05 0.0274266
0.22015 9.9955E-05 9.9955E-05 0.530711 9.9955E-05 0.0634408 9.9955E-05 0.0778254 9.9955E-05 0.0575986 0.0497746
9.99369E-05 0.0502691 9.99369E-05 0.714319 9.99369E-05 9.99369E-05 9.99369E-05 9.99369E-05 0.126657 9.99369E-05 0.108056
0.278548 9.99278E-05 9.99278E-05 0.533777 9.99278E-05 9.99278E-05 9.99278E-05 9.99278E-05 9.99278E-05 0.186875 9.99278E-05
0.0608084 9.99458E-05 0.166989 0.574096 9.99458E-05 9.99458E-05 9.99458E-05 0.0454333 9.99458E-05 0.152074 9.99458E-05
9.99279E-05 9.99279E-05 0.282545 0.604106 9.99279E-05 9.99279E-05 9.99279E-05 9.99279E-05 9.99279E-05 0.11255 9.99279E-05
9.99549E-05 0.191022 9.99549E-05 0.415711 9.99549E-05 9.99549E-05 9.99549E-05 0.0252218 0.152145 0.173508 0.0418916
9.99369E-05 9.99369E-05 9.99369E-05 0.417648 9.99369E-05 0.437382 9.99369E-05 0.0161865 9.99369E-05 0.128083 9.99369E-05
9.99459E-05 9.99459E-05 9.99459E-05 0.455025 0.278154 9.99459E-05 9.99459E-05 0.00471569 9.99459E-05 0.0374102 0.224095
9.99549E-05 9.99549E-05 0.295342 0.269903 9.99549E-05 9.99549E-05 0.0362543 0.169017 0.0172035 0.21178 9.99549E-05
0.174761 9.99369E-05 9.99369E-05 0.381376 9.99369E-05 0.0832535 9.99369E-05 9.99369E-05 9.99369E-05 0.35991 9.99369E-05
0.255643 9.99369E-05 0.0396701 0.336945 9.99369E-05 9.99369E-05 9.99369E-05 9.99369E-05 9.99369E-05 0.367042 9.99369E-05
9.99548E-05 9.99548E-05 9.99548E-05 0.198064 0.0960637 9.99548E-05 0.0194349 0.145793 0.0210144 0.519131 9.99548E-05
9.99549E-05 0.0490808 9.99549E-05 0.21647 9.99549E-05 9.99549E-05 0.0942047 0.298906 0.0887728 0.252066 9.99549E-05
9.99549E-05 0.0458557 9.99549E-05 0.17372 9.99549E-05 9.99549E-05 9.99549E-05 0.205959 0.102175 0.166009 0.305781
9.99459E-05 9.99459E-05 9.99459E-05 0.529963 0.0781053 9.99459E-05 9.99459E-05 0.0069843 9.99459E-05 0.0129216 0.371426
9.99279E-05 9.99279E-05 9.99279E-05 9.99279E-05 9.99279E-05 0.218465 9.99279E-05 0.590265 9.99279E-05 0.19047 9.99279E-05
9.99549E-05 0.0590511 9.99549E-05 0.661326 0.031248 9.99549E-05 9.99549E-05 9.99549E-05 0.112608 0.000845023 0.134421
0.139856 9.99549E-05 0.00708023 0.360241 9.99549E-05 9.99549E-05 0.00277946 0.00653745 9.99549E-05 0.483006 9.99549E-05
9.99549E-05 9.99549E-05 0.258763 0.144414 9.99549E-05 0.0333031 0.0278565 0.251083 9.99549E-05 0.284081 9.99549E-05
9.99459E-05 9.99459E-05 9.99459E-05 0.0107221 0.025233 9.99459E-05 9.99459E-05 0.743298 0.0814979 9.99459E-05 0.13865
9.99369E-05 9.99369E-05 9.99369E-05 0.223824 0.00683012 9.99369E-05 9.99369E-05 0.214651 9.99369E-05 9.99369E-05 0.553996
9.99549E-05 0.0117181 9.99549E-05 0.0664423 0.102333 9.99549E-05 9.99549E-05 0.734102 0.0720559 9.99549E-05 0.0128482
0.046034 0.0922897 9.99639E-05 0.187216 9.99639E-05 9.99639E-05 0.0519094 0.339731 0.0544614 0.227959 9.99639E-05
0.125253 0.00573541 9.99459E-05 0.234673 9.99459E-05 9.99459E-05 9.99459E-05 0.151167 9.99459E-05 9.99459E-05 0.482571
9.99369E-05 9.99369E-05 0.032492 0.423582 9.99369E-05 0.335209 9.99369E-05 0.208017 9.99369E-05 9.99369E-05 9.99369E-05
0.12045 9.99279E-05 9.99279E-05 0.694031 9.99279E-05 0.184719 9.99279E-05 9.99279E-05 9.99279E-05 9.99279E-05 9.99279E-05
0.0228714 9.9955E-05 0.0442879 0.482844 9.9955E-05 0.293704 9.9955E-05 0.12807 9.9955E-05 9.9955E-05 0.0277219
9.99459E-05 9.99459E-05 9.99459E-05 0.687362 0.0117559 9.99459E-05 0.000926118 9.99459E-05 0.0658574 9.99459E-05 0.233499
0.387596 9.99368E-05 9.99368E-05 0.438322 9.99368E-05 9.99368E-05 9.99368E-05 0.0350273 9.99368E-05 0.138356 9.99368E-05
9.99368E-05 9.99368E-05 0.0513868 0.38496 9.99368E-05 0.149896 9.99368E-05 9.99368E-05 9.99368E-05 0.413058 9.99368E-05
9.99549E-05 9.99549E-05 9.99549E-05 0.101864 0.176432 9.99549E-05 0.0299287 0.314761 0.12861 0.247904 9.99549E-05
9.99459E-05 9.99459E-05 9.99459E-05 0.511806 0.220491 9.99459E-05 9.99459E-05 0.0165292 9.99459E-05 0.0402519 0.210322
9.99278E-05 9.99278E-05 9.99278E-05 9.99278E-05 0.0842073 9.99278E-05 9.99278E-05 0.280119 9.99278E-05 0.634874 9.99278E-05
9.99368E-05 9.99368E-05 9.99368E-05 0.498443 0.293729 9.99368E-05 9.99368E-05 9.99368E-05 9.99368E-05 0.166657 0.0404715
9.99459E-05 9.99459E-05 9.99459E-05 0.377896 0.308325 9.99459E-05 9.99459E-05 0.0156895 9.99459E-05 0.238534 0.0589551
0.0289753 9.99369E-05 9.99369E-05 9.99369E-05 9.99369E-05 9.99369E-05 9.99369E-05 0.0425995 0.0278248 0.899901 9.99369E-05
9.99279E-05 9.99279E-05 9.99279E-05 0.528337 0.278323 9.99279E-05 9.99279E-05 9.99279E-05 9.99279E-05 0.192541 9.99279E-05
9.99459E-05 9.99459E-05 9.99459E-05 0.320719 0.198927 9.99459E-05 0.0537291 0.083323 9.99459E-05 0.342702 9.99459E-05
0.0384306 0.621875 9.99369E-05 9.99369E-05 9.99369E-05 9.99369E-05 9.99369E-05 9.99369E-05 0.0248334 9.99369E-05 0.314162
0.0473185 0.628257 9.9964E-05 0.0795644 0.00714241 0.0260255 9.9964E-05 0.0400812 9.9964E-05 9.9964E-05 0.171211
0.0446379 0.754439 9.99307E-05 9.99307E-05 9.99307E-05 0.200124 9.99307E-05 9.99307E-05 9.99307E-05 9.99307E-05 9.99307E-05
9.99279E-05 0.531895 0.15438 9.99279E-05 9.99279E-05 9.99279E-05 9.99279E-05 9.99279E-05 9.99279E-05 0.312926 9.99279E-05
9.99369E-05 0.626673 9.99369E-05 9.99369E-05 9.99369E-05 9.99369E-05 0.00311809 9.99369E-05 0.0985587 9.99369E-05 0.270951
9.99549E-05 0.191824 0.204082 9.99549E-05 0.170824 0.0200738 9.99549E-05 9.99549E-05 0.230451 0.182245 9.99549E-05
9.99278E-05 0.458225 9.99278E-05 9.99278E-05 0.411687 9.99278E-05 9.99278E-05 9.99278E-05 9.99278E-05 9.99278E-05 0.129289
0.000763662 0.768126 9.99369E-05 9.99369E-05 9.99369E-05 9.99369E-05 9.99369E-05 9.99369E-05 0.0277442 9.99369E-05 0.202667
9.99459E-05 0.721999 9.99459E-05 9.99459E-05 9.99459E-05 9.99459E-05 0.0616786 0.0506658 0.1473 0.0177561 9.99459E-05
0.396968 0.391206 0.0678877 9.99369E-05 9.99369E-05 9.99369E-05 9.99369E-05 9.99369E-05 9.99369E-05 0.143239 9.99369E-05
0.0974469 0.24283 9.99369E-05 9.99369E-05 9.99369E-05 9.99369E-05 0.041262 9.99369E-05 9.99369E-05 9.99369E-05 0.617762
0.107713 0.407559 0.382997 9.99459E-05 9.99459E-05 9.99459E-05 9.99459E-05 0.032876 9.99459E-05 9.99459E-05 0.0682561
9.99369E-05 0.78591 9.99369E-05 9.99369E-05 9.99369E-05 0.00787912 9.99369E-05 9.99369E-05 0.148926 9.99369E-05 0.0565854
0.0164228 0.554744 0.19539 0.0174986 0.00245295 9.99639E-05 9.99639E-05 9.99639E-05 0.160519 0.0525727 9.99639E-05
0.232729 0.559059 9.99459E-05 9.99459E-05 9.99459E-05 9.99459E-05 0.108636 0.0463114 0.0526652 9.99459E-05 9.99459E-05
9.99549E-05 0.291677 0.0257648 9.99549E-05 0.351891 9.99549E-05 0.0114077 0.0373155 0.281444 9.99549E-05 9.99549E-05
9.99368E-05 0.421869 0.345976 9.99368E-05 9.99368E-05 0.0945335 9.99368E-05 9.99368E-05 9.99368E-05 0.136922 9.99368E-05
9.99368E-05 0.353667 9.99368E-05 9.99368E-05 0.00397198 0.584194 9.99368E-05 9.99368E-05 9.99368E-05 0.0574668 9.99368E-05
0.0443994 0.617294 9.9964E-05 0.106644 9.9964E-05 9.9964E-05 0.0883659 0.096889 0.0196643 9.9964E-05 0.0263439
9.99459E-05 0.738549 9.99459E-05 9.99459E-05 0.146963 0.00101809 9.99459E-05 9.99459E-05 0.0563798 9.99459E-05 0.0564913
0.338398 0.555774 9.99459E-05 9.99459E-05 9.99459E-05 9.99459E-05 0.0415468 0.0346697 9.99459E-05 0.0290117 9.99459E-05
0.190908 0.522823 9.99279E-05 9.99279E-05 9.99279E-05 0.28547 9.99279E-05 9.99279E-05 9.99279E-05 9.99279E-05 9.99279E-05
0.38751 9.99549E-05 0.154588 9.99549E-05 0.220762 0.00679158 0.0747234 9.99549E-05 9.99549E-05 0.155125 9.99549E-05
9.99369E-05 9.99369E-05 9.99369E-05 9.99369E-05 0.199097 9.99369E-05 0.65276 9.99369E-05 9.99369E-05 0.00231607 0.145127
0.0364888 9.99549E-05 0.0320177 9.99549E-05 0.186626 0.553168 9.99549E-05 9.99549E-05 0.0997491 0.0914499 9.99549E-05
0.0430578 0.00593527 9.99459E-05 9.99459E-05 0.248522 9.99459E-05 0.100344 9.99459E-05 0.601541 9.99459E-05 9.99459E-05
9.99187E-05 9.99187E-05 9.99187E-05 9.99187E-05 9.99187E-05 9.99187E-05 0.423464 9.99187E-05 9.99187E-05 9.99187E-05 0.575637
0.0107615 9.99459E-05 0.627263 9.99459E-05 9.99459E-05 0.155589 0.0395025 9.99459E-05 0.166284 9.99459E-05 9.99459E-05
0.0710302 9.99459E-05 0.157215 9.99459E-05 9.99459E-05 9.99459E-05 0.665962 0.0293705 9.99459E-05 9.99459E-05 0.0758226
0.16373 0.0154906 0.0515645 0.0956935 0.539498 0.0242147 0.0867945 9.99729E-05 9.99729E-05 0.022714 9.99729E-05
9.99189E-05 9.99189E-05 9.99189E-05 9.99189E-05 9.99189E-05 0.299579 0.699521 9.99189E-05 9.99189E-05 9.99189E-05 9.99189E-05
9.99459E-05 9.99459E-05 9.99459E-05 9.99459E-05 0.25322 0.0203838 0.210865 9.99459E-05 0.172846 9.99459E-05 0.342086
0.25258 9.99639E-05 0.468451 0.0257389 0.0061831 0.029871 0.19429 9.99639E-05 9.99639E-05 0.022486 9.99639E-05
9.99279E-05 9.99279E-05 9.99279E-05 9.99279E-05 9.99279E-05 0.419922 0.51929 9.99279E-05 9.99279E-05 0.059989 9.99279E-05
9.99188E-05 9.99188E-05 9.99188E-05 9.99188E-05 9.99188E-05 9.99188E-05 0.334385 9.99188E-05 9.99188E-05 9.99188E-05 0.664715
0.0588824 9.99549E-05 0.72445 9.99549E-05 0.0218126 0.106057 9.99549E-05 9.99549E-05 0.0417636 0.0465346 9.99549E-05
9.99369E-05 9.99369E-05 0.196129 9.99369E-05 9.99369E-05 0.262382 0.534673 9.99369E-05 9.99369E-05 0.00611614 9.99369E-05
9.99368E-05 9.99368E-05 0.40075 9.99368E-05 0.168253 0.306461 9.99368E-05 9.99368E-05 0.123837 9.99368E-05 9.99368E-05
9.99188E-05 9.99188E-05 9.99188E-05 9.99188E-05 9.99188E-05 9.99188E-05 0.402916 9.99188E-05 9.99188E-05 9.99188E-05 0.596185
9.99368E-05 9.99368E-05 0.320141 0.00611247 9.99368E-05 0.354438 0.318609 9.99368E-05 9.99368E-05 9.99368E-05 9.99368E-05
0.23704 0.0151958 0.54665 0.00261705 0.102735 9.99639E-05 9.99639E-05 9.99639E-05 0.0141125 0.0812507 9.99639E-05
9.99458E-05 9.99458E-05 0.0363909 9.99458E-05 0.453721 9.99458E-05 0.162519 9.99458E-05 0.251316 0.0954537 9.99458E-05
0.138212 0.0391832 9.99641E-05 9.99641E-05 0.101289 0.333635 9.99641E-05 9.99641E-05 0.199322 0.153057 0.0349021
0.0799797 9.99729E-05 0.0798267 9.99729E-05 0.0470245 0.388751 0.112727 0.00619009 0.230427 0.0547736 9.99729E-05
9.99278E-05 9.99278E-05 9.99278E-05 9.99278E-05 9.99278E-05 9.99278E-05 0.444728 9.99278E-05 0.214928 9.99278E-05 0.339545
9.99459E-05 9.99459E-05 0.455526 0.0831939 0.239784 9.99459E-05 0.139336 0.0815593 9.99459E-05 9.99459E-05 9.99459E-05
0.00203514 0.0269644 9.99548E-05 9.99548E-05 0.128191 9.99548E-05 0.715661 9.99548E-05 0.00175704 0.124891 9.99548E-05
9.9955E-05 0.261299 9.9955E-05 0.0487152 9.9955E-05 9.9955E-05 0.159739 0.0310022 0.446331 9.9955E-05 0.0524142
9.99639E-05 0.117758 0.377502 0.0684416 9.99639E-05 0.181901 0.192484 0.0381441 0.0233706 9.99639E-05 9.99639E-05
0.60552 0.09892 9.99369E-05 0.0391164 9.99369E-05 9.99369E-05 0.255745 9.99369E-05 9.99369E-05 9.99369E-05 9.99369E-05
0.0699375 9.9955E-05 9.9955E-05 9.9955E-05 9.9955E-05 0.0177255 9.9955E-05 0.0197319 0.186732 0.00102979 0.704344
0.0117521 0.157624 9.99729E-05 0.0194294 0.210926 9.99729E-05 0.31459 0.0393825 0.24455 9.99729E-05 0.00144578
9.99649E-05 0.102417 9.99649E-05 0.0443211 0.222545 9.99649E-05 0.0584984 0.02131 0.519734 9.99649E-05 0.0307748
0.324642 9.99549E-05 0.168022 9.99549E-05 9.99549E-05 0.00241822 0.133577 0.0524311 0.31841 9.99549E-05 9.99549E-05
9.99279E-05 9.99279E-05 9.99279E-05 9.99279E-05 0.0456908 9.99279E-05 9.99279E-05 9.99279E-05 0.733212 9.99279E-05 0.220298
0.0198593 9.99459E-05 0.488073 9.99459E-05 0.0965582 0.315305 9.99459E-05 9.99459E-05 0.0796047 9.99459E-05 9.99459E-05
9.99279E-05 9.99279E-05 9.99279E-05 9.99279E-05 9.99279E-05 9.99279E-05 0.0767482 9.99279E-05 0.831267 9.99279E-05 0.0911854
0.0867765 0.0151821 9.9964E-05 9.9964E-05 9.9964E-05 0.37851 0.334477 9.9964E-05 0.113175 0.00112724 0.0703522
0.18082 0.0692354 0.13527 9.99729E-05 0.00164507 0.437592 0.134187 9.99729E-05 0.0169771 9.99729E-05 0.0239744
0.292107 0.129746 0.0617561 0.0998497 9.9955E-05 9.9955E-05 0.261425 9.9955E-05 0.154617 9.9955E-05 9.9955E-05
0.25835 0.100179 0.0341717 0.0403685 0.466246 9.99549E-05 0.100185 9.99549E-05 9.99549E-05 9.99549E-05 9.99549E-05
0.293114 0.167114 9.99639E-05 0.012812 0.0436903 9.99639E-05 0.265032 0.0517629 0.166075 9.99639E-05 9.99639E-05
0.0945005 0.143232 9.99459E-05 9.99459E-05 9.99459E-05 0.430637 0.0264618 9.99459E-05 0.30457 9.99459E-05 9.99459E-05
0.137788 0.0146696 9.99459E-05 9.99459E-05 0.0218595 9.99459E-05 9.99459E-05 9.99459E-05 0.291885 9.99459E-05 0.533198
0.000801904 0.00297119 9.99459E-05 9.99459E-05 9.99459E-05 9.99459E-05 0.230903 9.99459E-05 0.192923 9.99459E-05 0.571802
9.99459E-05 9.99459E-05 9.99459E-05 0.0505202 0.518623 9.99459E-05 0.220294 9.99459E-05 0.151432 9.99459E-05 0.058531
9.99369E-05 9.99369E-05 9.99369E-05 0.0436439 9.99369E-05 9.99369E-05 0.13339 9.99369E-05 0.523051 9.99369E-05 0.299216
0.133565 9.99369E-05 0.0458298 9.99369E-05 9.99369E-05 9.99369E-05 9.99369E-05 9.99369E-05 0.128701 9.99369E-05 0.691204
9.99549E-05 0.00106745 9.99549E-05 0.110452 0.44856 9.99549E-05 0.297471 0.00684984 9.99549E-05 9.99549E-05 0.1351
9.99459E-05 9.99459E-05 0.0138553 9.99459E-05 0.343987 0.00064369 0.109498 9.99459E-05 0.531416 9.99459E-05 9.99459E-05
9.9955E-05 9.9955E-05 0.45159 9.9955E-05 0.0113817 0.0368514 0.0185283 9.9955E-05 9.9955E-05 0.444829 0.0363193
9.99459E-05 9.99459E-05 0.573325 9.99459E-05 0.141757 0.149176 9.99459E-05 0.0268983 9.99459E-05 0.108244 9.99459E-05
9.995E-05 9.995E-05 0.0626044 9.995E-05 0.697446 9.995E-05 0.0178616 0.0255985 0.0881036 0.107886 9.995E-05
9.99549E-05 9.99549E-05 0.819311 9.99549E-05 0.0937607 0.0237712 9.99549E-05 0.0164115 9.99549E-05 0.0293948 0.0168508
9.99549E-05 0.0184826 0.640375 9.99549E-05 0.0159131 0.0615709 9.99549E-05 9.99549E-05 9.99549E-05 0.248287 0.0148718
9.99459E-05 9.99459E-05 0.069048 9.99459E-05 0.209271 0.575131 9.99459E-05 0.0471127 9.99459E-05 0.0988375 9.99459E-05
9.99369E-05 9.99369E-05 0.468122 9.99369E-05 0.105053 0.270209 9.99369E-05 9.99369E-05 9.99369E-05 0.155916 9.99369E-05
9.9955E-05 9.9955E-05 0.0422566 9.9955E-05 0.620444 9.9955E-05 9.9955E-05 0.030491 0.0794851 0.0617609 0.165063
9.99369E-05 9.99369E-05 9.99369E-05 9.99369E-05 0.193744 9.99369E-05 0.125392 9.99369E-05 0.114948 9.99369E-05 0.565216
9.99459E-05 0.0810841 0.273832 9.99459E-05 0.366935 9.99459E-05 0.0118421 9.99459E-05 9.99459E-05 0.265708 9.99459E-05
9.9937E-05 0.0308213 9.9937E-05 9.9937E-05 0.711268 9.9937E-05 9.9937E-05 9.9937E-05 9.9937E-05 0.0234894 0.233722
9.996E-05 9.996E-05 9.996E-05 0.0207955 0.635829 9.996E-05 0.0190121 0.0652402 0.049013 0.169471 0.0402401
0.000748996 0.00235577 0.231896 9.99549E-05 0.511288 9.99549E-05 9.99549E-05 9.99549E-05 0.0874519 0.165759 9.99549E-05
9.99459E-05 9.99459E-05 9.99459E-05 0.00590905 0.586483 9.99459E-05 0.0642086 9.99459E-05 0.197624 9.99459E-05 0.145176
9.9973E-05 0.0872545 0.0899233 0.0023238 0.619701 0.0133385 9.9973E-05 9.9973E-05 0.003464 0.0638169 0.119878
9.9946E-05 9.9946E-05 0.43514 0.0903774 0.106129 9.9946E-05 0.265038 0.102717 9.9946E-05 9.9946E-05 9.9946E-05
9.99639E-05 9.99639E-05 0.114939 0.0349712 0.572464 9.99639E-05 9.99639E-05 0.0448318 0.138105 0.0691454 0.0251445
0.0111024 0.149037 0.0157853 9.99549E-05 0.662476 0.00524009 9.99549E-05 9.99549E-05 9.99549E-05 0.15586 9.99549E-05
9.99279E-05 9.99279E-05 0.776077 9.99279E-05 9.99279E-05 9.99279E-05 9.99279E-05 9.99279E-05 0.133181 0.089943 9.99279E-05
0.0671705 0.0479122 0.35137 9.9946E-05 0.366303 9.9946E-05 9.9946E-05 9.9946E-05 9.9946E-05 0.166645 9.9946E-05
0.00823678 9.9946E-05 9.9946E-05 0.0275182 0.595146 0.0138264 9.9946E-05 9.9946E-05 9.9946E-05 9.9946E-05 0.354673
9.99459E-05 0.0313801 9.99459E-05 0.0364873 0.761221 0.0443508 9.99459E-05 9.99459E-05 0.125961 9.99459E-05 9.99459E-05
9.99369E-05 9.99369E-05 9.99369E-05 9.99369E-05 0.370327 9.99369E-05 0.0617506 9.99369E-05 0.150828 9.99369E-05 0.416395
0.0773968 9.99549E-05 0.663364 9.99549E-05 0.144721 0.0232431 0.0102441 9.99549E-05 9.99549E-05 0.0805318 9.99549E-05
0.00487569 9.9955E-05 0.210387 9.9955E-05 0.397782 9.9955E-05 0.0893497 9.9955E-05 0.0833165 0.213789 9.9955E-05
9.99459E-05 9.99459E-05 9.99459E-05 0.0207551 0.530447 9.99459E-05 0.0598942 9.99459E-05 0.102745 9.99459E-05 0.285558
0.0224827 0.0325515 0.463874 9.9955E-05 9.9955E-05 0.0882765 0.265611 9.9955E-05 9.9955E-05 0.126704 9.9955E-05
0.0274642 9.99459E-05 0.509452 9.99459E-05 9.99459E-05 9.99459E-05 0.36961 0.0687696 9.99459E-05 9.99459E-05 0.0241047
9.9964E-05 0.0536727 9.9964E-05 0.0874659 0.111953 9.9964E-05 0.0464897 0.0422552 0.533183 9.9964E-05 0.12458
9.99459E-05 0.111028 9.99459E-05 9.99459E-05 9.99459E-05 9.99459E-05 0.600811 0.0301099 0.22463 9.99459E-05 0.032822
9.9946E-05 9.9946E-05 0.535396 9.9946E-05 9.9946E-05 9.9946E-05 0.151627 0.083891 9.9946E-05 0.149633 0.0788532
9.99369E-05 9.99369E-05 0.353154 9.99369E-05 9.99369E-05 0.149939 0.366048 9.99369E-05 9.99369E-05 0.130159 9.99369E-05
9.9937E-05 9.9937E-05 0.436678 9.9937E-05 9.9937E-05 0.0920199 0.274987 9.9937E-05 9.9937E-05 0.195616 9.9937E-05
9.9928E-05 9.9928E-05 9.9928E-05 9.9928E-05 9.9928E-05 9.9928E-05 0.220873 9.9928E-05 0.210177 9.9928E-05 0.56815
9.9946E-05 9.9946E-05 9.9946E-05 0.0194568 0.28604 9.9946E-05 0.383292 9.9946E-05 0.294328 0.0162845 9.9946E-05
0.11117 0.327551 0.239028 0.0425983 0.0416445 9.99729E-05 0.212379 0.00446014 9.99729E-05 0.0208698 9.99729E-05
9.99279E-05 0.0281616 0.658232 9.99279E-05 9.99279E-05 9.99279E-05 0.312807 9.99279E-05 9.99279E-05 9.99279E-05 9.99279E-05
0.041185 0.0872474 9.99549E-05 9.99549E-05 0.00953266 9.99549E-05 0.183243 9.99549E-05 0.30258 9.99549E-05 0.375712
9.9955E-05 9.9955E-05 0.0437973 9.9955E-05 0.434802 9.9955E-05 0.238865 0.0476873 0.203541 0.0308071 9.9955E-05
9.99459E-05 9.99459E-05 0.0388362 0.0162928 0.601584 9.99459E-05 0.298477 0.0442104 9.99459E-05 9.99459E-05 9.99459E-05
0.378408 0.166972 9.99368E-05 9.99368E-05 0.0815741 9.99368E-05 0.372346 9.99368E-05 9.99368E-05 9.99368E-05 9.99368E-05
0.0292015 0.184207 9.99459E-05 0.0306111 0.538784 9.99459E-05 9.99459E-05 9.99459E-05 0.216597 9.99459E-05 9.99459E-05
0.10535 0.0304124 0.412713 0.0351283 0.325558 9.996E-05 0.00975009 9.996E-05 9.996E-05 0.0806874 9.996E-05
0.103978 9.99549E-05 0.272198 9.99549E-05 0.109805 9.99549E-05 0.248106 9.99549E-05 0.19973 0.0656847 9.99549E-05
9.9946E-05 9.9946E-05 0.515755 9.9946E-05 9.9946E-05 0.146476 0.259743 0.0587726 9.9946E-05 0.0186535 9.9946E-05
9.99549E-05 9.99549E-05 9.99549E-05 0.149563 0.244842 9.99549E-05 0.359002 0.0303679 0.10792 9.99549E-05 0.107806
9.99369E-05 9.99369E-05 0.594499 0.041129 9.99369E-05 9.99369E-05 0.270593 9.99369E-05 9.99369E-05 0.093079 9.99369E-05
9.99459E-05 9.99459E-05 0.294588 9.99459E-05 0.0978028 0.394997 0.179872 9.99459E-05 9.99459E-05 0.0321405 9.99459E-05
9.99278E-05 9.99278E-05 9.99278E-05 9.99278E-05 0.399941 9.99278E-05 0.199212 9.99278E-05 9.99278E-05 9.99278E-05 0.400048
9.99549E-05 9.99549E-05 0.196049 9.99549E-05 0.505216 9.99549E-05 0.0320055 9.99549E-05 0.172688 0.0869904 0.00655158
9.9937E-05 9.9937E-05 9.9937E-05 0.07643 0.708142 9.9937E-05 0.17102 9.9937E-05 9.9937E-05 9.9937E-05 0.043708
9.9946E-05 9.9946E-05 0.536452 9.9946E-05 9.9946E-05 0.000950961 0.0145092 9.9946E-05 9.9946E-05 0.39582 0.0516679
0.0607101 0.0131988 0.0985616 0.122727 0.117924 0.311156 0.00265274 0.0480848 9.9991E-05 0.189897 0.0349884
9.9955E-05 9.9955E-05 0.548898 0.0513136 0.134091 0.0148148 0.065936 9.9955E-05 9.9955E-05 0.184446 9.9955E-05
9.99369E-05 9.99369E-05 9.99369E-05 9.99369E-05 0.500708 9.99369E-05 0.144009 0.00713159 9.99369E-05 9.99369E-05 0.347452
9.99459E-05 9.99459E-05 0.359261 9.99459E-05 0.300157 0.0781734 0.0324304 9.99459E-05 9.99459E-05 0.229379 9.99459E-05
9.9946E-05 0.0909373 0.417322 9.9946E-05 0.0976482 9.9946E-05 0.0655844 9.9946E-05 9.9946E-05 0.327909 9.9946E-05
9.9946E-05 0.0608942 0.6224 9.9946E-05 9.9946E-05 0.0247484 9.9946E-05 9.9946E-05 9.9946E-05 0.222604 0.0687533
9.99279E-05 0.0393016 9.99279E-05 9.99279E-05 0.639145 9.99279E-05 9.99279E-05 9.99279E-05 9.99279E-05 9.99279E-05 0.320754
9.99639E-05 0.0242286 0.218637 0.00442444 0.567718 9.99639E-05 0.126798 0.0340377 9.99639E-05 0.0237567 9.99639E-05
9.9964E-05 9.9964E-05 0.59542 9.9964E-05 0.0245448 0.0439135 9.9964E-05 0.0436165 0.0229275 0.157107 0.112071
9.9964E-05 0.0234033 9.9964E-05 0.00906191 0.412588 0.0437433 0.178112 9.9964E-05 9.9964E-05 0.119003 0.213688
0.151856 9.9946E-05 0.40398 9.9946E-05 0.0796311 0.0577334 9.9946E-05 9.9946E-05 9.9946E-05 0.3062 9.9946E-05
0.143454 9.9946E-05 9.9946E-05 9.9946E-05 0.292857 0.401893 9.9946E-05 9.9946E-05 0.0891855 9.9946E-05 0.0720108
9.9946E-05 0.068913 0.0499747 9.9946E-05 0.464356 9.9946E-05 0.132705 9.9946E-05 9.9946E-05 0.283451 9.9946E-05
9.99279E-05 9.99279E-05 9.99279E-05 9.99279E-05 0.461522 9.99279E-05 0.0291402 9.99279E-05 9.99279E-05 9.99279E-05 0.508539
9.99639E-05 0.00255412 0.152533 9.99639E-05 0.461607 9.99639E-05 0.190418 0.0142557 0.0257183 0.152514 9.99639E-05
0.192957 0.116541 9.99729E-05 0.0103794 0.18798 9.99729E-05 0.145941 0.0257366 0.290561 9.99729E-05 0.0296042
0.0515189 0.061176 9.9937E-05 9.9937E-05 9.9937E-05 9.9937E-05 9.9937E-05 9.9937E-05 0.556607 9.9937E-05 0.329998
0.11741 0.0239408 0.0182773 0.0509637 0.618577 9.99639E-05 0.127179 9.99639E-05 0.0432529 9.99639E-05 9.99639E-05
9.99369E-05 0.603349 9.99369E-05 9.99369E-05 0.320566 9.99369E-05 0.07085 9.99369E-05 9.99369E-05 0.00453533 9.99369E-05
9.99459E-05 9.99459E-05 0.168592 9.99459E-05 0.405531 9.99459E-05 0.18011 0.00405221 0.241115 9.99459E-05 9.99459E-05
0.0498486 0.00202988 0.477966 9.99729E-05 0.111776 0.210511 0.120584 0.00760949 0.0193753 9.99729E-05 9.99729E-05
9.99369E-05 0.00206468 9.99369E-05 9.99369E-05 9.99369E-05 9.99369E-05 0.269563 9.99369E-05 0.333357 9.99369E-05 0.394316
0.127301 9.9946E-05 9.9946E-05 9.9946E-05 9.9946E-05 0.515979 0.304381 0.00886821 9.9946E-05 0.0428707 9.9946E-05
9.99459E-05 0.390865 0.335483 9.99459E-05 0.0208336 0.028417 9.99459E-05 9.99459E-05 9.99459E-05 0.223802 9.99459E-05
0.347247 9.99391E-05 0.358414 9.99391E-05 9.99391E-05 9.99391E-05 9.99391E-05 0.0202659 0.273373 9.99391E-05 9.99391E-05
0.142495 0.140035 9.99459E-05 9.99459E-05 0.0305572 9.99459E-05 9.99459E-05 9.99459E-05 0.335615 9.99459E-05 0.350697
0.0312982 0.0790826 9.99459E-05 9.99459E-05 0.181725 9.99459E-05 9.99459E-05 9.99459E-05 0.152914 9.99459E-05 0.55438
0.00996113 9.9955E-05 0.383913 9.9955E-05 0.0890573 0.306987 0.180911 0.028671 9.9955E-05 9.9955E-05 9.9955E-05
9.99549E-05 9.99549E-05 0.126799 0.0723 0.42965 9.99549E-05 9.99549E-05 0.00351628 0.363969 0.00326637 9.99549E-05
0.214733 0.178884 0.0332353 0.0331274 0.325583 9.99729E-05 0.0885396 0.0069932 0.118605 9.99729E-05 9.99729E-05
9.99459E-05 0.139664 0.00436565 9.99459E-05 0.106784 9.99459E-05 9.99459E-05 9.99459E-05 0.0279237 9.99459E-05 0.720663
0.473586 0.0852976 9.99369E-05 9.99369E-05 9.99369E-05 9.99369E-05 0.142489 9.99369E-05 0.297928 9.99369E-05 9.99369E-05
0.0691334 0.0548709 0.169419 9.99639E-05 9.99639E-05 0.272389 0.210366 0.0604229 0.162999 9.99639E-05 9.99639E-05
0.0526126 9.99639E-05 0.709368 9.99639E-05 0.0643805 9.99639E-05 0.0208444 0.00559206 9.99639E-05 0.102833 0.0439695
0.304887 9.99369E-05 0.530253 9.99369E-05 0.0603512 9.99369E-05 9.99369E-05 9.99369E-05 0.103809 9.99369E-05 9.99369E-05
0.42611 0.103607 9.99459E-05 9.99459E-05 0.171881 0.266009 9.99459E-05 9.99459E-05 9.99459E-05 9.99459E-05 0.0317933
9.99369E-05 0.00832097 9.99369E-05 9.99369E-05 0.610048 9.99369E-05 9.99369E-05 9.99369E-05 9.99369E-05 0.101043 0.279889
9.99459E-05 0.0490232 0.48508 9.99459E-05 0.169287 0.00499554 9.99459E-05 9.99459E-05 9.99459E-05 0.291015 9.99459E-05
9.9946E-05 0.135148 9.9946E-05 9.9946E-05 0.636641 0.0306089 9.9946E-05 9.9946E-05 9.9946E-05 0.0439846 0.153019
9.99459E-05 0.239065 0.0528525 9.99459E-05 0.552216 9.99459E-05 0.0668209 9.99459E-05 9.99459E-05 0.0884457 9.99459E-05
9.99459E-05 9.99459E-05 0.426659 9.99459E-05 0.133458 0.0112186 0.0606808 9.99459E-05 9.99459E-05 0.367383 9.99459E-05
9.99189E-05 9.99189E-05 9.99189E-05 9.99189E-05 0.456933 9.99189E-05 9.99189E-05 9.99189E-05 9.99189E-05 9.99189E-05 0.542167
0.170828 0.209073 9.99459E-05 0.00265188 9.99459E-05 9.99459E-05 9.99459E-05 9.99459E-05 0.439661 9.99459E-05 0.177187
9.99549E-05 0.0148581 9.99549E-05 0.00356591 0.495359 9.99549E-05 0.113879 9.99549E-05 0.348931 9.99549E-05 0.0229073
0.511987 9.99459E-05 0.182248 9.99459E-05 9.99459E-05 9.99459E-05 0.0625852 0.0523092 0.190271 9.99459E-05 9.99459E-05
0.112733 0.0418047 0.140062 9.99549E-05 9.99549E-05 9.99549E-05 0.231869 0.0558787 0.417153 9.99549E-05 9.99549E-05
9.99549E-05 9.99549E-05 0.379972 9.99549E-05 0.023065 9.99549E-05 0.122327 0.0155787 0.314887 0.14367 9.99549E-05
9.99279E-05 9.99279E-05 9.99279E-05 9.99279E-05 9.99279E-05 0.0169368 9.99279E-05 9.99279E-05 0.620819 9.99279E-05 0.361445
9.99369E-05 9.99369E-05 0.112373 9.99369E-05 9.99369E-05 0.552789 9.99369E-05 9.99369E-05 0.237517 0.0966213 9.99369E-05
9.99729E-05 0.127586 0.016705 0.140035 0.152024 9.99729E-05 0.0215072 0.0355554 0.409858 0.0964291 9.99729E-05
9.99639E-05 0.114327 0.61524 0.0802983 9.99639E-05 0.0559287 0.00252692 0.0549298 0.0763487 9.99639E-05 9.99639E-05
9.99369E-05 9.99369E-05 0.16631 9.99369E-05 9.99369E-05 0.369834 9.99369E-05 9.99369E-05 0.283201 0.179955 9.99369E-05
0.0928687 9.99369E-05 0.585175 9.99369E-05 9.99369E-05 9.99369E-05 9.99369E-05 0.0284903 0.292766 9.99369E-05 9.99369E-05
9.99369E-05 9.99369E-05 0.664764 9.99369E-05 9.99369E-05 9.99369E-05 9.99369E-05 0.0685397 0.232096 0.033901 9.99369E-05
0.00824776 9.9955E-05 0.57417 0.0613035 9.9955E-05 9.9955E-05 9.9955E-05 0.0657855 0.244738 9.9955E-05 0.0452558
9.99549E-05 0.0702953 9.99549E-05 0.0208641 0.21937 9.99549E-05 9.99549E-05 0.0498798 0.533985 0.105106 9.99549E-05
9.99639E-05 0.0680644 9.99639E-05 0.094799 0.59116 9.99639E-05 0.107691 0.0400552 0.0694464 9.99639E-05 0.0283839
9.99639E-05 9.99639E-05 0.108387 0.0065259 9.99639E-05 0.549112 0.123908 9.99639E-05 0.135017 0.0602668 0.0163836
0.628367 9.99369E-05 0.109448 9.99369E-05 9.99369E-05 9.99369E-05 9.99369E-05 9.99369E-05 0.150338 9.99369E-05 0.111148
0.0440967 0.121108 9.9982E-05 0.0760956 0.103653 0.0646795 0.107538 0.05024 0.41022 9.9982E-05 0.022169
0.0319634 9.99459E-05 9.99459E-05 9.99459E-05 9.99459E-05 9.99459E-05 0.0170032 9.99459E-05 0.296595 0.0187811 0.635058
9.9928E-05 9.9928E-05 9.9928E-05 9.9928E-05 0.496464 9.9928E-05 9.9928E-05 9.9928E-05 0.181584 9.9928E-05 0.321153
9.9928E-05 9.9928E-05 0.00568722 9.9928E-05 9.9928E-05 9.9928E-05 9.9928E-05 9.9928E-05 0.433691 9.9928E-05 0.559823
