9.9982E-05 0.351389 0.419853 0.107363 9.9982E-05 0.121195
0.00773925 0.424944 0.464531 9.9982E-05 9.9982E-05 0.102585
0.0268034 9.9982E-05 0.815627 0.0277376 0.129632 9.9982E-05
9.999E-05 0.672831 0.0918503 0.0706395 0.0328726 0.131706
0.0592946 0.664743 9.9982E-05 0.00529611 9.9982E-05 0.270466
0.107037 0.196397 0.52812 0.0197474 0.107276 0.0414236
0.00417783 9.9973E-05 0.852446 9.9973E-05 0.143077 9.9973E-05
0.104779 0.165299 0.710944 9.9982E-05 0.0187774 9.9982E-05
0.0329121 0.570504 0.343614 0.0527693 9.9982E-05 9.9982E-05
9.9982E-05 0.0340125 0.251647 0.102641 0.6115 9.9982E-05
9.9982E-05 0.621362 0.228005 0.0227703 9.9982E-05 0.127662
9.9982E-05 0.795769 0.113861 0.0223674 0.0678021 9.9982E-05
0.0614196 0.26579 0.246497 0.0442802 0.0334419 0.348571
9.9982E-05 0.00317746 0.812458 0.0450929 0.139072 9.9982E-05
9.9982E-05 0.80235 0.183912 0.00582171 0.00771683 9.9982E-05
0.0433243 9.9991E-05 0.441044 0.0248021 0.405519 0.0852109
9.9982E-05 0.00756797 0.840882 9.9982E-05 0.108241 0.0431087
9.9973E-05 0.0116092 0.945251 9.9973E-05 9.9973E-05 0.0428402
9.9973E-05 0.548578 0.368504 9.9973E-05 9.9973E-05 0.0826181
9.9982E-05 0.0616329 9.9982E-05 0.87742 0.00306084 0.0576864
9.9973E-05 0.0403632 9.9973E-05 0.919358 9.9973E-05 0.0399786
9.99639E-05 9.99639E-05 9.99639E-05 0.927877 9.99639E-05 0.0717235
9.9973E-05 0.230887 9.9973E-05 0.750237 9.9973E-05 0.0185765
9.99639E-05 0.228899 9.99639E-05 0.770701 9.99639E-05 9.99639E-05
0.201684 9.99819E-05 0.266598 0.464679 0.0668389 9.99819E-05
0.161183 0.391549 9.99729E-05 0.446969 9.99729E-05 9.99729E-05
0.276483 9.9973E-05 9.9973E-05 0.223343 0.499873 9.9973E-05
0.107904 0.314015 9.9982E-05 0.420641 9.9982E-05 0.15724
9.99819E-05 9.99819E-05 0.010206 0.883341 0.0174297 0.088823
9.9964E-05 0.0874923 9.9964E-05 0.912108 9.9964E-05 9.9964E-05
0.0174083 0.0219857 0.113636 0.646655 0.200215 9.9991E-05
0.471873 9.9991E-05 0.0848434 0.275683 0.0665833 0.100917
9.99729E-05 9.99729E-05 0.0318857 0.640475 0.327339 9.99729E-05
0.0332847 9.99729E-05 0.283243 0.683172 9.99729E-05 9.99729E-05
9.9964E-05 0.104314 9.9964E-05 0.895286 9.9964E-05 9.9964E-05
9.99639E-05 0.215568 9.99639E-05 0.784032 9.99639E-05 9.99639E-05
9.9973E-05 0.148776 9.9973E-05 0.7757 0.0752239 9.9973E-05
9.9964E-05 0.237621 9.9964E-05 0.761979 9.9964E-05 9.9964E-05
0.835677 0.129274 9.99729E-05 9.99729E-05 9.99729E-05 0.0347489
0.703659 9.9973E-05 9.9973E-05 9.9973E-05 0.138674 0.157367
0.469898 9.9973E-05 9.9973E-05 0.0632165 0.466586 9.9973E-05
0.500936 0.226503 9.9991E-05 0.093133 0.0511524 0.128176
0.582647 9.9991E-05 0.0793448 0.300353 0.0002106 0.0373443
0.595365 9.9982E-05 0.151308 0.0942941 0.158833 9.9982E-05
0.30836 0.551598 9.9973E-05 0.139742 9.9973E-05 9.9973E-05
0.564286 0.435315 9.99639E-05 9.99639E-05 9.99639E-05 9.99639E-05
0.445919 9.9982E-05 0.121135 0.161351 0.271395 9.9982E-05
0.819837 0.126317 9.9982E-05 0.00139501 9.9982E-05 0.0522505
0.365067 9.9973E-05 9.9973E-05 9.9973E-05 0.467469 0.167164
0.714588 0.285012 9.9964E-05 9.9964E-05 9.9964E-05 9.9964E-05
0.725081 9.9973E-05 9.9973E-05 9.9973E-05 0.136023 0.138596
0.520316 0.186005 9.9982E-05 0.114519 9.9982E-05 0.178961
0.424618 0.419724 9.99729E-05 0.155358 9.99729E-05 9.99729E-05
0.520522 0.382537 0.0852715 0.0114697 9.9982E-05 9.9982E-05
0.389682 0.465576 9.9991E-05 0.117415 0.00615106 0.0210763
0.038872 0.397165 9.9973E-05 0.563663 9.9973E-05 9.9973E-05
0.803472 9.99819E-05 0.0196681 9.99819E-05 0.0965175 0.0801421
0.603617 0.0384168 9.9991E-05 0.144163 0.0809286 0.132774
0.715122 9.99729E-05 9.99729E-05 9.99729E-05 0.186342 0.0982363
0.736211 0.26339 9.99639E-05 9.99639E-05 9.99639E-05 9.99639E-05
0.67343 0.266601 9.99729E-05 0.0596691 9.99729E-05 9.99729E-05
0.680557 0.319043 9.99639E-05 9.99639E-05 9.99639E-05 9.99639E-05
0.559708 9.9991E-05 0.148842 0.0589612 0.0905067 0.141883
0.519063 0.375935 9.9973E-05 0.104701 9.9973E-05 9.9973E-05
0.50087 9.9973E-05 0.313575 9.9973E-05 0.185255 9.9973E-05
0.363663 0.366186 0.0674594 0.202492 9.99819E-05 9.99819E-05
0.617344 0.382256 9.9964E-05 9.9964E-05 9.9964E-05 9.9964E-05
0.595951 0.403649 9.9964E-05 9.9964E-05 9.9964E-05 9.9964E-05
0.420867 0.144023 0.216203 0.218708 9.99819E-05 9.99819E-05
0.361357 0.00698218 0.157855 0.423109 0.00389008 0.0468068
0.312124 9.9982E-05 9.9982E-05 0.248542 0.335387 0.103747
0.599249 9.9973E-05 0.0964168 9.9973E-05 0.304034 9.9973E-05
9.9964E-05 0.248289 9.9964E-05 0.751312 9.9964E-05 9.9964E-05
0.695041 9.99819E-05 0.0885043 9.99819E-05 0.189323 0.0269322
0.62169 0.317284 9.99729E-05 0.0607266 9.99729E-05 9.99729E-05
0.26605 0.442408 0.00102702 0.290316 9.9982E-05 9.9982E-05
9.99729E-05 9.99729E-05 0.0877437 0.750128 0.161828 9.99729E-05
0.304145 9.9982E-05 0.0258634 0.203464 0.466327 9.9982E-05
0.037762 9.99819E-05 0.17775 0.741211 0.0430776 9.99819E-05
0.342346 0.000362263 9.9991E-05 0.456737 0.013213 0.187241
0.293326 9.9982E-05 9.9982E-05 0.171351 0.33662 0.198502
0.451335 0.274968 9.9973E-05 0.273397 9.9973E-05 9.9973E-05
0.754467 0.158492 9.9982E-05 0.0267203 9.9982E-05 0.0601202
0.492835 0.201687 9.9991E-05 0.186423 0.0709788 0.0479769
0.689916 9.99729E-05 0.029346 9.99729E-05 0.280438 9.99729E-05
0.607592 0.139828 9.9982E-05 0.116039 9.9982E-05 0.136341
0.594587 0.405014 9.99639E-05 9.99639E-05 9.99639E-05 9.99639E-05
0.191975 9.99729E-05 0.397713 0.410011 9.99729E-05 9.99729E-05
0.558103 9.9973E-05 0.264963 9.9973E-05 0.176634 9.9973E-05
0.193945 0.237604 0.152844 0.415407 9.9982E-05 9.9982E-05
0.611894 9.99639E-05 0.387706 9.99639E-05 9.99639E-05 9.99639E-05
0.520842 9.9973E-05 0.415279 0.0635794 9.9973E-05 9.9973E-05
0.357006 0.475297 9.9973E-05 0.167397 9.9973E-05 9.9973E-05
0.653268 0.01795 0.328482 9.9973E-05 9.9973E-05 9.9973E-05
0.470918 0.0108525 0.346362 0.171668 9.9982E-05 9.9982E-05
0.0454957 9.9973E-05 9.9973E-05 9.9973E-05 0.264063 0.690141
0.109514 9.9991E-05 0.052319 0.0497406 0.11682 0.671507
0.0440117 0.0693208 9.9982E-05 0.0230047 9.9982E-05 0.863463
0.0124004 0.356659 0.18262 9.9982E-05 9.9982E-05 0.44812
9.9982E-05 9.9982E-05 0.00385749 0.000391377 0.316229 0.679322
9.9982E-05 0.305801 0.420152 0.0202957 9.9982E-05 0.253552
9.99729E-05 9.99729E-05 0.535701 9.99729E-05 0.0650491 0.39895
0.0300117 9.9982E-05 0.00595594 9.9982E-05 0.154281 0.809552
0.0117986 9.9991E-05 0.2252 0.089704 0.00847933 0.664718
9.9973E-05 0.29726 9.9973E-05 0.0795438 9.9973E-05 0.622897
9.9964E-05 9.9964E-05 9.9964E-05 9.9964E-05 0.566489 0.433111
9.9982E-05 0.39976 9.9982E-05 0.0547143 0.046342 0.498984
0.011771 9.9982E-05 0.126776 9.9982E-05 0.063327 0.797926
0.052179 0.128198 0.257814 9.9982E-05 9.9982E-05 0.561608
9.9991E-05 0.040596 0.047631 0.110696 0.0924607 0.708516
9.9982E-05 9.9982E-05 0.588995 0.0451821 0.066488 0.299135
0.0618 0.509725 9.99729E-05 9.99729E-05 9.99729E-05 0.428175
9.9973E-05 0.444529 9.9973E-05 0.0720893 9.9973E-05 0.483082
0.138916 9.9991E-05 0.0678626 0.114704 0.0883699 0.590048
9.9973E-05 9.9973E-05 0.306881 9.9973E-05 0.0521482 0.640671
0.0190838 0.10717 9.9982E-05 0.110521 9.9982E-05 0.763025
9.9973E-05 0.199263 9.9973E-05 0.0298088 9.9973E-05 0.770628
9.9982E-05 0.56271 0.19699 0.0519956 9.9982E-05 0.188105
9.9982E-05 0.190318 0.286331 0.0243782 0.498773 9.9982E-05
0.047312 0.581131 0.150698 0.0131812 0.0623251 0.145353
9.9991E-05 0.0161089 0.591699 0.0433866 0.185502 0.163204
0.00352377 9.9982E-05 0.0038789 9.9982E-05 0.94843 0.0439678
9.99729E-05 0.746629 0.147246 9.99729E-05 9.99729E-05 0.105825
9.99729E-05 0.457364 9.99729E-05 0.0918583 0.450478 9.99729E-05
0.120946 0.195546 0.577153 9.9982E-05 9.9982E-05 0.106154
9.9973E-05 0.48248 9.9973E-05 0.126796 0.390424 9.9973E-05
0.00188552 0.0091533 0.418831 9.9982E-05 0.56993 9.9982E-05
0.065296 0.701458 0.0481103 9.9991E-05 0.0511226 0.133913
9.9973E-05 0.577337 9.9973E-05 0.114437 0.307926 9.9973E-05
0.0365676 9.9982E-05 0.0474768 9.9982E-05 0.882837 0.0329182
9.9973E-05 0.752938 0.110928 9.9973E-05 9.9973E-05 0.135834
9.9973E-05 0.708024 9.9973E-05 0.0729352 0.218741 9.9973E-05
9.9982E-05 0.60767 0.32668 0.00818832 9.9982E-05 0.0572612
9.9964E-05 0.027704 9.9964E-05 9.9964E-05 0.971896 9.9964E-05
0.0279836 0.757871 0.0237923 0.028249 0.162004 9.9991E-05
0.00655797 0.644288 0.137989 9.9982E-05 9.9982E-05 0.210965
9.9982E-05 0.153183 0.759934 0.0606119 0.0260709 9.9982E-05
9.9991E-05 0.381459 0.17353 0.109965 0.0783255 0.256621
9.9991E-05 0.517262 0.112051 0.0868147 0.138618 0.145154
9.99729E-05 0.000251196 0.208545 9.99729E-05 0.790904 9.99729E-05
0.0489662 0.37215 0.455595 0.0932963 0.0298921 9.9991E-05
0.0312306 0.313481 0.276051 0.103124 0.276013 9.9991E-05
0.0497192 9.9991E-05 0.265811 0.0798583 0.312801 0.29171
0.0606813 0.531638 0.141034 0.0844865 0.0249964 0.157164
0.091766 0.230379 9.9991E-05 0.0639905 0.153145 0.460619
0.0353528 0.00901277 0.0314464 0.0397449 0.693539 0.190904
0.0235952 0.0547896 0.429614 0.0964799 0.238757 0.156764
0.0235829 9.9991E-05 0.484094 0.0382153 0.268045 0.185962
9.9982E-05 0.45047 9.9982E-05 0.0993109 0.302756 0.147263
9.99729E-05 9.99729E-05 0.364481 9.99729E-05 0.517226 0.117993
9.9973E-05 0.704453 0.197841 9.9973E-05 9.9973E-05 0.0974055
9.99729E-05 9.99729E-05 0.360651 9.99729E-05 0.458485 0.180564
9.9982E-05 0.409538 9.9982E-05 0.0895553 0.357957 0.14275
9.9982E-05 0.579441 9.9982E-05 0.0280459 0.152647 0.239665
0.125174 0.290653 0.0607754 0.0757789 0.121954 0.325665
0.0632644 0.185803 0.493037 9.9982E-05 9.9982E-05 0.257696
0.0128331 0.177573 0.143971 0.142926 0.169529 0.353167
9.9991E-05 0.370759 0.0363947 0.0651276 0.131875 0.395743
9.9973E-05 9.9973E-05 0.125415 9.9973E-05 0.57928 0.295005
9.9982E-05 0.0156371 9.9982E-05 0.00587294 0.803931 0.174359
0.0599247 0.0037261 0.691512 9.9982E-05 0.244637 9.9982E-05
0.0498192 9.9991E-05 0.115001 0.0282599 0.652593 0.154227
9.9982E-05 0.00811084 0.0246943 9.9982E-05 0.629182 0.337813
0.128545 0.00826492 0.556493 0.037275 0.269322 9.9991E-05
0.00114363 0.0683636 0.67561 9.9982E-05 0.254683 9.9982E-05
0.0274813 0.770343 0.138796 0.0631801 9.9982E-05 9.9982E-05
9.9973E-05 0.722205 0.249631 0.0278639 9.9973E-05 9.9973E-05
9.9973E-05 0.110288 0.841504 0.0479081 9.9973E-05 9.9973E-05
9.99729E-05 0.732415 0.254378 9.99729E-05 9.99729E-05 0.0129069
9.9973E-05 0.797115 0.138606 9.9973E-05 9.9973E-05 0.0639796
9.9982E-05 0.60813 0.151079 0.151269 9.9982E-05 0.0893211
9.9973E-05 0.765384 0.195694 9.9973E-05 9.9973E-05 0.0386222
9.9982E-05 0.0425485 0.770514 0.0350492 0.151689 9.9982E-05
9.9964E-05 9.9964E-05 0.35104 9.9964E-05 0.64856 9.9964E-05
0.0691039 0.421418 0.444658 9.9982E-05 9.9982E-05 0.0646206
0.00996524 9.9991E-05 0.836628 0.00364073 0.106741 0.0429256
0.0874018 0.0153688 0.785187 0.0943324 0.0176103 9.9991E-05
9.9973E-05 0.28305 0.677185 9.9973E-05 9.9973E-05 0.0394653
9.9964E-05 9.9964E-05 0.748751 9.9964E-05 0.250849 9.9964E-05
0.033201 0.100061 0.714974 9.9991E-05 0.0465325 0.105132
0.076275 0.477676 0.290759 0.138237 0.0169526 9.9991E-05
0.0671995 0.12184 0.720529 0.0401494 0.0501818 9.9991E-05
0.0363067 0.130816 0.68558 9.9982E-05 9.9982E-05 0.147097
9.9973E-05 0.731172 0.218619 9.9973E-05 9.9973E-05 0.0499086
0.0273303 0.446116 0.43456 9.9982E-05 9.9982E-05 0.0917939
0.0624606 9.9973E-05 0.644382 9.9973E-05 0.292858 9.9973E-05
0.0278647 9.9973E-05 0.907901 9.9973E-05 9.9973E-05 0.0639344
9.9964E-05 9.9964E-05 0.465758 9.9964E-05 0.533842 9.9964E-05
9.99729E-05 0.728375 0.230107 9.99729E-05 9.99729E-05 0.0412175
0.0437405 0.354747 0.581436 0.0198769 9.9982E-05 9.9982E-05
0.0117725 9.9973E-05 0.640637 9.9973E-05 0.347291 9.9973E-05
0.0704985 0.767301 9.9991E-05 0.023546 0.0794719 0.0590821
0.0132714 0.609395 0.0417162 0.0959073 0.23961 9.9991E-05
0.0875877 9.9991E-05 0.410895 0.0624507 0.336533 0.102433
0.018609 0.139297 0.115475 0.133833 0.495075 0.0977101
9.9982E-05 0.642164 0.124797 0.132006 0.100833 9.9982E-05
9.9973E-05 0.78814 9.9973E-05 0.0716439 0.139917 9.9973E-05
0.0958637 0.804521 9.9982E-05 0.00997791 0.0894369 9.9982E-05
9.9982E-05 0.030447 9.9982E-05 0.0557031 0.874947 0.038703
0.0170056 0.0157033 0.618964 0.0809586 0.267269 9.9991E-05
0.0596686 0.302629 0.224844 0.0607394 9.9991E-05 0.352019
9.9991E-05 0.734271 0.119008 0.00680555 0.108289 0.0315271
0.00460662 9.9991E-05 0.140666 0.0223658 0.592601 0.239661
9.9982E-05 0.121674 0.695701 0.0970663 0.0853594 9.9982E-05
0.0175431 0.103998 0.709606 0.0660676 0.102686 9.9991E-05
9.9991E-05 0.273059 0.0692732 0.102278 0.171673 0.383617
0.00408331 9.9982E-05 0.709624 9.9982E-05 0.0448846 0.241208
0.046946 0.430775 0.413573 9.9982E-05 9.9982E-05 0.108507
0.0189701 0.411348 0.409542 0.0387013 0.0105494 0.110889
9.9973E-05 0.76638 9.9973E-05 0.0721951 0.161125 9.9973E-05
0.151483 0.0216146 0.402068 0.071105 0.353629 9.9991E-05
0.0641602 0.728408 0.112462 9.9982E-05 0.0947704 9.9982E-05
0.0208368 0.73623 0.129508 9.9991E-05 0.0711156 0.0422096
9.9964E-05 9.9964E-05 0.500722 9.9964E-05 0.498878 9.9964E-05
9.9973E-05 0.223831 0.71488 9.9973E-05 0.0609897 9.9973E-05
0.0822777 9.9973E-05 0.788602 9.9973E-05 0.12882 9.9973E-05
0.0250465 0.827938 0.0798235 0.0669924 9.9982E-05 9.9982E-05
0.215974 0.45085 0.101487 0.112142 0.0155439 0.104003
0.0980691 0.652645 0.240472 9.9982E-05 9.9982E-05 0.00861457
9.9973E-05 9.9973E-05 0.57904 0.0135669 0.407094 9.9973E-05
0.0592522 0.580907 0.340948 9.9982E-05 9.9982E-05 0.0186929
0.0501257 0.649939 0.191811 0.0168742 9.9991E-05 0.0911496
0.00215049 0.743956 0.102898 9.9982E-05 9.9982E-05 0.150796
9.9973E-05 9.9973E-05 0.675055 9.9973E-05 0.224333 0.100312
0.00952002 0.198695 0.755399 0.0272228 9.9991E-05 0.00906363
9.9982E-05 0.675608 0.193106 0.0700363 0.06105 9.9982E-05
0.100781 0.154585 0.465613 9.9991E-05 0.264501 0.0144202
0.0311042 0.763838 0.110442 9.9982E-05 9.9982E-05 0.0944159
9.9982E-05 0.371859 0.234772 9.9982E-05 0.166897 0.226273
0.0823116 0.301465 0.539266 0.0369831 9.9991E-05 0.0398735
9.9964E-05 9.9964E-05 0.519717 9.9964E-05 0.479883 9.9964E-05
0.0138773 0.29403 0.623045 0.0688474 9.9982E-05 9.9982E-05
0.00229635 0.0494899 0.33145 0.0830008 0.229488 0.304276
9.9973E-05 9.9973E-05 0.139286 9.9973E-05 0.55759 0.302824
0.0601766 0.112132 0.720569 9.9982E-05 9.9982E-05 0.106923
0.0126246 9.9973E-05 0.577371 9.9973E-05 9.9973E-05 0.409704
9.9991E-05 0.195827 0.597117 0.0139545 0.150206 0.0427946
9.9991E-05 0.65107 0.190235 0.0143119 0.0325945 0.111688
9.9982E-05 9.9982E-05 0.0601685 0.0621671 0.727335 0.150129
0.00207157 0.633695 9.9991E-05 0.134746 0.225507 0.00388156
0.0126529 0.458689 0.177176 0.00885126 9.9991E-05 0.34253
9.9991E-05 0.466269 0.0562326 0.0418827 0.108344 0.327172
9.9973E-05 9.9973E-05 0.136895 9.9973E-05 0.415268 0.447537
9.9973E-05 9.9973E-05 0.206219 9.9973E-05 0.561754 0.231727
9.9982E-05 0.684301 0.147093 0.0797696 0.0886363 9.9982E-05
0.0605201 0.0753598 0.772528 0.0226248 9.9991E-05 0.0688673
0.0174684 0.112416 0.421765 0.0550352 0.0400177 0.353299
9.9973E-05 9.9973E-05 0.121735 9.9973E-05 0.618549 0.259415
9.9991E-05 0.253483 0.0113273 0.0497368 0.181492 0.503861
9.9991E-05 0.449845 0.0448864 0.126924 0.163119 0.215126
9.9982E-05 0.718099 0.244504 0.00447793 9.9982E-05 0.0327189
9.9973E-05 0.572727 0.171254 9.9973E-05 9.9973E-05 0.25572
9.9991E-05 0.356692 0.0421785 0.0308832 0.0883393 0.481807
9.9982E-05 9.9982E-05 0.758581 0.0398679 0.162641 0.0387107
0.0158603 0.649947 0.246185 9.9982E-05 9.9982E-05 0.0878086
9.9973E-05 9.9973E-05 0.783875 9.9973E-05 0.120295 0.09553
0.0281108 0.119796 0.688201 9.9982E-05 9.9982E-05 0.163692
0.0264089 0.690984 0.260431 0.0219759 9.9982E-05 9.9982E-05
0.0381183 9.9982E-05 0.546632 0.0034172 0.411633 9.9982E-05
0.0164612 9.9982E-05 0.176416 9.9982E-05 0.307611 0.499312
9.9982E-05 9.9982E-05 0.747897 0.0198564 0.189966 0.0420803
9.9982E-05 0.418125 9.9982E-05 0.109483 0.184383 0.287809
9.9991E-05 0.208746 0.294073 0.119136 0.203023 0.174922
0.00286246 0.419358 0.374807 0.0799817 0.108149 0.0148429
0.0221324 9.9982E-05 0.287492 9.9982E-05 0.533429 0.156746
0.0115536 0.684144 0.0890605 0.0547868 0.098665 0.0617898
0.178386 0.0286001 0.45149 0.0685457 0.103201 0.169777
0.0458778 0.555416 0.156037 0.0408843 9.9991E-05 0.201684
0.00110859 0.63111 0.120487 0.0930865 0.0129098 0.141298
9.9991E-05 0.590574 0.141016 0.0477205 0.0634125 0.157177
0.0164674 0.629238 0.211433 0.073591 0.0217031 0.0475677
0.082216 0.525812 0.112836 0.0715884 0.126157 0.08139
0.0636379 9.9982E-05 0.650907 0.115637 9.9982E-05 0.169618
0.0813186 9.9991E-05 0.717345 0.036073 0.118776 0.0463873
0.0266729 0.631303 9.9991E-05 0.0692981 0.183137 0.089489
0.000486427 0.37843 9.9991E-05 0.00702518 0.204808 0.409151
0.0565139 0.0448731 0.304103 0.0989198 0.245911 0.249679
9.9973E-05 9.9973E-05 9.9973E-05 0.028119 0.772016 0.199565
9.9964E-05 9.9964E-05 0.645318 9.9964E-05 0.354282 9.9964E-05
0.00935 9.9982E-05 0.139206 9.9982E-05 0.658597 0.192647
