9.991E-05 9.991E-05 9.991E-05 0.251122 0.0154395 9.991E-05 9.991E-05 9.991E-05 0.297448 0.293555 9.991E-05 9.991E-05 0.00882902 9.991E-05 0.000713284 0.0702325 9.991E-05 0.0616613
9.99099E-05 9.99099E-05 9.99099E-05 0.0795755 9.99099E-05 9.99099E-05 9.99099E-05 9.99099E-05 0.397483 0.298028 0.0043394 9.99099E-05 0.0156196 0.0285315 9.99099E-05 0.0484016 0.127022 9.99099E-05
9.9908E-05 0.388311 0.0279027 9.9908E-05 9.9908E-05 0.0258296 0.0928247 9.9908E-05 0.318266 9.9908E-05 9.9908E-05 9.9908E-05 0.0404507 0.105315 9.9908E-05 9.9908E-05 9.9908E-05 9.9908E-05
9.99009E-05 9.99009E-05 9.99009E-05 0.167351 9.99009E-05 9.99009E-05 9.99009E-05 9.99009E-05 0.0313508 0.140222 9.99009E-05 0.0298079 9.99009E-05 9.99009E-05 0.0897554 0.511377 9.99009E-05 0.0290366
9.98828E-05 9.98828E-05 0.0986431 9.98828E-05 9.98828E-05 9.98828E-05 9.98828E-05 0.0420331 9.98828E-05 0.264703 9.98828E-05 9.98828E-05 9.98828E-05 9.98828E-05 0.382941 0.210381 9.98828E-05 9.98828E-05
9.99189E-05 0.0137032 9.99189E-05 0.255474 0.0119866 9.99189E-05 0.362387 0.00370332 0.223005 0.0636635 9.99189E-05 9.99189E-05 0.0300826 9.99189E-05 9.99189E-05 0.0350965 9.99189E-05 9.99189E-05
9.98918E-05 0.408885 9.98918E-05 0.0215029 9.98918E-05 0.0272261 9.98918E-05 9.98918E-05 0.471927 9.98918E-05 9.98918E-05 0.057991 9.98918E-05 9.98918E-05 9.98918E-05 0.011269 9.98918E-05 9.98918E-05
9.9892E-05 0.0621921 9.9892E-05 0.0930726 9.9892E-05 9.9892E-05 0.281483 9.9892E-05 0.265753 0.140094 9.9892E-05 9.9892E-05 0.156207 9.9892E-05 9.9892E-05 9.9892E-05 9.9892E-05 9.9892E-05
9.99099E-05 9.99099E-05 0.00765702 9.99099E-05 0.0654401 9.99099E-05 0.0902362 9.99099E-05 0.315433 0.0747651 0.0377505 9.99099E-05 9.99099E-05 9.99099E-05 9.99099E-05 0.399693 9.99099E-05 0.00802621
9.98827E-05 0.184486 9.98827E-05 9.98827E-05 9.98827E-05 0.0672845 0.54582 9.98827E-05 9.98827E-05 9.98827E-05 9.98827E-05 0.19499 9.98827E-05 9.98827E-05 9.98827E-05 9.98827E-05 9.98827E-05 0.00612172
9.99189E-05 9.99189E-05 9.99189E-05 9.99189E-05 9.99189E-05 9.99189E-05 0.0142008 0.0241322 0.185527 0.100034 9.99189E-05 9.99189E-05 9.99189E-05 0.08014 0.0165809 0.23102 0.324874 0.0225919
0.0639113 9.98919E-05 9.98919E-05 9.98919E-05 9.98919E-05 9.98919E-05 0.281716 9.98919E-05 0.00341596 0.227722 9.98919E-05 9.98919E-05 9.98919E-05 9.98919E-05 9.98919E-05 0.300396 0.12164 9.98919E-05
9.99009E-05 0.0771703 0.00422533 0.44755 9.99009E-05 9.99009E-05 9.99009E-05 9.99009E-05 9.99009E-05 9.99009E-05 9.99009E-05 0.0169824 9.99009E-05 0.0359953 9.99009E-05 0.414253 0.00272486 9.99009E-05
9.98919E-05 0.118377 9.98919E-05 0.00849813 9.98919E-05 0.0844434 0.255094 9.98919E-05 0.51085 9.98919E-05 9.98919E-05 9.98919E-05 0.0215389 9.98919E-05 9.98919E-05 9.98919E-05 9.98919E-05 9.98919E-05
9.98739E-05 9.98739E-05 9.98739E-05 9.98739E-05 9.98739E-05 9.98739E-05 0.12081 9.98739E-05 9.98739E-05 0.340764 9.98739E-05 9.98739E-05 9.98739E-05 9.98739E-05 9.98739E-05 0.0654362 0.471591 9.98739E-05
9.98918E-05 0.300678 9.98918E-05 0.283754 9.98918E-05 0.0511069 0.119146 9.98918E-05 0.0485269 9.98918E-05 9.98918E-05 0.195589 9.98918E-05 9.98918E-05 9.98918E-05 9.98918E-05 9.98918E-05 9.98918E-05
0.00145951 0.287121 9.99009E-05 9.99009E-05 9.99009E-05 0.00530174 9.99009E-05 9.99009E-05 0.618081 9.99009E-05 9.99009E-05 0.0547426 9.99009E-05 0.00716243 9.99009E-05 0.025033 9.99009E-05 9.99009E-05
9.99008E-05 0.351357 9.99008E-05 0.00684488 9.99008E-05 9.99008E-05 0.0346861 9.99008E-05 0.500316 0.0192827 9.99008E-05 9.99008E-05 9.99008E-05 0.0624908 9.99008E-05 9.99008E-05 0.0239231 9.99008E-05
0.0846346 0.0304433 9.991E-05 9.991E-05 0.0201704 9.991E-05 0.0568962 9.991E-05 0.169981 0.0640433 9.991E-05 9.991E-05 9.991E-05 0.14076 9.991E-05 0.432072 9.991E-05 9.991E-05
9.98829E-05 9.98829E-05 0.0254382 9.98829E-05 0.0243287 9.98829E-05 9.98829E-05 9.98829E-05 9.98829E-05 9.98829E-05 9.98829E-05 9.98829E-05 9.98829E-05 9.98829E-05 0.14894 9.98829E-05 0.0589648 0.741029
0.0020424 9.9865E-05 9.9865E-05 9.9865E-05 9.9865E-05 9.9865E-05 9.9865E-05 9.9865E-05 9.9865E-05 9.9865E-05 9.9865E-05 9.9865E-05 9.9865E-05 9.9865E-05 0.16484 9.9865E-05 9.9865E-05 0.83162
9.98828E-05 9.98828E-05 9.98828E-05 0.0921332 0.0170207 9.98828E-05 9.98828E-05 9.98828E-05 0.00597771 9.98828E-05 9.98828E-05 9.98828E-05 9.98828E-05 9.98828E-05 0.0231253 9.98828E-05 9.98828E-05 0.860445
0.234794 9.98829E-05 0.0325981 9.98829E-05 9.98829E-05 9.98829E-05 9.98829E-05 9.98829E-05 9.98829E-05 9.98829E-05 9.98829E-05 9.98829E-05 9.98829E-05 9.98829E-05 0.00963568 0.0609585 9.98829E-05 0.660715
9.98829E-05 9.98829E-05 9.98829E-05 9.98829E-05 0.0143185 9.98829E-05 9.98829E-05 9.98829E-05 9.98829E-05 9.98829E-05 9.98829E-05 9.98829E-05 0.00629667 9.98829E-05 9.98829E-05 0.177225 0.0664331 0.734429
9.99007E-05 9.99007E-05 9.99007E-05 9.99007E-05 0.00630475 0.33308 0.088104 9.99007E-05 0.152882 9.99007E-05 0.0453747 9.99007E-05 0.0253538 9.99007E-05 9.99007E-05 9.99007E-05 9.99007E-05 0.347802
9.99098E-05 9.99098E-05 0.0162618 9.99098E-05 0.386973 9.99098E-05 9.99098E-05 0.0181612 9.99098E-05 0.0762752 9.99098E-05 9.99098E-05 0.0245833 9.99098E-05 9.99098E-05 0.0676074 0.105435 0.303703
9.9874E-05 9.9874E-05 0.0409489 9.9874E-05 9.9874E-05 0.613093 9.9874E-05 9.9874E-05 9.9874E-05 9.9874E-05 9.9874E-05 0.226727 9.9874E-05 9.9874E-05 9.9874E-05 9.9874E-05 9.9874E-05 0.117833
0.0130477 9.98919E-05 0.0842524 9.98919E-05 0.19593 9.98919E-05 9.98919E-05 9.98919E-05 9.98919E-05 9.98919E-05 9.98919E-05 9.98919E-05 0.096861 9.98919E-05 0.434999 9.98919E-05 9.98919E-05 0.173711
9.99008E-05 9.99008E-05 9.99008E-05 0.116363 0.00549001 0.0592329 0.00125583 9.99008E-05 0.00775359 9.99008E-05 9.99008E-05 0.0255896 9.99008E-05 9.99008E-05 9.99008E-05 9.99008E-05 9.99008E-05 0.783216
0.0145476 9.9865E-05 9.9865E-05 9.9865E-05 9.9865E-05 9.9865E-05 9.9865E-05 9.9865E-05 9.9865E-05 9.9865E-05 9.9865E-05 9.9865E-05 9.9865E-05 9.9865E-05 9.9865E-05 0.0984463 9.9865E-05 0.885508
0.0922649 9.98831E-05 9.98831E-05 9.98831E-05 9.98831E-05 0.417201 9.98831E-05 9.98831E-05 9.98831E-05 9.98831E-05 9.98831E-05 9.98831E-05 9.98831E-05 9.98831E-05 9.98831E-05 0.0617417 0.0497418 0.377752
9.98737E-05 9.98737E-05 9.98737E-05 0.178036 0.513988 0.251896 9.98737E-05 9.98737E-05 9.98737E-05 9.98737E-05 0.0546817 9.98737E-05 9.98737E-05 9.98737E-05 9.98737E-05 9.98737E-05 9.98737E-05 9.98737E-05
9.98737E-05 0.0281207 9.98737E-05 9.98737E-05 9.98737E-05 0.543284 9.98737E-05 9.98737E-05 9.98737E-05 9.98737E-05 9.98737E-05 0.0200449 9.98737E-05 9.98737E-05 9.98737E-05 9.98737E-05 9.98737E-05 0.407152
9.98918E-05 0.00544261 9.98918E-05 0.0354417 9.98918E-05 0.228093 9.98918E-05 9.98918E-05 0.166046 9.98918E-05 9.98918E-05 9.98918E-05 0.0132255 9.98918E-05 9.98918E-05 9.98918E-05 9.98918E-05 0.550552
9.98829E-05 9.98829E-05 9.98829E-05 9.98829E-05 9.98829E-05 9.98829E-05 9.98829E-05 0.0115835 9.98829E-05 9.98829E-05 0.00610114 9.98829E-05 9.98829E-05 0.0107791 9.98829E-05 0.114908 9.98829E-05 0.85533
9.98739E-05 9.98739E-05 0.0438177 9.98739E-05 9.98739E-05 9.98739E-05 9.98739E-05 9.98739E-05 9.98739E-05 9.98739E-05 9.98739E-05 9.98739E-05 9.98739E-05 9.98739E-05 9.98739E-05 0.0513522 0.129664 0.773768
9.98649E-05 9.98649E-05 9.98649E-05 9.98649E-05 9.98649E-05 0.0856277 9.98649E-05 9.98649E-05 9.98649E-05 9.98649E-05 9.98649E-05 9.98649E-05 9.98649E-05 9.98649E-05 9.98649E-05 9.98649E-05 0.282598 0.630277
0.217502 9.98829E-05 0.042329 9.98829E-05 9.98829E-05 9.98829E-05 9.98829E-05 9.98829E-05 9.98829E-05 0.0118019 9.98829E-05 9.98829E-05 9.98829E-05 9.98829E-05 9.98829E-05 0.0380044 9.98829E-05 0.689064
9.98646E-05 9.98646E-05 0.250997 0.14636 9.98646E-05 9.98646E-05 9.98646E-05 9.98646E-05 9.98646E-05 9.98646E-05 0.601145 9.98646E-05 9.98646E-05 9.98646E-05 9.98646E-05 9.98646E-05 9.98646E-05 9.98646E-05
9.98739E-05 9.98739E-05 9.98739E-05 0.061531 9.98739E-05 0.322562 9.98739E-05 9.98739E-05 9.98739E-05 9.98739E-05 0.535228 0.0792808 9.98739E-05 9.98739E-05 9.98739E-05 9.98739E-05 9.98739E-05 9.98739E-05
9.98829E-05 9.98829E-05 9.98829E-05 9.98829E-05 9.98829E-05 0.538317 9.98829E-05 0.0310348 9.98829E-05 9.98829E-05 0.217181 0.093071 0.119098 9.98829E-05 9.98829E-05 9.98829E-05 9.98829E-05 9.98829E-05
0.271167 9.99099E-05 0.0860668 9.99099E-05 0.0455642 0.0760014 9.99099E-05 9.99099E-05 9.99099E-05 9.99099E-05 0.310303 0.00463392 0.0427283 9.99099E-05 0.162536 9.99099E-05 9.99099E-05 9.99099E-05
9.98827E-05 9.98827E-05 0.00251675 0.242799 9.98827E-05 0.0549526 9.98827E-05 9.98827E-05 9.98827E-05 9.98827E-05 0.484747 9.98827E-05 9.98827E-05 9.98827E-05 9.98827E-05 9.98827E-05 9.98827E-05 0.213687
9.98918E-05 0.0696864 9.98918E-05 9.98918E-05 9.98918E-05 0.187452 0.0620725 0.0215844 9.98918E-05 9.98918E-05 0.584601 9.98918E-05 9.98918E-05 0.0734052 9.98918E-05 9.98918E-05 9.98918E-05 9.98918E-05
0.208779 9.98648E-05 9.98648E-05 9.98648E-05 0.729748 9.98648E-05 9.98648E-05 9.98648E-05 9.98648E-05 0.0599751 9.98648E-05 9.98648E-05 9.98648E-05 9.98648E-05 9.98648E-05 9.98648E-05 9.98648E-05 9.98648E-05
9.98918E-05 9.98918E-05 0.280512 9.98918E-05 0.0247652 9.98918E-05 9.98918E-05 9.98918E-05 9.98918E-05 0.198855 0.39863 9.98918E-05 9.98918E-05 9.98918E-05 9.98918E-05 0.0503059 0.0457334 9.98918E-05
9.98918E-05 9.98918E-05 9.98918E-05 9.98918E-05 9.98918E-05 0.613522 0.0164594 9.98918E-05 0.078579 9.98918E-05 0.27104 9.98918E-05 9.98918E-05 0.00743113 9.98918E-05 9.98918E-05 9.98918E-05 0.0117699
9.98827E-05 9.98827E-05 0.181552 0.139155 9.98827E-05 9.98827E-05 0.018575 9.98827E-05 9.98827E-05 9.98827E-05 0.632297 9.98827E-05 0.0271223 9.98827E-05 9.98827E-05 9.98827E-05 9.98827E-05 9.98827E-05
9.98649E-05 0.0333217 9.98649E-05 9.98649E-05 9.98649E-05 9.98649E-05 9.98649E-05 9.98649E-05 9.98649E-05 9.98649E-05 0.404863 0.560317 9.98649E-05 9.98649E-05 9.98649E-05 9.98649E-05 9.98649E-05 9.98649E-05
0.0289854 9.99009E-05 0.215064 9.99009E-05 9.99009E-05 9.99009E-05 9.99009E-05 9.99009E-05 0.00703119 0.133729 0.532836 9.99009E-05 0.0597998 9.99009E-05 9.99009E-05 9.99009E-05 0.0214549 9.99009E-05
9.98829E-05 9.98829E-05 0.0331669 9.98829E-05 9.98829E-05 0.181925 9.98829E-05 9.98829E-05 9.98829E-05 9.98829E-05 0.61386 0.162066 9.98829E-05 9.98829E-05 0.00768355 9.98829E-05 9.98829E-05 9.98829E-05
0.117177 9.9874E-05 9.9874E-05 9.9874E-05 9.9874E-05 9.9874E-05 9.9874E-05 9.9874E-05 9.9874E-05 9.9874E-05 0.608528 9.9874E-05 9.9874E-05 9.9874E-05 0.240024 9.9874E-05 9.9874E-05 0.0328736
9.99098E-05 9.99098E-05 0.152769 9.99098E-05 0.262259 9.99098E-05 0.000172293 0.0166131 9.99098E-05 9.99098E-05 0.173083 9.99098E-05 9.99098E-05 9.99098E-05 9.99098E-05 0.0701786 0.250175 0.0737516
9.99009E-05 9.99009E-05 0.0125599 9.99009E-05 0.0917156 9.99009E-05 9.99009E-05 9.99009E-05 9.99009E-05 0.0900371 0.484756 9.99009E-05 0.0145461 9.99009E-05 9.99009E-05 0.0641081 0.241179 9.99009E-05
0.464854 9.99009E-05 0.022981 9.99009E-05 0.17943 9.99009E-05 9.99009E-05 9.99009E-05 9.99009E-05 0.0457655 0.263358 9.99009E-05 9.99009E-05 9.99009E-05 9.99009E-05 9.99009E-05 0.00741853 0.0150941
0.355897 9.98739E-05 9.98739E-05 9.98739E-05 9.98739E-05 9.98739E-05 9.98739E-05 9.98739E-05 9.98739E-05 9.98739E-05 9.98739E-05 9.98739E-05 0.214452 9.98739E-05 9.98739E-05 0.0828162 9.98739E-05 0.345436
9.98917E-05 9.98917E-05 0.129582 0.193601 0.0234805 0.188992 9.98917E-05 9.98917E-05 9.98917E-05 9.98917E-05 0.443189 9.98917E-05 0.0199565 9.98917E-05 9.98917E-05 9.98917E-05 9.98917E-05 9.98917E-05
9.98919E-05 9.98919E-05 0.127366 9.98919E-05 9.98919E-05 9.98919E-05 9.98919E-05 9.98919E-05 9.98919E-05 9.98919E-05 0.308536 0.0979338 0.280731 9.98919E-05 0.182702 9.98919E-05 9.98919E-05 0.00153216
9.98827E-05 9.98827E-05 9.98827E-05 0.0897138 9.98827E-05 0.127248 9.98827E-05 9.98827E-05 9.98827E-05 9.98827E-05 0.644763 0.108128 0.0288485 9.98827E-05 9.98827E-05 9.98827E-05 9.98827E-05 9.98827E-05
9.98648E-05 9.98648E-05 0.566997 9.98648E-05 9.98648E-05 9.98648E-05 9.98648E-05 9.98648E-05 9.98648E-05 9.98648E-05 0.326777 9.98648E-05 9.98648E-05 9.98648E-05 0.104728 9.98648E-05 9.98648E-05 9.98648E-05
9.98917E-05 9.98917E-05 0.344655 9.98917E-05 0.197886 9.98917E-05 9.98917E-05 9.98917E-05 0.0891538 9.98917E-05 0.329717 9.98917E-05 9.98917E-05 9.98917E-05 9.98917E-05 9.98917E-05 0.00230386 0.0350862
9.98918E-05 9.98918E-05 0.190639 9.98918E-05 0.0440394 9.98918E-05 9.98918E-05 9.98918E-05 9.98918E-05 0.152216 0.508116 9.98918E-05 0.0308391 9.98918E-05 9.98918E-05 9.98918E-05 0.0729509 9.98918E-05
9.98828E-05 9.98828E-05 0.0992526 0.0184746 0.308628 0.426129 9.98828E-05 9.98828E-05 9.98828E-05 9.98828E-05 9.98828E-05 9.98828E-05 9.98828E-05 0.146217 9.98828E-05 9.98828E-05 9.98828E-05 9.98828E-05
0.266737 9.98738E-05 0.654167 9.98738E-05 9.98738E-05 0.0450304 9.98738E-05 9.98738E-05 9.98738E-05 9.98738E-05 9.98738E-05 9.98738E-05 9.98738E-05 9.98738E-05 9.98738E-05 9.98738E-05 9.98738E-05 0.0326673
9.98828E-05 0.238216 0.246456 9.98828E-05 9.98828E-05 0.344861 9.98828E-05 9.98828E-05 0.0263228 9.98828E-05 9.98828E-05 9.98828E-05 0.142846 9.98828E-05 9.98828E-05 9.98828E-05 9.98828E-05 9.98828E-05
9.99008E-05 9.99008E-05 0.0302689 9.99008E-05 0.477275 9.99008E-05 9.99008E-05 9.99008E-05 0.101704 9.99008E-05 0.118281 9.99008E-05 9.99008E-05 9.99008E-05 9.99008E-05 0.0996922 0.106508 0.0651715
9.9865E-05 9.9865E-05 0.931829 9.9865E-05 9.9865E-05 9.9865E-05 9.9865E-05 9.9865E-05 9.9865E-05 0.0564391 9.9865E-05 9.9865E-05 9.9865E-05 9.9865E-05 0.0102341 9.9865E-05 9.9865E-05 9.9865E-05
9.9874E-05 9.9874E-05 0.778748 9.9874E-05 9.9874E-05 0.025863 9.9874E-05 9.9874E-05 9.9874E-05 9.9874E-05 9.9874E-05 9.9874E-05 9.9874E-05 9.9874E-05 0.0445142 9.9874E-05 0.149476 9.9874E-05
9.98737E-05 0.0890918 9.98737E-05 9.98737E-05 0.882184 9.98737E-05 9.98737E-05 9.98737E-05 0.0209879 9.98737E-05 9.98737E-05 9.98737E-05 0.00633838 9.98737E-05 9.98737E-05 9.98737E-05 9.98737E-05 9.98737E-05
9.98828E-05 9.98828E-05 9.98828E-05 0.189355 0.525243 0.205744 9.98828E-05 0.00116401 9.98828E-05 9.98828E-05 9.98828E-05 9.98828E-05 9.98828E-05 9.98828E-05 9.98828E-05 9.98828E-05 9.98828E-05 0.0771961
9.98647E-05 9.98647E-05 9.98647E-05 9.98647E-05 0.419339 0.381093 9.98647E-05 9.98647E-05 9.98647E-05 9.98647E-05 9.98647E-05 0.198069 9.98647E-05 9.98647E-05 9.98647E-05 9.98647E-05 9.98647E-05 9.98647E-05
9.98738E-05 0.178671 0.210308 9.98738E-05 9.98738E-05 0.5995 9.98738E-05 9.98738E-05 9.98738E-05 9.98738E-05 9.98738E-05 9.98738E-05 0.0101229 9.98738E-05 9.98738E-05 9.98738E-05 9.98738E-05 9.98738E-05
0.201473 9.98649E-05 9.98649E-05 9.98649E-05 9.98649E-05 9.98649E-05 9.98649E-05 9.98649E-05 9.98649E-05 0.127048 9.98649E-05 9.98649E-05 9.98649E-05 9.98649E-05 9.98649E-05 9.98649E-05 9.98649E-05 0.669982
9.98916E-05 9.98916E-05 0.403163 0.0988473 9.98916E-05 0.444313 9.98916E-05 9.98916E-05 0.0249291 9.98916E-05 0.0179586 9.98916E-05 9.98916E-05 0.00959012 9.98916E-05 9.98916E-05 9.98916E-05 9.98916E-05
9.98648E-05 9.98648E-05 0.508273 9.98648E-05 0.47518 9.98648E-05 9.98648E-05 9.98648E-05 9.98648E-05 9.98648E-05 9.98648E-05 9.98648E-05 9.98648E-05 9.98648E-05 0.0150496 9.98648E-05 9.98648E-05 9.98648E-05
9.98829E-05 9.98829E-05 9.98829E-05 9.98829E-05 0.639465 0.0308366 9.98829E-05 9.98829E-05 9.98829E-05 9.98829E-05 9.98829E-05 9.98829E-05 9.98829E-05 9.98829E-05 9.98829E-05 0.299943 0.00612236 0.0223343
9.98737E-05 0.101309 9.98737E-05 9.98737E-05 9.98737E-05 0.238471 9.98737E-05 9.98737E-05 9.98737E-05 9.98737E-05 9.98737E-05 0.0343961 9.98737E-05 9.98737E-05 9.98737E-05 9.98737E-05 9.98737E-05 0.624426
9.98829E-05 0.0558779 9.98829E-05 9.98829E-05 0.000779977 0.862684 9.98829E-05 9.98829E-05 9.98829E-05 9.98829E-05 9.98829E-05 9.98829E-05 9.98829E-05 9.98829E-05 0.0406149 0.0387448 9.98829E-05 9.98829E-05
9.98737E-05 9.98737E-05 9.98737E-05 0.0594755 9.98737E-05 0.334335 9.98737E-05 9.98737E-05 0.0496706 9.98737E-05 9.98737E-05 9.98737E-05 9.98737E-05 9.98737E-05 9.98737E-05 9.98737E-05 9.98737E-05 0.555121
9.98918E-05 9.98918E-05 9.98918E-05 0.142262 0.380148 0.167621 9.98918E-05 9.98918E-05 9.98918E-05 9.98918E-05 9.98918E-05 9.98918E-05 0.0420845 9.98918E-05 0.0970103 9.98918E-05 9.98918E-05 0.169675
9.98829E-05 9.98829E-05 9.98829E-05 9.98829E-05 0.0576557 0.529087 9.98829E-05 9.98829E-05 9.98829E-05 9.98829E-05 0.00146537 0.179437 9.98829E-05 9.98829E-05 0.231056 9.98829E-05 9.98829E-05 9.98829E-05
0.050533 9.99009E-05 0.263658 9.99009E-05 9.99009E-05 0.140843 9.99009E-05 9.99009E-05 9.99009E-05 9.99009E-05 0.132761 9.99009E-05 0.00144059 9.99009E-05 9.99009E-05 0.22734 9.99009E-05 0.182326
9.98919E-05 9.98919E-05 0.289787 0.100504 9.98919E-05 0.10359 9.98919E-05 9.98919E-05 9.98919E-05 9.98919E-05 0.414981 9.98919E-05 9.98919E-05 9.98919E-05 0.0052987 0.0846399 9.98919E-05 9.98919E-05
0.0605316 9.9901E-05 9.9901E-05 9.9901E-05 9.9901E-05 0.0541777 9.9901E-05 9.9901E-05 9.9901E-05 9.9901E-05 0.444781 0.0490991 0.0714866 9.9901E-05 9.9901E-05 0.222724 9.9901E-05 0.0961014
9.98918E-05 0.0305897 0.284158 0.0614678 9.98918E-05 0.424931 9.98918E-05 9.98918E-05 9.98918E-05 9.98918E-05 0.173756 0.0238998 9.98918E-05 9.98918E-05 9.98918E-05 9.98918E-05 9.98918E-05 9.98918E-05
9.98827E-05 9.98827E-05 0.357732 9.98827E-05 0.0520522 9.98827E-05 9.98827E-05 9.98827E-05 9.98827E-05 9.98827E-05 0.267846 9.98827E-05 9.98827E-05 9.98827E-05 0.264672 9.98827E-05 9.98827E-05 0.0563985
9.98739E-05 9.98739E-05 0.838874 9.98739E-05 0.0622565 9.98739E-05 9.98739E-05 9.98739E-05 9.98739E-05 9.98739E-05 9.98739E-05 9.98739E-05 0.000572351 9.98739E-05 9.98739E-05 0.0968985 9.98739E-05 9.98739E-05
9.98917E-05 9.98917E-05 9.98917E-05 0.0605753 9.98917E-05 9.98917E-05 0.0180107 0.00401306 0.0811907 9.98917E-05 9.98917E-05 9.98917E-05 0.631706 9.98917E-05 9.98917E-05 9.98917E-05 9.98917E-05 0.203305
9.98737E-05 0.168534 9.98737E-05 9.98737E-05 9.98737E-05 0.134378 9.98737E-05 9.98737E-05 9.98737E-05 9.98737E-05 0.240333 9.98737E-05 0.455357 9.98737E-05 9.98737E-05 9.98737E-05 9.98737E-05 9.98737E-05
9.98738E-05 9.98738E-05 9.98738E-05 9.98738E-05 0.213554 9.98738E-05 9.98738E-05 9.98738E-05 9.98738E-05 0.135507 9.98738E-05 9.98738E-05 0.479811 9.98738E-05 9.98738E-05 9.98738E-05 9.98738E-05 0.169729
9.98827E-05 0.174693 0.0090714 9.98827E-05 9.98827E-05 0.041704 9.98827E-05 9.98827E-05 9.98827E-05 9.98827E-05 0.19965 9.98827E-05 0.573584 9.98827E-05 9.98827E-05 9.98827E-05 9.98827E-05 9.98827E-05
9.98648E-05 0.0821032 9.98648E-05 9.98648E-05 9.98648E-05 0.0670446 9.98648E-05 9.98648E-05 9.98648E-05 9.98648E-05 9.98648E-05 9.98648E-05 0.849354 9.98648E-05 9.98648E-05 9.98648E-05 9.98648E-05 9.98648E-05
9.98648E-05 9.98648E-05 0.0730222 9.98648E-05 9.98648E-05 9.98648E-05 9.98648E-05 9.98648E-05 9.98648E-05 0.270329 9.98648E-05 9.98648E-05 0.655151 9.98648E-05 9.98648E-05 9.98648E-05 9.98648E-05 9.98648E-05
9.98918E-05 9.98918E-05 0.224899 0.0776519 9.98918E-05 0.0121737 9.98918E-05 9.98918E-05 0.108147 9.98918E-05 0.166006 9.98918E-05 0.409924 9.98918E-05 9.98918E-05 9.98918E-05 9.98918E-05 9.98918E-05
9.98828E-05 9.98828E-05 9.98828E-05 0.0385697 9.98828E-05 9.98828E-05 0.00313499 9.98828E-05 0.0330161 9.98828E-05 0.0695423 9.98828E-05 0.854438 9.98828E-05 9.98828E-05 9.98828E-05 9.98828E-05 9.98828E-05
9.98649E-05 9.98649E-05 9.98649E-05 0.176961 9.98649E-05 9.98649E-05 9.98649E-05 9.98649E-05 9.98649E-05 9.98649E-05 9.98649E-05 0.381465 9.98649E-05 0.440077 9.98649E-05 9.98649E-05 9.98649E-05 9.98649E-05
9.98741E-05 9.98741E-05 9.98741E-05 0.668799 9.98741E-05 0.0174604 9.98741E-05 9.98741E-05 9.98741E-05 9.98741E-05 9.98741E-05 0.0931155 9.98741E-05 0.219227 9.98741E-05 9.98741E-05 9.98741E-05 9.98741E-05
0.102768 9.98739E-05 9.98739E-05 0.241909 9.98739E-05 9.98739E-05 9.98739E-05 9.98739E-05 9.98739E-05 9.98739E-05 9.98739E-05 9.98739E-05 9.98739E-05 0.497484 0.15644 9.98739E-05 9.98739E-05 9.98739E-05
9.9865E-05 9.9865E-05 9.9865E-05 9.9865E-05 9.9865E-05 9.9865E-05 0.00604378 9.9865E-05 9.9865E-05 0.273763 9.9865E-05 9.9865E-05 9.9865E-05 0.718696 9.9865E-05 9.9865E-05 9.9865E-05 9.9865E-05
9.98648E-05 9.98648E-05 9.98648E-05 9.98648E-05 9.98648E-05 9.98648E-05 9.98648E-05 0.0227934 9.98648E-05 9.98648E-05 9.98648E-05 0.361769 9.98648E-05 0.61394 9.98648E-05 9.98648E-05 9.98648E-05 9.98648E-05
0.0362253 9.99008E-05 0.019711 9.99008E-05 0.0494618 9.99008E-05 9.99008E-05 9.99008E-05 0.530776 0.0837963 9.99008E-05 9.99008E-05 9.99008E-05 0.270696 9.99008E-05 0.00823423 9.99008E-05 9.99008E-05
9.98647E-05 0.470083 9.98647E-05 0.0168737 9.98647E-05 9.98647E-05 9.98647E-05 9.98647E-05 9.98647E-05 9.98647E-05 9.98647E-05 9.98647E-05 9.98647E-05 0.511546 9.98647E-05 9.98647E-05 9.98647E-05 9.98647E-05
9.98648E-05 9.98648E-05 9.98648E-05 0.155482 9.98648E-05 9.98648E-05 9.98648E-05 9.98648E-05 9.98648E-05 9.98648E-05 9.98648E-05 0.283715 9.98648E-05 0.559304 9.98648E-05 9.98648E-05 9.98648E-05 9.98648E-05
9.98829E-05 9.98829E-05 9.98829E-05 0.564545 0.0354352 9.98829E-05 9.98829E-05 9.98829E-05 9.98829E-05 9.98829E-05 9.98829E-05 0.00564862 9.98829E-05 0.391793 9.98829E-05 9.98829E-05 9.98829E-05 0.00127943
9.98918E-05 9.98918E-05 0.0671482 9.98918E-05 9.98918E-05 9.98918E-05 9.98918E-05 9.98918E-05 9.98918E-05 0.0135536 9.98918E-05 9.98918E-05 9.98918E-05 0.400953 0.382334 9.98918E-05 0.118239 0.016573
9.98739E-05 9.98739E-05 9.98739E-05 9.98739E-05 9.98739E-05 9.98739E-05 9.98739E-05 0.126 9.98739E-05 9.98739E-05 0.0690629 0.592283 9.98739E-05 0.211256 9.98739E-05 9.98739E-05 9.98739E-05 9.98739E-05
9.98918E-05 0.028843 0.0252854 9.98918E-05 9.98918E-05 9.98918E-05 9.98918E-05 0.0495487 9.98918E-05 9.98918E-05 9.98918E-05 9.98918E-05 9.98918E-05 0.414148 0.107096 9.98918E-05 0.37388 9.98918E-05
9.98738E-05 9.98738E-05 9.98738E-05 0.193849 9.98738E-05 0.0457657 9.98738E-05 9.98738E-05 9.98738E-05 9.98738E-05 9.98738E-05 0.130657 9.98738E-05 0.62833 9.98738E-05 9.98738E-05 9.98738E-05 9.98738E-05
9.98918E-05 9.98918E-05 9.98918E-05 0.25225 0.0357969 9.98918E-05 9.98918E-05 9.98918E-05 0.141881 9.98918E-05 9.98918E-05 9.98918E-05 9.98918E-05 0.43744 0.00807477 9.98918E-05 0.123358 9.98918E-05
9.99008E-05 9.99008E-05 9.99008E-05 0.207228 9.99008E-05 9.99008E-05 0.0196708 9.99008E-05 0.0306686 9.99008E-05 9.99008E-05 0.0718958 9.99008E-05 0.368055 0.270829 9.99008E-05 9.99008E-05 0.0305542
9.99008E-05 0.137574 9.99008E-05 9.99008E-05 9.99008E-05 0.0355783 0.0192848 9.99008E-05 0.373062 9.99008E-05 9.99008E-05 0.0753832 9.99008E-05 0.335078 9.99008E-05 9.99008E-05 9.99008E-05 0.0229408
9.98827E-05 9.98827E-05 0.0892218 9.98827E-05 9.98827E-05 9.98827E-05 9.98827E-05 9.98827E-05 9.98827E-05 0.125593 9.98827E-05 9.98827E-05 9.98827E-05 0.484107 9.98827E-05 0.297226 0.0025529 9.98827E-05
0.500994 0.00663786 9.98827E-05 9.98827E-05 9.98827E-05 9.98827E-05 9.98827E-05 9.98827E-05 9.98827E-05 9.98827E-05 9.98827E-05 9.98827E-05 9.98827E-05 0.319844 0.094678 0.0765477 9.98827E-05 9.98827E-05
9.9874E-05 9.9874E-05 9.9874E-05 0.771948 9.9874E-05 0.0424569 9.9874E-05 9.9874E-05 9.9874E-05 9.9874E-05 9.9874E-05 9.9874E-05 9.9874E-05 0.162871 9.9874E-05 9.9874E-05 9.9874E-05 0.0213255
9.98828E-05 0.028049 9.98828E-05 9.98828E-05 9.98828E-05 0.110651 9.98828E-05 9.98828E-05 0.0867475 9.98828E-05 9.98828E-05 0.0304054 9.98828E-05 0.742849 9.98828E-05 9.98828E-05 9.98828E-05 9.98828E-05
9.98828E-05 9.98828E-05 9.98828E-05 0.0851498 9.98828E-05 9.98828E-05 9.98828E-05 9.98828E-05 9.98828E-05 9.98828E-05 0.00935297 9.98828E-05 9.98828E-05 0.466883 0.420674 9.98828E-05 9.98828E-05 0.0166412
0.0468302 9.98739E-05 9.98739E-05 9.98739E-05 9.98739E-05 9.98739E-05 9.98739E-05 9.98739E-05 9.98739E-05 9.98739E-05 9.98739E-05 9.98739E-05 9.98739E-05 0.433934 0.367467 0.15037 9.98739E-05 9.98739E-05
9.98919E-05 9.98919E-05 0.0865364 9.98919E-05 9.98919E-05 9.98919E-05 9.98919E-05 0.111783 0.232589 0.314201 9.98919E-05 9.98919E-05 9.98919E-05 9.98919E-05 0.207233 9.98919E-05 0.0464578 9.98919E-05
9.99008E-05 0.177506 9.99008E-05 9.99008E-05 0.00293158 9.99008E-05 0.236691 0.547652 9.99008E-05 0.00641038 9.99008E-05 9.99008E-05 0.0248908 0.00281924 9.99008E-05 9.99008E-05 9.99008E-05 9.99008E-05
0.549899 9.99098E-05 0.00495794 0.0677226 9.99098E-05 9.99098E-05 9.99098E-05 0.0451929 0.205356 0.0552263 0.00913021 9.99098E-05 9.99098E-05 9.99098E-05 9.99098E-05 0.0615155 9.99098E-05 9.99098E-05
9.98918E-05 9.98918E-05 9.98918E-05 0.0120882 9.98918E-05 0.0929324 9.98918E-05 0.0716583 0.691451 9.98918E-05 9.98918E-05 0.0870978 9.98918E-05 9.98918E-05 0.0435735 9.98918E-05 9.98918E-05 9.98918E-05
9.98646E-05 9.98646E-05 9.98646E-05 9.98646E-05 9.98646E-05 0.0836124 9.98646E-05 0.66601 9.98646E-05 9.98646E-05 9.98646E-05 0.24888 9.98646E-05 9.98646E-05 9.98646E-05 9.98646E-05 9.98646E-05 9.98646E-05
0.0460638 9.98918E-05 9.98918E-05 9.98918E-05 9.98918E-05 9.98918E-05 9.98918E-05 0.00623789 0.216187 9.98918E-05 9.98918E-05 9.98918E-05 9.98918E-05 9.98918E-05 0.00231413 0.423127 0.304872 9.98918E-05
9.98828E-05 9.98828E-05 9.98828E-05 9.98828E-05 9.98828E-05 9.98828E-05 9.98828E-05 0.792249 9.98828E-05 9.98828E-05 9.98828E-05 9.98828E-05 9.98828E-05 9.98828E-05 0.0169476 0.00131712 0.172093 0.0160954
9.99099E-05 9.99099E-05 0.0492506 0.408953 0.0014277 9.99099E-05 9.99099E-05 0.0338225 0.377025 0.0263905 9.99099E-05 9.99099E-05 0.0241808 9.99099E-05 9.99099E-05 0.0779508 9.99099E-05 9.99099E-05
0.0364884 9.98829E-05 9.98829E-05 9.98829E-05 9.98829E-05 9.98829E-05 0.017701 0.655145 9.98829E-05 9.98829E-05 9.98829E-05 9.98829E-05 9.98829E-05 9.98829E-05 9.98829E-05 0.256642 9.98829E-05 0.0327255
9.98829E-05 0.261426 9.98829E-05 9.98829E-05 9.98829E-05 0.21417 9.98829E-05 0.337842 0.174506 9.98829E-05 9.98829E-05 0.010757 9.98829E-05 9.98829E-05 9.98829E-05 9.98829E-05 9.98829E-05 9.98829E-05
9.99007E-05 9.99007E-05 0.0535833 9.99007E-05 9.99007E-05 9.99007E-05 9.99007E-05 0.140517 0.0531677 0.109596 9.99007E-05 9.99007E-05 9.99007E-05 9.99007E-05 0.201359 0.236789 0.20389 9.99007E-05
0.386831 9.98829E-05 9.98829E-05 9.98829E-05 0.0161821 9.98829E-05 9.98829E-05 0.574233 9.98829E-05 0.0181061 9.98829E-05 9.98829E-05 9.98829E-05 9.98829E-05 0.00335007 9.98829E-05 9.98829E-05 9.98829E-05
9.98738E-05 0.0820836 9.98738E-05 9.98738E-05 9.98738E-05 0.123776 9.98738E-05 0.600281 9.98738E-05 9.98738E-05 9.98738E-05 0.192462 9.98738E-05 9.98738E-05 9.98738E-05 9.98738E-05 9.98738E-05 9.98738E-05
0.0379044 9.98919E-05 9.98919E-05 9.98919E-05 9.98919E-05 9.98919E-05 9.98919E-05 9.98919E-05 0.11408 0.371648 9.98919E-05 9.98919E-05 9.98919E-05 9.98919E-05 0.00638581 0.222048 0.246735 9.98919E-05
9.98648E-05 9.98648E-05 0.0456003 9.98648E-05 9.98648E-05 9.98648E-05 9.98648E-05 0.460378 9.98648E-05 9.98648E-05 9.98648E-05 9.98648E-05 9.98648E-05 9.98648E-05 9.98648E-05 0.492524 9.98648E-05 9.98648E-05
0.0445895 0.04079 9.98828E-05 9.98828E-05 9.98828E-05 9.98828E-05 9.98828E-05 9.98828E-05 0.261136 9.98828E-05 9.98828E-05 9.98828E-05 9.98828E-05 9.98828E-05 9.98828E-05 0.572359 0.0798276 9.98828E-05
9.98648E-05 9.98648E-05 9.98648E-05 9.98648E-05 9.98648E-05 0.129179 9.98648E-05 0.564591 9.98648E-05 9.98648E-05 9.98648E-05 0.304732 9.98648E-05 9.98648E-05 9.98648E-05 9.98648E-05 9.98648E-05 9.98648E-05
0.0378823 9.98828E-05 0.0190031 9.98828E-05 9.98828E-05 9.98828E-05 9.98828E-05 0.296575 9.98828E-05 9.98828E-05 9.98828E-05 9.98828E-05 0.0138463 9.98828E-05 9.98828E-05 0.631395 9.98828E-05 9.98828E-05
9.99008E-05 9.99008E-05 0.00797618 0.0746954 9.99008E-05 9.99008E-05 9.99008E-05 9.99008E-05 0.129742 0.356873 9.99008E-05 9.99008E-05 9.99008E-05 9.99008E-05 0.144739 0.02098 0.263896 9.99008E-05
9.99188E-05 9.99188E-05 0.00577298 0.0252225 0.0197418 9.99188E-05 9.99188E-05 0.153574 0.691273 0.0477894 9.99188E-05 9.99188E-05 0.0416938 9.99188E-05 9.99188E-05 9.99188E-05 0.00305889 0.0109744
0.36226 9.99012E-05 9.99012E-05 9.99012E-05 9.99012E-05 0.0889573 9.99012E-05 9.99012E-05 0.273933 0.0456424 9.99012E-05 0.00219731 9.99012E-05 0.0497328 0.176179 9.99012E-05 9.99012E-05 9.99012E-05
0.216583 9.99089E-05 9.99089E-05 9.99089E-05 9.99089E-05 0.0260914 9.99089E-05 0.0970141 0.28149 9.99089E-05 9.99089E-05 9.99089E-05 9.99089E-05 9.99089E-05 0.0958446 0.252049 9.99089E-05 0.029829
9.98736E-05 9.98736E-05 9.98736E-05 9.98736E-05 9.98736E-05 0.122467 9.98736E-05 0.583818 0.0982468 9.98736E-05 9.98736E-05 0.19407 9.98736E-05 9.98736E-05 9.98736E-05 9.98736E-05 9.98736E-05 9.98736E-05
9.99189E-05 0.0780373 9.99189E-05 9.99189E-05 0.0328491 9.99189E-05 0.191386 9.99189E-05 0.180779 9.99189E-05 0.0848271 9.99189E-05 9.99189E-05 0.00109623 9.99189E-05 0.266733 0.130981 0.0324124
9.98917E-05 9.98917E-05 9.98917E-05 9.98917E-05 0.0828183 9.98917E-05 0.00348662 0.629743 0.229763 0.0505598 9.98917E-05 9.98917E-05 0.00243061 9.98917E-05 9.98917E-05 9.98917E-05 9.98917E-05 9.98917E-05
9.99099E-05 9.99099E-05 9.99099E-05 0.229541 0.0209613 0.117856 0.0604872 0.0452946 0.223889 9.99099E-05 9.99099E-05 0.198097 9.99099E-05 0.102874 9.99099E-05 9.99099E-05 9.99099E-05 9.99099E-05
9.99189E-05 9.99189E-05 0.0254736 0.0392929 9.99189E-05 9.99189E-05 0.103455 0.0748036 9.99189E-05 9.99189E-05 0.0500265 9.99189E-05 9.99189E-05 0.162363 9.99189E-05 0.427665 0.0863008 0.029721
9.98737E-05 9.98737E-05 9.98737E-05 0.0430646 9.98737E-05 9.98737E-05 0.284576 9.98737E-05 9.98737E-05 9.98737E-05 0.0340581 9.98737E-05 9.98737E-05 9.98737E-05 0.636903 9.98737E-05 9.98737E-05 9.98737E-05
9.9892E-05 0.120504 9.9892E-05 9.9892E-05 0.00495523 0.115702 9.9892E-05 9.9892E-05 9.9892E-05 9.9892E-05 9.9892E-05 0.661395 9.9892E-05 9.9892E-05 9.9892E-05 0.0892994 9.9892E-05 0.00694545
9.99188E-05 0.0426416 9.99188E-05 0.286553 0.099814 9.99188E-05 0.235883 0.0585649 0.156614 9.99188E-05 9.99188E-05 0.0941428 0.00165614 0.0232321 9.99188E-05 9.99188E-05 9.99188E-05 9.99188E-05
9.99097E-05 0.0461467 9.99097E-05 0.108818 9.99097E-05 0.105312 0.201183 9.99097E-05 0.239567 9.99097E-05 9.99097E-05 0.156959 9.99097E-05 0.0956162 9.99097E-05 9.99097E-05 0.0453995 9.99097E-05
9.99099E-05 9.99099E-05 0.00316825 0.00280261 9.99099E-05 9.99099E-05 9.99099E-05 0.155286 0.0338749 9.99099E-05 9.99099E-05 0.113447 9.99099E-05 9.99099E-05 0.196393 9.99099E-05 0.454724 0.0393059
9.98828E-05 9.98828E-05 9.98828E-05 9.98828E-05 9.98828E-05 0.0628455 0.0101192 0.0289617 0.416814 9.98828E-05 9.98828E-05 0.479961 9.98828E-05 9.98828E-05 9.98828E-05 9.98828E-05 9.98828E-05 9.98828E-05
0.116123 9.98828E-05 9.98828E-05 0.0689178 9.98828E-05 9.98828E-05 9.98828E-05 9.98828E-05 0.125637 9.98828E-05 9.98828E-05 9.98828E-05 9.98828E-05 9.98828E-05 9.98828E-05 0.526344 0.16168 9.98828E-05
9.98917E-05 9.98917E-05 9.98917E-05 0.00495785 9.98917E-05 0.0288981 0.109714 0.00276973 0.408783 9.98917E-05 9.98917E-05 0.443679 9.98917E-05 9.98917E-05 9.98917E-05 9.98917E-05 9.98917E-05 9.98917E-05
0.366178 9.98829E-05 9.98829E-05 9.98829E-05 9.98829E-05 9.98829E-05 0.242855 0.151158 9.98829E-05 9.98829E-05 9.98829E-05 0.0772133 9.98829E-05 9.98829E-05 0.161297 9.98829E-05 9.98829E-05 9.98829E-05
0.269739 0.066177 9.99008E-05 0.0265139 9.99008E-05 9.99008E-05 0.0584045 0.0277049 9.99008E-05 9.99008E-05 9.99008E-05 9.99008E-05 9.99008E-05 9.99008E-05 0.270574 0.279787 9.99008E-05 9.99008E-05
9.9901E-05 9.9901E-05 9.9901E-05 0.112995 0.0316107 9.9901E-05 0.19862 9.9901E-05 0.196249 9.9901E-05 0.0928623 9.9901E-05 9.9901E-05 0.00446906 0.362095 9.9901E-05 9.9901E-05 9.9901E-05
9.99278E-05 0.0244359 0.0287751 0.276624 0.0252894 9.99278E-05 0.0207655 9.99278E-05 0.38707 0.0116862 9.99278E-05 9.99278E-05 9.99278E-05 0.00869986 0.12622 0.0896348 9.99278E-05 9.99278E-05
9.99098E-05 9.99098E-05 9.99098E-05 0.374834 0.0313798 9.99098E-05 0.207663 9.99098E-05 0.114589 9.99098E-05 9.99098E-05 0.00787407 9.99098E-05 9.99098E-05 0.249912 0.00106334 9.99098E-05 0.0116868
0.203386 9.98918E-05 9.98918E-05 9.98918E-05 9.98918E-05 9.98918E-05 9.98918E-05 9.98918E-05 0.228971 9.98918E-05 9.98918E-05 0.100456 9.98918E-05 0.0653154 0.235863 0.16481 9.98918E-05 9.98918E-05
9.9892E-05 0.101296 9.9892E-05 0.101803 9.9892E-05 9.9892E-05 9.9892E-05 9.9892E-05 0.0754606 0.0125759 9.9892E-05 0.689514 9.9892E-05 9.9892E-05 0.0181518 9.9892E-05 9.9892E-05 9.9892E-05
9.98648E-05 9.98648E-05 9.98648E-05 9.98648E-05 9.98648E-05 9.98648E-05 0.252836 0.10756 9.98648E-05 9.98648E-05 9.98648E-05 0.638106 9.98648E-05 9.98648E-05 9.98648E-05 9.98648E-05 9.98648E-05 9.98648E-05
9.98918E-05 0.320253 9.98918E-05 0.0804021 0.0029875 0.0487163 0.360334 9.98918E-05 0.186109 9.98918E-05 9.98918E-05 9.98918E-05 9.98918E-05 9.98918E-05 9.98918E-05 9.98918E-05 9.98918E-05 9.98918E-05
9.98738E-05 9.98738E-05 9.98738E-05 0.161947 9.98738E-05 0.172759 0.278228 9.98738E-05 9.98738E-05 9.98738E-05 9.98738E-05 0.385668 9.98738E-05 9.98738E-05 9.98738E-05 9.98738E-05 9.98738E-05 9.98738E-05
9.9883E-05 0.0541519 9.9883E-05 9.9883E-05 9.9883E-05 9.9883E-05 9.9883E-05 9.9883E-05 9.9883E-05 0.037303 9.9883E-05 0.847782 9.9883E-05 9.9883E-05 9.9883E-05 0.0347947 0.0246695 9.9883E-05
9.99008E-05 0.301529 9.99008E-05 0.168252 9.99008E-05 0.0283268 0.36071 0.042527 9.99008E-05 9.99008E-05 0.00433368 9.99008E-05 0.0932224 9.99008E-05 9.99008E-05 9.99008E-05 9.99008E-05 9.99008E-05
9.99098E-05 0.0257042 9.99098E-05 9.99098E-05 9.99098E-05 0.0451799 0.0155965 0.0529188 0.637165 9.99098E-05 9.99098E-05 0.166573 0.0430089 9.99098E-05 9.99098E-05 9.99098E-05 0.0128546 9.99098E-05
0.0880646 9.9901E-05 9.9901E-05 9.9901E-05 0.0476459 9.9901E-05 0.0363387 9.9901E-05 9.9901E-05 0.749257 9.9901E-05 0.0444565 9.9901E-05 9.9901E-05 9.9901E-05 0.0043715 9.9901E-05 0.0287665
9.98918E-05 0.0704983 9.98918E-05 9.98918E-05 0.0424208 9.98918E-05 9.98918E-05 9.98918E-05 0.0679657 0.319726 9.98918E-05 9.98918E-05 9.98918E-05 9.98918E-05 9.98918E-05 0.487767 9.98918E-05 0.0104235
9.98918E-05 0.316938 9.98918E-05 9.98918E-05 0.09333 9.98918E-05 0.0299477 9.98918E-05 0.408519 0.124488 9.98918E-05 9.98918E-05 0.0255786 9.98918E-05 9.98918E-05 9.98918E-05 9.98918E-05 9.98918E-05
9.98917E-05 0.054039 9.98917E-05 9.98917E-05 0.00404472 9.98917E-05 9.98917E-05 9.98917E-05 0.0740938 0.208043 9.98917E-05 9.98917E-05 9.98917E-05 9.98917E-05 9.98917E-05 0.424011 0.234571 9.98917E-05
9.98919E-05 0.0635146 9.98919E-05 9.98919E-05 0.012648 9.98919E-05 9.98919E-05 9.98919E-05 9.98919E-05 0.555215 9.98919E-05 0.0210845 9.98919E-05 9.98919E-05 9.98919E-05 0.336686 0.00965357 9.98919E-05
0.412383 0.10087 9.98918E-05 0.0449819 9.98918E-05 9.98918E-05 9.98918E-05 9.98918E-05 9.98918E-05 0.185389 9.98918E-05 9.98918E-05 9.98918E-05 9.98918E-05 9.98918E-05 0.193189 9.98918E-05 0.0619881
0.122935 0.0238562 9.99009E-05 9.99009E-05 0.00431936 9.99009E-05 9.99009E-05 9.99009E-05 0.0601712 0.272488 9.99009E-05 9.99009E-05 9.99009E-05 0.0473137 9.99009E-05 0.467818 9.99009E-05 9.99009E-05
9.9901E-05 0.571551 9.9901E-05 9.9901E-05 0.0475153 9.9901E-05 0.0322219 9.9901E-05 0.24069 0.0778296 9.9901E-05 0.00147761 9.9901E-05 9.9901E-05 9.9901E-05 9.9901E-05 9.9901E-05 0.0276159
9.9883E-05 0.427236 9.9883E-05 9.9883E-05 9.9883E-05 0.0230202 9.9883E-05 0.258359 0.00491193 9.9883E-05 9.9883E-05 0.285174 9.9883E-05 9.9883E-05 9.9883E-05 9.9883E-05 9.9883E-05 9.9883E-05
9.99008E-05 0.0055992 9.99008E-05 0.142364 0.113876 9.99008E-05 9.99008E-05 9.99008E-05 0.246255 0.454448 9.99008E-05 9.99008E-05 0.00562398 0.0307344 9.99008E-05 9.99008E-05 9.99008E-05 9.99008E-05
9.9883E-05 0.830596 9.9883E-05 9.9883E-05 0.0298511 9.9883E-05 9.9883E-05 9.9883E-05 9.9883E-05 9.9883E-05 9.9883E-05 9.9883E-05 0.0149423 0.104508 9.9883E-05 0.0188037 9.9883E-05 9.9883E-05
9.9892E-05 0.292252 9.9892E-05 9.9892E-05 0.160367 9.9892E-05 0.0397166 9.9892E-05 0.343771 9.9892E-05 9.9892E-05 9.9892E-05 0.102317 0.0603775 9.9892E-05 9.9892E-05 9.9892E-05 9.9892E-05
9.99008E-05 0.0530559 9.99008E-05 9.99008E-05 9.99008E-05 9.99008E-05 9.99008E-05 9.99008E-05 0.466605 0.234326 9.99008E-05 9.99008E-05 0.103005 0.101509 9.99008E-05 0.00369691 0.0367034 9.99008E-05
9.98919E-05 0.45089 9.98919E-05 9.98919E-05 9.98919E-05 9.98919E-05 0.0856023 0.068226 0.303933 9.98919E-05 9.98919E-05 0.0540492 9.98919E-05 0.0361006 9.98919E-05 9.98919E-05 9.98919E-05 9.98919E-05
9.98919E-05 0.327978 9.98919E-05 9.98919E-05 9.98919E-05 0.0631751 9.98919E-05 9.98919E-05 0.205113 0.234061 9.98919E-05 0.0193851 9.98919E-05 0.149089 9.98919E-05 9.98919E-05 9.98919E-05 9.98919E-05
9.99189E-05 9.99189E-05 9.99189E-05 0.0458008 0.00860379 9.99189E-05 0.327319 9.99189E-05 0.0377728 0.129707 0.0650014 9.99189E-05 0.0114502 9.99189E-05 9.99189E-05 0.315023 9.99189E-05 0.0584221
9.99188E-05 0.327125 0.0461163 0.0302912 9.99188E-05 9.99188E-05 0.0530911 9.99188E-05 0.266277 0.0668966 9.99188E-05 9.99188E-05 0.0763304 9.99188E-05 9.99188E-05 9.99188E-05 0.13222 0.000753645
9.98918E-05 0.339301 9.98918E-05 0.148356 0.0178673 9.98918E-05 9.98918E-05 9.98918E-05 0.0990842 0.322828 9.98918E-05 9.98918E-05 9.98918E-05 0.0713649 9.98918E-05 9.98918E-05 9.98918E-05 9.98918E-05
0.0134372 9.98829E-05 9.98829E-05 9.98829E-05 9.98829E-05 9.98829E-05 9.98829E-05 9.98829E-05 0.10332 0.321689 9.98829E-05 9.98829E-05 9.98829E-05 9.98829E-05 9.98829E-05 0.0473794 0.512876 9.98829E-05
0.0321669 9.9919E-05 9.9919E-05 9.9919E-05 0.0501102 0.00909854 9.9919E-05 9.9919E-05 0.358265 0.43121 0.00954429 9.9919E-05 9.9919E-05 0.0573943 0.014312 9.9919E-05 0.0369994 9.9919E-05
0.0366121 0.746583 0.0262893 9.991E-05 9.991E-05 0.0419914 9.991E-05 9.991E-05 0.0437798 9.991E-05 9.991E-05 0.0410561 0.00111191 9.991E-05 9.991E-05 9.991E-05 0.0615777 9.991E-05
0.00350139 0.279223 9.99009E-05 0.030085 9.99009E-05 9.99009E-05 9.99009E-05 9.99009E-05 0.511927 9.99009E-05 0.00767132 9.99009E-05 0.0638349 0.102659 9.99009E-05 9.99009E-05 9.99009E-05 9.99009E-05
9.98919E-05 0.507588 9.98919E-05 9.98919E-05 9.98919E-05 0.0150133 0.130568 0.0633521 0.0777554 9.98919E-05 9.98919E-05 0.204524 9.98919E-05 9.98919E-05 9.98919E-05 9.98919E-05 9.98919E-05 9.98919E-05
9.98828E-05 9.98828E-05 9.98828E-05 9.98828E-05 9.98828E-05 9.98828E-05 9.98828E-05 9.98828E-05 0.250387 0.404593 9.98828E-05 9.98828E-05 9.98828E-05 9.98828E-05 0.00490125 0.314678 0.0241424 9.98828E-05
9.9901E-05 9.9901E-05 9.9901E-05 9.9901E-05 0.106167 9.9901E-05 0.0301073 9.9901E-05 0.559855 0.264877 0.0111047 9.9901E-05 9.9901E-05 9.9901E-05 9.9901E-05 9.9901E-05 0.0206643 0.006126
9.99098E-05 0.557549 9.99098E-05 0.0157094 9.99098E-05 0.0921924 0.040274 0.129319 0.108734 9.99098E-05 9.99098E-05 0.0342758 9.99098E-05 0.0209472 9.99098E-05 9.99098E-05 9.99098E-05 9.99098E-05
0.00132198 9.9892E-05 0.0795414 9.9892E-05 9.9892E-05 9.9892E-05 0.277915 9.9892E-05 9.9892E-05 0.252257 9.9892E-05 9.9892E-05 9.9892E-05 0.0280474 9.9892E-05 0.359719 9.9892E-05 9.9892E-05
9.98829E-05 9.98829E-05 9.98829E-05 9.98829E-05 0.00145936 9.98829E-05 0.495522 0.0157581 9.98829E-05 0.0478396 9.98829E-05 9.98829E-05 9.98829E-05 9.98829E-05 9.98829E-05 9.98829E-05 0.438122 9.98829E-05
9.98919E-05 9.98919E-05 9.98919E-05 9.98919E-05 9.98919E-05 0.205288 0.0958435 9.98919E-05 0.314811 9.98919E-05 9.98919E-05 0.265572 0.0690317 0.0482549 9.98919E-05 9.98919E-05 9.98919E-05 9.98919E-05
9.98828E-05 9.98828E-05 9.98828E-05 9.98828E-05 9.98828E-05 9.98828E-05 0.722476 0.00302699 9.98828E-05 9.98828E-05 9.98828E-05 0.158087 9.98828E-05 0.0856675 9.98828E-05 9.98828E-05 9.98828E-05 0.0294441
9.991E-05 0.00853544 9.991E-05 9.991E-05 9.991E-05 9.991E-05 0.190423 0.0170318 9.991E-05 0.222341 9.991E-05 9.991E-05 0.0397298 9.991E-05 9.991E-05 0.0626521 0.390329 0.0679588
0.0228068 9.98919E-05 9.98919E-05 9.98919E-05 0.0200609 9.98919E-05 0.340205 0.0305195 9.98919E-05 0.154229 9.98919E-05 9.98919E-05 9.98919E-05 9.98919E-05 9.98919E-05 0.43098 9.98919E-05 9.98919E-05
9.9892E-05 9.9892E-05 9.9892E-05 9.9892E-05 0.14802 9.9892E-05 0.158578 0.0563929 9.9892E-05 0.156589 9.9892E-05 9.9892E-05 9.9892E-05 9.9892E-05 9.9892E-05 0.44727 0.0319515 9.9892E-05
9.98739E-05 9.98739E-05 9.98739E-05 9.98739E-05 9.98739E-05 0.0857254 0.318734 0.00214612 9.98739E-05 9.98739E-05 9.98739E-05 0.591996 9.98739E-05 9.98739E-05 9.98739E-05 9.98739E-05 9.98739E-05 9.98739E-05
