9.9937E-05 0.0736101 9.9937E-05 9.9937E-05 0.147479 9.9937E-05 9.9937E-05 0.288807 9.9937E-05 9.9937E-05 0.489405
9.9955E-05 9.9955E-05 9.9955E-05 9.9955E-05 0.0509906 0.137491 0.00526652 0.280468 0.00994997 9.9955E-05 0.515334
9.99729E-05 0.0082381 0.0100454 0.386519 9.99729E-05 0.0317655 0.00219346 9.99729E-05 0.31531 0.0314587 0.21417
9.99639E-05 0.00742213 0.186218 9.99639E-05 0.135631 0.10831 9.99639E-05 0.273482 9.99639E-05 0.0422653 0.246271
9.99459E-05 9.99459E-05 0.0843998 9.99459E-05 0.344759 0.0755343 9.99459E-05 0.409635 9.99459E-05 0.0850723 9.99459E-05
9.99639E-05 9.99639E-05 9.99639E-05 0.0658665 0.107251 9.99639E-05 0.0602795 0.0176199 0.0129125 0.305233 0.430437
0.065228 9.99369E-05 9.99369E-05 0.441311 9.99369E-05 9.99369E-05 9.99369E-05 9.99369E-05 0.0253035 9.99369E-05 0.467458
9.9946E-05 9.9946E-05 9.9946E-05 0.174693 9.9946E-05 9.9946E-05 0.0813644 0.114474 9.9946E-05 0.182364 0.446506
9.9964E-05 0.0169773 0.135644 9.9964E-05 9.9964E-05 0.0890058 0.0206311 0.218289 9.9964E-05 0.0616185 0.457434
0.223564 0.0595199 9.99369E-05 0.34723 9.99369E-05 9.99369E-05 9.99369E-05 9.99369E-05 9.99369E-05 0.368987 9.99369E-05
9.99639E-05 9.99639E-05 0.0147493 9.99639E-05 0.0334685 0.492348 9.99639E-05 0.147074 0.0613044 0.0909559 0.1597
9.99459E-05 9.99459E-05 0.119632 9.99459E-05 9.99459E-05 0.179035 9.99459E-05 0.384069 9.99459E-05 0.231288 0.0853766
9.99639E-05 9.99639E-05 0.22737 0.152525 0.265343 0.0978566 0.0456967 9.99639E-05 0.0192437 9.99639E-05 0.191566
9.99459E-05 0.00383184 9.99459E-05 0.214063 9.99459E-05 9.99459E-05 9.99459E-05 9.99459E-05 0.103402 0.1649 0.513203
9.99369E-05 9.99369E-05 9.99369E-05 9.99369E-05 9.99369E-05 0.51664 9.99369E-05 0.371818 9.99369E-05 0.0776564 0.0331865
0.28394 0.0169537 9.99729E-05 0.393495 0.0303462 9.99729E-05 0.0482694 9.99729E-05 0.00674848 0.0484275 0.17152
0.0491441 9.99459E-05 0.0264218 0.277218 9.99459E-05 9.99459E-05 9.99459E-05 9.99459E-05 0.113909 9.99459E-05 0.532708
9.99369E-05 9.99369E-05 9.99369E-05 0.307801 9.99369E-05 0.0330256 9.99369E-05 9.99369E-05 0.148782 9.99369E-05 0.509691
9.9946E-05 9.9946E-05 0.274725 9.9946E-05 9.9946E-05 9.9946E-05 9.9946E-05 0.270152 0.143485 0.0371098 0.273928
9.99279E-05 0.775802 9.99279E-05 9.99279E-05 0.0913273 0.132072 9.99279E-05 9.99279E-05 9.99279E-05 9.99279E-05 9.99279E-05
9.99279E-05 0.78505 0.122188 9.99279E-05 0.0919628 9.99279E-05 9.99279E-05 9.99279E-05 9.99279E-05 9.99279E-05 9.99279E-05
9.99278E-05 0.870326 9.99278E-05 9.99278E-05 0.0908253 9.99278E-05 9.99278E-05 9.99278E-05 9.99278E-05 9.99278E-05 0.0380489
9.99279E-05 0.630839 0.345826 9.99279E-05 0.022536 9.99279E-05 9.99279E-05 9.99279E-05 9.99279E-05 9.99279E-05 9.99279E-05
9.99369E-05 0.720543 0.0884408 9.99369E-05 9.99369E-05 0.148458 9.99369E-05 0.041859 9.99369E-05 9.99369E-05 9.99369E-05
0.000476495 0.48468 9.99639E-05 0.110104 9.99639E-05 9.99639E-05 0.165904 9.99639E-05 0.127154 0.0108454 0.100437
9.99459E-05 0.414792 9.99459E-05 9.99459E-05 9.99459E-05 0.146526 0.133736 0.24797 9.99459E-05 0.0563766 9.99459E-05
0.453619 0.247915 9.99369E-05 0.0848568 9.99369E-05 9.99369E-05 0.212909 9.99369E-05 9.99369E-05 9.99369E-05 9.99369E-05
9.9955E-05 0.362026 0.0405159 9.9955E-05 0.223702 0.0786153 0.075767 0.218874 9.9955E-05 9.9955E-05 9.9955E-05
0.0462131 0.865083 9.99369E-05 9.99369E-05 0.0476039 9.99369E-05 9.99369E-05 9.99369E-05 9.99369E-05 9.99369E-05 0.0404001
9.99201E-05 0.837435 0.146895 9.99201E-05 9.99201E-05 0.0148712 9.99201E-05 9.99201E-05 9.99201E-05 9.99201E-05 9.99201E-05
0.149194 0.599127 0.136634 0.114346 9.99371E-05 9.99371E-05 9.99371E-05 9.99371E-05 9.99371E-05 9.99371E-05 9.99371E-05
0.0780858 0.280786 9.99549E-05 9.99549E-05 0.0278378 9.99549E-05 0.4204 9.99549E-05 0.121629 9.99549E-05 0.0707622
0.211304 0.602949 9.99278E-05 0.184948 9.99278E-05 9.99278E-05 9.99278E-05 9.99278E-05 9.99278E-05 9.99278E-05 9.99278E-05
9.99369E-05 0.688332 9.99369E-05 0.128086 9.99369E-05 9.99369E-05 9.99369E-05 9.99369E-05 0.017494 9.99369E-05 0.165389
9.99369E-05 0.8239 0.130512 9.99369E-05 9.99369E-05 0.034217 9.99369E-05 9.99369E-05 9.99369E-05 0.0106712 9.99369E-05
9.99369E-05 0.734022 0.0147957 9.99369E-05 9.99369E-05 0.201386 9.99369E-05 0.0490966 9.99369E-05 9.99369E-05 9.99369E-05
0.00736527 0.687664 9.99279E-05 9.99279E-05 9.99279E-05 0.304171 9.99279E-05 9.99279E-05 9.99279E-05 9.99279E-05 9.99279E-05
9.99279E-05 0.651642 0.285196 9.99279E-05 9.99279E-05 9.99279E-05 9.99279E-05 0.0623626 9.99279E-05 9.99279E-05 9.99279E-05
9.99368E-05 9.99368E-05 9.99368E-05 9.99368E-05 0.098829 9.99368E-05 0.785161 0.0114645 9.99368E-05 9.99368E-05 0.103846
0.307008 9.9928E-05 9.9928E-05 9.9928E-05 0.0493225 9.9928E-05 0.64287 9.9928E-05 9.9928E-05 9.9928E-05 9.9928E-05
0.331147 0.0871903 9.993E-05 0.189207 9.993E-05 9.993E-05 0.391756 9.993E-05 9.993E-05 9.993E-05 9.993E-05
0.0860913 0.00154238 0.300977 9.9946E-05 0.106167 9.9946E-05 0.504623 9.9946E-05 9.9946E-05 9.9946E-05 9.9946E-05
0.0153609 0.27154 9.99459E-05 9.99459E-05 0.0570482 9.99459E-05 0.533443 9.99459E-05 9.99459E-05 9.99459E-05 0.122007
0.108109 0.0946294 9.9955E-05 0.0602282 9.9955E-05 9.9955E-05 0.516866 9.9955E-05 0.192783 0.0268846 9.9955E-05
9.9937E-05 0.126923 0.0745843 9.9937E-05 9.9937E-05 9.9937E-05 0.261668 0.536124 9.9937E-05 9.9937E-05 9.9937E-05
9.99279E-05 9.99279E-05 9.99279E-05 9.99279E-05 9.99279E-05 0.144017 0.564529 0.290655 9.99279E-05 9.99279E-05 9.99279E-05
0.233364 0.18862 9.99459E-05 0.0971013 9.99459E-05 9.99459E-05 0.367369 9.99459E-05 0.112945 9.99459E-05 9.99459E-05
9.99459E-05 9.99459E-05 9.99459E-05 9.99459E-05 0.105068 0.0252997 0.782639 9.99459E-05 9.99459E-05 0.00831411 0.0780798
0.631306 9.9928E-05 9.9928E-05 9.9928E-05 0.0593369 9.9928E-05 0.308558 9.9928E-05 9.9928E-05 9.9928E-05 9.9928E-05
9.9937E-05 9.9937E-05 0.0659694 9.9937E-05 9.9937E-05 0.09036 0.695803 0.147168 9.9937E-05 9.9937E-05 9.9937E-05
0.274386 9.99279E-05 9.99279E-05 9.99279E-05 0.0784419 9.99279E-05 0.646373 9.99279E-05 9.99279E-05 9.99279E-05 9.99279E-05
0.0214453 0.0714922 0.243111 9.9955E-05 0.162805 9.9955E-05 0.499172 9.9955E-05 9.9955E-05 0.00147435 9.9955E-05
9.99459E-05 0.115512 9.99459E-05 9.99459E-05 9.99459E-05 0.376083 0.406105 0.0608388 9.99459E-05 0.0408623 9.99459E-05
9.9955E-05 0.000176334 9.9955E-05 9.9955E-05 9.9955E-05 0.353111 0.512127 0.0980054 9.9955E-05 0.0311934 0.00488654
0.0207464 0.0716689 0.358484 9.9955E-05 9.9955E-05 9.9955E-05 0.359395 0.180092 0.00911299 9.9955E-05 9.9955E-05
9.99459E-05 0.456632 0.386028 0.00298492 9.99459E-05 9.99459E-05 0.0338641 0.119891 9.99459E-05 9.99459E-05 9.99459E-05
0.123239 9.99549E-05 9.99549E-05 0.0259409 0.0520513 9.99549E-05 0.758727 9.99549E-05 0.00818301 9.99549E-05 0.0313596
0.125353 0.0865288 0.0674901 9.9955E-05 0.100314 0.0438852 0.575929 9.9955E-05 9.9955E-05 9.9955E-05 9.9955E-05
0.293455 9.99368E-05 9.99368E-05 9.99368E-05 0.0162644 9.99368E-05 0.669121 9.99368E-05 0.0204601 9.99368E-05 9.99368E-05
9.99459E-05 9.99459E-05 0.0452177 9.99459E-05 0.0875729 0.0504333 0.702064 0.114112 9.99459E-05 9.99459E-05 9.99459E-05
9.99549E-05 0.0503256 9.99549E-05 9.99549E-05 0.0126073 0.127547 0.674471 0.0880696 9.99549E-05 9.99549E-05 0.0464795
9.99279E-05 9.99279E-05 9.99279E-05 9.99279E-05 9.99279E-05 0.132232 0.670734 0.196234 9.99279E-05 9.99279E-05 9.99279E-05
0.137998 0.0932383 9.99459E-05 9.99459E-05 9.99459E-05 9.99459E-05 0.485751 9.99459E-05 0.279836 9.99459E-05 0.00257678
9.99369E-05 0.0329724 0.451774 9.99369E-05 9.99369E-05 9.99369E-05 0.503537 0.011017 9.99369E-05 9.99369E-05 9.99369E-05
9.99279E-05 9.99279E-05 9.99279E-05 0.45525 9.99279E-05 9.99279E-05 0.458982 9.99279E-05 0.0849679 9.99279E-05 9.99279E-05
9.995E-05 0.169731 9.995E-05 9.995E-05 9.995E-05 0.244243 0.339697 0.107004 9.995E-05 0.0380848 0.100741
9.99279E-05 9.99279E-05 0.0945386 9.99279E-05 9.99279E-05 9.99279E-05 0.601472 0.30319 9.99279E-05 9.99279E-05 9.99279E-05
9.9937E-05 9.9937E-05 9.9937E-05 9.9937E-05 0.0025488 0.253432 0.543411 0.199908 9.9937E-05 9.9937E-05 9.9937E-05
9.99549E-05 0.226762 9.99549E-05 9.99549E-05 9.99549E-05 9.99549E-05 0.384833 0.198328 0.0717787 0.0139315 0.103867
9.99459E-05 0.37948 9.99459E-05 9.99459E-05 0.0354418 9.99459E-05 0.323881 9.99459E-05 9.99459E-05 0.073529 0.187069
0.396854 0.277767 9.99369E-05 9.99369E-05 9.99369E-05 9.99369E-05 0.241597 9.99369E-05 0.083082 9.99369E-05 9.99369E-05
0.0469274 9.99279E-05 9.99279E-05 0.465414 9.99279E-05 9.99279E-05 0.48686 9.99279E-05 9.99279E-05 9.99279E-05 9.99279E-05
9.99279E-05 0.651178 0.157018 9.99279E-05 9.99279E-05 9.99279E-05 9.99279E-05 0.191004 9.99279E-05 9.99279E-05 9.99279E-05
0.169487 9.99368E-05 9.99368E-05 0.120311 9.99368E-05 9.99368E-05 0.638574 9.99368E-05 0.0709285 9.99368E-05 9.99368E-05
9.99549E-05 0.0439489 9.99549E-05 9.99549E-05 0.00563236 0.123173 0.598553 0.215175 9.99549E-05 0.0130182 9.99549E-05
9.99549E-05 0.266076 0.0690161 9.99549E-05 9.99549E-05 0.161388 0.232844 0.225219 9.99549E-05 0.0449576 9.99549E-05
0.0972363 0.736905 9.99278E-05 0.165059 9.99278E-05 9.99278E-05 9.99278E-05 9.99278E-05 9.99278E-05 9.99278E-05 9.99278E-05
0.29646 0.205923 9.9937E-05 0.310734 9.9937E-05 9.9937E-05 0.186183 9.9937E-05 9.9937E-05 9.9937E-05 9.9937E-05
0.0176118 0.749595 9.99549E-05 0.126114 9.99549E-05 9.99549E-05 0.0154246 9.99549E-05 0.0594804 9.99549E-05 0.031274
0.0128954 0.420384 9.99549E-05 9.99549E-05 0.154817 9.99549E-05 0.28949 9.99549E-05 9.99549E-05 0.0437056 0.0782078
0.49259 0.164674 9.9937E-05 9.9937E-05 0.0986998 9.9937E-05 0.243337 9.9937E-05 9.9937E-05 9.9937E-05 9.9937E-05
9.99279E-05 0.199902 0.341955 9.99279E-05 9.99279E-05 9.99279E-05 0.457343 9.99279E-05 9.99279E-05 9.99279E-05 9.99279E-05
9.99383E-05 9.99383E-05 0.182699 0.00558631 0.110886 9.99383E-05 0.70013 9.99383E-05 9.99383E-05 9.99383E-05 9.99383E-05
0.0694603 0.100426 0.289098 9.9946E-05 9.9946E-05 0.0683898 0.472027 9.9946E-05 9.9946E-05 9.9946E-05 9.9946E-05
0.195046 9.99279E-05 9.99279E-05 0.168915 9.99279E-05 9.99279E-05 0.63524 9.99279E-05 9.99279E-05 9.99279E-05 9.99279E-05
9.99369E-05 0.0609357 9.99369E-05 9.99369E-05 0.271629 0.0885305 0.578206 9.99369E-05 9.99369E-05 9.99369E-05 9.99369E-05
9.99279E-05 9.99279E-05 0.172654 9.99279E-05 9.99279E-05 9.99279E-05 0.589215 0.237332 9.99279E-05 9.99279E-05 9.99279E-05
9.99549E-05 0.384441 9.99549E-05 0.19347 9.99549E-05 9.99549E-05 0.181027 9.99549E-05 0.0585678 0.0203666 0.161628
0.00691901 0.0148698 9.99459E-05 0.420041 9.99459E-05 9.99459E-05 0.488017 9.99459E-05 0.069554 9.99459E-05 9.99459E-05
9.99369E-05 0.39982 9.99369E-05 9.99369E-05 9.99369E-05 9.99369E-05 0.161061 0.332309 9.99369E-05 9.99369E-05 0.106111
9.99278E-05 9.99278E-05 9.99278E-05 0.338772 9.99278E-05 9.99278E-05 0.556859 9.99278E-05 0.103569 9.99278E-05 9.99278E-05
9.99369E-05 0.0567197 9.99369E-05 0.40604 9.99369E-05 9.99369E-05 0.464025 9.99369E-05 0.0725154 9.99369E-05 9.99369E-05
9.99369E-05 0.16218 9.99369E-05 9.99369E-05 9.99369E-05 9.99369E-05 0.279673 0.557204 0.000243263 9.99369E-05 9.99369E-05
9.99459E-05 9.99459E-05 9.99459E-05 0.0842068 9.99459E-05 9.99459E-05 0.628347 0.0351133 0.0885877 9.99459E-05 0.163146
9.99639E-05 0.160236 9.99639E-05 0.0947454 9.99639E-05 9.99639E-05 0.436816 0.0729936 0.032795 0.00929472 0.192719
0.347535 9.99279E-05 9.99279E-05 9.99279E-05 0.385695 9.99279E-05 9.99279E-05 9.99279E-05 0.26597 9.99279E-05 9.99279E-05
0.12882 0.00973217 9.99549E-05 0.130636 0.568089 9.99549E-05 0.0459624 9.99549E-05 0.11626 9.99549E-05 9.99549E-05
0.00860655 9.99369E-05 0.117559 9.99369E-05 0.602004 9.99369E-05 9.99369E-05 9.99369E-05 0.271131 9.99369E-05 9.99369E-05
9.99189E-05 9.99189E-05 9.99189E-05 9.99189E-05 9.99189E-05 9.99189E-05 9.99189E-05 0.270351 0.72875 9.99189E-05 9.99189E-05
0.330894 9.99278E-05 9.99278E-05 9.99278E-05 0.237635 9.99278E-05 9.99278E-05 9.99278E-05 0.430671 9.99278E-05 9.99278E-05
9.99549E-05 0.000760789 0.0753999 9.99549E-05 9.99549E-05 0.0250157 9.99549E-05 0.131698 0.307585 9.99549E-05 0.459041
9.99278E-05 9.99278E-05 9.99278E-05 0.392246 0.144242 9.99278E-05 9.99278E-05 9.99278E-05 0.462713 9.99278E-05 9.99278E-05
0.245158 9.99278E-05 9.99278E-05 9.99278E-05 0.401349 9.99278E-05 9.99278E-05 9.99278E-05 0.352694 9.99278E-05 9.99278E-05
0.0345271 0.0431754 9.99549E-05 9.99549E-05 0.470511 9.99549E-05 9.99549E-05 9.99549E-05 0.343713 0.0208304 0.0867431
9.994E-05 0.01724 9.994E-05 9.994E-05 0.518036 0.211708 9.994E-05 0.0990931 0.153323 9.994E-05 9.994E-05
0.625865 9.99369E-05 9.99369E-05 9.99369E-05 0.203108 9.99369E-05 9.99369E-05 9.99369E-05 0.0911787 0.0791485 9.99369E-05
9.99459E-05 9.99459E-05 9.99459E-05 0.0296475 0.33478 0.438934 9.99459E-05 9.99459E-05 0.189457 0.00658141 9.99459E-05
0.162432 9.99278E-05 9.99278E-05 9.99278E-05 0.371207 9.99278E-05 9.99278E-05 9.99278E-05 0.465561 9.99278E-05 9.99278E-05
9.99459E-05 9.99459E-05 9.99459E-05 9.99459E-05 0.304946 0.111985 0.0318347 9.99459E-05 0.322428 9.99459E-05 0.228207
0.0969615 0.0449656 9.99549E-05 9.99549E-05 0.530808 9.99549E-05 9.99549E-05 9.99549E-05 0.17909 0.0513522 0.0963225
0.142761 0.0449984 9.99729E-05 0.0345477 0.0270831 0.0102939 9.99729E-05 0.000940056 0.416459 9.99729E-05 0.322617
9.99549E-05 9.99549E-05 0.0948018 9.99549E-05 0.24843 0.125272 0.0170079 0.274047 0.239941 9.99549E-05 9.99549E-05
9.99459E-05 9.99459E-05 0.540023 0.0397047 0.296281 9.99459E-05 9.99459E-05 0.0225306 0.100861 9.99459E-05 9.99459E-05
0.00119142 0.0633986 9.99729E-05 0.110332 0.572961 9.99729E-05 0.0815578 9.99729E-05 0.0880078 0.0689261 0.0133245
0.105488 9.99278E-05 9.99278E-05 9.99278E-05 0.221092 9.99278E-05 9.99278E-05 9.99278E-05 0.672621 9.99278E-05 9.99278E-05
9.99459E-05 0.0454049 9.99459E-05 9.99459E-05 0.613364 0.063128 9.99459E-05 9.99459E-05 0.228757 0.0487465 9.99459E-05
9.99279E-05 9.99279E-05 0.265348 9.99279E-05 0.608903 9.99279E-05 9.99279E-05 9.99279E-05 0.12495 9.99279E-05 9.99279E-05
9.9964E-05 0.00276746 0.0295653 9.9964E-05 0.163728 0.151705 9.9964E-05 0.291586 9.9964E-05 0.0606561 0.299592
9.99278E-05 9.99278E-05 9.99278E-05 0.263992 9.99278E-05 9.99278E-05 9.99278E-05 9.99278E-05 0.0527458 0.682463 9.99278E-05
0.0389209 9.99639E-05 0.592183 9.99639E-05 0.0150551 9.99639E-05 0.0235841 0.0734231 0.0011146 9.99639E-05 0.25532
0.223556 0.0414364 9.99459E-05 9.99459E-05 9.99459E-05 9.99459E-05 9.99459E-05 9.99459E-05 0.0569772 0.0142009 0.66323
0.49883 9.99278E-05 9.99278E-05 0.0345208 9.99278E-05 9.99278E-05 9.99278E-05 9.99278E-05 9.99278E-05 0.465849 9.99278E-05
9.99459E-05 9.99459E-05 0.226101 9.99459E-05 9.99459E-05 0.456257 9.99459E-05 0.0844265 9.99459E-05 0.0108307 0.221784
0.0359512 0.00930866 9.99459E-05 9.99459E-05 0.000518081 0.26 9.99459E-05 9.99459E-05 9.99459E-05 0.693622 9.99459E-05
9.99639E-05 9.99639E-05 0.0354541 0.0633342 0.157121 0.00619023 0.10019 9.99639E-05 9.99639E-05 0.00372117 0.633589
9.99189E-05 9.99189E-05 0.287814 9.99189E-05 9.99189E-05 9.99189E-05 9.99189E-05 9.99189E-05 9.99189E-05 0.711287 9.99189E-05
0.160238 9.99459E-05 0.0335579 0.504666 9.99459E-05 9.99459E-05 9.99459E-05 9.99459E-05 9.99459E-05 0.229007 0.0719314
9.99639E-05 9.99639E-05 0.0759917 9.99639E-05 0.123253 0.398815 0.00547687 0.124393 9.99639E-05 0.187827 0.0838441
9.99279E-05 9.99279E-05 0.437422 9.99279E-05 9.99279E-05 9.99279E-05 9.99279E-05 0.00746045 9.99279E-05 0.554318 9.99279E-05
0.424974 9.99369E-05 9.99369E-05 0.185366 9.99369E-05 9.99369E-05 9.99369E-05 9.99369E-05 0.00159171 0.387368 9.99369E-05
9.99369E-05 9.99369E-05 0.116298 9.99369E-05 9.99369E-05 0.315549 9.99369E-05 0.416457 9.99369E-05 9.99369E-05 0.150996
9.99368E-05 9.99368E-05 0.270499 9.99368E-05 9.99368E-05 0.0287523 9.99368E-05 0.146281 9.99368E-05 0.553768 9.99368E-05
9.99459E-05 9.99459E-05 0.392464 0.0183681 9.99459E-05 0.301381 9.99459E-05 9.99459E-05 0.00414039 9.99459E-05 0.283047
0.489111 9.99279E-05 9.99279E-05 0.0624485 9.99279E-05 9.99279E-05 9.99279E-05 9.99279E-05 9.99279E-05 0.447641 9.99279E-05
9.99458E-05 9.99458E-05 0.435188 9.99458E-05 9.99458E-05 0.127784 9.99458E-05 0.057373 9.99458E-05 0.332681 0.0463742
9.99369E-05 9.99369E-05 9.99369E-05 9.99369E-05 0.160664 0.332749 9.99369E-05 0.284596 9.99369E-05 9.99369E-05 0.221291
9.99639E-05 0.0248594 9.99639E-05 0.067156 9.99639E-05 0.0140106 9.99639E-05 0.0141023 0.0697931 0.111506 0.698172
0.147568 0.0610553 0.384062 9.99641E-05 0.0632964 9.99641E-05 9.99641E-05 0.0976436 0.0735441 9.99641E-05 0.172431
0.0349385 0.0557105 0.45051 9.9973E-05 0.0263787 0.0422414 9.9973E-05 0.000101863 9.9973E-05 0.0875755 0.302244
0.430847 9.99458E-05 9.99458E-05 0.0772269 9.99458E-05 9.99458E-05 9.99458E-05 9.99458E-05 0.00651466 0.448749 0.0360633
9.9973E-05 0.0555503 9.9973E-05 0.0355895 9.9973E-05 0.318308 0.0276787 0.0374904 0.112455 0.16347 0.249158
9.99458E-05 9.99458E-05 9.99458E-05 9.99458E-05 0.0143139 9.99458E-05 0.0112671 0.0191939 9.99458E-05 0.642855 0.31177
0.314608 0.0603428 9.99639E-05 9.99639E-05 0.0523411 9.99639E-05 0.05061 9.99639E-05 0.177182 0.0889648 0.255552
9.9982E-05 0.00834039 0.246024 9.9982E-05 0.0324274 0.270608 0.0557098 0.00251282 0.139761 0.197369 0.0470476
9.9946E-05 9.9946E-05 9.9946E-05 9.9946E-05 0.596814 0.00197648 0.0379876 9.9946E-05 9.9946E-05 0.317401 0.0452215
0.697075 0.0535968 0.0112665 0.17132 0.0369087 9.9955E-05 9.9955E-05 0.0293331 9.9955E-05 9.9955E-05 9.9955E-05
0.070968 0.0404352 9.997E-05 0.102301 0.112979 9.997E-05 0.00638684 9.997E-05 0.105937 0.271851 0.288842
0.292174 0.0326961 9.99729E-05 0.0405585 9.99729E-05 0.0513987 0.0069153 9.99729E-05 0.258315 0.0600401 0.257602
0.1678 0.046206 0.000990198 9.9964E-05 0.11127 0.485307 9.9964E-05 9.9964E-05 9.9964E-05 0.155928 0.0320984
0.556173 9.99368E-05 9.99368E-05 0.0178571 9.99368E-05 9.99368E-05 9.99368E-05 9.99368E-05 0.133728 9.99368E-05 0.291543
9.99278E-05 9.99278E-05 0.402941 9.99278E-05 9.99278E-05 0.336459 9.99278E-05 9.99278E-05 9.99278E-05 9.99278E-05 0.2598
0.504761 9.99368E-05 9.99368E-05 9.99368E-05 9.99368E-05 9.99368E-05 9.99368E-05 9.99368E-05 0.085076 0.0612214 0.348242
0.176152 0.00905875 0.399358 9.9955E-05 0.0300905 9.9955E-05 9.9955E-05 9.9955E-05 0.0436993 0.341142 9.9955E-05
9.99639E-05 9.99639E-05 0.474746 0.0597073 0.23317 0.0716847 9.99639E-05 0.0131318 9.99639E-05 0.144687 0.0024733
9.9955E-05 0.0317952 9.9955E-05 9.9955E-05 0.319013 0.00509133 0.0786469 9.9955E-05 9.9955E-05 0.235978 0.328976
9.99639E-05 9.99639E-05 9.99639E-05 0.0448991 0.247141 9.99639E-05 0.0446241 0.0334517 0.00406469 0.0360376 0.589382
0.0354677 0.0521494 9.99459E-05 9.99459E-05 0.386689 9.99459E-05 9.99459E-05 9.99459E-05 9.99459E-05 0.202286 0.322808
0.125292 9.996E-05 0.445762 9.996E-05 0.143348 0.0353741 9.996E-05 9.996E-05 0.0449539 0.00303335 0.201837
0.674402 9.99459E-05 9.99459E-05 0.0967099 0.12204 9.99459E-05 9.99459E-05 0.00574647 9.99459E-05 9.99459E-05 0.100502
0.685135 9.99369E-05 9.99369E-05 0.0228188 9.99369E-05 9.99369E-05 9.99369E-05 9.99369E-05 0.00719846 0.284149 9.99369E-05
9.99459E-05 9.99459E-05 9.99459E-05 0.393135 9.99459E-05 9.99459E-05 0.0159274 9.99459E-05 0.103974 0.222116 0.264248
0.642615 0.0275716 9.99459E-05 9.99459E-05 9.99459E-05 9.99459E-05 0.0452001 9.99459E-05 9.99459E-05 0.186445 0.0975683
0.791644 9.9946E-05 9.9946E-05 0.0279774 0.0498683 0.0766582 9.9946E-05 0.0532524 9.9946E-05 9.9946E-05 9.9946E-05
9.99549E-05 9.99549E-05 9.99549E-05 0.445998 0.000773407 9.99549E-05 0.0831804 9.99549E-05 0.104215 0.334268 0.0310653
0.189582 9.99549E-05 9.99549E-05 0.14154 9.99549E-05 0.0235858 9.99549E-05 9.99549E-05 0.00736201 0.0619713 0.575459
0.0824805 0.0335033 9.9946E-05 9.9946E-05 9.9946E-05 9.9946E-05 9.9946E-05 0.84779 9.9946E-05 0.0244406 0.0111858
9.99549E-05 0.00664343 0.121059 0.0522011 9.99549E-05 0.114249 9.99549E-05 0.56238 9.99549E-05 9.99549E-05 0.142968
9.99549E-05 0.0137976 9.99549E-05 0.258393 9.99549E-05 0.0319248 9.99549E-05 0.132731 0.14809 9.99549E-05 0.414564
9.99459E-05 9.99459E-05 0.0161516 0.0684091 9.99459E-05 0.418282 9.99459E-05 0.389654 9.99459E-05 9.99459E-05 0.106904
0.0223045 9.99459E-05 9.99459E-05 0.0579081 0.0209077 0.0808191 9.99459E-05 0.817461 9.99459E-05 9.99459E-05 9.99459E-05
9.99549E-05 0.0487653 0.479606 0.103082 0.040733 9.99549E-05 9.99549E-05 0.293168 9.99549E-05 9.99549E-05 0.0341458
9.99549E-05 9.99549E-05 0.255704 0.0289795 9.99549E-05 0.0528466 9.99549E-05 0.51226 0.0424645 9.99549E-05 0.107245
9.9955E-05 0.0137035 9.9955E-05 0.576666 9.9955E-05 0.0102506 9.9955E-05 0.123844 0.0845326 9.9955E-05 0.190504
0.361316 9.9928E-05 9.9928E-05 0.460647 9.9928E-05 9.9928E-05 9.9928E-05 9.9928E-05 9.9928E-05 0.177238 9.9928E-05
9.99459E-05 9.99459E-05 9.99459E-05 9.99459E-05 0.0738828 9.99459E-05 0.0413422 0.41354 0.0922473 9.99459E-05 0.378388
9.99279E-05 9.99279E-05 9.99279E-05 0.735299 9.99279E-05 9.99279E-05 9.99279E-05 0.0787846 0.185117 9.99279E-05 9.99279E-05
9.995E-05 0.0823153 9.995E-05 0.247791 9.995E-05 9.995E-05 0.0343775 0.0373828 0.285911 9.995E-05 0.311723
9.99459E-05 9.99459E-05 9.99459E-05 0.0640457 9.99459E-05 0.0565994 9.99459E-05 0.263781 0.191347 9.99459E-05 0.423627
0.072737 9.99459E-05 9.99459E-05 0.412639 9.99459E-05 9.99459E-05 9.99459E-05 9.99459E-05 0.223942 0.0682781 0.221804
0.0641349 9.99459E-05 9.99459E-05 0.264787 9.99459E-05 9.99459E-05 9.99459E-05 0.220029 0.280834 9.99459E-05 0.169615
9.9955E-05 0.0972142 9.9955E-05 9.9955E-05 9.9955E-05 0.103396 0.0544668 0.246078 9.9955E-05 0.268261 0.230084
9.99549E-05 0.0213054 9.99549E-05 0.413378 9.99549E-05 0.1204 0.0425859 0.0733767 9.99549E-05 9.99549E-05 0.328454
9.99459E-05 9.99459E-05 9.99459E-05 0.308842 0.13189 9.99459E-05 9.99459E-05 0.260784 0.102551 9.99459E-05 0.195334
9.99459E-05 9.99459E-05 0.0229907 9.99459E-05 9.99459E-05 0.571921 9.99459E-05 0.311375 0.0126037 9.99459E-05 0.0805101
9.9964E-05 9.9964E-05 0.000148718 9.9964E-05 0.0392963 0.0325908 0.00780954 0.406217 0.0561497 9.9964E-05 0.457388
0.0831237 9.9973E-05 0.0149556 0.733414 9.9973E-05 0.0629824 0.0131608 0.0230096 0.000276634 9.9973E-05 0.0687773
9.99369E-05 9.99369E-05 0.0408105 0.237332 9.99369E-05 9.99369E-05 9.99369E-05 9.99369E-05 0.273814 9.99369E-05 0.447343
0.241083 9.99459E-05 9.99459E-05 0.572003 9.99459E-05 0.000843353 9.99459E-05 9.99459E-05 9.99459E-05 0.129406 0.0560648
9.99369E-05 9.99369E-05 0.0364547 9.99369E-05 9.99369E-05 0.149001 9.99369E-05 0.480331 9.99369E-05 9.99369E-05 0.333514
9.9964E-05 0.0310844 9.9964E-05 9.9964E-05 9.9964E-05 0.00520428 0.0411186 0.247736 0.00276327 0.027192 0.644501
0.10166 9.99459E-05 9.99459E-05 0.573229 9.99459E-05 9.99459E-05 9.99459E-05 9.99459E-05 0.140632 0.0993585 0.0845206
9.9955E-05 9.9955E-05 0.072168 9.9955E-05 0.0707622 0.132626 0.0029456 0.435192 9.9955E-05 0.285807 9.9955E-05
9.99369E-05 0.00646704 9.99369E-05 9.99369E-05 9.99369E-05 0.54738 9.99369E-05 0.0171377 9.99369E-05 0.428316 9.99369E-05
0.356288 0.0895758 9.996E-05 0.0605316 9.996E-05 9.996E-05 0.0478974 9.996E-05 0.155604 0.00685979 0.282844
0.185585 0.0414732 9.99459E-05 9.99459E-05 0.0169004 9.99459E-05 9.99459E-05 9.99459E-05 0.158631 0.596811 9.99459E-05
9.9946E-05 0.0597752 9.9946E-05 0.077547 9.9946E-05 0.406613 9.9946E-05 0.275514 9.9946E-05 0.179951 9.9946E-05
9.99369E-05 9.99369E-05 0.148131 9.99369E-05 9.99369E-05 0.0161074 9.99369E-05 0.421577 9.99369E-05 0.413485 9.99369E-05
9.99459E-05 9.99459E-05 0.120704 9.99459E-05 9.99459E-05 0.188838 0.04235 0.365046 9.99459E-05 0.282463 9.99459E-05
0.698773 0.00656734 9.9937E-05 0.0346113 9.9937E-05 9.9937E-05 9.9937E-05 9.9937E-05 9.9937E-05 0.259349 9.9937E-05
9.9955E-05 0.0079327 9.9955E-05 0.184823 9.9955E-05 9.9955E-05 0.00490328 9.9955E-05 0.164477 0.374227 0.263138
9.99639E-05 9.99639E-05 9.99639E-05 9.99639E-05 0.304953 0.158139 0.0249803 0.0351836 0.150468 0.185282 0.140594
9.99369E-05 9.99369E-05 9.99369E-05 9.99369E-05 9.99369E-05 0.373397 9.99369E-05 0.265911 0.038715 0.321277 9.99369E-05
0.566897 0.00793724 9.99639E-05 9.99639E-05 0.0242107 9.99639E-05 0.000190416 9.99639E-05 0.123239 0.20953 0.0675959
0.00995149 0.053532 9.9964E-05 0.0756227 9.9964E-05 9.9964E-05 9.9964E-05 0.0570062 0.0371456 0.181716 0.584626
9.99639E-05 0.0185631 9.99639E-05 0.272566 9.99639E-05 9.99639E-05 0.00830426 0.0486457 0.0641741 0.2536 0.333748
9.99368E-05 9.99368E-05 9.99368E-05 9.99368E-05 0.432339 0.0192764 9.99368E-05 9.99368E-05 9.99368E-05 0.362972 0.184713
0.0194629 9.99459E-05 9.99459E-05 0.224869 0.114833 9.99459E-05 9.99459E-05 9.99459E-05 0.219198 9.99459E-05 0.421038
9.99639E-05 9.99639E-05 9.99639E-05 0.0183924 0.0662821 0.249362 0.03721 0.263673 0.0450047 9.99639E-05 0.319676
9.99549E-05 9.99549E-05 9.99549E-05 9.99549E-05 0.0853653 0.157065 0.00270531 0.0386588 9.99549E-05 0.203166 0.512539
9.9946E-05 0.0242512 0.18597 9.9946E-05 9.9946E-05 0.306687 9.9946E-05 0.209735 9.9946E-05 0.272757 9.9946E-05
0.0143434 0.00942103 9.99639E-05 0.384237 9.99639E-05 9.99639E-05 0.124868 9.99639E-05 0.064034 0.402385 0.000312019
9.99549E-05 9.99549E-05 9.99549E-05 0.0298389 9.99549E-05 0.196659 0.0220656 0.442983 9.99549E-05 0.261865 0.046089
9.99549E-05 9.99549E-05 0.434436 9.99549E-05 9.99549E-05 0.0262128 9.99549E-05 0.205238 0.0761713 0.172282 0.0851608
0.0825004 9.99369E-05 9.99369E-05 0.657865 9.99369E-05 9.99369E-05 9.99369E-05 9.99369E-05 9.99369E-05 0.225588 0.033347
0.0141237 9.99549E-05 9.99549E-05 0.197068 9.99549E-05 0.216398 9.99549E-05 0.0708756 0.0536454 9.99549E-05 0.447389
9.99459E-05 9.99459E-05 9.99459E-05 0.3242 9.99459E-05 9.99459E-05 0.0332002 9.99459E-05 0.215166 0.148667 0.278167
0.0376262 0.0210361 9.9946E-05 9.9946E-05 9.9946E-05 0.0782339 9.9946E-05 0.793477 9.9946E-05 0.0690276 9.9946E-05
0.0571323 0.0833891 0.292613 9.9964E-05 9.9964E-05 9.9964E-05 0.188701 0.272355 0.0885732 9.9964E-05 0.0168354
9.99549E-05 9.99549E-05 9.99549E-05 9.99549E-05 9.99549E-05 0.091931 0.0644237 0.561357 0.0537387 0.0494881 0.178562
9.99369E-05 9.99369E-05 9.99369E-05 0.767023 0.0199234 9.99369E-05 9.99369E-05 9.99369E-05 9.99369E-05 0.210002 0.00235241
9.99549E-05 9.99549E-05 0.0408296 9.99549E-05 9.99549E-05 9.99549E-05 0.0391534 0.565611 0.0280695 0.00779428 0.318043
9.9973E-05 0.015347 9.9973E-05 9.9973E-05 0.0445102 0.0506893 0.000786513 0.662742 0.12327 0.0787783 0.023577
0.0236624 9.9955E-05 9.9955E-05 9.9955E-05 0.0113823 0.239384 9.9955E-05 0.598932 0.10249 0.0236484 9.9955E-05
9.99459E-05 9.99459E-05 9.99459E-05 0.754848 0.111915 0.0200413 9.99459E-05 9.99459E-05 0.101387 9.99459E-05 0.0112089
9.99549E-05 9.99549E-05 9.99549E-05 0.147158 9.99549E-05 0.0661871 9.99549E-05 0.163089 0.183911 0.0846748 0.35448
0.0277968 0.0385021 0.0677106 0.0946618 9.9973E-05 0.430322 9.9973E-05 0.32982 9.9973E-05 0.00376473 0.00712176
0.111433 9.997E-05 0.0476689 0.158482 9.997E-05 9.997E-05 0.0107352 0.0969735 0.360114 0.196409 0.0178846
0.04063 9.9955E-05 9.9955E-05 9.9955E-05 0.0794275 0.0196205 9.9955E-05 0.810959 9.9955E-05 0.0120125 0.0368511
0.146236 9.9946E-05 0.431045 0.0769182 0.0783902 9.9946E-05 9.9946E-05 9.9946E-05 9.9946E-05 9.9946E-05 0.266811
9.99639E-05 9.99639E-05 9.99639E-05 0.235386 0.0482354 9.99639E-05 0.00807515 0.387585 0.145722 0.140355 0.0342418
0.0646658 9.9928E-05 9.9928E-05 0.838585 9.9928E-05 9.9928E-05 9.9928E-05 9.9928E-05 9.9928E-05 0.0959502 9.9928E-05
9.9964E-05 0.0437484 9.9964E-05 0.0128131 9.9964E-05 9.9964E-05 0.00748551 0.197131 0.0773743 0.104247 0.556801
0.131257 0.0276169 9.99549E-05 0.118263 0.272394 9.99549E-05 9.99549E-05 9.99549E-05 9.99549E-05 0.113751 0.336219
0.682941 0.0218615 9.9964E-05 9.9964E-05 0.00867934 0.00700955 9.9964E-05 9.9964E-05 0.0991652 0.0170153 0.162928
9.99549E-05 9.99549E-05 9.99549E-05 0.0897226 0.107798 9.99549E-05 0.0336778 9.99549E-05 0.0143713 0.0413664 0.712564
9.99189E-05 9.99189E-05 9.99189E-05 9.99189E-05 9.99189E-05 9.99189E-05 9.99189E-05 9.99189E-05 0.962466 0.0366345 9.99189E-05
0.0298342 9.99549E-05 9.99549E-05 0.139228 9.99549E-05 0.134348 9.99549E-05 9.99549E-05 0.0642812 0.171986 0.459823
9.995E-05 9.995E-05 0.294736 9.995E-05 0.0545204 0.214325 9.995E-05 0.0650491 9.995E-05 0.0639312 0.306939
0.612548 0.0248699 9.99459E-05 9.99459E-05 9.99459E-05 9.99459E-05 9.99459E-05 9.99459E-05 0.0672123 0.29347 0.00130037
0.0397055 0.0163863 0.516066 9.9964E-05 0.0356001 9.9964E-05 0.00543049 0.0700673 9.9964E-05 0.316345 9.9964E-05
9.99549E-05 9.99549E-05 0.0391866 9.99549E-05 0.148279 0.0698841 9.99549E-05 0.321457 0.329589 9.99549E-05 0.0911043
0.12497 9.99459E-05 0.0387999 9.99459E-05 0.118144 0.699644 9.99459E-05 9.99459E-05 0.0178426 9.99459E-05 9.99459E-05
0.617876 9.99459E-05 9.99459E-05 9.99459E-05 0.130527 9.99459E-05 9.99459E-05 0.000845328 0.117941 9.99459E-05 0.132211
0.53623 9.99549E-05 9.99549E-05 0.268479 0.0669383 9.99549E-05 9.99549E-05 9.99549E-05 0.0580136 0.0154188 0.0544207
9.9955E-05 9.9955E-05 0.360592 0.090941 9.9955E-05 0.281967 9.9955E-05 0.0623461 9.9955E-05 0.202961 0.000692791
0.00928926 0.000951218 0.00191062 0.043161 9.9973E-05 0.0712065 0.0698695 9.9973E-05 0.176283 9.9973E-05 0.627029
0.0589341 0.0260051 9.99639E-05 9.99639E-05 0.299297 9.99639E-05 0.00214095 9.99639E-05 0.0385888 0.0469305 0.527704
0.473917 9.99279E-05 9.99279E-05 0.38656 0.138724 9.99279E-05 9.99279E-05 9.99279E-05 9.99279E-05 9.99279E-05 9.99279E-05
0.146819 9.99459E-05 9.99459E-05 9.99459E-05 0.407636 0.0762693 9.99459E-05 9.99459E-05 9.99459E-05 0.1033 0.265376
0.0370861 0.0444515 0.285431 9.99639E-05 0.158989 0.0786686 9.99639E-05 9.99639E-05 9.99639E-05 0.187216 0.207758
9.99549E-05 9.99549E-05 9.99549E-05 0.0340161 0.00229605 0.435447 9.99549E-05 0.379479 9.99549E-05 0.00581701 0.142445
9.99369E-05 9.99369E-05 9.99369E-05 9.99369E-05 0.171287 0.599201 9.99369E-05 0.023513 9.99369E-05 9.99369E-05 0.205299
0.0725638 9.99459E-05 0.301746 9.99459E-05 0.398318 0.00979646 9.99459E-05 9.99459E-05 9.99459E-05 9.99459E-05 0.216976
9.99369E-05 9.99369E-05 9.99369E-05 0.780745 0.0705466 9.99369E-05 9.99369E-05 0.139382 0.00862689 9.99369E-05 9.99369E-05
9.99369E-05 9.99369E-05 9.99369E-05 0.100541 0.122888 9.99369E-05 9.99369E-05 0.714109 9.99369E-05 9.99369E-05 0.0617617
9.99369E-05 9.99369E-05 0.0588471 0.325271 9.99369E-05 9.99369E-05 9.99369E-05 9.99369E-05 0.576297 9.99369E-05 0.0388858
9.99549E-05 9.99549E-05 0.0265767 0.0419664 9.99549E-05 9.99549E-05 9.99549E-05 0.0904353 0.497222 0.0216047 0.321695
9.99459E-05 0.0167901 9.99459E-05 9.99459E-05 9.99459E-05 9.99459E-05 9.99459E-05 0.644606 0.079391 0.0503428 0.208271
0.00291216 9.9928E-05 9.9928E-05 0.91514 0.0811485 9.9928E-05 9.9928E-05 9.9928E-05 9.9928E-05 9.9928E-05 9.9928E-05
0.426634 9.99549E-05 9.99549E-05 9.99549E-05 0.261445 0.0473296 0.00128632 9.99549E-05 0.0448091 9.99549E-05 0.217997
0.067015 0.00172542 9.99639E-05 0.298749 9.99639E-05 0.0106876 9.99639E-05 9.99639E-05 0.116737 0.0681214 0.436565
0.101708 0.0228147 9.99459E-05 9.99459E-05 0.219615 0.584048 9.99459E-05 9.99459E-05 9.99459E-05 0.0712145 9.99459E-05
0.125703 0.0680609 9.99549E-05 9.99549E-05 0.0939808 0.259235 9.99549E-05 9.99549E-05 9.99549E-05 0.193195 0.259325
9.99639E-05 0.0393083 9.99639E-05 0.0496569 9.99639E-05 0.486828 9.99639E-05 0.0235618 0.092836 0.146966 0.160444
0.527337 9.99369E-05 9.99369E-05 0.232902 9.99369E-05 0.219455 9.99369E-05 9.99369E-05 0.0196065 9.99369E-05 9.99369E-05
0.00847654 9.9973E-05 0.616386 0.0363876 9.9973E-05 0.246998 0.0111057 9.9973E-05 0.0216764 0.00060901 0.0580601
0.126329 0.0559435 9.99729E-05 0.0913194 0.0947097 0.032205 0.171009 9.99729E-05 0.0466569 9.99729E-05 0.381528
9.99729E-05 9.99729E-05 0.107088 0.000514796 0.0638593 0.603514 0.0544207 9.99729E-05 0.0986266 0.0347097 0.0369675
0.00746358 0.0165817 0.420867 9.99549E-05 9.99549E-05 0.352935 9.99549E-05 0.0700761 0.131577 9.99549E-05 9.99549E-05
0.0325651 0.00805022 9.99369E-05 9.99369E-05 9.99369E-05 0.903672 9.99369E-05 9.99369E-05 0.0550131 9.99369E-05 9.99369E-05
9.9964E-05 0.0312512 9.9964E-05 9.9964E-05 9.9964E-05 0.748111 0.00924685 0.0835926 0.0588368 0.0384937 0.0300677
0.0680643 0.00709141 9.99459E-05 0.0403266 9.99459E-05 0.818583 0.0653351 9.99459E-05 9.99459E-05 9.99459E-05 9.99459E-05
0.0315794 0.0835264 9.99729E-05 0.0749608 0.0274534 0.124974 0.0476202 9.99729E-05 0.138516 9.99729E-05 0.47107
9.99639E-05 0.00581323 9.99639E-05 0.419675 0.0437009 9.99639E-05 0.060828 9.99639E-05 0.122797 0.0919114 0.254875
0.0386883 9.9973E-05 0.578945 0.0362124 9.9973E-05 0.0495259 0.0257822 0.0793585 0.0594807 0.131707 9.9973E-05
0.190577 9.9937E-05 9.9937E-05 9.9937E-05 0.313309 0.48835 9.9937E-05 9.9937E-05 9.9937E-05 0.00706497 9.9937E-05
0.260833 0.0734498 0.0430782 0.00148325 0.119121 9.9982E-05 0.0595135 9.9982E-05 0.0538792 0.0877207 0.300722
0.854489 0.0523508 9.99369E-05 9.99369E-05 9.99369E-05 9.99369E-05 9.99369E-05 0.0188073 9.99369E-05 0.0736535 9.99369E-05
0.121913 9.9946E-05 9.9946E-05 0.656993 9.9946E-05 0.0644359 9.9946E-05 9.9946E-05 0.132336 9.9946E-05 0.0237227
0.777524 9.9964E-05 9.9964E-05 0.0573207 9.9964E-05 0.0320423 0.00705479 0.00503645 0.0489817 9.9964E-05 0.0716397
