0.0812447 0.0756086 0.140587 0.128061 0.574498
9.999E-05 0.0949516 0.113933 0.107338 0.683677
9.999E-05 0.064372 0.714476 0.0170767 0.203975
0.145064 9.9991E-05 0.0164055 0.130112 0.708319
0.104001 0.0409564 9.9991E-05 0.226895 0.628048
0.00338614 0.148356 0.417375 0.0648749 0.366008
9.9991E-05 0.0177035 0.745853 0.0190292 0.217315
9.9982E-05 0.14766 0.454587 9.9982E-05 0.397553
0.0697576 0.072743 0.124587 9.9991E-05 0.732812
0.165698 9.9973E-05 0.834002 9.9973E-05 9.9973E-05
0.0823237 9.9991E-05 0.071097 0.122611 0.723868
0.106733 9.9982E-05 0.069588 9.9982E-05 0.823479
0.0793197 0.072844 0.145319 0.359436 0.343081
9.9982E-05 0.0306796 0.707796 9.9982E-05 0.261324
0.0652881 9.9982E-05 0.0447539 9.9982E-05 0.889758
0.0268645 0.0429224 0.735697 0.194416 9.9991E-05
9.9982E-05 9.9982E-05 0.643337 0.0926326 0.26383
9.999E-05 0.00477819 0.554108 0.0711721 0.369842
0.0410195 9.9991E-05 0.152356 0.087576 0.718948
0.865639 0.0153432 9.9991E-05 0.107719 0.0111982
0.918987 9.9973E-05 9.9973E-05 0.0807133 9.9973E-05
0.874737 0.0256412 0.00633603 0.0931854 9.9991E-05
0.800347 9.9982E-05 9.9982E-05 0.0297964 0.169657
0.81764 9.99729E-05 9.99729E-05 9.99729E-05 0.182061
0.385509 0.257478 0.356814 9.99819E-05 9.99819E-05
0.466762 0.18392 9.9982E-05 9.9982E-05 0.349118
0.289743 0.26728 0.442777 9.9982E-05 9.9982E-05
0.462658 0.123899 9.9991E-05 0.183837 0.229507
0.833903 9.99819E-05 0.082425 0.0834718 9.99819E-05
0.950241 9.9973E-05 9.9973E-05 9.9973E-05 0.049459
0.658612 0.0148162 0.298695 0.0277765 9.9991E-05
0.220369 0.504705 0.155331 0.119494 9.9991E-05
0.571531 9.99729E-05 0.428169 9.99729E-05 9.99729E-05
0.598408 0.0941653 0.307226 9.99819E-05 9.99819E-05
0.923484 9.9982E-05 9.9982E-05 0.00724855 0.0690678
0.839923 9.99729E-05 9.99729E-05 9.99729E-05 0.159777
0.814278 9.9991E-05 0.0513855 0.0477949 0.0864411
0.815228 9.9973E-05 9.9973E-05 9.9973E-05 0.184472
9.9982E-05 0.861878 9.9982E-05 0.0247826 0.113139
9.9982E-05 0.693294 0.0652361 0.24127 9.9982E-05
0.0826129 0.431328 0.485859 9.9982E-05 9.9982E-05
0.165267 0.520825 9.9991E-05 0.196296 0.117512
0.260333 0.601822 0.0898613 0.0478829 9.9991E-05
0.072999 0.594485 0.320758 0.0116573 9.9991E-05
0.204919 0.325342 9.9982E-05 9.9982E-05 0.469539
9.9973E-05 0.618197 9.9973E-05 9.9973E-05 0.381504
0.142204 0.430044 0.427552 9.9982E-05 9.9982E-05
9.9982E-05 0.858032 9.9982E-05 0.0592278 0.0825402
9.9982E-05 0.344045 0.320652 0.335103 9.9982E-05
0.00502923 0.748477 9.9982E-05 9.9982E-05 0.246294
9.9973E-05 0.738699 9.9973E-05 0.261001 9.9973E-05
0.208871 0.495591 9.9991E-05 0.207362 0.0880764
0.200118 0.442178 9.9982E-05 9.9982E-05 0.357504
0.0284773 0.556908 9.9982E-05 9.9982E-05 0.414415
0.213363 0.373345 9.9991E-05 0.0162898 0.396902
0.593899 0.0588913 9.9982E-05 9.9982E-05 0.34701
9.99819E-05 0.784114 0.113333 0.102353 9.99819E-05
0.201624 0.587351 9.9982E-05 0.210825 9.9982E-05
9.9982E-05 0.691851 0.150167 0.157783 9.9982E-05
0.0485368 0.769673 9.9991E-05 0.0138463 0.167844
0.0624552 0.715872 9.99819E-05 9.99819E-05 0.221473
9.9973E-05 0.703028 9.9973E-05 9.9973E-05 0.296672
0.0220358 0.590298 0.226412 0.161154 9.9991E-05
0.203469 0.517746 9.9982E-05 9.9982E-05 0.278586
9.9973E-05 0.489395 0.510305 9.9973E-05 9.9973E-05
0.200788 0.400044 9.99819E-05 9.99819E-05 0.398968
0.0210656 0.668881 9.9982E-05 9.9982E-05 0.309853
0.0309288 0.626601 9.9982E-05 9.9982E-05 0.34227
0.167291 0.510291 0.0714674 9.9991E-05 0.250851
0.353539 0.424349 0.127511 0.0541456 0.0404549
0.233257 0.313099 0.282239 0.171305 9.9991E-05
9.9973E-05 0.555318 0.444382 9.9973E-05 9.9973E-05
0.767702 9.9973E-05 9.9973E-05 9.9973E-05 0.231998
9.99819E-05 0.666115 0.296093 0.0375927 9.99819E-05
0.0690328 0.665398 9.9982E-05 9.9982E-05 0.265369
0.323825 0.277514 9.9982E-05 9.9982E-05 0.398461
0.675319 0.0145534 0.309927 9.99819E-05 9.99819E-05
0.226044 0.261993 0.511763 9.9982E-05 9.9982E-05
0.645287 0.0865715 0.267941 9.99819E-05 9.99819E-05
0.412379 0.386949 0.00025973 0.200312 9.9991E-05
0.193216 0.28893 0.206958 0.310796 9.9991E-05
0.324514 0.462893 9.9982E-05 9.9982E-05 0.212393
0.0853432 0.747937 9.9991E-05 0.102325 0.0642952
0.260345 0.489993 0.00453537 0.125625 0.119503
9.9973E-05 0.653836 0.345864 9.9973E-05 9.9973E-05
0.162005 0.625814 9.9991E-05 0.170407 0.0416734
0.00544887 0.646925 9.9982E-05 9.9982E-05 0.347426
0.344032 0.27475 0.377426 9.9991E-05 0.00369183
9.9973E-05 0.532728 0.466972 9.9973E-05 9.9973E-05
0.360498 0.297097 9.9982E-05 9.9982E-05 0.342205
9.99729E-05 0.627106 0.372594 9.99729E-05 9.99729E-05
0.0108206 0.586235 0.388779 9.9991E-05 0.0140649
0.166893 0.39234 9.9982E-05 9.9982E-05 0.440567
9.9982E-05 0.715517 0.137145 9.9982E-05 0.147138
0.107893 0.542323 0.19797 9.9991E-05 0.151714
9.9982E-05 0.0578335 0.185339 0.756627 9.9982E-05
0.0268192 0.153009 0.125313 0.694759 9.9991E-05
0.0335298 0.0807156 9.9991E-05 0.813096 0.0725589
9.9982E-05 0.0847769 9.9982E-05 0.388836 0.526187
0.0159293 9.9982E-05 0.272127 0.711744 9.9982E-05
9.9991E-05 0.06192 0.134869 0.230466 0.572644
9.9982E-05 9.9982E-05 0.51569 0.454472 0.0296385
9.9982E-05 0.0525651 0.0937221 0.853513 9.9982E-05
0.0430132 0.0824373 0.130702 0.6936 0.0502472
0.131147 0.0133018 9.9991E-05 0.540761 0.31469
0.00818255 0.0134538 0.395313 0.582951 9.9991E-05
0.110904 0.00217974 9.9991E-05 0.482042 0.404775
9.9982E-05 0.0593363 0.140043 0.800421 9.9982E-05
9.9991E-05 0.126058 0.0155912 0.55349 0.304761
0.126018 9.9991E-05 0.0544194 0.742043 0.07742
0.00549357 9.9991E-05 0.468689 0.333842 0.191876
0.023208 0.111993 9.9991E-05 0.305984 0.558715
0.146837 9.9982E-05 9.9982E-05 0.422878 0.430085
0.0942713 0.194767 0.105296 0.605566 9.9991E-05
9.9991E-05 0.0294623 0.280364 0.663684 0.0263902
0.0978829 0.061542 9.9991E-05 0.723408 0.117067
0.0921802 9.9982E-05 9.9982E-05 0.72074 0.18688
0.0905951 0.03125 0.0624249 0.168385 0.647345
0.0872671 9.9982E-05 0.715017 9.9982E-05 0.197516
0.11511 0.0187172 0.0773136 0.151058 0.637801
9.9991E-05 0.00404337 0.573383 0.221929 0.200545
0.0302336 9.9982E-05 0.877367 0.0921997 9.9982E-05
0.0539932 9.9991E-05 0.00905543 0.108491 0.82836
0.259947 9.9982E-05 0.371714 9.9982E-05 0.368139
9.9991E-05 0.169955 0.271111 0.130777 0.428056
0.291713 9.9982E-05 0.31376 9.9982E-05 0.394327
0.0193957 0.0062713 0.925712 9.9991E-05 0.0485209
0.063827 0.0776412 9.9991E-05 0.132917 0.725514
0.303233 9.9982E-05 0.200994 9.9982E-05 0.495573
0.0388785 9.9982E-05 0.890107 0.0708145 9.9982E-05
9.9973E-05 9.9973E-05 9.9973E-05 0.11423 0.88547
0.263484 9.9982E-05 0.0721785 9.9982E-05 0.664138
0.0684254 9.9991E-05 0.12902 0.0659312 0.736524
0.0833786 9.9973E-05 0.916321 9.9973E-05 9.9973E-05
0.15858 0.00547557 0.116377 9.9991E-05 0.719467
9.9982E-05 0.0602603 9.9982E-05 0.180716 0.758824
0.0016556 0.0183246 0.514851 9.9991E-05 0.465069
0.173109 9.9991E-05 0.131416 0.293459 0.401916
0.169411 9.9991E-05 0.164594 0.150393 0.515502
0.0531375 9.9982E-05 0.930676 0.0159864 9.9982E-05
0.0780763 0.0767551 0.297115 0.00312196 0.544931
0.127407 0.0705677 0.434483 9.9991E-05 0.367442
0.0799437 0.0877853 0.471763 0.360408 9.9991E-05
0.141491 0.0754617 0.0645842 0.141407 0.577056
0.132078 0.124154 9.9991E-05 0.532166 0.211502
0.0927755 9.9982E-05 0.623537 0.283488 9.9982E-05
0.0700906 0.0638758 0.500064 0.198995 0.166975
0.0118911 0.0534782 0.616311 0.250085 0.0682344
0.213265 9.9991E-05 0.194143 0.242019 0.350473
9.9973E-05 9.9973E-05 0.785102 0.214599 9.9973E-05
0.0205509 9.9991E-05 0.026044 0.125731 0.827574
0.00869642 9.9991E-05 0.687867 0.293221 0.0101156
0.224509 9.9991E-05 0.214499 0.243784 0.317107
0.146619 9.9991E-05 0.0300734 0.267077 0.556131
0.102565 0.158365 0.0894869 0.345801 0.303782
9.9991E-05 0.109199 0.233026 0.25945 0.398225
0.13173 0.0500204 0.190758 0.399398 0.228094
0.121669 9.9991E-05 0.0546358 0.451048 0.372547
9.9973E-05 9.9973E-05 0.597891 0.401809 9.9973E-05
0.0616495 9.9982E-05 0.668386 0.269765 9.9982E-05
9.9982E-05 0.0810538 0.744282 9.9982E-05 0.174465
0.0580135 0.0285591 0.687771 0.225557 9.9991E-05
9.9973E-05 9.9973E-05 0.499178 0.500522 9.9973E-05
0.0247483 0.14168 0.707809 9.9991E-05 0.125663
9.9991E-05 0.024697 0.703319 0.0248593 0.247024
0.114844 0.0367388 9.9982E-05 9.9982E-05 0.848217
0.0993423 9.9982E-05 0.0327976 9.9982E-05 0.86766
9.9991E-05 0.0367609 0.523769 0.00260052 0.43677
0.0214135 9.9991E-05 0.0645969 0.0125479 0.901342
0.0407671 9.9982E-05 9.9982E-05 0.0477421 0.911291
0.215412 9.9991E-05 0.0462489 0.0619023 0.676337
0.0769812 9.9991E-05 0.042539 0.0151467 0.865233
9.9973E-05 9.9973E-05 0.713862 9.9973E-05 0.285838
0.00791899 9.9982E-05 0.934538 0.057343 9.9982E-05
9.9991E-05 0.14804 0.0796348 0.0742462 0.697979
9.9991E-05 0.0295633 0.712747 0.0783263 0.179264
0.0251006 0.134466 0.556601 9.9991E-05 0.283733
9.9991E-05 0.0163318 0.332558 0.0678686 0.583141
9.9991E-05 0.00673301 0.823606 0.0499149 0.119647
9.9991E-05 0.0525646 0.483648 0.128168 0.33552
0.14814 0.11383 0.163606 9.9991E-05 0.574323
9.9982E-05 0.11671 0.524188 9.9982E-05 0.358902
9.9991E-05 0.0967793 0.334018 0.142947 0.426156
0.0388158 0.00545229 0.0220545 0.0789496 0.854728
9.9991E-05 0.080752 0.117468 0.104887 0.696793
9.9991E-05 0.0626507 0.750307 0.0551494 0.131793
9.9991E-05 0.0605118 0.541667 0.0901934 0.307528
9.9973E-05 9.9973E-05 0.944978 0.0547219 9.9973E-05
9.9973E-05 9.9973E-05 9.9973E-05 0.0556643 0.944036
9.9982E-05 0.114498 0.25614 9.9982E-05 0.629161
9.9991E-05 0.0200031 0.863642 0.0536138 0.0626408
0.119994 0.0779243 0.0165185 0.0381341 0.747429
0.202014 9.9982E-05 0.233651 9.9982E-05 0.564134
0.0409059 0.0956003 0.686678 0.176716 9.9991E-05
0.194455 0.0156555 0.561579 0.161361 0.0669488
0.218006 0.0013737 0.141081 9.9991E-05 0.639439
0.179429 9.9982E-05 0.0671475 9.9982E-05 0.753223
0.125812 0.0877697 0.0157613 9.9991E-05 0.770557
0.126191 9.9982E-05 0.743047 0.130562 9.9982E-05
0.045104 0.0566332 0.73606 9.9991E-05 0.162103
0.0446927 0.121492 0.0387361 0.353828 0.441251
0.103507 9.9991E-05 0.10535 0.0221239 0.768919
0.0590292 9.9982E-05 0.612816 0.327955 9.9982E-05
0.0391646 0.0471443 0.538534 9.9991E-05 0.375057
0.00824619 0.0795763 0.591051 9.9991E-05 0.321026
0.123857 0.0202009 0.131809 0.428633 0.2955
9.9991E-05 0.0238006 0.535177 0.267862 0.17306
9.9991E-05 0.0966005 0.125652 0.121061 0.656586
0.0188153 0.090625 0.194282 0.114357 0.58192
0.208723 9.9982E-05 0.0794295 9.9982E-05 0.711648
0.0627034 0.18003 0.692547 9.9991E-05 0.0646195
0.0234102 0.0985198 0.107315 9.9991E-05 0.770655
0.0706056 0.0241678 0.118178 0.01483 0.772219
0.0149104 9.9982E-05 0.94432 9.9982E-05 0.0405693
9.99729E-05 9.99729E-05 0.507814 9.99729E-05 0.491886
9.9982E-05 0.102132 0.67837 9.9982E-05 0.219298
0.132927 0.0213093 9.9982E-05 9.9982E-05 0.845564
0.165127 0.219095 0.0353395 0.0879672 0.492471
9.9982E-05 0.165512 0.00232312 9.9982E-05 0.831965
0.0144149 9.9982E-05 0.925382 9.9982E-05 0.0600032
9.9982E-05 0.12695 0.0676888 9.9982E-05 0.805161
0.060371 0.0969533 0.00682296 0.0609571 0.774896
0.0549524 0.0287972 9.9991E-05 0.111358 0.804792
9.9982E-05 9.9982E-05 0.738602 0.16869 0.0925076
9.9991E-05 0.0511771 0.466802 0.000766988 0.481154
0.142146 9.9982E-05 0.127671 9.9982E-05 0.729983
9.9991E-05 0.122583 0.561351 0.0643046 0.251661
0.0646757 0.0553259 9.9991E-05 0.0463853 0.833513
0.014211 0.00723918 0.256097 0.279306 0.443147
0.0144657 0.145493 0.287332 0.0214573 0.531252
0.0179381 9.9982E-05 0.947506 9.9982E-05 0.0343557
0.010479 0.105341 0.332124 9.9991E-05 0.551956
0.0578586 0.0326116 0.408567 0.368219 0.132743
0.0188813 9.9982E-05 0.590097 0.390821 9.9982E-05
9.9991E-05 0.0849803 0.407272 0.133919 0.373729
9.9991E-05 0.0659825 0.425716 0.413909 0.0942924
9.99889E-05 9.99889E-05 0.515678 0.0843684 0.399754
0.0754596 9.9991E-05 0.0757784 0.111225 0.737437
0.0925194 9.9982E-05 0.695546 0.211734 9.9982E-05
0.298163 9.9991E-05 0.0822876 0.0703676 0.549082
0.0153901 0.0792672 9.9991E-05 0.293436 0.611807
0.119548 9.9991E-05 0.0571075 0.359377 0.463867
9.9973E-05 9.9973E-05 0.445107 0.554593 9.9973E-05
9.9973E-05 9.9973E-05 0.673271 0.326429 9.9973E-05
0.17264 9.9982E-05 0.118308 9.9982E-05 0.708852
9.9991E-05 0.113815 0.437377 0.0829949 0.365713
9.9991E-05 0.0744391 0.273724 0.363207 0.28853
9.9973E-05 9.9973E-05 0.638607 0.361093 9.9973E-05
0.0858523 9.9991E-05 0.0671626 0.58551 0.261375
0.207481 9.9991E-05 0.117175 0.237738 0.437506
0.0602736 0.0110865 0.0674706 0.0291853 0.831984
0.0128033 0.02461 9.9991E-05 0.268386 0.694101
0.0946196 0.000161478 0.0349591 0.49226 0.378
9.9991E-05 0.0317956 0.723241 0.0791315 0.165732
9.9982E-05 0.0788436 9.9982E-05 0.0724786 0.848478
9.9991E-05 0.00500549 0.667504 0.0955945 0.231796
9.9991E-05 0.0862345 0.352559 0.147626 0.41348
0.046784 0.0931657 9.9982E-05 9.9982E-05 0.85985
0.00968134 0.0349842 0.821775 0.0828538 0.0507056
9.9982E-05 0.0300368 0.350048 0.619715 9.9982E-05
9.9991E-05 0.00112618 0.705451 0.100321 0.193002
0.187235 9.9991E-05 0.057744 0.368095 0.386826
0.125349 0.00460886 0.339716 0.249499 0.280827
0.0839105 0.0336359 0.294169 0.0525073 0.535777
0.0124359 9.9982E-05 0.726029 0.261335 9.9982E-05
0.159773 0.00708743 0.0757641 0.0754246 0.681951
0.0147437 0.221144 0.375597 0.226561 0.161954
0.0922384 0.0504182 0.0221002 0.205498 0.629745
0.15477 0.0134497 9.9991E-05 0.153016 0.678664
0.106542 9.9991E-05 0.072766 0.191549 0.629042
0.120957 0.0326051 0.0862928 0.0491551 0.71099
0.125354 0.0801125 0.144257 0.120973 0.529304
0.021328 0.135503 0.416512 0.203834 0.222822
9.9991E-05 0.117296 0.647077 0.0919991 0.143527
0.203256 9.9991E-05 0.103216 0.125598 0.567831
0.117866 9.9982E-05 9.9982E-05 0.546634 0.335299
0.0987081 0.0911913 0.407378 0.310219 0.0925038
0.0776376 9.9982E-05 0.595822 0.32634 9.9982E-05
9.9982E-05 9.9982E-05 0.901222 0.0727178 0.0258599
9.9973E-05 9.9973E-05 0.685278 0.314422 9.9973E-05
