9.9874E-05 0.0724174 9.9874E-05 9.9874E-05 0.435889 9.9874E-05 0.134405 9.9874E-05 9.9874E-05 9.9874E-05 9.9874E-05 9.9874E-05 9.9874E-05 9.9874E-05 9.9874E-05 9.9874E-05 0.35589 9.9874E-05
9.99009E-05 0.0333469 9.99009E-05 9.99009E-05 0.349849 9.99009E-05 0.305901 9.99009E-05 0.101881 9.99009E-05 9.99009E-05 9.99009E-05 9.99009E-05 9.99009E-05 9.99009E-05 0.0269135 0.068475 0.112535
0.00335187 0.0127228 9.99098E-05 0.0680042 9.99098E-05 0.268507 0.518498 9.99098E-05 9.99098E-05 9.99098E-05 9.99098E-05 9.99098E-05 0.0218737 0.0148822 9.99098E-05 0.091161 9.99098E-05 9.99098E-05
9.98739E-05 9.98739E-05 0.163378 9.98739E-05 0.509922 9.98739E-05 9.98739E-05 9.98739E-05 9.98739E-05 9.98739E-05 9.98739E-05 0.0673415 9.98739E-05 9.98739E-05 9.98739E-05 9.98739E-05 0.25796 9.98739E-05
0.0311467 9.99007E-05 0.0613298 9.99007E-05 0.3201 9.99007E-05 9.99007E-05 9.99007E-05 9.99007E-05 9.99007E-05 9.99007E-05 0.463142 0.0242173 9.99007E-05 9.99007E-05 0.0154334 9.99007E-05 0.0835316
0.0511 0.0432816 9.99098E-05 0.251251 9.99098E-05 0.0522177 0.18424 9.99098E-05 9.99098E-05 9.99098E-05 9.99098E-05 9.99098E-05 0.0024466 9.99098E-05 9.99098E-05 9.99098E-05 0.356456 0.0580083
9.98828E-05 9.98828E-05 9.98828E-05 9.98828E-05 0.0627379 0.285608 0.583786 9.98828E-05 9.98828E-05 9.98828E-05 0.0207172 9.98828E-05 9.98828E-05 9.98828E-05 0.0458527 9.98828E-05 9.98828E-05 9.98828E-05
9.9892E-05 0.151685 9.9892E-05 0.225686 9.9892E-05 0.093838 0.285511 9.9892E-05 9.9892E-05 9.9892E-05 9.9892E-05 9.9892E-05 9.9892E-05 9.9892E-05 9.9892E-05 9.9892E-05 0.141305 0.100776
9.99279E-05 0.00159137 0.202553 0.161415 0.234354 9.99279E-05 0.262743 0.0232622 9.99279E-05 9.99279E-05 9.99279E-05 9.99279E-05 0.0677983 0.0028574 9.99279E-05 9.99279E-05 0.007071 0.0355543
0.150124 9.98917E-05 9.98917E-05 0.243093 9.98917E-05 0.233943 0.0354047 9.98917E-05 9.98917E-05 9.98917E-05 9.98917E-05 9.98917E-05 9.98917E-05 0.054139 0.282097 9.98917E-05 9.98917E-05 9.98917E-05
0.0228392 9.99369E-05 0.171534 0.0596656 0.0828044 9.99369E-05 0.0951933 9.99369E-05 0.354268 9.99369E-05 9.99369E-05 9.99369E-05 0.0189433 0.000965975 9.99369E-05 0.0281019 0.0225492 0.142435
0.0187283 9.98919E-05 9.98919E-05 0.345131 0.396272 9.98919E-05 0.058185 9.98919E-05 0.0857538 0.0947307 9.98919E-05 9.98919E-05 9.98919E-05 9.98919E-05 9.98919E-05 9.98919E-05 9.98919E-05 9.98919E-05
9.99099E-05 9.99099E-05 0.535354 9.99099E-05 9.99099E-05 0.127285 9.99099E-05 0.0241266 9.99099E-05 9.99099E-05 0.0189346 9.99099E-05 0.0176418 9.99099E-05 0.00417748 0.179779 0.0917029 9.99099E-05
0.0976605 0.0282759 9.9892E-05 0.09803 9.9892E-05 0.0747816 0.641825 9.9892E-05 9.9892E-05 9.9892E-05 9.9892E-05 9.9892E-05 9.9892E-05 9.9892E-05 9.9892E-05 9.9892E-05 0.0582286 9.9892E-05
9.98738E-05 9.98738E-05 9.98738E-05 0.204119 0.296997 9.98738E-05 9.98738E-05 9.98738E-05 0.398383 9.98738E-05 9.98738E-05 9.98738E-05 9.98738E-05 9.98738E-05 9.98738E-05 9.98738E-05 9.98738E-05 0.099102
9.99098E-05 9.99098E-05 0.00478531 0.0817685 9.99098E-05 0.340287 0.124425 9.99098E-05 9.99098E-05 9.99098E-05 0.014249 9.99098E-05 9.99098E-05 0.00346905 0.262232 9.99098E-05 0.167785 9.99098E-05
9.99009E-05 9.99009E-05 0.0106558 9.99009E-05 0.039084 0.185582 0.667179 9.99009E-05 9.99009E-05 0.0196721 9.99009E-05 9.99009E-05 9.99009E-05 9.99009E-05 0.013736 9.99009E-05 0.0629927 9.99009E-05
9.99098E-05 9.99098E-05 0.0173802 0.00425032 9.99098E-05 0.253152 0.530152 9.99098E-05 0.0592581 9.99098E-05 9.99098E-05 9.99098E-05 9.99098E-05 9.99098E-05 9.99098E-05 0.0235612 0.0501113 0.0611355
9.9901E-05 9.9901E-05 0.165174 0.0900718 0.34955 9.9901E-05 0.220241 0.0192482 9.9901E-05 0.0854184 9.9901E-05 9.9901E-05 9.9901E-05 9.9901E-05 9.9901E-05 0.0691967 9.9901E-05 9.9901E-05
9.98738E-05 9.98738E-05 9.98738E-05 9.98738E-05 9.98738E-05 9.98738E-05 9.98738E-05 0.0206965 0.0238561 9.98738E-05 9.98738E-05 0.256871 9.98738E-05 0.697178 9.98738E-05 9.98738E-05 9.98738E-05 9.98738E-05
9.98649E-05 9.98649E-05 0.075767 9.98649E-05 9.98649E-05 9.98649E-05 9.98649E-05 9.98649E-05 9.98649E-05 9.98649E-05 9.98649E-05 0.138774 9.98649E-05 0.783961 9.98649E-05 9.98649E-05 9.98649E-05 9.98649E-05
9.98557E-05 9.98557E-05 9.98557E-05 9.98557E-05 9.98557E-05 9.98557E-05 9.98557E-05 9.98557E-05 9.98557E-05 9.98557E-05 9.98557E-05 9.98557E-05 9.98557E-05 0.813686 9.98557E-05 9.98557E-05 0.184716 9.98557E-05
9.98829E-05 9.98829E-05 0.10619 9.98829E-05 9.98829E-05 9.98829E-05 9.98829E-05 9.98829E-05 9.98829E-05 0.219143 9.98829E-05 0.0202941 0.0366057 0.616469 9.98829E-05 9.98829E-05 9.98829E-05 9.98829E-05
9.98919E-05 9.98919E-05 0.0865473 0.0405207 0.0520231 9.98919E-05 9.98919E-05 9.98919E-05 0.054601 9.98919E-05 9.98919E-05 9.98919E-05 0.0220199 0.743089 9.98919E-05 9.98919E-05 9.98919E-05 9.98919E-05
9.99008E-05 9.99008E-05 9.99008E-05 0.0295776 9.99008E-05 0.0299267 0.244979 0.0490743 9.99008E-05 9.99008E-05 0.186267 9.99008E-05 0.0228167 0.43626 9.99008E-05 9.99008E-05 9.99008E-05 9.99008E-05
0.0230975 0.0303795 9.99188E-05 0.0504688 0.114797 9.99188E-05 9.99188E-05 0.323977 0.0649515 9.99188E-05 9.99188E-05 9.99188E-05 0.0503029 0.294134 9.99188E-05 9.99188E-05 9.99188E-05 0.0469927
9.98829E-05 9.98829E-05 9.98829E-05 9.98829E-05 9.98829E-05 0.151283 9.98829E-05 9.98829E-05 9.98829E-05 9.98829E-05 0.249568 9.98829E-05 0.0431354 0.225922 0.328794 9.98829E-05 9.98829E-05 9.98829E-05
9.98737E-05 0.0855292 9.98737E-05 9.98737E-05 9.98737E-05 9.98737E-05 9.98737E-05 0.182864 9.98737E-05 9.98737E-05 9.98737E-05 0.622577 9.98737E-05 0.107631 9.98737E-05 9.98737E-05 9.98737E-05 9.98737E-05
9.98738E-05 9.98738E-05 9.98738E-05 9.98738E-05 9.98738E-05 9.98738E-05 9.98738E-05 9.98738E-05 9.98738E-05 9.98738E-05 0.0294477 9.98738E-05 9.98738E-05 0.79216 0.0024392 9.98738E-05 0.174555 9.98738E-05
9.9865E-05 9.9865E-05 0.125206 9.9865E-05 9.9865E-05 9.9865E-05 9.9865E-05 9.9865E-05 9.9865E-05 9.9865E-05 9.9865E-05 0.0192246 9.9865E-05 0.854071 9.9865E-05 9.9865E-05 9.9865E-05 9.9865E-05
9.99101E-05 0.00336868 9.99101E-05 9.99101E-05 9.99101E-05 0.0804641 0.0264391 9.99101E-05 0.0105311 0.109458 0.0913626 9.99101E-05 9.99101E-05 0.564789 0.112589 9.99101E-05 9.99101E-05 9.99101E-05
9.98918E-05 9.98918E-05 9.98918E-05 9.98918E-05 9.98918E-05 9.98918E-05 9.98918E-05 0.61501 9.98918E-05 9.98918E-05 0.218909 9.98918E-05 9.98918E-05 0.0127379 0.000580031 0.034121 0.117444 9.98918E-05
9.98737E-05 9.98737E-05 9.98737E-05 9.98737E-05 9.98737E-05 0.177991 9.98737E-05 9.98737E-05 9.98737E-05 9.98737E-05 0.102201 9.98737E-05 9.98737E-05 0.570483 0.147926 9.98737E-05 9.98737E-05 9.98737E-05
9.98918E-05 0.00824366 9.98918E-05 9.98918E-05 9.98918E-05 0.0649939 0.199478 9.98918E-05 9.98918E-05 9.98918E-05 0.0827529 9.98918E-05 9.98918E-05 0.632153 9.98918E-05 9.98918E-05 0.0111797 9.98918E-05
9.98649E-05 9.98649E-05 0.153025 0.0230225 9.98649E-05 9.98649E-05 9.98649E-05 9.98649E-05 9.98649E-05 9.98649E-05 9.98649E-05 9.98649E-05 9.98649E-05 0.822454 9.98649E-05 9.98649E-05 9.98649E-05 9.98649E-05
9.98829E-05 9.98829E-05 9.98829E-05 9.98829E-05 0.0732781 9.98829E-05 9.98829E-05 9.98829E-05 0.09749 9.98829E-05 9.98829E-05 0.0950161 0.0105573 0.72236 9.98829E-05 9.98829E-05 9.98829E-05 9.98829E-05
9.98649E-05 9.98649E-05 9.98649E-05 9.98649E-05 9.98649E-05 9.98649E-05 9.98649E-05 9.98649E-05 0.229256 9.98649E-05 9.98649E-05 0.121129 9.98649E-05 0.648117 9.98649E-05 9.98649E-05 9.98649E-05 9.98649E-05
9.98739E-05 9.98739E-05 9.98739E-05 9.98739E-05 0.0836702 9.98739E-05 9.98739E-05 9.98739E-05 9.98739E-05 0.2124 9.98739E-05 9.98739E-05 0.024997 0.677535 9.98739E-05 9.98739E-05 9.98739E-05 9.98739E-05
9.98646E-05 9.98646E-05 9.98646E-05 9.98646E-05 9.98646E-05 9.98646E-05 9.98646E-05 9.98646E-05 9.98646E-05 9.98646E-05 0.244037 9.98646E-05 0.561174 9.98646E-05 9.98646E-05 9.98646E-05 0.193291 9.98646E-05
9.99099E-05 9.99099E-05 9.99099E-05 9.99099E-05 0.0222356 9.99099E-05 9.99099E-05 9.99099E-05 9.99099E-05 0.0115224 0.819036 0.0331706 0.00845538 9.99099E-05 9.99099E-05 0.049144 0.0323352 0.023102
0.0763942 0.0897319 9.98919E-05 9.98919E-05 9.98919E-05 0.155561 9.98919E-05 9.98919E-05 9.98919E-05 9.98919E-05 0.58254 9.98919E-05 9.98919E-05 0.0204618 0.0741122 9.98919E-05 9.98919E-05 9.98919E-05
9.99099E-05 0.0122762 9.99099E-05 9.99099E-05 9.99099E-05 9.99099E-05 9.99099E-05 0.080834 9.99099E-05 0.281575 0.251086 0.151122 0.219153 9.99099E-05 0.00233936 9.99099E-05 0.000616026 9.99099E-05
9.98737E-05 9.98737E-05 9.98737E-05 9.98737E-05 9.98737E-05 9.98737E-05 9.98737E-05 9.98737E-05 9.98737E-05 9.98737E-05 0.358338 9.98737E-05 0.198937 0.222595 9.98737E-05 9.98737E-05 0.218731 9.98737E-05
0.0520912 9.99099E-05 9.99099E-05 0.0582722 9.99099E-05 9.99099E-05 0.0385196 0.0382606 0.118682 9.99099E-05 0.633113 9.99099E-05 9.99099E-05 0.0410233 9.99099E-05 0.0190385 9.99099E-05 9.99099E-05
9.98648E-05 9.98648E-05 9.98648E-05 9.98648E-05 0.133993 9.98648E-05 9.98648E-05 0.693064 9.98648E-05 0.171445 9.98648E-05 9.98648E-05 9.98648E-05 9.98648E-05 9.98648E-05 9.98648E-05 9.98648E-05 9.98648E-05
9.99009E-05 9.99009E-05 0.00427902 0.0351974 0.024631 9.99009E-05 9.99009E-05 9.99009E-05 0.0262984 9.99009E-05 0.0511767 9.99009E-05 0.661096 9.99009E-05 9.99009E-05 9.99009E-05 9.99009E-05 0.196223
0.00895694 9.98918E-05 9.98918E-05 0.00518595 9.98918E-05 0.0455812 0.154698 9.98918E-05 9.98918E-05 9.98918E-05 0.627839 9.98918E-05 9.98918E-05 0.156541 9.98918E-05 9.98918E-05 9.98918E-05 9.98918E-05
9.98737E-05 0.0100441 9.98737E-05 9.98737E-05 9.98737E-05 9.98737E-05 9.98737E-05 9.98737E-05 9.98737E-05 9.98737E-05 0.352251 9.98737E-05 0.436407 9.98737E-05 9.98737E-05 9.98737E-05 0.199899 9.98737E-05
9.98739E-05 9.98739E-05 9.98739E-05 9.98739E-05 9.98739E-05 0.0685458 9.98739E-05 9.98739E-05 9.98739E-05 9.98739E-05 0.475813 0.06857 9.98739E-05 9.98739E-05 0.385673 9.98739E-05 9.98739E-05 9.98739E-05
9.9892E-05 0.0943842 9.9892E-05 9.9892E-05 9.9892E-05 9.9892E-05 9.9892E-05 9.9892E-05 0.0033078 0.010312 0.223877 9.9892E-05 0.489178 9.9892E-05 9.9892E-05 9.9892E-05 9.9892E-05 0.177742
9.98738E-05 9.98738E-05 9.98738E-05 9.98738E-05 9.98738E-05 9.98738E-05 9.98738E-05 9.98738E-05 9.98738E-05 0.0196898 0.771503 0.142719 0.0646894 9.98738E-05 9.98738E-05 9.98738E-05 9.98738E-05 9.98738E-05
9.9883E-05 9.9883E-05 0.170954 9.9883E-05 9.9883E-05 9.9883E-05 9.9883E-05 9.9883E-05 9.9883E-05 9.9883E-05 0.384253 0.295915 0.124005 0.023575 9.9883E-05 9.9883E-05 9.9883E-05 9.9883E-05
0.0225469 9.99008E-05 9.99008E-05 0.0792842 9.99008E-05 9.99008E-05 9.99008E-05 0.192824 0.237585 9.99008E-05 0.010728 9.99008E-05 0.369459 0.0864735 9.99008E-05 9.99008E-05 9.99008E-05 9.99008E-05
9.99189E-05 0.0331807 0.000447653 0.271572 9.99189E-05 9.99189E-05 9.99189E-05 0.00705527 0.172461 9.99189E-05 0.185041 9.99189E-05 0.284723 0.00355125 9.99189E-05 9.99189E-05 9.99189E-05 0.0410696
9.99279E-05 0.0142614 9.99279E-05 9.99279E-05 0.000670496 9.99279E-05 0.0189987 0.115843 0.0144025 0.43173 0.114905 0.096922 0.170935 9.99279E-05 9.99279E-05 9.99279E-05 9.99279E-05 0.0205324
9.98738E-05 0.199563 9.98738E-05 9.98738E-05 0.0672371 9.98738E-05 9.98738E-05 9.98738E-05 9.98738E-05 0.377092 9.98738E-05 9.98738E-05 9.98738E-05 0.354709 9.98738E-05 9.98738E-05 9.98738E-05 9.98738E-05
9.98827E-05 0.00774074 9.98827E-05 9.98827E-05 9.98827E-05 9.98827E-05 9.98827E-05 0.0114693 9.98827E-05 9.98827E-05 0.448068 9.98827E-05 0.328165 9.98827E-05 9.98827E-05 9.98827E-05 0.203259 9.98827E-05
9.98918E-05 0.282058 0.081513 9.98918E-05 9.98918E-05 9.98918E-05 9.98918E-05 9.98918E-05 9.98918E-05 9.98918E-05 0.255355 0.231022 0.136708 9.98918E-05 0.0121442 9.98918E-05 9.98918E-05 9.98918E-05
9.98918E-05 0.066409 9.98918E-05 9.98918E-05 9.98918E-05 9.98918E-05 9.98918E-05 0.00779916 0.00332673 9.98918E-05 0.780179 9.98918E-05 9.98918E-05 9.98918E-05 9.98918E-05 9.98918E-05 0.130532 0.0105558
9.98648E-05 9.98648E-05 9.98648E-05 9.98648E-05 9.98648E-05 9.98648E-05 9.98648E-05 9.98648E-05 9.98648E-05 9.98648E-05 0.125542 0.211829 0.661132 9.98648E-05 9.98648E-05 9.98648E-05 9.98648E-05 9.98648E-05
9.99098E-05 0.00120378 9.99098E-05 9.99098E-05 9.99098E-05 9.99098E-05 0.00331516 0.103497 0.00191134 9.99098E-05 0.0537313 9.99098E-05 0.630963 0.0387715 9.99098E-05 9.99098E-05 0.165608 9.99098E-05
9.99008E-05 0.0563589 9.99008E-05 0.0643494 0.0144185 9.99008E-05 9.99008E-05 9.99008E-05 0.0496328 9.99008E-05 0.223333 9.99008E-05 0.470923 9.99008E-05 9.99008E-05 9.99008E-05 9.99008E-05 0.119886
9.98919E-05 9.98919E-05 9.98919E-05 9.98919E-05 9.98919E-05 9.98919E-05 0.0873111 0.463223 9.98919E-05 9.98919E-05 0.249619 9.98919E-05 0.0253734 9.98919E-05 0.0222207 0.151053 9.98919E-05 9.98919E-05
9.98649E-05 9.98649E-05 9.98649E-05 9.98649E-05 9.98649E-05 9.98649E-05 9.98649E-05 9.98649E-05 9.98649E-05 0.323387 9.98649E-05 9.98649E-05 0.638851 0.036264 9.98649E-05 9.98649E-05 9.98649E-05 9.98649E-05
9.98828E-05 0.0763516 9.98828E-05 9.98828E-05 9.98828E-05 0.36989 0.0971418 9.98828E-05 9.98828E-05 9.98828E-05 0.145584 9.98828E-05 0.309734 9.98828E-05 9.98828E-05 9.98828E-05 9.98828E-05 9.98828E-05
9.99098E-05 0.00222104 0.147791 0.0193261 9.99098E-05 9.99098E-05 0.04859 0.440627 0.107113 9.99098E-05 9.99098E-05 9.99098E-05 0.189691 0.0436414 9.99098E-05 9.99098E-05 9.99098E-05 9.99098E-05
9.9874E-05 9.9874E-05 9.9874E-05 9.9874E-05 9.9874E-05 9.9874E-05 9.9874E-05 9.9874E-05 9.9874E-05 0.0116444 9.9874E-05 0.131976 0.805297 9.9874E-05 9.9874E-05 9.9874E-05 9.9874E-05 0.0496844
9.9874E-05 9.9874E-05 9.9874E-05 9.9874E-05 9.9874E-05 0.0209391 9.9874E-05 9.9874E-05 0.0753735 9.9874E-05 9.9874E-05 0.250621 0.651668 9.9874E-05 9.9874E-05 9.9874E-05 9.9874E-05 9.9874E-05
9.98827E-05 0.0275115 9.98827E-05 9.98827E-05 9.98827E-05 0.00264854 0.0840778 0.884117 9.98827E-05 9.98827E-05 9.98827E-05 9.98827E-05 0.000346279 9.98827E-05 9.98827E-05 9.98827E-05 9.98827E-05 9.98827E-05
9.98738E-05 9.98738E-05 9.98738E-05 9.98738E-05 9.98738E-05 9.98738E-05 9.98738E-05 0.561511 9.98738E-05 9.98738E-05 0.0671061 9.98738E-05 9.98738E-05 0.110119 9.98738E-05 9.98738E-05 0.259866 9.98738E-05
9.98647E-05 9.98647E-05 9.98647E-05 9.98647E-05 9.98647E-05 9.98647E-05 9.98647E-05 0.536373 9.98647E-05 9.98647E-05 0.181266 9.98647E-05 9.98647E-05 9.98647E-05 0.280863 9.98647E-05 9.98647E-05 9.98647E-05
9.98648E-05 9.98648E-05 9.98648E-05 9.98648E-05 9.98648E-05 0.456635 9.98648E-05 9.98648E-05 9.98648E-05 9.98648E-05 0.291732 9.98648E-05 0.250136 9.98648E-05 9.98648E-05 9.98648E-05 9.98648E-05 9.98648E-05
9.98829E-05 9.98829E-05 9.98829E-05 9.98829E-05 0.0295308 9.98829E-05 9.98829E-05 9.98829E-05 9.98829E-05 0.238085 9.98829E-05 0.00456858 9.98829E-05 0.643903 9.98829E-05 9.98829E-05 9.98829E-05 0.0826142
9.98917E-05 9.98917E-05 9.98917E-05 9.98917E-05 9.98917E-05 0.120815 0.0826831 9.98917E-05 9.98917E-05 9.98917E-05 0.30133 9.98917E-05 0.407413 9.98917E-05 0.0600643 0.0264949 9.98917E-05 9.98917E-05
9.98648E-05 9.98648E-05 9.98648E-05 9.98648E-05 9.98648E-05 9.98648E-05 9.98648E-05 0.440627 9.98648E-05 9.98648E-05 9.98648E-05 0.0730508 0.484824 9.98648E-05 9.98648E-05 9.98648E-05 9.98648E-05 9.98648E-05
9.98828E-05 9.98828E-05 0.127844 0.0691967 0.114845 9.98828E-05 9.98828E-05 0.673031 9.98828E-05 9.98828E-05 9.98828E-05 9.98828E-05 9.98828E-05 0.0137849 9.98828E-05 9.98828E-05 9.98828E-05 9.98828E-05
9.98737E-05 9.98737E-05 9.98737E-05 9.98737E-05 9.98737E-05 0.137794 9.98737E-05 9.98737E-05 9.98737E-05 9.98737E-05 0.0927813 9.98737E-05 9.98737E-05 0.693123 0.0749036 9.98737E-05 9.98737E-05 9.98737E-05
9.98829E-05 9.98829E-05 9.98829E-05 9.98829E-05 9.98829E-05 0.366706 9.98829E-05 0.0871305 9.98829E-05 9.98829E-05 0.285088 9.98829E-05 9.98829E-05 0.138353 0.121423 9.98829E-05 9.98829E-05 9.98829E-05
9.98827E-05 9.98827E-05 9.98827E-05 9.98827E-05 9.98827E-05 0.0472597 0.118759 9.98827E-05 9.98827E-05 9.98827E-05 0.161869 9.98827E-05 9.98827E-05 0.669089 9.98827E-05 9.98827E-05 0.00172409 9.98827E-05
9.98828E-05 0.0443156 9.98828E-05 9.98828E-05 9.98828E-05 9.98828E-05 9.98828E-05 0.40183 9.98828E-05 9.98828E-05 0.0813943 9.98828E-05 9.98828E-05 0.209598 9.98828E-05 9.98828E-05 0.261563 9.98828E-05
9.9883E-05 9.9883E-05 9.9883E-05 9.9883E-05 9.9883E-05 9.9883E-05 9.9883E-05 0.150214 9.9883E-05 9.9883E-05 0.292005 0.0654163 9.9883E-05 0.101547 0.389519 9.9883E-05 9.9883E-05 9.9883E-05
9.98829E-05 9.98829E-05 0.252148 9.98829E-05 9.98829E-05 9.98829E-05 9.98829E-05 9.98829E-05 9.98829E-05 0.0173637 0.0639874 9.98829E-05 0.442233 0.222969 9.98829E-05 9.98829E-05 9.98829E-05 9.98829E-05
9.98648E-05 9.98648E-05 0.229569 9.98648E-05 9.98648E-05 9.98648E-05 9.98648E-05 9.98648E-05 9.98648E-05 9.98648E-05 0.355313 9.98648E-05 0.41362 9.98648E-05 9.98648E-05 9.98648E-05 9.98648E-05 9.98648E-05
9.9892E-05 0.0970201 0.371496 9.9892E-05 9.9892E-05 9.9892E-05 9.9892E-05 9.9892E-05 9.9892E-05 9.9892E-05 0.355621 0.00299748 0.0990033 0.0726635 9.9892E-05 9.9892E-05 9.9892E-05 9.9892E-05
0.00540901 9.98828E-05 9.98828E-05 9.98828E-05 9.98828E-05 0.178104 9.98828E-05 9.98828E-05 9.98828E-05 9.98828E-05 0.450416 9.98828E-05 0.305534 9.98828E-05 0.0592387 9.98828E-05 9.98828E-05 9.98828E-05
9.98917E-05 9.98917E-05 9.98917E-05 9.98917E-05 9.98917E-05 9.98917E-05 9.98917E-05 0.00517931 9.98917E-05 9.98917E-05 0.0963304 0.29528 0.500221 0.0372236 9.98917E-05 9.98917E-05 0.0645666 9.98917E-05
9.98829E-05 9.98829E-05 0.00334807 9.98829E-05 0.0968051 9.98829E-05 9.98829E-05 0.0371881 9.98829E-05 0.0232128 9.98829E-05 9.98829E-05 0.838147 9.98829E-05 9.98829E-05 9.98829E-05 9.98829E-05 9.98829E-05
0.00640569 0.597789 9.98917E-05 9.98917E-05 9.98917E-05 0.0452746 0.108991 9.98917E-05 9.98917E-05 9.98917E-05 9.98917E-05 9.98917E-05 9.98917E-05 0.198931 9.98917E-05 9.98917E-05 0.0414099 9.98917E-05
9.98647E-05 0.405781 9.98647E-05 9.98647E-05 9.98647E-05 0.190666 9.98647E-05 9.98647E-05 9.98647E-05 9.98647E-05 0.402055 9.98647E-05 9.98647E-05 9.98647E-05 9.98647E-05 9.98647E-05 9.98647E-05 9.98647E-05
9.98738E-05 0.588078 9.98738E-05 9.98738E-05 9.98738E-05 9.98738E-05 9.98738E-05 0.110704 9.98738E-05 9.98738E-05 9.98738E-05 9.98738E-05 9.98738E-05 0.136678 9.98738E-05 9.98738E-05 9.98738E-05 0.163142
9.98908E-05 0.545688 9.98908E-05 0.020123 9.98908E-05 0.163796 9.98908E-05 9.98908E-05 9.98908E-05 9.98908E-05 0.231914 9.98908E-05 0.03718 9.98908E-05 9.98908E-05 9.98908E-05 9.98908E-05 9.98908E-05
9.98647E-05 0.737982 9.98647E-05 9.98647E-05 9.98647E-05 0.16044 9.98647E-05 9.98647E-05 9.98647E-05 9.98647E-05 0.10008 9.98647E-05 9.98647E-05 9.98647E-05 9.98647E-05 9.98647E-05 9.98647E-05 9.98647E-05
9.98738E-05 0.75448 9.98738E-05 9.98738E-05 0.100975 9.98738E-05 9.98738E-05 9.98738E-05 9.98738E-05 9.98738E-05 9.98738E-05 0.0538982 9.98738E-05 9.98738E-05 9.98738E-05 9.98738E-05 9.98738E-05 0.0892491
9.98829E-05 0.360454 9.98829E-05 9.98829E-05 9.98829E-05 9.98829E-05 0.144837 9.98829E-05 9.98829E-05 9.98829E-05 0.157263 9.98829E-05 0.313723 9.98829E-05 9.98829E-05 0.0224244 9.98829E-05 9.98829E-05
9.98648E-05 0.839008 9.98648E-05 9.98648E-05 9.98648E-05 9.98648E-05 9.98648E-05 9.98648E-05 9.98648E-05 9.98648E-05 0.0688804 9.98648E-05 9.98648E-05 9.98648E-05 9.98648E-05 9.98648E-05 0.0906135 9.98648E-05
9.98649E-05 9.98649E-05 9.98649E-05 9.98649E-05 9.98649E-05 9.98649E-05 9.98649E-05 9.98649E-05 9.98649E-05 9.98649E-05 0.0388907 9.98649E-05 9.98649E-05 9.98649E-05 0.329565 0.630046 9.98649E-05 9.98649E-05
9.9901E-05 9.9901E-05 0.00570291 9.9901E-05 9.9901E-05 0.064461 9.9901E-05 9.9901E-05 9.9901E-05 9.9901E-05 0.139791 0.000173456 9.9901E-05 9.9901E-05 0.0709914 0.500953 0.216829 9.9901E-05
9.98919E-05 9.98919E-05 0.0349341 9.98919E-05 9.98919E-05 9.98919E-05 9.98919E-05 9.98919E-05 9.98919E-05 0.121483 0.017289 0.0680655 9.98919E-05 9.98919E-05 9.98919E-05 0.721462 0.0355678 9.98919E-05
9.9883E-05 0.00731941 9.9883E-05 0.0711404 9.9883E-05 9.9883E-05 9.9883E-05 9.9883E-05 9.9883E-05 0.00272859 9.9883E-05 9.9883E-05 9.9883E-05 9.9883E-05 9.9883E-05 0.545198 9.9883E-05 0.372315
0.0561231 9.98648E-05 9.98648E-05 9.98648E-05 9.98648E-05 9.98648E-05 9.98648E-05 9.98648E-05 9.98648E-05 9.98648E-05 9.98648E-05 9.98648E-05 9.98648E-05 9.98648E-05 0.279589 0.66279 9.98648E-05 9.98648E-05
9.99459E-05 0.0412241 0.0302212 9.99459E-05 0.0323546 9.99459E-05 0.437974 0.00112283 0.00587694 0.0293194 9.99459E-05 0.0194895 0.0266037 9.99459E-05 9.99459E-05 0.185692 0.0205372 0.168985
9.98647E-05 9.98647E-05 9.98647E-05 9.98647E-05 9.98647E-05 0.362241 0.122263 9.98647E-05 9.98647E-05 9.98647E-05 9.98647E-05 9.98647E-05 9.98647E-05 9.98647E-05 9.98647E-05 0.513998 9.98647E-05 9.98647E-05
9.98648E-05 9.98648E-05 9.98648E-05 9.98648E-05 9.98648E-05 9.98648E-05 9.98648E-05 9.98648E-05 9.98648E-05 9.98648E-05 0.0161763 9.98648E-05 9.98648E-05 9.98648E-05 0.251097 0.731228 9.98648E-05 9.98648E-05
9.98829E-05 0.00697371 9.98829E-05 9.98829E-05 9.98829E-05 0.000956152 9.98829E-05 0.0157972 9.98829E-05 9.98829E-05 9.98829E-05 9.98829E-05 9.98829E-05 9.98829E-05 9.98829E-05 0.561047 0.413927 9.98829E-05
9.98737E-05 9.98737E-05 9.98737E-05 9.98737E-05 0.0900606 9.98737E-05 9.98737E-05 9.98737E-05 0.0643878 9.98737E-05 9.98737E-05 0.460665 9.98737E-05 9.98737E-05 9.98737E-05 0.383488 9.98737E-05 9.98737E-05
0.100847 9.98829E-05 9.98829E-05 9.98829E-05 9.98829E-05 9.98829E-05 9.98829E-05 9.98829E-05 9.98829E-05 9.98829E-05 0.0785557 0.00447793 9.98829E-05 9.98829E-05 0.542265 0.272556 9.98829E-05 9.98829E-05
0.0380939 9.99008E-05 9.99008E-05 0.00566508 0.053881 0.0375127 9.99008E-05 9.99008E-05 0.286283 9.99008E-05 9.99008E-05 0.176468 9.99008E-05 9.99008E-05 9.99008E-05 0.400997 9.99008E-05 9.99008E-05
9.98829E-05 9.98829E-05 9.98829E-05 9.98829E-05 9.98829E-05 9.98829E-05 0.0483095 9.98829E-05 9.98829E-05 9.98829E-05 0.0289503 9.98829E-05 9.98829E-05 9.98829E-05 0.122866 0.756597 0.0419787 9.98829E-05
9.99098E-05 0.0238299 0.012281 9.99098E-05 9.99098E-05 9.99098E-05 0.0702985 9.99098E-05 0.121392 9.99098E-05 9.99098E-05 9.99098E-05 0.0317 9.99098E-05 9.99098E-05 0.474353 0.245879 0.0192678
9.98829E-05 9.98829E-05 9.98829E-05 9.98829E-05 9.98829E-05 9.98829E-05 9.98829E-05 9.98829E-05 9.98829E-05 9.98829E-05 9.98829E-05 0.14249 9.98829E-05 0.0131436 0.0248511 0.454498 0.363718 9.98829E-05
9.99099E-05 9.99099E-05 9.99099E-05 9.99099E-05 0.0109816 0.0350238 0.508324 0.00896203 9.99099E-05 9.99099E-05 0.00602971 9.99099E-05 9.99099E-05 0.0394334 0.0575248 0.332722 9.99099E-05 9.99099E-05
9.98827E-05 9.98827E-05 0.171479 9.98827E-05 0.156616 9.98827E-05 9.98827E-05 9.98827E-05 9.98827E-05 9.98827E-05 9.98827E-05 9.98827E-05 0.0839835 9.98827E-05 9.98827E-05 0.449479 9.98827E-05 0.137143
9.98737E-05 9.98737E-05 0.152966 9.98737E-05 0.00999357 9.98737E-05 9.98737E-05 9.98737E-05 9.98737E-05 0.484473 9.98737E-05 9.98737E-05 9.98737E-05 9.98737E-05 9.98737E-05 0.351169 9.98737E-05 9.98737E-05
9.98829E-05 9.98829E-05 9.98829E-05 9.98829E-05 9.98829E-05 0.00234001 9.98829E-05 9.98829E-05 9.98829E-05 9.98829E-05 0.0840765 9.98829E-05 9.98829E-05 0.0441614 9.98829E-05 0.402098 0.466026 9.98829E-05
9.98829E-05 9.98829E-05 9.98829E-05 9.98829E-05 9.98829E-05 0.013602 0.183396 9.98829E-05 9.98829E-05 9.98829E-05 0.0253493 9.98829E-05 9.98829E-05 9.98829E-05 0.0254938 0.750861 9.98829E-05 9.98829E-05
9.98828E-05 9.98828E-05 9.98828E-05 9.98828E-05 9.98828E-05 9.98828E-05 9.98828E-05 9.98828E-05 9.98828E-05 9.98828E-05 9.98828E-05 0.26841 9.98828E-05 0.00418655 9.98828E-05 0.498169 0.199009 0.0289273
9.98648E-05 9.98648E-05 0.265046 9.98648E-05 9.98648E-05 9.98648E-05 9.98648E-05 9.98648E-05 9.98648E-05 9.98648E-05 9.98648E-05 0.229778 9.98648E-05 9.98648E-05 9.98648E-05 0.503677 9.98648E-05 9.98648E-05
0.0582537 9.98918E-05 0.000672382 9.98918E-05 0.0734521 9.98918E-05 0.235452 9.98918E-05 9.98918E-05 9.98918E-05 9.98918E-05 0.382751 9.98918E-05 9.98918E-05 9.98918E-05 9.98918E-05 9.98918E-05 0.24822
0.693074 0.00177286 9.98828E-05 0.0412667 9.98828E-05 0.154471 0.108117 9.98828E-05 9.98828E-05 9.98828E-05 9.98828E-05 9.98828E-05 9.98828E-05 9.98828E-05 9.98828E-05 9.98828E-05 9.98828E-05 9.98828E-05
0.00890435 9.99008E-05 0.178666 9.99008E-05 9.99008E-05 9.99008E-05 0.162822 0.00449162 9.99008E-05 0.510891 9.99008E-05 9.99008E-05 9.99008E-05 9.99008E-05 9.99008E-05 9.99008E-05 0.0104792 0.122647
0.0467578 9.99009E-05 9.99009E-05 9.99009E-05 9.99009E-05 9.99009E-05 0.677369 9.99009E-05 9.99009E-05 9.99009E-05 0.00608932 0.0359825 9.99009E-05 0.00570535 0.0965939 9.99009E-05 0.130403 9.99009E-05
0.577987 9.98737E-05 9.98737E-05 9.98737E-05 9.98737E-05 0.0657259 9.98737E-05 9.98737E-05 9.98737E-05 9.98737E-05 0.0191648 9.98737E-05 9.98737E-05 9.98737E-05 0.335724 9.98737E-05 9.98737E-05 9.98737E-05
0.0440055 9.99098E-05 0.282397 9.99098E-05 0.199052 9.99098E-05 0.0703266 9.99098E-05 0.335916 0.0341856 9.99098E-05 9.99098E-05 9.99098E-05 9.99098E-05 9.99098E-05 9.99098E-05 0.00473208 0.0283853
0.770512 9.98738E-05 9.98738E-05 9.98738E-05 0.0022123 9.98738E-05 9.98738E-05 9.98738E-05 0.148693 9.98738E-05 9.98738E-05 0.0771841 9.98738E-05 9.98738E-05 9.98738E-05 9.98738E-05 9.98738E-05 9.98738E-05
9.99008E-05 0.0341895 0.101128 9.99008E-05 9.99008E-05 0.0633787 0.316449 9.99008E-05 9.99008E-05 9.99008E-05 9.99008E-05 9.99008E-05 0.0911588 9.99008E-05 9.99008E-05 9.99008E-05 0.257918 0.134678
0.695697 9.98649E-05 0.300794 0.00201056 9.98649E-05 9.98649E-05 9.98649E-05 9.98649E-05 9.98649E-05 9.98649E-05 9.98649E-05 9.98649E-05 9.98649E-05 9.98649E-05 9.98649E-05 9.98649E-05 9.98649E-05 9.98649E-05
0.305404 9.98739E-05 9.98739E-05 9.98739E-05 9.98739E-05 0.373741 0.217014 9.98739E-05 9.98739E-05 9.98739E-05 9.98739E-05 9.98739E-05 9.98739E-05 9.98739E-05 0.102443 9.98739E-05 9.98739E-05 9.98739E-05
0.118284 9.99188E-05 0.223326 0.0677148 0.000862915 9.99188E-05 9.99188E-05 9.99188E-05 0.17776 9.99188E-05 9.99188E-05 0.11874 0.0344755 9.99188E-05 9.99188E-05 9.99188E-05 0.0431717 0.214765
0.592185 9.98649E-05 9.98649E-05 9.98649E-05 0.030591 9.98649E-05 9.98649E-05 9.98649E-05 9.98649E-05 0.375726 9.98649E-05 9.98649E-05 9.98649E-05 9.98649E-05 9.98649E-05 9.98649E-05 9.98649E-05 9.98649E-05
0.520497 9.98738E-05 9.98738E-05 9.98738E-05 9.98738E-05 0.227549 9.98738E-05 9.98738E-05 9.98738E-05 9.98738E-05 0.000678707 9.98738E-05 9.98738E-05 9.98738E-05 0.249877 9.98738E-05 9.98738E-05 9.98738E-05
9.98829E-05 9.98829E-05 0.123405 9.98829E-05 0.293218 9.98829E-05 0.0153135 9.98829E-05 0.249218 9.98829E-05 9.98829E-05 9.98829E-05 9.98829E-05 9.98829E-05 9.98829E-05 9.98829E-05 9.98829E-05 0.317547
0.476914 9.98918E-05 0.202508 0.082603 0.18855 9.98918E-05 9.98918E-05 9.98918E-05 9.98918E-05 0.0118777 9.98918E-05 9.98918E-05 0.0363481 9.98918E-05 9.98918E-05 9.98918E-05 9.98918E-05 9.98918E-05
9.98738E-05 9.98738E-05 0.531155 9.98738E-05 0.162339 9.98738E-05 0.224765 9.98738E-05 0.0803431 9.98738E-05 9.98738E-05 9.98738E-05 9.98738E-05 9.98738E-05 9.98738E-05 9.98738E-05 9.98738E-05 9.98738E-05
0.525472 9.98648E-05 9.98648E-05 9.98648E-05 9.98648E-05 0.0440918 9.98648E-05 9.98648E-05 9.98648E-05 9.98648E-05 9.98648E-05 9.98648E-05 9.98648E-05 9.98648E-05 0.428938 9.98648E-05 9.98648E-05 9.98648E-05
0.225662 9.98917E-05 0.534394 0.089472 9.98917E-05 9.98917E-05 9.98917E-05 9.98917E-05 9.98917E-05 0.00778249 9.98917E-05 9.98917E-05 0.0269864 9.98917E-05 9.98917E-05 9.98917E-05 9.98917E-05 0.114504
9.98918E-05 9.98918E-05 0.0578101 9.98918E-05 9.98918E-05 9.98918E-05 9.98918E-05 9.98918E-05 0.303983 9.98918E-05 9.98918E-05 0.0328703 0.00882669 9.98918E-05 9.98918E-05 9.98918E-05 0.14881 0.446501
0.120171 0.0669005 9.98918E-05 9.98918E-05 9.98918E-05 9.98918E-05 0.618329 9.98918E-05 0.0245151 9.98918E-05 9.98918E-05 9.98918E-05 9.98918E-05 9.98918E-05 9.98918E-05 9.98918E-05 0.0842703 0.0846155
9.99102E-05 9.99102E-05 9.99102E-05 9.99102E-05 9.99102E-05 9.99102E-05 0.273448 9.99102E-05 9.99102E-05 0.427881 0.00796133 0.126217 9.99102E-05 0.0312189 0.0154406 0.0718476 9.99102E-05 0.0449867
0.107022 9.99099E-05 0.307334 9.99099E-05 0.0244832 9.99099E-05 0.236105 9.99099E-05 9.99099E-05 0.188292 9.99099E-05 0.0999302 9.99099E-05 0.028179 9.99099E-05 9.99099E-05 9.99099E-05 0.00765596
0.519389 9.98737E-05 9.98737E-05 9.98737E-05 9.98737E-05 0.016117 0.162566 9.98737E-05 9.98737E-05 9.98737E-05 9.98737E-05 9.98737E-05 9.98737E-05 9.98737E-05 0.30053 9.98737E-05 9.98737E-05 9.98737E-05
9.99098E-05 9.99098E-05 0.232205 0.404828 9.99098E-05 9.99098E-05 0.20013 0.0308273 0.0694482 9.99098E-05 0.00818846 9.99098E-05 9.99098E-05 0.0352551 9.99098E-05 0.0181182 9.99098E-05 9.99098E-05
0.616726 0.0447768 9.98826E-05 9.98826E-05 9.98826E-05 9.98826E-05 0.103881 9.98826E-05 9.98826E-05 9.98826E-05 9.98826E-05 9.98826E-05 9.98826E-05 9.98826E-05 9.98826E-05 9.98826E-05 0.151251 0.0820665
0.0870046 9.99009E-05 9.99009E-05 9.99009E-05 9.99009E-05 9.99009E-05 0.243419 0.0332972 9.99009E-05 9.99009E-05 0.0809558 9.99009E-05 9.99009E-05 9.99009E-05 0.172619 0.156734 0.224872 9.99009E-05
0.00517517 9.99188E-05 0.502461 0.26254 9.99188E-05 9.99188E-05 9.99188E-05 0.038286 0.00502782 9.99188E-05 9.99188E-05 9.99188E-05 0.0275083 0.0107106 9.99188E-05 0.10782 9.99188E-05 0.0395723
9.98738E-05 9.98738E-05 9.98738E-05 0.187291 9.98738E-05 9.98738E-05 9.98738E-05 9.98738E-05 9.98738E-05 9.98738E-05 0.0159362 0.495915 9.98738E-05 9.98738E-05 9.98738E-05 9.98738E-05 0.299459 9.98738E-05
9.9901E-05 9.9901E-05 9.9901E-05 9.9901E-05 0.0208671 0.203475 9.9901E-05 0.0307363 9.9901E-05 9.9901E-05 0.00774616 0.0488938 9.9901E-05 0.0280475 0.659136 9.9901E-05 9.9901E-05 9.9901E-05
0.176886 0.00537637 9.99278E-05 0.000262976 0.00435282 0.123291 0.13506 0.0778782 9.99278E-05 9.99278E-05 9.99278E-05 9.99278E-05 9.99278E-05 9.99278E-05 0.00111522 0.0548697 0.420108 9.99278E-05
9.99188E-05 9.99188E-05 9.99188E-05 0.114855 9.99188E-05 9.99188E-05 0.385951 9.99188E-05 0.01135 9.99188E-05 0.0330163 9.99188E-05 0.000234883 0.0313847 0.274655 0.118316 0.0293373 9.99188E-05
0.150587 9.98919E-05 9.98919E-05 9.98919E-05 9.98919E-05 9.98919E-05 9.98919E-05 9.98919E-05 0.431533 9.98919E-05 9.98919E-05 0.195651 9.98919E-05 0.00627659 0.0912334 9.98919E-05 0.123521 9.98919E-05
0.00111066 9.98648E-05 9.98648E-05 9.98648E-05 9.98648E-05 9.98648E-05 0.460302 9.98648E-05 9.98648E-05 9.98648E-05 9.98648E-05 9.98648E-05 9.98648E-05 9.98648E-05 0.537089 9.98648E-05 9.98648E-05 9.98648E-05
9.99007E-05 9.99007E-05 0.547198 0.0434924 0.10703 9.99007E-05 0.0371053 9.99007E-05 0.174776 0.0505897 9.99007E-05 9.99007E-05 9.99007E-05 9.99007E-05 9.99007E-05 9.99007E-05 0.0387093 9.99007E-05
0.021256 9.98918E-05 0.000477055 9.98918E-05 9.98918E-05 9.98918E-05 0.398977 9.98918E-05 9.98918E-05 9.98918E-05 9.98918E-05 9.98918E-05 9.98918E-05 0.00123501 0.462617 9.98918E-05 0.114239 9.98918E-05
0.173637 9.99009E-05 0.116663 0.125696 9.99009E-05 9.99009E-05 9.99009E-05 9.99009E-05 9.99009E-05 0.324807 9.99009E-05 0.00985001 9.99009E-05 9.99009E-05 0.186647 9.99009E-05 0.0616017 9.99009E-05
0.00421533 9.99188E-05 0.362164 0.0807347 0.0530368 0.0554162 9.99188E-05 9.99188E-05 9.99188E-05 0.242045 9.99188E-05 0.117696 9.99188E-05 9.99188E-05 9.99188E-05 0.0243965 0.0593958 9.99188E-05
0.0557698 9.9928E-05 9.9928E-05 0.0596192 9.9928E-05 9.9928E-05 9.9928E-05 0.00181785 9.9928E-05 0.0101975 0.0444071 0.0542048 0.0401159 9.9928E-05 9.9928E-05 0.000115383 0.670691 0.0622624
9.99101E-05 9.99101E-05 0.0642715 9.99101E-05 0.045897 0.0321043 0.311394 9.99101E-05 9.99101E-05 9.99101E-05 9.99101E-05 0.0584007 0.0413429 9.99101E-05 9.99101E-05 0.0450507 0.352858 0.0477815
0.00305836 9.9892E-05 9.9892E-05 9.9892E-05 0.0959786 9.9892E-05 9.9892E-05 9.9892E-05 9.9892E-05 9.9892E-05 9.9892E-05 9.9892E-05 0.00697704 0.00487912 0.0150609 9.9892E-05 0.872847 9.9892E-05
9.99008E-05 9.99008E-05 0.444954 9.99008E-05 9.99008E-05 9.99008E-05 0.0847182 9.99008E-05 9.99008E-05 0.149071 9.99008E-05 0.0236262 9.99008E-05 9.99008E-05 0.122435 0.0892021 0.0848941 9.99008E-05
9.99009E-05 9.99009E-05 9.99009E-05 9.99009E-05 0.053089 0.129638 0.0520128 9.99009E-05 9.99009E-05 9.99009E-05 0.00306061 0.0483276 9.99009E-05 9.99009E-05 0.621565 9.99009E-05 0.0912077 9.99009E-05
0.18855 9.98739E-05 9.98739E-05 0.0926164 9.98739E-05 0.0151213 9.98739E-05 9.98739E-05 9.98739E-05 9.98739E-05 9.98739E-05 9.98739E-05 9.98739E-05 9.98739E-05 0.702314 9.98739E-05 9.98739E-05 9.98739E-05
9.99008E-05 9.99008E-05 9.99008E-05 0.261291 9.99008E-05 0.265336 0.341345 0.013578 9.99008E-05 9.99008E-05 0.0248769 9.99008E-05 9.99008E-05 9.99008E-05 0.0312679 9.99008E-05 0.0612066 9.99008E-05
9.98828E-05 9.98828E-05 9.98828E-05 0.215528 9.98828E-05 9.98828E-05 0.0392111 9.98828E-05 9.98828E-05 9.98828E-05 0.0935575 9.98828E-05 9.98828E-05 9.98828E-05 0.587212 9.98828E-05 0.0631933 9.98828E-05
9.9883E-05 9.9883E-05 9.9883E-05 9.9883E-05 0.117294 0.0519103 9.9883E-05 9.9883E-05 0.02686 9.9883E-05 9.9883E-05 9.9883E-05 9.9883E-05 9.9883E-05 0.79896 0.00367756 9.9883E-05 9.9883E-05
0.114047 0.0375887 9.99008E-05 0.259978 9.99008E-05 0.378497 0.0308859 9.99008E-05 9.99008E-05 9.99008E-05 0.0787296 9.99008E-05 9.99008E-05 9.99008E-05 9.99008E-05 9.99008E-05 0.0991747 9.99008E-05
0.073403 0.0386913 9.99008E-05 9.99008E-05 9.99008E-05 0.00769897 0.63224 9.99008E-05 0.0551258 9.99008E-05 9.99008E-05 9.99008E-05 0.0111587 9.99008E-05 0.180583 9.99008E-05 9.99008E-05 9.99008E-05
0.000745684 9.991E-05 9.991E-05 0.00379656 0.363727 9.991E-05 9.991E-05 0.0486045 9.991E-05 0.0516241 9.991E-05 9.991E-05 9.991E-05 0.0267691 0.0199269 9.991E-05 9.991E-05 0.483807
9.98738E-05 9.98738E-05 9.98738E-05 9.98738E-05 0.832634 9.98738E-05 0.128173 0.00392941 9.98738E-05 9.98738E-05 9.98738E-05 9.98738E-05 9.98738E-05 0.0338657 9.98738E-05 9.98738E-05 9.98738E-05 9.98738E-05
9.99098E-05 0.0379171 9.99098E-05 0.00755395 0.0666687 0.167322 0.502791 0.0784211 9.99098E-05 9.99098E-05 9.99098E-05 9.99098E-05 9.99098E-05 9.99098E-05 9.99098E-05 9.99098E-05 0.0234162 0.114912
9.98827E-05 9.98827E-05 0.082539 0.0110814 0.590737 9.98827E-05 0.103203 9.98827E-05 0.211142 9.98827E-05 9.98827E-05 9.98827E-05 9.98827E-05 9.98827E-05 9.98827E-05 9.98827E-05 9.98827E-05 9.98827E-05
9.98739E-05 9.98739E-05 9.98739E-05 9.98739E-05 0.917051 0.0098301 9.98739E-05 9.98739E-05 9.98739E-05 9.98739E-05 9.98739E-05 9.98739E-05 9.98739E-05 9.98739E-05 9.98739E-05 0.0437434 9.98739E-05 0.027977
9.98918E-05 9.98918E-05 9.98918E-05 9.98918E-05 0.435027 0.0635492 0.0310875 9.98918E-05 9.98918E-05 0.410749 9.98918E-05 9.98918E-05 9.98918E-05 0.0383972 9.98918E-05 9.98918E-05 0.0199914 9.98918E-05
9.98919E-05 0.00843287 0.050287 9.98919E-05 0.748123 9.98919E-05 0.0751479 9.98919E-05 9.98919E-05 0.0799815 9.98919E-05 9.98919E-05 9.98919E-05 9.98919E-05 9.98919E-05 0.0368289 9.98919E-05 9.98919E-05
9.9892E-05 0.00315094 9.9892E-05 9.9892E-05 0.189252 0.408344 0.379647 0.00865958 9.9892E-05 9.9892E-05 9.9892E-05 9.9892E-05 9.9892E-05 0.0097485 9.9892E-05 9.9892E-05 9.9892E-05 9.9892E-05
0.202045 9.9874E-05 9.9874E-05 9.9874E-05 9.9874E-05 0.411031 0.0711097 9.9874E-05 9.9874E-05 9.9874E-05 9.9874E-05 9.9874E-05 9.9874E-05 9.9874E-05 0.314416 9.9874E-05 9.9874E-05 9.9874E-05
9.99188E-05 0.0181897 9.99188E-05 0.0252342 9.99188E-05 0.0218896 0.148542 0.0777492 9.99188E-05 9.99188E-05 9.99188E-05 9.99188E-05 0.0251537 9.99188E-05 9.99188E-05 0.0344785 0.0710274 0.576837
9.98829E-05 0.00611146 9.98829E-05 9.98829E-05 0.131087 0.685304 0.091976 9.98829E-05 9.98829E-05 9.98829E-05 9.98829E-05 9.98829E-05 9.98829E-05 9.98829E-05 9.98829E-05 0.0842232 9.98829E-05 9.98829E-05
9.9901E-05 0.113543 9.9901E-05 0.0158849 0.0635263 0.183187 0.458643 0.161614 9.9901E-05 9.9901E-05 9.9901E-05 9.9901E-05 9.9901E-05 9.9901E-05 9.9901E-05 0.00250264 9.9901E-05 9.9901E-05
9.99008E-05 0.114485 9.99008E-05 9.99008E-05 0.21712 9.99008E-05 0.491843 9.99008E-05 0.00170437 9.99008E-05 9.99008E-05 0.0218878 9.99008E-05 9.99008E-05 9.99008E-05 0.0429807 9.99008E-05 0.108881
0.0267944 9.98919E-05 9.98919E-05 0.0909752 9.98919E-05 0.279157 0.506028 9.98919E-05 9.98919E-05 9.98919E-05 9.98919E-05 9.98919E-05 9.98919E-05 9.98919E-05 0.0726816 0.0231646 9.98919E-05 9.98919E-05
9.98919E-05 9.98919E-05 9.98919E-05 9.98919E-05 9.98919E-05 0.256987 0.291755 9.98919E-05 9.98919E-05 9.98919E-05 0.0417826 9.98919E-05 9.98919E-05 9.98919E-05 0.026192 0.0839341 9.98919E-05 0.29815
9.99008E-05 0.01802 0.129239 0.584607 9.99008E-05 9.99008E-05 0.0301738 9.99008E-05 9.99008E-05 9.99008E-05 9.99008E-05 9.99008E-05 9.99008E-05 0.0645714 9.99008E-05 9.99008E-05 0.0692099 0.10308
9.99008E-05 0.0444187 9.99008E-05 0.102354 9.99008E-05 0.258924 0.34869 9.99008E-05 0.134842 9.99008E-05 9.99008E-05 9.99008E-05 0.0531795 9.99008E-05 9.99008E-05 9.99008E-05 9.99008E-05 0.0564932
9.98918E-05 9.98918E-05 9.98918E-05 9.98918E-05 9.98918E-05 0.284149 0.15833 0.0147446 9.98918E-05 9.98918E-05 9.98918E-05 9.98918E-05 9.98918E-05 9.98918E-05 9.98918E-05 0.10913 0.0490916 0.383357
9.98919E-05 9.98919E-05 0.0750462 0.022563 0.0972713 9.98919E-05 0.0132542 9.98919E-05 0.480486 9.98919E-05 9.98919E-05 9.98919E-05 9.98919E-05 9.98919E-05 9.98919E-05 9.98919E-05 9.98919E-05 0.31018
9.991E-05 0.00992721 0.0150807 9.991E-05 0.0229424 9.991E-05 0.190374 0.020357 0.0548385 9.991E-05 9.991E-05 9.991E-05 9.991E-05 9.991E-05 9.991E-05 9.991E-05 0.165612 0.51987
9.9901E-05 9.9901E-05 9.9901E-05 9.9901E-05 9.9901E-05 0.708531 0.0466806 9.9901E-05 0.0996536 0.0143393 9.9901E-05 9.9901E-05 9.9901E-05 9.9901E-05 0.0249849 9.9901E-05 0.0581914 0.0465205
9.98919E-05 0.0500179 0.075431 9.98919E-05 9.98919E-05 0.128497 0.608736 9.98919E-05 9.98919E-05 9.98919E-05 9.98919E-05 9.98919E-05 9.98919E-05 9.98919E-05 9.98919E-05 0.0859652 9.98919E-05 0.0501533
0.0478308 9.98919E-05 0.0227582 0.052148 9.98919E-05 0.444306 0.164995 9.98919E-05 9.98919E-05 9.98919E-05 9.98919E-05 9.98919E-05 9.98919E-05 9.98919E-05 0.266763 9.98919E-05 9.98919E-05 9.98919E-05
9.99098E-05 9.99098E-05 0.169646 0.000893356 0.346905 9.99098E-05 0.129217 9.99098E-05 0.00504274 9.99098E-05 9.99098E-05 0.00544002 9.99098E-05 9.99098E-05 9.99098E-05 9.99098E-05 0.0134733 0.328384
9.99009E-05 0.044035 9.99009E-05 9.99009E-05 9.99009E-05 9.99009E-05 0.390075 0.0367742 0.0460004 9.99009E-05 9.99009E-05 9.99009E-05 0.00724726 9.99009E-05 9.99009E-05 9.99009E-05 0.0993954 0.375374
0.0850583 9.99008E-05 9.99008E-05 0.0257407 9.99008E-05 0.514845 0.270723 9.99008E-05 9.99008E-05 9.99008E-05 0.0197142 9.99008E-05 9.99008E-05 9.99008E-05 0.0632453 0.0195745 9.99008E-05 9.99008E-05
9.99009E-05 9.99009E-05 9.99009E-05 0.47992 0.285227 9.99009E-05 9.99009E-05 9.99009E-05 9.99009E-05 0.0688387 9.99009E-05 0.100714 0.0013317 9.99009E-05 9.99009E-05 0.053854 9.99009E-05 0.00901617
0.110054 9.98738E-05 9.98738E-05 0.51589 9.98738E-05 9.98738E-05 9.98738E-05 9.98738E-05 0.306477 9.98738E-05 9.98738E-05 0.0661816 9.98738E-05 9.98738E-05 9.98738E-05 9.98738E-05 9.98738E-05 9.98738E-05
0.00452444 0.0687252 9.99099E-05 9.99099E-05 9.99099E-05 9.99099E-05 0.396 0.0183328 9.99099E-05 9.99099E-05 0.087182 9.99099E-05 9.99099E-05 0.0462649 0.311574 0.0663969 9.99099E-05 9.99099E-05
0.283704 9.99008E-05 9.99008E-05 0.285073 9.99008E-05 9.99008E-05 9.99008E-05 0.000666876 9.99008E-05 9.99008E-05 9.99008E-05 9.99008E-05 9.99008E-05 0.00588219 0.168669 0.0524558 0.20245 9.99008E-05
0.0258063 0.0544037 9.99099E-05 0.255598 0.294074 0.0380273 9.99099E-05 9.99099E-05 0.276251 9.99099E-05 9.99099E-05 0.0201552 9.99099E-05 0.0346851 9.99099E-05 9.99099E-05 9.99099E-05 9.99099E-05
0.180329 0.0139967 0.0248278 0.310831 0.416294 9.98918E-05 9.98918E-05 9.98918E-05 9.98918E-05 0.0525222 9.98918E-05 9.98918E-05 9.98918E-05 9.98918E-05 9.98918E-05 9.98918E-05 9.98918E-05 9.98918E-05
0.0757626 9.99189E-05 0.133141 0.305185 0.285302 9.99189E-05 9.99189E-05 0.118372 0.0036703 0.033674 9.99189E-05 9.99189E-05 0.00600505 9.99189E-05 9.99189E-05 9.99189E-05 9.99189E-05 0.0379888
0.0974904 9.9874E-05 9.9874E-05 0.150493 9.9874E-05 9.9874E-05 9.9874E-05 9.9874E-05 9.9874E-05 9.9874E-05 9.9874E-05 9.9874E-05 9.9874E-05 0.00714375 0.743475 9.9874E-05 9.9874E-05 9.9874E-05
