0.476589 9.9946E-05 9.9946E-05 0.110037 0.00877634 9.9946E-05 9.9946E-05 0.336914 0.0477042 9.9946E-05 0.01938 9.9946E-05
0.470524 9.99369E-05 9.99369E-05 9.99369E-05 9.99369E-05 9.99369E-05 9.99369E-05 0.33763 0.0551563 9.99369E-05 0.0132387 0.122752
0.231298 9.99729E-05 0.00483066 0.00951393 9.99729E-05 0.00277462 0.0517987 9.99729E-05 0.0387507 0.595804 0.0349384 0.0299911
0.243921 9.99549E-05 0.178967 0.021618 0.140455 9.99549E-05 0.0456733 0.286958 9.99549E-05 9.99549E-05 9.99549E-05 0.081908
9.99459E-05 9.99459E-05 0.0530008 9.99459E-05 0.401827 0.00429943 0.0591577 0.416587 9.99459E-05 9.99459E-05 0.0645286 9.99459E-05
0.36383 9.99549E-05 9.99549E-05 9.99549E-05 9.99549E-05 0.0668354 0.328215 0.0786655 0.00591564 0.0856274 0.0704117 9.99549E-05
0.438501 0.0401337 9.99279E-05 9.99279E-05 9.99279E-05 9.99279E-05 9.99279E-05 9.99279E-05 9.99279E-05 0.50837 9.99279E-05 0.0121951
0.366897 9.9937E-05 9.9937E-05 9.9937E-05 9.9937E-05 9.9937E-05 0.170235 0.109992 0.165549 0.186627 9.9937E-05 9.9937E-05
0.352689 9.9964E-05 0.112927 0.0140864 9.9964E-05 0.0226766 0.0688826 0.223217 0.0418657 9.9964E-05 9.9964E-05 0.163257
9.99279E-05 0.223523 9.99279E-05 0.056542 9.99279E-05 9.99279E-05 0.374855 9.99279E-05 9.99279E-05 0.34428 9.99279E-05 9.99279E-05
0.156882 9.99549E-05 0.00893498 0.010805 9.99549E-05 9.99549E-05 0.0780245 0.175636 9.99549E-05 9.99549E-05 0.0646961 0.504521
9.99279E-05 9.99279E-05 0.100144 9.99279E-05 9.99279E-05 9.99279E-05 0.232855 0.381379 9.99279E-05 9.99279E-05 9.99279E-05 0.284823
0.208206 0.0167153 0.2348 0.00639694 0.0461666 0.0557924 9.9973E-05 9.9973E-05 9.9973E-05 0.0907768 0.237466 0.10338
0.473201 9.99279E-05 9.99279E-05 9.99279E-05 9.99279E-05 9.99279E-05 0.19014 9.99279E-05 0.0411469 0.294713 9.99279E-05 9.99279E-05
9.99189E-05 9.99189E-05 9.99189E-05 9.99189E-05 9.99189E-05 9.99189E-05 0.0657988 0.374927 9.99189E-05 9.99189E-05 9.99189E-05 0.558374
0.193084 0.280391 9.99549E-05 0.0203491 0.0166374 0.0573183 0.0421285 9.99549E-05 9.99549E-05 0.389593 9.99549E-05 9.99549E-05
0.561985 0.0107125 0.0266011 9.99279E-05 9.99279E-05 9.99279E-05 9.99279E-05 9.99279E-05 9.99279E-05 0.399902 9.99279E-05 9.99279E-05
0.464005 9.99369E-05 9.99369E-05 9.99369E-05 9.99369E-05 9.99369E-05 9.99369E-05 9.99369E-05 0.0026087 0.416306 0.041387 0.0749936
0.247729 9.9964E-05 0.255793 9.9964E-05 9.9964E-05 9.9964E-05 0.0509558 0.273407 0.00496574 0.0555221 0.0511888 0.0600398
9.99188E-05 9.99188E-05 9.99188E-05 0.665739 0.316662 9.99188E-05 9.99188E-05 9.99188E-05 0.016699 9.99188E-05 9.99188E-05 9.99188E-05
9.99189E-05 9.99189E-05 0.0971739 0.756703 0.145224 9.99189E-05 9.99189E-05 9.99189E-05 9.99189E-05 9.99189E-05 9.99189E-05 9.99189E-05
0.0430333 9.99278E-05 9.99278E-05 0.862655 0.0783778 9.99278E-05 9.99278E-05 9.99278E-05 9.99278E-05 9.99278E-05 0.0151339 9.99278E-05
9.99279E-05 9.99279E-05 0.362043 0.59437 0.0271467 9.99279E-05 9.99279E-05 9.99279E-05 0.0156409 9.99279E-05 9.99279E-05 9.99279E-05
9.99369E-05 9.99369E-05 0.0754351 0.706119 9.99369E-05 9.99369E-05 9.99369E-05 0.0182237 0.00841361 9.99369E-05 9.99369E-05 0.191109
0.0803843 9.99459E-05 9.99459E-05 0.49503 9.99459E-05 0.181293 0.0155156 9.99459E-05 0.0117945 0.215383 9.99459E-05 9.99459E-05
9.99369E-05 9.99369E-05 9.99369E-05 0.332959 9.99369E-05 9.99369E-05 0.0282827 0.131595 0.31018 9.99369E-05 9.99369E-05 0.196284
9.9928E-05 0.523373 9.9928E-05 0.241009 9.9928E-05 0.211476 9.9928E-05 9.9928E-05 9.9928E-05 0.0233419 9.9928E-05 9.9928E-05
9.99189E-05 9.99189E-05 9.99189E-05 0.103298 0.599621 9.99189E-05 9.99189E-05 9.99189E-05 0.296182 9.99189E-05 9.99189E-05 9.99189E-05
0.045718 0.0332356 9.99279E-05 0.857014 9.99279E-05 9.99279E-05 9.99279E-05 9.99279E-05 9.99279E-05 9.99279E-05 0.0632329 9.99279E-05
9.99279E-05 9.99279E-05 0.147236 0.827934 0.0056687 9.99279E-05 9.99279E-05 9.99279E-05 9.99279E-05 9.99279E-05 9.99279E-05 0.0183611
9.99461E-05 0.183352 0.137352 0.576058 9.99461E-05 0.000691132 9.99461E-05 9.99461E-05 0.0157695 0.0861778 9.99461E-05 9.99461E-05
0.0268539 0.0990974 9.99549E-05 0.169863 9.99549E-05 0.274434 0.00102839 9.99549E-05 0.293008 9.99549E-05 0.135216 9.99549E-05
9.99188E-05 0.218044 9.99188E-05 0.609222 9.99188E-05 9.99188E-05 9.99188E-05 9.99188E-05 9.99188E-05 0.171835 9.99188E-05 9.99188E-05
0.128569 9.99279E-05 9.99279E-05 0.68003 9.99279E-05 9.99279E-05 9.99279E-05 9.99279E-05 0.0419607 0.148641 9.99279E-05 9.99279E-05
9.99279E-05 9.99279E-05 0.118617 0.818927 9.99279E-05 9.99279E-05 0.0100722 9.99279E-05 9.99279E-05 9.99279E-05 9.99279E-05 0.0515845
9.99369E-05 9.99369E-05 0.00534715 0.706684 0.127522 9.99369E-05 9.99369E-05 0.0462663 9.99369E-05 9.99369E-05 9.99369E-05 0.113481
9.99189E-05 9.99189E-05 9.99189E-05 0.637582 0.21408 9.99189E-05 9.99189E-05 9.99189E-05 9.99189E-05 9.99189E-05 9.99189E-05 0.147438
9.99189E-05 9.99189E-05 0.273561 0.653147 9.99189E-05 9.99189E-05 9.99189E-05 0.0723925 9.99189E-05 9.99189E-05 9.99189E-05 9.99189E-05
0.101345 9.99278E-05 9.99278E-05 9.99278E-05 0.0270038 0.807612 9.99278E-05 0.0632399 9.99278E-05 9.99278E-05 9.99278E-05 9.99278E-05
9.9919E-05 0.26311 9.9919E-05 9.9919E-05 9.9919E-05 0.678676 9.9919E-05 9.9919E-05 9.9919E-05 9.9919E-05 0.0573143 9.9919E-05
9.99369E-05 0.361547 9.99369E-05 0.0634904 9.99369E-05 0.344338 9.99369E-05 9.99369E-05 0.0988208 0.131104 9.99369E-05 9.99369E-05
9.99369E-05 0.0653238 0.283838 9.99369E-05 0.136537 0.438147 9.99369E-05 9.99369E-05 0.0754537 9.99369E-05 9.99369E-05 9.99369E-05
0.134721 9.99188E-05 9.99188E-05 0.291804 9.99188E-05 0.572575 9.99188E-05 9.99188E-05 9.99188E-05 9.99188E-05 9.99188E-05 9.99188E-05
9.9964E-05 0.0684336 9.9964E-05 0.0983876 9.9964E-05 0.535823 0.0522214 9.9964E-05 0.0172626 0.196415 0.0164354 0.0146216
9.99369E-05 9.99369E-05 0.183737 9.99369E-05 0.0108619 9.99369E-05 9.99369E-05 0.204825 0.569635 9.99369E-05 9.99369E-05 0.0302422
9.99189E-05 9.99189E-05 9.99189E-05 9.99189E-05 9.99189E-05 0.550721 9.99189E-05 0.293598 9.99189E-05 9.99189E-05 9.99189E-05 0.154781
9.99279E-05 0.159709 9.99279E-05 0.195441 9.99279E-05 0.410426 9.99279E-05 9.99279E-05 9.99279E-05 0.233624 9.99279E-05 9.99279E-05
0.0817018 9.99459E-05 9.99459E-05 9.99459E-05 0.0177517 0.816992 0.0342626 0.00839002 9.99459E-05 9.99459E-05 9.99459E-05 0.0403025
9.991E-05 0.645293 9.991E-05 9.991E-05 9.991E-05 0.353708 9.991E-05 9.991E-05 9.991E-05 9.991E-05 9.991E-05 9.991E-05
9.9946E-05 9.9946E-05 0.0264713 9.9946E-05 0.0354935 0.616437 9.9946E-05 0.184421 0.102894 9.9946E-05 9.9946E-05 0.0336841
9.99189E-05 0.287056 9.99189E-05 9.99189E-05 0.000992276 0.711053 9.99189E-05 9.99189E-05 9.99189E-05 9.99189E-05 9.99189E-05 9.99189E-05
9.9928E-05 9.9928E-05 0.171777 0.0415894 0.288061 0.497773 9.9928E-05 9.9928E-05 9.9928E-05 9.9928E-05 9.9928E-05 9.9928E-05
9.99369E-05 9.99369E-05 9.99369E-05 0.0966708 9.99369E-05 0.310484 0.0187975 9.99369E-05 0.155054 9.99369E-05 9.99369E-05 0.418295
9.9937E-05 9.9937E-05 9.9937E-05 9.9937E-05 9.9937E-05 0.45725 0.0141604 0.0931205 0.0623794 9.9937E-05 9.9937E-05 0.37239
9.9946E-05 9.9946E-05 0.315587 0.0129679 0.172786 0.225692 9.9946E-05 0.069017 0.20335 9.9946E-05 9.9946E-05 9.9946E-05
9.99189E-05 9.99189E-05 0.418363 0.326253 9.99189E-05 9.99189E-05 9.99189E-05 9.99189E-05 0.254484 9.99189E-05 9.99189E-05 9.99189E-05
0.0430848 0.0753431 9.99459E-05 0.0079715 9.99459E-05 0.762349 9.99459E-05 9.99459E-05 9.99459E-05 0.0453823 0.0652694 9.99459E-05
9.99369E-05 0.106494 0.0101726 9.99369E-05 0.254954 0.397392 9.99369E-05 9.99369E-05 0.230288 9.99369E-05 9.99369E-05 9.99369E-05
9.99278E-05 0.253585 9.99278E-05 9.99278E-05 9.99278E-05 0.659615 9.99278E-05 9.99278E-05 0.0317547 9.99278E-05 0.0542467 9.99278E-05
9.99188E-05 9.99188E-05 9.99188E-05 9.99188E-05 0.285823 0.639846 9.99188E-05 0.0734323 9.99188E-05 9.99188E-05 9.99188E-05 9.99188E-05
0.0151163 9.99549E-05 9.99549E-05 0.0341476 0.028817 0.616275 9.99549E-05 0.0869492 0.104311 9.99549E-05 9.99549E-05 0.113884
9.99279E-05 9.99279E-05 9.99279E-05 9.99279E-05 9.99279E-05 0.60935 9.99279E-05 0.210882 0.0640522 9.99279E-05 9.99279E-05 0.114917
9.99369E-05 0.1576 9.99369E-05 9.99369E-05 9.99369E-05 0.324441 9.99369E-05 9.99369E-05 0.304597 0.0176735 0.194989 9.99369E-05
9.99279E-05 9.99279E-05 0.442999 0.0366438 9.99279E-05 0.503357 9.99279E-05 0.016201 9.99279E-05 9.99279E-05 9.99279E-05 9.99279E-05
9.99189E-05 9.99189E-05 9.99189E-05 9.99189E-05 9.99189E-05 0.373344 9.99189E-05 9.99189E-05 0.0995236 0.526233 9.99189E-05 9.99189E-05
0.0469418 9.99459E-05 9.99459E-05 0.107041 9.99459E-05 0.194355 0.037456 9.99459E-05 0.298753 9.99459E-05 9.99459E-05 0.314853
9.99369E-05 9.99369E-05 0.048659 9.99369E-05 0.203372 0.512652 9.99369E-05 0.219483 0.015135 9.99369E-05 9.99369E-05 9.99369E-05
9.99369E-05 9.99369E-05 9.99369E-05 9.99369E-05 0.337388 0.399628 9.99369E-05 0.0845233 0.091887 9.99369E-05 9.99369E-05 0.0858747
0.0446686 9.99639E-05 9.99639E-05 0.0548559 9.99639E-05 0.0856231 0.00838562 9.99639E-05 0.671675 0.00374986 0.0353637 0.0952783
0.116261 0.00430724 9.99549E-05 0.263954 9.99549E-05 0.16518 0.0637353 9.99549E-05 0.345527 9.99549E-05 0.0405353 9.99549E-05
9.99369E-05 0.437098 9.99369E-05 0.142079 9.99369E-05 0.0706567 9.99369E-05 9.99369E-05 0.336482 9.99369E-05 0.0129843 9.99369E-05
9.99369E-05 0.0900053 9.99369E-05 0.000591133 9.99369E-05 0.467101 9.99369E-05 9.99369E-05 0.00846335 0.43314 9.99369E-05 9.99369E-05
9.99369E-05 9.99369E-05 0.173552 0.640577 0.00504152 9.99369E-05 9.99369E-05 0.166365 0.0137648 9.99369E-05 9.99369E-05 9.99369E-05
9.99278E-05 0.126007 9.99278E-05 9.99278E-05 9.99278E-05 0.641149 9.99278E-05 9.99278E-05 9.99278E-05 0.207798 0.0242454 9.99278E-05
9.99368E-05 9.99368E-05 9.99368E-05 9.99368E-05 0.171389 0.345858 9.99368E-05 0.0431912 0.371773 9.99368E-05 9.99368E-05 0.0670883
9.99549E-05 9.99549E-05 0.0936506 0.133686 9.99549E-05 0.041551 0.0125077 0.00701935 0.427306 9.99549E-05 9.99549E-05 0.28378
9.99188E-05 0.0970716 9.99188E-05 0.743631 9.99188E-05 9.99188E-05 9.99188E-05 9.99188E-05 9.99188E-05 0.158398 9.99188E-05 9.99188E-05
9.9928E-05 0.322935 9.9928E-05 0.220988 9.9928E-05 0.170872 9.9928E-05 9.9928E-05 9.9928E-05 0.284405 9.9928E-05 9.9928E-05
0.0340766 0.0120316 9.99459E-05 0.743903 9.99459E-05 0.0547162 9.99459E-05 9.99459E-05 9.99459E-05 0.152448 0.00222447 9.99459E-05
0.0129549 0.0470626 9.99639E-05 0.321673 0.0321966 0.154143 0.0241473 9.99639E-05 0.298704 9.99639E-05 0.108718 9.99639E-05
9.9937E-05 0.54248 9.9937E-05 0.151449 9.9937E-05 0.252098 9.9937E-05 9.9937E-05 0.0269394 9.9937E-05 0.0263344 9.9937E-05
9.99369E-05 9.99369E-05 0.307304 0.201263 9.99369E-05 0.417507 9.99369E-05 9.99369E-05 0.0184308 9.99369E-05 9.99369E-05 0.0547955
9.99279E-05 9.99279E-05 0.181922 9.99279E-05 0.0905911 0.716547 9.99279E-05 9.99279E-05 9.99279E-05 0.0101405 9.99279E-05 9.99279E-05
9.9946E-05 0.0635488 0.25544 0.0974923 9.9946E-05 0.441319 9.9946E-05 9.9946E-05 0.032188 9.9946E-05 9.9946E-05 0.109412
9.99189E-05 0.153654 9.99189E-05 9.99189E-05 9.99189E-05 0.652272 9.99189E-05 9.99189E-05 9.99189E-05 0.193174 9.99189E-05 9.99189E-05
9.99278E-05 9.99278E-05 9.99278E-05 0.0205327 0.42614 0.523576 9.99278E-05 9.99278E-05 0.0289518 9.99278E-05 9.99278E-05 9.99278E-05
9.99369E-05 9.99369E-05 0.169856 9.99369E-05 9.99369E-05 0.449843 9.99369E-05 0.145009 0.181793 9.99369E-05 9.99369E-05 0.0527995
0.0779085 9.99368E-05 9.99368E-05 0.206332 9.99368E-05 9.99368E-05 0.0142913 9.99368E-05 0.531202 0.169566 9.99368E-05 9.99368E-05
9.99201E-05 0.045459 9.99201E-05 9.99201E-05 9.99201E-05 0.287759 9.99201E-05 9.99201E-05 0.295182 0.3708 9.99201E-05 9.99201E-05
0.00602237 9.99278E-05 9.99278E-05 0.147205 9.99278E-05 9.99278E-05 9.99278E-05 0.128855 0.717118 9.99278E-05 9.99278E-05 9.99278E-05
9.99188E-05 9.99188E-05 9.99188E-05 9.99188E-05 9.99188E-05 0.276169 9.99188E-05 9.99188E-05 0.40156 0.321373 9.99188E-05 9.99188E-05
9.99188E-05 9.99188E-05 9.99188E-05 9.99188E-05 9.99188E-05 0.136754 9.99188E-05 9.99188E-05 0.542211 0.320136 9.99188E-05 9.99188E-05
9.99188E-05 9.99188E-05 9.99188E-05 9.99188E-05 0.0884129 9.99188E-05 9.99188E-05 0.207033 0.703655 9.99188E-05 9.99188E-05 9.99188E-05
0.123598 9.99279E-05 9.99279E-05 9.99279E-05 9.99279E-05 0.426541 9.99279E-05 9.99279E-05 0.33575 0.113312 9.99279E-05 9.99279E-05
0.120804 9.99369E-05 9.99369E-05 9.99369E-05 9.99369E-05 0.137628 0.00833223 9.99369E-05 0.667969 0.0645677 9.99369E-05 9.99369E-05
9.99099E-05 0.389313 9.99099E-05 9.99099E-05 9.99099E-05 9.99099E-05 9.99099E-05 9.99099E-05 9.99099E-05 9.99099E-05 0.609688 9.99099E-05
9.9946E-05 0.217746 0.0140168 0.0373458 9.9946E-05 0.0918714 9.9946E-05 0.0102838 9.9946E-05 9.9946E-05 0.628136 9.9946E-05
9.9928E-05 0.0235873 0.202153 9.9928E-05 9.9928E-05 0.0101125 9.9928E-05 9.9928E-05 9.9928E-05 9.9928E-05 0.763347 9.9928E-05
9.9919E-05 9.9919E-05 9.9919E-05 9.9919E-05 9.9919E-05 9.9919E-05 9.9919E-05 0.360714 0.0908913 9.9919E-05 0.547495 9.9919E-05
9.99459E-05 0.357316 9.99459E-05 9.99459E-05 9.99459E-05 9.99459E-05 0.00968494 9.99459E-05 0.00976281 0.00496126 0.609813 0.00786263
0.505357 9.99459E-05 0.0429424 9.99459E-05 9.99459E-05 9.99459E-05 9.99459E-05 0.135857 0.111051 9.99459E-05 0.171424 0.0327689
9.99098E-05 9.99098E-05 9.99098E-05 9.99098E-05 9.99098E-05 9.99098E-05 9.99098E-05 9.99098E-05 9.99098E-05 0.541163 0.457838 9.99098E-05
9.99099E-05 0.277758 9.99099E-05 9.99099E-05 9.99099E-05 9.99099E-05 9.99099E-05 9.99099E-05 9.99099E-05 9.99099E-05 0.721243 9.99099E-05
0.0792289 0.0318933 9.99549E-05 0.0503401 9.99549E-05 9.99549E-05 0.0580762 9.99549E-05 0.0323449 9.99549E-05 0.73886 0.00875705
9.99369E-05 9.99369E-05 9.99369E-05 9.99369E-05 0.457399 9.99369E-05 9.99369E-05 0.0794782 0.00646508 9.99369E-05 0.414595 0.0413634
9.9919E-05 0.629568 9.9919E-05 9.9919E-05 9.9919E-05 9.9919E-05 0.094208 9.9919E-05 9.9919E-05 9.9919E-05 0.275325 9.9919E-05
9.99369E-05 9.99369E-05 9.99369E-05 9.99369E-05 0.195359 9.99369E-05 0.00588162 9.99369E-05 9.99369E-05 0.0525559 0.393374 0.35213
0.0462555 0.163707 9.99279E-05 9.99279E-05 9.99279E-05 9.99279E-05 9.99279E-05 9.99279E-05 9.99279E-05 0.0417409 0.747497 9.99279E-05
0.234791 9.99369E-05 9.99369E-05 9.99369E-05 9.99369E-05 0.011787 9.99369E-05 9.99369E-05 0.0521296 9.99369E-05 0.552032 0.14856
0.0958326 0.0582798 9.99459E-05 0.0454299 0.172342 9.99459E-05 0.0556031 9.99459E-05 9.99459E-05 9.99459E-05 0.571913 9.99459E-05
0.317667 0.0437511 9.99459E-05 0.0500764 9.99459E-05 9.99459E-05 9.99459E-05 9.99459E-05 9.99459E-05 0.264137 0.300373 0.0233954
9.99368E-05 9.99368E-05 0.0790173 9.99368E-05 9.99368E-05 9.99368E-05 9.99368E-05 0.286877 0.0494643 9.99368E-05 0.441384 0.142557
9.99369E-05 9.99369E-05 0.58616 9.99369E-05 0.012292 9.99369E-05 9.99369E-05 9.99369E-05 0.00937813 0.00913947 0.382331 9.99369E-05
0.0231066 0.0551867 9.9946E-05 0.0959766 9.9946E-05 0.121459 0.0771975 9.9946E-05 9.9946E-05 9.9946E-05 0.626474 9.9946E-05
0.0203467 0.0446117 0.00113531 9.99369E-05 9.99369E-05 9.99369E-05 9.99369E-05 9.99369E-05 9.99369E-05 0.224042 0.709165 9.99369E-05
9.99279E-05 9.99279E-05 9.99279E-05 0.0289736 0.288056 9.99279E-05 0.0433701 9.99279E-05 9.99279E-05 9.99279E-05 0.6388 9.99279E-05
9.99189E-05 9.99189E-05 0.303163 9.99189E-05 0.130007 9.99189E-05 9.99189E-05 9.99189E-05 9.99189E-05 9.99189E-05 0.565931 9.99189E-05
0.300826 9.99279E-05 9.99279E-05 9.99279E-05 0.383997 9.99279E-05 0.0205127 0.293866 9.99279E-05 9.99279E-05 9.99279E-05 9.99279E-05
9.99188E-05 9.99188E-05 9.99188E-05 9.99188E-05 9.99188E-05 9.99188E-05 0.683561 9.99188E-05 0.00397061 0.311569 9.99188E-05 9.99188E-05
0.263752 0.0329058 0.563902 9.99459E-05 9.99459E-05 0.00166729 9.99459E-05 0.104399 0.0327746 9.99459E-05 9.99459E-05 9.99459E-05
0.757405 0.17961 9.99279E-05 0.0493626 9.99279E-05 9.99279E-05 0.0128233 9.99279E-05 9.99279E-05 9.99279E-05 9.99279E-05 9.99279E-05
9.99188E-05 0.508179 9.99188E-05 9.99188E-05 9.99188E-05 9.99188E-05 0.475641 9.99188E-05 9.99188E-05 0.0152808 9.99188E-05 9.99188E-05
0.239977 9.99459E-05 0.194763 9.99459E-05 0.00289094 9.99459E-05 0.00363206 0.101113 9.99459E-05 9.99459E-05 9.99459E-05 0.457024
9.99279E-05 0.00128225 9.99279E-05 9.99279E-05 0.12499 9.99279E-05 0.686404 9.99279E-05 9.99279E-05 9.99279E-05 9.99279E-05 0.186524
0.632817 9.9973E-05 0.0385965 9.9973E-05 0.0225778 0.0929355 0.0136628 0.0469574 0.0592723 0.0535488 0.039332 9.9973E-05
9.99098E-05 9.99098E-05 0.283013 9.99098E-05 9.99098E-05 9.99098E-05 0.715988 9.99098E-05 9.99098E-05 9.99098E-05 9.99098E-05 9.99098E-05
0.0641948 0.186589 0.026235 9.99369E-05 9.99369E-05 9.99369E-05 0.229295 9.99369E-05 9.99369E-05 0.492987 9.99369E-05 9.99369E-05
0.106065 9.99458E-05 0.0218053 9.99458E-05 0.251472 9.99458E-05 0.173182 0.215358 9.99458E-05 9.99458E-05 9.99458E-05 0.231519
9.99189E-05 9.99189E-05 0.433413 9.99189E-05 9.99189E-05 9.99189E-05 0.549194 9.99189E-05 0.0164945 9.99189E-05 9.99189E-05 9.99189E-05
9.99189E-05 0.449973 9.99189E-05 9.99189E-05 9.99189E-05 9.99189E-05 0.382381 9.99189E-05 9.99189E-05 0.166747 9.99189E-05 9.99189E-05
0.140965 9.99369E-05 0.07469 9.99369E-05 0.0241785 9.99369E-05 9.99369E-05 0.487472 9.99369E-05 9.99369E-05 9.99369E-05 0.271995
9.99278E-05 9.99278E-05 0.252805 9.99278E-05 9.99278E-05 9.99278E-05 0.55472 0.157363 9.99278E-05 9.99278E-05 9.99278E-05 0.0343124
0.287853 9.99368E-05 0.352058 9.99368E-05 9.99368E-05 9.99368E-05 9.99368E-05 0.00282402 9.99368E-05 0.0215599 9.99368E-05 0.335005
9.99189E-05 0.519419 9.99189E-05 9.99189E-05 9.99189E-05 9.99189E-05 0.466459 9.99189E-05 9.99189E-05 0.0132227 9.99189E-05 9.99189E-05
0.03642 9.99368E-05 0.378038 9.99368E-05 9.99368E-05 9.99368E-05 0.324783 0.115103 9.99368E-05 9.99368E-05 9.99368E-05 0.144957
0.240247 9.99369E-05 9.99369E-05 9.99369E-05 0.181119 9.99369E-05 9.99369E-05 0.322652 9.99369E-05 9.99369E-05 0.0117255 0.243557
0.641567 9.99369E-05 9.99369E-05 9.99369E-05 9.99369E-05 9.99369E-05 0.115568 9.99369E-05 0.111167 0.0942347 9.99369E-05 0.0367637
0.195951 0.0929225 0.368872 0.0250058 0.160025 9.9973E-05 9.9973E-05 0.046504 0.0168178 0.0560515 0.0375507 9.9973E-05
0.35326 9.99549E-05 0.401237 0.0427547 0.120463 9.99549E-05 0.0733123 0.00652684 0.00194625 9.99549E-05 9.99549E-05 9.99549E-05
0.0551138 0.396504 9.99278E-05 9.99278E-05 9.99278E-05 9.99278E-05 0.457345 9.99278E-05 9.99278E-05 0.0902382 9.99278E-05 9.99278E-05
0.20954 9.9955E-05 9.9955E-05 0.0591003 9.9955E-05 0.0426001 0.16904 0.056321 9.9955E-05 0.0807208 9.9955E-05 0.382178
0.270773 9.99188E-05 9.99188E-05 9.99188E-05 9.99188E-05 9.99188E-05 0.624866 9.99188E-05 0.103462 9.99188E-05 9.99188E-05 9.99188E-05
0.305174 0.290503 9.99549E-05 0.0575981 9.99549E-05 0.0298631 0.106339 9.99549E-05 0.0135345 9.99549E-05 0.196488 9.99549E-05
0.0676471 9.996E-05 0.209591 0.00986584 9.996E-05 0.0492615 0.205256 0.058584 9.996E-05 9.996E-05 0.134104 0.265291
0.0229074 9.99369E-05 9.99369E-05 9.99369E-05 0.489453 0.0507904 0.234434 9.99369E-05 9.99369E-05 9.99369E-05 0.201716 9.99369E-05
9.9955E-05 0.745552 0.0317771 0.0207208 0.0611975 9.9955E-05 9.9955E-05 0.0255105 0.00846804 0.106274 9.9955E-05 9.9955E-05
0.270643 0.0783089 9.99729E-05 0.0417199 9.99729E-05 0.0028812 0.294774 9.99729E-05 0.0380182 0.106053 0.162221 0.00507993
0.304133 0.201508 9.99639E-05 0.0378537 9.99639E-05 0.0280215 0.0725054 9.99639E-05 9.99639E-05 0.200094 0.117892 0.0375919
0.0787783 0.130162 9.99369E-05 9.99369E-05 0.358096 9.99369E-05 0.134298 9.99369E-05 9.99369E-05 9.99369E-05 9.99369E-05 0.297966
0.371676 0.507192 9.99188E-05 9.99188E-05 9.99188E-05 9.99188E-05 9.99188E-05 9.99188E-05 9.99188E-05 0.120233 9.99188E-05 9.99188E-05
0.240605 9.99278E-05 0.351185 9.99278E-05 9.99278E-05 9.99278E-05 9.99278E-05 0.0557506 9.99278E-05 9.99278E-05 9.99278E-05 0.35166
0.440577 0.482776 9.99278E-05 0.00255107 9.99278E-05 9.99278E-05 0.0732971 9.99278E-05 9.99278E-05 9.99278E-05 9.99278E-05 9.99278E-05
0.0108649 0.146199 0.366496 9.9946E-05 0.0866082 9.9946E-05 0.35498 9.9946E-05 9.9946E-05 9.9946E-05 0.0342517 9.9946E-05
0.0187503 9.99639E-05 0.46489 9.99639E-05 0.132155 9.99639E-05 0.151478 0.0581971 9.99639E-05 0.0374457 0.0916239 0.0450606
0.316022 9.9946E-05 9.9946E-05 0.0272782 0.210347 0.110396 0.201609 9.9946E-05 9.9946E-05 9.9946E-05 0.133748 9.9946E-05
0.576377 9.99549E-05 9.99549E-05 9.99549E-05 0.0912482 0.0720702 0.0231228 0.0703461 9.99549E-05 0.0338507 0.132485 9.99549E-05
0.332846 0.0433314 9.99549E-05 0.0620748 0.168259 0.0293122 0.190019 9.99549E-05 9.99549E-05 9.99549E-05 0.173657 9.99549E-05
0.272386 0.0833386 0.413603 9.99459E-05 0.0941123 9.99459E-05 9.99459E-05 9.99459E-05 9.99459E-05 9.99459E-05 0.135468 0.000492509
0.119786 0.710383 9.99459E-05 9.99459E-05 0.0403151 9.99459E-05 9.99459E-05 0.0201788 9.99459E-05 0.0721485 0.0365893 9.99459E-05
9.99369E-05 0.67454 9.99369E-05 9.99369E-05 0.00744574 9.99369E-05 0.288041 9.99369E-05 9.99369E-05 0.0159663 0.0133074 9.99369E-05
0.231634 9.99279E-05 9.99279E-05 9.99279E-05 9.99279E-05 0.0433524 0.236994 9.99279E-05 9.99279E-05 0.487221 9.99279E-05 9.99279E-05
0.103258 0.615036 9.99369E-05 0.0162447 9.99369E-05 0.0534722 0.21129 9.99369E-05 9.99369E-05 9.99369E-05 9.99369E-05 9.99369E-05
9.9937E-05 0.823045 9.9937E-05 9.9937E-05 0.0201959 9.9937E-05 9.9937E-05 0.0636573 9.9937E-05 9.9937E-05 0.00792486 0.0844778
9.99459E-05 9.99459E-05 9.99459E-05 0.00560243 9.99459E-05 0.0804403 0.35455 9.99459E-05 0.0106051 0.495828 0.0523751 9.99459E-05
0.55887 0.157504 9.99459E-05 9.99459E-05 9.99459E-05 9.99459E-05 0.0574105 9.99459E-05 0.0140423 0.178387 9.99459E-05 0.033187
9.9946E-05 0.0539412 9.9946E-05 0.0293304 0.0407518 9.9946E-05 0.020761 0.809689 0.0449266 9.9946E-05 9.9946E-05 9.9946E-05
0.0957693 9.99459E-05 0.110112 0.0348047 9.99459E-05 9.99459E-05 9.99459E-05 0.560164 9.99459E-05 0.0320588 9.99459E-05 0.166491
0.353653 9.99369E-05 9.99369E-05 9.99369E-05 9.99369E-05 9.99369E-05 9.99369E-05 0.122527 0.108166 0.368199 9.99369E-05 0.0467559
0.0657612 9.99368E-05 0.0103435 9.99368E-05 9.99368E-05 9.99368E-05 9.99368E-05 0.400426 9.99368E-05 0.0474807 9.99368E-05 0.475289
9.99459E-05 0.0410248 0.0130408 9.99459E-05 9.99459E-05 9.99459E-05 9.99459E-05 0.755971 9.99459E-05 0.00820023 0.0305454 0.150618
0.0577651 9.99369E-05 0.487471 0.0668686 9.99369E-05 9.99369E-05 9.99369E-05 0.29473 9.99369E-05 0.092466 9.99369E-05 9.99369E-05
0.0768814 9.99459E-05 0.248491 9.99459E-05 9.99459E-05 9.99459E-05 9.99459E-05 0.498983 0.00106248 0.041595 9.99459E-05 0.132388
0.149908 9.9946E-05 9.9946E-05 0.0259985 9.9946E-05 9.9946E-05 9.9946E-05 0.122023 0.0350681 0.636187 9.9946E-05 0.0302154
9.9928E-05 0.36812 9.9928E-05 9.9928E-05 9.9928E-05 9.9928E-05 0.170688 9.9928E-05 9.9928E-05 0.455104 9.9928E-05 0.00528866
0.305277 9.99279E-05 9.99279E-05 9.99279E-05 9.99279E-05 9.99279E-05 9.99279E-05 0.458935 0.133112 9.99279E-05 0.101876 9.99279E-05
9.9928E-05 9.9928E-05 9.9928E-05 9.9928E-05 9.9928E-05 9.9928E-05 9.9928E-05 0.0562959 0.0157207 0.852255 0.0749286 9.9928E-05
0.27269 9.9928E-05 9.9928E-05 9.9928E-05 9.9928E-05 9.9928E-05 9.9928E-05 9.9928E-05 0.267999 0.40796 9.9928E-05 0.0505514
0.378603 9.99459E-05 9.99459E-05 9.99459E-05 9.99459E-05 9.99459E-05 9.99459E-05 0.251667 0.112006 0.180332 0.0137741 0.0630187
0.228067 0.0303002 9.99459E-05 9.99459E-05 9.99459E-05 9.99459E-05 0.110167 9.99459E-05 9.99459E-05 0.621265 0.00368295 0.00591848
0.175288 0.0174027 9.99459E-05 9.99459E-05 9.99459E-05 0.0137792 9.99459E-05 0.242497 9.99459E-05 0.470076 0.0803577 9.99459E-05
0.141513 9.99459E-05 9.99459E-05 0.0983874 9.99459E-05 0.0703873 0.275293 0.297589 9.99459E-05 9.99459E-05 9.99459E-05 0.116231
0.263104 9.99549E-05 9.99549E-05 0.0121288 9.99549E-05 0.0254927 9.99549E-05 0.0900975 0.0567987 0.428355 9.99549E-05 0.123524
0.131226 9.99369E-05 9.99369E-05 9.99369E-05 9.99369E-05 9.99369E-05 9.99369E-05 0.313819 0.0176267 0.356803 0.179826 9.99369E-05
0.0754036 9.99279E-05 9.99279E-05 9.99279E-05 0.00421656 9.99279E-05 9.99279E-05 0.335711 9.99279E-05 9.99279E-05 9.99279E-05 0.58387
0.380563 0.00114775 9.9955E-05 9.9955E-05 9.9955E-05 0.0077282 9.9955E-05 0.426825 0.0701192 9.9955E-05 0.0417091 0.0714079
0.0209863 0.061055 9.9955E-05 9.9955E-05 0.0815392 0.00569492 9.9955E-05 0.0268517 9.9955E-05 0.802523 9.9955E-05 0.000850236
0.480654 9.99549E-05 0.0177576 9.99549E-05 9.99549E-05 0.0105351 9.99549E-05 9.99549E-05 0.02219 0.418761 0.0482989 0.00130425
0.0297238 0.228908 9.99279E-05 9.99279E-05 9.99279E-05 9.99279E-05 0.135569 9.99279E-05 9.99279E-05 0.605 9.99279E-05 9.99279E-05
0.311578 9.99279E-05 9.99279E-05 9.99279E-05 0.0144636 9.99279E-05 9.99279E-05 0.567077 9.99279E-05 9.99279E-05 9.99279E-05 0.106081
0.547054 9.9937E-05 9.9937E-05 9.9937E-05 9.9937E-05 9.9937E-05 0.0264279 0.233293 0.138225 9.9937E-05 9.9937E-05 0.0543012
0.104781 0.0909971 9.99459E-05 9.99459E-05 9.99459E-05 0.00601425 0.109719 9.99459E-05 9.99459E-05 0.685434 0.00245488 9.99459E-05
9.9955E-05 9.9955E-05 0.0683646 9.9955E-05 0.0781917 0.0137933 0.276725 0.469541 9.9955E-05 9.9955E-05 0.0152128 0.0776712
9.99279E-05 9.99279E-05 9.99279E-05 9.99279E-05 0.0480989 9.99279E-05 0.403268 0.0258581 9.99279E-05 9.99279E-05 9.99279E-05 0.521976
0.267436 0.341301 9.99639E-05 0.0612963 9.99639E-05 0.0104478 0.0268317 9.99639E-05 0.100897 0.160993 0.030398 9.99639E-05
0.00740076 0.165004 9.99459E-05 0.0509154 9.99459E-05 9.99459E-05 0.62435 9.99459E-05 9.99459E-05 0.0166859 0.135045 9.99459E-05
9.995E-05 9.995E-05 9.995E-05 0.0371165 0.0644763 9.995E-05 0.167325 0.250523 0.0565796 0.0293049 9.995E-05 0.394175
9.99369E-05 9.99369E-05 0.151396 9.99369E-05 9.99369E-05 9.99369E-05 0.387632 0.375065 0.0239019 9.99369E-05 9.99369E-05 0.0613053
9.99369E-05 9.99369E-05 0.114217 9.99369E-05 9.99369E-05 9.99369E-05 0.259886 0.314528 0.0788911 9.99369E-05 9.99369E-05 0.231778
9.9919E-05 0.718059 9.9919E-05 0.00150223 9.9919E-05 9.9919E-05 0.27954 9.9919E-05 9.9919E-05 9.9919E-05 9.9919E-05 9.9919E-05
0.227303 9.99279E-05 9.99279E-05 9.99279E-05 9.99279E-05 9.99279E-05 0.397733 9.99279E-05 0.0732319 0.300933 9.99279E-05 9.99279E-05
0.0955647 9.99639E-05 9.99639E-05 9.99639E-05 0.0439543 0.0224584 0.194186 0.0627173 0.0197283 9.99639E-05 0.378244 0.182747
9.99279E-05 9.99279E-05 9.99279E-05 9.99279E-05 9.99279E-05 9.99279E-05 0.323722 0.273437 9.99279E-05 9.99279E-05 0.0169119 0.385129
0.0810423 0.516087 9.99549E-05 9.99549E-05 0.0160943 0.0140398 0.227057 9.99549E-05 9.99549E-05 0.0505304 0.0946494 9.99549E-05
0.526549 9.9946E-05 9.9946E-05 0.0674577 9.9946E-05 9.9946E-05 0.181973 0.0822001 0.0205262 0.120694 9.9946E-05 9.9946E-05
0.265221 9.99549E-05 9.99549E-05 0.00440403 9.99549E-05 9.99549E-05 0.283774 0.0433033 0.0735307 0.305134 9.99549E-05 0.0241336
0.163901 9.99278E-05 9.99278E-05 9.99278E-05 0.29018 9.99278E-05 0.336905 9.99278E-05 9.99278E-05 9.99278E-05 0.208215 9.99278E-05
0.451314 9.99279E-05 9.99279E-05 9.99279E-05 9.99279E-05 0.0190883 9.99279E-05 9.99279E-05 9.99279E-05 0.340893 0.187905 9.99279E-05
0.28398 9.99549E-05 9.99549E-05 9.99549E-05 0.0197189 0.0516872 9.99549E-05 0.31883 9.99549E-05 0.0429933 0.0618912 0.2204
0.493167 9.99459E-05 9.99459E-05 9.99459E-05 0.0258508 9.99459E-05 0.208917 0.0442034 0.0437664 9.99459E-05 9.99459E-05 0.183496
9.9937E-05 9.9937E-05 0.179423 0.0179543 9.9937E-05 9.9937E-05 0.269184 0.179509 9.9937E-05 9.9937E-05 9.9937E-05 0.353229
9.99368E-05 9.99368E-05 9.99368E-05 0.021662 9.99368E-05 0.130396 0.420598 9.99368E-05 9.99368E-05 0.420491 0.00615313 9.99368E-05
0.00150606 9.99369E-05 9.99369E-05 9.99369E-05 9.99369E-05 0.030791 0.273029 0.494758 9.99369E-05 9.99369E-05 9.99369E-05 0.199216
0.0835955 9.99459E-05 0.389108 9.99459E-05 9.99459E-05 9.99459E-05 0.195824 0.285916 9.99459E-05 0.00883279 9.99459E-05 0.0361247
0.00484279 0.106626 9.99279E-05 9.99279E-05 9.99279E-05 9.99279E-05 0.242338 9.99279E-05 9.99279E-05 0.645394 9.99279E-05 9.99279E-05
0.391239 9.99369E-05 9.99369E-05 9.99369E-05 9.99369E-05 9.99369E-05 9.99369E-05 0.0438321 0.0805584 0.253644 9.99369E-05 0.230027
0.260727 9.99459E-05 9.99459E-05 9.99459E-05 9.99459E-05 0.0349314 0.169749 0.00984679 0.0432796 0.480866 9.99459E-05 9.99459E-05
9.9955E-05 0.0109641 9.9955E-05 0.0272326 0.0444037 9.9955E-05 0.0554719 0.756765 0.0377526 9.9955E-05 9.9955E-05 0.0669098
0.027271 0.0605337 0.299767 0.0600828 0.0136618 0.134503 0.0121389 0.257599 0.0915336 0.0183676 0.024441 9.9991E-05
0.164355 9.99459E-05 9.99459E-05 9.99459E-05 9.99459E-05 0.0813786 0.0580343 0.596351 0.0156019 9.99459E-05 9.99459E-05 0.0836796
9.99189E-05 0.0380476 9.99189E-05 9.99189E-05 9.99189E-05 9.99189E-05 0.223099 9.99189E-05 9.99189E-05 0.737954 9.99189E-05 9.99189E-05
0.260255 9.99549E-05 0.00727722 9.99549E-05 9.99549E-05 0.0439481 0.0105357 0.637701 0.0377235 0.00205917 9.99549E-05 9.99549E-05
9.99549E-05 9.99549E-05 9.99549E-05 0.0287835 9.99549E-05 0.0138178 0.0859715 0.743474 9.99549E-05 0.0295617 0.096083 0.00180899
9.9955E-05 0.0211393 9.9955E-05 9.9955E-05 0.024698 9.9955E-05 0.0320464 0.622985 9.9955E-05 0.00784817 0.0708747 0.219909
9.99189E-05 9.99189E-05 9.99189E-05 9.99189E-05 0.0680107 9.99189E-05 9.99189E-05 9.99189E-05 9.99189E-05 0.841689 0.0894013 9.99189E-05
0.312735 9.99639E-05 9.99639E-05 0.0108866 9.99639E-05 9.99639E-05 0.0840562 0.205228 0.0308149 0.261882 0.0303192 0.0636774
9.9964E-05 0.021141 0.0621937 0.0241135 0.0470673 9.9964E-05 9.9964E-05 0.324432 0.0195293 0.090772 9.9964E-05 0.410351
0.0310581 0.0608757 9.9973E-05 9.9973E-05 0.0324444 0.0323978 0.211608 0.14903 0.0135898 0.417652 0.0510441 9.9973E-05
9.9928E-05 0.0290364 9.9928E-05 0.0115592 0.137401 9.9928E-05 9.9928E-05 0.821204 9.9928E-05 9.9928E-05 9.9928E-05 9.9928E-05
0.292595 0.127001 0.384951 9.9946E-05 0.0976591 9.9946E-05 9.9946E-05 0.0112903 9.9946E-05 0.085903 9.9946E-05 9.9946E-05
9.99369E-05 9.99369E-05 9.99369E-05 9.99369E-05 9.99369E-05 9.99369E-05 0.141304 0.394666 0.0888968 0.27584 0.0985935 9.99369E-05
9.9919E-05 0.108995 9.9919E-05 9.9919E-05 9.9919E-05 9.9919E-05 0.0901581 9.9919E-05 9.9919E-05 0.799948 9.9919E-05 9.9919E-05
0.466008 9.99459E-05 9.99459E-05 9.99459E-05 9.99459E-05 9.99459E-05 0.116999 0.179197 0.158717 0.0585048 9.99459E-05 0.0199746
0.369578 0.13714 9.99639E-05 0.0444125 0.0955957 0.0193769 0.114636 9.99639E-05 9.99639E-05 0.063984 0.154876 9.99639E-05
0.226451 0.666568 9.9946E-05 0.00960651 0.0093657 9.9946E-05 0.0277558 9.9946E-05 9.9946E-05 9.9946E-05 0.0596537 9.9946E-05
0.705787 9.99459E-05 9.99459E-05 9.99459E-05 9.99459E-05 0.0766612 0.0550046 0.0388145 9.99459E-05 0.0928435 0.0302896 9.99459E-05
9.99278E-05 9.99278E-05 9.99278E-05 9.99278E-05 9.99278E-05 9.99278E-05 0.0721244 9.99278E-05 0.0273394 0.318466 0.581271 9.99278E-05
0.437257 0.0218669 9.99549E-05 9.99549E-05 9.99549E-05 9.99549E-05 0.173821 9.99549E-05 0.0326029 0.15159 0.0210393 0.161322
0.320989 9.99369E-05 0.255343 9.99369E-05 9.99369E-05 9.99369E-05 0.0710382 0.135886 9.99369E-05 9.99369E-05 9.99369E-05 0.216045
0.0542393 0.592426 9.99369E-05 0.019465 9.99369E-05 9.99369E-05 0.313584 9.99369E-05 9.99369E-05 9.99369E-05 0.019586 9.99369E-05
9.99279E-05 9.99279E-05 0.489624 9.99279E-05 0.127188 9.99279E-05 0.324188 0.0582008 9.99279E-05 9.99279E-05 9.99279E-05 9.99279E-05
0.0865418 9.99458E-05 0.0340214 9.99458E-05 9.99458E-05 9.99458E-05 9.99458E-05 0.314801 0.109804 9.99458E-05 0.37529 0.0789418
0.0842694 0.0603689 9.99459E-05 9.99459E-05 0.38049 9.99459E-05 9.99459E-05 9.99459E-05 9.99459E-05 0.00623767 0.000258341 0.467776
0.188552 0.611269 9.99369E-05 9.99369E-05 0.0052415 9.99369E-05 9.99369E-05 0.0435594 9.99369E-05 9.99369E-05 0.150678 9.99369E-05
0.0798174 0.523866 9.99369E-05 9.99369E-05 9.99369E-05 9.99369E-05 0.0305835 9.99369E-05 9.99369E-05 0.275514 0.0895196 9.99369E-05
9.9937E-05 9.9937E-05 0.324745 9.9937E-05 9.9937E-05 9.9937E-05 0.205785 0.0901583 9.9937E-05 0.0586781 9.9937E-05 0.319935
0.61092 9.9955E-05 9.9955E-05 0.0184246 9.9955E-05 0.0727702 9.9955E-05 9.9955E-05 0.0240958 0.16193 0.0018372 0.109522
0.547856 0.0287294 9.99549E-05 0.0476445 0.0695227 0.0474049 0.0399416 9.99549E-05 9.99549E-05 9.99549E-05 0.218401 9.99549E-05
9.99189E-05 0.542133 9.99189E-05 9.99189E-05 9.99189E-05 9.99189E-05 9.99189E-05 9.99189E-05 9.99189E-05 0.312792 0.144175 9.99189E-05
0.327706 0.105336 9.99369E-05 9.99369E-05 0.393383 9.99369E-05 0.0550852 9.99369E-05 9.99369E-05 9.99369E-05 0.11779 9.99369E-05
0.22922 0.0167704 0.274128 0.066772 0.0841013 9.99639E-05 0.190144 9.99639E-05 9.99639E-05 9.99639E-05 0.0485064 0.0899579
0.0981516 0.00539722 9.99549E-05 9.99549E-05 0.0414554 9.99549E-05 0.0207693 0.381716 0.000254969 9.99549E-05 9.99549E-05 0.451756
0.267681 9.99369E-05 9.99369E-05 9.99369E-05 0.261514 9.99369E-05 9.99369E-05 0.0541441 9.99369E-05 9.99369E-05 0.00205047 0.413912
0.237829 0.052662 0.288832 9.99369E-05 0.268471 9.99369E-05 9.99369E-05 9.99369E-05 9.99369E-05 9.99369E-05 0.151507 9.99369E-05
9.99369E-05 9.99369E-05 9.99369E-05 0.00730168 9.99369E-05 9.99369E-05 9.99369E-05 0.117444 0.0291795 0.792535 0.0528394 9.99369E-05
0.00230758 9.99549E-05 9.99549E-05 0.000685127 9.99549E-05 0.00357871 9.99549E-05 0.768962 9.99549E-05 0.0588953 0.0975873 0.0674841
0.0866499 9.9946E-05 0.00687182 9.9946E-05 9.9946E-05 9.9946E-05 9.9946E-05 0.0885023 0.00652372 0.667066 0.143786 9.9946E-05
0.283432 9.99459E-05 9.99459E-05 9.99459E-05 9.99459E-05 9.99459E-05 0.0302778 0.120602 0.0856731 0.240321 0.239095 9.99459E-05
0.176003 9.99369E-05 9.99369E-05 9.99369E-05 9.99369E-05 9.99369E-05 0.0423461 0.656182 0.111665 9.99369E-05 9.99369E-05 0.0131049
9.9937E-05 0.069318 9.9937E-05 0.000731002 0.0474754 9.9937E-05 9.9937E-05 0.00836275 9.9937E-05 0.873413 9.9937E-05 9.9937E-05
0.212303 0.427578 9.99459E-05 9.99459E-05 0.0511256 0.0221775 9.99459E-05 9.99459E-05 9.99459E-05 9.99459E-05 0.240249 0.0459665
0.404831 0.0465257 9.99549E-05 0.0123359 9.99549E-05 9.99549E-05 0.0934673 9.99549E-05 9.99549E-05 0.39926 0.0081144 0.0349665
0.0611909 0.0493502 9.99368E-05 9.99368E-05 0.506359 9.99368E-05 0.0408307 9.99368E-05 9.99368E-05 9.99368E-05 9.99368E-05 0.34157
0.243289 0.103597 9.99549E-05 0.0562166 0.0362034 9.99549E-05 0.203042 9.99549E-05 9.99549E-05 9.99549E-05 0.080128 0.277024
0.112567 0.013279 9.99549E-05 9.99549E-05 9.99549E-05 9.99549E-05 0.144982 9.99549E-05 0.136798 0.0589721 0.00514168 0.527759
9.99188E-05 0.550378 9.99188E-05 9.99188E-05 9.99188E-05 9.99188E-05 9.99188E-05 9.99188E-05 9.99188E-05 0.215023 9.99188E-05 0.233699
0.0201856 0.00360528 0.570644 9.99459E-05 9.99459E-05 9.99459E-05 9.99459E-05 9.99459E-05 0.0567643 0.0302506 9.99459E-05 0.31795
0.352274 0.136492 9.99639E-05 0.0281519 9.99639E-05 0.107226 9.99639E-05 9.99639E-05 0.124551 0.0692648 0.120034 0.0616064
9.99369E-05 9.99369E-05 0.0844046 9.99369E-05 9.99369E-05 0.0415043 0.0398311 9.99369E-05 9.99369E-05 9.99369E-05 0.164181 0.66938
0.011513 0.00110025 0.426978 9.99467E-05 9.99467E-05 9.99467E-05 9.99467E-05 9.99467E-05 0.118506 9.99467E-05 0.0321382 0.409165
0.0351569 0.01356 9.99279E-05 9.99279E-05 0.157899 9.99279E-05 9.99279E-05 9.99279E-05 9.99279E-05 9.99279E-05 9.99279E-05 0.792585
0.0138095 9.99459E-05 9.99459E-05 9.99459E-05 9.99459E-05 9.99459E-05 0.0482745 0.0354794 0.0597527 9.99459E-05 0.0195457 0.822539
9.99189E-05 0.0921349 9.99189E-05 9.99189E-05 9.99189E-05 0.0676134 9.99189E-05 9.99189E-05 9.99189E-05 9.99189E-05 9.99189E-05 0.839352
0.416913 0.0320606 9.99639E-05 0.0436807 9.99639E-05 0.0142991 9.99639E-05 9.99639E-05 0.114253 0.103218 0.109918 0.165258
0.233063 9.99459E-05 9.99459E-05 0.0225184 9.99459E-05 0.0639222 0.110714 9.99459E-05 9.99459E-05 0.48399 0.0851926 9.99459E-05
9.99639E-05 9.99639E-05 0.528991 0.00250254 0.0762197 0.0216785 0.154114 0.0637561 9.99639E-05 0.0874168 9.99639E-05 0.064922
9.99188E-05 0.144544 9.99188E-05 9.99188E-05 0.650511 9.99188E-05 9.99188E-05 9.99188E-05 9.99188E-05 9.99188E-05 9.99188E-05 0.204046
0.313431 0.226191 0.0451315 0.0759634 9.99639E-05 0.0851181 0.121651 9.99639E-05 9.99639E-05 0.00499823 0.127116 9.99639E-05
9.99279E-05 0.836372 9.99279E-05 9.99279E-05 0.0194053 9.99279E-05 0.0822832 9.99279E-05 0.0611397 9.99279E-05 9.99279E-05 9.99279E-05
0.0434196 0.128714 9.9928E-05 9.9928E-05 9.9928E-05 9.9928E-05 9.9928E-05 9.9928E-05 9.9928E-05 0.760087 9.9928E-05 0.0669807
0.0614263 0.765829 9.9964E-05 9.9964E-05 9.9964E-05 0.00576327 0.00101489 0.0177948 9.9964E-05 0.0907901 0.0164877 0.0404938
