9.9865E-05 0.348582 9.9865E-05 9.9865E-05 0.0371093 9.9865E-05 9.9865E-05 9.9865E-05 0.521095 9.9865E-05 9.9865E-05 9.9865E-05 9.9865E-05 9.9865E-05 0.0737253 9.9865E-05 9.9865E-05 0.0179903 9.9865E-05 9.9865E-05
9.98829E-05 0.319589 9.98829E-05 9.98829E-05 0.0385386 9.98829E-05 9.98829E-05 0.00426588 0.34031 9.98829E-05 0.0801614 9.98829E-05 0.0913879 0.124449 9.98829E-05 9.98829E-05 9.98829E-05 9.98829E-05 9.98829E-05 9.98829E-05
0.0181122 9.99008E-05 0.082587 9.99008E-05 0.0454552 9.99008E-05 9.99008E-05 0.0673694 9.99008E-05 9.99008E-05 9.99008E-05 0.00393191 9.99008E-05 0.692808 9.99008E-05 9.99008E-05 0.0192912 0.0445806 0.0247651 9.99008E-05
9.98739E-05 0.441902 9.98739E-05 9.98739E-05 9.98739E-05 0.16157 9.98739E-05 9.98739E-05 0.283054 9.98739E-05 9.98739E-05 9.98739E-05 9.98739E-05 9.98739E-05 9.98739E-05 0.0397252 9.98739E-05 0.0374101 0.0349409 9.98739E-05
9.98829E-05 0.272119 9.98829E-05 9.98829E-05 9.98829E-05 0.140364 9.98829E-05 9.98829E-05 9.98829E-05 9.98829E-05 9.98829E-05 9.98829E-05 0.182111 9.98829E-05 0.231585 9.98829E-05 0.0387234 9.98829E-05 0.123984 0.00981455
9.99008E-05 9.99008E-05 0.131822 9.99008E-05 0.00833033 9.99008E-05 0.0278075 0.00583764 0.429122 9.99008E-05 9.99008E-05 9.99008E-05 0.0190614 0.0036286 0.0448842 9.99008E-05 9.99008E-05 9.99008E-05 9.99008E-05 0.328408
9.98738E-05 0.0375957 0.295556 9.98738E-05 9.98738E-05 9.98738E-05 9.98738E-05 9.98738E-05 0.304538 9.98738E-05 9.98738E-05 0.0101875 9.98738E-05 0.34659 9.98738E-05 0.00413443 9.98738E-05 9.98738E-05 9.98738E-05 9.98738E-05
9.9883E-05 9.9883E-05 0.110678 0.00349334 0.146385 9.9883E-05 9.9883E-05 9.9883E-05 0.302978 9.9883E-05 9.9883E-05 9.9883E-05 0.115504 0.111236 9.9883E-05 9.9883E-05 9.9883E-05 9.9883E-05 9.9883E-05 0.208427
9.98919E-05 0.20468 9.98919E-05 9.98919E-05 0.00342929 0.20396 0.0250571 9.98919E-05 0.373533 0.0441181 9.98919E-05 9.98919E-05 0.0590707 9.98919E-05 9.98919E-05 9.98919E-05 9.98919E-05 9.98919E-05 9.98919E-05 0.0849527
9.98647E-05 9.98647E-05 0.195244 9.98647E-05 0.00941019 9.98647E-05 9.98647E-05 9.98647E-05 9.98647E-05 9.98647E-05 9.98647E-05 0.613681 9.98647E-05 0.00943351 9.98647E-05 9.98647E-05 9.98647E-05 9.98647E-05 9.98647E-05 0.170733
9.99008E-05 0.0577104 9.99008E-05 9.99008E-05 9.99008E-05 0.182212 9.99008E-05 0.106933 0.111294 9.99008E-05 0.334584 9.99008E-05 0.116619 0.0131094 9.99008E-05 9.99008E-05 9.99008E-05 0.0019688 9.99008E-05 0.0744716
0.10336 0.414866 9.98738E-05 9.98738E-05 9.98738E-05 9.98738E-05 9.98738E-05 9.98738E-05 9.98738E-05 9.98738E-05 0.0743156 9.98738E-05 0.0410902 0.0393904 9.98738E-05 9.98738E-05 9.98738E-05 9.98738E-05 9.98738E-05 0.32558
9.99009E-05 9.99009E-05 0.0559822 0.0229763 9.99009E-05 0.470897 9.99009E-05 9.99009E-05 0.0750073 0.00335603 9.99009E-05 9.99009E-05 9.99009E-05 0.119796 0.208668 0.0161276 9.99009E-05 9.99009E-05 0.0260908 9.99009E-05
9.98739E-05 9.98739E-05 9.98739E-05 0.0612456 0.0282003 9.98739E-05 9.98739E-05 9.98739E-05 0.30947 9.98739E-05 9.98739E-05 9.98739E-05 9.98739E-05 0.45323 9.98739E-05 9.98739E-05 0.00106655 9.98739E-05 9.98739E-05 0.14539
9.98559E-05 0.345551 9.98559E-05 9.98559E-05 9.98559E-05 9.98559E-05 9.98559E-05 9.98559E-05 9.98559E-05 9.98559E-05 0.378695 9.98559E-05 0.141512 9.98559E-05 9.98559E-05 9.98559E-05 9.98559E-05 9.98559E-05 9.98559E-05 0.132644
9.99008E-05 9.99008E-05 0.153022 0.0186016 9.99008E-05 9.99008E-05 0.0180739 9.99008E-05 9.99008E-05 9.99008E-05 9.99008E-05 0.310585 9.99008E-05 0.421562 0.00600215 0.0285895 9.99008E-05 0.0200299 0.0224351 9.99008E-05
9.98829E-05 0.01725 0.201681 9.98829E-05 9.98829E-05 0.00763108 9.98829E-05 0.00467851 0.413032 9.98829E-05 9.98829E-05 0.0304209 9.98829E-05 0.324008 9.98829E-05 9.98829E-05 9.98829E-05 9.98829E-05 9.98829E-05 9.98829E-05
9.98918E-05 9.98918E-05 0.220807 9.98918E-05 0.00124116 9.98918E-05 9.98918E-05 0.0140957 0.272381 9.98918E-05 0.0179933 9.98918E-05 0.053217 0.412255 9.98918E-05 9.98918E-05 9.98918E-05 9.98918E-05 9.98918E-05 0.00681084
0.100688 0.291314 0.0299359 9.9892E-05 9.9892E-05 0.168465 9.9892E-05 0.149937 0.22427 0.00954017 9.9892E-05 9.9892E-05 9.9892E-05 9.9892E-05 9.9892E-05 9.9892E-05 9.9892E-05 9.9892E-05 9.9892E-05 0.0246511
9.98739E-05 9.98739E-05 9.98739E-05 9.98739E-05 9.98739E-05 9.98739E-05 9.98739E-05 9.98739E-05 9.98739E-05 0.00393411 0.130381 0.0434459 9.98739E-05 9.98739E-05 0.00714362 9.98739E-05 9.98739E-05 0.766688 0.0470092 9.98739E-05
9.9847E-05 9.9847E-05 9.9847E-05 9.9847E-05 9.9847E-05 0.0629918 9.9847E-05 9.9847E-05 9.9847E-05 9.9847E-05 9.9847E-05 9.9847E-05 9.9847E-05 9.9847E-05 9.9847E-05 0.0840451 9.9847E-05 0.851266 9.9847E-05 9.9847E-05
9.98557E-05 9.98557E-05 9.98557E-05 9.98557E-05 9.98557E-05 9.98557E-05 0.0272899 9.98557E-05 0.0848609 9.98557E-05 9.98557E-05 9.98557E-05 9.98557E-05 9.98557E-05 0.0255316 9.98557E-05 9.98557E-05 0.86072 9.98557E-05 9.98557E-05
0.240839 9.98559E-05 9.98559E-05 9.98559E-05 9.98559E-05 0.0782783 9.98559E-05 9.98559E-05 9.98559E-05 9.98559E-05 9.98559E-05 9.98559E-05 9.98559E-05 9.98559E-05 9.98559E-05 9.98559E-05 9.98559E-05 0.647363 0.0319221 9.98559E-05
9.98739E-05 0.0724357 9.98739E-05 9.98739E-05 0.00971598 0.128926 9.98739E-05 9.98739E-05 9.98739E-05 0.0273813 0.0240077 9.98739E-05 9.98739E-05 9.98739E-05 9.98739E-05 9.98739E-05 9.98739E-05 0.736135 9.98739E-05 9.98739E-05
9.99007E-05 9.99007E-05 9.99007E-05 0.329221 0.0086804 9.99007E-05 0.0219828 0.0210961 0.0771995 0.0469803 9.99007E-05 9.99007E-05 9.99007E-05 0.146849 9.99007E-05 9.99007E-05 9.99007E-05 0.33971 9.99007E-05 0.00718141
9.98918E-05 0.101112 9.98918E-05 9.98918E-05 0.0401286 9.98918E-05 9.98918E-05 9.98918E-05 9.98918E-05 0.349074 0.0617141 9.98918E-05 0.0673396 9.98918E-05 9.98918E-05 9.98918E-05 9.98918E-05 0.29443 0.0203258 0.0646771
9.98739E-05 9.98739E-05 0.00236638 0.618611 9.98739E-05 9.98739E-05 9.98739E-05 9.98739E-05 9.98739E-05 9.98739E-05 9.98739E-05 0.048707 9.98739E-05 9.98739E-05 9.98739E-05 0.216399 9.98739E-05 0.086137 0.0263809 9.98739E-05
0.0714843 9.9901E-05 9.9901E-05 9.9901E-05 0.0426821 9.9901E-05 9.9901E-05 9.9901E-05 9.9901E-05 0.156713 0.108286 9.9901E-05 0.0313337 9.9901E-05 0.101068 0.0485581 9.9901E-05 0.270576 0.1682 9.9901E-05
9.98737E-05 9.98737E-05 9.98737E-05 0.0575262 9.98737E-05 9.98737E-05 9.98737E-05 9.98737E-05 0.0560475 0.0122925 9.98737E-05 0.0867125 9.98737E-05 9.98737E-05 0.0329279 9.98737E-05 9.98737E-05 0.753095 9.98737E-05 9.98737E-05
0.0032079 9.9847E-05 9.9847E-05 9.9847E-05 9.9847E-05 0.113111 9.9847E-05 9.9847E-05 9.9847E-05 9.9847E-05 9.9847E-05 9.9847E-05 9.9847E-05 9.9847E-05 9.9847E-05 9.9847E-05 9.9847E-05 0.881984 9.9847E-05 9.9847E-05
0.111586 9.98741E-05 9.98741E-05 0.403464 9.98741E-05 0.0378761 9.98741E-05 9.98741E-05 0.0237992 9.98741E-05 0.0500976 9.98741E-05 9.98741E-05 9.98741E-05 9.98741E-05 9.98741E-05 9.98741E-05 0.371779 9.98741E-05 9.98741E-05
9.98647E-05 9.98647E-05 9.98647E-05 0.205872 9.98647E-05 9.98647E-05 0.0527652 9.98647E-05 9.98647E-05 0.597184 9.98647E-05 0.0417168 9.98647E-05 9.98647E-05 0.100964 9.98647E-05 9.98647E-05 9.98647E-05 9.98647E-05 9.98647E-05
9.98556E-05 9.98556E-05 0.0078137 0.516821 9.98556E-05 9.98556E-05 9.98556E-05 9.98556E-05 9.98556E-05 9.98556E-05 9.98556E-05 0.0977649 9.98556E-05 9.98556E-05 9.98556E-05 9.98556E-05 9.98556E-05 0.376003 9.98556E-05 9.98556E-05
9.98557E-05 9.98557E-05 0.0239802 0.273759 9.98557E-05 9.98557E-05 9.98557E-05 9.98557E-05 0.208603 9.98557E-05 9.98557E-05 9.98557E-05 9.98557E-05 9.98557E-05 9.98557E-05 9.98557E-05 9.98557E-05 0.49206 9.98557E-05 9.98557E-05
9.98649E-05 9.98649E-05 9.98649E-05 0.00500136 9.98649E-05 0.142726 9.98649E-05 9.98649E-05 9.98649E-05 9.98649E-05 9.98649E-05 9.98649E-05 9.98649E-05 0.0110141 9.98649E-05 9.98649E-05 9.98649E-05 0.824623 9.98649E-05 0.0151369
9.98559E-05 0.0716662 9.98559E-05 9.98559E-05 9.98559E-05 9.98559E-05 9.98559E-05 9.98559E-05 9.98559E-05 9.98559E-05 0.126465 9.98559E-05 9.98559E-05 9.98559E-05 9.98559E-05 9.98559E-05 9.98559E-05 0.763906 0.0363647 9.98559E-05
9.98469E-05 9.98469E-05 9.98469E-05 0.082733 9.98469E-05 9.98469E-05 9.98469E-05 9.98469E-05 9.98469E-05 9.98469E-05 0.29793 9.98469E-05 9.98469E-05 9.98469E-05 9.98469E-05 9.98469E-05 9.98469E-05 0.61764 9.98469E-05 9.98469E-05
0.214337 0.0517573 9.98559E-05 9.98559E-05 9.98559E-05 9.98559E-05 9.98559E-05 9.98559E-05 9.98559E-05 9.98559E-05 9.98559E-05 9.98559E-05 9.98559E-05 9.98559E-05 9.98559E-05 9.98559E-05 9.98559E-05 0.691242 0.0410659 9.98559E-05
9.98466E-05 9.98466E-05 9.98466E-05 9.98466E-05 9.98466E-05 9.98466E-05 0.769641 9.98466E-05 0.10832 9.98466E-05 9.98466E-05 9.98466E-05 9.98466E-05 9.98466E-05 9.98466E-05 9.98466E-05 9.98466E-05 9.98466E-05 0.120341 9.98466E-05
9.98559E-05 9.98559E-05 9.98559E-05 0.356205 9.98559E-05 9.98559E-05 0.488431 9.98559E-05 9.98559E-05 9.98559E-05 9.98559E-05 9.98559E-05 9.98559E-05 9.98559E-05 0.0339567 0.119809 9.98559E-05 9.98559E-05 9.98559E-05 9.98559E-05
9.98649E-05 9.98649E-05 9.98649E-05 0.664414 0.0959956 9.98649E-05 0.100431 9.98649E-05 9.98649E-05 9.98649E-05 9.98649E-05 0.0544404 9.98649E-05 9.98649E-05 9.98649E-05 9.98649E-05 0.0832218 9.98649E-05 9.98649E-05 9.98649E-05
0.325334 9.98829E-05 9.98829E-05 9.98829E-05 0.00572549 9.98829E-05 0.417594 9.98829E-05 9.98829E-05 0.105733 9.98829E-05 9.98829E-05 9.98829E-05 9.98829E-05 9.98829E-05 0.120597 9.98829E-05 0.0091977 0.0145209 9.98829E-05
9.98647E-05 9.98647E-05 9.98647E-05 0.134862 9.98647E-05 9.98647E-05 0.540098 9.98647E-05 0.111203 9.98647E-05 9.98647E-05 0.0138214 9.98647E-05 9.98647E-05 9.98647E-05 9.98647E-05 9.98647E-05 0.198517 9.98647E-05 9.98647E-05
9.98829E-05 9.98829E-05 9.98829E-05 0.312401 9.98829E-05 9.98829E-05 0.46024 0.138819 9.98829E-05 9.98829E-05 0.0082529 9.98829E-05 9.98829E-05 0.055733 9.98829E-05 9.98829E-05 0.0155443 9.98829E-05 9.98829E-05 0.007712
0.184381 0.14818 9.98468E-05 9.98468E-05 9.98468E-05 9.98468E-05 9.98468E-05 9.98468E-05 9.98468E-05 0.665741 9.98468E-05 9.98468E-05 9.98468E-05 9.98468E-05 9.98468E-05 9.98468E-05 9.98468E-05 9.98468E-05 9.98468E-05 9.98468E-05
9.98649E-05 0.115722 9.98649E-05 9.98649E-05 9.98649E-05 9.98649E-05 0.464087 9.98649E-05 9.98649E-05 0.0153353 9.98649E-05 9.98649E-05 0.194999 9.98649E-05 9.98649E-05 9.98649E-05 9.98649E-05 9.98649E-05 0.208358 9.98649E-05
9.98648E-05 9.98648E-05 9.98648E-05 0.631417 9.98648E-05 9.98648E-05 0.171405 0.00806551 9.98648E-05 9.98648E-05 9.98648E-05 9.98648E-05 9.98648E-05 0.161623 9.98648E-05 9.98648E-05 9.98648E-05 0.0259911 9.98648E-05 9.98648E-05
9.98918E-05 9.98918E-05 9.98918E-05 0.0203675 0.0411134 9.98918E-05 0.786992 9.98918E-05 0.0670822 9.98918E-05 9.98918E-05 0.00982358 9.98918E-05 9.98918E-05 0.00570166 9.98918E-05 9.98918E-05 9.98918E-05 0.0537718 0.0139487
9.98468E-05 9.98468E-05 9.98468E-05 0.0938681 9.98468E-05 9.98468E-05 0.235342 9.98468E-05 9.98468E-05 9.98468E-05 9.98468E-05 9.98468E-05 9.98468E-05 9.98468E-05 9.98468E-05 0.669092 9.98468E-05 9.98468E-05 9.98468E-05 9.98468E-05
0.0299891 9.9883E-05 9.9883E-05 9.9883E-05 0.0910102 9.9883E-05 0.543129 0.00763371 9.9883E-05 9.9883E-05 0.00376401 9.9883E-05 0.171432 9.9883E-05 9.9883E-05 9.9883E-05 9.9883E-05 9.9883E-05 0.151744 9.9883E-05
9.98469E-05 9.98469E-05 9.98469E-05 0.219452 9.98469E-05 9.98469E-05 0.549287 9.98469E-05 9.98469E-05 9.98469E-05 9.98469E-05 9.98469E-05 9.98469E-05 9.98469E-05 9.98469E-05 0.229563 9.98469E-05 9.98469E-05 9.98469E-05 9.98469E-05
0.110161 9.98741E-05 9.98741E-05 9.98741E-05 9.98741E-05 0.145613 0.588927 0.0144406 9.98741E-05 9.98741E-05 9.98741E-05 9.98741E-05 9.98741E-05 9.98741E-05 9.98741E-05 0.0546035 9.98741E-05 0.0848567 9.98741E-05 9.98741E-05
9.99098E-05 0.0530691 9.99098E-05 0.0322898 9.99098E-05 0.0394851 0.137999 0.0251066 9.99098E-05 0.285716 0.210231 9.99098E-05 9.99098E-05 9.99098E-05 9.99098E-05 9.99098E-05 9.99098E-05 0.0475905 0.141216 0.026298
9.99009E-05 0.0179888 9.99009E-05 9.99009E-05 0.0420394 9.99009E-05 0.436574 9.99009E-05 9.99009E-05 0.0654252 0.181612 9.99009E-05 0.143967 0.0319926 9.99009E-05 9.99009E-05 9.99009E-05 0.000138285 9.99009E-05 0.0791647
0.428261 0.0517011 9.9901E-05 9.9901E-05 0.000131563 9.9901E-05 0.22509 0.0305786 9.9901E-05 0.13267 0.0149087 9.9901E-05 9.9901E-05 9.9901E-05 9.9901E-05 9.9901E-05 9.9901E-05 0.0300095 0.085551 9.9901E-05
0.383508 0.0635027 9.98559E-05 9.98559E-05 0.203405 9.98559E-05 9.98559E-05 9.98559E-05 9.98559E-05 9.98559E-05 9.98559E-05 9.98559E-05 9.98559E-05 9.98559E-05 9.98559E-05 9.98559E-05 9.98559E-05 0.347987 9.98559E-05 9.98559E-05
9.98917E-05 9.98917E-05 9.98917E-05 0.210875 9.98917E-05 9.98917E-05 0.566017 9.98917E-05 0.00933511 0.0712172 9.98917E-05 0.0138736 9.98917E-05 0.0632025 0.0478933 9.98917E-05 9.98917E-05 9.98917E-05 0.0163879 9.98917E-05
9.98739E-05 9.98739E-05 9.98739E-05 9.98739E-05 0.281155 0.103807 0.330824 9.98739E-05 9.98739E-05 9.98739E-05 9.98739E-05 9.98739E-05 9.98739E-05 9.98739E-05 9.98739E-05 0.170641 9.98739E-05 0.0239128 0.088262 9.98739E-05
9.98737E-05 9.98737E-05 9.98737E-05 0.212898 0.0268984 9.98737E-05 0.580924 9.98737E-05 9.98737E-05 9.98737E-05 9.98737E-05 0.0480084 9.98737E-05 0.038094 9.98737E-05 0.0917788 9.98737E-05 9.98737E-05 9.98737E-05 9.98737E-05
9.98648E-05 0.0151579 9.98648E-05 9.98648E-05 9.98648E-05 9.98648E-05 0.432048 9.98648E-05 9.98648E-05 9.98648E-05 0.0225625 9.98648E-05 9.98648E-05 9.98648E-05 9.98648E-05 9.98648E-05 9.98648E-05 0.0135333 0.5152 9.98648E-05
9.98827E-05 9.98827E-05 9.98827E-05 9.98827E-05 9.98827E-05 9.98827E-05 0.428442 9.98827E-05 0.078721 0.202467 0.0198329 9.98827E-05 0.015604 9.98827E-05 9.98827E-05 9.98827E-05 9.98827E-05 0.0156989 0.237936 9.98827E-05
9.98918E-05 0.0486084 9.98918E-05 9.98918E-05 0.0532469 9.98918E-05 0.57001 9.98918E-05 9.98918E-05 0.0283457 0.0304059 9.98918E-05 0.165999 9.98918E-05 9.98918E-05 9.98918E-05 9.98918E-05 9.98918E-05 0.101456 0.00072897
9.98648E-05 9.98648E-05 9.98648E-05 0.34377 9.98648E-05 9.98648E-05 9.98648E-05 9.98648E-05 9.98648E-05 0.383473 9.98648E-05 9.98648E-05 9.98648E-05 0.116765 0.0699666 9.98648E-05 9.98648E-05 9.98648E-05 0.0845272 9.98648E-05
0.249298 9.98558E-05 9.98558E-05 0.0646401 9.98558E-05 9.98558E-05 9.98558E-05 9.98558E-05 9.98558E-05 9.98558E-05 9.98558E-05 9.98558E-05 9.98558E-05 9.98558E-05 9.98558E-05 9.98558E-05 9.98558E-05 0.0327668 0.651698 9.98558E-05
9.98648E-05 9.98648E-05 0.0904501 0.348657 0.105395 9.98648E-05 9.98648E-05 9.98648E-05 9.98648E-05 9.98648E-05 9.98648E-05 9.98648E-05 9.98648E-05 0.217388 9.98648E-05 9.98648E-05 9.98648E-05 9.98648E-05 0.236612 9.98648E-05
9.98827E-05 9.98827E-05 9.98827E-05 9.98827E-05 9.98827E-05 0.14286 0.118915 9.98827E-05 9.98827E-05 0.501456 0.106105 9.98827E-05 0.0553757 0.0325917 9.98827E-05 9.98827E-05 9.98827E-05 0.0413989 9.98827E-05 9.98827E-05
9.9838E-05 9.9838E-05 9.9838E-05 9.9838E-05 9.9838E-05 9.9838E-05 9.9838E-05 9.9838E-05 9.9838E-05 9.9838E-05 9.9838E-05 9.9838E-05 0.0525962 9.9838E-05 9.9838E-05 9.9838E-05 9.9838E-05 9.9838E-05 0.945607 9.9838E-05
9.9847E-05 9.9847E-05 9.9847E-05 0.0484766 9.9847E-05 9.9847E-05 9.9847E-05 9.9847E-05 9.9847E-05 9.9847E-05 0.180603 9.9847E-05 9.9847E-05 9.9847E-05 9.9847E-05 9.9847E-05 9.9847E-05 9.9847E-05 0.769223 9.9847E-05
9.98647E-05 9.98647E-05 0.092307 9.98647E-05 0.0276439 9.98647E-05 9.98647E-05 9.98647E-05 0.00576927 0.871205 9.98647E-05 9.98647E-05 9.98647E-05 0.00157687 9.98647E-05 9.98647E-05 9.98647E-05 9.98647E-05 9.98647E-05 9.98647E-05
9.98558E-05 9.98558E-05 9.98558E-05 0.183165 9.98558E-05 9.98558E-05 9.98558E-05 9.98558E-05 0.177389 0.548314 9.98558E-05 9.98558E-05 9.98558E-05 9.98558E-05 9.98558E-05 9.98558E-05 9.98558E-05 0.089535 9.98558E-05 9.98558E-05
9.98557E-05 9.98557E-05 9.98557E-05 0.303765 9.98557E-05 9.98557E-05 9.98557E-05 9.98557E-05 9.98557E-05 0.448578 9.98557E-05 0.0589963 9.98557E-05 9.98557E-05 9.98557E-05 0.187063 9.98557E-05 9.98557E-05 9.98557E-05 9.98557E-05
9.98467E-05 9.98467E-05 0.198979 0.612375 9.98467E-05 9.98467E-05 9.98467E-05 9.98467E-05 9.98467E-05 9.98467E-05 9.98467E-05 9.98467E-05 9.98467E-05 9.98467E-05 9.98467E-05 9.98467E-05 9.98467E-05 9.98467E-05 0.186949 9.98467E-05
0.222926 0.00545399 9.98649E-05 9.98649E-05 9.98649E-05 9.98649E-05 9.98649E-05 9.98649E-05 9.98649E-05 9.98649E-05 9.98649E-05 9.98649E-05 0.085675 9.98649E-05 9.98649E-05 9.98649E-05 9.98649E-05 0.664987 0.0194603 9.98649E-05
9.98736E-05 9.98736E-05 9.98736E-05 0.436282 9.98736E-05 9.98736E-05 0.0384148 9.98736E-05 0.00379443 9.98736E-05 9.98736E-05 9.98736E-05 9.98736E-05 0.12747 0.00771921 9.98736E-05 9.98736E-05 9.98736E-05 0.384921 9.98736E-05
9.98468E-05 9.98468E-05 9.98468E-05 9.98468E-05 9.98468E-05 9.98468E-05 9.98468E-05 9.98468E-05 9.98468E-05 0.475569 0.0122641 9.98468E-05 9.98468E-05 9.98468E-05 9.98468E-05 9.98468E-05 9.98468E-05 9.98468E-05 0.51047 9.98468E-05
9.98649E-05 0.13131 0.0112082 9.98649E-05 9.98649E-05 0.153152 9.98649E-05 9.98649E-05 9.98649E-05 0.690078 9.98649E-05 9.98649E-05 9.98649E-05 9.98649E-05 9.98649E-05 9.98649E-05 9.98649E-05 0.0127532 9.98649E-05 9.98649E-05
9.98646E-05 9.98646E-05 0.0711766 0.239284 9.98646E-05 9.98646E-05 9.98646E-05 9.98646E-05 9.98646E-05 9.98646E-05 9.98646E-05 0.0680756 9.98646E-05 0.0257353 9.98646E-05 9.98646E-05 9.98646E-05 0.594231 9.98646E-05 9.98646E-05
9.98649E-05 9.98649E-05 0.0926878 0.797723 9.98649E-05 0.0845734 9.98649E-05 9.98649E-05 9.98649E-05 9.98649E-05 9.98649E-05 9.98649E-05 9.98649E-05 9.98649E-05 9.98649E-05 0.0123633 0.0111541 9.98649E-05 9.98649E-05 9.98649E-05
9.98556E-05 9.98556E-05 9.98556E-05 0.361738 9.98556E-05 9.98556E-05 9.98556E-05 9.98556E-05 0.089037 9.98556E-05 9.98556E-05 9.98556E-05 9.98556E-05 0.0181205 9.98556E-05 9.98556E-05 9.98556E-05 0.529506 9.98556E-05 9.98556E-05
9.98918E-05 9.98918E-05 9.98918E-05 0.101545 0.0340738 9.98918E-05 0.0249203 9.98918E-05 0.0758855 0.406253 9.98918E-05 9.98918E-05 9.98918E-05 9.98918E-05 0.0870395 0.0560372 9.98918E-05 0.213048 9.98918E-05 9.98918E-05
9.98649E-05 9.98649E-05 9.98649E-05 0.335177 9.98649E-05 9.98649E-05 9.98649E-05 9.98649E-05 9.98649E-05 0.0836603 9.98649E-05 9.98649E-05 9.98649E-05 9.98649E-05 9.98649E-05 0.494246 9.98649E-05 0.0595941 0.025825 9.98649E-05
0.0118869 9.98828E-05 9.98828E-05 0.164023 9.98828E-05 0.287038 0.119964 9.98828E-05 9.98828E-05 0.0335658 9.98828E-05 9.98828E-05 9.98828E-05 9.98828E-05 9.98828E-05 9.98828E-05 9.98828E-05 0.151111 0.231114 9.98828E-05
9.98558E-05 9.98558E-05 9.98558E-05 0.156826 9.98558E-05 0.188309 0.447103 9.98558E-05 9.98558E-05 9.98558E-05 9.98558E-05 9.98558E-05 9.98558E-05 9.98558E-05 9.98558E-05 9.98558E-05 9.98558E-05 9.98558E-05 0.206164 9.98558E-05
9.98651E-05 9.98651E-05 9.98651E-05 0.131263 0.0894414 0.374496 0.334762 9.98651E-05 9.98651E-05 9.98651E-05 9.98651E-05 9.98651E-05 9.98651E-05 9.98651E-05 9.98651E-05 9.98651E-05 9.98651E-05 0.0685403 9.98651E-05 9.98651E-05
9.98737E-05 9.98737E-05 9.98737E-05 0.497383 9.98737E-05 9.98737E-05 0.143533 9.98737E-05 9.98737E-05 9.98737E-05 9.98737E-05 0.0125541 9.98737E-05 0.0909827 9.98737E-05 9.98737E-05 0.00697112 9.98737E-05 0.247178 9.98737E-05
9.98918E-05 9.98918E-05 9.98918E-05 9.98918E-05 9.98918E-05 9.98918E-05 0.379449 9.98918E-05 9.98918E-05 0.0325554 0.0421938 0.02925 9.98918E-05 9.98918E-05 0.0932187 0.00775544 9.98918E-05 0.103461 0.310918 9.98918E-05
9.98648E-05 0.0394947 9.98648E-05 9.98648E-05 0.0274356 0.0387664 9.98648E-05 9.98648E-05 9.98648E-05 0.0856378 9.98648E-05 9.98648E-05 9.98648E-05 9.98648E-05 9.98648E-05 9.98648E-05 9.98648E-05 9.98648E-05 0.807168 9.98648E-05
9.98737E-05 9.98737E-05 9.98737E-05 9.98737E-05 0.600375 9.98737E-05 9.98737E-05 9.98737E-05 0.0479689 9.98737E-05 9.98737E-05 0.047165 9.98737E-05 0.0928809 9.98737E-05 9.98737E-05 0.00155218 0.20866 9.98737E-05 9.98737E-05
9.98647E-05 9.98647E-05 0.0282841 0.277148 0.458488 9.98647E-05 0.113855 9.98647E-05 9.98647E-05 9.98647E-05 9.98647E-05 9.98647E-05 9.98647E-05 0.120727 9.98647E-05 9.98647E-05 9.98647E-05 9.98647E-05 9.98647E-05 9.98647E-05
9.98558E-05 9.98558E-05 9.98558E-05 9.98558E-05 0.525434 9.98558E-05 9.98558E-05 9.98558E-05 9.98558E-05 0.149307 9.98558E-05 9.98558E-05 0.153946 9.98558E-05 9.98558E-05 9.98558E-05 9.98558E-05 0.169716 9.98558E-05 9.98558E-05
9.98647E-05 9.98647E-05 0.0322764 0.10074 0.560926 9.98647E-05 0.149273 9.98647E-05 9.98647E-05 9.98647E-05 9.98647E-05 9.98647E-05 9.98647E-05 0.155287 9.98647E-05 9.98647E-05 9.98647E-05 9.98647E-05 9.98647E-05 9.98647E-05
9.98557E-05 9.98557E-05 0.0547379 0.107331 0.798961 9.98557E-05 9.98557E-05 9.98557E-05 9.98557E-05 9.98557E-05 9.98557E-05 9.98557E-05 9.98557E-05 0.0373726 9.98557E-05 9.98557E-05 9.98557E-05 9.98557E-05 9.98557E-05 9.98557E-05
0.00119859 0.0883801 9.98648E-05 9.98648E-05 0.69653 9.98648E-05 9.98648E-05 9.98648E-05 9.98648E-05 9.98648E-05 9.98648E-05 9.98648E-05 0.111723 9.98648E-05 9.98648E-05 9.98648E-05 9.98648E-05 9.98648E-05 0.10067 9.98648E-05
9.98828E-05 9.98828E-05 9.98828E-05 0.0542853 0.378289 9.98828E-05 0.193845 0.00337069 0.103271 9.98828E-05 9.98828E-05 9.98828E-05 9.98828E-05 0.0697703 9.98828E-05 9.98828E-05 9.98828E-05 9.98828E-05 0.195869 9.98828E-05
9.98558E-05 9.98558E-05 9.98558E-05 9.98558E-05 0.835651 9.98558E-05 0.0675661 9.98558E-05 0.0915035 9.98558E-05 9.98558E-05 0.00368213 9.98558E-05 9.98558E-05 9.98558E-05 9.98558E-05 9.98558E-05 9.98558E-05 9.98558E-05 9.98558E-05
9.98828E-05 9.98828E-05 9.98828E-05 0.00632488 9.98828E-05 9.98828E-05 9.98828E-05 0.00884106 9.98828E-05 0.00825783 9.98828E-05 9.98828E-05 9.98828E-05 0.095265 0.464742 0.337918 0.0773525 9.98828E-05 9.98828E-05 9.98828E-05
9.98829E-05 9.98829E-05 0.0799817 0.13702 9.98829E-05 0.00521186 9.98829E-05 9.98829E-05 9.98829E-05 9.98829E-05 9.98829E-05 0.0189302 0.035253 9.98829E-05 0.650566 0.071739 9.98829E-05 9.98829E-05 9.98829E-05 9.98829E-05
0.135557 9.98829E-05 9.98829E-05 0.0269489 9.98829E-05 0.0319126 9.98829E-05 0.00781684 9.98829E-05 9.98829E-05 9.98829E-05 9.98829E-05 0.00152524 0.0100976 0.784843 9.98829E-05 9.98829E-05 9.98829E-05 9.98829E-05 9.98829E-05
9.98378E-05 9.98378E-05 9.98378E-05 9.98378E-05 9.98378E-05 9.98378E-05 9.98378E-05 0.988933 9.98378E-05 9.98378E-05 9.98378E-05 9.98378E-05 0.00926954 9.98378E-05 9.98378E-05 9.98378E-05 9.98378E-05 9.98378E-05 9.98378E-05 9.98378E-05
9.98737E-05 9.98737E-05 9.98737E-05 0.00544022 9.98737E-05 9.98737E-05 9.98737E-05 0.196406 9.98737E-05 9.98737E-05 9.98737E-05 0.102154 9.98737E-05 9.98737E-05 0.4043 0.1741 0.116202 9.98737E-05 9.98737E-05 9.98737E-05
0.0139318 0.00885133 9.99188E-05 9.99188E-05 0.00410769 0.0433784 9.99188E-05 0.381406 0.445103 0.0154463 0.0267976 9.99188E-05 0.0459036 9.99188E-05 0.00697814 9.99188E-05 9.99188E-05 9.99188E-05 0.00719702 9.99188E-05
9.98557E-05 9.98557E-05 0.236693 9.98557E-05 9.98557E-05 9.98557E-05 9.98557E-05 0.0922798 9.98557E-05 9.98557E-05 9.98557E-05 9.98557E-05 9.98557E-05 0.37293 0.2965 9.98557E-05 9.98557E-05 9.98557E-05 9.98557E-05 9.98557E-05
9.98737E-05 9.98737E-05 9.98737E-05 0.00743111 9.98737E-05 9.98737E-05 9.98737E-05 0.0769097 9.98737E-05 9.98737E-05 9.98737E-05 0.00512319 9.98737E-05 0.0807776 0.557057 0.271303 9.98737E-05 9.98737E-05 9.98737E-05 9.98737E-05
9.98918E-05 9.98918E-05 0.00688333 9.98918E-05 9.98918E-05 9.98918E-05 9.98918E-05 0.041535 0.0700075 0.0731652 9.98918E-05 0.0757345 9.98918E-05 0.105531 0.620211 9.98918E-05 9.98918E-05 9.98918E-05 9.98918E-05 0.00573386
9.98739E-05 0.112986 9.98739E-05 9.98739E-05 9.98739E-05 9.98739E-05 9.98739E-05 0.0546488 9.98739E-05 9.98739E-05 0.214972 9.98739E-05 9.98739E-05 9.98739E-05 0.515596 9.98739E-05 9.98739E-05 0.0310868 0.0693117 9.98739E-05
9.98648E-05 9.98648E-05 9.98648E-05 9.98648E-05 9.98648E-05 9.98648E-05 9.98648E-05 0.0426951 9.98648E-05 9.98648E-05 9.98648E-05 9.98648E-05 9.98648E-05 9.98648E-05 0.134855 0.618015 0.188385 9.98648E-05 9.98648E-05 0.0145526
9.98918E-05 0.0765174 0.0309732 9.98918E-05 9.98918E-05 9.98918E-05 9.98918E-05 0.0445569 9.98918E-05 9.98918E-05 0.384781 9.98918E-05 9.98918E-05 9.98918E-05 0.36666 9.98918E-05 0.045343 9.98918E-05 0.0285362 0.0214331
9.98648E-05 9.98648E-05 9.98648E-05 0.0578979 9.98648E-05 9.98648E-05 9.98648E-05 0.0360157 9.98648E-05 9.98648E-05 9.98648E-05 0.0275107 9.98648E-05 0.222776 0.654301 9.98648E-05 9.98648E-05 9.98648E-05 9.98648E-05 9.98648E-05
9.98917E-05 9.98917E-05 9.98917E-05 9.98917E-05 9.98917E-05 0.0105135 0.0168887 0.209138 0.210075 0.0327638 0.0980486 9.98917E-05 9.98917E-05 0.0554804 0.365893 9.98917E-05 9.98917E-05 9.98917E-05 9.98917E-05 9.98917E-05
9.98738E-05 9.98738E-05 9.98738E-05 9.98738E-05 9.98738E-05 9.98738E-05 9.98738E-05 0.0495624 0.194048 9.98738E-05 9.98738E-05 0.153012 9.98738E-05 9.98738E-05 0.577479 9.98738E-05 9.98738E-05 0.0108856 9.98738E-05 0.0136136
9.99098E-05 0.0158826 0.070183 0.00674319 9.99098E-05 9.99098E-05 9.99098E-05 0.146477 0.16414 0.00284725 9.99098E-05 0.077495 9.99098E-05 0.328937 0.162525 9.99098E-05 9.99098E-05 0.0237715 9.99098E-05 9.99098E-05
9.98917E-05 0.118259 9.98917E-05 9.98917E-05 0.00581009 0.208349 9.98917E-05 0.166144 9.98917E-05 0.0195989 9.98917E-05 9.98917E-05 0.134651 9.98917E-05 0.294235 9.98917E-05 9.98917E-05 9.98917E-05 0.0517546 9.98917E-05
0.484092 0.0331555 0.0379807 9.98647E-05 9.98647E-05 0.0902997 9.98647E-05 9.98647E-05 9.98647E-05 9.98647E-05 9.98647E-05 9.98647E-05 9.98647E-05 9.98647E-05 0.352975 9.98647E-05 9.98647E-05 9.98647E-05 9.98647E-05 9.98647E-05
9.98738E-05 9.98738E-05 9.98738E-05 0.168873 0.0133585 9.98738E-05 9.98738E-05 9.98738E-05 0.0861371 9.98738E-05 9.98738E-05 0.0376596 9.98738E-05 9.98738E-05 0.639944 9.98738E-05 9.98738E-05 9.98738E-05 9.98738E-05 0.0526293
9.98557E-05 9.98557E-05 9.98557E-05 0.0870873 9.98557E-05 9.98557E-05 9.98557E-05 0.228438 9.98557E-05 9.98557E-05 9.98557E-05 9.98557E-05 9.98557E-05 0.242399 0.440478 9.98557E-05 9.98557E-05 9.98557E-05 9.98557E-05 9.98557E-05
9.98919E-05 9.98919E-05 9.98919E-05 9.98919E-05 9.98919E-05 9.98919E-05 0.0227082 0.0636911 9.98919E-05 9.98919E-05 0.0808337 9.98919E-05 0.023665 9.98919E-05 0.665759 0.0175362 9.98919E-05 0.0297185 9.98919E-05 0.0948894
0.0359412 9.9847E-05 9.9847E-05 9.9847E-05 9.9847E-05 0.306666 9.9847E-05 9.9847E-05 9.9847E-05 9.9847E-05 9.9847E-05 9.9847E-05 9.9847E-05 9.9847E-05 0.655695 9.9847E-05 9.9847E-05 9.9847E-05 9.9847E-05 9.9847E-05
9.9901E-05 0.0275494 9.9901E-05 9.9901E-05 9.9901E-05 0.0460293 9.9901E-05 9.9901E-05 0.276391 9.9901E-05 0.136369 9.9901E-05 0.297522 9.9901E-05 0.0261741 9.9901E-05 0.0576072 0.0137994 0.11746 9.9901E-05
9.98737E-05 0.00487513 0.0737237 9.98737E-05 0.0308842 9.98737E-05 9.98737E-05 9.98737E-05 9.98737E-05 9.98737E-05 9.98737E-05 9.98737E-05 9.98737E-05 0.134131 9.98737E-05 9.98737E-05 0.32932 9.98737E-05 9.98737E-05 0.425668
0.506166 9.98738E-05 9.98738E-05 9.98738E-05 9.98738E-05 0.124497 9.98738E-05 9.98738E-05 0.160177 9.98738E-05 9.98738E-05 9.98738E-05 0.108394 0.0332129 9.98738E-05 9.98738E-05 0.0661547 9.98738E-05 9.98738E-05 9.98738E-05
9.98738E-05 9.98738E-05 9.98738E-05 0.0114987 9.98738E-05 9.98738E-05 9.98738E-05 9.98738E-05 0.517551 9.98738E-05 9.98738E-05 0.0906418 9.98738E-05 0.294568 0.0178854 9.98738E-05 0.0664573 9.98738E-05 9.98738E-05 9.98738E-05
9.98468E-05 9.98468E-05 9.98468E-05 9.98468E-05 9.98468E-05 9.98468E-05 9.98468E-05 9.98468E-05 9.98468E-05 9.98468E-05 9.98468E-05 0.0387645 9.98468E-05 9.98468E-05 9.98468E-05 0.0966254 0.862913 9.98468E-05 9.98468E-05 9.98468E-05
0.0281916 0.193318 9.98737E-05 9.98737E-05 9.98737E-05 0.275294 9.98737E-05 9.98737E-05 0.19481 9.98737E-05 0.292165 9.98737E-05 0.0148223 9.98737E-05 9.98737E-05 9.98737E-05 9.98737E-05 9.98737E-05 9.98737E-05 9.98737E-05
9.98647E-05 0.0273764 9.98647E-05 9.98647E-05 9.98647E-05 9.98647E-05 9.98647E-05 9.98647E-05 9.98647E-05 9.98647E-05 0.169995 9.98647E-05 9.98647E-05 9.98647E-05 9.98647E-05 9.98647E-05 0.504978 0.0433924 9.98647E-05 0.25276
9.99008E-05 9.99008E-05 0.0505497 9.99008E-05 0.00542883 0.0303034 0.046972 9.99008E-05 0.571248 9.99008E-05 9.99008E-05 9.99008E-05 0.143111 9.99008E-05 0.0513742 9.99008E-05 0.0833644 9.99008E-05 0.0165495 9.99008E-05
9.98558E-05 9.98558E-05 9.98558E-05 9.98558E-05 9.98558E-05 0.309429 9.98558E-05 9.98558E-05 9.98558E-05 9.98558E-05 9.98558E-05 9.98558E-05 9.98558E-05 9.98558E-05 9.98558E-05 9.98558E-05 0.233303 0.0164707 9.98558E-05 0.439199
9.98919E-05 9.98919E-05 0.139622 0.067623 0.00376692 0.0278067 9.98919E-05 9.98919E-05 0.107537 9.98919E-05 0.0046142 9.98919E-05 9.98919E-05 0.11836 9.98919E-05 9.98919E-05 0.529472 9.98919E-05 9.98919E-05 9.98919E-05
9.98918E-05 9.98918E-05 9.98918E-05 9.98918E-05 9.98918E-05 0.239658 9.98918E-05 9.98918E-05 0.0803006 9.98918E-05 0.241721 9.98918E-05 0.213739 9.98918E-05 0.0213427 9.98918E-05 0.0392898 9.98918E-05 0.0493605 0.113389
0.400348 9.98468E-05 9.98468E-05 9.98468E-05 9.98468E-05 9.98468E-05 9.98468E-05 9.98468E-05 9.98468E-05 9.98468E-05 9.98468E-05 9.98468E-05 9.98468E-05 9.98468E-05 9.98468E-05 9.98468E-05 0.168962 9.98468E-05 9.98468E-05 0.428993
9.98469E-05 9.98469E-05 9.98469E-05 0.0127506 9.98469E-05 9.98469E-05 9.98469E-05 9.98469E-05 9.98469E-05 9.98469E-05 9.98469E-05 9.98469E-05 9.98469E-05 9.98469E-05 9.98469E-05 0.0879168 0.897635 9.98469E-05 9.98469E-05 9.98469E-05
0.0257605 0.287241 9.98738E-05 9.98738E-05 9.98738E-05 0.104897 9.98738E-05 9.98738E-05 0.0498316 9.98738E-05 0.21699 9.98738E-05 0.313882 9.98738E-05 9.98738E-05 9.98738E-05 9.98738E-05 9.98738E-05 9.98738E-05 9.98738E-05
0.0230711 0.124846 9.98737E-05 9.98737E-05 9.98737E-05 0.284151 9.98737E-05 9.98737E-05 9.98737E-05 9.98737E-05 9.98737E-05 9.98737E-05 9.98737E-05 9.98737E-05 9.98737E-05 9.98737E-05 0.148079 9.98737E-05 0.0350021 0.383452
9.98647E-05 0.155762 0.0847331 9.98647E-05 9.98647E-05 0.541423 9.98647E-05 9.98647E-05 0.155716 9.98647E-05 0.0608684 9.98647E-05 9.98647E-05 9.98647E-05 9.98647E-05 9.98647E-05 9.98647E-05 9.98647E-05 9.98647E-05 9.98647E-05
9.9838E-05 9.9838E-05 9.9838E-05 9.9838E-05 9.9838E-05 9.9838E-05 9.9838E-05 9.9838E-05 9.9838E-05 9.9838E-05 9.9838E-05 0.281476 9.9838E-05 9.9838E-05 9.9838E-05 9.9838E-05 0.716727 9.9838E-05 9.9838E-05 9.9838E-05
9.98557E-05 9.98557E-05 9.98557E-05 9.98557E-05 9.98557E-05 0.588198 9.98557E-05 9.98557E-05 9.98557E-05 9.98557E-05 9.98557E-05 9.98557E-05 0.160091 9.98557E-05 9.98557E-05 9.98557E-05 0.217918 9.98557E-05 9.98557E-05 0.0321954
9.98649E-05 9.98649E-05 9.98649E-05 9.98649E-05 9.98649E-05 0.00569451 9.98649E-05 9.98649E-05 0.12744 9.98649E-05 0.296889 9.98649E-05 0.485805 9.98649E-05 0.0826731 9.98649E-05 9.98649E-05 9.98649E-05 9.98649E-05 9.98649E-05
9.98827E-05 9.98827E-05 9.98827E-05 9.98827E-05 0.0766906 9.98827E-05 9.98827E-05 9.98827E-05 0.533949 9.98827E-05 0.00232281 9.98827E-05 0.0852867 0.21081 9.98827E-05 9.98827E-05 0.0874107 9.98827E-05 9.98827E-05 0.00223168
0.383547 9.98832E-05 9.98832E-05 9.98832E-05 9.98832E-05 9.98832E-05 9.98832E-05 0.126229 0.266184 9.98832E-05 0.0306798 9.98832E-05 9.98832E-05 9.98832E-05 9.98832E-05 0.148794 9.98832E-05 0.030494 0.012774 9.98832E-05
0.186194 0.0125522 9.98919E-05 9.98919E-05 9.98919E-05 0.316205 9.98919E-05 0.0278289 0.291198 9.98919E-05 9.98919E-05 9.98919E-05 0.00846101 9.98919E-05 9.98919E-05 9.98919E-05 0.119335 0.0370268 9.98919E-05 9.98919E-05
9.98557E-05 9.98557E-05 9.98557E-05 9.98557E-05 9.98557E-05 9.98557E-05 9.98557E-05 9.98557E-05 0.0901063 9.98557E-05 9.98557E-05 0.203011 9.98557E-05 0.0711604 9.98557E-05 9.98557E-05 0.634124 9.98557E-05 9.98557E-05 9.98557E-05
9.98828E-05 9.98828E-05 9.98828E-05 9.98828E-05 9.98828E-05 0.240783 9.98828E-05 9.98828E-05 9.98828E-05 0.0547933 0.0465078 9.98828E-05 0.110298 0.315198 9.98828E-05 9.98828E-05 9.98828E-05 0.0272056 9.98828E-05 0.203916
9.98645E-05 9.98645E-05 9.98645E-05 9.98645E-05 0.0429739 9.98645E-05 9.98645E-05 9.98645E-05 0.318117 0.0078166 9.98645E-05 9.98645E-05 9.98645E-05 9.98645E-05 9.98645E-05 9.98645E-05 0.290068 9.98645E-05 9.98645E-05 0.339527
9.98829E-05 9.98829E-05 9.98829E-05 0.12292 9.98829E-05 9.98829E-05 9.98829E-05 0.0559291 0.343373 0.0108702 9.98829E-05 0.288 9.98829E-05 9.98829E-05 0.147169 9.98829E-05 0.0304405 9.98829E-05 9.98829E-05 9.98829E-05
9.99008E-05 9.99008E-05 9.99008E-05 9.99008E-05 9.99008E-05 0.513175 0.00733714 9.99008E-05 9.99008E-05 0.058169 9.99008E-05 9.99008E-05 0.106571 0.127867 0.0453937 9.99008E-05 9.99008E-05 0.010679 0.000535244 0.129173
9.98649E-05 9.98649E-05 9.98649E-05 9.98649E-05 9.98649E-05 9.98649E-05 0.0872976 9.98649E-05 0.010624 9.98649E-05 9.98649E-05 9.98649E-05 9.98649E-05 9.98649E-05 0.373444 0.116923 9.98649E-05 9.98649E-05 9.98649E-05 0.410213
0.00461767 9.98891E-05 0.223797 0.0394376 9.98891E-05 9.98891E-05 9.98891E-05 9.98891E-05 9.98891E-05 9.98891E-05 9.98891E-05 0.171742 9.98891E-05 9.98891E-05 9.98891E-05 0.470982 0.0837663 0.00435885 9.98891E-05 9.98891E-05
9.99007E-05 9.99007E-05 0.13419 9.99007E-05 9.99007E-05 9.99007E-05 9.99007E-05 0.0473568 0.311778 0.0855585 9.99007E-05 0.12941 9.99007E-05 0.00422961 0.0669626 0.0299496 9.99007E-05 9.99007E-05 9.99007E-05 0.189466
9.98828E-05 9.98828E-05 9.98828E-05 9.98828E-05 9.98828E-05 9.98828E-05 0.0338587 9.98828E-05 9.98828E-05 9.98828E-05 0.0121371 0.266613 0.0225128 0.568765 0.0519126 9.98828E-05 9.98828E-05 0.0429018 9.98828E-05 9.98828E-05
9.98829E-05 9.98829E-05 9.98829E-05 9.98829E-05 9.98829E-05 9.98829E-05 9.98829E-05 9.98829E-05 0.149366 9.98829E-05 0.49728 0.245014 9.98829E-05 9.98829E-05 9.98829E-05 9.98829E-05 0.018316 0.039587 0.042463 0.00667543
9.98648E-05 9.98648E-05 9.98648E-05 9.98648E-05 9.98648E-05 9.98648E-05 9.98648E-05 9.98648E-05 0.006933 9.98648E-05 9.98648E-05 0.393761 9.98648E-05 0.501148 9.98648E-05 0.0106441 0.0860169 9.98648E-05 9.98648E-05 9.98648E-05
0.0631557 0.0984274 9.98827E-05 9.98827E-05 9.98827E-05 0.538424 9.98827E-05 9.98827E-05 0.10219 9.98827E-05 0.112302 9.98827E-05 0.0521392 0.0320633 9.98827E-05 9.98827E-05 9.98827E-05 9.98827E-05 9.98827E-05 9.98827E-05
9.98647E-05 9.98647E-05 9.98647E-05 9.98647E-05 9.98647E-05 0.0098998 9.98647E-05 9.98647E-05 0.0566837 9.98647E-05 9.98647E-05 0.487057 9.98647E-05 0.417125 0.0277365 9.98647E-05 9.98647E-05 9.98647E-05 9.98647E-05 9.98647E-05
0.286294 9.9883E-05 9.9883E-05 9.9883E-05 9.9883E-05 0.152262 9.9883E-05 0.0521298 9.9883E-05 9.9883E-05 9.9883E-05 0.32981 0.00462714 9.9883E-05 9.9883E-05 0.00120075 9.9883E-05 9.9883E-05 9.9883E-05 0.172378
0.27171 0.0657537 0.0158221 9.98828E-05 9.98828E-05 0.328073 9.98828E-05 9.98828E-05 9.98828E-05 9.98828E-05 9.98828E-05 0.0177435 9.98828E-05 9.98828E-05 0.165277 9.98828E-05 9.98828E-05 9.98828E-05 9.98828E-05 0.134323
9.98831E-05 9.98831E-05 9.98831E-05 9.98831E-05 9.98831E-05 9.98831E-05 0.143577 9.98831E-05 0.334701 9.98831E-05 0.00657231 0.0675783 0.00751141 9.98831E-05 0.206429 9.98831E-05 9.98831E-05 9.98831E-05 9.98831E-05 0.232332
9.99188E-05 9.99188E-05 0.0447187 9.99188E-05 9.99188E-05 0.0564333 0.0240222 0.026942 0.543719 9.99188E-05 9.99188E-05 9.99188E-05 0.0335233 0.0702785 0.124979 0.00518254 9.99188E-05 9.99188E-05 0.03883 0.0304729
9.98918E-05 0.00323957 9.98918E-05 9.98918E-05 9.98918E-05 9.98918E-05 0.0322607 9.98918E-05 0.378686 9.98918E-05 9.98918E-05 0.0679686 9.98918E-05 9.98918E-05 0.222658 0.0702218 9.98918E-05 0.0210505 9.98918E-05 0.202716
0.141479 9.98738E-05 9.98738E-05 9.98738E-05 9.98738E-05 0.425871 9.98738E-05 9.98738E-05 0.127655 9.98738E-05 9.98738E-05 0.140404 9.98738E-05 9.98738E-05 0.150025 0.0131678 9.98738E-05 9.98738E-05 9.98738E-05 9.98738E-05
9.98918E-05 9.98918E-05 0.10466 0.00146445 9.98918E-05 9.98918E-05 9.98918E-05 9.98918E-05 0.139613 9.98918E-05 9.98918E-05 0.117064 9.98918E-05 0.0305035 0.00959202 0.53635 0.0595541 9.98918E-05 9.98918E-05 9.98918E-05
9.98738E-05 9.98738E-05 0.0264282 9.98738E-05 9.98738E-05 9.98738E-05 9.98738E-05 0.0317282 9.98738E-05 9.98738E-05 9.98738E-05 0.609285 9.98738E-05 9.98738E-05 9.98738E-05 0.203915 0.102685 9.98738E-05 9.98738E-05 0.0245595
9.98739E-05 9.98739E-05 0.0683474 0.0367233 9.98739E-05 9.98739E-05 9.98739E-05 9.98739E-05 9.98739E-05 0.0364431 9.98739E-05 0.0203127 9.98739E-05 0.613771 9.98739E-05 9.98739E-05 9.98739E-05 9.98739E-05 9.98739E-05 0.223004
9.98649E-05 9.98649E-05 9.98649E-05 0.0628752 9.98649E-05 9.98649E-05 0.0223041 9.98649E-05 9.98649E-05 9.98649E-05 9.98649E-05 0.689683 0.0278426 0.195797 9.98649E-05 9.98649E-05 9.98649E-05 9.98649E-05 9.98649E-05 9.98649E-05
9.98558E-05 0.0261539 0.0677782 9.98558E-05 9.98558E-05 9.98558E-05 9.98558E-05 9.98558E-05 0.0531871 9.98558E-05 9.98558E-05 9.98558E-05 9.98558E-05 9.98558E-05 9.98558E-05 0.851283 9.98558E-05 9.98558E-05 9.98558E-05 9.98558E-05
9.98648E-05 9.98648E-05 0.248647 0.146934 0.0348346 9.98648E-05 9.98648E-05 9.98648E-05 9.98648E-05 9.98648E-05 9.98648E-05 9.98648E-05 9.98648E-05 0.211657 9.98648E-05 9.98648E-05 9.98648E-05 9.98648E-05 9.98648E-05 0.356429
9.98737E-05 9.98737E-05 9.98737E-05 9.98737E-05 0.0497247 9.98737E-05 9.98737E-05 9.98737E-05 0.303603 9.98737E-05 0.0653989 0.118887 9.98737E-05 0.395419 9.98737E-05 9.98737E-05 0.0655689 9.98737E-05 9.98737E-05 9.98737E-05
0.0152024 0.405682 9.9883E-05 9.9883E-05 9.9883E-05 9.9883E-05 9.9883E-05 9.9883E-05 9.9883E-05 0.0149849 9.9883E-05 0.107056 0.446001 9.9883E-05 9.9883E-05 9.9883E-05 9.9883E-05 0.00254326 0.00723268 9.9883E-05
9.98648E-05 0.818514 9.98648E-05 9.98648E-05 9.98648E-05 9.98648E-05 9.98648E-05 9.98648E-05 9.98648E-05 0.0144609 9.98648E-05 9.98648E-05 9.98648E-05 0.130245 9.98648E-05 9.98648E-05 9.98648E-05 0.0278571 9.98648E-05 0.00742541
9.98918E-05 0.106486 0.168374 9.98918E-05 0.0531469 9.98918E-05 9.98918E-05 0.0692791 0.15948 0.0599561 9.98918E-05 9.98918E-05 0.0500352 0.332044 9.98918E-05 9.98918E-05 9.98918E-05 9.98918E-05 9.98918E-05 9.98918E-05
9.98557E-05 0.639875 9.98557E-05 9.98557E-05 9.98557E-05 0.0925745 9.98557E-05 9.98557E-05 9.98557E-05 9.98557E-05 0.138011 9.98557E-05 9.98557E-05 0.127941 9.98557E-05 9.98557E-05 9.98557E-05 9.98557E-05 9.98557E-05 9.98557E-05
9.98469E-05 0.926693 9.98469E-05 9.98469E-05 9.98469E-05 9.98469E-05 9.98469E-05 9.98469E-05 9.98469E-05 9.98469E-05 9.98469E-05 9.98469E-05 0.00306945 9.98469E-05 0.0685398 9.98469E-05 9.98469E-05 9.98469E-05 9.98469E-05 9.98469E-05
0.409468 0.412282 0.0731479 9.98647E-05 9.98647E-05 9.98647E-05 9.98647E-05 9.98647E-05 9.98647E-05 9.98647E-05 9.98647E-05 9.98647E-05 9.98647E-05 9.98647E-05 0.0440626 9.98647E-05 9.98647E-05 0.0595421 9.98647E-05 9.98647E-05
0.0917943 0.727059 9.98739E-05 9.98739E-05 9.98739E-05 0.0720783 9.98739E-05 0.0195103 9.98739E-05 9.98739E-05 9.98739E-05 9.98739E-05 9.98739E-05 0.0697581 9.98739E-05 9.98739E-05 0.0184015 9.98739E-05 9.98739E-05 9.98739E-05
9.9874E-05 0.194644 0.282319 9.9874E-05 0.0272301 9.9874E-05 9.9874E-05 9.9874E-05 9.9874E-05 0.0133457 9.9874E-05 9.9874E-05 9.9874E-05 0.467889 9.9874E-05 9.9874E-05 9.9874E-05 0.0131726 9.9874E-05 9.9874E-05
9.9865E-05 9.9865E-05 0.236411 9.9865E-05 9.9865E-05 9.9865E-05 9.9865E-05 9.9865E-05 9.9865E-05 9.9865E-05 9.9865E-05 0.019544 9.9865E-05 0.210221 9.9865E-05 0.164483 0.367843 9.9865E-05 9.9865E-05 9.9865E-05
9.98918E-05 9.98918E-05 0.0391681 9.98918E-05 0.00316354 9.98918E-05 9.98918E-05 0.0447383 0.178656 0.0970409 9.98918E-05 9.98918E-05 0.561147 0.0607509 0.014137 9.98918E-05 9.98918E-05 9.98918E-05 9.98918E-05 9.98918E-05
9.98559E-05 0.0723276 0.775081 9.98559E-05 9.98559E-05 9.98559E-05 9.98559E-05 0.139342 9.98559E-05 9.98559E-05 9.98559E-05 9.98559E-05 9.98559E-05 0.0116512 9.98559E-05 9.98559E-05 9.98559E-05 9.98559E-05 9.98559E-05 9.98559E-05
9.9883E-05 0.0455352 0.196387 9.9883E-05 0.108568 9.9883E-05 9.9883E-05 0.168114 0.119418 0.136484 9.9883E-05 9.9883E-05 9.9883E-05 0.224195 9.9883E-05 9.9883E-05 9.9883E-05 9.9883E-05 9.9883E-05 9.9883E-05
9.98702E-05 0.251313 9.98702E-05 9.98702E-05 0.118545 9.98702E-05 9.98702E-05 0.170084 0.182172 9.98702E-05 0.0108897 9.98702E-05 0.00962316 0.256075 9.98702E-05 9.98702E-05 9.98702E-05 9.98702E-05 9.98702E-05 9.98702E-05
