0.368744 9.9919E-05 9.9919E-05 0.169909 9.9919E-05 0.364295 9.9919E-05 9.9919E-05 9.9919E-05 9.9919E-05 9.9919E-05 0.0960294 9.9919E-05 0.000123797
0.265764 9.9946E-05 0.0045851 0.00945514 9.9946E-05 0.529825 9.9946E-05 0.0442559 0.0949453 9.9946E-05 9.9946E-05 0.0121018 9.9946E-05 0.0384684
9.99549E-05 0.189007 9.99549E-05 9.99549E-05 0.041804 0.254275 9.99549E-05 0.0310494 0.0037867 0.00204033 0.0171952 9.99549E-05 0.413962 0.0463813
0.59182 0.0031634 9.99369E-05 0.291044 0.00270703 0.019804 9.99369E-05 9.99369E-05 9.99369E-05 0.0657523 9.99369E-05 0.0250104 9.99369E-05 9.99369E-05
0.282607 9.99279E-05 9.99279E-05 0.35332 9.99279E-05 9.99279E-05 9.99279E-05 0.203648 9.99279E-05 0.0708837 0.0668536 9.99279E-05 9.99279E-05 0.0218889
9.99279E-05 9.99279E-05 0.0484974 0.14301 0.287617 0.462994 9.99279E-05 9.99279E-05 9.99279E-05 9.99279E-05 9.99279E-05 9.99279E-05 0.0558699 0.0012131
0.0648837 0.258262 9.99098E-05 9.99098E-05 9.99098E-05 0.308674 9.99098E-05 9.99098E-05 9.99098E-05 9.99098E-05 9.99098E-05 9.99098E-05 0.367182 9.99098E-05
9.9919E-05 9.9919E-05 0.0679783 9.9919E-05 0.184511 0.497859 9.9919E-05 0.102363 9.9919E-05 9.9919E-05 9.9919E-05 9.9919E-05 0.146389 9.9919E-05
0.331266 9.9937E-05 9.9937E-05 9.9937E-05 0.0719018 0.429069 9.9937E-05 9.9937E-05 0.017871 0.0839268 0.03644 0.028826 9.9937E-05 9.9937E-05
9.99099E-05 0.445645 9.99099E-05 9.99099E-05 0.287394 9.99099E-05 9.99099E-05 9.99099E-05 9.99099E-05 9.99099E-05 9.99099E-05 0.0363634 0.229598 9.99099E-05
0.208792 0.0278174 9.99459E-05 0.00371524 0.0910674 0.143527 9.99459E-05 0.0643851 0.39464 9.99459E-05 9.99459E-05 9.99459E-05 9.99459E-05 0.0654564
0.546049 0.03191 9.9937E-05 9.9937E-05 0.210758 9.9937E-05 9.9937E-05 0.10844 0.0803047 0.0178764 0.00396219 9.9937E-05 9.9937E-05 9.9937E-05
0.0339392 9.99729E-05 0.00755772 0.104608 9.99729E-05 0.179334 0.0440124 9.99729E-05 0.0534038 0.222684 0.0431928 0.00275879 0.11253 0.19568
9.99099E-05 0.246536 9.99099E-05 9.99099E-05 0.168608 0.41243 9.99099E-05 9.99099E-05 9.99099E-05 9.99099E-05 9.99099E-05 9.99099E-05 0.171427 9.99099E-05
0.351348 9.99189E-05 9.99189E-05 9.99189E-05 0.0692615 0.00285972 9.99189E-05 0.173091 0.402541 9.99189E-05 9.99189E-05 9.99189E-05 9.99189E-05 9.99189E-05
9.99279E-05 0.433107 0.0281977 0.0940887 9.99279E-05 9.99279E-05 0.0469738 0.0331237 9.99279E-05 9.99279E-05 9.99279E-05 9.99279E-05 0.363709 9.99279E-05
0.0715538 0.265593 9.99099E-05 9.99099E-05 9.99099E-05 0.412548 9.99099E-05 9.99099E-05 9.99099E-05 9.99099E-05 9.99099E-05 9.99099E-05 0.249307 9.99099E-05
9.99098E-05 9.99098E-05 9.99098E-05 9.99098E-05 9.99098E-05 0.592147 9.99098E-05 9.99098E-05 0.0354141 9.99098E-05 9.99098E-05 9.99098E-05 0.363861 0.00757962
0.465362 9.9928E-05 9.9928E-05 9.9928E-05 0.0386488 0.216441 9.9928E-05 9.9928E-05 9.9928E-05 0.140062 9.9928E-05 9.9928E-05 0.0251207 0.113567
9.99099E-05 9.99099E-05 9.99099E-05 0.129328 9.99099E-05 9.99099E-05 9.99099E-05 9.99099E-05 0.115683 9.99099E-05 0.0435976 0.710392 9.99099E-05 9.99099E-05
9.99009E-05 9.99009E-05 9.99009E-05 0.11489 9.99009E-05 9.99009E-05 9.99009E-05 9.99009E-05 9.99009E-05 0.122562 9.99009E-05 0.76145 9.99009E-05 9.99009E-05
9.98917E-05 9.98917E-05 9.98917E-05 0.167752 9.98917E-05 9.98917E-05 9.98917E-05 9.98917E-05 9.98917E-05 9.98917E-05 9.98917E-05 0.831049 9.98917E-05 9.98917E-05
0.0306193 9.99099E-05 9.99099E-05 9.99099E-05 9.99099E-05 9.99099E-05 9.99099E-05 9.99099E-05 9.99099E-05 0.330169 0.0270256 0.611187 9.99099E-05 9.99099E-05
0.117096 9.99189E-05 9.99189E-05 9.99189E-05 9.99189E-05 9.99189E-05 9.99189E-05 9.99189E-05 0.120642 0.0345526 0.0112267 0.715583 9.99189E-05 9.99189E-05
9.99278E-05 0.186404 0.217209 9.99278E-05 0.0111534 0.0660831 9.99278E-05 9.99278E-05 9.99278E-05 9.99278E-05 9.99278E-05 0.462238 0.056114 9.99278E-05
0.135629 9.99278E-05 9.99278E-05 9.99278E-05 0.0724252 9.99278E-05 9.99278E-05 0.0266277 0.0943259 9.99278E-05 0.296247 0.373945 9.99278E-05 9.99278E-05
9.99189E-05 9.99189E-05 0.168105 9.99189E-05 9.99189E-05 9.99189E-05 0.501624 9.99189E-05 9.99189E-05 9.99189E-05 0.0372208 0.254938 0.0372132 9.99189E-05
9.9928E-05 9.9928E-05 9.9928E-05 0.291812 9.9928E-05 9.9928E-05 9.9928E-05 0.127238 0.0177021 0.0427502 0.274952 0.244747 9.9928E-05 9.9928E-05
9.99098E-05 0.0751617 9.99098E-05 0.0780443 9.99098E-05 9.99098E-05 9.99098E-05 9.99098E-05 9.99098E-05 9.99098E-05 9.99098E-05 0.83663 9.99098E-05 0.00916458
9.99009E-05 9.99009E-05 9.99009E-05 9.99009E-05 9.99009E-05 9.99009E-05 9.99009E-05 9.99009E-05 0.0111813 0.137628 9.99009E-05 0.850091 9.99009E-05 9.99009E-05
9.99371E-05 0.0146182 0.00595883 9.99371E-05 9.99371E-05 0.010883 0.157124 9.99371E-05 9.99371E-05 0.135649 9.99371E-05 0.605447 0.0696203 9.99371E-05
9.99369E-05 0.138457 0.189119 9.99369E-05 9.99369E-05 0.00172254 0.0247045 9.99369E-05 9.99369E-05 9.99369E-05 0.307431 0.219311 9.99369E-05 0.118555
9.99188E-05 0.135979 0.000459358 9.99188E-05 9.99188E-05 9.99188E-05 0.12497 9.99188E-05 9.99188E-05 9.99188E-05 9.99188E-05 0.59981 0.137882 9.99188E-05
9.99188E-05 0.00217988 0.0533337 9.99188E-05 9.99188E-05 0.17834 9.99188E-05 9.99188E-05 9.99188E-05 9.99188E-05 9.99188E-05 0.673957 0.0912898 9.99188E-05
9.99099E-05 9.99099E-05 9.99099E-05 9.99099E-05 0.0168705 9.99099E-05 9.99099E-05 9.99099E-05 0.0333188 0.127229 9.99099E-05 0.821583 9.99099E-05 9.99099E-05
0.0559512 9.99189E-05 9.99189E-05 9.99189E-05 9.99189E-05 9.99189E-05 9.99189E-05 9.99189E-05 0.186034 0.0157178 0.0144638 0.726934 9.99189E-05 9.99189E-05
9.98919E-05 9.98919E-05 9.98919E-05 9.98919E-05 9.98919E-05 9.98919E-05 9.98919E-05 9.98919E-05 0.334945 9.98919E-05 9.98919E-05 0.663856 9.98919E-05 9.98919E-05
0.0744995 9.99099E-05 9.99099E-05 9.99099E-05 9.99099E-05 9.99099E-05 9.99099E-05 0.0168561 9.99099E-05 0.240376 9.99099E-05 0.667269 9.99099E-05 9.99099E-05
0.0246464 9.99187E-05 0.59773 0.124777 9.99187E-05 0.0293789 9.99187E-05 9.99187E-05 9.99187E-05 9.99187E-05 0.222569 9.99187E-05 9.99187E-05 9.99187E-05
9.9901E-05 9.9901E-05 0.743186 9.9901E-05 9.9901E-05 9.9901E-05 0.213211 9.9901E-05 9.9901E-05 9.9901E-05 9.9901E-05 9.9901E-05 9.9901E-05 0.0425037
9.99279E-05 0.0994013 0.532082 9.99279E-05 0.0119473 9.99279E-05 0.166664 9.99279E-05 9.99279E-05 9.99279E-05 9.99279E-05 0.059182 0.129925 9.99279E-05
9.99279E-05 9.99279E-05 0.343782 0.0883934 9.99279E-05 9.99279E-05 0.0759485 9.99279E-05 9.99279E-05 0.307037 0.182461 0.00157786 9.99279E-05 9.99279E-05
9.99278E-05 0.0120067 0.552356 0.122323 9.99278E-05 0.0340697 9.99278E-05 9.99278E-05 9.99278E-05 9.99278E-05 0.00655883 0.271886 9.99278E-05 9.99278E-05
9.99369E-05 0.030111 0.639819 9.99369E-05 0.0642458 9.99369E-05 9.99369E-05 9.99369E-05 0.0933931 9.99369E-05 9.99369E-05 0.0471088 0.0843206 0.0403019
0.190461 9.9919E-05 9.9919E-05 9.9919E-05 9.9919E-05 9.9919E-05 9.9919E-05 0.128894 9.9919E-05 0.0478541 0.582191 0.0497009 9.9919E-05 9.9919E-05
0.0876657 9.99189E-05 0.29828 9.99189E-05 9.99189E-05 9.99189E-05 9.99189E-05 0.177356 0.0978922 9.99189E-05 0.337907 9.99189E-05 9.99189E-05 9.99189E-05
9.99189E-05 0.169008 0.526742 9.99189E-05 9.99189E-05 9.99189E-05 0.0612817 9.99189E-05 9.99189E-05 9.99189E-05 9.99189E-05 0.14144 0.100629 9.99189E-05
9.99188E-05 9.99188E-05 0.670834 0.144136 9.99188E-05 9.99188E-05 9.99188E-05 0.000725835 0.0373411 9.99188E-05 0.146064 9.99188E-05 9.99188E-05 9.99188E-05
9.98919E-05 9.98919E-05 0.340966 9.98919E-05 9.98919E-05 9.98919E-05 0.657836 9.98919E-05 9.98919E-05 9.98919E-05 9.98919E-05 9.98919E-05 9.98919E-05 9.98919E-05
9.99189E-05 9.99189E-05 0.484568 9.99189E-05 9.99189E-05 9.99189E-05 9.99189E-05 0.241111 0.0274299 0.0345685 0.211423 9.99189E-05 9.99189E-05 9.99189E-05
9.99189E-05 9.99189E-05 0.715119 0.0336572 9.99189E-05 9.99189E-05 0.235649 9.99189E-05 9.99189E-05 0.00875775 0.00591804 9.99189E-05 9.99189E-05 9.99189E-05
9.9928E-05 9.9928E-05 0.500298 0.143176 9.9928E-05 9.9928E-05 9.9928E-05 9.9928E-05 0.0121321 0.280042 0.037598 0.0259543 9.9928E-05 9.9928E-05
0.0409122 9.99278E-05 0.107317 9.99278E-05 0.0702017 9.99278E-05 9.99278E-05 9.99278E-05 0.283811 9.99278E-05 0.391409 0.10555 9.99278E-05 9.99278E-05
0.0728211 9.99369E-05 0.382152 9.99369E-05 0.00758941 0.0678746 9.99369E-05 0.0395865 0.282728 9.99369E-05 0.146549 9.99369E-05 9.99369E-05 9.99369E-05
0.0294082 0.0174716 0.180237 9.9955E-05 9.9955E-05 9.9955E-05 0.00222777 0.129286 0.0115303 0.324769 0.232294 0.0722762 9.9955E-05 9.9955E-05
0.161822 9.9919E-05 9.9919E-05 9.9919E-05 9.9919E-05 9.9919E-05 9.9919E-05 0.0160321 9.9919E-05 0.284635 0.0786959 0.457916 9.9919E-05 9.9919E-05
9.99188E-05 0.0919061 0.640565 0.0623567 9.99188E-05 9.99188E-05 9.99188E-05 9.99188E-05 9.99188E-05 9.99188E-05 0.161623 9.99188E-05 9.99188E-05 0.0426495
9.99369E-05 9.99369E-05 0.340202 0.103323 9.99369E-05 9.99369E-05 0.115779 9.99369E-05 0.00452216 0.0811061 0.299335 0.0550322 9.99369E-05 9.99369E-05
9.99188E-05 0.0999811 0.772227 0.00162946 9.99188E-05 9.99188E-05 0.109958 9.99188E-05 9.99188E-05 9.99188E-05 9.99188E-05 9.99188E-05 9.99188E-05 0.0153044
9.99279E-05 9.99279E-05 0.305975 0.160105 9.99279E-05 9.99279E-05 9.99279E-05 0.020586 0.00053981 0.0306661 0.481329 9.99279E-05 9.99279E-05 9.99279E-05
0.0128311 9.99368E-05 0.290193 0.084746 9.99368E-05 0.0563254 9.99368E-05 9.99368E-05 0.0452149 9.99368E-05 0.478462 0.0315282 9.99368E-05 9.99368E-05
0.095429 9.99279E-05 0.469836 9.99279E-05 9.99279E-05 0.00740204 9.99279E-05 0.0940424 0.0909798 9.99279E-05 0.241511 9.99279E-05 9.99279E-05 9.99279E-05
9.99279E-05 0.231361 0.1453 9.99279E-05 9.99279E-05 9.99279E-05 0.0288458 9.99279E-05 9.99279E-05 9.99279E-05 0.433665 0.0026152 9.99279E-05 0.157413
9.99099E-05 9.99099E-05 0.0863454 9.99099E-05 9.99099E-05 9.99099E-05 9.99099E-05 9.99099E-05 9.99099E-05 0.379054 0.513097 0.020505 9.99099E-05 9.99099E-05
9.99099E-05 0.052903 0.19708 9.99099E-05 9.99099E-05 9.99099E-05 9.99099E-05 9.99099E-05 9.99099E-05 9.99099E-05 0.30292 9.99099E-05 0.446098 9.99099E-05
0.0342262 9.99369E-05 0.0385859 9.99369E-05 0.0326296 0.186518 9.99369E-05 9.99369E-05 0.147612 9.99369E-05 0.396377 0.163352 9.99369E-05 9.99369E-05
9.99189E-05 9.99189E-05 0.0100043 0.0288168 9.99189E-05 9.99189E-05 9.99189E-05 0.13444 9.99189E-05 0.0754976 0.750342 9.99189E-05 9.99189E-05 9.99189E-05
9.9919E-05 9.9919E-05 9.9919E-05 0.0348868 9.9919E-05 9.9919E-05 0.0450405 0.0733588 0.164084 9.9919E-05 0.68173 9.9919E-05 9.9919E-05 9.9919E-05
9.99278E-05 9.99278E-05 9.99278E-05 9.99278E-05 0.00999211 0.199691 9.99278E-05 9.99278E-05 9.99278E-05 9.99278E-05 0.584858 0.166043 0.0222157 0.0164003
9.99369E-05 0.0523168 0.0794036 0.0877911 0.0371709 0.102126 9.99369E-05 9.99369E-05 9.99369E-05 9.99369E-05 0.29778 0.342712 9.99369E-05 9.99369E-05
9.99279E-05 0.126874 0.0714493 9.99279E-05 9.99279E-05 9.99279E-05 0.332336 9.99279E-05 9.99279E-05 9.99279E-05 0.230017 0.222952 9.99279E-05 0.0155724
9.99099E-05 9.99099E-05 0.307556 9.99099E-05 9.99099E-05 9.99099E-05 0.069432 9.99099E-05 9.99099E-05 9.99099E-05 0.212127 9.99099E-05 0.409886 9.99099E-05
9.99009E-05 9.99009E-05 9.99009E-05 9.99009E-05 9.99009E-05 9.99009E-05 9.99009E-05 0.201992 9.99009E-05 0.153023 9.99009E-05 0.643886 9.99009E-05 9.99009E-05
9.99278E-05 0.202531 0.331609 9.99278E-05 9.99278E-05 9.99278E-05 0.0522051 9.99278E-05 9.99278E-05 9.99278E-05 0.335367 9.99278E-05 0.0744685 0.00302022
9.99008E-05 9.99008E-05 9.99008E-05 0.099268 9.99008E-05 9.99008E-05 9.99008E-05 9.99008E-05 9.99008E-05 9.99008E-05 0.887749 9.99008E-05 9.99008E-05 0.0118838
0.32769 9.99279E-05 9.99279E-05 9.99279E-05 0.0249183 9.99279E-05 9.99279E-05 9.99279E-05 0.000154567 9.99279E-05 0.411417 0.228353 0.00666715 9.99279E-05
9.99188E-05 0.119549 0.0202847 9.99188E-05 9.99188E-05 9.99188E-05 0.00192569 9.99188E-05 9.99188E-05 9.99188E-05 9.99188E-05 0.726913 0.130428 9.99188E-05
9.99189E-05 9.99189E-05 0.170629 9.99189E-05 9.99189E-05 9.99189E-05 0.30997 9.99189E-05 9.99189E-05 9.99189E-05 0.0224166 0.223888 0.272197 9.99189E-05
9.99098E-05 0.143654 0.0961624 9.99098E-05 9.99098E-05 9.99098E-05 9.99098E-05 9.99098E-05 9.99098E-05 9.99098E-05 9.99098E-05 0.699182 0.0600025 9.99098E-05
9.99369E-05 0.0173212 0.0695398 0.180224 9.99369E-05 9.99369E-05 0.0358194 9.99369E-05 9.99369E-05 9.99369E-05 0.272004 0.38868 9.99369E-05 0.0357121
9.99099E-05 9.99099E-05 0.152825 9.99099E-05 9.99099E-05 9.99099E-05 0.591391 9.99099E-05 9.99099E-05 9.99099E-05 0.0820747 0.17271 9.99099E-05 9.99099E-05
0.0181154 9.99189E-05 0.191892 9.99189E-05 9.99189E-05 9.99189E-05 9.99189E-05 9.99189E-05 9.99189E-05 0.28349 0.301123 0.204481 9.99189E-05 9.99189E-05
9.99099E-05 9.99099E-05 0.511741 0.0842656 9.99099E-05 9.99099E-05 9.99099E-05 9.99099E-05 9.99099E-05 0.187202 0.215792 9.99099E-05 9.99099E-05 9.99099E-05
9.9928E-05 9.9928E-05 0.430805 9.9928E-05 9.9928E-05 9.9928E-05 0.0162005 9.9928E-05 0.0998002 0.271388 0.0875436 0.0934628 9.9928E-05 9.9928E-05
9.99188E-05 0.109049 0.511042 9.99188E-05 9.99188E-05 9.99188E-05 0.0879255 9.99188E-05 9.99188E-05 9.99188E-05 0.167946 9.99188E-05 0.123139 9.99188E-05
9.99098E-05 9.99098E-05 0.210622 0.338459 9.99098E-05 9.99098E-05 9.99098E-05 9.99098E-05 9.99098E-05 9.99098E-05 0.420656 0.0292643 9.99098E-05 9.99098E-05
0.0699279 9.99009E-05 9.99009E-05 9.99009E-05 9.99009E-05 9.99009E-05 9.99009E-05 9.99009E-05 9.99009E-05 0.0879454 0.841028 9.99009E-05 9.99009E-05 9.99009E-05
9.99368E-05 0.0795815 0.0593684 9.99368E-05 0.0408945 0.140609 9.99368E-05 9.99368E-05 9.99368E-05 9.99368E-05 0.152295 0.360878 0.165674 9.99368E-05
9.99099E-05 9.99099E-05 0.587769 9.99099E-05 0.00423366 9.99099E-05 9.99099E-05 9.99099E-05 9.99099E-05 9.99099E-05 9.99099E-05 0.000262397 0.406735 9.99099E-05
9.99099E-05 9.99099E-05 9.99099E-05 9.99099E-05 9.99099E-05 0.192356 9.99099E-05 0.164315 9.99099E-05 9.99099E-05 0.301656 0.340674 9.99099E-05 9.99099E-05
9.99098E-05 9.99098E-05 0.400864 9.99098E-05 9.99098E-05 0.00773638 9.99098E-05 9.99098E-05 9.99098E-05 9.99098E-05 0.234143 9.99098E-05 0.356258 9.99098E-05
9.99279E-05 9.99279E-05 0.366535 9.99279E-05 9.99279E-05 0.0356867 9.99279E-05 0.0203163 9.99279E-05 9.99279E-05 0.151818 0.0508286 0.374016 9.99279E-05
9.99009E-05 9.99009E-05 9.99009E-05 9.99009E-05 9.99009E-05 9.99009E-05 9.99009E-05 0.42285 9.99009E-05 9.99009E-05 0.445351 0.1307 9.99009E-05 9.99009E-05
9.99099E-05 9.99099E-05 0.378575 9.99099E-05 9.99099E-05 0.292162 9.99099E-05 9.99099E-05 9.99099E-05 9.99099E-05 0.286 9.99099E-05 0.0422644 9.99099E-05
9.99369E-05 9.99369E-05 0.381733 9.99369E-05 0.0460603 0.253276 9.99369E-05 0.0436652 9.99369E-05 9.99369E-05 0.101934 0.148303 0.0243287 9.99369E-05
9.99009E-05 9.99009E-05 9.99009E-05 9.99009E-05 9.99009E-05 9.99009E-05 0.409869 9.99009E-05 9.99009E-05 9.99009E-05 0.00922842 9.99009E-05 9.99009E-05 0.579804
9.99369E-05 9.99369E-05 0.116611 0.0998271 9.99369E-05 9.99369E-05 0.213979 9.99369E-05 9.99369E-05 0.00824788 9.99369E-05 0.0169245 0.000491111 0.543221
9.99189E-05 9.99189E-05 0.00367374 0.0597208 9.99189E-05 9.99189E-05 0.0599351 9.99189E-05 9.99189E-05 0.188445 9.99189E-05 9.99189E-05 9.99189E-05 0.687326
9.98919E-05 9.98919E-05 9.98919E-05 9.98919E-05 9.98919E-05 9.98919E-05 9.98919E-05 0.434859 9.98919E-05 9.98919E-05 9.98919E-05 9.98919E-05 9.98919E-05 0.563943
9.99099E-05 0.111431 9.99099E-05 9.99099E-05 0.00939365 9.99099E-05 0.246283 9.99099E-05 9.99099E-05 9.99099E-05 9.99099E-05 9.99099E-05 9.99099E-05 0.631894
0.0589701 0.095634 9.99459E-05 9.99459E-05 9.99459E-05 0.477256 9.99459E-05 0.103788 9.99459E-05 0.040445 0.0182045 0.00219212 9.99459E-05 0.202911
9.99008E-05 0.0406838 9.99008E-05 9.99008E-05 9.99008E-05 9.99008E-05 9.99008E-05 9.99008E-05 9.99008E-05 9.99008E-05 9.99008E-05 9.99008E-05 0.455526 0.502691
9.98918E-05 9.98918E-05 9.98918E-05 9.98918E-05 9.98918E-05 9.98918E-05 0.302452 9.98918E-05 9.98918E-05 9.98918E-05 9.98918E-05 9.98918E-05 9.98918E-05 0.696349
9.99279E-05 0.133576 9.99279E-05 0.113827 0.0115608 9.99279E-05 9.99279E-05 9.99279E-05 9.99279E-05 9.99279E-05 0.00403352 0.0338021 9.99279E-05 0.702401
0.00636162 9.99369E-05 9.99369E-05 0.202335 9.99369E-05 9.99369E-05 9.99369E-05 0.0408775 0.201948 0.0287043 0.0758664 9.99369E-05 9.99369E-05 0.443208
9.99009E-05 9.99009E-05 9.99009E-05 9.99009E-05 0.116311 9.99009E-05 0.668981 9.99009E-05 9.99009E-05 9.99009E-05 9.99009E-05 9.99009E-05 9.99009E-05 0.213609
0.00608624 9.99189E-05 9.99189E-05 9.99189E-05 0.0534158 9.99189E-05 9.99189E-05 9.99189E-05 0.466087 9.99189E-05 9.99189E-05 9.99189E-05 0.0183424 0.455169
9.99189E-05 0.172137 0.0050465 0.00450363 9.99189E-05 9.99189E-05 0.0794345 9.99189E-05 9.99189E-05 9.99189E-05 9.99189E-05 9.99189E-05 9.99189E-05 0.737979
9.99279E-05 0.0149829 9.99279E-05 0.0876999 9.99279E-05 0.221328 9.99279E-05 9.99279E-05 0.111535 9.99279E-05 0.0370204 9.99279E-05 9.99279E-05 0.526633
9.99099E-05 0.0820226 9.99099E-05 0.367663 9.99099E-05 9.99099E-05 9.99099E-05 9.99099E-05 9.99099E-05 9.99099E-05 9.99099E-05 0.049212 9.99099E-05 0.500103
0.026744 0.311487 9.99279E-05 9.99279E-05 9.99279E-05 0.211718 9.99279E-05 9.99279E-05 9.99279E-05 9.99279E-05 9.99279E-05 0.0192652 0.105525 0.324461
0.183231 9.99278E-05 9.99278E-05 9.99278E-05 9.99278E-05 9.99278E-05 9.99278E-05 0.0955037 0.081115 0.0719006 0.0890434 9.99278E-05 9.99278E-05 0.478406
0.0753374 9.99098E-05 9.99098E-05 9.99098E-05 9.99098E-05 9.99098E-05 9.99098E-05 9.99098E-05 9.99098E-05 0.546583 9.99098E-05 9.99098E-05 0.00952732 0.367553
9.99279E-05 0.0657156 0.136339 0.193657 0.0175365 9.99279E-05 9.99279E-05 9.99279E-05 9.99279E-05 9.99279E-05 9.99279E-05 0.0662152 9.99279E-05 0.519738
9.99009E-05 0.164186 9.99009E-05 9.99009E-05 9.99009E-05 9.99009E-05 9.99009E-05 9.99009E-05 9.99009E-05 9.99009E-05 9.99009E-05 9.99009E-05 0.0864354 0.74828
9.99189E-05 9.99189E-05 9.99189E-05 0.372234 9.99189E-05 9.99189E-05 9.99189E-05 0.0269411 0.0441963 9.99189E-05 9.99189E-05 0.0281932 9.99189E-05 0.527536
9.99009E-05 9.99009E-05 9.99009E-05 0.128035 9.99009E-05 9.99009E-05 9.99009E-05 9.99009E-05 9.99009E-05 0.312005 9.99009E-05 9.99009E-05 9.99009E-05 0.558861
9.99459E-05 0.0431346 9.99459E-05 0.220158 0.0115012 0.21498 9.99459E-05 0.370532 0.0932329 0.0202453 0.0256163 9.99459E-05 9.99459E-05 9.99459E-05
9.99008E-05 0.0391602 9.99008E-05 9.99008E-05 0.702845 9.99008E-05 9.99008E-05 9.99008E-05 9.99008E-05 9.99008E-05 9.99008E-05 9.99008E-05 0.256896 9.99008E-05
0.0395282 0.0198379 9.99369E-05 9.99369E-05 9.99369E-05 0.273681 0.0428982 0.0616243 9.99369E-05 0.543453 0.0182778 9.99369E-05 9.99369E-05 9.99369E-05
9.99099E-05 0.572156 9.99099E-05 0.0505814 9.99099E-05 0.375303 9.99099E-05 9.99099E-05 9.99099E-05 9.99099E-05 9.99099E-05 0.000961016 9.99099E-05 9.99099E-05
9.99007E-05 9.99007E-05 9.99007E-05 9.99007E-05 0.502381 9.99007E-05 0.489806 9.99007E-05 9.99007E-05 9.99007E-05 9.99007E-05 9.99007E-05 0.00671452 9.99007E-05
0.287661 9.99188E-05 9.99188E-05 9.99188E-05 0.0386861 0.190521 9.99188E-05 9.99188E-05 0.346387 0.135846 9.99188E-05 9.99188E-05 9.99188E-05 9.99188E-05
9.99099E-05 9.99099E-05 9.99099E-05 0.00998011 0.736271 9.99099E-05 0.0328967 9.99099E-05 0.219853 9.99099E-05 9.99099E-05 9.99099E-05 9.99099E-05 9.99099E-05
9.99549E-05 9.99549E-05 0.0341149 0.102953 0.0275839 0.697626 0.00710077 9.99549E-05 9.99549E-05 0.0334056 0.0598845 9.99549E-05 0.0241351 0.0126959
9.98918E-05 9.98918E-05 9.98918E-05 9.98918E-05 0.734242 9.98918E-05 9.98918E-05 9.98918E-05 9.98918E-05 0.264559 9.98918E-05 9.98918E-05 9.98918E-05 9.98918E-05
9.99189E-05 0.305801 9.99189E-05 9.99189E-05 0.227934 9.99189E-05 0.0151652 9.99189E-05 9.99189E-05 0.0347578 9.99189E-05 9.99189E-05 0.415443 9.99189E-05
0.0598681 9.99459E-05 9.99459E-05 0.182627 0.14392 0.110757 9.99459E-05 0.141827 0.265205 0.0765838 0.0186117 9.99459E-05 9.99459E-05 9.99459E-05
9.99009E-05 9.99009E-05 9.99009E-05 9.99009E-05 0.589571 9.99009E-05 9.99009E-05 0.00187088 9.99009E-05 0.407459 9.99009E-05 9.99009E-05 9.99009E-05 9.99009E-05
9.99008E-05 9.99008E-05 9.99008E-05 9.99008E-05 0.415152 9.99008E-05 0.462968 9.99008E-05 9.99008E-05 9.99008E-05 9.99008E-05 9.99008E-05 0.120781 9.99008E-05
0.326659 9.99189E-05 9.99189E-05 9.99189E-05 9.99189E-05 0.152636 9.99189E-05 0.217445 0.228441 0.0739197 9.99189E-05 9.99189E-05 9.99189E-05 9.99189E-05
0.250288 9.99098E-05 9.99098E-05 9.99098E-05 0.551584 9.99098E-05 9.99098E-05 9.99098E-05 9.99098E-05 0.191711 0.00541812 9.99098E-05 9.99098E-05 9.99098E-05
0.313501 0.032359 9.99278E-05 9.99278E-05 9.99278E-05 0.227038 9.99278E-05 9.99278E-05 0.143503 0.267716 9.99278E-05 9.99278E-05 0.015084 9.99278E-05
9.99008E-05 0.115195 9.99008E-05 9.99008E-05 0.469377 9.99008E-05 0.414329 9.99008E-05 9.99008E-05 9.99008E-05 9.99008E-05 9.99008E-05 9.99008E-05 9.99008E-05
0.101451 9.99278E-05 9.99278E-05 9.99278E-05 0.339333 0.0907505 9.99278E-05 0.0782671 0.0441789 0.34522 9.99278E-05 9.99278E-05 9.99278E-05 9.99278E-05
0.0348364 9.99189E-05 9.99189E-05 0.158963 9.99189E-05 0.239282 9.99189E-05 0.281919 0.2841 9.99189E-05 9.99189E-05 9.99189E-05 9.99189E-05 9.99189E-05
9.99278E-05 0.244554 9.99278E-05 9.99278E-05 0.119878 0.575029 9.99278E-05 0.0468039 9.99278E-05 9.99278E-05 0.00268056 0.0102545 9.99278E-05 9.99278E-05
9.99371E-05 0.146528 9.99371E-05 9.99371E-05 9.99371E-05 0.124008 0.0609515 0.15513 9.99371E-05 0.393515 9.99371E-05 0.0564028 9.99371E-05 0.0627654
0.0700772 0.180553 9.99459E-05 0.0315616 0.0732179 0.182633 9.99459E-05 0.0397928 9.99459E-05 0.38625 9.99459E-05 0.0353149 9.99459E-05 9.99459E-05
9.99098E-05 0.368964 9.99098E-05 9.99098E-05 0.433582 9.99098E-05 0.186202 9.99098E-05 9.99098E-05 9.99098E-05 9.99098E-05 9.99098E-05 0.0102527 9.99098E-05
0.122803 9.9955E-05 0.0420856 9.9955E-05 0.162648 0.378845 0.0143566 9.9955E-05 0.216789 9.9955E-05 9.9955E-05 0.0398503 0.0216259 0.000497069
9.99098E-05 9.99098E-05 9.99098E-05 0.0325355 0.658338 0.306679 9.99098E-05 0.00144872 9.99098E-05 9.99098E-05 9.99098E-05 9.99098E-05 9.99098E-05 9.99098E-05
0.0248874 0.519797 0.0451041 0.0189838 0.0563344 9.9955E-05 0.0258809 9.9955E-05 9.9955E-05 9.9955E-05 0.0174957 0.0347021 9.9955E-05 0.256315
9.99549E-05 9.99549E-05 0.00123061 9.99549E-05 0.202594 0.144184 9.99549E-05 0.0556909 0.188941 0.226714 0.0617992 0.00688156 9.99549E-05 0.111466
9.9901E-05 9.9901E-05 0.0596453 0.843176 0.0960799 9.9901E-05 9.9901E-05 9.9901E-05 9.9901E-05 9.9901E-05 9.9901E-05 9.9901E-05 9.9901E-05 9.9901E-05
0.0696813 0.15853 9.9919E-05 9.9919E-05 9.9919E-05 9.9919E-05 0.657276 9.9919E-05 9.9919E-05 9.9919E-05 9.9919E-05 0.0487829 0.0648305 9.9919E-05
0.0551168 0.189879 0.00256113 0.129851 0.234525 0.118732 9.99549E-05 9.99549E-05 9.99549E-05 9.99549E-05 9.99549E-05 0.0303799 0.121732 0.116724
9.99459E-05 0.594922 0.0303798 9.99459E-05 0.0358175 0.0436409 9.99459E-05 0.0511049 0.0491815 9.99459E-05 9.99459E-05 9.99459E-05 0.0710715 0.123283
9.99369E-05 0.214995 9.99369E-05 0.200988 0.110716 9.99369E-05 9.99369E-05 9.99369E-05 0.428851 0.0205453 0.00213774 0.0210673 9.99369E-05 9.99369E-05
9.99009E-05 0.833752 9.99009E-05 9.99009E-05 9.99009E-05 9.99009E-05 0.0998804 9.99009E-05 9.99009E-05 9.99009E-05 9.99009E-05 9.99009E-05 0.065269 9.99009E-05
0.235851 9.99098E-05 9.99098E-05 9.99098E-05 9.99098E-05 0.245572 9.99098E-05 9.99098E-05 0.205811 0.311767 9.99098E-05 9.99098E-05 9.99098E-05 9.99098E-05
9.99099E-05 0.925072 9.99099E-05 0.0643959 9.99099E-05 9.99099E-05 9.99099E-05 0.00816285 9.99099E-05 9.99099E-05 9.99099E-05 9.99099E-05 9.99099E-05 0.00136971
9.99279E-05 0.0579463 9.99279E-05 0.0637367 0.307968 9.99279E-05 0.13569 0.0544958 9.99279E-05 0.379364 9.99279E-05 9.99279E-05 9.99279E-05 9.99279E-05
0.180436 9.99279E-05 9.99279E-05 0.267913 0.0755085 9.99279E-05 9.99279E-05 9.99279E-05 9.99279E-05 0.405658 9.99279E-05 9.99279E-05 0.0657978 0.00388708
0.0432385 0.10888 0.109784 0.445223 0.11155 0.110148 9.9946E-05 9.9946E-05 9.9946E-05 9.9946E-05 9.9946E-05 0.0119449 9.9946E-05 0.0586319
0.0382867 9.99369E-05 0.0029768 0.302539 9.99369E-05 0.502662 9.99369E-05 9.99369E-05 9.99369E-05 9.99369E-05 0.014848 9.99369E-05 0.0737359 0.0642514
0.110346 0.148315 0.026618 0.539694 0.0657972 0.0416473 9.99459E-05 9.99459E-05 9.99459E-05 9.99459E-05 9.99459E-05 0.0294508 9.99459E-05 0.0375309
9.99278E-05 0.205345 9.99278E-05 0.1114 9.99278E-05 0.0865035 9.99278E-05 9.99278E-05 0.0407078 0.440031 9.99278E-05 9.99278E-05 9.99278E-05 0.115212
0.0819394 0.263655 9.99189E-05 0.0517578 9.99189E-05 9.99189E-05 0.547537 9.99189E-05 9.99189E-05 9.99189E-05 9.99189E-05 9.99189E-05 0.0542111 9.99189E-05
9.99099E-05 0.208004 9.99099E-05 0.00482351 0.251399 9.99099E-05 0.534774 9.99099E-05 9.99099E-05 9.99099E-05 9.99099E-05 9.99099E-05 9.99099E-05 9.99099E-05
9.99459E-05 0.24686 0.0180178 0.0335456 0.179384 0.158278 9.99459E-05 0.0099732 9.99459E-05 9.99459E-05 0.00279068 9.99459E-05 0.350552 9.99459E-05
9.99189E-05 0.627702 0.0607852 0.0404734 0.075417 9.99189E-05 0.194723 9.99189E-05 9.99189E-05 9.99189E-05 9.99189E-05 9.99189E-05 9.99189E-05 9.99189E-05
0.11241 9.99009E-05 9.99009E-05 9.99009E-05 9.99009E-05 9.99009E-05 0.841031 9.99009E-05 0.045461 9.99009E-05 9.99009E-05 9.99009E-05 9.99009E-05 9.99009E-05
9.99369E-05 0.0062419 0.119773 9.99369E-05 0.326524 0.0741726 9.99369E-05 0.00554524 9.99369E-05 9.99369E-05 9.99369E-05 9.99369E-05 0.43309 0.0339531
9.99188E-05 0.511709 9.99188E-05 9.99188E-05 0.054227 0.322421 9.99188E-05 9.99188E-05 0.0409183 9.99188E-05 9.99188E-05 9.99188E-05 0.0698246 9.99188E-05
0.321052 0.0394646 9.991E-05 9.991E-05 9.991E-05 9.991E-05 9.991E-05 0.606484 9.991E-05 9.991E-05 9.991E-05 0.0320006 9.991E-05 9.991E-05
0.91622 0.0189422 9.99279E-05 9.99279E-05 9.99279E-05 9.99279E-05 9.99279E-05 9.99279E-05 9.99279E-05 9.99279E-05 0.00293061 0.024467 0.0169864 0.0196544
0.0920958 0.0938 9.99279E-05 9.99279E-05 9.99279E-05 0.405747 9.99279E-05 0.0772211 9.99279E-05 9.99279E-05 9.99279E-05 0.0299085 0.300429 9.99279E-05
0.682372 9.99098E-05 9.99098E-05 9.99098E-05 9.99098E-05 0.0475917 9.99098E-05 9.99098E-05 0.229548 9.99098E-05 9.99098E-05 9.99098E-05 0.0394894 9.99098E-05
0.828325 9.99009E-05 9.99009E-05 9.99009E-05 9.99009E-05 9.99009E-05 9.99009E-05 0.134745 9.99009E-05 9.99009E-05 9.99009E-05 9.99009E-05 9.99009E-05 0.0358314
0.481618 9.99189E-05 9.99189E-05 9.99189E-05 9.99189E-05 9.99189E-05 9.99189E-05 9.99189E-05 9.99189E-05 0.359023 9.99189E-05 0.069911 0.0872958 0.00125285
0.789636 9.9919E-05 9.9919E-05 9.9919E-05 9.9919E-05 9.9919E-05 9.9919E-05 9.9919E-05 9.9919E-05 0.10341 0.00592452 9.9919E-05 0.0274907 0.0726389
0.228349 0.191347 9.99189E-05 9.99189E-05 9.99189E-05 0.0401033 9.99189E-05 9.99189E-05 9.99189E-05 9.99189E-05 9.99189E-05 0.00747533 0.531826 9.99189E-05
9.991E-05 0.146321 9.991E-05 9.991E-05 0.165202 9.991E-05 0.281518 9.991E-05 9.991E-05 9.991E-05 9.991E-05 9.991E-05 0.40596 9.991E-05
9.99098E-05 9.99098E-05 9.99098E-05 9.99098E-05 9.99098E-05 0.510409 9.99098E-05 0.369862 9.99098E-05 9.99098E-05 0.0686437 9.99098E-05 9.99098E-05 0.0500859
0.110722 9.99009E-05 9.99009E-05 9.99009E-05 9.99009E-05 9.99009E-05 9.99009E-05 9.99009E-05 9.99009E-05 9.99009E-05 9.99009E-05 9.99009E-05 0.768815 0.119364
0.0248028 0.0182472 9.9946E-05 9.9946E-05 0.0120415 0.444076 9.9946E-05 9.9946E-05 9.9946E-05 9.9946E-05 0.0820958 0.0849299 0.320339 0.0128687
0.201438 0.0888285 9.99369E-05 9.99369E-05 9.99369E-05 0.468548 9.99369E-05 0.107511 0.0155656 9.99369E-05 9.99369E-05 9.99369E-05 0.0681209 0.0492896
9.99189E-05 0.219243 9.99189E-05 9.99189E-05 0.0870918 0.20586 9.99189E-05 9.99189E-05 9.99189E-05 9.99189E-05 9.99189E-05 9.99189E-05 0.458549 0.028357
9.99369E-05 0.0934977 0.000803396 9.99369E-05 9.99369E-05 0.219919 0.00585835 0.241431 9.99369E-05 9.99369E-05 9.99369E-05 9.99369E-05 0.345438 0.0923526
0.235664 9.9928E-05 0.0621971 9.9928E-05 0.233951 0.302086 9.9928E-05 0.0691926 9.9928E-05 9.9928E-05 9.9928E-05 0.0961092 9.9928E-05 9.9928E-05
9.99459E-05 0.0720667 0.00580602 9.99459E-05 9.99459E-05 0.336938 9.99459E-05 0.0822055 0.11118 9.99459E-05 0.0308823 0.0206515 0.33967 9.99459E-05
9.99098E-05 9.99098E-05 9.99098E-05 9.99098E-05 9.99098E-05 0.309219 9.99098E-05 0.248095 9.99098E-05 9.99098E-05 9.99098E-05 9.99098E-05 0.308088 0.133599
0.115896 9.99189E-05 9.99189E-05 9.99189E-05 9.99189E-05 0.133743 9.99189E-05 0.24289 0.50168 0.00489234 9.99189E-05 9.99189E-05 9.99189E-05 9.99189E-05
0.0426135 9.9946E-05 9.9946E-05 0.0340379 9.9946E-05 0.570151 0.0180949 0.288306 0.032336 0.0134809 9.9946E-05 0.000379723 9.9946E-05 9.9946E-05
9.9955E-05 0.0353567 0.00667973 0.0644403 9.9955E-05 0.00606364 0.0183979 0.0159392 0.0555772 0.012467 9.9955E-05 9.9955E-05 0.784579 9.9955E-05
9.99279E-05 0.0669655 0.00461127 9.99279E-05 9.99279E-05 0.54193 9.99279E-05 9.99279E-05 9.99279E-05 0.0307334 9.99279E-05 9.99279E-05 0.278924 0.0760366
9.99099E-05 0.224019 9.99099E-05 9.99099E-05 0.100135 9.99099E-05 0.121993 9.99099E-05 9.99099E-05 9.99099E-05 9.99099E-05 9.99099E-05 0.552854 9.99099E-05
0.425415 9.99188E-05 9.99188E-05 0.0329033 9.99188E-05 0.283782 9.99188E-05 0.231536 0.025464 9.99188E-05 9.99188E-05 9.99188E-05 9.99188E-05 9.99188E-05
9.9928E-05 9.9928E-05 9.9928E-05 9.9928E-05 0.0446553 0.708457 9.9928E-05 0.157463 0.0298001 9.9928E-05 0.0368267 0.0219992 9.9928E-05 9.9928E-05
9.99279E-05 0.279287 0.00179312 9.99279E-05 0.0777557 9.99279E-05 9.99279E-05 0.0286108 9.99279E-05 9.99279E-05 9.99279E-05 9.99279E-05 0.583852 0.027902
0.359007 9.9946E-05 0.0117855 0.0736102 0.23969 9.9946E-05 9.9946E-05 0.263614 0.00986974 9.9946E-05 0.0189 9.9946E-05 9.9946E-05 0.0229235
9.99099E-05 9.99099E-05 9.99099E-05 0.00349203 0.420143 9.99099E-05 9.99099E-05 0.0512837 0.524083 9.99099E-05 9.99099E-05 9.99099E-05 9.99099E-05 9.99099E-05
9.9946E-05 0.648147 0.0849093 9.9946E-05 0.00981347 0.0105151 9.9946E-05 9.9946E-05 9.9946E-05 9.9946E-05 0.00750414 0.0540878 0.0976916 0.0867321
9.99189E-05 0.314333 9.99189E-05 0.101745 0.511627 9.99189E-05 9.99189E-05 9.99189E-05 9.99189E-05 9.99189E-05 9.99189E-05 0.00864136 9.99189E-05 0.0627542
0.292218 9.9928E-05 9.9928E-05 9.9928E-05 0.185541 9.9928E-05 9.9928E-05 0.0557993 0.336142 9.9928E-05 9.9928E-05 0.0867157 0.0427845 9.9928E-05
0.54306 9.99189E-05 9.99189E-05 9.99189E-05 0.357603 9.99189E-05 9.99189E-05 0.0364081 9.99189E-05 0.034227 0.0278034 9.99189E-05 9.99189E-05 9.99189E-05
0.411482 9.9928E-05 9.9928E-05 9.9928E-05 0.268866 9.9928E-05 9.9928E-05 0.108126 0.0515454 0.0327265 0.126455 9.9928E-05 9.9928E-05 9.9928E-05
9.9901E-05 0.272551 9.9901E-05 9.9901E-05 0.233678 9.9901E-05 0.492672 9.9901E-05 9.9901E-05 9.9901E-05 9.9901E-05 9.9901E-05 9.9901E-05 9.9901E-05
9.99279E-05 0.36446 0.0050484 9.99279E-05 0.346251 0.142615 9.99279E-05 9.99279E-05 9.99279E-05 9.99279E-05 0.00909195 9.99279E-05 0.131735 9.99279E-05
0.027981 9.99459E-05 9.99459E-05 0.283299 0.128991 0.123294 9.99459E-05 0.0203435 0.103265 9.99459E-05 0.038527 9.99459E-05 9.99459E-05 0.2737
0.463994 9.99188E-05 9.99188E-05 0.0248427 0.29757 9.99188E-05 9.99188E-05 9.99188E-05 0.18711 9.99188E-05 9.99188E-05 9.99188E-05 9.99188E-05 0.0255845
9.99369E-05 0.334459 0.0141466 0.0855882 0.164983 9.99369E-05 0.355308 9.99369E-05 9.99369E-05 9.99369E-05 9.99369E-05 9.99369E-05 0.0170833 0.0277324
0.111287 0.245844 0.00628829 9.99279E-05 0.174752 0.416336 9.99279E-05 9.99279E-05 9.99279E-05 9.99279E-05 9.99279E-05 0.0446929 9.99279E-05 9.99279E-05
0.109201 9.99279E-05 0.0202523 9.99279E-05 0.26536 0.325023 9.99279E-05 9.99279E-05 9.99279E-05 9.99279E-05 9.99279E-05 0.0192936 0.26007 9.99279E-05
9.99188E-05 9.99188E-05 9.99188E-05 0.584366 0.243942 0.0985274 9.99188E-05 9.99188E-05 9.99188E-05 9.99188E-05 9.99188E-05 9.99188E-05 0.000912724 0.0713528
9.99189E-05 0.228545 0.0142247 9.99189E-05 9.99189E-05 0.330471 9.99189E-05 9.99189E-05 9.99189E-05 9.99189E-05 9.99189E-05 9.99189E-05 0.20337 0.22249
0.0809372 9.99459E-05 9.99459E-05 0.0753195 9.99459E-05 0.391008 9.99459E-05 0.172425 0.192143 9.99459E-05 0.0299987 9.99459E-05 0.0311824 0.0263864
0.0410962 9.99279E-05 9.99279E-05 0.212564 0.174695 0.476864 9.99279E-05 9.99279E-05 0.0791939 9.99279E-05 0.0147873 9.99279E-05 9.99279E-05 9.99279E-05
0.4661 9.9919E-05 9.9919E-05 9.9919E-05 0.269998 9.9919E-05 9.9919E-05 9.9919E-05 0.162148 0.0695377 9.9919E-05 0.0313165 9.9919E-05 9.9919E-05
9.99188E-05 0.204507 0.135346 9.99188E-05 0.332638 9.99188E-05 9.99188E-05 0.0501159 9.99188E-05 9.99188E-05 9.99188E-05 9.99188E-05 0.276494 9.99188E-05
0.365601 9.99368E-05 0.0292183 0.0661552 0.22279 0.00209496 9.99368E-05 0.26137 0.0520713 9.99368E-05 9.99368E-05 9.99368E-05 9.99368E-05 9.99368E-05
0.164887 0.0375924 9.99279E-05 9.99279E-05 0.161419 0.0678729 9.99279E-05 0.223278 9.99279E-05 0.344151 9.99279E-05 9.99279E-05 9.99279E-05 9.99279E-05
0.00830881 0.0832133 9.99189E-05 9.99189E-05 0.226652 9.99189E-05 0.0420994 9.99189E-05 9.99189E-05 9.99189E-05 9.99189E-05 9.99189E-05 0.638827 9.99189E-05
9.99189E-05 9.99189E-05 9.99189E-05 9.99189E-05 0.0514185 0.562907 0.0376564 9.99189E-05 0.194299 9.99189E-05 9.99189E-05 9.99189E-05 0.152819 9.99189E-05
9.99189E-05 0.0222428 0.0510482 9.99189E-05 0.155506 0.37587 9.99189E-05 9.99189E-05 9.99189E-05 9.99189E-05 9.99189E-05 9.99189E-05 0.394433 9.99189E-05
0.342895 9.9928E-05 9.9928E-05 9.9928E-05 0.0196624 9.9928E-05 0.00500975 0.566715 0.0190161 9.9928E-05 9.9928E-05 0.0459029 9.9928E-05 9.9928E-05
9.9964E-05 9.9964E-05 0.175639 9.9964E-05 0.00301441 0.0523686 0.0351784 0.329212 9.9964E-05 0.317598 0.00649975 0.0622751 0.0139904 0.00382393
0.206685 9.99369E-05 0.0147971 9.99369E-05 0.0263027 0.267741 9.99369E-05 0.40036 0.0295068 9.99369E-05 0.0539084 9.99369E-05 9.99369E-05 9.99369E-05
9.99141E-05 0.0411943 9.99141E-05 0.071794 0.167616 9.99141E-05 9.99141E-05 9.99141E-05 9.99141E-05 9.99141E-05 9.99141E-05 9.99141E-05 0.718397 9.99141E-05
0.0608429 9.99279E-05 9.99279E-05 9.99279E-05 0.0116379 0.392961 9.99279E-05 0.480817 9.99279E-05 0.0343932 0.0185488 9.99279E-05 9.99279E-05 9.99279E-05
9.99459E-05 0.0332124 9.99459E-05 9.99459E-05 0.0333737 0.0310467 9.99459E-05 0.792437 0.0136703 9.99459E-05 9.99459E-05 0.0228173 0.00817474 0.0646679
0.0977579 9.99369E-05 9.99369E-05 9.99369E-05 0.0108682 9.99369E-05 0.0176161 0.60083 0.209565 9.99369E-05 9.99369E-05 9.99369E-05 0.0275649 0.0350981
9.99279E-05 9.99279E-05 9.99279E-05 0.040643 9.99279E-05 0.0169116 9.99279E-05 0.0443376 0.0203359 9.99279E-05 9.99279E-05 9.99279E-05 0.788883 0.0880897
0.0585965 0.0456239 0.00211144 9.99639E-05 0.0813942 0.424066 9.99639E-05 0.138261 0.0164905 9.99639E-05 9.99639E-05 0.0120075 0.167434 0.0536153
0.296812 9.9955E-05 9.9955E-05 9.9955E-05 0.0146506 0.0131621 0.011348 0.153103 0.355931 0.0236699 9.9955E-05 0.0430453 0.0877784 9.9955E-05
9.9946E-05 0.0508454 0.0534252 9.9946E-05 0.176739 0.112256 0.0912831 0.231037 9.9946E-05 9.9946E-05 9.9946E-05 9.9946E-05 0.260484 0.0233309
0.0932899 0.032433 9.99099E-05 0.0601381 9.99099E-05 9.99099E-05 9.99099E-05 0.81314 9.99099E-05 9.99099E-05 9.99099E-05 9.99099E-05 9.99099E-05 9.99099E-05
9.9919E-05 9.9919E-05 9.9919E-05 0.0442877 9.9919E-05 0.313799 0.166122 9.9919E-05 9.9919E-05 0.424261 9.9919E-05 9.9919E-05 0.0506308 9.9919E-05
9.99188E-05 9.99188E-05 9.99188E-05 9.99188E-05 0.111082 0.0623201 9.99188E-05 0.501088 9.99188E-05 9.99188E-05 9.99188E-05 9.99188E-05 0.25385 0.0707608
9.991E-05 0.0513661 9.991E-05 9.991E-05 0.0807618 9.991E-05 0.0457222 9.991E-05 9.991E-05 9.991E-05 9.991E-05 9.991E-05 0.821151 9.991E-05
0.0550778 9.9928E-05 9.9928E-05 9.9928E-05 0.145871 0.659248 9.9928E-05 0.0708605 9.9928E-05 9.9928E-05 0.0142364 0.0539069 9.9928E-05 9.9928E-05
9.99458E-05 0.245337 0.024565 0.384277 0.050313 0.0900095 9.99458E-05 9.99458E-05 9.99458E-05 9.99458E-05 9.99458E-05 0.0040134 0.159012 0.0418737
0.0431502 0.565629 9.9919E-05 0.0329215 9.9919E-05 9.9919E-05 0.316905 9.9919E-05 9.9919E-05 9.9919E-05 9.9919E-05 9.9919E-05 9.9919E-05 0.0404952
9.99279E-05 9.99279E-05 0.0353308 0.100881 0.0607337 0.715111 0.0241085 9.99279E-05 9.99279E-05 9.99279E-05 9.99279E-05 9.99279E-05 0.0630361 9.99279E-05
9.99188E-05 0.0498806 9.99188E-05 9.99188E-05 0.0811251 0.0305704 9.99188E-05 9.99188E-05 9.99188E-05 9.99188E-05 9.99188E-05 9.99188E-05 0.170515 0.66701
0.12783 0.203059 9.99369E-05 9.99369E-05 0.154215 0.358353 9.99369E-05 9.99369E-05 0.0479138 9.99369E-05 9.99369E-05 9.99369E-05 0.0876688 0.0202608
0.484514 0.00269215 9.99369E-05 0.128167 0.0479867 0.161787 9.99369E-05 9.99369E-05 0.0330642 0.141089 9.99369E-05 9.99369E-05 9.99369E-05 9.99369E-05
9.99099E-05 0.396646 9.99099E-05 9.99099E-05 0.26103 9.99099E-05 0.340602 9.99099E-05 9.99099E-05 9.99099E-05 9.99099E-05 0.000723373 9.99099E-05 9.99099E-05
0.0180734 9.99279E-05 9.99279E-05 0.0995905 0.277177 9.99279E-05 9.99279E-05 0.100402 9.99279E-05 0.49238 9.99279E-05 0.011577 9.99279E-05 9.99279E-05
0.217191 9.99369E-05 9.99369E-05 9.99369E-05 9.99369E-05 0.146631 9.99369E-05 0.133444 0.0281587 0.00483202 0.0420127 9.99369E-05 9.99369E-05 0.42703
9.99099E-05 0.138082 9.99099E-05 0.171082 9.99099E-05 9.99099E-05 9.99099E-05 9.99099E-05 0.630218 0.0596189 9.99099E-05 9.99099E-05 9.99099E-05 9.99099E-05
9.99279E-05 0.264959 9.99279E-05 0.0522398 9.99279E-05 0.0792872 0.477766 0.0301712 9.99279E-05 9.99279E-05 9.99279E-05 9.99279E-05 9.99279E-05 0.0947768
9.993E-05 0.180901 9.993E-05 0.0478179 0.0016857 0.0445075 0.420552 9.993E-05 9.993E-05 9.993E-05 9.993E-05 9.993E-05 0.281675 0.0221606
0.13528 9.99459E-05 9.99459E-05 0.0894591 0.138518 0.00458963 9.99459E-05 0.0840723 0.166407 0.27138 9.99459E-05 9.99459E-05 0.109695 9.99459E-05
9.9928E-05 0.26221 0.0543459 9.9928E-05 9.9928E-05 0.579637 9.9928E-05 9.9928E-05 0.0836502 9.9928E-05 9.9928E-05 0.00951171 9.9928E-05 0.00984541
0.0123431 0.129971 0.0451402 0.323661 9.99368E-05 0.358341 9.99368E-05 9.99368E-05 9.99368E-05 9.99368E-05 9.99368E-05 9.99368E-05 0.0150557 0.114788
0.00275588 9.99188E-05 9.99188E-05 0.0550667 9.99188E-05 9.99188E-05 0.520666 9.99188E-05 9.99188E-05 9.99188E-05 9.99188E-05 9.99188E-05 0.361646 0.0589664
9.99279E-05 0.192846 9.99279E-05 0.668687 9.99279E-05 0.0664948 0.0253724 9.99279E-05 0.0288572 9.99279E-05 9.99279E-05 9.99279E-05 9.99279E-05 0.0169431
0.134976 0.113281 9.99549E-05 0.182603 0.151639 0.0765278 9.99549E-05 9.99549E-05 0.0348354 0.243028 9.99549E-05 0.048436 9.99549E-05 0.014173
0.562583 9.99279E-05 9.99279E-05 0.0764997 9.99279E-05 0.0308866 9.99279E-05 9.99279E-05 0.292347 9.99279E-05 0.0161066 9.99279E-05 0.0207778 9.99279E-05
9.99098E-05 9.99098E-05 9.99098E-05 0.207167 9.99098E-05 0.203144 9.99098E-05 0.105443 0.483247 9.99098E-05 9.99098E-05 9.99098E-05 9.99098E-05 9.99098E-05
9.99188E-05 9.99188E-05 9.99188E-05 0.374646 9.99188E-05 0.184818 0.0903697 9.99188E-05 9.99188E-05 0.311857 9.99188E-05 9.99188E-05 9.99188E-05 0.0374103
9.99099E-05 9.99099E-05 9.99099E-05 9.99099E-05 9.99099E-05 9.99099E-05 9.99099E-05 0.142225 9.99099E-05 9.99099E-05 9.99099E-05 0.0182351 0.769656 0.0688852
0.301345 9.99279E-05 9.99279E-05 0.0391701 9.99279E-05 0.0290088 9.99279E-05 0.522791 9.99279E-05 9.99279E-05 9.99279E-05 9.99279E-05 0.0882756 0.0186104
9.99189E-05 0.0891866 9.99189E-05 9.99189E-05 9.99189E-05 0.121851 9.99189E-05 0.11546 9.99189E-05 9.99189E-05 9.99189E-05 9.99189E-05 0.487396 0.185208
9.99278E-05 9.99278E-05 9.99278E-05 9.99278E-05 0.05038 0.478211 9.99278E-05 0.0646984 9.99278E-05 9.99278E-05 0.00577442 9.99278E-05 0.125186 0.274951
0.149373 9.99189E-05 9.99189E-05 9.99189E-05 0.023411 0.249072 9.99189E-05 0.551476 9.99189E-05 9.99189E-05 9.99189E-05 0.0257689 9.99189E-05 9.99189E-05
9.991E-05 9.991E-05 9.991E-05 0.013178 9.991E-05 9.991E-05 0.112863 0.0310628 9.991E-05 9.991E-05 9.991E-05 9.991E-05 0.841897 9.991E-05
9.99368E-05 0.24253 0.020445 0.212749 9.99368E-05 0.0793851 0.289969 9.99368E-05 0.0244415 9.99368E-05 9.99368E-05 9.99368E-05 9.99368E-05 0.129781
0.0110473 0.309124 9.99369E-05 0.0182801 0.0603633 0.297118 9.99369E-05 9.99369E-05 9.99369E-05 9.99369E-05 9.99369E-05 9.99369E-05 0.273009 0.0303581
9.99099E-05 0.0446935 9.99099E-05 0.463379 9.99099E-05 9.99099E-05 9.99099E-05 9.99099E-05 0.479112 9.99099E-05 9.99099E-05 0.0118166 9.99099E-05 9.99099E-05
