0.0196973 0.040737 9.99009E-05 9.99009E-05 9.99009E-05 9.99009E-05 9.99009E-05 9.99009E-05 0.359966 0.0142617 0.10767 0.031165 0.0566464 0.368758 9.99009E-05 9.99009E-05 9.99009E-05 9.99009E-05 9.99009E-05
9.98919E-05 9.98919E-05 9.98919E-05 9.98919E-05 9.98919E-05 9.98919E-05 9.98919E-05 9.98919E-05 0.324893 0.00912551 9.98919E-05 0.0306609 0.00500576 0.549268 9.98919E-05 9.98919E-05 0.00834364 0.0715047 9.98919E-05
9.99098E-05 0.426166 9.99098E-05 0.0306971 0.160883 9.99098E-05 9.99098E-05 0.306234 9.99098E-05 9.99098E-05 9.99098E-05 0.00355406 0.018763 0.0390174 0.00497564 9.99098E-05 9.99098E-05 0.00870999 9.99098E-05
9.98829E-05 9.98829E-05 9.98829E-05 9.98829E-05 9.98829E-05 9.98829E-05 0.0436981 9.98829E-05 0.49978 9.98829E-05 0.154389 9.98829E-05 0.0260951 0.167366 9.98829E-05 9.98829E-05 9.98829E-05 9.98829E-05 0.107373
9.99099E-05 9.99099E-05 9.99099E-05 0.139171 9.99099E-05 9.99099E-05 0.0163235 9.99099E-05 0.308225 0.129104 0.0787607 9.99099E-05 9.99099E-05 0.109124 0.0268354 0.118067 9.99099E-05 9.99099E-05 0.0733903
0.0144175 0.178816 9.99188E-05 9.99188E-05 0.0508408 9.99188E-05 0.179678 0.0596957 9.99188E-05 9.99188E-05 0.243178 0.0254292 9.99188E-05 0.188389 0.0539527 9.99188E-05 0.00470411 9.99188E-05 9.99188E-05
9.98828E-05 0.424167 9.98828E-05 9.98828E-05 0.299323 0.0408873 9.98828E-05 0.0153207 0.0512992 9.98828E-05 9.98828E-05 9.98828E-05 9.98828E-05 0.167704 9.98828E-05 9.98828E-05 9.98828E-05 9.98828E-05 9.98828E-05
9.9901E-05 0.254473 9.9901E-05 9.9901E-05 0.11413 9.9901E-05 0.102907 9.9901E-05 9.9901E-05 9.9901E-05 0.0567115 0.172549 9.9901E-05 0.242897 0.0228793 0.0323543 9.9901E-05 9.9901E-05 9.9901E-05
9.99009E-05 0.161231 9.99009E-05 0.0251114 9.99009E-05 9.99009E-05 0.277901 9.99009E-05 0.214863 9.99009E-05 9.99009E-05 0.0166464 0.00871156 0.245569 9.99009E-05 9.99009E-05 9.99009E-05 9.99009E-05 0.0488669
9.98828E-05 0.144257 9.98828E-05 9.98828E-05 0.268717 0.109223 9.98828E-05 9.98828E-05 9.98828E-05 9.98828E-05 0.173394 9.98828E-05 0.042957 9.98828E-05 0.260153 9.98828E-05 9.98828E-05 9.98828E-05 9.98828E-05
9.99008E-05 0.210442 9.99008E-05 9.99008E-05 9.99008E-05 9.99008E-05 0.155325 9.99008E-05 0.0925914 0.0144881 9.99008E-05 9.99008E-05 9.99008E-05 0.0115993 9.99008E-05 0.129644 9.99008E-05 0.320122 0.0646889
9.98919E-05 0.0975123 0.0852421 9.98919E-05 9.98919E-05 9.98919E-05 0.248871 9.98919E-05 0.393845 9.98919E-05 9.98919E-05 9.98919E-05 9.98919E-05 9.98919E-05 0.0684753 0.0627025 9.98919E-05 0.0421525 9.98919E-05
0.0285934 9.98827E-05 9.98827E-05 9.98827E-05 0.148835 9.98827E-05 0.0992873 9.98827E-05 9.98827E-05 0.155158 9.98827E-05 9.98827E-05 9.98827E-05 0.24825 9.98827E-05 9.98827E-05 9.98827E-05 9.98827E-05 0.318578
9.98651E-05 0.846649 0.0106103 9.98651E-05 9.98651E-05 9.98651E-05 9.98651E-05 9.98651E-05 9.98651E-05 9.98651E-05 9.98651E-05 0.0286396 9.98651E-05 9.98651E-05 0.112603 9.98651E-05 9.98651E-05 9.98651E-05 9.98651E-05
9.98738E-05 0.0764532 9.98738E-05 9.98738E-05 9.98738E-05 9.98738E-05 0.10954 9.98738E-05 0.276088 9.98738E-05 9.98738E-05 9.98738E-05 9.98738E-05 9.98738E-05 9.98738E-05 0.184456 9.98738E-05 0.352065 9.98738E-05
9.98918E-05 0.255269 9.98918E-05 9.98918E-05 0.298104 0.272352 0.0401846 9.98918E-05 9.98918E-05 9.98918E-05 9.98918E-05 9.98918E-05 0.0239631 0.0841721 9.98918E-05 9.98918E-05 0.0247569 9.98918E-05 9.98918E-05
9.98828E-05 0.571589 9.98828E-05 9.98828E-05 0.180084 9.98828E-05 9.98828E-05 0.0265229 0.0394865 9.98828E-05 9.98828E-05 9.98828E-05 9.98828E-05 0.142099 9.98828E-05 9.98828E-05 9.98828E-05 9.98828E-05 0.0389198
9.98918E-05 0.459175 9.98918E-05 9.98918E-05 0.204085 9.98918E-05 9.98918E-05 0.0757556 0.0179929 0.00989444 9.98918E-05 9.98918E-05 9.98918E-05 0.206187 9.98918E-05 9.98918E-05 9.98918E-05 0.0257111 9.98918E-05
0.0158093 0.0877612 0.0551308 9.99009E-05 9.99009E-05 9.99009E-05 0.108079 0.15454 0.372632 9.99009E-05 9.99009E-05 9.99009E-05 9.99009E-05 0.0832632 9.99009E-05 9.99009E-05 9.99009E-05 9.99009E-05 0.121685
9.98649E-05 9.98649E-05 9.98649E-05 0.0653656 9.98649E-05 9.98649E-05 9.98649E-05 9.98649E-05 9.98649E-05 9.98649E-05 0.0716707 9.98649E-05 0.728704 9.98649E-05 9.98649E-05 9.98649E-05 9.98649E-05 0.132762 9.98649E-05
9.98559E-05 9.98559E-05 9.98559E-05 9.98559E-05 9.98559E-05 9.98559E-05 9.98559E-05 9.98559E-05 9.98559E-05 9.98559E-05 0.0388617 9.98559E-05 0.760543 9.98559E-05 9.98559E-05 9.98559E-05 9.98559E-05 9.98559E-05 0.198998
9.98467E-05 9.98467E-05 9.98467E-05 9.98467E-05 9.98467E-05 9.98467E-05 9.98467E-05 9.98467E-05 9.98467E-05 9.98467E-05 0.189672 9.98467E-05 0.808631 9.98467E-05 9.98467E-05 9.98467E-05 9.98467E-05 9.98467E-05 9.98467E-05
9.98829E-05 9.98829E-05 0.203109 0.0481866 9.98829E-05 9.98829E-05 9.98829E-05 9.98829E-05 0.00304731 9.98829E-05 9.98829E-05 0.0044297 0.613626 9.98829E-05 9.98829E-05 9.98829E-05 9.98829E-05 9.98829E-05 0.126302
9.98738E-05 9.98738E-05 9.98738E-05 0.003341 9.98738E-05 9.98738E-05 0.190822 9.98738E-05 0.0357738 9.98738E-05 9.98738E-05 9.98738E-05 0.712385 9.98738E-05 9.98738E-05 9.98738E-05 9.98738E-05 0.0562796 9.98738E-05
0.0472223 0.25679 9.98828E-05 9.98828E-05 9.98828E-05 9.98828E-05 9.98828E-05 0.0512624 9.98828E-05 9.98828E-05 9.98828E-05 0.00221778 0.431921 9.98828E-05 9.98828E-05 9.98828E-05 0.209288 9.98828E-05 9.98828E-05
0.270394 9.99098E-05 9.99098E-05 0.062182 9.99098E-05 9.99098E-05 0.0989089 9.99098E-05 0.111456 9.99098E-05 9.99098E-05 0.0589185 0.285437 9.99098E-05 0.00444629 0.0301259 9.99098E-05 0.0771325 9.99098E-05
9.98739E-05 9.98739E-05 9.98739E-05 0.0335329 0.164936 0.338732 9.98739E-05 9.98739E-05 9.98739E-05 9.98739E-05 9.98739E-05 9.98739E-05 0.234207 9.98739E-05 9.98739E-05 9.98739E-05 0.227194 9.98739E-05 9.98739E-05
0.0863857 9.99009E-05 9.99009E-05 0.140097 9.99009E-05 9.99009E-05 9.99009E-05 9.99009E-05 9.99009E-05 9.99009E-05 0.107659 0.117496 0.206427 9.99009E-05 9.99009E-05 0.120889 9.99009E-05 0.0664606 0.153485
0.0249196 0.0466429 9.98827E-05 9.98827E-05 9.98827E-05 9.98827E-05 9.98827E-05 9.98827E-05 9.98827E-05 0.00586553 0.114561 9.98827E-05 0.786554 9.98827E-05 9.98827E-05 9.98827E-05 0.0201585 9.98827E-05 9.98827E-05
9.98649E-05 9.98649E-05 9.98649E-05 0.00312535 9.98649E-05 9.98649E-05 0.0799558 9.98649E-05 9.98649E-05 9.98649E-05 9.98649E-05 9.98649E-05 0.836892 9.98649E-05 9.98649E-05 9.98649E-05 9.98649E-05 9.98649E-05 0.0785294
9.99011E-05 9.99011E-05 9.99011E-05 9.99011E-05 0.114323 0.0877043 0.0330322 0.00750829 9.99011E-05 9.99011E-05 9.99011E-05 0.00901814 0.537248 9.99011E-05 9.99011E-05 9.99011E-05 0.0802904 9.99011E-05 0.129776
0.696685 0.0710361 9.98918E-05 9.98918E-05 9.98918E-05 0.008939 9.98918E-05 9.98918E-05 9.98918E-05 0.0487167 0.00245765 9.98918E-05 0.00784213 9.98918E-05 9.98918E-05 9.98918E-05 0.163125 9.98918E-05 9.98918E-05
9.98647E-05 9.98647E-05 9.98647E-05 9.98647E-05 0.198339 0.145152 9.98647E-05 9.98647E-05 9.98647E-05 9.98647E-05 9.98647E-05 9.98647E-05 0.574857 9.98647E-05 9.98647E-05 9.98647E-05 0.0801539 9.98647E-05 9.98647E-05
0.0332711 0.156315 9.98918E-05 9.98918E-05 0.0679602 9.98918E-05 9.98918E-05 9.98918E-05 9.98918E-05 9.98918E-05 9.98918E-05 0.00084179 0.621131 0.0372902 9.98918E-05 9.98918E-05 0.0819928 9.98918E-05 9.98918E-05
9.98558E-05 9.98558E-05 9.98558E-05 9.98558E-05 9.98558E-05 9.98558E-05 0.152716 9.98558E-05 9.98558E-05 9.98558E-05 9.98558E-05 9.98558E-05 0.796854 9.98558E-05 9.98558E-05 9.98558E-05 9.98558E-05 9.98558E-05 0.048833
9.98739E-05 9.98739E-05 9.98739E-05 0.0518719 9.98739E-05 9.98739E-05 0.00168853 9.98739E-05 0.0640836 9.98739E-05 9.98739E-05 9.98739E-05 0.725841 9.98739E-05 9.98739E-05 9.98739E-05 9.98739E-05 0.155117 9.98739E-05
9.98469E-05 9.98469E-05 9.98469E-05 9.98469E-05 9.98469E-05 9.98469E-05 9.98469E-05 9.98469E-05 9.98469E-05 9.98469E-05 9.98469E-05 9.98469E-05 0.667148 9.98469E-05 9.98469E-05 9.98469E-05 9.98469E-05 0.331154 9.98469E-05
9.98739E-05 9.98739E-05 0.164676 0.0310518 9.98739E-05 9.98739E-05 9.98739E-05 9.98739E-05 0.0819094 9.98739E-05 9.98739E-05 9.98739E-05 0.683781 9.98739E-05 9.98739E-05 9.98739E-05 9.98739E-05 9.98739E-05 0.0371838
9.98646E-05 9.98646E-05 9.98646E-05 0.405975 9.98646E-05 9.98646E-05 9.98646E-05 9.98646E-05 9.98646E-05 9.98646E-05 0.0723287 9.98646E-05 9.98646E-05 0.110786 9.98646E-05 9.98646E-05 0.409412 9.98646E-05 9.98646E-05
9.9883E-05 9.9883E-05 9.9883E-05 9.9883E-05 9.9883E-05 0.0300043 9.9883E-05 9.9883E-05 0.00949202 0.0771557 9.9883E-05 9.9883E-05 9.9883E-05 0.00599196 9.9883E-05 9.9883E-05 0.810157 9.9883E-05 0.0659001
9.98829E-05 9.98829E-05 9.98829E-05 9.98829E-05 0.154909 0.100198 9.98829E-05 9.98829E-05 9.98829E-05 9.98829E-05 9.98829E-05 0.0633696 0.0219822 9.98829E-05 0.100665 9.98829E-05 0.557578 9.98829E-05 9.98829E-05
0.0901539 9.98919E-05 0.169566 0.196024 9.98919E-05 9.98919E-05 9.98919E-05 9.98919E-05 9.98919E-05 9.98919E-05 0.0122674 0.0276512 9.98919E-05 9.98919E-05 9.98919E-05 9.98919E-05 0.258518 9.98919E-05 0.244621
9.98737E-05 9.98737E-05 9.98737E-05 0.105672 9.98737E-05 9.98737E-05 9.98737E-05 9.98737E-05 9.98737E-05 9.98737E-05 0.0817724 9.98737E-05 0.249888 0.0983216 9.98737E-05 9.98737E-05 0.462948 9.98737E-05 9.98737E-05
0.039851 9.98828E-05 9.98828E-05 9.98828E-05 9.98828E-05 9.98828E-05 9.98828E-05 0.108324 9.98828E-05 9.98828E-05 9.98828E-05 9.98828E-05 0.0449297 9.98828E-05 0.0780038 9.98828E-05 0.624147 0.103446 9.98828E-05
0.570218 9.98738E-05 0.181304 0.0347359 9.98738E-05 9.98738E-05 9.98738E-05 9.98738E-05 0.144261 9.98738E-05 9.98738E-05 9.98738E-05 9.98738E-05 9.98738E-05 9.98738E-05 0.0680827 9.98738E-05 9.98738E-05 9.98738E-05
9.98738E-05 9.98738E-05 9.98738E-05 0.532072 9.98738E-05 9.98738E-05 0.110829 9.98738E-05 0.0871395 9.98738E-05 9.98738E-05 9.98738E-05 9.98738E-05 9.98738E-05 9.98738E-05 0.113106 0.155456 9.98738E-05 9.98738E-05
9.98828E-05 0.0896488 9.98828E-05 9.98828E-05 0.0251587 0.0298327 9.98828E-05 0.11062 9.98828E-05 9.98828E-05 9.98828E-05 9.98828E-05 0.153608 9.98828E-05 9.98828E-05 9.98828E-05 0.589834 9.98828E-05 9.98828E-05
9.98827E-05 9.98827E-05 9.98827E-05 0.313897 9.98827E-05 9.98827E-05 0.020044 9.98827E-05 9.98827E-05 9.98827E-05 0.103006 0.0305488 9.98827E-05 0.0379135 9.98827E-05 9.98827E-05 0.493292 9.98827E-05 9.98827E-05
9.9883E-05 9.9883E-05 9.9883E-05 9.9883E-05 0.0504616 0.487 9.9883E-05 9.9883E-05 0.00298554 9.9883E-05 9.9883E-05 9.9883E-05 9.9883E-05 9.9883E-05 9.9883E-05 0.00308321 0.444859 9.9883E-05 0.0103119
9.9874E-05 9.9874E-05 9.9874E-05 0.431063 9.9874E-05 9.9874E-05 9.9874E-05 9.9874E-05 9.9874E-05 9.9874E-05 9.9874E-05 0.0832308 9.9874E-05 0.112144 9.9874E-05 0.088515 0.283648 9.9874E-05 9.9874E-05
9.98739E-05 9.98739E-05 9.98739E-05 0.0976406 9.98739E-05 0.0867547 9.98739E-05 9.98739E-05 9.98739E-05 9.98739E-05 0.0291439 9.98739E-05 9.98739E-05 9.98739E-05 9.98739E-05 9.98739E-05 0.721223 9.98739E-05 0.0638391
9.9874E-05 9.9874E-05 9.9874E-05 0.192579 9.9874E-05 9.9874E-05 9.9874E-05 9.9874E-05 9.9874E-05 9.9874E-05 0.0489 9.9874E-05 0.0376513 9.9874E-05 9.9874E-05 9.9874E-05 0.361212 9.9874E-05 0.358259
0.222312 9.99008E-05 9.99008E-05 0.282725 9.99008E-05 9.99008E-05 0.156057 9.99008E-05 0.018791 9.99008E-05 9.99008E-05 9.99008E-05 0.0604138 9.99008E-05 0.0162582 9.99008E-05 0.0477424 0.194602 9.99008E-05
9.98828E-05 9.98828E-05 9.98828E-05 0.180397 9.98828E-05 9.98828E-05 0.292867 9.98828E-05 9.98828E-05 9.98828E-05 9.98828E-05 0.0442225 9.98828E-05 0.0620003 9.98828E-05 9.98828E-05 0.265425 0.15379 9.98828E-05
0.0764915 9.9919E-05 0.407093 0.209745 9.9919E-05 9.9919E-05 9.9919E-05 0.0387354 0.0284451 9.9919E-05 9.9919E-05 0.00980208 0.0317993 9.9919E-05 9.9919E-05 0.0395835 0.127 9.9919E-05 0.0304058
9.98739E-05 9.98739E-05 0.423347 9.98739E-05 9.98739E-05 9.98739E-05 0.0146993 9.98739E-05 0.0289553 9.98739E-05 9.98739E-05 0.184002 0.347598 9.98739E-05 9.98739E-05 9.98739E-05 9.98739E-05 9.98739E-05 9.98739E-05
0.0866428 0.0350316 9.98917E-05 0.21666 0.00434187 9.98917E-05 9.98917E-05 9.98917E-05 9.98917E-05 0.0425053 0.0737966 9.98917E-05 9.98917E-05 9.98917E-05 9.98917E-05 9.98917E-05 0.539823 9.98917E-05 9.98917E-05
9.98738E-05 9.98738E-05 9.98738E-05 0.190085 9.98738E-05 0.0338617 9.98738E-05 9.98738E-05 9.98738E-05 9.98738E-05 9.98738E-05 0.274488 9.98738E-05 9.98738E-05 9.98738E-05 9.98738E-05 0.242132 9.98738E-05 0.258035
9.99008E-05 0.0109723 0.00415666 9.99008E-05 9.99008E-05 0.0613236 9.99008E-05 9.99008E-05 9.99008E-05 0.045901 0.0313895 0.0548033 9.99008E-05 9.99008E-05 9.99008E-05 0.0107873 0.779567 9.99008E-05 9.99008E-05
9.98558E-05 9.98558E-05 9.98558E-05 0.73233 9.98558E-05 9.98558E-05 9.98558E-05 9.98558E-05 9.98558E-05 9.98558E-05 0.0919938 9.98558E-05 9.98558E-05 9.98558E-05 9.98558E-05 9.98558E-05 0.174078 9.98558E-05 9.98558E-05
0.166753 9.98917E-05 9.98917E-05 0.491847 9.98917E-05 9.98917E-05 0.0304536 9.98917E-05 9.98917E-05 9.98917E-05 0.0141043 9.98917E-05 0.034659 0.100507 9.98917E-05 9.98917E-05 0.160477 9.98917E-05 9.98917E-05
9.99008E-05 9.99008E-05 9.99008E-05 0.347748 9.99008E-05 9.99008E-05 0.0494109 9.99008E-05 0.043178 9.99008E-05 9.99008E-05 0.0606576 9.99008E-05 0.132478 9.99008E-05 0.0265443 0.317503 0.021381 9.99008E-05
0.57315 0.0495719 9.98919E-05 0.0126048 9.98919E-05 0.0441746 9.98919E-05 0.0402198 9.98919E-05 0.101723 9.98919E-05 9.98919E-05 9.98919E-05 9.98919E-05 9.98919E-05 9.98919E-05 0.177357 9.98919E-05 9.98919E-05
9.98649E-05 9.98649E-05 0.300395 0.639515 0.0153408 9.98649E-05 9.98649E-05 9.98649E-05 9.98649E-05 9.98649E-05 9.98649E-05 9.98649E-05 0.0432512 9.98649E-05 9.98649E-05 9.98649E-05 9.98649E-05 9.98649E-05 9.98649E-05
0.0196903 0.0228143 9.98918E-05 0.229952 0.297392 9.98918E-05 9.98918E-05 0.189077 9.98918E-05 9.98918E-05 9.98918E-05 0.0651693 9.98918E-05 9.98918E-05 9.98918E-05 9.98918E-05 0.174707 9.98918E-05 9.98918E-05
0.401958 0.0529164 9.99008E-05 0.165016 9.99008E-05 9.99008E-05 0.153365 9.99008E-05 9.99008E-05 9.99008E-05 9.99008E-05 0.0382157 0.0316345 0.03824 9.99008E-05 9.99008E-05 9.99008E-05 0.117555 9.99008E-05
9.98471E-05 9.98471E-05 9.98471E-05 0.901409 9.98471E-05 9.98471E-05 9.98471E-05 9.98471E-05 9.98471E-05 9.98471E-05 9.98471E-05 9.98471E-05 9.98471E-05 9.98471E-05 9.98471E-05 0.0968941 9.98471E-05 9.98471E-05 9.98471E-05
9.9874E-05 9.9874E-05 9.9874E-05 0.777876 0.0267534 0.0345198 9.9874E-05 9.9874E-05 9.9874E-05 9.9874E-05 9.9874E-05 9.9874E-05 9.9874E-05 9.9874E-05 9.9874E-05 0.0128985 9.9874E-05 0.146555 9.9874E-05
0.809164 0.0135833 9.98737E-05 9.98737E-05 9.98737E-05 9.98737E-05 9.98737E-05 9.98737E-05 0.0655428 9.98737E-05 9.98737E-05 0.0758658 9.98737E-05 0.034446 9.98737E-05 9.98737E-05 9.98737E-05 9.98737E-05 9.98737E-05
0.676455 0.046982 0.00242673 9.98828E-05 9.98828E-05 9.98828E-05 9.98828E-05 9.98828E-05 9.98828E-05 9.98828E-05 0.143303 9.98828E-05 0.102177 9.98828E-05 9.98828E-05 9.98828E-05 0.0273583 9.98828E-05 9.98828E-05
0.637479 9.98558E-05 9.98558E-05 9.98558E-05 9.98558E-05 0.292989 9.98558E-05 9.98558E-05 9.98558E-05 9.98558E-05 9.98558E-05 9.98558E-05 9.98558E-05 9.98558E-05 9.98558E-05 9.98558E-05 0.0679342 9.98558E-05 9.98558E-05
0.0462784 9.98648E-05 9.98648E-05 0.18422 0.472775 9.98648E-05 9.98648E-05 9.98648E-05 9.98648E-05 9.98648E-05 9.98648E-05 9.98648E-05 9.98648E-05 9.98648E-05 9.98648E-05 9.98648E-05 0.295228 9.98648E-05 9.98648E-05
9.98649E-05 9.98649E-05 0.202919 9.98649E-05 9.98649E-05 9.98649E-05 9.98649E-05 9.98649E-05 0.00617379 9.98649E-05 9.98649E-05 9.98649E-05 0.643494 9.98649E-05 9.98649E-05 0.145916 9.98649E-05 9.98649E-05 9.98649E-05
0.0296674 0.0905285 9.98917E-05 0.366945 0.137272 0.0449269 9.98917E-05 9.98917E-05 9.98917E-05 0.000931184 9.98917E-05 9.98917E-05 9.98917E-05 9.98917E-05 9.98917E-05 9.98917E-05 0.32853 9.98917E-05 9.98917E-05
0.453367 9.98558E-05 9.98558E-05 0.526217 9.98558E-05 9.98558E-05 9.98558E-05 9.98558E-05 9.98558E-05 9.98558E-05 9.98558E-05 9.98558E-05 9.98558E-05 9.98558E-05 9.98558E-05 9.98558E-05 9.98558E-05 0.0188187 9.98558E-05
0.632858 9.98648E-05 9.98648E-05 9.98648E-05 9.98648E-05 9.98648E-05 0.196742 9.98648E-05 0.16155 9.98648E-05 9.98648E-05 9.98648E-05 9.98648E-05 9.98648E-05 9.98648E-05 9.98648E-05 9.98648E-05 0.00735156 9.98648E-05
9.98737E-05 0.0421984 9.98737E-05 9.98737E-05 0.136773 0.0535036 9.98737E-05 9.98737E-05 9.98737E-05 9.98737E-05 9.98737E-05 9.98737E-05 0.684881 9.98737E-05 9.98737E-05 9.98737E-05 0.0812466 9.98737E-05 9.98737E-05
0.15151 9.9874E-05 9.9874E-05 9.9874E-05 0.389846 0.133641 9.9874E-05 9.9874E-05 9.9874E-05 9.9874E-05 9.9874E-05 9.9874E-05 0.1273 9.9874E-05 9.9874E-05 9.9874E-05 0.196305 9.9874E-05 9.9874E-05
9.98647E-05 0.138208 9.98647E-05 9.98647E-05 0.0460497 9.98647E-05 9.98647E-05 9.98647E-05 9.98647E-05 9.98647E-05 9.98647E-05 9.98647E-05 0.659808 9.98647E-05 9.98647E-05 9.98647E-05 0.154436 9.98647E-05 9.98647E-05
0.493243 9.98828E-05 9.98828E-05 9.98828E-05 9.98828E-05 9.98828E-05 9.98828E-05 9.98828E-05 9.98828E-05 0.00125676 0.205479 0.0674242 0.190135 9.98828E-05 9.98828E-05 9.98828E-05 0.0411636 9.98828E-05 9.98828E-05
0.207401 9.9883E-05 9.9883E-05 0.0116277 9.9883E-05 0.4676 9.9883E-05 9.9883E-05 9.9883E-05 9.9883E-05 0.00301158 9.9883E-05 0.114718 9.9883E-05 9.9883E-05 9.9883E-05 0.194343 9.9883E-05 9.9883E-05
0.040531 9.98918E-05 0.0595219 0.340189 9.98918E-05 9.98918E-05 0.155131 9.98918E-05 9.98918E-05 9.98918E-05 9.98918E-05 9.98918E-05 0.188917 9.98918E-05 9.98918E-05 9.98918E-05 0.11447 9.98918E-05 0.100041
9.98648E-05 9.98648E-05 9.98648E-05 0.35792 9.98648E-05 9.98648E-05 0.0589362 9.98648E-05 9.98648E-05 9.98648E-05 9.98648E-05 9.98648E-05 9.98648E-05 9.98648E-05 9.98648E-05 9.98648E-05 0.403546 9.98648E-05 0.1781
0.0394353 9.98919E-05 9.98919E-05 0.0720665 9.98919E-05 9.98919E-05 0.0681502 9.98919E-05 9.98919E-05 9.98919E-05 9.98919E-05 0.0978305 0.0301733 9.98919E-05 9.98919E-05 9.98919E-05 0.32862 9.98919E-05 0.362525
9.98828E-05 0.0608875 9.98828E-05 0.23653 0.169582 0.0332786 9.98828E-05 9.98828E-05 9.98828E-05 9.98828E-05 9.98828E-05 9.98828E-05 9.98828E-05 9.98828E-05 0.00596817 9.98828E-05 0.492455 9.98828E-05 9.98828E-05
0.0134305 9.98738E-05 9.98738E-05 0.572583 9.98738E-05 9.98738E-05 9.98738E-05 9.98738E-05 9.98738E-05 9.98738E-05 0.237392 9.98738E-05 0.0613349 9.98738E-05 9.98738E-05 9.98738E-05 0.113861 9.98738E-05 9.98738E-05
0.0382427 9.98739E-05 9.98739E-05 0.811681 9.98739E-05 9.98739E-05 0.0305061 9.98739E-05 0.0879099 9.98739E-05 9.98739E-05 0.0302617 9.98739E-05 9.98739E-05 9.98739E-05 9.98739E-05 9.98739E-05 9.98739E-05 9.98739E-05
9.98647E-05 0.184666 9.98647E-05 9.98647E-05 0.0350496 9.98647E-05 9.98647E-05 9.98647E-05 9.98647E-05 9.98647E-05 9.98647E-05 0.597324 0.181463 9.98647E-05 9.98647E-05 9.98647E-05 9.98647E-05 9.98647E-05 9.98647E-05
9.98647E-05 9.98647E-05 9.98647E-05 9.98647E-05 0.180936 9.98647E-05 9.98647E-05 0.0252985 9.98647E-05 9.98647E-05 9.98647E-05 0.368343 9.98647E-05 9.98647E-05 9.98647E-05 9.98647E-05 0.423924 9.98647E-05 9.98647E-05
0.0496494 9.98738E-05 9.98738E-05 9.98738E-05 9.98738E-05 9.98738E-05 9.98738E-05 9.98738E-05 9.98738E-05 9.98738E-05 9.98738E-05 0.651923 0.15537 0.0163585 9.98738E-05 0.125301 9.98738E-05 9.98738E-05 9.98738E-05
9.98736E-05 9.98736E-05 9.98736E-05 0.000987157 0.108166 9.98736E-05 9.98736E-05 0.120037 9.98736E-05 9.98736E-05 9.98736E-05 0.500051 9.98736E-05 9.98736E-05 9.98736E-05 9.98736E-05 0.269361 9.98736E-05 9.98736E-05
9.98557E-05 9.98557E-05 9.98557E-05 9.98557E-05 0.169338 9.98557E-05 9.98557E-05 9.98557E-05 9.98557E-05 9.98557E-05 9.98557E-05 0.713371 9.98557E-05 9.98557E-05 9.98557E-05 9.98557E-05 0.115693 9.98557E-05 9.98557E-05
9.98648E-05 9.98648E-05 9.98648E-05 0.0470298 9.98648E-05 9.98648E-05 9.98648E-05 9.98648E-05 0.0196273 9.98648E-05 9.98648E-05 0.749448 9.98648E-05 9.98648E-05 9.98648E-05 0.182396 9.98648E-05 9.98648E-05 9.98648E-05
9.98738E-05 9.98738E-05 9.98738E-05 0.180051 9.98738E-05 9.98738E-05 9.98738E-05 0.0766636 9.98738E-05 9.98738E-05 9.98738E-05 0.334001 9.98738E-05 0.159175 9.98738E-05 9.98738E-05 0.24871 9.98738E-05 9.98738E-05
9.98738E-05 0.0110261 9.98738E-05 9.98738E-05 9.98738E-05 9.98738E-05 9.98738E-05 9.98738E-05 9.98738E-05 9.98738E-05 0.0187982 0.809345 9.98738E-05 0.0235712 9.98738E-05 9.98738E-05 0.135862 9.98738E-05 9.98738E-05
0.00976076 9.98649E-05 9.98649E-05 9.98649E-05 9.98649E-05 0.378045 9.98649E-05 9.98649E-05 9.98649E-05 0.598087 9.98649E-05 9.98649E-05 9.98649E-05 9.98649E-05 9.98649E-05 9.98649E-05 0.01261 9.98649E-05 9.98649E-05
9.9874E-05 9.9874E-05 9.9874E-05 9.9874E-05 0.0633792 0.123199 0.0587589 9.9874E-05 9.9874E-05 0.635688 9.9874E-05 9.9874E-05 9.9874E-05 9.9874E-05 9.9874E-05 9.9874E-05 0.117576 9.9874E-05 9.9874E-05
9.9865E-05 9.9865E-05 0.0555464 9.9865E-05 9.9865E-05 9.9865E-05 9.9865E-05 9.9865E-05 9.9865E-05 0.75496 9.9865E-05 9.9865E-05 9.9865E-05 9.9865E-05 9.9865E-05 9.9865E-05 0.0033546 9.9865E-05 0.184641
9.98559E-05 9.98559E-05 9.98559E-05 9.98559E-05 9.98559E-05 9.98559E-05 9.98559E-05 0.340799 9.98559E-05 0.329163 9.98559E-05 9.98559E-05 9.98559E-05 9.98559E-05 9.98559E-05 0.328441 9.98559E-05 9.98559E-05 9.98559E-05
9.98648E-05 9.98648E-05 9.98648E-05 9.98648E-05 9.98648E-05 0.268885 9.98648E-05 0.0619586 9.98648E-05 0.585985 9.98648E-05 9.98648E-05 9.98648E-05 9.98648E-05 0.0816731 9.98648E-05 9.98648E-05 9.98648E-05 9.98648E-05
9.99368E-05 0.102864 0.0180278 0.00729392 9.99368E-05 9.99368E-05 9.99368E-05 0.252669 0.0716799 0.0974095 0.0173899 0.0527902 9.99368E-05 0.340245 9.99368E-05 0.0083206 9.99368E-05 0.0140113 0.0165993
9.98737E-05 0.187638 9.98737E-05 9.98737E-05 0.296227 9.98737E-05 9.98737E-05 0.0670907 0.00348536 0.44416 9.98737E-05 9.98737E-05 9.98737E-05 9.98737E-05 9.98737E-05 9.98737E-05 9.98737E-05 9.98737E-05 9.98737E-05
9.98469E-05 9.98469E-05 9.98469E-05 9.98469E-05 9.98469E-05 0.27316 9.98469E-05 9.98469E-05 9.98469E-05 0.725143 9.98469E-05 9.98469E-05 9.98469E-05 9.98469E-05 9.98469E-05 9.98469E-05 9.98469E-05 9.98469E-05 9.98469E-05
0.0170477 0.226061 9.98739E-05 9.98739E-05 9.98739E-05 9.98739E-05 9.98739E-05 9.98739E-05 9.98739E-05 0.701018 0.0529373 9.98739E-05 0.00153848 9.98739E-05 9.98739E-05 9.98739E-05 9.98739E-05 9.98739E-05 9.98739E-05
9.98829E-05 9.98829E-05 9.98829E-05 0.103471 9.98829E-05 9.98829E-05 9.98829E-05 9.98829E-05 0.0627228 0.491293 9.98829E-05 9.98829E-05 9.98829E-05 9.98829E-05 9.98829E-05 0.0234876 9.98829E-05 0.222143 0.095585
9.9865E-05 9.9865E-05 9.9865E-05 9.9865E-05 9.9865E-05 0.582665 9.9865E-05 9.9865E-05 9.9865E-05 0.261549 9.9865E-05 9.9865E-05 9.9865E-05 9.9865E-05 0.10692 9.9865E-05 0.0473678 9.9865E-05 9.9865E-05
9.98828E-05 9.98828E-05 9.98828E-05 0.00997988 0.0277811 9.98828E-05 9.98828E-05 9.98828E-05 0.0449503 0.429457 9.98828E-05 9.98828E-05 9.98828E-05 9.98828E-05 0.0735872 9.98828E-05 9.98828E-05 0.412946 9.98828E-05
9.98738E-05 9.98738E-05 9.98738E-05 9.98738E-05 9.98738E-05 0.155845 9.98738E-05 0.0745783 9.98738E-05 0.689231 9.98738E-05 9.98738E-05 9.98738E-05 0.0691925 9.98738E-05 9.98738E-05 0.00975507 9.98738E-05 9.98738E-05
0.0165357 0.126038 9.99008E-05 0.00910692 9.99008E-05 9.99008E-05 9.99008E-05 9.99008E-05 9.99008E-05 0.52027 0.0216355 0.0235304 9.99008E-05 0.168887 9.99008E-05 9.99008E-05 9.99008E-05 0.112898 9.99008E-05
9.99008E-05 0.0250854 9.99008E-05 9.99008E-05 9.99008E-05 0.0281164 9.99008E-05 9.99008E-05 9.99008E-05 0.53538 0.297401 9.99008E-05 0.0218879 9.99008E-05 0.00508627 0.0158772 9.99008E-05 9.99008E-05 0.0700668
9.99008E-05 0.423482 9.99008E-05 9.99008E-05 9.99008E-05 0.0240754 9.99008E-05 0.229435 0.0320778 0.246484 0.00462557 9.99008E-05 0.0203004 9.99008E-05 9.99008E-05 9.99008E-05 9.99008E-05 9.99008E-05 0.0184217
9.99098E-05 9.99098E-05 9.99098E-05 0.0963872 9.99098E-05 9.99098E-05 0.0983372 9.99098E-05 0.20996 0.472119 9.99098E-05 0.00856197 9.99098E-05 0.0229771 9.99098E-05 0.0599047 9.99098E-05 0.025195 0.00555919
9.98647E-05 9.98647E-05 0.388179 9.98647E-05 9.98647E-05 9.98647E-05 9.98647E-05 9.98647E-05 0.0369697 0.316031 9.98647E-05 9.98647E-05 9.98647E-05 9.98647E-05 9.98647E-05 9.98647E-05 9.98647E-05 9.98647E-05 0.257322
9.98829E-05 9.98829E-05 9.98829E-05 9.98829E-05 0.0565836 9.98829E-05 9.98829E-05 9.98829E-05 9.98829E-05 0.598405 0.168561 9.98829E-05 0.0617311 9.98829E-05 0.00837174 9.98829E-05 0.105049 9.98829E-05 9.98829E-05
9.98648E-05 0.0816882 9.98648E-05 9.98648E-05 9.98648E-05 0.034036 9.98648E-05 0.254246 9.98648E-05 0.628532 9.98648E-05 9.98648E-05 9.98648E-05 9.98648E-05 9.98648E-05 9.98648E-05 9.98648E-05 9.98648E-05 9.98648E-05
9.98739E-05 9.98739E-05 9.98739E-05 9.98739E-05 9.98739E-05 9.98739E-05 9.98739E-05 9.98739E-05 9.98739E-05 0.591486 0.226881 9.98739E-05 0.0235061 9.98739E-05 9.98739E-05 0.0834063 9.98739E-05 0.0733221 9.98739E-05
9.98558E-05 9.98558E-05 9.98558E-05 9.98558E-05 9.98558E-05 9.98558E-05 9.98558E-05 9.98558E-05 0.0185756 0.535825 9.98558E-05 9.98558E-05 9.98558E-05 9.98558E-05 9.98558E-05 9.98558E-05 9.98558E-05 9.98558E-05 0.444002
9.98919E-05 9.98919E-05 9.98919E-05 0.0566009 9.98919E-05 9.98919E-05 9.98919E-05 9.98919E-05 9.98919E-05 9.98919E-05 9.98919E-05 9.98919E-05 0.0131866 0.450249 0.0837825 0.225943 9.98919E-05 0.109128 0.0599116
9.98828E-05 0.160937 9.98828E-05 9.98828E-05 0.0905848 9.98828E-05 9.98828E-05 9.98828E-05 0.0348917 9.98828E-05 9.98828E-05 0.0138365 9.98828E-05 9.98828E-05 0.696098 0.0023532 9.98828E-05 9.98828E-05 9.98828E-05
9.98649E-05 9.98649E-05 0.570513 9.98649E-05 9.98649E-05 0.00636913 9.98649E-05 9.98649E-05 9.98649E-05 9.98649E-05 9.98649E-05 9.98649E-05 9.98649E-05 0.404368 9.98649E-05 9.98649E-05 9.98649E-05 9.98649E-05 0.0172515
9.98828E-05 0.460567 9.98828E-05 9.98828E-05 9.98828E-05 0.126783 9.98828E-05 9.98828E-05 9.98828E-05 9.98828E-05 9.98828E-05 9.98828E-05 0.000163201 0.325532 0.0440138 9.98828E-05 9.98828E-05 9.98828E-05 0.0416428
9.98557E-05 9.98557E-05 9.98557E-05 9.98557E-05 0.0475196 0.347822 9.98557E-05 9.98557E-05 9.98557E-05 9.98557E-05 9.98557E-05 9.98557E-05 9.98557E-05 9.98557E-05 0.603061 9.98557E-05 9.98557E-05 9.98557E-05 9.98557E-05
9.98917E-05 9.98917E-05 0.0785735 9.98917E-05 9.98917E-05 9.98917E-05 0.0633917 9.98917E-05 0.192018 9.98917E-05 9.98917E-05 9.98917E-05 9.98917E-05 0.269519 0.0226636 9.98917E-05 9.98917E-05 0.307491 0.0651448
9.98738E-05 9.98738E-05 9.98738E-05 9.98738E-05 9.98738E-05 9.98738E-05 9.98738E-05 9.98738E-05 0.00463971 9.98738E-05 9.98738E-05 9.98738E-05 9.98738E-05 0.0171537 0.77036 9.98738E-05 9.98738E-05 0.191802 0.0146467
0.0426401 9.98828E-05 9.98828E-05 9.98828E-05 0.111667 9.98828E-05 9.98828E-05 9.98828E-05 9.98828E-05 0.0123001 9.98828E-05 9.98828E-05 9.98828E-05 0.807025 0.00817529 9.98828E-05 0.0168936 9.98828E-05 9.98828E-05
9.98557E-05 9.98557E-05 9.98557E-05 9.98557E-05 9.98557E-05 9.98557E-05 0.205201 9.98557E-05 9.98557E-05 9.98557E-05 9.98557E-05 9.98557E-05 9.98557E-05 9.98557E-05 0.580116 9.98557E-05 9.98557E-05 9.98557E-05 0.213085
9.98739E-05 0.10903 9.98739E-05 9.98739E-05 0.370219 0.090505 9.98739E-05 9.98739E-05 9.98739E-05 9.98739E-05 9.98739E-05 9.98739E-05 9.98739E-05 0.110261 0.318587 9.98739E-05 9.98739E-05 9.98739E-05 9.98739E-05
9.99098E-05 9.99098E-05 9.99098E-05 0.0663308 9.99098E-05 9.99098E-05 0.228214 9.99098E-05 0.00863639 9.99098E-05 0.0630136 9.99098E-05 9.99098E-05 0.253116 0.0604806 0.0562183 9.99098E-05 0.241186 0.0218058
9.98738E-05 9.98738E-05 0.318763 9.98738E-05 9.98738E-05 9.98738E-05 9.98738E-05 9.98738E-05 0.000357798 9.98738E-05 9.98738E-05 9.98738E-05 9.98738E-05 9.98738E-05 0.54026 0.00967415 9.98738E-05 9.98738E-05 0.129547
9.98558E-05 9.98558E-05 9.98558E-05 9.98558E-05 0.207753 0.259127 9.98558E-05 9.98558E-05 9.98558E-05 9.98558E-05 9.98558E-05 9.98558E-05 9.98558E-05 9.98558E-05 0.531522 9.98558E-05 9.98558E-05 9.98558E-05 9.98558E-05
9.98739E-05 9.98739E-05 0.0465873 9.98739E-05 9.98739E-05 9.98739E-05 9.98739E-05 9.98739E-05 0.342647 9.98739E-05 9.98739E-05 9.98739E-05 9.98739E-05 0.318991 9.98739E-05 0.0851108 9.98739E-05 0.205266 9.98739E-05
9.98828E-05 9.98828E-05 0.0287573 0.0387 9.98828E-05 9.98828E-05 0.379792 9.98828E-05 0.152556 9.98828E-05 9.98828E-05 9.98828E-05 9.98828E-05 9.98828E-05 0.360578 9.98828E-05 9.98828E-05 9.98828E-05 0.0383188
9.98916E-05 0.132348 9.98916E-05 9.98916E-05 9.98916E-05 9.98916E-05 0.118385 0.0343777 0.246144 9.98916E-05 9.98916E-05 9.98916E-05 9.98916E-05 0.0807063 9.98916E-05 9.98916E-05 9.98916E-05 0.0710208 0.31582
9.98558E-05 9.98558E-05 9.98558E-05 9.98558E-05 0.0457652 0.388477 9.98558E-05 9.98558E-05 9.98558E-05 9.98558E-05 9.98558E-05 9.98558E-05 9.98558E-05 9.98558E-05 0.56416 9.98558E-05 9.98558E-05 9.98558E-05 9.98558E-05
9.98737E-05 9.98737E-05 0.107121 9.98737E-05 9.98737E-05 9.98737E-05 0.48052 9.98737E-05 9.98737E-05 9.98737E-05 9.98737E-05 9.98737E-05 9.98737E-05 0.217143 0.10435 9.98737E-05 9.98737E-05 9.98737E-05 0.0894676
9.98919E-05 9.98919E-05 9.98919E-05 9.98919E-05 9.98919E-05 9.98919E-05 0.0131657 9.98919E-05 0.00812924 0.00551327 0.032891 9.98919E-05 9.98919E-05 0.440024 9.98919E-05 0.223117 9.98919E-05 0.275961 9.98919E-05
9.98738E-05 0.481587 9.98738E-05 9.98738E-05 9.98738E-05 9.98738E-05 9.98738E-05 9.98738E-05 9.98738E-05 9.98738E-05 9.98738E-05 0.0544292 9.98738E-05 0.333628 0.112821 0.0161364 9.98738E-05 9.98738E-05 9.98738E-05
9.98831E-05 0.142984 9.98831E-05 9.98831E-05 9.98831E-05 9.98831E-05 9.98831E-05 0.0904616 9.98831E-05 9.98831E-05 9.98831E-05 0.0193702 0.00659909 9.98831E-05 9.98831E-05 0.171295 9.98831E-05 9.98831E-05 0.567991
9.98739E-05 9.98739E-05 0.0830704 9.98739E-05 9.98739E-05 9.98739E-05 9.98739E-05 9.98739E-05 9.98739E-05 9.98739E-05 9.98739E-05 9.98739E-05 0.0433134 0.424045 0.118867 9.98739E-05 9.98739E-05 9.98739E-05 0.329307
9.98737E-05 0.134832 9.98737E-05 9.98737E-05 0.0208512 0.288834 9.98737E-05 9.98737E-05 9.98737E-05 9.98737E-05 9.98737E-05 9.98737E-05 9.98737E-05 0.0039684 0.550116 9.98737E-05 9.98737E-05 9.98737E-05 9.98737E-05
9.99008E-05 0.182951 9.99008E-05 9.99008E-05 9.99008E-05 0.0179171 0.497797 0.0887145 9.99008E-05 9.99008E-05 9.99008E-05 9.99008E-05 0.0318054 0.11458 9.99008E-05 9.99008E-05 0.017599 0.0475377 9.99008E-05
0.00545939 0.0330873 9.98916E-05 9.98916E-05 9.98916E-05 9.98916E-05 9.98916E-05 9.98916E-05 9.98916E-05 9.98916E-05 0.0579791 0.0428715 9.98916E-05 0.213279 0.615015 0.0311098 9.98916E-05 9.98916E-05 9.98916E-05
0.0737739 0.296158 9.99099E-05 9.99099E-05 9.99099E-05 0.196075 9.99099E-05 9.99099E-05 9.99099E-05 0.194432 0.0293879 9.99099E-05 0.00467683 0.04199 0.109692 9.99099E-05 0.0528156 9.99099E-05 9.99099E-05
0.00394814 0.0258321 9.99188E-05 0.0307623 9.99188E-05 9.99188E-05 0.494352 0.0377066 9.99188E-05 0.111004 9.99188E-05 9.99188E-05 0.00106941 0.0848961 9.99188E-05 9.99188E-05 9.99188E-05 0.0527103 0.15682
9.9865E-05 9.9865E-05 9.9865E-05 0.066994 9.9865E-05 9.9865E-05 9.9865E-05 9.9865E-05 9.9865E-05 0.0288366 0.854292 9.9865E-05 9.9865E-05 0.0483795 9.9865E-05 9.9865E-05 9.9865E-05 9.9865E-05 9.9865E-05
0.0341809 9.98831E-05 9.98831E-05 9.98831E-05 0.229096 0.645006 9.98831E-05 9.98831E-05 0.00923885 9.98831E-05 9.98831E-05 9.98831E-05 0.0403532 9.98831E-05 9.98831E-05 9.98831E-05 9.98831E-05 9.98831E-05 0.0408268
0.085603 0.382142 9.98918E-05 9.98918E-05 0.046586 9.98918E-05 9.98918E-05 9.98918E-05 0.0344581 0.0835748 0.21899 9.98918E-05 9.98918E-05 9.98918E-05 0.147448 9.98918E-05 9.98918E-05 9.98918E-05 9.98918E-05
9.99188E-05 0.435406 9.99188E-05 0.00840407 9.99188E-05 0.23084 9.99188E-05 0.121834 9.99188E-05 0.0541547 0.0386378 9.99188E-05 0.0250741 0.0247592 9.99188E-05 9.99188E-05 0.0358697 0.0241213 9.99188E-05
9.98918E-05 9.98918E-05 9.98918E-05 9.98918E-05 9.98918E-05 0.0694621 9.98918E-05 9.98918E-05 9.98918E-05 9.98918E-05 0.146955 9.98918E-05 0.0126787 0.0209334 0.152463 9.98918E-05 9.98918E-05 0.456789 0.13952
9.98648E-05 0.437118 9.98648E-05 9.98648E-05 9.98648E-05 0.489845 9.98648E-05 0.0655676 9.98648E-05 9.98648E-05 9.98648E-05 9.98648E-05 9.98648E-05 9.98648E-05 0.00597068 9.98648E-05 9.98648E-05 9.98648E-05 9.98648E-05
9.98917E-05 0.027556 0.13934 9.98917E-05 9.98917E-05 9.98917E-05 0.226907 9.98917E-05 0.122111 9.98917E-05 9.98917E-05 9.98917E-05 9.98917E-05 0.194721 9.98917E-05 9.98917E-05 9.98917E-05 0.142133 0.146033
9.98738E-05 0.485245 9.98738E-05 9.98738E-05 9.98738E-05 0.427453 9.98738E-05 9.98738E-05 9.98738E-05 9.98738E-05 0.0451097 9.98738E-05 9.98738E-05 0.0144002 0.0263945 9.98738E-05 9.98738E-05 9.98738E-05 9.98738E-05
9.99009E-05 9.99009E-05 0.190508 9.99009E-05 9.99009E-05 0.08097 0.053053 0.0623746 9.99009E-05 9.99009E-05 0.13454 9.99009E-05 9.99009E-05 0.0011353 0.20825 9.99009E-05 9.99009E-05 9.99009E-05 0.268071
9.99008E-05 9.99008E-05 0.247742 9.99008E-05 0.0668428 9.99008E-05 0.141051 9.99008E-05 0.100602 0.0266605 0.149866 9.99008E-05 9.99008E-05 0.0322225 9.99008E-05 9.99008E-05 9.99008E-05 9.99008E-05 0.233914
0.0392409 0.0881377 0.010909 0.0181688 9.9928E-05 9.9928E-05 0.0141441 9.9928E-05 9.9928E-05 0.0600361 0.52023 9.9928E-05 0.00246494 0.168805 0.0200265 9.9928E-05 0.0570376 9.9928E-05 9.9928E-05
0.0069286 0.162871 9.99008E-05 0.0106424 0.0573229 9.99008E-05 9.99008E-05 9.99008E-05 0.052804 0.0970291 0.198453 9.99008E-05 9.99008E-05 0.41285 9.99008E-05 9.99008E-05 9.99008E-05 9.99008E-05 9.99008E-05
0.00138041 0.230461 9.98919E-05 9.98919E-05 9.98919E-05 9.98919E-05 9.98919E-05 9.98919E-05 0.099817 0.073923 0.583491 9.98919E-05 0.00424556 9.98919E-05 9.98919E-05 9.98919E-05 0.00548378 9.98919E-05 9.98919E-05
9.98917E-05 0.265805 0.0142605 9.98917E-05 9.98917E-05 9.98917E-05 0.00139792 9.98917E-05 9.98917E-05 0.061706 9.98917E-05 9.98917E-05 9.98917E-05 9.98917E-05 0.0133664 9.98917E-05 9.98917E-05 0.00866254 0.633603
9.98919E-05 0.130694 9.98919E-05 9.98919E-05 0.0888031 0.643114 9.98919E-05 9.98919E-05 0.0563495 0.0403764 0.00260857 9.98919E-05 9.98919E-05 9.98919E-05 9.98919E-05 9.98919E-05 9.98919E-05 9.98919E-05 0.0368562
9.98738E-05 9.98738E-05 9.98738E-05 9.98738E-05 0.00612866 0.599931 9.98738E-05 0.0448943 9.98738E-05 9.98738E-05 0.116593 9.98738E-05 9.98738E-05 9.98738E-05 0.231055 9.98738E-05 9.98738E-05 9.98738E-05 9.98738E-05
0.0281453 0.549613 9.99009E-05 9.99009E-05 0.209213 9.99009E-05 0.0972409 9.99009E-05 9.99009E-05 9.99009E-05 0.0332588 9.99009E-05 9.99009E-05 9.99009E-05 0.0492076 0.0123814 0.019841 9.99009E-05 9.99009E-05
9.98828E-05 0.129349 9.98828E-05 9.98828E-05 9.98828E-05 0.56737 0.13518 9.98828E-05 9.98828E-05 9.98828E-05 0.0569832 9.98828E-05 9.98828E-05 9.98828E-05 0.0164928 9.98828E-05 0.0933266 9.98828E-05 9.98828E-05
9.98739E-05 9.98739E-05 9.98739E-05 9.98739E-05 0.0615148 0.770697 9.98739E-05 9.98739E-05 0.0960796 9.98739E-05 9.98739E-05 9.98739E-05 9.98739E-05 9.98739E-05 9.98739E-05 9.98739E-05 9.98739E-05 0.0116091 0.0587009
9.99008E-05 0.18626 9.99008E-05 9.99008E-05 0.317673 9.99008E-05 0.170855 9.99008E-05 9.99008E-05 0.0077563 0.0229108 0.0335273 9.99008E-05 9.99008E-05 0.159362 9.99008E-05 0.100557 9.99008E-05 9.99008E-05
9.98917E-05 0.477028 9.98917E-05 9.98917E-05 0.0394947 0.156117 9.98917E-05 9.98917E-05 9.98917E-05 9.98917E-05 9.98917E-05 0.0251236 9.98917E-05 0.214615 0.0622616 9.98917E-05 9.98917E-05 0.0241618 9.98917E-05
0.00132067 0.0151837 0.00399749 9.9892E-05 9.9892E-05 9.9892E-05 9.9892E-05 9.9892E-05 0.279815 9.9892E-05 0.0387417 9.9892E-05 0.0107762 9.9892E-05 9.9892E-05 0.648967 9.9892E-05 9.9892E-05 9.9892E-05
9.98738E-05 0.0855821 0.0231937 9.98738E-05 9.98738E-05 9.98738E-05 0.000990326 9.98738E-05 0.86369 9.98738E-05 9.98738E-05 9.98738E-05 0.025146 9.98738E-05 9.98738E-05 9.98738E-05 9.98738E-05 9.98738E-05 9.98738E-05
0.0301148 0.504768 9.98918E-05 9.98918E-05 0.0522517 9.98918E-05 9.98918E-05 0.163301 0.100074 9.98918E-05 9.98918E-05 0.0427423 9.98918E-05 9.98918E-05 9.98918E-05 0.10555 9.98918E-05 9.98918E-05 9.98918E-05
9.98648E-05 0.09951 9.98648E-05 9.98648E-05 9.98648E-05 9.98648E-05 0.0335919 9.98648E-05 0.67819 9.98648E-05 9.98648E-05 9.98648E-05 9.98648E-05 9.98648E-05 9.98648E-05 9.98648E-05 9.98648E-05 0.187211 9.98648E-05
9.98559E-05 9.98559E-05 9.98559E-05 9.98559E-05 9.98559E-05 9.98559E-05 9.98559E-05 9.98559E-05 0.881952 0.0247785 9.98559E-05 9.98559E-05 9.98559E-05 9.98559E-05 9.98559E-05 0.0916718 9.98559E-05 9.98559E-05 9.98559E-05
9.98918E-05 0.0103381 0.394244 9.98918E-05 0.0410098 9.98918E-05 9.98918E-05 9.98918E-05 0.446754 0.00328983 9.98918E-05 9.98918E-05 0.0526815 9.98918E-05 9.98918E-05 9.98918E-05 9.98918E-05 9.98918E-05 0.0504842
9.98862E-05 9.98862E-05 0.118371 9.98862E-05 9.98862E-05 9.98862E-05 9.98862E-05 0.0654077 0.789438 0.0137586 9.98862E-05 0.00501942 9.98862E-05 0.00670603 9.98862E-05 9.98862E-05 9.98862E-05 9.98862E-05 9.98862E-05
9.9865E-05 0.428995 9.9865E-05 9.9865E-05 0.353913 9.9865E-05 9.9865E-05 9.9865E-05 0.205084 9.9865E-05 9.9865E-05 0.0105106 9.9865E-05 9.9865E-05 9.9865E-05 9.9865E-05 9.9865E-05 9.9865E-05 9.9865E-05
9.9874E-05 0.0773933 9.9874E-05 9.9874E-05 0.407895 0.268563 9.9874E-05 9.9874E-05 9.9874E-05 9.9874E-05 9.9874E-05 9.9874E-05 9.9874E-05 9.9874E-05 0.219209 9.9874E-05 9.9874E-05 9.9874E-05 0.0255428
0.0436371 0.0692802 9.98917E-05 9.98917E-05 9.98917E-05 9.98917E-05 0.118107 9.98917E-05 9.98917E-05 0.0564746 9.98917E-05 0.016285 9.98917E-05 0.342082 9.98917E-05 0.352936 9.98917E-05 9.98917E-05 9.98917E-05
9.98739E-05 0.0440132 9.98739E-05 9.98739E-05 0.578265 9.98739E-05 9.98739E-05 0.179662 0.145641 0.0510205 9.98739E-05 9.98739E-05 9.98739E-05 9.98739E-05 9.98739E-05 9.98739E-05 9.98739E-05 9.98739E-05 9.98739E-05
0.136112 0.263667 9.9883E-05 9.9883E-05 0.0626529 9.9883E-05 9.9883E-05 0.338355 0.107823 9.9883E-05 9.9883E-05 0.0900913 9.9883E-05 9.9883E-05 9.9883E-05 9.9883E-05 9.9883E-05 9.9883E-05 9.9883E-05
9.98918E-05 0.224147 9.98918E-05 9.98918E-05 9.98918E-05 9.98918E-05 9.98918E-05 0.204389 0.249412 9.98918E-05 9.98918E-05 0.117384 9.98918E-05 0.177994 9.98918E-05 0.00804574 9.98918E-05 0.0174293 9.98918E-05
9.98702E-05 0.50811 9.98702E-05 9.98702E-05 0.190448 0.060154 0.0188125 0.180187 9.98702E-05 9.98702E-05 9.98702E-05 9.98702E-05 9.98702E-05 9.98702E-05 0.0409901 9.98702E-05 9.98702E-05 9.98702E-05 9.98702E-05
9.98918E-05 0.196006 9.98918E-05 9.98918E-05 0.0778215 0.034912 9.98918E-05 0.495246 0.0129132 9.98918E-05 9.98918E-05 9.98918E-05 9.98918E-05 9.98918E-05 9.98918E-05 0.168585 0.0133178 9.98918E-05 9.98918E-05
9.98828E-05 0.0467611 9.98828E-05 9.98828E-05 9.98828E-05 9.98828E-05 0.667783 0.0297437 9.98828E-05 9.98828E-05 9.98828E-05 9.98828E-05 0.0633671 0.150417 9.98828E-05 9.98828E-05 0.0406301 9.98828E-05 9.98828E-05
9.99098E-05 0.171416 9.99098E-05 0.0147063 0.303365 9.99098E-05 0.0174496 0.0211472 9.99098E-05 9.99098E-05 9.99098E-05 0.0652458 9.99098E-05 0.258472 9.99098E-05 0.0345567 9.99098E-05 0.112642 9.99098E-05
9.98827E-05 0.0993487 9.98827E-05 9.98827E-05 0.224649 9.98827E-05 9.98827E-05 0.136503 9.98827E-05 0.121317 9.98827E-05 9.98827E-05 9.98827E-05 0.125436 9.98827E-05 0.291448 9.98827E-05 9.98827E-05 9.98827E-05
9.98828E-05 9.98828E-05 9.98828E-05 9.98828E-05 9.98828E-05 9.98828E-05 0.0698122 0.0361316 0.138039 9.98828E-05 9.98828E-05 9.98828E-05 9.98828E-05 0.163233 9.98828E-05 0.151145 9.98828E-05 0.440341 9.98828E-05
0.0142642 0.022618 9.991E-05 9.991E-05 9.991E-05 9.991E-05 0.0507388 0.155018 0.0814453 9.991E-05 0.0679208 9.991E-05 9.991E-05 0.346964 9.991E-05 0.240191 9.991E-05 0.0198412 9.991E-05
9.98829E-05 9.98829E-05 0.0050962 9.98829E-05 0.595295 0.00239578 9.98829E-05 0.259927 9.98829E-05 9.98829E-05 0.0733299 9.98829E-05 9.98829E-05 9.98829E-05 9.98829E-05 9.98829E-05 9.98829E-05 0.0626581 9.98829E-05
9.98918E-05 0.411542 9.98918E-05 9.98918E-05 0.0569675 9.98918E-05 9.98918E-05 0.271375 9.98918E-05 0.00387209 9.98918E-05 0.0337413 9.98918E-05 0.210092 9.98918E-05 9.98918E-05 9.98918E-05 9.98918E-05 0.0112103
9.98829E-05 0.141668 9.98829E-05 9.98829E-05 0.412721 0.226365 0.00453988 0.126586 9.98829E-05 9.98829E-05 9.98829E-05 9.98829E-05 9.98829E-05 9.98829E-05 0.0868206 9.98829E-05 9.98829E-05 9.98829E-05 9.98829E-05
