0.408003 0.484365 0.107532 9.9991E-05
0.458081 0.523037 0.0187824 9.9991E-05
9.999E-05 0.825527 0.0422875 0.132086
0.772603 0.121171 0.0103273 0.0958985
0.829441 9.9991E-05 0.0959154 0.0745436
0.194321 0.614733 0.120916 0.0700299
9.9982E-05 0.827476 9.9982E-05 0.172324
0.138112 0.755731 0.106058 9.9991E-05
0.601517 0.33847 0.0599126 9.9991E-05
0.0539124 0.253004 0.0804971 0.612586
0.690516 0.301473 0.00484494 0.00316662
0.833002 0.153351 9.9991E-05 0.0135477
0.365211 0.341596 0.133789 0.159405
0.020799 0.828471 0.0407693 0.109961
0.828706 0.171094 9.9982E-05 9.9982E-05
9.9991E-05 0.458929 0.0637841 0.477187
0.0118349 0.855618 9.9991E-05 0.132447
0.0262635 0.973537 9.9982E-05 9.9982E-05
0.595711 0.404089 9.9982E-05 9.9982E-05
0.257463 9.9991E-05 0.657037 0.0854003
0.27152 9.9991E-05 0.663185 0.0651955
0.174427 9.9991E-05 0.7564 0.069073
0.428769 9.9982E-05 0.571031 9.9982E-05
0.432433 9.9982E-05 0.567367 9.9982E-05
9.9991E-05 0.303924 0.622922 0.0730537
0.490087 9.9982E-05 0.509713 9.9982E-05
9.9982E-05 9.9982E-05 0.478973 0.520827
0.483719 9.9991E-05 0.454156 0.0620244
0.0954056 0.00535664 0.735737 0.1635
0.312819 9.9982E-05 0.686981 9.9982E-05
0.18355 9.9991E-05 0.537865 0.278484
9.9991E-05 0.16387 0.736182 0.0998481
9.9991E-05 0.0274862 0.545005 0.427409
9.9991E-05 0.326311 0.641628 0.0319613
0.31657 9.9991E-05 0.678349 0.00498133
0.433007 9.9982E-05 0.566793 9.9982E-05
0.3213 9.9991E-05 0.535711 0.142889
0.441236 9.9982E-05 0.558564 9.9982E-05
0.106218 0.0960333 0.797649 9.9991E-05
9.9991E-05 0.00774798 0.716132 0.27602
9.9982E-05 9.9982E-05 0.552115 0.447686
0.275218 9.9991E-05 0.605186 0.119496
9.9991E-05 0.148193 0.830343 0.0213638
9.9991E-05 0.201117 0.652007 0.146776
0.583601 9.9982E-05 0.416199 9.9982E-05
0.46774 9.9982E-05 0.53206 9.9982E-05
9.9991E-05 0.144051 0.578111 0.277738
0.118829 0.0627085 0.818362 9.9991E-05
9.9982E-05 9.9982E-05 0.350584 0.649216
0.30237 9.9982E-05 0.69743 9.9982E-05
9.9982E-05 9.9982E-05 0.749503 0.250297
0.292938 9.9991E-05 0.637635 0.0693266
0.441406 0.00926832 0.549226 9.9991E-05
0.373806 0.116209 0.509885 9.9991E-05
0.523091 9.9991E-05 0.460327 0.0164817
0.515817 9.9982E-05 0.483983 9.9982E-05
9.9991E-05 0.110701 0.791001 0.0981975
0.105831 9.9991E-05 0.730605 0.163465
9.9991E-05 0.0331894 0.729095 0.237615
0.292478 9.9982E-05 0.707322 9.9982E-05
0.275415 9.99819E-05 0.724385 9.99819E-05
0.323637 0.0444241 0.631839 9.9991E-05
9.9991E-05 0.242528 0.639682 0.11769
0.414234 9.9982E-05 0.585566 9.9982E-05
9.9991E-05 0.370256 0.492395 0.137248
0.395263 0.104382 0.500255 9.9991E-05
0.416804 9.9982E-05 0.582996 9.9982E-05
0.44231 9.9982E-05 0.55749 9.9982E-05
0.155405 0.245508 0.598987 9.9991E-05
0.0945609 0.167861 0.720902 0.0166755
9.9982E-05 9.9982E-05 0.559763 0.440037
9.9991E-05 0.134593 0.59485 0.270457
0.462242 9.9982E-05 0.537558 9.9982E-05
9.9991E-05 0.182497 0.634698 0.182705
0.339836 9.9982E-05 0.659964 9.9982E-05
0.498377 9.9982E-05 0.501423 9.9982E-05
9.9991E-05 0.0688724 0.66707 0.263958
9.9991E-05 0.00950293 0.485529 0.504868
9.9991E-05 0.177591 0.696494 0.125815
0.12484 0.0265316 0.746506 0.102122
9.9982E-05 9.9982E-05 0.492881 0.506919
0.325562 9.9982E-05 0.674239 9.9982E-05
0.188197 9.9991E-05 0.779125 0.0325781
0.256605 9.9991E-05 0.628488 0.114807
9.9991E-05 0.104508 0.618765 0.276627
0.25225 9.9982E-05 0.74755 9.9982E-05
0.423996 9.9982E-05 0.575804 9.9982E-05
9.9982E-05 0.429886 0.569914 9.9982E-05
9.9991E-05 0.298711 0.569459 0.13173
0.336252 0.123332 0.540316 9.9991E-05
9.9982E-05 0.399507 0.600293 9.9982E-05
9.9982E-05 0.434661 0.565139 9.9982E-05
0.513387 9.9982E-05 0.486413 9.9982E-05
9.9982E-05 0.389711 0.610089 9.9982E-05
0.0179334 0.365006 0.616961 9.9991E-05
9.9991E-05 0.267785 0.163824 0.568291
0.0334816 0.326195 0.27809 0.362234
0.25396 0.281392 0.213613 0.251035
0.458688 0.468226 0.0729854 9.9991E-05
0.0358076 0.275018 0.0967706 0.592404
0.374706 0.585784 0.0394103 9.9991E-05
9.9991E-05 0.744731 0.00547339 0.249695
0.012559 0.341741 0.177105 0.468596
0.0482474 0.504062 0.22384 0.223851
0.568621 0.128002 0.206787 0.0965902
0.042883 9.9991E-05 0.0858101 0.871207
0.540461 0.152508 0.0801511 0.226881
0.0136092 0.480669 0.152093 0.353629
0.241928 0.547386 0.164899 0.0457872
0.228848 0.273948 0.148006 0.349198
0.0542124 0.721541 0.0288322 0.195414
0.636714 0.212012 0.151175 9.9991E-05
0.613408 0.136237 0.104192 0.146164
0.0275322 0.330073 0.361728 0.280667
9.9991E-05 0.623966 0.0995727 0.276362
0.327105 0.193461 0.234298 0.245135
0.505767 0.150981 0.164944 0.178308
0.648554 0.268525 0.045101 0.0378198
0.19202 0.35141 0.0256314 0.430938
0.659946 0.170796 0.0523166 0.116942
0.0564687 0.655707 0.0244126 0.263412
9.9991E-05 0.0324435 0.00636375 0.961093
0.799036 0.183128 9.9991E-05 0.017736
0.532033 9.9991E-05 0.0248797 0.442987
0.214168 0.667745 0.117987 9.9991E-05
0.566453 9.9991E-05 0.0653397 0.368107
0.0012752 0.451311 0.0162952 0.531118
0.762873 0.106639 0.0564683 0.0740196
0.646362 9.9991E-05 0.0717774 0.281761
9.9991E-05 0.0900967 0.0121896 0.897614
0.805419 0.194381 9.9982E-05 9.9982E-05
0.782372 9.9991E-05 0.0697381 0.14779
0.649946 0.348214 9.9991E-05 0.00174044
0.0347551 9.9982E-05 9.9982E-05 0.965045
0.784062 0.0820423 0.0316361 0.10226
0.697992 0.28874 0.0131682 9.9991E-05
0.186833 0.786557 0.00504468 0.0215648
0.490314 0.208994 0.10421 0.196482
0.579316 0.18506 0.0602198 0.175404
9.9982E-05 0.226728 9.9982E-05 0.773072
0.385069 0.477345 0.116861 0.0207257
0.315642 0.336832 0.135458 0.212068
9.9991E-05 0.384635 0.187558 0.427707
0.594602 0.221827 0.126359 0.0572115
0.42066 9.9991E-05 0.231789 0.347451
0.0460296 0.0333197 0.0772343 0.843416
0.0915821 0.49079 0.138927 0.278702
9.9991E-05 0.556245 0.0696637 0.373991
0.53868 9.9991E-05 0.0569684 0.404251
9.9982E-05 0.395399 9.9982E-05 0.604401
0.751472 0.247092 9.9991E-05 0.00133514
0.00644246 0.418016 9.9991E-05 0.575442
0.502224 9.9991E-05 0.0659799 0.431696
0.7133 9.9991E-05 0.0275404 0.259059
0.353123 0.204315 0.235235 0.207327
0.236316 0.660188 0.0888584 0.014638
0.268562 0.263071 0.184449 0.283917
0.523619 0.140742 0.0266896 0.308949
0.0209186 0.196711 9.9991E-05 0.78227
0.0660726 9.9982E-05 9.9982E-05 0.933727
9.9991E-05 0.720316 0.058272 0.221312
9.9991E-05 0.139782 0.111671 0.748447
0.0961866 0.0442144 9.9991E-05 0.859499
9.9991E-05 0.579087 0.160941 0.259872
0.0527835 0.681975 9.9991E-05 0.265142
0.82174 0.131878 0.0462818 9.9991E-05
0.762204 0.237596 9.9982E-05 9.9982E-05
0.130083 0.857144 0.0126732 9.9991E-05
0.749025 0.250775 9.9982E-05 9.9982E-05
0.843551 0.156249 9.9982E-05 9.9982E-05
0.715395 0.18836 0.0938095 0.00243517
0.775901 0.223899 9.9982E-05 9.9982E-05
0.0361324 0.796234 0.00588183 0.161751
9.9982E-05 0.3294 9.9982E-05 0.6704
0.440936 0.514703 0.0442611 9.9991E-05
9.9991E-05 0.852081 0.0196142 0.128205
0.03359 0.798961 0.161615 0.00583448
0.303399 0.696401 9.9982E-05 9.9982E-05
9.9982E-05 0.74966 9.9982E-05 0.25014
0.119838 0.765531 0.0228895 0.0917415
0.492486 0.326058 0.181355 9.9991E-05
0.129154 0.737068 0.089765 0.044013
0.161637 0.785653 0.0526102 9.9991E-05
0.752291 0.247509 9.9982E-05 9.9982E-05
0.499044 0.482074 0.0187825 9.9991E-05
9.9991E-05 0.628935 0.0442988 0.326666
9.9982E-05 0.973339 0.0264608 9.9982E-05
9.9982E-05 0.443059 9.9982E-05 0.556741
0.752093 0.247707 9.9982E-05 9.9982E-05
0.353885 0.600102 0.0459124 9.9991E-05
9.9982E-05 0.628723 9.9982E-05 0.371077
0.788282 0.0643052 0.0774362 0.069977
0.643581 0.0450432 0.0687476 0.242628
9.9991E-05 0.438814 0.149303 0.411782
0.159791 0.168681 0.139939 0.531588
0.689207 0.123663 0.0944452 0.0926854
0.838515 0.0141201 0.056075 0.0912903
0.835576 0.0319623 0.102171 0.0302905
0.0421318 9.9991E-05 0.029727 0.928041
0.00467995 0.670133 0.106903 0.218284
0.393311 0.412793 0.171655 0.0222417
0.749321 0.15778 9.9991E-05 0.0927994
0.0272623 0.204559 0.0593746 0.708804
0.149989 0.695528 0.0697569 0.0847254
0.110454 0.735405 0.0854774 0.0686631
0.379433 0.194949 0.132197 0.293422
9.9991E-05 0.848839 0.0337311 0.11733
0.476726 0.517054 0.00612006 9.9991E-05
0.443403 0.480828 0.0756688 9.9991E-05
0.816897 9.9991E-05 0.0411799 0.141823
0.0160358 0.451406 0.213521 0.319037
0.734565 0.190163 0.035536 0.039736
0.760938 0.170727 9.9991E-05 0.0682346
9.9982E-05 0.513368 9.9982E-05 0.486432
0.243885 0.697783 9.9991E-05 0.058232
9.9991E-05 0.827528 0.0694933 0.102879
0.871894 0.0818616 0.0461446 9.9991E-05
0.520009 0.126558 0.296726 0.0567076
0.667532 0.317176 0.0151925 9.9991E-05
9.9991E-05 0.584443 0.00176117 0.413696
0.602502 0.397244 0.00015379 9.9991E-05
0.682857 0.265958 0.0510855 9.9991E-05
0.797963 0.19605 0.00254799 0.00343924
9.9982E-05 0.719282 9.9982E-05 0.280519
0.207467 0.775257 0.0171757 9.9991E-05
0.739526 0.182795 0.00596613 0.0717129
0.144061 0.507632 0.0918126 0.256495
0.797732 0.173094 0.0290741 9.9991E-05
0.447381 0.273592 9.9991E-05 0.278926
0.302194 0.599634 0.0980719 9.9991E-05
9.9982E-05 0.519399 9.9982E-05 0.480401
0.301728 0.636947 0.0612256 9.9991E-05
0.1057 0.427876 0.117835 0.348589
0.00787032 0.231569 0.0127078 0.747853
0.123733 0.806745 0.0627814 0.00674095
9.9991E-05 0.831467 0.0534316 0.115001
0.212314 0.62321 9.9991E-05 0.164376
0.708863 0.225042 9.9991E-05 0.0659944
0.000793877 0.0937882 0.0715707 0.833847
0.688029 9.9991E-05 0.0812082 0.230663
0.558759 0.364572 0.076569 9.9991E-05
0.601963 0.103127 0.024641 0.270269
0.0273779 0.304643 9.9991E-05 0.667879
9.9982E-05 0.29783 9.9982E-05 0.70197
0.745058 0.142974 0.0293939 0.0825743
0.0912785 0.818455 0.0901668 9.9991E-05
0.179557 0.548648 0.109906 0.161888
9.9982E-05 0.222159 9.9982E-05 0.777641
0.399638 0.136554 0.0654889 0.398319
0.564309 0.094661 0.0718451 0.269185
0.751297 0.248503 9.9982E-05 9.9982E-05
0.660442 0.332761 0.00669658 9.9991E-05
0.48626 0.183737 0.0711985 0.258805
9.9991E-05 0.769624 0.034597 0.195679
0.688541 0.31126 9.9982E-05 9.9982E-05
9.9982E-05 0.845237 9.9982E-05 0.154563
0.135226 0.830086 0.0345875 9.9991E-05
0.697025 0.274094 0.0287814 9.9991E-05
9.9991E-05 0.542076 0.0236588 0.434165
0.0669022 0.332106 0.0753972 0.525595
9.9991E-05 0.775206 0.00662565 0.218068
0.57482 9.9991E-05 0.0667812 0.358299
0.278993 0.338039 0.0993567 0.283612
0.466514 0.371524 0.0556937 0.106268
9.9991E-05 0.316562 0.0382445 0.645094
0.748902 0.0593769 0.0482443 0.143477
0.0524435 0.528292 0.262481 0.156783
0.627161 0.241122 0.0890184 0.0426985
0.723389 0.120503 0.0758397 0.0802683
0.679716 0.166042 0.000368222 0.153874
0.680129 0.220569 0.0575403 0.0417612
0.584771 0.131012 0.104565 0.179651
0.0385734 0.737967 0.183245 0.0402142
9.9991E-05 0.759776 0.116473 0.123651
0.705025 9.9991E-05 0.0703327 0.224542
0.52981 9.9991E-05 0.0386169 0.431474
0.108143 0.364431 0.184298 0.343128
0.0154404 9.9991E-05 0.0521595 0.9323
9.9982E-05 0.634442 9.9982E-05 0.365358
9.9982E-05 0.192401 9.9982E-05 0.807399
