9.9946E-05 0.485659 0.0498058 0.0470554 9.9946E-05 0.0964907 9.9946E-05 9.9946E-05 9.9946E-05 0.320389 9.9946E-05
9.99459E-05 0.482832 0.0256471 0.0554919 0.105661 9.99459E-05 9.99459E-05 9.99459E-05 9.99459E-05 0.329768 9.99459E-05
9.99729E-05 0.250555 0.0100666 0.0336936 0.0203725 0.00976751 0.05046 0.00691149 9.99729E-05 9.99729E-05 0.617874
9.99549E-05 0.256473 9.99549E-05 9.99549E-05 0.114436 0.0532257 0.064834 0.220869 9.99549E-05 0.289663 9.99549E-05
0.0526697 9.99549E-05 0.204482 9.99549E-05 0.105897 9.99549E-05 0.0797662 0.132683 9.99549E-05 0.424002 9.99549E-05
0.0696126 0.391714 0.059515 0.00961562 9.99639E-05 9.99639E-05 0.313832 9.99639E-05 9.99639E-05 0.0611354 0.094176
9.99369E-05 0.449008 9.99369E-05 9.99369E-05 9.99369E-05 9.99369E-05 9.99369E-05 0.00330941 0.0339842 9.99369E-05 0.512999
9.9946E-05 0.360188 9.9946E-05 0.145828 9.9946E-05 9.9946E-05 0.163135 9.9946E-05 9.9946E-05 0.114274 0.215976
9.99549E-05 0.400818 9.99549E-05 0.0927533 0.0408245 9.99549E-05 0.0795827 0.139324 9.99549E-05 0.246197 9.99549E-05
9.99369E-05 9.99369E-05 9.99369E-05 9.99369E-05 9.99369E-05 0.0490453 0.373395 9.99369E-05 0.234834 9.99369E-05 0.342025
9.99639E-05 0.197078 0.0346318 9.99639E-05 0.453267 0.00737627 0.0902166 0.00230888 9.99639E-05 0.214722 9.99639E-05
9.99549E-05 0.0284569 9.99549E-05 0.0133416 0.160866 9.99549E-05 0.250069 0.124128 9.99549E-05 0.422638 9.99549E-05
0.0627867 0.237068 0.210063 9.998E-05 0.0922345 0.0124664 0.000504966 0.254563 0.0231328 9.998E-05 0.10698
9.99369E-05 0.457607 9.99369E-05 0.0199729 9.99369E-05 9.99369E-05 0.181652 9.99369E-05 9.99369E-05 9.99369E-05 0.340069
9.99279E-05 9.99279E-05 9.99279E-05 9.99279E-05 0.483169 9.99279E-05 0.0825716 9.99279E-05 9.99279E-05 0.43346 9.99279E-05
0.0512682 0.201368 9.99549E-05 9.99549E-05 9.99549E-05 0.0313805 0.0357375 9.99549E-05 0.306571 9.99549E-05 0.373175
9.99279E-05 0.57291 9.99279E-05 9.99279E-05 9.99279E-05 9.99279E-05 9.99279E-05 0.0217501 9.99279E-05 9.99279E-05 0.40454
9.99459E-05 0.492003 0.00451065 9.99459E-05 0.0173172 9.99459E-05 9.99459E-05 9.99459E-05 9.99459E-05 0.0355941 0.449975
9.996E-05 0.264979 0.00784723 0.015678 9.996E-05 9.996E-05 0.0416599 0.263643 9.996E-05 0.303649 0.102145
9.9937E-05 9.9937E-05 0.00720985 0.0353899 0.183704 0.772997 9.9937E-05 9.9937E-05 9.9937E-05 9.9937E-05 9.9937E-05
9.9919E-05 9.9919E-05 9.9919E-05 9.9919E-05 9.9919E-05 0.831039 9.9919E-05 0.168062 9.9919E-05 9.9919E-05 9.9919E-05
9.99278E-05 0.0524797 0.0465762 9.99278E-05 9.99278E-05 0.900145 9.99278E-05 9.99278E-05 9.99278E-05 9.99278E-05 9.99278E-05
9.99279E-05 9.99279E-05 9.99279E-05 0.0286768 9.99279E-05 0.614326 9.99279E-05 0.356198 9.99279E-05 9.99279E-05 9.99279E-05
9.99459E-05 9.99459E-05 9.99459E-05 0.0482138 0.118747 0.682493 9.99459E-05 0.11861 9.99459E-05 0.0313373 9.99459E-05
0.17118 0.0979848 9.99549E-05 0.0191395 9.99549E-05 0.469276 0.0102523 9.99549E-05 9.99549E-05 9.99549E-05 0.231667
9.994E-05 9.994E-05 9.994E-05 0.372118 0.137682 0.308227 0.042015 9.994E-05 9.994E-05 0.139359 9.994E-05
0.205593 9.99369E-05 9.99369E-05 9.99369E-05 9.99369E-05 0.242505 9.99369E-05 9.99369E-05 0.497586 9.99369E-05 0.0536165
9.9964E-05 9.9964E-05 0.125144 0.324178 0.166458 0.252398 9.9964E-05 0.110454 0.0134948 0.00747239 9.9964E-05
9.99369E-05 0.0709867 0.0320806 9.99369E-05 9.99369E-05 0.863942 9.99369E-05 9.99369E-05 0.0322913 9.99369E-05 9.99369E-05
9.99279E-05 9.99279E-05 9.99279E-05 9.99279E-05 0.000652457 0.838277 9.99279E-05 0.160271 9.99279E-05 9.99279E-05 9.99279E-05
9.99371E-05 9.99371E-05 9.99371E-05 9.99371E-05 9.99371E-05 0.589823 9.99371E-05 0.143931 0.144878 9.99371E-05 0.120669
0.244196 0.0493972 0.085639 0.354684 9.99549E-05 0.148467 9.99549E-05 9.99549E-05 0.117117 9.99549E-05 9.99549E-05
9.99278E-05 9.99278E-05 9.99278E-05 9.99278E-05 9.99278E-05 0.609514 9.99278E-05 9.99278E-05 0.191552 9.99278E-05 0.198134
9.99369E-05 0.113573 9.99369E-05 0.0172962 9.99369E-05 0.682132 9.99369E-05 9.99369E-05 9.99369E-05 9.99369E-05 0.186299
9.99369E-05 9.99369E-05 9.99369E-05 9.99369E-05 0.0156106 0.811925 0.0299698 0.141795 9.99369E-05 9.99369E-05 9.99369E-05
9.99369E-05 9.99369E-05 9.99369E-05 9.99369E-05 0.209667 0.727817 9.99369E-05 0.0335478 9.99369E-05 0.0282693 9.99369E-05
9.99189E-05 9.99189E-05 9.99189E-05 9.99189E-05 0.316663 0.682438 9.99189E-05 9.99189E-05 9.99189E-05 9.99189E-05 9.99189E-05
9.99279E-05 9.99279E-05 9.99279E-05 9.99279E-05 9.99279E-05 0.663038 9.99279E-05 0.265784 9.99279E-05 0.0703784 9.99279E-05
0.822638 0.118315 9.99278E-05 9.99278E-05 9.99278E-05 9.99278E-05 9.99278E-05 9.99278E-05 9.99278E-05 0.0582482 9.99278E-05
0.684788 9.9928E-05 0.049252 9.9928E-05 9.9928E-05 9.9928E-05 9.9928E-05 9.9928E-05 0.26516 9.9928E-05 9.9928E-05
0.361138 9.9946E-05 9.9946E-05 0.0435348 9.9946E-05 0.0806077 9.9946E-05 9.9946E-05 0.317501 9.9946E-05 0.196618
0.469417 9.99459E-05 0.0259666 0.0791739 9.99459E-05 9.99459E-05 9.99459E-05 0.335145 0.0896979 9.99459E-05 9.99459E-05
0.566348 0.144642 9.99278E-05 9.99278E-05 9.99278E-05 0.28821 9.99278E-05 9.99278E-05 9.99278E-05 9.99278E-05 9.99278E-05
0.538236 9.9955E-05 9.9955E-05 0.00799284 9.9955E-05 0.099103 0.0526906 9.9955E-05 0.0417601 9.9955E-05 0.259717
9.99279E-05 9.99279E-05 9.99279E-05 0.64651 9.99279E-05 9.99279E-05 9.99279E-05 0.191151 9.99279E-05 0.161539 9.99279E-05
0.533027 9.99369E-05 9.99369E-05 0.0484777 0.0828712 9.99369E-05 9.99369E-05 9.99369E-05 9.99369E-05 0.334924 9.99369E-05
0.390198 9.99369E-05 9.99369E-05 9.99369E-05 9.99369E-05 0.19279 9.99369E-05 9.99369E-05 0.151719 9.99369E-05 0.264593
0.82465 0.104442 9.99459E-05 9.99459E-05 0.0275904 9.99459E-05 0.0322257 9.99459E-05 9.99459E-05 0.010492 9.99459E-05
0.363929 9.9919E-05 9.9919E-05 9.9919E-05 9.9919E-05 9.9919E-05 9.9919E-05 9.9919E-05 0.635172 9.9919E-05 9.9919E-05
0.628404 9.9946E-05 9.9946E-05 0.107753 0.0488773 9.9946E-05 9.9946E-05 0.0353795 9.9946E-05 0.178986 9.9946E-05
0.715271 9.99279E-05 0.0169603 9.99279E-05 9.99279E-05 9.99279E-05 9.99279E-05 9.99279E-05 0.266969 9.99279E-05 9.99279E-05
0.553914 9.9955E-05 0.0921125 9.9955E-05 0.0157382 0.0854011 0.0205164 0.231819 9.9955E-05 9.9955E-05 9.9955E-05
0.269458 9.99549E-05 9.99549E-05 0.251847 0.36167 0.0610032 0.0374436 9.99549E-05 9.99549E-05 0.0180786 9.99549E-05
0.441457 9.99459E-05 9.99459E-05 0.101801 0.261315 9.99459E-05 0.0279135 9.99459E-05 9.99459E-05 0.166914 9.99459E-05
0.265888 9.996E-05 9.996E-05 0.19492 0.0134411 0.0441233 9.996E-05 0.371821 0.0197371 0.0896703 9.996E-05
9.99279E-05 9.99279E-05 9.99279E-05 0.251217 9.99279E-05 0.326264 9.99279E-05 0.421719 9.99279E-05 9.99279E-05 9.99279E-05
0.76786 0.0640866 0.0293935 9.99459E-05 9.99459E-05 9.99459E-05 9.99459E-05 9.99459E-05 0.0646518 9.99459E-05 0.0734088
0.440005 9.9964E-05 0.0251398 0.241457 0.0627241 0.026242 9.9964E-05 0.0592281 0.144805 9.9964E-05 9.9964E-05
0.6701 0.0161819 0.0111489 0.0252663 9.99549E-05 0.0160058 9.99549E-05 9.99549E-05 0.260797 9.99549E-05 9.99549E-05
0.736795 9.99369E-05 9.99369E-05 9.99369E-05 0.102526 9.99369E-05 9.99369E-05 0.0493444 9.99369E-05 0.110635 9.99369E-05
0.568555 0.0460091 9.995E-05 0.199739 0.111673 0.0182604 9.995E-05 9.995E-05 9.995E-05 0.0552633 9.995E-05
0.607524 9.99369E-05 9.99369E-05 0.0871783 0.0847222 9.99369E-05 9.99369E-05 9.99369E-05 9.99369E-05 0.219876 9.99369E-05
0.265848 9.99459E-05 0.116303 0.377596 9.99459E-05 9.99459E-05 9.99459E-05 9.99459E-05 0.158529 9.99459E-05 0.081124
0.488677 9.99369E-05 9.99369E-05 0.0408998 9.99369E-05 0.0212634 9.99369E-05 0.44846 9.99369E-05 9.99369E-05 9.99369E-05
0.342614 9.99279E-05 9.99279E-05 0.0995773 9.99279E-05 9.99279E-05 9.99279E-05 9.99279E-05 9.99279E-05 9.99279E-05 0.557009
0.150778 0.0900577 9.99639E-05 0.398068 0.233486 0.0905496 0.02124 9.99639E-05 9.99639E-05 0.0154215 9.99639E-05
0.562973 9.994E-05 9.994E-05 0.0707356 0.00544054 9.994E-05 9.994E-05 0.120647 9.994E-05 0.239604 9.994E-05
0.466677 9.9937E-05 9.9937E-05 0.126306 0.292334 9.9937E-05 9.9937E-05 9.9937E-05 9.9937E-05 0.113983 9.9937E-05
0.0451937 0.0876745 0.00447004 0.774871 0.00291304 0.0334308 9.99639E-05 9.99639E-05 9.99639E-05 9.99639E-05 0.051047
0.138478 0.136057 0.0120321 0.395959 9.996E-05 0.259915 0.0320404 9.996E-05 0.0251191 9.996E-05 9.996E-05
0.0215279 9.99369E-05 9.99369E-05 0.404462 9.99369E-05 0.117798 9.99369E-05 9.99369E-05 0.455512 9.99369E-05 9.99369E-05
0.468165 9.99279E-05 9.99279E-05 9.99279E-05 9.99279E-05 9.99279E-05 9.99279E-05 9.99279E-05 0.0667171 9.99279E-05 0.464318
9.99369E-05 9.99369E-05 9.99369E-05 0.0153132 9.99369E-05 0.637587 9.99369E-05 0.178338 9.99369E-05 0.168062 9.99369E-05
0.639199 9.99278E-05 9.99278E-05 9.99278E-05 9.99278E-05 9.99278E-05 9.99278E-05 9.99278E-05 0.106651 9.99278E-05 0.25335
0.303788 9.99459E-05 0.0108677 0.526972 0.145222 9.99459E-05 9.99459E-05 9.99459E-05 9.99459E-05 0.0125512 9.99459E-05
9.99549E-05 9.99549E-05 9.99549E-05 0.555742 0.154684 0.0995667 0.0299868 0.13803 9.99549E-05 0.0214903 9.99549E-05
9.99278E-05 9.99278E-05 9.99278E-05 9.99278E-05 9.99278E-05 0.74236 9.99278E-05 9.99278E-05 0.0628348 9.99278E-05 0.194006
0.179472 9.9937E-05 9.9937E-05 9.9937E-05 9.9937E-05 0.205322 9.9937E-05 9.9937E-05 0.337068 9.9937E-05 0.277438
0.0334176 0.0284511 9.99369E-05 9.99369E-05 9.99369E-05 0.73987 9.99369E-05 9.99369E-05 9.99369E-05 9.99369E-05 0.197562
0.122177 0.0170387 0.116572 0.353806 9.99639E-05 0.31627 0.00564773 9.99639E-05 0.0680878 9.99639E-05 9.99639E-05
0.247705 9.9946E-05 0.0311054 0.0520402 9.9946E-05 0.145832 9.9946E-05 9.9946E-05 0.522718 9.9946E-05 9.9946E-05
0.400209 9.99369E-05 9.99369E-05 0.0813562 9.99369E-05 0.185875 9.99369E-05 0.33186 9.99369E-05 9.99369E-05 9.99369E-05
0.754973 9.99459E-05 0.0216207 9.99459E-05 0.0185587 9.99459E-05 9.99459E-05 0.188058 9.99459E-05 9.99459E-05 0.0161903
0.448825 9.9955E-05 9.9955E-05 0.0582313 0.0927302 0.0868171 9.9955E-05 0.26221 0.0506869 9.9955E-05 9.9955E-05
0.635174 9.99279E-05 9.99279E-05 9.99279E-05 9.99279E-05 9.99279E-05 9.99279E-05 9.99279E-05 0.140919 9.99279E-05 0.223107
0.596054 9.99459E-05 0.104167 0.0653182 0.157009 0.0768525 9.99459E-05 9.99459E-05 9.99459E-05 9.99459E-05 9.99459E-05
0.391837 9.99369E-05 9.99369E-05 0.299285 9.99369E-05 9.99369E-05 9.99369E-05 0.200129 9.99369E-05 0.108049 9.99369E-05
9.99368E-05 0.0679906 9.99368E-05 0.473362 9.99368E-05 0.23296 9.99368E-05 9.99368E-05 9.99368E-05 9.99368E-05 0.224988
0.306118 9.99369E-05 9.99369E-05 0.225567 9.99369E-05 9.99369E-05 9.99369E-05 9.99369E-05 0.00483939 9.99369E-05 0.462776
9.99369E-05 0.00964531 9.99369E-05 0.717725 9.99369E-05 0.15518 9.99369E-05 9.99369E-05 9.99369E-05 0.11675 9.99369E-05
0.268945 9.99278E-05 9.99278E-05 0.364966 9.99278E-05 9.99278E-05 9.99278E-05 9.99278E-05 9.99278E-05 9.99278E-05 0.365289
0.147627 9.99278E-05 9.99278E-05 0.460507 9.99278E-05 9.99278E-05 9.99278E-05 9.99278E-05 9.99278E-05 9.99278E-05 0.391066
9.99279E-05 9.99279E-05 9.99279E-05 0.737967 9.99279E-05 9.99279E-05 9.99279E-05 0.0435761 9.99279E-05 0.217657 9.99279E-05
0.412228 0.103595 9.99369E-05 0.324878 9.99369E-05 9.99369E-05 9.99369E-05 9.99369E-05 9.99369E-05 9.99369E-05 0.158599
0.146651 0.0943133 9.99549E-05 0.582816 9.99549E-05 0.022431 0.00711565 9.99549E-05 9.99549E-05 9.99549E-05 0.146173
9.99279E-05 9.99279E-05 0.581827 9.99279E-05 9.99279E-05 9.99279E-05 9.99279E-05 9.99279E-05 0.383962 9.99279E-05 0.0334108
0.090149 9.9946E-05 0.598904 9.9946E-05 9.9946E-05 0.0377073 9.9946E-05 9.9946E-05 0.20223 9.9946E-05 0.07041
0.0243716 9.99459E-05 0.770889 9.99459E-05 9.99459E-05 9.99459E-05 9.99459E-05 0.175336 0.0240108 9.99459E-05 0.00479263
9.9937E-05 9.9937E-05 0.484452 0.116011 9.9937E-05 9.9937E-05 9.9937E-05 9.9937E-05 9.9937E-05 0.375413 0.0234248
9.99459E-05 9.99459E-05 0.565926 0.000541022 9.99459E-05 9.99459E-05 0.0172326 9.99459E-05 0.320594 9.99459E-05 0.095106
9.99459E-05 0.539549 0.153936 0.12399 9.99459E-05 9.99459E-05 9.99459E-05 0.0520643 9.99459E-05 0.129861 9.99459E-05
9.99188E-05 9.99188E-05 0.38352 9.99188E-05 9.99188E-05 9.99188E-05 9.99188E-05 9.99188E-05 9.99188E-05 9.99188E-05 0.615581
9.99279E-05 9.99279E-05 0.69225 9.99279E-05 9.99279E-05 9.99279E-05 9.99279E-05 9.99279E-05 0.295134 9.99279E-05 0.0118164
9.996E-05 0.128215 0.659258 0.0393717 9.996E-05 0.0378429 0.0419503 9.996E-05 0.0132036 9.996E-05 0.0797589
9.9955E-05 9.9955E-05 0.571542 0.0326296 0.285184 0.0234476 9.9955E-05 0.0249021 9.9955E-05 0.0617952 9.9955E-05
0.00050474 9.99369E-05 0.276786 9.99369E-05 9.99369E-05 9.99369E-05 0.0817447 9.99369E-05 0.640265 9.99369E-05 9.99369E-05
9.99369E-05 9.99369E-05 0.41587 9.99369E-05 0.478673 9.99369E-05 0.0323661 9.99369E-05 9.99369E-05 9.99369E-05 0.0723917
9.99369E-05 0.0517836 0.702974 9.99369E-05 9.99369E-05 9.99369E-05 9.99369E-05 9.99369E-05 0.130918 9.99369E-05 0.113626
9.99369E-05 0.305368 0.505673 0.0870783 0.101182 9.99369E-05 9.99369E-05 9.99369E-05 9.99369E-05 9.99369E-05 9.99369E-05
9.99459E-05 0.136652 0.6271 9.99459E-05 9.99459E-05 0.0730877 0.0828421 9.99459E-05 0.0797187 9.99459E-05 9.99459E-05
9.99459E-05 0.365567 0.245241 9.99459E-05 9.99459E-05 0.0358792 9.99459E-05 9.99459E-05 0.05202 9.99459E-05 0.300693
9.99458E-05 9.99458E-05 0.42186 0.102209 0.0821075 9.99458E-05 9.99458E-05 0.0935253 9.99458E-05 0.299699 9.99458E-05
9.993E-05 9.993E-05 0.354132 0.0221617 9.993E-05 9.993E-05 9.993E-05 0.580499 9.993E-05 9.993E-05 0.0425079
0.128197 0.0463725 0.579327 9.99639E-05 9.99639E-05 0.0894098 0.0797383 9.99639E-05 0.0547084 9.99639E-05 0.0218471
9.99279E-05 0.0325402 0.63395 9.99279E-05 9.99279E-05 9.99279E-05 9.99279E-05 9.99279E-05 9.99279E-05 9.99279E-05 0.33271
0.0112554 9.99459E-05 0.744379 9.99459E-05 0.114208 0.0575824 0.0719755 9.99459E-05 9.99459E-05 9.99459E-05 9.99459E-05
9.99189E-05 9.99189E-05 0.685107 9.99189E-05 9.99189E-05 9.99189E-05 9.99189E-05 0.313994 9.99189E-05 9.99189E-05 9.99189E-05
0.0136026 0.293305 0.0662473 9.9973E-05 0.161678 0.0439938 0.0682758 0.0307119 9.9973E-05 0.321886 9.9973E-05
9.99188E-05 9.99188E-05 9.99188E-05 9.99188E-05 9.99188E-05 9.99188E-05 0.661446 9.99188E-05 9.99188E-05 9.99188E-05 0.337655
0.0118838 0.260882 9.99549E-05 0.0273244 9.99549E-05 9.99549E-05 9.99549E-05 0.546177 0.0457238 0.10751 9.99549E-05
9.99369E-05 0.748044 9.99369E-05 9.99369E-05 9.99369E-05 0.0509849 0.0183805 9.99369E-05 0.181891 9.99369E-05 9.99369E-05
9.99278E-05 9.99278E-05 9.99278E-05 9.99278E-05 9.99278E-05 9.99278E-05 0.456503 9.99278E-05 0.525928 9.99278E-05 0.0167694
9.99459E-05 0.247536 9.99459E-05 9.99459E-05 0.415075 9.99459E-05 0.00611148 0.198079 9.99459E-05 0.1326 9.99459E-05
9.99369E-05 9.99369E-05 9.99369E-05 9.99369E-05 0.272914 0.00308033 0.709201 9.99369E-05 0.0141047 9.99369E-05 9.99369E-05
0.0840384 0.632884 0.0541356 0.0763816 9.9973E-05 9.9973E-05 0.00728591 0.0304538 9.9973E-05 0.049591 0.0649297
9.99189E-05 9.99189E-05 9.99189E-05 9.99189E-05 9.99189E-05 9.99189E-05 0.7292 0.269901 9.99189E-05 9.99189E-05 9.99189E-05
9.99459E-05 0.0654826 9.99459E-05 9.99459E-05 9.99459E-05 9.99459E-05 0.226108 0.0195351 0.18581 9.99459E-05 0.502465
0.0292921 0.0882971 0.0351417 9.996E-05 0.365993 9.996E-05 0.196494 0.0580208 9.996E-05 0.226362 9.996E-05
9.99279E-05 9.99279E-05 9.99279E-05 0.0204806 9.99279E-05 9.99279E-05 0.543426 0.435294 9.99279E-05 9.99279E-05 9.99279E-05
9.99279E-05 9.99279E-05 9.99279E-05 9.99279E-05 9.99279E-05 9.99279E-05 0.353472 9.99279E-05 0.448148 9.99279E-05 0.197581
9.99369E-05 0.133858 9.99369E-05 9.99369E-05 0.274787 9.99369E-05 9.99369E-05 0.0911874 9.99369E-05 0.499467 9.99369E-05
9.99368E-05 9.99368E-05 9.99368E-05 9.99368E-05 0.011225 9.99368E-05 0.570166 0.274575 9.99368E-05 0.143334 9.99368E-05
9.99458E-05 0.317779 9.99458E-05 9.99458E-05 0.230741 9.99458E-05 9.99458E-05 0.38004 9.99458E-05 0.0317587 0.039082
9.99279E-05 9.99279E-05 9.99279E-05 9.99279E-05 9.99279E-05 9.99279E-05 0.435858 9.99279E-05 0.536466 9.99279E-05 0.026877
9.99458E-05 0.0559276 9.99458E-05 9.99458E-05 0.0655933 9.99458E-05 0.340731 0.386215 9.99458E-05 0.150934 9.99458E-05
0.0193935 0.212489 0.0779436 9.99459E-05 0.299788 9.99459E-05 9.99459E-05 9.99459E-05 9.99459E-05 0.389786 9.99459E-05
9.99549E-05 0.666488 9.99549E-05 0.0968611 0.00236362 9.99549E-05 0.118816 9.99549E-05 9.99549E-05 0.00344941 0.111522
9.996E-05 0.241744 0.0810357 0.0179018 9.996E-05 0.073814 9.996E-05 0.399466 0.126003 0.0596361 9.996E-05
9.9973E-05 0.357708 9.9973E-05 0.00365112 0.0340364 0.064541 0.0924254 0.421703 0.00796615 0.0176694 9.9973E-05
9.99368E-05 0.0500882 9.99368E-05 9.99368E-05 9.99368E-05 9.99368E-05 0.438344 9.99368E-05 0.396877 9.99368E-05 0.113992
0.00539772 0.254207 9.9973E-05 0.0276345 0.201085 0.059816 0.155589 9.9973E-05 9.9973E-05 0.157913 0.138057
9.99278E-05 0.280283 9.99278E-05 0.104315 9.99278E-05 9.99278E-05 0.614602 9.99278E-05 9.99278E-05 9.99278E-05 9.99278E-05
0.0285114 0.334461 0.165402 0.0243733 9.99639E-05 0.0630104 0.0876212 9.99639E-05 0.29622 9.99639E-05 9.99639E-05
0.0361183 0.11281 0.11067 0.0460589 0.170524 9.99729E-05 0.204319 0.217598 9.99729E-05 0.101602 9.99729E-05
0.128117 0.0274378 0.420785 9.997E-05 0.049193 0.00684513 0.320997 9.997E-05 0.0182411 0.0280842 9.997E-05
9.996E-05 9.996E-05 9.996E-05 0.0281056 0.00978648 0.0412985 9.996E-05 0.0500756 0.757898 0.0142363 0.0981997
9.996E-05 0.30077 0.125466 0.0563449 9.996E-05 0.0316623 0.259181 9.996E-05 0.0891641 9.996E-05 0.137012
0.028106 0.333488 0.0799861 9.997E-05 0.0162594 0.0393033 0.068608 9.997E-05 0.219312 9.997E-05 0.214637
9.99459E-05 0.0671289 9.99459E-05 9.99459E-05 0.56798 0.0597262 0.142894 9.99459E-05 0.161671 9.99459E-05 9.99459E-05
9.99278E-05 0.361564 9.99278E-05 9.99278E-05 9.99278E-05 9.99278E-05 9.99278E-05 9.99278E-05 0.514104 9.99278E-05 0.123533
9.99368E-05 0.28517 9.99368E-05 9.99368E-05 0.256752 9.99368E-05 9.99368E-05 0.362238 9.99368E-05 0.0951398 9.99368E-05
9.99278E-05 0.453234 9.99278E-05 9.99278E-05 9.99278E-05 9.99278E-05 0.0625644 9.99278E-05 0.483402 9.99278E-05 9.99278E-05
9.9946E-05 0.0193655 0.0656252 9.9946E-05 9.9946E-05 9.9946E-05 0.354103 0.387329 0.172978 9.9946E-05 9.9946E-05
9.99549E-05 0.0509851 0.15203 9.99549E-05 0.0876171 9.99549E-05 0.183267 0.486713 9.99549E-05 0.0388883 9.99549E-05
0.132902 0.365602 0.218157 9.9964E-05 0.0011985 0.0600135 0.221334 9.9964E-05 9.9964E-05 0.000392347 9.9964E-05
0.0816328 0.584496 0.174147 9.99639E-05 9.99639E-05 9.99639E-05 0.0307346 0.00204216 9.99639E-05 0.0843918 0.0421555
0.0357885 0.37288 0.247525 9.99549E-05 9.99549E-05 0.0859257 0.197459 9.99549E-05 0.0599224 9.99549E-05 9.99549E-05
9.99459E-05 0.270583 0.164127 9.99459E-05 0.0369714 9.99459E-05 9.99459E-05 0.424448 0.103271 9.99459E-05 9.99459E-05
9.9955E-05 0.126069 0.0693815 9.9955E-05 0.0019616 9.9955E-05 9.9955E-05 9.9955E-05 0.737985 0.0214205 0.0426831
9.99369E-05 9.99369E-05 0.000295189 9.99369E-05 9.99369E-05 9.99369E-05 0.273349 9.99369E-05 0.701009 9.99369E-05 0.0246478
0.0231781 0.237491 9.99459E-05 0.00253989 9.99459E-05 9.99459E-05 0.236301 9.99459E-05 9.99459E-05 9.99459E-05 0.49989
0.0473692 0.114918 9.99459E-05 9.99459E-05 9.99459E-05 0.0204783 0.187741 9.99459E-05 0.628895 9.99459E-05 9.99459E-05
9.9937E-05 9.9937E-05 0.0165091 9.9937E-05 0.0984927 9.9937E-05 9.9937E-05 9.9937E-05 0.827987 0.0563112 9.9937E-05
0.0766694 0.0253105 0.0306106 9.99549E-05 9.99549E-05 0.00793139 0.3247 9.99549E-05 9.99549E-05 9.99549E-05 0.534278
9.99549E-05 0.548743 9.99549E-05 0.00383488 0.0362106 9.99549E-05 0.0538321 9.99549E-05 0.156596 9.99549E-05 0.200283
9.9946E-05 9.9946E-05 9.9946E-05 0.0585964 9.9946E-05 0.0555553 0.010494 9.9946E-05 0.0678134 0.806941 9.9946E-05
9.99549E-05 0.0989256 9.99549E-05 9.99549E-05 0.0857125 0.0319032 9.99549E-05 0.138809 9.99549E-05 0.593821 0.0503291
9.994E-05 0.334618 9.994E-05 0.106638 0.0231895 9.994E-05 9.994E-05 9.994E-05 9.994E-05 0.140239 0.394716
9.99459E-05 0.0747124 9.99459E-05 9.99459E-05 0.381107 9.99459E-05 9.99459E-05 0.0143891 9.99459E-05 0.473365 0.0558263
9.99459E-05 9.99459E-05 9.99459E-05 9.99459E-05 0.0838429 9.99459E-05 9.99459E-05 0.0430976 0.051353 0.819829 0.0012777
9.99459E-05 0.0694197 9.99459E-05 9.99459E-05 9.99459E-05 0.0761251 9.99459E-05 0.509478 9.99459E-05 0.27777 0.0666077
9.99549E-05 0.0812392 9.99549E-05 0.02563 0.0254432 9.99549E-05 9.99549E-05 0.271515 9.99549E-05 0.532161 0.063512
9.9946E-05 0.172501 9.9946E-05 0.0222298 9.9946E-05 0.0244987 9.9946E-05 9.9946E-05 9.9946E-05 0.127967 0.652204
9.9928E-05 9.9928E-05 9.9928E-05 9.9928E-05 9.9928E-05 9.9928E-05 0.162167 9.9928E-05 0.377941 9.9928E-05 0.459092
9.99459E-05 0.302425 0.0684212 0.143318 9.99459E-05 9.99459E-05 9.99459E-05 9.99459E-05 9.99459E-05 0.462417 0.0228184
9.9928E-05 9.9928E-05 0.0507271 9.9928E-05 9.9928E-05 9.9928E-05 9.9928E-05 9.9928E-05 9.9928E-05 0.0701821 0.878291
9.9946E-05 0.268843 9.9946E-05 0.252001 9.9946E-05 0.00278007 9.9946E-05 9.9946E-05 9.9946E-05 0.00508103 0.470696
9.99459E-05 0.374745 9.99459E-05 0.0816599 0.0433785 9.99459E-05 9.99459E-05 9.99459E-05 9.99459E-05 0.297303 0.202314
9.99369E-05 0.240849 9.99369E-05 9.99369E-05 9.99369E-05 9.99369E-05 0.0931905 9.99369E-05 0.0320279 9.99369E-05 0.633233
0.00968864 0.160141 0.0606345 9.99549E-05 9.99549E-05 9.99549E-05 9.99549E-05 9.99549E-05 0.036643 0.256349 0.476044
0.0623249 0.176538 9.99459E-05 9.99459E-05 9.99459E-05 0.111882 0.271402 9.99459E-05 9.99459E-05 0.377254 9.99459E-05
0.0286546 0.267967 9.99639E-05 0.0481763 0.114849 0.00894074 9.99639E-05 9.99639E-05 9.99639E-05 0.102245 0.428767
9.99459E-05 0.137354 0.164131 0.00971769 9.99459E-05 9.99459E-05 9.99459E-05 9.99459E-05 9.99459E-05 0.323417 0.364781
9.99279E-05 0.0902757 9.99279E-05 9.99279E-05 0.522101 9.99279E-05 9.99279E-05 9.99279E-05 9.99279E-05 0.386823 9.99279E-05
0.0185563 0.388786 0.0339333 0.0555018 0.00673281 9.9973E-05 9.9973E-05 9.9973E-05 0.00533484 0.488292 0.00256284
0.0145705 0.0279548 9.9955E-05 9.9955E-05 0.0611967 9.9955E-05 9.9955E-05 9.9955E-05 0.113916 0.0476993 0.734163
0.0122164 0.457349 0.0308384 0.00697351 9.99639E-05 9.99639E-05 9.99639E-05 0.00757068 9.99639E-05 0.0309638 0.453688
9.99459E-05 0.0249754 9.99459E-05 9.99459E-05 0.00334903 9.99459E-05 0.128295 9.99459E-05 0.227295 9.99459E-05 0.615485
9.99279E-05 0.276926 9.99279E-05 9.99279E-05 0.11096 9.99279E-05 9.99279E-05 9.99279E-05 9.99279E-05 0.611315 9.99279E-05
9.9946E-05 0.581066 9.9946E-05 0.144775 9.9946E-05 0.00171008 0.0226193 9.9946E-05 9.9946E-05 0.24923 9.9946E-05
9.99369E-05 0.0904771 9.99369E-05 9.99369E-05 9.99369E-05 9.99369E-05 0.0975191 9.99369E-05 0.10639 9.99369E-05 0.704914
0.026709 9.9955E-05 0.0249283 9.9955E-05 0.115862 9.9955E-05 0.287005 0.0918961 9.9955E-05 0.4531 9.9955E-05
9.99279E-05 9.99279E-05 9.99279E-05 9.99279E-05 0.498917 9.99279E-05 0.426724 9.99279E-05 9.99279E-05 0.0735596 9.99279E-05
0.00588878 0.301377 9.99639E-05 0.0855968 9.99639E-05 0.0682701 0.00439263 9.99639E-05 0.339998 9.99639E-05 0.194077
0.00512424 0.0323688 0.114084 9.99639E-05 9.99639E-05 0.0415877 0.616966 9.99639E-05 0.165987 9.99639E-05 0.0234832
9.9955E-05 9.9955E-05 9.9955E-05 0.0621957 0.417611 0.0487006 0.17587 9.9955E-05 9.9955E-05 0.25786 0.0372635
9.99369E-05 9.99369E-05 9.99369E-05 0.0500981 9.99369E-05 9.99369E-05 0.397277 0.146697 9.99369E-05 0.405228 9.99369E-05
9.994E-05 9.994E-05 9.994E-05 0.134528 0.14926 9.994E-05 0.268813 0.129504 9.994E-05 0.317295 9.994E-05
9.9928E-05 9.9928E-05 9.9928E-05 9.9928E-05 9.9928E-05 0.000217828 0.262588 9.9928E-05 0.736395 9.9928E-05 9.9928E-05
9.99369E-05 0.251097 9.99369E-05 0.0567888 9.99369E-05 9.99369E-05 0.368007 9.99369E-05 9.99369E-05 9.99369E-05 0.323407
0.0190069 0.175771 0.353734 0.0619024 0.151582 9.99639E-05 0.184594 9.99639E-05 9.99639E-05 0.0530108 9.99639E-05
9.99369E-05 9.99369E-05 0.0182469 9.99369E-05 0.298337 9.99369E-05 0.331836 9.99369E-05 9.99369E-05 0.350881 9.99369E-05
0.0173192 0.123871 0.0754105 9.99639E-05 9.99639E-05 0.011958 0.191479 9.99639E-05 0.542201 9.99639E-05 0.0373612
9.9946E-05 0.53568 9.9946E-05 9.9946E-05 9.9946E-05 0.0640395 0.168727 9.9946E-05 9.9946E-05 0.0762356 0.154718
9.99459E-05 0.271651 9.99459E-05 0.0643079 9.99459E-05 9.99459E-05 0.267098 9.99459E-05 9.99459E-05 0.0583418 0.338002
0.00225327 0.185969 0.340366 9.99549E-05 0.0632463 0.0216304 0.386035 9.99549E-05 9.99549E-05 9.99549E-05 9.99549E-05
0.0148884 0.449297 0.178274 9.99369E-05 9.99369E-05 9.99369E-05 9.99369E-05 9.99369E-05 9.99369E-05 9.99369E-05 0.356841
0.0317072 0.288946 0.0609753 0.0215841 0.199164 9.99639E-05 9.99639E-05 9.99639E-05 9.99639E-05 0.340602 0.0566221
9.99459E-05 0.542746 9.99459E-05 0.0787696 0.109317 9.99459E-05 0.197345 9.99459E-05 9.99459E-05 0.071223 9.99459E-05
9.9946E-05 9.9946E-05 9.9946E-05 9.9946E-05 0.273984 0.0059846 0.295343 0.208336 9.9946E-05 0.215753 9.9946E-05
0.129688 0.00559884 9.99459E-05 9.99459E-05 9.99459E-05 0.0202856 0.404887 9.99459E-05 9.99459E-05 9.99459E-05 0.438941
0.0406701 9.99369E-05 9.99369E-05 9.99369E-05 0.151347 9.99369E-05 0.285052 9.99369E-05 9.99369E-05 0.522231 9.99369E-05
9.99459E-05 0.0724157 9.99459E-05 9.99459E-05 9.99459E-05 9.99459E-05 0.208158 0.377241 9.99459E-05 0.323303 0.0182828
9.99279E-05 9.99279E-05 9.99279E-05 9.99279E-05 9.99279E-05 9.99279E-05 0.232885 9.99279E-05 0.114034 9.99279E-05 0.652281
9.99459E-05 0.385083 9.99459E-05 0.0554152 0.183304 9.99459E-05 9.99459E-05 9.99459E-05 9.99459E-05 0.0858968 0.289701
0.0437054 0.233991 9.99549E-05 0.00164195 9.99549E-05 9.99549E-05 0.161024 9.99549E-05 9.99549E-05 0.0551704 0.503968
9.995E-05 9.995E-05 9.995E-05 0.0411017 0.0705001 0.0388409 0.0550896 9.995E-05 0.0145935 0.779374 9.995E-05
0.169706 9.998E-05 0.0116849 0.0645907 9.998E-05 0.0544111 0.0151786 0.291993 0.0451966 0.277889 0.0691495
0.0855671 0.159411 9.99549E-05 0.0222262 0.0239111 9.99549E-05 0.0482933 9.99549E-05 9.99549E-05 0.660091 9.99549E-05
9.99279E-05 9.99279E-05 9.99279E-05 9.99279E-05 9.99279E-05 9.99279E-05 0.220531 9.99279E-05 0.043943 9.99279E-05 0.734727
0.0421536 0.213262 9.996E-05 0.0328723 9.996E-05 9.996E-05 0.0118946 0.00880111 9.996E-05 0.653918 0.036698
0.0242836 9.996E-05 0.0722082 9.996E-05 0.00109954 0.03558 0.0947613 9.996E-05 9.996E-05 0.748186 0.0234815
9.9955E-05 9.9955E-05 0.0586507 9.9955E-05 0.188732 9.9955E-05 0.0380037 9.9955E-05 0.0260479 0.680961 0.00710434
9.99279E-05 9.99279E-05 0.113578 9.99279E-05 0.0436534 9.99279E-05 9.99279E-05 9.99279E-05 9.99279E-05 9.99279E-05 0.84197
9.99639E-05 0.331818 0.00135941 0.0192036 9.99639E-05 0.00371858 0.0878458 9.99639E-05 9.99639E-05 0.264248 0.291407
9.9973E-05 9.9973E-05 9.9973E-05 0.0339782 0.423606 0.0301536 0.0108545 0.0619142 0.00957999 0.337851 0.0917629
0.0505326 0.0409444 0.0377015 9.9964E-05 9.9964E-05 9.9964E-05 0.198565 9.9964E-05 0.069057 0.179413 0.423387
0.013016 9.9946E-05 9.9946E-05 9.9946E-05 0.00476111 0.0477496 9.9946E-05 9.9946E-05 0.0581794 0.875694 9.9946E-05
0.00381029 0.290749 0.0303285 9.996E-05 9.996E-05 9.996E-05 9.996E-05 0.437108 0.157132 0.0147542 0.0657183
9.99459E-05 9.99459E-05 0.0889631 0.0835489 9.99459E-05 9.99459E-05 0.139083 9.99459E-05 9.99459E-05 0.408609 0.279196
9.9928E-05 9.9928E-05 9.9928E-05 9.9928E-05 9.9928E-05 9.9928E-05 0.0865743 9.9928E-05 0.134394 9.9928E-05 0.778232
9.99459E-05 0.469952 9.99459E-05 0.149089 9.99459E-05 9.99459E-05 0.104887 9.99459E-05 9.99459E-05 0.196253 0.0792201
0.0352327 0.3843 0.182587 9.997E-05 0.016162 0.0623545 0.118562 9.997E-05 0.178198 9.997E-05 0.0223038
9.9946E-05 0.228327 0.0707773 9.9946E-05 9.9946E-05 0.0135399 0.0254017 9.9946E-05 0.661354 9.9946E-05 9.9946E-05
0.077802 0.715931 0.0173643 9.99549E-05 9.99549E-05 9.99549E-05 0.0462607 9.99549E-05 9.99549E-05 0.0428838 0.0992582
9.994E-05 0.0137149 0.465773 0.037745 9.994E-05 9.994E-05 0.0582299 9.994E-05 9.994E-05 9.994E-05 0.423937
9.99639E-05 0.45468 9.99639E-05 0.0274469 0.125931 9.99639E-05 0.159781 9.99639E-05 0.0256781 0.000812198 0.205271
9.99459E-05 0.320004 9.99459E-05 9.99459E-05 0.180569 9.99459E-05 0.0860548 0.269473 9.99459E-05 0.1433 9.99459E-05
9.99369E-05 0.064106 9.99369E-05 9.99369E-05 9.99369E-05 0.0229243 0.295369 9.99369E-05 0.616901 9.99369E-05 9.99369E-05
0.0289787 9.995E-05 9.995E-05 9.995E-05 9.995E-05 0.0241012 0.320323 0.516476 0.0364255 0.0731958 9.995E-05
9.99549E-05 0.11118 0.348049 0.129112 0.0484306 9.99549E-05 9.99549E-05 0.0387907 9.99549E-05 0.323938 9.99549E-05
9.99459E-05 0.0677568 0.10939 9.99459E-05 0.719105 9.99459E-05 9.99459E-05 0.02322 0.0799279 9.99459E-05 9.99459E-05
9.99369E-05 0.18271 0.160589 9.99369E-05 9.99369E-05 9.99369E-05 9.99369E-05 9.99369E-05 0.614028 0.0419736 9.99369E-05
9.99369E-05 0.1002 0.0818635 9.99369E-05 9.99369E-05 9.99369E-05 9.99369E-05 9.99369E-05 0.551959 9.99369E-05 0.265278
9.9946E-05 9.9946E-05 9.9946E-05 9.9946E-05 0.240092 9.9946E-05 0.20754 0.320691 9.9946E-05 0.150969 0.080108
0.0722461 0.651883 9.9946E-05 0.0170569 0.0737671 9.9946E-05 9.9946E-05 9.9946E-05 9.9946E-05 9.9946E-05 0.184448
0.049028 0.571098 0.240254 9.99639E-05 9.99639E-05 0.0413528 0.0426436 9.99639E-05 0.0433387 0.0118843 9.99639E-05
9.99279E-05 9.99279E-05 0.10717 9.99279E-05 9.99279E-05 9.99279E-05 9.99279E-05 9.99279E-05 0.570326 9.99279E-05 0.321704
9.9955E-05 0.30056 0.271449 9.9955E-05 0.141599 0.0309426 0.0938815 9.9955E-05 0.161068 9.9955E-05 9.9955E-05
9.996E-05 0.252623 0.0790259 9.996E-05 0.0761206 0.0583761 0.199776 0.298097 0.035582 9.996E-05 9.996E-05
9.99459E-05 0.118191 9.99459E-05 0.0195083 0.439681 9.99459E-05 0.0174616 9.99459E-05 9.99459E-05 0.404558 9.99459E-05
9.99369E-05 0.260408 0.0841735 9.99369E-05 0.544756 9.99369E-05 9.99369E-05 9.99369E-05 9.99369E-05 0.109963 9.99369E-05
0.00597858 0.241017 0.268776 9.99549E-05 0.046187 9.99549E-05 9.99549E-05 0.353505 0.0840366 9.99549E-05 9.99549E-05
9.99459E-05 9.99459E-05 0.0475791 0.0134799 9.99459E-05 0.0163543 9.99459E-05 9.99459E-05 9.99459E-05 0.131074 0.790913
9.99549E-05 0.0105364 0.0902462 0.0166059 9.99549E-05 0.00707694 9.99549E-05 9.99549E-05 9.99549E-05 0.807947 0.0670882
9.9946E-05 0.0811287 0.103851 9.9946E-05 9.9946E-05 9.9946E-05 9.9946E-05 0.00213853 9.9946E-05 0.106918 0.705365
9.99549E-05 0.288341 0.176667 0.0732679 9.99549E-05 9.99549E-05 0.020768 9.99549E-05 9.99549E-05 0.142169 0.298287
9.99459E-05 0.170265 9.99459E-05 0.11897 9.99459E-05 0.00569144 0.034361 9.99459E-05 9.99459E-05 0.670112 9.99459E-05
9.9937E-05 9.9937E-05 9.9937E-05 9.9937E-05 9.9937E-05 0.00699947 9.9937E-05 9.9937E-05 0.11952 0.0454952 0.827286
0.021908 0.233866 0.244693 9.99459E-05 0.0722487 9.99459E-05 9.99459E-05 9.99459E-05 0.426685 9.99459E-05 9.99459E-05
9.99549E-05 0.443776 9.99549E-05 9.99549E-05 0.00563344 0.0106994 0.0797964 9.99549E-05 0.0458273 9.99549E-05 0.413767
9.995E-05 0.00387275 0.116499 9.995E-05 0.657689 0.0548639 0.080527 9.995E-05 0.0860485 9.995E-05 9.995E-05
9.99639E-05 0.291952 0.0623488 0.0153026 0.277422 0.0488395 0.199007 9.99639E-05 0.104729 9.99639E-05 9.99639E-05
9.99549E-05 0.149557 9.99549E-05 0.149857 0.454409 9.99549E-05 0.123633 9.99549E-05 9.99549E-05 0.00207606 0.119968
9.99278E-05 9.99278E-05 9.99278E-05 9.99278E-05 0.233834 9.99278E-05 9.99278E-05 9.99278E-05 0.51196 9.99278E-05 0.253407
9.99459E-05 0.0554901 9.99459E-05 0.0690091 0.214441 9.99459E-05 9.99459E-05 0.602075 9.99459E-05 9.99459E-05 0.0583855
0.0794331 0.368388 0.0895171 0.17243 0.0190098 0.0106188 9.997E-05 9.997E-05 0.154733 9.997E-05 0.105571
0.0385754 0.0238369 0.100073 9.997E-05 0.556627 9.997E-05 0.0423015 0.0747902 9.997E-05 0.0929503 0.0705463
9.99549E-05 0.0395117 9.99549E-05 0.125159 0.340379 9.99549E-05 9.99549E-05 0.453528 9.99549E-05 0.0143631 0.0265593
9.99459E-05 0.0707195 0.0195597 0.0113187 0.886839 9.99459E-05 9.99459E-05 9.99459E-05 9.99459E-05 9.99459E-05 0.0109638
9.99459E-05 0.0779293 9.99459E-05 0.0955991 0.710243 9.99459E-05 0.0251856 9.99459E-05 9.99459E-05 0.0904437 9.99459E-05
0.0603083 9.99459E-05 9.99459E-05 0.00120096 0.846794 9.99459E-05 9.99459E-05 9.99459E-05 0.0123131 9.99459E-05 0.0787845
9.99639E-05 0.489318 0.0661305 0.125007 0.103935 0.049647 9.99639E-05 9.99639E-05 0.00678894 9.99639E-05 0.158774
0.0602959 0.2665 0.0473174 9.995E-05 9.995E-05 0.029362 0.097932 9.995E-05 9.995E-05 9.995E-05 0.498093
0.025265 9.998E-05 0.00849033 9.998E-05 0.0583295 0.00331149 0.171291 0.574861 0.0275002 0.0740787 0.0566727
9.9937E-05 9.9937E-05 0.214294 9.9937E-05 0.582807 9.9937E-05 0.0048857 9.9937E-05 0.197313 9.9937E-05 9.9937E-05
0.0792054 0.359191 0.103841 9.997E-05 9.997E-05 0.0698815 0.0917555 0.0396335 0.235401 9.997E-05 0.0207909
9.9946E-05 9.9946E-05 9.9946E-05 0.0536023 0.0176175 0.000420095 0.0576659 9.9946E-05 0.870095 9.9946E-05 9.9946E-05
9.9937E-05 0.0460263 9.9937E-05 9.9937E-05 0.0628963 9.9937E-05 9.9937E-05 9.9937E-05 0.118142 9.9937E-05 0.772236
0.0172573 0.0688256 9.9955E-05 9.9955E-05 0.0227231 9.9955E-05 9.9955E-05 9.9955E-05 0.768358 0.0181554 0.10418
