0.657465 0.211312 0.131223
0.762449 0.184973 0.0525785
0.251159 0.738445 0.0103956
0.822707 0.0948808 0.0824125
0.820743 9.9991E-05 0.179157
0.417976 0.45923 0.122795
0.223376 0.776524 9.9991E-05
0.449294 0.457224 0.0934821
0.808191 0.0894043 0.102405
0.0225157 0.854701 0.122783
0.829225 0.126192 0.0445827
0.928224 0.012539 0.0592372
0.464355 0.373906 0.161739
0.30386 0.69604 9.9991E-05
0.96477 0.0168687 0.0183617
0.0401352 0.888473 0.071392
0.301164 0.698736 9.9991E-05
0.397394 0.602506 9.9991E-05
0.802426 0.193987 0.00358729
0.188629 0.0209176 0.790453
0.18369 9.9991E-05 0.81621
0.114376 0.0769655 0.808658
0.324195 9.9991E-05 0.675705
0.348498 9.9991E-05 0.651402
9.9991E-05 0.394765 0.605135
0.436727 9.9991E-05 0.563173
9.9991E-05 0.475181 0.524719
0.415479 9.9991E-05 0.584421
0.0163624 0.208315 0.775323
0.209561 9.9991E-05 0.790339
0.103443 0.29915 0.597407
9.9991E-05 0.287294 0.712606
9.9991E-05 0.471746 0.528154
0.0242595 0.33953 0.636211
0.235337 9.9991E-05 0.764563
0.320389 9.9991E-05 0.679511
0.24705 0.0670434 0.685906
0.328201 9.9991E-05 0.671699
0.174661 0.0123995 0.812939
9.9991E-05 0.32888 0.67102
9.9991E-05 0.501095 0.498805
0.218544 0.0826342 0.698821
9.9991E-05 0.190812 0.809088
9.9991E-05 0.375087 0.624813
0.516086 9.9991E-05 0.483814
0.427934 9.9991E-05 0.571966
9.9991E-05 0.476721 0.523179
0.115782 0.0595851 0.824633
9.9991E-05 0.636373 0.363527
0.289294 9.9991E-05 0.710606
9.9991E-05 0.247427 0.752473
0.243223 0.0238185 0.732958
0.410251 9.9991E-05 0.589649
0.465436 9.9991E-05 0.534464
0.465599 9.9991E-05 0.534301
0.458828 9.9991E-05 0.541072
9.9991E-05 0.264965 0.734935
0.0321119 0.154085 0.813803
9.9991E-05 0.330957 0.668943
0.213529 9.9991E-05 0.786371
0.253379 9.9991E-05 0.746521
0.374091 9.9991E-05 0.625809
9.9991E-05 0.394898 0.605002
0.349626 9.9991E-05 0.650274
9.9991E-05 0.533649 0.466251
0.458607 9.9991E-05 0.541293
0.346729 9.9991E-05 0.653171
0.377806 9.9991E-05 0.622094
0.310593 0.0617597 0.627647
0.103081 0.174007 0.722911
9.9991E-05 0.442694 0.557206
9.9991E-05 0.473301 0.526599
0.37102 9.9991E-05 0.62888
9.9991E-05 0.410959 0.588941
0.310255 9.9991E-05 0.689645
0.459228 9.9991E-05 0.540672
9.9991E-05 0.357533 0.642367
9.9991E-05 0.542108 0.457792
9.9991E-05 0.326194 0.673706
0.0797388 0.145555 0.774706
9.9991E-05 0.480368 0.519532
0.277852 9.9991E-05 0.722048
0.131554 0.0639533 0.804493
0.203344 0.0934446 0.703212
9.9991E-05 0.444282 0.555618
0.183648 9.9991E-05 0.816252
0.374485 9.9991E-05 0.625415
0.0745648 0.376089 0.549346
9.9991E-05 0.496553 0.503347
0.414541 9.9991E-05 0.585359
9.9991E-05 0.404396 0.595504
0.0491596 0.382707 0.568133
0.485995 9.9991E-05 0.513905
0.185677 0.195164 0.619159
0.19453 0.1894 0.616069
0.0108314 0.787092 0.202076
0.0918818 0.620431 0.287687
0.319081 0.422068 0.258851
0.683778 0.202411 0.113811
0.0585716 0.818145 0.123283
0.676104 0.264875 0.0590218
0.15272 0.84718 9.9991E-05
0.0751343 0.732971 0.191894
0.212899 0.574815 0.212286
0.601073 0.128008 0.270919
9.9991E-05 0.877907 0.121993
0.57394 0.285231 0.140829
0.118066 0.727612 0.154322
0.453463 0.391229 0.155308
0.278796 0.526105 0.195098
0.287474 0.703027 0.00949915
0.79246 9.9991E-05 0.20744
0.65519 0.163706 0.181104
0.099298 0.534992 0.36571
0.189167 0.739839 0.0709936
0.36197 0.36308 0.27495
0.532432 0.232992 0.234576
0.761426 0.134038 0.104536
0.273607 0.68224 0.0441531
0.716385 0.177499 0.106116
0.271887 0.715351 0.0127625
9.9991E-05 0.987419 0.0124814
0.924008 0.0758922 9.9991E-05
0.490094 0.361706 0.148199
0.508849 0.394059 0.0970919
0.529459 0.290297 0.180244
0.0863727 0.906452 0.00717532
0.830487 0.0608627 0.108651
0.617758 0.155259 0.226983
9.9991E-05 0.972987 0.0269135
0.9998 9.999E-05 9.999E-05
0.791438 0.0105166 0.198045
0.833215 0.166685 9.9991E-05
9.9991E-05 0.955028 0.0448725
0.821965 0.0710873 0.106947
0.880893 0.0529692 0.0661377
0.489908 0.509992 9.9991E-05
0.522759 0.294396 0.182845
0.626541 0.251247 0.122212
9.999E-05 0.9998 9.999E-05
0.607048 0.293884 0.0990684
0.435114 0.407482 0.157403
0.0599771 0.749171 0.190851
0.68731 0.128121 0.18457
0.375102 0.311848 0.31305
9.9991E-05 0.874645 0.125255
0.231805 0.634071 0.134124
0.130326 0.807092 0.0625814
0.487362 0.338012 0.174626
9.999E-05 0.9998 9.999E-05
0.913401 0.0864994 9.9991E-05
0.0763734 0.923527 9.9991E-05
0.444669 0.361165 0.194166
0.708689 0.177305 0.114005
0.428247 0.293696 0.278057
0.50921 0.411572 0.0792178
0.349626 0.443502 0.206872
0.554605 0.359126 0.0862683
9.9991E-05 0.970578 0.0293225
9.9991E-05 0.957918 0.0419818
0.197903 0.766495 0.0356019
9.9991E-05 0.873253 0.126647
0.0449233 0.954977 9.9991E-05
0.163969 0.701896 0.134135
0.272839 0.727061 9.9991E-05
0.900997 9.9991E-05 0.0989034
0.939956 0.0122081 0.0478361
0.480831 0.519069 9.9991E-05
0.947498 0.0524023 9.9991E-05
0.9998 9.999E-05 9.999E-05
0.795822 0.0485172 0.15566
0.953134 0.0289518 0.0179146
0.308521 0.691379 9.9991E-05
0.0140099 0.98589 9.9991E-05
0.772573 0.146599 0.0808281
0.215698 0.784202 9.9991E-05
0.323192 0.554521 0.122287
0.634781 0.365119 9.9991E-05
0.126378 0.873522 9.9991E-05
0.402126 0.591985 0.00588938
0.662836 0.136288 0.200876
0.397744 0.534386 0.0678695
0.51337 0.452016 0.0346136
0.935765 0.0600599 0.00417531
0.771625 0.182807 0.045568
0.164719 0.804789 0.0304913
0.36103 0.63887 9.9991E-05
0.0108299 0.98907 9.9991E-05
0.9998 9.999E-05 9.999E-05
0.684999 0.243531 0.0714699
0.0788268 0.921073 9.9991E-05
0.835736 0.0196839 0.14458
0.646307 0.204372 0.149321
9.9991E-05 0.84865 0.15125
0.146876 0.666746 0.186377
0.731051 0.104778 0.164171
0.86664 9.9991E-05 0.13326
0.838873 9.9991E-05 0.161027
9.9991E-05 0.902213 0.0976867
0.206182 0.714627 0.0791909
0.564137 0.248757 0.187106
0.872143 0.124224 0.00363317
9.9991E-05 0.902537 0.0973632
0.405025 0.546482 0.0484931
0.373321 0.568675 0.0580036
0.4279 0.392723 0.179377
0.257017 0.742883 9.9991E-05
0.735346 0.241839 0.022814
0.65286 0.26489 0.0822499
0.826334 0.0385894 0.135077
0.102882 0.695099 0.202019
0.829655 0.0872439 0.0831014
0.848567 0.100677 0.0507558
0.0651412 0.934759 9.9991E-05
0.519772 0.480128 9.9991E-05
0.27231 0.705339 0.0223519
0.905195 9.9991E-05 0.0947048
0.562726 0.101855 0.335419
0.897852 0.0330087 0.0691394
0.0833916 0.916508 9.9991E-05
0.868932 0.080513 0.0505555
0.863281 0.0244691 0.112249
0.91775 0.031255 0.0509951
0.144004 0.855896 9.9991E-05
0.530004 0.469896 9.9991E-05
0.812245 0.121034 0.0667211
0.300181 0.613155 0.0866639
0.918393 9.9991E-05 0.0815071
0.538185 0.421035 0.04078
0.595271 0.296362 0.108367
0.0596192 0.940281 9.9991E-05
0.59324 0.331636 0.0751231
0.218558 0.660986 0.120456
9.9991E-05 0.957671 0.0422295
0.441842 0.519113 0.0390454
0.22606 0.738348 0.0355913
0.437698 0.562202 9.9991E-05
0.852387 0.147513 9.9991E-05
9.9991E-05 0.916468 0.083432
0.662143 0.106948 0.230909
0.774503 0.103725 0.121772
0.618434 0.284193 0.0973737
0.0540951 0.919423 0.0264823
9.999E-05 0.9998 9.999E-05
0.807165 0.108713 0.0841216
0.423363 0.515303 0.0613349
0.391828 0.516682 0.0914898
9.999E-05 0.9998 9.999E-05
0.416135 0.458283 0.125582
0.580897 0.262485 0.156618
0.899979 0.0745263 0.0254946
0.817231 0.142163 0.040606
0.544247 0.32223 0.133523
0.204898 0.769579 0.0255228
0.935534 0.00218273 0.0622834
0.266721 0.733179 9.9991E-05
0.487717 0.484994 0.0272895
0.917077 9.9991E-05 0.0828235
0.0860434 0.886532 0.0274242
0.106432 0.809226 0.0843421
0.237351 0.762549 9.9991E-05
0.541738 0.294354 0.163908
0.374111 0.500549 0.125341
0.605922 0.314555 0.0795226
9.9991E-05 0.947591 0.0523088
0.784486 0.103571 0.111943
0.214918 0.552638 0.232444
0.738563 0.150716 0.110721
0.778271 0.0755436 0.146185
0.749875 0.179849 0.0702753
0.791239 0.107084 0.101676
0.620238 0.210706 0.169056
0.293531 0.557531 0.148937
0.191782 0.728466 0.0797521
0.685756 0.153435 0.160809
0.520692 0.319684 0.159623
0.189155 0.617731 0.193114
9.9991E-05 0.901673 0.0982275
0.053129 0.946771 9.9991E-05
9.9991E-05 0.978002 0.0218975
