0.105318 9.9982E-05 0.264319 0.230383 0.0424384 0.0129191 0.344422 9.9982E-05
0.00492297 9.9991E-05 0.191561 0.319184 0.0114306 0.00603298 0.411048 0.0557197
0.0304583 0.0402143 9.9973E-05 0.841126 9.9973E-05 9.9973E-05 0.0697191 0.0181822
0.0537106 9.9982E-05 0.466998 0.0044583 9.9982E-05 0.154157 0.184114 0.136363
0.030218 9.9973E-05 0.251495 9.9973E-05 9.9973E-05 0.136997 0.370007 0.210982
9.99729E-05 9.99729E-05 0.430926 0.336558 0.180335 0.0116252 0.0402569 9.99729E-05
9.9964E-05 9.9964E-05 9.9964E-05 0.920291 0.00406701 0.0500663 9.9964E-05 0.0251761
9.9964E-05 9.9964E-05 0.283076 0.492766 0.117684 9.9964E-05 0.106074 9.9964E-05
0.0294237 9.9982E-05 0.484116 0.19163 0.0166393 9.9982E-05 0.190447 0.0875439
0.0858059 0.410129 0.0902279 0.413437 9.99639E-05 9.99639E-05 9.99639E-05 9.99639E-05
9.99729E-05 9.99729E-05 0.46151 0.0961798 9.99729E-05 0.150161 0.165415 0.126435
9.9964E-05 9.9964E-05 0.574722 0.046938 9.9964E-05 9.9964E-05 0.144294 0.233646
0.0502291 9.9991E-05 0.197817 0.183485 0.0695975 0.30735 0.131562 0.0598593
9.9964E-05 0.000573195 0.233745 0.744144 0.0211381 9.9964E-05 9.9964E-05 9.9964E-05
9.99729E-05 9.99729E-05 0.456953 0.119967 9.99729E-05 0.00149496 0.116115 0.30517
0.0125443 0.179977 9.9973E-05 0.576316 0.0434324 0.18743 9.9973E-05 9.9973E-05
9.9955E-05 9.9955E-05 0.0949064 0.79869 9.9955E-05 0.105903 9.9955E-05 9.9955E-05
9.99639E-05 9.99639E-05 0.079547 0.793709 9.99639E-05 0.0132853 0.113058 9.99639E-05
0.00728927 9.9973E-05 0.337775 0.210203 9.9973E-05 9.9973E-05 0.422065 0.0223689
0.800204 9.99549E-05 9.99549E-05 9.99549E-05 9.99549E-05 0.107006 9.99549E-05 0.0922896
0.912529 9.9955E-05 9.9955E-05 9.9955E-05 9.9955E-05 0.079023 9.9955E-05 0.00794826
0.880598 9.99639E-05 0.00683044 9.99639E-05 0.0411929 0.0709789 9.99639E-05 9.99639E-05
0.738811 9.9973E-05 0.00467598 9.9973E-05 9.9973E-05 0.00507174 0.0853464 0.165795
0.757984 9.99549E-05 0.083631 9.99549E-05 9.99549E-05 9.99549E-05 9.99549E-05 0.157885
0.432355 0.0212154 9.99639E-05 0.320053 0.225977 9.99639E-05 9.99639E-05 9.99639E-05
0.44323 9.99729E-05 0.231332 9.99729E-05 0.0837351 9.99729E-05 0.0562775 0.185125
0.240137 0.50964 9.99639E-05 9.99639E-05 0.224688 9.99639E-05 9.99639E-05 0.0251351
0.415239 9.9973E-05 0.0104364 9.9973E-05 9.9973E-05 0.187835 0.0577495 0.32844
0.84954 9.99639E-05 9.99639E-05 0.00272362 0.0490292 0.0983076 9.99639E-05 9.99639E-05
0.927841 9.9955E-05 0.0370655 9.9955E-05 9.9955E-05 9.9955E-05 9.9955E-05 0.0345942
0.634592 0.182097 9.9982E-05 0.13821 0.00394725 9.9982E-05 0.0170396 0.023914
0.275291 0.0299735 0.0216419 0.128915 0.496748 0.04723 9.9982E-05 9.9982E-05
0.58342 0.258496 9.99639E-05 0.151137 0.00654744 9.99639E-05 9.99639E-05 9.99639E-05
0.63424 9.99549E-05 9.99549E-05 0.248977 0.116283 9.99549E-05 9.99549E-05 9.99549E-05
0.906585 9.99459E-05 0.0928152 9.99459E-05 9.99459E-05 9.99459E-05 9.99459E-05 9.99459E-05
0.781136 9.99549E-05 0.0374842 9.99549E-05 9.99549E-05 9.99549E-05 9.99549E-05 0.18088
0.708667 0.0219692 9.99639E-05 9.99639E-05 9.99639E-05 0.0892345 9.99639E-05 0.179729
0.766324 9.9955E-05 9.9955E-05 9.9955E-05 9.9955E-05 9.9955E-05 0.0992855 0.133891
9.99639E-05 9.99639E-05 0.101771 9.99639E-05 0.72845 9.99639E-05 0.000313341 0.169066
9.9955E-05 0.0935366 9.9955E-05 9.9955E-05 0.756672 0.149292 9.9955E-05 9.9955E-05
0.064196 0.37433 9.9964E-05 0.106326 0.454748 9.9964E-05 9.9964E-05 9.9964E-05
0.0957152 0.0844517 9.9982E-05 9.9982E-05 0.374071 0.085566 0.082353 0.277643
0.26921 9.99729E-05 0.0877271 0.0240506 0.609476 0.00923628 9.99729E-05 9.99729E-05
0.108921 0.111456 9.9973E-05 0.194895 0.58204 9.9973E-05 9.9973E-05 0.00238735
0.165849 9.9973E-05 0.0244643 9.9973E-05 0.0852403 9.9973E-05 0.173035 0.551111
9.99639E-05 9.99639E-05 0.101734 9.99639E-05 0.355695 9.99639E-05 0.0577021 0.484469
0.1377 0.202551 9.99639E-05 0.198757 0.460592 9.99639E-05 9.99639E-05 9.99639E-05
9.99549E-05 9.99549E-05 0.152173 9.99549E-05 0.751198 9.99549E-05 9.99549E-05 0.0961285
9.9955E-05 0.332143 9.9955E-05 9.9955E-05 0.374212 0.293146 9.9955E-05 9.9955E-05
0.0195694 9.9973E-05 0.0264527 9.9973E-05 0.531521 9.9973E-05 0.131187 0.29097
9.9964E-05 0.0954066 9.9964E-05 9.9964E-05 0.738408 0.148561 9.9964E-05 0.0172244
0.138468 9.9973E-05 0.0519921 9.9973E-05 0.406497 0.15767 9.9973E-05 0.245072
0.167794 9.99729E-05 0.171163 0.0605903 0.234973 9.99729E-05 9.99729E-05 0.36518
0.00851637 9.9982E-05 0.299642 0.0168817 0.409447 9.9982E-05 0.0390081 0.226305
0.124128 0.0895548 9.9973E-05 9.9973E-05 0.156801 9.9973E-05 0.177368 0.451849
0.536885 9.9973E-05 0.0512946 0.0436711 9.9973E-05 9.9973E-05 0.110793 0.257057
9.99729E-05 0.0211686 9.99729E-05 0.0787844 0.783124 0.0634894 9.99729E-05 0.0531333
0.132135 0.0107386 9.9973E-05 9.9973E-05 0.454736 0.184572 9.9973E-05 0.217518
9.99639E-05 0.0998862 9.99639E-05 0.0223963 0.774936 0.102382 9.99639E-05 9.99639E-05
0.0191037 9.99639E-05 9.99639E-05 9.99639E-05 0.499184 0.00615476 9.99639E-05 0.475158
0.0685244 9.99639E-05 0.152366 9.99639E-05 0.515865 9.99639E-05 9.99639E-05 0.262845
9.99639E-05 9.99639E-05 0.158884 9.99639E-05 0.538229 9.99639E-05 0.0648068 0.23768
0.0736138 0.0542359 9.9982E-05 0.202428 0.52889 0.0789992 9.9982E-05 0.0616325
0.124938 0.027567 9.997E-05 9.997E-05 0.239689 9.997E-05 0.0228255 0.584681
9.996E-05 0.135629 9.996E-05 0.388365 0.321709 9.996E-05 9.996E-05 0.153897
0.190257 9.99819E-05 0.285523 0.0331 0.263786 9.99819E-05 0.0361534 0.19098
9.99549E-05 9.99549E-05 9.99549E-05 9.99549E-05 0.32038 9.99549E-05 0.0525145 0.626606
9.99639E-05 0.0158551 9.99639E-05 9.99639E-05 0.28325 0.0164401 9.99639E-05 0.684055
0.223506 9.99819E-05 0.0705658 0.176788 0.312465 9.99819E-05 0.0226963 0.193778
0.362189 9.99729E-05 0.14895 0.0777953 0.406374 9.99729E-05 0.00439108 9.99729E-05
0.231529 0.259297 9.99639E-05 9.99639E-05 0.349207 0.159567 9.99639E-05 9.99639E-05
9.996E-05 0.248819 9.996E-05 0.206166 0.434455 9.996E-05 9.996E-05 0.110159
0.720841 9.9955E-05 9.9955E-05 9.9955E-05 9.9955E-05 9.9955E-05 0.141825 0.136834
9.99639E-05 0.107999 9.99639E-05 0.191106 0.565532 9.99639E-05 9.99639E-05 0.134963
0.0674827 9.99639E-05 0.0884134 9.99639E-05 0.389013 9.99639E-05 9.99639E-05 0.454692
0.279458 9.997E-05 0.255205 0.0318493 0.147563 9.997E-05 9.997E-05 0.285625
0.685833 0.0994006 9.996E-05 0.160593 0.0537726 9.996E-05 9.996E-05 9.996E-05
0.188933 0.411844 9.9964E-05 0.145509 0.253314 9.9964E-05 9.9964E-05 9.9964E-05
0.677385 0.00827265 9.99639E-05 0.197467 0.116476 9.99639E-05 9.99639E-05 9.99639E-05
0.408435 9.99639E-05 0.0909688 9.99639E-05 0.384207 0.115989 9.99639E-05 9.99639E-05
0.148155 0.281579 9.9964E-05 9.9964E-05 0.312337 0.257529 9.9964E-05 9.9964E-05
0.304653 9.99639E-05 0.0882443 9.99639E-05 0.287803 9.99639E-05 9.99639E-05 0.318899
0.0496188 0.0159098 0.0567207 9.9982E-05 0.603549 0.01859 9.9982E-05 0.255412
0.191304 0.0479458 0.0464725 9.9982E-05 0.364916 0.0915464 9.9982E-05 0.257615
9.99639E-05 0.186407 9.99639E-05 0.15356 0.609448 9.99639E-05 9.99639E-05 0.0501846
0.137513 9.99639E-05 9.99639E-05 9.99639E-05 0.43868 0.107044 9.99639E-05 0.316363
0.00325545 9.99729E-05 0.00831437 9.99729E-05 0.302854 9.99729E-05 0.0184081 0.666868
0.395629 9.995E-05 9.995E-05 0.409656 0.194215 9.995E-05 9.995E-05 9.995E-05
9.99549E-05 0.111256 9.99549E-05 0.351766 0.536478 9.99549E-05 9.99549E-05 9.99549E-05
0.423852 9.9982E-05 0.0804867 0.0339974 0.135585 9.9982E-05 0.2476 0.0782787
0.00194228 9.99639E-05 9.99639E-05 0.402639 0.50417 9.99639E-05 9.99639E-05 0.0908491
0.0598708 9.9973E-05 9.9973E-05 0.415183 0.436945 9.9973E-05 0.0200148 0.0676862
0.197569 9.99639E-05 9.99639E-05 9.99639E-05 0.126514 9.99639E-05 0.343279 0.332238
9.99729E-05 9.99729E-05 0.000374217 0.203908 0.569804 9.99729E-05 0.14115 0.0844633
0.166388 9.9973E-05 0.0593671 0.210652 0.448799 9.9973E-05 0.114494 9.9973E-05
9.99639E-05 0.127815 9.99639E-05 9.99639E-05 0.132928 0.655822 0.0830346 9.99639E-05
0.00501017 0.0568148 9.99729E-05 9.99729E-05 0.244048 0.480383 0.213444 9.99729E-05
0.00827196 9.99639E-05 9.99639E-05 9.99639E-05 0.11692 0.513406 0.361002 9.99639E-05
0.00974834 0.0215637 0.00281215 0.0245387 0.0480382 0.142256 0.750943 9.9991E-05
0.00407624 0.178449 9.99819E-05 0.0334285 0.0544695 0.610859 0.118519 9.99819E-05
0.0280928 9.99819E-05 0.211336 0.255749 0.00395115 0.116461 0.384209 9.99819E-05
9.99549E-05 9.99549E-05 9.99549E-05 0.543786 9.99549E-05 0.309206 0.146509 9.99549E-05
9.99639E-05 0.0357772 9.99639E-05 9.99639E-05 0.130016 0.671938 0.161869 9.99639E-05
0.0542903 9.9982E-05 0.00130575 0.119241 0.153875 0.510617 0.160471 9.9982E-05
0.105367 9.99639E-05 9.99639E-05 9.99639E-05 9.99639E-05 0.400892 0.363031 0.130309
9.99549E-05 0.439656 9.99549E-05 9.99549E-05 0.0457144 0.51413 9.99549E-05 9.99549E-05
0.0333581 0.0183129 0.0752377 0.00494081 9.9991E-05 0.411857 0.223116 0.233078
9.99639E-05 9.99639E-05 9.99639E-05 0.0609754 0.136902 0.612679 0.189043 9.99639E-05
9.99729E-05 9.99729E-05 0.0996848 0.114758 0.128076 0.411328 0.245853 9.99729E-05
0.095871 9.99729E-05 0.0714479 9.99729E-05 0.0701379 0.608885 0.153358 9.99729E-05
0.0426327 9.9982E-05 0.00133444 0.552187 0.00982502 0.267985 0.125836 9.9982E-05
0.0680835 9.998E-05 0.0771169 9.998E-05 0.0284615 0.132244 0.606504 0.0873897
0.103476 0.00421231 9.9973E-05 9.9973E-05 9.9973E-05 0.296507 0.430516 0.164989
0.085099 0.044429 9.99729E-05 9.99729E-05 0.276486 0.432256 0.16143 9.99729E-05
9.997E-05 0.0177677 9.997E-05 0.191891 0.0964764 0.418681 0.274883 9.997E-05
0.0917262 9.997E-05 0.0248405 9.997E-05 0.104876 0.537576 0.240682 9.997E-05
0.0923573 9.9955E-05 9.9955E-05 9.9955E-05 9.9955E-05 0.486111 0.421032 9.9955E-05
0.0340167 9.998E-05 0.3051 0.104053 9.998E-05 0.117929 0.296786 0.141915
9.99549E-05 0.395932 0.351827 0.251741 9.99549E-05 9.99549E-05 9.99549E-05 9.99549E-05
0.0274084 0.109981 0.147925 0.0788843 9.999E-05 0.047669 0.382396 0.205637
0.00264714 9.99729E-05 0.174652 0.548353 0.04833 0.225717 9.99729E-05 9.99729E-05
9.99729E-05 0.81453 0.0997572 0.066163 0.00296815 0.0162818 9.99729E-05 9.99729E-05
9.99729E-05 9.99729E-05 0.446691 0.0417328 9.99729E-05 0.160931 0.108114 0.242231
0.0422895 0.366574 0.567757 9.99639E-05 9.99639E-05 9.99639E-05 9.99639E-05 0.0229796
9.99729E-05 9.99729E-05 0.24199 0.391912 0.153869 0.0105327 0.201397 9.99729E-05
0.0935212 0.312939 0.59304 9.9955E-05 9.9955E-05 9.9955E-05 9.9955E-05 9.9955E-05
9.9964E-05 0.434324 0.0192296 0.527962 9.9964E-05 9.9964E-05 9.9964E-05 0.0180854
9.99729E-05 9.99729E-05 0.524786 9.99729E-05 0.00215755 0.139208 0.177227 0.156321
0.0661425 0.279128 0.412824 9.997E-05 9.997E-05 9.997E-05 0.0948955 0.14671
9.99549E-05 0.810737 9.99549E-05 0.127301 9.99549E-05 9.99549E-05 0.0614621 9.99549E-05
9.99729E-05 9.99729E-05 0.254159 0.0230632 9.99729E-05 0.0883927 0.41454 0.219545
0.0400873 0.15322 0.651683 9.9973E-05 9.9973E-05 9.9973E-05 0.0206927 0.134017
9.99729E-05 9.99729E-05 0.365664 0.252029 9.99729E-05 0.0911827 0.127794 0.163031
9.99549E-05 0.838805 0.0873553 0.0733403 9.99549E-05 9.99549E-05 9.99549E-05 9.99549E-05
0.00626125 0.124842 0.519553 9.99729E-05 9.99729E-05 9.99729E-05 0.201289 0.147755
9.99729E-05 9.99729E-05 0.343605 0.0167233 9.99729E-05 0.151019 0.332796 0.155556
0.0248587 9.996E-05 0.304598 0.62281 9.996E-05 9.996E-05 0.0473332 9.996E-05
0.109985 0.0564293 9.9982E-05 0.143161 9.9982E-05 0.212572 0.277455 0.200198
0.0844818 0.0425575 0.268541 0.107097 9.999E-05 0.148534 0.199698 0.148991
9.996E-05 0.603502 0.127606 0.267333 9.996E-05 0.00115843 9.996E-05 9.996E-05
0.059645 9.99804E-05 0.480739 0.312704 0.075143 9.99804E-05 0.0714686 9.99804E-05
0.00741831 0.199851 0.568325 0.0521276 0.129819 9.99819E-05 0.0422592 9.99819E-05
0.0341685 0.136115 0.0751204 0.282477 0.151082 0.320837 9.9982E-05 9.9982E-05
0.0759047 9.9991E-05 0.412679 0.0725183 0.0434165 0.125175 0.153363 0.116843
0.0279901 9.9964E-05 0.364225 9.9964E-05 0.183247 0.424138 9.9964E-05 9.9964E-05
0.0141492 0.484342 9.9973E-05 0.145883 9.9973E-05 0.311691 9.9973E-05 0.0436347
0.0158817 0.0575247 0.287646 0.335465 0.126287 0.176995 9.99819E-05 9.99819E-05
0.0107958 0.0695486 0.0401015 0.540337 0.0672486 0.271769 9.9982E-05 9.9982E-05
0.042561 0.0521657 0.324929 0.00145317 9.9982E-05 0.360311 9.9982E-05 0.218381
9.99549E-05 0.239903 9.99549E-05 0.479477 9.99549E-05 0.280121 9.99549E-05 9.99549E-05
9.99729E-05 9.99729E-05 0.40114 0.112135 9.99729E-05 0.132484 0.150325 0.203616
9.99639E-05 0.171425 0.0662377 0.417537 9.99639E-05 0.3444 9.99639E-05 9.99639E-05
0.0835919 0.253013 0.314824 9.998E-05 9.998E-05 0.179436 0.069883 0.0990516
0.0199376 0.0573597 0.309193 9.998E-05 9.998E-05 0.234413 0.165143 0.213753
0.004896 9.9973E-05 0.457081 9.9973E-05 0.232718 0.29482 0.0101864 9.9973E-05
9.99729E-05 9.99729E-05 0.254682 0.307533 0.111508 0.167389 0.158588 9.99729E-05
0.0446439 9.99729E-05 0.408525 0.0136466 0.153412 0.379473 9.99729E-05 9.99729E-05
0.0636733 9.9982E-05 0.250101 0.0486196 9.9982E-05 0.458643 0.0882818 0.0904812
9.9955E-05 0.32203 9.9955E-05 0.214217 9.9955E-05 0.463253 9.9955E-05 9.9955E-05
9.99639E-05 0.540639 0.07057 0.0807855 9.99639E-05 0.307606 9.99639E-05 9.99639E-05
9.9964E-05 0.0899087 0.142638 0.686014 0.0810391 9.9964E-05 9.9964E-05 9.9964E-05
9.997E-05 0.399968 0.049753 0.204166 0.0900812 0.255732 9.997E-05 9.997E-05
9.9964E-05 0.346475 9.9964E-05 0.111314 9.9964E-05 0.537432 9.9964E-05 0.00437826
0.00255718 0.174857 0.184668 0.484215 0.153404 9.9973E-05 9.9973E-05 9.9973E-05
9.99729E-05 0.0752416 0.147855 0.680899 9.99729E-05 0.0806316 9.99729E-05 0.0150731
0.0201075 0.0144761 0.282421 9.9973E-05 9.9973E-05 9.9973E-05 0.502656 0.180039
0.00857731 9.997E-05 0.351973 0.0958916 9.997E-05 9.997E-05 0.375896 0.167363
0.0256685 9.996E-05 0.136686 0.682863 9.996E-05 9.996E-05 0.154383 9.996E-05
9.99729E-05 9.99729E-05 0.366142 0.172028 9.99729E-05 0.0136272 0.221525 0.226379
9.99639E-05 9.99639E-05 0.250751 0.027241 9.99639E-05 9.99639E-05 0.515524 0.206084
0.158158 0.0142641 0.148864 0.0606327 9.9982E-05 9.9982E-05 0.458257 0.159624
9.99639E-05 9.99639E-05 0.241142 0.0866784 9.99639E-05 9.99639E-05 0.457554 0.214226
0.0325942 0.0562981 0.00489967 0.795914 9.9982E-05 9.9982E-05 0.0865475 0.0235461
9.9955E-05 0.489779 9.9955E-05 0.479669 9.9955E-05 0.0300525 9.9955E-05 9.9955E-05
9.99639E-05 9.99639E-05 0.279469 0.1852 0.0702426 9.99639E-05 0.464689 9.99639E-05
9.995E-05 0.0811097 9.995E-05 0.712419 9.995E-05 9.995E-05 0.205972 9.995E-05
0.0789873 0.00561188 0.0140774 0.689025 0.0597771 9.9991E-05 0.139353 0.0130681
9.99639E-05 9.99639E-05 0.125817 0.506158 9.99639E-05 9.99639E-05 0.351144 0.0164814
9.9964E-05 0.138781 0.00455822 0.846755 9.9964E-05 0.00950566 9.9964E-05 9.9964E-05
9.998E-05 0.0640414 0.00690319 0.552758 0.023435 0.0275386 0.325124 9.998E-05
0.0771753 9.9973E-05 0.593574 0.0694041 0.128402 9.9973E-05 0.131144 9.9973E-05
0.0305991 9.9982E-05 0.0229059 0.745316 0.00326744 9.9982E-05 0.0483932 0.149319
9.99549E-05 9.99549E-05 9.99549E-05 0.479267 0.0651259 9.99549E-05 0.455108 9.99549E-05
9.99729E-05 9.99729E-05 0.24466 0.139587 9.99729E-05 0.082274 0.198371 0.334809
9.9973E-05 9.9973E-05 0.303646 0.191971 0.0502587 0.010183 0.443642 9.9973E-05
9.9973E-05 0.166487 9.9973E-05 0.690917 9.9973E-05 0.022308 0.0229924 0.0969957
9.9964E-05 9.9964E-05 9.9964E-05 0.792628 0.0273653 0.0235883 0.156019 9.9964E-05
9.9955E-05 0.349369 9.9955E-05 0.610776 9.9955E-05 0.0393553 9.9955E-05 9.9955E-05
9.99639E-05 9.99639E-05 0.464863 0.032147 9.99639E-05 9.99639E-05 0.4509 0.0516899
9.9964E-05 9.9964E-05 0.316529 0.343952 0.0552845 9.9964E-05 0.283835 9.9964E-05
9.9973E-05 0.231901 9.9973E-05 0.720604 0.00608709 0.0110275 0.0300807 9.9973E-05
0.00646147 0.0693063 0.460641 9.9982E-05 0.00437533 9.9982E-05 0.249431 0.209585
0.0309026 0.132713 0.574059 0.0311002 9.9982E-05 0.0340817 9.9982E-05 0.196943
0.0521756 0.119315 9.9973E-05 0.511037 0.111466 0.205706 9.9973E-05 9.9973E-05
0.0452965 0.279673 0.379309 0.0743586 0.0872043 0.13396 9.9982E-05 9.9982E-05
0.0841169 0.0374366 0.359339 0.127517 9.9991E-05 0.020131 0.111435 0.259925
0.0299496 0.0551365 0.626443 9.9973E-05 9.9973E-05 9.9973E-05 0.105284 0.182887
9.9973E-05 0.0164065 0.597404 9.9973E-05 0.0197807 9.9973E-05 0.112889 0.253219
0.00785023 0.627992 0.0651193 0.0907969 9.9973E-05 0.207942 9.9973E-05 9.9973E-05
0.00265579 0.110972 0.246869 0.584596 0.0546069 9.9973E-05 9.9973E-05 9.9973E-05
9.99729E-05 9.99729E-05 0.422371 0.0174142 0.15108 0.265066 0.14377 9.99729E-05
9.9982E-05 0.0137498 0.675748 0.00465967 9.9982E-05 0.0698494 0.171395 0.0643982
9.99729E-05 0.363707 0.0577252 0.208991 0.0415652 0.327711 9.99729E-05 9.99729E-05
0.0378141 9.99769E-05 0.316446 0.554004 0.0612409 9.99769E-05 0.0301948 9.99769E-05
9.99639E-05 0.0061507 0.336456 0.579468 0.0775261 9.99639E-05 9.99639E-05 9.99639E-05
0.018283 9.99639E-05 0.485603 9.99639E-05 0.121843 0.373871 9.99639E-05 9.99639E-05
9.997E-05 9.997E-05 0.00461364 0.629692 0.0748107 0.178782 0.111801 9.997E-05
9.99819E-05 9.99819E-05 0.26384 0.29783 0.00743772 0.0653345 0.251408 0.11395
9.99729E-05 9.99729E-05 0.582821 0.173481 0.0807399 0.114881 0.0477774 9.99729E-05
0.0409903 0.0595844 0.553301 0.0356927 9.99788E-05 9.99788E-05 9.99788E-05 0.310132
0.0242755 0.233616 0.185481 0.40188 0.154447 9.99729E-05 9.99729E-05 9.99729E-05
9.9982E-05 0.0282794 0.587343 0.025746 0.035282 9.9982E-05 0.207638 0.115512
9.9973E-05 0.0730017 0.382093 0.0387814 9.9973E-05 9.9973E-05 0.330163 0.175661
9.99549E-05 0.341852 0.0573543 0.600294 9.99549E-05 9.99549E-05 9.99549E-05 9.99549E-05
9.99639E-05 9.99639E-05 0.129388 0.672619 9.99639E-05 9.99639E-05 0.0861078 0.111486
9.9973E-05 0.0600349 0.0971028 0.702735 0.0949052 9.9973E-05 0.0449223 9.9973E-05
0.00770228 0.0234135 0.299674 9.9973E-05 9.9973E-05 9.9973E-05 0.431241 0.237669
0.117041 0.128751 0.0423894 0.021065 0.0766108 9.999E-05 0.382383 0.23166
9.99729E-05 9.99729E-05 0.312087 0.0724047 0.0302262 9.99729E-05 0.444726 0.140256
0.00469203 0.279411 0.0344575 0.681039 9.9964E-05 9.9964E-05 9.9964E-05 9.9964E-05
9.99729E-05 9.99729E-05 0.264445 0.102985 0.0236877 9.99729E-05 0.572938 0.0356434
0.0522924 0.0262535 0.268734 9.9982E-05 0.00414625 9.9982E-05 0.608339 0.0400348
9.9973E-05 0.0418609 0.210167 9.9973E-05 9.9973E-05 0.0220728 0.489157 0.236442
9.996E-05 0.144282 9.996E-05 0.670394 9.996E-05 0.0765654 0.108359 9.996E-05
9.99639E-05 9.99639E-05 0.250631 0.523743 0.0409061 9.99639E-05 0.18432 9.99639E-05
0.0202295 9.998E-05 0.244791 0.232575 9.998E-05 0.0195621 0.117617 0.365025
9.9973E-05 0.294279 0.04174 0.304949 0.061312 9.9973E-05 0.297421 9.9973E-05
0.0135879 0.014832 0.2231 9.9973E-05 9.9973E-05 9.9973E-05 0.591489 0.156691
9.998E-05 0.122939 0.0964157 0.18955 9.998E-05 0.225285 0.236421 0.129189
0.0216943 0.0871691 0.121534 0.246587 0.0446073 9.9982E-05 0.478209 9.9982E-05
9.9955E-05 0.34793 9.9955E-05 0.63638 9.9955E-05 9.9955E-05 9.9955E-05 0.0151911
0.0100483 9.9973E-05 0.377377 0.361167 0.0693923 9.9973E-05 0.181716 9.9973E-05
0.0302472 0.0392362 0.192279 0.291927 0.0956285 0.350482 9.99819E-05 9.99819E-05
9.9964E-05 0.271562 9.9964E-05 0.251979 0.00880074 0.467259 9.9964E-05 9.9964E-05
9.99729E-05 9.99729E-05 0.258936 0.50248 0.112335 0.043802 0.0821482 9.99729E-05
9.99729E-05 0.0147927 9.99729E-05 0.456265 0.0785961 0.189545 0.260501 9.99729E-05
9.99549E-05 9.99549E-05 0.351396 0.53364 9.99549E-05 0.114465 9.99549E-05 9.99549E-05
9.9973E-05 9.9973E-05 0.577055 0.0585628 9.9973E-05 0.152645 0.159454 0.0519831
0.0326471 0.510648 0.0596837 0.164529 9.99729E-05 0.232192 9.99729E-05 9.99729E-05
0.0796797 0.201124 0.339515 9.9982E-05 9.9982E-05 0.0071132 0.114104 0.258264
0.0764804 9.999E-05 0.124321 0.0611119 0.0108262 0.110345 0.613981 0.00283465
9.99639E-05 9.99639E-05 0.204843 0.0572801 9.99639E-05 0.456603 9.99639E-05 0.280875
9.99639E-05 0.17102 9.99639E-05 0.232729 0.0169027 0.578948 9.99639E-05 9.99639E-05
9.99549E-05 0.348484 9.99549E-05 0.311738 9.99549E-05 0.339278 9.99549E-05 9.99549E-05
0.054041 9.9982E-05 0.531497 0.109507 9.9982E-05 0.0423056 0.0731479 0.189301
9.9973E-05 9.9973E-05 0.18606 0.587114 0.103838 0.0512818 0.0714061 9.9973E-05
9.997E-05 9.997E-05 0.247357 0.259874 0.130509 0.297138 0.0648225 9.997E-05
9.99549E-05 0.418277 9.99549E-05 0.24704 9.99549E-05 0.334184 9.99549E-05 9.99549E-05
0.0168721 9.99639E-05 0.339667 9.99639E-05 0.0268036 0.616258 9.99639E-05 9.99639E-05
0.130235 0.00508455 0.496303 0.00523704 9.9991E-05 0.298741 0.0250855 0.0392133
9.99729E-05 9.99729E-05 0.411004 0.128194 9.99729E-05 0.0684152 0.142608 0.249479
9.99729E-05 9.99729E-05 0.369607 0.0580755 9.99729E-05 0.270798 0.151352 0.149868
0.035786 9.9982E-05 0.17022 0.0369001 9.9982E-05 0.456025 0.162752 0.138117
0.00188237 0.147929 9.99639E-05 0.608116 9.99639E-05 9.99639E-05 0.241673 9.99639E-05
9.99639E-05 9.99639E-05 0.271259 0.0471557 9.99639E-05 9.99639E-05 0.630188 0.0509978
9.99549E-05 0.136182 9.99549E-05 0.573501 9.99549E-05 9.99549E-05 0.289817 9.99549E-05
9.99639E-05 9.99639E-05 0.0569172 0.513298 0.0509128 9.99639E-05 0.378472 9.99639E-05
0.0276808 9.99729E-05 0.373446 9.99729E-05 0.00126543 9.99729E-05 0.580214 0.0170938
9.9955E-05 0.34783 9.9955E-05 0.525136 9.9955E-05 9.9955E-05 0.126535 9.9955E-05
9.99729E-05 0.0364763 0.0272129 0.212053 0.101701 0.622257 9.99729E-05 9.99729E-05
9.9973E-05 0.0277055 0.124935 0.743396 0.0145665 0.0890963 9.9973E-05 9.9973E-05
0.0305925 9.99639E-05 0.344499 9.99639E-05 9.99639E-05 0.46784 9.99639E-05 0.156669
0.0426991 9.997E-05 0.383308 0.187209 0.0424398 0.344045 9.997E-05 9.997E-05
0.0253703 9.99729E-05 0.313598 0.330832 9.99729E-05 0.115297 9.99729E-05 0.214603
9.99639E-05 0.210449 9.99639E-05 0.385112 9.99639E-05 0.29706 9.99639E-05 0.106979
9.9973E-05 9.9973E-05 0.195571 0.133065 9.9973E-05 0.136588 0.108474 0.426001
0.035457 9.9982E-05 0.134039 0.396486 0.218537 0.213042 9.9982E-05 0.00223942
9.99729E-05 9.99729E-05 0.313661 0.117232 9.99729E-05 0.23816 0.0488841 0.281763
0.0200334 9.998E-05 0.100362 0.102218 9.998E-05 0.197633 0.170783 0.40877
9.99639E-05 9.99639E-05 0.272663 0.109454 9.99639E-05 0.274621 9.99639E-05 0.342863
9.99639E-05 9.99639E-05 0.398758 0.14568 9.99639E-05 0.151512 9.99639E-05 0.30365
9.99639E-05 9.99639E-05 0.103442 0.213435 9.99639E-05 0.222792 9.99639E-05 0.459931
0.0669839 9.9982E-05 0.0390634 0.577135 0.0807312 0.185888 9.9982E-05 0.0499978
0.0166358 9.9973E-05 0.0876195 0.734952 0.128883 0.0316094 9.9973E-05 9.9973E-05
0.047111 0.124458 0.199251 0.0334956 9.9991E-05 0.1009 0.166581 0.328103
9.99549E-05 9.99549E-05 0.146736 9.99549E-05 9.99549E-05 0.589706 9.99549E-05 0.263058
0.0581049 0.0531954 0.184502 0.267851 0.142589 0.293558 9.9982E-05 9.9982E-05
0.0116216 0.514039 9.99639E-05 0.0713153 9.99639E-05 0.402624 9.99639E-05 9.99639E-05
9.9955E-05 0.180511 9.9955E-05 0.79083 9.9955E-05 0.0281594 9.9955E-05 9.9955E-05
9.99549E-05 0.410358 9.99549E-05 0.253319 9.99549E-05 0.335823 9.99549E-05 9.99549E-05
