9.9928E-05 9.9928E-05 9.9928E-05 0.346538 0.00214885 9.9928E-05 9.9928E-05 9.9928E-05 0.142706 0.09044 9.9928E-05 0.417367 9.9928E-05
0.138975 9.99369E-05 9.99369E-05 0.25732 0.0184512 9.99369E-05 0.0563921 9.99369E-05 0.0600061 9.99369E-05 9.99369E-05 0.468156 9.99369E-05
0.0451576 9.99639E-05 0.501253 9.99639E-05 0.0113478 0.00307334 0.023897 0.0853087 9.99639E-05 0.00403341 9.99639E-05 0.276066 0.0494623
9.99369E-05 0.0382706 9.99369E-05 0.555684 9.99369E-05 0.0238308 9.99369E-05 9.99369E-05 0.239181 0.0208972 9.99369E-05 0.121437 9.99369E-05
0.182771 0.0675633 9.99188E-05 0.302723 9.99188E-05 9.99188E-05 9.99188E-05 9.99188E-05 0.446043 9.99188E-05 9.99188E-05 9.99188E-05 9.99188E-05
0.0453907 0.0701238 0.0441674 0.0293369 0.0538428 9.99639E-05 9.99639E-05 0.353481 0.0292148 9.99639E-05 9.99639E-05 0.326469 0.0475742
9.99189E-05 9.99189E-05 0.439367 0.0298709 9.99189E-05 9.99189E-05 9.99189E-05 9.99189E-05 9.99189E-05 9.99189E-05 0.0489304 0.480933 9.99189E-05
0.17819 9.9928E-05 0.143049 9.9928E-05 0.037917 9.9928E-05 9.9928E-05 0.326073 9.9928E-05 9.9928E-05 9.9928E-05 0.313972 9.9928E-05
0.0332298 9.9955E-05 9.9955E-05 0.37522 0.035383 0.063535 0.0114364 0.116222 9.9955E-05 0.0105048 9.9955E-05 0.353969 9.9955E-05
9.99278E-05 0.0111645 0.273496 9.99278E-05 9.99278E-05 9.99278E-05 9.99278E-05 0.514608 9.99278E-05 0.0248139 0.175119 9.99278E-05 9.99278E-05
0.0596025 0.0811477 9.99459E-05 0.240488 9.99459E-05 9.99459E-05 0.369881 9.99459E-05 0.0325662 9.99459E-05 9.99459E-05 0.177685 0.0380301
0.0720231 9.99279E-05 9.99279E-05 0.497146 9.99279E-05 0.0752039 0.0717835 0.283044 9.99279E-05 9.99279E-05 9.99279E-05 9.99279E-05 9.99279E-05
9.99639E-05 0.0251654 0.144193 0.111729 0.0508944 0.156807 0.00592372 9.99639E-05 0.17936 9.99639E-05 9.99639E-05 0.139288 0.186241
9.99189E-05 0.0555941 0.21008 9.99189E-05 9.99189E-05 9.99189E-05 9.99189E-05 0.226892 9.99189E-05 9.99189E-05 9.99189E-05 0.506535 9.99189E-05
0.160366 9.99189E-05 9.99189E-05 0.340545 9.99189E-05 9.99189E-05 0.391363 0.106827 9.99189E-05 9.99189E-05 9.99189E-05 9.99189E-05 9.99189E-05
9.99549E-05 9.99549E-05 0.364238 9.99549E-05 0.0136349 9.99549E-05 0.00234845 0.222736 0.0279204 0.00707722 0.258352 0.103193 9.99549E-05
9.99189E-05 9.99189E-05 0.282114 0.0430953 9.99189E-05 9.99189E-05 9.99189E-05 9.99189E-05 9.99189E-05 9.99189E-05 0.0546571 0.619234 9.99189E-05
0.00575774 9.99459E-05 0.367495 0.00674222 9.99459E-05 9.99459E-05 0.0646526 0.0174492 9.99459E-05 9.99459E-05 9.99459E-05 0.49586 0.0414443
9.9937E-05 9.9937E-05 0.00977919 0.47152 9.9937E-05 0.145211 9.9937E-05 0.0234957 9.9937E-05 9.9937E-05 9.9937E-05 0.249169 0.100126
9.99099E-05 9.99099E-05 9.99099E-05 9.99099E-05 9.99099E-05 9.99099E-05 0.110453 9.99099E-05 0.152138 0.73641 9.99099E-05 9.99099E-05 9.99099E-05
9.99099E-05 9.99099E-05 9.99099E-05 9.99099E-05 9.99099E-05 0.0687614 9.99099E-05 9.99099E-05 0.174574 0.755665 9.99099E-05 9.99099E-05 9.99099E-05
9.99007E-05 9.99007E-05 9.99007E-05 9.99007E-05 9.99007E-05 9.99007E-05 9.99007E-05 9.99007E-05 0.139968 0.858933 9.99007E-05 9.99007E-05 9.99007E-05
9.99099E-05 9.99099E-05 9.99099E-05 0.0285083 9.99099E-05 0.337195 9.99099E-05 9.99099E-05 9.99099E-05 0.633298 9.99099E-05 9.99099E-05 9.99099E-05
9.99189E-05 9.99189E-05 9.99189E-05 0.158634 9.99189E-05 0.0365786 0.0784923 9.99189E-05 9.99189E-05 0.725395 9.99189E-05 9.99189E-05 9.99189E-05
9.99278E-05 9.99278E-05 0.137461 9.99278E-05 0.18072 9.99278E-05 9.99278E-05 0.107053 9.99278E-05 0.465227 9.99278E-05 0.108739 9.99278E-05
0.0876239 0.0656108 9.993E-05 0.208469 0.126576 9.993E-05 0.0872196 9.993E-05 9.993E-05 0.423801 9.993E-05 9.993E-05 9.993E-05
9.99189E-05 9.99189E-05 0.0542558 9.99189E-05 0.209688 9.99189E-05 9.99189E-05 9.99189E-05 9.99189E-05 0.248722 0.486435 9.99189E-05 9.99189E-05
0.218635 9.9937E-05 9.9937E-05 9.9937E-05 0.0533696 0.0455821 0.0345302 9.9937E-05 0.309699 0.337485 9.9937E-05 9.9937E-05 9.9937E-05
9.99369E-05 9.99369E-05 9.99369E-05 9.99369E-05 9.99369E-05 9.99369E-05 9.99369E-05 0.0192061 0.0199009 0.854431 0.0338958 0.0313258 0.0405411
9.99099E-05 9.99099E-05 9.99099E-05 0.0235259 9.99099E-05 0.121366 9.99099E-05 9.99099E-05 9.99099E-05 0.854109 9.99099E-05 9.99099E-05 9.99099E-05
9.99191E-05 9.99191E-05 0.103401 9.99191E-05 9.99191E-05 0.144709 9.99191E-05 9.99191E-05 9.99191E-05 0.605267 0.145723 9.99191E-05 9.99191E-05
9.99369E-05 9.99369E-05 9.99369E-05 9.99369E-05 0.424108 9.99369E-05 9.99369E-05 0.0497144 9.99369E-05 0.248489 0.0540393 0.0667589 0.15619
9.99098E-05 9.99098E-05 0.171092 9.99098E-05 9.99098E-05 9.99098E-05 9.99098E-05 9.99098E-05 9.99098E-05 0.613283 0.214626 9.99098E-05 9.99098E-05
9.99189E-05 9.99189E-05 0.114603 9.99189E-05 0.00408106 9.99189E-05 9.99189E-05 9.99189E-05 9.99189E-05 0.696743 9.99189E-05 0.183674 9.99189E-05
9.99189E-05 0.0168475 9.99189E-05 0.0527841 9.99189E-05 0.0999573 9.99189E-05 9.99189E-05 9.99189E-05 0.829512 9.99189E-05 9.99189E-05 9.99189E-05
9.99279E-05 9.99279E-05 9.99279E-05 0.105762 9.99279E-05 0.00158352 0.153012 9.99279E-05 0.00231625 0.736527 9.99279E-05 9.99279E-05 9.99279E-05
9.99099E-05 9.99099E-05 9.99099E-05 9.99099E-05 9.99099E-05 9.99099E-05 0.32827 9.99099E-05 0.00109034 0.66964 9.99099E-05 9.99099E-05 9.99099E-05
0.00378173 9.99189E-05 9.99189E-05 0.0716004 9.99189E-05 0.256416 9.99189E-05 9.99189E-05 9.99189E-05 0.667303 9.99189E-05 9.99189E-05 9.99189E-05
9.99188E-05 9.99188E-05 9.99188E-05 0.018179 0.791062 9.99188E-05 9.99188E-05 9.99188E-05 0.136094 9.99188E-05 9.99188E-05 0.0537662 9.99188E-05
9.991E-05 9.991E-05 9.991E-05 9.991E-05 0.642198 9.991E-05 9.991E-05 9.991E-05 9.991E-05 9.991E-05 0.324629 9.991E-05 0.032174
9.99189E-05 9.99189E-05 0.164834 9.99189E-05 0.407703 9.99189E-05 9.99189E-05 9.99189E-05 9.99189E-05 0.0907273 0.335837 9.99189E-05 9.99189E-05
9.99279E-05 9.99279E-05 9.99279E-05 9.99279E-05 0.486764 0.310428 9.99279E-05 9.99279E-05 0.115347 0.0222112 0.0644501 9.99279E-05 9.99279E-05
9.99368E-05 9.99368E-05 9.99368E-05 9.99368E-05 0.517865 9.99368E-05 9.99368E-05 0.0608447 0.0672937 0.28267 0.00998703 0.0606398 9.99368E-05
9.9955E-05 0.0118421 0.147809 9.9955E-05 0.519512 9.9955E-05 0.02214 0.066592 9.9955E-05 0.0998395 0.0978891 9.9955E-05 0.0338764
0.175775 9.9928E-05 9.9928E-05 0.342831 0.28022 0.0860183 9.9928E-05 9.9928E-05 9.9928E-05 0.114356 9.9928E-05 9.9928E-05 9.9928E-05
0.196161 9.99189E-05 9.99189E-05 0.183762 0.552021 9.99189E-05 0.067157 9.99189E-05 9.99189E-05 9.99189E-05 9.99189E-05 9.99189E-05 9.99189E-05
9.99279E-05 9.99279E-05 0.196517 9.99279E-05 0.380833 9.99279E-05 9.99279E-05 0.00707272 9.99279E-05 0.202382 0.212395 9.99279E-05 9.99279E-05
9.99279E-05 9.99279E-05 9.99279E-05 9.99279E-05 0.782629 9.99279E-05 0.00157105 0.0573694 0.14299 9.99279E-05 9.99279E-05 0.0146413 9.99279E-05
9.991E-05 9.991E-05 9.991E-05 9.991E-05 0.307029 9.991E-05 9.991E-05 9.991E-05 0.0203376 9.991E-05 0.671634 9.991E-05 9.991E-05
0.253666 9.9919E-05 9.9919E-05 9.9919E-05 0.64673 0.054652 0.044053 9.9919E-05 9.9919E-05 9.9919E-05 9.9919E-05 9.9919E-05 9.9919E-05
9.99099E-05 9.99099E-05 9.99099E-05 9.99099E-05 0.66441 9.99099E-05 9.99099E-05 9.99099E-05 0.0294536 9.99099E-05 0.305137 9.99099E-05 9.99099E-05
9.9919E-05 9.9919E-05 9.9919E-05 9.9919E-05 0.478456 0.204637 9.9919E-05 9.9919E-05 0.263383 0.0526253 9.9919E-05 9.9919E-05 9.9919E-05
9.99278E-05 0.0425098 9.99278E-05 0.164564 0.401196 9.99278E-05 0.27846 9.99278E-05 9.99278E-05 0.11247 9.99278E-05 9.99278E-05 9.99278E-05
0.0732779 0.0109337 9.9937E-05 0.157367 0.510827 9.9937E-05 0.245189 9.9937E-05 9.9937E-05 0.00170551 9.9937E-05 9.9937E-05 9.9937E-05
0.119632 9.9946E-05 9.9946E-05 0.0645811 0.337239 0.354353 0.0190806 9.9946E-05 9.9946E-05 0.0852114 0.0193028 9.9946E-05 9.9946E-05
0.0226034 9.99279E-05 9.99279E-05 0.140481 0.0209028 0.346364 9.99279E-05 9.99279E-05 9.99279E-05 0.468849 9.99279E-05 9.99279E-05 9.99279E-05
9.99368E-05 9.99368E-05 0.0087094 9.99368E-05 0.759507 9.99368E-05 9.99368E-05 0.0236044 9.99368E-05 9.99368E-05 0.119389 0.00412198 0.0839685
9.9946E-05 0.0251494 9.9946E-05 9.9946E-05 0.560775 0.0635748 0.0214216 9.9946E-05 0.175285 0.065701 0.0874932 9.9946E-05 9.9946E-05
9.99098E-05 9.99098E-05 9.99098E-05 9.99098E-05 0.672082 9.99098E-05 9.99098E-05 9.99098E-05 9.99098E-05 9.99098E-05 0.287034 9.99098E-05 0.0398848
0.0813234 9.99201E-05 9.99201E-05 9.99201E-05 0.668766 0.0415122 0.0288061 9.99201E-05 0.178793 9.99201E-05 9.99201E-05 9.99201E-05 9.99201E-05
0.0407165 9.99458E-05 9.99458E-05 0.10327 0.675345 9.99458E-05 0.0684884 9.99458E-05 0.0484778 0.0521189 9.99458E-05 0.0109836 9.99458E-05
0.145854 9.99279E-05 9.99279E-05 0.125062 0.655286 9.99279E-05 0.0690604 9.99279E-05 0.00393764 9.99279E-05 9.99279E-05 9.99279E-05 9.99279E-05
9.99369E-05 9.99369E-05 0.00268524 9.99369E-05 0.500109 9.99369E-05 9.99369E-05 9.99369E-05 9.99369E-05 0.0716103 0.120611 0.0870908 0.217195
0.0322419 9.99188E-05 9.99188E-05 9.99188E-05 0.478923 0.453349 9.99188E-05 9.99188E-05 9.99188E-05 0.0345871 9.99188E-05 9.99188E-05 9.99188E-05
9.99009E-05 9.99009E-05 0.534748 9.99009E-05 0.464153 9.99009E-05 9.99009E-05 9.99009E-05 9.99009E-05 9.99009E-05 9.99009E-05 9.99009E-05 9.99009E-05
9.99368E-05 0.00873047 9.99368E-05 0.204998 0.354947 9.99368E-05 0.170311 9.99368E-05 9.99368E-05 0.181537 9.99368E-05 0.0787768 9.99368E-05
0.296642 9.99279E-05 9.99279E-05 9.99279E-05 0.557713 0.121859 0.00474576 9.99279E-05 0.0182407 9.99279E-05 9.99279E-05 9.99279E-05 9.99279E-05
0.202325 9.9928E-05 9.9928E-05 9.9928E-05 0.494377 0.0159169 0.245251 9.9928E-05 0.0413308 9.9928E-05 9.9928E-05 9.9928E-05 9.9928E-05
9.99278E-05 9.99278E-05 9.99278E-05 0.224379 0.424882 9.99278E-05 9.99278E-05 9.99278E-05 9.99278E-05 0.209638 9.99278E-05 0.123182 0.0171199
9.99369E-05 0.036656 9.99369E-05 9.99369E-05 0.328996 9.99369E-05 9.99369E-05 0.0388313 9.99369E-05 0.376065 9.99369E-05 0.181885 0.0368675
9.99189E-05 9.99189E-05 9.99189E-05 9.99189E-05 0.260756 9.99189E-05 9.99189E-05 9.99189E-05 9.99189E-05 0.278291 0.394941 9.99189E-05 0.065112
9.99099E-05 9.99099E-05 0.414748 9.99099E-05 0.487491 9.99099E-05 9.99099E-05 9.99099E-05 9.99099E-05 9.99099E-05 0.0967622 9.99099E-05 9.99099E-05
0.178567 9.99099E-05 9.99099E-05 9.99099E-05 9.99099E-05 0.175229 9.99099E-05 9.99099E-05 9.99099E-05 0.645205 9.99099E-05 9.99099E-05 9.99099E-05
9.99278E-05 9.99278E-05 0.143689 9.99278E-05 0.641717 9.99278E-05 9.99278E-05 9.99278E-05 9.99278E-05 9.99278E-05 0.171812 0.00284549 0.0391375
0.104217 0.00477483 9.99459E-05 0.136816 0.611965 9.99459E-05 0.0840576 9.99459E-05 0.024041 0.0335289 9.99459E-05 9.99459E-05 9.99459E-05
9.99279E-05 9.99279E-05 9.99279E-05 0.439124 0.261365 9.99279E-05 0.0357598 0.00111885 9.99279E-05 0.261833 9.99279E-05 9.99279E-05 9.99279E-05
9.99098E-05 9.99098E-05 0.156278 9.99098E-05 9.99098E-05 9.99098E-05 9.99098E-05 9.99098E-05 9.99098E-05 0.748108 0.0946149 9.99098E-05 9.99098E-05
9.9919E-05 9.9919E-05 0.278977 9.9919E-05 0.194784 9.9919E-05 9.9919E-05 9.9919E-05 9.9919E-05 0.21682 0.308519 9.9919E-05 9.9919E-05
9.99369E-05 9.99369E-05 0.125544 9.99369E-05 0.0197617 9.99369E-05 9.99369E-05 0.0187118 9.99369E-05 0.747131 0.025259 0.0628931 9.99369E-05
9.99459E-05 0.0212056 9.99459E-05 9.99459E-05 0.298488 9.99459E-05 9.99459E-05 9.99459E-05 0.104016 0.420581 0.0225255 0.054123 0.078461
9.9919E-05 9.9919E-05 9.9919E-05 9.9919E-05 0.248839 9.9919E-05 9.9919E-05 9.9919E-05 0.0509481 0.171144 0.528169 9.9919E-05 9.9919E-05
9.99189E-05 9.99189E-05 9.99189E-05 0.0880716 0.446204 0.272049 9.99189E-05 9.99189E-05 9.99189E-05 0.192776 9.99189E-05 9.99189E-05 9.99189E-05
9.99189E-05 9.99189E-05 0.0108867 9.99189E-05 0.68181 0.154485 9.99189E-05 9.99189E-05 0.151919 9.99189E-05 9.99189E-05 9.99189E-05 9.99189E-05
9.9937E-05 0.0385094 9.9937E-05 9.9937E-05 0.468105 0.256723 0.0747885 9.9937E-05 9.9937E-05 0.0994253 0.0617491 9.9937E-05 9.9937E-05
9.99099E-05 9.99099E-05 0.152654 9.99099E-05 0.635792 9.99099E-05 9.99099E-05 9.99099E-05 9.99099E-05 9.99099E-05 0.210555 9.99099E-05 9.99099E-05
0.0343678 9.99278E-05 9.99278E-05 9.99278E-05 0.542495 9.99278E-05 0.013991 9.99278E-05 0.347593 0.0607542 9.99278E-05 9.99278E-05 9.99278E-05
0.0395506 9.99189E-05 9.99189E-05 0.231809 0.584277 0.143464 9.99189E-05 9.99189E-05 9.99189E-05 9.99189E-05 9.99189E-05 9.99189E-05 9.99189E-05
9.99369E-05 0.0323514 0.186536 9.99369E-05 0.186852 9.99369E-05 9.99369E-05 0.0022266 9.99369E-05 0.387492 9.99369E-05 0.203842 9.99369E-05
9.99099E-05 9.99099E-05 0.482038 9.99099E-05 0.498284 9.99099E-05 9.99099E-05 9.99099E-05 9.99099E-05 0.0186785 9.99099E-05 9.99099E-05 9.99099E-05
0.354572 9.99189E-05 9.99189E-05 9.99189E-05 0.154034 9.99189E-05 9.99189E-05 9.99189E-05 9.99189E-05 0.404097 9.99189E-05 0.0863967 9.99189E-05
9.99188E-05 9.99188E-05 0.412404 9.99188E-05 0.567772 9.99188E-05 9.99188E-05 0.0036785 9.99188E-05 0.0152463 9.99188E-05 9.99188E-05 9.99188E-05
0.0626986 9.99189E-05 0.414566 9.99189E-05 0.460983 9.99189E-05 9.99189E-05 9.99189E-05 9.99189E-05 0.0608528 9.99189E-05 9.99189E-05 9.99189E-05
0.578421 9.99189E-05 9.99189E-05 9.99189E-05 0.25567 9.99189E-05 0.00292373 9.99189E-05 9.99189E-05 0.162086 9.99189E-05 9.99189E-05 9.99189E-05
0.075374 9.99189E-05 0.10348 9.99189E-05 0.6279 9.99189E-05 9.99189E-05 9.99189E-05 9.99189E-05 9.99189E-05 9.99189E-05 0.192347 9.99189E-05
0.110146 0.0141233 0.0767009 9.99459E-05 0.435409 9.99459E-05 9.99459E-05 0.000938669 9.99459E-05 0.164827 9.99459E-05 0.197256 9.99459E-05
9.99279E-05 0.00122978 9.99279E-05 9.99279E-05 0.0127635 9.99279E-05 9.99279E-05 9.99279E-05 0.0117665 9.99279E-05 0.364336 9.99279E-05 0.609105
9.9937E-05 9.9937E-05 0.0142891 9.9937E-05 0.064728 9.9937E-05 9.9937E-05 9.9937E-05 0.084856 0.0295104 0.209907 9.9937E-05 0.59601
9.99189E-05 9.99189E-05 9.99189E-05 9.99189E-05 9.99189E-05 0.175287 9.99189E-05 9.99189E-05 0.0945804 9.99189E-05 0.023765 9.99189E-05 0.705468
0.450799 9.99099E-05 9.99099E-05 9.99099E-05 9.99099E-05 9.99099E-05 9.99099E-05 0.00590826 9.99099E-05 9.99099E-05 9.99099E-05 9.99099E-05 0.542294
9.99189E-05 0.0523703 9.99189E-05 9.99189E-05 9.99189E-05 9.99189E-05 0.00179609 9.99189E-05 9.99189E-05 9.99189E-05 0.310273 9.99189E-05 0.634662
0.173766 9.99369E-05 9.99369E-05 0.0414901 9.99369E-05 0.0377965 9.99369E-05 9.99369E-05 9.99369E-05 0.00537119 9.99369E-05 0.543147 0.197729
9.99008E-05 9.99008E-05 0.488848 9.99008E-05 9.99008E-05 9.99008E-05 9.99008E-05 9.99008E-05 9.99008E-05 9.99008E-05 9.99008E-05 9.99008E-05 0.510053
9.99009E-05 9.99009E-05 9.99009E-05 9.99009E-05 9.99009E-05 9.99009E-05 9.99009E-05 9.99009E-05 9.99009E-05 9.99009E-05 0.261617 9.99009E-05 0.737285
9.99369E-05 9.99369E-05 9.99369E-05 9.99369E-05 9.99369E-05 9.99369E-05 9.99369E-05 0.100925 0.0298047 0.0346874 0.0111343 0.0645895 0.758159
0.0581923 9.99459E-05 9.99459E-05 0.0476152 9.99459E-05 0.006108 0.165678 9.99459E-05 0.31126 0.0102583 9.99459E-05 9.99459E-05 0.400289
9.99189E-05 0.117062 9.99189E-05 9.99189E-05 9.99189E-05 9.99189E-05 9.99189E-05 9.99189E-05 0.00968526 9.99189E-05 0.636564 9.99189E-05 0.23579
9.99279E-05 0.0652225 9.99279E-05 0.0547108 9.99279E-05 9.99279E-05 0.412355 9.99279E-05 0.0514538 9.99279E-05 9.99279E-05 9.99279E-05 0.415458
9.99279E-05 9.99279E-05 9.99279E-05 9.99279E-05 9.99279E-05 0.00320191 9.99279E-05 9.99279E-05 0.00239487 9.99279E-05 0.19514 0.0389078 0.759556
0.00604129 9.99369E-05 9.99369E-05 9.99369E-05 0.032826 9.99369E-05 0.138865 9.99369E-05 0.0429811 9.99369E-05 9.99369E-05 0.231511 0.547076
9.99459E-05 0.0179725 9.99459E-05 9.99459E-05 9.99459E-05 9.99459E-05 9.99459E-05 0.0128696 0.274668 0.0522652 0.061751 0.0712745 0.508599
9.99459E-05 9.99459E-05 0.155795 9.99459E-05 9.99459E-05 9.99459E-05 0.0164756 0.0272051 9.99459E-05 0.0195897 0.0764357 0.371177 0.332722
0.166231 9.99278E-05 9.99278E-05 0.247053 9.99278E-05 0.0537463 0.0618063 9.99278E-05 9.99278E-05 9.99278E-05 9.99278E-05 9.99278E-05 0.470364
9.99188E-05 9.99188E-05 0.00468921 0.0676528 9.99188E-05 0.552022 9.99188E-05 9.99188E-05 9.99188E-05 9.99188E-05 9.99188E-05 9.99188E-05 0.374737
9.99369E-05 9.99369E-05 9.99369E-05 9.99369E-05 0.0840341 9.99369E-05 9.99369E-05 0.129664 0.0865304 0.0794941 0.0394088 9.99369E-05 0.580169
9.99279E-05 9.99279E-05 0.127437 9.99279E-05 9.99279E-05 0.00689212 9.99279E-05 9.99279E-05 9.99279E-05 9.99279E-05 0.063665 0.0587472 0.74246
0.0434507 0.0116716 9.99369E-05 9.99369E-05 9.99369E-05 9.99369E-05 0.00961648 9.99369E-05 0.372215 0.0375044 9.99369E-05 9.99369E-05 0.524842
9.99189E-05 9.99189E-05 9.99189E-05 0.0325526 9.99189E-05 0.221403 9.99189E-05 9.99189E-05 0.245539 9.99189E-05 9.99189E-05 9.99189E-05 0.499606
0.383744 0.0934522 9.99279E-05 9.99279E-05 9.99279E-05 9.99279E-05 0.0683693 9.99279E-05 0.233904 9.99279E-05 9.99279E-05 0.219732 9.99279E-05
9.99098E-05 0.603528 0.256787 9.99098E-05 9.99098E-05 9.99098E-05 9.99098E-05 0.138685 9.99098E-05 9.99098E-05 9.99098E-05 9.99098E-05 9.99098E-05
0.0939973 0.0505045 9.99369E-05 0.0209406 9.99369E-05 0.540366 9.99369E-05 9.99369E-05 9.99369E-05 9.99369E-05 0.0131014 0.280391 9.99369E-05
9.99279E-05 0.081171 9.99279E-05 9.99279E-05 9.99279E-05 9.99279E-05 9.99279E-05 9.99279E-05 0.0257478 0.00883758 0.16568 0.717765 9.99279E-05
9.99097E-05 0.572686 0.00850603 9.99097E-05 9.99097E-05 9.99097E-05 9.99097E-05 9.99097E-05 9.99097E-05 9.99097E-05 0.417809 9.99097E-05 9.99097E-05
9.99278E-05 0.0603926 9.99278E-05 0.274407 9.99278E-05 0.130478 0.321588 9.99278E-05 9.99278E-05 9.99278E-05 9.99278E-05 0.212336 9.99278E-05
9.99098E-05 0.828527 9.99098E-05 9.99098E-05 9.99098E-05 9.99098E-05 0.150788 9.99098E-05 0.0196861 9.99098E-05 9.99098E-05 9.99098E-05 9.99098E-05
0.0956628 0.058858 0.0309086 9.99369E-05 0.0960428 9.99369E-05 9.99369E-05 9.99369E-05 0.137929 9.99369E-05 9.99369E-05 0.579899 9.99369E-05
9.99189E-05 0.730469 9.99189E-05 0.0282217 9.99189E-05 0.184733 9.99189E-05 0.055677 9.99189E-05 9.99189E-05 9.99189E-05 9.99189E-05 9.99189E-05
9.99189E-05 0.31224 0.454665 9.99189E-05 9.99189E-05 9.99189E-05 9.99189E-05 9.99189E-05 9.99189E-05 9.99189E-05 0.129793 0.102402 9.99189E-05
0.201833 0.16752 9.99639E-05 0.0925817 0.00137146 0.0209737 0.23827 0.00425318 0.214476 9.99639E-05 9.99639E-05 0.0583212 9.99639E-05
0.00458299 0.61021 9.99189E-05 0.00644119 9.99189E-05 0.377867 9.99189E-05 9.99189E-05 9.99189E-05 9.99189E-05 9.99189E-05 9.99189E-05 9.99189E-05
9.99098E-05 0.506163 0.137339 9.99098E-05 9.99098E-05 9.99098E-05 9.99098E-05 9.99098E-05 9.99098E-05 9.99098E-05 0.355498 9.99098E-05 9.99098E-05
0.266323 9.99369E-05 9.99369E-05 0.310464 9.99369E-05 0.0696622 0.206843 9.99369E-05 0.0295877 9.99369E-05 9.99369E-05 0.116421 9.99369E-05
9.99099E-05 0.571804 9.99099E-05 0.323965 9.99099E-05 0.103233 9.99099E-05 9.99099E-05 9.99099E-05 9.99099E-05 9.99099E-05 9.99099E-05 9.99099E-05
9.99278E-05 9.99278E-05 0.0125524 0.310536 9.99278E-05 0.253341 0.128309 9.99278E-05 9.99278E-05 9.99278E-05 9.99278E-05 0.294463 9.99278E-05
9.99098E-05 0.50334 0.0267463 9.99098E-05 9.99098E-05 9.99098E-05 9.99098E-05 9.99098E-05 9.99098E-05 9.99098E-05 0.468915 9.99098E-05 9.99098E-05
0.0944454 0.387487 9.99368E-05 0.17143 9.99368E-05 0.28622 0.014244 9.99368E-05 9.99368E-05 9.99368E-05 9.99368E-05 0.0454749 9.99368E-05
0.341192 9.99278E-05 9.99278E-05 0.0562599 9.99278E-05 9.99278E-05 0.249782 9.99278E-05 0.198245 9.99278E-05 9.99278E-05 0.153723 9.99278E-05
0.0887243 0.167722 0.0223635 9.99278E-05 9.99278E-05 9.99278E-05 9.99278E-05 9.99278E-05 9.99278E-05 0.0119031 9.99278E-05 0.708488 9.99278E-05
0.158216 9.99461E-05 9.99461E-05 9.99461E-05 9.99461E-05 0.368004 9.99461E-05 9.99461E-05 0.00306293 0.0501997 0.14643 0.243558 0.0299306
0.0238597 0.154237 9.99459E-05 0.00533732 9.99459E-05 0.355521 9.99459E-05 9.99459E-05 0.0954439 0.029221 9.99459E-05 0.335781 9.99459E-05
9.99188E-05 0.521997 0.0718697 9.99188E-05 9.99188E-05 9.99188E-05 9.99188E-05 9.99188E-05 9.99188E-05 9.99188E-05 0.334115 0.0711186 9.99188E-05
9.99639E-05 0.00711726 0.0909577 0.240498 0.0387772 9.99639E-05 0.174949 0.223991 9.99639E-05 0.0350066 9.99639E-05 0.182285 0.00601821
0.0521746 0.681928 9.99105E-05 9.99105E-05 9.99105E-05 9.99105E-05 9.99105E-05 9.99105E-05 9.99105E-05 9.99105E-05 9.99105E-05 0.264899 9.99105E-05
9.99459E-05 0.0750389 9.99459E-05 9.99459E-05 0.043852 9.99459E-05 9.99459E-05 0.0492014 9.99459E-05 0.0485478 0.260949 0.298289 0.223522
0.0766301 0.118908 9.99639E-05 0.0934806 0.0477484 0.183382 0.160332 0.148491 9.99639E-05 9.99639E-05 9.99639E-05 0.0514124 0.119216
9.99098E-05 9.99098E-05 9.99098E-05 9.99098E-05 0.0183249 9.99098E-05 9.99098E-05 0.283065 0.697611 9.99098E-05 9.99098E-05 9.99098E-05 9.99098E-05
9.9928E-05 0.00353824 0.0895104 0.0967889 9.9928E-05 9.9928E-05 9.9928E-05 9.9928E-05 9.9928E-05 0.0573856 0.751977 9.9928E-05 9.9928E-05
9.99639E-05 0.123736 0.071204 0.0560718 0.00782158 9.99639E-05 9.99639E-05 0.246716 9.99639E-05 0.0323136 0.0619419 0.232417 0.167378
9.99368E-05 9.99368E-05 0.116156 9.99368E-05 9.99368E-05 9.99368E-05 0.0548769 0.288412 9.99368E-05 9.99368E-05 0.198215 0.222109 0.119532
9.99369E-05 0.176513 9.99369E-05 9.99369E-05 9.99369E-05 9.99369E-05 0.430743 9.99369E-05 0.222712 0.026384 0.102534 0.0404147 9.99369E-05
9.99278E-05 0.000485147 0.0824342 9.99278E-05 9.99278E-05 9.99278E-05 9.99278E-05 0.0394761 9.99278E-05 9.99278E-05 0.51744 0.359365 9.99278E-05
9.99278E-05 9.99278E-05 9.99278E-05 0.286917 9.99278E-05 0.289276 0.189856 9.99278E-05 0.0277558 9.99278E-05 9.99278E-05 0.205396 9.99278E-05
9.99098E-05 9.99098E-05 9.99098E-05 9.99098E-05 9.99098E-05 9.99098E-05 9.99098E-05 0.165091 9.99098E-05 9.99098E-05 0.451277 0.382632 9.99098E-05
0.0097247 0.13288 9.99369E-05 9.99369E-05 9.99369E-05 0.406569 9.99369E-05 0.324053 0.0265873 9.99369E-05 0.0994856 9.99369E-05 9.99369E-05
9.99459E-05 0.0484848 0.072169 0.184796 9.99459E-05 0.346349 9.99459E-05 0.0702431 0.27607 9.99459E-05 9.99459E-05 9.99459E-05 0.00128824
9.9946E-05 0.0115975 9.9946E-05 9.9946E-05 0.0886839 9.9946E-05 9.9946E-05 0.23822 0.355713 0.0296535 9.9946E-05 0.213265 0.0622677
9.99459E-05 9.99459E-05 0.0435471 0.0899724 0.0452535 9.99459E-05 9.99459E-05 0.031849 0.251462 9.99459E-05 9.99459E-05 0.459812 0.0775046
9.99459E-05 9.99459E-05 9.99459E-05 0.0693215 9.99459E-05 9.99459E-05 9.99459E-05 0.255291 0.332438 0.0409029 0.0290327 0.173648 0.0987661
9.99459E-05 0.0321599 9.99459E-05 9.99459E-05 9.99459E-05 0.384008 0.0274818 9.99459E-05 0.132315 9.99459E-05 0.0604288 0.263745 0.0992614
9.99369E-05 9.99369E-05 0.10258 0.0411805 9.99369E-05 9.99369E-05 9.99369E-05 9.99369E-05 0.100741 9.99369E-05 0.669475 0.0787372 0.00658613
9.99099E-05 0.125596 9.99099E-05 9.99099E-05 9.99099E-05 9.99099E-05 9.99099E-05 0.245941 9.99099E-05 9.99099E-05 0.627464 9.99099E-05 9.99099E-05
9.99189E-05 9.99189E-05 0.408431 9.99189E-05 0.00675057 9.99189E-05 9.99189E-05 0.397167 9.99189E-05 9.99189E-05 9.99189E-05 0.186752 9.99189E-05
9.99098E-05 9.99098E-05 9.99098E-05 9.99098E-05 0.00675447 9.99098E-05 9.99098E-05 0.443781 9.99098E-05 9.99098E-05 0.548465 9.99098E-05 9.99098E-05
9.99099E-05 9.99099E-05 9.99099E-05 0.130989 9.99099E-05 9.99099E-05 0.0302005 9.99099E-05 9.99099E-05 9.99099E-05 0.837811 9.99099E-05 9.99099E-05
0.00259794 0.0830413 0.435873 9.99369E-05 0.0619499 9.99369E-05 9.99369E-05 0.384129 9.99369E-05 9.99369E-05 9.99369E-05 9.99369E-05 0.0317093
9.99368E-05 0.0877482 0.106968 9.99368E-05 9.99368E-05 9.99368E-05 0.0530825 0.00214883 9.99368E-05 9.99368E-05 0.167211 0.582142 9.99368E-05
0.598174 9.9928E-05 9.9928E-05 0.314999 9.9928E-05 9.9928E-05 9.9928E-05 0.00216695 9.9928E-05 0.0362302 0.0476309 9.9928E-05 9.9928E-05
9.99279E-05 9.99279E-05 0.054204 0.858853 9.99279E-05 9.99279E-05 9.99279E-05 9.99279E-05 9.99279E-05 0.0195702 9.99279E-05 0.0432872 0.0232861
0.109982 9.99369E-05 0.323954 0.102217 9.99369E-05 9.99369E-05 9.99369E-05 0.0370055 9.99369E-05 0.0274163 9.99369E-05 0.398725 9.99369E-05
9.99188E-05 9.99188E-05 0.0589283 0.690378 9.99188E-05 9.99188E-05 0.196256 9.99188E-05 9.99188E-05 9.99188E-05 9.99188E-05 0.0535383 9.99188E-05
0.14973 9.99189E-05 9.99189E-05 0.80018 9.99189E-05 9.99189E-05 9.99189E-05 9.99189E-05 9.99189E-05 9.99189E-05 0.0270013 9.99189E-05 0.0221898
9.99369E-05 9.99369E-05 0.0927646 0.415973 9.99369E-05 0.397173 9.99369E-05 9.99369E-05 9.99369E-05 0.0594741 9.99369E-05 0.0229694 0.0109465
0.00217597 9.99369E-05 0.0428507 0.738351 9.99369E-05 0.123509 9.99369E-05 9.99369E-05 9.99369E-05 9.99369E-05 9.99369E-05 0.0471695 0.0452441
9.9919E-05 9.9919E-05 0.615892 0.191709 9.9919E-05 9.9919E-05 9.9919E-05 9.9919E-05 9.9919E-05 0.0247381 9.9919E-05 0.166761 9.9919E-05
9.991E-05 0.216161 0.463358 9.991E-05 9.991E-05 9.991E-05 9.991E-05 9.991E-05 9.991E-05 9.991E-05 0.319482 9.991E-05 9.991E-05
0.513736 9.99456E-05 9.99456E-05 0.045802 0.0252008 9.99456E-05 9.99456E-05 0.00970262 9.99456E-05 9.99456E-05 9.99456E-05 0.30629 0.0985681
9.99099E-05 9.99099E-05 0.794303 0.1129 9.99099E-05 9.99099E-05 9.99099E-05 9.99099E-05 9.99099E-05 9.99099E-05 9.99099E-05 9.99099E-05 0.0917979
9.994E-05 9.994E-05 0.340427 0.109698 0.065994 9.994E-05 9.994E-05 0.028851 9.994E-05 0.0815303 9.994E-05 0.358689 0.0142113
0.183665 9.99369E-05 0.12036 0.169291 9.99369E-05 9.99369E-05 0.0310932 9.99369E-05 9.99369E-05 9.99369E-05 9.99369E-05 0.457288 0.0376028
9.99369E-05 0.0400177 0.552856 9.99369E-05 9.99369E-05 9.99369E-05 9.99369E-05 0.0918267 9.99369E-05 9.99369E-05 0.0324868 0.262681 0.0194323
0.273653 9.99369E-05 0.390193 9.99369E-05 9.99369E-05 9.99369E-05 9.99369E-05 0.0231525 9.99369E-05 9.99369E-05 0.0424782 0.17912 0.0907045
0.0961115 9.99369E-05 9.99369E-05 0.314591 0.0296894 9.99369E-05 9.99369E-05 0.408377 9.99369E-05 0.0855124 9.99369E-05 0.0650194 9.99369E-05
0.124492 9.994E-05 0.35917 9.994E-05 0.0370733 9.994E-05 0.142187 0.053521 9.994E-05 0.0138463 9.994E-05 0.269111 9.994E-05
0.329576 9.99188E-05 0.348563 9.99188E-05 9.99188E-05 9.99188E-05 9.99188E-05 9.99188E-05 9.99188E-05 9.99188E-05 9.99188E-05 0.175059 0.145903
0.282247 9.99189E-05 9.99189E-05 0.131868 9.99189E-05 9.99189E-05 0.487521 9.99189E-05 9.99189E-05 9.99189E-05 9.99189E-05 0.0974651 9.99189E-05
0.407059 9.9946E-05 9.9946E-05 0.0989136 9.9946E-05 9.9946E-05 0.0525414 0.0320845 0.00541091 9.9946E-05 9.9946E-05 0.384303 0.0190877
0.0294718 9.9955E-05 0.780879 9.9955E-05 0.0113117 9.9955E-05 0.0658861 0.000142277 0.0481222 9.9955E-05 0.0504051 0.0132816 9.9955E-05
0.0788369 9.99369E-05 0.33411 9.99369E-05 0.0020441 0.013094 9.99369E-05 9.99369E-05 9.99369E-05 9.99369E-05 9.99369E-05 0.494502 0.0767135
9.99369E-05 0.0303182 0.60444 9.99369E-05 9.99369E-05 9.99369E-05 0.00194664 0.124709 9.99369E-05 9.99369E-05 0.207934 0.0299526 9.99369E-05
0.272428 9.99188E-05 9.99188E-05 0.428033 9.99188E-05 9.99188E-05 9.99188E-05 9.99188E-05 0.0782661 9.99188E-05 9.99188E-05 0.220374 9.99188E-05
0.307022 9.9937E-05 9.9937E-05 9.9937E-05 0.00304581 9.9937E-05 0.0381475 0.0385827 9.9937E-05 0.0310117 9.9937E-05 0.58149 9.9937E-05
9.99369E-05 0.102423 0.675865 9.99369E-05 9.99369E-05 9.99369E-05 9.99369E-05 0.0450959 9.99369E-05 9.99369E-05 0.068019 0.0779875 0.0299105
0.227057 0.0780752 9.9955E-05 0.380128 9.9955E-05 0.0293898 9.9955E-05 0.241532 0.0314731 9.9955E-05 9.9955E-05 9.9955E-05 0.0117455
9.99189E-05 0.113956 9.99189E-05 0.0577996 9.99189E-05 9.99189E-05 0.431391 0.395954 9.99189E-05 9.99189E-05 9.99189E-05 9.99189E-05 9.99189E-05
9.99459E-05 9.99459E-05 0.10053 9.99459E-05 0.0518287 9.99459E-05 9.99459E-05 0.122562 9.99459E-05 0.0636003 0.307139 0.303723 0.050017
9.99188E-05 0.149718 9.99188E-05 9.99188E-05 9.99188E-05 9.99188E-05 9.99188E-05 0.665604 9.99188E-05 9.99188E-05 0.107031 9.99188E-05 0.0767479
0.0770418 0.0808268 0.015694 0.280789 9.9946E-05 9.9946E-05 0.334258 0.134171 9.9946E-05 0.0766194 9.9946E-05 9.9946E-05 9.9946E-05
0.0119119 0.165672 9.99279E-05 0.537475 9.99279E-05 0.0529749 9.99279E-05 0.231167 9.99279E-05 9.99279E-05 9.99279E-05 9.99279E-05 9.99279E-05
0.106359 0.17421 9.994E-05 0.44841 0.0509494 0.0304774 0.0603054 0.12869 9.994E-05 9.994E-05 9.994E-05 9.994E-05 9.994E-05
9.99099E-05 0.028733 9.99099E-05 9.99099E-05 9.99099E-05 9.99099E-05 9.99099E-05 0.330076 9.99099E-05 9.99099E-05 0.640192 9.99099E-05 9.99099E-05
9.99189E-05 0.0419962 0.189622 9.99189E-05 9.99189E-05 9.99189E-05 9.99189E-05 0.521639 9.99189E-05 9.99189E-05 9.99189E-05 0.245844 9.99189E-05
0.0392817 9.99549E-05 9.99549E-05 0.0681669 0.00177982 9.99549E-05 0.0929798 0.335117 0.143839 9.99549E-05 9.99549E-05 0.0121661 0.306169
9.99369E-05 0.197545 9.99369E-05 0.509223 9.99369E-05 9.99369E-05 0.127433 0.120658 0.0413137 9.99369E-05 9.99369E-05 9.99369E-05 0.00312797
9.99369E-05 0.023859 0.00260141 9.99369E-05 9.99369E-05 9.99369E-05 9.99369E-05 0.328553 9.99369E-05 9.99369E-05 0.523253 0.0444706 0.0765634
0.0114933 0.134898 0.051707 0.0653961 0.00668024 9.9955E-05 9.9955E-05 0.12862 9.9955E-05 0.0466301 9.9955E-05 0.554076 9.9955E-05
9.99459E-05 0.0894068 0.244836 0.133643 0.0127792 9.99459E-05 9.99459E-05 0.257777 9.99459E-05 0.00206073 9.99459E-05 0.258897 9.99459E-05
9.99278E-05 0.164973 9.99278E-05 9.99278E-05 9.99278E-05 9.99278E-05 9.99278E-05 0.223392 0.434769 9.99278E-05 9.99278E-05 0.0670966 0.108969
9.99189E-05 9.99189E-05 0.30061 9.99189E-05 9.99189E-05 9.99189E-05 9.99189E-05 9.99189E-05 0.0686488 9.99189E-05 9.99189E-05 0.432935 0.196906
0.270515 9.996E-05 0.0344968 0.113775 0.0189734 9.996E-05 0.15635 0.0372149 0.0752682 9.996E-05 9.996E-05 0.266872 0.0261353
0.0117317 9.99368E-05 9.99368E-05 0.0988289 9.99368E-05 9.99368E-05 0.068579 0.275525 0.141463 9.99368E-05 9.99368E-05 0.403173 9.99368E-05
9.9937E-05 0.232991 9.9937E-05 0.45877 9.9937E-05 0.0692616 0.172757 0.0343376 9.9937E-05 0.0311832 9.9937E-05 9.9937E-05 9.9937E-05
9.99278E-05 0.160448 0.364479 9.99278E-05 0.117872 9.99278E-05 9.99278E-05 0.353182 9.99278E-05 0.00322044 9.99278E-05 9.99278E-05 9.99278E-05
0.248012 9.99188E-05 9.99188E-05 0.362136 9.99188E-05 9.99188E-05 0.042127 0.346826 9.99188E-05 9.99188E-05 9.99188E-05 9.99188E-05 9.99188E-05
0.147667 9.99188E-05 9.99188E-05 0.174273 9.99188E-05 0.368573 9.99188E-05 0.308588 9.99188E-05 9.99188E-05 9.99188E-05 9.99188E-05 9.99188E-05
9.99279E-05 0.187111 0.646804 9.99279E-05 9.99279E-05 9.99279E-05 9.99279E-05 0.0728832 9.99279E-05 9.99279E-05 0.0693797 0.0230219 9.99279E-05
0.0935926 0.0579541 0.17811 9.99279E-05 9.99279E-05 9.99279E-05 0.188165 9.99279E-05 9.99279E-05 9.99279E-05 9.99279E-05 0.481379 9.99279E-05
0.0267561 9.99279E-05 0.405751 9.99279E-05 0.0377554 9.99279E-05 9.99279E-05 0.268281 9.99279E-05 9.99279E-05 9.99279E-05 0.260657 9.99279E-05
0.547871 9.9937E-05 9.9937E-05 0.331022 9.9937E-05 9.9937E-05 0.0296347 0.0580842 9.9937E-05 0.025831 0.00685758 9.9937E-05 9.9937E-05
0.280801 9.9973E-05 0.0358612 9.9973E-05 0.146653 0.333454 0.0118862 0.0413398 9.9973E-05 0.0754291 0.0205847 0.0314187 0.0222728
0.481663 9.99369E-05 9.99369E-05 0.239098 0.0566048 9.99369E-05 0.0249374 0.0597778 9.99369E-05 9.99369E-05 9.99369E-05 0.13722 9.99369E-05
9.99189E-05 0.00506406 0.70085 9.99189E-05 9.99189E-05 9.99189E-05 9.99189E-05 0.284211 9.99189E-05 9.99189E-05 0.00897612 9.99189E-05 9.99189E-05
0.595083 0.061324 9.99189E-05 0.106425 9.99189E-05 9.99189E-05 9.99189E-05 9.99189E-05 9.99189E-05 9.99189E-05 9.99189E-05 0.236268 9.99189E-05
0.770063 0.0294494 0.0189508 0.0254562 9.99549E-05 9.99549E-05 0.0108454 0.0774377 9.99549E-05 0.0157071 9.99549E-05 9.99549E-05 0.0515909
0.584285 9.9946E-05 0.00424322 0.134805 9.9946E-05 9.9946E-05 0.188226 0.0410698 9.9946E-05 9.9946E-05 0.0164873 9.9946E-05 0.0302838
0.0324959 9.99189E-05 0.815102 9.99189E-05 9.99189E-05 9.99189E-05 9.99189E-05 9.99189E-05 0.0881214 9.99189E-05 9.99189E-05 9.99189E-05 0.0633811
0.172079 9.99369E-05 0.210499 0.105101 9.99369E-05 9.99369E-05 9.99369E-05 0.133348 9.99369E-05 9.99369E-05 9.99369E-05 0.347926 0.0303474
0.185437 0.036347 0.0773688 0.258537 9.9964E-05 0.0427209 0.332737 9.9964E-05 9.9964E-05 0.0208405 0.00686209 0.0387505 9.9964E-05
0.264182 0.124795 0.320962 9.9955E-05 0.0296515 9.9955E-05 9.9955E-05 0.0849828 9.9955E-05 9.9955E-05 0.0976377 0.0566685 0.0206198
0.785106 9.99279E-05 9.99279E-05 0.0911535 9.99279E-05 9.99279E-05 0.00510719 9.99279E-05 0.0897046 9.99279E-05 0.0281289 9.99279E-05 9.99279E-05
0.0170414 9.9937E-05 0.11529 9.9937E-05 9.9937E-05 0.381789 9.9937E-05 9.9937E-05 0.151831 9.9937E-05 0.0960278 0.237321 9.9937E-05
0.534456 0.110546 0.264538 9.99279E-05 9.99279E-05 9.99279E-05 9.99279E-05 0.0219764 9.99279E-05 9.99279E-05 9.99279E-05 9.99279E-05 0.0676843
9.9919E-05 0.104608 0.818349 0.00254873 9.9919E-05 9.9919E-05 9.9919E-05 9.9919E-05 9.9919E-05 9.9919E-05 0.0735953 9.9919E-05 9.9919E-05
0.180416 0.0335917 9.995E-05 0.0975469 0.0188425 9.995E-05 9.995E-05 0.13315 9.995E-05 0.0232029 9.995E-05 0.50055 0.0122006
9.99548E-05 0.026223 0.121211 9.99548E-05 9.99548E-05 9.99548E-05 9.99548E-05 0.189618 0.24207 0.0202026 0.0891899 0.221512 0.0894731
9.99459E-05 0.0246153 9.99459E-05 0.0111047 9.99459E-05 9.99459E-05 9.99459E-05 0.0425 0.0312624 9.99459E-05 0.644709 0.188369 0.0568391
0.0304469 0.0136341 0.0622046 0.00408687 0.0530011 9.99639E-05 9.99639E-05 0.0893342 0.0546318 9.99639E-05 9.99639E-05 0.645337 0.0469232
9.99188E-05 9.99188E-05 0.196511 9.99188E-05 9.99188E-05 9.99188E-05 9.99188E-05 0.113167 9.99188E-05 9.99188E-05 9.99188E-05 0.0530455 0.636377
9.99549E-05 0.057177 0.120319 0.124015 9.99549E-05 9.99549E-05 0.0563281 0.176145 9.99549E-05 9.99549E-05 0.0257359 0.409236 0.0305444
9.99369E-05 0.0647352 9.99369E-05 0.464896 9.99369E-05 0.0933758 0.0106899 9.99369E-05 0.135472 9.99369E-05 9.99369E-05 0.230132 9.99369E-05
9.99279E-05 0.129873 9.99279E-05 9.99279E-05 9.99279E-05 9.99279E-05 9.99279E-05 0.307587 9.99279E-05 0.00315182 0.544382 0.0142071 9.99279E-05
0.00534219 9.99279E-05 9.99279E-05 0.00907717 9.99279E-05 0.550166 9.99279E-05 0.43067 0.00394552 9.99279E-05 9.99279E-05 9.99279E-05 9.99279E-05
0.222942 9.99369E-05 9.99369E-05 0.219955 9.99369E-05 0.00209974 0.0316856 9.99369E-05 9.99369E-05 9.99369E-05 9.99369E-05 0.115984 0.406634
9.99369E-05 9.99369E-05 9.99369E-05 9.99369E-05 9.99369E-05 0.0280317 0.603453 9.99369E-05 0.237192 9.99369E-05 0.0721847 0.0502993 0.0081402
0.0366174 9.99279E-05 9.99279E-05 9.99279E-05 9.99279E-05 9.99279E-05 9.99279E-05 9.99279E-05 0.077494 9.99279E-05 0.61958 0.130453 0.135056
9.994E-05 0.000593261 0.299673 9.994E-05 9.994E-05 9.994E-05 9.994E-05 0.0860399 0.0230639 9.994E-05 0.498757 0.0301812 0.0610912
0.0198896 0.052813 0.0688155 0.224272 9.99549E-05 0.255992 0.130558 0.184194 0.0629653 9.99549E-05 9.99549E-05 9.99549E-05 9.99549E-05
9.9937E-05 9.9937E-05 0.0584214 9.9937E-05 0.0734503 9.9937E-05 0.105745 0.06187 9.9937E-05 9.9937E-05 9.9937E-05 0.664707 0.0351065
9.99639E-05 9.99639E-05 0.0396439 0.00491967 0.00755405 9.99639E-05 9.99639E-05 0.096205 0.282062 0.00360686 0.000102339 0.411361 0.154145
9.99279E-05 9.99279E-05 0.327191 0.0298055 9.99279E-05 9.99279E-05 9.99279E-05 9.99279E-05 0.0265338 9.99279E-05 0.517533 9.99279E-05 0.0981367
9.99459E-05 0.0470542 9.99459E-05 9.99459E-05 9.99459E-05 9.99459E-05 9.99459E-05 0.0082082 0.561164 0.00127073 0.119927 0.239372 0.0224037
9.99729E-05 0.158151 9.99729E-05 0.155769 9.99729E-05 0.189967 0.00910725 0.0403248 0.167291 0.056243 0.0368616 0.169794 0.0161908
9.99279E-05 9.99279E-05 0.0167502 0.549489 9.99279E-05 9.99279E-05 0.282609 9.99279E-05 0.0633591 9.99279E-05 9.99279E-05 0.0869933 9.99279E-05
0.141034 9.99188E-05 9.99188E-05 9.99188E-05 9.99188E-05 9.99188E-05 0.437915 9.99188E-05 0.240519 9.99188E-05 9.99188E-05 0.179634 9.99188E-05
9.99278E-05 9.99278E-05 0.0952313 9.99278E-05 9.99278E-05 0.245959 9.99278E-05 9.99278E-05 0.495249 9.99278E-05 9.99278E-05 0.130092 0.0326698
0.151976 9.99189E-05 0.773206 9.99189E-05 9.99189E-05 9.99189E-05 9.99189E-05 9.99189E-05 9.99189E-05 0.016003 9.99189E-05 9.99189E-05 0.057916
0.527337 9.99369E-05 0.0698444 0.313362 9.99369E-05 9.99369E-05 9.99369E-05 0.0376301 0.00299345 9.99369E-05 9.99369E-05 9.99369E-05 0.0481333
0.143641 9.9919E-05 0.569505 9.9919E-05 9.9919E-05 9.9919E-05 9.9919E-05 9.9919E-05 9.9919E-05 9.9919E-05 9.9919E-05 0.137055 0.148899
0.179587 0.0193795 0.171929 9.99369E-05 9.99369E-05 9.99369E-05 9.99369E-05 0.0100864 9.99369E-05 9.99369E-05 9.99369E-05 0.350766 0.267552
0.60888 9.99279E-05 9.99279E-05 0.141213 9.99279E-05 9.99279E-05 9.99279E-05 0.0686819 9.99279E-05 0.00746841 9.99279E-05 0.172958 9.99279E-05
0.00188002 0.0213539 0.890765 9.9928E-05 9.9928E-05 9.9928E-05 9.9928E-05 9.9928E-05 0.0650064 9.9928E-05 0.0201956 9.9928E-05 9.9928E-05
9.99368E-05 9.99368E-05 9.99368E-05 9.99368E-05 9.99368E-05 9.99368E-05 0.0458858 0.0441833 0.149505 9.99368E-05 0.401865 0.167174 0.190687
9.99369E-05 0.0261508 0.325742 9.99369E-05 9.99369E-05 9.99369E-05 9.99369E-05 0.122804 9.99369E-05 9.99369E-05 0.0455929 0.438062 0.0409487
9.99369E-05 0.0045789 9.99369E-05 9.99369E-05 9.99369E-05 9.99369E-05 0.442938 0.0616383 0.454102 0.0167704 0.0192725 9.99369E-05 9.99369E-05
9.99459E-05 9.99459E-05 9.99459E-05 9.99459E-05 9.99459E-05 9.99459E-05 0.22885 0.407194 0.10234 0.0162732 0.0420251 0.171161 0.0315568
0.0573922 0.0506714 0.0195104 9.99459E-05 9.99459E-05 9.99459E-05 0.48318 0.181161 9.99459E-05 0.0175776 9.99459E-05 0.189908 9.99459E-05
9.99188E-05 9.99188E-05 0.188681 9.99188E-05 9.99188E-05 9.99188E-05 0.293832 9.99188E-05 9.99188E-05 9.99188E-05 0.490319 0.0262683 9.99188E-05
9.99369E-05 9.99369E-05 0.00830893 0.0520526 9.99369E-05 0.564552 0.23563 0.0577904 9.99369E-05 9.99369E-05 9.99369E-05 0.0809672 9.99369E-05
9.99639E-05 0.0120894 0.0195364 9.99639E-05 0.165927 9.99639E-05 0.0779293 0.0115556 9.99639E-05 0.0445829 0.129448 0.383951 0.15458
9.99549E-05 0.014396 0.00397877 0.194597 0.0281545 0.0497293 0.512508 0.0533745 9.99549E-05 9.99549E-05 9.99549E-05 9.99549E-05 0.142763
0.100743 9.99369E-05 9.99369E-05 9.99369E-05 9.99369E-05 0.422715 0.394165 0.0065727 9.99369E-05 9.99369E-05 9.99369E-05 0.063755 0.0113494
9.99279E-05 0.014373 9.99279E-05 0.00700469 9.99279E-05 9.99279E-05 0.867632 9.99279E-05 9.99279E-05 9.99279E-05 9.99279E-05 0.0825713 0.0276193
9.99459E-05 9.99459E-05 9.99459E-05 0.228258 0.0109375 9.99459E-05 0.622289 0.0939663 9.99459E-05 0.00996728 9.99459E-05 0.0304269 0.00355502
9.99279E-05 9.99279E-05 0.00869084 9.99279E-05 0.068704 9.99279E-05 0.874663 9.99279E-05 9.99279E-05 0.00361022 0.0435329 9.99279E-05 9.99279E-05
9.99549E-05 9.99549E-05 0.0378937 9.99549E-05 0.058224 9.99549E-05 0.186311 0.0373311 9.99549E-05 0.0458642 0.000347168 0.502621 0.130908
9.99279E-05 9.99279E-05 0.42256 9.99279E-05 0.0357813 9.99279E-05 9.99279E-05 0.251118 9.99279E-05 9.99279E-05 9.99279E-05 0.187431 0.10231
0.0356186 9.99369E-05 0.0189066 0.0332347 9.99369E-05 0.565791 0.0574061 0.288344 9.99369E-05 9.99369E-05 9.99369E-05 9.99369E-05 9.99369E-05
9.99189E-05 9.99189E-05 9.99189E-05 9.99189E-05 9.99189E-05 9.99189E-05 0.42461 0.0120131 0.427555 9.99189E-05 0.134923 9.99189E-05 9.99189E-05
9.99549E-05 9.99549E-05 9.99549E-05 9.99549E-05 0.0399311 0.0781708 9.99549E-05 0.306781 0.00429302 0.0352657 0.194305 0.205471 0.135282
9.99279E-05 0.0299427 9.99279E-05 9.99279E-05 9.99279E-05 9.99279E-05 0.0161016 0.134261 9.99279E-05 0.0303109 0.788585 9.99279E-05 9.99279E-05
9.9928E-05 9.9928E-05 0.751775 9.9928E-05 9.9928E-05 9.9928E-05 0.0544301 0.00565531 9.9928E-05 9.9928E-05 0.102597 0.0847427 9.9928E-05
0.027842 9.99369E-05 0.0829624 9.99369E-05 9.99369E-05 9.99369E-05 0.0262089 0.152263 9.99369E-05 9.99369E-05 0.702854 0.00716982 9.99369E-05
