9.9964E-05 0.297503 0.00503181 9.9964E-05 0.0210498 0.434864 0.117967 0.123184 9.9964E-05 9.9964E-05
9.99639E-05 0.35164 0.222074 9.99639E-05 9.99639E-05 0.349981 0.00172351 0.0557919 9.99639E-05 0.01839
0.0139689 0.791747 9.99639E-05 9.99639E-05 0.0205872 9.99639E-05 0.0324301 9.99639E-05 0.0952569 0.0456096
0.211771 0.0231287 0.254701 9.9982E-05 0.0983047 0.316469 0.0295909 0.0486016 0.0172329 9.9982E-05
0.13997 9.99639E-05 0.131269 9.99639E-05 0.0656147 0.368134 9.99639E-05 0.190459 9.99639E-05 0.104154
9.99639E-05 0.394019 9.99639E-05 0.0160735 0.38636 0.0679873 9.99639E-05 0.0969136 9.99639E-05 0.0382463
0.00700641 0.79704 0.0191378 0.0159515 9.99549E-05 9.99549E-05 9.99549E-05 9.99549E-05 0.160364 9.99549E-05
9.9946E-05 0.487313 9.9946E-05 0.0922629 0.228656 0.191169 9.9946E-05 9.9946E-05 9.9946E-05 9.9946E-05
0.128117 0.227751 0.160741 9.9973E-05 0.143292 0.292536 0.00110211 9.9973E-05 9.9973E-05 0.0461601
9.99459E-05 0.175684 9.99459E-05 9.99459E-05 0.347645 9.99459E-05 0.0678364 9.99459E-05 0.408235 9.99459E-05
0.0212376 0.086252 0.523788 9.9982E-05 0.115846 0.199666 0.00463355 0.0429458 9.9982E-05 0.00543061
0.112471 9.99459E-05 0.201054 9.99459E-05 0.234178 0.451697 9.99459E-05 9.99459E-05 9.99459E-05 9.99459E-05
0.253694 0.236346 0.141725 9.9982E-05 0.00978282 9.9982E-05 0.0153744 0.236632 0.0454667 0.0607785
9.9937E-05 0.740973 9.9937E-05 9.9937E-05 0.246671 9.9937E-05 0.0116567 9.9937E-05 9.9937E-05 9.9937E-05
9.99369E-05 9.99369E-05 0.512572 9.99369E-05 0.0620062 0.424722 9.99369E-05 9.99369E-05 9.99369E-05 9.99369E-05
0.00252158 0.450069 9.9973E-05 0.041573 0.0464246 9.9973E-05 0.036022 9.9973E-05 0.412023 0.0110665
0.0483294 0.820993 0.0430192 9.9955E-05 0.0025672 9.9955E-05 9.9955E-05 9.9955E-05 0.0845917 9.9955E-05
9.99459E-05 0.881933 0.0795071 9.99459E-05 0.000309986 9.99459E-05 9.99459E-05 0.0376505 9.99459E-05 9.99459E-05
0.278396 0.295743 9.9955E-05 9.9955E-05 0.0541603 0.355503 9.9955E-05 0.0156985 9.9955E-05 9.9955E-05
9.9946E-05 9.9946E-05 0.128216 9.9946E-05 9.9946E-05 9.9946E-05 0.799421 0.00663223 9.9946E-05 0.065131
0.155536 9.9928E-05 9.9928E-05 9.9928E-05 9.9928E-05 9.9928E-05 0.843665 9.9928E-05 9.9928E-05 9.9928E-05
9.99368E-05 9.99368E-05 9.99368E-05 9.99368E-05 0.0351062 9.99368E-05 0.894189 0.0700054 9.99368E-05 9.99368E-05
0.358447 9.99369E-05 9.99369E-05 9.99369E-05 9.99369E-05 9.99369E-05 0.636519 9.99369E-05 9.99369E-05 0.00433436
0.109042 9.99549E-05 0.104343 9.99549E-05 9.99549E-05 0.0401841 0.741328 9.99549E-05 9.99549E-05 0.0046035
9.99459E-05 0.262993 9.99459E-05 0.224531 0.0296446 9.99459E-05 0.482231 9.99459E-05 9.99459E-05 9.99459E-05
9.99549E-05 9.99549E-05 0.0995063 9.99549E-05 0.0595725 0.196679 0.425359 9.99549E-05 9.99549E-05 0.218384
9.99459E-05 9.99459E-05 9.99459E-05 0.22441 9.99459E-05 9.99459E-05 0.222163 9.99459E-05 0.516679 0.036149
0.0746319 9.9973E-05 0.0803842 9.9973E-05 9.9973E-05 0.114605 0.347488 0.114274 0.0158087 0.252508
9.99549E-05 9.99549E-05 9.99549E-05 0.00757316 0.0101876 9.99549E-05 0.87323 0.0904831 0.0180268 9.99549E-05
0.139031 9.99279E-05 9.99279E-05 9.99279E-05 9.99279E-05 9.99279E-05 0.86017 9.99279E-05 9.99279E-05 9.99279E-05
0.152635 0.0190125 9.9955E-05 0.0789863 9.9955E-05 9.9955E-05 0.563288 9.9955E-05 0.185578 9.9955E-05
9.99729E-05 0.0582634 9.99729E-05 0.243471 0.0460743 9.99729E-05 0.258833 0.134372 0.0247038 0.233983
9.99368E-05 9.99368E-05 9.99368E-05 0.0655066 9.99368E-05 9.99368E-05 0.592301 9.99368E-05 0.341493 9.99368E-05
9.99369E-05 0.242685 9.99369E-05 0.0824959 9.99369E-05 9.99369E-05 0.674119 9.99369E-05 9.99369E-05 9.99369E-05
0.136523 9.99459E-05 0.00734676 9.99459E-05 0.0155908 9.99459E-05 0.83994 9.99459E-05 9.99459E-05 9.99459E-05
0.0276565 9.99549E-05 0.172188 9.99549E-05 9.99549E-05 0.0121651 0.756087 9.99549E-05 9.99549E-05 0.0314032
9.9937E-05 9.9937E-05 0.268731 9.9937E-05 9.9937E-05 9.9937E-05 0.713099 9.9937E-05 0.0174705 9.9937E-05
0.295899 9.99369E-05 9.99369E-05 9.99369E-05 9.99369E-05 0.0310767 0.672325 9.99369E-05 9.99369E-05 9.99369E-05
9.99368E-05 9.99368E-05 9.99368E-05 0.391913 9.99368E-05 9.99368E-05 9.99368E-05 0.0775193 9.99368E-05 0.529868
9.9946E-05 9.9946E-05 9.9946E-05 0.780745 9.9946E-05 9.9946E-05 9.9946E-05 0.156584 0.0423818 0.0196893
9.99459E-05 9.99459E-05 9.99459E-05 0.650647 0.00451412 9.99459E-05 0.0373234 9.99459E-05 0.306916 9.99459E-05
0.313844 9.9964E-05 9.9964E-05 0.285684 9.9964E-05 9.9964E-05 0.0184374 0.0573649 0.0461167 0.278153
9.99639E-05 0.00729037 9.99639E-05 0.442615 0.0318187 9.99639E-05 0.273737 0.0638273 9.99639E-05 0.180312
9.9955E-05 0.0548486 0.122746 0.720399 0.0479101 9.9955E-05 0.0535966 9.9955E-05 9.9955E-05 9.9955E-05
0.095609 9.9946E-05 9.9946E-05 9.9946E-05 9.9946E-05 0.332605 0.114615 9.9946E-05 9.9946E-05 0.456572
9.99459E-05 9.99459E-05 0.0831545 0.137703 9.99459E-05 0.195618 9.99459E-05 9.99459E-05 9.99459E-05 0.582924
9.99459E-05 0.108023 9.99459E-05 0.610342 9.99459E-05 9.99459E-05 0.156241 9.99459E-05 0.124795 9.99459E-05
9.99549E-05 9.99549E-05 0.052346 0.519114 0.0250122 9.99549E-05 9.99549E-05 0.0445635 9.99549E-05 0.358465
9.9937E-05 9.9937E-05 9.9937E-05 0.437647 9.9937E-05 9.9937E-05 9.9937E-05 0.0530056 0.508647 9.9937E-05
0.0381695 9.9955E-05 0.0237035 0.345736 9.9955E-05 0.126041 9.9955E-05 9.9955E-05 9.9955E-05 0.46585
9.9946E-05 9.9946E-05 9.9946E-05 0.698602 9.9946E-05 9.9946E-05 9.9946E-05 0.122204 0.0730835 0.105511
0.254944 9.9964E-05 0.0351311 0.397436 9.9964E-05 9.9964E-05 0.053377 0.0811211 9.9964E-05 0.177592
9.99639E-05 9.99639E-05 0.294776 0.0867829 0.0366672 0.000166868 0.147869 9.99639E-05 9.99639E-05 0.433338
9.99459E-05 9.99459E-05 0.31668 0.32356 9.99459E-05 0.116163 9.99459E-05 9.99459E-05 9.99459E-05 0.242996
0.327557 9.9964E-05 0.0130129 0.15882 9.9964E-05 0.133301 0.0752958 9.9964E-05 9.9964E-05 0.291613
0.388254 9.9955E-05 9.9955E-05 0.0333152 9.9955E-05 0.122854 0.453732 9.9955E-05 9.9955E-05 0.00134465
9.99639E-05 0.00741217 9.99639E-05 0.578305 0.0133819 9.99639E-05 9.99639E-05 0.100766 0.019655 0.28008
0.079528 9.9973E-05 0.0619048 0.396299 9.9973E-05 9.9973E-05 0.0844394 0.0624186 0.0289369 0.286174
9.99549E-05 9.99549E-05 0.00829958 0.843823 0.0050276 9.99549E-05 9.99549E-05 0.131224 0.0111263 9.99549E-05
0.0388764 9.99549E-05 0.00858886 0.164078 9.99549E-05 9.99549E-05 9.99549E-05 0.0460799 9.99549E-05 0.741877
9.99639E-05 9.99639E-05 0.0766457 0.179359 0.0301323 9.99639E-05 0.0855578 0.00944921 9.99639E-05 0.618456
9.99459E-05 9.99459E-05 0.103169 0.349608 9.99459E-05 0.133385 9.99459E-05 9.99459E-05 9.99459E-05 0.413238
9.99639E-05 0.12433 9.99639E-05 0.276597 9.99639E-05 9.99639E-05 0.0781121 0.128342 0.0926485 0.299569
0.352729 9.99549E-05 9.99549E-05 0.00962263 9.99549E-05 9.99549E-05 0.0394051 9.99549E-05 0.00272505 0.595019
9.99459E-05 0.292681 9.99459E-05 0.247718 9.99459E-05 9.99459E-05 9.99459E-05 9.99459E-05 0.16866 0.290341
9.99729E-05 0.0854745 0.208086 0.0169379 0.0694622 0.0341551 0.190774 9.99729E-05 9.99729E-05 0.394811
0.0856825 9.9937E-05 9.9937E-05 9.9937E-05 9.9937E-05 0.0294906 9.9937E-05 9.9937E-05 9.9937E-05 0.884127
9.9937E-05 9.9937E-05 0.130143 9.9937E-05 9.9937E-05 9.9937E-05 9.9937E-05 9.9937E-05 0.0812212 0.787937
9.99549E-05 0.238449 9.99549E-05 9.99549E-05 0.0300476 0.00227032 0.236738 9.99549E-05 9.99549E-05 0.491996
9.99639E-05 0.0726711 9.99639E-05 0.1268 0.12592 9.99639E-05 0.366933 0.0649189 9.99639E-05 0.242358
9.99549E-05 9.99549E-05 9.99549E-05 0.251911 9.99549E-05 9.99549E-05 0.264983 0.0722944 0.345625 0.0646872
9.99459E-05 0.0667662 9.99459E-05 0.356701 9.99459E-05 9.99459E-05 9.99459E-05 9.99459E-05 0.323042 0.252891
0.174161 9.99369E-05 9.99369E-05 9.99369E-05 9.99369E-05 0.156112 0.669027 9.99369E-05 9.99369E-05 9.99369E-05
9.99458E-05 0.0822045 9.99458E-05 0.303324 9.99458E-05 9.99458E-05 9.99458E-05 9.99458E-05 0.203351 0.41052
9.99549E-05 9.99549E-05 0.0143062 9.99549E-05 0.0448955 9.99549E-05 0.0609185 0.0364464 9.99549E-05 0.842934
0.0677584 0.04401 0.103767 0.00529316 0.0310915 0.153079 0.29168 9.9982E-05 9.9982E-05 0.303121
9.99458E-05 0.0438576 9.99458E-05 0.0862993 9.99458E-05 9.99458E-05 0.710753 9.99458E-05 0.158491 9.99458E-05
9.9946E-05 9.9946E-05 9.9946E-05 0.274634 9.9946E-05 9.9946E-05 0.19919 9.9946E-05 0.498486 0.0270915
9.994E-05 0.14606 9.994E-05 0.146335 9.994E-05 9.994E-05 0.693534 9.994E-05 0.0134713 9.994E-05
9.99549E-05 9.99549E-05 9.99549E-05 0.118022 0.0926197 9.99549E-05 0.405669 0.17184 9.99549E-05 0.211349
9.9955E-05 9.9955E-05 9.9955E-05 0.23876 9.9955E-05 9.9955E-05 0.16765 0.102124 0.430067 0.0608988
0.284721 9.99459E-05 9.99459E-05 0.16404 9.99459E-05 9.99459E-05 0.202933 9.99459E-05 9.99459E-05 0.347706
0.168052 9.99459E-05 9.99459E-05 0.404763 9.99459E-05 9.99459E-05 9.99459E-05 0.0224129 9.99459E-05 0.404173
0.308282 9.9955E-05 0.0918623 0.436355 9.9955E-05 9.9955E-05 0.070119 9.9955E-05 9.9955E-05 0.0928824
9.99459E-05 0.0226955 9.99459E-05 0.504598 9.99459E-05 9.99459E-05 9.99459E-05 9.99459E-05 0.212639 0.259468
9.9964E-05 9.9964E-05 0.00302365 0.0835071 9.9964E-05 9.9964E-05 0.108737 0.14234 0.0252779 0.636715
0.139743 9.99279E-05 9.99279E-05 9.99279E-05 9.99279E-05 9.99279E-05 9.99279E-05 9.99279E-05 9.99279E-05 0.859457
9.99549E-05 0.340188 9.99549E-05 0.174401 0.0472951 9.99549E-05 0.390343 9.99549E-05 9.99549E-05 0.0472729
9.99279E-05 0.238683 9.99279E-05 0.760518 9.99279E-05 9.99279E-05 9.99279E-05 9.99279E-05 9.99279E-05 9.99279E-05
9.99549E-05 0.0571823 9.99549E-05 0.00464425 9.99549E-05 0.308109 0.425466 9.99549E-05 9.99549E-05 0.204098
9.99369E-05 0.325649 9.99369E-05 0.509754 9.99369E-05 9.99369E-05 9.99369E-05 9.99369E-05 9.99369E-05 0.163897
9.99549E-05 0.304895 9.99549E-05 0.531744 9.99549E-05 0.0763754 0.0393571 9.99549E-05 9.99549E-05 0.0471287
9.9946E-05 9.9946E-05 9.9946E-05 0.079264 9.9946E-05 0.481218 0.155529 9.9946E-05 9.9946E-05 0.283389
9.99459E-05 0.267058 9.99459E-05 0.354999 9.99459E-05 0.0101928 9.99459E-05 9.99459E-05 9.99459E-05 0.367151
9.99639E-05 0.133458 9.99639E-05 0.480585 0.0399773 0.199517 0.126754 9.99639E-05 9.99639E-05 0.019309
9.99459E-05 9.99459E-05 9.99459E-05 0.0387619 9.99459E-05 9.99459E-05 9.99459E-05 0.590718 0.361841 0.00808
0.0183572 0.00454727 9.9973E-05 0.149944 9.9973E-05 0.00928286 0.012327 0.637932 0.16731 9.9973E-05
0.197054 9.99369E-05 9.99369E-05 0.0375546 9.99369E-05 9.99369E-05 9.99369E-05 0.764692 9.99369E-05 9.99369E-05
9.9946E-05 0.0488436 9.9946E-05 9.9946E-05 9.9946E-05 0.473723 9.9946E-05 0.462748 9.9946E-05 0.0140859
9.99549E-05 9.99549E-05 0.012375 9.99549E-05 0.0146302 9.99549E-05 0.000917246 0.58573 0.385848 9.99549E-05
0.0426774 0.368836 0.0919137 9.99729E-05 0.0376289 0.205421 9.99729E-05 0.212372 9.99729E-05 0.040851
9.99369E-05 0.502643 9.99369E-05 9.99369E-05 9.99369E-05 9.99369E-05 9.99369E-05 0.36782 0.128838 9.99369E-05
9.99369E-05 9.99369E-05 9.99369E-05 0.0273525 9.99369E-05 9.99369E-05 9.99369E-05 0.719222 0.252726 9.99369E-05
9.99549E-05 0.149952 9.99549E-05 0.0157875 0.0908831 9.99549E-05 0.0527519 0.690126 9.99549E-05 9.99549E-05
0.0190818 9.9964E-05 0.223341 9.9964E-05 9.9964E-05 0.0681955 0.022066 0.549018 9.9964E-05 0.117898
9.9946E-05 9.9946E-05 9.9946E-05 0.046161 0.0595192 9.9946E-05 9.9946E-05 0.283343 0.610378 9.9946E-05
9.9964E-05 9.9964E-05 0.480663 9.9964E-05 0.00484404 0.0270091 0.000764418 0.429658 9.9964E-05 0.0566617
9.99459E-05 0.12788 9.99459E-05 0.0200018 9.99459E-05 9.99459E-05 9.99459E-05 0.703492 0.148027 9.99459E-05
9.99549E-05 0.206544 0.176669 9.99549E-05 0.00702495 9.99549E-05 9.99549E-05 0.530973 9.99549E-05 0.0782894
9.99639E-05 0.0106433 9.99639E-05 9.99639E-05 0.145586 0.00622788 0.0691439 0.704886 0.0631131 9.99639E-05
9.99639E-05 0.567691 0.0112007 9.99639E-05 0.0241524 9.99639E-05 0.0451122 0.265722 0.0857225 9.99639E-05
0.100216 9.99549E-05 0.0934218 9.99549E-05 9.99549E-05 0.313668 9.99549E-05 0.379302 9.99549E-05 0.112893
0.584148 0.0281039 9.99549E-05 9.99549E-05 9.99549E-05 0.0371752 9.99549E-05 0.344283 9.99549E-05 0.00579054
9.99549E-05 9.99549E-05 9.99549E-05 0.146261 0.118496 9.99549E-05 0.0821894 0.638593 0.0139614 9.99549E-05
9.99459E-05 0.298983 9.99459E-05 0.0230984 9.99459E-05 9.99459E-05 9.99459E-05 0.596187 0.0811327 9.99459E-05
9.9955E-05 9.9955E-05 0.104692 9.9955E-05 0.0768264 9.9955E-05 0.06061 0.722609 9.9955E-05 0.0347628
0.340036 9.99279E-05 9.99279E-05 9.99279E-05 9.99279E-05 9.99279E-05 9.99279E-05 0.659165 9.99279E-05 9.99279E-05
0.0502824 0.121256 0.226322 9.9973E-05 0.0927815 0.311899 9.9973E-05 0.122226 9.9973E-05 0.0749334
9.99369E-05 0.222621 9.99369E-05 9.99369E-05 0.657078 9.99369E-05 9.99369E-05 9.99369E-05 0.119602 9.99369E-05
0.600134 0.206518 9.99639E-05 9.99639E-05 9.99639E-05 0.119033 9.99639E-05 0.00240451 0.0370069 0.0345033
9.99639E-05 0.556726 0.0632798 9.99639E-05 0.161364 9.99639E-05 0.0276633 0.099512 0.0910551 9.99639E-05
9.99278E-05 9.99278E-05 9.99278E-05 9.99278E-05 0.412491 9.99278E-05 9.99278E-05 9.99278E-05 0.58671 9.99278E-05
0.20082 0.0507462 0.54582 9.99549E-05 0.042128 0.159986 9.99549E-05 9.99549E-05 9.99549E-05 9.99549E-05
9.99459E-05 9.99459E-05 0.247471 9.99459E-05 0.686391 9.99459E-05 0.0110831 9.99459E-05 0.0544558 9.99459E-05
0.0525024 0.513837 0.0675977 9.99729E-05 0.0931321 0.0177931 9.99729E-05 0.114024 9.99729E-05 0.140814
0.30985 9.99279E-05 9.99279E-05 9.99279E-05 0.68935 9.99279E-05 9.99279E-05 9.99279E-05 9.99279E-05 9.99279E-05
0.0313252 0.371495 9.9946E-05 9.9946E-05 0.1924 9.9946E-05 9.9946E-05 9.9946E-05 0.40418 9.9946E-05
0.0967773 9.99639E-05 0.419328 9.99639E-05 0.187782 0.174076 9.99639E-05 0.0398803 9.99639E-05 0.0817563
0.447916 9.99279E-05 9.99279E-05 9.99279E-05 0.551285 9.99279E-05 9.99279E-05 9.99279E-05 9.99279E-05 9.99279E-05
9.99279E-05 9.99279E-05 9.99279E-05 9.99279E-05 0.332798 9.99279E-05 9.99279E-05 9.99279E-05 0.666402 9.99279E-05
0.113532 0.00454667 0.401922 9.99549E-05 9.99549E-05 0.467501 9.99549E-05 0.0119983 9.99549E-05 9.99549E-05
0.282133 9.99549E-05 0.00975914 9.99549E-05 0.532452 0.149039 9.99549E-05 9.99549E-05 9.99549E-05 0.0261169
0.38701 0.27546 0.328607 9.99459E-05 9.99459E-05 0.00832397 9.99459E-05 9.99459E-05 9.99459E-05 9.99459E-05
9.99279E-05 9.99279E-05 9.99279E-05 9.99279E-05 0.38573 9.99279E-05 9.99279E-05 9.99279E-05 0.61347 9.99279E-05
0.440426 0.00836751 0.114948 9.99549E-05 0.311539 0.124219 9.99549E-05 9.99549E-05 9.99549E-05 9.99549E-05
9.99549E-05 0.025962 0.447931 9.99549E-05 9.99549E-05 0.363704 9.99549E-05 0.127244 9.99549E-05 0.0346594
9.99639E-05 0.637849 0.0850906 9.99639E-05 0.212573 0.0509785 0.0108062 9.99639E-05 9.99639E-05 0.00230284
0.39215 0.126468 0.0275647 9.9982E-05 9.9982E-05 0.122661 0.0473039 0.131465 0.127474 0.0247138
0.453815 0.180363 0.129736 9.9973E-05 0.148315 0.00365646 0.0470423 0.0367715 9.9973E-05 9.9973E-05
9.99368E-05 0.0826136 9.99368E-05 9.99368E-05 0.431573 9.99368E-05 9.99368E-05 9.99368E-05 0.485113 9.99368E-05
9.996E-05 0.29478 0.307809 0.058572 0.151424 0.123045 0.0639696 9.996E-05 9.996E-05 9.996E-05
9.99549E-05 0.124873 9.99549E-05 9.99549E-05 0.735481 0.0751322 9.99549E-05 0.0498904 9.99549E-05 0.0141233
9.99639E-05 0.221935 9.99639E-05 0.0660097 0.189974 9.99639E-05 0.0449873 0.255837 0.220857 9.99639E-05
0.232146 0.0848225 0.24855 0.00275464 0.190408 0.0601059 0.0166268 0.0895255 9.999E-05 0.0749597
9.9964E-05 9.9964E-05 0.0866436 0.00287564 0.352568 9.9964E-05 0.00912477 0.453449 9.9964E-05 0.0949396
0.0218027 9.9964E-05 0.038326 9.9964E-05 9.9964E-05 0.0274127 0.0451292 9.9964E-05 0.84903 0.0178994
9.99639E-05 0.355579 9.99639E-05 9.99639E-05 0.351959 9.99639E-05 0.033854 0.175978 0.0770415 0.00518911
9.99729E-05 0.426259 0.0647932 0.0399862 0.105276 9.99729E-05 0.0225795 0.107764 0.233042 9.99729E-05
0.0119597 9.9973E-05 0.554793 9.9973E-05 0.17566 9.9973E-05 0.0458701 0.00709502 0.169044 0.0352786
9.99459E-05 0.390378 0.0472058 9.99459E-05 0.0265756 9.99459E-05 9.99459E-05 9.99459E-05 0.535241 9.99459E-05
0.392122 0.157205 0.396557 9.99459E-05 9.99459E-05 0.0535153 9.99459E-05 9.99459E-05 9.99459E-05 9.99459E-05
9.99549E-05 0.321628 0.070421 9.99549E-05 0.130871 9.99549E-05 9.99549E-05 0.0531056 0.423475 9.99549E-05
0.42487 9.9946E-05 9.9946E-05 9.9946E-05 0.363376 9.9946E-05 9.9946E-05 0.0654145 0.14574 9.9946E-05
0.52632 0.00480435 0.140743 9.99729E-05 0.154912 0.023933 9.99729E-05 0.13728 0.0117072 9.99729E-05
0.00555661 9.9982E-05 0.144605 0.0837068 0.351458 0.0354813 0.0118668 0.340334 9.9982E-05 0.0267927
0.0127813 0.45027 0.0445475 9.99729E-05 0.115654 0.0552751 9.99729E-05 0.222791 9.99729E-05 0.0983817
9.9982E-05 0.0915416 0.0573356 9.9982E-05 0.353394 0.00876117 0.0756262 0.37449 0.0305844 0.00806772
0.455823 0.0795 0.130562 9.99639E-05 0.0714001 9.99639E-05 9.99639E-05 0.226403 0.035912 9.99639E-05
9.9955E-05 0.0941496 0.0665568 9.9955E-05 9.9955E-05 0.0058711 9.9955E-05 0.139236 0.693687 9.9955E-05
9.99369E-05 9.99369E-05 9.99369E-05 9.99369E-05 0.267823 9.99369E-05 9.99369E-05 0.0325767 0.6989 9.99369E-05
9.9946E-05 0.630694 9.9946E-05 0.0617321 0.226307 9.9946E-05 9.9946E-05 9.9946E-05 0.0806679 9.9946E-05
9.99549E-05 0.070649 9.99549E-05 0.125085 0.201298 9.99549E-05 9.99549E-05 0.0322445 0.570224 9.99549E-05
9.9937E-05 9.9937E-05 0.133028 9.9937E-05 9.9937E-05 9.9937E-05 9.9937E-05 0.0717944 0.794478 9.9937E-05
9.9946E-05 0.454914 9.9946E-05 0.186721 0.303889 9.9946E-05 9.9946E-05 9.9946E-05 0.0538758 9.9946E-05
9.99459E-05 0.603636 0.109884 9.99459E-05 0.136252 9.99459E-05 9.99459E-05 9.99459E-05 0.149628 9.99459E-05
9.9955E-05 9.9955E-05 9.9955E-05 9.9955E-05 0.0162501 0.86901 0.0403299 9.9955E-05 0.0715879 0.00232195
0.127803 0.133586 0.135037 9.99549E-05 9.99549E-05 0.584076 0.0189987 9.99549E-05 9.99549E-05 9.99549E-05
9.99549E-05 0.740661 0.0267262 9.99549E-05 0.0216448 0.159684 0.0507844 9.99549E-05 9.99549E-05 9.99549E-05
0.0213969 0.109096 0.443357 9.99459E-05 9.99459E-05 0.42555 9.99459E-05 9.99459E-05 9.99459E-05 9.99459E-05
0.00809772 9.99549E-05 0.115182 9.99549E-05 9.99549E-05 0.82124 9.99549E-05 0.00859683 0.0463835 9.99549E-05
0.508129 0.121686 9.99459E-05 9.99459E-05 9.99459E-05 0.301183 0.0684021 9.99459E-05 9.99459E-05 9.99459E-05
0.25194 0.109588 0.0778802 9.99459E-05 9.99459E-05 0.559992 9.99459E-05 9.99459E-05 9.99459E-05 9.99459E-05
9.9946E-05 0.676953 9.9946E-05 9.9946E-05 9.9946E-05 0.118869 0.0348369 9.9946E-05 0.168742 9.9946E-05
9.9937E-05 0.252908 9.9937E-05 9.9937E-05 0.124802 9.9937E-05 9.9937E-05 9.9937E-05 0.62159 9.9937E-05
9.99549E-05 0.324646 9.99549E-05 9.99549E-05 0.0125723 0.476384 9.99549E-05 0.0913151 9.99549E-05 0.0945822
9.9955E-05 0.717858 9.9955E-05 0.00419971 9.9955E-05 0.0819005 0.0105868 9.9955E-05 0.184956 9.9955E-05
9.9973E-05 0.726304 9.9973E-05 0.0559816 0.025365 0.0571264 0.101939 9.9973E-05 0.00170693 0.0312773
9.99549E-05 0.564456 0.0966175 9.99549E-05 9.99549E-05 0.323735 0.000167694 0.0145234 9.99549E-05 9.99549E-05
9.9946E-05 0.726816 9.9946E-05 0.0138164 0.0633648 9.9946E-05 9.9946E-05 9.9946E-05 0.195403 9.9946E-05
9.9955E-05 0.546563 9.9955E-05 0.0421837 9.9955E-05 0.257262 9.9955E-05 0.0305818 0.12291 9.9955E-05
9.9964E-05 0.104226 0.0938476 0.082792 0.274774 0.366108 0.077853 9.9964E-05 9.9964E-05 9.9964E-05
9.9973E-05 0.63167 0.100735 0.0159936 9.9973E-05 0.079628 0.0336918 9.9973E-05 0.0687295 0.0692523
9.99459E-05 0.514151 9.99459E-05 0.0254714 9.99459E-05 0.308859 9.99459E-05 0.150919 9.99459E-05 9.99459E-05
0.00615129 0.0545879 0.595442 9.99459E-05 9.99459E-05 0.34322 9.99459E-05 9.99459E-05 9.99459E-05 9.99459E-05
9.9973E-05 0.296105 0.0953227 0.00211939 0.00736684 0.503618 9.9973E-05 0.0682186 9.9973E-05 0.0269492
9.9955E-05 0.541678 9.9955E-05 0.0139957 9.9955E-05 0.0493356 9.9955E-05 9.9955E-05 0.371115 0.0233763
0.0477156 0.875487 9.9955E-05 0.0151865 9.9955E-05 9.9955E-05 9.9955E-05 0.036129 9.9955E-05 0.0249821
9.9937E-05 0.428078 9.9937E-05 9.9937E-05 0.0736537 9.9937E-05 9.9937E-05 9.9937E-05 0.497569 9.9937E-05
0.029756 0.116792 0.261406 9.99459E-05 9.99459E-05 0.591446 9.99459E-05 9.99459E-05 9.99459E-05 9.99459E-05
9.9964E-05 0.414975 0.0939735 9.9964E-05 0.11295 0.311078 0.00817664 9.9964E-05 9.9964E-05 0.0584475
9.99459E-05 0.587119 9.99459E-05 0.0304091 0.0591976 9.99459E-05 9.99459E-05 9.99459E-05 0.322675 9.99459E-05
0.101565 9.996E-05 0.119016 9.996E-05 0.235086 0.465156 9.996E-05 0.026285 9.996E-05 0.0524915
9.9955E-05 9.9955E-05 0.512867 9.9955E-05 0.399917 0.0551626 0.011265 9.9955E-05 9.9955E-05 0.0202888
9.996E-05 0.391052 9.996E-05 0.118535 0.0831246 9.996E-05 0.0699308 0.0326858 0.304273 9.996E-05
9.99639E-05 0.023725 9.99639E-05 0.0240696 0.636238 9.99639E-05 0.0290271 0.124509 0.162032 9.99639E-05
9.9955E-05 9.9955E-05 0.404695 9.9955E-05 0.156317 0.329056 0.0897294 9.9955E-05 0.0197028 9.9955E-05
0.156052 9.99369E-05 9.99369E-05 9.99369E-05 0.401089 0.442159 9.99369E-05 9.99369E-05 9.99369E-05 9.99369E-05
0.125843 9.9955E-05 0.158676 9.9955E-05 0.275274 0.351377 9.9955E-05 9.9955E-05 9.9955E-05 0.0883293
9.9928E-05 9.9928E-05 9.9928E-05 9.9928E-05 0.246597 9.9928E-05 9.9928E-05 9.9928E-05 0.752604 9.9928E-05
9.9946E-05 0.523854 9.9946E-05 0.0543681 0.418628 9.9946E-05 9.9946E-05 9.9946E-05 0.00254941 9.9946E-05
9.99639E-05 0.0466644 0.189515 9.99639E-05 0.24354 0.0807477 9.99639E-05 0.375447 9.99639E-05 0.0636868
9.99369E-05 9.99369E-05 0.371634 9.99369E-05 0.302184 0.325482 9.99369E-05 9.99369E-05 9.99369E-05 9.99369E-05
9.99549E-05 0.10014 9.99549E-05 0.0276068 0.220099 9.99549E-05 9.99549E-05 0.135503 0.516151 9.99549E-05
9.9946E-05 0.561034 9.9946E-05 9.9946E-05 0.276022 0.109528 0.0528165 9.9946E-05 9.9946E-05 9.9946E-05
9.99549E-05 0.56619 9.99549E-05 0.03851 0.302922 0.0714031 0.0204746 9.99549E-05 9.99549E-05 9.99549E-05
9.99459E-05 9.99459E-05 0.14353 9.99459E-05 0.447595 9.99459E-05 9.99459E-05 0.395129 9.99459E-05 0.0131465
9.9964E-05 0.697463 0.0145892 0.0472345 0.019652 9.9964E-05 9.9964E-05 0.212617 0.00804417 9.9964E-05
9.99549E-05 0.289267 0.291643 9.99549E-05 9.99549E-05 0.270355 9.99549E-05 0.0732202 9.99549E-05 0.0750141
9.99639E-05 0.201212 0.265716 9.99639E-05 0.306476 0.103756 9.99639E-05 0.0975957 9.99639E-05 0.0248446
0.184436 9.9964E-05 0.30421 9.9964E-05 0.251149 0.228642 0.0266666 9.9964E-05 9.9964E-05 0.00449565
9.99549E-05 0.308356 9.99549E-05 0.168908 0.384217 9.99549E-05 0.0055021 9.99549E-05 0.132517 9.99549E-05
9.99459E-05 9.99459E-05 0.19288 0.0458227 0.256327 0.50437 9.99459E-05 9.99459E-05 9.99459E-05 9.99459E-05
0.414232 0.100382 0.0358389 9.99549E-05 0.158917 0.290131 9.99549E-05 9.99549E-05 9.99549E-05 9.99549E-05
9.99369E-05 0.439672 9.99369E-05 9.99369E-05 0.182455 9.99369E-05 9.99369E-05 9.99369E-05 0.377174 9.99369E-05
9.99549E-05 0.59483 0.248132 9.99549E-05 0.0381326 0.090674 9.99549E-05 9.99549E-05 0.0277316 9.99549E-05
9.995E-05 0.716314 9.995E-05 0.0993965 0.170524 0.0128945 9.995E-05 9.995E-05 0.00037199 9.995E-05
9.9964E-05 9.9964E-05 0.0559778 9.9964E-05 0.0311329 0.816926 0.0310648 9.9964E-05 0.0547303 0.00976827
0.313907 0.0126971 0.0144404 0.21971 9.9982E-05 0.325754 0.0694041 0.017936 0.0259519 9.9982E-05
9.99549E-05 0.142629 0.0944748 9.99549E-05 0.0391768 0.618612 9.99549E-05 9.99549E-05 9.99549E-05 0.104608
9.9955E-05 0.501085 9.9955E-05 0.00211569 0.158974 9.9955E-05 0.0121095 9.9955E-05 0.325216 9.9955E-05
0.0518542 0.228477 9.99549E-05 9.99549E-05 0.0257756 0.63462 9.99549E-05 9.99549E-05 9.99549E-05 0.0587734
9.9982E-05 0.0481897 0.0227504 9.9982E-05 0.0570589 0.742173 0.0343083 0.0713843 0.000841672 0.0230941
9.9955E-05 9.9955E-05 0.223747 9.9955E-05 9.9955E-05 0.663653 9.9955E-05 0.0474001 0.0555549 0.00914611
9.9946E-05 0.648523 9.9946E-05 0.0245923 9.9946E-05 9.9946E-05 9.9946E-05 0.0578569 0.268428 9.9946E-05
9.99729E-05 0.549088 0.0629027 0.0295716 0.109962 0.241348 0.0055486 0.00127895 9.99729E-05 9.99729E-05
0.065385 0.0307478 0.4011 9.9964E-05 9.9964E-05 0.375948 0.0422032 9.9964E-05 0.084216 9.9964E-05
0.0179795 0.340867 9.9964E-05 0.0922664 0.162826 0.176522 9.9964E-05 9.9964E-05 0.209139 9.9964E-05
0.0205665 9.9973E-05 0.05072 9.9973E-05 9.9973E-05 0.831869 0.0130195 0.0249069 0.0486049 0.0100136
0.463994 0.269521 0.0591403 0.0181965 9.9973E-05 0.00213934 9.9973E-05 0.0481344 0.138574 9.9973E-05
9.9964E-05 0.297036 9.9964E-05 0.060831 0.118561 0.452377 9.9964E-05 0.0693547 9.9964E-05 0.00144042
9.9946E-05 0.484894 9.9946E-05 9.9946E-05 0.0194761 0.0100937 9.9946E-05 9.9946E-05 0.484937 9.9946E-05
9.9964E-05 0.476801 9.9964E-05 9.9964E-05 0.194534 0.273257 0.0334762 0.00480733 9.9964E-05 0.0167244
9.99729E-05 0.240445 0.1123 0.0268754 0.185837 9.99729E-05 0.0305293 0.254287 0.149426 9.99729E-05
9.9973E-05 0.137512 0.0460764 0.0182443 0.0632105 9.9973E-05 0.00355334 0.142726 0.588378 9.9973E-05
9.99549E-05 0.639888 9.99549E-05 9.99549E-05 0.149694 0.0481052 9.99549E-05 0.112577 9.99549E-05 0.0492349
9.99459E-05 0.504021 9.99459E-05 0.0123707 0.0437606 9.99459E-05 9.99459E-05 0.439248 9.99459E-05 9.99459E-05
9.99639E-05 0.537736 0.191786 9.99639E-05 0.22653 0.000210394 9.99639E-05 0.0415965 0.00174059 9.99639E-05
0.274791 0.130042 0.327978 9.99639E-05 0.114397 0.136907 9.99639E-05 0.0154853 9.99639E-05 9.99639E-05
9.99549E-05 0.000464285 9.99549E-05 9.99549E-05 0.31979 9.99549E-05 0.00749192 0.0591996 0.612554 9.99549E-05
0.539537 9.9964E-05 9.9964E-05 9.9964E-05 0.298439 0.0838497 0.0119644 9.9964E-05 0.0447503 0.0210595
0.0315105 0.11807 0.0568651 9.99639E-05 9.99639E-05 0.388717 9.99639E-05 0.337745 9.99639E-05 0.066693
0.0582378 9.9955E-05 0.730694 9.9955E-05 9.9955E-05 9.9955E-05 0.00939733 0.11957 0.081602 9.9955E-05
9.99459E-05 0.123473 0.0711573 9.99459E-05 9.99459E-05 9.99459E-05 9.99459E-05 0.256494 0.548276 9.99459E-05
9.99369E-05 0.225269 9.99369E-05 9.99369E-05 9.99369E-05 9.99369E-05 9.99369E-05 0.120621 0.65341 9.99369E-05
0.358039 0.0729913 0.277758 9.9955E-05 0.186058 0.104655 9.9955E-05 9.9955E-05 9.9955E-05 9.9955E-05
0.00422883 0.692507 0.150528 0.0506444 0.0338373 9.9982E-05 0.0177903 0.0215627 9.9982E-05 0.0287008
9.99639E-05 0.344465 0.0911051 0.053198 0.161229 9.99639E-05 0.0154912 0.334112 9.99639E-05 9.99639E-05
9.99369E-05 0.114706 9.99369E-05 9.99369E-05 9.99369E-05 9.99369E-05 9.99369E-05 0.140314 0.744281 9.99369E-05
9.99549E-05 9.99549E-05 0.274779 9.99549E-05 0.2422 9.99549E-05 0.00160258 0.397197 0.0837218 9.99549E-05
0.302796 0.0421116 0.194047 9.99729E-05 0.264887 9.99729E-05 0.054809 0.121125 0.0199241 9.99729E-05
9.99639E-05 0.0476111 0.494044 9.99639E-05 0.0218224 0.409948 9.99639E-05 9.99639E-05 0.0145211 0.0116528
9.9955E-05 0.031354 0.690758 9.9955E-05 9.9955E-05 0.104403 9.9955E-05 0.152874 9.9955E-05 0.0201115
0.367641 0.0790384 0.139326 9.99639E-05 0.0194196 9.99639E-05 9.99639E-05 0.336949 0.0572262 9.99639E-05
9.9946E-05 0.570444 9.9946E-05 9.9946E-05 9.9946E-05 0.156375 0.0242232 9.9946E-05 0.248358 9.9946E-05
9.99549E-05 0.0777796 0.0403909 0.00149871 9.99549E-05 0.797561 9.99549E-05 0.0822696 9.99549E-05 9.99549E-05
0.0269068 0.683406 9.9955E-05 9.9955E-05 9.9955E-05 0.0853323 9.9955E-05 0.048778 0.155077 9.9955E-05
9.99549E-05 0.598954 9.99549E-05 9.99549E-05 0.0361184 0.142566 9.99549E-05 0.170164 9.99549E-05 0.0516967
9.9964E-05 0.0989951 0.0189474 9.9964E-05 0.0818284 0.764581 0.0253565 9.9964E-05 9.9964E-05 0.00989186
9.9946E-05 0.366603 9.9946E-05 0.0312327 9.9946E-05 0.0962919 9.9946E-05 9.9946E-05 0.505273 9.9946E-05
9.99549E-05 0.124898 0.148367 0.0703156 9.99549E-05 9.99549E-05 9.99549E-05 0.321395 0.334524 9.99549E-05
9.99639E-05 0.688297 0.0463328 9.99639E-05 0.133811 9.99639E-05 0.00735895 0.0120393 0.111761 9.99639E-05
9.9955E-05 9.9955E-05 0.671387 9.9955E-05 0.0913714 9.9955E-05 0.0575588 0.109353 0.0698301 9.9955E-05
9.99639E-05 0.133789 0.344073 9.99639E-05 0.28122 9.99639E-05 0.0479394 0.125988 0.0665905 9.99639E-05
9.99639E-05 0.24649 0.467084 9.99639E-05 0.162565 0.0470502 0.0345239 9.99639E-05 9.99639E-05 0.0418869
9.99459E-05 0.150646 0.216858 0.00714809 9.99459E-05 9.99459E-05 9.99459E-05 9.99459E-05 0.624748 9.99459E-05
0.616363 0.117571 0.23926 0.0262069 9.99459E-05 9.99459E-05 9.99459E-05 9.99459E-05 9.99459E-05 9.99459E-05
9.998E-05 0.365613 0.095759 0.116617 0.065636 9.998E-05 0.0528692 0.150445 0.0756132 0.0772473
0.103359 0.0713651 0.601571 0.0475339 0.0177985 0.0380609 9.9982E-05 0.0873405 9.9982E-05 0.032771
0.438051 0.0696395 0.337525 9.9973E-05 9.9973E-05 0.083063 0.0246595 0.000306598 9.9973E-05 0.0464552
9.99549E-05 9.99549E-05 0.921707 9.99549E-05 9.99549E-05 9.99549E-05 0.0212388 0.0167101 0.0227586 0.0170857
9.9973E-05 0.0376121 0.75074 0.0136737 0.0269933 0.11784 0.043306 9.9973E-05 9.9973E-05 0.00953573
9.995E-05 9.995E-05 0.821547 0.0620443 9.995E-05 9.995E-05 0.00648901 9.995E-05 0.0742661 0.0351535
9.99549E-05 0.539641 0.183023 0.0538235 9.99549E-05 9.99549E-05 0.0994466 0.123567 9.99549E-05 9.99549E-05
9.9964E-05 0.672052 9.9964E-05 0.130021 0.118379 9.9964E-05 0.0114265 0.0522204 0.015501 9.9964E-05
0.572716 0.0138023 0.0251813 9.9982E-05 0.123536 0.139072 0.0104842 9.9982E-05 0.0899463 0.0250619
0.00816584 9.9964E-05 0.549237 9.9964E-05 0.00935701 9.9964E-05 9.9964E-05 0.222369 0.182775 0.0276962
0.0692539 0.242621 0.0450762 0.0783282 0.16007 9.9982E-05 0.0497077 0.173323 0.181419 9.9982E-05
9.9955E-05 9.9955E-05 0.00342786 9.9955E-05 0.0709582 9.9955E-05 0.0334824 0.0366384 0.854993 9.9955E-05
9.9928E-05 0.629406 9.9928E-05 9.9928E-05 9.9928E-05 9.9928E-05 9.9928E-05 9.9928E-05 0.369794 9.9928E-05
9.9955E-05 0.0994683 0.0556261 0.0315497 9.9955E-05 9.9955E-05 9.9955E-05 0.0299356 0.782921 9.9955E-05
