0.0519028 9.9874E-05 9.9874E-05 9.9874E-05 9.9874E-05 9.9874E-05 9.9874E-05 0.307538 9.9874E-05 9.9874E-05 9.9874E-05 0.432604 9.9874E-05 0.0151333 9.9874E-05 9.9874E-05 0.191425 9.9874E-05 9.9874E-05
0.0277863 9.99009E-05 9.99009E-05 0.0100353 9.99009E-05 0.0889482 0.0717567 0.0765168 9.99009E-05 9.99009E-05 9.99009E-05 0.359588 9.99009E-05 9.99009E-05 9.99009E-05 0.011758 0.352512 9.99009E-05 9.99009E-05
0.0219834 9.98918E-05 0.130033 0.0752835 0.0383939 9.98918E-05 0.00982101 9.98918E-05 9.98918E-05 9.98918E-05 9.98918E-05 9.98918E-05 9.98918E-05 9.98918E-05 9.98918E-05 9.98918E-05 0.474263 9.98918E-05 0.249023
9.98829E-05 9.98829E-05 9.98829E-05 9.98829E-05 9.98829E-05 9.98829E-05 9.98829E-05 0.250338 0.0553008 9.98829E-05 0.218121 0.455923 9.98829E-05 0.00674989 9.98829E-05 9.98829E-05 9.98829E-05 0.0122685 9.98829E-05
9.98917E-05 9.98917E-05 9.98917E-05 0.0632572 0.00616092 9.98917E-05 0.0312305 0.0034356 0.443271 9.98917E-05 0.222295 0.229151 9.98917E-05 9.98917E-05 9.98917E-05 9.98917E-05 9.98917E-05 9.98917E-05 9.98917E-05
0.0503094 9.99188E-05 0.243215 9.99188E-05 0.0189667 9.99188E-05 0.0789644 0.303196 9.99188E-05 0.00720874 0.0842392 9.99188E-05 0.022043 9.99188E-05 9.99188E-05 9.99188E-05 0.147505 9.99188E-05 0.0434533
9.98738E-05 0.0267256 9.98738E-05 9.98738E-05 9.98738E-05 9.98738E-05 9.98738E-05 9.98738E-05 9.98738E-05 9.98738E-05 9.98738E-05 0.0608813 9.98738E-05 9.98738E-05 9.98738E-05 9.98738E-05 0.606354 0.0371806 0.26746
0.144607 9.98829E-05 0.279192 9.98829E-05 9.98829E-05 9.98829E-05 0.197172 0.0839288 9.98829E-05 9.98829E-05 9.98829E-05 9.98829E-05 9.98829E-05 9.98829E-05 9.98829E-05 9.98829E-05 0.244909 9.98829E-05 0.0488925
9.99099E-05 9.99099E-05 0.0444106 9.99099E-05 0.0519212 9.99099E-05 0.0281107 9.99099E-05 9.99099E-05 0.0252646 0.295669 0.217106 9.99099E-05 0.00572924 9.99099E-05 0.0283508 0.302438 9.99099E-05 9.99099E-05
9.98827E-05 9.98827E-05 0.60401 9.98827E-05 9.98827E-05 9.98827E-05 9.98827E-05 9.98827E-05 0.00746583 9.98827E-05 9.98827E-05 9.98827E-05 0.000900813 0.028462 9.98827E-05 9.98827E-05 9.98827E-05 0.163718 0.194145
9.99189E-05 9.99189E-05 9.99189E-05 0.0276813 0.0076967 0.364249 0.143487 0.0558346 9.99189E-05 9.99189E-05 0.219691 0.0558411 0.0140256 0.0030373 9.99189E-05 9.99189E-05 0.107557 9.99189E-05 9.99189E-05
9.98829E-05 9.98829E-05 0.267112 9.98829E-05 9.98829E-05 0.0922348 0.0268288 9.98829E-05 9.98829E-05 9.98829E-05 0.103816 0.434648 9.98829E-05 9.98829E-05 0.0740625 9.98829E-05 9.98829E-05 9.98829E-05 9.98829E-05
9.99099E-05 9.99099E-05 9.99099E-05 0.216732 0.00248846 9.99099E-05 9.99099E-05 0.0617042 9.99099E-05 0.0185125 0.413358 9.99099E-05 9.99099E-05 9.99099E-05 9.99099E-05 0.0383658 0.0793936 0.0466708 0.121776
0.0282919 9.99009E-05 0.250919 9.99009E-05 9.99009E-05 9.99009E-05 9.99009E-05 0.0159117 9.99009E-05 0.00500702 9.99009E-05 0.00400308 0.0485597 9.99009E-05 9.99009E-05 9.99009E-05 0.61024 9.99009E-05 0.0359692
9.98648E-05 9.98648E-05 0.100952 9.98648E-05 9.98648E-05 0.401249 0.123495 9.98648E-05 9.98648E-05 9.98648E-05 9.98648E-05 0.372806 9.98648E-05 9.98648E-05 9.98648E-05 9.98648E-05 9.98648E-05 9.98648E-05 9.98648E-05
9.99008E-05 0.035503 0.152326 9.99008E-05 9.99008E-05 9.99008E-05 9.99008E-05 0.0713713 9.99008E-05 9.99008E-05 0.0315442 9.99008E-05 9.99008E-05 0.00573945 9.99008E-05 9.99008E-05 0.154505 0.24721 0.300702
9.98739E-05 9.98739E-05 9.98739E-05 9.98739E-05 9.98739E-05 9.98739E-05 9.98739E-05 0.0588233 9.98739E-05 9.98739E-05 9.98739E-05 0.0455228 9.98739E-05 9.98739E-05 9.98739E-05 9.98739E-05 0.695429 0.00878278 0.190044
9.98918E-05 9.98918E-05 0.0124326 0.00567402 9.98918E-05 0.0652232 0.099334 0.0628951 9.98918E-05 9.98918E-05 9.98918E-05 9.98918E-05 9.98918E-05 9.98918E-05 9.98918E-05 9.98918E-05 0.502858 9.98918E-05 0.250385
9.9901E-05 9.9901E-05 0.0236495 0.0806491 9.9901E-05 9.9901E-05 0.00500512 9.9901E-05 9.9901E-05 0.0278578 0.179077 0.317372 9.9901E-05 9.9901E-05 0.133692 9.9901E-05 0.2316 9.9901E-05 9.9901E-05
9.98648E-05 9.98648E-05 9.98648E-05 9.98648E-05 9.98648E-05 0.00330596 9.98648E-05 9.98648E-05 0.304817 0.00259502 9.98648E-05 9.98648E-05 9.98648E-05 0.687784 9.98648E-05 9.98648E-05 9.98648E-05 9.98648E-05 9.98648E-05
9.98829E-05 9.98829E-05 9.98829E-05 9.98829E-05 9.98829E-05 9.98829E-05 9.98829E-05 0.027909 0.0754986 9.98829E-05 0.0018471 9.98829E-05 9.98829E-05 0.759686 0.0300608 0.1037 9.98829E-05 9.98829E-05 9.98829E-05
9.98467E-05 9.98467E-05 9.98467E-05 9.98467E-05 9.98467E-05 9.98467E-05 9.98467E-05 0.185902 9.98467E-05 9.98467E-05 9.98467E-05 9.98467E-05 9.98467E-05 0.812401 9.98467E-05 9.98467E-05 9.98467E-05 9.98467E-05 9.98467E-05
9.98648E-05 9.98648E-05 9.98648E-05 9.98648E-05 9.98648E-05 9.98648E-05 9.98648E-05 9.98648E-05 9.98648E-05 9.98648E-05 9.98648E-05 0.00394836 9.98648E-05 0.614302 0.303242 0.0770095 9.98648E-05 9.98648E-05 9.98648E-05
9.98739E-05 9.98739E-05 9.98739E-05 9.98739E-05 0.0191864 0.0523722 9.98739E-05 9.98739E-05 9.98739E-05 9.98739E-05 0.139745 0.0443109 9.98739E-05 0.742988 9.98739E-05 9.98739E-05 9.98739E-05 9.98739E-05 9.98739E-05
9.98917E-05 0.202803 0.106925 9.98917E-05 0.0188928 9.98917E-05 9.98917E-05 9.98917E-05 9.98917E-05 0.0599225 9.98917E-05 9.98917E-05 9.98917E-05 0.422782 9.98917E-05 9.98917E-05 0.178238 9.98917E-05 0.00923733
0.0397857 9.99098E-05 9.99098E-05 9.99098E-05 0.0599318 0.0660352 0.0442347 9.99098E-05 9.99098E-05 0.30401 0.0662442 0.112607 0.00466873 0.301484 9.99098E-05 9.99098E-05 9.99098E-05 9.99098E-05 9.99098E-05
9.98739E-05 0.226154 9.98739E-05 9.98739E-05 0.0526619 9.98739E-05 9.98739E-05 9.98739E-05 9.98739E-05 9.98739E-05 9.98739E-05 9.98739E-05 9.98739E-05 0.236581 9.98739E-05 9.98739E-05 9.98739E-05 0.310349 0.172856
0.0738097 9.98647E-05 9.98647E-05 9.98647E-05 9.98647E-05 9.98647E-05 9.98647E-05 9.98647E-05 0.680225 0.177498 9.98647E-05 9.98647E-05 9.98647E-05 0.0669686 9.98647E-05 9.98647E-05 9.98647E-05 9.98647E-05 9.98647E-05
9.98828E-05 0.0447718 9.98828E-05 0.00719165 9.98828E-05 9.98828E-05 9.98828E-05 0.136636 9.98828E-05 0.0103241 9.98828E-05 9.98828E-05 9.98828E-05 0.79255 9.98828E-05 9.98828E-05 9.98828E-05 0.00722792 9.98828E-05
9.98649E-05 9.98649E-05 9.98649E-05 9.98649E-05 9.98649E-05 9.98649E-05 9.98649E-05 9.98649E-05 9.98649E-05 9.98649E-05 0.0608926 9.98649E-05 9.98649E-05 0.815636 0.0142559 0.107718 9.98649E-05 9.98649E-05 9.98649E-05
0.00301451 0.102076 9.98922E-05 9.98922E-05 9.98922E-05 9.98922E-05 9.98922E-05 9.98922E-05 9.98922E-05 9.98922E-05 9.98922E-05 9.98922E-05 9.98922E-05 0.540295 0.137287 9.98922E-05 0.0329849 0.116686 0.0664578
9.99008E-05 0.193128 9.99008E-05 0.0435264 9.99008E-05 9.99008E-05 9.99008E-05 0.0765107 9.99008E-05 0.635362 9.99008E-05 9.99008E-05 9.99008E-05 0.0139121 9.99008E-05 0.0329051 0.00223998 0.00131592 9.99008E-05
9.98647E-05 0.14854 9.98647E-05 9.98647E-05 9.98647E-05 9.98647E-05 9.98647E-05 9.98647E-05 9.98647E-05 9.98647E-05 9.98647E-05 9.98647E-05 9.98647E-05 0.568759 9.98647E-05 9.98647E-05 9.98647E-05 0.127117 0.154086
0.001165 0.12535 9.98828E-05 9.98828E-05 9.98828E-05 9.98828E-05 9.98828E-05 9.98828E-05 9.98828E-05 0.0349962 9.98828E-05 9.98828E-05 9.98828E-05 0.60787 9.98828E-05 9.98828E-05 0.174565 9.98828E-05 0.0547558
9.98559E-05 9.98559E-05 9.98559E-05 9.98559E-05 9.98559E-05 9.98559E-05 9.98559E-05 9.98559E-05 9.98559E-05 9.98559E-05 0.129932 9.98559E-05 9.98559E-05 0.814217 9.98559E-05 0.0542531 9.98559E-05 9.98559E-05 9.98559E-05
9.98741E-05 9.98741E-05 9.98741E-05 9.98741E-05 9.98741E-05 0.0704132 9.98741E-05 9.98741E-05 0.125407 9.98741E-05 0.0291045 0.0560792 9.98741E-05 0.717598 9.98741E-05 9.98741E-05 9.98741E-05 9.98741E-05 9.98741E-05
9.98558E-05 9.98558E-05 9.98558E-05 9.98558E-05 9.98558E-05 0.19012 9.98558E-05 9.98558E-05 0.185814 9.98558E-05 9.98558E-05 9.98558E-05 9.98558E-05 0.622469 9.98558E-05 9.98558E-05 9.98558E-05 9.98558E-05 9.98558E-05
9.98649E-05 9.98649E-05 9.98649E-05 9.98649E-05 0.0371197 9.98649E-05 9.98649E-05 9.98649E-05 9.98649E-05 9.98649E-05 9.98649E-05 0.0570494 9.98649E-05 0.675392 0.228941 9.98649E-05 9.98649E-05 9.98649E-05 9.98649E-05
9.98557E-05 0.288146 9.98557E-05 9.98557E-05 0.549829 9.98557E-05 9.98557E-05 0.160427 9.98557E-05 9.98557E-05 9.98557E-05 9.98557E-05 9.98557E-05 9.98557E-05 9.98557E-05 9.98557E-05 9.98557E-05 9.98557E-05 9.98557E-05
9.98739E-05 0.867491 9.98739E-05 0.0255725 9.98739E-05 9.98739E-05 9.98739E-05 0.00268293 0.0948556 9.98739E-05 9.98739E-05 0.00799982 9.98739E-05 9.98739E-05 9.98739E-05 9.98739E-05 9.98739E-05 9.98739E-05 9.98739E-05
0.0751199 0.592909 9.98829E-05 9.98829E-05 9.98829E-05 9.98829E-05 9.98829E-05 9.98829E-05 9.98829E-05 9.98829E-05 9.98829E-05 9.98829E-05 0.114319 0.0295831 9.98829E-05 9.98829E-05 9.98829E-05 0.0540771 0.132693
0.0173943 0.249039 9.99099E-05 9.99099E-05 0.207871 9.99099E-05 9.99099E-05 0.00299024 0.1045 0.0649757 9.99099E-05 9.99099E-05 9.99099E-05 9.99099E-05 0.314748 0.025254 9.99099E-05 0.0122287 9.99099E-05
9.98647E-05 0.387938 9.98647E-05 9.98647E-05 0.210636 9.98647E-05 9.98647E-05 0.161962 9.98647E-05 9.98647E-05 9.98647E-05 9.98647E-05 9.98647E-05 0.237966 9.98647E-05 9.98647E-05 9.98647E-05 9.98647E-05 9.98647E-05
9.99008E-05 0.503134 0.135466 0.0138107 9.99008E-05 0.0682721 9.99008E-05 9.99008E-05 9.99008E-05 0.0439336 9.99008E-05 9.99008E-05 9.99008E-05 0.0105574 9.99008E-05 0.218258 0.0054691 9.99008E-05 9.99008E-05
9.98559E-05 9.98559E-05 9.98559E-05 9.98559E-05 9.98559E-05 9.98559E-05 9.98559E-05 9.98559E-05 9.98559E-05 0.663058 9.98559E-05 0.182074 9.98559E-05 9.98559E-05 0.153271 9.98559E-05 9.98559E-05 9.98559E-05 9.98559E-05
9.98738E-05 9.98738E-05 9.98738E-05 9.98738E-05 0.570965 0.00576776 0.169653 9.98738E-05 9.98738E-05 9.98738E-05 9.98738E-05 0.0471818 9.98738E-05 9.98738E-05 9.98738E-05 0.205034 9.98738E-05 9.98738E-05 9.98738E-05
9.98828E-05 0.638218 0.0559008 9.98828E-05 9.98828E-05 9.98828E-05 9.98828E-05 9.98828E-05 9.98828E-05 9.98828E-05 9.98828E-05 9.98828E-05 0.00443297 0.154663 9.98828E-05 9.98828E-05 0.0910457 9.98828E-05 0.0544412
0.024911 0.374115 9.98647E-05 9.98647E-05 0.424803 9.98647E-05 9.98647E-05 0.174673 9.98647E-05 9.98647E-05 9.98647E-05 9.98647E-05 9.98647E-05 9.98647E-05 9.98647E-05 9.98647E-05 9.98647E-05 9.98647E-05 9.98647E-05
9.9874E-05 0.439779 9.9874E-05 9.9874E-05 9.9874E-05 9.9874E-05 9.9874E-05 9.9874E-05 9.9874E-05 9.9874E-05 9.9874E-05 0.0061525 9.9874E-05 9.9874E-05 9.9874E-05 0.0398786 9.9874E-05 0.484601 0.0281902
0.0473941 0.19027 9.9883E-05 9.9883E-05 0.445981 9.9883E-05 0.160725 9.9883E-05 0.023527 9.9883E-05 9.9883E-05 9.9883E-05 9.9883E-05 9.9883E-05 9.9883E-05 0.130804 9.9883E-05 9.9883E-05 9.9883E-05
9.98648E-05 0.770781 9.98648E-05 9.98648E-05 0.0236329 9.98648E-05 9.98648E-05 9.98648E-05 0.176614 9.98648E-05 9.98648E-05 9.98648E-05 9.98648E-05 9.98648E-05 9.98648E-05 0.0274736 9.98648E-05 9.98648E-05 9.98648E-05
9.98378E-05 9.98378E-05 9.98378E-05 9.98378E-05 9.98378E-05 9.98378E-05 9.98378E-05 9.98378E-05 9.98378E-05 9.98378E-05 9.98378E-05 9.98378E-05 9.98378E-05 9.98378E-05 9.98378E-05 0.998203 9.98378E-05 9.98378E-05 9.98378E-05
9.99098E-05 9.99098E-05 0.0026554 9.99098E-05 0.3035 0.235742 9.99098E-05 9.99098E-05 9.99098E-05 0.17724 0.00644803 0.0347644 0.0264743 0.0674689 9.99098E-05 0.144707 9.99098E-05 9.99098E-05 9.99098E-05
0.0322773 0.145804 0.000547868 9.99189E-05 0.236095 0.211092 0.136594 9.99189E-05 9.99189E-05 0.0323053 0.0481889 9.99189E-05 9.99189E-05 0.00814826 9.99189E-05 0.148048 9.99189E-05 9.99189E-05 9.99189E-05
0.0199722 0.0186497 9.99099E-05 9.99099E-05 0.0888833 9.99099E-05 9.99099E-05 9.99099E-05 0.0685264 0.104312 9.99099E-05 0.0981693 9.99099E-05 9.99099E-05 0.275829 0.297068 0.0275905 9.99099E-05 9.99099E-05
0.200782 9.98649E-05 9.98649E-05 9.98649E-05 9.98649E-05 9.98649E-05 9.98649E-05 9.98649E-05 9.98649E-05 9.98649E-05 9.98649E-05 0.04779 9.98649E-05 0.356121 0.39381 9.98649E-05 9.98649E-05 9.98649E-05 9.98649E-05
0.0082314 0.507982 9.98827E-05 0.00189581 0.31453 9.98827E-05 9.98827E-05 0.147039 9.98827E-05 0.0190238 9.98827E-05 9.98827E-05 9.98827E-05 9.98827E-05 9.98827E-05 9.98827E-05 9.98827E-05 9.98827E-05 9.98827E-05
0.287697 9.98738E-05 9.98738E-05 9.98738E-05 0.09058 9.98738E-05 9.98738E-05 9.98738E-05 0.0249013 9.98738E-05 9.98738E-05 9.98738E-05 9.98738E-05 9.98738E-05 9.98738E-05 0.490641 9.98738E-05 0.104782 9.98738E-05
0.0736317 0.810654 9.98738E-05 9.98738E-05 9.98738E-05 0.0170839 9.98738E-05 0.0967513 9.98738E-05 0.00048065 9.98738E-05 9.98738E-05 9.98738E-05 9.98738E-05 9.98738E-05 9.98738E-05 9.98738E-05 9.98738E-05 9.98738E-05
9.98647E-05 0.100857 9.98647E-05 9.98647E-05 0.589993 9.98647E-05 9.98647E-05 9.98647E-05 0.192164 9.98647E-05 9.98647E-05 9.98647E-05 9.98647E-05 9.98647E-05 9.98647E-05 0.115487 9.98647E-05 9.98647E-05 9.98647E-05
9.98918E-05 0.0523409 9.98918E-05 9.98918E-05 0.605187 0.00780457 9.98918E-05 0.138835 9.98918E-05 0.111871 9.98918E-05 9.98918E-05 9.98918E-05 0.0392901 9.98918E-05 0.0434732 9.98918E-05 9.98918E-05 9.98918E-05
0.0319304 0.253857 9.98829E-05 9.98829E-05 0.486201 0.0668671 0.152441 9.98829E-05 9.98829E-05 9.98829E-05 0.00740532 9.98829E-05 9.98829E-05 9.98829E-05 9.98829E-05 9.98829E-05 9.98829E-05 9.98829E-05 9.98829E-05
9.98829E-05 0.243289 9.98829E-05 0.153781 0.0358277 9.98829E-05 9.98829E-05 9.98829E-05 9.98829E-05 0.49133 9.98829E-05 9.98829E-05 9.98829E-05 9.98829E-05 9.98829E-05 9.98829E-05 0.0618285 0.012645 9.98829E-05
9.98559E-05 9.98559E-05 9.98559E-05 9.98559E-05 0.615482 9.98559E-05 9.98559E-05 9.98559E-05 9.98559E-05 9.98559E-05 9.98559E-05 9.98559E-05 9.98559E-05 0.0485638 0.334357 9.98559E-05 9.98559E-05 9.98559E-05 9.98559E-05
0.0948714 0.141703 0.0358426 9.98828E-05 0.313367 9.98828E-05 9.98828E-05 9.98828E-05 9.98828E-05 9.98828E-05 9.98828E-05 9.98828E-05 9.98828E-05 9.98828E-05 9.98828E-05 9.98828E-05 0.0432962 9.98828E-05 0.369622
9.99008E-05 9.99008E-05 9.99008E-05 9.99008E-05 0.179319 0.132679 0.0233187 9.99008E-05 9.99008E-05 0.413902 0.125819 9.99008E-05 9.99008E-05 0.0532038 9.99008E-05 0.0428901 0.0277692 9.99008E-05 9.99008E-05
9.98474E-05 9.98474E-05 9.98474E-05 9.98474E-05 0.799022 9.98474E-05 9.98474E-05 9.98474E-05 0.199281 9.98474E-05 9.98474E-05 9.98474E-05 9.98474E-05 9.98474E-05 9.98474E-05 9.98474E-05 9.98474E-05 9.98474E-05 9.98474E-05
9.98649E-05 9.98649E-05 9.98649E-05 9.98649E-05 0.629649 0.0638678 9.98649E-05 9.98649E-05 0.294999 9.98649E-05 9.98649E-05 9.98649E-05 9.98649E-05 9.98649E-05 9.98649E-05 9.98649E-05 9.98649E-05 9.98649E-05 0.00998575
0.0334723 9.98737E-05 9.98737E-05 9.98737E-05 0.0244692 9.98737E-05 9.98737E-05 9.98737E-05 9.98737E-05 0.855462 9.98737E-05 0.0293347 9.98737E-05 9.98737E-05 9.98737E-05 9.98737E-05 0.0558639 9.98737E-05 9.98737E-05
9.98648E-05 0.0631798 9.98648E-05 9.98648E-05 9.98648E-05 9.98648E-05 9.98648E-05 0.204421 9.98648E-05 0.621371 9.98648E-05 9.98648E-05 9.98648E-05 0.109531 9.98648E-05 9.98648E-05 9.98648E-05 9.98648E-05 9.98648E-05
9.98557E-05 0.152673 9.98557E-05 9.98557E-05 9.98557E-05 9.98557E-05 9.98557E-05 9.98557E-05 9.98557E-05 0.574615 9.98557E-05 9.98557E-05 9.98557E-05 9.98557E-05 9.98557E-05 9.98557E-05 9.98557E-05 0.271114 9.98557E-05
9.98648E-05 0.32698 9.98648E-05 9.98648E-05 0.231741 9.98648E-05 9.98648E-05 9.98648E-05 9.98648E-05 0.0196199 9.98648E-05 9.98648E-05 9.98648E-05 9.98648E-05 9.98648E-05 9.98648E-05 9.98648E-05 9.98648E-05 0.420161
9.98739E-05 9.98739E-05 9.98739E-05 9.98739E-05 9.98739E-05 9.98739E-05 0.063523 9.98739E-05 0.0812909 9.98739E-05 9.98739E-05 0.0313825 9.98739E-05 0.624445 0.19796 9.98739E-05 9.98739E-05 9.98739E-05 9.98739E-05
9.98827E-05 0.347215 9.98827E-05 0.0284048 0.403804 9.98827E-05 9.98827E-05 9.98827E-05 9.98827E-05 9.98827E-05 9.98827E-05 9.98827E-05 9.98827E-05 9.98827E-05 9.98827E-05 9.98827E-05 0.070691 0.0401584 0.108429
9.98558E-05 9.98558E-05 9.98558E-05 9.98558E-05 0.500254 9.98558E-05 9.98558E-05 9.98558E-05 0.0778692 0.420279 9.98558E-05 9.98558E-05 9.98558E-05 9.98558E-05 9.98558E-05 9.98558E-05 9.98558E-05 9.98558E-05 9.98558E-05
9.98828E-05 9.98828E-05 9.98828E-05 9.98828E-05 9.98828E-05 0.022766 9.98828E-05 9.98828E-05 9.98828E-05 0.660285 0.161758 0.134155 9.98828E-05 0.0112155 9.98828E-05 0.00852118 9.98828E-05 9.98828E-05 9.98828E-05
9.98647E-05 0.109892 9.98647E-05 9.98647E-05 9.98647E-05 9.98647E-05 9.98647E-05 9.98647E-05 9.98647E-05 9.98647E-05 9.98647E-05 9.98647E-05 9.98647E-05 0.694334 9.98647E-05 9.98647E-05 9.98647E-05 0.0537754 0.140501
9.9874E-05 0.283443 9.9874E-05 9.9874E-05 9.9874E-05 9.9874E-05 9.9874E-05 9.9874E-05 9.9874E-05 0.102171 9.9874E-05 9.9874E-05 9.9874E-05 0.13452 9.9874E-05 9.9874E-05 9.9874E-05 0.105036 0.373432
9.98737E-05 0.181236 0.00999127 9.98737E-05 9.98737E-05 9.98737E-05 9.98737E-05 9.98737E-05 9.98737E-05 9.98737E-05 9.98737E-05 9.98737E-05 9.98737E-05 0.659856 9.98737E-05 9.98737E-05 0.110587 9.98737E-05 0.0369311
0.0655075 0.079321 9.98738E-05 9.98738E-05 9.98738E-05 9.98738E-05 9.98738E-05 0.239642 9.98738E-05 0.410401 9.98738E-05 9.98738E-05 9.98738E-05 0.203731 9.98738E-05 9.98738E-05 9.98738E-05 9.98738E-05 9.98738E-05
9.9883E-05 0.262473 9.9883E-05 9.9883E-05 9.9883E-05 9.9883E-05 9.9883E-05 9.9883E-05 0.0423928 0.14443 9.9883E-05 9.9883E-05 9.9883E-05 0.107434 9.9883E-05 0.0192301 9.9883E-05 0.422741 9.9883E-05
9.98828E-05 9.98828E-05 9.98828E-05 9.98828E-05 0.35577 9.98828E-05 9.98828E-05 9.98828E-05 9.98828E-05 9.98828E-05 0.0928137 9.98828E-05 9.98828E-05 0.207646 0.0973314 0.234742 9.98828E-05 9.98828E-05 0.0103986
9.98829E-05 0.273434 9.98829E-05 9.98829E-05 0.386986 9.98829E-05 9.98829E-05 0.0321383 9.98829E-05 9.98829E-05 0.10924 9.98829E-05 9.98829E-05 9.98829E-05 9.98829E-05 0.189426 9.98829E-05 9.98829E-05 0.00747694
0.0914325 9.98829E-05 9.98829E-05 9.98829E-05 9.98829E-05 0.019733 9.98829E-05 9.98829E-05 9.98829E-05 9.98829E-05 0.036915 9.98829E-05 9.98829E-05 0.00516681 9.98829E-05 0.802048 9.98829E-05 9.98829E-05 0.0434063
9.98738E-05 0.486289 9.98738E-05 9.98738E-05 0.295501 9.98738E-05 9.98738E-05 9.98738E-05 9.98738E-05 9.98738E-05 9.98738E-05 9.98738E-05 0.0538575 9.98738E-05 9.98738E-05 9.98738E-05 9.98738E-05 0.0173552 0.145599
9.98917E-05 0.0708375 9.98917E-05 9.98917E-05 0.449993 9.98917E-05 9.98917E-05 0.0890745 0.252091 0.0127005 9.98917E-05 9.98917E-05 9.98917E-05 0.0297013 9.98917E-05 0.0944042 9.98917E-05 9.98917E-05 9.98917E-05
9.98649E-05 9.98649E-05 9.98649E-05 9.98649E-05 0.86703 9.98649E-05 9.98649E-05 9.98649E-05 9.98649E-05 0.00727005 9.98649E-05 0.0764088 9.98649E-05 9.98649E-05 0.0477933 9.98649E-05 9.98649E-05 9.98649E-05 9.98649E-05
0.594749 9.99007E-05 0.0165383 9.99007E-05 9.99007E-05 9.99007E-05 9.99007E-05 0.0051967 9.99007E-05 9.99007E-05 9.99007E-05 9.99007E-05 0.0184881 0.206709 9.99007E-05 9.99007E-05 0.119877 0.0107512 0.0265917
0.421403 0.385643 0.00811279 9.98647E-05 9.98647E-05 9.98647E-05 9.98647E-05 9.98647E-05 9.98647E-05 9.98647E-05 9.98647E-05 9.98647E-05 9.98647E-05 9.98647E-05 9.98647E-05 9.98647E-05 9.98647E-05 9.98647E-05 0.183344
0.580135 9.98648E-05 9.98648E-05 9.98648E-05 9.98648E-05 9.98648E-05 0.172744 9.98648E-05 9.98648E-05 0.0888826 9.98648E-05 9.98648E-05 9.98648E-05 0.15674 9.98648E-05 9.98648E-05 9.98648E-05 9.98648E-05 9.98648E-05
0.534698 0.226604 0.0474072 9.98827E-05 0.0425696 9.98827E-05 9.98827E-05 9.98827E-05 9.98827E-05 9.98827E-05 9.98827E-05 9.98827E-05 9.98827E-05 9.98827E-05 9.98827E-05 0.00438756 9.98827E-05 9.98827E-05 0.143035
0.752307 0.109892 9.98557E-05 9.98557E-05 9.98557E-05 9.98557E-05 9.98557E-05 9.98557E-05 9.98557E-05 9.98557E-05 9.98557E-05 9.98557E-05 9.98557E-05 9.98557E-05 9.98557E-05 9.98557E-05 9.98557E-05 9.98557E-05 0.136203
0.714584 9.98647E-05 9.98647E-05 9.98647E-05 9.98647E-05 9.98647E-05 0.0367317 9.98647E-05 0.137324 9.98647E-05 9.98647E-05 0.109862 9.98647E-05 9.98647E-05 9.98647E-05 9.98647E-05 9.98647E-05 9.98647E-05 9.98647E-05
0.363862 0.183689 9.98828E-05 0.019043 0.301556 9.98828E-05 9.98828E-05 9.98828E-05 9.98828E-05 9.98828E-05 0.00894539 9.98828E-05 9.98828E-05 9.98828E-05 9.98828E-05 9.98828E-05 0.121607 9.98828E-05 9.98828E-05
0.848502 0.0745972 9.98558E-05 9.98558E-05 9.98558E-05 9.98558E-05 9.98558E-05 0.0753032 9.98558E-05 9.98558E-05 9.98558E-05 9.98558E-05 9.98558E-05 9.98558E-05 9.98558E-05 9.98558E-05 9.98558E-05 9.98558E-05 9.98558E-05
9.98739E-05 0.0329202 9.98739E-05 0.596443 9.98739E-05 9.98739E-05 9.98739E-05 9.98739E-05 9.98739E-05 0.00448257 9.98739E-05 9.98739E-05 0.00987783 9.98739E-05 9.98739E-05 9.98739E-05 9.98739E-05 0.354879 9.98739E-05
9.9883E-05 0.165754 9.9883E-05 0.500415 9.9883E-05 9.9883E-05 9.9883E-05 0.166769 9.9883E-05 9.9883E-05 0.0295725 9.9883E-05 9.9883E-05 9.9883E-05 9.9883E-05 9.9883E-05 9.9883E-05 0.0894954 0.0466952
9.9874E-05 9.9874E-05 9.9874E-05 0.721204 9.9874E-05 9.9874E-05 9.9874E-05 0.0486601 9.9874E-05 9.9874E-05 9.9874E-05 9.9874E-05 9.9874E-05 9.9874E-05 0.175834 0.044761 9.9874E-05 0.00814289 9.9874E-05
9.9856E-05 9.9856E-05 0.042306 0.538626 9.9856E-05 9.9856E-05 0.41747 9.9856E-05 9.9856E-05 9.9856E-05 9.9856E-05 9.9856E-05 9.9856E-05 9.9856E-05 9.9856E-05 9.9856E-05 9.9856E-05 9.9856E-05 9.9856E-05
9.98558E-05 9.98558E-05 9.98558E-05 0.643162 9.98558E-05 9.98558E-05 9.98558E-05 9.98558E-05 9.98558E-05 9.98558E-05 9.98558E-05 9.98558E-05 0.0810884 9.98558E-05 9.98558E-05 9.98558E-05 9.98558E-05 0.274152 9.98558E-05
0.0224885 9.99188E-05 9.99188E-05 0.192413 0.0349675 9.99188E-05 0.158743 9.99188E-05 0.0442424 0.00536452 0.0428822 0.0195774 9.99188E-05 9.99188E-05 0.0187028 9.99188E-05 0.45972 9.99188E-05 9.99188E-05
9.98647E-05 9.98647E-05 0.0531314 0.522705 9.98647E-05 9.98647E-05 9.98647E-05 9.98647E-05 9.98647E-05 9.98647E-05 9.98647E-05 9.98647E-05 9.98647E-05 9.98647E-05 9.98647E-05 9.98647E-05 0.0747856 9.98647E-05 0.34788
9.98558E-05 0.0243713 9.98558E-05 0.702113 9.98558E-05 9.98558E-05 9.98558E-05 9.98558E-05 9.98558E-05 9.98558E-05 9.98558E-05 9.98558E-05 9.98558E-05 9.98558E-05 9.98558E-05 9.98558E-05 9.98558E-05 0.271918 9.98558E-05
0.0107953 9.98919E-05 0.0013865 0.593281 9.98919E-05 9.98919E-05 9.98919E-05 0.336616 9.98919E-05 0.0315271 9.98919E-05 9.98919E-05 9.98919E-05 0.013105 9.98919E-05 9.98919E-05 9.98919E-05 9.98919E-05 0.0120903
9.98647E-05 9.98647E-05 9.98647E-05 0.419279 9.98647E-05 0.0536868 9.98647E-05 9.98647E-05 0.459881 9.98647E-05 9.98647E-05 0.0656552 9.98647E-05 9.98647E-05 9.98647E-05 9.98647E-05 9.98647E-05 9.98647E-05 9.98647E-05
9.98649E-05 0.076674 9.98649E-05 0.23134 9.98649E-05 9.98649E-05 9.98649E-05 9.98649E-05 9.98649E-05 9.98649E-05 9.98649E-05 9.98649E-05 0.143732 9.98649E-05 9.98649E-05 9.98649E-05 9.98649E-05 0.546756 9.98649E-05
9.98828E-05 9.98828E-05 9.98828E-05 0.415934 9.98828E-05 0.325788 9.98828E-05 9.98828E-05 0.138633 9.98828E-05 9.98828E-05 0.0527958 0.0337855 9.98828E-05 9.98828E-05 9.98828E-05 9.98828E-05 9.98828E-05 0.031766
9.98739E-05 0.0488851 9.98739E-05 0.760139 9.98739E-05 9.98739E-05 9.98739E-05 0.0176382 9.98739E-05 9.98739E-05 9.98739E-05 9.98739E-05 9.98739E-05 9.98739E-05 9.98739E-05 9.98739E-05 0.0631935 0.108746 9.98739E-05
0.0269229 9.98918E-05 9.98918E-05 0.486832 0.0395567 0.122811 0.0114234 0.206188 9.98918E-05 9.98918E-05 9.98918E-05 9.98918E-05 9.98918E-05 9.98918E-05 9.98918E-05 9.98918E-05 0.105067 9.98918E-05 9.98918E-05
9.98828E-05 9.98828E-05 9.98828E-05 0.439203 9.98828E-05 9.98828E-05 9.98828E-05 0.372785 0.143594 9.98828E-05 9.98828E-05 9.98828E-05 0.00968753 0.00776 9.98828E-05 9.98828E-05 9.98828E-05 0.025672 9.98828E-05
9.99099E-05 0.0122842 0.0419623 0.330805 9.99099E-05 9.99099E-05 9.99099E-05 9.99099E-05 9.99099E-05 0.0224398 9.99099E-05 0.0114479 9.99099E-05 0.0246112 9.99099E-05 9.99099E-05 0.479586 0.0465965 0.029268
9.98737E-05 9.98737E-05 9.98737E-05 0.46588 0.0889539 9.98737E-05 0.0960499 9.98737E-05 9.98737E-05 9.98737E-05 0.24876 0.098958 9.98737E-05 9.98737E-05 9.98737E-05 9.98737E-05 9.98737E-05 9.98737E-05 9.98737E-05
9.98647E-05 9.98647E-05 9.98647E-05 0.355897 9.98647E-05 0.0122111 9.98647E-05 9.98647E-05 9.98647E-05 9.98647E-05 9.98647E-05 0.0354159 9.98647E-05 9.98647E-05 0.594978 9.98647E-05 9.98647E-05 9.98647E-05 9.98647E-05
9.98829E-05 0.129812 9.98829E-05 0.39536 0.00398038 9.98829E-05 9.98829E-05 0.399944 9.98829E-05 9.98829E-05 9.98829E-05 9.98829E-05 9.98829E-05 0.0573575 9.98829E-05 9.98829E-05 9.98829E-05 9.98829E-05 0.0122474
9.98739E-05 0.0426953 9.98739E-05 0.754455 9.98739E-05 9.98739E-05 9.98739E-05 9.98739E-05 9.98739E-05 9.98739E-05 9.98739E-05 9.98739E-05 9.98739E-05 9.98739E-05 9.98739E-05 9.98739E-05 0.157307 0.00437509 0.0397696
9.98828E-05 9.98828E-05 9.98828E-05 0.498855 9.98828E-05 9.98828E-05 0.00832289 0.272914 0.206809 9.98828E-05 9.98828E-05 9.98828E-05 9.98828E-05 0.00424186 9.98828E-05 0.00755817 9.98828E-05 9.98828E-05 9.98828E-05
9.98739E-05 9.98739E-05 9.98739E-05 0.563436 9.98739E-05 9.98739E-05 9.98739E-05 9.98739E-05 0.111073 9.98739E-05 0.13661 9.98739E-05 9.98739E-05 9.98739E-05 0.112236 0.0752469 9.98739E-05 9.98739E-05 9.98739E-05
9.98737E-05 9.98737E-05 9.98737E-05 9.98737E-05 9.98737E-05 9.98737E-05 0.181301 9.98737E-05 0.456538 9.98737E-05 0.0893291 9.98737E-05 0.00195878 9.98737E-05 9.98737E-05 9.98737E-05 0.269476 9.98737E-05 9.98737E-05
0.00417075 9.98917E-05 0.209465 9.98917E-05 9.98917E-05 9.98917E-05 0.0149942 9.98917E-05 9.98917E-05 9.98917E-05 9.98917E-05 0.0485468 0.583255 9.98917E-05 9.98917E-05 9.98917E-05 0.0446645 9.98917E-05 0.0937058
0.0135569 9.99008E-05 9.99008E-05 9.99008E-05 9.99008E-05 9.99008E-05 0.0621198 0.000253302 9.99008E-05 0.0034699 0.149462 9.99008E-05 0.014667 9.99008E-05 0.539485 9.99008E-05 0.215888 9.99008E-05 9.99008E-05
9.98918E-05 0.0156106 9.98918E-05 9.98918E-05 9.98918E-05 9.98918E-05 9.98918E-05 0.111246 0.0373978 9.98918E-05 9.98918E-05 9.98918E-05 0.0766769 0.0032375 9.98918E-05 9.98918E-05 0.686707 0.0679255 9.98918E-05
9.98647E-05 0.0264564 9.98647E-05 9.98647E-05 9.98647E-05 9.98647E-05 9.98647E-05 9.98647E-05 9.98647E-05 9.98647E-05 9.98647E-05 9.98647E-05 0.68113 9.98647E-05 9.98647E-05 9.98647E-05 9.98647E-05 0.251275 0.0396411
9.98828E-05 9.98828E-05 9.98828E-05 9.98828E-05 9.98828E-05 0.324245 9.98828E-05 9.98828E-05 9.98828E-05 9.98828E-05 0.344555 0.155213 0.00716256 9.98828E-05 0.0372078 9.98828E-05 0.130317 9.98828E-05 9.98828E-05
9.98737E-05 9.98737E-05 9.98737E-05 9.98737E-05 9.98737E-05 0.140002 9.98737E-05 9.98737E-05 0.051123 9.98737E-05 9.98737E-05 0.0326079 0.758433 9.98737E-05 9.98737E-05 0.0164357 9.98737E-05 9.98737E-05 9.98737E-05
0.0292604 9.98918E-05 9.98918E-05 9.98918E-05 0.0936563 9.98918E-05 0.0303773 0.206502 9.98918E-05 9.98918E-05 0.204039 9.98918E-05 9.98918E-05 9.98918E-05 9.98918E-05 9.98918E-05 0.375352 9.98918E-05 0.059614
9.98829E-05 9.98829E-05 0.0557473 9.98829E-05 9.98829E-05 9.98829E-05 9.98829E-05 9.98829E-05 9.98829E-05 9.98829E-05 0.263585 9.98829E-05 0.576033 0.0124258 0.0762737 0.0146363 9.98829E-05 9.98829E-05 9.98829E-05
9.98739E-05 9.98739E-05 9.98739E-05 9.98739E-05 9.98739E-05 9.98739E-05 9.98739E-05 9.98739E-05 9.98739E-05 9.98739E-05 0.0521885 9.98739E-05 0.340979 9.98739E-05 9.98739E-05 9.98739E-05 0.216195 0.0403111 0.348929
9.98917E-05 9.98917E-05 9.98917E-05 9.98917E-05 0.0322962 0.160331 0.10275 0.0803768 0.140973 9.98917E-05 0.420645 9.98917E-05 0.0614299 9.98917E-05 9.98917E-05 9.98917E-05 9.98917E-05 9.98917E-05 9.98917E-05
9.98559E-05 9.98559E-05 9.98559E-05 9.98559E-05 9.98559E-05 9.98559E-05 9.98559E-05 9.98559E-05 9.98559E-05 9.98559E-05 9.98559E-05 0.0475951 0.541749 9.98559E-05 0.409059 9.98559E-05 9.98559E-05 9.98559E-05 9.98559E-05
9.98558E-05 9.98558E-05 9.98558E-05 9.98558E-05 9.98558E-05 9.98558E-05 9.98558E-05 9.98558E-05 9.98558E-05 9.98558E-05 9.98558E-05 9.98558E-05 0.618202 9.98558E-05 9.98558E-05 9.98558E-05 9.98558E-05 0.172209 0.20799
9.98919E-05 9.98919E-05 9.98919E-05 9.98919E-05 9.98919E-05 0.240583 0.2079 9.98919E-05 0.00417231 9.98919E-05 0.19279 0.265039 9.98919E-05 9.98919E-05 0.030237 9.98919E-05 0.0580806 9.98919E-05 9.98919E-05
9.98648E-05 9.98648E-05 9.98648E-05 9.98648E-05 0.023281 9.98648E-05 9.98648E-05 9.98648E-05 9.98648E-05 9.98648E-05 0.442985 0.121251 0.410986 9.98648E-05 9.98648E-05 9.98648E-05 9.98648E-05 9.98648E-05 9.98648E-05
9.98828E-05 9.98828E-05 9.98828E-05 9.98828E-05 9.98828E-05 0.101773 9.98828E-05 9.98828E-05 9.98828E-05 9.98828E-05 0.415077 0.120071 9.98828E-05 9.98828E-05 0.0678206 0.0158106 0.278149 9.98828E-05 9.98828E-05
9.98559E-05 9.98559E-05 9.98559E-05 9.98559E-05 9.98559E-05 9.98559E-05 9.98559E-05 9.98559E-05 9.98559E-05 9.98559E-05 9.98559E-05 9.98559E-05 0.625311 9.98559E-05 9.98559E-05 9.98559E-05 9.98559E-05 0.313651 0.0594398
0.0200197 9.98557E-05 9.98557E-05 9.98557E-05 9.98557E-05 9.98557E-05 9.98557E-05 9.98557E-05 9.98557E-05 9.98557E-05 0.816893 9.98557E-05 0.16149 9.98557E-05 9.98557E-05 9.98557E-05 9.98557E-05 9.98557E-05 9.98557E-05
9.98738E-05 9.98738E-05 9.98738E-05 9.98738E-05 0.0207231 0.307864 0.380712 0.171067 9.98738E-05 9.98738E-05 0.118236 9.98738E-05 9.98738E-05 9.98738E-05 9.98738E-05 9.98738E-05 9.98738E-05 9.98738E-05 9.98738E-05
0.0585894 9.99008E-05 9.99008E-05 9.99008E-05 0.00733787 0.00382699 0.100089 0.047853 9.99008E-05 9.99008E-05 9.99008E-05 9.99008E-05 0.143668 0.00529564 9.99008E-05 9.99008E-05 0.632241 9.99008E-05 9.99008E-05
9.98563E-05 9.98563E-05 9.98563E-05 9.98563E-05 9.98563E-05 9.98563E-05 9.98563E-05 9.98563E-05 0.397453 9.98563E-05 9.98563E-05 9.98563E-05 9.98563E-05 9.98563E-05 0.247774 9.98563E-05 0.353175 9.98563E-05 9.98563E-05
9.98829E-05 9.98829E-05 9.98829E-05 9.98829E-05 9.98829E-05 9.98829E-05 9.98829E-05 9.98829E-05 0.209194 9.98829E-05 0.339465 9.98829E-05 0.0514928 0.0111687 0.117113 9.98829E-05 0.270268 9.98829E-05 9.98829E-05
9.98647E-05 0.00497472 9.98647E-05 9.98647E-05 9.98647E-05 9.98647E-05 9.98647E-05 9.98647E-05 9.98647E-05 9.98647E-05 9.98647E-05 9.98647E-05 0.619991 9.98647E-05 9.98647E-05 9.98647E-05 0.175113 0.198424 9.98647E-05
9.99188E-05 0.00364124 0.177495 9.99188E-05 9.99188E-05 0.131282 0.10333 9.99188E-05 9.99188E-05 0.0439566 0.308944 9.99188E-05 9.99188E-05 0.04531 9.99188E-05 0.0162797 0.144258 9.99188E-05 0.0246045
0.0499344 9.98736E-05 9.98736E-05 9.98736E-05 9.98736E-05 9.98736E-05 0.114439 0.146035 9.98736E-05 9.98736E-05 9.98736E-05 9.98736E-05 0.594449 9.98736E-05 9.98736E-05 9.98736E-05 0.0937444 9.98736E-05 9.98736E-05
9.98919E-05 0.0921369 9.98919E-05 0.155032 9.98919E-05 9.98919E-05 9.98919E-05 0.136728 9.98919E-05 0.0564271 9.98919E-05 9.98919E-05 0.12136 9.98919E-05 9.98919E-05 9.98919E-05 0.284131 0.152987 9.98919E-05
9.99008E-05 9.99008E-05 0.14155 0.138453 9.99008E-05 0.0420539 0.0529902 9.99008E-05 9.99008E-05 0.0281798 0.522413 9.99008E-05 9.99008E-05 0.0192269 9.99008E-05 0.0540336 9.99008E-05 9.99008E-05 9.99008E-05
9.98649E-05 9.98649E-05 0.196429 9.98649E-05 9.98649E-05 9.98649E-05 9.98649E-05 0.462621 0.238338 9.98649E-05 9.98649E-05 9.98649E-05 9.98649E-05 9.98649E-05 9.98649E-05 0.101114 9.98649E-05 9.98649E-05 9.98649E-05
9.9901E-05 9.9901E-05 9.9901E-05 9.9901E-05 9.9901E-05 9.9901E-05 9.9901E-05 9.9901E-05 0.0278315 0.0287432 9.9901E-05 0.0181814 0.0176697 0.0222968 9.9901E-05 0.0412409 9.9901E-05 0.630096 0.212841
0.00786264 9.99188E-05 0.134093 0.0495006 9.99188E-05 9.99188E-05 9.99188E-05 0.346756 9.99188E-05 0.0965238 9.99188E-05 0.00442902 0.123621 9.99188E-05 9.99188E-05 9.99188E-05 0.151991 0.000207272 0.0841161
9.98827E-05 0.030072 0.295753 0.130685 9.98827E-05 0.0361318 9.98827E-05 9.98827E-05 9.98827E-05 9.98827E-05 9.98827E-05 9.98827E-05 9.98827E-05 9.98827E-05 9.98827E-05 9.98827E-05 0.306077 0.199983 9.98827E-05
9.98918E-05 9.98918E-05 9.98918E-05 9.98918E-05 9.98918E-05 0.417555 9.98918E-05 0.11867 0.214174 9.98918E-05 9.98918E-05 9.98918E-05 0.148855 0.00741721 9.98918E-05 9.98918E-05 0.0111393 0.0809906 9.98918E-05
9.98648E-05 9.98648E-05 0.0553403 9.98648E-05 9.98648E-05 9.98648E-05 9.98648E-05 9.98648E-05 9.98648E-05 9.98648E-05 9.98648E-05 9.98648E-05 0.0400151 9.98648E-05 9.98648E-05 9.98648E-05 0.439659 0.463487 9.98648E-05
9.98827E-05 9.98827E-05 9.98827E-05 9.98827E-05 9.98827E-05 0.184711 9.98827E-05 0.0779697 9.98827E-05 9.98827E-05 0.46074 0.0629247 9.98827E-05 9.98827E-05 0.141077 9.98827E-05 0.071279 9.98827E-05 9.98827E-05
9.98737E-05 9.98737E-05 0.136769 9.98737E-05 9.98737E-05 9.98737E-05 9.98737E-05 0.0412831 9.98737E-05 9.98737E-05 9.98737E-05 9.98737E-05 0.016379 9.98737E-05 9.98737E-05 9.98737E-05 0.391097 0.413074 9.98737E-05
9.98919E-05 9.98919E-05 0.23649 9.98919E-05 9.98919E-05 9.98919E-05 9.98919E-05 0.0347303 0.0388419 9.98919E-05 0.0363219 9.98919E-05 0.122824 9.98919E-05 0.40875 9.98919E-05 9.98919E-05 0.120842 9.98919E-05
9.99009E-05 9.99009E-05 0.0576585 0.0394579 9.99009E-05 0.0174069 9.99009E-05 0.195814 9.99009E-05 9.99009E-05 0.219092 0.0534005 9.99009E-05 9.99009E-05 0.381519 9.99009E-05 9.99009E-05 9.99009E-05 0.0345522
9.9919E-05 0.0397487 0.0497992 9.9919E-05 0.0293259 9.9919E-05 0.0687258 0.647262 9.9919E-05 0.0257549 0.0296259 9.9919E-05 0.0384055 9.9919E-05 9.9919E-05 0.0575162 0.0129371 9.9919E-05 9.9919E-05
9.98918E-05 9.98918E-05 9.98918E-05 0.0461154 0.0723808 9.98918E-05 0.0285544 0.396631 9.98918E-05 9.98918E-05 0.120315 9.98918E-05 9.98918E-05 9.98918E-05 9.98918E-05 9.98918E-05 0.289258 9.98918E-05 0.0455459
9.98829E-05 0.0148376 0.0463889 9.98829E-05 9.98829E-05 9.98829E-05 9.98829E-05 0.810753 9.98829E-05 9.98829E-05 9.98829E-05 0.0864051 0.0125232 0.027794 9.98829E-05 9.98829E-05 9.98829E-05 9.98829E-05 9.98829E-05
9.99008E-05 9.99008E-05 9.99008E-05 0.0942735 9.99008E-05 9.99008E-05 9.99008E-05 0.121329 0.0148477 9.99008E-05 0.18572 9.99008E-05 9.99008E-05 9.99008E-05 0.276449 0.0469205 0.150793 0.108569 9.99008E-05
9.98919E-05 0.00526864 9.98919E-05 9.98919E-05 9.98919E-05 9.98919E-05 9.98919E-05 0.119432 9.98919E-05 9.98919E-05 9.98919E-05 0.0488733 0.000907136 9.98919E-05 9.98919E-05 9.98919E-05 0.0510604 0.658342 0.114918
9.98558E-05 9.98558E-05 0.219624 9.98558E-05 9.98558E-05 9.98558E-05 9.98558E-05 9.98558E-05 9.98558E-05 9.98558E-05 9.98558E-05 9.98558E-05 0.179122 9.98558E-05 9.98558E-05 9.98558E-05 9.98558E-05 0.599657 9.98558E-05
9.98828E-05 0.0182643 0.419978 9.98828E-05 9.98828E-05 9.98828E-05 9.98828E-05 0.0241727 9.98828E-05 0.0267357 9.98828E-05 9.98828E-05 9.98828E-05 9.98828E-05 9.98828E-05 9.98828E-05 0.278998 9.98828E-05 0.230552
9.98648E-05 0.0998379 0.379 9.98648E-05 9.98648E-05 9.98648E-05 9.98648E-05 9.98648E-05 9.98648E-05 9.98648E-05 9.98648E-05 9.98648E-05 9.98648E-05 9.98648E-05 9.98648E-05 9.98648E-05 0.0195311 0.500133 9.98648E-05
9.9856E-05 9.9856E-05 9.9856E-05 9.9856E-05 9.9856E-05 9.9856E-05 9.9856E-05 9.9856E-05 9.9856E-05 9.9856E-05 9.9856E-05 0.121671 9.9856E-05 9.9856E-05 9.9856E-05 9.9856E-05 9.9856E-05 0.867478 0.00925273
0.0367987 0.083513 0.361418 0.0127082 9.99188E-05 9.99188E-05 0.0609846 0.0297789 9.99188E-05 9.99188E-05 0.02773 9.99188E-05 0.0450474 9.99188E-05 9.99188E-05 9.99188E-05 0.0372369 9.99188E-05 0.303885
0.0307348 9.98918E-05 0.043826 9.98918E-05 0.00787068 0.0560088 9.98918E-05 9.98918E-05 9.98918E-05 9.98918E-05 9.98918E-05 9.98918E-05 0.0798766 9.98918E-05 9.98918E-05 9.98918E-05 0.626125 0.154359 9.98918E-05
9.9892E-05 9.9892E-05 9.9892E-05 9.9892E-05 9.9892E-05 9.9892E-05 0.403315 9.9892E-05 0.0992203 0.012625 9.9892E-05 0.443224 0.0146608 0.014673 0.011083 9.9892E-05 9.9892E-05 9.9892E-05 9.9892E-05
9.98828E-05 9.98828E-05 9.98828E-05 0.0064009 9.98828E-05 9.98828E-05 9.98828E-05 9.98828E-05 9.98828E-05 9.98828E-05 0.0435036 0.781939 9.98828E-05 0.0122999 0.0234435 9.98828E-05 0.131115 9.98828E-05 9.98828E-05
0.0567987 9.99008E-05 0.0547029 9.99008E-05 9.99008E-05 9.99008E-05 0.108639 0.00781828 9.99008E-05 0.0589696 9.99008E-05 0.0980122 9.99008E-05 9.99008E-05 9.99008E-05 9.99008E-05 0.457892 9.99008E-05 0.156068
9.98737E-05 9.98737E-05 9.98737E-05 9.98737E-05 9.98737E-05 0.236825 9.98737E-05 9.98737E-05 9.98737E-05 9.98737E-05 0.0798526 0.585939 9.98737E-05 9.98737E-05 9.98737E-05 0.00393677 0.092049 9.98737E-05 9.98737E-05
9.98559E-05 9.98559E-05 9.98559E-05 0.0583421 9.98559E-05 9.98559E-05 0.022138 9.98559E-05 9.98559E-05 9.98559E-05 9.98559E-05 0.917922 9.98559E-05 9.98559E-05 9.98559E-05 9.98559E-05 9.98559E-05 9.98559E-05 9.98559E-05
9.98827E-05 9.98827E-05 9.98827E-05 9.98827E-05 9.98827E-05 9.98827E-05 9.98827E-05 0.000128997 9.98827E-05 9.98827E-05 9.98827E-05 0.387614 9.98827E-05 0.0480915 0.459462 9.98827E-05 0.0565883 9.98827E-05 0.0468167
9.98739E-05 9.98739E-05 9.98739E-05 0.0363173 9.98739E-05 9.98739E-05 9.98739E-05 9.98739E-05 9.98739E-05 9.98739E-05 0.0820814 0.695707 9.98739E-05 9.98739E-05 0.103616 9.98739E-05 0.0808803 9.98739E-05 9.98739E-05
0.00685165 9.98829E-05 0.0773257 9.98829E-05 9.98829E-05 9.98829E-05 9.98829E-05 9.98829E-05 9.98829E-05 0.006204 9.98829E-05 0.210729 9.98829E-05 9.98829E-05 9.98829E-05 9.98829E-05 0.309193 9.98829E-05 0.388398
9.9865E-05 9.9865E-05 9.9865E-05 9.9865E-05 9.9865E-05 9.9865E-05 9.9865E-05 9.9865E-05 9.9865E-05 9.9865E-05 9.9865E-05 9.9865E-05 0.260258 9.9865E-05 9.9865E-05 9.9865E-05 0.0561365 0.278536 0.403572
0.0253726 9.99098E-05 9.99098E-05 0.0219427 0.0415947 9.99098E-05 0.556263 0.0480288 9.99098E-05 0.0516817 0.0725973 9.99098E-05 9.99098E-05 9.99098E-05 9.99098E-05 9.99098E-05 0.158107 9.99098E-05 0.0234134
0.0126041 9.98739E-05 9.98739E-05 0.0765532 9.98739E-05 9.98739E-05 9.98739E-05 9.98739E-05 9.98739E-05 9.98739E-05 9.98739E-05 0.129505 9.98739E-05 9.98739E-05 9.98739E-05 9.98739E-05 0.129155 9.98739E-05 0.650784
0.10049 9.9892E-05 0.0708388 0.0258723 9.9892E-05 9.9892E-05 9.9892E-05 9.9892E-05 9.9892E-05 0.153599 9.9892E-05 0.088579 9.9892E-05 9.9892E-05 9.9892E-05 9.9892E-05 0.385843 9.9892E-05 0.17358
0.100716 9.98918E-05 9.98918E-05 0.0377193 9.98918E-05 0.0215531 0.126925 9.98918E-05 0.0035612 9.98918E-05 9.98918E-05 0.223489 9.98918E-05 9.98918E-05 9.98918E-05 9.98918E-05 0.484839 9.98918E-05 9.98918E-05
9.98919E-05 0.00746146 0.13866 0.0257539 9.98919E-05 9.98919E-05 9.98919E-05 9.98919E-05 9.98919E-05 9.98919E-05 9.98919E-05 9.98919E-05 0.0452263 9.98919E-05 9.98919E-05 9.98919E-05 0.466512 0.0401405 0.275048
9.98829E-05 0.0458589 9.98829E-05 0.0781162 9.98829E-05 9.98829E-05 0.31806 9.98829E-05 9.98829E-05 9.98829E-05 9.98829E-05 9.98829E-05 9.98829E-05 9.98829E-05 9.98829E-05 9.98829E-05 0.262063 0.0415601 0.253043
0.00524427 0.035169 0.275465 9.98918E-05 9.98918E-05 9.98918E-05 0.2003 9.98918E-05 9.98918E-05 0.0117771 0.383853 9.98918E-05 9.98918E-05 0.0869928 9.98918E-05 9.98918E-05 9.98918E-05 9.98918E-05 9.98918E-05
0.043864 9.99008E-05 0.0902726 9.99008E-05 0.077663 0.137193 0.0660238 9.99008E-05 9.99008E-05 9.99008E-05 9.99008E-05 0.0106043 9.99008E-05 9.99008E-05 9.99008E-05 9.99008E-05 0.344201 9.99008E-05 0.22908
9.98827E-05 9.98827E-05 9.98827E-05 0.117947 9.98827E-05 9.98827E-05 0.391635 0.0369615 9.98827E-05 0.0196817 9.98827E-05 9.98827E-05 9.98827E-05 9.98827E-05 9.98827E-05 9.98827E-05 0.147584 9.98827E-05 0.284893
9.98739E-05 9.98739E-05 9.98739E-05 9.98739E-05 9.98739E-05 0.49124 0.265004 9.98739E-05 9.98739E-05 9.98739E-05 0.0971076 0.122962 9.98739E-05 9.98739E-05 9.98739E-05 9.98739E-05 0.0222874 9.98739E-05 9.98739E-05
9.9901E-05 9.9901E-05 9.9901E-05 9.9901E-05 9.9901E-05 0.0778922 0.54421 0.12803 9.9901E-05 0.0209229 9.9901E-05 0.0162973 9.9901E-05 9.9901E-05 0.00797814 0.00726173 0.196308 9.9901E-05 9.9901E-05
0.000779932 0.00752062 9.991E-05 9.991E-05 0.00706397 0.0924219 0.0374278 0.0527243 9.991E-05 9.991E-05 9.991E-05 9.991E-05 9.991E-05 9.991E-05 9.991E-05 9.991E-05 0.077233 0.0098048 0.714025
0.0571315 9.98919E-05 9.98919E-05 0.0903426 0.00662819 9.98919E-05 0.0477358 9.98919E-05 9.98919E-05 9.98919E-05 0.0495877 9.98919E-05 9.98919E-05 9.98919E-05 9.98919E-05 9.98919E-05 0.620361 9.98919E-05 0.127014
9.98739E-05 9.98739E-05 0.145018 9.98739E-05 9.98739E-05 9.98739E-05 9.98739E-05 9.98739E-05 9.98739E-05 9.98739E-05 9.98739E-05 9.98739E-05 0.0540334 9.98739E-05 9.98739E-05 9.98739E-05 0.151542 0.193258 0.454751
