9.9946E-05 0.318262 9.9946E-05 9.9946E-05 9.9946E-05 9.9946E-05 0.527755 9.9946E-05 0.0400113 0.113372
9.9964E-05 0.357817 9.9964E-05 0.00548812 0.0821194 9.9964E-05 0.523162 9.9964E-05 0.016194 0.0148199
0.058152 9.9982E-05 0.00996684 0.00998005 0.0162918 9.9982E-05 0.204522 0.675499 0.00870472 0.0166832
0.0617682 0.284971 0.2433 9.99639E-05 0.101541 9.99639E-05 0.274763 9.99639E-05 9.99639E-05 0.0332571
0.0836943 0.404595 0.155551 0.0253699 0.121996 9.99639E-05 9.99639E-05 9.99639E-05 0.208394 9.99639E-05
0.320307 0.0425651 9.99639E-05 0.0700131 9.99639E-05 9.99639E-05 0.395267 0.109452 0.0619955 9.99639E-05
9.99369E-05 9.99369E-05 9.99369E-05 9.99369E-05 9.99369E-05 0.0836038 0.408608 0.507088 9.99369E-05 9.99369E-05
0.187346 0.124343 9.9955E-05 0.0617389 9.9955E-05 9.9955E-05 0.375746 0.250327 9.9955E-05 9.9955E-05
0.0844647 0.309933 0.127647 0.0163783 0.0225823 9.9973E-05 0.409758 9.9973E-05 9.9973E-05 0.0289368
0.387359 9.99459E-05 9.99459E-05 9.99459E-05 9.99459E-05 0.246461 9.99459E-05 0.317083 9.99459E-05 0.0484979
0.0723621 0.24419 0.0114887 9.99639E-05 0.409799 9.99639E-05 0.236217 9.99639E-05 0.0255433 9.99639E-05
0.233093 0.510148 0.0985695 9.99549E-05 0.106087 9.99549E-05 0.0516031 9.99549E-05 9.99549E-05 9.99549E-05
9.9982E-05 9.9982E-05 0.262297 0.0685015 0.0883349 0.0316355 0.234231 0.111247 0.198592 0.00496031
0.18004 9.99369E-05 9.99369E-05 9.99369E-05 9.99369E-05 9.99369E-05 0.444591 0.374669 9.99369E-05 9.99369E-05
0.0629775 0.486926 9.99459E-05 9.99459E-05 0.420614 9.99459E-05 0.0288829 9.99459E-05 9.99459E-05 9.99459E-05
0.0502825 9.99729E-05 9.99729E-05 0.0300643 0.00765836 0.330723 0.177196 0.371756 9.99729E-05 0.0320203
9.99459E-05 9.99459E-05 0.0208658 9.99459E-05 9.99459E-05 0.0260957 0.518493 0.433946 9.99459E-05 9.99459E-05
9.99549E-05 0.0205902 9.99549E-05 9.99549E-05 0.0224288 9.99549E-05 0.471681 0.482566 0.00223414 9.99549E-05
0.0334895 0.325176 0.257038 9.9964E-05 9.9964E-05 9.9964E-05 0.296266 0.0854994 0.00213102 9.9964E-05
9.99369E-05 9.99369E-05 9.99369E-05 9.99369E-05 0.20941 9.99369E-05 9.99369E-05 9.99369E-05 0.000815319 0.789075
9.99279E-05 9.99279E-05 0.169873 9.99279E-05 9.99279E-05 9.99279E-05 9.99279E-05 9.99279E-05 9.99279E-05 0.829328
9.99369E-05 9.99369E-05 9.99369E-05 9.99369E-05 9.99369E-05 9.99369E-05 0.0600624 9.99369E-05 0.045552 0.893686
9.99279E-05 9.99279E-05 0.360935 9.99279E-05 9.99279E-05 9.99279E-05 9.99279E-05 9.99279E-05 9.99279E-05 0.638265
9.99459E-05 0.0989326 0.0818016 9.99459E-05 0.102985 9.99459E-05 9.99459E-05 9.99459E-05 9.99459E-05 0.715681
0.0265888 9.99549E-05 9.99549E-05 0.177404 9.99549E-05 9.99549E-05 0.0755656 0.251439 9.99549E-05 0.468503
0.0541358 0.308716 9.99549E-05 0.122294 0.0934532 9.99549E-05 9.99549E-05 9.99549E-05 9.99549E-05 0.420902
9.99369E-05 9.99369E-05 9.99369E-05 0.21273 9.99369E-05 0.535216 9.99369E-05 9.99369E-05 9.99369E-05 0.251355
9.9964E-05 0.173283 0.076942 0.0955005 0.168399 9.9964E-05 9.9964E-05 9.9964E-05 0.114125 0.371351
9.99459E-05 9.99459E-05 9.99459E-05 9.99459E-05 9.99459E-05 0.0357266 0.0579049 9.99459E-05 0.0290586 0.87671
9.99369E-05 9.99369E-05 0.155958 9.99369E-05 0.00346266 9.99369E-05 9.99369E-05 9.99369E-05 9.99369E-05 0.83988
9.99461E-05 9.99461E-05 0.131146 9.99461E-05 9.99461E-05 0.158355 9.99461E-05 0.123479 9.99461E-05 0.586419
0.0149056 9.99639E-05 9.99639E-05 0.433627 9.99639E-05 0.0821044 0.105419 9.99639E-05 0.0925277 0.271017
9.99368E-05 9.99368E-05 9.99368E-05 9.99368E-05 9.99368E-05 0.24203 9.99368E-05 0.159545 9.99368E-05 0.597725
9.99369E-05 9.99369E-05 9.99369E-05 9.99369E-05 9.99369E-05 9.99369E-05 0.127882 0.168538 9.99369E-05 0.702881
0.0218594 9.99459E-05 0.143991 9.99459E-05 0.0134449 9.99459E-05 9.99459E-05 9.99459E-05 9.99459E-05 0.820106
9.99459E-05 0.0400569 0.0202619 9.99459E-05 0.211773 9.99459E-05 9.99459E-05 9.99459E-05 9.99459E-05 0.727309
9.99279E-05 9.99279E-05 9.99279E-05 9.99279E-05 0.345586 9.99279E-05 9.99279E-05 9.99279E-05 9.99279E-05 0.653615
9.99369E-05 0.0500351 0.28765 9.99369E-05 9.99369E-05 9.99369E-05 9.99369E-05 9.99369E-05 9.99369E-05 0.661616
9.99459E-05 0.00975108 0.0181375 0.82825 9.99459E-05 9.99459E-05 0.143261 9.99459E-05 9.99459E-05 9.99459E-05
9.9937E-05 9.9937E-05 9.9937E-05 0.651447 9.9937E-05 0.284657 9.9937E-05 9.9937E-05 0.0631958 9.9937E-05
9.9946E-05 9.9946E-05 9.9946E-05 0.390206 9.9946E-05 0.369343 9.9946E-05 0.154568 9.9946E-05 0.0852832
9.9955E-05 9.9955E-05 0.347179 0.512485 9.9955E-05 0.0942177 9.9955E-05 9.9955E-05 0.0249631 0.0206559
9.994E-05 9.994E-05 9.994E-05 0.556585 9.994E-05 0.0145257 0.145909 9.994E-05 9.994E-05 0.282381
0.0471791 9.9955E-05 9.9955E-05 0.540194 9.9955E-05 0.0957911 9.9955E-05 0.229852 9.9955E-05 0.0864841
9.9946E-05 0.521554 0.0869755 0.255801 9.9946E-05 9.9946E-05 9.9946E-05 9.9946E-05 9.9946E-05 0.13507
9.99369E-05 0.370322 9.99369E-05 0.559934 0.0690446 9.99369E-05 9.99369E-05 9.99369E-05 9.99369E-05 9.99369E-05
9.99459E-05 9.99459E-05 9.99459E-05 0.374608 9.99459E-05 0.218567 9.99459E-05 0.21583 9.99459E-05 0.190396
0.0209284 9.99549E-05 9.99549E-05 0.813478 0.0666268 9.99549E-05 0.0899734 9.99549E-05 0.00849393 9.99549E-05
9.9937E-05 9.9937E-05 9.9937E-05 0.330693 9.9937E-05 0.663552 9.9937E-05 9.9937E-05 0.00505466 9.9937E-05
9.9955E-05 0.163705 0.059133 0.69975 0.0646213 9.9955E-05 0.0122909 9.9955E-05 9.9955E-05 9.9955E-05
9.99369E-05 9.99369E-05 9.99369E-05 0.68985 9.99369E-05 0.288038 9.99369E-05 9.99369E-05 0.0214125 9.99369E-05
0.0239581 9.9973E-05 0.267691 0.51508 0.0301549 0.00270447 9.9973E-05 9.9973E-05 0.0854773 0.074634
0.0425613 0.169235 9.99549E-05 0.398441 0.274942 9.99549E-05 9.99549E-05 9.99549E-05 9.99549E-05 0.114321
0.029792 0.205022 9.9964E-05 0.497612 0.260441 9.9964E-05 9.9964E-05 0.00527635 9.9964E-05 0.00145686
9.9955E-05 0.203003 0.341751 0.342056 9.9955E-05 0.0341265 9.9955E-05 9.9955E-05 9.9955E-05 0.0785639
9.9946E-05 0.143634 0.381865 0.00209248 9.9946E-05 9.9946E-05 9.9946E-05 9.9946E-05 9.9946E-05 0.471808
9.99549E-05 9.99549E-05 9.99549E-05 0.77047 9.99549E-05 0.126932 0.0323173 0.0298334 0.0399478 9.99549E-05
9.9964E-05 9.9964E-05 0.0950777 0.60052 0.0983061 0.119607 9.9964E-05 9.9964E-05 0.0185563 0.0675324
9.99459E-05 9.99459E-05 9.99459E-05 0.685211 9.99459E-05 0.288876 9.99459E-05 9.99459E-05 0.0247441 0.000569739
9.99459E-05 0.0848869 0.0663275 0.726019 0.122167 9.99459E-05 9.99459E-05 9.99459E-05 9.99459E-05 9.99459E-05
9.99549E-05 0.109584 9.99549E-05 0.676896 0.0873742 9.99549E-05 0.075821 9.99549E-05 9.99549E-05 0.0498251
9.99369E-05 0.243349 9.99369E-05 0.664861 0.0910903 9.99369E-05 9.99369E-05 9.99369E-05 9.99369E-05 9.99369E-05
9.9964E-05 9.9964E-05 9.9964E-05 0.498928 9.9964E-05 0.109716 0.049593 0.133989 0.121166 0.0862081
9.99459E-05 0.000614826 0.468067 0.507582 9.99459E-05 9.99459E-05 9.99459E-05 9.99459E-05 9.99459E-05 0.0231364
9.99279E-05 9.99279E-05 9.99279E-05 0.43467 9.99279E-05 9.99279E-05 9.99279E-05 0.564531 9.99279E-05 9.99279E-05
0.0255598 0.180146 9.99639E-05 0.333184 0.17121 9.99639E-05 0.112987 9.99639E-05 9.99639E-05 0.176513
9.9946E-05 0.258085 0.12375 0.606081 0.0114851 9.9946E-05 9.9946E-05 9.9946E-05 9.9946E-05 9.9946E-05
9.9937E-05 0.167198 9.9937E-05 0.546253 0.28585 9.9937E-05 9.9937E-05 9.9937E-05 9.9937E-05 9.9937E-05
0.00795809 0.236638 9.99639E-05 0.408097 9.99639E-05 9.99639E-05 0.0788727 0.0594134 9.99639E-05 0.208621
0.0724562 9.99549E-05 9.99549E-05 0.324519 9.99549E-05 9.99549E-05 0.197927 9.99549E-05 0.0246924 0.379905
9.99459E-05 9.99459E-05 9.99459E-05 0.268935 9.99459E-05 0.409676 9.99459E-05 9.99459E-05 0.041309 0.27948
9.99369E-05 9.99369E-05 9.99369E-05 0.472846 9.99369E-05 0.131893 9.99369E-05 0.394562 9.99369E-05 9.99369E-05
9.99369E-05 0.163249 0.185844 9.99369E-05 9.99369E-05 9.99369E-05 9.99369E-05 9.99369E-05 9.99369E-05 0.650208
9.99368E-05 9.99368E-05 9.99368E-05 0.644707 9.99368E-05 0.169691 9.99368E-05 0.184902 9.99368E-05 9.99368E-05
9.99459E-05 0.230236 9.99459E-05 0.615259 0.106773 9.99459E-05 9.99459E-05 9.99459E-05 9.99459E-05 0.0471324
0.0437719 0.312759 0.0627979 0.236612 0.0742593 9.99639E-05 9.99639E-05 9.99639E-05 9.99639E-05 0.2694
9.993E-05 9.993E-05 9.993E-05 9.993E-05 9.993E-05 0.116256 9.993E-05 0.143574 9.993E-05 0.73947
9.9946E-05 9.9946E-05 9.9946E-05 0.191235 9.9946E-05 0.360302 9.9946E-05 0.240117 9.9946E-05 0.207746
9.99549E-05 9.99549E-05 9.99549E-05 0.0200668 9.99549E-05 0.0230454 0.0105248 0.195776 9.99549E-05 0.750087
0.0437019 9.99639E-05 9.99639E-05 0.300765 9.99639E-05 0.0086989 0.104849 9.99639E-05 0.115238 0.426348
9.9946E-05 9.9946E-05 9.9946E-05 0.274454 9.9946E-05 0.505925 9.9946E-05 9.9946E-05 0.0374554 0.181567
9.99369E-05 9.99369E-05 0.337612 0.45311 9.99369E-05 9.99369E-05 9.99369E-05 9.99369E-05 9.99369E-05 0.208578
9.99549E-05 9.99549E-05 0.220099 0.73802 0.000342968 0.0353805 9.99549E-05 9.99549E-05 0.00565734 9.99549E-05
9.9955E-05 9.9955E-05 0.291405 0.481226 0.0547907 0.070879 9.9955E-05 9.9955E-05 9.9955E-05 0.1012
9.99369E-05 9.99369E-05 9.99369E-05 0.625382 9.99369E-05 0.218233 9.99369E-05 0.155685 9.99369E-05 9.99369E-05
9.99459E-05 9.99459E-05 9.99459E-05 0.62385 0.195154 9.99459E-05 9.99459E-05 9.99459E-05 0.0947762 0.08562
9.99369E-05 0.264001 0.159875 0.575424 9.99369E-05 9.99369E-05 9.99369E-05 9.99369E-05 9.99369E-05 9.99369E-05
0.0390364 9.99549E-05 9.99549E-05 0.167262 9.99549E-05 9.99549E-05 0.10777 0.283332 9.99549E-05 0.4021
9.99459E-05 9.99459E-05 9.99459E-05 0.467132 9.99459E-05 0.00205071 9.99459E-05 0.524903 9.99459E-05 0.00531425
9.99459E-05 0.36874 9.99459E-05 0.161536 9.99459E-05 9.99459E-05 0.0574869 9.99459E-05 9.99459E-05 0.411638
9.99278E-05 9.99278E-05 9.99278E-05 0.540056 9.99278E-05 9.99278E-05 9.99278E-05 0.459145 9.99278E-05 9.99278E-05
9.99369E-05 9.99369E-05 9.99369E-05 0.445758 9.99369E-05 9.99369E-05 9.99369E-05 0.507639 9.99369E-05 0.0459035
9.9937E-05 0.543066 9.9937E-05 0.284903 9.9937E-05 9.9937E-05 9.9937E-05 9.9937E-05 9.9937E-05 0.171332
9.99459E-05 0.0516529 9.99459E-05 0.622508 9.99459E-05 9.99459E-05 0.129171 0.196068 9.99459E-05 9.99459E-05
0.0215075 0.0786224 9.99639E-05 0.426771 9.99639E-05 9.99639E-05 0.117487 0.194122 9.99639E-05 0.161091
9.99459E-05 9.99459E-05 9.99459E-05 0.0102984 9.99459E-05 0.383006 9.99459E-05 0.0220898 0.584006 9.99459E-05
9.9964E-05 9.9964E-05 0.00321253 0.0709358 9.9964E-05 0.194298 9.9964E-05 0.0746212 0.616294 0.0402383
9.9946E-05 9.9946E-05 0.191416 9.9946E-05 9.9946E-05 0.0230282 9.9946E-05 0.000482517 0.784473 9.9946E-05
0.00526253 0.449691 9.9946E-05 9.9946E-05 9.9946E-05 9.9946E-05 9.9946E-05 0.0421257 0.502321 9.9946E-05
0.0158198 9.99459E-05 9.99459E-05 9.99459E-05 9.99459E-05 0.313628 9.99459E-05 0.0910554 0.578898 9.99459E-05
9.99549E-05 0.182428 0.0560156 9.99549E-05 9.99549E-05 9.99549E-05 0.581306 9.99549E-05 0.162108 0.0176434
9.99278E-05 9.99278E-05 9.99278E-05 9.99278E-05 9.99278E-05 9.99278E-05 9.99278E-05 0.600557 0.398644 9.99278E-05
9.99369E-05 9.99369E-05 9.99369E-05 9.99369E-05 9.99369E-05 0.281234 9.99369E-05 0.00930798 0.708758 9.99369E-05
0.05774 9.99549E-05 9.99549E-05 9.99549E-05 9.99549E-05 9.99549E-05 0.116495 0.0969245 0.684916 0.0434243
9.99549E-05 0.103304 0.0362143 9.99549E-05 0.280541 9.99549E-05 9.99549E-05 9.99549E-05 0.552349 0.0270922
0.0913949 9.99369E-05 9.99369E-05 9.99369E-05 9.99369E-05 0.622381 9.99369E-05 9.99369E-05 0.285524 9.99369E-05
0.0261368 0.0221833 9.99549E-05 9.99549E-05 0.473223 9.99549E-05 9.99549E-05 0.0730378 0.404919 9.99549E-05
9.99459E-05 9.99459E-05 9.99459E-05 9.99459E-05 9.99459E-05 0.143586 0.0525906 0.0979813 0.705243 9.99459E-05
9.99549E-05 0.00324113 9.99549E-05 0.0438446 0.118092 9.99549E-05 0.322687 9.99549E-05 0.511635 9.99549E-05
0.0713918 9.99549E-05 9.99549E-05 9.99549E-05 9.99549E-05 0.087614 0.121991 9.99549E-05 0.648821 0.069683
0.00165861 9.99639E-05 9.99639E-05 9.99639E-05 9.99639E-05 0.0610957 0.350523 0.312954 0.249502 0.0238675
9.99549E-05 0.378615 0.0955208 0.0145213 0.0771847 9.99549E-05 9.99549E-05 9.99549E-05 0.433658 9.99549E-05
9.99459E-05 0.0120677 0.578793 9.99459E-05 9.99459E-05 9.99459E-05 9.99459E-05 0.0532237 0.355316 9.99459E-05
0.0860737 9.99639E-05 9.99639E-05 0.099635 9.99639E-05 0.0642595 0.05257 9.99639E-05 0.603973 0.0930894
9.99459E-05 9.99459E-05 9.99459E-05 9.99459E-05 9.99459E-05 0.0228524 0.0375907 0.308977 0.62998 9.99459E-05
0.0650276 9.99549E-05 9.99549E-05 0.00212252 0.142516 9.99549E-05 9.99549E-05 9.99549E-05 0.732379 0.0574548
9.99279E-05 9.99279E-05 0.345967 9.99279E-05 9.99279E-05 9.99279E-05 9.99279E-05 9.99279E-05 0.653234 9.99279E-05
0.0703102 0.295605 0.0645674 9.997E-05 0.180045 9.997E-05 0.310205 9.997E-05 0.0586775 0.0202895
0.677256 9.99278E-05 9.99278E-05 9.99278E-05 9.99278E-05 9.99278E-05 9.99278E-05 0.321945 9.99278E-05 9.99278E-05
9.99549E-05 0.127729 0.551712 0.023859 9.99549E-05 0.0429278 0.253272 9.99549E-05 9.99549E-05 9.99549E-05
0.0479384 9.99549E-05 9.99549E-05 9.99549E-05 9.99549E-05 0.202058 0.722164 0.000819627 9.99549E-05 0.0265197
0.473317 9.99278E-05 9.99278E-05 9.99278E-05 9.99278E-05 0.525883 9.99278E-05 9.99278E-05 9.99278E-05 9.99278E-05
9.99459E-05 0.170245 0.193641 9.99459E-05 0.363569 9.99459E-05 0.271945 9.99459E-05 9.99459E-05 9.99459E-05
0.706049 9.99459E-05 9.99459E-05 9.99459E-05 0.266649 0.0213546 9.99459E-05 9.99459E-05 9.99459E-05 0.00534785
0.0157547 0.0467902 0.0544817 0.121957 9.9973E-05 9.9973E-05 0.650914 0.0730156 0.036787 9.9973E-05
0.713363 9.99279E-05 0.285838 9.99279E-05 9.99279E-05 9.99279E-05 9.99279E-05 9.99279E-05 9.99279E-05 9.99279E-05
0.224836 9.9955E-05 0.0242531 9.9955E-05 9.9955E-05 0.226078 0.0405375 0.483796 9.9955E-05 9.9955E-05
0.188701 0.20529 0.090145 0.0273838 0.366964 9.99729E-05 0.115338 9.99729E-05 0.00587809 9.99729E-05
0.565108 9.99279E-05 0.434093 9.99279E-05 9.99279E-05 9.99279E-05 9.99279E-05 9.99279E-05 9.99279E-05 9.99279E-05
0.364265 9.99369E-05 9.99369E-05 9.99369E-05 9.99369E-05 0.502635 9.99369E-05 0.132401 9.99369E-05 9.99369E-05
9.99459E-05 0.502431 0.100727 9.99459E-05 0.237023 9.99459E-05 0.159219 9.99459E-05 9.99459E-05 9.99459E-05
0.562652 0.1618 0.274848 9.99368E-05 9.99368E-05 9.99368E-05 9.99368E-05 9.99368E-05 9.99368E-05 9.99368E-05
9.99549E-05 0.0757389 0.367449 9.99549E-05 0.190094 9.99549E-05 0.303344 0.0628751 9.99549E-05 9.99549E-05
0.454793 9.99369E-05 9.99369E-05 9.99369E-05 9.99369E-05 0.540851 9.99369E-05 0.00365637 9.99369E-05 9.99369E-05
0.324472 0.152618 0.407831 9.99549E-05 0.0521718 9.99549E-05 0.0624069 9.99549E-05 9.99549E-05 9.99549E-05
9.99459E-05 0.356015 9.99459E-05 9.99459E-05 0.312433 9.99459E-05 0.245071 9.99459E-05 0.0858813 9.99459E-05
0.118194 0.0478919 9.99549E-05 9.99549E-05 9.99549E-05 9.99549E-05 0.638097 0.176921 9.99549E-05 0.0183969
9.9982E-05 0.0748984 0.416014 0.00186263 9.9982E-05 0.118486 0.193969 0.0160903 0.106698 0.0717815
0.0964081 0.0186614 0.449074 9.9973E-05 0.0185178 0.0200394 0.351412 9.9973E-05 9.9973E-05 0.0455872
0.447701 9.99458E-05 9.99458E-05 9.99458E-05 9.99458E-05 0.419874 0.026685 0.10514 9.99458E-05 9.99458E-05
0.15483 0.160976 9.9973E-05 0.031263 0.197888 9.9973E-05 0.251085 0.144916 9.9973E-05 0.0587426
0.658702 0.00973262 9.99549E-05 0.0183559 9.99549E-05 9.99549E-05 0.304314 9.99549E-05 0.00839653 9.99549E-05
0.101339 9.99639E-05 9.99639E-05 0.0507818 9.99639E-05 0.304517 0.31652 9.99639E-05 0.170042 0.0564003
0.208178 0.117393 0.22733 0.0514537 0.168176 9.9982E-05 0.13037 9.9982E-05 0.0939902 0.00290973
0.325226 9.9964E-05 9.9964E-05 0.0933504 0.121511 9.9964E-05 0.0273913 9.9964E-05 0.427152 0.00496985
9.9955E-05 0.0408719 0.0429228 9.9955E-05 9.9955E-05 0.792093 9.9955E-05 0.0535149 9.9955E-05 0.0700979
0.280048 9.99729E-05 9.99729E-05 0.013278 9.99729E-05 0.0680981 0.300457 0.151162 0.133131 0.0535267
0.0834814 9.9982E-05 9.9982E-05 0.0161396 0.0411167 0.225804 0.300313 0.230929 0.081652 0.0203639
0.161495 9.9964E-05 0.0168384 9.9964E-05 0.574475 0.145369 0.0595909 9.9964E-05 9.9964E-05 0.0418319
9.99369E-05 9.99369E-05 9.99369E-05 9.99369E-05 9.99369E-05 0.548052 0.324554 0.126694 9.99369E-05 9.99369E-05
9.99458E-05 0.0965801 0.377849 9.99458E-05 0.24363 9.99458E-05 0.281342 9.99458E-05 9.99458E-05 9.99458E-05
0.0737618 9.99369E-05 9.99369E-05 9.99369E-05 9.99369E-05 0.504052 0.421487 9.99369E-05 9.99369E-05 9.99369E-05
0.364921 9.9955E-05 0.388865 9.9955E-05 9.9955E-05 0.155639 0.0291063 9.9955E-05 0.0609694 9.9955E-05
0.185028 0.0323063 0.512717 9.99729E-05 0.112289 0.00637855 0.0225606 9.99729E-05 0.12842 9.99729E-05
0.222371 9.9964E-05 9.9964E-05 0.105418 0.0235418 9.9964E-05 0.385688 9.9964E-05 0.225637 0.0369436
0.0352909 0.0312515 0.037888 0.062891 9.99729E-05 9.99729E-05 0.627106 0.0366679 0.168605 9.99729E-05
0.202685 9.9964E-05 9.9964E-05 0.020686 9.9964E-05 0.0648224 0.380989 9.9964E-05 0.244397 0.0860206
9.99549E-05 9.99549E-05 0.424694 9.99549E-05 0.0630575 0.101103 0.259476 9.99549E-05 0.15117 9.99549E-05
9.9955E-05 0.0454287 9.9955E-05 9.9955E-05 9.9955E-05 0.754577 0.131413 0.0106834 0.0573978 9.9955E-05
0.285583 9.99459E-05 9.99459E-05 9.99459E-05 9.99459E-05 0.693127 9.99459E-05 0.00193648 0.0187538 9.99459E-05
0.22907 9.9955E-05 9.9955E-05 0.0308875 9.9955E-05 0.00407216 0.212661 0.522809 9.9955E-05 9.9955E-05
0.204251 9.99549E-05 9.99549E-05 0.0443621 9.99549E-05 0.628967 0.0918235 9.99549E-05 9.99549E-05 0.0300971
9.9946E-05 0.0779024 9.9946E-05 9.9946E-05 0.0817125 0.834389 9.9946E-05 9.9946E-05 0.00539688 9.9946E-05
0.349788 9.99459E-05 9.99459E-05 0.0818455 9.99459E-05 9.99459E-05 9.99459E-05 0.536881 0.030886 9.99459E-05
0.0719705 9.99549E-05 9.99549E-05 9.99549E-05 0.0325083 0.163867 0.506542 0.224612 9.99549E-05 9.99549E-05
0.0174472 0.872658 9.9946E-05 9.9946E-05 9.9946E-05 0.0590594 9.9946E-05 9.9946E-05 9.9946E-05 0.050236
9.99639E-05 0.642039 0.128131 9.99639E-05 0.0342156 9.99639E-05 0.129729 0.051583 9.99639E-05 0.0139033
9.99459E-05 0.17577 9.99459E-05 9.99459E-05 9.99459E-05 9.99459E-05 0.369816 0.43034 9.99459E-05 0.023475
9.99549E-05 0.523038 0.0104929 9.99549E-05 0.306384 9.99549E-05 0.100426 0.0591593 9.99549E-05 9.99549E-05
9.99549E-05 0.883452 0.0207594 9.99549E-05 0.00728661 0.0636217 9.99549E-05 9.99549E-05 0.0243811 9.99549E-05
9.99549E-05 0.302097 0.501011 9.99549E-05 9.99549E-05 9.99549E-05 0.0488172 0.0791327 9.99549E-05 0.0684422
9.99459E-05 0.606922 0.232468 9.99459E-05 9.99459E-05 9.99459E-05 0.0943191 0.0656914 9.99459E-05 9.99459E-05
9.9955E-05 0.135961 9.9955E-05 9.9955E-05 9.9955E-05 0.0153456 0.150851 0.675703 9.9955E-05 0.02164
0.160049 9.9937E-05 9.9937E-05 9.9937E-05 9.9937E-05 0.425867 9.9937E-05 0.413384 9.9937E-05 9.9937E-05
9.99549E-05 0.496436 9.99549E-05 0.0473112 9.99549E-05 9.99549E-05 0.323583 0.0547962 0.0773742 9.99549E-05
9.9937E-05 0.0611338 9.9937E-05 9.9937E-05 9.9937E-05 9.9937E-05 9.9937E-05 0.892691 0.0454754 9.9937E-05
0.00780011 0.104106 9.9964E-05 0.0504462 9.9964E-05 9.9964E-05 0.272139 0.488645 9.9964E-05 0.076464
9.99549E-05 0.322566 9.99549E-05 9.99549E-05 0.0192753 9.99549E-05 0.404931 0.244465 0.00826257 9.99549E-05
0.100836 9.99459E-05 9.99459E-05 9.99459E-05 9.99459E-05 0.0604696 0.208177 0.629918 9.99459E-05 9.99459E-05
9.9955E-05 0.211881 9.9955E-05 9.9955E-05 9.9955E-05 0.0271902 0.181165 0.502444 0.0768201 9.9955E-05
0.27885 0.334577 9.9964E-05 0.0503388 9.9964E-05 9.9964E-05 0.223229 0.00684544 9.9964E-05 0.10576
9.99639E-05 0.0976326 9.99639E-05 0.0500367 0.115715 9.99639E-05 0.246159 0.46972 9.99639E-05 0.0203358
9.99459E-05 0.291075 9.99459E-05 9.99459E-05 9.99459E-05 9.99459E-05 0.159515 0.38453 0.16428 9.99459E-05
9.99459E-05 0.405576 9.99459E-05 9.99459E-05 0.496629 9.99459E-05 0.0897449 0.00745008 9.99459E-05 9.99459E-05
9.9982E-05 0.457243 9.9982E-05 0.011314 0.0182905 0.00766225 0.460085 0.00647746 0.0375424 0.00118599
9.9964E-05 9.9964E-05 0.02906 0.0171542 0.0778 0.122139 0.00854202 0.744905 9.9964E-05 9.9964E-05
9.99549E-05 9.99549E-05 0.0356269 0.00845843 9.99549E-05 9.99549E-05 0.416087 0.513587 0.0257408 9.99549E-05
0.129724 9.99459E-05 9.99459E-05 9.99459E-05 0.00871191 0.278793 9.99459E-05 0.582171 9.99459E-05 9.99459E-05
9.99459E-05 0.57869 0.0270705 9.99459E-05 0.0729352 9.99459E-05 0.320704 9.99459E-05 9.99459E-05 9.99459E-05
0.0239904 0.301218 9.9964E-05 0.0287781 9.9964E-05 9.9964E-05 0.606256 0.00829077 9.9964E-05 0.0310663
0.103702 9.99459E-05 9.99459E-05 9.99459E-05 9.99459E-05 0.154234 0.063328 0.678136 9.99459E-05 9.99459E-05
0.285438 0.494752 0.0669943 0.00523357 0.0948527 9.9964E-05 9.9964E-05 9.9964E-05 0.0523294 9.9964E-05
0.421347 0.101869 9.99369E-05 9.99369E-05 0.476084 9.99369E-05 9.99369E-05 9.99369E-05 9.99369E-05 9.99369E-05
0.0236499 9.9964E-05 9.9964E-05 0.0517981 9.9964E-05 0.337522 0.295821 0.200458 9.9964E-05 0.090352
0.619528 9.99639E-05 9.99639E-05 9.99639E-05 9.99639E-05 0.163664 0.0371952 0.0123228 0.131667 0.0352233
0.185836 0.339018 9.9955E-05 9.9955E-05 0.352265 9.9955E-05 9.9955E-05 0.0552392 9.9955E-05 0.067142
0.391259 0.493307 0.114734 9.99369E-05 9.99369E-05 9.99369E-05 9.99369E-05 9.99369E-05 9.99369E-05 9.99369E-05
0.290341 0.46948 0.0988835 0.0268654 0.113931 9.9955E-05 9.9955E-05 9.9955E-05 9.9955E-05 9.9955E-05
0.27654 9.9937E-05 9.9937E-05 9.9937E-05 9.9937E-05 0.715486 9.9937E-05 9.9937E-05 9.9937E-05 0.00727452
0.391699 9.9955E-05 9.9955E-05 0.00262492 9.9955E-05 9.9955E-05 0.213951 0.374797 9.9955E-05 0.0164281
0.202623 0.0675943 9.99639E-05 0.0455059 0.16087 9.99639E-05 0.176715 9.99639E-05 0.346293 9.99639E-05
0.321445 0.392801 9.99549E-05 9.99549E-05 0.254435 9.99549E-05 0.0149217 9.99549E-05 0.0158969 9.99549E-05
0.214663 9.99639E-05 9.99639E-05 9.99639E-05 9.99639E-05 0.547261 0.10617 0.0262703 0.0958368 0.00939924
0.196122 0.0483319 9.9955E-05 9.9955E-05 9.9955E-05 9.9955E-05 0.524858 0.172954 9.9955E-05 0.057234
0.282545 0.0738763 9.99639E-05 0.00296996 9.99639E-05 9.99639E-05 0.262679 0.360656 9.99639E-05 0.0168741
0.373142 9.99549E-05 9.99549E-05 9.99549E-05 0.100082 9.99549E-05 0.183463 9.99549E-05 0.316701 0.0261123
9.99369E-05 9.99369E-05 9.99369E-05 9.99369E-05 9.99369E-05 9.99369E-05 0.444539 0.374752 0.180009 9.99369E-05
9.996E-05 0.345708 9.996E-05 0.0367734 0.197945 9.996E-05 0.292057 0.0708173 0.0563 9.996E-05
0.197678 0.10559 9.99639E-05 0.0198112 0.10667 9.99639E-05 0.563732 9.99639E-05 0.00611748 9.99639E-05
0.291434 0.301936 0.167238 9.9955E-05 0.228995 9.9955E-05 9.9955E-05 9.9955E-05 9.9955E-05 0.00989644
0.400761 9.99549E-05 9.99549E-05 0.122508 9.99549E-05 0.0373672 9.99549E-05 0.418676 9.99549E-05 0.0201882
0.28296 0.543626 9.99549E-05 0.022562 0.130031 9.99549E-05 0.0203222 9.99549E-05 9.99549E-05 9.99549E-05
0.206914 0.327322 0.381752 9.99549E-05 9.99549E-05 9.99549E-05 0.0646595 0.0188516 9.99549E-05 9.99549E-05
0.236194 9.99369E-05 9.99369E-05 9.99369E-05 9.99369E-05 0.144035 9.99369E-05 0.619072 9.99369E-05 9.99369E-05
9.99459E-05 0.12331 9.99459E-05 9.99459E-05 0.178322 9.99459E-05 0.366652 0.331116 9.99459E-05 9.99459E-05
0.169176 0.0088678 9.9955E-05 0.054783 9.9955E-05 9.9955E-05 0.231265 0.535409 9.9955E-05 9.9955E-05
0.0533212 0.823318 9.9955E-05 9.9955E-05 0.0511384 0.0368488 9.9955E-05 9.9955E-05 9.9955E-05 0.0348734
0.01381 0.298838 0.300518 0.171537 9.9982E-05 0.0418759 9.9982E-05 0.0585677 0.0396578 0.0749954
0.0620102 0.636506 9.9955E-05 0.0717291 0.0240237 9.9955E-05 0.205231 9.9955E-05 9.9955E-05 9.9955E-05
0.218099 9.99369E-05 9.99369E-05 9.99369E-05 9.99369E-05 0.0831298 9.99369E-05 0.698071 9.99369E-05 9.99369E-05
0.00393583 0.618023 0.0313497 0.0428825 9.9964E-05 9.9964E-05 0.284086 0.0193229 9.9964E-05 9.9964E-05
0.0930064 0.733179 9.9973E-05 0.00328555 0.0123809 9.9973E-05 9.9973E-05 0.0350027 0.102095 0.0207506
0.0259502 0.662907 9.9964E-05 9.9964E-05 0.194668 0.0148256 9.9964E-05 0.0100912 0.0911574 9.9964E-05
9.9946E-05 9.9946E-05 9.9946E-05 9.9946E-05 0.0291071 0.0218343 9.9946E-05 0.852129 0.0963304 9.9946E-05
0.0971166 0.246286 9.99639E-05 9.99639E-05 9.99639E-05 9.99639E-05 0.316995 0.321695 0.013071 0.00443664
9.9964E-05 0.420538 0.0575545 9.9964E-05 0.364855 0.0181989 9.9964E-05 0.108372 9.9964E-05 0.0300824
0.216431 0.103934 0.0371753 0.0510414 9.9982E-05 0.0620816 0.0569233 0.431065 0.0411479 9.9982E-05
9.9973E-05 0.806308 0.0297921 9.9973E-05 0.022349 0.0357306 0.042301 9.9973E-05 0.0455136 0.017706
9.9955E-05 9.9955E-05 0.453148 9.9955E-05 9.9955E-05 0.169952 0.292419 0.0746245 0.00935635 9.9955E-05
0.156083 0.407122 9.99549E-05 0.00711601 9.99549E-05 9.99549E-05 9.99549E-05 0.313703 0.115476 9.99549E-05
0.0805582 9.9937E-05 9.9937E-05 9.9937E-05 9.9937E-05 0.182233 9.9937E-05 0.736509 9.9937E-05 9.9937E-05
0.111751 0.236433 9.9964E-05 0.0117558 9.9964E-05 9.9964E-05 0.485225 0.117465 9.9964E-05 0.03697
0.125948 9.99819E-05 9.99819E-05 0.00771389 0.0343172 0.184526 0.377709 0.0386883 0.175831 0.0550664
0.0296254 9.9955E-05 9.9955E-05 9.9955E-05 9.9955E-05 0.685139 0.192761 9.9955E-05 0.0789429 0.0130315
0.052121 0.00810599 9.99639E-05 0.0594002 9.99639E-05 9.99639E-05 0.714252 0.145386 0.0203358 9.99639E-05
0.0640063 9.99368E-05 9.99368E-05 9.99368E-05 9.99368E-05 9.99368E-05 9.99368E-05 0.447705 0.487589 9.99368E-05
0.18028 0.0115607 9.99639E-05 9.99639E-05 0.105855 0.0116564 0.461076 0.229172 9.99639E-05 9.99639E-05
0.0760881 0.154829 0.281042 9.99549E-05 0.153363 9.99549E-05 0.334178 9.99549E-05 9.99549E-05 9.99549E-05
0.309255 9.99549E-05 9.99549E-05 9.99549E-05 9.99549E-05 0.618617 0.0392098 9.99549E-05 0.00464642 0.0277717
0.334353 0.0702279 0.530503 0.0132615 0.0137533 0.0193541 9.9973E-05 9.9973E-05 9.9973E-05 0.018247
9.99639E-05 0.416123 0.040617 9.99639E-05 0.0142458 9.99639E-05 0.15691 9.99639E-05 0.369505 0.00219877
9.99549E-05 9.99549E-05 0.0427486 9.99549E-05 0.726718 0.0727601 0.0729498 9.99549E-05 0.0843237 9.99549E-05
9.99549E-05 0.0114189 9.99549E-05 9.99549E-05 0.00605396 0.63044 0.173915 9.99549E-05 0.177672 9.99549E-05
0.0130636 9.99549E-05 9.99549E-05 9.99549E-05 9.99549E-05 0.576615 0.0891649 0.229585 0.0910709 9.99549E-05
0.206359 0.137491 0.331383 9.9955E-05 0.243619 9.9955E-05 9.9955E-05 0.0806472 9.9955E-05 9.9955E-05
9.9955E-05 9.9955E-05 9.9955E-05 0.0684932 0.0590001 9.9955E-05 0.649165 0.222216 9.9955E-05 0.000625935
0.04318 9.99639E-05 9.99639E-05 0.0228753 9.99639E-05 0.0720848 0.587508 9.99639E-05 0.228346 0.0456061
9.99369E-05 9.99369E-05 9.99369E-05 9.99369E-05 9.99369E-05 0.605143 9.99369E-05 0.274375 0.119783 9.99369E-05
0.111154 9.9964E-05 9.9964E-05 9.9964E-05 0.165184 0.136206 0.290641 9.9964E-05 0.279343 0.0170717
0.183188 9.99729E-05 0.303665 9.99729E-05 0.0783556 0.0388447 0.259416 9.99729E-05 0.0663379 0.0698928
0.0106529 0.454195 9.99549E-05 9.99549E-05 0.381168 9.99549E-05 0.150135 0.00334902 9.99549E-05 9.99549E-05
9.99459E-05 0.0917216 9.99459E-05 9.99459E-05 0.531065 9.99459E-05 0.302501 9.99459E-05 0.0741121 9.99459E-05
9.99549E-05 9.99549E-05 0.356662 9.99549E-05 0.0504677 0.0866561 0.234153 9.99549E-05 0.271561 9.99549E-05
9.99459E-05 0.128588 9.99459E-05 9.99459E-05 9.99459E-05 9.99459E-05 9.99459E-05 0.796147 0.0691322 0.00553316
9.99459E-05 0.798733 9.99459E-05 9.99459E-05 9.99459E-05 9.99459E-05 0.0460058 0.0494854 0.105176 9.99459E-05
9.9955E-05 0.0667565 0.0270693 9.9955E-05 9.9955E-05 9.9955E-05 0.0701782 0.723433 0.112063 9.9955E-05
0.0355907 0.151374 9.99549E-05 9.99549E-05 9.99549E-05 9.99549E-05 0.292685 0.333877 0.185973 9.99549E-05
0.0512875 0.707145 9.9946E-05 9.9946E-05 9.9946E-05 9.9946E-05 0.220024 9.9946E-05 9.9946E-05 0.0209441
9.9937E-05 0.0277115 9.9937E-05 9.9937E-05 9.9937E-05 0.164222 9.9937E-05 0.807366 9.9937E-05 9.9937E-05
9.99549E-05 9.99549E-05 9.99549E-05 0.00961091 0.0753384 0.426375 0.224497 9.99549E-05 0.263679 9.99549E-05
0.0922746 9.99549E-05 9.99549E-05 9.99549E-05 0.0179871 0.0665216 0.403488 0.419229 9.99549E-05 9.99549E-05
0.101464 9.9964E-05 9.9964E-05 9.9964E-05 0.669601 0.0699328 0.0277197 9.9964E-05 0.100629 0.0302544
0.204523 9.99639E-05 9.99639E-05 9.99639E-05 0.273474 0.0935079 0.299846 9.99639E-05 0.0596615 0.0685876
0.156779 0.114793 9.99639E-05 9.99639E-05 0.418408 9.99639E-05 0.144704 0.14992 9.99639E-05 0.0149963
9.99369E-05 9.99369E-05 9.99369E-05 9.99369E-05 0.226612 0.533905 9.99369E-05 0.238783 9.99369E-05 9.99369E-05
0.0147724 0.0266567 0.59522 9.99639E-05 0.21062 9.99639E-05 0.0682734 0.0840585 9.99639E-05 9.99639E-05
9.99729E-05 9.99729E-05 9.99729E-05 0.160247 0.0286193 0.113381 0.403963 0.13739 0.0937019 0.0623971
0.0333494 0.106975 0.0825244 0.0438263 0.526209 9.9982E-05 0.0414578 0.0841977 0.0812608 9.9982E-05
9.99639E-05 0.11307 0.420394 9.99639E-05 0.341763 9.99639E-05 0.0486346 0.0588885 9.99639E-05 0.0168494
9.99369E-05 9.99369E-05 9.99369E-05 9.99369E-05 0.877588 9.99369E-05 0.0806203 0.0410921 9.99369E-05 9.99369E-05
0.0484002 0.189467 9.99549E-05 9.99549E-05 0.640429 9.99549E-05 0.0941153 9.99549E-05 9.99549E-05 0.0270888
9.99549E-05 9.99549E-05 9.99549E-05 0.0612663 0.820473 0.00286123 9.99549E-05 0.110699 9.99549E-05 0.00420046
9.99639E-05 9.99639E-05 9.99639E-05 0.055413 0.112033 9.99639E-05 0.486787 0.202407 0.0641508 0.0788089
0.11644 9.99639E-05 9.99639E-05 0.0526264 9.99639E-05 9.99639E-05 0.214289 0.545138 0.0638916 0.00721541
0.173073 0.0927605 0.546934 0.0230624 0.0746469 0.0125465 9.9973E-05 0.076677 9.9973E-05 9.9973E-05
0.0157217 9.9946E-05 9.9946E-05 9.9946E-05 0.606047 0.175368 9.9946E-05 9.9946E-05 0.202263 9.9946E-05
0.102582 9.9982E-05 0.0507402 0.0654196 9.9982E-05 0.244533 0.345566 0.00390414 0.120859 0.0661966
0.0797824 9.9946E-05 9.9946E-05 9.9946E-05 0.024604 0.847078 9.9946E-05 9.9946E-05 9.9946E-05 0.0479358
9.9946E-05 9.9946E-05 9.9946E-05 9.9946E-05 0.0381158 0.161346 0.0281582 0.771781 9.9946E-05 9.9946E-05
0.00795917 0.0253364 9.9973E-05 0.0199944 0.024672 0.799974 0.0746635 0.0471003 9.9973E-05 9.9973E-05
