0.094017 0.0660311 9.9973E-05 9.9973E-05 9.9973E-05 0.610714 0.136535 0.0924027
0.323131 0.0452048 9.9973E-05 0.00211399 9.9973E-05 0.544373 0.0848774 9.9973E-05
9.9982E-05 9.9982E-05 0.00990042 0.0103825 0.469537 0.474718 0.00707156 0.0281904
0.350138 0.054792 0.0600944 9.9982E-05 9.9982E-05 0.17114 0.330812 0.0328241
0.38524 0.211996 0.0175945 0.0426682 9.9973E-05 9.9973E-05 0.342202 9.9973E-05
0.000902885 0.00961948 0.206238 0.0902127 9.9973E-05 0.692727 9.9973E-05 9.9973E-05
9.99459E-05 9.99459E-05 9.99459E-05 9.99459E-05 0.536206 0.463194 9.99459E-05 9.99459E-05
9.997E-05 9.997E-05 0.0813239 0.0863251 0.0338018 0.787827 0.0104223 9.997E-05
0.197059 9.9973E-05 9.9973E-05 0.0250677 9.9973E-05 0.503552 0.253483 0.0205383
0.0178712 9.99729E-05 0.481551 9.99729E-05 0.344659 0.070174 9.99729E-05 0.0854447
0.600514 0.0597092 0.0116228 9.9982E-05 9.9982E-05 0.215054 0.0869855 0.025915
0.386795 9.99639E-05 0.115844 9.99639E-05 9.99639E-05 0.17411 0.322852 9.99639E-05
0.139425 0.284763 9.9991E-05 0.0554153 0.147837 0.162641 0.188131 0.0216891
9.9964E-05 9.9964E-05 0.14397 9.9964E-05 0.17456 0.675011 9.9964E-05 0.00605884
0.833275 9.9964E-05 0.00412268 9.9964E-05 9.9964E-05 0.0926851 0.0695172 9.9964E-05
9.9982E-05 0.0638432 0.198934 0.0317821 0.488844 0.183507 9.9982E-05 0.03289
9.99639E-05 0.000753997 0.0111551 9.99639E-05 0.391875 0.595816 9.99639E-05 9.99639E-05
0.0157122 9.99549E-05 9.99549E-05 9.99549E-05 0.299515 0.684273 9.99549E-05 9.99549E-05
0.0769239 0.0331132 9.997E-05 9.997E-05 0.0443821 0.412625 0.432656 9.997E-05
0.16084 0.0108601 9.9955E-05 9.9955E-05 9.9955E-05 9.9955E-05 9.9955E-05 0.8278
9.9955E-05 0.0160061 9.9955E-05 9.9955E-05 9.9955E-05 9.9955E-05 0.14309 0.840405
9.99549E-05 0.0286581 9.99549E-05 9.99549E-05 9.99549E-05 0.0584999 9.99549E-05 0.912342
9.99459E-05 9.99459E-05 9.99459E-05 9.99459E-05 9.99459E-05 9.99459E-05 0.361855 0.637545
0.132923 9.99549E-05 9.99549E-05 9.99549E-05 9.99549E-05 9.99549E-05 0.157852 0.708726
9.99729E-05 9.99729E-05 0.0137832 0.18332 0.142117 0.184883 9.99729E-05 0.475597
0.402142 9.99639E-05 9.99639E-05 0.145738 9.99639E-05 9.99639E-05 0.0246602 0.42706
9.9964E-05 9.9964E-05 0.108178 0.228683 0.412695 9.9964E-05 9.9964E-05 0.250043
0.226114 0.128297 0.0119992 0.111416 9.9982E-05 9.9982E-05 0.152646 0.369328
9.99639E-05 0.0623304 0.0207707 9.99639E-05 9.99639E-05 0.0509413 9.99639E-05 0.865558
9.99459E-05 9.99459E-05 9.99459E-05 9.99459E-05 9.99459E-05 9.99459E-05 0.157098 0.842303
9.99641E-05 9.99641E-05 0.0154274 9.99641E-05 0.267375 9.99641E-05 0.0888932 0.627904
9.997E-05 0.0964703 0.055134 0.441676 9.997E-05 0.139257 9.997E-05 0.267163
9.99549E-05 9.99549E-05 0.00621694 9.99549E-05 0.361896 9.99549E-05 9.99549E-05 0.631387
9.99549E-05 9.99549E-05 9.99549E-05 9.99549E-05 0.0995167 0.235866 9.99549E-05 0.664118
0.0330345 9.99549E-05 9.99549E-05 9.99549E-05 9.99549E-05 9.99549E-05 0.131715 0.83475
0.22472 9.99549E-05 9.99549E-05 9.99549E-05 9.99549E-05 9.99549E-05 0.0487167 0.726064
0.270768 9.9946E-05 9.9946E-05 9.9946E-05 9.9946E-05 9.9946E-05 9.9946E-05 0.728632
9.99459E-05 9.99459E-05 9.99459E-05 9.99459E-05 9.99459E-05 9.99459E-05 0.354812 0.644589
0.00943656 9.99639E-05 9.99639E-05 0.823797 9.99639E-05 0.121139 0.0452273 9.99639E-05
9.9964E-05 0.196766 0.0160897 0.692163 0.0945807 9.9964E-05 9.9964E-05 9.9964E-05
9.996E-05 9.996E-05 0.166883 0.405113 0.35405 9.996E-05 9.996E-05 0.0735549
9.9973E-05 0.0891397 0.0488285 0.507433 9.9973E-05 9.9973E-05 0.307841 0.0464587
9.99729E-05 0.0193284 0.00113013 0.56368 9.99729E-05 0.122532 9.99729E-05 0.29303
9.9973E-05 9.9973E-05 0.0779047 0.554274 0.239882 0.0177246 9.9973E-05 0.109915
0.210664 9.9964E-05 9.9964E-05 0.295866 9.9964E-05 9.9964E-05 0.380852 0.112218
0.316092 9.99549E-05 9.99549E-05 0.557485 9.99549E-05 9.99549E-05 0.125924 9.99549E-05
9.99639E-05 9.99639E-05 0.0753535 0.404032 0.334792 9.99639E-05 9.99639E-05 0.185423
0.094288 0.0255961 0.0106648 0.815639 9.99729E-05 0.0535126 9.99729E-05 9.99729E-05
9.9964E-05 0.161637 0.161689 0.336039 0.340235 9.9964E-05 9.9964E-05 9.9964E-05
0.149076 9.9964E-05 9.9964E-05 0.692704 9.9964E-05 0.0105653 0.147255 9.9964E-05
9.9964E-05 0.196828 0.0515959 0.710949 0.040227 9.9964E-05 9.9964E-05 9.9964E-05
9.9973E-05 0.149009 0.0442315 0.499381 9.9973E-05 9.9973E-05 0.219612 0.0874668
0.462199 9.99549E-05 9.99549E-05 0.399008 9.99549E-05 9.99549E-05 9.99549E-05 0.138294
0.462231 9.9964E-05 9.9964E-05 0.495761 9.9964E-05 0.0368991 9.9964E-05 0.00470832
0.0743957 0.00612838 0.014622 0.358299 0.016516 9.9991E-05 0.449557 0.080382
9.9955E-05 9.9955E-05 9.9955E-05 0.0336222 9.9955E-05 9.9955E-05 0.517974 0.447904
9.99729E-05 0.077275 0.0552861 0.785735 0.0684392 0.0129651 9.99729E-05 9.99729E-05
0.00722447 0.127769 0.117103 0.604867 9.9982E-05 9.9982E-05 0.0408372 0.101999
9.99639E-05 0.115638 0.105525 0.68979 0.088647 9.99639E-05 9.99639E-05 9.99639E-05
0.135052 9.99549E-05 9.99549E-05 0.730126 9.99549E-05 9.99549E-05 0.134322 9.99549E-05
0.204186 9.99729E-05 9.99729E-05 0.685105 9.99729E-05 0.0373667 0.0244261 0.0486156
0.30443 9.9955E-05 9.9955E-05 0.66329 9.9955E-05 0.0317809 9.9955E-05 9.9955E-05
9.9982E-05 0.141445 0.026843 0.524782 0.153352 0.0768605 9.9982E-05 0.0765175
9.99549E-05 9.99549E-05 9.99549E-05 0.502676 9.99549E-05 9.99549E-05 0.453414 0.0434101
9.99459E-05 9.99459E-05 9.99459E-05 0.490759 0.508641 9.99459E-05 9.99459E-05 9.99459E-05
0.350138 9.99639E-05 9.99639E-05 0.333675 9.99639E-05 0.124472 9.99639E-05 0.191314
0.103021 9.99549E-05 9.99549E-05 0.602224 9.99549E-05 9.99549E-05 0.294255 9.99549E-05
0.380498 9.9955E-05 9.9955E-05 0.54874 9.9955E-05 9.9955E-05 0.0702614 9.9955E-05
0.0970062 9.99639E-05 9.99639E-05 0.40407 9.99639E-05 0.288401 9.99639E-05 0.210122
9.99639E-05 9.99639E-05 0.0340648 0.331004 9.99639E-05 0.24401 9.99639E-05 0.390521
9.9973E-05 0.121805 0.207457 0.280857 0.138307 9.9973E-05 9.9973E-05 0.251275
9.99459E-05 9.99459E-05 9.99459E-05 0.50536 0.49404 9.99459E-05 9.99459E-05 9.99459E-05
9.99459E-05 9.99459E-05 9.99459E-05 9.99459E-05 9.99459E-05 9.99459E-05 0.339484 0.659916
9.99639E-05 0.0218451 0.0348542 0.659592 0.283309 9.99639E-05 9.99639E-05 9.99639E-05
0.310003 9.99639E-05 9.99639E-05 0.619193 9.99639E-05 9.99639E-05 0.0276333 0.0427708
0.303788 9.9964E-05 9.9964E-05 0.26246 9.9964E-05 9.9964E-05 0.183477 0.249875
9.99458E-05 9.99458E-05 9.99458E-05 9.99458E-05 0.230876 9.99458E-05 9.99458E-05 0.768524
9.996E-05 9.996E-05 0.0475223 0.205348 0.517498 9.996E-05 9.996E-05 0.229232
9.99639E-05 9.99639E-05 9.99639E-05 0.0235777 0.155386 0.0799635 9.99639E-05 0.740673
9.9973E-05 0.110455 0.0500344 0.305984 9.9973E-05 0.109372 9.9973E-05 0.423854
9.997E-05 0.221715 0.110814 0.269878 0.222493 9.997E-05 9.997E-05 0.1748
9.99549E-05 9.99549E-05 9.99549E-05 0.454384 9.99549E-05 9.99549E-05 0.326857 0.218259
9.9973E-05 0.0739435 0.0090556 0.745458 0.00713302 9.9973E-05 0.16411 9.9973E-05
0.0276466 0.0389498 0.0288661 0.47803 0.0467807 9.999E-05 0.227897 0.15173
9.99549E-05 9.99549E-05 0.086781 0.654497 0.258222 9.99549E-05 9.99549E-05 9.99549E-05
0.158188 0.111844 9.9973E-05 0.603077 9.9973E-05 9.9973E-05 0.00971893 0.116872
0.0992435 9.99549E-05 9.99549E-05 0.576104 9.99549E-05 9.99549E-05 0.324152 9.99549E-05
9.99639E-05 9.99639E-05 9.99639E-05 0.181398 0.0926266 0.328315 9.99639E-05 0.397261
9.99639E-05 9.99639E-05 0.00491213 0.522948 0.445046 9.99639E-05 9.99639E-05 0.0266941
0.0163455 9.997E-05 9.997E-05 0.150734 9.997E-05 0.333769 0.103221 0.395631
9.99549E-05 9.99549E-05 9.99549E-05 0.579285 0.282057 0.138159 9.99549E-05 9.99549E-05
9.99639E-05 9.99639E-05 9.99639E-05 0.484066 0.302135 0.158035 9.99639E-05 0.0553638
0.183496 9.9973E-05 9.9973E-05 0.320887 9.9973E-05 0.0592959 0.293382 0.14264
9.9964E-05 9.9964E-05 9.9964E-05 0.630796 0.0146788 0.334325 0.0198004 9.9964E-05
9.9964E-05 9.9964E-05 9.9964E-05 0.439244 9.9964E-05 0.396266 0.0135294 0.15056
9.99639E-05 0.657956 0.124234 0.0214675 0.195943 9.99639E-05 9.99639E-05 9.99639E-05
9.9991E-05 0.640022 0.0453608 0.098115 0.114098 0.0388226 0.0072648 0.0562165
9.9955E-05 0.793854 9.9955E-05 0.0262555 9.9955E-05 9.9955E-05 0.17939 9.9955E-05
0.0634698 0.38066 9.9964E-05 9.9964E-05 9.9964E-05 0.33042 0.22505 9.9964E-05
9.99549E-05 0.632906 0.170117 9.99549E-05 0.196478 9.99549E-05 9.99549E-05 9.99549E-05
0.0428793 0.18133 9.99729E-05 9.99729E-05 9.99729E-05 0.631579 0.141168 0.00274301
9.99549E-05 0.376485 9.99549E-05 9.99549E-05 0.457097 0.165919 9.99549E-05 9.99549E-05
9.99729E-05 0.775874 0.0615465 0.0215618 0.13404 9.99729E-05 9.99729E-05 0.00667813
9.99639E-05 0.608836 0.0465601 9.99639E-05 9.99639E-05 0.260134 9.99639E-05 0.0840704
0.314452 0.536355 9.9964E-05 9.9964E-05 9.9964E-05 9.9964E-05 0.0852072 0.0635865
9.99549E-05 0.414548 0.364195 9.99549E-05 0.220757 9.99549E-05 9.99549E-05 9.99549E-05
0.551895 0.383547 9.99639E-05 9.99639E-05 0.0598607 9.99639E-05 9.99639E-05 0.00429708
9.99639E-05 0.742798 9.99639E-05 0.0174749 0.177719 0.0616084 9.99639E-05 9.99639E-05
0.137364 0.479164 9.99639E-05 0.0484009 9.99639E-05 0.334671 9.99639E-05 9.99639E-05
9.99639E-05 0.635973 0.104482 9.99639E-05 9.99639E-05 0.18208 9.99639E-05 0.0770657
9.99639E-05 0.267755 9.99639E-05 9.99639E-05 0.275436 0.416998 9.99639E-05 0.0394109
0.29747 0.354388 9.99729E-05 0.0469929 9.99729E-05 0.0238183 0.277031 9.99729E-05
9.99549E-05 0.394238 9.99549E-05 9.99549E-05 0.0590717 9.99549E-05 0.54619 9.99549E-05
9.9973E-05 0.549412 0.102896 0.124762 9.9973E-05 0.121586 9.9973E-05 0.101044
9.99549E-05 0.599748 9.99549E-05 9.99549E-05 0.234017 0.165735 9.99549E-05 9.99549E-05
0.148533 0.68323 0.0192286 0.0225605 9.9982E-05 0.0431268 9.9982E-05 0.0831211
9.99459E-05 0.685528 9.99459E-05 9.99459E-05 9.99459E-05 9.99459E-05 0.313872 9.99459E-05
0.321847 0.101953 0.0233298 9.9982E-05 9.9982E-05 0.325769 0.201854 0.0250466
0.0370431 9.99729E-05 0.544826 9.99729E-05 0.0953497 0.293014 0.0294681 9.99729E-05
9.9982E-05 0.0758664 0.0048111 0.0141962 0.127225 0.174992 0.60271 9.9982E-05
9.99729E-05 0.109574 0.170556 9.99729E-05 0.109269 0.584203 9.99729E-05 0.0260974
9.99459E-05 9.99459E-05 0.731495 9.99459E-05 0.267905 9.99459E-05 9.99459E-05 9.99459E-05
0.578028 0.0401346 9.99639E-05 9.99639E-05 9.99639E-05 0.148166 0.233272 9.99639E-05
0.344221 9.99639E-05 0.581157 9.99639E-05 9.99639E-05 9.99639E-05 0.0410636 0.0331587
0.0269014 0.0927448 9.9982E-05 0.110182 0.0300141 0.689388 0.0505694 9.9982E-05
0.00809706 9.99729E-05 0.584484 9.99729E-05 9.99729E-05 0.0123651 0.379534 0.0152195
9.99639E-05 9.99639E-05 0.315363 9.99639E-05 0.53394 0.120519 0.0297775 9.99639E-05
0.596312 0.0363322 0.11079 0.0491085 9.998E-05 0.0725398 0.134717 9.998E-05
9.99549E-05 9.99549E-05 0.444288 9.99549E-05 9.99549E-05 9.99549E-05 0.55473 0.000482497
9.99459E-05 9.99459E-05 0.573966 9.99459E-05 0.425435 9.99459E-05 9.99459E-05 9.99459E-05
0.596004 0.041174 9.99639E-05 9.99639E-05 9.99639E-05 0.0927073 0.269715 9.99639E-05
0.180161 9.99549E-05 0.367072 9.99549E-05 9.99549E-05 9.99549E-05 0.452268 9.99549E-05
0.324221 9.99639E-05 9.99639E-05 9.99639E-05 0.153623 0.164675 0.35708 9.99639E-05
9.99459E-05 9.99459E-05 0.6983 9.99459E-05 0.3011 9.99459E-05 9.99459E-05 9.99459E-05
0.199845 9.99639E-05 0.208437 9.99639E-05 9.99639E-05 0.0986165 0.492702 9.99639E-05
0.620199 0.118561 9.9964E-05 9.9964E-05 9.9964E-05 0.198822 0.0620187 9.9964E-05
0.025732 9.99729E-05 0.0887584 9.99729E-05 0.0136982 0.841105 9.99729E-05 0.0304067
9.9982E-05 0.206565 0.00735453 9.9982E-05 0.163062 0.127398 0.428737 0.0666838
0.091984 0.0897464 0.121232 9.9991E-05 0.0435363 0.183501 0.419754 0.0501457
9.99549E-05 9.99549E-05 0.642374 9.99549E-05 0.251597 0.10553 9.99549E-05 9.99549E-05
0.380728 9.9982E-05 0.0596071 0.0356549 0.0482612 0.392805 9.9982E-05 0.0827438
9.99719E-05 9.99719E-05 0.442284 9.99719E-05 9.99719E-05 0.514594 0.0236944 0.0190276
9.9982E-05 0.266978 0.272354 0.0503349 0.0769871 0.288253 9.9982E-05 0.0448938
0.30718 0.0884482 0.0894968 0.0544592 9.9991E-05 0.183332 0.24095 0.036034
0.173725 0.376728 0.280712 0.105626 9.9982E-05 0.0480788 9.9982E-05 0.0149297
9.9964E-05 0.11324 0.303835 9.9964E-05 0.545302 9.9964E-05 9.9964E-05 0.0372235
9.99819E-05 0.112872 0.283971 0.0299115 0.0440975 0.468074 9.99819E-05 0.0608736
0.0232843 0.1508 0.192164 0.0200585 0.268681 0.311472 9.999E-05 0.0334399
0.537992 0.0951078 0.292715 9.9964E-05 9.9964E-05 9.9964E-05 9.9964E-05 0.0737859
9.99639E-05 0.095277 0.300805 9.99639E-05 0.458304 0.145214 9.99639E-05 9.99639E-05
0.418017 0.0219739 9.997E-05 9.997E-05 0.058294 0.143032 0.358383 9.997E-05
9.99639E-05 0.149079 0.340192 9.99639E-05 0.271262 0.239067 9.99639E-05 9.99639E-05
9.9973E-05 0.115852 0.440821 9.9973E-05 9.9973E-05 0.0439984 0.385878 0.01315
0.175039 0.170687 0.154602 9.997E-05 0.0184303 9.997E-05 0.480942 9.997E-05
0.139285 0.21316 0.211663 0.124164 9.9982E-05 0.274298 9.9982E-05 0.0372301
0.0252076 0.197393 9.9973E-05 0.0616001 9.9973E-05 0.674826 0.0406741 9.9973E-05
0.0309779 0.26666 0.229384 0.0115564 9.9982E-05 0.359831 9.9982E-05 0.10139
0.0303373 0.339607 0.133983 9.9982E-05 9.9982E-05 0.123088 0.368723 0.00406077
9.9955E-05 0.264164 0.298276 9.9955E-05 0.43706 9.9955E-05 9.9955E-05 9.9955E-05
9.99549E-05 0.127701 0.583343 9.99549E-05 0.288457 9.99549E-05 9.99549E-05 9.99549E-05
9.9964E-05 9.9964E-05 0.18388 0.0264844 0.279934 0.509301 9.9964E-05 9.9964E-05
9.9982E-05 0.142205 0.515393 0.0483814 0.253815 0.0262415 9.9982E-05 0.0137639
0.0473894 0.238282 0.213879 9.9964E-05 0.50005 9.9964E-05 9.9964E-05 9.9964E-05
9.9973E-05 9.9973E-05 0.244214 0.110701 0.246146 0.382325 9.9973E-05 0.0163136
0.0492447 9.99639E-05 0.160049 9.99639E-05 0.297424 0.492883 9.99639E-05 9.99639E-05
0.353507 9.9964E-05 9.9964E-05 9.9964E-05 9.9964E-05 0.216307 0.403717 0.0260692
0.382993 9.996E-05 9.996E-05 9.996E-05 0.000809035 0.247503 0.368295 9.996E-05
0.0879202 9.99639E-05 9.99639E-05 9.99639E-05 0.217215 0.671441 9.99639E-05 0.0230236
0.713477 9.996E-05 9.996E-05 9.996E-05 0.0560807 0.095742 0.1343 9.996E-05
0.480959 0.00961516 9.9973E-05 9.9973E-05 0.0279844 0.0994782 0.381664 9.9973E-05
9.99729E-05 0.0165725 9.99729E-05 9.99729E-05 0.09159 0.138413 0.678799 0.0743255
0.29382 9.99639E-05 9.99639E-05 9.99639E-05 0.0797811 0.127149 0.498851 9.99639E-05
0.0712206 9.9964E-05 9.9964E-05 9.9964E-05 0.501084 0.402762 9.9964E-05 0.0245332
0.0191967 9.9955E-05 0.328481 9.9955E-05 0.651823 9.9955E-05 9.9955E-05 9.9955E-05
0.133851 0.0221318 9.9973E-05 0.0457289 9.9973E-05 0.637964 0.160024 9.9973E-05
9.9964E-05 0.00125864 9.9964E-05 9.9964E-05 0.716966 0.226708 0.0546673 9.9964E-05
9.9973E-05 9.9973E-05 9.9973E-05 0.0559921 0.314559 0.539708 0.00582776 0.0836127
0.195797 0.0134263 9.9973E-05 9.9973E-05 0.117931 0.620429 0.0521166 9.9973E-05
9.99549E-05 9.99549E-05 0.117606 9.99549E-05 0.498406 0.383488 9.99549E-05 9.99549E-05
0.00631883 0.0533333 9.9982E-05 0.00462307 0.368268 0.466245 0.101013 9.9982E-05
0.205772 9.998E-05 0.093446 0.0491881 9.998E-05 0.403215 0.14605 0.102129
0.162748 9.997E-05 9.997E-05 0.0369265 0.331223 0.430728 9.997E-05 0.0380747
9.9973E-05 0.106417 9.9973E-05 0.00119045 0.197451 0.579964 0.114677 9.9973E-05
0.810836 9.9964E-05 9.9964E-05 9.9964E-05 0.0627734 0.027885 0.0981053 9.9964E-05
0.187911 0.0357919 9.9973E-05 0.00816549 9.9973E-05 0.589223 0.178609 9.9973E-05
0.0509372 9.99778E-05 9.99778E-05 0.0341338 0.734837 0.152495 0.0272969 9.99778E-05
9.99639E-05 0.0354846 9.99639E-05 0.00488321 0.339343 0.619889 9.99639E-05 9.99639E-05
9.99549E-05 9.99549E-05 0.239714 9.99549E-05 0.663952 0.0958342 9.99549E-05 9.99549E-05
0.419747 9.99549E-05 9.99549E-05 9.99549E-05 9.99549E-05 0.332362 0.247392 9.99549E-05
0.165996 9.9973E-05 9.9973E-05 0.0314793 9.9973E-05 0.756043 0.0333893 0.0127934
9.99639E-05 9.99639E-05 0.133623 0.00552514 0.590751 0.269702 9.99639E-05 9.99639E-05
0.469872 9.9973E-05 0.132005 0.0587648 9.9973E-05 0.033215 0.305844 9.9973E-05
0.69432 9.9955E-05 0.283059 9.9955E-05 9.9955E-05 9.9955E-05 9.9955E-05 0.0221211
9.998E-05 0.0864599 0.197474 0.0619451 0.372553 0.206491 9.998E-05 0.0748769
0.0193315 0.0623586 0.599433 0.0321005 9.9982E-05 0.228423 9.9982E-05 0.0581539
0.719013 9.9982E-05 0.101357 9.9982E-05 0.017907 0.0115118 0.0293466 0.120665
0.248221 9.99639E-05 0.232404 9.99639E-05 9.99639E-05 0.0938732 0.425102 9.99639E-05
0.413594 9.997E-05 0.123451 0.064566 9.997E-05 0.0759252 0.322164 9.997E-05
9.9955E-05 9.9955E-05 0.628778 9.9955E-05 0.351304 9.9955E-05 9.9955E-05 0.0194174
9.9973E-05 9.9973E-05 0.338473 0.0209589 0.0852539 0.535254 9.9973E-05 0.01976
0.242514 0.261483 0.0489497 0.0508604 9.9982E-05 0.358767 9.9982E-05 0.0372264
0.632917 9.99639E-05 0.171602 9.99639E-05 9.99639E-05 0.0979906 0.0970903 9.99639E-05
9.99729E-05 0.215256 0.45894 0.0049644 0.238629 0.0819103 9.99729E-05 9.99729E-05
9.9964E-05 9.9964E-05 0.15191 9.9964E-05 0.0511085 0.732719 9.9964E-05 0.0638625
0.026966 9.9982E-05 0.15798 0.00546 0.122875 0.647833 9.9982E-05 0.038686
0.148996 0.26766 0.287561 9.99729E-05 9.99729E-05 0.250983 9.99729E-05 0.0445008
9.99549E-05 0.204611 9.99549E-05 9.99549E-05 0.298728 0.496161 9.99549E-05 9.99549E-05
0.499197 0.0637192 9.997E-05 0.0475027 0.00350248 0.385779 9.997E-05 9.997E-05
0.251741 0.00430739 0.129227 0.00771393 9.9982E-05 0.593091 9.9982E-05 0.0137194
0.497108 9.9964E-05 0.179915 9.9964E-05 9.9964E-05 9.9964E-05 0.292547 0.0300303
9.99729E-05 9.99729E-05 0.318273 0.143999 0.223062 0.268434 9.99729E-05 0.0459318
0.456736 9.99729E-05 0.122983 0.0310183 9.99729E-05 0.18297 0.205992 9.99729E-05
0.129788 9.9964E-05 0.109928 9.9964E-05 9.9964E-05 0.2039 0.555984 9.9964E-05
9.99549E-05 9.99549E-05 0.254788 9.99549E-05 0.560675 0.184038 9.99549E-05 9.99549E-05
0.278089 9.99549E-05 9.99549E-05 9.99549E-05 0.24527 0.476141 9.99549E-05 9.99549E-05
9.9964E-05 9.9964E-05 0.0864685 0.0535814 0.274327 0.585223 9.9964E-05 9.9964E-05
0.486199 9.9973E-05 9.9973E-05 0.00567299 9.9973E-05 0.0990781 0.37967 0.0290801
0.0992348 0.0548141 0.0139414 0.196233 0.0843702 0.0717884 0.423815 0.0558031
0.33191 9.9964E-05 9.9964E-05 0.0690864 9.9964E-05 0.334511 0.264093 9.9964E-05
9.99639E-05 9.99639E-05 0.201288 9.99639E-05 0.567938 0.226206 9.99639E-05 0.00416773
0.128639 9.9964E-05 9.9964E-05 0.024047 9.9964E-05 0.502655 0.344259 9.9964E-05
0.337132 0.0206537 9.9982E-05 0.0364579 9.9982E-05 0.313194 0.282498 0.00986499
0.559049 0.0731044 9.9973E-05 9.9973E-05 0.0290082 0.0539904 0.284548 9.9973E-05
9.99549E-05 0.0675164 9.99549E-05 9.99549E-05 0.700603 0.23138 9.99549E-05 9.99549E-05
0.181745 9.9973E-05 0.000309434 9.9973E-05 0.134553 0.655267 9.9973E-05 0.0278249
0.6193 9.9964E-05 9.9964E-05 9.9964E-05 0.143207 9.9964E-05 0.19279 0.0443028
9.9973E-05 9.9973E-05 0.181957 0.0654369 0.314127 0.31106 0.127118 9.9973E-05
0.332652 0.0220717 9.9973E-05 0.0089285 9.9973E-05 0.21224 0.423808 9.9973E-05
0.0086924 0.151246 0.0591622 9.998E-05 0.249952 0.133917 0.39683 9.998E-05
0.0508258 0.0145902 9.9991E-05 0.0631942 0.0915334 0.57776 0.170991 0.0310053
9.9964E-05 9.9964E-05 0.158609 9.9964E-05 0.764625 0.061633 0.0147329 9.9964E-05
0.0202426 9.9982E-05 0.0388781 0.00912354 9.9982E-05 0.798701 0.0931565 0.0396985
0.0290968 0.249458 0.216199 0.00458232 0.0869327 0.345471 9.9991E-05 0.0681599
9.99639E-05 0.280191 0.356378 9.99639E-05 0.330912 0.0321191 9.99639E-05 9.99639E-05
9.9973E-05 0.066554 0.0417731 0.047474 0.0312591 0.81264 9.9973E-05 9.9973E-05
9.99549E-05 0.37998 9.99549E-05 9.99549E-05 0.220733 0.398787 9.99549E-05 9.99549E-05
0.157221 0.0149614 0.177827 9.99729E-05 0.0940544 0.555637 9.99729E-05 9.99729E-05
0.352624 0.0466267 0.051554 9.9973E-05 9.9973E-05 0.262768 0.286127 9.9973E-05
9.9973E-05 0.129217 0.619247 9.9973E-05 0.188497 0.0425702 9.9973E-05 0.0201683
0.026376 9.9973E-05 0.318103 0.0184277 9.9973E-05 9.9973E-05 0.610744 0.0260495
0.173761 0.269079 9.99639E-05 9.99639E-05 9.99639E-05 0.333292 0.223468 9.99639E-05
0.647521 0.214905 0.0347406 9.997E-05 0.0761281 9.997E-05 9.997E-05 0.0264051
0.0303076 0.406013 0.18805 9.99639E-05 0.37523 9.99639E-05 9.99639E-05 9.99639E-05
9.99549E-05 0.216939 0.243156 9.99549E-05 0.539405 9.99549E-05 9.99549E-05 9.99549E-05
0.352614 9.9982E-05 0.0904986 9.9982E-05 0.0612409 0.0981255 0.371295 0.0260256
0.0240701 0.0305432 9.9982E-05 0.0529377 0.152231 0.714537 9.9982E-05 0.025481
0.0282929 0.293487 0.0848079 0.0136322 9.9982E-05 0.53327 9.9982E-05 0.0463103
9.99549E-05 0.202267 0.220116 9.99549E-05 0.577117 9.99549E-05 9.99549E-05 9.99549E-05
0.224664 0.402337 0.229526 9.997E-05 9.997E-05 0.130197 9.997E-05 0.0129759
0.123649 0.143278 0.210111 9.998E-05 9.998E-05 0.183426 0.27223 0.0671059
0.771422 9.9964E-05 9.9964E-05 9.9964E-05 0.00897635 0.153854 0.065348 9.9964E-05
0.72893 0.162304 9.9955E-05 9.9955E-05 9.9955E-05 0.108266 9.9955E-05 9.9955E-05
0.128667 0.392938 0.0659885 9.998E-05 0.0228485 0.121604 0.267754 9.998E-05
9.9973E-05 0.00457746 9.9973E-05 9.9973E-05 0.623916 0.28515 0.05972 0.0263373
0.307072 0.0279677 9.9964E-05 9.9964E-05 9.9964E-05 0.349779 0.314781 9.9964E-05
9.9964E-05 0.0436639 9.9964E-05 9.9964E-05 0.526527 0.347383 0.0820265 9.9964E-05
9.99729E-05 0.139279 9.99729E-05 0.010049 0.125653 0.655723 0.0689955 9.99729E-05
0.188669 9.9955E-05 9.9955E-05 9.9955E-05 9.9955E-05 0.468879 0.341953 9.9955E-05
0.0397638 9.9982E-05 0.0242848 9.9982E-05 0.863547 0.0236082 0.0191207 0.0294752
0.0402074 0.449954 0.178544 0.0140075 0.227558 0.0895293 9.99819E-05 9.99819E-05
9.99729E-05 0.0190292 0.113775 9.99729E-05 0.332806 0.526496 9.99729E-05 0.00759396
0.594795 0.169049 0.166442 9.996E-05 9.996E-05 9.996E-05 9.996E-05 0.0693137
0.26187 0.120815 0.247042 9.99729E-05 9.99729E-05 0.286669 9.99729E-05 0.0833037
0.523265 9.9973E-05 0.109876 9.9973E-05 0.06699 0.24706 9.9973E-05 0.0525087
0.0769169 0.0707776 0.068745 9.9973E-05 0.76367 9.9973E-05 9.9973E-05 0.0195907
0.2071 0.00140579 0.0298143 0.00207117 0.186231 9.9982E-05 0.573178 9.9982E-05
0.0219825 0.144157 0.0714993 0.170407 0.145696 0.398538 9.999E-05 0.0476197
0.637167 0.130908 9.9991E-05 0.0441531 0.0690106 0.0134634 0.0839857 0.0212127
0.325327 0.0687203 9.9973E-05 9.9973E-05 0.122069 9.9973E-05 0.449704 0.0338805
0.845214 0.051617 9.99639E-05 9.99639E-05 0.071602 9.99639E-05 9.99639E-05 0.0311676
0.846196 9.9982E-05 0.0194878 0.00402508 0.0259497 0.0356617 9.9982E-05 0.0684796
0.756603 9.9964E-05 9.9964E-05 0.0392526 0.160968 9.9964E-05 9.9964E-05 0.0427767
0.01993 0.120536 9.998E-05 0.0419313 0.163917 0.547054 9.998E-05 0.106431
9.998E-05 0.0250276 0.0598095 0.0591053 0.340713 0.479082 9.998E-05 0.0360625
0.0827631 0.040822 0.15642 0.0186579 0.112026 9.9991E-05 0.588991 0.00021985
0.517 0.320417 0.162083 9.9955E-05 9.9955E-05 9.9955E-05 9.9955E-05 9.9955E-05
9.9991E-05 0.226937 0.23082 0.073209 0.0881655 0.303264 0.00495244 0.0725521
9.9955E-05 0.166754 0.492839 9.9955E-05 0.339907 9.9955E-05 9.9955E-05 9.9955E-05
9.9955E-05 9.9955E-05 0.0520491 9.9955E-05 0.772735 0.174716 9.9955E-05 9.9955E-05
9.9955E-05 0.143784 0.333488 9.9955E-05 0.522227 9.9955E-05 9.9955E-05 9.9955E-05
