9.9982E-05 0.305844 0.408139 0.109369 0.134992 9.9982E-05 0.0414562
9.9982E-05 0.414281 0.480089 0.00264655 0.0848751 0.0179091 9.9982E-05
0.172486 9.9982E-05 0.766594 0.0335647 9.9982E-05 0.0134189 0.0137365
0.0326304 0.608392 0.0544393 0.0551242 0.0870422 9.9991E-05 0.162272
9.9973E-05 0.573681 9.9973E-05 9.9973E-05 0.260036 0.0494697 0.116513
9.9973E-05 9.9973E-05 0.476424 9.9973E-05 0.0706948 0.0762431 0.376338
0.24993 9.99549E-05 0.74957 9.99549E-05 9.99549E-05 9.99549E-05 9.99549E-05
9.9973E-05 0.0233136 0.667633 9.9973E-05 9.9973E-05 0.0866163 0.222137
9.9982E-05 0.460936 0.295558 0.0353644 9.9982E-05 0.0352705 0.172671
0.419146 9.99729E-05 0.15081 0.0431608 9.99729E-05 9.99729E-05 0.386583
9.9982E-05 0.52368 0.200185 0.0197236 0.0968524 9.9982E-05 0.15936
9.9964E-05 0.635332 0.0625478 9.9964E-05 9.9964E-05 9.9964E-05 0.301721
0.119033 0.280889 0.184254 0.0417845 0.290546 0.0516127 0.0318822
0.0406186 9.9964E-05 0.725528 9.9964E-05 9.9964E-05 9.9964E-05 0.233454
9.99639E-05 0.734837 0.122151 9.99639E-05 9.99639E-05 9.99639E-05 0.142613
0.485581 9.9991E-05 0.38022 0.0192552 0.00760898 0.0402394 0.066995
0.188976 0.0270069 0.775773 9.9973E-05 9.9973E-05 9.9973E-05 0.00794424
0.0052013 0.0168375 0.935177 9.9973E-05 0.0424841 9.9973E-05 9.9973E-05
9.9973E-05 0.492173 0.350597 9.9973E-05 0.057269 9.9973E-05 0.0996611
9.9973E-05 0.0477977 9.9973E-05 0.853489 0.0886613 9.9973E-05 0.00975173
9.9964E-05 0.0433891 9.9964E-05 0.90505 0.0511613 9.9964E-05 9.9964E-05
9.99639E-05 9.99639E-05 9.99639E-05 0.889414 0.0866156 9.99639E-05 0.0235701
9.9964E-05 0.240612 9.9964E-05 0.755158 0.0038305 9.9964E-05 9.9964E-05
9.99549E-05 0.221322 9.99549E-05 0.778178 9.99549E-05 9.99549E-05 9.99549E-05
0.0652323 9.99729E-05 0.265411 0.462555 9.99729E-05 0.206502 9.99729E-05
9.99729E-05 0.321971 9.99729E-05 0.431695 9.99729E-05 0.171438 0.0745968
0.567098 9.9964E-05 9.9964E-05 0.228531 9.9964E-05 0.203971 9.9964E-05
9.9982E-05 0.292144 9.9982E-05 0.395091 0.170265 0.126937 0.0153638
0.0136541 9.99729E-05 9.99729E-05 0.86902 0.0928425 9.99729E-05 0.0241832
9.9955E-05 0.0862209 9.9955E-05 0.913279 9.9955E-05 9.9955E-05 9.9955E-05
0.254428 0.0464692 0.0424037 0.6564 9.9973E-05 9.9973E-05 9.9973E-05
0.0517987 9.9991E-05 0.0703102 0.254774 0.123199 0.453151 0.0466676
0.384062 9.99549E-05 9.99549E-05 0.615438 9.99549E-05 9.99549E-05 9.99549E-05
9.99639E-05 9.99639E-05 0.300632 0.68893 9.99639E-05 0.0100387 9.99639E-05
9.9964E-05 0.0727895 9.9964E-05 0.888712 9.9964E-05 9.9964E-05 0.0380984
9.99549E-05 0.209945 9.99549E-05 0.789556 9.99549E-05 9.99549E-05 9.99549E-05
0.0934559 0.151816 9.9964E-05 0.754328 9.9964E-05 9.9964E-05 9.9964E-05
9.9955E-05 0.234014 9.9955E-05 0.765486 9.9955E-05 9.9955E-05 9.9955E-05
9.99639E-05 0.0934063 9.99639E-05 9.99639E-05 0.059583 0.846611 9.99639E-05
0.257202 9.9964E-05 9.9964E-05 9.9964E-05 0.0880071 0.654391 9.9964E-05
0.496689 9.9964E-05 9.9964E-05 0.0928979 9.9964E-05 0.410013 9.9964E-05
0.112844 0.228502 9.9982E-05 0.0759918 0.0631705 0.519291 9.9982E-05
0.0118905 9.9991E-05 0.0668796 0.268586 0.0558089 0.569841 0.0268931
0.195954 9.9982E-05 0.117096 0.0852772 9.9982E-05 0.579155 0.0223175
9.9964E-05 0.535539 9.9964E-05 0.147928 9.9964E-05 0.316133 9.9964E-05
9.99549E-05 0.410321 9.99549E-05 9.99549E-05 9.99549E-05 0.58918 9.99549E-05
0.352715 9.99729E-05 0.0752735 0.167244 9.99729E-05 0.404468 9.99729E-05
9.99729E-05 0.026333 9.99729E-05 9.99729E-05 0.0887731 0.809813 0.0747812
0.63598 9.9964E-05 9.9964E-05 9.9964E-05 0.0310078 0.332612 9.9964E-05
9.9955E-05 0.263552 9.9955E-05 9.9955E-05 9.9955E-05 0.735948 9.9955E-05
0.251018 9.9964E-05 9.9964E-05 9.9964E-05 0.0707243 0.677858 9.9964E-05
9.9982E-05 0.145396 9.9982E-05 0.128378 0.16001 0.509169 0.0568476
9.99729E-05 0.342828 9.99729E-05 0.164513 9.99729E-05 0.433848 0.0585115
9.9982E-05 0.308855 0.105087 0.020462 9.9982E-05 0.536172 0.0292243
0.0531691 0.449253 9.9973E-05 0.135199 9.9973E-05 0.362079 9.9973E-05
9.9964E-05 0.368849 9.9964E-05 0.588992 9.9964E-05 0.0417599 9.9964E-05
0.135816 9.99729E-05 0.00766674 9.99729E-05 0.0736219 0.782595 9.99729E-05
0.0941344 0.00845143 9.9991E-05 0.118764 0.109324 0.602863 0.0663619
0.249009 9.99639E-05 9.99639E-05 9.99639E-05 0.0626935 0.687898 9.99639E-05
9.99639E-05 0.247288 9.99639E-05 9.99639E-05 0.00302506 0.749287 9.99639E-05
9.99729E-05 0.21817 9.99729E-05 0.0595157 9.99729E-05 0.712409 0.00960553
9.99549E-05 0.27957 9.99549E-05 9.99549E-05 9.99549E-05 0.71993 9.99549E-05
0.167268 9.9982E-05 0.120778 0.0656149 0.117849 0.528289 9.9982E-05
9.9964E-05 0.354133 9.9964E-05 0.115085 9.9964E-05 0.530382 9.9964E-05
0.243315 9.99639E-05 0.276058 9.99639E-05 9.99639E-05 0.480228 9.99639E-05
9.99819E-05 0.290867 0.0740759 0.187658 9.99819E-05 0.360101 0.0870982
9.9955E-05 0.366607 9.9955E-05 9.9955E-05 9.9955E-05 0.632894 9.9955E-05
9.9955E-05 0.397022 9.9955E-05 9.9955E-05 9.9955E-05 0.602478 9.9955E-05
9.99819E-05 0.104235 0.238769 0.210477 9.99819E-05 0.440287 0.00603145
9.9982E-05 9.9982E-05 0.104481 0.358256 0.0513257 0.349385 0.136352
0.40997 9.9973E-05 9.9973E-05 0.255541 0.0285924 0.305597 9.9973E-05
0.430093 9.99639E-05 0.0285378 9.99639E-05 9.99639E-05 0.540969 9.99639E-05
9.9955E-05 0.263091 9.9955E-05 0.736409 9.9955E-05 9.9955E-05 9.9955E-05
0.269217 9.99639E-05 0.0590287 9.99639E-05 9.99639E-05 0.671354 9.99639E-05
9.99729E-05 0.277669 9.99729E-05 0.0477353 9.99729E-05 0.654132 0.0201636
9.9973E-05 0.383392 9.9973E-05 0.288214 9.9973E-05 0.279931 0.0481629
0.205602 9.99639E-05 0.0492303 0.744768 9.99639E-05 9.99639E-05 9.99639E-05
0.556223 9.9964E-05 9.9964E-05 0.209324 9.9964E-05 0.234054 9.9964E-05
0.0908482 9.99729E-05 0.147795 0.736805 9.99729E-05 0.0242524 9.99729E-05
9.99729E-05 9.99729E-05 9.99729E-05 0.39957 0.188625 0.315575 0.0959299
0.477714 9.9973E-05 9.9973E-05 0.171567 0.0897628 0.260656 9.9973E-05
9.9964E-05 0.249381 9.9964E-05 0.284291 9.9964E-05 0.465928 9.9964E-05
0.0470135 0.132728 9.9982E-05 0.0226675 0.0491227 0.748268 9.9982E-05
0.128845 0.195784 9.9973E-05 0.193643 9.9973E-05 0.481428 9.9973E-05
0.33258 9.99549E-05 9.99549E-05 9.99549E-05 9.99549E-05 0.666921 9.99549E-05
9.9973E-05 0.109055 9.9973E-05 0.110769 0.159165 0.620711 9.9973E-05
9.99549E-05 0.369444 9.99549E-05 9.99549E-05 9.99549E-05 0.630056 9.99549E-05
9.99729E-05 9.99729E-05 0.368904 0.403043 9.99729E-05 0.200395 0.027358
0.237104 9.9973E-05 0.227852 0.00141318 9.9973E-05 0.53333 9.9973E-05
9.9973E-05 0.186482 0.19161 0.419303 9.9973E-05 0.202305 9.9973E-05
0.0319929 9.99639E-05 0.380024 9.99639E-05 9.99639E-05 0.587583 9.99639E-05
0.0123515 9.9973E-05 0.417091 0.0672292 9.9973E-05 0.503028 9.9973E-05
9.9964E-05 0.461444 9.9964E-05 0.182282 9.9964E-05 0.355875 9.9964E-05
9.9955E-05 9.9955E-05 0.344385 9.9955E-05 9.9955E-05 0.655115 9.9955E-05
9.9973E-05 9.9973E-05 0.347827 0.163004 9.9973E-05 0.468484 0.0203861
0.389214 9.99639E-05 9.99639E-05 9.99639E-05 0.595605 0.0147802 9.99639E-05
0.211429 9.9982E-05 0.0368798 0.0321851 0.628211 0.0910954 9.9982E-05
0.0569564 0.0597726 9.9982E-05 0.0305624 0.837171 0.015338 9.9982E-05
9.9973E-05 0.307694 0.203767 9.9973E-05 0.467962 0.0202779 9.9973E-05
0.385655 9.99639E-05 9.99639E-05 9.99639E-05 0.594063 9.99639E-05 0.0198818
9.9982E-05 0.253602 0.435946 0.0155798 0.249404 9.9982E-05 0.0452685
0.19296 9.99639E-05 0.46325 9.99639E-05 0.34339 9.99639E-05 9.99639E-05
0.266963 9.99639E-05 9.99639E-05 9.99639E-05 0.726329 0.00630884 9.99639E-05
9.9982E-05 9.9982E-05 0.185561 0.0461341 0.673216 0.0015195 0.0933693
9.9964E-05 0.306294 9.9964E-05 0.0723018 0.621004 9.9964E-05 9.9964E-05
0.617926 9.9964E-05 9.9964E-05 9.9964E-05 0.295066 9.9964E-05 0.0866074
0.0731902 0.372807 9.9982E-05 0.0383835 0.464209 9.9982E-05 0.0512103
0.191066 9.99639E-05 0.0936456 9.99639E-05 0.714888 9.99639E-05 9.99639E-05
9.9982E-05 0.0906355 0.263416 9.9982E-05 0.564814 0.0607672 0.0201677
0.0534948 9.9982E-05 0.0202255 0.049692 0.715305 9.9982E-05 0.161083
0.151963 9.9982E-05 0.53886 0.0255235 0.266231 9.9982E-05 0.0172234
9.99729E-05 0.484709 9.99729E-05 0.00381563 0.432019 0.0791567 9.99729E-05
0.0447914 0.443826 9.9973E-05 0.0899741 0.421108 9.9973E-05 9.9973E-05
0.0636915 9.9991E-05 0.0181173 0.0859467 0.62003 0.115291 0.0968238
0.143612 9.99639E-05 0.269936 9.99639E-05 0.586052 9.99639E-05 9.99639E-05
9.9982E-05 0.0207746 9.9982E-05 0.075354 0.786294 0.0101037 0.107273
9.9964E-05 0.209994 9.9964E-05 0.0420222 0.747584 9.9964E-05 9.9964E-05
9.9991E-05 0.467279 0.174928 0.0146299 0.168516 0.0128165 0.161731
0.117767 9.99639E-05 0.238002 9.99639E-05 9.99639E-05 9.99639E-05 0.643831
0.152794 0.606148 0.085959 0.0472533 0.0484084 0.0361942 0.0232427
0.162017 9.9982E-05 0.522676 0.00234754 0.130166 9.9982E-05 0.182594
0.57828 9.99549E-05 9.99549E-05 9.99549E-05 9.99549E-05 9.99549E-05 0.421221
0.0287141 0.717732 0.105973 9.9982E-05 0.0331498 9.9982E-05 0.114231
0.059711 0.174018 9.9973E-05 0.0172476 9.9973E-05 9.9973E-05 0.748723
9.9982E-05 0.126092 0.545512 9.9982E-05 0.120833 0.117184 0.0901783
9.9964E-05 0.165626 9.9964E-05 0.042299 9.9964E-05 9.9964E-05 0.791675
0.472397 9.9964E-05 0.33019 9.9964E-05 9.9964E-05 9.9964E-05 0.197014
9.9982E-05 0.557089 0.0299741 9.9982E-05 0.10744 0.0440391 0.261258
9.9964E-05 0.337093 9.9964E-05 0.0509821 9.9964E-05 9.9964E-05 0.611525
0.66363 9.99549E-05 9.99549E-05 9.99549E-05 9.99549E-05 9.99549E-05 0.33587
0.00969174 0.806886 0.117465 9.9973E-05 0.0656571 9.9973E-05 9.9973E-05
9.99549E-05 0.410977 9.99549E-05 9.99549E-05 9.99549E-05 9.99549E-05 0.588523
0.0652914 0.598179 0.261484 0.0176 9.9982E-05 9.9982E-05 0.0572447
0.599489 9.99549E-05 9.99549E-05 9.99549E-05 9.99549E-05 9.99549E-05 0.400011
9.9982E-05 0.566548 0.0244981 0.00246984 9.9982E-05 0.0257483 0.380536
9.9982E-05 0.599608 0.168174 9.9982E-05 0.171364 0.0255545 0.0350995
9.99729E-05 0.0553679 0.711721 0.017091 9.99729E-05 9.99729E-05 0.215521
0.209982 0.413138 0.0920734 0.104645 0.179567 0.000494134 9.9991E-05
0.130884 0.443295 0.0877768 0.0816119 0.0867685 9.9991E-05 0.169564
0.494685 9.99639E-05 0.040254 9.99639E-05 9.99639E-05 9.99639E-05 0.464661
9.9982E-05 0.26485 0.423828 0.0755815 9.9982E-05 0.0359298 0.19961
9.99729E-05 9.99729E-05 0.219662 9.99729E-05 0.0321112 0.0297479 0.718178
0.277263 9.9991E-05 0.187319 0.0221755 0.252795 0.0614437 0.198904
9.9991E-05 0.406717 0.11227 0.0435914 0.13107 0.0637692 0.242482
9.9973E-05 0.0181361 9.9973E-05 9.9973E-05 0.506259 0.0945338 0.380771
0.837889 0.0710821 9.9991E-05 0.0599085 0.0227908 0.00250903 0.00572045
0.0981536 9.9991E-05 0.355734 0.0208174 0.15862 0.0241961 0.342379
0.295 9.9991E-05 0.423144 0.0162242 0.13215 0.0160941 0.117288
0.249832 0.358992 9.9982E-05 0.0709887 0.0644829 9.9982E-05 0.255505
0.607591 9.99729E-05 0.322261 9.99729E-05 0.00253042 9.99729E-05 0.0673172
0.0482551 0.695611 0.174445 9.9982E-05 0.0278803 9.9982E-05 0.0536089
0.470574 9.99729E-05 0.267724 9.99729E-05 0.0829709 9.99729E-05 0.178431
0.184614 0.263908 9.9982E-05 0.046667 0.0987771 9.9982E-05 0.405834
0.112706 0.498322 9.9982E-05 0.00256442 0.185369 9.9982E-05 0.200838
9.9982E-05 0.10684 0.0241215 9.9982E-05 0.36147 0.126175 0.381194
9.9982E-05 0.0963326 0.479408 9.9982E-05 0.25588 0.0497339 0.118446
0.00615242 0.000801833 0.13243 0.0712324 0.406205 0.00927183 0.373906
0.15923 0.360048 9.9982E-05 0.0488319 0.314724 9.9982E-05 0.116967
0.734036 0.0120418 0.0979968 9.9973E-05 0.155625 9.9973E-05 9.9973E-05
0.680547 9.99639E-05 9.99639E-05 9.99639E-05 0.0249941 9.99639E-05 0.294059
0.145424 9.9973E-05 0.614288 9.9973E-05 9.9973E-05 0.030573 0.209415
0.607448 9.9991E-05 0.0532872 0.00360536 0.04483 0.0430693 0.247661
0.804476 0.101376 9.9964E-05 9.9964E-05 0.0937477 9.9964E-05 9.9964E-05
0.140123 9.9973E-05 0.465513 9.9973E-05 9.9973E-05 0.104188 0.289875
0.237217 0.0226985 0.589758 9.99729E-05 9.99729E-05 9.99729E-05 0.150027
9.9982E-05 0.725538 0.105483 0.0537919 9.9982E-05 0.0282038 0.0867836
9.99729E-05 0.70164 0.238354 0.0581638 9.99729E-05 9.99729E-05 0.00154206
9.9973E-05 0.0891834 0.840271 0.0490083 9.9973E-05 9.9973E-05 0.0212376
0.00218746 0.73044 0.266973 9.99639E-05 9.99639E-05 9.99639E-05 9.99639E-05
9.9964E-05 0.808913 0.143359 9.9964E-05 0.0473282 9.9964E-05 9.9964E-05
0.0163089 0.605545 0.167778 0.175816 0.0343521 9.9982E-05 9.9982E-05
0.0125388 0.770752 0.186622 0.0297873 9.9973E-05 9.9973E-05 9.9973E-05
0.197751 0.0455349 0.717548 0.0388656 9.9973E-05 9.9973E-05 9.9973E-05
0.639834 9.9964E-05 0.217376 9.9964E-05 9.9964E-05 9.9964E-05 0.14239
9.9982E-05 0.359357 0.458957 9.9982E-05 0.0690497 0.0874382 0.0249983
0.242112 9.9955E-05 0.757388 9.9955E-05 9.9955E-05 9.9955E-05 9.9955E-05
0.0376113 9.9982E-05 0.782985 0.101472 9.9982E-05 0.069378 0.00835315
9.9973E-05 0.273454 0.68219 0.0161392 0.027917 9.9973E-05 9.9973E-05
0.268256 9.9964E-05 0.678699 9.9964E-05 9.9964E-05 9.9964E-05 0.0526449
0.144359 0.133393 0.650919 9.9982E-05 0.0484052 0.0227244 9.9982E-05
9.9982E-05 0.287329 0.241899 0.0932806 9.9982E-05 0.0732016 0.30409
0.110959 0.134589 0.6579 0.0374529 9.9982E-05 0.0588995 9.9982E-05
9.9973E-05 0.11938 0.688603 9.9973E-05 0.153423 0.0382943 9.9973E-05
0.0534152 0.756073 0.187056 0.00315671 9.9973E-05 9.9973E-05 9.9973E-05
9.9982E-05 0.434425 0.426251 9.9982E-05 0.0791191 0.0438241 0.0161809
0.414082 0.0481634 0.525867 9.9973E-05 9.9973E-05 0.0115877 9.9973E-05
0.0213893 0.00816624 0.888472 9.9982E-05 0.0536531 0.0281199 9.9982E-05
0.544864 9.9964E-05 0.38156 9.9964E-05 9.9964E-05 9.9964E-05 0.0731761
9.99639E-05 0.722315 0.24248 9.99639E-05 9.99639E-05 9.99639E-05 0.0348051
9.9982E-05 0.28023 0.557917 0.00603515 9.9982E-05 0.0498434 0.105774
0.392954 9.9973E-05 0.556271 9.9973E-05 9.9973E-05 0.000657999 0.0498163
9.9973E-05 0.58513 9.9973E-05 9.9973E-05 0.0412031 0.0661457 0.307222
0.0104048 0.38361 0.0606403 0.0384573 9.9991E-05 0.0170392 0.489748
0.402378 9.9991E-05 0.342594 0.06132 0.0381791 0.0708087 0.0846196
0.15619 9.9991E-05 0.0454489 0.00706066 0.109631 0.01879 0.662779
0.0169348 0.514644 0.106675 0.131126 9.9982E-05 9.9982E-05 0.23042
9.9964E-05 0.546275 9.9964E-05 0.0153479 9.9964E-05 9.9964E-05 0.437977
9.9964E-05 0.592903 9.9964E-05 9.9964E-05 9.9964E-05 0.0711535 0.335544
0.715506 9.9955E-05 9.9955E-05 9.9955E-05 9.9955E-05 9.9955E-05 0.283994
0.0467303 9.9973E-05 0.529907 9.9973E-05 9.9973E-05 0.0119277 0.411136
9.9982E-05 0.136903 0.166189 9.9982E-05 0.38207 0.0466572 0.267981
9.99729E-05 0.529845 0.0924615 9.99729E-05 0.00998718 9.99729E-05 0.367407
0.526873 9.9973E-05 0.0819464 9.9973E-05 0.130714 9.9973E-05 0.260166
9.9973E-05 0.0173531 0.6508 0.0530789 9.9973E-05 9.9973E-05 0.278468
9.9973E-05 9.9973E-05 0.676028 0.00568541 9.9973E-05 0.0137276 0.304259
9.9982E-05 0.0516051 0.0577659 0.00309536 0.41391 9.9982E-05 0.473423
0.104592 9.9982E-05 0.673923 9.9982E-05 0.204414 0.00528711 0.0115835
9.9982E-05 0.394221 0.42487 9.9982E-05 0.0941252 0.0573148 0.0292694
9.9982E-05 0.212856 0.328056 9.9982E-05 0.110001 0.0152854 0.333602
0.0280587 0.607388 9.9973E-05 0.0524468 9.9973E-05 9.9973E-05 0.311806
0.177078 9.99729E-05 0.307022 9.99729E-05 9.99729E-05 0.136592 0.379009
9.99729E-05 0.544995 0.08545 9.99729E-05 9.99729E-05 0.0562982 0.312957
0.0180898 0.622197 0.110013 9.9982E-05 9.9982E-05 0.00611689 0.243383
0.417539 9.99639E-05 0.393881 9.99639E-05 9.99639E-05 9.99639E-05 0.188181
0.0864883 0.214363 0.658124 9.9973E-05 9.9973E-05 9.9973E-05 0.0407251
0.0680999 9.9973E-05 0.73686 9.9973E-05 9.9973E-05 0.0590383 0.135701
9.9982E-05 0.773316 0.0299687 0.0552305 9.9982E-05 0.0271395 0.114145
0.104788 0.476385 0.0627698 0.127695 0.0305158 0.197746 9.9991E-05
9.9973E-05 0.592286 0.241034 9.9973E-05 9.9973E-05 0.111743 0.0546376
0.354835 9.9964E-05 0.506129 9.9964E-05 9.9964E-05 9.9964E-05 0.138637
9.9973E-05 0.537041 0.355577 9.9973E-05 9.9973E-05 0.0678426 0.0392396
9.9991E-05 0.562316 0.197356 0.0184437 0.0741753 0.0528216 0.0947877
0.00654915 0.70575 0.104156 9.9991E-05 0.0963686 0.0179891 0.0690867
0.344596 9.9964E-05 0.618044 9.9964E-05 0.0369603 9.9964E-05 9.9964E-05
9.9982E-05 0.111673 0.736281 0.0182142 0.0089962 9.9982E-05 0.124635
0.115195 0.662423 0.121851 0.0654743 9.9982E-05 9.9982E-05 0.0348572
0.210783 0.0795955 0.442435 9.9982E-05 9.9982E-05 0.0824017 0.184585
9.9991E-05 0.713572 0.124604 0.0262967 0.0554878 0.0398119 0.0401284
0.311188 0.415715 0.162378 9.9982E-05 0.0993783 9.9982E-05 0.0111411
9.9991E-05 0.199453 0.515038 0.0282816 0.0620654 0.0674205 0.127641
0.524399 9.9964E-05 0.447126 9.9964E-05 9.9964E-05 9.9964E-05 0.0280752
9.9982E-05 0.187344 0.568227 0.0225677 9.9982E-05 0.0257142 0.195948
0.186848 9.99819E-05 0.26332 0.0276991 0.284959 9.99819E-05 0.236973
0.641652 9.9973E-05 0.0912454 9.9973E-05 0.163424 9.9973E-05 0.103379
9.9982E-05 0.0362876 0.679707 9.9982E-05 0.0956556 0.0446945 0.143455
0.0156092 9.9973E-05 0.550538 9.9973E-05 0.405934 9.9973E-05 0.027619
0.0599034 0.0966488 0.571049 9.9982E-05 0.0244685 9.9982E-05 0.24773
9.9973E-05 0.562912 0.147734 9.9973E-05 0.0732153 9.9973E-05 0.215839
0.596938 9.9973E-05 9.9973E-05 0.000162181 0.048505 9.9973E-05 0.354095
0.0736891 0.475925 9.9982E-05 0.101595 9.9982E-05 0.00432207 0.344268
9.9982E-05 0.406669 0.189701 0.0230663 0.361986 0.0183771 9.9982E-05
0.230006 0.497344 9.9982E-05 0.0390764 0.208432 9.9982E-05 0.0249409
0.588961 0.0175393 0.111761 9.9973E-05 0.281439 9.9973E-05 9.9973E-05
0.687722 9.9973E-05 0.189421 9.9973E-05 0.118894 9.9973E-05 0.00366379
9.9973E-05 0.552378 0.12241 0.0537879 9.9973E-05 9.9973E-05 0.271124
9.9991E-05 0.0607377 0.757034 0.0175319 0.0528541 0.0636551 0.0480872
0.00277993 0.0138693 0.407632 0.0133758 0.37165 0.0182434 0.172449
0.772201 9.9964E-05 0.0820519 9.9964E-05 0.145348 9.9964E-05 9.9964E-05
0.115344 0.130011 9.9973E-05 9.9973E-05 0.472156 9.9973E-05 0.28219
0.0670068 0.319183 0.0185906 0.083728 0.18311 9.9991E-05 0.328282
0.0251344 0.680418 0.204841 0.0125291 9.9982E-05 9.9982E-05 0.076877
9.9982E-05 0.531016 0.17777 9.9982E-05 0.229919 0.000808113 0.0602872
0.146966 0.347601 0.0329352 0.0203208 0.403373 9.9991E-05 0.0487042
0.25116 9.9973E-05 0.701372 0.0451502 0.00201752 9.9973E-05 9.9973E-05
9.9973E-05 0.622634 0.268859 9.9973E-05 0.0762195 0.0319884 9.9973E-05
0.208868 0.00843198 0.732131 9.9973E-05 0.0502693 9.9973E-05 9.9973E-05
9.9982E-05 0.0742931 0.685021 9.9982E-05 0.181675 0.0217637 0.037047
9.9982E-05 0.597545 0.249771 0.00809311 9.9982E-05 0.0396527 0.104738
0.52887 0.00937054 0.451935 0.00952461 9.9973E-05 9.9973E-05 9.9973E-05
0.437184 0.020558 0.148161 9.9991E-05 0.377416 0.00690092 0.00967996
0.180984 9.9973E-05 0.669769 9.9973E-05 0.0147012 9.9973E-05 0.134246
0.171023 0.355245 9.9982E-05 0.0681598 0.213452 9.9982E-05 0.191921
0.11141 0.0824236 0.241617 0.0489303 0.171769 9.9991E-05 0.34375
0.0719535 0.36084 0.318293 0.0580784 9.9991E-05 0.0111469 0.179589
0.793173 0.0865182 0.119909 9.99639E-05 9.99639E-05 9.99639E-05 9.99639E-05
0.210265 0.69275 0.0119946 0.0611298 9.9991E-05 0.00772296 0.0160378
0.149745 0.012034 0.392242 0.048212 0.15086 0.180899 0.0660077
0.0577334 0.538455 0.12233 0.0365357 0.122119 0.0513688 0.0714576
0.158282 0.700631 0.00612376 0.0940274 0.0368707 0.00396473 9.9991E-05
0.156023 0.605789 0.0739076 0.0598486 0.0622537 9.9991E-05 0.0420789
0.0583077 0.602032 0.158196 0.0741122 9.9991E-05 0.0102694 0.0969836
0.259633 0.573579 0.0394742 0.0577037 9.9982E-05 0.06941 9.9982E-05
0.0743149 0.00359026 0.610882 0.108449 0.143513 0.0591499 9.9991E-05
0.113383 9.9991E-05 0.667684 0.0185792 0.031256 0.0671605 0.101837
0.176055 0.572528 9.9982E-05 0.0837668 9.9982E-05 0.0156273 0.151823
0.259878 0.362907 9.9973E-05 9.9973E-05 0.294709 9.9973E-05 0.082206
0.217715 9.9991E-05 0.249985 0.0628737 0.206766 0.0535605 0.209
0.819808 9.9973E-05 9.9973E-05 0.0185893 0.0379151 9.9973E-05 0.123387
0.454213 9.9955E-05 0.545288 9.9955E-05 9.9955E-05 9.9955E-05 9.9955E-05
0.813172 9.9982E-05 0.105773 9.9982E-05 0.0479309 0.00777276 0.0251518
