9.9883E-05 9.9883E-05 9.9883E-05 9.9883E-05 0.34618 9.9883E-05 9.9883E-05 9.9883E-05 9.9883E-05 0.0585019 9.9883E-05 0.011121 9.9883E-05 9.9883E-05 0.492899 9.9883E-05 9.9883E-05 0.0754939 0.014505
9.98919E-05 0.112062 9.98919E-05 9.98919E-05 0.241288 0.0716986 9.98919E-05 9.98919E-05 9.98919E-05 9.98919E-05 0.00920184 0.00872011 9.98919E-05 9.98919E-05 0.54763 9.98919E-05 9.98919E-05 9.98919E-05 0.00820139
0.22739 9.99007E-05 9.99007E-05 0.389857 9.99007E-05 0.0796261 9.99007E-05 9.99007E-05 9.99007E-05 9.99007E-05 0.0291875 0.0354888 9.99007E-05 0.0677304 0.137884 9.99007E-05 0.0317379 9.99007E-05 9.99007E-05
9.98829E-05 9.98829E-05 0.165429 9.98829E-05 0.48488 9.98829E-05 0.0142039 9.98829E-05 9.98829E-05 0.0248503 9.98829E-05 9.98829E-05 9.98829E-05 9.98829E-05 0.143597 9.98829E-05 9.98829E-05 0.165741 9.98829E-05
9.98828E-05 9.98828E-05 0.162196 9.98828E-05 0.272897 0.168178 9.98828E-05 9.98828E-05 9.98828E-05 9.98828E-05 0.0216505 9.98828E-05 9.98828E-05 9.98828E-05 9.98828E-05 9.98828E-05 0.0936104 0.280171 9.98828E-05
9.99008E-05 9.99008E-05 9.99008E-05 0.0584538 9.99008E-05 9.99008E-05 9.99008E-05 0.0952115 9.99008E-05 9.99008E-05 0.00697199 0.00645096 9.99008E-05 0.308578 0.354325 9.99008E-05 9.99008E-05 0.128565 0.0403449
0.182971 9.98648E-05 9.98648E-05 0.380284 0.0243385 9.98648E-05 9.98648E-05 9.98648E-05 9.98648E-05 9.98648E-05 9.98648E-05 9.98648E-05 9.98648E-05 9.98648E-05 0.410908 9.98648E-05 9.98648E-05 9.98648E-05 9.98648E-05
0.00648979 9.991E-05 9.991E-05 0.097332 9.991E-05 0.050144 9.991E-05 0.016531 9.991E-05 9.991E-05 9.991E-05 0.142196 0.0163302 0.296257 0.356703 9.991E-05 9.991E-05 0.017018 9.991E-05
9.98919E-05 9.98919E-05 0.185273 9.98919E-05 0.218796 9.98919E-05 9.98919E-05 9.98919E-05 0.0138027 0.0058647 9.98919E-05 9.98919E-05 9.98919E-05 0.1738 0.349935 9.98919E-05 9.98919E-05 9.98919E-05 0.0513289
0.509187 9.98829E-05 9.98829E-05 0.161016 0.00375304 9.98829E-05 9.98829E-05 0.21907 9.98829E-05 0.049178 9.98829E-05 9.98829E-05 9.98829E-05 0.0564975 9.98829E-05 9.98829E-05 9.98829E-05 9.98829E-05 9.98829E-05
9.99008E-05 0.346092 0.150943 9.99008E-05 0.0746802 0.0944533 9.99008E-05 9.99008E-05 9.99008E-05 0.0052316 0.039639 9.99008E-05 9.99008E-05 0.169042 0.11882 9.99008E-05 9.99008E-05 9.99008E-05 9.99008E-05
9.98828E-05 0.0683371 9.98828E-05 9.98828E-05 0.406443 9.98828E-05 9.98828E-05 0.0439385 9.98828E-05 9.98828E-05 9.98828E-05 9.98828E-05 9.98828E-05 0.352083 9.98828E-05 0.1146 0.0132999 9.98828E-05 9.98828E-05
9.98919E-05 9.98919E-05 0.48973 0.0835826 9.98919E-05 9.98919E-05 0.0575265 9.98919E-05 9.98919E-05 9.98919E-05 0.196463 9.98919E-05 9.98919E-05 9.98919E-05 0.137618 9.98919E-05 0.0125514 9.98919E-05 0.0213304
0.117354 9.98828E-05 9.98828E-05 0.103416 9.98828E-05 9.98828E-05 9.98828E-05 0.0511216 9.98828E-05 9.98828E-05 9.98828E-05 9.98828E-05 0.0473132 0.275646 0.403851 9.98828E-05 9.98828E-05 9.98828E-05 9.98828E-05
9.98648E-05 0.36548 9.98648E-05 9.98648E-05 0.324192 0.0720987 9.98648E-05 9.98648E-05 9.98648E-05 9.98648E-05 9.98648E-05 9.98648E-05 9.98648E-05 0.236731 9.98648E-05 9.98648E-05 9.98648E-05 9.98648E-05 9.98648E-05
0.474897 9.99098E-05 0.0278307 0.30606 9.99098E-05 0.0173426 0.0600388 9.99098E-05 9.99098E-05 0.00869227 9.99098E-05 9.99098E-05 9.99098E-05 0.0358093 9.99098E-05 9.99098E-05 0.0111139 9.99098E-05 0.057217
0.157835 9.98649E-05 9.98649E-05 0.277965 0.0182139 9.98649E-05 9.98649E-05 9.98649E-05 9.98649E-05 9.98649E-05 9.98649E-05 9.98649E-05 9.98649E-05 9.98649E-05 0.544489 9.98649E-05 9.98649E-05 9.98649E-05 9.98649E-05
9.98737E-05 0.00831908 9.98737E-05 0.357797 9.98737E-05 9.98737E-05 9.98737E-05 9.98737E-05 9.98737E-05 9.98737E-05 0.0226946 9.98737E-05 9.98737E-05 0.153639 0.456152 9.98737E-05 9.98737E-05 9.98737E-05 9.98737E-05
9.9901E-05 9.9901E-05 0.115632 0.0269677 0.317137 9.9901E-05 9.9901E-05 9.9901E-05 0.000497829 9.9901E-05 0.0739449 9.9901E-05 9.9901E-05 0.123478 0.219929 0.121314 9.9901E-05 9.9901E-05 9.9901E-05
9.98739E-05 0.100633 9.98739E-05 9.98739E-05 9.98739E-05 9.98739E-05 9.98739E-05 9.98739E-05 0.00362588 0.748481 9.98739E-05 9.98739E-05 9.98739E-05 9.98739E-05 9.98739E-05 9.98739E-05 0.0290303 0.116831 9.98739E-05
9.9874E-05 9.9874E-05 0.0521696 9.9874E-05 9.9874E-05 9.9874E-05 0.0140229 9.9874E-05 9.9874E-05 0.81628 9.9874E-05 9.9874E-05 9.9874E-05 9.9874E-05 9.9874E-05 0.0177181 9.9874E-05 0.0984114 9.9874E-05
9.98647E-05 9.98647E-05 9.98647E-05 9.98647E-05 9.98647E-05 9.98647E-05 9.98647E-05 9.98647E-05 0.00521547 0.834738 9.98647E-05 9.98647E-05 9.98647E-05 9.98647E-05 9.98647E-05 9.98647E-05 9.98647E-05 0.156005 0.00254374
9.98739E-05 9.98739E-05 0.0857616 9.98739E-05 0.00158273 9.98739E-05 9.98739E-05 9.98739E-05 9.98739E-05 0.642676 9.98739E-05 9.98739E-05 9.98739E-05 9.98739E-05 9.98739E-05 0.239797 0.0287839 9.98739E-05 9.98739E-05
9.98919E-05 0.0636961 0.117584 9.98919E-05 0.0477495 9.98919E-05 9.98919E-05 9.98919E-05 9.98919E-05 0.733028 9.98919E-05 0.0206608 9.98919E-05 0.0056339 9.98919E-05 9.98919E-05 0.0104489 9.98919E-05 9.98919E-05
0.0697631 9.98917E-05 9.98917E-05 9.98917E-05 9.98917E-05 9.98917E-05 9.98917E-05 9.98917E-05 0.0442538 0.389785 9.98917E-05 0.0013227 0.289105 0.0978165 0.106755 9.98917E-05 9.98917E-05 9.98917E-05 9.98917E-05
9.99098E-05 0.084022 9.99098E-05 9.99098E-05 0.110856 0.0315305 9.99098E-05 0.0275477 0.321836 0.292804 9.99098E-05 0.0655811 9.99098E-05 0.0268063 9.99098E-05 9.99098E-05 0.0380166 9.99098E-05 9.99098E-05
9.98649E-05 9.98649E-05 9.98649E-05 9.98649E-05 9.98649E-05 9.98649E-05 0.380225 9.98649E-05 9.98649E-05 0.196579 9.98649E-05 9.98649E-05 0.359726 9.98649E-05 9.98649E-05 9.98649E-05 0.0619717 9.98649E-05 9.98649E-05
9.9901E-05 0.0409668 9.9901E-05 9.9901E-05 9.9901E-05 0.0492874 9.9901E-05 9.9901E-05 0.116164 0.212002 9.9901E-05 0.110972 9.9901E-05 9.9901E-05 9.9901E-05 0.0738037 0.112728 0.282978 9.9901E-05
0.09955 9.98828E-05 9.98828E-05 9.98828E-05 9.98828E-05 9.98828E-05 9.98828E-05 9.98828E-05 0.0253454 0.784312 0.026149 9.98828E-05 0.0365574 9.98828E-05 9.98828E-05 9.98828E-05 9.98828E-05 0.0267873 9.98828E-05
9.9847E-05 9.9847E-05 0.125418 9.9847E-05 9.9847E-05 9.9847E-05 9.9847E-05 9.9847E-05 9.9847E-05 0.872885 9.9847E-05 9.9847E-05 9.9847E-05 9.9847E-05 9.9847E-05 9.9847E-05 9.9847E-05 9.9847E-05 9.9847E-05
9.99011E-05 0.0364165 9.99011E-05 0.00483913 9.99011E-05 9.99011E-05 0.08645 9.99011E-05 9.99011E-05 0.481364 9.99011E-05 9.99011E-05 0.226591 0.0216503 0.0307238 0.110867 9.99011E-05 9.99011E-05 9.99011E-05
0.055667 9.98918E-05 9.98918E-05 9.98918E-05 9.98918E-05 9.98918E-05 9.98918E-05 9.98918E-05 0.626421 0.00559605 0.0767342 9.98918E-05 0.222923 9.98918E-05 9.98918E-05 9.98918E-05 9.98918E-05 0.000315624 0.0111448
0.121238 9.98647E-05 9.98647E-05 0.0562383 9.98647E-05 9.98647E-05 9.98647E-05 9.98647E-05 9.98647E-05 0.488021 9.98647E-05 9.98647E-05 0.333004 9.98647E-05 9.98647E-05 9.98647E-05 9.98647E-05 9.98647E-05 9.98647E-05
9.98647E-05 9.98647E-05 9.98647E-05 0.0342201 9.98647E-05 9.98647E-05 9.98647E-05 9.98647E-05 9.98647E-05 0.577646 9.98647E-05 9.98647E-05 0.190382 9.98647E-05 0.196254 9.98647E-05 9.98647E-05 9.98647E-05 9.98647E-05
9.98559E-05 9.98559E-05 0.146293 9.98559E-05 9.98559E-05 9.98559E-05 9.98559E-05 9.98559E-05 9.98559E-05 0.825001 9.98559E-05 9.98559E-05 9.98559E-05 0.0271088 9.98559E-05 9.98559E-05 9.98559E-05 9.98559E-05 9.98559E-05
9.98739E-05 0.139165 0.00567312 9.98739E-05 0.0649144 9.98739E-05 9.98739E-05 9.98739E-05 9.98739E-05 0.760615 9.98739E-05 9.98739E-05 9.98739E-05 9.98739E-05 9.98739E-05 9.98739E-05 0.0282343 9.98739E-05 9.98739E-05
9.9847E-05 0.311941 9.9847E-05 9.9847E-05 9.9847E-05 9.9847E-05 9.9847E-05 9.9847E-05 9.9847E-05 0.686362 9.9847E-05 9.9847E-05 9.9847E-05 9.9847E-05 9.9847E-05 9.9847E-05 9.9847E-05 9.9847E-05 9.9847E-05
9.98649E-05 9.98649E-05 9.98649E-05 9.98649E-05 0.0581339 9.98649E-05 9.98649E-05 9.98649E-05 9.98649E-05 0.687302 9.98649E-05 9.98649E-05 9.98649E-05 9.98649E-05 9.98649E-05 0.213158 0.0399078 9.98649E-05 9.98649E-05
9.98647E-05 9.98647E-05 9.98647E-05 0.00780753 9.98647E-05 9.98647E-05 9.98647E-05 9.98647E-05 9.98647E-05 9.98647E-05 9.98647E-05 9.98647E-05 9.98647E-05 9.98647E-05 0.0924539 9.98647E-05 0.00206729 9.98647E-05 0.896173
9.9865E-05 9.9865E-05 9.9865E-05 9.9865E-05 9.9865E-05 9.9865E-05 0.0750423 9.9865E-05 9.9865E-05 9.9865E-05 0.0575713 9.9865E-05 0.551215 9.9865E-05 9.9865E-05 9.9865E-05 9.9865E-05 9.9865E-05 0.314673
9.98739E-05 0.0219309 9.98739E-05 9.98739E-05 9.98739E-05 9.98739E-05 0.0167359 0.0863621 9.98739E-05 9.98739E-05 9.98739E-05 0.072692 0.800881 9.98739E-05 9.98739E-05 9.98739E-05 9.98739E-05 9.98739E-05 9.98739E-05
9.98739E-05 9.98739E-05 9.98739E-05 9.98739E-05 9.98739E-05 9.98739E-05 0.14144 9.98739E-05 0.0746649 9.98739E-05 9.98739E-05 0.00920133 9.98739E-05 9.98739E-05 9.98739E-05 0.309362 9.98739E-05 9.98739E-05 0.463934
0.0820098 9.98737E-05 9.98737E-05 9.98737E-05 9.98737E-05 9.98737E-05 9.98737E-05 9.98737E-05 9.98737E-05 0.232205 9.98737E-05 9.98737E-05 0.108812 9.98737E-05 0.0368054 9.98737E-05 9.98737E-05 9.98737E-05 0.53877
9.98919E-05 0.0775275 9.98919E-05 9.98919E-05 9.98919E-05 9.98919E-05 9.98919E-05 0.0574688 0.0149839 9.98919E-05 0.0341029 9.98919E-05 0.495203 0.0356124 9.98919E-05 9.98919E-05 9.98919E-05 9.98919E-05 0.283903
9.98559E-05 9.98559E-05 9.98559E-05 9.98559E-05 0.147809 9.98559E-05 9.98559E-05 9.98559E-05 0.683712 9.98559E-05 9.98559E-05 9.98559E-05 9.98559E-05 9.98559E-05 9.98559E-05 0.166882 9.98559E-05 9.98559E-05 9.98559E-05
9.98829E-05 0.0257257 9.98829E-05 9.98829E-05 0.10669 0.157155 9.98829E-05 9.98829E-05 9.98829E-05 9.98829E-05 9.98829E-05 9.98829E-05 9.98829E-05 0.0112293 9.98829E-05 9.98829E-05 0.147857 9.98829E-05 0.550045
0.00927239 0.0102002 0.00947693 9.98918E-05 9.98918E-05 9.98918E-05 9.98918E-05 9.98918E-05 9.98918E-05 0.0936551 9.98918E-05 9.98918E-05 0.786391 0.0376701 0.0521361 9.98918E-05 9.98918E-05 9.98918E-05 9.98918E-05
0.0472366 9.98828E-05 9.98828E-05 9.98828E-05 9.98828E-05 9.98828E-05 9.98828E-05 9.98828E-05 9.98828E-05 9.98828E-05 9.98828E-05 0.0351608 0.0715604 0.0445155 9.98828E-05 9.98828E-05 9.98828E-05 0.00970372 0.790525
9.98558E-05 9.98558E-05 9.98558E-05 9.98558E-05 9.98558E-05 9.98558E-05 0.628913 9.98558E-05 9.98558E-05 9.98558E-05 9.98558E-05 9.98558E-05 0.180425 9.98558E-05 9.98558E-05 9.98558E-05 9.98558E-05 9.98558E-05 0.189064
9.9883E-05 0.0125005 9.9883E-05 9.9883E-05 9.9883E-05 0.175093 9.9883E-05 9.9883E-05 9.9883E-05 9.9883E-05 9.9883E-05 0.0806742 9.9883E-05 9.9883E-05 9.9883E-05 0.0365348 0.0527753 9.9883E-05 0.641123
9.98559E-05 9.98559E-05 9.98559E-05 9.98559E-05 9.98559E-05 9.98559E-05 0.189555 9.98559E-05 9.98559E-05 9.98559E-05 9.98559E-05 9.98559E-05 0.390466 9.98559E-05 9.98559E-05 9.98559E-05 9.98559E-05 9.98559E-05 0.418381
9.98921E-05 9.98921E-05 0.111158 9.98921E-05 9.98921E-05 9.98921E-05 0.0101797 9.98921E-05 9.98921E-05 0.0519984 9.98921E-05 9.98921E-05 0.0644495 9.98921E-05 9.98921E-05 0.123724 9.98921E-05 0.109911 0.527381
9.99098E-05 0.255369 0.000506634 9.99098E-05 0.00705607 9.99098E-05 9.99098E-05 0.0191922 0.225614 0.0624716 9.99098E-05 9.99098E-05 9.99098E-05 0.0912821 9.99098E-05 9.99098E-05 0.15822 9.99098E-05 0.17929
9.98739E-05 0.190636 0.00449326 9.98739E-05 9.98739E-05 9.98739E-05 9.98739E-05 9.98739E-05 9.98739E-05 9.98739E-05 9.98739E-05 0.0409412 9.98739E-05 0.28726 9.98739E-05 9.98739E-05 9.98739E-05 9.98739E-05 0.475271
9.9919E-05 0.0247014 9.9919E-05 9.9919E-05 0.0453146 0.00436174 9.9919E-05 9.9919E-05 0.135842 0.0153424 9.9919E-05 0.0197957 0.0290869 9.9919E-05 9.9919E-05 0.447608 0.0721969 9.9919E-05 0.204851
9.98739E-05 9.98739E-05 9.98739E-05 9.98739E-05 0.0861204 9.98739E-05 9.98739E-05 9.98739E-05 9.98739E-05 0.349798 9.98739E-05 0.202918 9.98739E-05 0.000221436 9.98739E-05 0.359543 9.98739E-05 9.98739E-05 9.98739E-05
0.0847516 9.98737E-05 9.98737E-05 9.98737E-05 9.98737E-05 9.98737E-05 9.98737E-05 9.98737E-05 0.0473188 9.98737E-05 0.0587939 9.98737E-05 0.274595 9.98737E-05 9.98737E-05 9.98737E-05 9.98737E-05 9.98737E-05 0.533142
9.98919E-05 9.98919E-05 0.0968928 9.98919E-05 9.98919E-05 9.98919E-05 0.192694 9.98919E-05 9.98919E-05 0.00315919 9.98919E-05 0.316515 9.98919E-05 9.98919E-05 9.98919E-05 9.98919E-05 0.0536559 0.00231623 0.333568
0.0690083 9.98827E-05 9.98827E-05 9.98827E-05 9.98827E-05 9.98827E-05 0.025915 9.98827E-05 9.98827E-05 9.98827E-05 0.0350095 0.024424 0.455028 9.98827E-05 9.98827E-05 9.98827E-05 9.98827E-05 9.98827E-05 0.389316
9.98738E-05 0.00835645 9.98738E-05 9.98738E-05 0.0105616 9.98738E-05 9.98738E-05 9.98738E-05 9.98738E-05 9.98738E-05 9.98738E-05 9.98738E-05 9.98738E-05 9.98738E-05 9.98738E-05 9.98738E-05 0.42949 0.0672826 0.482911
9.98918E-05 0.0190808 9.98918E-05 9.98918E-05 9.98918E-05 9.98918E-05 9.98918E-05 9.98918E-05 0.186366 0.0231259 9.98918E-05 9.98918E-05 9.98918E-05 0.0079725 0.0725764 9.98918E-05 0.162295 9.98918E-05 0.527385
9.98919E-05 0.050803 9.98919E-05 9.98919E-05 0.0657402 0.0530357 9.98919E-05 9.98919E-05 9.98919E-05 9.98919E-05 9.98919E-05 0.0620526 9.98919E-05 0.0688132 9.98919E-05 9.98919E-05 0.0373317 9.98919E-05 0.661025
0.0490794 9.98738E-05 9.98738E-05 9.98738E-05 9.98738E-05 9.98738E-05 9.98738E-05 9.98738E-05 0.378725 9.98738E-05 0.117701 9.98738E-05 0.355171 9.98738E-05 9.98738E-05 9.98738E-05 0.097925 9.98738E-05 9.98738E-05
9.98649E-05 9.98649E-05 9.98649E-05 9.98649E-05 9.98649E-05 9.98649E-05 9.98649E-05 9.98649E-05 9.98649E-05 0.0403566 9.98649E-05 9.98649E-05 0.0133999 9.98649E-05 9.98649E-05 0.250691 0.694055 9.98649E-05 9.98649E-05
0.0449476 9.98738E-05 9.98738E-05 0.315598 9.98738E-05 9.98738E-05 9.98738E-05 9.98738E-05 9.98738E-05 9.98738E-05 9.98738E-05 0.0784548 0.280856 9.98738E-05 9.98738E-05 9.98738E-05 0.278745 9.98738E-05 9.98738E-05
9.99008E-05 0.122231 0.126853 9.99008E-05 9.99008E-05 0.0137666 9.99008E-05 9.99008E-05 0.469168 0.0427716 9.99008E-05 0.0118698 9.99008E-05 0.0648673 9.99008E-05 9.99008E-05 9.99008E-05 9.99008E-05 0.147373
9.9856E-05 9.9856E-05 9.9856E-05 9.9856E-05 9.9856E-05 0.0655747 9.9856E-05 9.9856E-05 9.9856E-05 9.9856E-05 9.9856E-05 9.9856E-05 9.9856E-05 9.9856E-05 9.9856E-05 9.9856E-05 0.930181 0.00264699 9.9856E-05
9.9865E-05 0.147058 9.9865E-05 9.9865E-05 9.9865E-05 9.9865E-05 9.9865E-05 9.9865E-05 9.9865E-05 9.9865E-05 9.9865E-05 9.9865E-05 0.0134436 9.9865E-05 9.9865E-05 9.9865E-05 0.780951 0.0570497 9.9865E-05
9.98647E-05 9.98647E-05 9.98647E-05 0.0699249 9.98647E-05 9.98647E-05 9.98647E-05 9.98647E-05 0.868004 9.98647E-05 9.98647E-05 0.0199328 9.98647E-05 9.98647E-05 0.0406404 9.98647E-05 9.98647E-05 9.98647E-05 9.98647E-05
9.98738E-05 9.98738E-05 9.98738E-05 9.98738E-05 9.98738E-05 9.98738E-05 9.98738E-05 9.98738E-05 0.582524 0.118451 9.98738E-05 9.98738E-05 0.137316 9.98738E-05 0.0747266 9.98738E-05 9.98738E-05 0.0855838 9.98738E-05
0.0188881 9.98647E-05 9.98647E-05 9.98647E-05 9.98647E-05 9.98647E-05 0.225776 9.98647E-05 0.48504 9.98647E-05 9.98647E-05 9.98647E-05 0.268799 9.98647E-05 9.98647E-05 9.98647E-05 9.98647E-05 9.98647E-05 9.98647E-05
9.98558E-05 9.98558E-05 9.98558E-05 0.261304 9.98558E-05 9.98558E-05 9.98558E-05 9.98558E-05 9.98558E-05 9.98558E-05 9.98558E-05 9.98558E-05 0.511506 9.98558E-05 9.98558E-05 9.98558E-05 0.225592 9.98558E-05 9.98558E-05
9.98739E-05 9.98739E-05 9.98739E-05 9.98739E-05 0.0392656 0.0934613 9.98739E-05 9.98739E-05 9.98739E-05 0.659297 9.98739E-05 9.98739E-05 9.98739E-05 9.98739E-05 9.98739E-05 0.203176 0.00340216 9.98739E-05 9.98739E-05
0.100342 9.98735E-05 9.98735E-05 9.98735E-05 9.98735E-05 9.98735E-05 9.98735E-05 9.98735E-05 9.98735E-05 9.98735E-05 0.0319635 9.98735E-05 0.416981 9.98735E-05 0.0229017 9.98735E-05 0.426414 9.98735E-05 9.98735E-05
9.98558E-05 9.98558E-05 9.98558E-05 9.98558E-05 9.98558E-05 9.98558E-05 9.98558E-05 9.98558E-05 0.467784 9.98558E-05 9.98558E-05 9.98558E-05 9.98558E-05 9.98558E-05 9.98558E-05 9.98558E-05 0.504921 0.025697 9.98558E-05
9.98739E-05 0.00577819 0.144141 9.98739E-05 0.153136 9.98739E-05 9.98739E-05 9.98739E-05 0.678863 0.0166837 9.98739E-05 9.98739E-05 9.98739E-05 9.98739E-05 9.98739E-05 9.98739E-05 9.98739E-05 9.98739E-05 9.98739E-05
0.114071 9.98646E-05 9.98646E-05 0.0778208 9.98646E-05 9.98646E-05 9.98646E-05 9.98646E-05 9.98646E-05 0.645925 9.98646E-05 9.98646E-05 0.160684 9.98646E-05 9.98646E-05 9.98646E-05 9.98646E-05 9.98646E-05 9.98646E-05
9.98829E-05 9.98829E-05 0.00861167 0.189316 9.98829E-05 9.98829E-05 0.136287 9.98829E-05 0.0417146 0.100552 9.98829E-05 9.98829E-05 0.52222 9.98829E-05 9.98829E-05 9.98829E-05 9.98829E-05 9.98829E-05 9.98829E-05
0.0440103 9.98647E-05 9.98647E-05 9.98647E-05 9.98647E-05 9.98647E-05 9.98647E-05 9.98647E-05 9.98647E-05 0.606098 9.98647E-05 9.98647E-05 0.27379 9.98647E-05 0.074604 9.98647E-05 9.98647E-05 9.98647E-05 9.98647E-05
9.98918E-05 9.98918E-05 9.98918E-05 9.98918E-05 9.98918E-05 9.98918E-05 0.0134424 9.98918E-05 0.425015 0.195574 0.00196795 0.0639522 0.117193 9.98918E-05 9.98918E-05 9.98918E-05 9.98918E-05 0.181657 9.98918E-05
9.98829E-05 9.98829E-05 9.98829E-05 9.98829E-05 9.98829E-05 9.98829E-05 0.497029 9.98829E-05 0.105951 0.0871339 9.98829E-05 9.98829E-05 0.268175 9.98829E-05 9.98829E-05 9.98829E-05 0.0260385 0.0143734 9.98829E-05
9.98919E-05 9.98919E-05 0.256593 9.98919E-05 9.98919E-05 9.98919E-05 9.98919E-05 9.98919E-05 0.0291404 0.19186 9.98919E-05 9.98919E-05 0.0992231 9.98919E-05 9.98919E-05 0.0289331 0.249699 9.98919E-05 0.143353
9.98649E-05 9.98649E-05 0.196878 9.98649E-05 9.98649E-05 9.98649E-05 9.98649E-05 9.98649E-05 9.98649E-05 9.98649E-05 9.98649E-05 9.98649E-05 0.164244 9.98649E-05 9.98649E-05 9.98649E-05 0.166933 9.98649E-05 0.470447
9.98741E-05 9.98741E-05 0.381979 9.98741E-05 9.98741E-05 9.98741E-05 9.98741E-05 9.98741E-05 9.98741E-05 0.0504253 9.98741E-05 0.100904 0.216471 9.98741E-05 9.98741E-05 9.98741E-05 9.98741E-05 9.98741E-05 0.248823
0.0559429 9.98557E-05 9.98557E-05 9.98557E-05 9.98557E-05 9.98557E-05 9.98557E-05 9.98557E-05 9.98557E-05 9.98557E-05 9.98557E-05 9.98557E-05 0.620371 9.98557E-05 9.98557E-05 9.98557E-05 0.322089 9.98557E-05 9.98557E-05
9.98738E-05 9.98738E-05 9.98738E-05 9.98738E-05 9.98738E-05 9.98738E-05 9.98738E-05 9.98738E-05 0.0212695 0.0484373 9.98738E-05 9.98738E-05 9.98738E-05 9.98738E-05 9.98738E-05 9.98738E-05 0.215786 0.239351 0.473758
9.98738E-05 9.98738E-05 0.00469865 9.98738E-05 0.0642166 9.98738E-05 9.98738E-05 9.98738E-05 0.0371453 9.98738E-05 9.98738E-05 0.0287697 9.98738E-05 9.98738E-05 9.98738E-05 9.98738E-05 0.863771 9.98738E-05 9.98738E-05
0.152256 9.98737E-05 9.98737E-05 0.0431648 9.98737E-05 9.98737E-05 9.98737E-05 9.98737E-05 9.98737E-05 0.191814 9.98737E-05 0.610729 9.98737E-05 9.98737E-05 0.000637447 9.98737E-05 9.98737E-05 9.98737E-05 9.98737E-05
9.98557E-05 9.98557E-05 9.98557E-05 0.109587 9.98557E-05 9.98557E-05 9.98557E-05 9.98557E-05 9.98557E-05 9.98557E-05 9.98557E-05 0.404086 0.484729 9.98557E-05 9.98557E-05 9.98557E-05 9.98557E-05 9.98557E-05 9.98557E-05
9.98648E-05 9.98648E-05 9.98648E-05 9.98648E-05 9.98648E-05 0.115601 9.98648E-05 9.98648E-05 0.110548 0.156742 9.98648E-05 0.615612 9.98648E-05 9.98648E-05 9.98648E-05 9.98648E-05 9.98648E-05 9.98648E-05 9.98648E-05
9.98736E-05 9.98736E-05 9.98736E-05 0.162343 9.98736E-05 9.98736E-05 9.98736E-05 9.98736E-05 9.98736E-05 9.98736E-05 9.98736E-05 0.517207 0.207578 0.0232188 9.98736E-05 9.98736E-05 9.98736E-05 9.98736E-05 0.0882548
9.98557E-05 9.98557E-05 9.98557E-05 0.129796 9.98557E-05 9.98557E-05 9.98557E-05 9.98557E-05 9.98557E-05 9.98557E-05 9.98557E-05 0.717429 0.151177 9.98557E-05 9.98557E-05 9.98557E-05 9.98557E-05 9.98557E-05 9.98557E-05
9.98738E-05 9.98738E-05 9.98738E-05 9.98738E-05 0.0556069 0.154562 9.98738E-05 9.98738E-05 9.98738E-05 9.98738E-05 9.98738E-05 0.737406 9.98738E-05 9.98738E-05 9.98738E-05 0.00596021 0.0450673 9.98738E-05 9.98738E-05
9.98738E-05 9.98738E-05 9.98738E-05 9.98738E-05 9.98738E-05 9.98738E-05 9.98738E-05 9.98738E-05 9.98738E-05 9.98738E-05 9.98738E-05 0.335981 0.165372 9.98738E-05 0.172789 9.98738E-05 0.189669 9.98738E-05 0.134792
9.98648E-05 9.98648E-05 9.98648E-05 9.98648E-05 9.98648E-05 9.98648E-05 9.98648E-05 9.98648E-05 9.98648E-05 9.98648E-05 9.98648E-05 0.826211 0.0843027 9.98648E-05 0.0708653 9.98648E-05 9.98648E-05 9.98648E-05 0.0171233
0.00759737 9.98738E-05 9.98738E-05 9.98738E-05 9.98738E-05 9.98738E-05 0.390652 0.00226801 9.98738E-05 9.98738E-05 0.581843 9.98738E-05 0.0162414 9.98738E-05 9.98738E-05 9.98738E-05 9.98738E-05 9.98738E-05 9.98738E-05
9.991E-05 9.991E-05 0.0289222 0.00608329 9.991E-05 0.00684788 0.208266 9.991E-05 9.991E-05 0.0249652 0.578074 9.991E-05 0.100048 9.991E-05 9.991E-05 9.991E-05 9.991E-05 0.0168915 0.0289031
9.9874E-05 9.9874E-05 0.0114855 9.9874E-05 9.9874E-05 9.9874E-05 0.0566989 9.9874E-05 9.9874E-05 9.9874E-05 0.747403 9.9874E-05 9.9874E-05 9.9874E-05 9.9874E-05 0.146715 9.9874E-05 9.9874E-05 0.036299
9.9865E-05 9.9865E-05 9.9865E-05 9.9865E-05 9.9865E-05 0.405986 9.9865E-05 9.9865E-05 9.9865E-05 9.9865E-05 0.493975 9.9865E-05 9.9865E-05 0.0979846 9.9865E-05 0.000556545 9.9865E-05 9.9865E-05 9.9865E-05
0.122675 9.98648E-05 9.98648E-05 9.98648E-05 9.98648E-05 9.98648E-05 0.18975 0.0760737 9.98648E-05 9.98648E-05 0.610004 9.98648E-05 9.98648E-05 9.98648E-05 9.98648E-05 9.98648E-05 9.98648E-05 9.98648E-05 9.98648E-05
0.0605948 0.0180697 0.0084497 9.99188E-05 0.00928868 0.193668 9.99188E-05 9.99188E-05 0.0207775 9.99188E-05 0.182881 0.0474981 9.99188E-05 9.99188E-05 0.44088 0.0169931 9.99188E-05 9.99188E-05 9.99188E-05
0.0445067 9.98648E-05 9.98648E-05 0.469288 0.0016269 9.98648E-05 9.98648E-05 9.98648E-05 9.98648E-05 9.98648E-05 0.48308 9.98648E-05 9.98648E-05 9.98648E-05 9.98648E-05 9.98648E-05 9.98648E-05 9.98648E-05 9.98648E-05
9.98468E-05 9.98468E-05 9.98468E-05 9.98468E-05 9.98468E-05 9.98468E-05 0.299398 9.98468E-05 9.98468E-05 9.98468E-05 0.698905 9.98468E-05 9.98468E-05 9.98468E-05 9.98468E-05 9.98468E-05 9.98468E-05 9.98468E-05 9.98468E-05
0.099742 9.98829E-05 9.98829E-05 9.98829E-05 9.98829E-05 9.98829E-05 9.98829E-05 9.98829E-05 0.0424978 0.0152255 0.714249 9.98829E-05 9.98829E-05 0.0949551 9.98829E-05 9.98829E-05 9.98829E-05 0.0320319 9.98829E-05
9.98919E-05 0.200002 9.98919E-05 9.98919E-05 0.0819882 9.98919E-05 9.98919E-05 9.98919E-05 9.98919E-05 0.0235844 0.478977 9.98919E-05 9.98919E-05 9.98919E-05 9.98919E-05 0.00606624 0.0637708 0.144413 9.98919E-05
9.98648E-05 9.98648E-05 9.98648E-05 9.98648E-05 9.98648E-05 9.98648E-05 0.653392 0.127556 9.98648E-05 9.98648E-05 0.206695 9.98648E-05 0.0108591 9.98648E-05 9.98648E-05 9.98648E-05 9.98648E-05 9.98648E-05 9.98648E-05
9.98829E-05 0.399158 9.98829E-05 0.0286841 0.0436227 9.98829E-05 9.98829E-05 0.0838652 9.98829E-05 9.98829E-05 0.420595 9.98829E-05 9.98829E-05 9.98829E-05 9.98829E-05 9.98829E-05 0.0227758 9.98829E-05 9.98829E-05
0.168466 9.98559E-05 9.98559E-05 9.98559E-05 9.98559E-05 9.98559E-05 9.98559E-05 9.98559E-05 9.98559E-05 9.98559E-05 0.771324 9.98559E-05 0.0586121 9.98559E-05 9.98559E-05 9.98559E-05 9.98559E-05 9.98559E-05 9.98559E-05
9.99098E-05 0.111737 0.0125413 9.99098E-05 9.99098E-05 9.99098E-05 9.99098E-05 9.99098E-05 0.0168213 9.99098E-05 0.54886 0.0186444 9.99098E-05 0.0610955 0.179438 9.99098E-05 9.99098E-05 0.0267764 0.0230864
0.00613493 9.98919E-05 9.98919E-05 9.98919E-05 9.98919E-05 9.98919E-05 0.025349 0.0317078 9.98919E-05 0.0347591 0.474324 9.98919E-05 9.98919E-05 9.98919E-05 0.100871 9.98919E-05 9.98919E-05 0.325655 9.98919E-05
0.216253 9.99008E-05 9.99008E-05 0.144319 9.99008E-05 0.0123306 9.99008E-05 9.99008E-05 0.0213325 0.011017 0.300989 9.99008E-05 0.00109514 9.99008E-05 0.291565 9.99008E-05 9.99008E-05 9.99008E-05 9.99008E-05
9.98917E-05 0.010819 0.197125 9.98917E-05 0.13313 0.135044 9.98917E-05 9.98917E-05 9.98917E-05 9.98917E-05 0.44095 0.0164802 9.98917E-05 9.98917E-05 9.98917E-05 9.98917E-05 0.0652536 9.98917E-05 9.98917E-05
9.98647E-05 9.98647E-05 0.105559 9.98647E-05 0.0261887 9.98647E-05 9.98647E-05 9.98647E-05 9.98647E-05 9.98647E-05 0.364695 9.98647E-05 9.98647E-05 9.98647E-05 9.98647E-05 0.50206 9.98647E-05 9.98647E-05 9.98647E-05
0.00439148 9.98919E-05 9.98919E-05 9.98919E-05 9.98919E-05 9.98919E-05 9.98919E-05 0.0452438 9.98919E-05 0.0488361 0.547963 9.98919E-05 0.174191 9.98919E-05 9.98919E-05 9.98919E-05 9.98919E-05 0.172101 0.00607613
0.12741 9.98648E-05 9.98648E-05 0.0859287 9.98648E-05 9.98648E-05 9.98648E-05 9.98648E-05 9.98648E-05 9.98648E-05 0.720448 9.98648E-05 0.0647146 9.98648E-05 9.98648E-05 9.98648E-05 9.98648E-05 9.98648E-05 9.98648E-05
9.98829E-05 0.0314382 9.98829E-05 9.98829E-05 9.98829E-05 0.0513391 9.98829E-05 9.98829E-05 9.98829E-05 0.0348926 0.541363 9.98829E-05 9.98829E-05 9.98829E-05 9.98829E-05 9.98829E-05 9.98829E-05 0.337131 0.00253765
9.9874E-05 9.9874E-05 0.290704 9.9874E-05 9.9874E-05 9.9874E-05 0.00487119 9.9874E-05 9.9874E-05 9.9874E-05 0.60966 9.9874E-05 9.9874E-05 9.9874E-05 9.9874E-05 0.0563964 9.9874E-05 0.0369702 9.9874E-05
9.99009E-05 0.108815 0.0319278 9.99009E-05 0.00669252 0.336239 9.99009E-05 0.0503705 9.99009E-05 9.99009E-05 9.99009E-05 9.99009E-05 9.99009E-05 9.99009E-05 0.263423 9.99009E-05 0.0742194 0.127214 9.99009E-05
0.0105622 9.98918E-05 9.98918E-05 0.210917 0.0186188 9.98918E-05 9.98918E-05 0.704189 9.98918E-05 9.98918E-05 9.98918E-05 0.00657273 9.98918E-05 0.0200874 0.0278544 9.98918E-05 9.98918E-05 9.98918E-05 9.98918E-05
9.98738E-05 9.98738E-05 0.176578 9.98738E-05 9.98738E-05 0.0840509 9.98738E-05 9.98738E-05 9.98738E-05 9.98738E-05 9.98738E-05 9.98738E-05 0.0100028 9.98738E-05 0.244262 0.483709 9.98738E-05 9.98738E-05 9.98738E-05
0.426431 9.98919E-05 0.0086341 9.98919E-05 9.98919E-05 9.98919E-05 9.98919E-05 0.0137947 9.98919E-05 0.0131763 0.00703947 9.98919E-05 0.00898769 9.98919E-05 0.520738 9.98919E-05 9.98919E-05 9.98919E-05 9.98919E-05
0.0219817 9.98736E-05 9.98736E-05 0.0075881 9.98736E-05 9.98736E-05 0.297853 0.601098 9.98736E-05 9.98736E-05 9.98736E-05 9.98736E-05 0.0700801 9.98736E-05 9.98736E-05 9.98736E-05 9.98736E-05 9.98736E-05 9.98736E-05
9.98827E-05 0.319534 0.265349 9.98827E-05 0.193715 9.98827E-05 9.98827E-05 0.0210348 9.98827E-05 9.98827E-05 9.98827E-05 9.98827E-05 9.98827E-05 9.98827E-05 0.181687 0.0173829 9.98827E-05 9.98827E-05 9.98827E-05
9.98558E-05 0.213307 0.00763536 9.98558E-05 9.98558E-05 9.98558E-05 9.98558E-05 0.77746 9.98558E-05 9.98558E-05 9.98558E-05 9.98558E-05 9.98558E-05 9.98558E-05 9.98558E-05 9.98558E-05 9.98558E-05 9.98558E-05 9.98558E-05
9.99099E-05 9.99099E-05 0.105069 0.0443201 9.99099E-05 0.0464953 9.99099E-05 0.0242121 9.99099E-05 9.99099E-05 0.0183823 9.99099E-05 9.99099E-05 9.99099E-05 0.627248 9.99099E-05 0.0171812 0.00553496 0.110558
9.98649E-05 9.98649E-05 0.315805 9.98649E-05 9.98649E-05 9.98649E-05 9.98649E-05 0.664673 9.98649E-05 0.0118235 9.98649E-05 9.98649E-05 9.98649E-05 9.98649E-05 9.98649E-05 0.00620102 9.98649E-05 9.98649E-05 9.98649E-05
0.274756 9.98829E-05 0.0687751 0.330644 9.98829E-05 9.98829E-05 9.98829E-05 0.250157 9.98829E-05 9.98829E-05 9.98829E-05 9.98829E-05 0.0561734 9.98829E-05 0.0181962 9.98829E-05 9.98829E-05 9.98829E-05 9.98829E-05
9.99097E-05 0.196864 0.280063 9.99097E-05 9.99097E-05 0.211875 9.99097E-05 0.107621 9.99097E-05 9.99097E-05 9.99097E-05 9.99097E-05 9.99097E-05 0.00599281 0.0431188 9.99097E-05 0.00766839 0.128539 0.0172579
9.98559E-05 9.98559E-05 9.98559E-05 9.98559E-05 0.0342735 9.98559E-05 9.98559E-05 0.57388 9.98559E-05 9.98559E-05 9.98559E-05 9.98559E-05 9.98559E-05 9.98559E-05 9.98559E-05 0.390249 9.98559E-05 9.98559E-05 9.98559E-05
9.98647E-05 9.98647E-05 9.98647E-05 0.147703 9.98647E-05 9.98647E-05 0.238195 0.522876 9.98647E-05 9.98647E-05 9.98647E-05 9.98647E-05 0.0897273 9.98647E-05 9.98647E-05 9.98647E-05 9.98647E-05 9.98647E-05 9.98647E-05
9.98828E-05 0.207884 0.108003 9.98828E-05 0.286528 0.26682 9.98828E-05 9.98828E-05 9.98828E-05 9.98828E-05 9.98828E-05 9.98828E-05 9.98828E-05 9.98828E-05 0.125381 0.00408446 9.98828E-05 9.98828E-05 9.98828E-05
9.98648E-05 9.98648E-05 0.286597 9.98648E-05 0.199891 9.98648E-05 9.98648E-05 0.478567 9.98648E-05 9.98648E-05 9.98648E-05 9.98648E-05 9.98648E-05 9.98648E-05 9.98648E-05 9.98648E-05 0.0334473 9.98648E-05 9.98648E-05
9.98827E-05 0.0962429 0.467323 0.030605 0.162673 9.98827E-05 9.98827E-05 9.98827E-05 9.98827E-05 9.98827E-05 9.98827E-05 9.98827E-05 9.98827E-05 9.98827E-05 0.234102 0.00775513 9.98827E-05 9.98827E-05 9.98827E-05
0.223679 9.98648E-05 9.98648E-05 9.98648E-05 9.98648E-05 9.98648E-05 0.214053 0.523705 9.98648E-05 9.98648E-05 9.98648E-05 9.98648E-05 0.0370643 9.98648E-05 9.98648E-05 9.98648E-05 9.98648E-05 9.98648E-05 9.98648E-05
9.98647E-05 9.98647E-05 0.649659 9.98647E-05 9.98647E-05 0.135589 9.98647E-05 0.207093 9.98647E-05 9.98647E-05 9.98647E-05 0.00616059 9.98647E-05 9.98647E-05 9.98647E-05 9.98647E-05 9.98647E-05 9.98647E-05 9.98647E-05
9.98918E-05 0.256624 0.0424352 9.98918E-05 0.023762 0.384028 9.98918E-05 9.98918E-05 9.98918E-05 9.98918E-05 9.98918E-05 9.98918E-05 9.98918E-05 9.98918E-05 0.13785 9.98918E-05 9.98918E-05 0.149248 0.00485367
0.114092 0.0226288 9.98918E-05 9.98918E-05 9.98918E-05 0.048821 9.98918E-05 0.126229 9.98918E-05 9.98918E-05 9.98918E-05 0.0633211 9.98918E-05 0.00790509 0.615805 9.98918E-05 9.98918E-05 9.98918E-05 9.98918E-05
9.99012E-05 0.0349092 9.99012E-05 9.99012E-05 9.99012E-05 0.0581337 0.0816408 9.99012E-05 9.99012E-05 0.0401772 0.0410926 9.99012E-05 9.99012E-05 9.99012E-05 0.323775 0.402337 0.0168349 9.99012E-05 9.99012E-05
0.0908758 9.99009E-05 0.349002 9.99009E-05 9.99009E-05 0.0554748 9.99009E-05 0.0552946 9.99009E-05 0.0300516 9.99009E-05 9.99009E-05 9.99009E-05 9.99009E-05 0.233958 0.17812 0.00612473 9.99009E-05 9.99009E-05
0.393354 9.98737E-05 9.98737E-05 0.0182201 9.98737E-05 9.98737E-05 0.0311378 0.515685 9.98737E-05 9.98737E-05 9.98737E-05 9.98737E-05 0.0402042 9.98737E-05 9.98737E-05 9.98737E-05 9.98737E-05 9.98737E-05 9.98737E-05
9.99008E-05 0.0571428 0.252781 0.0430096 9.99008E-05 9.99008E-05 0.0264727 9.99008E-05 0.00278184 0.0382583 9.99008E-05 9.99008E-05 9.99008E-05 0.501875 0.0765793 9.99008E-05 9.99008E-05 9.99008E-05 9.99008E-05
9.98826E-05 9.98826E-05 9.98826E-05 9.98826E-05 9.98826E-05 0.0395679 9.98826E-05 0.619876 0.0210547 9.98826E-05 9.98826E-05 0.0274467 9.98826E-05 9.98826E-05 0.287846 9.98826E-05 9.98826E-05 0.00291037 9.98826E-05
0.326329 9.99009E-05 9.99009E-05 9.99009E-05 9.99009E-05 9.99009E-05 0.0119841 0.0988412 0.0397039 9.99009E-05 0.243107 9.99009E-05 0.0846101 9.99009E-05 0.192136 9.99009E-05 9.99009E-05 0.00218938 9.99009E-05
0.0544947 9.99008E-05 0.524788 9.99008E-05 9.99008E-05 0.0838415 9.99008E-05 9.99008E-05 0.0275727 0.0025211 0.0820017 9.99008E-05 9.99008E-05 0.203736 9.99008E-05 9.99008E-05 0.0199458 9.99008E-05 9.99008E-05
9.98559E-05 9.98559E-05 9.98559E-05 9.98559E-05 9.98559E-05 9.98559E-05 9.98559E-05 9.98559E-05 9.98559E-05 9.98559E-05 9.98559E-05 9.98559E-05 9.98559E-05 0.0584205 9.98559E-05 9.98559E-05 9.98559E-05 0.888042 0.0519397
0.181584 9.991E-05 0.00763796 0.125727 0.0165467 9.991E-05 0.600957 0.00419246 0.0221514 0.0400346 9.991E-05 9.991E-05 9.991E-05 9.991E-05 9.991E-05 0.000169555 9.991E-05 9.991E-05 9.991E-05
0.148631 9.99097E-05 9.99097E-05 0.0958048 9.99097E-05 9.99097E-05 0.0128988 0.148809 0.089054 9.99097E-05 0.0987917 9.99097E-05 9.99097E-05 0.14127 0.170511 9.99097E-05 9.99097E-05 0.0932312 9.99097E-05
0.557402 0.00264415 9.99008E-05 0.0716331 9.99008E-05 0.0721937 9.99008E-05 9.99008E-05 9.99008E-05 0.00877637 0.143213 9.99008E-05 9.99008E-05 0.11512 9.99008E-05 9.99008E-05 9.99008E-05 9.99008E-05 0.0279188
0.16302 0.471917 9.98829E-05 9.98829E-05 9.98829E-05 9.98829E-05 9.98829E-05 0.139311 9.98829E-05 0.0291949 9.98829E-05 9.98829E-05 9.98829E-05 9.98829E-05 9.98829E-05 9.98829E-05 0.0155865 0.179672 9.98829E-05
0.884573 9.98649E-05 0.0357688 0.0563105 9.98649E-05 9.98649E-05 9.98649E-05 9.98649E-05 9.98649E-05 9.98649E-05 0.0218496 9.98649E-05 9.98649E-05 9.98649E-05 9.98649E-05 9.98649E-05 9.98649E-05 9.98649E-05 9.98649E-05
9.98827E-05 0.109217 0.489935 9.98827E-05 0.142936 9.98827E-05 9.98827E-05 9.98827E-05 9.98827E-05 9.98827E-05 9.98827E-05 9.98827E-05 9.98827E-05 0.0521986 0.133311 0.0711039 9.98827E-05 9.98827E-05 9.98827E-05
0.888624 9.98828E-05 0.0411198 9.98828E-05 0.000726241 0.0129662 9.98828E-05 9.98828E-05 9.98828E-05 9.98828E-05 0.0264786 9.98828E-05 9.98828E-05 9.98828E-05 9.98828E-05 9.98828E-05 9.98828E-05 0.0287864 9.98828E-05
0.00305336 9.98919E-05 0.0817452 9.98919E-05 9.98919E-05 9.98919E-05 0.138755 0.203159 9.98919E-05 9.98919E-05 9.98919E-05 9.98919E-05 9.98919E-05 0.11457 9.98919E-05 0.3511 9.98919E-05 0.106419 9.98919E-05
9.98828E-05 9.98828E-05 0.331414 0.0598468 0.0923994 9.98828E-05 9.98828E-05 0.00835363 9.98828E-05 9.98828E-05 9.98828E-05 9.98828E-05 9.98828E-05 9.98828E-05 9.98828E-05 0.245391 9.98828E-05 0.261297 9.98828E-05
0.0780474 9.9928E-05 9.9928E-05 9.9928E-05 9.9928E-05 0.00421266 9.9928E-05 0.0418411 0.025951 0.000817383 0.0552913 9.9928E-05 0.0259284 0.0804756 0.149082 9.9928E-05 9.9928E-05 0.435554 0.102
9.99098E-05 9.99098E-05 0.0466929 0.0739094 0.00991911 9.99098E-05 9.99098E-05 9.99098E-05 0.00139446 9.99098E-05 0.0741259 9.99098E-05 9.99098E-05 0.0349626 0.483316 9.99098E-05 9.99098E-05 0.214781 0.0598997
0.0695819 9.99278E-05 9.99278E-05 9.99278E-05 0.0606892 9.99278E-05 0.00963383 0.0305107 0.00623622 0.0245266 0.0503878 9.99278E-05 9.99278E-05 0.0523413 0.188602 9.99278E-05 9.99278E-05 0.468993 0.037698
0.136856 0.00303738 0.346297 9.99008E-05 9.99008E-05 9.99008E-05 0.00846223 9.99008E-05 9.99008E-05 9.99008E-05 0.158512 9.99008E-05 9.99008E-05 9.99008E-05 0.0964986 0.200501 9.99008E-05 0.0487375 9.99008E-05
0.215531 9.98919E-05 9.98919E-05 0.0696629 0.0268314 9.98919E-05 0.572542 9.98919E-05 9.98919E-05 9.98919E-05 0.00107135 9.98919E-05 9.98919E-05 9.98919E-05 0.107413 9.98919E-05 9.98919E-05 0.00575023 9.98919E-05
0.284676 9.98648E-05 9.98648E-05 9.98648E-05 9.98648E-05 9.98648E-05 0.437459 0.263074 9.98648E-05 9.98648E-05 9.98648E-05 9.98648E-05 9.98648E-05 9.98648E-05 9.98648E-05 9.98648E-05 9.98648E-05 0.0132934 9.98648E-05
0.227607 9.99008E-05 9.99008E-05 0.300428 9.99008E-05 9.99008E-05 9.99008E-05 0.00825388 0.00743633 9.99008E-05 9.99008E-05 9.99008E-05 0.0345506 0.325878 0.0768121 9.99008E-05 9.99008E-05 0.0179346 9.99008E-05
0.675897 9.98739E-05 9.98739E-05 9.98739E-05 9.98739E-05 9.98739E-05 0.0914537 9.98739E-05 9.98739E-05 9.98739E-05 9.98739E-05 9.98739E-05 0.0927221 0.0961546 9.98739E-05 9.98739E-05 9.98739E-05 0.0423746 9.98739E-05
9.98648E-05 0.0346959 9.98648E-05 9.98648E-05 0.014082 9.98648E-05 0.838022 9.98648E-05 9.98648E-05 9.98648E-05 9.98648E-05 9.98648E-05 9.98648E-05 9.98648E-05 0.111702 9.98648E-05 9.98648E-05 9.98648E-05 9.98648E-05
0.0139432 9.99008E-05 9.99008E-05 0.335106 9.99008E-05 9.99008E-05 9.99008E-05 0.160713 9.99008E-05 9.99008E-05 0.0243408 0.0192962 0.15251 0.277579 9.99008E-05 9.99008E-05 9.99008E-05 0.0154138 9.99008E-05
0.439703 0.0549001 0.0252825 0.0372815 9.98918E-05 9.98918E-05 9.98918E-05 0.0258936 9.98918E-05 9.98918E-05 9.98918E-05 0.0459358 9.98918E-05 9.98918E-05 0.369805 9.98918E-05 9.98918E-05 9.98918E-05 9.98918E-05
0.023769 9.99011E-05 9.99011E-05 9.99011E-05 0.419818 0.478547 9.99011E-05 9.99011E-05 0.0240374 0.025069 9.99011E-05 9.99011E-05 0.00297138 9.99011E-05 9.99011E-05 0.0132018 9.99011E-05 0.0114876 9.99011E-05
9.98828E-05 9.98828E-05 9.98828E-05 0.0333139 0.847327 9.98828E-05 9.98828E-05 9.98828E-05 0.000491831 0.0184649 0.0295007 9.98828E-05 9.98828E-05 9.98828E-05 0.0696029 9.98828E-05 9.98828E-05 9.98828E-05 9.98828E-05
0.0468546 9.99008E-05 9.99008E-05 0.312658 0.0565964 0.0743383 9.99008E-05 9.99008E-05 0.0540909 9.99008E-05 9.99008E-05 0.0527307 9.99008E-05 0.102863 0.298769 9.99008E-05 9.99008E-05 9.99008E-05 9.99008E-05
9.98737E-05 0.190604 0.0955386 0.0451201 0.617359 9.98737E-05 9.98737E-05 9.98737E-05 9.98737E-05 9.98737E-05 9.98737E-05 9.98737E-05 9.98737E-05 9.98737E-05 0.0499797 9.98737E-05 9.98737E-05 9.98737E-05 9.98737E-05
9.98559E-05 9.98559E-05 9.98559E-05 9.98559E-05 0.929226 0.0194661 9.98559E-05 9.98559E-05 9.98559E-05 9.98559E-05 0.0497105 9.98559E-05 9.98559E-05 9.98559E-05 9.98559E-05 9.98559E-05 9.98559E-05 9.98559E-05 9.98559E-05
9.98828E-05 9.98828E-05 9.98828E-05 0.0685889 0.455819 9.98828E-05 9.98828E-05 9.98828E-05 9.98828E-05 0.0503995 0.0137889 9.98828E-05 9.98828E-05 9.98828E-05 0.0112935 0.398812 9.98828E-05 9.98828E-05 9.98828E-05
9.98829E-05 9.98829E-05 0.0390393 0.0102948 0.739627 9.98829E-05 9.98829E-05 9.98829E-05 9.98829E-05 9.98829E-05 0.0508882 9.98829E-05 9.98829E-05 9.98829E-05 0.0635989 0.0952536 9.98829E-05 9.98829E-05 9.98829E-05
0.180289 9.98919E-05 9.98919E-05 0.496137 0.195795 9.98919E-05 9.98919E-05 9.98919E-05 0.0139275 9.98919E-05 9.98919E-05 0.0274459 9.98919E-05 0.00927248 0.0759355 9.98919E-05 9.98919E-05 9.98919E-05 9.98919E-05
0.223352 9.9865E-05 9.9865E-05 0.394409 9.9865E-05 9.9865E-05 0.176521 0.204219 9.9865E-05 9.9865E-05 9.9865E-05 9.9865E-05 9.9865E-05 9.9865E-05 9.9865E-05 9.9865E-05 9.9865E-05 9.9865E-05 9.9865E-05
9.98918E-05 9.98918E-05 9.98918E-05 0.0332708 9.98918E-05 0.475103 9.98918E-05 9.98918E-05 0.0746797 9.98918E-05 0.0355785 9.98918E-05 9.98918E-05 0.131896 0.241861 9.98918E-05 9.98918E-05 9.98918E-05 0.00641149
9.9865E-05 9.9865E-05 9.9865E-05 0.831027 0.0920052 9.9865E-05 9.9865E-05 9.9865E-05 9.9865E-05 9.9865E-05 0.0661262 0.00934401 9.9865E-05 9.9865E-05 9.9865E-05 9.9865E-05 9.9865E-05 9.9865E-05 9.9865E-05
0.00223507 9.9883E-05 9.9883E-05 0.315268 9.9883E-05 9.9883E-05 9.9883E-05 9.9883E-05 0.119708 9.9883E-05 9.9883E-05 0.103188 9.9883E-05 0.159899 0.298403 9.9883E-05 9.9883E-05 9.9883E-05 9.9883E-05
0.0525931 0.0506338 9.99008E-05 0.080309 0.175759 0.116597 9.99008E-05 9.99008E-05 9.99008E-05 9.99008E-05 0.00965701 0.125362 9.99008E-05 9.99008E-05 0.38799 9.99008E-05 9.99008E-05 9.99008E-05 9.99008E-05
0.226367 9.98739E-05 9.98739E-05 0.452568 9.98739E-05 9.98739E-05 9.98739E-05 0.0045366 9.98739E-05 9.98739E-05 9.98739E-05 9.98739E-05 9.98739E-05 0.18666 0.12847 9.98739E-05 9.98739E-05 9.98739E-05 9.98739E-05
0.0903708 9.99008E-05 9.99008E-05 0.362028 9.99008E-05 0.278578 0.0147513 9.99008E-05 9.99008E-05 9.99008E-05 0.055524 9.99008E-05 0.0372659 0.06481 0.0955729 9.99008E-05 9.99008E-05 9.99008E-05 9.99008E-05
9.98918E-05 9.98918E-05 0.159568 9.98918E-05 0.0274714 0.0117892 9.98918E-05 9.98918E-05 9.98918E-05 0.0689216 9.98918E-05 9.98918E-05 9.98918E-05 0.682139 0.0133251 9.98918E-05 9.98918E-05 9.98918E-05 0.0355867
0.0707609 0.124523 9.99098E-05 0.311093 9.99098E-05 0.0678474 9.99098E-05 9.99098E-05 9.99098E-05 0.00347734 9.99098E-05 0.0597091 9.99098E-05 0.0559909 0.2668 9.99098E-05 0.0387992 9.99098E-05 9.99098E-05
9.98738E-05 9.98738E-05 9.98738E-05 0.368258 9.98738E-05 0.294101 9.98738E-05 9.98738E-05 0.0359849 9.98738E-05 0.101566 9.98738E-05 9.98738E-05 9.98738E-05 0.198692 9.98738E-05 9.98738E-05 9.98738E-05 9.98738E-05
0.00967528 0.451218 0.0791188 9.98918E-05 0.127254 0.286069 9.98918E-05 9.98918E-05 9.98918E-05 9.98918E-05 9.98918E-05 9.98918E-05 9.98918E-05 0.000308154 0.0451584 9.98918E-05 9.98918E-05 9.98918E-05 9.98918E-05
9.991E-05 0.0279073 9.991E-05 9.991E-05 0.026252 0.34519 0.0289067 9.991E-05 0.00834763 9.991E-05 9.991E-05 9.991E-05 9.991E-05 0.163832 0.355194 0.0288966 0.0144741 9.991E-05 9.991E-05
0.103208 0.0561578 9.991E-05 0.747265 9.991E-05 0.00186876 9.991E-05 9.991E-05 9.991E-05 9.991E-05 9.991E-05 9.991E-05 0.0130147 9.991E-05 9.991E-05 0.0264338 0.00113055 0.0373975 0.0125248
0.0613065 9.99008E-05 0.0450016 0.282747 9.99008E-05 0.054423 9.99008E-05 9.99008E-05 9.99008E-05 9.99008E-05 0.0782993 0.0522925 9.99008E-05 0.0603195 0.364512 9.99008E-05 9.99008E-05 9.99008E-05 9.99008E-05
0.332797 9.9874E-05 0.0190063 0.532025 9.9874E-05 9.9874E-05 0.0241558 0.0906174 9.9874E-05 9.9874E-05 9.9874E-05 9.9874E-05 9.9874E-05 9.9874E-05 9.9874E-05 9.9874E-05 9.9874E-05 9.9874E-05 9.9874E-05
