0.128269 0.213014 0.658717
0.0401073 0.191427 0.768466
0.00276036 0.745605 0.251635
0.0822446 0.0930396 0.824716
0.183563 9.9991E-05 0.816337
0.115627 0.459357 0.425015
9.999E-05 0.762569 0.237331
0.0865436 0.461263 0.452194
0.118491 0.0871065 0.794402
0.108928 0.865083 0.0259898
0.0412682 0.131646 0.827085
0.0474951 0.0105764 0.941928
0.15703 0.372409 0.470561
9.9991E-05 0.690558 0.309342
0.0209582 0.0172706 0.961771
0.07168 0.892297 0.0360232
9.9991E-05 0.711781 0.288119
9.9991E-05 0.610667 0.389233
0.00926379 0.184848 0.805888
0.787853 0.0239032 0.188243
0.819198 9.9991E-05 0.180702
0.820761 0.0771753 0.102064
0.677086 9.9991E-05 0.322814
0.659277 9.9991E-05 0.340623
0.598077 0.401823 9.9991E-05
0.55879 9.9991E-05 0.44111
0.522848 0.477052 9.9991E-05
0.582068 9.9991E-05 0.417832
0.768226 0.212673 0.0191011
0.780258 9.9991E-05 0.219642
0.605565 0.3001 0.0943347
0.713424 0.286476 9.9991E-05
0.526594 0.473306 9.9991E-05
0.648482 0.337035 0.0144828
0.771257 9.9991E-05 0.228643
0.675843 9.9991E-05 0.324057
0.685123 0.0656883 0.249188
0.668043 9.9991E-05 0.331857
0.816959 0.00800517 0.175036
0.681293 0.318607 9.9991E-05
0.504651 0.495249 9.9991E-05
0.689956 0.0821742 0.22787
0.819854 0.180046 9.9991E-05
0.625653 0.374247 9.9991E-05
0.467803 9.9991E-05 0.532097
0.567364 9.9991E-05 0.432536
0.52977 0.47013 9.9991E-05
0.815637 0.0682499 0.116113
0.365397 0.634503 9.9991E-05
0.722148 9.9991E-05 0.277752
0.751727 0.248173 9.9991E-05
0.737041 0.0273161 0.235643
0.581323 9.9991E-05 0.418577
0.54347 9.9991E-05 0.45643
0.542441 9.9991E-05 0.457459
0.547545 9.9991E-05 0.452355
0.740088 0.259812 9.9991E-05
0.81964 0.148077 0.0322836
0.673404 0.326496 9.9991E-05
0.780531 9.9991E-05 0.219369
0.73543 9.9991E-05 0.26447
0.645979 9.9991E-05 0.353921
0.607073 0.392827 9.9991E-05
0.669747 9.9991E-05 0.330153
0.472451 0.527449 9.9991E-05
0.528977 9.9991E-05 0.470923
0.656456 9.9991E-05 0.343444
0.616066 9.9991E-05 0.383834
0.62931 0.0628877 0.307802
0.71223 0.177648 0.110122
0.559738 0.440162 9.9991E-05
0.529363 0.470537 9.9991E-05
0.634087 9.9991E-05 0.365813
0.595141 0.404759 9.9991E-05
0.694819 9.9991E-05 0.305081
0.528662 9.9991E-05 0.471238
0.648232 0.351668 9.9991E-05
0.452144 0.547756 9.9991E-05
0.682237 0.317663 9.9991E-05
0.770506 0.153833 0.0756613
0.530583 0.469317 9.9991E-05
0.722064 9.9991E-05 0.277836
0.810181 0.0457438 0.144075
0.710536 0.0973852 0.192079
0.560987 0.438913 9.9991E-05
0.811502 9.9991E-05 0.188398
0.624823 9.9991E-05 0.375077
0.566853 0.367559 0.0655887
0.512651 0.487249 9.9991E-05
0.569959 9.9991E-05 0.429941
0.588976 0.410924 9.9991E-05
0.568427 0.395089 0.0364836
0.513251 9.9991E-05 0.486649
0.620381 0.192578 0.187041
0.62395 0.185458 0.190593
0.205882 0.794018 9.9991E-05
0.29633 0.61668 0.0869905
0.257481 0.425996 0.316523
0.118992 0.200531 0.680478
0.130078 0.815401 0.0545211
0.063916 0.25866 0.677424
9.9991E-05 0.846658 0.153242
0.202425 0.72465 0.0729252
0.213984 0.574606 0.21141
0.271202 0.137869 0.590928
0.135462 0.864438 9.9991E-05
0.15034 0.278015 0.571645
0.160939 0.73061 0.10845
0.152821 0.397834 0.449345
0.190107 0.525831 0.284062
0.0127647 0.710633 0.276602
0.222485 0.00307948 0.774435
0.19294 0.169616 0.637444
0.36519 0.531691 0.10312
0.0842208 0.724491 0.191288
0.282781 0.351223 0.365996
0.257537 0.224696 0.517767
0.0978507 0.150424 0.751725
0.0497687 0.684312 0.265919
0.122224 0.142756 0.73502
0.00684646 0.717916 0.275237
0.0149776 0.984922 9.9991E-05
9.9991E-05 0.0618034 0.938097
0.154071 0.357878 0.488051
0.106001 0.391417 0.502583
0.186948 0.293566 0.519486
0.0058484 0.918922 0.0752297
0.111923 0.0649195 0.823158
0.231987 0.149746 0.618266
0.0171008 0.982799 9.9991E-05
9.9991E-05 0.00080238 0.999098
0.201088 0.0167034 0.782209
9.9991E-05 0.175165 0.824735
0.0333827 0.966517 9.9991E-05
0.0988357 0.0740466 0.827118
0.0662094 0.0604266 0.873364
9.9991E-05 0.516477 0.483423
0.182151 0.293048 0.5248
0.129415 0.236842 0.633742
9.999E-05 0.9998 9.999E-05
0.117172 0.292552 0.590277
0.16385 0.408122 0.428029
0.197606 0.741866 0.0605273
0.186717 0.13144 0.681844
0.322838 0.317017 0.360145
0.123335 0.876565 9.9991E-05
0.132337 0.64283 0.224833
0.0681986 0.820294 0.111508
0.161483 0.329845 0.508672
9.999E-05 0.9998 9.999E-05
9.9991E-05 0.102078 0.897822
9.9991E-05 0.92217 0.07773
0.183995 0.357827 0.458178
0.104299 0.199281 0.69642
0.273218 0.308907 0.417876
0.0820261 0.413397 0.504577
0.22025 0.450276 0.329474
0.100091 0.355935 0.543973
0.0178418 0.981977 0.000181345
0.0526103 0.94729 9.9991E-05
0.0398092 0.776275 0.183916
0.127452 0.872448 9.9991E-05
9.9991E-05 0.954003 0.0458972
0.134088 0.701798 0.164115
9.9991E-05 0.736013 0.263887
0.0999652 9.9991E-05 0.899935
0.0292871 0.00570378 0.965009
0.00316845 0.522092 0.47474
9.9991E-05 0.0472604 0.95264
9.999E-05 9.999E-05 0.9998
0.163322 0.0439308 0.792747
0.0176106 0.0175899 0.9648
9.9991E-05 0.696035 0.303865
9.9991E-05 0.988273 0.0116268
0.0883208 0.151853 0.759826
9.9991E-05 0.775334 0.224566
0.117579 0.557267 0.325154
9.9991E-05 0.367637 0.632263
9.9991E-05 0.874818 0.125082
0.0129884 0.589677 0.397335
0.215492 0.127069 0.657438
0.0710726 0.530496 0.398432
0.0397561 0.454677 0.505567
0.00208462 0.0582176 0.939698
0.0561619 0.17453 0.769308
0.027251 0.80723 0.165519
9.9991E-05 0.632531 0.367369
9.9991E-05 0.984237 0.0156627
9.999E-05 9.999E-05 0.9998
0.0666201 0.234978 0.698402
9.9991E-05 0.921075 0.0788248
0.14806 0.00769692 0.844243
0.141215 0.206934 0.651851
0.156412 0.843488 9.9991E-05
0.196165 0.660519 0.143316
0.158776 0.100186 0.741038
0.136207 9.9991E-05 0.863693
0.151521 9.9991E-05 0.848379
0.0916271 0.908273 9.9991E-05
0.0834842 0.710115 0.206401
0.193253 0.239758 0.566989
0.00576321 0.124925 0.869312
0.102099 0.897801 9.9991E-05
0.0574805 0.540633 0.401887
0.0569731 0.571417 0.37161
0.182572 0.377924 0.439503
9.9991E-05 0.74805 0.25185
0.0201911 0.245582 0.734227
0.0793893 0.264624 0.655987
0.123347 0.0455288 0.831125
0.198016 0.712002 0.0899826
0.0803711 0.0803842 0.839245
0.0533997 0.0993741 0.847226
9.9991E-05 0.922313 0.0775866
9.9991E-05 0.478416 0.521484
0.0315157 0.723987 0.244498
0.0935199 9.9991E-05 0.90638
0.334872 0.106137 0.55899
0.0777887 0.0407552 0.881456
9.9991E-05 0.905991 0.0939094
0.0564315 0.0754042 0.868164
0.109364 0.0307094 0.859926
0.0569317 0.0305015 0.912567
9.9991E-05 0.856785 0.143115
0.000554875 0.488844 0.510601
0.0705191 0.115857 0.813623
0.0883936 0.617709 0.293897
0.0866747 9.9991E-05 0.913225
0.0475481 0.424127 0.528324
0.116549 0.30466 0.57879
9.9991E-05 0.936141 0.0637592
0.0720653 0.324071 0.603864
0.123843 0.645938 0.230219
0.0489336 0.950966 9.9991E-05
0.025187 0.530269 0.444544
0.0429344 0.740313 0.216753
9.9991E-05 0.555845 0.444055
9.9991E-05 0.137469 0.862431
0.0930595 0.906841 9.9991E-05
0.23286 0.0995085 0.667632
0.119074 0.115419 0.765507
0.0961164 0.299048 0.604835
0.023219 0.920066 0.0567149
9.999E-05 0.9998 9.999E-05
0.0866579 0.097047 0.816295
0.058281 0.51554 0.426179
0.10282 0.522365 0.374815
0.00537282 0.994527 9.9991E-05
0.123271 0.451508 0.425221
0.150335 0.275039 0.574626
0.0228946 0.0659863 0.911119
0.0426131 0.141841 0.815546
0.126817 0.329281 0.543902
0.0169258 0.769857 0.213217
0.0644995 0.00466577 0.930835
9.9991E-05 0.735043 0.264857
0.0229015 0.488557 0.488541
0.0806326 9.9991E-05 0.919267
0.029093 0.892576 0.0783314
0.0880221 0.801797 0.110181
9.9991E-05 0.763459 0.236441
0.164009 0.293638 0.542354
0.123013 0.503771 0.373217
0.0799887 0.319908 0.600104
0.0476579 0.952242 9.9991E-05
0.107181 0.123757 0.769061
0.240506 0.552287 0.207207
0.119642 0.15148 0.728878
0.140597 0.0863828 0.77302
0.0673861 0.1853 0.747314
0.0981288 0.11345 0.788421
0.157762 0.220371 0.621867
0.152226 0.552088 0.295686
0.0802527 0.740666 0.179082
0.155915 0.157585 0.6865
0.173872 0.332182 0.493946
0.189346 0.620538 0.190115
0.0880876 0.911812 9.9991E-05
9.9991E-05 0.92695 0.07295
0.0161032 0.983797 9.9991E-05
