0.499439 9.9946E-05 9.9946E-05 9.9946E-05 9.9946E-05 0.0598972 0.336597 0.103467 9.9946E-05 9.9946E-05
0.50449 9.9955E-05 9.9955E-05 9.9955E-05 9.9955E-05 0.0347059 0.347944 9.9955E-05 0.00520293 0.107157
0.233426 0.00878694 0.0525804 0.64697 9.9982E-05 0.0089445 9.9982E-05 0.0194703 0.0184575 0.0111639
0.255817 0.234938 0.0652754 9.9973E-05 9.9973E-05 0.00157815 0.277352 0.0310197 9.9973E-05 0.13372
9.99639E-05 0.159282 0.0853264 9.99639E-05 9.99639E-05 0.221955 0.376641 9.99639E-05 0.0237326 0.132663
0.406166 9.99639E-05 0.317484 0.10734 9.99639E-05 0.0636055 0.0316219 9.99639E-05 0.0733835 9.99639E-05
0.43003 9.99369E-05 9.99369E-05 0.511448 0.0578222 9.99369E-05 9.99369E-05 9.99369E-05 9.99369E-05 9.99369E-05
0.381692 9.9955E-05 0.178884 0.220786 9.9955E-05 9.9955E-05 0.145991 9.9955E-05 0.0721469 9.9955E-05
0.433224 0.13637 0.0764903 9.9973E-05 9.9973E-05 9.9973E-05 0.292363 0.0218606 0.0221963 0.0171963
9.99459E-05 9.99459E-05 0.377282 0.319397 0.256427 9.99459E-05 9.99459E-05 0.0462948 9.99459E-05 9.99459E-05
0.220463 0.0100748 0.0821638 9.99639E-05 9.99639E-05 0.0278014 0.226261 9.99639E-05 9.99639E-05 0.432836
0.045069 0.124544 0.238056 9.99549E-05 9.99549E-05 9.99549E-05 0.47352 9.99549E-05 9.99549E-05 0.118312
0.229537 0.261674 9.9973E-05 0.124517 0.0243502 0.201474 9.9973E-05 9.9973E-05 0.0607937 0.0973545
0.480724 9.9937E-05 0.181465 0.337112 9.9937E-05 9.9937E-05 9.9937E-05 9.9937E-05 9.9937E-05 9.9937E-05
0.0149393 9.99459E-05 0.0683476 9.99459E-05 9.99459E-05 9.99459E-05 0.465132 9.99459E-05 9.99459E-05 0.450981
0.197831 9.99729E-05 0.0362984 0.365545 0.333307 9.99729E-05 9.99729E-05 0.0356722 0.0300409 0.00100535
0.543441 0.0282696 9.99459E-05 0.406436 0.021253 9.99459E-05 9.99459E-05 9.99459E-05 9.99459E-05 9.99459E-05
0.482586 9.99459E-05 9.99459E-05 0.475705 9.99459E-05 9.99459E-05 0.0317013 9.99459E-05 9.99459E-05 0.00940864
0.289151 0.264144 0.0187835 0.0964298 9.9964E-05 0.00358766 0.327505 9.9964E-05 9.9964E-05 9.9964E-05
9.99369E-05 9.99369E-05 9.99369E-05 9.99369E-05 9.99369E-05 0.00795099 9.99369E-05 0.788839 9.99369E-05 0.20251
9.99279E-05 0.178234 9.99279E-05 9.99279E-05 9.99279E-05 9.99279E-05 9.99279E-05 0.820967 9.99279E-05 9.99279E-05
0.0463656 9.99369E-05 9.99369E-05 9.99369E-05 9.99369E-05 0.0542583 9.99369E-05 0.898676 9.99369E-05 9.99369E-05
9.99279E-05 0.366243 9.99279E-05 9.99279E-05 9.99279E-05 9.99279E-05 9.99279E-05 0.632958 9.99279E-05 9.99279E-05
9.99459E-05 0.102462 9.99459E-05 9.99459E-05 9.99459E-05 9.99459E-05 0.0798295 0.723027 9.99459E-05 0.0940819
0.103171 9.99549E-05 0.00764069 0.231972 9.99549E-05 9.99549E-05 9.99549E-05 0.480765 0.175951 9.99549E-05
9.99549E-05 9.99549E-05 0.0508785 9.99549E-05 9.99549E-05 9.99549E-05 0.30959 0.418774 0.126491 0.0937668
9.99369E-05 9.99369E-05 9.99369E-05 9.99369E-05 0.541873 9.99369E-05 9.99369E-05 0.250239 0.207189 9.99369E-05
9.9964E-05 0.0617832 9.9964E-05 9.9964E-05 9.9964E-05 0.12771 0.178458 0.367071 0.0941432 0.170436
0.0532614 9.99459E-05 9.99459E-05 9.99459E-05 0.0409063 0.0385838 9.99459E-05 0.866649 9.99459E-05 9.99459E-05
9.99279E-05 0.163218 9.99279E-05 9.99279E-05 9.99279E-05 9.99279E-05 9.99279E-05 0.835983 9.99279E-05 9.99279E-05
9.99461E-05 0.138202 9.99461E-05 0.125739 0.147274 9.99461E-05 9.99461E-05 0.588185 9.99461E-05 9.99461E-05
0.116593 9.99639E-05 0.00322532 9.99639E-05 0.0835663 0.0986044 9.99639E-05 0.265914 0.431697 9.99639E-05
9.99368E-05 9.99368E-05 9.99368E-05 0.164641 0.232793 9.99368E-05 9.99368E-05 0.601866 9.99368E-05 9.99368E-05
0.124164 9.99369E-05 9.99369E-05 0.179727 9.99369E-05 9.99369E-05 9.99369E-05 0.69541 9.99369E-05 9.99369E-05
9.99459E-05 0.149868 0.0122494 9.99459E-05 9.99459E-05 9.99459E-05 9.99459E-05 0.826455 9.99459E-05 0.0108285
9.99459E-05 0.0399222 9.99459E-05 9.99459E-05 9.99459E-05 9.99459E-05 0.0258411 0.731161 9.99459E-05 0.202476
9.99279E-05 9.99279E-05 9.99279E-05 9.99279E-05 9.99279E-05 9.99279E-05 9.99279E-05 0.667645 9.99279E-05 0.331556
9.99369E-05 0.30143 9.99369E-05 9.99369E-05 9.99369E-05 9.99369E-05 0.0387548 0.659116 9.99369E-05 9.99369E-05
0.14344 0.0227763 9.99369E-05 9.99369E-05 9.99369E-05 9.99369E-05 9.99369E-05 9.99369E-05 0.833085 9.99369E-05
9.9937E-05 9.9937E-05 9.9937E-05 9.9937E-05 0.30827 0.0459082 9.9937E-05 9.9937E-05 0.645122 9.9937E-05
9.9946E-05 9.9946E-05 9.9946E-05 0.160194 0.361838 9.9946E-05 9.9946E-05 0.0981317 0.379237 9.9946E-05
9.9955E-05 0.340429 9.9955E-05 9.9955E-05 0.0864604 0.0419686 9.9955E-05 0.024253 0.506389 9.9955E-05
0.146542 9.99459E-05 9.99459E-05 9.99459E-05 0.0189303 9.99459E-05 9.99459E-05 0.290416 0.543512 9.99459E-05
9.9955E-05 9.9955E-05 0.0460351 0.228145 0.0966054 9.9955E-05 9.9955E-05 0.0974322 0.531282 9.9955E-05
9.9946E-05 0.0847359 9.9946E-05 9.9946E-05 9.9946E-05 9.9946E-05 0.525731 0.126764 0.26217 9.9946E-05
9.99369E-05 9.99369E-05 9.99369E-05 9.99369E-05 9.99369E-05 9.99369E-05 0.352054 9.99369E-05 0.565969 0.0812784
9.99459E-05 9.99459E-05 9.99459E-05 0.219869 0.221281 9.99459E-05 9.99459E-05 0.188502 0.369748 9.99459E-05
0.107814 9.99549E-05 0.0288659 9.99549E-05 9.99549E-05 0.00448295 9.99549E-05 9.99549E-05 0.806405 0.0519319
9.9928E-05 9.9928E-05 9.9928E-05 9.9928E-05 0.65877 9.9928E-05 9.9928E-05 9.9928E-05 0.34043 9.9928E-05
0.0194438 0.0714822 9.9955E-05 9.9955E-05 9.9955E-05 9.9955E-05 0.159536 9.9955E-05 0.696689 0.0523489
9.99369E-05 9.99369E-05 9.99369E-05 9.99369E-05 0.306498 0.0182026 9.99369E-05 9.99369E-05 0.6746 9.99369E-05
9.9973E-05 0.256437 0.0177307 9.9973E-05 0.0120916 0.0990915 9.9973E-05 0.0624398 0.526893 0.0250171
9.99549E-05 9.99549E-05 0.0485303 9.99549E-05 9.99549E-05 9.99549E-05 0.131309 0.115888 0.395606 0.308167
9.9964E-05 9.9964E-05 0.0343722 0.0128323 9.9964E-05 9.9964E-05 0.184528 0.00481829 0.500452 0.262597
9.9955E-05 0.354715 9.9955E-05 9.9955E-05 0.0239681 9.9955E-05 0.190278 0.0725226 0.358017 9.9955E-05
9.9946E-05 0.404011 9.9946E-05 9.9946E-05 9.9946E-05 9.9946E-05 0.114811 0.451222 0.0293573 9.9946E-05
0.0327039 9.99549E-05 9.99549E-05 0.0407433 0.128356 0.0311774 9.99549E-05 9.99549E-05 0.76652 9.99549E-05
9.9964E-05 0.0935615 9.9964E-05 9.9964E-05 0.120408 0.029016 9.9964E-05 0.077497 0.591824 0.0872938
9.99459E-05 9.99459E-05 9.99459E-05 9.99459E-05 0.297904 0.0139212 9.99459E-05 0.0100512 0.677524 9.99459E-05
9.99459E-05 0.0743511 9.99459E-05 9.99459E-05 9.99459E-05 9.99459E-05 0.0743896 9.99459E-05 0.730703 0.119956
0.0690574 9.99549E-05 9.99549E-05 9.99549E-05 9.99549E-05 9.99549E-05 0.0998863 0.056826 0.67906 0.0946708
9.99369E-05 9.99369E-05 9.99369E-05 9.99369E-05 9.99369E-05 9.99369E-05 0.218242 9.99369E-05 0.6737 0.107358
0.0488859 9.9964E-05 9.9964E-05 0.129207 0.114678 0.124527 9.9964E-05 0.0825592 0.499742 9.9964E-05
9.99369E-05 0.464098 9.99369E-05 9.99369E-05 9.99369E-05 9.99369E-05 9.99369E-05 0.0132219 0.521981 9.99369E-05
9.99279E-05 9.99279E-05 9.99279E-05 0.569359 9.99279E-05 9.99279E-05 9.99279E-05 9.99279E-05 0.429842 9.99279E-05
0.111456 9.99639E-05 0.0332254 9.99639E-05 9.99639E-05 9.99639E-05 0.161529 0.183277 0.332354 0.177759
9.99459E-05 0.135579 9.99459E-05 9.99459E-05 9.99459E-05 9.99459E-05 0.237288 9.99459E-05 0.614364 0.0121696
9.9937E-05 9.9937E-05 9.9937E-05 9.9937E-05 9.9937E-05 9.9937E-05 0.16358 9.9937E-05 0.545633 0.290087
0.0977782 9.99639E-05 0.0143299 0.0509804 9.99639E-05 9.99639E-05 0.225188 0.215426 0.395898 9.99639E-05
0.204687 9.99549E-05 0.0706457 9.99549E-05 9.99549E-05 0.0157943 9.99549E-05 0.380361 0.328013 9.99549E-05
9.99459E-05 9.99459E-05 9.99459E-05 9.99459E-05 0.423148 0.0281991 9.99459E-05 0.281897 0.266157 9.99459E-05
9.99369E-05 9.99369E-05 9.99369E-05 0.414477 0.109648 9.99369E-05 9.99369E-05 9.99369E-05 0.475176 9.99369E-05
9.99369E-05 0.17864 9.99369E-05 9.99369E-05 9.99369E-05 9.99369E-05 0.17542 0.64524 9.99369E-05 9.99369E-05
9.99368E-05 9.99368E-05 9.99368E-05 0.199459 0.166026 9.99368E-05 9.99368E-05 9.99368E-05 0.633816 9.99368E-05
9.99549E-05 9.99549E-05 0.00753192 9.99549E-05 9.99549E-05 9.99549E-05 0.211744 0.0440171 0.616785 0.119422
9.9973E-05 0.0797928 0.0419522 0.00455755 9.9973E-05 9.9973E-05 0.272127 0.251625 0.245446 0.104199
9.99368E-05 9.99368E-05 9.99368E-05 0.164123 0.0964771 9.99368E-05 9.99368E-05 0.738701 9.99368E-05 9.99368E-05
9.9946E-05 9.9946E-05 9.9946E-05 0.240288 0.364594 9.9946E-05 9.9946E-05 0.215827 0.178692 9.9946E-05
0.0193373 9.99549E-05 9.99549E-05 0.180429 0.0346987 9.99549E-05 9.99549E-05 0.756652 0.00838357 9.99549E-05
0.0953878 9.99639E-05 0.0349239 9.99639E-05 0.0168064 0.12907 9.99639E-05 0.422188 0.301225 9.99639E-05
9.9946E-05 9.9946E-05 9.9946E-05 9.9946E-05 0.524068 0.0326749 9.9946E-05 0.173172 0.269485 9.9946E-05
9.99369E-05 0.344575 9.99369E-05 9.99369E-05 9.99369E-05 9.99369E-05 9.99369E-05 0.207908 0.446817 9.99369E-05
9.99459E-05 0.21136 9.99459E-05 9.99459E-05 0.0486569 0.0105858 9.99459E-05 9.99459E-05 0.728797 9.99459E-05
9.9955E-05 0.285521 9.9955E-05 9.9955E-05 0.070005 9.9955E-05 9.9955E-05 0.0904586 0.474439 0.0790765
9.99369E-05 9.99369E-05 9.99369E-05 0.16373 0.218792 9.99369E-05 9.99369E-05 9.99369E-05 0.616778 9.99369E-05
9.99459E-05 9.99459E-05 9.99459E-05 9.99459E-05 9.99459E-05 0.115048 9.99459E-05 0.083168 0.619667 0.181516
9.99369E-05 0.171864 9.99369E-05 9.99369E-05 9.99369E-05 9.99369E-05 0.247449 9.99369E-05 0.579988 9.99369E-05
0.13075 9.99549E-05 0.029075 0.264641 9.99549E-05 9.99549E-05 9.99549E-05 0.402584 0.172451 9.99549E-05
9.99369E-05 9.99369E-05 9.99369E-05 0.515309 9.99369E-05 9.99369E-05 9.99369E-05 0.00738737 0.476604 9.99369E-05
0.0661654 9.99459E-05 9.99459E-05 9.99459E-05 9.99459E-05 9.99459E-05 0.357286 0.407473 0.168476 9.99459E-05
9.99278E-05 9.99278E-05 9.99278E-05 0.454706 9.99278E-05 9.99278E-05 9.99278E-05 9.99278E-05 0.544495 9.99278E-05
9.99369E-05 9.99369E-05 9.99369E-05 0.492462 9.99369E-05 9.99369E-05 9.99369E-05 0.0440114 0.462827 9.99369E-05
9.9937E-05 9.9937E-05 9.9937E-05 9.9937E-05 9.9937E-05 9.9937E-05 0.552291 0.16029 0.28672 9.9937E-05
0.135148 9.99459E-05 9.99459E-05 0.189803 9.99459E-05 9.99459E-05 0.0472194 9.99459E-05 0.62723 9.99459E-05
0.139179 9.99639E-05 0.0254115 0.16071 9.99639E-05 9.99639E-05 0.0845556 0.168256 0.421488 9.99639E-05
9.99459E-05 9.99459E-05 9.99459E-05 0.0380838 0.384012 0.572844 9.99459E-05 9.99459E-05 0.00446084 9.99459E-05
9.9955E-05 9.9955E-05 9.9955E-05 0.0716455 0.212595 0.603852 9.9955E-05 0.0362717 0.0751357 9.9955E-05
9.99369E-05 0.190251 9.99369E-05 9.99369E-05 0.0450457 0.764004 9.99369E-05 9.99369E-05 9.99369E-05 9.99369E-05
9.9946E-05 9.9946E-05 0.0123535 0.0441668 9.9946E-05 0.506921 0.435959 9.9946E-05 9.9946E-05 9.9946E-05
9.99459E-05 9.99459E-05 0.0206026 0.102292 0.310473 0.566033 9.99459E-05 9.99459E-05 9.99459E-05 9.99459E-05
0.584803 0.0511182 9.99549E-05 9.99549E-05 9.99549E-05 0.174483 0.184746 0.004351 9.99549E-05 9.99549E-05
9.99278E-05 9.99278E-05 9.99278E-05 0.620737 9.99278E-05 0.378464 9.99278E-05 9.99278E-05 9.99278E-05 9.99278E-05
9.99369E-05 9.99369E-05 9.99369E-05 0.0141448 0.287137 0.698019 9.99369E-05 9.99369E-05 9.99369E-05 9.99369E-05
0.124479 9.99549E-05 0.0653817 0.0976072 9.99549E-05 0.662768 9.99549E-05 0.0492643 9.99549E-05 9.99549E-05
9.9955E-05 0.0210282 9.9955E-05 9.9955E-05 9.9955E-05 0.576322 0.0915629 0.0288575 9.9955E-05 0.28173
9.99369E-05 9.99369E-05 0.0859972 9.99369E-05 0.63725 0.276054 9.99369E-05 9.99369E-05 9.99369E-05 9.99369E-05
9.99459E-05 9.99459E-05 0.0372321 0.0785203 9.99459E-05 0.407403 9.99459E-05 9.99459E-05 9.99459E-05 0.476245
0.045414 9.99459E-05 9.99459E-05 0.109876 0.15506 0.68905 9.99459E-05 9.99459E-05 9.99459E-05 9.99459E-05
0.337484 9.99549E-05 9.99549E-05 9.99549E-05 9.99549E-05 0.510849 0.000605242 9.99549E-05 0.0432198 0.107342
0.138958 9.99549E-05 0.0843489 9.99549E-05 0.0888442 0.628714 9.99549E-05 0.0586343 9.99549E-05 9.99549E-05
0.361972 9.99549E-05 9.99549E-05 0.300888 0.0666079 0.243516 9.99549E-05 0.0265159 9.99549E-05 9.99549E-05
9.99549E-05 0.0885121 9.99549E-05 9.99549E-05 9.99549E-05 0.440923 0.366005 9.99549E-05 0.0219792 0.0820804
9.99459E-05 0.577592 9.99459E-05 0.0629787 9.99459E-05 0.347427 0.0114028 9.99459E-05 9.99459E-05 9.99459E-05
0.0448835 9.9973E-05 0.0775137 0.0175355 0.0746727 0.58933 9.9973E-05 0.0936348 0.10213 9.9973E-05
0.0295686 9.99459E-05 9.99459E-05 0.318454 0.0362446 0.615133 9.99459E-05 9.99459E-05 9.99459E-05 9.99459E-05
9.99459E-05 9.99459E-05 0.0750445 9.99459E-05 9.99459E-05 0.746597 9.99459E-05 0.0553813 9.99459E-05 0.122377
9.99279E-05 0.327253 9.99279E-05 9.99279E-05 9.99279E-05 0.671947 9.99279E-05 9.99279E-05 9.99279E-05 9.99279E-05
0.306876 0.044459 0.0653518 9.9973E-05 9.9973E-05 0.0901301 0.292051 0.0169349 9.9973E-05 0.183897
9.99278E-05 9.99278E-05 0.668554 0.330646 9.99278E-05 9.99278E-05 9.99278E-05 9.99278E-05 9.99278E-05 9.99278E-05
0.259688 0.55398 9.99549E-05 9.99549E-05 0.0643659 9.99549E-05 0.100295 9.99549E-05 0.0211715 9.99549E-05
0.737958 9.99459E-05 0.0269776 9.99459E-05 0.196798 9.99459E-05 9.99459E-05 0.037666 9.99459E-05 9.99459E-05
9.99368E-05 9.99368E-05 0.467218 0.00486572 0.527216 9.99368E-05 9.99368E-05 9.99368E-05 9.99368E-05 9.99368E-05
0.256908 0.200587 0.00165956 9.995E-05 9.995E-05 9.995E-05 0.144738 9.995E-05 9.995E-05 0.395608
9.99369E-05 9.99369E-05 0.72268 9.99369E-05 9.99369E-05 9.99369E-05 9.99369E-05 0.00416361 9.99369E-05 0.272457
0.646108 0.05003 0.00774149 0.0710814 9.9973E-05 0.0596073 0.0430617 9.9973E-05 0.12207 9.9973E-05
9.99279E-05 0.286172 0.713029 9.99279E-05 9.99279E-05 9.99279E-05 9.99279E-05 9.99279E-05 9.99279E-05 9.99279E-05
0.0500821 0.0267253 0.22818 0.493284 0.201229 9.9955E-05 9.9955E-05 9.9955E-05 9.9955E-05 9.9955E-05
0.106468 0.0838563 0.19914 9.99729E-05 9.99729E-05 0.0324117 0.200358 9.99729E-05 0.0179348 0.359532
9.99279E-05 0.439653 0.559547 9.99279E-05 9.99279E-05 9.99279E-05 9.99279E-05 9.99279E-05 9.99279E-05 9.99279E-05
9.99369E-05 9.99369E-05 0.365047 0.162507 0.471746 9.99369E-05 9.99369E-05 9.99369E-05 9.99369E-05 9.99369E-05
0.140561 0.107803 9.99459E-05 9.99459E-05 9.99459E-05 9.99459E-05 0.474133 9.99459E-05 9.99459E-05 0.276903
9.99368E-05 0.281318 0.568309 9.99368E-05 9.99368E-05 9.99368E-05 0.149673 9.99368E-05 9.99368E-05 9.99368E-05
0.294265 0.388193 9.99549E-05 0.0553157 9.99549E-05 9.99549E-05 0.0429973 9.99549E-05 9.99549E-05 0.218728
9.99279E-05 9.99279E-05 0.448645 9.99279E-05 0.550555 9.99279E-05 9.99279E-05 9.99279E-05 9.99279E-05 9.99279E-05
0.0731063 0.413017 0.323081 9.99549E-05 9.99549E-05 9.99549E-05 0.144563 9.99549E-05 9.99549E-05 0.0457328
0.22436 9.99459E-05 9.99459E-05 9.99459E-05 9.99459E-05 0.0842647 0.370722 9.99459E-05 9.99459E-05 0.320053
0.682725 9.99549E-05 0.118501 0.140532 9.99549E-05 9.99549E-05 0.030893 0.0268496 9.99549E-05 9.99549E-05
0.215213 0.386511 9.99641E-05 9.99641E-05 0.1471 0.0965881 0.0804603 0.0737275 9.99641E-05 9.99641E-05
0.354474 0.438624 0.0795357 9.9973E-05 0.0272031 9.9973E-05 0.0264659 0.0506069 9.9973E-05 0.0227901
0.0318636 9.99458E-05 0.4467 0.102759 0.418078 9.99458E-05 9.99458E-05 9.99458E-05 9.99458E-05 9.99458E-05
0.252989 9.9973E-05 0.149921 0.148647 9.9973E-05 9.9973E-05 0.164943 0.059866 0.0214345 0.2019
0.315518 9.99459E-05 0.650826 9.99459E-05 9.99459E-05 0.0231853 9.99459E-05 9.99459E-05 0.00987108 9.99459E-05
0.328753 9.996E-05 0.0936955 9.996E-05 0.30686 0.171627 9.996E-05 0.0602823 0.0383825 9.996E-05
0.129256 0.238951 0.197071 9.9982E-05 9.9982E-05 0.10252 0.0916925 0.00274687 0.0606331 0.17693
0.0340581 9.9964E-05 0.307409 9.9964E-05 0.0294147 0.43637 9.9964E-05 9.9964E-05 0.0960825 0.0962655
9.9964E-05 0.0459393 9.9964E-05 0.0793544 0.769701 9.9964E-05 0.0361757 0.06163 0.00680005 9.9964E-05
0.301274 9.99729E-05 0.276575 0.148988 0.0859775 0.131368 9.99729E-05 0.0380888 0.0174291 9.99729E-05
0.30967 9.9982E-05 0.0724717 0.21852 0.240602 0.0796183 9.9982E-05 0.0285822 0.0164427 0.033893
0.0613344 0.00960505 0.160887 9.9964E-05 0.142869 9.9964E-05 9.9964E-05 0.049553 9.9964E-05 0.575352
0.345125 9.99368E-05 9.99368E-05 0.124368 0.529807 9.99368E-05 9.99368E-05 9.99368E-05 9.99368E-05 9.99368E-05
0.275464 0.390379 9.99458E-05 9.99458E-05 9.99458E-05 9.99458E-05 0.0795655 9.99458E-05 9.99458E-05 0.253991
0.437538 9.99368E-05 0.0643498 9.99368E-05 0.497413 9.99368E-05 9.99368E-05 9.99368E-05 9.99368E-05 9.99368E-05
0.0263415 0.397195 0.350668 9.9955E-05 0.165852 0.0594433 9.9955E-05 9.9955E-05 9.9955E-05 9.9955E-05
0.0343405 0.511025 0.171462 0.000737432 0.00429354 0.14014 0.0216249 9.9982E-05 9.9982E-05 0.116176
0.363132 9.9964E-05 0.232239 9.9964E-05 9.9964E-05 0.236722 9.9964E-05 0.038334 0.114745 0.0144275
0.597838 0.019113 0.0351364 0.0458673 9.9973E-05 0.189806 0.0490891 9.9973E-05 0.0628506 9.9973E-05
0.379892 9.9964E-05 0.208662 9.9964E-05 0.0696375 0.25521 9.9964E-05 0.0760644 0.0101345 9.9964E-05
0.249512 0.427733 0.00276318 9.99639E-05 0.112404 0.158464 9.99639E-05 9.99639E-05 9.99639E-05 0.0487229
0.11679 9.9964E-05 9.9964E-05 0.058033 0.721283 0.0782712 0.0143598 9.9964E-05 9.9964E-05 0.0108633
9.99459E-05 9.99459E-05 0.284512 0.0244676 0.685516 0.0049051 9.99459E-05 9.99459E-05 9.99459E-05 9.99459E-05
0.228589 9.99459E-05 0.223797 0.517198 9.99459E-05 9.99459E-05 9.99459E-05 9.99459E-05 0.0298163 9.99459E-05
0.11027 9.99549E-05 0.184047 9.99549E-05 0.639188 9.99549E-05 9.99549E-05 0.0399733 0.0260223 9.99549E-05
9.9946E-05 9.9946E-05 9.9946E-05 9.9946E-05 0.824731 0.0243847 0.0622095 9.9946E-05 9.9946E-05 0.0880754
0.00315381 9.99639E-05 0.33387 0.550975 9.99639E-05 0.0248013 9.99639E-05 0.00449813 0.0823027 9.99639E-05
0.544484 9.99549E-05 0.0597935 0.192643 0.168042 9.99549E-05 9.99549E-05 9.99549E-05 9.99549E-05 0.0345366
9.9946E-05 9.9946E-05 0.0149869 9.9946E-05 0.0874826 9.9946E-05 0.855421 0.0415098 9.9946E-05 9.9946E-05
0.119898 0.140206 9.99639E-05 0.0526111 9.99639E-05 9.99639E-05 0.617655 0.00685865 9.99639E-05 0.062371
0.351024 9.99549E-05 9.99549E-05 0.433259 9.99549E-05 9.99549E-05 0.180984 0.0236646 9.99549E-05 0.0105685
0.072047 0.0109815 9.99549E-05 0.0614387 9.99549E-05 9.99549E-05 0.507184 9.99549E-05 9.99549E-05 0.347849
9.99459E-05 0.0133804 9.99459E-05 9.99459E-05 0.0569109 9.99459E-05 0.866031 9.99459E-05 9.99459E-05 0.0630776
0.0465571 0.506644 9.99549E-05 0.0775898 9.99549E-05 9.99549E-05 0.303965 0.0647439 9.99549E-05 9.99549E-05
0.0909961 0.258515 9.99639E-05 0.0534663 0.00969936 9.99639E-05 0.578581 9.99639E-05 9.99639E-05 0.00834248
0.149038 9.9955E-05 9.9955E-05 0.668274 0.0130316 9.9955E-05 0.145987 0.0231697 9.9955E-05 9.9955E-05
9.9937E-05 9.9937E-05 0.161595 0.433592 0.404113 9.9937E-05 9.9937E-05 9.9937E-05 9.9937E-05 9.9937E-05
0.339504 9.99549E-05 9.99549E-05 0.0308134 9.99549E-05 0.0862052 0.491971 9.99549E-05 0.0510069 9.99549E-05
9.9937E-05 9.9937E-05 9.9937E-05 0.883075 9.9937E-05 0.0452689 0.0709563 9.9937E-05 9.9937E-05 9.9937E-05
0.268396 9.9955E-05 9.9955E-05 0.495266 9.9955E-05 9.9955E-05 0.106848 0.0889898 0.0400001 9.9955E-05
0.412059 9.99549E-05 9.99549E-05 0.222163 9.99549E-05 0.00220842 0.33443 9.99549E-05 9.99549E-05 0.02864
0.226314 9.99459E-05 0.0982542 0.631563 0.0432685 9.99459E-05 9.99459E-05 9.99459E-05 9.99459E-05 9.99459E-05
0.176611 9.9955E-05 9.9955E-05 0.478293 0.0518195 0.067555 0.225221 9.9955E-05 9.9955E-05 9.9955E-05
0.220831 9.9955E-05 0.26281 9.9955E-05 9.9955E-05 9.9955E-05 0.353994 0.105663 0.0562017 9.9955E-05
0.277372 9.99639E-05 9.99639E-05 0.45269 9.99639E-05 9.99639E-05 0.0980379 0.0192314 0.0411678 0.111101
0.146258 9.99459E-05 9.99459E-05 0.38766 9.99459E-05 0.165057 0.300425 9.99459E-05 9.99459E-05 9.99459E-05
0.0918658 9.99369E-05 9.99369E-05 9.99369E-05 9.99369E-05 9.99369E-05 0.403485 9.99369E-05 9.99369E-05 0.50395
0.432279 0.00620972 9.99902E-05 0.0126402 0.0165933 0.0394447 0.475939 9.99902E-05 0.0154705 0.00122289
0.0224587 0.0187679 9.9973E-05 0.75031 0.127146 9.9973E-05 0.00903261 9.9973E-05 0.0114141 0.0605701
0.452972 0.0338568 9.99549E-05 0.485976 9.99549E-05 0.0225772 9.99549E-05 9.99549E-05 0.00411821 9.99549E-05
0.02537 9.99549E-05 0.119501 0.593703 0.259539 9.99549E-05 9.99549E-05 9.99549E-05 9.99549E-05 0.00138756
0.307678 0.0173519 9.99459E-05 9.99459E-05 9.99459E-05 9.99459E-05 0.57709 9.99459E-05 9.99459E-05 0.0972803
0.605571 9.9955E-05 0.0306631 9.9955E-05 9.9955E-05 9.9955E-05 0.302594 0.0324089 0.0282632 9.9955E-05
0.0795222 9.99459E-05 0.101247 0.689093 0.129538 9.99459E-05 9.99459E-05 9.99459E-05 9.99459E-05 9.99459E-05
9.9964E-05 0.0927704 0.285093 9.9964E-05 9.9964E-05 0.0399551 0.461598 9.9964E-05 0.00681232 0.113371
9.99369E-05 9.99369E-05 0.430695 9.99369E-05 9.99369E-05 9.99369E-05 0.0861257 9.99369E-05 9.99369E-05 0.48248
0.299739 9.9964E-05 0.0145915 0.205035 0.330339 9.9964E-05 9.9964E-05 0.0967099 0.0531859 9.9964E-05
0.0285764 9.99639E-05 0.621158 0.0128007 0.173398 0.118532 9.99639E-05 0.0451355 9.99639E-05 9.99639E-05
9.9955E-05 9.9955E-05 0.179114 0.039849 9.9955E-05 9.9955E-05 0.317867 0.0735486 9.9955E-05 0.389121
9.99369E-05 0.140321 0.395996 9.99369E-05 9.99369E-05 9.99369E-05 0.462983 9.99369E-05 9.99369E-05 9.99369E-05
9.9955E-05 0.117049 0.296375 9.9955E-05 9.9955E-05 9.9955E-05 0.42162 9.9955E-05 0.0428515 0.121603
9.9928E-05 9.9928E-05 0.268021 9.9928E-05 0.731179 9.9928E-05 9.9928E-05 9.9928E-05 9.9928E-05 9.9928E-05
0.252877 9.9955E-05 0.380243 0.344187 9.9955E-05 9.9955E-05 9.9955E-05 0.0109955 0.0111984 9.9955E-05
0.178233 9.99639E-05 0.191533 9.99639E-05 9.99639E-05 0.360223 0.0851981 9.99639E-05 0.0438692 0.140544
9.99482E-05 9.99482E-05 0.333834 9.99482E-05 9.99482E-05 0.0107918 0.370475 9.99482E-05 9.99482E-05 0.284299
0.104042 9.99639E-05 0.199601 0.044802 0.549455 0.0835834 9.99639E-05 0.0181168 9.99639E-05 9.99639E-05
0.54134 9.9955E-05 0.181828 0.158435 9.9955E-05 9.9955E-05 0.0610942 0.0568026 9.9955E-05 9.9955E-05
0.277683 9.99639E-05 0.276124 0.347604 9.99639E-05 9.99639E-05 0.0741018 0.0206649 0.00342333 9.99639E-05
0.178337 9.99549E-05 0.381408 9.99549E-05 9.99549E-05 0.339934 9.99549E-05 0.0123152 9.99549E-05 0.0875056
0.436902 9.99369E-05 9.99369E-05 0.373527 9.99369E-05 0.188871 9.99369E-05 9.99369E-05 9.99369E-05 9.99369E-05
0.29218 9.99639E-05 9.99639E-05 0.0616356 9.99639E-05 0.063556 0.33678 9.99639E-05 0.0431875 0.202261
0.557676 9.99639E-05 0.211951 9.99639E-05 9.99639E-05 0.0163223 0.101724 9.99639E-05 0.00851843 0.103408
9.9955E-05 0.188236 0.287098 9.9955E-05 9.9955E-05 9.9955E-05 0.258605 0.00928821 9.9955E-05 0.256273
9.99549E-05 9.99549E-05 0.401689 0.429471 0.0255273 9.99549E-05 9.99549E-05 0.0185458 0.124267 9.99549E-05
0.0159403 9.99639E-05 0.279716 0.00309174 9.99639E-05 9.99639E-05 0.521813 9.99639E-05 0.0203003 0.158738
0.0788044 0.407039 0.182776 0.0244572 9.99549E-05 9.99549E-05 0.306424 9.99549E-05 9.99549E-05 9.99549E-05
9.99369E-05 9.99369E-05 0.222783 0.628917 0.1476 9.99369E-05 9.99369E-05 9.99369E-05 9.99369E-05 9.99369E-05
0.388607 9.99549E-05 0.0118547 0.313687 9.99549E-05 9.99549E-05 0.117572 9.99549E-05 9.99549E-05 0.16778
0.240672 9.99549E-05 0.163069 0.530766 9.99549E-05 9.99549E-05 0.0288973 9.99549E-05 0.036096 9.99549E-05
9.9955E-05 9.9955E-05 0.0522937 9.9955E-05 0.0342726 9.9955E-05 0.830172 0.0327926 9.9955E-05 0.0499693
0.00224921 0.287606 0.0261888 0.0468516 0.0667471 0.02057 0.303176 0.0712489 0.175263 9.9991E-05
0.189089 9.99549E-05 0.0440024 9.99549E-05 9.99549E-05 9.99549E-05 0.644635 9.99549E-05 0.0784605 0.0433134
9.99369E-05 9.99369E-05 0.206256 0.724112 0.0689323 9.99369E-05 9.99369E-05 9.99369E-05 9.99369E-05 9.99369E-05
0.269467 0.0391367 9.9955E-05 0.0251055 9.9955E-05 9.9955E-05 0.618041 9.9955E-05 0.0477491 9.9955E-05
9.9973E-05 9.9973E-05 0.0947129 0.0319856 9.9973E-05 0.11042 0.728869 0.0166917 0.00268005 0.0143401
9.9964E-05 9.9964E-05 0.0209851 0.00640282 0.0379088 0.0613897 0.66916 9.9964E-05 9.9964E-05 0.203754
9.9946E-05 9.9946E-05 9.9946E-05 0.827293 0.0338397 0.0998989 9.9946E-05 9.9946E-05 9.9946E-05 0.0383687
0.343966 9.99639E-05 0.0931017 0.297038 9.99639E-05 0.0143899 0.25097 0.000134122 9.99639E-05 9.99639E-05
9.9973E-05 0.036866 0.00674193 0.112375 0.00947388 9.9973E-05 0.39964 0.0334197 9.9973E-05 0.401183
0.0425601 0.0157027 0.202951 0.412418 0.0943216 0.0393798 0.15485 9.9982E-05 0.0376165 9.9982E-05
0.00664848 0.0264387 9.9973E-05 9.9973E-05 0.0501895 0.0364558 0.829578 0.0139141 9.9973E-05 0.036475
0.296305 0.450647 9.9955E-05 0.0565917 0.177617 0.0183402 9.9955E-05 9.9955E-05 9.9955E-05 9.9955E-05
9.99549E-05 9.99549E-05 0.142226 0.309267 9.99549E-05 0.104919 0.423575 9.99549E-05 0.0195138 9.99549E-05
9.9937E-05 9.9937E-05 0.0839423 0.747619 0.167739 9.9937E-05 9.9937E-05 9.9937E-05 9.9937E-05 9.9937E-05
0.493562 9.9964E-05 0.123871 0.0882089 9.9964E-05 9.9964E-05 0.250349 0.0321305 0.0114794 9.9964E-05
0.36917 9.99819E-05 0.130845 0.0253465 0.185289 0.199768 9.99819E-05 0.0502169 0.0053773 0.0337871
0.214032 9.9955E-05 0.0292274 9.9955E-05 0.655106 0.0861504 9.9955E-05 0.0149841 9.9955E-05 9.9955E-05
0.717867 9.99639E-05 0.0605665 0.112561 9.99639E-05 0.0349468 0.0152171 9.99639E-05 0.0584412 9.99639E-05
0.00679533 9.99459E-05 0.0633428 0.443952 9.99459E-05 0.48531 9.99459E-05 9.99459E-05 9.99459E-05 9.99459E-05
0.449956 9.9973E-05 0.172489 0.226112 0.0126032 0.00659251 0.00361715 9.9973E-05 9.9973E-05 0.12833
0.327864 0.291137 0.0704811 9.99549E-05 9.99549E-05 9.99549E-05 0.132434 9.99549E-05 9.99549E-05 0.177583
0.054661 9.99459E-05 0.31124 9.99459E-05 0.609859 9.99459E-05 9.99459E-05 0.0236396 9.99459E-05 9.99459E-05
9.9964E-05 0.53611 0.319816 9.9964E-05 0.0410305 9.9964E-05 0.0683895 0.0306693 0.00358511 9.9964E-05
0.156862 0.0355095 9.99639E-05 9.99639E-05 9.99639E-05 0.374107 0.409414 0.000349568 9.99639E-05 0.0233572
0.0636022 0.0315138 9.99549E-05 9.99549E-05 0.0803586 0.0971383 9.99549E-05 9.99549E-05 9.99549E-05 0.726887
0.188882 9.99549E-05 9.99549E-05 9.99549E-05 0.61972 0.180434 0.00182281 9.99549E-05 9.99549E-05 0.00864166
0.0764764 9.99549E-05 0.0140412 0.24097 0.587744 0.0802691 9.99549E-05 9.99549E-05 9.99549E-05 9.99549E-05
9.9955E-05 0.350304 0.200358 0.0854565 9.9955E-05 9.9955E-05 0.125601 9.9955E-05 9.9955E-05 0.23778
0.656334 9.9955E-05 9.9955E-05 0.204344 9.9955E-05 9.9955E-05 9.9955E-05 0.00237239 0.0682242 0.0682259
0.55883 9.99639E-05 0.0639167 9.99639E-05 0.0706934 0.257137 9.99639E-05 0.029357 0.0196654 9.99639E-05
9.99369E-05 9.99369E-05 9.99369E-05 0.291771 0.592269 0.115261 9.99369E-05 9.99369E-05 9.99369E-05 9.99369E-05
0.300823 9.9964E-05 0.0967995 9.9964E-05 0.146276 0.277244 9.9964E-05 0.0225736 9.9964E-05 0.155884
0.247554 0.312162 0.187738 9.99729E-05 0.0513598 0.0640078 9.99729E-05 0.0545687 9.99729E-05 0.0823097
0.132332 9.99459E-05 0.0219185 9.99459E-05 9.99459E-05 9.99459E-05 0.430322 9.99459E-05 9.99459E-05 0.414828
0.25379 9.99459E-05 9.99459E-05 9.99459E-05 9.99459E-05 0.0829004 0.0933377 9.99459E-05 9.99459E-05 0.569372
0.222622 0.366391 9.99549E-05 9.99549E-05 0.0811448 0.269871 9.99549E-05 9.99549E-05 9.99549E-05 0.0594712
9.99459E-05 9.99459E-05 9.99459E-05 0.81064 9.99459E-05 0.0550074 0.122353 0.0113991 9.99459E-05 9.99459E-05
0.0480994 9.99459E-05 9.99459E-05 0.0513131 9.99459E-05 0.0989692 0.801019 9.99459E-05 9.99459E-05 9.99459E-05
0.0698007 0.0221653 9.9955E-05 0.721705 9.9955E-05 0.118949 0.0668808 9.9955E-05 9.9955E-05 9.9955E-05
0.296726 9.99549E-05 0.0339901 0.327105 9.99549E-05 0.187983 0.153697 9.99549E-05 9.99549E-05 9.99549E-05
0.212247 9.9946E-05 0.0341048 9.9946E-05 9.9946E-05 9.9946E-05 0.720138 0.0329102 9.9946E-05 9.9946E-05
9.9955E-05 9.9955E-05 0.00777227 0.818715 0.154472 9.9955E-05 0.0179976 0.000543927 9.9955E-05 9.9955E-05
0.230924 9.99549E-05 9.99549E-05 9.99549E-05 0.43508 0.247146 9.99549E-05 9.99549E-05 0.00946162 0.0768883
0.426696 9.99639E-05 0.0876018 0.411522 0.0603249 0.0054814 9.99639E-05 9.99639E-05 9.99639E-05 0.00797446
9.9955E-05 9.9955E-05 0.0831455 9.9955E-05 0.0784344 0.0986767 9.9955E-05 0.0544401 9.9955E-05 0.684804
0.278512 9.99639E-05 0.211334 9.99639E-05 0.0943375 0.0694753 9.99639E-05 0.0592949 9.99639E-05 0.286647
0.161965 9.99639E-05 0.139062 0.149126 9.99639E-05 9.99639E-05 0.0888227 0.0281486 9.99639E-05 0.432477
9.99369E-05 9.99369E-05 9.99369E-05 0.237284 0.531456 9.99369E-05 9.99369E-05 9.99369E-05 9.99369E-05 0.23056
0.0790294 0.604055 9.99549E-05 0.092752 9.99549E-05 9.99549E-05 0.00937358 9.99549E-05 9.99549E-05 0.21429
0.396706 9.99729E-05 9.99729E-05 0.128498 0.131006 0.092783 9.99729E-05 0.0503129 0.166177 0.0342169
0.0243599 0.0908769 0.0425387 0.0794897 9.9982E-05 0.0858525 0.0937513 9.9982E-05 0.0381787 0.544752
0.0422981 0.432801 9.9973E-05 0.0507115 9.9973E-05 9.9973E-05 0.103466 0.0166879 0.013662 0.340073
0.0614742 9.99549E-05 9.99549E-05 0.0309979 9.99549E-05 0.0131091 9.99549E-05 0.00762027 9.99549E-05 0.886299
0.092766 9.99549E-05 0.0418024 9.99549E-05 9.99549E-05 9.99549E-05 0.156246 0.0358318 9.99549E-05 0.672854
9.99549E-05 9.99549E-05 9.99549E-05 0.0951016 0.00259514 9.99549E-05 9.99549E-05 0.00187503 0.0664483 0.83348
0.517753 9.99639E-05 9.99639E-05 0.174699 9.99639E-05 0.0618261 9.99639E-05 0.0859217 0.0511945 0.108207
0.250472 9.99639E-05 0.109417 0.507075 9.99639E-05 0.0640295 9.99639E-05 0.0154161 0.0531907 9.99639E-05
9.9982E-05 0.570238 0.162051 0.061781 0.0410361 9.9982E-05 0.0753904 0.00433462 0.0257603 0.0592086
9.9946E-05 0.0086818 9.9946E-05 9.9946E-05 0.192639 0.193891 9.9946E-05 9.9946E-05 9.9946E-05 0.604188
0.355813 0.0517592 0.0882817 0.00949148 0.256347 0.102469 9.9982E-05 0.0723068 0.0633322 9.9982E-05
9.9955E-05 9.9955E-05 0.0765898 9.9955E-05 0.851442 9.9955E-05 0.0100203 0.0415233 9.9955E-05 0.0199248
0.0442346 9.9946E-05 9.9946E-05 0.760087 0.152988 9.9946E-05 9.9946E-05 9.9946E-05 9.9946E-05 0.0420906
0.0658586 9.9964E-05 9.9964E-05 0.0951155 0.776339 9.9964E-05 0.0137766 9.9964E-05 0.0168712 0.0316393
