0.124346 0.400947 9.9991E-05 0.452077 0.0225298
9.9982E-05 0.491713 9.9982E-05 0.468704 0.0393831
0.0324238 9.9991E-05 0.0952127 0.842488 0.0297758
0.0984927 0.733019 0.0890727 0.0793154 9.9991E-05
0.0343359 0.780511 0.0754082 9.9991E-05 0.109645
0.051899 0.184639 0.0405113 0.618242 0.104709
9.9973E-05 9.9973E-05 0.110657 0.889043 9.9973E-05
0.00285774 0.150882 9.9991E-05 0.727663 0.118497
0.0745197 0.567492 9.9991E-05 0.32131 0.0365787
0.165409 9.9982E-05 0.481553 0.352838 9.9982E-05
0.0758066 0.678739 0.00601854 0.239336 9.9991E-05
0.082618 0.779314 9.9982E-05 0.137868 9.9982E-05
0.058005 0.391745 0.214283 0.227251 0.108716
0.0653785 9.9982E-05 0.0278712 0.90655 9.9982E-05
0.0174277 0.809865 9.9982E-05 0.172507 9.9982E-05
0.0373575 9.9991E-05 0.445548 0.472401 0.0445929
9.9982E-05 0.0291512 0.100458 0.870191 9.9982E-05
9.9973E-05 0.0543311 9.9973E-05 0.945369 9.9973E-05
0.0244523 0.597247 9.9982E-05 0.378101 9.9982E-05
0.884674 0.0711042 0.0381422 9.9991E-05 0.00597941
0.940015 0.0540976 0.00568792 9.9982E-05 9.9982E-05
0.964385 9.9982E-05 0.00127957 0.0341354 9.9982E-05
0.769121 0.230579 9.9973E-05 9.9973E-05 9.9973E-05
0.813922 0.185778 9.9973E-05 9.9973E-05 9.9973E-05
0.476967 9.9991E-05 0.00614773 0.328896 0.187889
0.468258 0.367909 9.9982E-05 9.9982E-05 0.163633
0.245005 9.9982E-05 0.500701 9.9982E-05 0.254094
0.433498 0.355886 0.0614936 9.9991E-05 0.149022
0.903133 9.9982E-05 0.0797974 0.0168697 9.9982E-05
0.937884 0.0618159 9.9973E-05 9.9973E-05 9.9973E-05
0.696542 0.00182901 0.184779 0.11675 9.9991E-05
0.281262 9.9991E-05 0.104055 0.132256 0.482326
0.646037 9.9982E-05 0.317331 0.0364314 9.9982E-05
0.693568 9.9982E-05 9.9982E-05 0.284781 0.021451
0.919089 0.0806112 9.9973E-05 9.9973E-05 9.9973E-05
0.802768 0.196933 9.9973E-05 9.9973E-05 9.9973E-05
0.794581 0.127169 0.0780497 9.9982E-05 9.9982E-05
0.778948 0.220752 9.9973E-05 9.9973E-05 9.9973E-05
9.99729E-05 0.134828 9.99729E-05 9.99729E-05 0.864872
9.9973E-05 9.9973E-05 0.282969 9.9973E-05 0.716731
0.109646 9.9982E-05 0.436315 9.9982E-05 0.453839
0.075447 0.24787 0.126278 9.9991E-05 0.550305
0.31025 9.9991E-05 0.0115254 0.10565 0.572475
0.0866401 9.9991E-05 0.165266 0.167663 0.580331
0.168208 0.514177 9.9982E-05 9.9982E-05 0.317415
9.9973E-05 0.408701 9.9973E-05 9.9973E-05 0.590999
0.175755 9.9991E-05 0.267022 0.143995 0.413127
0.00938123 0.134079 0.00934979 9.9991E-05 0.84709
9.9973E-05 9.9973E-05 0.625971 9.9973E-05 0.373729
9.9973E-05 0.274213 9.9973E-05 9.9973E-05 0.725487
9.9973E-05 9.9973E-05 0.270329 9.9973E-05 0.729371
0.138262 0.228904 0.0805887 9.9991E-05 0.552145
0.200956 0.357264 9.9991E-05 0.0204466 0.421234
0.0447607 0.365017 9.9991E-05 0.0679393 0.522183
0.147781 0.45723 0.0177422 9.9991E-05 0.377147
0.602528 0.359196 9.9982E-05 9.9982E-05 0.0380764
9.99819E-05 9.99819E-05 0.143908 0.0445066 0.811385
0.148662 0.0484793 0.189624 9.9991E-05 0.613135
9.99729E-05 9.99729E-05 0.275625 9.99729E-05 0.724075
9.9973E-05 0.247652 9.9973E-05 9.9973E-05 0.752048
0.0708609 0.241567 9.99819E-05 9.99819E-05 0.687372
9.9973E-05 0.304289 9.9973E-05 9.9973E-05 0.695411
0.0554136 9.9991E-05 0.162736 0.195768 0.585982
0.120927 0.337628 9.9982E-05 9.9982E-05 0.541245
9.9982E-05 9.9982E-05 0.12373 0.382665 0.493405
0.224628 0.352843 9.9991E-05 0.0604586 0.36197
9.9973E-05 0.359886 9.9973E-05 9.9973E-05 0.639814
9.9973E-05 0.389611 9.9973E-05 9.9973E-05 0.610089
0.224417 0.115067 9.9991E-05 0.236494 0.423922
0.425915 9.9982E-05 9.9982E-05 0.199566 0.374319
0.251609 9.9982E-05 0.432862 9.9982E-05 0.315329
9.9982E-05 9.9982E-05 0.279086 0.126758 0.593956
0.755067 0.244633 9.9973E-05 9.9973E-05 9.9973E-05
9.99819E-05 9.99819E-05 0.208759 0.1097 0.681341
0.0547182 0.302207 9.9982E-05 9.9982E-05 0.642875
0.3331 0.401832 9.9982E-05 9.9982E-05 0.264868
0.758887 9.99819E-05 0.162897 0.0780166 9.99819E-05
0.232006 9.9991E-05 0.486756 0.00363501 0.277503
0.749501 9.9991E-05 0.0394483 0.179054 0.0318964
0.461243 0.0112682 0.0965986 0.0454962 0.385394
0.154684 9.9982E-05 0.50119 9.9982E-05 0.343926
0.29545 0.237503 9.9982E-05 9.9982E-05 0.466847
0.0143117 0.147546 0.0680538 9.9991E-05 0.769989
0.189749 0.206524 0.106567 9.9991E-05 0.49706
9.9982E-05 9.9982E-05 0.281011 0.0440597 0.674729
0.120583 0.193104 0.00949731 9.9991E-05 0.676716
9.9973E-05 0.374396 9.9973E-05 9.9973E-05 0.625304
0.412054 9.9982E-05 9.9982E-05 0.401194 0.186552
9.9982E-05 9.9982E-05 0.124926 0.320835 0.554039
0.42833 0.220221 9.9991E-05 0.13541 0.215939
9.99729E-05 9.99729E-05 9.99729E-05 0.393755 0.605946
0.0437691 9.9982E-05 9.9982E-05 0.440752 0.515279
0.166712 0.454078 9.9982E-05 9.9982E-05 0.37901
9.9973E-05 9.9973E-05 9.9973E-05 0.32985 0.66985
0.178353 9.9982E-05 9.9982E-05 0.361076 0.460371
9.9991E-05 0.0725782 0.666337 0.0860395 0.174945
0.0477196 0.0958869 0.472371 0.14442 0.239602
0.0270846 0.322472 0.383471 0.0545874 0.212385
9.9991E-05 0.51801 0.0111257 0.337665 0.133099
0.0332057 0.105707 0.661872 0.138123 0.0610919
0.0358815 0.413961 9.9991E-05 0.519373 0.0306841
9.9982E-05 9.9982E-05 0.285106 0.695736 0.0189586
9.9991E-05 0.107788 0.595307 0.119436 0.177369
0.105634 0.105999 0.299902 0.365411 0.123054
0.116584 0.569843 0.180589 9.9991E-05 0.132884
9.9982E-05 0.0395834 0.872571 9.9982E-05 0.0876453
0.0512823 0.576936 0.293026 0.00142004 0.077335
9.9991E-05 0.0791256 0.468626 0.28455 0.167598
9.9991E-05 0.326085 0.130137 0.367629 0.176049
0.145138 0.231809 0.399685 0.186308 0.0370599
0.0545662 0.0670378 0.216085 0.662211 9.9991E-05
0.0327907 0.700563 9.9991E-05 0.0756142 0.190933
0.117099 0.623643 0.206185 9.9991E-05 0.052973
0.122493 0.0541925 0.358003 0.198965 0.266346
9.9991E-05 0.0871105 0.353117 0.453252 0.106421
0.113059 0.353129 0.348951 0.0132623 0.171598
0.0895404 0.507957 0.290843 9.9991E-05 0.111559
0.0690364 0.625241 0.0382286 0.226042 0.0414521
0.117497 0.10527 0.323103 0.45403 9.9991E-05
0.0412262 0.645409 0.142327 0.107718 0.0633196
0.0668698 0.0501341 0.216631 0.666265 9.9991E-05
0.0406339 9.9982E-05 0.89192 0.0672459 9.9982E-05
0.0114564 0.81852 0.043919 0.126005 9.9991E-05
0.192952 0.440479 0.366369 9.9982E-05 9.9982E-05
9.9982E-05 0.246046 9.9982E-05 0.604285 0.149469
0.243279 0.457846 0.298675 9.9982E-05 9.9982E-05
0.0390285 9.9982E-05 0.432584 0.528187 9.9982E-05
0.0214791 0.771374 0.0884049 0.037147 0.0815954
0.20929 0.572808 0.217703 9.9982E-05 9.9982E-05
0.0084466 9.9991E-05 0.838252 0.120079 0.0331224
9.9973E-05 0.885674 9.9973E-05 0.114027 9.9973E-05
0.186911 0.701784 0.111105 9.9982E-05 9.9982E-05
0.0401008 0.664117 0.014647 0.281036 9.9991E-05
0.0699189 9.9982E-05 0.88383 0.0460509 9.9982E-05
0.106282 0.725929 0.0663016 0.0829056 0.0185816
9.9982E-05 0.747952 9.9982E-05 0.17129 0.0805576
0.054268 0.16029 9.9982E-05 0.785242 9.9982E-05
0.127952 0.487766 0.228757 0.128529 0.026996
0.12808 0.579465 0.160002 0.132353 9.9991E-05
0.0401719 9.9982E-05 0.689365 0.270263 9.9982E-05
0.13069 0.370599 9.9991E-05 0.471133 0.0274781
0.17101 0.242529 0.13346 0.419692 0.0333098
0.111572 9.9991E-05 0.425481 0.36713 0.0957172
0.119816 0.578399 0.065324 0.15013 0.0863304
0.0853195 0.365757 0.360936 9.9991E-05 0.187887
0.0778941 0.0285583 0.81303 0.0380509 0.0424669
0.124298 0.0642033 0.247921 0.522635 0.0409432
0.0504501 9.9991E-05 0.342867 0.557901 0.0486816
0.152995 0.478654 0.368152 9.9982E-05 9.9982E-05
9.99729E-05 9.99729E-05 0.575869 0.423831 9.99729E-05
9.9982E-05 0.783106 0.0212323 0.195462 9.9982E-05
0.0246119 0.00229197 0.531208 0.441788 9.9991E-05
0.160858 0.434376 0.404565 9.9982E-05 9.9982E-05
0.0799829 0.665729 0.251551 9.9991E-05 0.00263775
0.1031 0.354298 0.242363 0.11022 0.19002
9.9991E-05 0.283411 0.0291831 0.572312 0.114994
0.155478 0.244065 0.30139 0.235982 0.0630865
0.104545 0.510594 0.342533 0.0422289 9.9991E-05
0.0104768 0.0240809 0.794566 0.170777 9.9991E-05
0.0681909 0.0351559 0.881295 0.0152579 9.9991E-05
0.0178276 9.9991E-05 0.144754 0.781411 0.0559072
0.0719977 9.9991E-05 0.704602 0.169307 0.0539941
9.9973E-05 0.125178 0.874523 9.9973E-05 9.9973E-05
0.0886068 9.9991E-05 0.203956 0.614103 0.0932341
0.00253088 0.0627984 0.203033 0.728096 0.00354178
0.0837871 0.785256 9.9991E-05 0.0970622 0.0337952
0.0434235 0.754656 9.9982E-05 0.20172 9.9982E-05
0.0385267 0.116913 9.9982E-05 0.84436 9.9982E-05
9.99729E-05 0.783255 9.99729E-05 0.216446 9.99729E-05
9.9973E-05 0.872302 9.9973E-05 0.127398 9.9973E-05
0.183889 0.649974 9.9982E-05 0.165937 9.9982E-05
0.0200344 0.796786 9.9982E-05 0.182979 9.9982E-05
0.0493101 0.0198142 0.0928442 0.837931 9.9991E-05
9.9973E-05 9.9973E-05 0.611731 0.387969 9.9973E-05
9.9982E-05 0.479032 9.9982E-05 0.419977 0.100791
9.9982E-05 9.9982E-05 0.125114 0.859817 0.0148693
0.109284 9.9982E-05 9.9982E-05 0.82294 0.0675758
9.9973E-05 0.334274 9.9973E-05 0.665426 9.9973E-05
9.9973E-05 9.9973E-05 0.217025 0.782675 9.9973E-05
9.9991E-05 0.142764 0.0988747 0.707432 0.0508292
0.179651 0.448788 9.9991E-05 0.310725 0.0607363
0.0530656 0.112825 0.00744893 0.756123 0.0705379
9.9982E-05 0.20584 9.9982E-05 0.707344 0.0866158
0.00566129 0.782117 9.9991E-05 0.205787 0.00633409
9.9982E-05 0.526849 9.9982E-05 0.408883 0.0640678
0.00175255 9.9991E-05 0.293699 0.658141 0.046307
9.9982E-05 0.0303691 9.9982E-05 0.928185 0.0412455
9.9973E-05 9.9973E-05 0.495387 0.504314 9.9973E-05
9.9973E-05 0.805865 9.9973E-05 0.193835 9.9973E-05
0.0306164 0.370498 9.9991E-05 0.559205 0.0395811
9.9982E-05 9.9982E-05 0.324428 0.673755 0.00161707
0.0788974 0.779568 0.0658909 0.000887139 0.0747562
0.168428 0.561606 0.177011 0.0928547 9.9991E-05
0.0845048 9.9991E-05 0.38497 0.455036 0.0753893
0.211811 0.0939608 0.443239 0.237478 0.0135115
0.173913 0.626743 0.0616352 0.137609 9.9991E-05
0.171009 0.745405 9.9982E-05 0.0833867 9.9982E-05
0.0785887 0.779132 9.9991E-05 0.0476332 0.094546
0.111958 9.9973E-05 0.887742 9.9973E-05 9.9973E-05
0.11909 9.9991E-05 0.1136 0.763757 0.00345281
0.0732542 0.404566 0.0618593 0.323276 0.137045
0.0555595 0.731068 0.0780252 0.135247 9.9991E-05
0.076259 0.00510429 0.681413 0.211379 0.0258442
0.114948 0.108674 0.00911867 0.767159 9.9991E-05
0.103757 0.0655938 0.0081531 0.812134 0.0103623
0.128753 0.375822 0.324048 0.119051 0.0523255
9.9991E-05 0.0082909 0.140199 0.801097 0.0503136
9.9982E-05 0.510774 9.9982E-05 0.412825 0.0762004
0.0554972 0.444678 9.9991E-05 0.454959 0.0447663
0.153496 0.750603 0.0883469 0.00745346 9.9991E-05
0.114011 9.9991E-05 0.249567 0.502744 0.133578
0.00733452 0.721342 0.035273 0.158632 0.0774187
0.0187733 0.74349 0.0660451 0.141579 0.030113
0.00303012 9.9982E-05 0.412558 0.584212 9.9982E-05
0.00251283 0.242052 0.0206653 0.73467 9.9991E-05
9.9982E-05 9.9982E-05 0.0562287 0.86023 0.0833414
0.0778965 0.836429 9.9991E-05 0.0455954 0.0399794
0.102098 0.51393 0.0528025 0.088638 0.242531
9.9982E-05 0.688252 9.9982E-05 0.197654 0.113894
0.0359772 9.9982E-05 0.321345 0.642477 9.9982E-05
9.9982E-05 0.610948 9.9982E-05 0.307675 0.0811776
0.0315205 0.692056 9.9991E-05 0.194429 0.0818951
0.00606388 0.817082 0.035927 0.0899298 0.0509977
9.9973E-05 9.9973E-05 0.296522 0.703178 9.9973E-05
0.0251588 0.201409 9.9982E-05 0.773232 9.9982E-05
0.0932047 0.695118 0.0469952 0.164582 9.9991E-05
9.9991E-05 0.143931 0.226556 0.526652 0.102761
0.0319516 0.808872 9.9991E-05 0.0913866 0.0676894
9.9991E-05 0.464665 0.290825 0.197197 0.0472127
0.0435076 0.305247 9.9991E-05 0.558342 0.0928032
0.0124786 9.9982E-05 0.40435 0.582972 9.9982E-05
0.0680083 0.286648 9.9991E-05 0.628309 0.0169347
0.100426 0.113191 0.354468 0.384675 0.0472394
0.0389701 0.0168638 0.726385 0.217681 9.9991E-05
9.9991E-05 0.156276 0.00144146 0.758783 0.0834
9.9982E-05 9.9982E-05 0.13585 0.769872 0.0940777
0.0245861 0.203058 0.129555 0.642701 9.9991E-05
0.0493686 0.702121 0.0525031 0.195907 9.9991E-05
0.112421 9.9982E-05 0.758884 0.128494 9.9982E-05
0.184465 0.598724 0.211817 9.9991E-05 0.0048944
0.0286652 0.592615 9.9991E-05 0.27126 0.10736
0.0730557 0.60665 0.307713 0.00392126 0.00865924
9.9991E-05 0.0744652 0.694607 0.190371 0.0404572
9.9973E-05 9.9973E-05 0.726109 0.273591 9.9973E-05
0.131674 0.697256 0.0489056 0.122065 9.9991E-05
0.0168525 0.116003 9.9991E-05 0.781303 0.0857413
0.0471221 0.208889 0.192797 0.47162 0.0795717
9.9982E-05 9.9982E-05 0.784474 0.199466 0.0158595
0.107709 0.397049 0.438623 0.0538614 0.00275749
0.167845 0.52386 0.260295 0.0479 9.9991E-05
0.0333143 0.746745 9.9982E-05 0.219741 9.9982E-05
9.9991E-05 0.695866 0.052367 0.200682 0.0509854
0.0414214 0.519505 0.313813 0.0564198 0.0688417
0.0420582 9.9982E-05 0.172203 0.785539 9.9982E-05
9.9982E-05 0.709519 9.9982E-05 0.237865 0.0524159
9.9982E-05 0.0228242 0.149119 0.827856 9.9982E-05
9.9982E-05 0.181656 9.9982E-05 0.759052 0.0590927
0.0386145 0.703528 9.9991E-05 0.213431 0.0443263
0.00799895 9.9991E-05 0.41985 0.549963 0.0220878
9.9991E-05 0.102251 0.575661 0.228356 0.0936324
0.0170166 9.9982E-05 0.17967 0.803113 9.9982E-05
0.14654 0.510699 0.342562 9.9982E-05 9.9982E-05
0.151312 0.239389 0.264138 0.345061 9.9991E-05
0.106978 0.422112 0.0803873 0.382786 0.00773735
0.00449436 9.9991E-05 0.65894 0.30872 0.0277455
0.0928246 0.706369 0.131274 0.0499439 0.0195885
0.0639498 0.0595431 0.174161 0.497603 0.204743
0.0576892 0.640623 0.089439 0.143744 0.0685049
0.107185 0.721808 0.100035 0.038161 0.032811
0.0757981 0.664799 0.157514 0.10179 9.9991E-05
0.1062 0.661688 0.0269626 0.195638 0.00951099
0.0860089 0.564388 0.171523 0.0936147 0.084466
0.121007 0.0463948 0.037511 0.699095 0.0959925
0.0411077 9.9991E-05 0.0946473 0.784478 0.0796674
0.130944 0.647843 0.205123 9.9991E-05 0.0159891
0.020199 0.502519 0.430081 9.9991E-05 0.0471013
0.121502 0.0901349 0.343907 0.352519 0.0919372
0.0724012 9.9973E-05 0.927299 9.9973E-05 9.9973E-05
9.9973E-05 9.9973E-05 0.332618 0.667082 9.9973E-05
9.9982E-05 9.9982E-05 0.798777 0.156629 0.0443939
