0.109349 0.488789 0.401762 9.9991E-05
0.0119217 0.535539 0.45244 9.9991E-05
0.0297763 0.834934 9.9991E-05 0.13519
0.035221 0.0960684 0.76622 0.10249
0.114197 9.9991E-05 0.807663 0.0780396
0.121318 0.63985 0.18005 0.0587819
9.9982E-05 0.841754 9.9982E-05 0.158046
0.0962205 0.781046 0.122633 9.9991E-05
0.0684109 0.365733 0.565756 9.9991E-05
0.101805 0.311521 0.0145805 0.572094
0.00727136 0.295032 0.676239 0.0214576
0.00326589 0.18495 0.811685 9.9991E-05
0.126686 0.289058 0.394158 0.190099
0.0162629 0.896737 9.9991E-05 0.0868999
9.9982E-05 0.180933 0.818867 9.9982E-05
0.0684567 0.437207 9.9991E-05 0.494236
9.9991E-05 0.845098 0.00664561 0.148156
9.9982E-05 0.986119 0.013681 9.9982E-05
9.9982E-05 0.419806 0.579994 9.9982E-05
0.67593 9.9991E-05 0.250909 0.0730612
0.687398 9.9991E-05 0.267184 0.0453182
0.774251 9.9991E-05 0.160799 0.0648491
0.591046 9.9982E-05 0.408754 9.9982E-05
0.588123 9.9982E-05 0.411677 9.9982E-05
0.600215 0.335797 9.9991E-05 0.0638879
0.526026 9.9982E-05 0.473774 9.9982E-05
0.488508 9.9982E-05 9.9982E-05 0.511292
0.475274 9.9991E-05 0.466867 0.0577591
0.740389 9.9991E-05 0.0909936 0.168517
0.699575 9.9982E-05 0.300225 9.9982E-05
0.544888 0.0305531 0.161181 0.263378
0.713038 0.171993 9.9991E-05 0.114868
0.566691 0.0217803 9.9991E-05 0.411429
0.63418 0.34525 9.9991E-05 0.0204697
0.697874 9.9982E-05 0.301926 9.9982E-05
0.578466 9.9982E-05 0.421334 9.9982E-05
0.5703 9.9991E-05 0.305903 0.123697
0.574289 9.9982E-05 0.425511 9.9982E-05
0.791201 0.0861856 0.122513 9.9991E-05
0.690879 9.9982E-05 9.9982E-05 0.308921
0.54259 9.9982E-05 9.9982E-05 0.45721
0.600159 9.9991E-05 0.278349 0.121391
0.817052 0.150397 9.9991E-05 0.032451
0.65139 0.18867 9.9991E-05 0.15984
0.430615 9.9982E-05 0.569185 9.9982E-05
0.543703 9.9982E-05 0.456097 9.9982E-05
0.570306 0.136565 9.9991E-05 0.293029
0.811665 0.0754553 0.11278 9.9991E-05
0.327115 9.9982E-05 9.9982E-05 0.672685
0.713627 9.9982E-05 0.286173 9.9982E-05
0.720158 9.9982E-05 9.9982E-05 0.279642
0.63277 9.9991E-05 0.289169 0.0779603
0.556526 0.03124 0.412134 9.9991E-05
0.50747 0.147369 0.345061 9.9991E-05
0.486793 9.9991E-05 0.489794 0.0233136
0.513468 9.9982E-05 0.486332 9.9982E-05
0.779184 0.102716 9.9991E-05 0.118
0.70873 9.9991E-05 0.108251 0.182919
0.717075 0.0203793 9.9991E-05 0.262445
0.716889 9.9982E-05 0.282911 9.9982E-05
0.727115 9.99819E-05 0.272685 9.99819E-05
0.631915 0.0665422 0.301443 9.9991E-05
0.614679 0.223626 9.9991E-05 0.161595
0.602271 9.9982E-05 0.397529 9.9982E-05
0.487837 0.384841 9.9991E-05 0.127222
0.512044 0.102539 0.385318 9.9991E-05
0.587341 9.9982E-05 0.412459 9.9982E-05
0.56523 9.9982E-05 0.43457 9.9982E-05
0.590378 0.265064 0.144458 9.9991E-05
0.713138 0.201095 0.0713051 0.014462
0.551591 9.9982E-05 9.9982E-05 0.448209
0.582301 0.132184 9.9991E-05 0.285415
0.563349 9.9982E-05 0.436451 9.9982E-05
0.632857 0.147756 9.9991E-05 0.219287
0.662938 9.9982E-05 0.336862 9.9982E-05
0.509595 0.0109358 0.479369 9.9991E-05
0.666405 0.076425 9.9991E-05 0.25707
0.485451 9.9982E-05 9.9982E-05 0.514349
0.691544 0.190344 9.9991E-05 0.118012
0.740488 0.0123471 0.126504 0.12066
0.481298 9.9982E-05 9.9982E-05 0.518502
0.675881 9.9982E-05 0.323919 9.9982E-05
0.760488 9.9991E-05 0.182426 0.0569856
0.637084 9.9991E-05 0.242445 0.120371
0.618641 0.0879037 9.9991E-05 0.293355
0.749083 9.9982E-05 0.250717 9.9982E-05
0.587753 9.9982E-05 0.412047 9.9982E-05
0.556669 0.443131 9.9982E-05 9.9982E-05
0.554584 0.319206 9.9991E-05 0.126111
0.546245 0.152036 0.30162 9.9991E-05
0.575137 0.424663 9.9982E-05 9.9982E-05
0.551141 0.448659 9.9982E-05 9.9982E-05
0.499721 9.9982E-05 0.500079 9.9982E-05
0.589725 0.410075 9.9982E-05 9.9982E-05
0.601022 0.398778 9.9982E-05 9.9982E-05
0.157518 0.109758 0.0557072 0.677016
0.257053 0.21258 0.0846207 0.445746
0.2092 0.119581 0.303905 0.367315
0.0895867 0.440705 0.469608 9.9991E-05
0.0888755 0.143385 0.0883704 0.679369
0.0373562 0.574156 0.388388 9.9991E-05
9.9982E-05 0.676009 9.9982E-05 0.323791
0.150634 0.188515 0.0753467 0.585504
0.200594 0.394292 0.10159 0.303523
0.201173 0.00249937 0.602649 0.193678
0.060952 9.9991E-05 0.0400043 0.898944
0.0889058 0.0567345 0.577763 0.276596
0.140051 0.328859 0.0598267 0.471263
0.145608 0.455405 0.280016 0.118971
0.141592 0.170732 0.256814 0.430861
0.0236387 0.660215 0.0679405 0.248206
0.162178 0.162598 0.675125 9.9991E-05
0.123693 0.0263965 0.634164 0.215747
0.343491 0.226015 0.0753786 0.355115
0.073743 0.498152 0.0577157 0.370389
0.223363 0.0945602 0.36648 0.315597
0.174358 9.9991E-05 0.552798 0.272744
0.0622113 0.267602 0.630971 0.0392162
0.0470054 0.389711 0.16404 0.399244
0.0696398 0.167585 0.659096 0.103679
0.0192837 0.65461 0.0647657 0.261341
0.0229464 0.0238509 9.9991E-05 0.953103
9.9991E-05 0.179374 0.797948 0.0225774
0.0760256 9.9991E-05 0.520106 0.403768
0.109738 0.675653 0.214509 9.9991E-05
0.102217 9.9991E-05 0.560594 0.337089
0.00943095 0.484337 9.9991E-05 0.506132
0.0600429 0.119354 0.75375 0.066853
0.110253 9.9991E-05 0.644732 0.244914
0.0283884 0.0773687 9.9991E-05 0.894143
9.9982E-05 0.166865 0.832935 9.9982E-05
0.106755 9.9991E-05 0.775641 0.117504
9.9991E-05 0.326706 0.652891 0.0203036
0.0308503 9.9991E-05 0.0179436 0.951106
0.0555841 0.111629 0.767206 0.0655808
0.0226643 0.259624 0.717612 9.9991E-05
0.00701866 0.83695 0.155931 9.9991E-05
0.107852 0.16674 0.498299 0.22711
0.0713124 0.157097 0.591409 0.180181
9.9982E-05 0.238874 9.9982E-05 0.760926
0.103032 0.51242 0.384448 9.9991E-05
0.154793 0.399235 0.285212 0.16076
0.176193 0.363332 0.00311327 0.457362
0.140304 0.209257 0.589366 0.061072
0.23051 9.9991E-05 0.396425 0.372964
0.0950787 9.9991E-05 0.0607084 0.844113
0.129015 0.503462 0.0799269 0.287596
0.0701637 0.550546 9.9991E-05 0.379191
0.0680895 9.9991E-05 0.541261 0.39055
9.9982E-05 0.367504 9.9982E-05 0.632296
9.9991E-05 0.236131 0.757614 0.00615507
9.9991E-05 0.384702 0.0153438 0.599854
0.0879166 9.9991E-05 0.491264 0.420719
0.0309838 9.9991E-05 0.700287 0.26863
0.239215 0.14555 0.381574 0.233661
0.0865565 0.645849 0.247157 0.0204378
0.183341 0.21719 0.285252 0.314217
0.0228471 0.0749519 0.553035 0.349166
9.9991E-05 0.153899 0.0259325 0.820068
0.0168594 9.9991E-05 0.0567599 0.926281
0.0465463 0.743904 9.9991E-05 0.209449
0.116499 0.140918 9.9991E-05 0.742483
9.9982E-05 9.9982E-05 0.101212 0.898588
0.154769 0.602845 9.9991E-05 0.242286
9.9991E-05 0.706517 0.0444837 0.2489
0.050326 0.14515 0.804424 9.9991E-05
9.9982E-05 0.242513 0.757287 9.9982E-05
0.0109643 0.876781 0.112154 9.9991E-05
9.9982E-05 0.250449 0.749351 9.9982E-05
9.9982E-05 0.163768 0.836032 9.9982E-05
0.108518 0.19204 0.699342 9.9991E-05
9.9982E-05 0.214591 0.785209 9.9982E-05
9.9991E-05 0.823405 0.025312 0.151183
9.9982E-05 0.338512 9.9982E-05 0.661288
0.0416202 0.520403 0.437877 9.9991E-05
0.000981163 0.827009 9.9991E-05 0.17191
0.148606 0.845628 0.00566655 9.9991E-05
9.9982E-05 0.705702 0.294098 9.9982E-05
9.9982E-05 0.736942 9.9982E-05 0.262858
0.0200698 0.715091 0.143849 0.12099
0.184912 0.341658 0.47333 9.9991E-05
0.0923771 0.766568 0.109585 0.0314696
0.0444297 0.790565 0.164905 9.9991E-05
9.9982E-05 0.237237 0.762563 9.9982E-05
0.0271866 0.474293 0.49842 9.9991E-05
0.0380321 0.644473 9.9991E-05 0.317395
0.00453483 0.987614 0.00775093 9.9991E-05
9.9982E-05 0.447891 9.9982E-05 0.551909
9.9982E-05 0.226019 0.773781 9.9982E-05
0.0380368 0.611607 0.350256 9.9991E-05
9.9982E-05 0.632452 9.9982E-05 0.367348
0.0983057 0.0552871 0.792704 0.0537036
0.08853 0.0958099 0.617694 0.197966
0.15141 0.420919 9.9991E-05 0.427571
0.161278 0.180088 0.152819 0.505815
0.123985 0.152397 0.655246 0.0683712
0.0927845 0.0917277 0.796311 0.0191768
0.121411 0.0753774 0.803112 9.9991E-05
0.0632962 9.9991E-05 0.0174459 0.919158
0.108433 0.70789 9.9991E-05 0.183577
0.171511 0.378262 0.401928 0.0482991
9.9991E-05 0.172352 0.752617 0.0749314
0.0731158 0.183819 0.0192153 0.72385
0.0630064 0.756091 0.126659 0.0542435
0.0804427 0.787142 0.0792582 0.0531568
0.136167 0.157249 0.391607 0.314977
0.0157232 0.818396 9.9991E-05 0.16578
0.00525476 0.523191 0.471454 9.9991E-05
0.0704608 0.492601 0.436437 0.000501253
0.0710211 0.0153483 0.804752 0.108878
0.214402 0.484308 9.9991E-05 0.30119
0.0514218 0.215835 0.712622 0.0201211
0.00234035 0.202101 0.74527 0.0502891
9.9982E-05 0.519293 9.9982E-05 0.480507
9.9991E-05 0.749452 0.226636 0.0238122
0.040752 0.864728 9.9991E-05 0.0944198
0.0610287 0.0898144 0.849057 9.9991E-05
0.295594 0.133758 0.532502 0.038145
0.0291124 0.320406 0.650382 9.9991E-05
9.9982E-05 0.610244 9.9982E-05 0.389556
0.0100825 0.407663 0.582155 9.9991E-05
0.068068 0.262453 0.669379 9.9991E-05
0.00677827 0.196594 0.789932 0.00669573
9.9982E-05 0.690988 9.9982E-05 0.308812
0.0101924 0.803109 0.186599 9.9991E-05
0.0300191 0.204771 0.715901 0.049309
0.0769062 0.540338 0.126374 0.256382
0.0400459 0.162725 0.797129 9.9991E-05
0.00732085 0.24274 0.45407 0.29587
0.105576 0.599454 0.29487 9.9991E-05
9.9982E-05 0.5473 9.9982E-05 0.4525
0.0605575 0.650038 0.289305 9.9991E-05
0.110008 0.386537 0.132921 0.370535
0.0183419 0.162508 0.0344156 0.784734
0.0486209 0.827894 0.123385 9.9991E-05
0.0504614 0.769684 9.9991E-05 0.179754
9.9991E-05 0.627818 0.210056 0.162026
9.9991E-05 0.210436 0.73142 0.0580443
0.0752206 0.0921163 0.00301147 0.829652
0.114656 9.9991E-05 0.683989 0.201255
0.0862524 0.350524 0.563124 9.9991E-05
0.0248148 0.0620594 0.603612 0.309514
9.9991E-05 0.208254 0.0569468 0.734699
9.9982E-05 0.25775 9.9982E-05 0.74205
0.0384507 0.16143 0.732394 0.0677256
0.0705408 0.841046 0.0883135 9.9991E-05
0.104151 0.512584 0.188733 0.194531
9.9982E-05 0.177708 9.9982E-05 0.822092
0.0609068 0.0990571 0.409274 0.430762
0.0871898 0.070089 0.573732 0.268989
9.9982E-05 0.247274 0.752526 9.9982E-05
0.00519565 0.279487 0.683027 0.0322897
0.0771725 0.100503 0.518004 0.304321
0.0282494 0.770538 9.9991E-05 0.201113
0.00515561 0.301045 0.693699 9.9991E-05
9.9982E-05 0.83088 9.9982E-05 0.16892
0.0252004 0.833642 0.141058 9.9991E-05
0.0277593 0.288246 0.683895 9.9991E-05
0.0188821 0.530965 9.9991E-05 0.450053
0.0547927 0.263968 0.0927537 0.588486
9.9982E-05 0.784577 9.9982E-05 0.215223
0.0859136 9.9991E-05 0.562566 0.351421
0.100333 0.334996 0.274586 0.290086
0.0659196 0.398697 0.443707 0.0916756
0.0358602 0.276031 9.9991E-05 0.688009
0.0590936 0.096255 0.726001 0.11865
0.255356 0.521979 0.0504528 0.172211
0.0794468 0.204891 0.628521 0.0871415
0.0855121 0.112288 0.718646 0.0835538
0.0182394 0.139293 0.681328 0.161139
0.0586925 0.238228 0.667424 0.0356555
0.115326 0.136401 0.572753 0.17552
0.167502 0.735566 0.0394047 0.0575273
0.0921862 0.777361 9.9991E-05 0.130353
0.0783362 9.9991E-05 0.697074 0.22449
0.0446306 9.9991E-05 0.530004 0.425266
0.171363 0.342022 0.120821 0.365794
0.0562121 9.9991E-05 0.00113493 0.942553
9.9982E-05 0.623075 9.9982E-05 0.376725
0.00756234 0.152476 9.9991E-05 0.839862
