0.0117629 0.0559093 0.0236707 9.994E-05 9.994E-05 9.994E-05 9.994E-05 0.461533 9.994E-05 0.00874111 0.0110272 0.426756 9.994E-05
9.99369E-05 0.0195382 9.99369E-05 9.99369E-05 9.99369E-05 9.99369E-05 9.99369E-05 0.265745 9.99369E-05 0.11394 0.243508 0.273916 0.0826531
0.00811368 0.00949737 0.0338369 0.00658662 0.0183707 9.99639E-05 9.99639E-05 9.99639E-05 0.0619739 0.739341 0.115804 9.99639E-05 0.00607536
9.99189E-05 9.99189E-05 0.0194326 9.99189E-05 0.184943 9.99189E-05 9.99189E-05 0.284259 9.99189E-05 9.99189E-05 9.99189E-05 0.510466 9.99189E-05
0.207679 9.99549E-05 9.99549E-05 0.058703 0.132175 9.99549E-05 0.0254722 9.99549E-05 0.0714887 9.99549E-05 0.0930471 0.393433 0.0175025
0.0138221 0.0266584 9.99459E-05 0.0412935 9.99459E-05 9.99459E-05 9.99459E-05 0.354762 0.23844 0.13418 0.190243 9.99459E-05 9.99459E-05
9.99189E-05 9.99189E-05 9.99189E-05 9.99189E-05 9.99189E-05 0.00864652 9.99189E-05 0.238263 9.99189E-05 0.691169 9.99189E-05 0.0610219 9.99189E-05
9.9928E-05 0.130034 9.9928E-05 9.9928E-05 9.9928E-05 9.9928E-05 9.9928E-05 0.210518 0.13941 0.259431 0.259807 9.9928E-05 9.9928E-05
9.99369E-05 0.0802811 9.99369E-05 9.99369E-05 0.23776 9.99369E-05 9.99369E-05 0.248449 0.0126756 9.99369E-05 0.172054 0.248081 9.99369E-05
9.99279E-05 9.99279E-05 0.0689333 9.99279E-05 9.99279E-05 0.199396 9.99279E-05 0.0590573 0.368241 0.303573 9.99279E-05 9.99279E-05 9.99279E-05
0.00518108 9.99459E-05 9.99459E-05 9.99459E-05 0.177357 9.99459E-05 9.99459E-05 0.131147 0.0429268 9.99459E-05 0.202607 0.104774 0.335408
9.99369E-05 9.99369E-05 9.99369E-05 9.99369E-05 9.99369E-05 9.99369E-05 0.0840517 0.0420628 0.219782 9.99369E-05 0.118322 0.461022 0.0740604
0.186572 0.00258485 0.00790269 0.0472157 0.557893 0.0274062 9.99549E-05 0.0490874 9.99549E-05 0.120839 9.99549E-05 9.99549E-05 9.99549E-05
9.99279E-05 0.0539826 9.99279E-05 9.99279E-05 9.99279E-05 9.99279E-05 9.99279E-05 0.377592 0.11494 0.449157 9.99279E-05 0.00352961 9.99279E-05
9.99189E-05 9.99189E-05 9.99189E-05 9.99189E-05 9.99189E-05 9.99189E-05 9.99189E-05 9.99189E-05 0.0613204 9.99189E-05 0.162795 0.37366 0.401325
9.995E-05 9.995E-05 0.0186638 0.0590297 0.0211449 0.274144 9.995E-05 0.132244 0.0400061 0.444691 0.00957584 9.995E-05 9.995E-05
9.99189E-05 9.99189E-05 9.99189E-05 9.99189E-05 0.0308881 9.99189E-05 9.99189E-05 0.359193 9.99189E-05 0.572841 9.99189E-05 0.0361789 9.99189E-05
9.99278E-05 9.99278E-05 9.99278E-05 9.99278E-05 0.00926023 9.99278E-05 9.99278E-05 0.217013 9.99278E-05 0.597758 0.164633 9.99278E-05 0.0105359
0.0262629 0.0115676 9.9964E-05 9.9964E-05 0.188076 9.9964E-05 0.0752057 0.100262 0.00842352 0.132537 0.116984 0.340281 9.9964E-05
9.99099E-05 0.0100636 0.776074 9.99099E-05 9.99099E-05 9.99099E-05 9.99099E-05 9.99099E-05 9.99099E-05 9.99099E-05 9.99099E-05 9.99099E-05 0.212863
9.991E-05 9.991E-05 0.830105 9.991E-05 0.141409 9.991E-05 0.0274868 9.991E-05 9.991E-05 9.991E-05 9.991E-05 9.991E-05 9.991E-05
9.99008E-05 9.99008E-05 0.846653 9.99008E-05 9.99008E-05 9.99008E-05 9.99008E-05 0.152248 9.99008E-05 9.99008E-05 9.99008E-05 9.99008E-05 9.99008E-05
9.99099E-05 9.99099E-05 0.624671 9.99099E-05 0.102716 9.99099E-05 0.271614 9.99099E-05 9.99099E-05 9.99099E-05 9.99099E-05 9.99099E-05 9.99099E-05
9.99279E-05 0.01933 0.710781 9.99279E-05 0.11723 9.99279E-05 9.99279E-05 9.99279E-05 9.99279E-05 9.99279E-05 9.99279E-05 0.107991 0.0438691
9.99368E-05 0.0788592 0.449062 0.140553 9.99368E-05 9.99368E-05 9.99368E-05 0.0399048 0.0101311 0.28079 9.99368E-05 9.99368E-05 9.99368E-05
9.99369E-05 0.324865 0.310442 9.99369E-05 9.99369E-05 9.99369E-05 9.99369E-05 9.99369E-05 0.0397074 9.99369E-05 0.024753 0.195229 0.104305
9.99099E-05 9.99099E-05 0.25635 0.218278 9.99099E-05 0.524373 9.99099E-05 9.99099E-05 9.99099E-05 9.99099E-05 9.99099E-05 9.99099E-05 9.99099E-05
0.103381 0.246579 0.235497 9.9928E-05 9.9928E-05 9.9928E-05 0.206402 9.9928E-05 9.9928E-05 9.9928E-05 9.9928E-05 9.9928E-05 0.207341
0.0209344 9.99188E-05 0.826613 9.99188E-05 9.99188E-05 0.00402939 9.99188E-05 0.147524 9.99188E-05 9.99188E-05 9.99188E-05 9.99188E-05 9.99188E-05
9.99009E-05 9.99009E-05 0.844243 9.99009E-05 0.154658 9.99009E-05 9.99009E-05 9.99009E-05 9.99009E-05 9.99009E-05 9.99009E-05 9.99009E-05 9.99009E-05
9.99371E-05 0.0112394 0.59348 9.99371E-05 0.0161176 0.162113 0.09891 9.99371E-05 9.99371E-05 0.117441 9.99371E-05 9.99371E-05 9.99371E-05
0.0884746 0.411447 0.117898 0.189106 9.99369E-05 0.0850562 9.99369E-05 0.107319 9.99369E-05 9.99369E-05 9.99369E-05 9.99369E-05 9.99369E-05
9.99098E-05 9.99098E-05 0.609199 9.99098E-05 9.99098E-05 0.228203 9.99098E-05 9.99098E-05 9.99098E-05 0.1616 9.99098E-05 9.99098E-05 9.99098E-05
9.99188E-05 0.0642817 0.64756 9.99188E-05 9.99188E-05 9.99188E-05 9.99188E-05 0.07957 9.99188E-05 0.207689 9.99188E-05 9.99188E-05 9.99188E-05
9.99099E-05 9.99099E-05 0.81862 9.99099E-05 0.177819 9.99099E-05 9.99099E-05 9.99099E-05 0.00256131 9.99099E-05 9.99099E-05 9.99099E-05 9.99099E-05
9.99099E-05 9.99099E-05 0.727822 9.99099E-05 9.99099E-05 9.99099E-05 9.99099E-05 9.99099E-05 9.99099E-05 9.99099E-05 9.99099E-05 0.116799 0.15438
9.99009E-05 9.99009E-05 0.664755 9.99009E-05 9.99009E-05 9.99009E-05 9.99009E-05 9.99009E-05 9.99009E-05 9.99009E-05 9.99009E-05 9.99009E-05 0.334146
9.99099E-05 9.99099E-05 0.681988 9.99099E-05 9.99099E-05 9.99099E-05 0.233022 9.99099E-05 9.99099E-05 9.99099E-05 9.99099E-05 0.0839903 9.99099E-05
9.99188E-05 9.99188E-05 9.99188E-05 0.80543 9.99188E-05 9.99188E-05 9.99188E-05 0.135836 9.99188E-05 9.99188E-05 0.0261855 0.0316488 9.99188E-05
0.0401917 9.991E-05 9.991E-05 0.66495 9.991E-05 0.293859 9.991E-05 9.991E-05 9.991E-05 9.991E-05 9.991E-05 9.991E-05 9.991E-05
9.99369E-05 0.204162 0.033645 0.276469 9.99369E-05 0.412507 9.99369E-05 9.99369E-05 0.0126708 0.0598473 9.99369E-05 9.99369E-05 9.99369E-05
0.0325716 0.0870713 9.99369E-05 0.435826 0.0285494 0.0906446 0.324637 9.99369E-05 9.99369E-05 9.99369E-05 9.99369E-05 9.99369E-05 9.99369E-05
9.99188E-05 9.99188E-05 0.259264 0.54869 9.99188E-05 9.99188E-05 9.99188E-05 0.189303 9.99188E-05 0.00184436 9.99188E-05 9.99188E-05 9.99188E-05
9.99369E-05 0.0926351 0.0776572 0.478205 9.99369E-05 0.0716227 9.99369E-05 9.99369E-05 0.0622273 0.216953 9.99369E-05 9.99369E-05 9.99369E-05
9.99099E-05 0.492432 9.99099E-05 9.99099E-05 9.99099E-05 9.99099E-05 0.192647 9.99099E-05 9.99099E-05 9.99099E-05 9.99099E-05 0.313921 9.99099E-05
9.99189E-05 9.99189E-05 9.99189E-05 0.574713 9.99189E-05 9.99189E-05 9.99189E-05 9.99189E-05 9.99189E-05 9.99189E-05 0.215563 0.189503 0.019322
9.99189E-05 9.99189E-05 0.202107 0.367153 9.99189E-05 0.174723 9.99189E-05 9.99189E-05 9.99189E-05 0.255118 9.99189E-05 9.99189E-05 9.99189E-05
9.99189E-05 9.99189E-05 9.99189E-05 0.797566 9.99189E-05 9.99189E-05 9.99189E-05 0.168414 9.99189E-05 9.99189E-05 0.0196873 9.99189E-05 0.0134335
9.9901E-05 9.9901E-05 9.9901E-05 0.326854 9.9901E-05 0.672047 9.9901E-05 9.9901E-05 9.9901E-05 9.9901E-05 9.9901E-05 9.9901E-05 9.9901E-05
9.9928E-05 0.0506569 9.9928E-05 0.623923 9.9928E-05 9.9928E-05 0.0519298 9.9928E-05 9.9928E-05 9.9928E-05 0.238967 9.9928E-05 0.0337235
0.0205474 9.99099E-05 9.99099E-05 0.693855 9.99099E-05 0.284599 9.99099E-05 9.99099E-05 9.99099E-05 9.99099E-05 9.99099E-05 9.99099E-05 9.99099E-05
0.0668702 9.99281E-05 0.0957723 0.524267 0.236572 9.99281E-05 0.0757195 9.99281E-05 9.99281E-05 9.99281E-05 9.99281E-05 9.99281E-05 9.99281E-05
9.99459E-05 0.233357 0.0526088 0.269836 0.0340951 9.99459E-05 9.99459E-05 9.99459E-05 0.0434298 9.99459E-05 9.99459E-05 0.116501 0.249573
9.99369E-05 0.111139 9.99369E-05 0.39741 0.0554111 9.99369E-05 9.99369E-05 9.99369E-05 0.012048 9.99369E-05 0.232035 9.99369E-05 0.191257
9.9937E-05 0.153613 0.0263991 0.25293 9.9937E-05 9.9937E-05 0.454991 9.9937E-05 9.9937E-05 9.9937E-05 9.9937E-05 0.0896207 0.0217464
9.99189E-05 0.211825 0.31637 9.99189E-05 9.99189E-05 9.99189E-05 0.410937 9.99189E-05 9.99189E-05 9.99189E-05 9.99189E-05 0.0599691 9.99189E-05
0.024995 0.0260496 9.993E-05 0.727299 9.993E-05 0.0615802 9.993E-05 0.0874721 9.993E-05 0.0719044 9.993E-05 9.993E-05 9.993E-05
0.0265477 0.27419 0.00705783 0.409028 0.165259 0.117217 9.99369E-05 9.99369E-05 9.99369E-05 9.99369E-05 9.99369E-05 9.99369E-05 9.99369E-05
0.00867503 0.101126 9.99278E-05 0.594149 9.99278E-05 0.274644 9.99278E-05 0.0206066 9.99278E-05 9.99278E-05 9.99278E-05 9.99278E-05 9.99278E-05
9.99188E-05 9.99188E-05 9.99188E-05 0.747636 9.99188E-05 9.99188E-05 0.0873912 9.99188E-05 9.99188E-05 9.99188E-05 9.99188E-05 0.0910194 0.0730537
9.99458E-05 0.134552 0.0269906 0.578649 9.99458E-05 9.99458E-05 9.99458E-05 0.0614866 9.99458E-05 9.99458E-05 0.0707047 0.0581586 0.0688588
9.99279E-05 0.0619518 9.99279E-05 0.608954 9.99279E-05 9.99279E-05 9.99279E-05 9.99279E-05 9.99279E-05 9.99279E-05 0.218694 0.0571863 0.0524142
0.146664 0.423805 9.99279E-05 0.220344 9.99279E-05 0.152864 9.99279E-05 9.99279E-05 9.99279E-05 0.0555228 9.99279E-05 9.99279E-05 9.99279E-05
9.99098E-05 9.99098E-05 0.0308817 0.505208 9.99098E-05 9.99098E-05 0.462911 9.99098E-05 9.99098E-05 9.99098E-05 9.99098E-05 9.99098E-05 9.99098E-05
9.99099E-05 0.126138 9.99099E-05 0.361406 9.99099E-05 9.99099E-05 9.99099E-05 9.99099E-05 9.99099E-05 0.511457 9.99099E-05 9.99099E-05 9.99099E-05
9.995E-05 0.376021 0.06365 0.142358 0.135631 9.995E-05 9.995E-05 0.021496 9.995E-05 9.995E-05 0.0688337 0.0435644 0.147946
9.99279E-05 9.99279E-05 9.99279E-05 0.609866 9.99279E-05 9.99279E-05 0.146178 9.99279E-05 9.99279E-05 9.99279E-05 0.0992407 0.121057 0.0228588
9.9928E-05 0.0167094 9.9928E-05 0.521258 9.9928E-05 9.9928E-05 0.0853789 9.9928E-05 9.9928E-05 9.9928E-05 9.9928E-05 0.0767673 0.299087
0.00957938 0.741634 0.0130489 0.0305757 9.99458E-05 9.99458E-05 9.99458E-05 0.0509246 9.99458E-05 0.0012773 9.99458E-05 0.15236 9.99458E-05
9.99189E-05 0.412641 0.209767 0.122144 9.99189E-05 9.99189E-05 9.99189E-05 0.254548 9.99189E-05 9.99189E-05 9.99189E-05 9.99189E-05 9.99189E-05
0.0181711 0.467282 0.0881139 9.99189E-05 9.99189E-05 0.425534 9.99189E-05 9.99189E-05 9.99189E-05 9.99189E-05 9.99189E-05 9.99189E-05 9.99189E-05
9.99279E-05 0.0259476 0.00104813 0.474445 9.99279E-05 0.120686 9.99279E-05 9.99279E-05 9.99279E-05 0.377074 9.99279E-05 9.99279E-05 9.99279E-05
9.99189E-05 9.99189E-05 0.631729 9.99189E-05 9.99189E-05 9.99189E-05 0.275266 9.99189E-05 9.99189E-05 9.99189E-05 0.0499893 0.0421162 9.99189E-05
9.99098E-05 9.99098E-05 9.99098E-05 0.645774 9.99098E-05 0.104685 9.99098E-05 9.99098E-05 9.99098E-05 0.248541 9.99098E-05 9.99098E-05 9.99098E-05
9.99188E-05 0.371856 9.99188E-05 0.365516 9.99188E-05 9.99188E-05 9.99188E-05 9.99188E-05 9.99188E-05 9.99188E-05 9.99188E-05 0.146473 0.115256
9.99189E-05 0.505155 0.0808876 9.99189E-05 0.153645 9.99189E-05 9.99189E-05 9.99189E-05 9.99189E-05 9.99189E-05 9.99189E-05 0.259413 9.99189E-05
9.99098E-05 9.99098E-05 0.728731 9.99098E-05 9.99098E-05 0.103602 9.99098E-05 9.99098E-05 9.99098E-05 0.166668 9.99098E-05 9.99098E-05 9.99098E-05
9.9928E-05 0.0423919 0.198443 0.174738 9.9928E-05 0.415167 9.9928E-05 9.9928E-05 9.9928E-05 0.16846 9.9928E-05 9.9928E-05 9.9928E-05
9.99188E-05 9.99188E-05 0.719793 0.0334069 9.99188E-05 9.99188E-05 9.99188E-05 0.0403775 9.99188E-05 0.205523 9.99188E-05 9.99188E-05 9.99188E-05
0.0667923 0.333983 0.281968 0.119902 9.99279E-05 9.99279E-05 9.99279E-05 0.196556 9.99279E-05 9.99279E-05 9.99279E-05 9.99279E-05 9.99279E-05
0.0350998 0.0440324 0.15874 0.232568 9.9928E-05 0.52876 9.9928E-05 9.9928E-05 9.9928E-05 9.9928E-05 9.9928E-05 9.9928E-05 9.9928E-05
9.99279E-05 0.058984 0.180682 0.389809 0.291094 9.99279E-05 0.0786315 9.99279E-05 9.99279E-05 9.99279E-05 9.99279E-05 9.99279E-05 9.99279E-05
9.99009E-05 9.99009E-05 9.99009E-05 0.727068 0.271833 9.99009E-05 9.99009E-05 9.99009E-05 9.99009E-05 9.99009E-05 9.99009E-05 9.99009E-05 9.99009E-05
9.9928E-05 0.134218 0.0666851 0.361711 0.404107 0.0324797 9.9928E-05 9.9928E-05 9.9928E-05 9.9928E-05 9.9928E-05 9.9928E-05 9.9928E-05
9.99098E-05 9.99098E-05 9.99098E-05 0.640539 9.99098E-05 0.155928 9.99098E-05 9.99098E-05 9.99098E-05 0.202534 9.99098E-05 9.99098E-05 9.99098E-05
0.0601607 9.99459E-05 0.090505 0.623752 9.99459E-05 9.99459E-05 0.04062 0.00200728 9.99459E-05 9.99459E-05 0.0224321 9.99459E-05 0.159923
9.99189E-05 0.139439 9.99189E-05 0.484282 9.99189E-05 9.99189E-05 0.1114 9.99189E-05 9.99189E-05 9.99189E-05 9.99189E-05 0.26398 9.99189E-05
9.99188E-05 0.55681 0.170329 9.99188E-05 9.99188E-05 9.99188E-05 9.99188E-05 0.0692214 9.99188E-05 0.202741 9.99188E-05 9.99188E-05 9.99188E-05
9.99189E-05 0.403574 9.99189E-05 0.188111 9.99189E-05 0.0774527 9.99189E-05 9.99189E-05 9.99189E-05 0.329963 9.99189E-05 9.99189E-05 9.99189E-05
9.99098E-05 0.627934 0.129899 9.99098E-05 9.99098E-05 9.99098E-05 9.99098E-05 9.99098E-05 9.99098E-05 9.99098E-05 0.241168 9.99098E-05 9.99098E-05
9.99098E-05 0.451629 9.99098E-05 0.222851 9.99098E-05 9.99098E-05 9.99098E-05 9.99098E-05 9.99098E-05 0.32452 9.99098E-05 9.99098E-05 9.99098E-05
9.99099E-05 0.58814 9.99099E-05 0.0816872 9.99099E-05 9.99099E-05 9.99099E-05 9.99099E-05 9.99099E-05 0.329174 9.99099E-05 9.99099E-05 9.99099E-05
9.99279E-05 0.629558 9.99279E-05 9.99279E-05 9.99279E-05 9.99279E-05 0.133904 9.99279E-05 9.99279E-05 9.99279E-05 0.142909 0.0867407 0.00608889
9.99188E-05 0.322929 9.99188E-05 0.389054 9.99188E-05 9.99188E-05 9.99188E-05 9.99188E-05 9.99188E-05 0.176219 0.1109 9.99188E-05 9.99188E-05
9.99279E-05 0.717815 9.99279E-05 0.0550793 9.99279E-05 9.99279E-05 9.99279E-05 0.0762034 9.99279E-05 0.108453 0.0416499 9.99279E-05 9.99279E-05
0.602583 0.00513276 9.99189E-05 9.99189E-05 9.99189E-05 0.380157 9.99189E-05 9.99189E-05 9.99189E-05 0.0112282 9.99189E-05 9.99189E-05 9.99189E-05
0.607442 9.9946E-05 0.0430639 0.0735842 0.0175703 0.200826 9.9946E-05 9.9946E-05 9.9946E-05 0.0449701 0.0119436 9.9946E-05 9.9946E-05
0.778211 9.99279E-05 9.99279E-05 0.00661577 0.0674841 0.0224645 0.124426 9.99279E-05 9.99279E-05 9.99279E-05 9.99279E-05 9.99279E-05 9.99279E-05
0.473246 0.0375932 9.9919E-05 9.9919E-05 9.9919E-05 9.9919E-05 0.0385916 9.9919E-05 9.9919E-05 9.9919E-05 0.44967 9.9919E-05 9.9919E-05
0.611649 9.99228E-05 9.99228E-05 9.99228E-05 9.99228E-05 0.304865 9.99228E-05 9.99228E-05 0.0339674 0.0486193 9.99228E-05 9.99228E-05 9.99228E-05
0.127657 0.0716451 9.99549E-05 9.99549E-05 9.99549E-05 9.99549E-05 0.0490847 0.362249 9.99549E-05 0.0397903 0.32136 0.0167161 0.0109977
0.406357 9.99008E-05 9.99008E-05 9.99008E-05 9.99008E-05 9.99008E-05 9.99008E-05 9.99008E-05 9.99008E-05 0.592544 9.99008E-05 9.99008E-05 9.99008E-05
0.707685 0.0120713 9.99188E-05 9.99188E-05 9.99188E-05 0.275179 9.99188E-05 9.99188E-05 9.99188E-05 0.0041652 9.99188E-05 9.99188E-05 9.99188E-05
0.626384 0.0663039 9.99189E-05 9.99189E-05 9.99189E-05 9.99189E-05 9.99189E-05 0.251523 9.99189E-05 0.05489 9.99189E-05 9.99189E-05 9.99189E-05
0.563968 9.99279E-05 0.0159952 9.99279E-05 9.99279E-05 9.99279E-05 0.0345278 9.99279E-05 9.99279E-05 9.99279E-05 9.99279E-05 0.120113 0.264597
0.269188 9.99099E-05 9.99099E-05 9.99099E-05 9.99099E-05 0.616015 9.99099E-05 9.99099E-05 0.113798 9.99099E-05 9.99099E-05 9.99099E-05 9.99099E-05
0.450541 9.99188E-05 9.99188E-05 9.99188E-05 9.99188E-05 9.99188E-05 9.99188E-05 9.99188E-05 0.0624256 9.99188E-05 9.99188E-05 0.0742988 0.411835
0.703353 9.99189E-05 9.99189E-05 9.99189E-05 9.99189E-05 0.113283 9.99189E-05 0.0394063 9.99189E-05 0.143059 9.99189E-05 9.99189E-05 9.99189E-05
0.465313 0.0576743 9.99459E-05 9.99459E-05 0.00990123 9.99459E-05 9.99459E-05 0.255664 9.99459E-05 0.00399729 0.0935694 9.99459E-05 0.113281
0.592164 9.99369E-05 0.043515 9.99369E-05 9.99369E-05 0.0274237 0.0131409 0.314094 0.00896248 9.99369E-05 9.99369E-05 9.99369E-05 9.99369E-05
0.252598 9.99369E-05 0.0342649 9.99369E-05 9.99369E-05 9.99369E-05 9.99369E-05 0.248497 9.99369E-05 0.427079 0.0242664 0.012594 9.99369E-05
0.419453 0.0421871 9.99368E-05 9.99368E-05 0.186168 9.99368E-05 9.99368E-05 9.99368E-05 9.99368E-05 9.99368E-05 0.181468 0.163296 0.00672798
0.339455 9.99278E-05 9.99278E-05 9.99278E-05 0.137592 9.99278E-05 0.484958 9.99278E-05 9.99278E-05 0.0179941 9.99278E-05 0.0192008 9.99278E-05
0.569595 9.99369E-05 0.07004 0.115844 9.99369E-05 0.00422167 9.99369E-05 0.20797 0.0316284 9.99369E-05 9.99369E-05 9.99369E-05 9.99369E-05
0.661129 9.99009E-05 9.99009E-05 9.99009E-05 9.99009E-05 9.99009E-05 9.99009E-05 9.99009E-05 9.99009E-05 0.337772 9.99009E-05 9.99009E-05 9.99009E-05
0.672492 9.99459E-05 0.0456998 0.0017806 9.99459E-05 9.99459E-05 9.99459E-05 0.0873999 0.0228543 9.99459E-05 0.0417448 9.99459E-05 0.127429
0.625719 9.99099E-05 9.99099E-05 9.99099E-05 0.303131 9.99099E-05 0.0701508 9.99099E-05 9.99099E-05 9.99099E-05 9.99099E-05 9.99099E-05 9.99099E-05
0.00701068 9.9973E-05 0.0252774 0.0103705 0.026475 9.9973E-05 0.06157 0.238324 0.0286354 9.9973E-05 0.403034 0.0372496 0.161754
9.99008E-05 9.99008E-05 9.99008E-05 9.99008E-05 9.99008E-05 9.99008E-05 9.99008E-05 9.99008E-05 0.695731 0.30317 9.99008E-05 9.99008E-05 9.99008E-05
9.99369E-05 9.99369E-05 9.99369E-05 9.99369E-05 0.174966 0.0109731 0.506481 0.0994256 9.99369E-05 0.0613099 0.146145 9.99369E-05 9.99369E-05
9.99369E-05 9.99369E-05 0.00750429 9.99369E-05 0.0152524 0.0711281 9.99369E-05 0.641635 9.99369E-05 0.244 0.0197806 9.99369E-05 9.99369E-05
9.99007E-05 9.99007E-05 9.99007E-05 9.99007E-05 9.99007E-05 0.492808 9.99007E-05 9.99007E-05 0.506093 9.99007E-05 9.99007E-05 9.99007E-05 9.99007E-05
9.99368E-05 9.99368E-05 9.99368E-05 9.99368E-05 0.290735 9.99368E-05 0.0360695 0.119139 9.99368E-05 9.99368E-05 0.0586353 0.204381 0.29034
9.99369E-05 9.99369E-05 0.0150747 9.99369E-05 0.0281613 9.99369E-05 9.99369E-05 0.0100926 0.704944 9.99369E-05 9.99369E-05 0.00955066 0.231477
0.00357756 0.0486034 9.99459E-05 0.0599087 0.123509 9.99459E-05 9.99459E-05 0.332906 9.99459E-05 0.172239 0.258658 9.99459E-05 9.99459E-05
9.99099E-05 9.99099E-05 9.99099E-05 9.99099E-05 0.312771 9.99099E-05 0.0145763 9.99099E-05 0.671653 9.99099E-05 9.99099E-05 9.99099E-05 9.99099E-05
9.99189E-05 9.99189E-05 9.99189E-05 9.99189E-05 0.0309289 0.188459 9.99189E-05 9.99189E-05 0.268974 0.510739 9.99189E-05 9.99189E-05 9.99189E-05
9.99459E-05 9.99459E-05 9.99459E-05 0.0234069 0.240184 9.99459E-05 9.99459E-05 0.0131515 0.167609 9.99459E-05 0.250829 0.0312085 0.273011
9.99009E-05 9.99009E-05 9.99009E-05 9.99009E-05 9.99009E-05 9.99009E-05 0.413511 9.99009E-05 0.585391 9.99009E-05 9.99009E-05 9.99009E-05 9.99009E-05
9.99098E-05 9.99098E-05 9.99098E-05 9.99098E-05 9.99098E-05 0.469508 9.99098E-05 9.99098E-05 0.447522 0.0819705 9.99098E-05 9.99098E-05 9.99098E-05
9.99279E-05 9.99279E-05 9.99279E-05 9.99279E-05 0.115835 9.99279E-05 0.0431894 9.99279E-05 9.99279E-05 9.99279E-05 0.348125 0.291045 0.201006
9.99188E-05 9.99188E-05 9.99188E-05 9.99188E-05 0.191139 9.99188E-05 0.0426364 9.99188E-05 0.533718 9.99188E-05 9.99188E-05 0.231607 9.99188E-05
9.99368E-05 9.99368E-05 9.99368E-05 9.99368E-05 0.551468 9.99368E-05 0.0146155 0.058669 9.99368E-05 0.119912 9.99368E-05 0.199753 0.0548826
9.99008E-05 9.99008E-05 9.99008E-05 9.99008E-05 9.99008E-05 0.493283 9.99008E-05 9.99008E-05 0.505618 9.99008E-05 9.99008E-05 9.99008E-05 9.99008E-05
9.99188E-05 9.99188E-05 9.99188E-05 9.99188E-05 0.55515 9.99188E-05 0.0369859 9.99188E-05 0.261287 9.99188E-05 0.145678 9.99188E-05 9.99188E-05
0.0379161 9.99369E-05 9.99369E-05 9.99369E-05 0.0587094 9.99369E-05 9.99369E-05 0.0829907 9.99369E-05 9.99369E-05 0.471137 0.06008 0.288467
9.99278E-05 0.0600433 9.99278E-05 9.99278E-05 9.99278E-05 9.99278E-05 9.99278E-05 0.438993 0.059892 0.266668 0.173605 9.99278E-05 9.99278E-05
0.0755713 9.99551E-05 0.03635 9.99551E-05 9.99551E-05 0.0620669 0.442602 0.190098 9.99551E-05 0.0596346 0.0920465 9.99551E-05 0.0411312
9.995E-05 0.00950929 0.0445731 9.995E-05 0.34322 9.995E-05 0.234664 0.215604 0.0567388 0.0147018 0.0804884 9.995E-05 9.995E-05
9.99188E-05 9.99188E-05 9.99188E-05 9.99188E-05 9.99188E-05 0.372143 9.99188E-05 0.0347943 0.471362 0.120802 9.99188E-05 9.99188E-05 9.99188E-05
9.99549E-05 0.0566757 0.049056 9.99549E-05 0.298024 9.99549E-05 9.99549E-05 0.00622701 0.112842 0.165283 0.242832 9.99549E-05 0.0685597
9.99187E-05 0.0809444 9.99187E-05 9.99187E-05 9.99187E-05 9.99187E-05 9.99187E-05 0.285378 0.541409 9.99187E-05 0.0913695 9.99187E-05 9.99187E-05
0.168902 0.0826106 0.00899283 0.0155878 9.99549E-05 0.242232 9.99549E-05 0.404539 0.0475458 0.0290897 9.99549E-05 9.99549E-05 9.99549E-05
0.0689874 0.0677878 0.00460143 0.0105422 0.515736 9.995E-05 9.995E-05 9.995E-05 0.12645 9.995E-05 0.161013 9.995E-05 0.0443819
0.311501 9.9946E-05 0.0133619 0.115964 9.9946E-05 9.9946E-05 9.9946E-05 0.261709 0.207593 9.9946E-05 0.0644978 9.9946E-05 0.0247748
9.9937E-05 0.015695 0.046261 9.9937E-05 0.0137488 0.809408 9.9937E-05 9.9937E-05 9.9937E-05 0.0118616 9.9937E-05 0.102326 9.9937E-05
0.118276 0.0730125 9.99459E-05 9.99459E-05 9.99459E-05 0.0034068 9.99459E-05 0.406934 0.200557 0.187477 9.99459E-05 0.0097379 9.99459E-05
0.0606381 9.99639E-05 0.0196438 0.0284227 9.99639E-05 0.173991 9.99639E-05 0.210787 0.0661157 0.336067 0.0441492 9.99639E-05 0.0597862
9.9937E-05 9.9937E-05 0.0470834 9.9937E-05 9.9937E-05 0.0843823 0.0212561 0.20786 0.127434 9.9937E-05 9.9937E-05 9.9937E-05 0.511285
9.99188E-05 9.99188E-05 9.99188E-05 9.99188E-05 0.000640221 0.463385 9.99188E-05 0.254774 9.99188E-05 0.280301 9.99188E-05 9.99188E-05 9.99188E-05
9.99458E-05 9.99458E-05 9.99458E-05 9.99458E-05 0.550783 9.99458E-05 0.0621728 0.0741216 9.99458E-05 0.0164418 0.0205301 0.162227 0.113124
9.99278E-05 9.99278E-05 9.99278E-05 9.99278E-05 9.99278E-05 0.385675 9.99278E-05 0.404632 0.0374537 0.166319 9.99278E-05 9.99278E-05 0.00512023
0.0286968 9.9946E-05 9.9946E-05 9.9946E-05 0.0715466 0.128547 0.361481 0.0864793 0.316361 9.9946E-05 0.00628843 9.9946E-05 9.9946E-05
0.131485 9.99369E-05 9.99369E-05 9.99369E-05 0.351314 9.99369E-05 0.261988 0.019873 0.120092 9.99369E-05 9.99369E-05 0.11455 9.99369E-05
0.153345 9.9946E-05 0.0237341 0.118055 9.9946E-05 9.9946E-05 0.00550448 0.551526 0.113418 9.9946E-05 0.0338175 9.9946E-05 9.9946E-05
0.10327 0.00790457 9.99549E-05 0.0497689 0.0834893 9.99549E-05 9.99549E-05 0.462094 9.99549E-05 0.133702 0.139597 0.0196738 9.99549E-05
0.141183 9.99369E-05 0.0425452 0.0459656 9.99369E-05 9.99369E-05 9.99369E-05 0.649982 0.0595246 9.99369E-05 9.99369E-05 0.0601004 9.99369E-05
0.129864 9.99279E-05 9.99279E-05 9.99279E-05 0.362489 0.0516063 0.222068 0.233173 9.99279E-05 9.99279E-05 9.99279E-05 9.99279E-05 9.99279E-05
0.0343696 9.99279E-05 9.99279E-05 9.99279E-05 9.99279E-05 0.718115 9.99279E-05 0.148423 9.99279E-05 0.0372815 9.99279E-05 0.0610115 9.99279E-05
0.0301778 9.99279E-05 9.99279E-05 9.99279E-05 9.99279E-05 0.656172 9.99279E-05 0.00257304 0.307493 9.99279E-05 9.99279E-05 0.00278408 9.99279E-05
9.99279E-05 0.0353388 9.99279E-05 0.00191325 9.99279E-05 9.99279E-05 9.99279E-05 0.191892 0.207953 0.562104 9.99279E-05 9.99279E-05 9.99279E-05
9.99369E-05 9.99369E-05 0.00538798 0.0547761 9.99369E-05 0.579578 9.99369E-05 0.176004 0.167979 0.0155755 9.99369E-05 9.99369E-05 9.99369E-05
0.00187912 9.99189E-05 9.99189E-05 9.99189E-05 9.99189E-05 0.82358 9.99189E-05 9.99189E-05 9.99189E-05 9.99189E-05 9.99189E-05 0.119821 0.0538208
0.0297982 0.0226529 0.00909815 0.0726939 9.99459E-05 9.99459E-05 9.99459E-05 9.99459E-05 0.328208 0.515595 0.0213537 9.99459E-05 9.99459E-05
9.99549E-05 0.020876 9.99549E-05 9.99549E-05 0.0054729 0.057712 0.000176703 0.390147 0.0564446 0.410957 9.99549E-05 9.99549E-05 0.0577142
9.9946E-05 0.0283117 0.0342032 9.9946E-05 9.9946E-05 0.011665 0.111477 9.9946E-05 0.00545197 9.9946E-05 0.352602 0.45569 9.9946E-05
9.99279E-05 9.99279E-05 0.00464143 9.99279E-05 0.0233225 9.99279E-05 9.99279E-05 0.0396718 9.99279E-05 0.104159 9.99279E-05 0.827406 9.99279E-05
9.99278E-05 0.0918863 9.99278E-05 9.99278E-05 9.99278E-05 9.99278E-05 9.99278E-05 0.197186 9.99278E-05 0.47588 0.135756 0.0984917 9.99278E-05
9.99188E-05 9.99188E-05 9.99188E-05 9.99188E-05 0.108304 9.99188E-05 9.99188E-05 9.99188E-05 9.99188E-05 0.108276 9.99188E-05 0.616654 0.165867
0.0539143 9.99099E-05 9.99099E-05 9.99099E-05 9.99099E-05 0.00797954 9.99099E-05 9.99099E-05 9.99099E-05 9.99099E-05 9.99099E-05 0.937107 9.99099E-05
9.99368E-05 9.99368E-05 0.0467724 9.99368E-05 0.00807181 9.99368E-05 0.425444 0.0290737 9.99368E-05 0.0937785 9.99368E-05 0.39616 9.99368E-05
0.0172382 9.99279E-05 9.99279E-05 9.99279E-05 0.0728746 9.99279E-05 0.0972366 9.99279E-05 9.99279E-05 0.099869 9.99279E-05 0.711982 9.99279E-05
9.9928E-05 0.0217729 0.012294 9.9928E-05 9.9928E-05 9.9928E-05 9.9928E-05 0.0696308 9.9928E-05 0.702283 9.9928E-05 0.19322 9.9928E-05
9.991E-05 9.991E-05 9.991E-05 9.991E-05 9.991E-05 0.408806 9.991E-05 9.991E-05 0.192387 0.397808 9.991E-05 9.991E-05 9.991E-05
0.0411209 0.103633 9.993E-05 9.993E-05 0.0109239 9.993E-05 9.993E-05 0.0863499 9.993E-05 0.0630848 0.694188 9.993E-05 9.993E-05
0.0508622 9.991E-05 9.991E-05 9.991E-05 9.991E-05 9.991E-05 9.991E-05 9.991E-05 9.991E-05 0.823006 9.991E-05 0.125133 9.991E-05
9.9919E-05 0.25888 9.9919E-05 9.9919E-05 9.9919E-05 9.9919E-05 9.9919E-05 0.0754035 9.9919E-05 0.547196 9.9919E-05 0.117621 9.9919E-05
9.99369E-05 0.0599763 9.99369E-05 9.99369E-05 9.99369E-05 9.99369E-05 9.99369E-05 0.154829 9.99369E-05 0.316329 0.277745 0.1742 0.0162206
9.99369E-05 9.99369E-05 9.99369E-05 9.99369E-05 0.00956417 0.0369687 9.99369E-05 0.0545395 0.125736 0.755363 0.0171289 9.99369E-05 9.99369E-05
0.0573871 9.99549E-05 0.00199275 0.000446809 9.99549E-05 0.0879267 9.99549E-05 0.017653 9.99549E-05 0.481382 0.330619 0.0220927 9.99549E-05
9.99549E-05 0.0365239 0.0937076 0.024718 0.150275 9.99549E-05 9.99549E-05 0.0546109 0.225127 9.99549E-05 0.340737 0.0738017 9.99549E-05
9.99549E-05 0.0320883 0.018655 0.0238598 9.99549E-05 9.99549E-05 9.99549E-05 0.107552 9.99549E-05 0.515671 0.170605 0.00374188 0.127328
0.154088 0.00378889 9.99369E-05 9.99369E-05 9.99369E-05 9.99369E-05 9.99369E-05 0.0219313 9.99369E-05 0.399014 0.377751 0.0427274 9.99369E-05
9.99279E-05 9.99279E-05 9.99279E-05 9.99279E-05 0.0697365 9.99279E-05 9.99279E-05 9.99279E-05 9.99279E-05 0.00229401 0.33519 0.164222 0.427758
9.9955E-05 0.0329853 9.9955E-05 9.9955E-05 9.9955E-05 0.0127873 0.0209432 0.220371 9.9955E-05 0.0390356 0.623069 0.036271 0.0140376
9.9946E-05 9.9946E-05 0.00977449 0.0293777 9.9946E-05 0.143314 0.0347347 9.9946E-05 9.9946E-05 0.718791 9.9946E-05 0.0498448 0.0135634
0.00198027 0.0130456 9.99459E-05 0.00264568 0.100413 9.99459E-05 9.99459E-05 0.0958055 9.99459E-05 0.61094 0.174571 9.99459E-05 9.99459E-05
9.99189E-05 9.99189E-05 9.99189E-05 9.99189E-05 0.00807533 0.260313 9.99189E-05 9.99189E-05 0.152988 0.577725 9.99189E-05 9.99189E-05 9.99189E-05
9.99188E-05 9.99188E-05 9.99188E-05 9.99188E-05 0.145429 9.99188E-05 9.99188E-05 0.13815 9.99188E-05 9.99188E-05 0.4146 0.300922 9.99188E-05
9.99279E-05 0.0947827 9.99279E-05 9.99279E-05 9.99279E-05 9.99279E-05 9.99279E-05 0.321935 9.99279E-05 0.070858 0.502113 9.99279E-05 0.00951222
0.00468053 9.99369E-05 9.99369E-05 0.0165785 9.99369E-05 0.122359 9.99369E-05 9.99369E-05 0.136782 0.717284 0.00161613 9.99369E-05 9.99369E-05
0.0707051 9.9946E-05 9.9946E-05 0.0303976 9.9946E-05 9.9946E-05 0.0550271 9.9946E-05 0.279742 9.9946E-05 0.118241 0.425343 0.0199442
9.99189E-05 9.99189E-05 9.99189E-05 9.99189E-05 9.99189E-05 9.99189E-05 9.99189E-05 9.99189E-05 0.413326 9.99189E-05 0.0438361 0.0843541 0.457584
9.99369E-05 0.148548 0.0299333 9.99369E-05 9.99369E-05 0.284116 9.99369E-05 0.25051 0.00592445 0.280268 9.99369E-05 9.99369E-05 9.99369E-05
0.0956441 0.00514492 0.0266175 0.00258891 9.99459E-05 0.107632 9.99459E-05 0.239329 0.522444 9.99459E-05 9.99459E-05 9.99459E-05 9.99459E-05
9.99369E-05 0.0509794 0.030821 9.99369E-05 9.99369E-05 9.99369E-05 9.99369E-05 9.99369E-05 0.197735 0.0129297 9.99369E-05 0.372961 0.333875
9.99279E-05 0.0310113 9.99279E-05 9.99279E-05 0.0483993 9.99279E-05 0.0340027 9.99279E-05 0.370237 9.99279E-05 9.99279E-05 0.51555 9.99279E-05
9.9946E-05 0.105629 9.9946E-05 9.9946E-05 0.1248 9.9946E-05 0.00254315 9.9946E-05 0.245634 9.9946E-05 0.0719392 0.40434 0.0445157
9.9919E-05 9.9919E-05 0.00997836 9.9919E-05 9.9919E-05 0.70595 9.9919E-05 0.000577516 0.282595 9.9919E-05 9.9919E-05 9.9919E-05 9.9919E-05
9.99189E-05 0.0828182 9.99189E-05 9.99189E-05 9.99189E-05 9.99189E-05 9.99189E-05 0.242534 0.323521 0.350228 9.99189E-05 9.99189E-05 9.99189E-05
0.304207 0.0308614 9.99549E-05 0.0179503 9.99549E-05 9.99549E-05 9.99549E-05 0.275078 0.113046 9.99549E-05 0.0910736 0.0365793 0.130705
0.0228033 9.99368E-05 9.99368E-05 9.99368E-05 0.121796 9.99368E-05 9.99368E-05 9.99368E-05 0.308393 9.99368E-05 0.0241626 0.402684 0.119463
0.0564892 9.99369E-05 9.99369E-05 0.0191502 9.99369E-05 0.506618 9.99369E-05 0.172016 0.188949 0.0560787 9.99369E-05 9.99369E-05 9.99369E-05
9.99459E-05 0.0410564 0.00814673 9.99459E-05 9.99459E-05 9.99459E-05 9.99459E-05 0.430627 0.123635 0.244925 0.0944743 0.0565351 9.99459E-05
9.99278E-05 0.0676673 9.99278E-05 9.99278E-05 9.99278E-05 9.99278E-05 9.99278E-05 0.200055 0.203224 0.379386 9.99278E-05 0.148869 9.99278E-05
0.250811 9.99549E-05 0.00875999 0.014119 0.0263124 9.99549E-05 9.99549E-05 0.403274 0.269626 9.99549E-05 0.00951841 9.99549E-05 0.0170801
0.162056 9.993E-05 9.993E-05 0.00721813 0.0655021 9.993E-05 9.993E-05 0.231574 9.993E-05 0.495807 0.0371435 9.993E-05 9.993E-05
0.0401089 9.99459E-05 9.99459E-05 0.0333746 9.99459E-05 9.99459E-05 9.99459E-05 0.096524 9.99459E-05 0.130025 0.397299 0.107931 0.194138
9.99369E-05 0.0484039 9.99369E-05 9.99369E-05 9.99369E-05 9.99369E-05 9.99369E-05 0.515674 0.102806 9.99369E-05 0.196703 0.0220364 0.113678
9.9937E-05 9.9937E-05 0.024729 9.9937E-05 0.127672 9.9937E-05 0.022325 9.9937E-05 0.262263 9.9937E-05 9.9937E-05 0.437201 0.125111
9.99368E-05 9.99368E-05 0.0352169 0.132372 9.99368E-05 0.00610157 9.99368E-05 0.0204727 0.392524 0.412614 9.99368E-05 9.99368E-05 9.99368E-05
9.99369E-05 9.99369E-05 9.99369E-05 0.0293346 0.0043794 9.99369E-05 9.99369E-05 9.99369E-05 0.257422 9.99369E-05 0.296822 0.322101 0.0892411
9.99369E-05 9.99369E-05 9.99369E-05 9.99369E-05 0.160401 9.99369E-05 0.35044 9.99369E-05 0.165969 0.0107065 0.233689 0.0780943 9.99369E-05
9.99189E-05 9.99189E-05 9.99189E-05 9.99189E-05 9.99189E-05 0.129688 9.99189E-05 0.0407999 0.236557 0.592056 9.99189E-05 9.99189E-05 9.99189E-05
9.994E-05 0.0340354 9.994E-05 9.994E-05 9.994E-05 9.994E-05 9.994E-05 0.157094 0.00386833 0.414149 0.174968 0.0303583 0.184928
9.99369E-05 0.0297604 9.99369E-05 0.0320281 9.99369E-05 9.99369E-05 9.99369E-05 0.0903895 0.160131 0.601813 0.0851781 9.99369E-05 9.99369E-05
9.9946E-05 0.0181956 0.0258366 9.9946E-05 9.9946E-05 9.9946E-05 0.033386 9.9946E-05 0.0740102 9.9946E-05 0.287429 0.53708 0.0234625
9.9955E-05 0.0389469 0.0807962 0.127754 9.9955E-05 0.0368748 0.390109 9.9955E-05 0.0062662 0.0410515 0.277701 9.9955E-05 9.9955E-05
9.99459E-05 9.99459E-05 9.99459E-05 0.0659959 0.0245379 9.99459E-05 9.99459E-05 9.99459E-05 0.0581075 0.00164174 0.679374 0.164487 0.00525611
9.99279E-05 9.99279E-05 0.0104983 9.99279E-05 9.99279E-05 0.0907257 9.99279E-05 9.99279E-05 0.211944 0.664175 9.99279E-05 0.0218572 9.99279E-05
9.99459E-05 0.00144366 9.99459E-05 0.0212528 0.0839239 9.99459E-05 9.99459E-05 9.99459E-05 0.0169383 0.0386868 0.802306 0.034849 9.99459E-05
0.0332247 9.9946E-05 0.0563934 9.9946E-05 9.9946E-05 9.9946E-05 0.00553031 9.9946E-05 0.0661131 9.9946E-05 0.746901 0.0818542 0.00938361
0.0456461 9.9937E-05 9.9937E-05 9.9937E-05 9.9937E-05 9.9937E-05 0.0425541 9.9937E-05 0.0369707 9.9937E-05 0.466701 0.2387 0.168728
0.102761 9.9928E-05 9.9928E-05 9.9928E-05 0.0373174 0.0424331 9.9928E-05 9.9928E-05 9.9928E-05 0.792519 0.0241705 9.9928E-05 9.9928E-05
9.99549E-05 0.0354128 0.00203324 9.99549E-05 9.99549E-05 9.99549E-05 9.99549E-05 0.149557 0.0664086 0.367634 0.330491 0.0448471 0.00311639
9.9946E-05 9.9946E-05 0.0301618 9.9946E-05 9.9946E-05 9.9946E-05 0.0649072 9.9946E-05 0.0226208 0.106436 0.0524255 0.396327 0.326522
9.9937E-05 9.9937E-05 9.9937E-05 0.0266364 9.9937E-05 0.150177 0.0155245 9.9937E-05 0.185931 0.314158 0.306874 9.9937E-05 9.9937E-05
9.9928E-05 9.9928E-05 0.0351641 9.9928E-05 9.9928E-05 9.9928E-05 0.111255 9.9928E-05 9.9928E-05 9.9928E-05 0.674082 0.172434 0.00626585
9.9937E-05 9.9937E-05 9.9937E-05 9.9937E-05 0.313911 0.157538 0.245845 0.0942941 9.9937E-05 0.117012 0.0707 9.9937E-05 9.9937E-05
0.0662799 0.0503352 0.0105979 9.993E-05 9.993E-05 9.993E-05 9.993E-05 9.993E-05 0.121113 0.201426 0.549548 9.993E-05 9.993E-05
9.9919E-05 9.9919E-05 9.9919E-05 9.9919E-05 9.9919E-05 0.176824 9.9919E-05 9.9919E-05 0.113693 0.68923 9.9919E-05 0.0193539 9.9919E-05
9.994E-05 0.12408 9.994E-05 9.994E-05 0.0363922 9.994E-05 9.994E-05 0.298613 0.0418638 0.159559 0.290914 0.0479787 9.994E-05
0.137773 9.99549E-05 0.01512 0.0344577 9.99549E-05 0.103651 9.99549E-05 0.491922 0.0741385 0.0852751 9.99549E-05 9.99549E-05 0.0571634
0.064258 9.9955E-05 0.0081532 9.9955E-05 9.9955E-05 0.614719 9.9955E-05 0.205098 0.0325859 0.0701567 9.9955E-05 0.000896187 0.00363279
9.99278E-05 9.99278E-05 9.99278E-05 0.0404338 0.0341908 9.99278E-05 9.99278E-05 0.491785 9.99278E-05 0.253297 0.179494 9.99278E-05 9.99278E-05
0.491147 0.0297668 9.99278E-05 9.99278E-05 9.99278E-05 9.99278E-05 9.99278E-05 9.99278E-05 0.0620165 0.412665 0.00360535 9.99278E-05 9.99278E-05
9.99459E-05 0.0316963 9.99459E-05 9.99459E-05 0.0307586 9.99459E-05 9.99459E-05 0.374612 0.122121 0.301067 9.99459E-05 0.0758139 0.0633315
9.99098E-05 9.99098E-05 9.99098E-05 9.99098E-05 0.49488 9.99098E-05 9.99098E-05 0.231662 9.99098E-05 9.99098E-05 9.99098E-05 0.272459 9.99098E-05
9.99189E-05 9.99189E-05 0.011644 9.99189E-05 9.99189E-05 0.554134 9.99189E-05 0.151019 0.282303 9.99189E-05 9.99189E-05 9.99189E-05 9.99189E-05
9.99459E-05 9.99459E-05 0.0069707 0.00599069 9.99459E-05 9.99459E-05 0.61765 0.0253604 0.326542 9.99459E-05 9.99459E-05 0.0153646 0.00152259
0.366339 0.0847285 9.99458E-05 9.99458E-05 0.0164091 9.99458E-05 0.0142165 9.99458E-05 9.99458E-05 9.99458E-05 0.320531 0.174104 0.0230722
0.0621636 9.99279E-05 9.99279E-05 9.99279E-05 0.222767 0.0619218 9.99279E-05 0.0433453 9.99279E-05 9.99279E-05 9.99279E-05 9.99279E-05 0.609003
0.128361 9.99369E-05 9.99369E-05 9.99369E-05 0.00831629 0.628522 9.99369E-05 0.0704761 9.99369E-05 0.0255145 0.13811 9.99369E-05 9.99369E-05
0.0848311 9.99279E-05 9.99279E-05 9.99279E-05 9.99279E-05 0.545701 9.99279E-05 0.0351202 0.0451275 0.288421 9.99279E-05 9.99279E-05 9.99279E-05
9.9946E-05 9.9946E-05 0.00461113 9.9946E-05 0.663004 9.9946E-05 9.9946E-05 9.9946E-05 0.123214 0.0204531 0.031212 0.114545 0.0423613
9.994E-05 0.0387423 9.994E-05 0.0326251 0.0286696 9.994E-05 9.994E-05 0.36766 9.994E-05 0.353238 0.127579 9.994E-05 0.0508864
0.183957 9.99459E-05 0.0112312 0.0358597 0.082289 9.99459E-05 9.99459E-05 0.550373 9.99459E-05 0.0894261 0.0462646 9.99459E-05 9.99459E-05
0.114149 9.99189E-05 9.99189E-05 9.99189E-05 9.99189E-05 0.616325 9.99189E-05 9.99189E-05 9.99189E-05 0.219821 9.99189E-05 0.0488062 9.99189E-05
0.201166 9.9946E-05 0.00989191 9.9946E-05 0.0325105 0.0859156 9.9946E-05 0.53994 0.0050303 9.9946E-05 9.9946E-05 9.9946E-05 0.124946
0.0142756 9.99549E-05 0.0713885 9.99549E-05 0.477482 0.0361596 0.00738454 0.263463 0.0752856 9.99549E-05 9.99549E-05 0.0540612 9.99549E-05
9.99278E-05 9.99278E-05 9.99278E-05 9.99278E-05 9.99278E-05 9.99278E-05 9.99278E-05 0.126154 0.000767156 0.0210412 9.99278E-05 0.559418 0.29182
9.99189E-05 9.99189E-05 9.99189E-05 9.99189E-05 0.108122 9.99189E-05 9.99189E-05 0.148044 9.99189E-05 9.99189E-05 0.259636 9.99189E-05 0.483299
0.215023 9.99369E-05 9.99369E-05 9.99369E-05 0.242784 0.0614731 0.229937 0.246849 9.99369E-05 9.99369E-05 9.99369E-05 9.99369E-05 0.00323418
0.0762642 0.0236139 0.028229 9.9937E-05 9.9937E-05 9.9937E-05 9.9937E-05 9.9937E-05 9.9937E-05 0.775632 0.0233654 0.0721964 9.9937E-05
0.0730734 9.99279E-05 0.00911385 9.99279E-05 9.99279E-05 9.99279E-05 9.99279E-05 9.99279E-05 9.99279E-05 0.0139891 0.528244 0.37478 9.99279E-05
0.105145 9.9919E-05 9.9919E-05 9.9919E-05 9.9919E-05 9.9919E-05 9.9919E-05 9.9919E-05 0.0145363 0.687361 0.192059 9.9919E-05 9.9919E-05
0.183814 0.0455997 9.99368E-05 9.99368E-05 9.99368E-05 9.99368E-05 9.99368E-05 0.0327626 0.0308068 0.373881 0.332436 9.99368E-05 9.99368E-05
9.994E-05 0.0579054 0.0118489 9.994E-05 9.994E-05 9.994E-05 0.0507869 0.0146927 0.0304339 9.994E-05 0.706968 0.126765 9.994E-05
9.9928E-05 9.9928E-05 0.0347854 9.9928E-05 9.9928E-05 0.206718 9.9928E-05 9.9928E-05 0.0259901 0.697506 9.9928E-05 0.0342018 9.9928E-05
0.218509 9.99459E-05 9.99459E-05 0.00328065 9.99459E-05 0.379518 0.00638347 0.272809 9.99459E-05 0.030484 9.99459E-05 9.99459E-05 0.0884161
9.99369E-05 0.0128429 9.99369E-05 9.99369E-05 0.0432212 9.99369E-05 9.99369E-05 0.317169 0.0581008 0.556844 9.99369E-05 9.99369E-05 0.0111219
0.0497214 9.9937E-05 0.0389503 9.9937E-05 9.9937E-05 0.0479138 9.9937E-05 0.212321 0.0258618 9.9937E-05 9.9937E-05 9.9937E-05 0.624532
0.0170482 0.0628921 0.00518007 9.99459E-05 9.99459E-05 0.0475853 9.99459E-05 0.454992 0.118422 9.99459E-05 9.99459E-05 9.99459E-05 0.29328
9.99369E-05 0.111883 9.99369E-05 9.99369E-05 9.99369E-05 9.99369E-05 9.99369E-05 0.0469812 0.123731 0.143032 0.112935 9.99369E-05 0.460738
9.99188E-05 9.99188E-05 9.99188E-05 9.99188E-05 9.99188E-05 0.472373 0.00834192 9.99188E-05 9.99188E-05 0.26437 9.99188E-05 9.99188E-05 0.254015
9.99278E-05 0.00516059 9.99278E-05 9.99278E-05 9.99278E-05 9.99278E-05 0.646524 0.0365503 9.99278E-05 0.0817676 9.99278E-05 9.99278E-05 0.229199
0.0832205 0.18345 9.99459E-05 0.0623091 9.99459E-05 0.0795161 9.99459E-05 0.329025 9.99459E-05 0.186891 9.99459E-05 9.99459E-05 0.0749886
0.0970797 0.00934094 9.996E-05 0.0279379 0.233959 9.996E-05 9.996E-05 9.996E-05 0.0103725 0.0534097 0.0241492 0.10972 0.433632
9.99278E-05 0.0464181 9.99278E-05 9.99278E-05 9.99278E-05 9.99278E-05 0.512326 9.99278E-05 9.99278E-05 0.0334046 0.047376 9.99278E-05 0.359676
9.99369E-05 0.00293195 9.99369E-05 9.99369E-05 0.0190666 9.99369E-05 9.99369E-05 0.0387565 9.99369E-05 0.0408073 9.99369E-05 0.0260274 0.871711
9.99549E-05 0.0877789 9.99549E-05 9.99549E-05 0.0238679 9.99549E-05 9.99549E-05 0.0101037 0.0186969 0.0128296 0.0327419 0.18649 0.626991
9.99279E-05 9.99279E-05 9.99279E-05 0.0526057 9.99279E-05 9.99279E-05 0.00835673 9.99279E-05 9.99279E-05 0.0773299 9.99279E-05 0.0236948 0.837213
0.0347278 0.148784 9.99278E-05 9.99278E-05 9.99278E-05 9.99278E-05 9.99278E-05 0.357388 9.99278E-05 0.264464 9.99278E-05 9.99278E-05 0.193837
0.0530675 9.99369E-05 0.013588 0.0739542 9.99369E-05 9.99369E-05 9.99369E-05 0.187419 0.0817311 0.58954 9.99369E-05 9.99369E-05 9.99369E-05
9.99459E-05 9.99459E-05 9.99459E-05 0.00076766 9.99459E-05 9.99459E-05 0.635024 0.0205442 0.161511 0.0738337 9.99459E-05 0.0398649 0.0678539
0.171646 9.9928E-05 9.9928E-05 9.9928E-05 9.9928E-05 0.157504 0.0744128 9.9928E-05 0.018403 9.9928E-05 9.9928E-05 9.9928E-05 0.577234
0.0616244 9.99729E-05 0.0428248 0.0742349 0.108311 0.199563 0.00582293 0.352867 0.0483742 0.0969387 0.0091382 9.99729E-05 9.99729E-05
9.99189E-05 0.0395086 9.99189E-05 9.99189E-05 9.99189E-05 0.827291 9.99189E-05 9.99189E-05 0.0915453 9.99189E-05 9.99189E-05 9.99189E-05 0.0407557
9.99191E-05 9.99191E-05 9.99191E-05 9.99191E-05 9.99191E-05 0.14952 9.99191E-05 9.99191E-05 0.000700752 0.802338 9.99191E-05 9.99191E-05 0.0465424
9.99369E-05 9.99369E-05 9.99369E-05 9.99369E-05 9.99369E-05 0.783197 9.99369E-05 0.00333441 0.0109812 0.0918289 0.0779439 9.99369E-05 0.0320146
