0.406433 0.0247694 9.9892E-05 0.147404 9.9892E-05 9.9892E-05 9.9892E-05 9.9892E-05 9.9892E-05 9.9892E-05 0.0564993 0.0291916 9.9892E-05 0.334504 9.9892E-05 9.9892E-05 9.9892E-05 9.9892E-05
0.347794 9.99099E-05 9.99099E-05 0.0386933 9.99099E-05 9.99099E-05 0.0411873 9.99099E-05 9.99099E-05 0.00235165 9.99099E-05 0.0183319 0.0894466 0.426439 9.99099E-05 9.99099E-05 9.99099E-05 0.0347571
9.99098E-05 0.0134746 9.99098E-05 9.99098E-05 9.99098E-05 9.99098E-05 0.00731782 0.00643957 0.401528 0.0343373 9.99098E-05 9.99098E-05 9.99098E-05 0.334857 9.99098E-05 9.99098E-05 0.0507664 0.15028
0.400499 0.0372349 9.99201E-05 0.0052228 0.234822 0.000901848 9.99201E-05 9.99201E-05 9.99201E-05 0.0169582 0.152835 9.99201E-05 0.0235188 0.127108 9.99201E-05 9.99201E-05 9.99201E-05 9.99201E-05
0.299222 9.99098E-05 9.99098E-05 0.0760871 0.085702 9.99098E-05 0.136976 0.0365943 9.99098E-05 0.0933799 0.247235 9.99098E-05 9.99098E-05 9.99098E-05 9.99098E-05 0.0238048 9.99098E-05 9.99098E-05
9.99098E-05 9.99098E-05 9.99098E-05 0.146841 9.99098E-05 9.99098E-05 0.184571 9.99098E-05 0.0767436 9.99098E-05 0.0160143 0.00974196 9.99098E-05 0.257586 0.0165072 9.99098E-05 0.290996 9.99098E-05
0.0211387 9.98829E-05 0.00607343 9.98829E-05 9.98829E-05 0.0568978 9.98829E-05 9.98829E-05 0.361471 9.98829E-05 9.98829E-05 9.98829E-05 9.98829E-05 0.553121 9.98829E-05 9.98829E-05 9.98829E-05 9.98829E-05
9.9892E-05 9.9892E-05 9.9892E-05 0.015111 9.9892E-05 9.9892E-05 0.19875 9.9892E-05 0.177294 9.9892E-05 9.9892E-05 0.138877 9.9892E-05 0.291137 9.9892E-05 9.9892E-05 0.177632 9.9892E-05
0.113875 0.0192783 9.99099E-05 9.99099E-05 0.162129 9.99099E-05 0.267878 9.99099E-05 9.99099E-05 0.0404925 9.99099E-05 0.00930271 9.99099E-05 0.326171 9.99099E-05 9.99099E-05 0.0598756 9.99099E-05
9.98737E-05 9.98737E-05 0.0355124 9.98737E-05 9.98737E-05 0.201581 9.98737E-05 9.98737E-05 0.280179 9.98737E-05 9.98737E-05 9.98737E-05 9.98737E-05 9.98737E-05 9.98737E-05 9.98737E-05 0.481329 9.98737E-05
0.0502651 0.00811159 9.99189E-05 9.99189E-05 0.109632 9.99189E-05 0.209579 9.99189E-05 9.99189E-05 9.99189E-05 0.0361962 9.99189E-05 0.339647 0.126659 9.99189E-05 9.99189E-05 0.0322084 0.0868022
0.345534 9.99009E-05 9.99009E-05 9.99009E-05 0.0790737 9.99009E-05 0.119187 9.99009E-05 9.99009E-05 9.99009E-05 9.99009E-05 9.99009E-05 0.134964 0.00704145 9.99009E-05 0.0195097 0.29359 9.99009E-05
9.99099E-05 9.99099E-05 9.99099E-05 0.28826 0.365764 0.0282546 0.0668551 9.99099E-05 0.0757539 0.0251814 9.99099E-05 9.99099E-05 0.0234278 0.125503 9.99099E-05 9.99099E-05 9.99099E-05 9.99099E-05
9.98739E-05 9.98739E-05 0.0731057 9.98739E-05 9.98739E-05 9.98739E-05 9.98739E-05 9.98739E-05 0.128153 9.98739E-05 9.98739E-05 9.98739E-05 9.98739E-05 0.600192 9.98739E-05 9.98739E-05 0.197151 9.98739E-05
0.346576 9.98828E-05 9.98828E-05 9.98828E-05 9.98828E-05 9.98828E-05 0.14289 9.98828E-05 9.98828E-05 9.98828E-05 9.98828E-05 9.98828E-05 0.418637 0.0018997 9.98828E-05 9.98828E-05 0.0886991 9.98828E-05
9.99098E-05 0.0191979 0.0329486 0.0505055 9.99098E-05 0.28647 0.0521811 9.99098E-05 0.365089 9.99098E-05 9.99098E-05 9.99098E-05 9.99098E-05 0.139057 9.99098E-05 9.99098E-05 0.0535519 9.99098E-05
9.99009E-05 9.99009E-05 9.99009E-05 9.99009E-05 0.040317 0.0256887 9.99009E-05 9.99009E-05 0.264254 9.99009E-05 9.99009E-05 9.99009E-05 9.99009E-05 0.640857 9.99009E-05 0.0182915 0.00219361 0.00729922
9.98918E-05 9.98918E-05 9.98918E-05 0.00114695 9.98918E-05 9.98918E-05 0.0742178 9.98918E-05 0.353668 9.98918E-05 9.98918E-05 9.98918E-05 0.0168532 0.498667 9.98918E-05 9.98918E-05 9.98918E-05 0.0542483
0.208803 9.9892E-05 9.9892E-05 9.9892E-05 0.306952 9.9892E-05 0.115873 9.9892E-05 9.9892E-05 9.9892E-05 9.9892E-05 9.9892E-05 9.9892E-05 0.214204 9.9892E-05 9.9892E-05 0.0210635 0.131905
9.98739E-05 0.7493 9.98739E-05 9.98739E-05 9.98739E-05 9.98739E-05 9.98739E-05 9.98739E-05 9.98739E-05 0.0532322 0.129698 9.98739E-05 0.0663717 9.98739E-05 9.98739E-05 9.98739E-05 9.98739E-05 9.98739E-05
9.9874E-05 0.844131 9.9874E-05 9.9874E-05 0.0550504 0.0129708 9.9874E-05 9.9874E-05 9.9874E-05 9.9874E-05 0.08645 9.9874E-05 9.9874E-05 9.9874E-05 9.9874E-05 9.9874E-05 9.9874E-05 9.9874E-05
9.98827E-05 0.858705 9.98827E-05 0.00419847 9.98827E-05 9.98827E-05 9.98827E-05 9.98827E-05 9.98827E-05 9.98827E-05 0.128737 9.98827E-05 9.98827E-05 0.000945441 0.00611489 9.98827E-05 9.98827E-05 9.98827E-05
9.98739E-05 0.632563 9.98739E-05 9.98739E-05 0.247853 9.98739E-05 9.98739E-05 9.98739E-05 9.98739E-05 9.98739E-05 9.98739E-05 0.0153216 9.98739E-05 9.98739E-05 9.98739E-05 0.102863 9.98739E-05 9.98739E-05
0.0180691 0.744473 9.98919E-05 9.98919E-05 0.103957 9.98919E-05 9.98919E-05 9.98919E-05 9.98919E-05 0.00108962 9.98919E-05 0.0315615 0.099651 9.98919E-05 9.98919E-05 9.98919E-05 9.98919E-05 9.98919E-05
9.98917E-05 0.305585 0.338771 9.98917E-05 9.98917E-05 9.98917E-05 9.98917E-05 9.98917E-05 9.98917E-05 9.98917E-05 9.98917E-05 9.98917E-05 9.98917E-05 0.199303 0.095876 9.98917E-05 0.0570638 0.0022026
0.0841934 0.328423 0.0212765 9.99098E-05 9.99098E-05 9.99098E-05 0.0971556 9.99098E-05 9.99098E-05 0.137428 9.99098E-05 0.209008 0.0732962 9.99098E-05 9.99098E-05 9.99098E-05 0.0482204 9.99098E-05
9.99009E-05 0.0516494 0.500903 9.99009E-05 9.99009E-05 0.249688 9.99009E-05 0.0498923 0.0482031 0.059051 9.99009E-05 9.99009E-05 9.99009E-05 9.99009E-05 0.0395145 9.99009E-05 9.99009E-05 9.99009E-05
9.98829E-05 0.217988 9.98829E-05 9.98829E-05 9.98829E-05 9.98829E-05 9.98829E-05 9.98829E-05 9.98829E-05 0.125488 0.327047 0.204093 9.98829E-05 9.98829E-05 9.98829E-05 0.124086 9.98829E-05 9.98829E-05
9.98917E-05 0.721624 0.152198 0.0373377 9.98917E-05 0.00116909 9.98917E-05 9.98917E-05 9.98917E-05 9.98917E-05 0.0452026 9.98917E-05 9.98917E-05 0.0412701 9.98917E-05 9.98917E-05 9.98917E-05 9.98917E-05
9.9856E-05 0.878227 9.9856E-05 9.9856E-05 0.120176 9.9856E-05 9.9856E-05 9.9856E-05 9.9856E-05 9.9856E-05 9.9856E-05 9.9856E-05 9.9856E-05 9.9856E-05 9.9856E-05 9.9856E-05 9.9856E-05 9.9856E-05
9.9892E-05 0.297766 0.463308 9.9892E-05 0.0897873 9.9892E-05 9.9892E-05 9.9892E-05 9.9892E-05 9.9892E-05 9.9892E-05 9.9892E-05 0.0530041 0.00353844 9.9892E-05 0.0913978 9.9892E-05 9.9892E-05
9.99008E-05 9.99008E-05 0.458488 0.126769 9.99008E-05 9.99008E-05 9.99008E-05 9.99008E-05 9.99008E-05 0.128968 0.0376416 0.170429 9.99008E-05 0.0438314 0.0327728 9.99008E-05 9.99008E-05 9.99008E-05
9.98827E-05 0.331182 0.519259 9.98827E-05 9.98827E-05 0.00596938 9.98827E-05 0.0552013 0.0870898 9.98827E-05 9.98827E-05 9.98827E-05 9.98827E-05 9.98827E-05 9.98827E-05 9.98827E-05 9.98827E-05 9.98827E-05
9.98918E-05 0.48137 0.301969 0.00775142 9.98918E-05 9.98918E-05 9.98918E-05 9.98918E-05 0.0207183 9.98918E-05 9.98918E-05 0.0138089 9.98918E-05 0.173184 9.98918E-05 9.98918E-05 9.98918E-05 9.98918E-05
9.98829E-05 0.8331 0.00336261 0.00474104 0.145113 9.98829E-05 9.98829E-05 9.98829E-05 9.98829E-05 9.98829E-05 9.98829E-05 9.98829E-05 9.98829E-05 9.98829E-05 9.98829E-05 9.98829E-05 0.0123847 9.98829E-05
0.0417641 0.784274 9.9874E-05 9.9874E-05 9.9874E-05 9.9874E-05 9.9874E-05 9.9874E-05 9.9874E-05 0.0371146 9.9874E-05 9.9874E-05 0.135449 9.9874E-05 9.9874E-05 9.9874E-05 9.9874E-05 9.9874E-05
9.98649E-05 0.581403 0.129283 9.98649E-05 9.98649E-05 9.98649E-05 9.98649E-05 9.98649E-05 9.98649E-05 9.98649E-05 9.98649E-05 9.98649E-05 0.287817 9.98649E-05 9.98649E-05 9.98649E-05 9.98649E-05 9.98649E-05
0.0454275 0.694652 9.98829E-05 9.98829E-05 0.0927973 9.98829E-05 9.98829E-05 9.98829E-05 9.98829E-05 0.00748297 9.98829E-05 9.98829E-05 9.98829E-05 9.98829E-05 9.98829E-05 0.158342 9.98829E-05 9.98829E-05
9.98827E-05 9.98827E-05 9.98827E-05 0.055874 9.98827E-05 9.98827E-05 0.0187942 9.98827E-05 9.98827E-05 0.347639 9.98827E-05 9.98827E-05 9.98827E-05 0.0534664 0.522928 9.98827E-05 9.98827E-05 9.98827E-05
9.98829E-05 9.98829E-05 0.139638 0.0965019 9.98829E-05 0.0755731 9.98829E-05 9.98829E-05 9.98829E-05 9.98829E-05 9.98829E-05 9.98829E-05 9.98829E-05 9.98829E-05 0.673551 0.0134375 9.98829E-05 9.98829E-05
9.98919E-05 9.98919E-05 0.282931 9.98919E-05 9.98919E-05 0.000229439 9.98919E-05 0.20724 0.0776189 9.98919E-05 9.98919E-05 0.0070846 9.98919E-05 9.98919E-05 0.423697 9.98919E-05 9.98919E-05 9.98919E-05
9.99279E-05 0.00767803 0.024997 0.01024 0.120767 0.0342898 9.99279E-05 9.99279E-05 9.99279E-05 0.17301 0.0524155 0.029626 9.99279E-05 9.99279E-05 0.309387 0.23679 9.99279E-05 9.99279E-05
9.98917E-05 0.243488 0.0387718 0.090234 9.98917E-05 9.98917E-05 9.98917E-05 9.98917E-05 9.98917E-05 0.0856289 9.98917E-05 9.98917E-05 9.98917E-05 0.0726195 0.468059 9.98917E-05 9.98917E-05 9.98917E-05
9.98828E-05 9.98828E-05 0.163973 9.98828E-05 9.98828E-05 9.98828E-05 9.98828E-05 9.98828E-05 9.98828E-05 9.98828E-05 9.98828E-05 9.98828E-05 0.0548545 9.98828E-05 0.575548 9.98828E-05 0.0489257 0.1554
0.249284 9.98739E-05 9.98739E-05 9.98739E-05 9.98739E-05 9.98739E-05 9.98739E-05 9.98739E-05 9.98739E-05 0.272563 9.98739E-05 0.338076 9.98739E-05 9.98739E-05 9.98739E-05 0.138678 9.98739E-05 9.98739E-05
0.0791461 9.98829E-05 9.98829E-05 9.98829E-05 9.98829E-05 9.98829E-05 0.219482 9.98829E-05 9.98829E-05 0.45147 9.98829E-05 9.98829E-05 0.00367973 9.98829E-05 0.244924 9.98829E-05 9.98829E-05 9.98829E-05
9.98918E-05 9.98918E-05 0.429295 9.98918E-05 9.98918E-05 9.98918E-05 9.98918E-05 0.0495578 0.0417561 9.98918E-05 9.98918E-05 9.98918E-05 9.98918E-05 0.0507472 0.38461 9.98918E-05 9.98918E-05 0.042835
9.99007E-05 0.0101317 9.99007E-05 0.0186079 9.99007E-05 9.99007E-05 0.041921 9.99007E-05 9.99007E-05 0.24085 0.0528195 9.99007E-05 9.99007E-05 0.0290548 0.605516 9.99007E-05 9.99007E-05 9.99007E-05
9.98649E-05 9.98649E-05 9.98649E-05 9.98649E-05 9.98649E-05 0.549822 9.98649E-05 9.98649E-05 0.024143 9.98649E-05 9.98649E-05 9.98649E-05 9.98649E-05 9.98649E-05 0.424537 9.98649E-05 9.98649E-05 9.98649E-05
9.99009E-05 0.00481989 9.99009E-05 9.99009E-05 9.99009E-05 9.99009E-05 0.144457 9.99009E-05 9.99009E-05 0.329717 9.99009E-05 0.0482386 9.99009E-05 9.99009E-05 0.379761 0.0671772 9.99009E-05 0.0247309
9.98919E-05 9.98919E-05 0.0641996 0.0644241 9.98919E-05 0.129647 9.98919E-05 9.98919E-05 9.98919E-05 0.0269893 9.98919E-05 9.98919E-05 9.98919E-05 9.98919E-05 0.670484 0.0430574 9.98919E-05 9.98919E-05
9.9892E-05 0.0593016 9.9892E-05 9.9892E-05 0.177144 9.9892E-05 9.9892E-05 9.9892E-05 9.9892E-05 0.0414083 0.151468 9.9892E-05 9.9892E-05 9.9892E-05 0.523605 0.0458752 9.9892E-05 9.9892E-05
9.99098E-05 0.10234 0.0402711 9.99098E-05 9.99098E-05 9.99098E-05 0.0231764 9.99098E-05 9.99098E-05 0.326707 9.99098E-05 0.0703121 0.287503 9.99098E-05 0.0835056 9.99098E-05 0.0651854 9.99098E-05
9.98919E-05 0.0497808 9.98919E-05 9.98919E-05 9.98919E-05 9.98919E-05 0.320963 9.98919E-05 9.98919E-05 0.116431 9.98919E-05 0.0162699 0.152319 9.98919E-05 0.343038 9.98919E-05 9.98919E-05 9.98919E-05
0.103223 0.0344612 9.99009E-05 9.99009E-05 9.99009E-05 9.99009E-05 9.99009E-05 9.99009E-05 9.99009E-05 0.147575 9.99009E-05 0.0619102 0.0148225 9.99009E-05 0.199453 0.437456 9.99009E-05 9.99009E-05
9.98739E-05 0.313559 9.98739E-05 9.98739E-05 0.203772 9.98739E-05 9.98739E-05 9.98739E-05 9.98739E-05 9.98739E-05 9.98739E-05 0.254138 9.98739E-05 9.98739E-05 9.98739E-05 0.227133 9.98739E-05 9.98739E-05
9.98827E-05 9.98827E-05 0.111045 0.124872 9.98827E-05 9.98827E-05 9.98827E-05 9.98827E-05 9.98827E-05 0.188644 9.98827E-05 9.98827E-05 9.98827E-05 0.0555474 0.518593 9.98827E-05 9.98827E-05 9.98827E-05
9.99009E-05 0.0147721 9.99009E-05 9.99009E-05 0.138665 0.110656 9.99009E-05 9.99009E-05 9.99009E-05 0.115426 0.0395838 0.237267 9.99009E-05 9.99009E-05 0.342531 9.99009E-05 9.99009E-05 9.99009E-05
9.98917E-05 9.98917E-05 0.0628996 0.0711934 9.98917E-05 0.0906674 9.98917E-05 9.98917E-05 9.98917E-05 9.98917E-05 9.98917E-05 0.0300457 9.98917E-05 0.00616639 0.737829 9.98917E-05 9.98917E-05 9.98917E-05
9.98738E-05 9.98738E-05 9.98738E-05 9.98738E-05 9.98738E-05 9.98738E-05 9.98738E-05 9.98738E-05 9.98738E-05 0.585839 0.0888265 9.98738E-05 9.98738E-05 9.98738E-05 0.281729 0.0422077 9.98738E-05 9.98738E-05
9.99007E-05 0.0752062 9.99007E-05 9.99007E-05 9.99007E-05 9.99007E-05 0.0421426 9.99007E-05 9.99007E-05 0.502068 0.0121779 0.0339476 9.99007E-05 0.102771 0.230588 9.99007E-05 9.99007E-05 9.99007E-05
0.00873698 9.98918E-05 9.98918E-05 9.98918E-05 9.98918E-05 9.98918E-05 0.236905 9.98918E-05 9.98918E-05 0.287205 9.98918E-05 0.0361681 0.0165007 9.98918E-05 0.413286 9.98918E-05 9.98918E-05 9.98918E-05
9.98918E-05 9.98918E-05 0.525677 0.0400348 9.98918E-05 9.98918E-05 9.98918E-05 9.98918E-05 9.98918E-05 0.2079 9.98918E-05 0.0763353 9.98918E-05 0.0668393 9.98918E-05 9.98918E-05 9.98918E-05 0.0820147
9.98828E-05 0.000213423 0.0605089 9.98828E-05 0.153895 9.98828E-05 9.98828E-05 9.98828E-05 9.98828E-05 0.611488 9.98828E-05 9.98828E-05 9.98828E-05 9.98828E-05 9.98828E-05 0.172596 9.98828E-05 9.98828E-05
9.99008E-05 9.99008E-05 0.156901 9.99008E-05 9.99008E-05 9.99008E-05 9.99008E-05 0.0692784 0.367227 0.257366 9.99008E-05 0.0296506 9.99008E-05 9.99008E-05 0.105085 9.99008E-05 9.99008E-05 0.0133934
9.99278E-05 0.134374 0.0210795 9.99278E-05 0.0370082 9.99278E-05 0.142849 9.99278E-05 9.99278E-05 0.230515 9.99278E-05 0.187879 0.100421 0.0748134 0.0482765 9.99278E-05 0.0219866 9.99278E-05
9.9865E-05 9.9865E-05 9.9865E-05 9.9865E-05 9.9865E-05 9.9865E-05 0.00700087 9.9865E-05 9.9865E-05 0.89007 9.9865E-05 9.9865E-05 9.9865E-05 9.9865E-05 9.9865E-05 0.101431 9.9865E-05 9.9865E-05
9.9901E-05 9.9901E-05 9.9901E-05 9.9901E-05 9.9901E-05 0.0293895 9.9901E-05 0.00349647 0.0173032 0.767734 0.00964194 9.9901E-05 0.119742 9.9901E-05 9.9901E-05 0.0515938 9.9901E-05 9.9901E-05
0.0279745 0.0123571 0.13374 9.99007E-05 9.99007E-05 9.99007E-05 9.99007E-05 9.99007E-05 9.99007E-05 0.236871 9.99007E-05 0.459978 9.99007E-05 0.0910362 9.99007E-05 9.99007E-05 0.0369439 9.99007E-05
9.99097E-05 0.00958979 0.472717 0.00011369 9.99097E-05 9.99097E-05 9.99097E-05 9.99097E-05 9.99097E-05 0.0801147 0.166289 0.244638 9.99097E-05 0.017348 9.99097E-05 9.99097E-05 0.00819034 9.99097E-05
9.98828E-05 9.98828E-05 0.642688 9.98828E-05 9.98828E-05 0.156006 9.98828E-05 9.98828E-05 9.98828E-05 9.98828E-05 0.0369505 0.154524 9.98828E-05 9.98828E-05 9.98828E-05 9.98828E-05 9.98828E-05 0.00853295
9.98738E-05 9.98738E-05 0.376572 9.98738E-05 9.98738E-05 9.98738E-05 9.98738E-05 9.98738E-05 0.316785 0.179764 9.98738E-05 9.98738E-05 9.98738E-05 9.98738E-05 0.125481 9.98738E-05 9.98738E-05 9.98738E-05
0.0954373 0.650803 9.98738E-05 9.98738E-05 9.98738E-05 9.98738E-05 9.98738E-05 9.98738E-05 9.98738E-05 9.98738E-05 9.98738E-05 0.00904331 9.98738E-05 9.98738E-05 9.98738E-05 0.243319 9.98738E-05 9.98738E-05
9.99006E-05 9.99006E-05 0.266461 0.0343973 9.99006E-05 9.99006E-05 9.99006E-05 0.0463165 0.0935023 0.36277 9.99006E-05 9.99006E-05 9.99006E-05 0.0372182 0.158236 9.99006E-05 9.99006E-05 9.99006E-05
9.98738E-05 9.98738E-05 0.0467141 9.98738E-05 9.98738E-05 9.98738E-05 9.98738E-05 9.98738E-05 9.98738E-05 0.706409 0.0719667 0.173512 9.98738E-05 9.98738E-05 9.98738E-05 9.98738E-05 9.98738E-05 9.98738E-05
0.087686 0.0617856 0.155289 9.99098E-05 0.177716 9.99098E-05 9.99098E-05 9.99098E-05 9.99098E-05 0.13259 9.99098E-05 0.27611 0.0642197 9.99098E-05 9.99098E-05 9.99098E-05 0.0436053 9.99098E-05
9.98737E-05 0.586245 0.258802 9.98737E-05 9.98737E-05 0.0246621 9.98737E-05 9.98737E-05 0.128892 9.98737E-05 9.98737E-05 9.98737E-05 9.98737E-05 9.98737E-05 9.98737E-05 9.98737E-05 9.98737E-05 9.98737E-05
9.98649E-05 9.98649E-05 0.72421 9.98649E-05 9.98649E-05 9.98649E-05 9.98649E-05 0.0463935 0.227899 9.98649E-05 9.98649E-05 9.98649E-05 9.98649E-05 9.98649E-05 9.98649E-05 9.98649E-05 9.98649E-05 9.98649E-05
9.98647E-05 0.468817 0.422508 9.98647E-05 9.98647E-05 9.98647E-05 9.98647E-05 9.98647E-05 9.98647E-05 9.98647E-05 9.98647E-05 9.98647E-05 9.98647E-05 0.107177 9.98647E-05 9.98647E-05 9.98647E-05 9.98647E-05
9.98917E-05 0.0707336 0.39042 0.0138053 9.98917E-05 9.98917E-05 9.98917E-05 9.98917E-05 9.98917E-05 0.0505517 0.230864 0.242427 9.98917E-05 9.98917E-05 9.98917E-05 9.98917E-05 9.98917E-05 9.98917E-05
9.98829E-05 9.98829E-05 0.545653 9.98829E-05 9.98829E-05 0.275247 9.98829E-05 9.98829E-05 9.98829E-05 0.017977 0.122591 9.98829E-05 9.98829E-05 9.98829E-05 0.0372323 9.98829E-05 9.98829E-05 9.98829E-05
9.98828E-05 0.12597 0.157192 9.98828E-05 0.327227 9.98828E-05 9.98828E-05 9.98828E-05 9.98828E-05 0.312333 9.98828E-05 9.98828E-05 9.98828E-05 9.98828E-05 0.0759795 9.98828E-05 9.98828E-05 9.98828E-05
9.98828E-05 9.98828E-05 0.0421524 0.0492184 0.182169 9.98828E-05 9.98828E-05 9.98828E-05 9.98828E-05 0.318515 9.98828E-05 9.98828E-05 9.98828E-05 9.98828E-05 0.406647 9.98828E-05 9.98828E-05 9.98828E-05
9.98919E-05 0.0853045 9.98919E-05 9.98919E-05 0.396612 9.98919E-05 9.98919E-05 9.98919E-05 9.98919E-05 0.00711114 9.98919E-05 0.0409443 0.0229275 9.98919E-05 0.445902 9.98919E-05 9.98919E-05 9.98919E-05
9.98917E-05 9.98917E-05 0.147325 9.98917E-05 9.98917E-05 0.0125488 9.98917E-05 0.0693767 0.154907 0.212719 9.98917E-05 9.98917E-05 9.98917E-05 9.98917E-05 0.401925 9.98917E-05 9.98917E-05 9.98917E-05
9.98738E-05 0.0565374 9.98738E-05 9.98738E-05 9.98738E-05 9.98738E-05 9.98738E-05 9.98738E-05 9.98738E-05 0.486648 0.269646 9.98738E-05 9.98738E-05 9.98738E-05 0.185771 9.98738E-05 9.98738E-05 9.98738E-05
9.98649E-05 9.98649E-05 9.98649E-05 9.98649E-05 0.117259 9.98649E-05 9.98649E-05 9.98649E-05 9.98649E-05 0.844736 9.98649E-05 0.0365071 9.98649E-05 9.98649E-05 9.98649E-05 9.98649E-05 9.98649E-05 9.98649E-05
9.98827E-05 0.184272 9.98827E-05 9.98827E-05 9.98827E-05 9.98827E-05 9.98827E-05 0.0352564 0.115303 9.98827E-05 9.98827E-05 0.570554 9.98827E-05 0.0933157 9.98827E-05 9.98827E-05 9.98827E-05 9.98827E-05
9.98647E-05 9.98647E-05 9.98647E-05 9.98647E-05 9.98647E-05 9.98647E-05 9.98647E-05 9.98647E-05 0.286289 9.98647E-05 9.98647E-05 0.280183 9.98647E-05 9.98647E-05 0.43203 9.98647E-05 9.98647E-05 9.98647E-05
9.98648E-05 0.138805 9.98648E-05 9.98648E-05 9.98648E-05 9.98648E-05 0.10853 9.98648E-05 9.98648E-05 9.98648E-05 9.98648E-05 0.751167 9.98648E-05 9.98648E-05 9.98648E-05 9.98648E-05 9.98648E-05 9.98648E-05
9.98646E-05 9.98646E-05 9.98646E-05 9.98646E-05 9.98646E-05 9.98646E-05 9.98646E-05 9.98646E-05 0.253185 9.98646E-05 9.98646E-05 0.437584 9.98646E-05 9.98646E-05 0.307733 9.98646E-05 9.98646E-05 9.98646E-05
9.98646E-05 9.98646E-05 9.98646E-05 9.98646E-05 9.98646E-05 9.98646E-05 9.98646E-05 9.98646E-05 0.248932 9.98646E-05 9.98646E-05 0.568409 9.98646E-05 9.98646E-05 0.181161 9.98646E-05 9.98646E-05 9.98646E-05
0.144589 9.98738E-05 9.98738E-05 9.98738E-05 9.98738E-05 9.98738E-05 9.98738E-05 9.98738E-05 9.98738E-05 0.0275323 9.98738E-05 0.751052 9.98738E-05 9.98738E-05 9.98738E-05 0.0754278 9.98738E-05 9.98738E-05
9.99008E-05 9.99008E-05 9.99008E-05 0.0194151 9.99008E-05 9.99008E-05 0.07021 9.99008E-05 0.0759372 0.157531 9.99008E-05 0.320372 9.99008E-05 0.0732519 0.282184 9.99008E-05 9.99008E-05 9.99008E-05
9.98828E-05 9.98828E-05 9.98828E-05 9.98828E-05 9.98828E-05 9.98828E-05 9.98828E-05 9.98828E-05 0.0167921 9.98828E-05 9.98828E-05 0.693353 9.98828E-05 0.0698813 0.211056 9.98828E-05 0.00761945 9.98828E-05
9.98738E-05 9.98738E-05 9.98738E-05 0.44704 9.98738E-05 0.351973 9.98738E-05 0.0450813 9.98738E-05 9.98738E-05 9.98738E-05 9.98738E-05 9.98738E-05 9.98738E-05 9.98738E-05 9.98738E-05 9.98738E-05 0.154507
9.9883E-05 9.9883E-05 0.0436977 0.819297 9.9883E-05 0.0849318 0.0354464 9.9883E-05 9.9883E-05 9.9883E-05 9.9883E-05 9.9883E-05 9.9883E-05 9.9883E-05 0.0153284 9.9883E-05 9.9883E-05 9.9883E-05
9.98739E-05 9.98739E-05 9.98739E-05 0.66112 0.108808 9.98739E-05 9.98739E-05 9.98739E-05 9.98739E-05 9.98739E-05 9.98739E-05 9.98739E-05 9.98739E-05 9.98739E-05 9.98739E-05 0.0784232 9.98739E-05 0.150251
0.040001 9.98649E-05 9.98649E-05 9.98649E-05 9.98649E-05 9.98649E-05 9.98649E-05 9.98649E-05 9.98649E-05 9.98649E-05 9.98649E-05 9.98649E-05 9.98649E-05 9.98649E-05 9.98649E-05 0.00235777 9.98649E-05 0.956143
9.98737E-05 9.98737E-05 9.98737E-05 0.194126 9.98737E-05 0.303606 9.98737E-05 0.0871524 9.98737E-05 9.98737E-05 9.98737E-05 9.98737E-05 9.98737E-05 9.98737E-05 9.98737E-05 9.98737E-05 9.98737E-05 0.413717
9.99098E-05 9.99098E-05 9.99098E-05 9.99098E-05 0.00484465 9.99098E-05 0.138144 9.99098E-05 9.99098E-05 0.00155375 0.0605516 0.0600641 9.99098E-05 0.386995 9.99098E-05 0.0178783 9.99098E-05 0.328969
9.98827E-05 9.98827E-05 9.98827E-05 0.205159 9.98827E-05 0.0169034 9.98827E-05 9.98827E-05 0.447069 9.98827E-05 9.98827E-05 9.98827E-05 9.98827E-05 0.00829196 9.98827E-05 9.98827E-05 9.98827E-05 0.321278
9.98648E-05 9.98648E-05 9.98648E-05 0.458549 9.98648E-05 0.298596 9.98648E-05 9.98648E-05 9.98648E-05 9.98648E-05 9.98648E-05 9.98648E-05 9.98648E-05 9.98648E-05 9.98648E-05 9.98648E-05 9.98648E-05 0.241357
9.98828E-05 9.98828E-05 9.98828E-05 0.691726 9.98828E-05 9.98828E-05 9.98828E-05 9.98828E-05 9.98828E-05 9.98828E-05 9.98828E-05 9.98828E-05 0.0165537 0.0798928 9.98828E-05 9.98828E-05 0.0962471 0.114282
0.0749637 0.00387742 9.99009E-05 0.192605 9.99009E-05 9.99009E-05 9.99009E-05 9.99009E-05 9.99009E-05 0.0798571 0.249907 9.99009E-05 0.141558 9.99009E-05 9.99009E-05 9.99009E-05 9.99009E-05 0.256133
9.98829E-05 9.98829E-05 9.98829E-05 0.163242 9.98829E-05 0.502165 9.98829E-05 0.198985 9.98829E-05 9.98829E-05 9.98829E-05 9.98829E-05 9.98829E-05 9.98829E-05 0.0345708 9.98829E-05 9.98829E-05 0.0997384
0.0160413 9.99189E-05 9.99189E-05 0.274061 0.00172376 9.99189E-05 9.99189E-05 0.000486023 0.00902246 0.022937 9.99189E-05 9.99189E-05 0.457123 9.99189E-05 9.99189E-05 9.99189E-05 0.0319217 0.185784
9.98738E-05 9.98738E-05 9.98738E-05 0.456137 9.98738E-05 0.179919 9.98738E-05 9.98738E-05 9.98738E-05 9.98738E-05 9.98738E-05 9.98738E-05 9.98738E-05 0.0279438 9.98738E-05 9.98738E-05 9.98738E-05 0.334602
9.99098E-05 9.99098E-05 9.99098E-05 0.302169 9.99098E-05 9.99098E-05 0.0225467 9.99098E-05 9.99098E-05 0.0276567 0.0625063 0.00532489 0.104096 0.194761 9.99098E-05 9.99098E-05 9.99098E-05 0.27994
9.99098E-05 0.00499009 0.00111593 0.302432 9.99098E-05 0.0412299 9.99098E-05 9.99098E-05 9.99098E-05 9.99098E-05 0.368392 9.99098E-05 9.99098E-05 0.0356937 9.99098E-05 9.99098E-05 0.00462034 0.240528
9.99098E-05 0.0234253 0.0374332 0.0591038 9.99098E-05 0.123678 9.99098E-05 9.99098E-05 0.0613225 9.99098E-05 0.000961383 9.99098E-05 9.99098E-05 0.418525 9.99098E-05 9.99098E-05 9.99098E-05 0.274551
0.0669065 9.99007E-05 9.99007E-05 0.232004 0.162609 9.99007E-05 0.185404 9.99007E-05 9.99007E-05 0.0975086 9.99007E-05 9.99007E-05 0.024476 9.99007E-05 9.99007E-05 9.99007E-05 9.99007E-05 0.229993
9.98737E-05 9.98737E-05 9.98737E-05 0.214464 0.455482 9.98737E-05 9.98737E-05 9.98737E-05 9.98737E-05 9.98737E-05 9.98737E-05 9.98737E-05 9.98737E-05 9.98737E-05 9.98737E-05 0.210199 9.98737E-05 0.118457
9.98739E-05 9.98739E-05 0.0484394 0.835351 9.98739E-05 9.98739E-05 9.98739E-05 9.98739E-05 9.98739E-05 9.98739E-05 9.98739E-05 9.98739E-05 9.98739E-05 9.98739E-05 0.0046601 9.98739E-05 0.110151 9.98739E-05
9.99008E-05 9.99008E-05 0.0543212 0.257298 9.99008E-05 0.069508 9.99008E-05 0.00857077 0.0496605 9.99008E-05 9.99008E-05 9.99008E-05 9.99008E-05 0.0439775 9.99008E-05 9.99008E-05 9.99008E-05 0.515566
9.98828E-05 0.010674 9.98828E-05 0.286007 9.98828E-05 9.98828E-05 9.98828E-05 9.98828E-05 9.98828E-05 9.98828E-05 0.418929 9.98828E-05 0.000929838 9.98828E-05 9.98828E-05 9.98828E-05 9.98828E-05 0.282162
9.98739E-05 9.98739E-05 9.98739E-05 0.438974 0.37536 9.98739E-05 9.98739E-05 9.98739E-05 9.98739E-05 9.98739E-05 0.0391674 9.98739E-05 9.98739E-05 9.98739E-05 9.98739E-05 9.98739E-05 9.98739E-05 0.145101
0.128338 0.00570068 9.99279E-05 9.99279E-05 9.99279E-05 9.99279E-05 0.193237 0.0269043 9.99279E-05 0.0850971 0.167321 9.99279E-05 0.0601647 0.192883 9.99279E-05 0.10394 9.99279E-05 0.0356146
0.00824535 9.98917E-05 9.98917E-05 9.98917E-05 9.98917E-05 9.98917E-05 9.98917E-05 0.157766 0.19247 9.98917E-05 9.98917E-05 9.98917E-05 9.98917E-05 0.00942727 9.98917E-05 9.98917E-05 0.608159 0.0227334
9.98917E-05 9.98917E-05 9.98917E-05 0.0145889 0.201504 9.98917E-05 0.163056 0.0432907 9.98917E-05 9.98917E-05 9.98917E-05 9.98917E-05 9.98917E-05 0.16497 9.98917E-05 0.411391 9.98917E-05 9.98917E-05
9.98918E-05 9.98918E-05 0.0591985 0.00257434 9.98918E-05 0.00658453 9.98918E-05 0.127767 9.98918E-05 9.98918E-05 0.0938475 9.98918E-05 9.98918E-05 0.708829 9.98918E-05 9.98918E-05 9.98918E-05 9.98918E-05
9.98738E-05 9.98738E-05 9.98738E-05 0.0685031 9.98738E-05 0.0393093 9.98738E-05 0.889893 9.98738E-05 9.98738E-05 9.98738E-05 9.98738E-05 9.98738E-05 9.98738E-05 9.98738E-05 9.98738E-05 0.000896391 9.98738E-05
0.0485454 9.98917E-05 9.98917E-05 9.98917E-05 0.149567 9.98917E-05 0.2438 9.98917E-05 9.98917E-05 9.98917E-05 9.98917E-05 9.98917E-05 0.344394 0.146279 9.98917E-05 0.0662167 9.98917E-05 9.98917E-05
0.0326377 0.0325705 9.99008E-05 9.99008E-05 0.0200937 9.99008E-05 9.99008E-05 0.423778 9.99008E-05 9.99008E-05 0.00918589 9.99008E-05 0.184143 9.99008E-05 9.99008E-05 9.99008E-05 0.296492 9.99008E-05
9.98918E-05 9.98918E-05 9.98918E-05 0.215853 9.98918E-05 9.98918E-05 0.316448 0.0669911 9.98918E-05 0.020743 9.98918E-05 0.0044265 9.98918E-05 0.37434 9.98918E-05 9.98918E-05 9.98918E-05 9.98918E-05
9.98648E-05 9.98648E-05 9.98648E-05 9.98648E-05 0.34306 9.98648E-05 9.98648E-05 0.0860005 9.98648E-05 9.98648E-05 9.98648E-05 9.98648E-05 9.98648E-05 9.98648E-05 9.98648E-05 9.98648E-05 0.569442 9.98648E-05
9.98919E-05 9.98919E-05 0.0123666 9.98919E-05 9.98919E-05 9.98919E-05 0.00792709 0.572268 0.198661 9.98919E-05 9.98919E-05 9.98919E-05 9.98919E-05 0.196501 9.98919E-05 0.0110771 9.98919E-05 9.98919E-05
9.99008E-05 9.99008E-05 9.99008E-05 9.99008E-05 0.0258305 9.99008E-05 0.471609 0.0713468 9.99008E-05 0.043354 0.176566 9.99008E-05 0.189351 9.99008E-05 9.99008E-05 0.020844 9.99008E-05 9.99008E-05
9.98738E-05 9.98738E-05 9.98738E-05 9.98738E-05 0.273998 9.98738E-05 9.98738E-05 0.0266613 9.98738E-05 9.98738E-05 9.98738E-05 9.98738E-05 9.98738E-05 9.98738E-05 9.98738E-05 0.220694 0.477249 9.98738E-05
9.98739E-05 9.98739E-05 9.98739E-05 0.0241593 9.98739E-05 9.98739E-05 9.98739E-05 0.891129 0.0756316 9.98739E-05 9.98739E-05 9.98739E-05 9.98739E-05 9.98739E-05 9.98739E-05 9.98739E-05 9.98739E-05 0.00768232
0.249257 9.98918E-05 9.98918E-05 9.98918E-05 0.0134764 9.98918E-05 0.353714 9.98918E-05 9.98918E-05 9.98918E-05 9.98918E-05 9.98918E-05 0.216922 0.0507839 9.98918E-05 0.114648 9.98918E-05 9.98918E-05
0.0205145 9.98918E-05 9.98918E-05 9.98918E-05 0.311181 9.98918E-05 0.183353 0.0642737 9.98918E-05 0.0266161 9.98918E-05 9.98918E-05 9.98918E-05 9.98918E-05 9.98918E-05 9.98918E-05 0.392862 9.98918E-05
0.0349019 9.98827E-05 9.98827E-05 9.98827E-05 0.499513 9.98827E-05 0.0679479 9.98827E-05 9.98827E-05 9.98827E-05 9.98827E-05 9.98827E-05 0.130611 0.265728 9.98827E-05 9.98827E-05 9.98827E-05 9.98827E-05
9.98649E-05 9.98649E-05 9.98649E-05 9.98649E-05 9.98649E-05 0.136842 9.98649E-05 0.724812 9.98649E-05 9.98649E-05 9.98649E-05 9.98649E-05 9.98649E-05 9.98649E-05 9.98649E-05 9.98649E-05 0.136848 9.98649E-05
9.98646E-05 9.98646E-05 9.98646E-05 9.98646E-05 0.328276 9.98646E-05 0.446469 0.223756 9.98646E-05 9.98646E-05 9.98646E-05 9.98646E-05 9.98646E-05 9.98646E-05 9.98646E-05 9.98646E-05 9.98646E-05 9.98646E-05
0.0452677 9.98919E-05 9.98919E-05 0.0851266 9.98919E-05 9.98919E-05 0.557642 9.98919E-05 9.98919E-05 9.98919E-05 0.0923844 9.98919E-05 0.213776 0.00460495 9.98919E-05 9.98919E-05 9.98919E-05 9.98919E-05
0.0169963 0.0147727 9.99279E-05 9.99279E-05 9.99279E-05 9.99279E-05 0.0227924 0.078992 9.99279E-05 0.00546364 9.99279E-05 0.0852007 0.019628 0.710374 9.99279E-05 9.99279E-05 0.0417929 0.00318822
0.0178115 0.00413363 0.0558925 9.99011E-05 9.99011E-05 9.99011E-05 9.99011E-05 9.99011E-05 9.99011E-05 9.99011E-05 0.0855379 9.99011E-05 9.99011E-05 0.227449 9.99011E-05 0.504979 9.99011E-05 0.103098
9.99008E-05 0.0346424 9.99008E-05 9.99008E-05 0.207626 9.99008E-05 0.160403 0.120502 9.99008E-05 9.99008E-05 0.0374766 9.99008E-05 9.99008E-05 0.211825 9.99008E-05 0.226425 9.99008E-05 9.99008E-05
9.98738E-05 9.98738E-05 0.00590319 9.98738E-05 9.98738E-05 9.98738E-05 9.98738E-05 0.734401 9.98738E-05 9.98738E-05 9.98738E-05 9.98738E-05 9.98738E-05 0.187154 9.98738E-05 9.98738E-05 0.0711432 9.98738E-05
9.99279E-05 0.0826724 0.0189517 9.99279E-05 0.0251264 0.0247664 0.470956 9.99279E-05 0.105298 9.99279E-05 9.99279E-05 9.99279E-05 0.074245 0.113268 0.000519709 9.99279E-05 0.0833961 9.99279E-05
9.98916E-05 9.98916E-05 9.98916E-05 9.98916E-05 9.98916E-05 9.98916E-05 0.0244664 0.203375 9.98916E-05 9.98916E-05 0.0607239 0.115796 9.98916E-05 0.195259 9.98916E-05 9.98916E-05 0.399181 9.98916E-05
9.99099E-05 9.99099E-05 0.135987 0.198883 9.99099E-05 0.150227 9.99099E-05 0.0561016 9.99099E-05 9.99099E-05 9.99099E-05 9.99099E-05 9.99099E-05 0.324897 9.99099E-05 0.00329875 0.102401 0.0272052
9.99278E-05 0.0258203 0.0307657 0.0175835 0.337275 0.00767488 0.369601 9.99278E-05 9.99278E-05 0.0172382 9.99278E-05 9.99278E-05 0.0242118 9.99278E-05 9.99278E-05 9.99278E-05 0.0945883 0.0744417
9.98829E-05 9.98829E-05 9.98829E-05 0.0408119 9.98829E-05 9.98829E-05 0.0409209 9.98829E-05 9.98829E-05 9.98829E-05 0.788565 9.98829E-05 9.98829E-05 9.98829E-05 0.0531232 9.98829E-05 0.0752805 9.98829E-05
0.0417942 0.00426083 0.111451 9.9901E-05 0.0370429 0.595213 9.9901E-05 0.12028 0.0888587 9.9901E-05 9.9901E-05 9.9901E-05 9.9901E-05 9.9901E-05 9.9901E-05 9.9901E-05 9.9901E-05 9.9901E-05
9.99098E-05 9.99098E-05 0.00193369 0.205183 9.99098E-05 0.0705415 9.99098E-05 9.99098E-05 0.0717742 9.99098E-05 0.00695003 0.026677 9.99098E-05 0.286164 9.99098E-05 9.99098E-05 0.329777 9.99098E-05
9.99278E-05 0.0185447 0.0358802 0.0339788 9.99278E-05 0.254591 0.0126098 9.99278E-05 0.0858716 9.99278E-05 9.99278E-05 9.99278E-05 9.99278E-05 0.319963 0.0221751 9.99278E-05 0.133835 0.0817521
9.99189E-05 0.0487391 9.99189E-05 9.99189E-05 9.99189E-05 0.0632312 9.99189E-05 0.0845643 9.99189E-05 0.0109548 0.185609 9.99189E-05 0.471338 0.0442264 9.99189E-05 0.0211131 0.069325 9.99189E-05
9.98737E-05 9.98737E-05 9.98737E-05 9.98737E-05 9.98737E-05 0.382464 9.98737E-05 0.203073 9.98737E-05 9.98737E-05 9.98737E-05 9.98737E-05 9.98737E-05 0.39623 9.98737E-05 9.98737E-05 9.98737E-05 0.0168352
9.98827E-05 9.98827E-05 9.98827E-05 9.98827E-05 0.452075 9.98827E-05 0.232077 9.98827E-05 0.00403857 9.98827E-05 9.98827E-05 9.98827E-05 0.17653 0.133981 9.98827E-05 9.98827E-05 9.98827E-05 9.98827E-05
9.98828E-05 9.98828E-05 9.98828E-05 9.98828E-05 9.98828E-05 0.393078 9.98828E-05 0.0976357 9.98828E-05 9.98828E-05 0.0162968 9.98828E-05 9.98828E-05 0.431697 9.98828E-05 9.98828E-05 0.0599935 9.98828E-05
9.98918E-05 9.98918E-05 9.98918E-05 9.98918E-05 0.0430687 0.189181 0.0389999 9.98918E-05 9.98918E-05 9.98918E-05 0.0138824 9.98918E-05 9.98918E-05 9.98918E-05 9.98918E-05 0.398453 0.315217 9.98918E-05
0.0126398 9.99098E-05 9.99098E-05 0.0235538 0.473389 9.99098E-05 0.0426164 9.99098E-05 0.0830482 9.99098E-05 0.216777 9.99098E-05 9.99098E-05 9.99098E-05 9.99098E-05 0.110092 0.0368849 9.99098E-05
9.9901E-05 9.9901E-05 0.0658775 0.0510512 9.9901E-05 9.9901E-05 0.110407 9.9901E-05 9.9901E-05 9.9901E-05 0.438764 9.9901E-05 9.9901E-05 0.142725 0.0793811 9.9901E-05 0.110694 9.9901E-05
9.98918E-05 9.98918E-05 9.98918E-05 0.167348 9.98918E-05 9.98918E-05 0.1662 9.98918E-05 0.0629694 0.0344841 0.173465 9.98918E-05 9.98918E-05 0.394335 9.98918E-05 9.98918E-05 9.98918E-05 9.98918E-05
0.0326772 0.00211923 0.00222073 0.206572 9.99098E-05 9.99098E-05 9.99098E-05 9.99098E-05 9.99098E-05 9.99098E-05 0.395932 9.99098E-05 9.99098E-05 0.190553 0.000492271 9.99098E-05 0.168435 9.99098E-05
9.98918E-05 9.98918E-05 9.98918E-05 9.98918E-05 0.510135 0.133138 9.98918E-05 9.98918E-05 9.98918E-05 9.98918E-05 0.113479 9.98918E-05 9.98918E-05 0.157752 9.98918E-05 0.026692 9.98918E-05 0.0576061
0.0428941 9.98919E-05 9.98919E-05 0.112633 9.98919E-05 0.619204 9.98919E-05 0.0969933 0.0459302 9.98919E-05 9.98919E-05 9.98919E-05 9.98919E-05 0.081147 9.98919E-05 9.98919E-05 9.98919E-05 9.98919E-05
9.98739E-05 9.98739E-05 9.98739E-05 9.98739E-05 9.98739E-05 0.617293 9.98739E-05 0.130973 0.00831953 9.98739E-05 9.98739E-05 9.98739E-05 9.98739E-05 9.98739E-05 9.98739E-05 9.98739E-05 0.242016 9.98739E-05
9.98919E-05 9.98919E-05 0.0827759 0.00797451 9.98919E-05 9.98919E-05 0.0104935 9.98919E-05 0.354521 9.98919E-05 9.98919E-05 9.98919E-05 9.98919E-05 0.307886 9.98919E-05 9.98919E-05 0.235151 9.98919E-05
9.99008E-05 9.99008E-05 0.187388 0.018864 9.99008E-05 0.467455 0.0371198 0.0560136 9.99008E-05 9.99008E-05 9.99008E-05 9.99008E-05 9.99008E-05 0.0721193 9.99008E-05 9.99008E-05 0.159941 9.99008E-05
0.111626 9.9856E-05 9.9856E-05 9.9856E-05 9.9856E-05 0.886776 9.9856E-05 9.9856E-05 9.9856E-05 9.9856E-05 9.9856E-05 9.9856E-05 9.9856E-05 9.9856E-05 9.9856E-05 9.9856E-05 9.9856E-05 9.9856E-05
9.99008E-05 9.99008E-05 0.0222743 0.0578511 9.99008E-05 9.99008E-05 0.0743507 9.99008E-05 0.434619 9.99008E-05 9.99008E-05 9.99008E-05 9.99008E-05 0.00638957 0.0741428 9.99008E-05 0.329274 9.99008E-05
9.99124E-05 9.99124E-05 9.99124E-05 9.99124E-05 9.99124E-05 0.113258 9.99124E-05 0.100212 0.0582508 0.0028238 9.99124E-05 0.0100511 0.0587054 0.631473 9.99124E-05 9.99124E-05 0.0242271 9.99124E-05
0.688709 9.991E-05 9.991E-05 9.991E-05 9.991E-05 9.991E-05 0.0525604 0.0200871 9.991E-05 9.991E-05 0.0858725 0.054561 9.991E-05 9.991E-05 9.991E-05 0.0813102 0.000514335 0.0153864
0.664694 0.00882964 9.99098E-05 0.00124379 0.178077 9.99098E-05 9.99098E-05 9.99098E-05 9.99098E-05 0.0016166 9.99098E-05 9.99098E-05 0.00134512 0.129352 9.99098E-05 9.99098E-05 0.013842 9.99098E-05
0.151764 9.98918E-05 9.98918E-05 9.98918E-05 9.98918E-05 9.98918E-05 9.98918E-05 9.98918E-05 0.239919 9.98918E-05 9.98918E-05 0.0930055 9.98918E-05 0.408353 9.98918E-05 9.98918E-05 0.0191231 0.0866372
0.472351 9.98917E-05 9.98917E-05 9.98917E-05 0.147987 9.98917E-05 0.0458447 9.98917E-05 0.000896366 9.98917E-05 9.98917E-05 9.98917E-05 0.246903 0.0848201 9.98917E-05 9.98917E-05 9.98917E-05 9.98917E-05
0.884088 9.98738E-05 9.98738E-05 0.0637684 0.015615 9.98738E-05 9.98738E-05 9.98738E-05 9.98738E-05 9.98738E-05 9.98738E-05 9.98738E-05 0.03513 9.98738E-05 9.98738E-05 9.98738E-05 9.98738E-05 9.98738E-05
0.39945 0.0286944 9.99008E-05 0.050578 0.330625 9.99008E-05 9.99008E-05 9.99008E-05 0.0214885 9.99008E-05 9.99008E-05 9.99008E-05 9.99008E-05 0.0112602 9.99008E-05 0.156805 9.99008E-05 9.99008E-05
0.585244 9.98738E-05 9.98738E-05 9.98738E-05 0.28691 9.98738E-05 9.98738E-05 9.98738E-05 9.98738E-05 9.98738E-05 9.98738E-05 9.98738E-05 9.98738E-05 0.0956511 9.98738E-05 9.98738E-05 9.98738E-05 0.0307974
0.213389 9.99099E-05 0.0340234 9.99099E-05 9.99099E-05 9.99099E-05 9.99099E-05 0.018604 0.447301 9.99099E-05 9.99099E-05 0.00932036 9.99099E-05 0.259535 9.99099E-05 9.99099E-05 0.0018055 0.0150227
9.9901E-05 9.9901E-05 9.9901E-05 9.9901E-05 0.0378571 0.171891 9.9901E-05 0.360197 0.368458 9.9901E-05 9.9901E-05 9.9901E-05 0.00029694 0.0427601 9.9901E-05 9.9901E-05 0.0174416 9.9901E-05
0.038194 9.99008E-05 9.99008E-05 0.129118 9.99008E-05 9.99008E-05 0.555785 9.99008E-05 0.0235644 9.99008E-05 9.99008E-05 0.101229 9.99008E-05 0.117955 9.99008E-05 9.99008E-05 9.99008E-05 0.0330564
0.132712 9.98919E-05 9.98919E-05 0.022138 9.98919E-05 9.98919E-05 9.98919E-05 9.98919E-05 0.715861 9.98919E-05 9.98919E-05 0.0139463 9.98919E-05 0.0128737 9.98919E-05 9.98919E-05 9.98919E-05 0.10127
0.0540324 9.991E-05 0.0731078 9.991E-05 9.991E-05 9.991E-05 9.991E-05 0.00333087 0.179299 9.991E-05 9.991E-05 0.16316 9.991E-05 0.37205 9.991E-05 9.991E-05 0.0210522 0.13297
0.251561 9.98918E-05 9.98918E-05 9.98918E-05 9.98918E-05 9.98918E-05 9.98918E-05 9.98918E-05 0.0159332 9.98918E-05 9.98918E-05 0.0864674 0.0229061 0.438034 9.98918E-05 9.98918E-05 9.98918E-05 0.1839
9.98829E-05 9.98829E-05 9.98829E-05 9.98829E-05 9.98829E-05 9.98829E-05 9.98829E-05 0.15172 0.391286 9.98829E-05 9.98829E-05 9.98829E-05 9.98829E-05 0.384199 9.98829E-05 9.98829E-05 0.00416953 0.0673274
0.0840898 9.99099E-05 0.025323 9.99099E-05 9.99099E-05 0.0615 0.120968 9.99099E-05 0.323301 9.99099E-05 9.99099E-05 9.99099E-05 9.99099E-05 0.163313 9.99099E-05 0.00207249 9.99099E-05 0.218433
9.98829E-05 0.0677332 0.101613 9.98829E-05 9.98829E-05 9.98829E-05 0.646315 9.98829E-05 0.0143656 9.98829E-05 9.98829E-05 9.98829E-05 9.98829E-05 9.98829E-05 9.98829E-05 9.98829E-05 0.168674 9.98829E-05
0.0223422 0.0175564 9.99188E-05 9.99188E-05 9.99188E-05 9.99188E-05 0.04658 9.99188E-05 0.364315 0.0573893 9.99188E-05 0.044338 0.1225 0.306853 9.99188E-05 0.0172267 9.99188E-05 9.99188E-05
0.20722 9.99008E-05 9.99008E-05 0.190511 9.99008E-05 9.99008E-05 0.0718416 9.99008E-05 0.281482 9.99008E-05 9.99008E-05 0.0121245 9.99008E-05 0.151361 9.99008E-05 9.99008E-05 9.99008E-05 0.0843614
0.180351 9.98828E-05 9.98828E-05 9.98828E-05 9.98828E-05 9.98828E-05 0.286063 9.98828E-05 9.98828E-05 9.98828E-05 9.98828E-05 9.98828E-05 0.454495 0.0399666 9.98828E-05 0.0378263 9.98828E-05 9.98828E-05
0.148 9.9919E-05 0.0336874 9.9919E-05 9.9919E-05 0.0190178 0.442786 9.9919E-05 9.9919E-05 9.9919E-05 0.012818 0.0192376 9.9919E-05 0.199139 9.9919E-05 0.0312095 9.9919E-05 0.0932051
9.99099E-05 9.99099E-05 0.0153907 9.99099E-05 9.99099E-05 0.0540063 9.99099E-05 9.99099E-05 0.75347 0.00124646 0.00624598 9.99099E-05 0.0601693 0.0468888 9.99099E-05 0.0615838 9.99099E-05 9.99099E-05
9.99099E-05 9.99099E-05 9.99099E-05 0.00027218 9.99099E-05 9.99099E-05 0.0841554 9.99099E-05 0.277694 9.99099E-05 9.99099E-05 0.00674009 9.99099E-05 0.480232 0.00921755 0.0111865 9.99099E-05 0.129502
9.98919E-05 9.98919E-05 9.98919E-05 9.98919E-05 9.98919E-05 0.117491 9.98919E-05 0.214126 0.515476 9.98919E-05 9.98919E-05 9.98919E-05 0.00251298 0.106113 9.98919E-05 9.98919E-05 0.0430826 9.98919E-05
0.30552 9.99008E-05 9.99008E-05 9.99008E-05 0.0216426 9.99008E-05 0.468764 9.99008E-05 9.99008E-05 9.99008E-05 0.0154909 9.99008E-05 0.0103584 0.16127 9.99008E-05 0.0158546 9.99008E-05 9.99008E-05
0.104629 9.9901E-05 9.9901E-05 9.9901E-05 9.9901E-05 9.9901E-05 0.255163 9.9901E-05 9.9901E-05 0.0204216 9.9901E-05 0.0900059 9.9901E-05 0.484756 9.9901E-05 9.9901E-05 0.0314888 0.0124368
9.99098E-05 9.99098E-05 0.0458637 9.99098E-05 9.99098E-05 0.0271558 0.0183809 0.154678 0.519271 9.99098E-05 9.99098E-05 9.99098E-05 9.99098E-05 0.159875 9.99098E-05 9.99098E-05 0.0178175 0.0559588
0.217657 9.99009E-05 9.99009E-05 0.0293367 9.99009E-05 9.99009E-05 0.292402 9.99009E-05 9.99009E-05 0.0523403 9.99009E-05 9.99009E-05 0.0302281 9.99009E-05 9.99009E-05 0.117861 0.259076 9.99009E-05
0.0352791 9.98829E-05 9.98829E-05 9.98829E-05 9.98829E-05 9.98829E-05 0.0514699 9.98829E-05 9.98829E-05 0.00545691 9.98829E-05 9.98829E-05 0.434714 9.98829E-05 9.98829E-05 9.98829E-05 0.471782 9.98829E-05
9.99189E-05 9.99189E-05 0.176786 9.99189E-05 9.99189E-05 0.25707 9.99189E-05 0.0390491 0.0198267 9.99189E-05 9.99189E-05 0.0526968 9.99189E-05 0.380471 0.00776374 9.99189E-05 0.0529151 0.012523
9.98917E-05 9.98917E-05 0.00852752 9.98917E-05 9.98917E-05 0.179337 9.98917E-05 9.98917E-05 9.98917E-05 9.98917E-05 0.0630097 9.98917E-05 9.98917E-05 9.98917E-05 0.00323096 9.98917E-05 0.693003 0.0516929
0.329063 0.0384891 9.98829E-05 9.98829E-05 9.98829E-05 9.98829E-05 9.98829E-05 9.98829E-05 9.98829E-05 9.98829E-05 9.98829E-05 0.0472794 0.36573 9.98829E-05 9.98829E-05 9.98829E-05 0.21814 9.98829E-05
0.334791 9.98738E-05 9.98738E-05 9.98738E-05 0.14722 9.98738E-05 0.0937356 9.98738E-05 9.98738E-05 9.98738E-05 9.98738E-05 9.98738E-05 9.98738E-05 9.98738E-05 9.98738E-05 9.98738E-05 0.422855 9.98738E-05
0.179399 9.99009E-05 9.99009E-05 9.99009E-05 0.17634 9.99009E-05 0.232944 9.99009E-05 9.99009E-05 0.0660843 9.99009E-05 0.0263008 0.065343 9.99009E-05 9.99009E-05 9.99009E-05 0.252489 9.99009E-05
9.98739E-05 9.98739E-05 0.0519651 9.98739E-05 9.98739E-05 0.586769 9.98739E-05 0.106056 9.98739E-05 9.98739E-05 9.98739E-05 9.98739E-05 9.98739E-05 9.98739E-05 9.98739E-05 9.98739E-05 0.253812 9.98739E-05
9.98829E-05 9.98829E-05 0.0590248 9.98829E-05 9.98829E-05 9.98829E-05 9.98829E-05 9.98829E-05 0.101885 9.98829E-05 9.98829E-05 0.00901904 9.98829E-05 0.394301 9.98829E-05 9.98829E-05 0.434472 9.98829E-05
