9.9946E-05 9.9946E-05 0.361365 9.9946E-05 0.074007 0.0545999 0.429744 9.9946E-05 9.9946E-05 0.0734061 9.9946E-05 0.00627894
0.0644383 9.99459E-05 0.260031 9.99459E-05 0.0347041 0.0390772 0.440535 9.99459E-05 9.99459E-05 9.99459E-05 9.99459E-05 0.160615
9.99549E-05 0.0549658 9.99549E-05 9.99549E-05 9.99549E-05 0.000374773 0.204742 0.00408023 0.625831 0.0225829 9.99549E-05 0.0869233
0.0310344 0.0320853 0.583573 9.9964E-05 0.0201549 9.9964E-05 0.188008 0.0534249 9.9964E-05 0.0539031 0.0374164 9.9964E-05
0.0695615 0.0727521 0.31626 0.0447314 0.205309 9.99549E-05 9.99549E-05 0.102867 9.99549E-05 9.99549E-05 9.99549E-05 0.18802
9.99459E-05 0.305469 9.99459E-05 0.0727207 0.0551523 9.99459E-05 0.378647 9.99459E-05 0.100502 9.99459E-05 9.99459E-05 0.0869093
9.99279E-05 9.99279E-05 0.0455459 9.99279E-05 9.99279E-05 9.99279E-05 0.402852 9.99279E-05 0.515409 9.99279E-05 0.0353942 9.99279E-05
9.9937E-05 0.171029 9.9937E-05 9.9937E-05 9.9937E-05 0.118768 0.347506 9.9937E-05 0.209615 9.9937E-05 9.9937E-05 0.152383
9.9964E-05 0.0658021 0.398086 0.0318245 9.9964E-05 0.0522603 0.373305 0.0307884 9.9964E-05 0.00715229 9.9964E-05 0.0403816
9.99279E-05 0.364511 9.99279E-05 9.99279E-05 9.99279E-05 9.99279E-05 9.99279E-05 9.99279E-05 0.346671 0.0677898 0.220229 9.99279E-05
0.339776 0.074414 0.239115 9.99459E-05 0.0273591 9.99459E-05 0.204052 9.99459E-05 9.99459E-05 9.99459E-05 9.99459E-05 0.114684
0.0838594 0.245613 0.532685 9.9955E-05 9.9955E-05 0.0155257 0.0182964 0.000968904 9.9955E-05 9.9955E-05 9.9955E-05 0.102553
0.0646142 9.99639E-05 0.103132 0.0588313 0.206453 9.99639E-05 0.22987 0.201488 0.121116 9.99639E-05 0.0140964 9.99639E-05
9.99279E-05 0.16691 9.99279E-05 9.99279E-05 9.99279E-05 0.0335157 0.481557 9.99279E-05 0.317217 9.99279E-05 9.99279E-05 9.99279E-05
0.390181 0.0620214 0.354354 9.99279E-05 9.99279E-05 9.99279E-05 9.99279E-05 9.99279E-05 9.99279E-05 9.99279E-05 9.99279E-05 0.192644
0.0114547 0.0449972 9.99639E-05 0.0485613 9.99639E-05 9.99639E-05 0.192916 9.99639E-05 0.38877 0.0304234 0.281578 0.000899627
9.99189E-05 9.99189E-05 0.0402757 9.99189E-05 9.99189E-05 9.99189E-05 0.553279 9.99189E-05 0.405546 9.99189E-05 9.99189E-05 9.99189E-05
0.0314485 9.99279E-05 9.99279E-05 9.99279E-05 9.99279E-05 9.99279E-05 0.463882 9.99279E-05 0.465418 9.99279E-05 9.99279E-05 0.0384522
9.9964E-05 0.0291163 0.512007 9.9964E-05 0.0438327 0.0115357 0.194091 0.101319 0.0954266 9.9964E-05 9.9964E-05 0.0122715
0.227672 9.99189E-05 9.99189E-05 9.99189E-05 9.99189E-05 0.0257944 9.99189E-05 9.99189E-05 9.99189E-05 0.745634 9.99189E-05 9.99189E-05
9.99099E-05 9.99099E-05 9.99099E-05 9.99099E-05 9.99099E-05 9.99099E-05 9.99099E-05 0.17789 9.99099E-05 0.821111 9.99099E-05 9.99099E-05
9.99188E-05 9.99188E-05 9.99188E-05 9.99188E-05 0.0490362 9.99188E-05 0.0698197 9.99188E-05 9.99188E-05 0.880245 9.99188E-05 9.99188E-05
9.99279E-05 9.99279E-05 0.0601687 9.99279E-05 9.99279E-05 0.0259035 9.99279E-05 0.306928 9.99279E-05 0.606201 9.99279E-05 9.99279E-05
0.0542489 9.99279E-05 0.216028 9.99279E-05 9.99279E-05 0.0122353 9.99279E-05 9.99279E-05 9.99279E-05 0.716688 9.99279E-05 9.99279E-05
9.99459E-05 0.0127612 9.99459E-05 0.171323 9.99459E-05 0.0236755 0.0961478 9.99459E-05 0.230925 0.464568 9.99459E-05 9.99459E-05
0.0989107 0.0264078 0.172334 9.99459E-05 9.99459E-05 0.351687 9.99459E-05 9.99459E-05 9.99459E-05 0.315417 9.99459E-05 0.0346438
9.99279E-05 9.99279E-05 9.99279E-05 0.204655 9.99279E-05 9.99279E-05 9.99279E-05 9.99279E-05 0.0322553 0.255598 0.506693 9.99279E-05
0.204487 9.9946E-05 9.9946E-05 9.9946E-05 0.0776313 0.309014 9.9946E-05 0.149595 9.9946E-05 0.217621 9.9946E-05 0.0410519
9.99279E-05 9.99279E-05 9.99279E-05 9.99279E-05 0.0525917 9.99279E-05 0.0719782 9.99279E-05 9.99279E-05 0.853697 0.0209332 9.99279E-05
9.99189E-05 9.99189E-05 0.0445061 9.99189E-05 9.99189E-05 9.99189E-05 9.99189E-05 0.107959 9.99189E-05 0.846635 9.99189E-05 9.99189E-05
9.99371E-05 9.99371E-05 9.99371E-05 9.99371E-05 9.99371E-05 0.00645512 9.99371E-05 0.130722 0.147191 0.582452 0.13248 9.99371E-05
9.994E-05 9.994E-05 9.994E-05 0.230591 0.104182 0.366776 0.0484489 9.994E-05 9.994E-05 0.144323 0.105079 9.994E-05
9.99188E-05 9.99188E-05 9.99188E-05 9.99188E-05 9.99188E-05 9.99188E-05 9.99188E-05 9.99188E-05 0.177779 0.605269 0.216053 9.99188E-05
9.99279E-05 9.99279E-05 9.99279E-05 9.99279E-05 9.99279E-05 0.0231249 0.128423 9.99279E-05 0.17277 0.674883 9.99279E-05 9.99279E-05
9.99279E-05 0.0305306 0.0658852 9.99279E-05 9.99279E-05 9.99279E-05 9.99279E-05 0.0797133 9.99279E-05 0.823071 9.99279E-05 9.99279E-05
0.162557 9.99189E-05 0.109526 9.99189E-05 9.99189E-05 9.99189E-05 9.99189E-05 9.99189E-05 9.99189E-05 0.727018 9.99189E-05 9.99189E-05
0.329541 9.99099E-05 9.99099E-05 9.99099E-05 9.99099E-05 9.99099E-05 9.99099E-05 9.99099E-05 9.99099E-05 0.66946 9.99099E-05 9.99099E-05
9.99279E-05 9.99279E-05 0.109691 9.99279E-05 9.99279E-05 9.99279E-05 9.99279E-05 0.218467 9.99279E-05 0.66781 9.99279E-05 0.00323207
9.99278E-05 9.99278E-05 0.0387584 0.838581 9.99278E-05 9.99278E-05 0.11383 9.99278E-05 9.99278E-05 9.99278E-05 9.99278E-05 0.00803161
9.9919E-05 9.9919E-05 9.9919E-05 0.679372 0.0423441 9.9919E-05 9.9919E-05 9.9919E-05 9.9919E-05 9.9919E-05 0.277385 9.9919E-05
9.9937E-05 9.9937E-05 9.9937E-05 0.32719 9.9937E-05 0.0793994 9.9937E-05 9.9937E-05 0.179032 0.0719205 0.341758 9.9937E-05
9.99459E-05 9.99459E-05 9.99459E-05 0.433113 0.000468411 0.105583 9.99459E-05 0.381887 9.99459E-05 0.00387286 0.0744765 9.99459E-05
9.99188E-05 9.99188E-05 9.99188E-05 0.567954 9.99188E-05 9.99188E-05 0.144914 9.99188E-05 9.99188E-05 0.286233 9.99188E-05 9.99188E-05
9.9937E-05 0.0675281 9.9937E-05 0.529262 9.9937E-05 9.9937E-05 9.9937E-05 9.9937E-05 0.228543 0.119884 0.0540829 9.9937E-05
9.99189E-05 9.99189E-05 0.290013 9.99189E-05 9.99189E-05 0.615846 9.99189E-05 0.0932412 9.99189E-05 9.99189E-05 9.99189E-05 9.99189E-05
0.00194843 9.99279E-05 0.211155 0.573755 9.99279E-05 9.99279E-05 9.99279E-05 9.99279E-05 9.99279E-05 9.99279E-05 9.99279E-05 0.212342
9.99279E-05 9.99279E-05 9.99279E-05 0.396827 9.99279E-05 9.99279E-05 9.99279E-05 9.99279E-05 0.236906 0.185217 0.18025 9.99279E-05
0.0395404 0.0314011 9.99279E-05 0.831664 9.99279E-05 9.99279E-05 0.096595 9.99279E-05 9.99279E-05 9.99279E-05 9.99279E-05 9.99279E-05
9.991E-05 9.991E-05 9.991E-05 0.348579 9.991E-05 9.991E-05 9.991E-05 9.991E-05 9.991E-05 9.991E-05 0.650422 9.991E-05
0.0205778 9.9937E-05 9.9937E-05 0.615794 9.9937E-05 0.0710575 9.9937E-05 0.0396824 9.9937E-05 9.9937E-05 9.9937E-05 0.252189
9.99189E-05 9.99189E-05 9.99189E-05 0.703803 0.00637062 9.99189E-05 9.99189E-05 9.99189E-05 9.99189E-05 9.99189E-05 0.288928 9.99189E-05
0.00575473 0.0326476 9.9946E-05 0.529721 0.0683422 9.9946E-05 9.9946E-05 0.285959 9.9946E-05 0.0769763 9.9946E-05 9.9946E-05
0.234364 0.0316907 0.164684 0.293492 9.99459E-05 0.208219 9.99459E-05 9.99459E-05 9.99459E-05 0.0669508 9.99459E-05 9.99459E-05
0.20291 0.0317209 0.10871 0.454383 9.99459E-05 0.0814206 9.99459E-05 9.99459E-05 9.99459E-05 9.99459E-05 9.99459E-05 0.120256
9.9955E-05 9.9955E-05 0.0984251 0.249343 9.9955E-05 0.195023 9.9955E-05 0.362449 9.9955E-05 0.0237051 0.0100673 0.0604878
9.99279E-05 9.99279E-05 0.145427 9.99279E-05 9.99279E-05 0.216377 9.99279E-05 0.296405 9.99279E-05 0.340992 9.99279E-05 9.99279E-05
9.99458E-05 9.99458E-05 9.99458E-05 0.748865 0.0404809 0.0203965 0.0534539 9.99458E-05 0.0604127 9.99458E-05 0.0757915 9.99458E-05
0.0742849 9.9955E-05 9.9955E-05 0.441831 0.0288861 0.235354 9.9955E-05 0.0887748 9.9955E-05 0.00413865 0.12623 9.9955E-05
9.99369E-05 9.99369E-05 9.99369E-05 0.661397 0.0220448 0.0414135 0.00773473 9.99369E-05 9.99369E-05 9.99369E-05 0.26671 9.99369E-05
0.114658 9.99369E-05 0.0351937 0.731 9.99369E-05 9.99369E-05 9.99369E-05 0.0484492 9.99369E-05 9.99369E-05 9.99369E-05 0.0699998
0.0767701 9.99549E-05 0.078451 0.59967 9.99549E-05 0.145825 0.040211 9.99549E-05 9.99549E-05 0.0263007 9.99549E-05 0.0322724
0.05529 9.99369E-05 0.105456 0.624131 9.99369E-05 0.0613471 9.99369E-05 9.99369E-05 9.99369E-05 9.99369E-05 9.99369E-05 0.153076
9.99369E-05 9.99369E-05 9.99369E-05 0.239303 0.116514 0.41393 9.99369E-05 9.99369E-05 0.0566993 9.99369E-05 0.172854 9.99369E-05
9.99369E-05 9.99369E-05 9.99369E-05 0.481357 9.99369E-05 0.0213456 9.99369E-05 0.414385 9.99369E-05 0.0308446 9.99369E-05 0.0513679
9.99189E-05 9.99189E-05 9.99189E-05 0.336838 9.99189E-05 0.120063 9.99189E-05 9.99189E-05 0.542199 9.99189E-05 9.99189E-05 9.99189E-05
0.157823 0.0158398 0.136213 0.182382 9.99549E-05 0.338575 0.0822703 9.99549E-05 9.99549E-05 0.0863969 9.99549E-05 9.99549E-05
0.0207599 9.99459E-05 0.00111803 0.545275 9.99459E-05 0.0553714 9.99459E-05 0.135347 9.99459E-05 9.99459E-05 9.99459E-05 0.241528
0.289991 9.9937E-05 9.9937E-05 0.4371 9.9937E-05 0.117245 9.9937E-05 0.0506291 9.9937E-05 9.9937E-05 9.9937E-05 0.104335
9.99458E-05 9.99458E-05 0.0991871 0.0609371 9.99458E-05 0.73341 0.0549748 9.99458E-05 0.027339 0.0235525 9.99458E-05 9.99458E-05
9.99549E-05 0.0238846 9.99549E-05 0.1128 0.0307756 0.432003 0.137637 9.99549E-05 9.99549E-05 0.243467 0.0189331 9.99549E-05
9.99279E-05 9.99279E-05 9.99279E-05 0.00362732 9.99279E-05 0.441352 9.99279E-05 9.99279E-05 9.99279E-05 0.10333 0.450891 9.99279E-05
9.99369E-05 9.99369E-05 9.99369E-05 0.465612 9.99369E-05 0.00223577 9.99369E-05 9.99369E-05 0.450855 0.00378534 0.0768121 9.99369E-05
9.993E-05 9.993E-05 0.0292612 9.993E-05 9.993E-05 0.0160802 9.993E-05 0.172418 9.993E-05 0.639548 9.993E-05 0.141993
9.99188E-05 9.99188E-05 9.99188E-05 0.634729 9.99188E-05 9.99188E-05 9.99188E-05 9.99188E-05 0.245857 9.99188E-05 0.118515 9.99188E-05
0.13528 9.99279E-05 0.0696415 0.319856 9.99279E-05 0.474423 9.99279E-05 9.99279E-05 9.99279E-05 9.99279E-05 9.99279E-05 9.99279E-05
0.0305073 9.99279E-05 0.33925 9.99279E-05 9.99279E-05 0.513616 9.99279E-05 9.99279E-05 9.99279E-05 0.115827 9.99279E-05 9.99279E-05
9.99188E-05 9.99188E-05 9.99188E-05 9.99188E-05 9.99188E-05 9.99188E-05 9.99188E-05 9.99188E-05 0.188776 0.729948 0.0803763 9.99188E-05
9.9937E-05 9.9937E-05 9.9937E-05 0.173087 9.9937E-05 0.0136367 9.9937E-05 9.9937E-05 0.253922 0.206022 0.352633 9.9937E-05
9.99279E-05 9.99279E-05 9.99279E-05 0.0280343 9.99279E-05 9.99279E-05 0.0282665 9.99279E-05 0.19376 0.74914 9.99279E-05 9.99279E-05
9.99459E-05 9.99459E-05 9.99459E-05 0.10869 0.12668 0.375694 0.0389169 9.99459E-05 9.99459E-05 0.295359 0.0540602 9.99459E-05
9.9937E-05 9.9937E-05 9.9937E-05 0.214416 0.0313909 0.0667407 9.9937E-05 9.9937E-05 9.9937E-05 0.142435 0.544318 9.9937E-05
9.99369E-05 9.99369E-05 0.120415 0.39456 9.99369E-05 0.0534497 9.99369E-05 0.236205 9.99369E-05 0.19467 9.99369E-05 9.99369E-05
0.0244736 9.99459E-05 9.99459E-05 0.745393 0.00197467 9.99459E-05 9.99459E-05 0.202269 0.0210319 0.00425872 9.99459E-05 9.99459E-05
0.0825853 9.9946E-05 9.9946E-05 0.421847 9.9946E-05 0.0812242 9.9946E-05 0.255682 9.9946E-05 0.0964414 0.061621 9.9946E-05
9.99189E-05 9.99189E-05 9.99189E-05 0.628329 9.99189E-05 9.99189E-05 9.99189E-05 9.99189E-05 0.210522 9.99189E-05 0.160249 9.99189E-05
0.165993 9.99549E-05 9.99549E-05 0.590022 0.0773986 0.0262161 9.99549E-05 0.0264235 9.99549E-05 0.0932514 9.99549E-05 0.0201965
9.99279E-05 9.99279E-05 0.247752 0.428526 9.99279E-05 0.2254 9.99279E-05 0.0975225 9.99279E-05 9.99279E-05 9.99279E-05 9.99279E-05
9.99278E-05 9.99278E-05 9.99278E-05 9.99278E-05 9.99278E-05 0.503969 0.081521 9.99278E-05 0.207252 0.206458 9.99278E-05 9.99278E-05
9.99279E-05 9.99279E-05 9.99279E-05 0.274466 9.99279E-05 0.261251 9.99279E-05 9.99279E-05 0.453663 9.99279E-05 0.0098211 9.99279E-05
9.99278E-05 9.99278E-05 9.99278E-05 9.99278E-05 9.99278E-05 0.665982 0.00826147 9.99278E-05 9.99278E-05 0.144065 9.99278E-05 0.180891
9.99188E-05 9.99188E-05 9.99188E-05 0.260127 9.99188E-05 0.379176 9.99188E-05 9.99188E-05 0.359797 9.99188E-05 9.99188E-05 9.99188E-05
9.99188E-05 9.99188E-05 9.99188E-05 0.13299 9.99188E-05 0.481199 9.99188E-05 9.99188E-05 0.384911 9.99188E-05 9.99188E-05 9.99188E-05
0.00147943 9.99279E-05 9.99279E-05 9.99279E-05 9.99279E-05 0.682606 9.99279E-05 0.0508256 9.99279E-05 9.99279E-05 9.99279E-05 0.26429
9.99369E-05 9.99369E-05 9.99369E-05 0.408865 9.99369E-05 0.31265 0.0835234 9.99369E-05 0.158741 9.99369E-05 9.99369E-05 0.0355214
9.99369E-05 0.00783561 9.99369E-05 0.127388 9.99369E-05 0.630516 0.101342 9.99369E-05 0.132218 9.99369E-05 9.99369E-05 9.99369E-05
9.99279E-05 9.99279E-05 9.99279E-05 0.00851637 0.57672 9.99279E-05 9.99279E-05 9.99279E-05 0.0376181 9.99279E-05 0.376346 9.99279E-05
9.9955E-05 9.9955E-05 9.9955E-05 0.0850553 0.614146 9.9955E-05 9.9955E-05 0.00260756 0.0729299 0.0284478 0.18724 0.0090733
9.99369E-05 9.99369E-05 9.99369E-05 0.0180328 0.760241 9.99369E-05 9.99369E-05 0.195999 0.00231647 9.99369E-05 0.0227108 9.99369E-05
9.9919E-05 9.9919E-05 9.9919E-05 9.9919E-05 0.457493 0.074164 9.9919E-05 9.9919E-05 9.9919E-05 9.9919E-05 9.9919E-05 0.467444
9.99369E-05 0.0110987 9.99369E-05 9.99369E-05 0.583537 0.00726939 9.99369E-05 9.99369E-05 0.0706314 9.99369E-05 0.326764 9.99369E-05
9.99459E-05 9.99459E-05 0.0535208 9.99459E-05 0.150886 0.0882948 0.507927 0.0261225 9.99459E-05 9.99459E-05 9.99459E-05 0.17265
9.99098E-05 9.99098E-05 9.99098E-05 9.99098E-05 0.395165 9.99098E-05 9.99098E-05 9.99098E-05 0.603836 9.99098E-05 9.99098E-05 9.99098E-05
9.9921E-05 9.9921E-05 9.9921E-05 9.9921E-05 0.698581 9.9921E-05 9.9921E-05 9.9921E-05 0.0113796 9.9921E-05 0.28914 9.9921E-05
9.99549E-05 0.0380191 9.99549E-05 9.99549E-05 0.69039 0.0441531 0.137832 9.99549E-05 0.0529553 0.0284816 0.00766946 9.99549E-05
0.246651 9.9955E-05 0.0907724 9.9955E-05 0.558173 0.0209321 9.9955E-05 0.0376967 9.9955E-05 0.0234061 9.9955E-05 0.021869
9.99189E-05 0.0878127 9.99189E-05 9.99189E-05 0.263565 9.99189E-05 9.99189E-05 9.99189E-05 9.99189E-05 9.99189E-05 0.647723 9.99189E-05
0.433112 0.0182544 0.0655897 9.99369E-05 0.410555 9.99369E-05 9.99369E-05 9.99369E-05 0.0717886 9.99369E-05 9.99369E-05 9.99369E-05
9.99279E-05 9.99279E-05 9.99279E-05 9.99279E-05 0.702806 9.99279E-05 0.0519373 9.99279E-05 0.112458 9.99279E-05 0.132 9.99279E-05
0.119778 9.99369E-05 9.99369E-05 0.00224176 0.506232 0.0764842 0.294565 9.99369E-05 9.99369E-05 9.99369E-05 9.99369E-05 9.99369E-05
9.99369E-05 0.0576974 9.99369E-05 9.99369E-05 0.637511 9.99369E-05 0.156466 9.99369E-05 9.99369E-05 0.0683462 0.0792801 9.99369E-05
9.99459E-05 9.99459E-05 0.00978419 9.99459E-05 0.246303 9.99459E-05 0.349648 9.99459E-05 0.315943 0.046874 0.0308488 9.99459E-05
0.0259178 9.99458E-05 0.28693 9.99458E-05 0.433751 0.0638894 9.99458E-05 0.0322666 9.99458E-05 9.99458E-05 9.99458E-05 0.156646
9.99368E-05 9.99368E-05 0.118115 9.99368E-05 0.322931 0.0193191 9.99368E-05 0.50029 0.0386461 9.99368E-05 9.99368E-05 9.99368E-05
9.99549E-05 0.0784352 9.99549E-05 0.111344 0.612322 9.99549E-05 0.0435849 9.99549E-05 0.0255069 0.0820529 0.0462542 9.99549E-05
9.99189E-05 9.99189E-05 9.99189E-05 9.99189E-05 0.639364 9.99189E-05 0.048185 9.99189E-05 0.311552 9.99189E-05 9.99189E-05 9.99189E-05
0.125649 0.0588631 9.99369E-05 9.99369E-05 0.71228 9.99369E-05 9.99369E-05 9.99369E-05 9.99369E-05 0.0552838 9.99369E-05 0.0472245
9.99189E-05 9.99189E-05 0.0693347 9.99189E-05 0.649074 9.99189E-05 9.99189E-05 0.280692 9.99189E-05 9.99189E-05 9.99189E-05 9.99189E-05
0.164946 0.0479789 9.9955E-05 9.9955E-05 0.00183952 9.9955E-05 0.283616 0.0631855 9.9955E-05 0.0354391 9.9955E-05 0.402495
9.99098E-05 0.674392 9.99098E-05 9.99098E-05 9.99098E-05 9.99098E-05 9.99098E-05 9.99098E-05 0.324609 9.99098E-05 9.99098E-05 9.99098E-05
9.99459E-05 9.99459E-05 0.075616 9.99459E-05 9.99459E-05 0.0289977 0.257533 0.495987 9.99459E-05 9.99459E-05 0.0131859 0.12808
9.99459E-05 0.0247411 9.99459E-05 9.99459E-05 0.00482205 9.99459E-05 0.745776 9.99459E-05 0.0100606 0.0401249 0.173876 9.99459E-05
9.99188E-05 0.471947 9.99188E-05 9.99188E-05 9.99188E-05 9.99188E-05 9.99188E-05 9.99188E-05 0.00781064 9.99188E-05 0.519343 9.99188E-05
0.299501 9.99278E-05 0.348006 9.99278E-05 9.99278E-05 9.99278E-05 0.243565 0.108129 9.99278E-05 9.99278E-05 9.99278E-05 9.99278E-05
0.23138 0.703273 0.0247485 9.99369E-05 9.99369E-05 9.99369E-05 9.99369E-05 9.99369E-05 9.99369E-05 0.00828209 0.0316173 9.99369E-05
9.99639E-05 0.0132688 9.99639E-05 0.103168 0.0372585 0.0344317 0.577845 0.025481 0.0722112 9.99639E-05 9.99639E-05 0.135936
9.99188E-05 0.739341 0.0119353 9.99188E-05 9.99188E-05 9.99188E-05 9.99188E-05 0.247825 9.99188E-05 9.99188E-05 9.99188E-05 9.99188E-05
9.99369E-05 0.231971 9.99369E-05 9.99369E-05 9.99369E-05 9.99369E-05 0.0715039 0.0210563 0.490602 9.99369E-05 0.184167 9.99369E-05
0.3401 0.197103 0.0944379 0.0247656 0.00202194 9.99639E-05 0.0902137 0.0387345 9.99639E-05 9.99639E-05 9.99639E-05 0.212224
9.99189E-05 0.553178 9.99189E-05 9.99189E-05 9.99189E-05 0.0318644 9.99189E-05 0.414058 9.99189E-05 9.99189E-05 9.99189E-05 9.99189E-05
9.99189E-05 0.363908 9.99189E-05 9.99189E-05 9.99189E-05 9.99189E-05 9.99189E-05 9.99189E-05 0.180815 9.99189E-05 0.454377 9.99189E-05
0.214425 9.99369E-05 0.297459 9.99369E-05 9.99369E-05 9.99369E-05 0.10336 0.0601721 9.99369E-05 9.99369E-05 9.99369E-05 0.323884
9.99188E-05 0.539996 0.324972 9.99188E-05 9.99188E-05 9.99188E-05 9.99188E-05 0.134132 9.99188E-05 9.99188E-05 9.99188E-05 9.99188E-05
0.100363 9.99368E-05 0.373251 9.99368E-05 9.99368E-05 9.99368E-05 0.265336 0.212846 0.0475044 9.99368E-05 9.99368E-05 9.99368E-05
9.99189E-05 0.44632 9.99189E-05 9.99189E-05 9.99189E-05 9.99189E-05 9.99189E-05 9.99189E-05 0.0266934 9.99189E-05 0.526088 9.99189E-05
0.000490211 0.327387 0.229226 9.99458E-05 9.99458E-05 9.99458E-05 0.0335758 0.277628 9.99458E-05 9.99458E-05 9.99458E-05 0.131093
0.309829 9.99369E-05 0.0380771 9.99369E-05 0.0292676 9.99369E-05 0.213729 9.99369E-05 9.99369E-05 9.99369E-05 9.99369E-05 0.408398
9.99369E-05 0.0949361 9.99369E-05 9.99369E-05 9.99369E-05 0.0751745 0.641168 9.99369E-05 0.114691 9.99369E-05 9.99369E-05 0.0733307
9.99641E-05 9.99641E-05 9.99641E-05 9.99641E-05 0.043547 0.00488329 0.229764 0.407382 0.00586647 0.062968 0.114545 0.130644
0.00606779 0.0918798 0.0661586 9.99549E-05 9.99549E-05 9.99549E-05 0.353673 0.386747 9.99549E-05 0.0509155 9.99549E-05 0.0440581
9.99278E-05 0.432623 9.99278E-05 9.99278E-05 9.99278E-05 9.99278E-05 0.0563602 9.99278E-05 0.111031 9.99278E-05 0.399186 9.99278E-05
0.147221 0.166409 0.156975 0.0302817 9.99639E-05 9.99639E-05 0.21359 9.99639E-05 0.133209 0.0643241 9.99639E-05 0.0875899
9.99278E-05 0.598045 9.99278E-05 9.99278E-05 9.99278E-05 0.0930967 0.280815 9.99278E-05 9.99278E-05 9.99278E-05 9.99278E-05 0.0272431
9.99549E-05 0.08029 9.99549E-05 0.0169067 0.176632 0.0367338 0.34271 9.99549E-05 9.99549E-05 0.0536828 0.292546 9.99549E-05
0.163222 0.203277 0.0532344 0.032325 0.0667682 0.0252965 0.110503 0.169202 9.9982E-05 0.0147955 9.9982E-05 0.161177
0.0910265 0.304015 9.9973E-05 0.107943 0.39338 9.9973E-05 0.0272039 0.0120569 9.9973E-05 0.0127101 0.0258974 0.0254671
9.9928E-05 9.9928E-05 0.106725 9.9928E-05 9.9928E-05 9.9928E-05 9.9928E-05 9.9928E-05 0.0685417 0.0445547 0.779379 9.9928E-05
9.99639E-05 0.263136 0.0184428 9.99639E-05 0.146359 0.0526765 0.299694 9.99639E-05 0.140415 0.0219704 0.056906 9.99639E-05
0.0511858 0.0762172 9.996E-05 0.0327843 0.0740724 9.996E-05 0.306043 9.996E-05 0.228802 0.0246422 0.205853 9.996E-05
0.551152 0.144696 9.99459E-05 9.99459E-05 9.99459E-05 9.99459E-05 0.0998924 0.0356105 9.99459E-05 0.0451269 0.122922 9.99459E-05
9.99188E-05 9.99188E-05 9.99188E-05 9.99188E-05 9.99188E-05 9.99188E-05 0.364309 9.99188E-05 0.135618 9.99188E-05 0.499173 9.99188E-05
0.182311 9.99278E-05 0.323568 9.99278E-05 9.99278E-05 9.99278E-05 0.238077 0.255245 9.99278E-05 9.99278E-05 9.99278E-05 9.99278E-05
9.99243E-05 0.053429 9.99243E-05 9.99243E-05 9.99243E-05 9.99243E-05 0.466219 9.99243E-05 9.99243E-05 9.99243E-05 0.479453 9.99243E-05
9.99459E-05 0.3495 9.99459E-05 9.99459E-05 0.0261786 9.99459E-05 0.0471055 0.432674 9.99459E-05 9.99459E-05 0.135102 0.00884007
0.0498038 0.154368 0.217071 9.99639E-05 0.131951 9.99639E-05 0.0454307 0.398282 0.00187798 9.99639E-05 0.000814423 9.99639E-05
0.0162019 0.228987 0.0139306 0.120838 0.226001 9.9955E-05 0.353393 9.9955E-05 9.9955E-05 0.0401482 9.9955E-05 9.9955E-05
9.99549E-05 0.0237275 0.110471 0.0655357 0.185999 9.99549E-05 0.560396 9.99549E-05 0.0419688 9.99549E-05 9.99549E-05 0.0114025
9.99549E-05 0.168859 0.0628752 0.0336332 0.248393 9.99549E-05 0.352574 9.99549E-05 9.99549E-05 0.0763267 0.0568391 9.99549E-05
0.0574991 0.00850962 9.99459E-05 9.99459E-05 0.130223 9.99459E-05 0.30888 0.442381 9.99459E-05 9.99459E-05 0.0519072 9.99459E-05
9.99369E-05 9.99369E-05 0.062436 9.99369E-05 0.061539 9.99369E-05 0.109017 9.99369E-05 0.0423937 9.99369E-05 0.723915 9.99369E-05
9.99279E-05 0.278594 9.99279E-05 9.99279E-05 0.00775225 9.99279E-05 9.99279E-05 9.99279E-05 0.0177739 9.99279E-05 0.695081 9.99279E-05
9.99279E-05 0.236516 9.99279E-05 0.0258813 9.99279E-05 9.99279E-05 0.232418 9.99279E-05 0.504385 9.99279E-05 9.99279E-05 9.99279E-05
9.99369E-05 0.190688 9.99369E-05 0.0465429 9.99369E-05 9.99369E-05 0.138161 9.99369E-05 9.99369E-05 0.0126139 0.611294 9.99369E-05
0.054521 9.99279E-05 0.114431 9.99279E-05 0.000700248 9.99279E-05 9.99279E-05 9.99279E-05 9.99279E-05 9.99279E-05 0.829548 9.99279E-05
9.99459E-05 0.346735 9.99459E-05 0.0755666 0.0202518 9.99459E-05 9.99459E-05 9.99459E-05 0.532494 0.00921632 9.99459E-05 0.0151366
0.0250889 0.0562456 9.99459E-05 9.99459E-05 9.99459E-05 0.0089129 0.558289 9.99459E-05 0.202049 9.99459E-05 0.148814 9.99459E-05
9.9937E-05 9.9937E-05 0.314741 9.9937E-05 9.9937E-05 0.0386167 9.9937E-05 9.9937E-05 9.9937E-05 0.0378495 0.0341619 0.573931
9.99459E-05 9.99459E-05 0.870455 9.99459E-05 0.0105927 0.00379972 0.0388082 9.99459E-05 0.0500727 0.0256717 9.99459E-05 9.99459E-05
9.99369E-05 9.99369E-05 0.0811044 9.99369E-05 9.99369E-05 0.0904383 0.341051 9.99369E-05 0.379356 9.99369E-05 9.99369E-05 0.10735
0.196114 9.99278E-05 0.699356 9.99278E-05 9.99278E-05 9.99278E-05 0.0436323 9.99278E-05 0.0600991 9.99278E-05 9.99278E-05 9.99278E-05
9.99189E-05 9.99189E-05 0.847983 9.99189E-05 0.0605794 9.99189E-05 9.99189E-05 9.99189E-05 9.99189E-05 9.99189E-05 9.99189E-05 0.0905382
9.99459E-05 9.99459E-05 0.493272 9.99459E-05 0.0128473 9.99459E-05 0.0191392 0.33533 0.0700096 0.0688022 9.99459E-05 9.99459E-05
9.99459E-05 9.99459E-05 0.78649 9.99459E-05 0.0126515 0.00899499 0.0204823 0.100995 0.0697871 9.99459E-05 9.99459E-05 9.99459E-05
9.9937E-05 9.9937E-05 0.180272 9.9937E-05 9.9937E-05 0.0295181 0.139298 9.9937E-05 0.646214 0.00399828 9.9937E-05 9.9937E-05
9.9919E-05 0.163594 9.9919E-05 9.9919E-05 9.9919E-05 9.9919E-05 9.9919E-05 9.9919E-05 0.451219 9.9919E-05 0.384288 9.9919E-05
9.99368E-05 9.99368E-05 9.99368E-05 9.99368E-05 0.0407669 0.115266 0.288744 9.99368E-05 0.00399087 9.99368E-05 9.99368E-05 0.550533
9.9919E-05 9.9919E-05 0.127141 9.9919E-05 0.0368871 9.9919E-05 9.9919E-05 9.9919E-05 0.835072 9.9919E-05 9.9919E-05 9.9919E-05
9.9928E-05 9.9928E-05 0.0978724 9.9928E-05 9.9928E-05 0.23156 0.213669 9.9928E-05 0.456098 9.9928E-05 9.9928E-05 9.9928E-05
0.0038982 9.99459E-05 0.158323 9.99459E-05 9.99459E-05 0.0763152 0.360667 9.99459E-05 0.193913 9.99459E-05 9.99459E-05 0.206283
9.99279E-05 0.102671 9.99279E-05 9.99279E-05 9.99279E-05 9.99279E-05 0.230141 9.99279E-05 0.636478 9.99279E-05 0.0299103 9.99279E-05
9.99369E-05 9.99369E-05 9.99369E-05 9.99369E-05 0.0392516 9.99369E-05 0.133666 9.99369E-05 0.450968 9.99369E-05 0.058021 0.317394
9.99549E-05 0.254756 0.220558 0.0661558 9.99549E-05 9.99549E-05 0.156005 9.99549E-05 0.00140968 0.10459 9.99549E-05 0.196026
0.120355 9.99549E-05 9.99549E-05 0.0302994 9.99549E-05 0.0259692 0.229021 9.99549E-05 0.443408 0.00493507 9.99549E-05 0.145512
9.99278E-05 9.99278E-05 9.99278E-05 9.99278E-05 0.148433 9.99278E-05 0.120592 9.99278E-05 0.380684 9.99278E-05 9.99278E-05 0.349491
0.455398 9.99279E-05 0.141697 9.99279E-05 9.99279E-05 9.99279E-05 0.0756584 9.99279E-05 9.99279E-05 9.99279E-05 9.99279E-05 0.326447
0.0620485 9.9964E-05 0.0320934 9.9964E-05 0.0072811 0.0430661 0.381031 0.0138406 0.00331077 9.9964E-05 9.9964E-05 0.456929
0.0797586 9.9955E-05 9.9955E-05 0.00395999 9.9955E-05 9.9955E-05 0.00578156 0.0117324 0.77067 9.9955E-05 0.0921703 0.0354275
9.99369E-05 9.99369E-05 9.99369E-05 0.00934392 9.99369E-05 9.99369E-05 0.421125 0.0120245 0.440527 9.99369E-05 9.99369E-05 0.11628
9.99279E-05 0.133967 9.99279E-05 9.99279E-05 9.99279E-05 9.99279E-05 0.0227818 9.99279E-05 0.600816 9.99279E-05 0.241636 9.99279E-05
0.0197339 9.99279E-05 0.429188 9.99279E-05 9.99279E-05 9.99279E-05 0.23594 9.99279E-05 9.99279E-05 9.99279E-05 9.99279E-05 0.314338
0.00934841 9.9928E-05 9.9928E-05 9.9928E-05 9.9928E-05 0.119922 0.546614 9.9928E-05 9.9928E-05 9.9928E-05 9.9928E-05 0.323316
9.99369E-05 0.105311 9.99369E-05 9.99369E-05 9.99369E-05 9.99369E-05 0.0796328 9.99369E-05 0.697488 9.99369E-05 0.105177 0.0116916
0.0460274 0.279374 0.380817 0.0261075 0.0411125 9.9955E-05 9.9955E-05 0.00078497 9.9955E-05 9.9955E-05 9.9955E-05 0.225277
0.484265 0.435172 0.0136293 9.99279E-05 9.99279E-05 9.99279E-05 9.99279E-05 9.99279E-05 9.99279E-05 9.99279E-05 9.99279E-05 0.0661341
9.99549E-05 0.0159674 9.99549E-05 0.00205502 9.99549E-05 0.101653 0.298163 9.99549E-05 0.213819 0.0526621 0.31518 9.99549E-05
9.99459E-05 0.602792 9.99459E-05 9.99459E-05 0.105596 9.99459E-05 0.054881 9.99459E-05 0.0183097 0.051493 0.166328 9.99459E-05
0.343823 0.175105 0.304245 9.9955E-05 9.9955E-05 0.0705479 9.9955E-05 9.9955E-05 0.0480247 0.0290521 9.9955E-05 0.0287024
9.99369E-05 0.369682 0.568472 9.99369E-05 9.99369E-05 0.0455706 9.99369E-05 0.00898202 9.99369E-05 9.99369E-05 9.99369E-05 0.00659361
0.0559621 0.265916 0.475632 9.9946E-05 9.9946E-05 0.108641 9.9946E-05 0.0112216 9.9946E-05 9.9946E-05 9.9946E-05 0.0820281
9.9919E-05 0.277013 9.9919E-05 9.9919E-05 9.9919E-05 9.9919E-05 9.9919E-05 9.9919E-05 9.9919E-05 0.00427072 0.717817 9.9919E-05
9.99279E-05 0.360921 9.99279E-05 9.99279E-05 9.99279E-05 0.0612585 0.264501 9.99279E-05 0.31252 9.99279E-05 9.99279E-05 9.99279E-05
0.159156 0.199795 0.0248365 0.0126849 0.365161 0.0485137 0.154581 9.99639E-05 9.99639E-05 9.99639E-05 9.99639E-05 0.0348722
0.144474 0.309039 0.498866 9.99279E-05 0.0468219 9.99279E-05 9.99279E-05 9.99279E-05 9.99279E-05 9.99279E-05 9.99279E-05 9.99279E-05
9.99639E-05 0.200362 9.99639E-05 0.00113103 0.0735503 9.99639E-05 0.101609 9.99639E-05 0.0559265 0.0127128 0.544071 0.0102373
9.9955E-05 0.169645 0.0393662 9.9955E-05 9.9955E-05 0.00999504 0.549325 9.9955E-05 0.138867 0.065254 9.9955E-05 0.0270478
9.99369E-05 0.248534 0.119708 9.99369E-05 9.99369E-05 0.0518918 0.245076 9.99369E-05 0.33409 9.99369E-05 9.99369E-05 9.99369E-05
0.0921479 0.370293 9.99369E-05 9.99369E-05 0.328429 9.99369E-05 0.182211 9.99369E-05 9.99369E-05 0.02622 9.99369E-05 9.99369E-05
9.99279E-05 9.99279E-05 9.99279E-05 0.0121731 0.184432 9.99279E-05 0.430745 9.99279E-05 0.371851 9.99279E-05 9.99279E-05 9.99279E-05
0.193668 9.99549E-05 0.0766978 0.0339729 0.0382194 9.99549E-05 0.273068 9.99549E-05 0.0541491 9.99549E-05 9.99549E-05 0.329725
0.115483 0.190683 0.0484012 9.99549E-05 0.00214738 0.0646699 0.532467 9.99549E-05 9.99549E-05 9.99549E-05 9.99549E-05 0.0456478
0.139252 0.277949 0.514116 9.9937E-05 9.9937E-05 9.9937E-05 9.9937E-05 0.0407078 9.9937E-05 0.0272756 9.9937E-05 9.9937E-05
9.99458E-05 0.406905 9.99458E-05 0.123694 9.99458E-05 9.99458E-05 9.99458E-05 9.99458E-05 0.411723 0.0170478 0.0276105 0.0124201
0.0831784 0.269485 0.325842 0.034502 9.99368E-05 9.99368E-05 9.99368E-05 9.99368E-05 9.99368E-05 9.99368E-05 9.99368E-05 0.286293
9.99459E-05 0.189093 0.221999 9.99459E-05 9.99459E-05 9.99459E-05 0.057991 0.317425 0.0139463 9.99459E-05 9.99459E-05 0.198946
9.99279E-05 0.225785 9.99279E-05 9.99279E-05 9.99279E-05 9.99279E-05 0.0273792 9.99279E-05 0.635221 9.99279E-05 0.110816 9.99279E-05
0.167995 9.99369E-05 9.99369E-05 9.99369E-05 9.99369E-05 0.0368122 0.387456 9.99369E-05 0.282854 9.99369E-05 9.99369E-05 0.124184
9.99459E-05 0.164564 9.99459E-05 0.0338362 9.99459E-05 0.0267427 0.228652 9.99459E-05 0.510139 9.99459E-05 9.99459E-05 0.035466
0.0366631 0.0315346 0.338607 9.9955E-05 9.9955E-05 0.0400591 9.9955E-05 9.9955E-05 9.9955E-05 0.0271827 0.00626583 0.519187
9.9973E-05 9.9973E-05 0.0192657 0.147349 9.9973E-05 0.0629206 0.0350688 0.320818 0.0655556 0.059221 0.0119996 0.277503
9.99369E-05 0.0512248 0.210312 0.0772951 9.99369E-05 9.99369E-05 0.115228 9.99369E-05 9.99369E-05 9.99369E-05 9.99369E-05 0.545241
9.99279E-05 0.218622 0.00062052 9.99279E-05 9.99279E-05 9.99279E-05 9.99279E-05 9.99279E-05 0.72645 9.99279E-05 0.0535082 9.99279E-05
9.99639E-05 0.0096163 0.0645097 0.0212604 9.99639E-05 0.00266941 0.197938 0.0274958 0.00420517 9.99639E-05 9.99639E-05 0.671906
0.0215519 0.0749426 9.99459E-05 9.99459E-05 0.0327251 9.99459E-05 9.99459E-05 9.99459E-05 0.00276165 0.0472676 9.99459E-05 0.820152
0.190261 0.0247208 0.107028 9.9955E-05 0.0217633 9.9955E-05 9.9955E-05 9.9955E-05 0.00906244 9.9955E-05 0.0150507 0.631614
0.0200603 9.99369E-05 9.99369E-05 9.99369E-05 0.0899728 9.99369E-05 9.99369E-05 9.99369E-05 0.819725 9.99369E-05 0.0157586 0.053784
9.99639E-05 0.0873077 0.0522217 9.99639E-05 0.00624775 0.016376 0.332949 9.99639E-05 0.271375 0.0083677 9.99639E-05 0.224754
0.340038 9.9955E-05 0.291007 9.9955E-05 9.9955E-05 0.0208236 9.9955E-05 0.0406058 0.104931 0.0372372 9.9955E-05 0.164859
9.9946E-05 0.196938 9.9946E-05 0.0248776 9.9946E-05 9.9946E-05 9.9946E-05 0.00734806 0.370313 9.9946E-05 0.113878 0.286046
0.0319739 9.9946E-05 0.032108 9.9946E-05 9.9946E-05 9.9946E-05 9.9946E-05 0.0278073 9.9946E-05 0.0308277 0.0296122 0.847071
9.9937E-05 9.9937E-05 9.9937E-05 9.9937E-05 9.9937E-05 9.9937E-05 0.310085 0.44749 0.0862776 9.9937E-05 0.116682 0.038765
9.99369E-05 0.122118 9.99369E-05 9.99369E-05 0.0390909 0.0324313 9.99369E-05 9.99369E-05 0.260202 9.99369E-05 9.99369E-05 0.545457
9.9928E-05 0.0773203 0.0261455 9.9928E-05 9.9928E-05 9.9928E-05 9.9928E-05 9.9928E-05 0.760102 9.9928E-05 0.135632 9.9928E-05
9.99459E-05 0.0972098 0.0884065 9.99459E-05 9.99459E-05 0.13134 0.454 9.99459E-05 0.0677532 9.99459E-05 9.99459E-05 0.160691
0.0563252 0.122812 9.99639E-05 0.030693 0.172304 9.99639E-05 0.386447 9.99639E-05 0.0495801 0.0320082 0.14943 9.99639E-05
9.9946E-05 0.0103468 0.0262057 9.9946E-05 0.069808 9.9946E-05 0.210826 9.9946E-05 9.9946E-05 0.00255717 0.679657 9.9946E-05
9.99459E-05 0.033393 9.99459E-05 0.0731751 0.0175549 9.99459E-05 0.689452 9.99459E-05 0.118488 9.99459E-05 9.99459E-05 0.0673375
9.99368E-05 0.0686083 9.99368E-05 9.99368E-05 0.472805 0.0220585 0.0254183 9.99368E-05 0.410411 9.99368E-05 9.99368E-05 9.99368E-05
0.0581023 0.156401 0.113979 9.99549E-05 9.99549E-05 0.00994704 0.448989 9.99549E-05 0.209416 9.99549E-05 0.00266557 9.99549E-05
0.0461575 0.0622146 0.479737 9.99369E-05 9.99369E-05 9.99369E-05 0.297341 0.11385 9.99369E-05 9.99369E-05 9.99369E-05 9.99369E-05
9.99279E-05 0.306278 9.99279E-05 9.99279E-05 9.99279E-05 9.99279E-05 0.0686864 9.99279E-05 9.99279E-05 0.0205652 0.603671 9.99279E-05
0.00101948 0.34872 0.0994778 0.00300332 9.9955E-05 9.9955E-05 9.9955E-05 0.505296 9.9955E-05 0.0277871 9.9955E-05 0.0141969
9.99368E-05 9.99368E-05 0.226402 9.99368E-05 0.362259 0.0915651 0.103075 9.99368E-05 9.99368E-05 9.99368E-05 9.99368E-05 0.215999
0.702566 9.99369E-05 9.99369E-05 9.99369E-05 0.0600086 9.99369E-05 0.105822 0.0680608 9.99369E-05 9.99369E-05 0.0628427 9.99369E-05
9.99279E-05 9.99279E-05 9.99279E-05 9.99279E-05 0.140025 9.99279E-05 0.153872 9.99279E-05 9.99279E-05 9.99279E-05 0.634666 0.0706378
9.99369E-05 0.0171075 9.99369E-05 9.99369E-05 0.0838674 9.99369E-05 0.0891832 9.99369E-05 0.275916 9.99369E-05 0.533227 9.99369E-05
0.202693 0.217774 0.2124 9.9946E-05 9.9946E-05 9.9946E-05 9.9946E-05 0.234819 0.0698459 9.9946E-05 9.9946E-05 0.061868
0.0491389 9.9955E-05 9.9955E-05 0.0643581 9.9955E-05 0.0156588 0.634166 9.9955E-05 0.19329 0.00177468 9.9955E-05 0.0411138
9.99549E-05 0.0441176 0.0174279 0.05162 0.251598 9.99549E-05 0.568421 9.99549E-05 9.99549E-05 0.0297971 0.0365185 9.99549E-05
9.99279E-05 9.99279E-05 0.0249708 9.99279E-05 0.103391 9.99279E-05 9.99279E-05 9.99279E-05 0.288968 9.99279E-05 0.581871 9.99279E-05
0.176721 0.0957968 9.9946E-05 9.9946E-05 0.260552 9.9946E-05 0.311966 9.9946E-05 9.9946E-05 0.0151773 0.139187 9.9946E-05
0.0419773 0.181204 0.124276 9.99639E-05 0.0437304 9.99639E-05 0.268796 0.235189 9.99639E-05 0.0680399 0.0363882 9.99639E-05
0.324858 9.99279E-05 0.539423 9.99279E-05 9.99279E-05 0.0194772 0.115442 9.99279E-05 9.99279E-05 9.99279E-05 9.99279E-05 9.99279E-05
0.519058 9.99279E-05 9.99279E-05 9.99279E-05 0.0366348 9.99279E-05 0.248348 9.99279E-05 9.99279E-05 9.99279E-05 9.99279E-05 0.195159
0.069774 9.99459E-05 0.00381725 9.99459E-05 0.244543 9.99459E-05 0.262532 0.36743 9.99459E-05 9.99459E-05 0.0513036 9.99459E-05
9.99369E-05 9.99369E-05 9.99369E-05 9.99369E-05 0.0525332 0.00865014 9.99369E-05 9.99369E-05 0.793208 0.00641847 9.99369E-05 0.138491
9.99279E-05 9.99279E-05 0.275757 9.99279E-05 0.0731349 9.99279E-05 9.99279E-05 9.99279E-05 0.0558916 9.99279E-05 9.99279E-05 0.594417
9.9937E-05 9.9937E-05 9.9937E-05 9.9937E-05 0.0759658 9.9937E-05 0.0406241 0.0115105 0.68152 9.9937E-05 9.9937E-05 0.18968
9.99459E-05 0.0112348 9.99459E-05 9.99459E-05 0.158566 0.043601 0.25259 9.99459E-05 0.302189 9.99459E-05 9.99459E-05 0.23122
9.99369E-05 0.0350795 0.131602 9.99369E-05 9.99369E-05 0.0835873 0.119054 9.99369E-05 9.99369E-05 9.99369E-05 9.99369E-05 0.629978
9.9937E-05 0.00226062 9.9937E-05 9.9937E-05 9.9937E-05 9.9937E-05 9.9937E-05 9.9937E-05 0.806983 0.013886 0.124011 0.0521605
0.088953 9.99369E-05 9.99369E-05 0.0133575 0.241334 9.99369E-05 0.232853 9.99369E-05 9.99369E-05 9.99369E-05 0.422803 9.99369E-05
0.016684 0.0785922 9.99549E-05 9.99549E-05 0.00284464 9.99549E-05 0.440344 9.99549E-05 0.42673 0.0050424 0.0292629 9.99549E-05
0.680133 0.0833359 9.99459E-05 9.99459E-05 0.0803764 9.99459E-05 0.0513031 9.99459E-05 9.99459E-05 0.0347296 0.0695226 9.99459E-05
0.291792 0.197565 9.99549E-05 9.99549E-05 0.0575065 0.0214749 0.309098 9.99549E-05 9.99549E-05 0.0379057 0.0841589 9.99549E-05
0.439171 0.131619 0.000654281 9.99549E-05 9.99549E-05 0.12515 0.142493 9.99549E-05 0.113348 9.99549E-05 9.99549E-05 0.0470646
0.252461 9.99188E-05 9.99188E-05 9.99188E-05 9.99188E-05 9.99188E-05 9.99188E-05 9.99188E-05 0.265425 9.99188E-05 0.481214 9.99188E-05
0.202399 9.99459E-05 0.149732 9.99459E-05 9.99459E-05 0.0525056 0.0655708 0.479521 0.0496727 9.99459E-05 9.99459E-05 9.99459E-05
0.045379 9.99639E-05 9.99639E-05 0.0888668 0.0987636 0.152782 0.368572 9.99639E-05 0.105092 0.0124204 0.127724 9.99639E-05
0.487785 0.0364237 0.233059 0.0409619 0.0945437 9.99549E-05 9.99549E-05 0.018811 0.0879158 9.99549E-05 9.99549E-05 9.99549E-05
0.329207 9.99549E-05 0.0556066 9.99549E-05 9.99549E-05 0.0943828 0.0346764 0.372474 0.0105798 9.99549E-05 9.99549E-05 0.102573
0.835752 9.99369E-05 0.0531046 9.99369E-05 9.99369E-05 0.0190015 0.07302 9.99369E-05 0.0184228 9.99369E-05 9.99369E-05 9.99369E-05
0.598456 0.0406724 0.231467 9.99369E-05 9.99369E-05 0.074193 0.0545117 9.99369E-05 9.99369E-05 9.99369E-05 9.99369E-05 9.99369E-05
0.829526 9.99369E-05 0.00151282 0.0474858 9.99369E-05 0.0107641 9.99369E-05 9.99369E-05 0.110012 9.99369E-05 9.99369E-05 9.99369E-05
0.140074 9.99459E-05 9.99459E-05 9.99459E-05 0.0743511 0.129429 0.469119 9.99459E-05 0.163535 0.0228919 9.99459E-05 9.99459E-05
9.99459E-05 0.103451 9.99459E-05 0.0675192 0.0513929 9.99459E-05 0.245834 9.99459E-05 0.516108 0.0150954 9.99459E-05 9.99459E-05
0.0707768 0.15432 0.101511 0.0230121 9.99549E-05 9.99549E-05 9.99549E-05 0.506781 0.096689 9.99549E-05 9.99549E-05 0.0464104
0.60328 0.0123504 9.9937E-05 9.9937E-05 0.151772 9.9937E-05 9.9937E-05 0.0677324 9.9937E-05 9.9937E-05 0.164166 9.9937E-05
0.0102057 0.102368 9.99729E-05 0.0811601 0.103119 9.99729E-05 0.331874 0.0598851 0.0232834 0.056831 0.230974 9.99729E-05
0.044056 0.0685695 9.99279E-05 9.99279E-05 9.99279E-05 0.0523967 9.99279E-05 9.99279E-05 9.99279E-05 9.99279E-05 0.834178 9.99279E-05
0.0491451 9.9928E-05 9.9928E-05 9.9928E-05 9.9928E-05 9.9928E-05 0.043938 9.9928E-05 0.803687 9.9928E-05 0.102431 9.9928E-05
0.0258213 0.00186986 9.99459E-05 9.99459E-05 9.99459E-05 9.99459E-05 0.0494754 9.99459E-05 0.0859019 9.99459E-05 0.774416 0.0619156
