9.9883E-05 9.9883E-05 9.9883E-05 9.9883E-05 0.0175631 0.444482 9.9883E-05 9.9883E-05 0.0297826 9.9883E-05 0.103565 9.9883E-05 9.9883E-05 9.9883E-05 9.9883E-05 9.9883E-05 0.403309 9.9883E-05
0.0531121 9.98919E-05 9.98919E-05 9.98919E-05 0.0295778 0.348569 9.98919E-05 0.0835326 9.98919E-05 9.98919E-05 9.98919E-05 9.98919E-05 9.98919E-05 9.98919E-05 9.98919E-05 0.0612076 0.422802 9.98919E-05
0.0923764 9.99098E-05 9.99098E-05 9.99098E-05 0.0181365 9.99098E-05 0.26997 9.99098E-05 0.024994 9.99098E-05 9.99098E-05 9.99098E-05 9.99098E-05 0.444831 9.99098E-05 0.00703831 0.107034 0.0346196
9.99009E-05 9.99009E-05 0.125351 9.99009E-05 9.99009E-05 0.494812 9.99009E-05 9.99009E-05 0.00251197 0.129499 0.00859398 9.99009E-05 0.0214585 9.99009E-05 9.99009E-05 9.99009E-05 0.216675 9.99009E-05
9.98917E-05 9.98917E-05 0.0686528 9.98917E-05 9.98917E-05 0.250513 9.98917E-05 0.214367 9.98917E-05 0.325823 0.0950189 9.98917E-05 9.98917E-05 9.98917E-05 9.98917E-05 9.98917E-05 9.98917E-05 0.0444264
9.99188E-05 9.99188E-05 0.0365561 9.99188E-05 0.0235215 9.99188E-05 9.99188E-05 0.0545556 9.99188E-05 9.99188E-05 0.0666475 0.0280077 0.35239 0.292698 9.99188E-05 9.99188E-05 0.109589 0.0351351
9.98828E-05 9.98828E-05 9.98828E-05 0.00529927 9.98828E-05 0.0558917 0.33395 9.98828E-05 9.98828E-05 9.98828E-05 9.98828E-05 9.98828E-05 9.98828E-05 0.281666 9.98828E-05 9.98828E-05 0.321895 9.98828E-05
9.98919E-05 9.98919E-05 9.98919E-05 9.98919E-05 0.159211 9.98919E-05 0.0496094 0.176112 9.98919E-05 9.98919E-05 9.98919E-05 9.98919E-05 0.240588 0.206437 9.98919E-05 9.98919E-05 0.166844 9.98919E-05
9.98919E-05 9.98919E-05 0.248123 9.98919E-05 9.98919E-05 0.261895 9.98919E-05 0.0390321 9.98919E-05 9.98919E-05 9.98919E-05 9.98919E-05 0.0478499 9.98919E-05 0.0711488 9.98919E-05 0.330752 9.98919E-05
9.98828E-05 9.98828E-05 9.98828E-05 0.0388951 9.98828E-05 9.98828E-05 0.435805 9.98828E-05 0.0299349 9.98828E-05 9.98828E-05 9.98828E-05 0.469039 9.98828E-05 9.98828E-05 9.98828E-05 9.98828E-05 0.0250268
0.115261 9.99008E-05 0.223301 9.99008E-05 9.99008E-05 0.0801359 9.99008E-05 0.0825929 9.99008E-05 9.99008E-05 9.99008E-05 9.99008E-05 9.99008E-05 9.99008E-05 9.99008E-05 0.326649 0.156346 0.0146153
9.99009E-05 0.11822 0.0296661 9.99009E-05 9.99009E-05 0.469437 9.99009E-05 0.0253192 9.99009E-05 9.99009E-05 9.99009E-05 9.99009E-05 0.217985 9.99009E-05 9.99009E-05 0.100098 9.99009E-05 0.0381761
9.98919E-05 9.98919E-05 0.440958 9.98919E-05 9.98919E-05 9.98919E-05 0.11295 9.98919E-05 9.98919E-05 0.0365432 0.295583 9.98919E-05 9.98919E-05 9.98919E-05 0.0126009 9.98919E-05 0.100166 9.98919E-05
9.98919E-05 9.98919E-05 9.98919E-05 9.98919E-05 0.0336432 9.98919E-05 0.125247 9.98919E-05 9.98919E-05 9.98919E-05 9.98919E-05 9.98919E-05 0.0941402 0.228191 9.98919E-05 9.98919E-05 0.431705 0.0858754
9.98829E-05 9.98829E-05 9.98829E-05 9.98829E-05 9.98829E-05 0.349649 9.98829E-05 0.150997 9.98829E-05 9.98829E-05 9.98829E-05 9.98829E-05 0.0554758 9.98829E-05 9.98829E-05 0.429702 9.98829E-05 0.0128783
9.99098E-05 9.99098E-05 0.0096075 0.152028 9.99098E-05 9.99098E-05 0.457988 0.0109098 9.99098E-05 9.99098E-05 0.0367169 0.0296518 0.156523 9.99098E-05 9.99098E-05 9.99098E-05 0.145575 9.99098E-05
9.98739E-05 9.98739E-05 9.98739E-05 9.98739E-05 9.98739E-05 0.0339052 0.22117 9.98739E-05 9.98739E-05 9.98739E-05 9.98739E-05 9.98739E-05 9.98739E-05 0.296066 9.98739E-05 9.98739E-05 0.447461 9.98739E-05
9.98828E-05 9.98828E-05 9.98828E-05 9.98828E-05 9.98828E-05 9.98828E-05 0.132785 9.98828E-05 9.98828E-05 9.98828E-05 0.0295109 9.98828E-05 9.98828E-05 0.529812 9.98828E-05 0.0668762 0.239718 9.98828E-05
0.150857 0.124324 0.16018 9.991E-05 9.991E-05 0.322154 0.00226862 9.991E-05 9.991E-05 9.991E-05 9.991E-05 9.991E-05 9.991E-05 0.0558182 0.00577391 9.991E-05 0.177626 9.991E-05
9.98737E-05 9.98737E-05 9.98737E-05 9.98737E-05 9.98737E-05 9.98737E-05 9.98737E-05 9.98737E-05 0.687105 0.246736 9.98737E-05 9.98737E-05 9.98737E-05 9.98737E-05 0.0103037 0.0544578 9.98737E-05 9.98737E-05
9.98649E-05 9.98649E-05 0.0602981 9.98649E-05 9.98649E-05 9.98649E-05 9.98649E-05 9.98649E-05 0.753673 0.184531 9.98649E-05 9.98649E-05 9.98649E-05 9.98649E-05 9.98649E-05 9.98649E-05 9.98649E-05 9.98649E-05
9.98828E-05 9.98828E-05 9.98828E-05 9.98828E-05 9.98828E-05 9.98828E-05 9.98828E-05 9.98828E-05 0.859287 0.0138251 0.0249077 9.98828E-05 0.0823792 9.98828E-05 9.98828E-05 9.98828E-05 0.0183026 9.98828E-05
9.98829E-05 0.248513 0.0677734 9.98829E-05 9.98829E-05 0.0131023 9.98829E-05 9.98829E-05 0.604243 0.0650698 9.98829E-05 9.98829E-05 9.98829E-05 9.98829E-05 9.98829E-05 9.98829E-05 9.98829E-05 9.98829E-05
9.98829E-05 9.98829E-05 0.190507 9.98829E-05 9.98829E-05 0.053434 9.98829E-05 9.98829E-05 0.693364 9.98829E-05 9.98829E-05 9.98829E-05 9.98829E-05 9.98829E-05 0.00630793 0.0550893 9.98829E-05 9.98829E-05
9.99098E-05 9.99098E-05 9.99098E-05 9.99098E-05 0.0413153 9.99098E-05 0.0807112 9.99098E-05 0.448871 9.99098E-05 9.99098E-05 0.169647 0.037302 0.132842 0.0143153 9.99098E-05 0.073996 9.99098E-05
9.99098E-05 9.99098E-05 0.00275081 9.99098E-05 0.0106534 0.105809 9.99098E-05 0.0858347 0.298642 9.99098E-05 9.99098E-05 9.99098E-05 9.99098E-05 9.99098E-05 0.362797 0.0916598 9.99098E-05 0.0408538
9.98739E-05 9.98739E-05 9.98739E-05 0.37117 9.98739E-05 9.98739E-05 0.185815 9.98739E-05 0.250099 9.98739E-05 9.98739E-05 0.191517 9.98739E-05 9.98739E-05 9.98739E-05 9.98739E-05 9.98739E-05 9.98739E-05
9.98737E-05 9.98737E-05 9.98737E-05 9.98737E-05 0.0680625 9.98737E-05 9.98737E-05 9.98737E-05 0.123077 0.607774 9.98737E-05 9.98737E-05 9.98737E-05 9.98737E-05 0.199688 9.98737E-05 9.98737E-05 9.98737E-05
9.98828E-05 9.98828E-05 9.98828E-05 0.0148588 9.98828E-05 9.98828E-05 9.98828E-05 9.98828E-05 0.83056 9.98828E-05 0.0594285 9.98828E-05 0.0581617 9.98828E-05 9.98828E-05 9.98828E-05 0.0356927 9.98828E-05
9.98649E-05 9.98649E-05 0.152122 9.98649E-05 9.98649E-05 9.98649E-05 9.98649E-05 9.98649E-05 0.805334 0.0410457 9.98649E-05 9.98649E-05 9.98649E-05 9.98649E-05 9.98649E-05 9.98649E-05 9.98649E-05 9.98649E-05
9.98922E-05 0.127064 0.0264246 0.150988 0.0284902 9.98922E-05 0.114956 9.98922E-05 0.550879 9.98922E-05 9.98922E-05 9.98922E-05 9.98922E-05 9.98922E-05 9.98922E-05 9.98922E-05 9.98922E-05 9.98922E-05
9.98918E-05 9.98918E-05 9.98918E-05 0.086959 9.98918E-05 9.98918E-05 9.98918E-05 9.98918E-05 0.0848139 9.98918E-05 0.135284 0.0950833 9.98918E-05 9.98918E-05 0.561768 9.98918E-05 0.0348931 9.98918E-05
9.98648E-05 9.98648E-05 9.98648E-05 0.117008 9.98648E-05 9.98648E-05 0.263953 9.98648E-05 0.617541 9.98648E-05 9.98648E-05 9.98648E-05 9.98648E-05 9.98648E-05 9.98648E-05 9.98648E-05 9.98648E-05 9.98648E-05
9.98918E-05 9.98918E-05 9.98918E-05 9.98918E-05 0.0296275 9.98918E-05 0.0272616 9.98918E-05 0.664964 9.98918E-05 9.98918E-05 0.0138051 9.98918E-05 0.208763 9.98918E-05 9.98918E-05 0.0543802 9.98918E-05
9.98559E-05 9.98559E-05 0.198194 9.98559E-05 9.98559E-05 9.98559E-05 9.98559E-05 9.98559E-05 0.800208 9.98559E-05 9.98559E-05 9.98559E-05 9.98559E-05 9.98559E-05 9.98559E-05 9.98559E-05 9.98559E-05 9.98559E-05
9.98828E-05 9.98828E-05 0.00294095 9.98828E-05 9.98828E-05 0.0944504 9.98828E-05 9.98828E-05 0.690177 0.106055 9.98828E-05 9.98828E-05 9.98828E-05 9.98828E-05 9.98828E-05 0.105078 9.98828E-05 9.98828E-05
9.98649E-05 9.98649E-05 9.98649E-05 9.98649E-05 9.98649E-05 9.98649E-05 9.98649E-05 9.98649E-05 0.638375 0.0942322 9.98649E-05 9.98649E-05 9.98649E-05 9.98649E-05 9.98649E-05 0.265895 9.98649E-05 9.98649E-05
9.98739E-05 0.228025 9.98739E-05 9.98739E-05 9.98739E-05 0.0818006 9.98739E-05 9.98739E-05 0.664711 0.0240655 9.98739E-05 9.98739E-05 9.98739E-05 9.98739E-05 9.98739E-05 9.98739E-05 9.98739E-05 9.98739E-05
9.99008E-05 9.99008E-05 9.99008E-05 9.99008E-05 9.99008E-05 0.0632468 9.99008E-05 0.0486237 9.99008E-05 0.00327275 0.0173181 0.804139 0.00509044 9.99008E-05 9.99008E-05 9.99008E-05 0.0572099 9.99008E-05
9.9865E-05 9.9865E-05 9.9865E-05 0.249763 9.9865E-05 9.9865E-05 9.9865E-05 9.9865E-05 9.9865E-05 9.9865E-05 0.0903978 0.658341 9.9865E-05 9.9865E-05 9.9865E-05 9.9865E-05 9.9865E-05 9.9865E-05
9.98919E-05 9.98919E-05 9.98919E-05 0.272638 0.203893 9.98919E-05 0.170532 9.98919E-05 0.0610549 9.98919E-05 9.98919E-05 0.287227 9.98919E-05 9.98919E-05 9.98919E-05 9.98919E-05 9.98919E-05 0.00345622
9.99099E-05 0.274936 9.99099E-05 0.0626448 0.0358868 9.99099E-05 9.99099E-05 9.99099E-05 0.00161578 0.156549 0.000722507 0.398257 9.99099E-05 9.99099E-05 0.0683892 9.99099E-05 9.99099E-05 9.99099E-05
9.98828E-05 9.98828E-05 9.98828E-05 9.98828E-05 9.98828E-05 9.98828E-05 9.98828E-05 9.98828E-05 0.25637 9.98828E-05 0.049545 0.560762 0.0390651 9.98828E-05 9.98828E-05 9.98828E-05 0.0929595 9.98828E-05
0.128749 9.99099E-05 9.99099E-05 0.0804199 0.0436586 9.99099E-05 0.0960744 9.99099E-05 0.0955247 9.99099E-05 9.99099E-05 0.515398 9.99099E-05 9.99099E-05 9.99099E-05 0.00198191 9.99099E-05 0.0371946
9.98648E-05 0.20156 9.98648E-05 9.98648E-05 9.98648E-05 0.15282 9.98648E-05 9.98648E-05 9.98648E-05 9.98648E-05 9.98648E-05 9.98648E-05 9.98648E-05 9.98648E-05 0.644123 9.98648E-05 9.98648E-05 9.98648E-05
9.98919E-05 9.98919E-05 0.0576434 9.98919E-05 9.98919E-05 0.109681 9.98919E-05 0.233301 9.98919E-05 9.98919E-05 9.98919E-05 0.501617 9.98919E-05 9.98919E-05 0.055726 0.0408326 9.98919E-05 9.98919E-05
0.0208729 9.98918E-05 9.98918E-05 0.164346 9.98918E-05 9.98918E-05 0.193935 9.98918E-05 0.198576 9.98918E-05 9.98918E-05 0.410944 9.98918E-05 0.0101273 9.98918E-05 9.98918E-05 9.98918E-05 9.98918E-05
9.99008E-05 9.99008E-05 9.99008E-05 9.99008E-05 0.0249589 9.99008E-05 9.99008E-05 0.027459 9.99008E-05 9.99008E-05 0.0139028 0.774896 0.0757212 9.99008E-05 9.99008E-05 0.0331836 0.0487793 9.99008E-05
9.9856E-05 9.9856E-05 9.9856E-05 0.661125 9.9856E-05 9.9856E-05 9.9856E-05 9.9856E-05 9.9856E-05 9.9856E-05 9.9856E-05 0.337277 9.9856E-05 9.9856E-05 9.9856E-05 9.9856E-05 9.9856E-05 9.9856E-05
0.0410097 0.0104501 9.9901E-05 9.9901E-05 0.0732778 9.9901E-05 9.9901E-05 0.207501 9.9901E-05 0.0799321 9.9901E-05 0.575699 9.9901E-05 9.9901E-05 9.9901E-05 0.0110316 9.9901E-05 9.9901E-05
9.98739E-05 9.98739E-05 9.98739E-05 0.284352 9.98739E-05 9.98739E-05 9.98739E-05 9.98739E-05 9.98739E-05 0.0147389 0.0277785 0.671733 9.98739E-05 9.98739E-05 9.98739E-05 9.98739E-05 9.98739E-05 9.98739E-05
9.9874E-05 9.9874E-05 0.0891482 9.9874E-05 9.9874E-05 9.9874E-05 9.9874E-05 9.9874E-05 0.0233889 0.427602 9.9874E-05 0.458463 9.9874E-05 9.9874E-05 9.9874E-05 9.9874E-05 9.9874E-05 9.9874E-05
9.99008E-05 9.99008E-05 0.0822687 9.99008E-05 9.99008E-05 0.0284327 9.99008E-05 9.99008E-05 0.0520261 9.99008E-05 9.99008E-05 0.207865 9.99008E-05 9.99008E-05 0.31873 0.276201 9.99008E-05 0.0333774
9.98919E-05 9.98919E-05 0.108307 9.98919E-05 0.0705532 9.98919E-05 9.98919E-05 0.143183 9.98919E-05 9.98919E-05 9.98919E-05 0.390492 9.98919E-05 9.98919E-05 0.0564575 0.229808 9.98919E-05 9.98919E-05
0.0156483 0.322108 9.99009E-05 9.99009E-05 0.0500675 0.0649478 9.99009E-05 9.99009E-05 9.99009E-05 0.213447 9.99009E-05 0.220001 9.99009E-05 9.99009E-05 0.112682 9.99009E-05 9.99009E-05 9.99009E-05
9.98738E-05 0.428883 9.98738E-05 9.98738E-05 0.177841 0.0484916 9.98738E-05 9.98738E-05 0.343386 9.98738E-05 9.98738E-05 9.98738E-05 9.98738E-05 9.98738E-05 9.98738E-05 9.98738E-05 9.98738E-05 9.98738E-05
9.99188E-05 9.99188E-05 9.99188E-05 0.0481067 0.0329368 9.99188E-05 0.016201 9.99188E-05 9.99188E-05 9.99188E-05 0.108086 0.711612 0.0176574 0.0402479 0.0152678 9.99188E-05 0.00898526 9.99188E-05
9.98828E-05 9.98828E-05 0.0358292 0.0624332 0.328035 9.98828E-05 9.98828E-05 9.98828E-05 9.98828E-05 0.28796 9.98828E-05 0.284445 9.98828E-05 9.98828E-05 9.98828E-05 9.98828E-05 9.98828E-05 9.98828E-05
9.98737E-05 9.98737E-05 9.98737E-05 0.227994 0.101105 9.98737E-05 9.98737E-05 9.98737E-05 9.98737E-05 9.98737E-05 0.0546595 0.614843 9.98737E-05 9.98737E-05 9.98737E-05 9.98737E-05 9.98737E-05 9.98737E-05
9.98646E-05 9.98646E-05 9.98646E-05 9.98646E-05 9.98646E-05 0.0618391 9.98646E-05 9.98646E-05 9.98646E-05 0.307056 9.98646E-05 0.629607 9.98646E-05 9.98646E-05 9.98646E-05 9.98646E-05 9.98646E-05 9.98646E-05
9.99188E-05 9.99188E-05 0.0145455 9.99188E-05 9.99188E-05 0.0366086 9.99188E-05 0.0521691 0.00477015 0.0290353 9.99188E-05 0.504164 9.99188E-05 9.99188E-05 0.261033 0.0622143 0.0345612 9.99188E-05
9.98919E-05 9.98919E-05 9.98919E-05 9.98919E-05 0.0430991 0.0470597 9.98919E-05 0.206659 9.98919E-05 9.98919E-05 9.98919E-05 0.594246 9.98919E-05 9.98919E-05 0.0298598 0.0778776 9.98919E-05 9.98919E-05
9.98918E-05 9.98918E-05 9.98918E-05 0.12033 9.98918E-05 9.98918E-05 0.0784465 9.98918E-05 9.98918E-05 9.98918E-05 0.0959402 0.106335 9.98918E-05 9.98918E-05 0.558617 9.98918E-05 0.0391327 9.98918E-05
9.98738E-05 0.459199 9.98738E-05 9.98738E-05 9.98738E-05 9.98738E-05 9.98738E-05 9.98738E-05 0.0166058 9.98738E-05 9.98738E-05 0.391974 9.98738E-05 9.98738E-05 0.130823 9.98738E-05 9.98738E-05 9.98738E-05
0.0297885 9.98829E-05 9.98829E-05 9.98829E-05 0.10713 9.98829E-05 0.464369 9.98829E-05 9.98829E-05 9.98829E-05 9.98829E-05 0.294162 9.98829E-05 9.98829E-05 0.103252 9.98829E-05 9.98829E-05 9.98829E-05
9.99008E-05 9.99008E-05 0.165478 9.99008E-05 9.99008E-05 9.99008E-05 9.99008E-05 0.0213921 0.0671815 9.99008E-05 9.99008E-05 0.0577417 9.99008E-05 9.99008E-05 0.494039 0.117497 0.0755721 9.99008E-05
9.98828E-05 0.0313531 9.98828E-05 9.98828E-05 9.98828E-05 9.98828E-05 9.98828E-05 0.139135 9.98828E-05 0.283263 9.98828E-05 0.366864 9.98828E-05 9.98828E-05 0.178087 9.98828E-05 9.98828E-05 9.98828E-05
9.98829E-05 9.98829E-05 9.98829E-05 9.98829E-05 9.98829E-05 9.98829E-05 9.98829E-05 0.0645495 9.98829E-05 0.271489 9.98829E-05 0.297511 9.98829E-05 9.98829E-05 0.224539 0.140613 9.98829E-05 9.98829E-05
9.98737E-05 9.98737E-05 9.98737E-05 9.98737E-05 0.0164333 9.98737E-05 9.98737E-05 9.98737E-05 9.98737E-05 9.98737E-05 9.98737E-05 9.98737E-05 9.98737E-05 0.138249 0.843383 9.98737E-05 0.000535909 9.98737E-05
9.98918E-05 9.98918E-05 9.98918E-05 9.98918E-05 9.98918E-05 9.98918E-05 9.98918E-05 9.98918E-05 0.203698 9.98918E-05 0.0700003 0.00356038 0.0514925 9.98918E-05 0.552026 9.98918E-05 0.118024 9.98918E-05
9.98648E-05 9.98648E-05 9.98648E-05 0.416927 9.98648E-05 9.98648E-05 9.98648E-05 9.98648E-05 0.0660948 9.98648E-05 9.98648E-05 9.98648E-05 9.98648E-05 9.98648E-05 0.515481 9.98648E-05 9.98648E-05 9.98648E-05
9.98649E-05 9.98649E-05 9.98649E-05 9.98649E-05 9.98649E-05 9.98649E-05 0.535233 9.98649E-05 9.98649E-05 9.98649E-05 9.98649E-05 0.404941 9.98649E-05 9.98649E-05 0.0583273 9.98649E-05 9.98649E-05 9.98649E-05
9.98829E-05 0.213043 9.98829E-05 9.98829E-05 9.98829E-05 0.0280199 9.98829E-05 0.0905702 0.612516 0.054553 9.98829E-05 9.98829E-05 9.98829E-05 9.98829E-05 9.98829E-05 9.98829E-05 9.98829E-05 9.98829E-05
9.98827E-05 9.98827E-05 9.98827E-05 0.0702759 9.98827E-05 9.98827E-05 0.231692 9.98827E-05 9.98827E-05 9.98827E-05 0.037237 0.550986 9.98827E-05 9.98827E-05 0.108511 9.98827E-05 9.98827E-05 9.98827E-05
9.98827E-05 9.98827E-05 9.98827E-05 9.98827E-05 9.98827E-05 9.98827E-05 9.98827E-05 0.00330754 9.98827E-05 0.15339 9.98827E-05 0.11236 9.98827E-05 9.98827E-05 0.719534 0.0101107 9.98827E-05 9.98827E-05
9.98739E-05 9.98739E-05 0.194319 9.98739E-05 9.98739E-05 0.134526 9.98739E-05 9.98739E-05 0.0422921 9.98739E-05 9.98739E-05 9.98739E-05 9.98739E-05 9.98739E-05 0.627465 9.98739E-05 9.98739E-05 9.98739E-05
9.98737E-05 9.98737E-05 9.98737E-05 0.0683305 0.00623233 9.98737E-05 0.188107 9.98737E-05 0.735932 9.98737E-05 9.98737E-05 9.98737E-05 9.98737E-05 9.98737E-05 9.98737E-05 9.98737E-05 9.98737E-05 9.98737E-05
9.9883E-05 9.9883E-05 9.9883E-05 0.208221 9.9883E-05 9.9883E-05 0.397567 9.9883E-05 0.173198 9.9883E-05 9.9883E-05 0.130968 9.9883E-05 9.9883E-05 0.0887475 9.9883E-05 9.9883E-05 9.9883E-05
9.98828E-05 9.98828E-05 9.98828E-05 9.98828E-05 9.98828E-05 9.98828E-05 0.0989769 9.98828E-05 0.728215 9.98828E-05 9.98828E-05 0.0599186 9.98828E-05 0.0644709 9.98828E-05 9.98828E-05 0.04712 9.98828E-05
9.99098E-05 9.99098E-05 9.99098E-05 0.0477282 0.0481669 9.99098E-05 9.99098E-05 9.99098E-05 0.28452 9.99098E-05 0.150277 0.0188464 0.0497917 9.99098E-05 0.38769 9.99098E-05 0.011981 9.99098E-05
9.9883E-05 9.9883E-05 9.9883E-05 0.541371 9.9883E-05 9.9883E-05 9.9883E-05 9.9883E-05 0.145577 9.9883E-05 0.0412824 0.152427 9.9883E-05 9.9883E-05 0.118044 9.9883E-05 9.9883E-05 9.9883E-05
9.98829E-05 0.109429 0.262762 9.98829E-05 9.98829E-05 9.98829E-05 9.98829E-05 9.98829E-05 0.183196 9.98829E-05 9.98829E-05 0.327191 9.98829E-05 9.98829E-05 0.116124 9.98829E-05 9.98829E-05 9.98829E-05
9.98739E-05 9.98739E-05 0.228361 9.98739E-05 9.98739E-05 9.98739E-05 9.98739E-05 9.98739E-05 9.98739E-05 0.0673486 0.027415 0.675477 9.98739E-05 9.98739E-05 9.98739E-05 9.98739E-05 9.98739E-05 9.98739E-05
9.9892E-05 9.9892E-05 0.312271 0.0541946 0.12671 9.9892E-05 9.9892E-05 9.9892E-05 0.0748303 0.0941463 9.9892E-05 0.336649 9.9892E-05 9.9892E-05 9.9892E-05 9.9892E-05 9.9892E-05 9.9892E-05
9.98739E-05 9.98739E-05 9.98739E-05 0.0880547 9.98739E-05 9.98739E-05 0.268629 9.98739E-05 9.98739E-05 9.98739E-05 9.98739E-05 0.635 9.98739E-05 9.98739E-05 9.98739E-05 9.98739E-05 9.98739E-05 0.00691771
9.98826E-05 9.98826E-05 9.98826E-05 9.98826E-05 9.98826E-05 9.98826E-05 9.98826E-05 9.98826E-05 0.0203374 0.357646 9.98826E-05 0.457246 0.0269876 9.98826E-05 0.136484 9.98826E-05 9.98826E-05 9.98826E-05
9.98828E-05 0.139011 0.0312882 9.98828E-05 9.98828E-05 0.142641 9.98828E-05 9.98828E-05 9.98828E-05 9.98828E-05 9.98828E-05 0.302554 9.98828E-05 9.98828E-05 0.383208 9.98828E-05 9.98828E-05 9.98828E-05
9.99007E-05 9.99007E-05 9.99007E-05 9.99007E-05 0.617305 9.99007E-05 0.0321495 9.99007E-05 0.212214 9.99007E-05 0.000671084 9.99007E-05 0.00805425 9.99007E-05 9.99007E-05 9.99007E-05 0.128183 0.000323744
9.98738E-05 9.98738E-05 9.98738E-05 0.0669663 0.586528 9.98738E-05 0.195177 9.98738E-05 9.98738E-05 9.98738E-05 9.98738E-05 0.14993 9.98738E-05 9.98738E-05 9.98738E-05 9.98738E-05 9.98738E-05 9.98738E-05
9.98738E-05 9.98738E-05 9.98738E-05 9.98738E-05 0.496382 9.98738E-05 9.98738E-05 0.189687 0.167222 9.98738E-05 9.98738E-05 9.98738E-05 9.98738E-05 9.98738E-05 0.145309 9.98738E-05 9.98738E-05 9.98738E-05
9.98737E-05 9.98737E-05 9.98737E-05 9.98737E-05 0.60449 9.98737E-05 0.133116 9.98737E-05 9.98737E-05 9.98737E-05 9.98737E-05 0.195412 9.98737E-05 0.0655835 9.98737E-05 9.98737E-05 9.98737E-05 9.98737E-05
9.98648E-05 9.98648E-05 9.98648E-05 9.98648E-05 0.845101 9.98648E-05 0.14336 9.98648E-05 9.98648E-05 9.98648E-05 9.98648E-05 0.0100411 9.98648E-05 9.98648E-05 9.98648E-05 9.98648E-05 9.98648E-05 9.98648E-05
9.98737E-05 9.98737E-05 9.98737E-05 9.98737E-05 0.627857 0.110177 9.98737E-05 0.119925 9.98737E-05 0.140643 9.98737E-05 9.98737E-05 9.98737E-05 9.98737E-05 9.98737E-05 9.98737E-05 9.98737E-05 9.98737E-05
9.98919E-05 9.98919E-05 9.98919E-05 9.98919E-05 0.362932 9.98919E-05 9.98919E-05 0.0272253 9.98919E-05 9.98919E-05 0.0153219 0.367182 9.98919E-05 0.190593 0.0355465 9.98919E-05 9.98919E-05 9.98919E-05
9.98919E-05 9.98919E-05 9.98919E-05 9.98919E-05 0.874451 9.98919E-05 9.98919E-05 0.00106026 9.98919E-05 9.98919E-05 0.01176 0.0184303 0.054883 9.98919E-05 9.98919E-05 9.98919E-05 0.0382163 9.98919E-05
0.0740844 9.98828E-05 9.98828E-05 0.366433 9.98828E-05 9.98828E-05 9.98828E-05 9.98828E-05 9.98828E-05 9.98828E-05 0.524975 9.98828E-05 9.98828E-05 9.98828E-05 0.0250555 0.00815424 9.98828E-05 9.98828E-05
9.9901E-05 9.9901E-05 0.0161853 0.113823 0.0273315 9.9901E-05 0.0115412 0.0237123 9.9901E-05 9.9901E-05 0.781113 0.0251945 9.9901E-05 9.9901E-05 9.9901E-05 9.9901E-05 9.9901E-05 9.9901E-05
0.0794363 0.127442 9.98739E-05 9.98739E-05 9.98739E-05 9.98739E-05 9.98739E-05 9.98739E-05 9.98739E-05 0.0526372 0.739087 9.98739E-05 9.98739E-05 9.98739E-05 9.98739E-05 9.98739E-05 9.98739E-05 9.98739E-05
0.97268 9.98559E-05 9.98559E-05 9.98559E-05 9.98559E-05 9.98559E-05 9.98559E-05 0.0257223 9.98559E-05 9.98559E-05 9.98559E-05 9.98559E-05 9.98559E-05 9.98559E-05 9.98559E-05 9.98559E-05 9.98559E-05 9.98559E-05
0.310311 9.98737E-05 9.98737E-05 0.349491 9.98737E-05 9.98737E-05 9.98737E-05 9.98737E-05 9.98737E-05 9.98737E-05 0.306951 9.98737E-05 9.98737E-05 9.98737E-05 9.98737E-05 9.98737E-05 9.98737E-05 0.0318489
0.370395 0.0275212 0.0145545 9.99098E-05 9.99098E-05 0.0417254 9.99098E-05 0.0695116 9.99098E-05 0.0211105 9.99098E-05 9.99098E-05 9.99098E-05 9.99098E-05 0.0259953 9.99098E-05 0.428187 9.99098E-05
0.183318 9.98737E-05 9.98737E-05 9.98737E-05 9.98737E-05 9.98737E-05 0.32168 9.98737E-05 9.98737E-05 9.98737E-05 0.286554 9.98737E-05 9.98737E-05 0.20705 9.98737E-05 9.98737E-05 9.98737E-05 9.98737E-05
0.117416 9.98738E-05 9.98738E-05 0.266941 9.98738E-05 9.98738E-05 9.98738E-05 9.98738E-05 9.98738E-05 9.98738E-05 0.578196 9.98738E-05 9.98738E-05 0.0360483 9.98738E-05 9.98738E-05 9.98738E-05 9.98738E-05
0.140787 9.98918E-05 9.98918E-05 9.98918E-05 9.98918E-05 9.98918E-05 9.98918E-05 9.98918E-05 9.98918E-05 9.98918E-05 0.646405 9.98918E-05 0.0807924 9.98918E-05 0.0232536 0.0208879 0.0866758 9.98918E-05
0.188486 9.98826E-05 9.98826E-05 9.98826E-05 9.98826E-05 0.0526557 9.98826E-05 9.98826E-05 9.98826E-05 0.42058 0.260345 9.98826E-05 9.98826E-05 9.98826E-05 9.98826E-05 0.0766348 9.98826E-05 9.98826E-05
0.0434871 9.98739E-05 9.98739E-05 0.622343 9.98739E-05 9.98739E-05 9.98739E-05 9.98739E-05 9.98739E-05 9.98739E-05 0.196535 9.98739E-05 9.98739E-05 9.98739E-05 9.98739E-05 9.98739E-05 9.98739E-05 0.136237
0.125231 9.99008E-05 9.99008E-05 9.99008E-05 9.99008E-05 0.0376612 0.00405504 9.99008E-05 9.99008E-05 0.0910705 0.301425 9.99008E-05 9.99008E-05 9.99008E-05 9.99008E-05 0.371895 9.99008E-05 0.0675636
0.222106 9.98828E-05 9.98828E-05 0.160597 9.98828E-05 9.98828E-05 9.98828E-05 9.98828E-05 9.98828E-05 9.98828E-05 0.560588 9.98828E-05 9.98828E-05 0.00165581 9.98828E-05 9.98828E-05 0.0537546 9.98828E-05
0.292227 9.98918E-05 9.98918E-05 9.98918E-05 9.98918E-05 9.98918E-05 9.98918E-05 9.98918E-05 9.98918E-05 9.98918E-05 0.325557 0.00382559 9.98918E-05 9.98918E-05 0.0331282 0.118091 0.225972 9.98918E-05
0.147408 9.99008E-05 9.99008E-05 0.0455829 9.99008E-05 9.99008E-05 9.99008E-05 9.99008E-05 0.00294003 0.147656 0.438228 9.99008E-05 0.119507 9.99008E-05 9.99008E-05 9.99008E-05 0.0975805 9.99008E-05
0.107203 9.98918E-05 9.98918E-05 0.106905 9.98918E-05 9.98918E-05 9.98918E-05 9.98918E-05 0.043267 9.98918E-05 0.134744 9.98918E-05 9.98918E-05 0.466215 9.98918E-05 9.98918E-05 0.140468 9.98918E-05
0.206376 9.99007E-05 0.229541 9.99007E-05 9.99007E-05 0.119885 9.99007E-05 0.107416 9.99007E-05 9.99007E-05 0.279273 9.99007E-05 9.99007E-05 9.99007E-05 0.0392128 0.0171985 9.99007E-05 9.99007E-05
0.0427288 0.521587 0.0426442 9.98917E-05 9.98917E-05 0.0105141 9.98917E-05 9.98917E-05 9.98917E-05 0.0370765 0.344251 9.98917E-05 9.98917E-05 9.98917E-05 9.98917E-05 9.98917E-05 9.98917E-05 9.98917E-05
9.98919E-05 9.98919E-05 9.98919E-05 9.98919E-05 0.0220515 9.98919E-05 9.98919E-05 9.98919E-05 0.046694 9.98919E-05 0.731564 0.0527263 0.125344 9.98919E-05 9.98919E-05 9.98919E-05 9.98919E-05 0.0204223
0.373897 9.98918E-05 9.98918E-05 0.0900146 9.98918E-05 9.98918E-05 0.0590451 9.98918E-05 9.98918E-05 9.98918E-05 0.374085 9.98918E-05 9.98918E-05 0.0954828 9.98918E-05 9.98918E-05 0.00627707 9.98918E-05
0.223005 9.99008E-05 9.99008E-05 9.99008E-05 9.99008E-05 9.99008E-05 9.99008E-05 9.99008E-05 0.0129937 0.198957 0.443522 9.99008E-05 0.0873568 9.99008E-05 9.99008E-05 0.0324293 0.000637762 9.99008E-05
0.00666128 9.98738E-05 0.208549 9.98738E-05 9.98738E-05 9.98738E-05 9.98738E-05 9.98738E-05 9.98738E-05 0.272029 0.511362 9.98738E-05 9.98738E-05 9.98738E-05 9.98738E-05 9.98738E-05 9.98738E-05 9.98738E-05
9.98738E-05 9.98738E-05 9.98738E-05 9.98738E-05 9.98738E-05 9.98738E-05 9.98738E-05 0.328326 9.98738E-05 0.313037 9.98738E-05 9.98738E-05 9.98738E-05 9.98738E-05 9.98738E-05 9.98738E-05 0.315324 0.0419153
9.98737E-05 9.98737E-05 9.98737E-05 9.98737E-05 9.98737E-05 9.98737E-05 0.134825 9.98737E-05 9.98737E-05 9.98737E-05 9.98737E-05 9.98737E-05 0.0750299 0.13169 9.98737E-05 9.98737E-05 9.98737E-05 0.657057
9.98738E-05 0.563757 0.0567826 9.98738E-05 9.98738E-05 9.98738E-05 9.98738E-05 0.0913406 9.98738E-05 9.98738E-05 9.98738E-05 9.98738E-05 9.98738E-05 9.98738E-05 9.98738E-05 9.98738E-05 0.286722 9.98738E-05
0.00492747 9.98919E-05 9.98919E-05 0.108406 9.98919E-05 9.98919E-05 9.98919E-05 9.98919E-05 0.0151453 0.00581976 9.98919E-05 9.98919E-05 9.98919E-05 9.98919E-05 9.98919E-05 9.98919E-05 0.846585 0.0179181
9.98646E-05 9.98646E-05 9.98646E-05 0.361245 9.98646E-05 9.98646E-05 0.0505718 9.98646E-05 9.98646E-05 9.98646E-05 9.98646E-05 9.98646E-05 9.98646E-05 9.98646E-05 9.98646E-05 9.98646E-05 9.98646E-05 0.586685
9.98918E-05 0.036577 0.2658 9.98918E-05 9.98918E-05 0.198967 9.98918E-05 9.98918E-05 9.98918E-05 0.0251728 9.98918E-05 9.98918E-05 9.98918E-05 9.98918E-05 9.98918E-05 0.262798 0.209486 9.98918E-05
9.98647E-05 9.98647E-05 9.98647E-05 9.98647E-05 9.98647E-05 9.98647E-05 9.98647E-05 9.98647E-05 9.98647E-05 0.0610535 9.98647E-05 9.98647E-05 9.98647E-05 9.98647E-05 9.98647E-05 0.145013 9.98647E-05 0.792435
9.99098E-05 9.99098E-05 0.0722927 9.99098E-05 0.0168455 9.99098E-05 0.0547535 0.184107 9.99098E-05 9.99098E-05 0.122559 0.0424659 9.99098E-05 9.99098E-05 0.0155997 9.99098E-05 0.490377 9.99098E-05
9.98649E-05 0.0173505 0.306386 9.98649E-05 9.98649E-05 9.98649E-05 9.98649E-05 9.98649E-05 9.98649E-05 9.98649E-05 9.98649E-05 9.98649E-05 9.98649E-05 9.98649E-05 9.98649E-05 9.98649E-05 9.98649E-05 0.674765
9.98649E-05 9.98649E-05 9.98649E-05 9.98649E-05 9.98649E-05 9.98649E-05 0.564619 9.98649E-05 9.98649E-05 9.98649E-05 9.98649E-05 9.98649E-05 9.98649E-05 9.98649E-05 9.98649E-05 9.98649E-05 0.201714 0.232169
9.99188E-05 9.99188E-05 0.27666 9.99188E-05 9.99188E-05 9.99188E-05 9.99188E-05 0.214288 9.99188E-05 0.105722 0.00896608 0.00137865 0.0603126 9.99188E-05 9.99188E-05 0.195013 0.0477603 0.0890007
9.98738E-05 0.378975 9.98738E-05 9.98738E-05 9.98738E-05 0.00285386 9.98738E-05 9.98738E-05 9.98738E-05 0.0234329 9.98738E-05 9.98738E-05 9.98738E-05 9.98738E-05 9.98738E-05 9.98738E-05 9.98738E-05 0.59334
9.98648E-05 9.98648E-05 9.98648E-05 0.25123 9.98648E-05 9.98648E-05 0.2361 9.98648E-05 9.98648E-05 9.98648E-05 9.98648E-05 9.98648E-05 9.98648E-05 9.98648E-05 9.98648E-05 9.98648E-05 9.98648E-05 0.511172
9.99098E-05 0.0345707 0.12792 9.99098E-05 9.99098E-05 0.252569 9.99098E-05 0.255405 9.99098E-05 0.0231734 9.99098E-05 9.99098E-05 9.99098E-05 0.0754365 9.99098E-05 0.198384 0.0315426 9.99098E-05
9.98648E-05 9.98648E-05 0.320926 9.98648E-05 9.98648E-05 0.17869 9.98648E-05 9.98648E-05 9.98648E-05 9.98648E-05 9.98648E-05 9.98648E-05 9.98648E-05 9.98648E-05 9.98648E-05 9.98648E-05 9.98648E-05 0.498887
9.98918E-05 0.0221742 0.489531 9.98918E-05 9.98918E-05 0.141118 9.98918E-05 9.98918E-05 9.98918E-05 9.98918E-05 9.98918E-05 9.98918E-05 9.98918E-05 0.171023 9.98918E-05 0.0570575 0.117897 9.98918E-05
9.98648E-05 9.98648E-05 9.98648E-05 0.343985 9.98648E-05 9.98648E-05 0.148217 9.98648E-05 9.98648E-05 9.98648E-05 9.98648E-05 9.98648E-05 9.98648E-05 9.98648E-05 9.98648E-05 9.98648E-05 9.98648E-05 0.506299
9.98827E-05 0.0338755 0.663324 9.98827E-05 9.98827E-05 9.98827E-05 9.98827E-05 0.088743 9.98827E-05 9.98827E-05 9.98827E-05 9.98827E-05 9.98827E-05 9.98827E-05 9.98827E-05 9.98827E-05 0.00169739 0.211062
9.98829E-05 9.98829E-05 0.0412854 9.98829E-05 9.98829E-05 9.98829E-05 9.98829E-05 0.472892 9.98829E-05 9.98829E-05 0.0847324 9.98829E-05 9.98829E-05 9.98829E-05 9.98829E-05 0.279888 0.119904 9.98829E-05
9.98918E-05 9.98918E-05 9.98918E-05 9.98918E-05 0.0526446 9.98918E-05 9.98918E-05 0.0856929 9.98918E-05 9.98918E-05 9.98918E-05 9.98918E-05 9.98918E-05 0.115465 9.98918E-05 0.00130749 0.638498 0.105193
9.98831E-05 0.14716 9.98831E-05 9.98831E-05 9.98831E-05 9.98831E-05 0.000428668 9.98831E-05 9.98831E-05 0.470741 9.98831E-05 9.98831E-05 9.98831E-05 0.224979 9.98831E-05 9.98831E-05 0.155393 9.98831E-05
9.98919E-05 0.181153 0.205863 9.98919E-05 9.98919E-05 9.98919E-05 9.98919E-05 9.98919E-05 0.0104596 0.156927 9.98919E-05 9.98919E-05 9.98919E-05 9.98919E-05 9.98919E-05 9.98919E-05 0.376634 0.0677647
9.98737E-05 9.98737E-05 9.98737E-05 0.216431 9.98737E-05 9.98737E-05 0.125065 9.98737E-05 9.98737E-05 9.98737E-05 9.98737E-05 9.98737E-05 9.98737E-05 9.98737E-05 9.98737E-05 9.98737E-05 0.143173 0.513932
9.99188E-05 9.99188E-05 0.386792 9.99188E-05 0.00378391 9.99188E-05 9.99188E-05 0.037443 0.0327565 9.99188E-05 9.99188E-05 9.99188E-05 0.132198 0.250041 0.0525579 0.0950381 0.00849045 9.99188E-05
9.98916E-05 9.98916E-05 9.98916E-05 9.98916E-05 0.0194591 9.98916E-05 9.98916E-05 0.0521194 9.98916E-05 9.98916E-05 9.98916E-05 9.98916E-05 0.0103781 9.98916E-05 0.022043 9.98916E-05 0.264628 0.630174
0.0447213 9.99189E-05 9.99189E-05 0.232367 9.99189E-05 9.99189E-05 9.99189E-05 9.99189E-05 0.0324166 9.99189E-05 0.147427 0.0329364 0.0428092 9.99189E-05 0.0362614 9.99189E-05 0.356193 0.07397
0.0880774 9.99236E-05 0.59792 9.99236E-05 0.00521067 9.99236E-05 9.99236E-05 0.0785978 0.0160563 9.99236E-05 0.0252487 9.99236E-05 0.0912509 9.99236E-05 0.0735811 9.99236E-05 9.99236E-05 0.0231579
9.98648E-05 9.98648E-05 9.98648E-05 9.98648E-05 9.98648E-05 9.98648E-05 9.98648E-05 9.98648E-05 9.98648E-05 0.300573 0.214989 9.98648E-05 0.482941 9.98648E-05 9.98648E-05 9.98648E-05 9.98648E-05 9.98648E-05
9.9901E-05 9.9901E-05 9.9901E-05 0.608338 9.9901E-05 0.0438638 0.243396 9.9901E-05 0.0329551 0.0573248 9.9901E-05 9.9901E-05 9.9901E-05 9.9901E-05 0.00147757 9.9901E-05 0.0115458 9.9901E-05
9.99278E-05 9.99278E-05 9.99278E-05 0.0285868 0.0139698 0.0239552 0.0381631 9.99278E-05 9.99278E-05 9.99278E-05 0.160735 9.99278E-05 0.251412 0.145104 0.0527558 9.99278E-05 0.178134 0.106385
0.0291645 9.99278E-05 9.99278E-05 0.225988 9.99278E-05 9.99278E-05 0.0400433 9.99278E-05 0.0270798 9.99278E-05 0.03547 0.01422 0.183956 0.234526 9.99278E-05 0.0292607 0.179492 9.99278E-05
9.98918E-05 9.98918E-05 9.98918E-05 0.0607621 9.98918E-05 9.98918E-05 9.98918E-05 9.98918E-05 9.98918E-05 0.230783 9.98918E-05 9.98918E-05 0.0515255 9.98918E-05 9.98918E-05 0.376545 0.144777 0.134409
0.0280963 9.98737E-05 9.98737E-05 0.409794 9.98737E-05 9.98737E-05 0.153409 9.98737E-05 9.98737E-05 9.98737E-05 9.98737E-05 9.98737E-05 9.98737E-05 9.98737E-05 9.98737E-05 9.98737E-05 0.407303 9.98737E-05
9.98917E-05 0.101629 0.508954 9.98917E-05 9.98917E-05 0.101617 9.98917E-05 9.98917E-05 9.98917E-05 9.98917E-05 9.98917E-05 9.98917E-05 9.98917E-05 0.0425415 9.98917E-05 0.131907 0.112152 9.98917E-05
9.98647E-05 9.98647E-05 9.98647E-05 0.412879 9.98647E-05 9.98647E-05 9.98647E-05 9.98647E-05 9.98647E-05 9.98647E-05 9.98647E-05 9.98647E-05 0.100709 9.98647E-05 9.98647E-05 9.98647E-05 0.484914 9.98647E-05
0.0145681 0.36636 0.0521743 0.127507 9.99009E-05 9.99009E-05 9.99009E-05 9.99009E-05 9.99009E-05 0.040119 9.99009E-05 9.99009E-05 0.262241 9.99009E-05 9.99009E-05 9.99009E-05 9.99009E-05 0.135932
9.99008E-05 0.300409 0.330049 9.99008E-05 9.99008E-05 0.0556186 0.0319808 9.99008E-05 9.99008E-05 0.0236794 0.142888 9.99008E-05 0.114276 9.99008E-05 9.99008E-05 9.99008E-05 9.99008E-05 9.99008E-05
9.9892E-05 9.9892E-05 9.9892E-05 9.9892E-05 9.9892E-05 9.9892E-05 9.9892E-05 0.00707632 9.9892E-05 0.158299 0.112628 0.0912501 0.372973 9.9892E-05 9.9892E-05 9.9892E-05 0.256576 9.9892E-05
9.99278E-05 9.99278E-05 0.0520107 9.99278E-05 9.99278E-05 0.0501439 9.99278E-05 0.0571102 9.99278E-05 0.00239316 0.173743 0.0365331 0.0763083 0.13315 0.00140281 9.99278E-05 0.416406 9.99278E-05
9.99008E-05 9.99008E-05 9.99008E-05 9.99008E-05 9.99008E-05 0.106797 9.99008E-05 9.99008E-05 0.0198071 0.0313559 0.256418 0.00179198 0.366147 9.99008E-05 9.99008E-05 9.99008E-05 0.216584 9.99008E-05
9.99008E-05 0.137674 0.270944 0.100744 9.99008E-05 9.99008E-05 9.99008E-05 9.99008E-05 9.99008E-05 0.198564 0.0584034 9.99008E-05 9.99008E-05 0.0131134 9.99008E-05 9.99008E-05 0.21946 9.99008E-05
9.98919E-05 9.98919E-05 9.98919E-05 0.624221 9.98919E-05 0.0665144 0.110307 9.98919E-05 9.98919E-05 0.00415527 0.0836909 9.98919E-05 9.98919E-05 9.98919E-05 9.98919E-05 9.98919E-05 0.109913 9.98919E-05
9.98828E-05 9.98828E-05 9.98828E-05 0.610224 9.98828E-05 9.98828E-05 0.0184232 9.98828E-05 9.98828E-05 9.98828E-05 9.98828E-05 9.98828E-05 0.215872 0.00268574 9.98828E-05 9.98828E-05 9.98828E-05 0.151497
9.98918E-05 9.98918E-05 9.98918E-05 9.98918E-05 9.98918E-05 9.98918E-05 0.395007 0.0109787 9.98918E-05 9.98918E-05 9.98918E-05 9.98918E-05 0.273868 0.111092 0.0368294 9.98918E-05 0.171026 9.98918E-05
9.98828E-05 9.98828E-05 9.98828E-05 0.482111 9.98828E-05 9.98828E-05 0.0911309 9.98828E-05 9.98828E-05 9.98828E-05 9.98828E-05 0.0178754 0.31241 9.98828E-05 9.98828E-05 9.98828E-05 0.095174 9.98828E-05
9.98649E-05 9.98649E-05 9.98649E-05 0.833109 9.98649E-05 0.129802 9.98649E-05 9.98649E-05 9.98649E-05 9.98649E-05 9.98649E-05 9.98649E-05 9.98649E-05 9.98649E-05 9.98649E-05 0.0355904 9.98649E-05 9.98649E-05
9.99008E-05 9.99008E-05 9.99008E-05 9.99008E-05 0.100026 9.99008E-05 0.359042 0.038353 9.99008E-05 9.99008E-05 9.99008E-05 0.0232211 0.290902 0.114445 9.99008E-05 9.99008E-05 9.99008E-05 0.0729113
9.99008E-05 9.99008E-05 9.99008E-05 0.094975 0.0453865 9.99008E-05 0.136953 9.99008E-05 9.99008E-05 9.99008E-05 9.99008E-05 9.99008E-05 9.99008E-05 0.0316378 9.99008E-05 0.0357715 0.620824 0.0333536
9.9919E-05 0.0411697 9.9919E-05 0.00864803 9.9919E-05 0.403317 9.9919E-05 0.392405 0.0129551 0.0380765 9.9919E-05 9.9919E-05 0.0454295 0.0400888 0.0170115 9.9919E-05 9.9919E-05 9.9919E-05
9.98918E-05 0.00561798 0.0225179 9.98918E-05 9.98918E-05 0.78764 9.98918E-05 9.98918E-05 0.0153471 9.98918E-05 0.00712027 9.98918E-05 9.98918E-05 0.160558 9.98918E-05 9.98918E-05 9.98918E-05 9.98918E-05
9.99098E-05 9.99098E-05 9.99098E-05 9.99098E-05 0.0540736 0.069401 9.99098E-05 9.99098E-05 0.00362094 9.99098E-05 9.99098E-05 9.99098E-05 0.0186334 0.668011 0.0285672 0.0215152 0.135179 9.99098E-05
9.98737E-05 9.98737E-05 0.109516 9.98737E-05 9.98737E-05 0.566176 9.98737E-05 9.98737E-05 9.98737E-05 9.98737E-05 9.98737E-05 9.98737E-05 9.98737E-05 0.126859 9.98737E-05 0.196051 9.98737E-05 9.98737E-05
9.98649E-05 9.98649E-05 9.98649E-05 9.98649E-05 9.98649E-05 0.887867 9.98649E-05 0.0327648 9.98649E-05 9.98649E-05 0.0778704 9.98649E-05 9.98649E-05 9.98649E-05 9.98649E-05 9.98649E-05 9.98649E-05 9.98649E-05
9.98918E-05 0.42562 9.98918E-05 9.98918E-05 9.98918E-05 0.402456 0.0209161 9.98918E-05 0.0402997 9.98918E-05 0.0844914 9.98918E-05 9.98918E-05 9.98918E-05 9.98918E-05 9.98918E-05 0.0250181 9.98918E-05
0.01155 0.118858 0.078894 9.98919E-05 9.98919E-05 0.687628 9.98919E-05 9.98919E-05 9.98919E-05 9.98919E-05 9.98919E-05 9.98919E-05 9.98919E-05 0.083893 9.98919E-05 9.98919E-05 0.0179786 9.98919E-05
0.0207687 9.98919E-05 9.98919E-05 9.98919E-05 0.0151732 0.206883 0.457502 9.98919E-05 9.98919E-05 9.98919E-05 9.98919E-05 9.98919E-05 9.98919E-05 0.161243 9.98919E-05 9.98919E-05 0.137231 9.98919E-05
9.9874E-05 9.9874E-05 9.9874E-05 0.22842 9.9874E-05 9.9874E-05 0.552247 9.9874E-05 9.9874E-05 9.9874E-05 9.9874E-05 9.9874E-05 9.9874E-05 0.0117723 9.9874E-05 9.9874E-05 9.9874E-05 0.206163
9.98917E-05 9.98917E-05 0.0224398 9.98917E-05 9.98917E-05 9.98917E-05 9.98917E-05 0.500829 9.98917E-05 9.98917E-05 0.0751223 9.98917E-05 9.98917E-05 0.236985 0.0837099 9.98917E-05 0.0797149 9.98917E-05
9.98829E-05 9.98829E-05 9.98829E-05 9.98829E-05 0.00122324 0.095305 0.458501 9.98829E-05 9.98829E-05 9.98829E-05 0.0670339 9.98829E-05 9.98829E-05 0.376638 9.98829E-05 9.98829E-05 9.98829E-05 9.98829E-05
0.0671549 9.991E-05 9.991E-05 9.991E-05 0.105984 0.0342967 0.0689571 9.991E-05 0.00490719 9.991E-05 9.991E-05 9.991E-05 9.991E-05 0.498065 0.120591 9.991E-05 0.099046 9.991E-05
0.157402 9.99008E-05 9.99008E-05 9.99008E-05 0.0971073 0.220489 9.99008E-05 0.0237936 9.99008E-05 9.99008E-05 9.99008E-05 9.99008E-05 9.99008E-05 0.227892 9.99008E-05 0.0201119 0.252105 9.99008E-05
0.0605597 9.98919E-05 9.98919E-05 0.0182046 9.98919E-05 9.98919E-05 0.422496 9.98919E-05 9.98919E-05 9.98919E-05 9.98919E-05 9.98919E-05 9.98919E-05 0.279089 9.98919E-05 9.98919E-05 0.157473 0.0609788
0.0320514 9.98829E-05 9.98829E-05 0.0974856 9.98829E-05 9.98829E-05 9.98829E-05 0.102801 9.98829E-05 0.0325222 9.98829E-05 9.98829E-05 9.98829E-05 0.733841 9.98829E-05 9.98829E-05 9.98829E-05 9.98829E-05
9.99188E-05 9.99188E-05 0.283182 9.99188E-05 0.0349926 0.0215824 9.99188E-05 0.16444 0.0713517 9.99188E-05 9.99188E-05 0.00640451 0.295806 0.12 0.00134103 9.99188E-05 9.99188E-05 9.99188E-05
9.99098E-05 9.99098E-05 9.99098E-05 9.99098E-05 0.0808977 0.00630546 0.284368 0.13429 9.99098E-05 9.99098E-05 9.99098E-05 0.00327193 9.99098E-05 0.152615 9.99098E-05 0.150395 0.186857 9.99098E-05
9.98738E-05 9.98738E-05 9.98738E-05 9.98738E-05 9.98738E-05 9.98738E-05 0.0623678 0.246317 9.98738E-05 9.98738E-05 0.201018 9.98738E-05 9.98738E-05 0.488899 9.98738E-05 9.98738E-05 9.98738E-05 9.98738E-05
9.98828E-05 9.98828E-05 0.106657 9.98828E-05 9.98828E-05 0.0907539 9.98828E-05 0.253878 9.98828E-05 9.98828E-05 9.98828E-05 9.98828E-05 9.98828E-05 0.10672 9.98828E-05 0.440693 9.98828E-05 9.98828E-05
9.9919E-05 9.9919E-05 0.0322333 9.9919E-05 9.9919E-05 0.0323854 9.9919E-05 0.338767 9.9919E-05 0.0280712 9.9919E-05 9.9919E-05 0.0244094 0.462554 0.0133756 0.041933 0.0253717 9.9919E-05
9.9901E-05 0.00205934 9.9901E-05 0.0526887 9.9901E-05 9.9901E-05 0.420667 9.9901E-05 9.9901E-05 0.0142426 9.9901E-05 0.00432986 9.9901E-05 0.470206 9.9901E-05 0.0347075 9.9901E-05 9.9901E-05
0.0137254 9.99008E-05 0.0657345 9.99008E-05 0.0646094 9.99008E-05 0.0124175 9.99008E-05 9.99008E-05 9.99008E-05 0.0055565 9.99008E-05 9.99008E-05 0.643487 9.99008E-05 9.99008E-05 0.193371 9.99008E-05
9.98919E-05 9.98919E-05 0.0174802 0.140918 9.98919E-05 9.98919E-05 0.592479 9.98919E-05 9.98919E-05 9.98919E-05 9.98919E-05 9.98919E-05 0.11826 0.103384 9.98919E-05 9.98919E-05 9.98919E-05 0.0262816
9.98828E-05 9.98828E-05 0.172601 9.98828E-05 9.98828E-05 0.319149 9.98828E-05 0.28554 9.98828E-05 9.98828E-05 9.98828E-05 9.98828E-05 9.98828E-05 0.0701529 9.98828E-05 9.98828E-05 0.151259 9.98828E-05
9.99009E-05 9.99009E-05 9.99009E-05 9.99009E-05 0.01024 9.99009E-05 9.99009E-05 0.26642 9.99009E-05 9.99009E-05 9.99009E-05 9.99009E-05 0.0217265 0.285647 0.0613139 0.0663563 0.287197 9.99009E-05
0.00445286 9.99188E-05 9.99188E-05 0.020215 9.99188E-05 9.99188E-05 0.579206 0.00957021 9.99188E-05 9.99188E-05 0.022274 9.99188E-05 0.0131847 0.200136 9.99188E-05 9.99188E-05 0.058284 0.0917786
0.0380266 0.0215633 0.182511 9.991E-05 9.991E-05 0.321922 9.991E-05 0.157941 9.991E-05 9.991E-05 9.991E-05 0.0146788 0.214943 9.991E-05 9.991E-05 9.991E-05 9.991E-05 0.0474158
9.98829E-05 9.98829E-05 9.98829E-05 9.98829E-05 9.98829E-05 0.0038571 9.98829E-05 0.0729747 9.98829E-05 9.98829E-05 9.98829E-05 9.98829E-05 0.368731 9.98829E-05 9.98829E-05 0.424566 9.98829E-05 0.128572
0.000465246 9.99279E-05 9.99279E-05 0.28568 0.101368 9.99279E-05 0.140864 9.99279E-05 0.0439821 9.99279E-05 9.99279E-05 0.00934393 0.0626664 0.0551693 0.0199098 9.99279E-05 0.279751 9.99279E-05
0.0645631 9.98828E-05 9.98828E-05 0.113836 9.98828E-05 9.98828E-05 9.98828E-05 9.98828E-05 0.0103932 9.98828E-05 9.98828E-05 9.98828E-05 0.656841 9.98828E-05 9.98828E-05 9.98828E-05 9.98828E-05 0.153068
0.0384444 9.99009E-05 9.99009E-05 9.99009E-05 0.0417781 0.363434 9.99009E-05 9.99009E-05 0.0382616 9.99009E-05 9.99009E-05 9.99009E-05 0.0993408 9.99009E-05 9.99009E-05 0.314336 9.99009E-05 0.103307
9.99008E-05 0.047839 0.122976 9.99008E-05 9.99008E-05 0.42131 9.99008E-05 0.0160488 9.99008E-05 9.99008E-05 9.99008E-05 9.99008E-05 0.185078 9.99008E-05 0.0179113 9.99008E-05 9.99008E-05 0.187737
9.99009E-05 9.99009E-05 0.273396 9.99009E-05 9.99009E-05 0.295776 9.99009E-05 0.0621214 9.99009E-05 9.99009E-05 9.99009E-05 9.99009E-05 0.103288 9.99009E-05 0.14071 0.0101573 9.99009E-05 0.113453
9.9874E-05 9.9874E-05 9.9874E-05 0.554 9.9874E-05 9.9874E-05 0.101445 9.9874E-05 9.9874E-05 9.9874E-05 9.9874E-05 9.9874E-05 0.300803 9.9874E-05 9.9874E-05 9.9874E-05 9.9874E-05 0.0423534
