0.247081 0.174263 9.9937E-05 0.292189 9.9937E-05 0.0549622 9.9937E-05 0.0204641 9.9937E-05 9.9937E-05 9.9937E-05 9.9937E-05 0.157828 0.0525127
9.99459E-05 0.159629 0.0964177 0.562748 9.99459E-05 0.00345296 9.99459E-05 0.0284504 9.99459E-05 9.99459E-05 9.99459E-05 0.0170026 0.100876 0.0308233
9.99369E-05 9.99369E-05 9.99369E-05 0.232272 9.99369E-05 0.0233669 0.0834075 0.00716792 9.99369E-05 9.99369E-05 0.011094 0.620234 9.99369E-05 0.0217581
0.189961 0.524679 9.99459E-05 0.0375176 9.99459E-05 0.0159838 9.99459E-05 9.99459E-05 0.113399 0.0345922 0.0504406 9.99459E-05 0.0328267 9.99459E-05
9.99459E-05 0.247883 0.0418937 0.0602677 9.99459E-05 9.99459E-05 0.0666551 0.197687 0.0562092 9.99459E-05 0.144001 9.99459E-05 0.184803 9.99459E-05
0.307953 0.0134266 9.99459E-05 0.297603 0.0248539 9.99459E-05 0.220138 0.0252697 9.99459E-05 9.99459E-05 9.99459E-05 0.0692109 9.99459E-05 0.040946
0.117821 0.0248637 9.99188E-05 0.21054 9.99188E-05 9.99188E-05 9.99188E-05 9.99188E-05 9.99188E-05 0.0557419 9.99188E-05 0.590134 9.99188E-05 9.99188E-05
0.179456 9.9928E-05 9.9928E-05 0.321488 9.9928E-05 9.9928E-05 0.121127 9.9928E-05 9.9928E-05 9.9928E-05 9.9928E-05 0.163961 0.0482806 0.164889
0.14925 0.465306 9.99369E-05 0.238739 9.99369E-05 0.0145264 9.99369E-05 9.99369E-05 0.0464378 9.99369E-05 0.0188936 9.99369E-05 9.99369E-05 0.0661477
0.201149 9.99189E-05 9.99189E-05 9.99189E-05 9.99189E-05 0.0371741 0.286128 9.99189E-05 9.99189E-05 0.171331 9.99189E-05 0.303318 9.99189E-05 9.99189E-05
0.117837 0.309823 0.295779 0.123356 9.99369E-05 9.99369E-05 0.0181077 0.0440605 9.99369E-05 9.99369E-05 9.99369E-05 9.99369E-05 0.0903373 9.99369E-05
0.097402 0.508436 0.0245273 9.99369E-05 9.99369E-05 9.99369E-05 0.130245 9.99369E-05 0.0315596 9.99369E-05 9.99369E-05 9.99369E-05 0.206622 0.000508177
9.99549E-05 0.129978 9.99549E-05 0.327834 0.00522139 0.0334556 9.99549E-05 0.187762 0.135828 0.112403 0.0295381 0.0374804 9.99549E-05 9.99549E-05
0.420825 0.0280721 9.99279E-05 0.0245035 9.99279E-05 9.99279E-05 0.0535155 9.99279E-05 9.99279E-05 9.99279E-05 9.99279E-05 0.404879 9.99279E-05 0.0674058
0.0539561 0.381459 0.323997 9.99098E-05 9.99098E-05 9.99098E-05 9.99098E-05 9.99098E-05 9.99098E-05 9.99098E-05 9.99098E-05 9.99098E-05 0.239589 9.99098E-05
0.174069 9.99459E-05 9.99459E-05 0.100206 0.039325 0.0120054 0.0248182 9.99459E-05 9.99459E-05 0.26888 0.00721784 0.372879 9.99459E-05 9.99459E-05
0.238993 0.0209475 9.99189E-05 0.199787 9.99189E-05 9.99189E-05 9.99189E-05 9.99189E-05 0.0123026 9.99189E-05 9.99189E-05 0.527071 9.99189E-05 9.99189E-05
0.161019 0.0288809 9.99098E-05 0.291734 9.99098E-05 9.99098E-05 9.99098E-05 9.99098E-05 9.99098E-05 9.99098E-05 9.99098E-05 0.517366 9.99098E-05 9.99098E-05
0.0365596 0.448084 9.9946E-05 0.0924267 9.9946E-05 9.9946E-05 9.9946E-05 0.0491597 0.177835 9.9946E-05 9.9946E-05 0.142318 0.0377392 0.0152783
9.99009E-05 9.99009E-05 0.193863 9.99009E-05 9.99009E-05 0.741923 9.99009E-05 9.99009E-05 9.99009E-05 9.99009E-05 0.0631155 9.99009E-05 9.99009E-05 9.99009E-05
9.9892E-05 9.9892E-05 9.9892E-05 9.9892E-05 9.9892E-05 0.841729 9.9892E-05 9.9892E-05 0.157072 9.9892E-05 9.9892E-05 9.9892E-05 9.9892E-05 9.9892E-05
0.148335 9.99008E-05 9.99008E-05 9.99008E-05 9.99008E-05 0.846876 9.99008E-05 0.00368973 9.99008E-05 9.99008E-05 9.99008E-05 9.99008E-05 9.99008E-05 9.99008E-05
9.99099E-05 0.00254607 9.99099E-05 9.99099E-05 9.99099E-05 0.624389 9.99099E-05 9.99099E-05 0.323583 9.99099E-05 0.0484826 9.99099E-05 9.99099E-05 9.99099E-05
9.99099E-05 0.234205 0.0182056 9.99099E-05 9.99099E-05 0.727992 9.99099E-05 9.99099E-05 9.99099E-05 9.99099E-05 9.99099E-05 9.99099E-05 9.99099E-05 0.018599
0.0693321 9.99188E-05 9.99188E-05 9.99188E-05 0.180424 0.442702 9.99188E-05 9.99188E-05 9.99188E-05 9.99188E-05 9.99188E-05 0.228305 9.99188E-05 0.0783376
9.99368E-05 0.250772 0.023393 9.99368E-05 9.99368E-05 0.325418 0.0169802 9.99368E-05 9.99368E-05 9.99368E-05 0.136779 9.99368E-05 0.00530872 0.240649
9.99099E-05 9.99099E-05 9.99099E-05 9.99099E-05 0.218068 0.237404 9.99099E-05 9.99099E-05 9.99099E-05 0.48941 0.054119 9.99099E-05 9.99099E-05 9.99099E-05
9.9937E-05 9.9937E-05 0.154003 9.9937E-05 9.9937E-05 0.242563 9.9937E-05 0.0714475 0.0546589 9.9937E-05 0.17831 9.9937E-05 0.1595 0.138819
0.150571 9.99098E-05 9.99098E-05 9.99098E-05 0.0153735 0.811722 9.99098E-05 0.0213338 9.99098E-05 9.99098E-05 9.99098E-05 9.99098E-05 9.99098E-05 9.99098E-05
9.99009E-05 0.072359 9.99009E-05 9.99009E-05 9.99009E-05 0.837446 9.99009E-05 9.99009E-05 0.0890958 9.99009E-05 9.99009E-05 9.99009E-05 9.99009E-05 9.99009E-05
9.99281E-05 9.99281E-05 9.99281E-05 9.99281E-05 0.0432458 0.56477 9.99281E-05 9.99281E-05 0.115908 0.155408 9.99281E-05 0.0968879 9.99281E-05 0.0229817
0.187905 9.99369E-05 9.99369E-05 9.99369E-05 0.219779 0.145194 9.99369E-05 0.080091 9.99369E-05 0.0106876 0.104992 9.99369E-05 9.99369E-05 0.250652
9.99098E-05 9.99098E-05 9.99098E-05 9.99098E-05 0.0583905 0.577379 9.99098E-05 9.99098E-05 9.99098E-05 0.192219 9.99098E-05 0.171013 9.99098E-05 9.99098E-05
0.029753 9.99278E-05 9.99278E-05 0.0408956 0.0623043 0.63095 9.99278E-05 9.99278E-05 9.99278E-05 9.99278E-05 9.99278E-05 0.188686 9.99278E-05 0.0466114
9.99099E-05 0.107593 9.99099E-05 9.99099E-05 9.99099E-05 0.827054 0.00623256 9.99099E-05 0.0581215 9.99099E-05 9.99099E-05 9.99099E-05 9.99099E-05 9.99099E-05
9.99099E-05 0.0849118 0.141331 9.99099E-05 9.99099E-05 0.731717 9.99099E-05 9.99099E-05 9.99099E-05 9.99099E-05 0.0410419 9.99099E-05 9.99099E-05 9.99099E-05
9.98919E-05 9.98919E-05 0.342133 9.98919E-05 9.98919E-05 0.656668 9.98919E-05 9.98919E-05 9.98919E-05 9.98919E-05 9.98919E-05 9.98919E-05 9.98919E-05 9.98919E-05
9.99189E-05 0.011357 9.99189E-05 9.99189E-05 9.99189E-05 0.659514 9.99189E-05 9.99189E-05 0.237181 9.99189E-05 0.0280712 9.99189E-05 0.062978 9.99189E-05
0.0667127 9.99097E-05 9.99097E-05 0.0888403 0.428451 9.99097E-05 9.99097E-05 9.99097E-05 9.99097E-05 9.99097E-05 0.414997 9.99097E-05 9.99097E-05 9.99097E-05
9.991E-05 9.991E-05 9.991E-05 9.991E-05 0.797651 9.991E-05 9.991E-05 0.0938109 9.991E-05 0.0865858 9.991E-05 9.991E-05 0.020953 9.991E-05
9.99279E-05 9.99279E-05 9.99279E-05 9.99279E-05 0.529796 0.0156382 0.0267525 9.99279E-05 9.99279E-05 0.224284 9.99279E-05 0.0896725 9.99279E-05 0.113058
9.99279E-05 9.99279E-05 9.99279E-05 9.99279E-05 0.271782 9.99279E-05 9.99279E-05 0.00449726 0.353848 0.0630029 0.267972 9.99279E-05 9.99279E-05 0.038099
0.141054 9.99188E-05 9.99188E-05 0.0271799 0.467864 0.238348 9.99188E-05 9.99188E-05 9.99188E-05 9.99188E-05 0.124654 9.99188E-05 9.99188E-05 9.99188E-05
9.99369E-05 9.99369E-05 0.086113 0.00625802 0.649597 0.0429597 0.095038 9.99369E-05 9.99369E-05 9.99369E-05 9.99369E-05 0.0882697 9.99369E-05 0.0310646
9.99189E-05 0.109597 9.99189E-05 9.99189E-05 9.99189E-05 9.99189E-05 9.99189E-05 9.99189E-05 0.079993 9.99189E-05 0.241469 9.99189E-05 0.213678 0.354364
9.99189E-05 0.226117 9.99189E-05 0.0156954 0.180586 9.99189E-05 9.99189E-05 9.99189E-05 9.99189E-05 9.99189E-05 0.500487 9.99189E-05 0.0762149 9.99189E-05
9.99098E-05 9.99098E-05 9.99098E-05 9.99098E-05 0.594058 0.153851 0.0173691 9.99098E-05 9.99098E-05 9.99098E-05 9.99098E-05 0.233723 9.99098E-05 9.99098E-05
0.137357 9.99098E-05 9.99098E-05 0.0134771 0.517603 9.99098E-05 9.99098E-05 9.99098E-05 9.99098E-05 9.99098E-05 0.330564 9.99098E-05 9.99098E-05 9.99098E-05
9.991E-05 0.00648982 9.991E-05 9.991E-05 0.466775 9.991E-05 9.991E-05 0.00207691 9.991E-05 0.523659 9.991E-05 9.991E-05 9.991E-05 9.991E-05
9.9919E-05 9.9919E-05 9.9919E-05 0.132183 0.318335 9.9919E-05 9.9919E-05 9.9919E-05 9.9919E-05 9.9919E-05 0.397688 9.9919E-05 0.108913 0.041983
9.99279E-05 9.99279E-05 9.99279E-05 9.99279E-05 0.73169 9.99279E-05 9.99279E-05 0.0269628 0.00548693 0.109278 0.099528 9.99279E-05 0.0262551 9.99279E-05
9.9937E-05 9.9937E-05 0.0336025 9.9937E-05 0.43547 0.0635223 0.00602145 0.0414092 0.26724 9.9937E-05 0.152035 9.9937E-05 9.9937E-05 9.9937E-05
9.99368E-05 0.183615 0.149748 9.99368E-05 0.0688753 0.0939773 0.0395535 9.99368E-05 9.99368E-05 9.99368E-05 0.309216 9.99368E-05 9.99368E-05 0.154315
9.99279E-05 0.276999 0.0761911 0.099655 0.303968 9.99279E-05 9.99279E-05 9.99279E-05 9.99279E-05 9.99279E-05 0.170897 9.99279E-05 9.99279E-05 0.0714896
9.9937E-05 9.9937E-05 0.0107841 9.9937E-05 0.188542 0.0291685 9.9937E-05 9.9937E-05 0.32441 9.9937E-05 0.156639 9.9937E-05 0.204622 0.0851344
9.99189E-05 0.0462403 9.99189E-05 9.99189E-05 9.99189E-05 0.311919 9.99189E-05 9.99189E-05 0.343635 9.99189E-05 9.99189E-05 9.99189E-05 0.0249598 0.272347
0.128931 9.99278E-05 9.99278E-05 9.99278E-05 0.548911 9.99278E-05 9.99278E-05 0.0203327 9.99278E-05 9.99278E-05 0.258224 0.0263693 9.99278E-05 0.0164325
9.99459E-05 9.99459E-05 0.0898698 9.99459E-05 0.290364 0.0134502 9.99459E-05 0.0397788 0.0615071 0.0642785 0.211121 9.99459E-05 9.99459E-05 0.22903
0.0695551 9.99188E-05 9.99188E-05 9.99188E-05 0.797397 9.99188E-05 9.99188E-05 0.0354449 9.99188E-05 0.0379415 9.99188E-05 9.99188E-05 9.99188E-05 0.058762
9.99098E-05 9.99098E-05 0.0441931 9.99098E-05 0.219637 9.99098E-05 9.99098E-05 9.99098E-05 9.99098E-05 9.99098E-05 0.677422 9.99098E-05 0.0577487 9.99098E-05
0.0887428 0.0173632 9.99368E-05 0.0689897 0.162474 0.0486655 9.99368E-05 9.99368E-05 9.99368E-05 9.99368E-05 0.554558 9.99368E-05 9.99368E-05 0.0585072
9.99189E-05 0.123912 9.99189E-05 0.145179 0.329277 9.99189E-05 9.99189E-05 9.99189E-05 9.99189E-05 9.99189E-05 0.346027 9.99189E-05 9.99189E-05 0.0547065
9.99279E-05 9.99279E-05 9.99279E-05 9.99279E-05 0.193914 9.99279E-05 9.99279E-05 0.153073 9.99279E-05 0.128509 0.206337 0.0423937 9.99279E-05 0.274974
9.99099E-05 9.99099E-05 9.99099E-05 9.99099E-05 9.99099E-05 0.0441279 9.99099E-05 9.99099E-05 0.295367 9.99099E-05 0.641749 0.0177571 9.99099E-05 9.99099E-05
9.99099E-05 9.99099E-05 9.99099E-05 9.99099E-05 0.165513 9.99099E-05 9.99099E-05 9.99099E-05 9.99099E-05 9.99099E-05 0.253796 0.473899 9.99099E-05 0.105793
0.089426 0.217484 0.0370522 0.0267663 0.00441107 0.116513 9.99459E-05 9.99459E-05 9.99459E-05 9.99459E-05 0.25656 9.99459E-05 9.99459E-05 0.251188
9.99009E-05 9.99009E-05 9.99009E-05 9.99009E-05 9.99009E-05 9.99009E-05 9.99009E-05 9.99009E-05 0.00866739 9.99009E-05 0.882021 9.99009E-05 0.108213 9.99009E-05
9.991E-05 9.991E-05 0.178559 9.991E-05 9.991E-05 9.991E-05 9.991E-05 9.991E-05 9.991E-05 9.991E-05 0.746772 0.0371126 0.0365571 9.991E-05
0.0638148 0.114661 9.99368E-05 9.99368E-05 9.99368E-05 0.0618769 9.99368E-05 0.00936611 9.99368E-05 9.99368E-05 0.19079 0.0013262 9.99368E-05 0.557466
0.258609 9.99188E-05 9.99188E-05 9.99188E-05 0.0678838 0.234439 9.99188E-05 9.99188E-05 9.99188E-05 9.99188E-05 0.144207 9.99188E-05 9.99188E-05 0.293963
9.99189E-05 9.99189E-05 9.99189E-05 9.99189E-05 0.146554 0.150911 9.99189E-05 0.0224742 9.99189E-05 0.381983 9.99189E-05 9.99189E-05 9.99189E-05 0.297178
9.99189E-05 9.99189E-05 9.99189E-05 9.99189E-05 0.289338 9.99189E-05 9.99189E-05 9.99189E-05 9.99189E-05 0.0617221 0.238241 0.403138 9.99189E-05 0.00666148
9.99009E-05 9.99009E-05 9.99009E-05 9.99009E-05 9.99009E-05 0.638416 9.99009E-05 9.99009E-05 0.126782 9.99009E-05 9.99009E-05 9.99009E-05 0.233703 9.99009E-05
9.99097E-05 9.99097E-05 9.99097E-05 9.99097E-05 0.301166 9.99097E-05 9.99097E-05 9.99097E-05 9.99097E-05 0.076436 0.397369 0.22403 9.99097E-05 9.99097E-05
9.99188E-05 0.0336841 9.99188E-05 9.99188E-05 9.99188E-05 9.99188E-05 0.0158351 0.0340916 9.99188E-05 9.99188E-05 0.701317 9.99188E-05 9.99188E-05 0.214173
9.99099E-05 0.398079 9.99099E-05 9.99099E-05 9.99099E-05 0.132568 9.99099E-05 9.99099E-05 9.99099E-05 9.99099E-05 0.109429 9.99099E-05 9.99099E-05 0.358925
9.99098E-05 9.99098E-05 9.99098E-05 9.99098E-05 0.062276 0.699382 9.99098E-05 9.99098E-05 9.99098E-05 0.0558948 9.99098E-05 0.181448 9.99098E-05 9.99098E-05
9.9928E-05 9.9928E-05 9.9928E-05 9.9928E-05 0.237179 0.222122 9.9928E-05 9.9928E-05 9.9928E-05 0.311868 0.0078378 0.216141 9.9928E-05 0.00405246
0.0275344 9.99098E-05 9.99098E-05 9.99098E-05 0.140141 0.68346 9.99098E-05 9.99098E-05 9.99098E-05 9.99098E-05 9.99098E-05 0.147866 9.99098E-05 9.99098E-05
0.200854 9.99278E-05 9.99278E-05 9.99278E-05 0.0585299 0.304307 9.99278E-05 0.0643422 9.99278E-05 9.99278E-05 0.131091 9.99278E-05 9.99278E-05 0.240076
9.99279E-05 9.99279E-05 9.99279E-05 9.99279E-05 0.234461 0.158912 9.99279E-05 0.0318175 9.99279E-05 0.485803 0.084061 9.99279E-05 9.99279E-05 0.00414536
9.99279E-05 0.106997 9.99279E-05 9.99279E-05 0.15737 0.194734 9.99279E-05 9.99279E-05 0.201397 9.99279E-05 0.330607 9.99279E-05 9.99279E-05 0.00809514
9.99189E-05 0.0429735 9.99189E-05 9.99189E-05 0.43421 9.99189E-05 9.99189E-05 0.0102468 0.130806 9.99189E-05 0.380864 9.99189E-05 9.99189E-05 9.99189E-05
9.99369E-05 0.0504284 0.089727 9.99369E-05 0.407208 0.073197 9.99369E-05 9.99369E-05 0.249304 9.99369E-05 0.0561809 9.99369E-05 9.99369E-05 0.073256
9.99098E-05 9.99098E-05 9.99098E-05 9.99098E-05 0.473981 9.99098E-05 9.99098E-05 9.99098E-05 9.99098E-05 0.0719475 0.262215 0.190857 9.99098E-05 9.99098E-05
0.0840566 9.99279E-05 0.0537993 9.99279E-05 0.137758 0.082104 9.99279E-05 0.0564083 9.99279E-05 9.99279E-05 0.585075 9.99279E-05 9.99279E-05 9.99279E-05
9.99189E-05 0.105392 9.99189E-05 9.99189E-05 9.99189E-05 9.99189E-05 9.99189E-05 9.99189E-05 0.0147919 9.99189E-05 0.798692 0.00326191 9.99189E-05 0.0769633
0.085088 9.99097E-05 9.99097E-05 9.99097E-05 9.99097E-05 0.180397 9.99097E-05 9.99097E-05 9.99097E-05 9.99097E-05 9.99097E-05 0.131019 9.99097E-05 0.602498
9.99008E-05 9.99008E-05 9.99008E-05 9.99008E-05 0.445678 9.99008E-05 9.99008E-05 9.99008E-05 9.99008E-05 9.99008E-05 9.99008E-05 0.226385 9.99008E-05 0.326838
9.99098E-05 9.99098E-05 9.99098E-05 0.0344809 9.99098E-05 0.162824 9.99098E-05 9.99098E-05 9.99098E-05 9.99098E-05 9.99098E-05 9.99098E-05 0.134868 0.666828
9.99097E-05 9.99097E-05 9.99097E-05 9.99097E-05 0.289777 9.99097E-05 9.99097E-05 9.99097E-05 9.99097E-05 9.99097E-05 0.0049418 0.224133 9.99097E-05 0.480149
9.99008E-05 9.99008E-05 9.99008E-05 9.99008E-05 0.179469 9.99008E-05 9.99008E-05 9.99008E-05 9.99008E-05 9.99008E-05 9.99008E-05 0.188151 9.99008E-05 0.631282
9.99098E-05 9.99098E-05 0.0152553 9.99098E-05 9.99098E-05 9.99098E-05 9.99098E-05 9.99098E-05 9.99098E-05 9.99098E-05 0.0291314 9.99098E-05 0.308922 0.645693
9.99188E-05 9.99188E-05 9.99188E-05 0.226269 0.254161 9.99188E-05 9.99188E-05 9.99188E-05 9.99188E-05 9.99188E-05 0.152863 0.013898 9.99188E-05 0.35191
0.0438126 9.99098E-05 9.99098E-05 0.0639089 0.165935 9.99098E-05 9.99098E-05 9.99098E-05 9.99098E-05 9.99098E-05 9.99098E-05 9.99098E-05 9.99098E-05 0.725344
9.99009E-05 9.99009E-05 9.99009E-05 9.99009E-05 0.0287128 9.99009E-05 9.99009E-05 0.59711 9.99009E-05 0.373078 9.99009E-05 9.99009E-05 9.99009E-05 9.99009E-05
0.0103729 9.9946E-05 9.9946E-05 0.0148523 0.145369 0.0272681 9.9946E-05 0.613413 9.9946E-05 0.17927 9.9946E-05 0.00355157 0.00530366 9.9946E-05
9.99099E-05 9.99099E-05 9.99099E-05 9.99099E-05 0.041692 9.99099E-05 9.99099E-05 0.764242 0.180627 0.0124398 9.99099E-05 9.99099E-05 9.99099E-05 9.99099E-05
9.99189E-05 9.99189E-05 9.99189E-05 0.00437717 9.99189E-05 9.99189E-05 0.0119686 0.484887 9.99189E-05 9.99189E-05 9.99189E-05 9.99189E-05 0.434691 0.0631774
9.99188E-05 9.99188E-05 9.99188E-05 9.99188E-05 9.99188E-05 9.99188E-05 0.0383867 0.58684 9.99188E-05 0.328591 9.99188E-05 0.0168802 9.99188E-05 0.0284025
0.175256 0.0533049 9.99368E-05 0.406587 9.99368E-05 9.99368E-05 9.99368E-05 0.166375 0.0292557 9.99368E-05 9.99368E-05 9.99368E-05 0.0835892 0.084933
9.98918E-05 9.98918E-05 9.98918E-05 9.98918E-05 9.98918E-05 9.98918E-05 9.98918E-05 0.413774 9.98918E-05 9.98918E-05 9.98918E-05 0.585027 9.98918E-05 9.98918E-05
9.99008E-05 9.99008E-05 9.99008E-05 9.99008E-05 0.0138987 9.99008E-05 9.99008E-05 0.710186 9.99008E-05 0.274816 9.99008E-05 9.99008E-05 9.99008E-05 9.99008E-05
0.307522 9.99099E-05 9.99099E-05 9.99099E-05 9.99099E-05 9.99099E-05 9.99099E-05 0.59518 9.99099E-05 9.99099E-05 9.99099E-05 0.0402041 9.99099E-05 0.0560954
9.99189E-05 9.99189E-05 0.253465 9.99189E-05 9.99189E-05 0.0034942 9.99189E-05 0.531945 9.99189E-05 9.99189E-05 0.0930572 9.99189E-05 0.117139 9.99189E-05
9.99099E-05 9.99099E-05 9.99099E-05 9.99099E-05 0.0453703 9.99099E-05 0.124463 0.266035 9.99099E-05 0.563133 9.99099E-05 9.99099E-05 9.99099E-05 9.99099E-05
9.99188E-05 0.0630469 0.402557 9.99188E-05 9.99188E-05 9.99188E-05 0.0799778 0.451249 9.99188E-05 9.99188E-05 9.99188E-05 0.00226939 9.99188E-05 9.99188E-05
9.99188E-05 9.99188E-05 9.99188E-05 0.0613004 0.0270031 9.99188E-05 9.99188E-05 0.703283 9.99188E-05 0.134197 9.99188E-05 0.0733176 9.99188E-05 9.99188E-05
0.191681 0.0218951 0.0697259 0.157115 9.99368E-05 9.99368E-05 9.99368E-05 0.486615 9.99368E-05 9.99368E-05 0.00864299 9.99368E-05 9.99368E-05 0.0636259
0.296691 9.99279E-05 9.99279E-05 9.99279E-05 9.99279E-05 0.0456284 9.99279E-05 0.578154 0.00393026 0.0368494 9.99279E-05 9.99279E-05 0.0379476 9.99279E-05
0.222186 9.99279E-05 9.99279E-05 0.086381 9.99279E-05 0.0206461 9.99279E-05 0.259591 9.99279E-05 9.99279E-05 9.99279E-05 0.404892 0.00550483 9.99279E-05
9.99278E-05 0.284084 9.99278E-05 0.0648824 9.99278E-05 9.99278E-05 9.99278E-05 0.464872 9.99278E-05 9.99278E-05 0.0941787 9.99278E-05 0.0547274 0.0364562
9.99188E-05 9.99188E-05 9.99188E-05 9.99188E-05 9.99188E-05 9.99188E-05 9.99188E-05 0.336091 0.556351 9.99188E-05 9.99188E-05 0.0315371 0.0610973 0.0140244
0.219024 9.99189E-05 9.99189E-05 9.99189E-05 0.145594 0.0603314 0.0282835 0.545868 9.99189E-05 9.99189E-05 9.99189E-05 9.99189E-05 9.99189E-05 9.99189E-05
9.99099E-05 9.99099E-05 9.99099E-05 9.99099E-05 0.0129432 9.99099E-05 9.99099E-05 0.667071 9.99099E-05 0.00114153 9.99099E-05 0.317845 9.99099E-05 9.99099E-05
0.141989 9.99369E-05 0.0766059 9.99369E-05 9.99369E-05 0.0401437 0.00741904 0.673689 9.99369E-05 9.99369E-05 0.0230802 9.99369E-05 0.0363742 9.99369E-05
9.99009E-05 0.0689816 9.99009E-05 9.99009E-05 9.99009E-05 9.99009E-05 9.99009E-05 0.662394 0.267526 9.99009E-05 9.99009E-05 9.99009E-05 9.99009E-05 9.99009E-05
0.0127851 9.99369E-05 0.168087 0.42337 9.99369E-05 0.0170227 0.0841228 9.99369E-05 9.99369E-05 9.99369E-05 0.0621321 9.99369E-05 0.231781 9.99369E-05
0.0390237 9.99188E-05 9.99188E-05 9.99188E-05 9.99188E-05 9.99188E-05 0.675438 9.99188E-05 9.99188E-05 9.99188E-05 9.99188E-05 0.268393 0.00139751 0.0148482
9.99279E-05 9.99279E-05 9.99279E-05 0.363318 9.99279E-05 9.99279E-05 0.033434 9.99279E-05 0.530226 0.030399 9.99279E-05 9.99279E-05 0.0326362 0.0091873
0.353984 9.99188E-05 9.99188E-05 0.392488 9.99188E-05 0.0103687 9.99188E-05 9.99188E-05 9.99188E-05 0.163055 9.99188E-05 0.0792049 9.99188E-05 9.99188E-05
9.98917E-05 9.98917E-05 9.98917E-05 9.98917E-05 9.98917E-05 9.98917E-05 0.557676 9.98917E-05 9.98917E-05 0.441125 9.98917E-05 9.98917E-05 9.98917E-05 9.98917E-05
9.99098E-05 0.360575 0.283438 0.251707 9.99098E-05 9.99098E-05 9.99098E-05 9.99098E-05 0.10328 9.99098E-05 9.99098E-05 9.99098E-05 9.99098E-05 9.99098E-05
9.99098E-05 0.0437284 0.217935 9.99098E-05 9.99098E-05 0.00937691 0.727961 9.99098E-05 9.99098E-05 9.99098E-05 9.99098E-05 9.99098E-05 9.99098E-05 9.99098E-05
9.99549E-05 9.99549E-05 9.99549E-05 0.78739 0.0356142 0.0228003 0.0327871 0.0292554 9.99549E-05 0.0284888 0.0227109 0.0144403 9.99549E-05 0.0260131
9.99008E-05 0.0814763 9.99008E-05 9.99008E-05 9.99008E-05 9.99008E-05 0.692248 9.99008E-05 0.225177 9.99008E-05 9.99008E-05 9.99008E-05 9.99008E-05 9.99008E-05
9.99099E-05 9.99099E-05 9.99099E-05 0.0951449 9.99099E-05 9.99099E-05 0.274657 9.99099E-05 9.99099E-05 0.198368 9.99099E-05 0.430831 9.99099E-05 9.99099E-05
9.99369E-05 0.215196 0.243116 0.27331 9.99369E-05 9.99369E-05 0.180579 0.0020663 0.00847365 9.99369E-05 0.07656 9.99369E-05 9.99369E-05 9.99369E-05
9.99008E-05 9.99008E-05 9.99008E-05 9.99008E-05 9.99008E-05 9.99008E-05 0.551279 9.99008E-05 0.375717 9.99008E-05 9.99008E-05 9.99008E-05 0.0719053 9.99008E-05
9.99008E-05 9.99008E-05 9.99008E-05 9.99008E-05 9.99008E-05 9.99008E-05 0.503749 9.99008E-05 9.99008E-05 0.43013 9.99008E-05 0.065022 9.99008E-05 9.99008E-05
9.99189E-05 0.269708 0.175352 0.364623 9.99189E-05 9.99189E-05 9.99189E-05 9.99189E-05 0.0421072 9.99189E-05 9.99189E-05 9.99189E-05 0.14731 9.99189E-05
9.99098E-05 0.342339 9.99098E-05 9.99098E-05 9.99098E-05 9.99098E-05 0.511338 9.99098E-05 0.104834 9.99098E-05 0.04049 9.99098E-05 9.99098E-05 9.99098E-05
9.99188E-05 0.425325 0.0607902 0.175839 9.99188E-05 9.99188E-05 9.99188E-05 9.99188E-05 0.224397 9.99188E-05 9.99188E-05 0.112749 9.99188E-05 9.99188E-05
9.98918E-05 9.98918E-05 9.98918E-05 9.98918E-05 9.98918E-05 9.98918E-05 0.513589 9.98918E-05 9.98918E-05 0.485212 9.98918E-05 9.98918E-05 9.98918E-05 9.98918E-05
9.99098E-05 0.274781 9.99098E-05 0.219844 9.99098E-05 9.99098E-05 0.29857 9.99098E-05 0.205806 9.99098E-05 9.99098E-05 9.99098E-05 9.99098E-05 9.99098E-05
9.99279E-05 0.0898043 0.247258 0.490414 9.99279E-05 9.99279E-05 9.99279E-05 0.0254938 9.99279E-05 9.99279E-05 0.0192272 9.99279E-05 0.127003 9.99279E-05
0.290592 9.99188E-05 9.99188E-05 0.389293 9.99188E-05 9.99188E-05 0.0605827 9.99188E-05 9.99188E-05 9.99188E-05 9.99188E-05 0.172095 9.99188E-05 0.086538
0.0257469 9.99641E-05 0.00953181 0.183457 0.0052105 0.0510554 9.99641E-05 0.0491809 0.340245 0.129458 9.99641E-05 0.0160322 0.189682 9.99641E-05
9.99279E-05 9.99279E-05 0.0113133 0.442025 9.99279E-05 0.0742272 0.0872049 9.99279E-05 0.350403 0.0340275 9.99279E-05 9.99279E-05 9.99279E-05 9.99279E-05
9.99097E-05 9.99097E-05 9.99097E-05 0.0119877 9.99097E-05 9.99097E-05 0.510919 9.99097E-05 9.99097E-05 0.364871 9.99097E-05 0.111223 9.99097E-05 9.99097E-05
9.99459E-05 0.396222 0.00370272 0.251398 0.0666423 0.0678572 0.103993 9.99459E-05 9.99459E-05 9.99459E-05 9.99459E-05 0.105097 9.99459E-05 0.00448834
0.206329 9.99187E-05 9.99187E-05 0.152823 9.99187E-05 9.99187E-05 0.553983 9.99187E-05 9.99187E-05 9.99187E-05 9.99187E-05 9.99187E-05 0.00244601 0.0835195
0.376442 9.99549E-05 9.99549E-05 0.0387786 0.060236 0.00808165 0.0373081 0.161771 9.99549E-05 0.242561 9.99549E-05 0.0167839 9.99549E-05 0.057538
9.99459E-05 0.265869 0.0601077 0.173687 9.99459E-05 0.0360118 0.176184 0.127722 0.108962 9.99459E-05 0.0508577 9.99459E-05 9.99459E-05 9.99459E-05
0.32661 9.9946E-05 0.0114767 0.0406968 0.00821964 0.0153919 0.151095 0.323953 9.9946E-05 9.9946E-05 0.121957 9.9946E-05 9.9946E-05 9.9946E-05
9.9946E-05 0.0846179 9.9946E-05 9.9946E-05 0.00498418 0.044284 9.9946E-05 9.9946E-05 0.00773336 0.799829 0.00492355 0.0398747 9.9946E-05 0.0131539
0.502153 0.0261377 9.99278E-05 9.99278E-05 9.99278E-05 9.99278E-05 0.116231 0.0908822 9.99278E-05 9.99278E-05 9.99278E-05 0.185305 9.99278E-05 0.0784908
0.278956 9.99549E-05 0.0356284 0.109253 0.0494826 0.00673045 0.0324113 0.0724793 9.99549E-05 0.144545 9.99549E-05 0.270014 9.99549E-05 9.99549E-05
0.151222 9.99459E-05 0.545626 0.0249898 9.99459E-05 0.0245591 0.126063 9.99459E-05 0.0295331 0.0870204 0.010387 9.99459E-05 9.99459E-05 9.99459E-05
0.222496 9.99098E-05 9.99098E-05 0.0748104 9.99098E-05 9.99098E-05 9.99098E-05 9.99098E-05 9.99098E-05 0.445413 9.99098E-05 0.256282 9.99098E-05 9.99098E-05
9.99188E-05 0.409455 0.117856 0.202048 9.99188E-05 9.99188E-05 9.99188E-05 9.99188E-05 0.262309 9.99188E-05 9.99188E-05 0.00743326 9.99188E-05 9.99188E-05
0.41776 9.99188E-05 0.00209944 0.0591582 9.99188E-05 9.99188E-05 9.99188E-05 9.99188E-05 9.99188E-05 0.378465 9.99188E-05 0.141618 9.99188E-05 9.99188E-05
0.0932082 9.99279E-05 9.99279E-05 0.036162 9.99279E-05 9.99279E-05 0.334808 0.0227222 0.410596 0.101704 9.99279E-05 9.99279E-05 9.99279E-05 9.99279E-05
0.0133914 0.210986 0.0277397 0.0322806 9.99459E-05 9.99459E-05 0.145471 0.142029 0.422675 9.99459E-05 0.00482706 9.99459E-05 9.99459E-05 9.99459E-05
0.549751 0.0303845 9.9955E-05 0.0405585 0.0452131 0.00542679 0.0599176 0.173696 0.00156096 9.9955E-05 0.0929914 9.9955E-05 9.9955E-05 9.9955E-05
0.283745 0.072185 9.99279E-05 0.368797 9.99279E-05 9.99279E-05 9.99279E-05 0.143645 9.99279E-05 9.99279E-05 0.0413868 0.0894411 9.99279E-05 9.99279E-05
0.737953 0.0352026 9.99189E-05 9.99189E-05 9.99189E-05 0.0171428 9.99189E-05 0.151923 9.99189E-05 9.99189E-05 0.0568798 9.99189E-05 9.99189E-05 9.99189E-05
0.224018 9.99278E-05 0.0493048 0.0690934 9.99278E-05 9.99278E-05 9.99278E-05 0.148274 0.457214 0.0512964 9.99278E-05 9.99278E-05 9.99278E-05 9.99278E-05
0.141269 0.0138336 9.99279E-05 9.99279E-05 9.99279E-05 9.99279E-05 9.99279E-05 0.0474063 9.99279E-05 0.686023 9.99279E-05 0.0815379 0.0291305 9.99279E-05
0.115985 9.99009E-05 9.99009E-05 9.99009E-05 9.99009E-05 9.99009E-05 0.255578 9.99009E-05 9.99009E-05 0.627338 9.99009E-05 9.99009E-05 9.99009E-05 9.99009E-05
0.260715 9.99369E-05 9.99369E-05 0.0256465 0.0276057 9.99369E-05 0.163574 9.99369E-05 9.99369E-05 9.99369E-05 0.00245246 0.499458 9.99369E-05 0.0198489
0.252693 9.99099E-05 9.99099E-05 9.99099E-05 0.0979178 9.99099E-05 0.14123 9.99099E-05 9.99099E-05 0.507161 9.99099E-05 9.99099E-05 9.99099E-05 9.99099E-05
9.991E-05 0.0986144 0.0424443 9.991E-05 9.991E-05 9.991E-05 9.991E-05 0.0107471 9.991E-05 0.847195 9.991E-05 9.991E-05 9.991E-05 9.991E-05
0.0949097 9.99279E-05 9.99279E-05 9.99279E-05 0.11587 9.99279E-05 0.306923 0.0074219 9.99279E-05 9.99279E-05 9.99279E-05 0.432555 9.99279E-05 0.0415208
0.22414 9.99368E-05 0.0340184 0.277528 9.99368E-05 9.99368E-05 0.0197223 9.99368E-05 9.99368E-05 0.142763 9.99368E-05 0.271282 9.99368E-05 0.0298477
0.0978465 0.117083 9.99009E-05 9.99009E-05 9.99009E-05 9.99009E-05 9.99009E-05 9.99009E-05 9.99009E-05 9.99009E-05 9.99009E-05 9.99009E-05 0.783972 9.99009E-05
9.99188E-05 0.688722 9.99188E-05 9.99188E-05 9.99188E-05 0.0151397 9.99188E-05 9.99188E-05 0.0170224 9.99188E-05 9.99188E-05 0.0891869 0.18903 9.99188E-05
0.200313 0.0578425 9.99278E-05 0.0967905 9.99278E-05 9.99278E-05 9.99278E-05 9.99278E-05 9.99278E-05 9.99278E-05 9.99278E-05 0.430806 0.131821 0.0816271
9.99098E-05 0.73042 0.121386 9.99098E-05 9.99098E-05 9.99098E-05 9.99098E-05 9.99098E-05 9.99098E-05 9.99098E-05 9.99098E-05 0.106221 0.0409738 9.99098E-05
9.99099E-05 0.558317 9.99099E-05 9.99099E-05 9.99099E-05 9.99099E-05 9.99099E-05 0.0180104 9.99099E-05 9.99099E-05 9.99099E-05 0.0298325 0.392841 9.99099E-05
0.0195129 0.205724 9.99368E-05 9.99368E-05 9.99368E-05 0.0267515 9.99368E-05 9.99368E-05 0.419246 9.99368E-05 0.000480996 0.100792 0.226793 9.99368E-05
9.99279E-05 0.57253 9.99279E-05 9.99279E-05 9.99279E-05 9.99279E-05 9.99279E-05 0.00406319 0.142402 9.99279E-05 9.99279E-05 0.0717755 0.195898 0.0125327
0.0885246 0.102814 9.99189E-05 9.99189E-05 9.99189E-05 9.99189E-05 9.99189E-05 9.99189E-05 9.99189E-05 9.99189E-05 9.99189E-05 0.682957 0.0845724 0.0402328
9.9901E-05 9.9901E-05 9.9901E-05 9.9901E-05 9.9901E-05 9.9901E-05 0.197033 9.9901E-05 9.9901E-05 0.389036 9.9901E-05 0.412832 9.9901E-05 9.9901E-05
0.0305275 0.063352 9.99369E-05 0.488205 9.99369E-05 9.99369E-05 9.99369E-05 0.0520932 9.99369E-05 9.99369E-05 0.0124434 9.99369E-05 0.273587 0.0790924
9.991E-05 9.991E-05 9.991E-05 9.991E-05 9.991E-05 9.991E-05 9.991E-05 0.0558104 9.991E-05 9.991E-05 9.991E-05 0.863569 0.0692944 0.010327
0.0618776 0.0924146 9.9919E-05 0.114964 9.9919E-05 9.9919E-05 9.9919E-05 9.9919E-05 9.9919E-05 9.9919E-05 9.9919E-05 0.457225 9.9919E-05 0.272619
0.0341939 0.118952 0.0203823 0.298226 9.99459E-05 9.99459E-05 9.99459E-05 0.0175663 9.99459E-05 9.99459E-05 9.99459E-05 0.255211 0.157683 0.0971857
0.0516477 9.99369E-05 9.99369E-05 0.0954053 0.00650568 9.99369E-05 0.127804 0.00347589 9.99369E-05 0.0181794 9.99369E-05 0.696283 9.99369E-05 9.99369E-05
0.0486095 9.99369E-05 9.99369E-05 0.137379 0.0427468 9.99369E-05 9.99369E-05 0.0461284 9.99369E-05 0.00461806 9.99369E-05 0.484356 0.235464 9.99369E-05
0.0532332 0.436358 9.99369E-05 0.169122 0.0726681 0.0827533 0.158231 9.99369E-05 9.99369E-05 9.99369E-05 9.99369E-05 9.99369E-05 9.99369E-05 0.026935
0.0118079 9.99549E-05 0.120781 0.336086 0.00110226 0.0179049 9.99549E-05 9.99549E-05 9.99549E-05 9.99549E-05 0.0201465 0.420687 0.0127415 0.0582432
9.99188E-05 9.99188E-05 9.99188E-05 0.227066 0.0198036 9.99188E-05 9.99188E-05 0.123708 9.99188E-05 9.99188E-05 9.99188E-05 0.359997 0.268526 9.99188E-05
9.99098E-05 0.180036 0.384935 0.260214 9.99098E-05 9.99098E-05 9.99098E-05 9.99098E-05 9.99098E-05 9.99098E-05 9.99098E-05 9.99098E-05 0.173816 9.99098E-05
0.12954 0.101076 0.00775071 0.455186 0.00780756 9.9955E-05 9.9955E-05 0.00146636 9.9955E-05 9.9955E-05 9.9955E-05 0.0032781 0.263639 0.0297564
9.9946E-05 9.9946E-05 0.0496421 0.0444439 0.0198806 9.9946E-05 9.9946E-05 9.9946E-05 0.00494174 0.108172 0.0354693 0.721065 0.0157852 9.9946E-05
0.0392465 9.99369E-05 9.99369E-05 0.417577 0.0054017 9.99369E-05 9.99369E-05 0.0256052 0.0075946 9.99369E-05 9.99369E-05 0.484497 9.99369E-05 0.0193779
9.99099E-05 9.99099E-05 9.99099E-05 0.0127503 9.99099E-05 9.99099E-05 0.160964 9.99099E-05 9.99099E-05 0.244352 9.99099E-05 0.580935 9.99099E-05 9.99099E-05
9.99008E-05 0.433191 9.99008E-05 0.369444 9.99008E-05 9.99008E-05 9.99008E-05 9.99008E-05 9.99008E-05 9.99008E-05 9.99008E-05 9.99008E-05 0.196266 9.99008E-05
0.190358 9.99279E-05 0.0126429 0.537938 9.99279E-05 0.000764743 9.99279E-05 9.99279E-05 9.99279E-05 9.99279E-05 9.99279E-05 9.99279E-05 0.164199 0.0932979
9.99189E-05 9.99189E-05 9.99189E-05 0.066369 0.0216643 9.99189E-05 0.137618 9.99189E-05 9.99189E-05 0.103868 9.99189E-05 0.669581 9.99189E-05 9.99189E-05
9.9928E-05 0.408333 0.00821463 9.9928E-05 9.9928E-05 9.9928E-05 0.243665 0.0588126 9.9928E-05 9.9928E-05 0.0729266 9.9928E-05 0.207249 9.9928E-05
9.99099E-05 0.160225 0.411158 9.99099E-05 9.99099E-05 9.99099E-05 0.383896 9.99099E-05 9.99099E-05 9.99099E-05 9.99099E-05 9.99099E-05 0.0437222 9.99099E-05
0.267365 9.99369E-05 9.99369E-05 9.99369E-05 0.0530955 0.0068043 9.99369E-05 0.00412217 9.99369E-05 0.277033 9.99369E-05 0.253358 9.99369E-05 0.137522
0.455011 9.99279E-05 9.99279E-05 9.99279E-05 0.0204598 0.0157688 0.416152 0.0286687 9.99279E-05 0.0631396 9.99279E-05 9.99279E-05 9.99279E-05 9.99279E-05
9.99369E-05 0.254177 0.311643 9.99369E-05 9.99369E-05 0.0213738 0.153811 9.99369E-05 9.99369E-05 9.99369E-05 9.99369E-05 0.0079219 0.180749 0.0696249
9.99189E-05 0.522336 9.99189E-05 9.99189E-05 9.99189E-05 9.99189E-05 0.284613 9.99189E-05 0.0364507 9.99189E-05 9.99189E-05 9.99189E-05 0.124082 0.0316199
9.9928E-05 0.521353 9.9928E-05 9.9928E-05 9.9928E-05 9.9928E-05 0.202573 9.9928E-05 0.0258899 9.9928E-05 0.0692146 9.9928E-05 0.123668 0.0565014
0.106303 9.9901E-05 9.9901E-05 9.9901E-05 9.9901E-05 9.9901E-05 0.212552 9.9901E-05 9.9901E-05 0.680046 9.9901E-05 9.9901E-05 9.9901E-05 9.9901E-05
0.391579 9.99099E-05 9.99099E-05 9.99099E-05 9.99099E-05 9.99099E-05 0.218612 9.99099E-05 9.99099E-05 9.99099E-05 9.99099E-05 0.296234 9.99099E-05 0.0925763
0.376378 0.102212 0.0439459 9.99459E-05 9.99459E-05 9.99459E-05 0.0488648 0.291136 9.99459E-05 9.99459E-05 0.0615169 9.99459E-05 0.0607343 0.0146129
9.99099E-05 0.643338 0.0523462 9.99099E-05 9.99099E-05 9.99099E-05 0.248973 0.0543442 9.99099E-05 9.99099E-05 9.99099E-05 9.99099E-05 9.99099E-05 9.99099E-05
0.23039 9.99279E-05 9.99279E-05 9.99279E-05 0.0418613 9.99279E-05 0.1843 0.0449519 9.99279E-05 0.445007 9.99279E-05 0.0526908 9.99279E-05 9.99279E-05
0.363463 9.99369E-05 9.99369E-05 0.234735 9.99369E-05 0.00666021 0.106358 9.99369E-05 9.99369E-05 9.99369E-05 9.99369E-05 0.212119 0.0322064 0.0437575
0.271149 0.160234 9.99188E-05 9.99188E-05 9.99188E-05 9.99188E-05 0.145005 9.99188E-05 9.99188E-05 9.99188E-05 9.99188E-05 0.336023 9.99188E-05 0.0866891
0.389009 0.00321054 0.00296388 0.0620256 9.99369E-05 9.99369E-05 0.241398 0.249686 9.99369E-05 9.99369E-05 0.0510071 9.99369E-05 9.99369E-05 9.99369E-05
0.0493026 9.99188E-05 9.99188E-05 0.346507 0.0313582 9.99188E-05 9.99188E-05 0.169446 9.99188E-05 9.99188E-05 9.99188E-05 0.402487 9.99188E-05 9.99188E-05
9.99368E-05 0.142093 0.135379 0.493219 9.99368E-05 9.99368E-05 9.99368E-05 0.0550149 9.99368E-05 9.99368E-05 0.0519063 0.0529054 0.0687832 9.99368E-05
0.460909 0.160708 0.0375024 0.258821 9.99369E-05 9.99369E-05 0.0429467 9.99369E-05 9.99369E-05 9.99369E-05 0.00794585 9.99369E-05 9.99369E-05 0.0304674
9.9928E-05 0.542932 0.103111 9.9928E-05 9.9928E-05 0.0254332 0.24904 9.9928E-05 0.0494425 9.9928E-05 0.0292412 9.9928E-05 9.9928E-05 9.9928E-05
0.120028 9.99368E-05 9.99368E-05 0.00124364 0.138691 0.0108957 0.379748 9.99368E-05 9.99368E-05 9.99368E-05 0.0128798 0.335814 9.99368E-05 9.99368E-05
0.0473782 0.432751 0.00433469 0.116004 0.00445289 9.99549E-05 0.191762 9.99549E-05 9.99549E-05 9.99549E-05 0.0286153 9.99549E-05 0.170075 0.00412743
9.99279E-05 0.247297 9.99279E-05 0.0843822 9.99279E-05 9.99279E-05 0.161667 9.99279E-05 0.330725 9.99279E-05 9.99279E-05 0.0156739 0.159456 9.99279E-05
0.073192 9.99099E-05 9.99099E-05 9.99099E-05 9.99099E-05 9.99099E-05 0.209355 9.99099E-05 9.99099E-05 0.100412 9.99099E-05 0.616042 9.99099E-05 9.99099E-05
0.00730505 9.993E-05 0.189487 0.405624 9.993E-05 9.993E-05 0.0268713 9.993E-05 9.993E-05 9.993E-05 9.993E-05 0.294221 0.00328772 0.0725038
0.129627 9.99279E-05 9.99279E-05 0.149572 0.0339611 9.99279E-05 0.123927 9.99279E-05 9.99279E-05 9.99279E-05 9.99279E-05 0.506273 9.99279E-05 0.0558403
9.99279E-05 0.234412 0.0475097 9.99279E-05 9.99279E-05 0.00458341 0.0344959 9.99279E-05 9.99279E-05 9.99279E-05 0.0210813 9.99279E-05 0.657118 9.99279E-05
9.9964E-05 9.9964E-05 0.000686127 0.0975792 0.156176 0.0346542 0.0155475 9.9964E-05 0.297409 9.9964E-05 0.00864872 0.00848595 0.322398 0.0580157
9.99189E-05 0.202173 9.99189E-05 0.449812 9.99189E-05 9.99189E-05 0.0253883 9.99189E-05 9.99189E-05 9.99189E-05 0.0981933 9.99189E-05 0.223534 9.99189E-05
0.0904543 9.99099E-05 9.99099E-05 9.99099E-05 9.99099E-05 9.99099E-05 0.184095 9.99099E-05 9.99099E-05 0.0314169 9.99099E-05 0.693035 9.99099E-05 9.99099E-05
9.99189E-05 0.0190349 9.99189E-05 0.594682 9.99189E-05 9.99189E-05 0.0300535 9.99189E-05 9.99189E-05 9.99189E-05 0.0198738 9.99189E-05 0.335456 9.99189E-05
9.99188E-05 9.99188E-05 0.00774125 0.194974 9.99188E-05 9.99188E-05 0.0871024 0.0385327 9.99188E-05 9.99188E-05 9.99188E-05 9.99188E-05 0.67075 9.99188E-05
9.99279E-05 0.081592 0.175202 0.120139 9.99279E-05 9.99279E-05 0.0483951 0.0338069 9.99279E-05 9.99279E-05 9.99279E-05 9.99279E-05 0.540066 9.99279E-05
9.99189E-05 9.99189E-05 9.99189E-05 0.0951872 9.99189E-05 9.99189E-05 0.0297476 0.099562 9.99189E-05 0.0360079 9.99189E-05 0.738596 9.99189E-05 9.99189E-05
0.106991 0.117692 9.99549E-05 0.241623 0.0139211 9.99549E-05 0.0499927 0.0098318 9.99549E-05 9.99549E-05 9.99549E-05 0.305363 0.124629 0.0294572
9.9955E-05 0.167176 0.364169 0.124111 9.9955E-05 0.0111961 0.00986218 9.9955E-05 0.0109714 9.9955E-05 9.9955E-05 0.055895 0.243125 0.0129948
9.9937E-05 9.9937E-05 9.9937E-05 0.141971 0.0787172 9.9937E-05 0.227123 0.00388849 9.9937E-05 0.0664756 9.9937E-05 0.299221 0.181904 9.9937E-05
9.99189E-05 9.99189E-05 0.0534542 0.195725 9.99189E-05 9.99189E-05 0.00192912 9.99189E-05 9.99189E-05 9.99189E-05 0.00172994 9.99189E-05 0.746263 9.99189E-05
9.9919E-05 9.9919E-05 9.9919E-05 0.327227 0.00816894 9.9919E-05 9.9919E-05 9.9919E-05 0.423227 0.17733 9.9919E-05 0.0631482 9.9919E-05 9.9919E-05
9.99279E-05 9.99279E-05 9.99279E-05 0.247355 9.99279E-05 9.99279E-05 0.162717 0.0523275 9.99279E-05 9.99279E-05 9.99279E-05 0.150503 0.335349 0.0509486
9.9901E-05 9.9901E-05 9.9901E-05 9.9901E-05 9.9901E-05 9.9901E-05 0.117714 9.9901E-05 9.9901E-05 0.154159 9.9901E-05 0.727027 9.9901E-05 9.9901E-05
0.311214 0.116128 9.99279E-05 0.201668 9.99279E-05 9.99279E-05 9.99279E-05 9.99279E-05 9.99279E-05 9.99279E-05 9.99279E-05 0.112324 0.120772 0.137094
0.360147 9.99549E-05 0.0312087 0.198307 0.0276874 0.0210619 0.0656387 0.128544 9.99549E-05 0.118782 9.99549E-05 0.0481239 9.99549E-05 9.99549E-05
0.189185 0.0481521 9.99459E-05 0.0280222 0.0206637 9.99459E-05 0.00120086 0.0663516 9.99459E-05 0.618619 9.99459E-05 0.0272051 9.99459E-05 9.99459E-05
0.238054 9.99188E-05 9.99188E-05 0.593357 0.0346378 9.99188E-05 0.00806697 9.99188E-05 9.99188E-05 9.99188E-05 9.99188E-05 0.124985 9.99188E-05 9.99188E-05
9.99098E-05 9.99098E-05 9.99098E-05 9.99098E-05 9.99098E-05 9.99098E-05 0.0645794 0.491239 9.99098E-05 9.99098E-05 9.99098E-05 0.381797 9.99098E-05 0.0613856
0.376858 0.151859 0.0263708 0.0783786 9.99369E-05 9.99369E-05 0.0476608 9.99369E-05 9.99369E-05 9.99369E-05 9.99369E-05 0.274828 9.99369E-05 0.0433451
0.177797 0.567064 9.99189E-05 0.0988639 9.99189E-05 9.99189E-05 9.99189E-05 0.0114822 0.143894 9.99189E-05 9.99189E-05 9.99189E-05 9.99189E-05 9.99189E-05
0.259852 9.99099E-05 9.99099E-05 9.99099E-05 9.99099E-05 0.00236444 0.230149 9.99099E-05 9.99099E-05 0.506635 9.99099E-05 9.99099E-05 9.99099E-05 9.99099E-05
0.068892 0.0256358 9.99279E-05 9.99279E-05 9.99279E-05 9.99279E-05 0.276506 9.99279E-05 0.500536 9.99279E-05 0.0396251 9.99279E-05 0.0880054 9.99279E-05
9.99188E-05 0.196706 9.99188E-05 0.201404 9.99188E-05 9.99188E-05 9.99188E-05 0.354831 9.99188E-05 9.99188E-05 9.99188E-05 9.99188E-05 0.131789 0.114371
0.0538572 0.0151773 0.671846 0.103386 9.99369E-05 9.99369E-05 9.99369E-05 0.0861988 0.0435749 0.0252601 9.99369E-05 9.99369E-05 9.99369E-05 9.99369E-05
9.99099E-05 9.99099E-05 9.99099E-05 0.218154 0.00556586 9.99099E-05 9.99099E-05 0.154082 9.99099E-05 0.621198 9.99099E-05 9.99099E-05 9.99099E-05 9.99099E-05
0.0175631 9.99279E-05 9.99279E-05 0.0355614 9.99279E-05 9.99279E-05 0.0584166 0.0884956 9.99279E-05 0.519672 9.99279E-05 0.279492 9.99279E-05 9.99279E-05
0.0255404 0.366152 0.126122 9.9946E-05 9.9946E-05 9.9946E-05 0.165333 9.9946E-05 0.232334 9.9946E-05 0.00154656 0.0704791 0.0118937 9.9946E-05
0.332428 0.000677934 0.0445007 0.279511 0.0278995 9.99459E-05 9.99459E-05 9.99459E-05 0.00688303 9.99459E-05 9.99459E-05 0.274859 9.99459E-05 0.032642
0.417155 0.0263603 9.99278E-05 0.249375 0.0661238 9.99278E-05 9.99278E-05 0.195016 9.99278E-05 9.99278E-05 9.99278E-05 0.045171 9.99278E-05 9.99278E-05
9.99189E-05 0.0120861 9.99189E-05 9.99189E-05 9.99189E-05 9.99189E-05 0.0144302 0.123208 9.99189E-05 0.583337 9.99189E-05 0.266039 9.99189E-05 9.99189E-05
0.544298 9.99189E-05 0.132707 9.99189E-05 9.99189E-05 9.99189E-05 9.99189E-05 0.210201 0.039412 0.0724823 9.99189E-05 9.99189E-05 9.99189E-05 9.99189E-05
0.356393 0.20689 0.00700762 9.99549E-05 9.99549E-05 0.0433405 0.0741312 0.0367834 0.260758 0.0136331 0.000563205 9.99549E-05 9.99549E-05 9.99549E-05
0.0521421 0.47235 0.266007 0.0898087 9.99459E-05 9.99459E-05 9.99459E-05 9.99459E-05 9.99459E-05 9.99459E-05 0.00550544 0.00315032 0.0992935 0.0111435
0.00207978 0.0557526 0.473788 0.405638 9.99279E-05 9.99279E-05 9.99279E-05 0.0465521 9.99279E-05 9.99279E-05 9.99279E-05 9.99279E-05 0.0153892 9.99279E-05
0.129149 0.00401258 0.013691 0.178959 9.99369E-05 9.99369E-05 9.99369E-05 0.217201 0.362215 0.0940731 9.99369E-05 9.99369E-05 9.99369E-05 9.99369E-05
9.99099E-05 9.99099E-05 9.99099E-05 9.99099E-05 9.99099E-05 9.99099E-05 9.99099E-05 0.0126574 9.99099E-05 9.99099E-05 9.99099E-05 0.767679 0.20613 0.0125348
0.0254764 0.22529 9.99278E-05 0.0495632 9.99278E-05 9.99278E-05 9.99278E-05 0.0394872 9.99278E-05 9.99278E-05 9.99278E-05 0.0571789 0.602205 9.99278E-05
9.9919E-05 9.9919E-05 9.9919E-05 0.176382 9.9919E-05 9.9919E-05 0.0513377 0.120849 9.9919E-05 9.9919E-05 9.9919E-05 0.613699 0.0368331 9.9919E-05
9.99278E-05 9.99278E-05 9.99278E-05 0.425674 9.99278E-05 9.99278E-05 0.0386694 0.18693 9.99278E-05 9.99278E-05 9.99278E-05 0.2575 0.0182478 0.0721792
0.0720483 0.113738 9.99188E-05 0.218348 9.99188E-05 9.99188E-05 9.99188E-05 9.99188E-05 9.99188E-05 9.99188E-05 9.99188E-05 9.99188E-05 0.556042 0.0389253
9.9928E-05 9.9928E-05 9.9928E-05 9.9928E-05 0.0115509 0.0124741 0.0609503 9.9928E-05 9.9928E-05 0.150516 9.9928E-05 0.735359 0.0283495 9.9928E-05
0.247321 9.99368E-05 0.0808788 0.0373779 0.0628967 9.99368E-05 9.99368E-05 0.224826 9.99368E-05 0.343465 9.99368E-05 0.00253525 9.99368E-05 9.99368E-05
0.31586 0.0320807 9.99279E-05 0.0857284 9.99279E-05 9.99279E-05 0.0263315 9.99279E-05 9.99279E-05 9.99279E-05 9.99279E-05 0.532915 9.99279E-05 0.00628486
0.280154 0.0368382 0.633868 9.9919E-05 9.9919E-05 0.0114389 9.9919E-05 0.0368017 9.9919E-05 9.9919E-05 9.9919E-05 9.9919E-05 9.9919E-05 9.9919E-05
