0.342755 0.119411 0.429106 0.108528 9.9982E-05 9.9982E-05
0.428881 9.9982E-05 0.464861 0.0969977 0.00906073 9.9982E-05
9.9982E-05 0.0356111 0.806397 9.9982E-05 0.0294124 0.12838
0.688045 0.0653774 0.0781006 0.118605 9.9991E-05 0.0497714
0.678624 9.9973E-05 9.9973E-05 0.265217 0.0558592 9.9973E-05
0.199809 0.0359627 0.529722 0.0439741 0.092888 0.0976449
9.9973E-05 9.9973E-05 0.841693 9.9973E-05 0.00279918 0.155207
0.166336 9.9982E-05 0.700507 9.9982E-05 0.108156 0.0248004
0.565895 0.0633228 0.338346 9.9982E-05 0.0322365 9.9982E-05
0.0251109 0.120411 0.239531 9.9982E-05 9.9982E-05 0.614748
0.611277 0.0402607 0.227673 0.120589 9.9982E-05 9.9982E-05
0.814255 0.00523888 0.106407 9.9982E-05 9.9982E-05 0.0738986
0.274956 0.0480694 0.223751 0.34878 0.062448 0.0419959
0.00823634 0.05454 0.810478 9.9982E-05 9.9982E-05 0.126546
0.810546 9.9973E-05 0.179431 9.9973E-05 9.9973E-05 0.00972261
9.999E-05 0.0240557 0.435874 0.0810055 0.036492 0.422473
0.00893506 9.9982E-05 0.850545 0.0348936 9.9982E-05 0.105426
0.0238453 9.9973E-05 0.932726 0.0431288 9.9973E-05 9.9973E-05
0.556048 9.9973E-05 0.378769 0.0648834 9.9973E-05 9.9973E-05
0.0652293 0.869471 9.9973E-05 0.0650001 9.9973E-05 9.9973E-05
0.0431553 0.917377 9.9973E-05 0.0391683 9.9973E-05 9.9973E-05
9.99639E-05 0.921657 9.99639E-05 0.0779433 9.99639E-05 9.99639E-05
0.228042 0.753703 9.9973E-05 0.017955 9.9973E-05 9.9973E-05
0.232288 0.767312 9.99639E-05 9.99639E-05 9.99639E-05 9.99639E-05
9.99819E-05 0.456325 0.267536 9.99819E-05 0.201785 0.074154
0.406821 0.440782 9.99729E-05 9.99729E-05 0.152097 9.99729E-05
9.9973E-05 0.226816 9.9973E-05 9.9973E-05 0.280248 0.492636
0.316889 0.412951 9.9982E-05 0.173637 0.0963228 9.9982E-05
9.99729E-05 0.896795 9.99729E-05 0.0839087 9.99729E-05 0.0189967
0.0825981 0.917002 9.9964E-05 9.9964E-05 9.9964E-05 9.9964E-05
0.0257991 0.653605 0.101177 9.9991E-05 0.0111278 0.208191
9.999E-05 0.279574 0.0963486 0.10356 0.472501 0.0479165
9.99729E-05 0.633463 0.0283157 9.99729E-05 9.99729E-05 0.337921
9.99729E-05 0.698454 0.281161 9.99729E-05 0.0200855 9.99729E-05
0.101989 0.897611 9.9964E-05 9.9964E-05 9.9964E-05 9.9964E-05
0.217381 0.782219 9.99639E-05 9.99639E-05 9.99639E-05 9.99639E-05
0.153888 0.772175 9.9973E-05 9.9973E-05 9.9973E-05 0.073637
0.241241 0.758359 9.9964E-05 9.9964E-05 9.9964E-05 9.9964E-05
0.130327 9.99729E-05 9.99729E-05 0.0293381 0.840035 9.99729E-05
9.9973E-05 9.9973E-05 9.9973E-05 0.161488 0.704623 0.13359
9.9973E-05 0.05742 9.9973E-05 9.9973E-05 0.479592 0.462688
0.217806 0.0638584 9.9991E-05 0.123422 0.541377 0.0534363
9.9982E-05 0.298698 0.0803733 0.0442411 0.576487 9.9982E-05
9.9982E-05 0.091963 0.151575 9.9982E-05 0.590841 0.16542
0.554382 0.134526 9.9973E-05 9.9973E-05 0.310791 9.9973E-05
0.431484 9.99639E-05 9.99639E-05 9.99639E-05 0.568116 9.99639E-05
9.9982E-05 0.172547 0.124351 9.9982E-05 0.438501 0.264401
0.121866 0.00536859 9.9982E-05 0.054073 0.818492 9.9982E-05
9.9973E-05 9.9973E-05 9.9973E-05 0.188761 0.358832 0.452107
0.287873 9.9964E-05 9.9964E-05 9.9964E-05 0.711727 9.9964E-05
9.9973E-05 9.9973E-05 9.9973E-05 0.142562 0.737515 0.119623
0.188782 0.144817 9.9982E-05 0.156641 0.50956 9.9982E-05
0.404159 0.167902 9.99729E-05 9.99729E-05 0.427639 9.99729E-05
0.386145 0.0203044 0.0751503 9.9982E-05 0.5182 9.9982E-05
0.474413 0.107472 9.9991E-05 0.0182312 0.383759 0.016024
0.406158 0.5583 9.9973E-05 9.9973E-05 0.0352422 9.9973E-05
9.99819E-05 9.99819E-05 0.0177468 0.0885691 0.799023 0.0944608
0.036531 0.14272 9.9991E-05 0.131106 0.609503 0.0800387
9.99729E-05 9.99729E-05 9.99729E-05 0.116123 0.706946 0.176632
0.262287 9.99639E-05 9.99639E-05 9.99639E-05 0.737313 9.99639E-05
0.251512 0.0730157 9.99729E-05 9.99729E-05 0.675173 9.99729E-05
0.325709 9.99639E-05 9.99639E-05 9.99639E-05 0.673891 9.99639E-05
9.9991E-05 0.0709806 0.141143 0.133208 0.560768 0.0938012
0.374368 0.0966618 9.9973E-05 9.9973E-05 0.528671 9.9973E-05
9.9973E-05 9.9973E-05 0.306491 9.9973E-05 0.497431 0.195779
0.373571 0.202645 0.0754283 9.9982E-05 0.348156 9.9982E-05
0.388478 9.9964E-05 9.9964E-05 9.9964E-05 0.611122 9.9964E-05
0.407557 9.9964E-05 9.9964E-05 9.9964E-05 0.592043 9.9964E-05
0.146083 0.206102 0.217878 9.99819E-05 0.429737 9.99819E-05
0.0156242 0.428698 0.153297 0.044331 0.349068 0.00898091
9.9982E-05 0.246765 9.9982E-05 0.110711 0.313826 0.328498
9.9973E-05 9.9973E-05 0.081552 9.9973E-05 0.60516 0.312988
0.261872 0.737728 9.9964E-05 9.9964E-05 9.9964E-05 9.9964E-05
9.99819E-05 9.99819E-05 0.0996219 0.0249395 0.692052 0.183187
0.324139 0.0616609 9.99729E-05 9.99729E-05 0.613901 9.99729E-05
0.436435 0.296185 9.9973E-05 9.9973E-05 0.26708 9.9973E-05
9.99819E-05 0.762377 0.0659694 9.99819E-05 0.00513641 0.166318
9.9982E-05 0.205266 0.00970587 9.9982E-05 0.30658 0.478248
9.9982E-05 0.741073 0.155076 9.9982E-05 0.0504482 0.0532034
0.00316375 0.474264 9.9991E-05 0.188612 0.324838 0.00902253
9.9982E-05 0.163213 9.9982E-05 0.199685 0.300815 0.336088
0.270368 0.274141 9.9973E-05 9.9973E-05 0.455191 9.9973E-05
0.153659 0.0198786 9.9991E-05 0.055045 0.7656 0.00571698
0.199822 0.172461 9.9991E-05 0.0496426 0.511636 0.0663384
9.99729E-05 9.99729E-05 0.0249932 9.99729E-05 0.69369 0.281016
0.146766 0.126066 9.9982E-05 0.125318 0.60165 9.9982E-05
0.413263 9.99639E-05 9.99639E-05 9.99639E-05 0.586337 9.99639E-05
9.99729E-05 0.416429 0.391591 9.99729E-05 0.19168 9.99729E-05
9.9973E-05 9.9973E-05 0.244859 9.9973E-05 0.566699 0.188143
0.251779 0.417426 0.140339 9.9982E-05 0.190256 9.9982E-05
9.99729E-05 9.99729E-05 0.364202 9.99729E-05 0.622419 0.0130786
9.9973E-05 0.0633457 0.42167 9.9973E-05 0.514684 9.9973E-05
0.481942 0.181486 9.9973E-05 9.9973E-05 0.336272 9.9973E-05
0.0185724 9.9973E-05 0.316958 9.9973E-05 0.66417 9.9973E-05
0.00811024 0.188399 0.350298 9.9982E-05 0.452992 9.9982E-05
9.9973E-05 9.9973E-05 9.9973E-05 0.692549 0.0429598 0.264191
9.9991E-05 0.0465524 0.0617675 0.660791 0.116797 0.113992
0.0571349 0.047102 9.9982E-05 0.848864 0.0466994 9.9982E-05
0.357934 9.9982E-05 0.205638 0.434843 0.00138527 9.9982E-05
9.9982E-05 0.00673043 0.0114114 0.673972 9.9982E-05 0.307686
0.300828 0.0179979 0.445415 0.235559 9.9982E-05 9.9982E-05
9.99729E-05 9.99729E-05 0.52905 0.402876 9.99729E-05 0.0677747
9.9982E-05 9.9982E-05 0.00739799 0.811178 0.0326069 0.148617
9.9991E-05 0.0889512 0.235101 0.662773 0.0081303 0.00494541
0.314313 0.0809923 9.9973E-05 0.604395 9.9973E-05 9.9973E-05
9.9964E-05 9.9964E-05 9.9964E-05 0.437814 9.9964E-05 0.561786
0.41178 0.0429495 9.9991E-05 0.486327 0.00310411 0.0557398
9.9982E-05 9.9982E-05 0.126529 0.783877 0.0265366 0.0628568
0.119845 9.9982E-05 0.264054 0.554969 0.0609318 9.9982E-05
0.0344196 0.120898 0.0691919 0.705945 9.9991E-05 0.0694463
9.9982E-05 0.0334661 0.603245 0.295281 9.9982E-05 0.067808
0.510274 9.99729E-05 9.99729E-05 0.424934 0.0644913 9.99729E-05
0.441022 0.0893536 9.9973E-05 0.469325 9.9973E-05 9.9973E-05
9.9991E-05 0.123273 0.0628388 0.594897 0.135434 0.0834572
9.9973E-05 9.9973E-05 0.314803 0.639319 9.9973E-05 0.0455781
0.115181 0.119541 9.9982E-05 0.752746 0.0123312 9.9982E-05
0.191417 0.0379108 9.9973E-05 0.770372 9.9973E-05 9.9973E-05
0.567945 0.0546557 0.210221 0.166977 9.9982E-05 9.9982E-05
0.191373 0.0306466 0.280808 9.9982E-05 9.9982E-05 0.496973
0.593074 0.0213026 0.127092 0.151436 0.0458375 0.0612582
0.00765369 0.0449333 0.600531 0.155794 9.9991E-05 0.190988
9.9982E-05 9.9982E-05 0.00718213 0.0440699 0.00594111 0.942607
0.748704 9.99729E-05 0.153271 0.0977246 9.99729E-05 9.99729E-05
0.450835 0.0935487 9.99729E-05 9.99729E-05 9.99729E-05 0.455317
0.201371 9.9982E-05 0.572163 0.110799 0.115467 9.9982E-05
0.473013 0.128539 9.9973E-05 9.9973E-05 9.9973E-05 0.398148
0.0205461 9.9982E-05 0.399872 9.9982E-05 0.00921607 0.570166
0.711929 0.00433605 0.0378428 0.129608 0.051932 0.0643522
0.588981 0.105677 9.9973E-05 9.9973E-05 9.9973E-05 0.305042
9.9982E-05 9.9982E-05 0.050671 0.0241409 0.0308048 0.894183
0.764677 9.9973E-05 0.109717 0.125306 9.9973E-05 9.9973E-05
0.717512 0.076347 9.9973E-05 9.9973E-05 9.9973E-05 0.205842
0.594988 0.0204129 0.327175 0.0572239 9.9982E-05 9.9982E-05
0.0286497 9.9964E-05 9.9964E-05 9.9964E-05 9.9964E-05 0.97095
0.762139 0.02787 0.02445 9.9991E-05 0.021241 0.1642
0.630392 9.9982E-05 0.16024 0.205902 0.00326582 9.9982E-05
0.152228 0.0595444 0.76717 9.9982E-05 9.9982E-05 0.0208575
0.369606 0.116051 0.191423 0.247425 0.00186142 0.073633
0.513674 0.0891772 0.137817 0.12972 9.9991E-05 0.129512
9.99639E-05 9.99639E-05 0.210835 9.99639E-05 9.99639E-05 0.788765
0.35832 0.10064 0.458458 9.9991E-05 0.0495776 0.0329037
0.297411 0.101946 0.27599 9.9991E-05 0.035577 0.288976
9.9991E-05 0.0797204 0.280443 0.295408 0.0573516 0.286977
0.527268 0.0840104 0.147169 0.143503 0.0596184 0.0384314
0.234316 0.0842566 9.9991E-05 0.456614 0.0841546 0.140558
9.9991E-05 0.0516906 0.00873537 0.204863 0.0292265 0.705384
0.0485374 0.109669 0.434811 0.157172 0.0153936 0.234417
9.9991E-05 0.0390206 0.484773 0.171896 0.0236954 0.280516
0.437364 0.111666 9.9982E-05 0.152835 9.9982E-05 0.297935
9.99729E-05 9.99729E-05 0.364325 0.110637 9.99729E-05 0.524738
0.686386 9.9973E-05 0.19945 0.113865 9.9973E-05 9.9973E-05
9.99729E-05 9.99729E-05 0.347743 0.195768 9.99729E-05 0.45619
0.412382 0.0855727 9.9982E-05 0.139302 9.9982E-05 0.362544
0.591487 0.0278474 9.9982E-05 0.228386 9.9982E-05 0.15208
0.282195 0.0888279 0.068986 0.329401 0.118681 0.111909
0.184623 9.9982E-05 0.502029 0.249848 0.0633003 9.9982E-05
0.16198 0.131845 0.178959 0.349366 0.0158131 0.162037
0.378573 0.0577488 0.0390031 0.398972 9.9991E-05 0.125603
9.9973E-05 9.9973E-05 0.137046 0.287936 9.9973E-05 0.574718
0.0131183 0.0119061 9.9982E-05 0.17045 9.9982E-05 0.804326
9.9973E-05 9.9973E-05 0.684907 9.9973E-05 0.0684544 0.246338
9.9991E-05 0.0313436 0.113373 0.149172 0.0589353 0.647076
0.00225348 9.9982E-05 0.0200036 0.35511 9.9982E-05 0.622433
0.011963 0.0459149 0.530533 9.9991E-05 0.124922 0.286567
0.0642402 9.99729E-05 0.666787 9.99729E-05 9.99729E-05 0.268673
0.782721 0.0597533 0.129801 9.9982E-05 0.0275254 9.9982E-05
0.73151 0.0278068 0.236031 0.00445269 9.9982E-05 9.9982E-05
0.0989402 0.0421004 0.858659 9.9973E-05 9.9973E-05 9.9973E-05
0.722273 9.99729E-05 0.259054 0.0183731 9.99729E-05 9.99729E-05
0.80038 9.9973E-05 0.124161 0.0751587 9.9973E-05 9.9973E-05
0.605874 0.137899 0.166143 0.0898842 9.9982E-05 9.9982E-05
0.754414 9.9973E-05 0.214348 0.0309383 9.9973E-05 9.9973E-05
0.0252504 0.0338568 0.778073 9.9982E-05 9.9982E-05 0.16262
9.9964E-05 9.9964E-05 0.337358 9.9964E-05 9.9964E-05 0.662242
0.42533 9.9982E-05 0.449281 0.0632384 0.0619501 9.9982E-05
9.9991E-05 0.010626 0.840425 0.0393809 0.00358883 0.105879
0.0261766 0.0983416 0.764105 9.9991E-05 0.0757147 0.0355624
0.287048 9.9973E-05 0.682122 0.0305304 9.9973E-05 9.9973E-05
9.9964E-05 9.9964E-05 0.740997 9.9964E-05 9.9964E-05 0.258603
0.107453 9.9991E-05 0.717569 0.0899905 0.0326199 0.0522676
0.460252 0.149733 0.305292 9.9991E-05 0.0684721 0.0161505
0.115856 0.0429747 0.722194 9.9991E-05 0.0690923 0.0497834
0.141041 9.9982E-05 0.686783 0.140421 0.0315552 9.9982E-05
0.724917 9.9973E-05 0.220306 0.0544772 9.9973E-05 9.9973E-05
0.459977 9.9982E-05 0.424432 0.0909093 0.0244813 9.9982E-05
9.9973E-05 9.9973E-05 0.630541 9.9973E-05 0.0632566 0.305902
9.9973E-05 9.9973E-05 0.901895 0.0623784 0.0354266 9.9973E-05
9.9964E-05 9.9964E-05 0.460171 9.9964E-05 9.9964E-05 0.539429
0.746883 9.99729E-05 0.220236 0.0325812 9.99729E-05 9.99729E-05
0.351193 0.0293867 0.5772 9.9982E-05 0.0420198 9.9982E-05
9.9973E-05 9.9973E-05 0.616512 9.9973E-05 0.0160943 0.367094
0.765646 0.013929 9.9991E-05 0.0602214 0.068293 0.0918109
0.601818 0.0912631 0.0363386 9.9991E-05 0.00921057 0.26127
9.9991E-05 0.071757 0.400868 0.109419 0.0778897 0.339966
0.12631 0.143605 0.12618 0.106191 0.010384 0.487329
0.62015 0.138954 0.129889 9.9982E-05 9.9982E-05 0.110807
0.784214 0.0647808 9.9973E-05 9.9973E-05 9.9973E-05 0.150705
0.804272 0.0108985 9.9982E-05 9.9982E-05 0.0875279 0.097102
0.0291157 0.0574994 9.9982E-05 0.0407515 9.9982E-05 0.872434
9.9982E-05 0.0836526 0.638714 9.9982E-05 0.0141159 0.263317
0.292906 0.0740154 0.223133 0.359175 0.0506705 9.9991E-05
0.724493 0.0126572 0.12576 0.0281128 9.9991E-05 0.108878
9.9991E-05 0.0328173 0.151508 0.243651 0.00275898 0.569165
0.119417 0.102479 0.685913 9.9982E-05 9.9982E-05 0.091991
0.0982494 0.0665942 0.705928 9.9991E-05 0.0148223 0.114306
0.276938 0.101305 0.0681496 0.38483 9.9991E-05 0.168678
9.9982E-05 9.9982E-05 0.712877 0.242361 0.0128016 0.0317603
0.44319 9.9982E-05 0.410035 0.112005 0.0345709 9.9982E-05
0.397368 0.0540961 0.429087 0.103423 0.0159264 9.9991E-05
0.756682 0.0743726 9.9973E-05 9.9973E-05 9.9973E-05 0.168645
0.0153355 0.0687475 0.406938 9.9991E-05 0.1427 0.366179
0.736645 9.9982E-05 0.112729 9.9982E-05 0.0532657 0.0971606
0.727081 9.9991E-05 0.139119 0.0336358 0.0153638 0.084701
9.9964E-05 9.9964E-05 0.494018 9.9964E-05 9.9964E-05 0.505582
0.228774 9.9973E-05 0.706692 9.9973E-05 9.9973E-05 0.0642346
9.9973E-05 9.9973E-05 0.784479 9.9973E-05 0.0783726 0.136848
0.828447 0.0645523 0.0655877 9.9991E-05 0.0231601 0.0181525
0.490215 0.0952742 0.0925291 0.0843783 0.212472 0.0251322
0.655166 9.9982E-05 0.238104 0.00659726 0.099932 9.9982E-05
9.9973E-05 0.00120788 0.566605 9.9973E-05 9.9973E-05 0.431887
0.580554 9.9982E-05 0.350694 0.0196526 0.0488996 9.9982E-05
0.657941 0.0180788 0.206903 0.0708318 0.0461457 9.9991E-05
0.736496 9.9982E-05 0.107395 0.150825 0.0050843 9.9982E-05
9.9973E-05 9.9973E-05 0.679527 0.093215 9.9973E-05 0.226958
0.188525 0.0328152 0.77776 9.9982E-05 0.0006995 9.9982E-05
0.675405 0.0683399 0.194607 9.9982E-05 9.9982E-05 0.061449
0.147436 9.9991E-05 0.473113 0.0147398 0.101041 0.26357
0.754091 0.0013374 0.109629 0.0988412 0.036001 9.9991E-05
0.373199 9.9982E-05 0.217428 0.231159 9.9982E-05 0.178015
0.299629 0.0382058 0.549383 0.031366 0.0813165 9.9991E-05
9.9964E-05 9.9964E-05 0.51238 9.9964E-05 9.9964E-05 0.48722
0.281857 0.0738081 0.62658 9.9982E-05 0.0175547 9.9982E-05
0.0243048 0.104132 0.335317 0.303192 9.9991E-05 0.232954
9.9973E-05 9.9973E-05 0.1435 0.304579 9.9973E-05 0.551621
0.116783 9.9982E-05 0.723997 0.107083 0.0519378 9.9982E-05
9.9973E-05 9.9973E-05 0.587455 0.39737 0.0148747 9.9973E-05
0.193664 0.0128564 0.611898 0.044949 9.9991E-05 0.136533
0.649781 0.0130544 0.199939 0.108282 9.9991E-05 0.0288431
9.9982E-05 0.0649188 0.0658855 0.143289 9.9982E-05 0.725707
0.623182 0.120632 9.9991E-05 0.00439257 0.00895252 0.24274
0.455587 0.00931065 0.186989 0.334117 0.0138955 9.9991E-05
0.477268 0.0442059 0.0446218 0.308694 9.9991E-05 0.12511
9.9973E-05 9.9973E-05 0.152274 0.435914 9.9973E-05 0.411512
9.9973E-05 9.9973E-05 0.195762 0.249937 9.9973E-05 0.554
0.673697 0.0849355 0.14609 9.9982E-05 9.9982E-05 0.0950774
0.0804364 0.0250345 0.767584 0.0609079 0.0659373 9.9991E-05
0.104709 0.0537979 0.442171 0.346835 0.017299 0.0351887
9.9973E-05 9.9973E-05 0.109085 0.269437 9.9973E-05 0.621177
0.242713 0.066314 0.0114029 0.506454 9.9991E-05 0.173016
0.437111 0.135715 0.0580469 0.206992 9.9991E-05 0.162035
0.719725 0.0107903 0.239175 0.0301103 9.9982E-05 9.9982E-05
0.558084 9.99729E-05 0.18334 0.258276 9.99729E-05 9.99729E-05
0.348214 0.034964 0.0555961 0.489332 9.9991E-05 0.0717937
9.9982E-05 0.0420629 0.748612 0.0427653 9.9982E-05 0.16636
0.657688 9.9982E-05 0.235835 0.0900509 0.0162261 9.9982E-05
9.9973E-05 9.9973E-05 0.775397 0.0903275 9.9973E-05 0.133976
0.119577 9.9982E-05 0.698187 0.151478 0.030558 9.9982E-05
0.680701 0.0183158 0.263745 9.9982E-05 0.0370385 9.9982E-05
9.9982E-05 9.9982E-05 0.534026 0.00877981 0.0302761 0.426718
9.9982E-05 9.9982E-05 0.178046 0.50184 0.0237391 0.296175
9.9982E-05 0.0161237 0.741515 0.0441788 9.9982E-05 0.197983
0.419061 0.102387 9.9982E-05 0.292401 9.9982E-05 0.18595
0.210713 0.125094 0.286512 0.182747 9.9991E-05 0.194833
0.429699 0.0817648 0.36258 0.0156491 0.00858832 0.101719
9.9982E-05 9.9982E-05 0.284837 0.155625 0.0323236 0.527015
0.684849 0.0556558 0.0679439 0.0907721 0.00788082 0.0928984
0.0199548 0.0795257 0.447077 0.182095 0.180654 0.0906935
0.555183 0.045101 0.172276 0.183645 0.0436952 9.9991E-05
0.649043 0.102302 0.110393 0.136378 9.9991E-05 0.00178402
0.58713 0.0434436 0.147906 0.161027 9.9991E-05 0.0603932
0.627341 0.074024 0.21139 0.0480564 0.0137283 0.02546
0.526275 0.0692653 0.124047 0.0774806 0.0730449 0.129887
9.9982E-05 0.128308 0.660903 0.160626 0.0499641 9.9982E-05
9.9991E-05 0.0320519 0.724278 0.030356 0.0861959 0.127018
0.628646 0.062555 9.9991E-05 0.092467 0.0326428 0.183589
0.367316 0.0087696 9.9982E-05 0.428928 9.9982E-05 0.194786
0.046423 0.112809 0.290768 0.247783 0.0552954 0.246921
9.9973E-05 0.0243302 9.9973E-05 0.211961 9.9973E-05 0.763409
9.9964E-05 9.9964E-05 0.644481 9.9964E-05 9.9964E-05 0.355119
9.9982E-05 9.9982E-05 0.128681 0.201643 0.00829886 0.661178
