0.347605 0.506786 9.9928E-05 9.9928E-05 9.9928E-05 9.9928E-05 0.0705348 9.9928E-05 9.9928E-05 9.9928E-05 0.0742745 9.9928E-05
0.352831 0.226939 9.99369E-05 9.99369E-05 9.99369E-05 9.99369E-05 9.99369E-05 9.99369E-05 0.103972 0.268225 0.0473338 9.99369E-05
9.99459E-05 9.99459E-05 0.000214305 0.0603519 9.99459E-05 9.99459E-05 0.0880058 0.0679737 9.99459E-05 0.755801 9.99459E-05 0.0270535
0.353328 0.397085 9.99459E-05 0.0023859 0.188975 9.99459E-05 0.0197579 9.99459E-05 0.0378685 9.99459E-05 9.99459E-05 9.99459E-05
0.468596 0.0328782 0.0517451 0.0103512 0.103465 0.201543 9.99639E-05 0.0787328 0.0522896 9.99639E-05 9.99639E-05 9.99639E-05
0.0441555 0.348017 0.0457734 9.99549E-05 9.99549E-05 0.00862544 9.99549E-05 0.251221 9.99549E-05 0.266238 0.0354699 9.99549E-05
9.99369E-05 0.181524 9.99369E-05 9.99369E-05 0.0162254 9.99369E-05 0.325477 9.99369E-05 9.99369E-05 0.454039 9.99369E-05 0.0220358
0.0742517 0.175318 9.9946E-05 9.9946E-05 9.9946E-05 9.9946E-05 0.0558376 0.15142 9.9946E-05 0.384554 0.158019 9.9946E-05
0.297424 0.278681 9.99549E-05 9.99549E-05 0.133272 9.99549E-05 9.99549E-05 0.0538603 0.0529252 0.101976 0.0813612 9.99549E-05
9.99369E-05 0.0606125 9.99369E-05 0.048641 9.99369E-05 9.99369E-05 0.359695 0.346235 9.99369E-05 9.99369E-05 9.99369E-05 0.184117
0.214689 0.132377 9.99549E-05 9.99549E-05 0.00883289 0.0318535 9.99549E-05 0.0852856 0.445531 0.0809322 9.99549E-05 9.99549E-05
0.433669 9.99459E-05 9.99459E-05 9.99459E-05 0.12815 9.99459E-05 9.99459E-05 0.257261 0.143324 0.0304028 0.00659411 9.99459E-05
9.99639E-05 0.173935 0.0510847 0.00683745 0.268652 0.185737 0.0827414 9.99639E-05 0.0712321 0.15938 9.99639E-05 9.99639E-05
9.99369E-05 0.258983 9.99369E-05 9.99369E-05 9.99369E-05 9.99369E-05 0.133111 0.141644 9.99369E-05 0.432919 0.0326429 9.99369E-05
0.437693 9.99189E-05 9.99189E-05 9.99189E-05 9.99189E-05 9.99189E-05 9.99189E-05 0.0842046 0.477203 9.99189E-05 9.99189E-05 9.99189E-05
9.995E-05 0.107995 0.0428069 0.0382464 9.995E-05 9.995E-05 0.224183 0.0213322 9.995E-05 0.295703 9.995E-05 0.269234
9.99279E-05 0.269558 9.99279E-05 9.99279E-05 0.03865 9.99279E-05 0.209949 9.99279E-05 9.99279E-05 0.481043 9.99279E-05 9.99279E-05
0.01906 0.149316 9.99369E-05 9.99369E-05 9.99369E-05 9.99369E-05 0.172685 9.99369E-05 0.0541125 0.604126 9.99369E-05 9.99369E-05
0.314906 0.14968 9.9964E-05 9.9964E-05 0.258735 0.000696447 0.0599017 0.0322073 9.9964E-05 0.153205 0.0302684 9.9964E-05
9.9928E-05 9.9928E-05 9.9928E-05 0.790108 9.9928E-05 0.00541217 9.9928E-05 9.9928E-05 0.192577 9.9928E-05 0.0111034 9.9928E-05
9.991E-05 9.991E-05 9.991E-05 0.837699 0.161301 9.991E-05 9.991E-05 9.991E-05 9.991E-05 9.991E-05 9.991E-05 9.991E-05
9.99098E-05 0.146231 9.99098E-05 0.852769 9.99098E-05 9.99098E-05 9.99098E-05 9.99098E-05 9.99098E-05 9.99098E-05 9.99098E-05 9.99098E-05
9.99189E-05 9.99189E-05 9.99189E-05 0.643391 0.33838 9.99189E-05 9.99189E-05 9.99189E-05 9.99189E-05 9.99189E-05 0.0173291 9.99189E-05
0.0507059 9.99369E-05 9.99369E-05 0.70365 0.0849274 9.99369E-05 9.99369E-05 9.99369E-05 0.124009 9.99369E-05 0.036008 9.99369E-05
9.99459E-05 9.99459E-05 0.155576 0.476253 9.99459E-05 9.99459E-05 0.0674134 0.0147748 9.99459E-05 0.23107 0.0543128 9.99459E-05
0.148849 9.99368E-05 9.99368E-05 0.296365 9.99368E-05 9.99368E-05 9.99368E-05 0.0472665 0.146501 9.99368E-05 0.360319 9.99368E-05
9.99279E-05 9.99279E-05 0.20258 0.232013 9.99279E-05 9.99279E-05 0.20678 9.99279E-05 9.99279E-05 9.99279E-05 9.99279E-05 0.357827
0.0546115 9.9955E-05 9.9955E-05 0.271488 0.0811259 0.129277 9.9955E-05 9.9955E-05 0.17889 9.9955E-05 0.282983 0.00112603
9.99278E-05 0.121934 9.99278E-05 0.840518 9.99278E-05 0.0114385 9.99278E-05 9.99278E-05 9.99278E-05 9.99278E-05 9.99278E-05 0.02531
9.99189E-05 9.99189E-05 9.99189E-05 0.858491 0.133955 9.99189E-05 9.99189E-05 9.99189E-05 0.00665462 9.99189E-05 9.99189E-05 9.99189E-05
9.99461E-05 9.99461E-05 9.99461E-05 0.587215 0.119348 9.99461E-05 0.0888897 9.99461E-05 9.99461E-05 0.0516485 0.0142253 0.138073
9.99459E-05 0.0822631 0.203078 0.124102 9.99459E-05 0.0814464 9.99459E-05 9.99459E-05 9.99459E-05 9.99459E-05 0.40132 0.107191
9.99188E-05 9.99188E-05 9.99188E-05 0.596487 9.99188E-05 9.99188E-05 0.240885 9.99188E-05 9.99188E-05 9.99188E-05 9.99188E-05 0.161728
9.99369E-05 0.0309825 9.99369E-05 0.645985 9.99369E-05 9.99369E-05 0.118457 9.99369E-05 9.99369E-05 0.142527 0.0613495 9.99369E-05
9.99279E-05 9.99279E-05 9.99279E-05 0.834856 0.121635 9.99279E-05 9.99279E-05 0.0321069 0.0106034 9.99279E-05 9.99279E-05 9.99279E-05
0.0728013 9.99189E-05 9.99189E-05 0.733677 9.99189E-05 9.99189E-05 9.99189E-05 9.99189E-05 0.192622 9.99189E-05 9.99189E-05 9.99189E-05
9.99099E-05 9.99099E-05 9.99099E-05 0.682071 9.99099E-05 9.99099E-05 9.99099E-05 9.99099E-05 0.31693 9.99099E-05 9.99099E-05 9.99099E-05
0.0769676 9.99189E-05 9.99189E-05 0.683096 0.239037 9.99189E-05 9.99189E-05 9.99189E-05 9.99189E-05 9.99189E-05 9.99189E-05 9.99189E-05
0.058297 0.145004 0.7958 9.99188E-05 9.99188E-05 9.99188E-05 9.99188E-05 9.99188E-05 9.99188E-05 9.99188E-05 9.99188E-05 9.99188E-05
9.9919E-05 9.9919E-05 0.684817 9.9919E-05 9.9919E-05 0.04539 9.9919E-05 9.9919E-05 9.9919E-05 9.9919E-05 9.9919E-05 0.268894
9.99369E-05 9.99369E-05 0.323058 0.0568619 9.99369E-05 9.99369E-05 0.274833 9.99369E-05 9.99369E-05 9.99369E-05 0.0985626 0.245985
9.9946E-05 9.9946E-05 0.460076 0.0169628 0.318778 0.034657 9.9946E-05 9.9946E-05 9.9946E-05 9.9946E-05 0.0757701 0.0931567
9.99188E-05 0.193374 0.54578 0.259947 9.99188E-05 9.99188E-05 9.99188E-05 9.99188E-05 9.99188E-05 9.99188E-05 9.99188E-05 9.99188E-05
9.9955E-05 9.9955E-05 0.544291 0.0971764 9.9955E-05 9.9955E-05 0.0669573 0.0679903 9.9955E-05 0.153017 0.00772521 0.0623433
0.265648 9.9919E-05 9.9919E-05 9.9919E-05 0.141868 9.9919E-05 9.9919E-05 9.9919E-05 9.9919E-05 9.9919E-05 0.591584 9.9919E-05
0.357739 9.99189E-05 0.571032 9.99189E-05 9.99189E-05 9.99189E-05 9.99189E-05 9.99189E-05 0.0703293 9.99189E-05 9.99189E-05 9.99189E-05
9.99369E-05 9.99369E-05 0.393437 0.184814 9.99369E-05 9.99369E-05 0.0541636 9.99369E-05 9.99369E-05 0.179323 9.99369E-05 0.187562
0.00800063 0.176854 0.798357 9.99279E-05 9.99279E-05 9.99279E-05 9.99279E-05 9.99279E-05 0.0159893 9.99279E-05 9.99279E-05 9.99279E-05
9.9919E-05 9.9919E-05 0.353797 9.9919E-05 9.9919E-05 9.9919E-05 0.0624795 9.9919E-05 9.9919E-05 9.9919E-05 9.9919E-05 0.582824
0.202509 9.9937E-05 0.658192 9.9937E-05 0.0285068 9.9937E-05 9.9937E-05 9.9937E-05 0.0311121 9.9937E-05 0.0789803 9.9937E-05
9.99189E-05 9.99189E-05 0.721806 9.99189E-05 9.99189E-05 0.0192968 9.99189E-05 9.99189E-05 9.99189E-05 9.99189E-05 9.99189E-05 0.257998
9.99371E-05 9.99371E-05 0.538528 0.0863582 0.254814 0.103127 9.99371E-05 0.0164723 9.99371E-05 9.99371E-05 9.99371E-05 9.99371E-05
0.0410497 9.99459E-05 0.282766 0.0702335 9.99459E-05 9.99459E-05 9.99459E-05 0.0680462 0.324526 9.99459E-05 0.212778 9.99459E-05
0.12699 9.99459E-05 0.43755 9.99459E-05 9.99459E-05 9.99459E-05 9.99459E-05 0.0488247 0.269644 0.0296104 0.0867816 9.99459E-05
0.101713 9.9946E-05 0.265216 0.04613 0.364773 9.9946E-05 9.9946E-05 9.9946E-05 9.9946E-05 9.9946E-05 0.193351 0.0282178
0.00986005 9.99279E-05 9.99279E-05 0.323157 0.406539 9.99279E-05 9.99279E-05 9.99279E-05 9.99279E-05 9.99279E-05 0.259644 9.99279E-05
9.99549E-05 0.0845897 0.753607 9.99549E-05 9.99549E-05 0.0168167 0.0376648 9.99549E-05 9.99549E-05 0.0336394 0.0194682 0.0537139
9.9955E-05 9.9955E-05 0.453037 0.0218335 0.0530702 0.0481892 9.9955E-05 9.9955E-05 0.0537246 9.9955E-05 0.237073 0.132572
9.99368E-05 9.99368E-05 0.656754 9.99368E-05 9.99368E-05 0.00654464 9.99368E-05 9.99368E-05 9.99368E-05 0.0243618 0.0580538 0.253587
0.164766 9.99279E-05 0.742242 9.99279E-05 0.017037 9.99279E-05 9.99279E-05 9.99279E-05 0.075156 9.99279E-05 9.99279E-05 9.99279E-05
0.0879364 0.0739115 0.588546 0.0206354 9.99458E-05 9.99458E-05 9.99458E-05 9.99458E-05 0.0887743 9.99458E-05 0.139596 9.99458E-05
0.231326 9.99279E-05 0.619812 9.99279E-05 9.99279E-05 9.99279E-05 9.99279E-05 9.99279E-05 0.0750006 9.99279E-05 0.0730615 9.99279E-05
9.99369E-05 9.99369E-05 0.260084 9.99369E-05 9.99369E-05 0.111639 9.99369E-05 9.99369E-05 9.99369E-05 0.0761667 0.388777 0.162634
0.00091074 9.99279E-05 0.523776 0.0450395 0.429474 9.99279E-05 9.99279E-05 9.99279E-05 9.99279E-05 9.99279E-05 9.99279E-05 9.99279E-05
9.99279E-05 9.99279E-05 0.369516 9.99279E-05 9.99279E-05 9.99279E-05 0.343239 9.99279E-05 9.99279E-05 0.17881 0.107636 9.99279E-05
0.0653238 0.0646095 0.156759 0.0831984 9.99549E-05 9.99549E-05 9.99549E-05 0.0244656 0.244903 9.99549E-05 0.360241 9.99549E-05
0.312348 9.9928E-05 0.611782 9.9928E-05 0.0678151 9.9928E-05 9.9928E-05 9.9928E-05 9.9928E-05 9.9928E-05 0.00725518 9.9928E-05
0.140104 9.9928E-05 0.517384 9.9928E-05 9.9928E-05 9.9928E-05 9.9928E-05 9.9928E-05 0.286164 9.9928E-05 0.0555495 9.9928E-05
0.0208985 0.0691364 0.0430391 0.00443161 9.99639E-05 0.00266394 0.0254069 9.99639E-05 0.062064 9.99639E-05 0.77196 9.99639E-05
9.99279E-05 0.248028 0.1065 0.21441 9.99279E-05 9.99279E-05 9.99279E-05 9.99279E-05 9.99279E-05 9.99279E-05 0.430262 9.99279E-05
9.99279E-05 9.99279E-05 0.0118281 0.0972426 9.99279E-05 9.99279E-05 9.99279E-05 9.99279E-05 9.99279E-05 9.99279E-05 0.442784 0.447346
9.99099E-05 9.99099E-05 0.460226 9.99099E-05 9.99099E-05 9.99099E-05 0.538775 9.99099E-05 9.99099E-05 9.99099E-05 9.99099E-05 9.99099E-05
0.179566 9.9928E-05 9.9928E-05 0.670736 0.147391 9.9928E-05 9.9928E-05 9.9928E-05 9.9928E-05 9.9928E-05 0.00150756 9.9928E-05
9.99278E-05 9.99278E-05 0.643638 9.99278E-05 9.99278E-05 9.99278E-05 0.146286 9.99278E-05 9.99278E-05 0.112383 9.99278E-05 0.0968942
0.0938187 9.99279E-05 0.352425 9.99279E-05 9.99279E-05 9.99279E-05 9.99279E-05 9.99279E-05 0.136997 9.99279E-05 0.41596 9.99279E-05
0.0703103 9.99459E-05 9.99459E-05 0.105771 0.109103 9.99459E-05 9.99459E-05 0.0166166 0.157993 9.99459E-05 0.539606 9.99459E-05
9.99188E-05 9.99188E-05 9.99188E-05 0.729102 9.99188E-05 9.99188E-05 0.200265 9.99188E-05 9.99188E-05 9.99188E-05 9.99188E-05 0.0697333
9.9937E-05 9.9937E-05 0.203555 0.198323 9.9937E-05 9.9937E-05 0.361878 9.9937E-05 9.9937E-05 9.9937E-05 0.000690861 0.234854
9.99278E-05 9.99278E-05 0.0365611 0.741054 9.99278E-05 9.99278E-05 0.106609 9.99278E-05 9.99278E-05 0.114976 9.99278E-05 9.99278E-05
9.994E-05 0.182731 0.103451 0.272099 9.994E-05 0.0418606 9.994E-05 9.994E-05 9.994E-05 9.994E-05 0.354013 0.0452459
9.9937E-05 9.9937E-05 0.224214 0.164046 9.9937E-05 0.0442883 9.9937E-05 9.9937E-05 9.9937E-05 9.9937E-05 0.055998 0.510754
9.99369E-05 9.99369E-05 0.416788 0.190327 0.319237 9.99369E-05 9.99369E-05 0.00863947 9.99369E-05 9.99369E-05 0.0643094 9.99369E-05
9.99369E-05 9.99369E-05 0.757518 0.00339607 0.198821 0.0208155 0.0187501 9.99369E-05 9.99369E-05 9.99369E-05 9.99369E-05 9.99369E-05
9.9946E-05 9.9946E-05 0.434447 0.103471 0.2624 9.9946E-05 9.9946E-05 9.9946E-05 0.0566639 9.9946E-05 0.0887365 0.0536815
9.99188E-05 9.99188E-05 0.646077 9.99188E-05 9.99188E-05 9.99188E-05 0.247589 9.99188E-05 9.99188E-05 9.99188E-05 9.99188E-05 0.105434
0.039714 0.0438969 0.608429 0.0989511 9.99459E-05 0.0753249 9.99459E-05 9.99459E-05 0.133084 9.99459E-05 9.99459E-05 9.99459E-05
0.182259 9.99279E-05 0.447526 9.99279E-05 0.150885 9.99279E-05 9.99279E-05 9.99279E-05 9.99279E-05 9.99279E-05 0.218531 9.99279E-05
9.99368E-05 0.0270146 9.99368E-05 0.194521 9.99368E-05 9.99368E-05 0.132953 9.99368E-05 9.99368E-05 0.10893 0.535882 9.99368E-05
9.99369E-05 9.99369E-05 0.268605 9.99369E-05 9.99369E-05 9.99369E-05 0.32084 9.99369E-05 9.99369E-05 0.0686671 0.325464 0.0157244
0.16952 9.99189E-05 9.99189E-05 0.139662 9.99189E-05 9.99189E-05 9.99189E-05 9.99189E-05 9.99189E-05 9.99189E-05 0.689918 9.99189E-05
9.99278E-05 9.99278E-05 0.258012 9.99278E-05 9.99278E-05 9.99278E-05 0.163202 9.99278E-05 9.99278E-05 0.165534 0.412452 9.99278E-05
9.99278E-05 9.99278E-05 0.126534 9.99278E-05 9.99278E-05 9.99278E-05 0.238194 9.99278E-05 9.99278E-05 0.0988173 0.535655 9.99278E-05
0.311207 9.99099E-05 9.99099E-05 9.99099E-05 9.99099E-05 9.99099E-05 9.99099E-05 9.99099E-05 9.99099E-05 9.99099E-05 0.687794 9.99099E-05
9.99189E-05 9.99189E-05 0.400616 9.99189E-05 9.99189E-05 9.99189E-05 9.99189E-05 9.99189E-05 9.99189E-05 0.249018 0.349467 9.99189E-05
9.99369E-05 0.0594388 0.102316 9.99369E-05 9.99369E-05 9.99369E-05 0.0575599 9.99369E-05 9.99369E-05 0.0951084 0.684878 9.99369E-05
9.99263E-05 9.99263E-05 9.99263E-05 9.99263E-05 9.99263E-05 0.609254 0.0383233 9.99263E-05 9.99263E-05 9.99263E-05 9.99263E-05 0.351523
9.9946E-05 0.0667811 0.0796007 0.017551 9.9946E-05 0.592946 0.125537 9.9946E-05 9.9946E-05 9.9946E-05 9.9946E-05 0.116984
9.99279E-05 9.99279E-05 0.0168788 9.99279E-05 0.183379 0.780784 9.99279E-05 9.99279E-05 9.99279E-05 9.99279E-05 9.99279E-05 0.0181591
0.307054 9.9928E-05 9.9928E-05 9.9928E-05 9.9928E-05 0.481833 9.9928E-05 9.9928E-05 9.9928E-05 0.157665 0.0526483 9.9928E-05
9.99369E-05 9.99369E-05 9.99369E-05 9.99369E-05 9.99369E-05 0.600226 0.0858976 0.0241709 9.99369E-05 9.99369E-05 0.00138414 0.287622
0.163314 0.169952 9.99549E-05 9.99549E-05 0.0548794 0.128784 9.99549E-05 9.99549E-05 0.00626461 0.381822 0.0944837 9.99549E-05
9.99188E-05 9.99188E-05 9.99188E-05 9.99188E-05 9.99188E-05 0.389145 0.311657 9.99188E-05 9.99188E-05 0.298299 9.99188E-05 9.99188E-05
9.99188E-05 9.99188E-05 9.99188E-05 9.99188E-05 9.99188E-05 0.673593 9.99188E-05 9.99188E-05 9.99188E-05 0.052238 9.99188E-05 0.27327
9.99279E-05 0.279471 9.99279E-05 9.99279E-05 9.99279E-05 0.594441 0.0761615 9.99279E-05 9.99279E-05 9.99279E-05 0.0491271 9.99279E-05
0.123335 9.99279E-05 9.99279E-05 0.0379342 9.99279E-05 0.580618 9.99279E-05 9.99279E-05 0.257314 9.99279E-05 9.99279E-05 9.99279E-05
9.99189E-05 9.99189E-05 9.99189E-05 9.99189E-05 9.99189E-05 0.280933 9.99189E-05 0.0979826 9.99189E-05 9.99189E-05 9.99189E-05 0.620185
9.99279E-05 9.99279E-05 9.99279E-05 9.99279E-05 9.99279E-05 0.446026 0.0559279 0.0515241 0.445723 9.99279E-05 9.99279E-05 9.99279E-05
9.99188E-05 9.99188E-05 9.99188E-05 9.99188E-05 9.99188E-05 0.667136 9.99188E-05 9.99188E-05 9.99188E-05 0.198331 9.99188E-05 0.133634
9.99368E-05 0.209489 9.99368E-05 9.99368E-05 9.99368E-05 0.463975 9.99368E-05 9.99368E-05 0.114051 0.144274 0.0675127 9.99368E-05
9.99279E-05 0.350246 9.99279E-05 0.0297514 9.99279E-05 0.564067 9.99279E-05 9.99279E-05 9.99279E-05 9.99279E-05 9.99279E-05 0.0551363
9.99459E-05 0.0956802 9.99459E-05 0.0570107 9.99459E-05 0.203812 0.0338939 9.99459E-05 9.99459E-05 0.508136 9.99459E-05 0.100868
0.318575 9.99368E-05 9.99368E-05 9.99368E-05 0.0661589 0.460934 9.99368E-05 9.99368E-05 0.0831605 9.99368E-05 0.0704726 9.99368E-05
9.99278E-05 9.99278E-05 9.99278E-05 9.99278E-05 0.555485 0.360295 0.0652345 9.99278E-05 9.99278E-05 9.99278E-05 0.0181865 9.99278E-05
9.994E-05 0.224605 0.107024 0.0536188 9.994E-05 0.513873 0.0921981 0.00808167 9.994E-05 9.994E-05 9.994E-05 9.994E-05
9.99279E-05 9.99279E-05 9.99279E-05 9.99279E-05 9.99279E-05 0.615749 0.0256126 9.99279E-05 9.99279E-05 0.315497 9.99279E-05 0.042342
9.99459E-05 0.147112 0.00252983 0.0484069 9.99459E-05 0.688939 9.99459E-05 0.0220786 0.0903342 9.99459E-05 9.99459E-05 9.99459E-05
9.99099E-05 9.99099E-05 9.99099E-05 9.99099E-05 0.313166 0.685835 9.99099E-05 9.99099E-05 9.99099E-05 9.99099E-05 9.99099E-05 9.99099E-05
0.329982 0.209179 0.0098373 0.0316024 0.0365908 0.0293685 9.9973E-05 0.0435749 0.143744 0.165822 9.9973E-05 9.9973E-05
9.99188E-05 9.99188E-05 9.99188E-05 9.99188E-05 9.99188E-05 9.99188E-05 0.204819 0.687001 9.99188E-05 0.10728 9.99188E-05 9.99188E-05
0.101275 0.0415788 0.0167566 9.99549E-05 0.581569 9.99549E-05 9.99549E-05 9.99549E-05 9.99549E-05 0.166295 0.0447261 0.047299
9.99369E-05 0.416745 9.99369E-05 0.0231313 9.99369E-05 9.99369E-05 9.99369E-05 0.0045245 9.99369E-05 0.417187 9.99369E-05 0.137713
9.99188E-05 9.99188E-05 9.99188E-05 9.99188E-05 9.99188E-05 9.99188E-05 0.0728132 0.477697 9.99188E-05 9.99188E-05 9.99188E-05 0.448591
0.165859 0.145295 9.99458E-05 9.99458E-05 0.217095 9.99458E-05 9.99458E-05 0.00781546 0.409348 0.0539878 9.99458E-05 9.99458E-05
9.99369E-05 0.0388718 9.99369E-05 0.0279113 9.99369E-05 9.99369E-05 9.99369E-05 0.69024 0.234179 9.99369E-05 9.99369E-05 0.00809872
0.0665675 0.359452 0.0724916 9.99729E-05 0.0396025 0.0158751 0.016381 9.99729E-05 0.00973083 0.345183 0.0744161 9.99729E-05
9.99098E-05 9.99098E-05 9.99098E-05 9.99098E-05 0.270747 9.99098E-05 9.99098E-05 0.728253 9.99098E-05 9.99098E-05 9.99098E-05 9.99098E-05
9.99369E-05 9.99369E-05 9.99369E-05 9.99369E-05 0.0322288 9.99369E-05 0.455171 0.244922 9.99369E-05 0.134665 9.99369E-05 0.132315
0.226389 0.0573693 0.0504003 9.99549E-05 0.070414 0.0337216 9.99549E-05 0.200897 0.360309 9.99549E-05 9.99549E-05 9.99549E-05
9.99189E-05 9.99189E-05 9.99189E-05 9.99189E-05 0.409469 9.99189E-05 9.99189E-05 0.562613 9.99189E-05 9.99189E-05 0.0270186 9.99189E-05
9.99189E-05 9.99189E-05 9.99189E-05 9.99189E-05 9.99189E-05 9.99189E-05 0.220531 0.401208 9.99189E-05 9.99189E-05 9.99189E-05 0.377361
0.517798 9.99279E-05 9.99279E-05 9.99279E-05 0.0882734 9.99279E-05 9.99279E-05 9.99279E-05 0.256808 0.136321 9.99279E-05 9.99279E-05
0.175315 9.99188E-05 9.99188E-05 9.99188E-05 0.247064 9.99188E-05 9.99188E-05 0.576722 9.99188E-05 9.99188E-05 9.99188E-05 9.99188E-05
0.0367076 0.0849562 9.99368E-05 9.99368E-05 0.410682 9.99368E-05 9.99368E-05 9.99368E-05 0.219831 0.247123 9.99368E-05 9.99368E-05
9.99101E-05 9.99101E-05 9.99101E-05 9.99101E-05 9.99101E-05 9.99101E-05 0.105696 0.444543 9.99101E-05 9.99101E-05 9.99101E-05 0.448862
0.106593 9.99368E-05 9.99368E-05 9.99368E-05 0.412539 9.99368E-05 9.99368E-05 0.36449 0.0351854 0.0804921 9.99368E-05 9.99368E-05
0.388496 0.112861 0.0135003 9.99459E-05 9.99459E-05 0.0713085 9.99459E-05 9.99459E-05 0.335532 0.0777027 9.99459E-05 9.99459E-05
0.00965896 0.336019 9.99459E-05 9.99459E-05 9.99459E-05 9.99459E-05 9.99459E-05 0.0920322 0.0202906 0.455441 0.0859585 9.99459E-05
0.115173 0.0710638 9.99551E-05 0.0815232 0.380321 0.0794101 9.99551E-05 9.99551E-05 9.99551E-05 0.144538 9.99551E-05 0.127471
0.0139816 0.187479 9.9964E-05 0.069798 0.459817 0.000221731 9.9964E-05 0.0924802 0.0306857 0.145137 9.9964E-05 9.9964E-05
9.99278E-05 9.99278E-05 9.99278E-05 9.99278E-05 9.99278E-05 9.99278E-05 0.0849514 0.447867 9.99278E-05 0.0767801 9.99278E-05 0.389602
0.104785 9.9955E-05 0.00335074 0.0798391 9.9955E-05 9.9955E-05 9.9955E-05 0.186087 0.221669 0.380598 0.0231711 9.9955E-05
9.99278E-05 0.280936 9.99278E-05 9.99278E-05 9.99278E-05 9.99278E-05 9.99278E-05 0.582714 9.99278E-05 0.0170696 0.118482 9.99278E-05
9.99639E-05 0.302394 0.00709833 0.0333929 9.99639E-05 0.127383 9.99639E-05 0.0478488 9.99639E-05 0.130221 0.0656055 0.285657
0.0517756 9.99729E-05 0.0333942 0.0118034 0.226889 0.0929342 9.99729E-05 0.217729 0.182212 0.162326 0.0206363 9.99729E-05
0.000540325 0.318561 0.103405 0.0101187 9.9964E-05 0.335955 9.9964E-05 0.193589 0.0213103 9.9964E-05 9.9964E-05 0.0161204
0.022221 9.9946E-05 9.9946E-05 0.0432045 0.0343701 9.9946E-05 0.259375 9.9946E-05 9.9946E-05 9.9946E-05 0.00340583 0.636824
9.99549E-05 0.418588 9.99549E-05 9.99549E-05 9.99549E-05 0.0845631 0.173621 0.195326 9.99549E-05 0.0213515 0.0877114 0.0183388
9.99639E-05 0.0410875 0.0270624 0.060584 9.99639E-05 0.0406371 9.99639E-05 0.0577409 0.013583 0.492861 9.99639E-05 0.266044
9.9946E-05 0.211133 9.9946E-05 0.040873 0.0142953 9.9946E-05 9.9946E-05 0.0983224 0.493755 9.9946E-05 9.9946E-05 0.141021
9.99278E-05 0.0820249 9.99278E-05 9.99278E-05 9.99278E-05 9.99278E-05 0.0228668 9.99278E-05 9.99278E-05 0.375049 9.99278E-05 0.51926
0.0835923 0.134709 9.99368E-05 9.99368E-05 0.404841 9.99368E-05 9.99368E-05 9.99368E-05 0.252161 0.123997 9.99368E-05 9.99368E-05
9.99278E-05 0.193529 9.99278E-05 9.99278E-05 9.99278E-05 9.99278E-05 9.99278E-05 0.0288034 9.99278E-05 0.306682 9.99278E-05 0.470187
9.9937E-05 9.9937E-05 9.9937E-05 0.0080946 0.390752 0.0582023 9.9937E-05 0.334665 9.9937E-05 9.9937E-05 9.9937E-05 0.207587
0.027737 0.0852179 9.99549E-05 9.99549E-05 0.514791 0.142765 0.0424645 0.136267 0.0502581 9.99549E-05 9.99549E-05 9.99549E-05
0.0423153 0.513872 0.130265 0.00406874 9.9955E-05 0.165277 9.9955E-05 0.134448 0.00925431 9.9955E-05 9.9955E-05 9.9955E-05
0.09398 0.503001 0.0385396 9.99549E-05 9.99549E-05 0.0995155 0.00271395 9.99549E-05 9.99549E-05 0.245733 0.0160178 9.99549E-05
9.9946E-05 0.744986 0.0362894 0.0293213 9.9946E-05 0.118968 9.9946E-05 0.0475927 9.9946E-05 9.9946E-05 9.9946E-05 0.0222429
9.99459E-05 0.179098 9.99459E-05 9.99459E-05 0.444848 0.134117 9.99459E-05 9.99459E-05 0.0328814 0.0843261 9.99459E-05 0.12413
0.015188 0.156515 9.99369E-05 9.99369E-05 9.99369E-05 0.0321323 0.178109 9.99369E-05 9.99369E-05 9.99369E-05 9.99369E-05 0.617356
9.99279E-05 9.99279E-05 9.99279E-05 9.99279E-05 9.99279E-05 0.010832 0.0556046 0.271073 9.99279E-05 9.99279E-05 9.99279E-05 0.661691
9.99549E-05 0.113232 0.0142245 9.99549E-05 9.99549E-05 9.99549E-05 0.234562 0.220473 9.99549E-05 0.406821 0.00514246 0.00504564
9.99459E-05 0.0288773 0.0326546 0.0240433 9.99459E-05 9.99459E-05 9.99459E-05 0.172751 9.99459E-05 0.136757 9.99459E-05 0.604317
0.0526301 9.9928E-05 9.9928E-05 9.9928E-05 9.9928E-05 9.9928E-05 0.139293 9.9928E-05 0.070759 9.9928E-05 9.9928E-05 0.736518
9.99549E-05 9.99549E-05 0.0820434 0.00192678 9.99549E-05 0.0200167 0.299964 0.340276 9.99549E-05 0.254544 0.000729656 9.99549E-05
9.99549E-05 0.233892 9.99549E-05 9.99549E-05 9.99549E-05 9.99549E-05 0.0719418 0.0539698 0.049252 0.426434 0.0233378 0.140673
0.810657 0.0170396 9.9946E-05 0.02829 9.9946E-05 9.9946E-05 9.9946E-05 0.00644104 9.9946E-05 9.9946E-05 0.0533217 0.0836512
0.621187 0.063263 9.99549E-05 0.0171097 0.115847 9.99549E-05 0.0949574 9.99549E-05 0.045196 0.0419396 9.99549E-05 9.99549E-05
0.105293 0.147706 9.99459E-05 9.99459E-05 9.99459E-05 9.99459E-05 0.116474 9.99459E-05 0.0157369 0.509854 0.104336 9.99459E-05
0.490061 0.00506553 9.99459E-05 9.99459E-05 0.013985 9.99459E-05 0.0746694 9.99459E-05 0.338827 0.0767925 9.99459E-05 9.99459E-05
0.843206 0.01534 9.99369E-05 9.99369E-05 9.99369E-05 0.00698196 0.126951 9.99369E-05 0.00682063 9.99369E-05 9.99369E-05 9.99369E-05
0.279242 0.0291707 9.99368E-05 0.0546462 0.486615 9.99368E-05 0.149626 9.99368E-05 9.99368E-05 9.99368E-05 9.99368E-05 9.99368E-05
0.587463 9.99459E-05 9.99459E-05 9.99459E-05 0.242023 9.99459E-05 0.107502 9.99459E-05 0.00381685 0.053748 0.00484736 9.99459E-05
0.138035 0.0464061 9.99459E-05 0.011988 9.99459E-05 9.99459E-05 0.470117 9.99459E-05 9.99459E-05 0.312662 0.0201924 9.99459E-05
9.9928E-05 9.9928E-05 9.9928E-05 9.9928E-05 9.9928E-05 9.9928E-05 0.427133 0.178579 9.9928E-05 0.0759979 9.9928E-05 0.31749
0.437754 0.0771211 9.99369E-05 9.99369E-05 9.99369E-05 0.0601134 9.99369E-05 9.99369E-05 9.99369E-05 0.278897 0.145415 9.99369E-05
0.0686121 9.99279E-05 9.99279E-05 9.99279E-05 9.99279E-05 0.0760125 0.66695 9.99279E-05 9.99279E-05 0.187626 9.99279E-05 9.99279E-05
0.00347735 0.0200121 9.9955E-05 9.9955E-05 0.00692348 9.9955E-05 0.195502 9.9955E-05 0.00889274 0.478998 0.285695 9.9955E-05
0.264626 0.0678875 9.99459E-05 9.99459E-05 9.99459E-05 0.00362058 9.99459E-05 9.99459E-05 0.0580287 0.510666 0.0945714 9.99459E-05
9.99279E-05 9.99279E-05 9.99279E-05 9.99279E-05 9.99279E-05 9.99279E-05 0.194317 0.106607 9.99279E-05 0.593394 9.99279E-05 0.104882
0.184322 9.995E-05 0.00701608 0.0130624 9.995E-05 0.0517648 0.0685787 9.995E-05 9.995E-05 0.585862 9.995E-05 0.0888939
0.325053 0.0601222 0.0386253 0.105894 9.99549E-05 9.99549E-05 9.99549E-05 0.288885 9.99549E-05 0.163161 0.0177605 9.99549E-05
0.0813573 0.0390664 0.0276133 0.0233149 9.996E-05 9.996E-05 0.233145 9.996E-05 0.126507 0.426968 0.0416284 9.996E-05
0.272043 0.00519684 9.99459E-05 9.99459E-05 9.99459E-05 0.152198 0.189964 9.99459E-05 9.99459E-05 0.35515 0.0248478 9.99459E-05
0.327913 9.99189E-05 9.99189E-05 9.99189E-05 9.99189E-05 9.99189E-05 9.99189E-05 9.99189E-05 0.495682 0.175506 9.99189E-05 9.99189E-05
0.44666 0.169112 9.9937E-05 9.9937E-05 9.9937E-05 9.9937E-05 9.9937E-05 9.9937E-05 0.00519595 0.316089 0.0622433 9.9937E-05
0.0370532 9.9955E-05 0.0178649 9.9955E-05 0.00829821 9.9955E-05 0.596971 9.9955E-05 0.0403996 0.248843 9.9955E-05 0.0500704
9.99369E-05 0.000692604 0.0341948 9.99369E-05 0.0588029 0.0196867 9.99369E-05 9.99369E-05 9.99369E-05 0.885923 9.99369E-05 9.99369E-05
9.99279E-05 9.99279E-05 9.99279E-05 9.99279E-05 9.99279E-05 9.99279E-05 0.373803 0.11393 9.99279E-05 0.274957 9.99279E-05 0.236509
0.619154 0.131115 9.99369E-05 9.99369E-05 0.00668733 9.99369E-05 9.99369E-05 9.99369E-05 0.0833459 0.158998 9.99369E-05 9.99369E-05
0.265334 0.203597 9.9946E-05 9.9946E-05 9.9946E-05 9.9946E-05 9.9946E-05 0.0114097 0.0237124 0.37444 0.120907 9.9946E-05
9.99279E-05 9.99279E-05 9.99279E-05 9.99279E-05 9.99279E-05 9.99279E-05 0.421164 0.108931 9.99279E-05 0.377156 9.99279E-05 0.0919492
0.461786 9.9946E-05 0.0357532 9.9946E-05 0.0624813 0.0614662 9.9946E-05 0.299359 0.0785551 9.9946E-05 9.9946E-05 9.9946E-05
0.0314814 9.99279E-05 9.99279E-05 0.00410786 9.99279E-05 9.99279E-05 9.99279E-05 0.44873 0.514881 9.99279E-05 9.99279E-05 9.99279E-05
9.99459E-05 0.136541 9.99459E-05 0.0583038 9.99459E-05 9.99459E-05 0.0995993 9.99459E-05 9.99459E-05 0.260056 0.11693 0.32797
9.99459E-05 0.176653 0.00248492 0.0374685 9.99459E-05 0.0677535 9.99459E-05 0.535785 9.99459E-05 9.99459E-05 9.99459E-05 0.179255
0.259137 9.9946E-05 9.9946E-05 0.0566963 9.9946E-05 9.9946E-05 0.102901 0.185976 0.366975 9.9946E-05 0.0277154 9.9946E-05
0.420298 9.99279E-05 9.99279E-05 9.99279E-05 0.132968 9.99279E-05 9.99279E-05 0.405419 9.99279E-05 9.99279E-05 0.0405159 9.99279E-05
0.355258 9.99369E-05 9.99369E-05 9.99369E-05 0.110697 9.99369E-05 9.99369E-05 0.286716 0.143122 9.99369E-05 0.103507 9.99369E-05
9.9928E-05 9.9928E-05 9.9928E-05 0.0083209 9.9928E-05 9.9928E-05 0.0916188 0.244077 9.9928E-05 9.9928E-05 9.9928E-05 0.655184
9.99459E-05 0.114183 9.99459E-05 9.99459E-05 9.99459E-05 9.99459E-05 0.0827939 0.364017 9.99459E-05 0.364128 0.067005 0.00727387
0.0556696 0.336415 9.99459E-05 9.99459E-05 9.99459E-05 0.294985 9.99459E-05 0.119833 0.131905 9.99459E-05 0.0605939 9.99459E-05
0.338153 0.00455245 9.99369E-05 9.99369E-05 9.99369E-05 0.0341871 9.99369E-05 0.339517 0.282891 9.99369E-05 9.99369E-05 9.99369E-05
9.99549E-05 0.0838533 0.00909872 0.0146143 9.99549E-05 0.0383635 9.99549E-05 0.165312 9.99549E-05 0.144168 9.99549E-05 0.54409
0.0622218 0.310307 9.99549E-05 0.0408815 9.99549E-05 9.99549E-05 0.0180986 0.154987 9.99549E-05 0.388224 0.0247812 9.99549E-05
0.0379294 0.208534 9.99459E-05 9.99459E-05 9.99459E-05 9.99459E-05 0.184247 0.234602 9.99459E-05 0.264766 0.0693217 9.99459E-05
9.99369E-05 0.475602 0.00394674 9.99369E-05 9.99369E-05 0.24025 9.99369E-05 0.25742 0.0220822 9.99369E-05 9.99369E-05 9.99369E-05
9.99369E-05 0.164723 0.00537535 9.99369E-05 9.99369E-05 0.158509 0.115802 9.99369E-05 9.99369E-05 0.554891 9.99369E-05 9.99369E-05
0.318785 0.041881 0.0498688 9.99459E-05 9.99459E-05 0.0509777 9.99459E-05 9.99459E-05 0.226786 0.311102 9.99459E-05 9.99459E-05
0.0911326 0.474967 9.99459E-05 9.99459E-05 9.99459E-05 9.99459E-05 9.99459E-05 0.12054 0.136825 0.109104 0.0668311 9.99459E-05
0.253373 9.9937E-05 9.9937E-05 0.0206523 0.176357 9.9937E-05 9.9937E-05 0.296337 0.252581 9.9937E-05 9.9937E-05 9.9937E-05
9.99458E-05 9.99458E-05 0.127386 0.0335752 9.99458E-05 9.99458E-05 0.232111 0.392635 9.99458E-05 0.207341 9.99458E-05 0.00635263
0.498797 0.0593379 0.0333627 9.99549E-05 9.99549E-05 9.99549E-05 0.0143428 0.271309 0.110958 0.0113932 9.99549E-05 9.99549E-05
0.227059 9.99279E-05 9.99279E-05 9.99279E-05 0.409176 9.99279E-05 9.99279E-05 0.205424 9.99279E-05 0.157541 9.99279E-05 9.99279E-05
9.99188E-05 0.113307 9.99188E-05 9.99188E-05 9.99188E-05 9.99188E-05 0.691525 0.194269 9.99188E-05 9.99188E-05 9.99188E-05 9.99188E-05
0.0711179 0.0456117 9.99639E-05 9.99639E-05 9.99639E-05 9.99639E-05 0.0611835 0.0110875 0.216378 0.528838 0.0604345 0.00494886
9.99369E-05 9.99369E-05 0.0415956 9.99369E-05 9.99369E-05 9.99369E-05 0.127242 0.188388 9.99369E-05 0.622686 0.0193887 9.99369E-05
0.768634 9.9955E-05 9.9955E-05 0.0292569 9.9955E-05 9.9955E-05 0.0474913 0.0606537 0.0453419 9.9955E-05 0.0390239 0.00909874
0.223847 9.9973E-05 0.143942 0.0622597 0.296416 0.0643062 9.9973E-05 0.00522888 9.9973E-05 0.0932767 0.0801567 0.030267
0.589048 9.99369E-05 0.0783046 9.99369E-05 9.99369E-05 9.99369E-05 9.99369E-05 0.0752644 0.0261001 0.230583 9.99369E-05 9.99369E-05
9.99279E-05 0.0535506 9.99279E-05 9.99279E-05 9.99279E-05 9.99279E-05 0.636628 0.204864 9.99279E-05 0.104159 9.99279E-05 9.99279E-05
0.611765 9.99459E-05 0.0390591 9.99459E-05 0.00927231 9.99459E-05 9.99459E-05 0.0442059 9.99459E-05 0.275606 0.0194924 9.99459E-05
0.649898 9.9946E-05 0.0105378 0.0308759 9.9946E-05 0.0837069 9.9946E-05 0.100969 9.9946E-05 0.123413 9.9946E-05 9.9946E-05
0.604764 9.9946E-05 9.9946E-05 9.9946E-05 9.9946E-05 0.0939122 9.9946E-05 0.0782666 0.189947 0.0269387 9.9946E-05 0.00557162
9.99279E-05 9.99279E-05 9.99279E-05 9.99279E-05 9.99279E-05 0.12077 0.54388 9.99279E-05 0.00245549 0.332095 9.99279E-05 9.99279E-05
0.196122 0.0815422 9.99729E-05 0.0251632 9.99729E-05 0.00874986 0.0380687 0.111547 0.0177143 0.495942 0.0248513 9.99729E-05
0.331106 9.9964E-05 9.9964E-05 0.0288496 0.0476854 9.9964E-05 0.0844151 0.0237068 0.395638 0.0746099 0.0135896 9.9964E-05
0.0722864 9.99551E-05 0.0557234 9.99551E-05 9.99551E-05 0.0415946 0.036492 0.226014 9.99551E-05 0.444825 9.99551E-05 0.122565
0.820511 9.9955E-05 0.0179551 0.0438961 9.9955E-05 0.000393702 9.9955E-05 0.00900457 9.9955E-05 0.052263 9.9955E-05 0.0554766
9.9946E-05 0.0804031 0.0163568 9.9946E-05 0.470043 0.0155514 9.9946E-05 9.9946E-05 9.9946E-05 0.258216 9.9946E-05 0.15883
0.329224 9.99459E-05 9.99459E-05 9.99459E-05 9.99459E-05 0.0905234 0.106378 0.158031 9.99459E-05 0.240229 0.075014 9.99459E-05
9.9937E-05 9.9937E-05 9.9937E-05 9.9937E-05 9.9937E-05 9.9937E-05 0.861676 0.0944632 0.0314655 0.00875615 9.9937E-05 0.00293969
0.193425 0.231331 9.99369E-05 9.99369E-05 9.99369E-05 9.99369E-05 9.99369E-05 0.0833819 9.99369E-05 0.3414 0.149763 9.99369E-05
9.99729E-05 0.517274 0.0227024 0.00591024 9.99729E-05 0.133399 0.127729 0.064676 0.0086266 0.0488686 9.99729E-05 0.070514
9.99459E-05 0.0714371 9.99459E-05 0.0190957 9.99459E-05 0.0374069 9.99459E-05 0.0173662 9.99459E-05 0.18982 9.99459E-05 0.664274
0.0342253 0.463754 0.045151 9.99369E-05 9.99369E-05 9.99369E-05 9.99369E-05 0.0148169 9.99369E-05 0.441353 9.99369E-05 9.99369E-05
9.99368E-05 9.99368E-05 9.99368E-05 9.99368E-05 9.99368E-05 0.449669 0.0143797 0.0810172 9.99368E-05 0.452043 0.00219172 9.99368E-05
9.99549E-05 0.314311 9.99549E-05 9.99549E-05 9.99549E-05 9.99549E-05 0.0590823 0.128392 0.121366 0.33809 0.0315281 0.00673076
0.189116 0.367652 9.99369E-05 9.99369E-05 0.276429 9.99369E-05 9.99369E-05 0.0288095 0.137294 9.99369E-05 9.99369E-05 9.99369E-05
9.99369E-05 0.0453466 9.99369E-05 0.0263418 9.99369E-05 9.99369E-05 9.99369E-05 0.275386 9.99369E-05 0.0345272 9.99369E-05 0.617699
0.0589539 0.0109683 0.0145118 0.046703 0.52255 9.9955E-05 9.9955E-05 0.309834 9.9955E-05 9.9955E-05 9.9955E-05 0.0359787
0.336082 9.99458E-05 9.99458E-05 9.99458E-05 0.0212028 0.356119 9.99458E-05 9.99458E-05 0.0506132 0.11322 0.122163 9.99458E-05
9.99459E-05 9.99459E-05 9.99459E-05 0.0100157 0.0334659 0.0774266 9.99459E-05 9.99459E-05 0.685919 0.0905618 9.99459E-05 0.102011
0.0273733 9.99279E-05 9.99279E-05 9.99279E-05 9.99279E-05 0.149083 9.99279E-05 9.99279E-05 9.99279E-05 0.221438 9.99279E-05 0.601306
9.99459E-05 0.000881547 9.99459E-05 9.99459E-05 9.99459E-05 0.0796242 0.216671 0.0249731 9.99459E-05 0.170583 9.99459E-05 0.506668
0.0946644 0.0489067 9.9955E-05 9.9955E-05 0.362878 9.9955E-05 0.0313284 0.203737 0.215342 0.0426445 9.9955E-05 9.9955E-05
9.9955E-05 0.24326 0.034129 0.0082648 0.0017488 9.9955E-05 9.9955E-05 9.9955E-05 0.0797032 0.584237 0.0481582 9.9955E-05
0.003177 0.516553 0.0407247 0.0141646 9.99549E-05 0.168079 9.99549E-05 9.99549E-05 9.99549E-05 0.256157 9.99549E-05 0.00064533
9.99279E-05 0.0159016 9.99279E-05 9.99279E-05 9.99279E-05 0.120815 0.439402 9.99279E-05 9.99279E-05 9.99279E-05 9.99279E-05 0.423082
9.9928E-05 0.518423 9.9928E-05 9.9928E-05 9.9928E-05 0.176141 9.9928E-05 9.9928E-05 0.139997 9.9928E-05 9.9928E-05 0.16464
9.99549E-05 0.359401 9.99549E-05 0.051382 0.316082 0.0483954 9.99549E-05 0.130738 0.063816 9.99549E-05 9.99549E-05 0.0296857
0.425209 0.139036 9.99278E-05 9.99278E-05 9.99278E-05 9.99278E-05 0.0894399 9.99278E-05 0.345515 9.99278E-05 9.99278E-05 9.99278E-05
0.0994066 0.167661 9.99369E-05 9.99369E-05 9.99369E-05 0.070756 9.99369E-05 9.99369E-05 0.562435 0.0990415 9.99369E-05 9.99369E-05
9.99369E-05 0.271367 9.99369E-05 9.99369E-05 0.363098 0.238842 9.99369E-05 9.99369E-05 0.0446533 9.99369E-05 9.99369E-05 0.0813399
0.144163 9.99369E-05 9.99369E-05 9.99369E-05 9.99369E-05 0.0750021 0.705448 9.99369E-05 9.99369E-05 0.0507538 0.0239338 9.99369E-05
0.780149 0.0187337 9.99369E-05 9.99369E-05 9.99369E-05 0.0654489 0.127967 9.99369E-05 9.99369E-05 9.99369E-05 0.00700161 9.99369E-05
9.9928E-05 9.9928E-05 9.9928E-05 9.9928E-05 9.9928E-05 0.128662 0.147761 0.025007 9.9928E-05 0.69777 9.9928E-05 9.9928E-05
0.0848494 9.99369E-05 9.99369E-05 9.99369E-05 9.99369E-05 0.185128 9.99369E-05 0.0592083 9.99369E-05 0.592773 0.0773415 9.99369E-05
0.671225 9.99369E-05 9.99369E-05 0.00889401 9.99369E-05 9.99369E-05 9.99369E-05 0.0653426 9.99369E-05 0.148422 0.105417 9.99369E-05
0.047328 9.99279E-05 9.99279E-05 9.99279E-05 9.99279E-05 0.0428435 0.882731 0.0262983 9.99279E-05 9.99279E-05 9.99279E-05 9.99279E-05
9.99459E-05 0.21657 0.0135754 9.99459E-05 9.99459E-05 0.194384 9.99459E-05 9.99459E-05 0.0625855 0.102046 9.99459E-05 0.410239
9.99459E-05 0.249538 9.99459E-05 9.99459E-05 9.99459E-05 9.99459E-05 0.244197 0.0693625 0.0161847 0.403659 9.99459E-05 0.0164594
9.9937E-05 0.247163 9.9937E-05 0.0299902 9.9937E-05 0.0478663 9.9937E-05 9.9937E-05 0.591139 9.9937E-05 9.9937E-05 0.0831415
9.99639E-05 0.441098 9.99639E-05 0.00615709 9.99639E-05 0.00726775 0.00447494 0.119762 0.264829 9.99639E-05 0.0519275 0.104083
9.99459E-05 0.0225866 9.99459E-05 9.99459E-05 9.99459E-05 9.99459E-05 0.00992837 0.141328 0.496707 0.200147 0.128702 9.99459E-05
9.99278E-05 9.99278E-05 9.99278E-05 9.99278E-05 9.99278E-05 9.99278E-05 0.297383 9.99278E-05 0.228041 0.0394003 9.99278E-05 0.434376
9.99279E-05 9.99279E-05 9.99279E-05 9.99279E-05 0.611646 9.99279E-05 0.0752396 9.99279E-05 0.232631 9.99279E-05 0.0796847 9.99279E-05
9.99639E-05 0.313012 0.0524825 9.99639E-05 9.99639E-05 0.0733241 0.140828 9.99639E-05 0.0472772 0.110409 0.182931 0.079337
0.0470126 9.99639E-05 0.0390864 0.000178602 0.112959 0.110385 9.99639E-05 0.0494802 0.540152 0.100346 9.99639E-05 9.99639E-05
9.99369E-05 9.99369E-05 9.99369E-05 9.99369E-05 0.450563 9.99369E-05 9.99369E-05 9.99369E-05 0.35499 0.0685244 0.117608 0.00761461
9.99459E-05 0.0204914 9.99459E-05 9.99459E-05 9.99459E-05 0.00977254 9.99459E-05 9.99459E-05 0.901725 0.0468507 0.00946084 0.0110996
0.0988726 9.99369E-05 9.99369E-05 9.99369E-05 9.99369E-05 9.99369E-05 9.99369E-05 0.0457545 0.718442 0.0517296 0.0845014 9.99369E-05
9.99369E-05 9.99369E-05 0.0619862 0.000174884 9.99369E-05 9.99369E-05 0.107345 9.99369E-05 0.825329 9.99369E-05 0.00446588 9.99369E-05
9.99549E-05 0.269124 9.99549E-05 0.00352644 9.99549E-05 0.0365918 0.107123 9.99549E-05 0.148928 0.290691 0.143515 9.99549E-05
9.995E-05 0.159442 0.0604499 0.0165826 9.995E-05 0.0248778 0.299077 0.077971 9.995E-05 0.3611 9.995E-05 9.995E-05
0.068492 9.998E-05 0.0388567 0.0140405 0.564763 0.016962 0.0283302 0.158834 0.0490694 0.0215414 9.998E-05 0.0389112
9.9937E-05 9.9937E-05 0.0169507 9.9937E-05 0.00629986 0.187618 9.9937E-05 9.9937E-05 0.56952 9.9937E-05 9.9937E-05 0.218912
9.996E-05 0.282603 0.0788509 0.0510211 0.0437704 0.0494736 9.996E-05 0.0602404 9.996E-05 0.211026 9.996E-05 0.222615
9.99369E-05 9.99369E-05 9.99369E-05 0.0165969 9.99369E-05 9.99369E-05 9.99369E-05 0.0463635 0.00370899 9.99369E-05 0.0711901 0.861441
9.9928E-05 9.9928E-05 9.9928E-05 9.9928E-05 9.9928E-05 9.9928E-05 0.615512 9.9928E-05 0.0564776 0.257389 9.9928E-05 0.0698223
0.00889155 9.9955E-05 0.00681403 9.9955E-05 9.9955E-05 9.9955E-05 0.0301557 0.000292274 0.0221958 0.155388 9.9955E-05 0.775762
