9.9937E-05 0.0480641 0.476611 9.9937E-05 9.9937E-05 9.9937E-05 0.0261802 9.9937E-05 9.9937E-05 9.9937E-05 0.337839 0.110606
9.99459E-05 0.0494393 0.479593 9.99459E-05 9.99459E-05 9.99459E-05 0.00528249 9.99459E-05 0.12903 0.002275 0.333781 9.99459E-05
0.00149246 0.0238339 0.221222 0.0469363 0.653517 0.0281437 0.00671533 9.99729E-05 0.003661 9.99729E-05 9.99729E-05 0.0141787
0.196018 9.99639E-05 0.267132 0.0400504 9.99639E-05 0.0455682 9.99639E-05 0.00322294 0.1118 9.99639E-05 0.283588 0.0522197
0.0997598 9.99459E-05 9.99459E-05 0.0754579 9.99459E-05 0.174062 0.18836 9.99459E-05 0.0740508 9.99459E-05 0.38771 9.99459E-05
9.996E-05 0.0250775 0.402721 0.31116 0.0894849 0.00984851 0.0481272 9.996E-05 9.996E-05 0.0496764 0.0635042 9.996E-05
0.000526929 9.99369E-05 0.412608 9.99369E-05 0.532472 9.99369E-05 9.99369E-05 0.0482031 9.99369E-05 0.00549073 9.99369E-05 9.99369E-05
9.9946E-05 0.156438 0.33641 0.173832 0.203093 9.9946E-05 9.9946E-05 9.9946E-05 9.9946E-05 0.0250227 0.104606 9.9946E-05
0.125403 0.0955949 0.37484 0.0720272 9.99549E-05 0.00311005 9.99549E-05 9.99549E-05 0.0933697 9.99549E-05 0.235156 9.99549E-05
9.99279E-05 9.99279E-05 9.99279E-05 0.35729 0.335946 9.99279E-05 9.99279E-05 0.241752 9.99279E-05 9.99279E-05 9.99279E-05 0.064212
0.0182047 0.0140709 0.17112 0.0938743 9.99639E-05 9.99639E-05 0.0343232 9.99639E-05 0.482894 9.99639E-05 0.184552 0.000561183
0.113877 0.0165804 0.00086218 0.254065 9.99459E-05 9.99459E-05 9.99459E-05 9.99459E-05 0.190908 9.99459E-05 0.423107 9.99459E-05
0.227891 9.9973E-05 0.243208 9.9973E-05 0.109261 0.0437716 0.212281 0.0193034 0.102472 0.0227118 9.9973E-05 0.0187995
9.99279E-05 0.0525622 0.437278 0.160893 0.348468 9.99279E-05 9.99279E-05 9.99279E-05 9.99279E-05 9.99279E-05 9.99279E-05 9.99279E-05
9.99189E-05 9.99189E-05 9.99189E-05 0.0758714 9.99189E-05 9.99189E-05 9.99189E-05 9.99189E-05 0.510778 9.99189E-05 0.412451 9.99189E-05
9.99549E-05 9.99549E-05 0.216465 0.020449 0.380616 0.0342764 9.99549E-05 0.283601 9.99549E-05 0.0428249 9.99549E-05 0.0212678
0.031699 9.99189E-05 0.533084 9.99189E-05 0.434317 9.99189E-05 9.99189E-05 9.99189E-05 9.99189E-05 9.99189E-05 9.99189E-05 9.99189E-05
9.99459E-05 0.00260417 0.453077 9.99459E-05 0.475112 9.99459E-05 0.00635652 9.99459E-05 0.025048 9.99459E-05 0.0372028 9.99459E-05
0.268679 0.0351062 0.221942 0.0558401 0.0815377 9.9955E-05 0.00809457 9.9955E-05 9.9955E-05 9.9955E-05 0.328301 9.9955E-05
9.99189E-05 9.99189E-05 9.99189E-05 9.99189E-05 9.99189E-05 0.106495 9.99189E-05 9.99189E-05 0.120312 9.99189E-05 9.99189E-05 0.772293
0.149735 9.991E-05 9.991E-05 9.991E-05 9.991E-05 9.991E-05 9.991E-05 9.991E-05 9.991E-05 9.991E-05 9.991E-05 0.849266
9.99188E-05 9.99188E-05 0.0819506 9.99188E-05 9.99188E-05 9.99188E-05 0.0324657 9.99188E-05 9.99188E-05 9.99188E-05 9.99188E-05 0.884684
0.334192 0.000523413 9.99279E-05 9.99279E-05 9.99279E-05 0.0438707 9.99279E-05 9.99279E-05 9.99279E-05 9.99279E-05 9.99279E-05 0.620614
0.0855587 0.0809853 9.99369E-05 9.99369E-05 9.99369E-05 9.99369E-05 9.99369E-05 9.99369E-05 0.142476 9.99369E-05 0.0103822 0.679898
9.99458E-05 0.0538 0.0823089 0.0203898 0.196073 9.99458E-05 9.99458E-05 9.99458E-05 9.99458E-05 0.204409 9.99458E-05 0.442419
9.994E-05 0.350487 9.994E-05 0.036601 9.994E-05 0.0565571 9.994E-05 9.994E-05 0.142124 9.994E-05 0.102768 0.310863
9.99369E-05 9.99369E-05 9.99369E-05 9.99369E-05 0.03033 0.0484583 9.99369E-05 0.450432 9.99369E-05 0.240458 9.99369E-05 0.229622
0.0745889 0.199182 9.9964E-05 9.9964E-05 9.9964E-05 0.210942 0.119116 0.0287891 0.105997 9.9964E-05 0.009784 0.251202
9.99369E-05 9.99369E-05 0.0780812 9.99369E-05 9.99369E-05 9.99369E-05 0.0435951 0.0118587 9.99369E-05 0.0197347 9.99369E-05 0.846031
0.133024 9.99189E-05 9.99189E-05 9.99189E-05 9.99189E-05 9.99189E-05 9.99189E-05 9.99189E-05 0.0112176 9.99189E-05 9.99189E-05 0.854859
0.132963 9.99371E-05 9.99371E-05 9.99371E-05 0.136783 9.99371E-05 9.99371E-05 0.110783 9.99371E-05 0.0639282 9.99371E-05 0.554843
9.99549E-05 0.359254 0.0256716 9.99549E-05 9.99549E-05 0.0128346 0.12707 0.058671 9.99549E-05 0.261785 9.99549E-05 0.154215
9.99278E-05 9.99278E-05 9.99278E-05 9.99278E-05 0.181764 9.99278E-05 9.99278E-05 0.182287 9.99278E-05 0.0577433 9.99278E-05 0.577406
9.99369E-05 0.023517 0.113373 9.99369E-05 0.150142 9.99369E-05 9.99369E-05 9.99369E-05 9.99369E-05 0.0837854 9.99369E-05 0.628482
0.1228 9.99279E-05 9.99279E-05 0.036057 9.99279E-05 9.99279E-05 9.99279E-05 9.99279E-05 0.00987025 9.99279E-05 9.99279E-05 0.830473
9.99279E-05 9.99279E-05 9.99279E-05 9.99279E-05 9.99279E-05 0.0663177 9.99279E-05 9.99279E-05 0.19179 9.99279E-05 0.0114043 0.729689
9.99189E-05 9.99189E-05 9.99189E-05 9.99189E-05 9.99189E-05 0.0398218 9.99189E-05 9.99189E-05 0.279028 9.99189E-05 9.99189E-05 0.680251
0.251375 9.99279E-05 9.99279E-05 9.99279E-05 9.99279E-05 0.0275725 9.99279E-05 9.99279E-05 9.99279E-05 9.99279E-05 0.050143 0.67011
9.99187E-05 9.99187E-05 0.133266 9.99187E-05 9.99187E-05 0.467854 9.99187E-05 9.99187E-05 9.99187E-05 0.397981 9.99187E-05 9.99187E-05
9.9937E-05 9.9937E-05 9.9937E-05 9.9937E-05 9.9937E-05 0.042609 0.0847674 0.0860356 9.9937E-05 0.779686 0.00620199 9.9937E-05
9.99459E-05 0.0299876 9.99459E-05 0.0233395 0.121283 9.99459E-05 9.99459E-05 0.205605 9.99459E-05 0.599381 9.99459E-05 0.0198052
0.303819 0.0548777 9.99549E-05 9.99549E-05 9.99549E-05 0.255397 0.0194434 0.0497962 9.99549E-05 0.28981 9.99549E-05 0.0263577
9.99278E-05 9.99278E-05 0.144189 9.99278E-05 9.99278E-05 0.151951 9.99278E-05 9.99278E-05 9.99278E-05 0.449892 9.99278E-05 0.25317
9.99459E-05 0.0273028 9.99459E-05 0.0609116 0.0895748 9.99459E-05 9.99459E-05 9.99459E-05 0.109527 0.676246 9.99459E-05 0.0358382
0.149116 0.56273 9.99279E-05 9.99279E-05 9.99279E-05 0.150853 9.99279E-05 9.99279E-05 9.99279E-05 9.99279E-05 0.136501 9.99279E-05
9.99369E-05 0.043145 9.99369E-05 9.99369E-05 9.99369E-05 0.481568 9.99369E-05 9.99369E-05 0.0522768 0.186977 0.235334 9.99369E-05
9.99279E-05 9.99279E-05 9.99279E-05 9.99279E-05 0.205033 9.99279E-05 9.99279E-05 0.0335333 9.99279E-05 0.598107 9.99279E-05 0.162527
9.99188E-05 9.99188E-05 0.115999 9.99188E-05 9.99188E-05 0.35554 9.99188E-05 9.99188E-05 9.99188E-05 0.527562 9.99188E-05 9.99188E-05
9.9928E-05 9.9928E-05 9.9928E-05 9.9928E-05 9.9928E-05 9.9928E-05 0.0183757 0.525024 9.9928E-05 0.439017 0.0167841 9.9928E-05
0.00892767 0.0984433 0.0364954 9.9946E-05 9.9946E-05 0.413563 9.9946E-05 9.9946E-05 9.9946E-05 0.325748 0.116223 9.9946E-05
9.99279E-05 9.99279E-05 9.99279E-05 9.99279E-05 9.99279E-05 0.149076 0.0584329 0.10265 9.99279E-05 0.689042 9.99279E-05 9.99279E-05
0.235675 9.9955E-05 9.9955E-05 0.0110254 9.9955E-05 0.190917 0.0622156 9.9955E-05 0.0103547 0.409757 9.9955E-05 0.0795565
9.99459E-05 0.241109 9.99459E-05 0.0406171 9.99459E-05 0.231617 9.99459E-05 9.99459E-05 0.318916 0.109492 9.99459E-05 0.0576494
9.99459E-05 0.11089 9.99459E-05 0.00646707 9.99459E-05 0.12324 9.99459E-05 9.99459E-05 0.290663 0.331896 0.136245 9.99459E-05
0.342642 0.133676 9.9955E-05 9.9955E-05 9.9955E-05 0.235616 9.9955E-05 0.0181797 9.9955E-05 0.146519 0.078928 0.0439396
0.404498 0.275603 9.99189E-05 9.99189E-05 9.99189E-05 9.99189E-05 9.99189E-05 9.99189E-05 9.99189E-05 9.99189E-05 9.99189E-05 0.318999
9.99368E-05 9.99368E-05 0.0914212 9.99368E-05 0.00979851 0.264852 0.0453723 9.99368E-05 9.99368E-05 0.587856 9.99368E-05 9.99368E-05
0.0437925 0.197083 9.9964E-05 9.9964E-05 9.9964E-05 0.249998 0.0307432 0.118135 0.0206183 0.298604 9.9964E-05 0.0406264
9.99369E-05 0.0301294 0.033308 9.99369E-05 9.99369E-05 9.99369E-05 0.0684923 0.0564806 9.99369E-05 0.81089 9.99369E-05 9.99369E-05
9.99279E-05 9.99279E-05 9.99279E-05 9.99279E-05 9.99279E-05 0.790297 0.0175489 9.99279E-05 9.99279E-05 0.172385 0.0189695 9.99279E-05
9.99368E-05 0.14724 0.125252 9.99368E-05 9.99368E-05 0.505515 9.99368E-05 9.99368E-05 9.99368E-05 0.18386 9.99368E-05 0.0374329
9.99369E-05 0.0969026 9.99369E-05 9.99369E-05 9.99369E-05 0.315167 9.99369E-05 9.99369E-05 0.0662879 0.360448 0.160494 9.99369E-05
9.99459E-05 0.349452 9.99459E-05 9.99459E-05 0.0332352 0.0799827 0.138494 0.122271 9.99459E-05 0.275965 9.99459E-05 9.99459E-05
0.287416 9.99369E-05 9.99369E-05 9.99369E-05 0.0333907 0.619141 9.99369E-05 9.99369E-05 9.99369E-05 0.0135776 9.99369E-05 0.0457747
9.99279E-05 0.0742417 9.99279E-05 9.99279E-05 0.506398 0.215754 9.99279E-05 9.99279E-05 9.99279E-05 0.202807 9.99279E-05 9.99279E-05
9.99549E-05 0.366565 0.106246 0.0207901 9.99549E-05 0.150465 9.99549E-05 9.99549E-05 0.222025 0.046833 9.99549E-05 0.086577
9.991E-05 9.991E-05 9.991E-05 9.991E-05 9.991E-05 0.906923 9.991E-05 9.991E-05 9.991E-05 9.991E-05 0.0920782 9.991E-05
9.9928E-05 9.9928E-05 9.9928E-05 9.9928E-05 0.0722429 0.802436 9.9928E-05 0.00530898 0.119212 9.9928E-05 9.9928E-05 9.9928E-05
9.99549E-05 0.750229 0.0542091 9.99549E-05 0.0364699 0.0850858 0.0155928 0.013127 9.99549E-05 9.99549E-05 9.99549E-05 0.0447867
9.99549E-05 0.354715 0.129851 0.0352769 9.99549E-05 0.0541507 0.0221086 9.99549E-05 9.99549E-05 0.138233 9.99549E-05 0.265166
9.993E-05 0.341598 9.993E-05 9.993E-05 9.993E-05 9.993E-05 0.00179258 0.384961 9.993E-05 0.176702 9.993E-05 0.0942467
9.99279E-05 9.99279E-05 9.99279E-05 9.99279E-05 0.416248 0.205981 9.99279E-05 0.035232 9.99279E-05 0.34174 9.99279E-05 9.99279E-05
0.160501 0.0215431 9.99369E-05 9.99369E-05 9.99369E-05 0.00710906 9.99369E-05 9.99369E-05 9.99369E-05 9.99369E-05 0.151105 0.659042
9.99277E-05 9.99277E-05 9.99277E-05 9.99277E-05 0.210194 0.381814 9.99277E-05 0.0699882 9.99277E-05 0.337205 9.99277E-05 9.99277E-05
9.99369E-05 0.358802 9.99369E-05 0.0093311 9.99369E-05 0.593474 0.0254194 9.99369E-05 0.0122746 9.99369E-05 9.99369E-05 9.99369E-05
0.114095 0.549894 9.99549E-05 0.0218915 9.99549E-05 0.0131266 9.99549E-05 9.99549E-05 0.186743 9.99549E-05 0.00208729 0.111664
9.99278E-05 9.99278E-05 9.99278E-05 9.99278E-05 0.171456 9.99278E-05 9.99278E-05 0.0497173 9.99278E-05 0.0741372 9.99278E-05 0.70389
9.9928E-05 9.9928E-05 9.9928E-05 9.9928E-05 0.262323 9.9928E-05 9.9928E-05 0.280346 9.9928E-05 0.270174 9.9928E-05 0.186358
9.99278E-05 9.99278E-05 0.0145764 9.99278E-05 0.156871 9.99278E-05 9.99278E-05 9.99278E-05 9.99278E-05 0.152436 9.99278E-05 0.675317
9.99639E-05 0.301185 0.041917 0.0119425 9.99639E-05 0.054614 0.120119 0.0267945 9.99639E-05 0.107964 9.99639E-05 0.335064
9.9946E-05 0.00896821 9.9946E-05 9.9946E-05 9.9946E-05 0.0737965 0.0488293 0.463341 9.9946E-05 0.234791 9.9946E-05 0.169675
0.27354 0.041928 9.99369E-05 9.99369E-05 9.99369E-05 0.304337 9.99369E-05 9.99369E-05 9.99369E-05 0.177588 9.99369E-05 0.201908
0.135174 9.99369E-05 9.99369E-05 9.99369E-05 9.99369E-05 0.421016 0.0102339 9.99369E-05 9.99369E-05 0.430482 9.99369E-05 0.0023947
0.284201 0.0642863 9.9946E-05 9.9946E-05 9.9946E-05 0.0491066 9.9946E-05 9.9946E-05 0.120014 0.41906 9.9946E-05 0.0627335
9.99278E-05 9.99278E-05 9.99278E-05 9.99278E-05 0.172869 0.249954 9.99278E-05 0.0734204 9.99278E-05 0.502957 9.99278E-05 9.99278E-05
9.99369E-05 9.99369E-05 9.99369E-05 9.99369E-05 9.99369E-05 0.652037 0.101159 0.0217154 9.99369E-05 0.111794 9.99369E-05 0.112595
0.083036 0.177467 9.99279E-05 9.99279E-05 0.0122272 0.726471 9.99279E-05 9.99279E-05 9.99279E-05 9.99279E-05 9.99279E-05 9.99279E-05
9.99368E-05 0.49612 0.0693579 9.99368E-05 0.189835 9.99368E-05 9.99368E-05 9.99368E-05 9.99368E-05 0.0343223 9.99368E-05 0.209665
9.99188E-05 0.211319 9.99188E-05 9.99188E-05 0.277151 9.99188E-05 9.99188E-05 9.99188E-05 9.99188E-05 0.51063 9.99188E-05 9.99188E-05
9.99189E-05 0.749923 9.99189E-05 9.99189E-05 9.99189E-05 9.99189E-05 9.99189E-05 9.99189E-05 9.99189E-05 9.99189E-05 0.0978241 0.151354
9.99188E-05 0.393831 9.99188E-05 9.99188E-05 0.265084 9.99188E-05 9.99188E-05 9.99188E-05 9.99188E-05 0.340186 9.99188E-05 9.99188E-05
9.99188E-05 0.470142 9.99188E-05 9.99188E-05 0.278057 9.99188E-05 9.99188E-05 9.99188E-05 9.99188E-05 0.250902 9.99188E-05 9.99188E-05
9.99189E-05 0.720287 9.99189E-05 9.99189E-05 9.99189E-05 0.0709781 9.99189E-05 9.99189E-05 9.99189E-05 9.99189E-05 0.207836 9.99189E-05
9.99369E-05 0.321242 0.100115 9.99369E-05 0.0957971 0.176597 9.99369E-05 9.99369E-05 9.99369E-05 0.30555 9.99369E-05 9.99369E-05
9.99279E-05 0.615868 0.103935 9.99279E-05 0.0213364 9.99279E-05 9.99279E-05 9.99279E-05 9.99279E-05 0.258062 9.99279E-05 9.99279E-05
9.99279E-05 9.99279E-05 9.99279E-05 9.99279E-05 0.0280954 9.99279E-05 0.580101 0.341819 9.99279E-05 0.049185 9.99279E-05 9.99279E-05
0.0187452 9.9955E-05 9.9955E-05 9.9955E-05 0.0579919 9.9955E-05 0.617234 0.128023 9.9955E-05 0.156242 0.00318018 0.0180832
0.183896 9.99189E-05 9.99189E-05 9.99189E-05 9.99189E-05 9.99189E-05 0.771347 9.99189E-05 9.99189E-05 0.0438577 9.99189E-05 9.99189E-05
9.9928E-05 0.139974 9.9928E-05 9.9928E-05 0.00149378 9.9928E-05 0.489294 9.9928E-05 9.9928E-05 9.9928E-05 0.368439 9.9928E-05
9.99369E-05 0.0234735 9.99369E-05 0.000322336 0.0764634 9.99369E-05 0.576693 0.322349 9.99369E-05 9.99369E-05 9.99369E-05 9.99369E-05
0.0564461 0.1483 0.521408 9.99459E-05 9.99459E-05 9.99459E-05 0.153597 9.99459E-05 0.0029253 9.99459E-05 0.116723 9.99459E-05
9.99098E-05 9.99098E-05 9.99098E-05 9.99098E-05 0.600657 9.99098E-05 0.398344 9.99098E-05 9.99098E-05 9.99098E-05 9.99098E-05 9.99098E-05
9.99369E-05 0.00598809 9.99369E-05 9.99369E-05 0.00652188 9.99369E-05 0.703992 0.2578 9.99369E-05 0.0249987 9.99369E-05 9.99369E-05
9.99639E-05 0.058664 0.124595 0.0506368 0.0640024 9.99639E-05 0.664656 0.00536315 9.99639E-05 0.0105911 9.99639E-05 0.0210917
0.0198401 9.99459E-05 9.99459E-05 9.99459E-05 9.99459E-05 0.148937 0.552751 9.99459E-05 0.214446 9.99459E-05 0.0532895 0.0101367
9.99279E-05 9.99279E-05 9.99279E-05 0.0813033 9.99279E-05 9.99279E-05 0.260484 0.604234 9.99279E-05 0.0531791 9.99279E-05 9.99279E-05
9.99369E-05 9.99369E-05 9.99369E-05 0.0212336 0.0604623 0.0276772 0.432179 9.99369E-05 0.457748 9.99369E-05 9.99369E-05 9.99369E-05
9.99369E-05 9.99369E-05 0.0475046 9.99369E-05 0.113716 9.99369E-05 0.69007 0.111389 9.99369E-05 0.0366208 9.99369E-05 9.99369E-05
9.99369E-05 0.0743581 0.300771 9.99369E-05 9.99369E-05 0.013131 0.496944 9.99369E-05 0.114096 9.99369E-05 9.99369E-05 9.99369E-05
9.99369E-05 9.99369E-05 0.140954 0.0651139 9.99369E-05 9.99369E-05 0.636669 0.0817957 9.99369E-05 9.99369E-05 9.99369E-05 0.0747673
9.99369E-05 9.99369E-05 0.343471 9.99369E-05 0.327567 9.99369E-05 0.260774 0.0235162 9.99369E-05 9.99369E-05 9.99369E-05 0.0439731
0.099989 0.0850103 9.99458E-05 9.99458E-05 9.99458E-05 0.0336243 0.409521 9.99458E-05 0.109308 9.99458E-05 0.261947 9.99458E-05
0.578424 0.0336441 9.99278E-05 9.99278E-05 0.0339555 9.99278E-05 0.353177 9.99278E-05 9.99278E-05 9.99278E-05 9.99278E-05 9.99278E-05
9.99459E-05 9.99459E-05 0.0773812 0.0764388 0.0103606 9.99459E-05 0.596764 9.99459E-05 9.99459E-05 0.145703 9.99459E-05 0.0927526
9.99279E-05 9.99279E-05 0.0265156 9.99279E-05 0.310118 9.99279E-05 0.63849 9.99279E-05 9.99279E-05 0.0240769 9.99279E-05 9.99279E-05
9.99459E-05 9.99459E-05 0.00124595 0.058263 9.99459E-05 0.0564921 0.733348 9.99459E-05 0.0973917 9.99459E-05 9.99459E-05 0.05266
0.331034 9.99099E-05 9.99099E-05 9.99099E-05 9.99099E-05 9.99099E-05 0.667967 9.99099E-05 9.99099E-05 9.99099E-05 9.99099E-05 9.99099E-05
0.0204821 9.9964E-05 0.381948 0.0220504 9.9964E-05 0.184615 0.0281379 9.9964E-05 0.0915857 9.9964E-05 0.266841 0.00394086
9.99098E-05 9.99098E-05 9.99098E-05 0.67544 0.323561 9.99098E-05 9.99098E-05 9.99098E-05 9.99098E-05 9.99098E-05 9.99098E-05 9.99098E-05
0.573537 0.0453873 0.228903 9.99459E-05 9.99459E-05 0.00304459 9.99459E-05 0.0478567 9.99459E-05 9.99459E-05 0.100672 9.99459E-05
9.99369E-05 9.99369E-05 0.748387 0.00788099 9.99369E-05 9.99369E-05 9.99369E-05 0.185612 9.99369E-05 0.0167161 9.99369E-05 0.0407039
9.99188E-05 9.99188E-05 9.99188E-05 0.45159 0.0230972 9.99188E-05 9.99188E-05 0.524413 9.99188E-05 9.99188E-05 9.99188E-05 9.99188E-05
0.206176 9.99278E-05 0.238473 9.99278E-05 9.99278E-05 9.99278E-05 9.99278E-05 9.99278E-05 0.450932 9.99278E-05 0.10362 9.99278E-05
9.99279E-05 9.99279E-05 9.99279E-05 0.697651 9.99279E-05 9.99279E-05 9.99279E-05 0.0386467 0.251345 9.99279E-05 9.99279E-05 0.0115572
0.0354437 0.0910249 0.656592 0.00249416 0.0792685 0.0997779 0.0348991 9.99549E-05 9.99549E-05 9.99549E-05 9.99549E-05 9.99549E-05
0.269851 9.99099E-05 9.99099E-05 0.72915 9.99099E-05 9.99099E-05 9.99099E-05 9.99099E-05 9.99099E-05 9.99099E-05 9.99099E-05 9.99099E-05
0.0302807 9.99369E-05 0.0372232 0.221811 0.510395 9.99369E-05 9.99369E-05 0.199591 9.99369E-05 9.99369E-05 9.99369E-05 9.99369E-05
0.0802248 9.99549E-05 0.111486 0.187199 9.99549E-05 0.0970572 0.0211806 9.99549E-05 0.339588 9.99549E-05 0.162765 9.99549E-05
0.417317 0.0121946 9.99189E-05 0.569589 9.99189E-05 9.99189E-05 9.99189E-05 9.99189E-05 9.99189E-05 9.99189E-05 9.99189E-05 9.99189E-05
9.99189E-05 9.99189E-05 9.99189E-05 0.367223 0.177756 9.99189E-05 9.99189E-05 0.454121 9.99189E-05 9.99189E-05 9.99189E-05 9.99189E-05
0.0933052 9.99279E-05 0.120405 9.99279E-05 9.99279E-05 9.99279E-05 9.99279E-05 9.99279E-05 0.298529 9.99279E-05 0.486961 9.99279E-05
0.2569 9.99368E-05 9.99368E-05 0.567562 9.99368E-05 0.0387521 9.99368E-05 9.99368E-05 0.00696116 9.99368E-05 0.129125 9.99368E-05
0.387019 9.99368E-05 0.284244 9.99368E-05 0.0420949 9.99368E-05 9.99368E-05 9.99368E-05 0.276578 9.99368E-05 0.00936476 9.99368E-05
9.99189E-05 9.99189E-05 9.99189E-05 0.43294 0.0433997 9.99189E-05 9.99189E-05 0.522761 9.99189E-05 9.99189E-05 9.99189E-05 9.99189E-05
0.405165 0.00301896 0.0371234 0.347137 9.99458E-05 9.99458E-05 9.99458E-05 9.99458E-05 0.093672 9.99458E-05 0.113284 9.99458E-05
9.99369E-05 9.99369E-05 0.226859 9.99369E-05 9.99369E-05 0.0670179 0.0537156 9.99369E-05 0.315475 9.99369E-05 0.336233 9.99369E-05
9.99369E-05 0.117684 0.634612 0.0958899 0.150666 9.99369E-05 9.99369E-05 9.99369E-05 0.000448648 9.99369E-05 9.99369E-05 9.99369E-05
0.375471 9.99641E-05 0.188758 9.99641E-05 0.0280666 0.0551354 0.0957441 0.118019 9.99641E-05 9.99641E-05 0.0813148 0.0570911
0.4317 9.9955E-05 0.358103 0.0828138 9.9955E-05 0.0256839 9.9955E-05 0.0177947 0.0198188 9.9955E-05 9.9955E-05 0.0635865
9.99278E-05 9.99278E-05 0.0450462 0.428718 0.11174 9.99278E-05 9.99278E-05 0.413696 9.99278E-05 9.99278E-05 9.99278E-05 9.99278E-05
9.996E-05 0.0317329 0.20305 0.151334 0.119122 9.996E-05 9.996E-05 9.996E-05 0.257174 0.0622345 0.140733 0.0342194
9.99188E-05 0.102289 0.293141 0.60367 9.99188E-05 9.99188E-05 9.99188E-05 9.99188E-05 9.99188E-05 9.99188E-05 9.99188E-05 9.99188E-05
9.99549E-05 0.0180556 0.325159 0.0938731 9.99549E-05 9.99549E-05 0.164945 0.268656 9.99549E-05 0.083243 9.99549E-05 0.0455676
0.219913 0.0400731 0.0867907 0.202457 9.99729E-05 0.00912162 0.108321 9.99729E-05 0.230739 0.026797 0.0754874 9.99729E-05
9.9946E-05 9.9946E-05 0.0879223 0.306406 9.9946E-05 0.154952 0.386827 0.0454892 9.9946E-05 9.9946E-05 9.9946E-05 0.0178039
0.0385592 0.0329357 9.9955E-05 9.9955E-05 0.0768455 0.0172408 9.9955E-05 0.783854 9.9955E-05 9.9955E-05 0.0160851 0.0339797
9.99639E-05 0.0565475 0.286925 0.269376 0.135357 9.99639E-05 0.137617 0.0828215 9.99639E-05 0.000463974 9.99639E-05 0.0304925
9.99639E-05 9.99639E-05 0.303113 0.0658231 0.241452 9.99639E-05 0.0824857 0.206163 0.0243078 0.0438127 9.99639E-05 0.0324424
9.99459E-05 9.99459E-05 0.0683343 0.136273 9.99459E-05 0.0742563 9.99459E-05 0.186734 0.494073 9.99459E-05 9.99459E-05 0.0397293
9.99188E-05 9.99188E-05 0.330774 9.99188E-05 0.152933 9.99188E-05 9.99188E-05 0.515393 9.99188E-05 9.99188E-05 9.99188E-05 9.99188E-05
0.375236 9.99278E-05 0.247461 9.99278E-05 9.99278E-05 9.99278E-05 9.99278E-05 9.99278E-05 0.303283 9.99278E-05 0.0732212 9.99278E-05
9.99278E-05 9.99278E-05 0.430906 0.0530743 0.0219171 9.99278E-05 9.99278E-05 0.493303 9.99278E-05 9.99278E-05 9.99278E-05 9.99278E-05
0.379603 0.0075632 0.0226517 0.359217 9.9955E-05 0.000266961 0.0585798 0.171619 9.9955E-05 9.9955E-05 9.9955E-05 9.9955E-05
0.494982 9.99639E-05 0.0256207 0.168072 0.00937674 0.0179919 0.140599 9.99639E-05 0.100567 9.99639E-05 0.0423901 9.99639E-05
9.9946E-05 9.9946E-05 0.382345 0.207074 9.9946E-05 0.0868864 0.21925 9.9946E-05 9.9946E-05 0.0429956 9.9946E-05 0.060849
9.99549E-05 0.00231038 0.614527 0.0258836 0.0618611 0.101077 0.148821 9.99549E-05 9.99549E-05 9.99549E-05 0.04502 9.99549E-05
9.99459E-05 9.99459E-05 0.39885 0.178816 9.99459E-05 0.0462544 0.23117 0.0513817 9.99459E-05 9.99459E-05 9.99459E-05 0.0929284
0.436314 9.99369E-05 0.25865 9.99369E-05 9.99369E-05 9.99369E-05 0.164394 0.0999328 0.040009 9.99369E-05 9.99369E-05 9.99369E-05
9.9937E-05 9.9937E-05 0.135539 9.9937E-05 0.0429206 9.9937E-05 0.0697078 0.7156 9.9937E-05 9.9937E-05 0.0355325 9.9937E-05
9.99279E-05 9.99279E-05 9.99279E-05 0.272433 0.012319 9.99279E-05 0.0235912 0.690858 9.99279E-05 9.99279E-05 9.99279E-05 9.99279E-05
9.99279E-05 9.99279E-05 0.235117 0.22514 0.491967 9.99279E-05 9.99279E-05 9.99279E-05 9.99279E-05 0.0469768 9.99279E-05 9.99279E-05
9.99279E-05 9.99279E-05 0.126731 0.162672 9.99279E-05 9.99279E-05 9.99279E-05 0.580372 9.99279E-05 0.129426 9.99279E-05 9.99279E-05
9.9928E-05 9.9928E-05 9.9928E-05 9.9928E-05 9.9928E-05 9.9928E-05 0.0184422 0.837861 0.0766033 9.9928E-05 0.0662944 9.9928E-05
9.99459E-05 9.99459E-05 0.0130892 0.3432 0.498931 9.99459E-05 0.0149136 9.99459E-05 9.99459E-05 0.128395 0.000870939 9.99459E-05
9.99459E-05 0.0147196 0.529286 0.0531924 0.211975 9.99459E-05 9.99459E-05 0.159264 0.0309641 9.99459E-05 9.99459E-05 9.99459E-05
9.9946E-05 0.0456547 9.9946E-05 0.0201431 9.9946E-05 0.0127708 9.9946E-05 0.0490187 9.9946E-05 9.9946E-05 0.810621 0.0611921
0.130758 0.000489704 0.0630252 9.99549E-05 0.0649953 9.99549E-05 9.99549E-05 9.99549E-05 0.119568 9.99549E-05 0.582775 0.0378891
9.99369E-05 0.1166 0.330663 9.99369E-05 0.398235 9.99369E-05 9.99369E-05 9.99369E-05 0.0157857 9.99369E-05 0.138017 9.99369E-05
0.0256223 9.99368E-05 0.0295481 9.99368E-05 0.0886853 9.99368E-05 9.99368E-05 9.99368E-05 0.414744 9.99368E-05 0.440701 9.99368E-05
0.0277134 0.0107554 9.99459E-05 9.99459E-05 9.99459E-05 9.99459E-05 0.00321945 0.0449365 0.0958609 9.99459E-05 0.816915 9.99459E-05
0.496882 9.99369E-05 0.0141857 9.99369E-05 0.0990469 9.99369E-05 9.99369E-05 9.99369E-05 9.99369E-05 9.99369E-05 0.305991 0.0831946
0.254629 0.0286609 0.037799 9.99459E-05 0.0704155 9.99459E-05 9.99459E-05 9.99459E-05 0.0743293 9.99459E-05 0.533567 9.99459E-05
9.9946E-05 0.0315743 0.148366 9.9946E-05 0.682745 9.9946E-05 9.9946E-05 9.9946E-05 0.0107185 9.9946E-05 0.102351 0.0236447
9.9919E-05 9.9919E-05 9.9919E-05 0.15431 0.442526 9.9919E-05 9.9919E-05 0.402265 9.9919E-05 9.9919E-05 9.9919E-05 9.9919E-05
9.99369E-05 0.178252 0.287713 9.99369E-05 0.0389381 9.99369E-05 0.0668752 9.99369E-05 9.99369E-05 9.99369E-05 0.427522 9.99369E-05
9.9928E-05 0.014343 9.9928E-05 9.9928E-05 0.885729 9.9928E-05 0.0491334 9.9928E-05 9.9928E-05 9.9928E-05 0.0499957 9.9928E-05
9.9928E-05 0.2807 0.243044 9.9928E-05 0.471924 9.9928E-05 9.9928E-05 9.9928E-05 0.00353227 9.9928E-05 9.9928E-05 9.9928E-05
9.99369E-05 0.106256 0.365139 9.99369E-05 0.208716 9.99369E-05 9.99369E-05 9.99369E-05 0.0352414 9.99369E-05 0.283949 9.99369E-05
9.99279E-05 9.99279E-05 0.211654 0.093941 0.645763 9.99279E-05 9.99279E-05 0.0478431 9.99279E-05 9.99279E-05 9.99279E-05 9.99279E-05
9.99459E-05 9.99459E-05 0.136837 9.99459E-05 0.454259 9.99459E-05 0.0610239 0.0221243 9.99459E-05 0.0433439 0.281813 9.99459E-05
9.99549E-05 0.011511 0.13346 0.282158 9.99549E-05 9.99549E-05 9.99549E-05 9.99549E-05 0.0559261 0.0892739 0.347689 0.0794828
9.99549E-05 0.0551909 0.262887 9.99549E-05 0.451054 0.0499415 9.99549E-05 9.99549E-05 0.105492 9.99549E-05 0.0685238 0.00641138
9.99459E-05 0.0221983 0.114987 9.99459E-05 0.376974 9.99459E-05 0.151763 9.99459E-05 9.99459E-05 0.00620973 0.327268 9.99459E-05
0.0026208 9.99279E-05 0.0593335 9.99279E-05 9.99279E-05 9.99279E-05 9.99279E-05 9.99279E-05 0.553915 9.99279E-05 0.383331 9.99279E-05
9.9964E-05 0.0790829 0.342676 9.9964E-05 0.0188536 9.9964E-05 0.0253511 0.00513907 0.0354359 0.00845626 0.484606 9.9964E-05
0.00271285 9.9955E-05 0.0105197 9.9955E-05 0.750269 0.039273 9.9955E-05 0.127334 0.0286425 9.9955E-05 0.0407491 9.9955E-05
0.0228502 0.0335629 0.439941 9.99459E-05 0.476655 9.99459E-05 0.0223799 9.99459E-05 9.99459E-05 0.00401125 9.99459E-05 9.99459E-05
9.99279E-05 9.99279E-05 0.00718547 0.133981 0.589112 9.99279E-05 9.99279E-05 0.268922 9.99279E-05 9.99279E-05 9.99279E-05 9.99279E-05
0.00714101 9.99279E-05 0.298015 9.99279E-05 9.99279E-05 9.99279E-05 9.99279E-05 9.99279E-05 0.13349 9.99279E-05 0.560554 9.99279E-05
9.9937E-05 0.161477 0.539369 0.0263732 9.9937E-05 9.9937E-05 9.9937E-05 9.9937E-05 0.0195286 9.9937E-05 0.252552 9.9937E-05
9.99369E-05 9.99369E-05 0.0857495 0.105859 0.67184 9.99369E-05 9.99369E-05 0.109515 9.99369E-05 0.026336 9.99369E-05 9.99369E-05
0.0715256 9.9946E-05 9.9946E-05 0.285685 9.9946E-05 0.0855968 0.0312093 9.9946E-05 0.0923662 9.9946E-05 0.433017 9.9946E-05
9.99189E-05 9.99189E-05 9.99189E-05 0.425067 9.99189E-05 9.99189E-05 9.99189E-05 9.99189E-05 0.522705 9.99189E-05 0.0513286 9.99189E-05
9.99549E-05 0.0737298 0.272114 0.0150395 0.197727 9.99549E-05 9.99549E-05 0.29996 9.99549E-05 0.100726 9.99549E-05 0.0402034
9.99549E-05 9.99549E-05 0.0247548 0.60763 0.0269699 9.99549E-05 0.122242 0.161851 9.99549E-05 0.0228204 9.99549E-05 0.0332317
9.9946E-05 0.061235 9.9946E-05 0.184409 0.0410041 9.9946E-05 9.9946E-05 9.9946E-05 0.432003 9.9946E-05 0.234792 0.0459575
0.152202 0.0536571 9.99279E-05 0.40413 9.99279E-05 9.99279E-05 9.99279E-05 9.99279E-05 9.99279E-05 9.99279E-05 0.389211 9.99279E-05
0.128575 0.125047 9.99369E-05 0.268954 9.99369E-05 9.99369E-05 9.99369E-05 9.99369E-05 0.164766 9.99369E-05 0.311958 9.99369E-05
9.9919E-05 9.9919E-05 9.9919E-05 0.251341 9.9919E-05 9.9919E-05 9.9919E-05 0.737302 9.9919E-05 9.9919E-05 9.9919E-05 0.010458
9.99369E-05 0.0568542 0.222105 0.372665 0.32641 9.99369E-05 9.99369E-05 9.99369E-05 9.99369E-05 0.0212666 9.99369E-05 9.99369E-05
9.99549E-05 0.0457455 0.170114 0.191503 9.99549E-05 0.0373894 0.354604 9.99549E-05 0.151172 9.99549E-05 0.0489722 9.99549E-05
9.99279E-05 9.99279E-05 9.99279E-05 0.332502 9.99279E-05 9.99279E-05 0.00753848 9.99279E-05 0.349478 9.99279E-05 0.309682 9.99279E-05
9.99459E-05 9.99459E-05 0.123176 0.194932 0.0423431 9.99459E-05 0.0766845 0.51248 9.99459E-05 0.0497851 9.99459E-05 9.99459E-05
9.9946E-05 0.0169382 0.520686 0.188128 0.161525 9.9946E-05 9.9946E-05 9.9946E-05 9.9946E-05 9.9946E-05 0.0632694 0.048854
9.99369E-05 0.0837845 0.25735 0.263479 0.348308 9.99369E-05 9.99369E-05 9.99369E-05 9.99369E-05 9.99369E-05 0.0463785 9.99369E-05
9.99459E-05 9.99459E-05 0.240954 0.353739 9.99459E-05 0.0563722 0.310024 9.99459E-05 0.014443 9.99459E-05 9.99459E-05 0.023867
9.99279E-05 9.99279E-05 0.453202 9.99279E-05 0.34652 9.99279E-05 0.161157 9.99279E-05 9.99279E-05 0.0383212 9.99279E-05 9.99279E-05
9.99549E-05 0.0200337 0.280152 9.99549E-05 0.0731902 0.0643989 0.0476375 9.99549E-05 0.211402 9.99549E-05 0.302686 9.99549E-05
9.995E-05 0.0833009 0.534895 0.187218 9.995E-05 0.0053805 0.00665293 9.995E-05 0.136527 9.995E-05 0.0455256 9.995E-05
0.176039 9.9946E-05 9.9946E-05 0.279378 9.9946E-05 0.0158609 9.9946E-05 9.9946E-05 0.309193 9.9946E-05 0.202191 0.0167377
9.99368E-05 9.99368E-05 0.0102337 0.417449 0.396579 9.99368E-05 9.99368E-05 9.99368E-05 9.99368E-05 0.157752 9.99368E-05 0.0172867
9.99369E-05 0.0141944 9.99369E-05 0.282947 9.99369E-05 9.99369E-05 9.99369E-05 9.99369E-05 0.169556 0.03857 0.494032 9.99369E-05
0.400902 9.99549E-05 0.0751708 0.198711 0.00859108 9.99549E-05 9.99549E-05 9.99549E-05 0.00972779 0.00731762 0.299079 9.99549E-05
9.99189E-05 9.99189E-05 9.99189E-05 0.224862 0.641366 9.99189E-05 9.99189E-05 0.132873 9.99189E-05 9.99189E-05 9.99189E-05 9.99189E-05
9.99369E-05 0.0701096 0.353725 9.99369E-05 0.305545 9.99369E-05 9.99369E-05 9.99369E-05 0.203522 9.99369E-05 0.0663988 9.99369E-05
9.99459E-05 0.00730292 0.227882 0.155702 0.495695 9.99459E-05 9.99459E-05 9.99459E-05 9.99459E-05 0.073695 0.0391233 9.99459E-05
9.9955E-05 0.0427852 9.9955E-05 0.0607222 9.9955E-05 0.0321044 9.9955E-05 0.00676222 0.0663215 9.9955E-05 0.743928 0.0468764
0.312322 0.0510133 9.9982E-05 0.00214576 0.033031 0.0354424 0.00477798 0.0179061 9.9982E-05 0.174123 0.298344 0.0706943
9.99459E-05 0.0431314 0.167006 0.0626238 9.99459E-05 0.0928299 9.99459E-05 9.99459E-05 0.0455737 9.99459E-05 0.588236 9.99459E-05
9.99279E-05 9.99279E-05 9.99279E-05 0.2179 0.716955 9.99279E-05 9.99279E-05 0.0587662 9.99279E-05 9.99279E-05 9.99279E-05 0.00557967
0.0201945 0.0752438 0.222119 0.0109662 0.0276497 0.0246069 9.9955E-05 9.9955E-05 9.9955E-05 9.9955E-05 0.61872 9.9955E-05
9.9964E-05 0.00821942 9.9964E-05 0.0827506 0.0314549 0.043212 0.0680209 9.9964E-05 0.00100041 9.9964E-05 0.729837 0.0351052
9.9955E-05 9.9955E-05 9.9955E-05 0.0331772 0.000411705 0.0259176 0.0611713 0.0234032 0.206402 9.9955E-05 0.649017 9.9955E-05
9.9937E-05 9.9937E-05 0.0046348 9.9937E-05 0.838993 9.9937E-05 0.122331 0.0152426 0.0180995 9.9937E-05 9.9937E-05 9.9937E-05
9.99549E-05 0.0336365 0.296516 0.0924306 0.282824 9.99549E-05 9.99549E-05 9.99549E-05 0.021922 0.0249608 0.24721 9.99549E-05
0.0715242 0.0171903 9.9955E-05 9.9955E-05 0.0869036 9.9955E-05 9.9955E-05 0.0235886 0.436152 9.9955E-05 0.326128 0.0380128
0.0150878 9.9964E-05 0.0156093 0.204667 0.39143 9.9964E-05 0.0216091 0.0868997 9.9964E-05 0.0794166 0.184881 9.9964E-05
9.9937E-05 9.9937E-05 9.9937E-05 0.00139279 9.9937E-05 0.0589043 9.9937E-05 0.0450891 9.9937E-05 9.9937E-05 0.842869 0.0510453
0.435382 9.9946E-05 0.275125 9.9946E-05 0.0542719 9.9946E-05 9.9946E-05 0.160924 9.9946E-05 0.0330783 0.0406192 9.9946E-05
9.99369E-05 0.106957 9.99369E-05 0.133834 0.280038 9.99369E-05 0.081567 9.99369E-05 9.99369E-05 9.99369E-05 0.396904 9.99369E-05
9.9919E-05 9.9919E-05 9.9919E-05 0.0841153 0.752522 9.9919E-05 9.9919E-05 0.162464 9.9919E-05 9.9919E-05 9.9919E-05 9.9919E-05
9.99369E-05 0.182872 0.440049 0.103043 0.089069 9.99369E-05 9.99369E-05 9.99369E-05 9.99369E-05 9.99369E-05 0.184268 9.99369E-05
9.99639E-05 9.99639E-05 0.427206 0.104709 0.0294501 0.0277674 0.169887 0.161681 9.99639E-05 0.0239753 9.99639E-05 0.0549244
9.9946E-05 9.9946E-05 0.222016 0.0140907 9.9946E-05 9.9946E-05 0.0756402 0.651268 9.9946E-05 0.0279621 9.9946E-05 0.00842303
9.99549E-05 9.99549E-05 0.721811 0.0420218 0.128984 0.0256899 0.00386937 9.99549E-05 9.99549E-05 0.0438707 0.0332537 9.99549E-05
9.99278E-05 0.0543691 9.99278E-05 0.0545295 0.410261 9.99278E-05 0.480041 9.99278E-05 9.99278E-05 9.99278E-05 9.99278E-05 9.99278E-05
9.99459E-05 0.0344234 0.431711 0.16994 0.227494 9.99459E-05 9.99459E-05 0.0103268 0.125505 9.99459E-05 9.99459E-05 9.99459E-05
0.283192 9.99369E-05 0.316786 0.0746069 9.99369E-05 9.99369E-05 9.99369E-05 9.99369E-05 0.207449 9.99369E-05 0.117267 9.99369E-05
9.99459E-05 9.99459E-05 0.0558728 0.279481 9.99459E-05 9.99459E-05 0.00560084 0.630752 9.99459E-05 0.00480658 9.99459E-05 0.0228868
0.502596 9.9946E-05 9.9946E-05 0.320312 9.9946E-05 0.0680167 9.9946E-05 0.0313153 9.9946E-05 9.9946E-05 0.0589542 0.0182062
0.0420917 0.157479 0.0814463 9.99458E-05 9.99458E-05 9.99458E-05 0.347604 9.99458E-05 0.0690127 9.99458E-05 0.301766 9.99458E-05
0.0312325 9.99459E-05 0.0759641 9.99459E-05 9.99459E-05 0.0120527 0.0969799 0.104329 0.678842 9.99459E-05 9.99459E-05 9.99459E-05
9.99369E-05 9.99369E-05 0.198344 9.99369E-05 9.99369E-05 9.99369E-05 0.159846 0.598698 9.99369E-05 0.0131855 0.029227 9.99369E-05
9.99459E-05 9.99459E-05 0.0785395 0.00345053 0.275889 9.99459E-05 0.0957218 0.545005 9.99459E-05 0.000794374 9.99459E-05 9.99459E-05
0.338029 9.9937E-05 9.9937E-05 0.216472 0.0635872 9.9937E-05 9.9937E-05 9.9937E-05 0.262185 9.9937E-05 0.119027 9.9937E-05
9.99369E-05 0.0431751 0.603181 9.99369E-05 0.191548 9.99369E-05 9.99369E-05 9.99369E-05 0.0862985 0.0750976 9.99369E-05 9.99369E-05
9.99549E-05 9.99549E-05 0.580319 0.0376221 9.99549E-05 9.99549E-05 0.222615 0.0160649 9.99549E-05 0.0779973 0.0197132 0.0451681
9.99189E-05 9.99189E-05 9.99189E-05 9.99189E-05 0.309536 9.99189E-05 0.117752 0.571812 9.99189E-05 9.99189E-05 9.99189E-05 9.99189E-05
9.9955E-05 9.9955E-05 0.331444 0.0964062 9.9955E-05 0.0108997 0.265542 0.145463 0.111785 9.9955E-05 9.9955E-05 0.0379604
0.294154 9.99549E-05 0.246333 0.186617 9.99549E-05 9.99549E-05 0.0602687 0.048006 0.0897596 9.99549E-05 9.99549E-05 0.0743613
9.99459E-05 0.0204097 0.100927 0.0206672 9.99459E-05 0.00880765 9.99459E-05 9.99459E-05 0.46199 9.99459E-05 0.386599 9.99459E-05
9.99369E-05 9.99369E-05 0.279246 9.99369E-05 9.99369E-05 0.0467855 0.0655688 9.99369E-05 0.533432 9.99369E-05 0.0742679 9.99369E-05
0.348297 9.99459E-05 0.228951 9.99459E-05 9.99459E-05 0.0220139 0.25726 0.0970705 0.0458082 9.99459E-05 9.99459E-05 9.99459E-05
9.99279E-05 0.0325744 9.99279E-05 9.99279E-05 0.806788 9.99279E-05 0.0460103 9.99279E-05 9.99279E-05 9.99279E-05 0.113828 9.99279E-05
9.99459E-05 0.0398004 9.99459E-05 9.99459E-05 0.0578616 9.99459E-05 0.0798995 9.99459E-05 0.0172125 9.99459E-05 0.799987 0.00463948
0.0114921 0.0044479 0.0560614 9.9946E-05 0.71604 9.9946E-05 0.115102 9.9946E-05 9.9946E-05 9.9946E-05 0.0962568 9.9946E-05
9.994E-05 0.103813 0.278796 0.0145151 0.309212 9.994E-05 0.173871 9.994E-05 9.994E-05 9.994E-05 0.119193 9.994E-05
9.99369E-05 0.13992 0.130768 0.0541639 9.99369E-05 9.99369E-05 9.99369E-05 9.99369E-05 9.99369E-05 9.99369E-05 0.673791 0.000658394
9.9928E-05 9.9928E-05 9.9928E-05 9.9928E-05 0.823482 9.9928E-05 9.9928E-05 0.130588 9.9928E-05 9.9928E-05 0.0271706 0.0179595
9.99368E-05 9.99368E-05 0.223571 9.99368E-05 9.99368E-05 9.99368E-05 0.254185 0.366786 0.0737923 0.0809658 9.99368E-05 9.99368E-05
9.99459E-05 9.99459E-05 0.412313 0.0853086 0.435797 9.99459E-05 9.99459E-05 0.0464108 0.00312545 9.99459E-05 9.99459E-05 0.016445
9.995E-05 9.995E-05 0.0287789 0.0693475 9.995E-05 0.000736088 0.107968 0.107752 0.632854 9.995E-05 9.995E-05 0.0520628
9.99549E-05 0.0122329 0.284781 0.199452 9.99549E-05 9.99549E-05 0.0739342 0.108881 0.27244 9.99549E-05 9.99549E-05 0.0477785
9.99369E-05 0.160082 0.125331 0.12659 0.116253 9.99369E-05 9.99369E-05 9.99369E-05 0.471045 9.99369E-05 9.99369E-05 9.99369E-05
9.99279E-05 9.99279E-05 9.99279E-05 9.99279E-05 0.258484 9.99279E-05 9.99279E-05 0.51061 0.228016 0.00209005 9.99279E-05 9.99279E-05
0.596965 0.0722936 0.0313813 9.99369E-05 0.0466713 9.99369E-05 9.99369E-05 9.99369E-05 0.251989 9.99369E-05 9.99369E-05 9.99369E-05
9.99639E-05 0.17876 0.353807 9.99639E-05 0.0815888 9.99639E-05 0.101618 0.128227 0.0489265 0.0944577 9.99639E-05 0.0122162
0.0935671 0.00768741 0.00344514 0.0447418 0.0367492 9.99729E-05 0.111808 9.99729E-05 0.598761 0.0529418 0.049998 9.99729E-05
0.452962 0.139295 0.00606398 9.99549E-05 0.0112626 9.99549E-05 9.99549E-05 0.0198604 0.346665 9.99549E-05 0.0233906 9.99549E-05
9.99369E-05 0.00999029 0.0389128 9.99369E-05 9.99369E-05 9.99369E-05 0.0234683 0.0253183 0.901611 9.99369E-05 9.99369E-05 9.99369E-05
9.99369E-05 0.115458 0.0412595 0.0287892 9.99369E-05 9.99369E-05 9.99369E-05 9.99369E-05 0.748102 9.99369E-05 0.0656924 9.99369E-05
9.99369E-05 9.99369E-05 9.99369E-05 9.99369E-05 0.0328151 0.0258706 9.99369E-05 0.0299159 0.851298 0.0594011 9.99369E-05 9.99369E-05
9.99639E-05 0.134288 0.442412 9.99639E-05 0.165654 9.99639E-05 0.0680435 0.0049517 0.128591 0.0327622 9.99639E-05 0.0228977
9.99459E-05 9.99459E-05 0.266015 0.0992336 0.482666 9.99459E-05 0.0443171 9.99459E-05 9.99459E-05 0.101013 9.99459E-05 0.00615596
0.545155 9.9964E-05 9.9964E-05 0.160199 0.0759137 0.0589733 0.00698091 0.0248966 0.0575878 9.9964E-05 0.069894 9.9964E-05
9.9928E-05 9.9928E-05 9.9928E-05 9.9928E-05 9.9928E-05 0.0880269 0.194116 0.213935 0.503123 9.9928E-05 9.9928E-05 9.9928E-05
0.0498593 9.99639E-05 0.363223 0.0911901 0.0129306 9.99639E-05 0.0954325 0.222525 9.99639E-05 0.100167 9.99639E-05 0.0642715
9.99279E-05 0.0703939 9.99279E-05 0.0457471 9.99279E-05 9.99279E-05 9.99279E-05 0.879373 9.99279E-05 9.99279E-05 9.99279E-05 0.00368619
9.9928E-05 9.9928E-05 0.0246779 9.9928E-05 0.7972 9.9928E-05 9.9928E-05 0.127208 0.0501144 9.9928E-05 9.9928E-05 9.9928E-05
9.9955E-05 9.9955E-05 0.0545473 9.9955E-05 0.109407 9.9955E-05 0.0035688 0.754261 0.0159535 0.0338537 0.0279092 9.9955E-05
