9.9928E-05 9.9928E-05 9.9928E-05 0.127312 9.9928E-05 9.9928E-05 9.9928E-05 9.9928E-05 0.0266481 9.9928E-05 0.0494469 0.204174 0.59162
9.99369E-05 9.99369E-05 9.99369E-05 0.015647 0.135312 9.99369E-05 9.99369E-05 9.99369E-05 0.0288959 9.99369E-05 0.00993321 0.183573 0.625939
0.00448888 9.99639E-05 0.539479 0.00460532 0.00968091 9.99639E-05 0.0205946 0.0164612 0.03268 0.234614 9.99639E-05 9.99639E-05 0.136996
9.99459E-05 9.99459E-05 9.99459E-05 0.0399549 0.120871 0.0529454 0.228407 0.0984727 9.99459E-05 9.99459E-05 9.99459E-05 0.175309 0.28344
0.0388139 0.0408041 9.99459E-05 9.99459E-05 0.151629 9.99459E-05 0.134794 0.0378115 9.99459E-05 9.99459E-05 0.214565 0.380983 9.99459E-05
9.99279E-05 0.0381536 0.16917 9.99279E-05 9.99279E-05 9.99279E-05 9.99279E-05 0.391354 9.99279E-05 9.99279E-05 0.0476573 9.99279E-05 0.352865
9.99098E-05 9.99098E-05 0.447202 9.99098E-05 9.99098E-05 9.99098E-05 9.99098E-05 9.99098E-05 9.99098E-05 0.250782 9.99098E-05 9.99098E-05 0.301017
9.9928E-05 9.9928E-05 0.265282 9.9928E-05 9.9928E-05 9.9928E-05 9.9928E-05 0.24963 0.104697 9.9928E-05 9.9928E-05 0.0258506 0.353741
9.99369E-05 9.99369E-05 9.99369E-05 9.99369E-05 0.0789331 9.99369E-05 0.138378 0.133283 0.0665642 9.99369E-05 9.99369E-05 0.100984 0.481158
0.0791811 9.99279E-05 0.204291 0.0312653 9.99279E-05 9.99279E-05 9.99279E-05 0.317951 9.99279E-05 0.366512 9.99279E-05 9.99279E-05 9.99279E-05
9.99549E-05 9.99549E-05 9.99549E-05 0.0116532 0.465833 9.99549E-05 0.0201401 0.107243 9.99549E-05 0.0252254 0.0562153 0.131715 0.181476
9.99279E-05 9.99279E-05 9.99279E-05 9.99279E-05 0.153824 9.99279E-05 0.139581 0.294711 9.99279E-05 0.030938 9.99279E-05 0.380147 9.99279E-05
9.99549E-05 0.0523551 0.103491 0.0109833 0.077255 0.08512 0.216799 9.99549E-05 9.99549E-05 9.99549E-05 0.188381 9.99549E-05 0.265117
9.99279E-05 9.99279E-05 0.311984 9.99279E-05 9.99279E-05 9.99279E-05 9.99279E-05 0.188344 0.0256191 0.203489 9.99279E-05 9.99279E-05 0.269764
9.99099E-05 9.99099E-05 9.99099E-05 9.99099E-05 0.513282 9.99099E-05 9.99099E-05 0.11181 9.99099E-05 9.99099E-05 9.99099E-05 0.373909 9.99099E-05
9.99369E-05 0.0515078 0.320437 0.0197056 9.99369E-05 0.110118 9.99369E-05 0.0570729 9.99369E-05 0.440459 9.99369E-05 9.99369E-05 9.99369E-05
9.99189E-05 9.99189E-05 0.355202 9.99189E-05 9.99189E-05 9.99189E-05 0.00804705 9.99189E-05 9.99189E-05 0.25264 9.99189E-05 9.99189E-05 0.383212
9.99279E-05 9.99279E-05 0.49622 9.99279E-05 0.0349325 9.99279E-05 9.99279E-05 0.0163204 9.99279E-05 9.99279E-05 0.0064393 9.99279E-05 0.445288
9.9946E-05 9.9946E-05 0.115712 9.9946E-05 9.9946E-05 9.9946E-05 0.279574 0.0929831 0.0078903 9.9946E-05 0.0129725 0.185909 0.304359
9.9919E-05 9.9919E-05 9.9919E-05 0.784209 0.191997 9.9919E-05 9.9919E-05 9.9919E-05 0.0209582 9.9919E-05 0.00193704 9.9919E-05 9.9919E-05
9.99099E-05 9.99099E-05 9.99099E-05 0.817051 9.99099E-05 0.0353093 0.146641 9.99099E-05 9.99099E-05 9.99099E-05 9.99099E-05 9.99099E-05 9.99099E-05
9.99188E-05 9.99188E-05 9.99188E-05 0.880197 9.99188E-05 9.99188E-05 9.99188E-05 0.0468257 9.99188E-05 9.99188E-05 0.0398134 9.99188E-05 0.032265
9.99099E-05 9.99099E-05 9.99099E-05 0.61934 9.99099E-05 9.99099E-05 0.368021 9.99099E-05 0.0116405 9.99099E-05 9.99099E-05 9.99099E-05 9.99099E-05
9.99279E-05 9.99279E-05 9.99279E-05 0.676282 0.147479 9.99279E-05 0.123999 9.99279E-05 0.051108 9.99279E-05 9.99279E-05 0.000332924 9.99279E-05
9.99368E-05 0.148483 0.15273 0.447417 9.99368E-05 9.99368E-05 9.99368E-05 0.0171731 0.0699263 0.163571 9.99368E-05 9.99368E-05 9.99368E-05
9.99278E-05 9.99278E-05 9.99278E-05 0.279017 0.180156 9.99278E-05 9.99278E-05 0.0497555 0.378463 9.99278E-05 9.99278E-05 0.111809 9.99278E-05
0.147691 0.200109 0.0382552 0.22886 9.99279E-05 0.384285 9.99279E-05 9.99279E-05 9.99279E-05 9.99279E-05 9.99279E-05 9.99279E-05 9.99279E-05
9.9946E-05 9.9946E-05 9.9946E-05 0.254007 0.139305 0.0657871 0.0728984 9.9946E-05 0.296366 9.9946E-05 0.0823967 0.0886405 9.9946E-05
9.99188E-05 9.99188E-05 9.99188E-05 0.858067 9.99188E-05 9.99188E-05 9.99188E-05 0.00979579 9.99188E-05 0.0930453 0.0381926 9.99188E-05 9.99188E-05
9.99099E-05 9.99099E-05 9.99099E-05 0.82863 0.00951127 9.99099E-05 0.16086 9.99099E-05 9.99099E-05 9.99099E-05 9.99099E-05 9.99099E-05 9.99099E-05
0.0785295 9.99371E-05 0.105048 0.576605 9.99371E-05 0.115753 0.108949 9.99371E-05 0.0144158 9.99371E-05 9.99371E-05 9.99371E-05 9.99371E-05
9.99369E-05 0.209657 9.99369E-05 0.12476 9.99369E-05 0.029307 9.99369E-05 9.99369E-05 0.417615 0.130566 0.0873952 9.99369E-05 9.99369E-05
0.123025 9.99278E-05 0.113286 0.606274 9.99278E-05 0.0515281 9.99278E-05 9.99278E-05 9.99278E-05 0.105087 9.99278E-05 9.99278E-05 9.99278E-05
9.99189E-05 9.99189E-05 0.175285 0.678298 9.99189E-05 9.99189E-05 9.99189E-05 9.99189E-05 0.0317683 9.99189E-05 9.99189E-05 9.99189E-05 0.11375
9.99189E-05 9.99189E-05 9.99189E-05 0.801522 0.0161219 9.99189E-05 0.135215 0.0462421 9.99189E-05 9.99189E-05 9.99189E-05 9.99189E-05 9.99189E-05
9.99189E-05 9.99189E-05 9.99189E-05 0.722637 0.240644 9.99189E-05 0.0353646 9.99189E-05 9.99189E-05 9.99189E-05 9.99189E-05 0.000455265 9.99189E-05
9.99009E-05 9.99009E-05 9.99009E-05 0.678204 0.320697 9.99009E-05 9.99009E-05 9.99009E-05 9.99009E-05 9.99009E-05 9.99009E-05 9.99009E-05 9.99009E-05
9.99099E-05 9.99099E-05 9.99099E-05 0.661894 9.99099E-05 9.99099E-05 0.281457 9.99099E-05 9.99099E-05 9.99099E-05 9.99099E-05 0.0556507 9.99099E-05
9.99098E-05 0.815254 9.99098E-05 9.99098E-05 9.99098E-05 9.99098E-05 9.99098E-05 9.99098E-05 9.99098E-05 9.99098E-05 9.99098E-05 0.0262369 0.15751
9.9919E-05 0.687194 9.9919E-05 9.9919E-05 9.9919E-05 0.273672 9.9919E-05 9.9919E-05 9.9919E-05 0.0154757 0.022759 9.9919E-05 9.9919E-05
0.255614 0.367615 0.110929 0.0661103 9.99459E-05 0.117533 9.99459E-05 9.99459E-05 0.0395451 0.0420536 9.99459E-05 9.99459E-05 9.99459E-05
9.99189E-05 0.447767 9.99189E-05 9.99189E-05 9.99189E-05 0.139279 0.320261 9.99189E-05 0.0917936 9.99189E-05 9.99189E-05 9.99189E-05 9.99189E-05
9.99278E-05 0.574984 9.99278E-05 0.280406 9.99278E-05 9.99278E-05 9.99278E-05 0.0114299 9.99278E-05 0.0426791 9.99278E-05 9.99278E-05 0.0897016
0.0975888 0.539182 0.188829 0.10118 9.9946E-05 9.9946E-05 9.9946E-05 0.00555763 0.00994667 0.0571167 9.9946E-05 9.9946E-05 9.9946E-05
9.99099E-05 9.99099E-05 9.99099E-05 9.99099E-05 9.99099E-05 9.99099E-05 0.154712 9.99099E-05 0.603883 9.99099E-05 9.99099E-05 0.240405 9.99099E-05
9.99189E-05 0.545979 9.99189E-05 9.99189E-05 0.159613 9.99189E-05 9.99189E-05 9.99189E-05 0.0098098 9.99189E-05 9.99189E-05 0.283699 9.99189E-05
0.0981691 0.389856 0.172377 0.176801 9.99369E-05 0.0282418 9.99369E-05 9.99369E-05 9.99369E-05 0.133856 9.99369E-05 9.99369E-05 9.99369E-05
9.99188E-05 0.808345 9.99188E-05 9.99188E-05 0.033294 9.99188E-05 9.99188E-05 0.0732885 9.99188E-05 9.99188E-05 9.99188E-05 9.99188E-05 0.0841728
9.99008E-05 0.302124 9.99008E-05 9.99008E-05 9.99008E-05 0.696777 9.99008E-05 9.99008E-05 9.99008E-05 9.99008E-05 9.99008E-05 9.99008E-05 9.99008E-05
9.9937E-05 0.640817 9.9937E-05 9.9937E-05 0.0348014 9.9937E-05 0.0333719 9.9937E-05 0.0682247 9.9937E-05 9.9937E-05 0.167653 0.0544322
9.99009E-05 0.678572 9.99009E-05 9.99009E-05 9.99009E-05 0.320329 9.99009E-05 9.99009E-05 9.99009E-05 9.99009E-05 9.99009E-05 9.99009E-05 9.99009E-05
9.9937E-05 0.521776 9.9937E-05 0.077516 9.9937E-05 0.0516016 0.251598 0.0485311 9.9937E-05 9.9937E-05 0.0482781 9.9937E-05 9.9937E-05
9.99279E-05 0.263892 9.99279E-05 0.0630057 0.403426 9.99279E-05 9.99279E-05 0.00795597 0.26092 9.99279E-05 9.99279E-05 9.99279E-05 9.99279E-05
9.9937E-05 0.436361 9.9937E-05 9.9937E-05 0.311129 9.9937E-05 9.9937E-05 0.0277078 0.0830367 9.9937E-05 9.9937E-05 0.0607827 0.0802829
9.9946E-05 0.292818 9.9946E-05 0.0348416 0.0323622 0.014215 0.347165 9.9946E-05 0.145666 9.9946E-05 9.9946E-05 0.132332 9.9946E-05
9.99189E-05 9.99189E-05 9.99189E-05 0.324519 9.99189E-05 9.99189E-05 0.416645 9.99189E-05 0.243923 9.99189E-05 9.99189E-05 0.0140145 9.99189E-05
0.0187459 0.75391 0.034058 9.99368E-05 9.99368E-05 9.99368E-05 9.99368E-05 9.99368E-05 0.0239746 0.122055 0.0465566 9.99368E-05 9.99368E-05
9.99369E-05 0.436609 9.99369E-05 0.00250463 0.05029 0.175778 0.0744771 9.99369E-05 0.259641 9.99369E-05 9.99369E-05 9.99369E-05 9.99369E-05
9.99188E-05 0.657163 9.99188E-05 9.99188E-05 9.99188E-05 0.168384 9.99188E-05 9.99188E-05 0.0314657 0.142088 9.99188E-05 9.99188E-05 9.99188E-05
9.99189E-05 0.717909 9.99189E-05 9.99189E-05 0.102235 9.99189E-05 0.0493288 9.99189E-05 9.99189E-05 9.99189E-05 9.99189E-05 0.129627 9.99189E-05
9.99458E-05 0.579075 9.99458E-05 0.0110763 0.11321 9.99458E-05 9.99458E-05 0.00479667 0.183492 9.99458E-05 9.99458E-05 0.0312299 0.0765201
9.99279E-05 0.600451 9.99279E-05 9.99279E-05 0.107862 9.99279E-05 9.99279E-05 9.99279E-05 0.0720303 9.99279E-05 9.99279E-05 0.167698 0.0511594
0.0641044 0.243162 9.99279E-05 9.99279E-05 9.99279E-05 9.99279E-05 9.99279E-05 9.99279E-05 0.394312 0.189702 0.107921 9.99279E-05 9.99279E-05
9.99189E-05 0.498358 9.99189E-05 0.0296541 9.99189E-05 9.99189E-05 0.452483 9.99189E-05 9.99189E-05 9.99189E-05 9.99189E-05 0.0186056 9.99189E-05
0.119978 0.357507 0.415556 9.99189E-05 9.99189E-05 9.99189E-05 9.99189E-05 9.99189E-05 0.10606 9.99189E-05 9.99189E-05 9.99189E-05 9.99189E-05
9.99369E-05 0.146933 9.99369E-05 0.0668452 0.253218 9.99369E-05 9.99369E-05 0.0463733 0.400258 9.99369E-05 9.99369E-05 9.99369E-05 0.0856727
9.99189E-05 0.580421 9.99189E-05 9.99189E-05 9.99189E-05 9.99189E-05 0.113498 9.99189E-05 0.0117352 9.99189E-05 9.99189E-05 0.293447 9.99189E-05
9.9919E-05 0.469714 9.9919E-05 9.9919E-05 0.292828 9.9919E-05 9.9919E-05 9.9919E-05 0.0899449 9.9919E-05 9.9919E-05 0.146613 9.9919E-05
9.99549E-05 0.0254981 0.0651314 0.0121118 0.031563 9.99549E-05 9.99549E-05 0.0158443 0.796691 9.99549E-05 0.00615907 9.99549E-05 0.0465018
9.99549E-05 0.100534 9.99549E-05 0.227812 9.99549E-05 0.0319238 9.99549E-05 0.0685931 0.453522 0.0343793 0.0298032 9.99549E-05 0.0529325
0.0478576 9.99278E-05 9.99278E-05 0.0973153 9.99278E-05 0.353873 9.99278E-05 9.99278E-05 0.44565 0.0545046 9.99278E-05 9.99278E-05 9.99278E-05
0.141772 0.476611 0.380618 9.99099E-05 9.99099E-05 9.99099E-05 9.99099E-05 9.99099E-05 9.99099E-05 9.99099E-05 9.99099E-05 9.99099E-05 9.99099E-05
9.99099E-05 9.99099E-05 9.99099E-05 0.640806 9.99099E-05 9.99099E-05 0.162302 9.99099E-05 9.99099E-05 9.99099E-05 9.99099E-05 0.195893 9.99099E-05
0.0918672 0.627303 0.10845 9.99188E-05 9.99188E-05 9.99188E-05 9.99188E-05 9.99188E-05 9.99188E-05 0.171481 9.99188E-05 9.99188E-05 9.99188E-05
9.99189E-05 0.312544 9.99189E-05 9.99189E-05 0.164621 9.99189E-05 9.99189E-05 9.99189E-05 0.479017 9.99189E-05 9.99189E-05 0.0429184 9.99189E-05
9.99279E-05 9.99279E-05 9.99279E-05 0.0604652 0.17794 9.99279E-05 0.132311 0.0545637 0.57392 9.99279E-05 9.99279E-05 9.99279E-05 9.99279E-05
0.0110515 9.99188E-05 0.143692 0.739253 9.99188E-05 9.99188E-05 9.99188E-05 9.99188E-05 9.99188E-05 0.105105 9.99188E-05 9.99188E-05 9.99188E-05
0.176097 0.171213 0.231858 0.197213 9.99279E-05 0.222819 9.99279E-05 9.99279E-05 9.99279E-05 9.99279E-05 9.99279E-05 9.99279E-05 9.99279E-05
9.99188E-05 0.0375385 0.11166 0.727719 9.99188E-05 9.99188E-05 9.99188E-05 9.99188E-05 9.99188E-05 0.122183 9.99188E-05 9.99188E-05 9.99188E-05
9.99368E-05 0.0873245 9.99368E-05 0.291334 9.99368E-05 0.109418 9.99368E-05 0.0366114 0.388339 9.99368E-05 0.0862735 9.99368E-05 9.99368E-05
9.99189E-05 0.182836 9.99189E-05 0.132995 9.99189E-05 0.607622 9.99189E-05 9.99189E-05 0.0756479 9.99189E-05 9.99189E-05 9.99189E-05 9.99189E-05
9.99189E-05 0.411211 9.99189E-05 0.176645 9.99189E-05 9.99189E-05 0.342507 9.99189E-05 0.0687382 9.99189E-05 9.99189E-05 9.99189E-05 9.99189E-05
0.00431976 0.752683 0.0126968 9.99459E-05 0.00918015 0.0164137 0.192581 9.99459E-05 9.99459E-05 9.99459E-05 0.011526 9.99459E-05 9.99459E-05
0.0292174 0.419532 9.9946E-05 0.0980123 0.0608855 0.0555572 0.265744 9.9946E-05 0.0704521 9.9946E-05 9.9946E-05 9.9946E-05 9.9946E-05
0.118576 0.636211 0.153607 9.99279E-05 9.99279E-05 0.0074246 9.99279E-05 9.99279E-05 9.99279E-05 0.0833823 9.99279E-05 9.99279E-05 9.99279E-05
9.99459E-05 0.594045 9.99459E-05 0.110315 0.139158 9.99459E-05 9.99459E-05 0.00945125 0.0218845 9.99459E-05 0.0811233 0.0434227 9.99459E-05
9.99278E-05 0.399835 9.99278E-05 9.99278E-05 0.00537624 9.99278E-05 0.198515 9.99278E-05 0.251466 9.99278E-05 9.99278E-05 0.144009 9.99278E-05
0.00328377 9.99278E-05 0.168656 0.194562 9.99278E-05 9.99278E-05 9.99278E-05 9.99278E-05 0.50997 0.12273 9.99278E-05 9.99278E-05 9.99278E-05
0.0533642 0.30338 0.403064 9.99189E-05 9.99189E-05 9.99189E-05 9.99189E-05 9.99189E-05 0.239293 9.99189E-05 9.99189E-05 9.99189E-05 9.99189E-05
9.99189E-05 9.99189E-05 9.99189E-05 0.143129 9.99189E-05 9.99189E-05 9.99189E-05 9.99189E-05 0.677858 9.99189E-05 9.99189E-05 0.128346 0.0497671
9.99098E-05 0.270765 0.351476 9.99098E-05 9.99098E-05 9.99098E-05 9.99098E-05 9.99098E-05 0.37676 9.99098E-05 9.99098E-05 9.99098E-05 9.99098E-05
9.99098E-05 0.16195 0.372968 9.99098E-05 9.99098E-05 9.99098E-05 9.99098E-05 9.99098E-05 0.464083 9.99098E-05 9.99098E-05 9.99098E-05 9.99098E-05
9.99099E-05 9.99099E-05 9.99099E-05 9.99099E-05 9.99099E-05 9.99099E-05 0.00810408 9.99099E-05 0.675395 9.99099E-05 9.99099E-05 0.315502 9.99099E-05
9.99189E-05 0.416643 0.124747 9.99189E-05 9.99189E-05 9.99189E-05 9.99189E-05 9.99189E-05 0.285054 9.99189E-05 9.99189E-05 9.99189E-05 0.172657
9.99279E-05 0.1335 0.141193 9.99279E-05 9.99279E-05 9.99279E-05 9.99279E-05 0.00607383 0.609309 9.99279E-05 9.99279E-05 9.99279E-05 0.109125
0.107267 9.99278E-05 0.00431006 9.99278E-05 9.99278E-05 0.318092 9.99278E-05 9.99278E-05 9.99278E-05 0.00832347 0.561208 9.99278E-05 9.99278E-05
9.9928E-05 0.0751925 0.0847001 0.0465054 9.9928E-05 0.222389 9.9928E-05 9.9928E-05 9.9928E-05 9.9928E-05 0.570413 9.9928E-05 9.9928E-05
9.99189E-05 0.004184 9.99189E-05 9.99189E-05 9.99189E-05 0.076595 0.15805 9.99189E-05 9.99189E-05 9.99189E-05 0.760272 9.99189E-05 9.99189E-05
9.991E-05 9.991E-05 9.991E-05 9.991E-05 9.991E-05 9.991E-05 9.991E-05 9.991E-05 0.0766369 9.991E-05 0.500328 0.422036 9.991E-05
0.165334 9.99188E-05 9.99188E-05 9.99188E-05 9.99188E-05 0.1415 9.99188E-05 9.99188E-05 9.99188E-05 0.11782 0.574446 9.99188E-05 9.99188E-05
9.99368E-05 9.99368E-05 9.99368E-05 9.99368E-05 9.99368E-05 9.99368E-05 0.0404997 9.99368E-05 0.0912957 0.129728 0.168093 0.122306 0.447379
9.99098E-05 9.99098E-05 0.560124 9.99098E-05 9.99098E-05 9.99098E-05 9.99098E-05 9.99098E-05 9.99098E-05 0.0563428 0.382534 9.99098E-05 9.99098E-05
9.99278E-05 9.99278E-05 0.00452945 9.99278E-05 9.99278E-05 0.272012 9.99278E-05 9.99278E-05 0.0137271 0.0441079 0.664824 9.99278E-05 9.99278E-05
9.99369E-05 9.99369E-05 0.0354168 0.027124 9.99369E-05 9.99369E-05 9.99369E-05 0.058034 0.0503752 0.160244 0.668107 9.99369E-05 9.99369E-05
9.9928E-05 9.9928E-05 9.9928E-05 0.0469213 0.277293 9.9928E-05 0.0285996 9.9928E-05 9.9928E-05 9.9928E-05 0.576702 0.069685 9.9928E-05
0.236081 9.99189E-05 9.99189E-05 9.99189E-05 9.99189E-05 0.524419 9.99189E-05 0.00233394 9.99189E-05 9.99189E-05 0.236266 9.99189E-05 9.99189E-05
0.053617 9.99189E-05 0.0318936 9.99189E-05 0.506376 9.99189E-05 9.99189E-05 9.99189E-05 9.99189E-05 9.99189E-05 0.407214 9.99189E-05 9.99189E-05
0.00694193 9.99279E-05 0.0341477 9.99279E-05 9.99279E-05 0.000651543 9.99279E-05 9.99279E-05 9.99279E-05 0.252111 0.705349 9.99279E-05 9.99279E-05
9.99278E-05 9.99278E-05 9.99278E-05 9.99278E-05 0.106881 9.99278E-05 9.99278E-05 9.99278E-05 0.0729847 0.0639253 0.530427 9.99278E-05 0.224983
9.99369E-05 9.99369E-05 9.99369E-05 0.0513438 9.99369E-05 0.117413 9.99369E-05 0.116879 9.99369E-05 0.00442928 0.630067 9.99369E-05 0.0791691
9.99369E-05 9.99369E-05 0.221964 0.0182247 9.99369E-05 9.99369E-05 9.99369E-05 9.99369E-05 9.99369E-05 0.338568 0.233539 0.0564186 0.130586
9.99278E-05 9.99278E-05 9.99278E-05 9.99278E-05 0.154377 9.99278E-05 0.105071 9.99278E-05 0.0767468 9.99278E-05 0.435 0.228005 9.99278E-05
9.99098E-05 9.99098E-05 0.0657039 9.99098E-05 9.99098E-05 9.99098E-05 0.565401 9.99098E-05 9.99098E-05 9.99098E-05 0.367896 9.99098E-05 9.99098E-05
0.0530543 0.116976 9.99369E-05 0.0888385 9.99369E-05 9.99369E-05 9.99369E-05 0.0605485 9.99369E-05 0.0798731 0.60001 9.99369E-05 9.99369E-05
0.0169414 9.99189E-05 0.18527 9.99189E-05 9.99189E-05 9.99189E-05 9.99189E-05 9.99189E-05 9.99189E-05 0.182964 0.613926 9.99189E-05 9.99189E-05
9.99369E-05 0.00599333 9.99369E-05 0.0630514 0.101893 0.00346171 9.99369E-05 0.0817383 9.99369E-05 9.99369E-05 0.743162 9.99369E-05 9.99369E-05
9.99099E-05 9.99099E-05 9.99099E-05 9.99099E-05 9.99099E-05 0.042747 0.311163 9.99099E-05 9.99099E-05 9.99099E-05 0.645091 9.99099E-05 9.99099E-05
0.0629919 0.00528412 9.9955E-05 0.05581 0.151627 9.9955E-05 0.0274806 9.9955E-05 9.9955E-05 9.9955E-05 0.0560206 0.276188 0.364097
0.323258 9.99188E-05 0.214932 9.99188E-05 9.99188E-05 9.99188E-05 9.99188E-05 0.439865 9.99188E-05 9.99188E-05 9.99188E-05 0.0210449 9.99188E-05
0.0960366 0.0166077 9.99549E-05 9.99549E-05 9.99549E-05 9.99549E-05 0.535172 9.99549E-05 0.00568028 0.00173087 0.00455395 0.0454655 0.294253
0.0493871 9.99189E-05 9.99189E-05 0.0262447 9.99189E-05 9.99189E-05 9.99189E-05 9.99189E-05 9.99189E-05 0.479492 9.99189E-05 9.99189E-05 0.443977
0.839202 9.99188E-05 9.99188E-05 9.99188E-05 9.99188E-05 0.131492 9.99188E-05 0.0264865 9.99188E-05 9.99188E-05 0.00191984 9.99188E-05 9.99188E-05
0.00300026 9.99278E-05 9.99278E-05 9.99278E-05 0.432321 9.99278E-05 0.210974 9.99278E-05 9.99278E-05 9.99278E-05 9.99278E-05 0.0322529 0.320652
0.469994 9.99098E-05 9.99098E-05 9.99098E-05 0.249221 9.99098E-05 9.99098E-05 0.279786 9.99098E-05 9.99098E-05 9.99098E-05 9.99098E-05 9.99098E-05
0.115803 0.0844209 9.99279E-05 9.99279E-05 9.99279E-05 9.99279E-05 9.99279E-05 9.99279E-05 0.0249498 9.99279E-05 0.0396457 9.99279E-05 0.734381
0.24557 9.99098E-05 9.99098E-05 9.99098E-05 9.99098E-05 9.99098E-05 0.271322 0.482109 9.99098E-05 9.99098E-05 9.99098E-05 9.99098E-05 9.99098E-05
0.558679 9.99279E-05 0.188235 9.99279E-05 9.99279E-05 9.99279E-05 0.0260469 9.99279E-05 9.99279E-05 0.147322 9.99279E-05 9.99279E-05 0.0789184
0.0368702 0.0322006 9.99549E-05 9.99549E-05 0.408162 9.99549E-05 0.0796498 0.149994 9.99549E-05 9.99549E-05 0.0100542 0.0793526 0.203217
0.175061 9.99189E-05 9.99189E-05 9.99189E-05 9.99189E-05 9.99189E-05 0.428863 0.384696 0.0104803 9.99189E-05 9.99189E-05 9.99189E-05 9.99189E-05
0.907679 9.99099E-05 9.99099E-05 9.99099E-05 9.99099E-05 0.0667144 9.99099E-05 9.99099E-05 9.99099E-05 9.99099E-05 0.0246071 9.99099E-05 9.99099E-05
9.99189E-05 9.99189E-05 9.99189E-05 9.99189E-05 0.311691 9.99189E-05 0.0679398 9.99189E-05 9.99189E-05 9.99189E-05 9.99189E-05 0.395354 0.224115
0.141983 9.99278E-05 9.99278E-05 9.99278E-05 0.0296924 9.99278E-05 0.335502 0.431679 9.99278E-05 9.99278E-05 9.99278E-05 0.0603442 9.99278E-05
9.99188E-05 9.99188E-05 0.0949397 9.99188E-05 0.231591 9.99188E-05 0.366258 9.99188E-05 9.99188E-05 9.99188E-05 9.99188E-05 9.99188E-05 0.306312
0.792375 9.99189E-05 9.99189E-05 9.99189E-05 9.99189E-05 0.0869322 9.99189E-05 0.0540096 9.99189E-05 0.0657838 9.99189E-05 9.99189E-05 9.99189E-05
0.223259 9.99368E-05 9.99368E-05 9.99368E-05 0.0725766 9.99368E-05 0.402819 0.101898 9.99368E-05 9.99368E-05 9.99368E-05 0.0522213 0.146526
9.99279E-05 0.0117368 9.99279E-05 9.99279E-05 0.347199 9.99279E-05 9.99279E-05 9.99279E-05 9.99279E-05 9.99279E-05 0.0668644 0.235917 0.337483
0.0827101 9.99459E-05 0.0416421 9.99459E-05 9.99459E-05 9.99459E-05 9.99459E-05 0.0271774 0.0865466 0.184717 9.99459E-05 0.000440192 0.576167
9.99461E-05 9.99461E-05 9.99461E-05 0.0645196 9.99461E-05 0.116772 0.364836 9.99461E-05 9.99461E-05 0.109391 0.0787327 0.0936239 0.171525
0.127157 9.99369E-05 9.99369E-05 0.0562064 0.0178253 9.99369E-05 0.394804 9.99369E-05 9.99369E-05 0.0597739 9.99369E-05 9.99369E-05 0.343534
0.674345 9.99188E-05 9.99188E-05 9.99188E-05 9.99188E-05 9.99188E-05 9.99188E-05 0.0289079 9.99188E-05 0.24938 9.99188E-05 9.99188E-05 0.0464682
9.99459E-05 0.00599914 0.186687 0.0374619 0.245972 9.99459E-05 9.99459E-05 0.229442 0.0272336 9.99459E-05 9.99459E-05 9.99459E-05 0.266604
0.26523 9.99187E-05 9.99187E-05 9.99187E-05 9.99187E-05 9.99187E-05 9.99187E-05 0.376384 0.0936664 9.99187E-05 9.99187E-05 9.99187E-05 0.26382
0.0926467 0.0234314 9.9964E-05 0.0401122 9.9964E-05 0.0145845 9.9964E-05 0.0346689 0.0599104 0.458084 0.184305 9.9964E-05 0.0918575
9.99639E-05 0.0276682 9.99639E-05 9.99639E-05 0.212013 9.99639E-05 0.237839 0.202469 0.0548931 0.056563 0.0989961 0.0222065 0.0869525
9.9928E-05 0.0672065 9.9928E-05 9.9928E-05 9.9928E-05 0.133392 9.9928E-05 0.451499 9.9928E-05 9.9928E-05 0.321539 9.9928E-05 0.0255644
0.173229 9.9946E-05 0.0667192 0.0261872 9.9946E-05 0.574165 0.037695 9.9946E-05 0.00194615 0.119459 9.9946E-05 9.9946E-05 9.9946E-05
9.99549E-05 9.99549E-05 0.191315 0.00168336 9.99549E-05 0.0274083 9.99549E-05 0.33199 0.0649186 0.184362 0.124125 9.99549E-05 0.0736969
9.99549E-05 0.0423357 0.158651 0.0137268 0.016833 9.99549E-05 9.99549E-05 0.0875058 9.99549E-05 0.590567 0.0703783 0.0195025 9.99549E-05
0.0336094 9.9946E-05 9.9946E-05 0.056698 0.51448 0.0388538 0.00988504 0.113904 9.9946E-05 0.231971 9.9946E-05 9.9946E-05 9.9946E-05
0.143974 9.99189E-05 0.028162 9.99189E-05 9.99189E-05 0.00713719 9.99189E-05 9.99189E-05 9.99189E-05 0.819828 9.99189E-05 9.99189E-05 9.99189E-05
9.99278E-05 9.99278E-05 0.00292793 9.99278E-05 0.300246 9.99278E-05 0.366333 0.0089162 9.99278E-05 9.99278E-05 9.99278E-05 9.99278E-05 0.320778
0.0249103 9.99189E-05 9.99189E-05 9.99189E-05 9.99189E-05 9.99189E-05 9.99189E-05 0.0268741 9.99189E-05 0.914882 9.99189E-05 0.0324338 9.99189E-05
0.000320838 9.99369E-05 9.99369E-05 9.99369E-05 9.99369E-05 0.223047 0.360021 0.36604 9.99369E-05 0.0489126 9.99369E-05 9.99369E-05 0.000958394
9.99459E-05 9.99459E-05 0.0110893 9.99459E-05 0.0720518 0.0498597 0.498985 0.20739 9.99459E-05 9.99459E-05 0.123952 9.99459E-05 0.0360723
9.9946E-05 0.117509 9.9946E-05 0.0106382 0.000866006 9.9946E-05 9.9946E-05 0.32725 9.9946E-05 0.115045 0.219359 9.9946E-05 0.208733
9.99459E-05 0.0555422 0.0855083 0.0033683 9.99459E-05 0.0172412 9.99459E-05 0.0858771 9.99459E-05 9.99459E-05 0.168607 9.99459E-05 0.583256
9.99459E-05 0.00782612 9.99459E-05 0.0550253 9.99459E-05 0.125544 9.99459E-05 0.341575 9.99459E-05 0.0407542 0.208331 9.99459E-05 0.220345
9.99459E-05 9.99459E-05 9.99459E-05 9.99459E-05 0.019725 0.0338941 0.435318 0.00437207 9.99459E-05 0.215202 0.171383 9.99459E-05 0.119507
0.0921322 9.99369E-05 0.0596204 9.99369E-05 9.99369E-05 0.525278 9.99369E-05 9.99369E-05 9.99369E-05 0.217607 0.0316739 9.99369E-05 0.0729891
0.194229 9.99188E-05 9.99188E-05 9.99188E-05 9.99188E-05 0.440721 9.99188E-05 0.191661 9.99188E-05 0.172491 9.99188E-05 9.99188E-05 9.99188E-05
9.99279E-05 9.99279E-05 0.441872 9.99279E-05 9.99279E-05 9.99279E-05 9.99279E-05 0.266877 0.013075 0.224828 9.99279E-05 9.99279E-05 0.052549
0.0384371 0.0197335 9.99279E-05 9.99279E-05 9.99279E-05 0.207642 9.99279E-05 0.142236 9.99279E-05 0.591152 9.99279E-05 9.99279E-05 9.99279E-05
9.99098E-05 9.99098E-05 9.99098E-05 9.99098E-05 0.0622604 0.843303 9.99098E-05 9.99098E-05 9.99098E-05 9.99098E-05 9.99098E-05 9.99098E-05 0.0934377
0.049372 0.0771516 0.517224 9.99189E-05 9.99189E-05 9.99189E-05 9.99189E-05 0.355353 9.99189E-05 9.99189E-05 9.99189E-05 9.99189E-05 9.99189E-05
0.0713886 9.99368E-05 0.0757845 9.99368E-05 0.0309271 9.99368E-05 9.99368E-05 9.99368E-05 0.0184913 0.481177 9.99368E-05 9.99368E-05 0.321532
0.017934 9.9937E-05 9.9937E-05 0.0577365 9.9937E-05 9.9937E-05 9.9937E-05 0.0209113 0.014395 0.0356078 9.9937E-05 0.852716 9.9937E-05
9.99459E-05 9.99459E-05 0.101446 0.0178611 0.118784 9.99459E-05 0.140009 0.0314312 9.99459E-05 9.99459E-05 9.99459E-05 0.501654 0.0882151
9.99459E-05 9.99459E-05 0.412563 9.99459E-05 0.0108733 9.99459E-05 9.99459E-05 0.0302142 0.0798105 0.0796377 9.99459E-05 0.11763 0.268672
9.99278E-05 9.99278E-05 0.0916344 9.99278E-05 0.446881 9.99278E-05 0.0137561 9.99278E-05 9.99278E-05 9.99278E-05 9.99278E-05 0.340715 0.106213
9.99369E-05 9.99369E-05 0.0510687 9.99369E-05 0.132606 0.0060625 0.0470194 9.99369E-05 9.99369E-05 9.99369E-05 0.00880688 0.753737 9.99369E-05
9.99459E-05 9.99459E-05 0.119963 0.07358 9.99459E-05 9.99459E-05 0.493755 9.99459E-05 9.99459E-05 0.0131838 0.00476717 0.274208 0.0199428
9.99369E-05 9.99369E-05 0.0711453 9.99369E-05 0.0840655 9.99369E-05 0.27483 9.99369E-05 0.00622744 9.99369E-05 9.99369E-05 0.463706 0.0993268
0.00110453 9.9946E-05 0.597227 0.00483722 9.9946E-05 9.9946E-05 9.9946E-05 9.9946E-05 0.0213727 0.186133 9.9946E-05 0.14335 0.0453758
0.397481 9.9928E-05 0.315742 9.9928E-05 0.0177483 0.14787 9.9928E-05 9.9928E-05 9.9928E-05 0.120359 9.9928E-05 9.9928E-05 9.9928E-05
9.99279E-05 9.99279E-05 0.0523632 9.99279E-05 9.99279E-05 9.99279E-05 9.99279E-05 9.99279E-05 0.128032 9.99279E-05 0.0701181 0.351095 0.397593
9.9919E-05 9.9919E-05 0.902215 9.9919E-05 9.9919E-05 9.9919E-05 0.0144591 9.9919E-05 9.9919E-05 9.9919E-05 0.0492015 0.0332251 9.9919E-05
9.9928E-05 9.9928E-05 0.44191 9.9928E-05 9.9928E-05 9.9928E-05 9.9928E-05 0.0157063 0.248915 0.0575222 9.9928E-05 9.9928E-05 0.235147
9.99369E-05 9.99369E-05 0.208136 9.99369E-05 0.0624664 9.99369E-05 9.99369E-05 9.99369E-05 0.0578428 0.0733982 9.99369E-05 0.217359 0.380098
0.136421 9.99279E-05 0.497869 9.99279E-05 9.99279E-05 9.99279E-05 9.99279E-05 0.026131 9.99279E-05 0.210704 9.99279E-05 9.99279E-05 0.128076
9.99459E-05 0.00634803 0.463153 9.99459E-05 9.99459E-05 0.00353402 9.99459E-05 9.99459E-05 9.99459E-05 0.147746 0.0406105 0.261371 0.076638
9.99459E-05 0.0376054 0.0730871 0.072956 0.0176453 9.99459E-05 9.99459E-05 0.3913 9.99459E-05 9.99459E-05 9.99459E-05 0.192816 0.21399
9.99549E-05 0.030551 0.415053 0.0239262 0.114671 9.99549E-05 9.99549E-05 9.99549E-05 0.0216761 0.0778012 9.99549E-05 0.0408983 0.274924
9.99188E-05 9.99188E-05 0.398409 9.99188E-05 9.99188E-05 9.99188E-05 9.99188E-05 9.99188E-05 9.99188E-05 9.99188E-05 0.139009 0.264213 0.197469
9.99189E-05 9.99189E-05 9.99189E-05 9.99189E-05 0.539572 9.99189E-05 9.99189E-05 9.99189E-05 9.99189E-05 0.0513555 9.99189E-05 0.329578 0.078596
9.9964E-05 0.00293765 0.0135157 0.0107284 0.0116856 0.0590659 9.9964E-05 0.00471623 0.0356501 9.9964E-05 9.9964E-05 0.365431 0.49587
9.9955E-05 0.0202762 0.703441 9.9955E-05 0.0377137 0.103208 0.0207976 9.9955E-05 9.9955E-05 0.0849234 9.9955E-05 0.00189734 0.0272433
9.99369E-05 0.01758 0.43284 9.99369E-05 9.99369E-05 9.99369E-05 0.0156384 9.99369E-05 9.99369E-05 0.129967 0.0175339 9.99369E-05 0.385741
0.232919 9.99279E-05 0.481779 9.99279E-05 9.99279E-05 0.0554566 9.99279E-05 0.029629 9.99279E-05 0.199417 9.99279E-05 9.99279E-05 9.99279E-05
9.99099E-05 9.99099E-05 9.99099E-05 9.99099E-05 0.147659 9.99099E-05 9.99099E-05 9.99099E-05 9.99099E-05 9.99099E-05 9.99099E-05 0.475751 0.375591
9.9928E-05 9.9928E-05 9.9928E-05 0.0197404 9.9928E-05 9.9928E-05 9.9928E-05 0.0767938 0.0978197 9.9928E-05 9.9928E-05 0.16281 0.642037
0.165977 0.0147036 0.538063 9.99459E-05 9.99459E-05 9.99459E-05 9.99459E-05 0.00467532 9.99459E-05 0.248172 9.99459E-05 0.0190958 0.0087139
9.9937E-05 0.0188029 9.9937E-05 9.9937E-05 0.14975 9.9937E-05 0.0927207 0.348278 9.9937E-05 9.9937E-05 0.0453914 0.344358 9.9937E-05
9.99099E-05 9.99099E-05 0.0347698 9.99099E-05 0.490567 9.99099E-05 9.99099E-05 0.473664 9.99099E-05 9.99099E-05 9.99099E-05 9.99099E-05 9.99099E-05
0.047952 0.0151613 0.114342 0.0281037 9.9955E-05 0.0173682 9.9955E-05 9.9955E-05 0.126954 0.628913 0.0207065 9.9955E-05 9.9955E-05
9.99278E-05 9.99278E-05 9.99278E-05 0.000774891 9.99278E-05 0.0454334 9.99278E-05 0.633575 9.99278E-05 0.291416 0.0280015 9.99278E-05 9.99278E-05
9.9937E-05 9.9937E-05 0.0783268 0.0534215 0.446856 9.9937E-05 9.9937E-05 0.206598 0.0289042 9.9937E-05 9.9937E-05 0.185194 9.9937E-05
9.99188E-05 9.99188E-05 9.99188E-05 9.99188E-05 9.99188E-05 9.99188E-05 0.192874 0.44005 0.0314791 9.99188E-05 9.99188E-05 0.334697 9.99188E-05
9.99279E-05 9.99279E-05 9.99279E-05 9.99279E-05 0.154783 9.99279E-05 0.1588 0.300634 0.122745 9.99279E-05 9.99279E-05 0.262238 9.99279E-05
0.183775 9.99189E-05 9.99189E-05 9.99189E-05 9.99189E-05 0.429973 9.99189E-05 0.183092 9.99189E-05 0.20226 9.99189E-05 9.99189E-05 9.99189E-05
9.99189E-05 9.99189E-05 0.237725 9.99189E-05 9.99189E-05 9.99189E-05 9.99189E-05 0.380043 0.0630761 0.318257 9.99189E-05 9.99189E-05 9.99189E-05
9.99368E-05 0.00723742 9.99368E-05 9.99368E-05 0.144792 9.99368E-05 9.99368E-05 0.334668 0.0277562 9.99368E-05 0.372565 9.99368E-05 0.112282
0.019607 9.99369E-05 9.99369E-05 9.99369E-05 0.35747 9.99369E-05 9.99369E-05 0.349929 9.99369E-05 9.99369E-05 0.00139517 0.210619 0.060281
0.0424793 0.00201635 0.0240295 9.99459E-05 9.99459E-05 0.358593 9.99459E-05 0.204658 9.99459E-05 0.333016 0.0346079 9.99459E-05 9.99459E-05
9.99459E-05 9.99459E-05 0.13669 0.0380773 9.99459E-05 9.99459E-05 9.99459E-05 0.175152 0.0106492 0.200173 9.99459E-05 0.0557997 0.38286
9.99188E-05 9.99188E-05 0.407944 9.99188E-05 9.99188E-05 9.99188E-05 9.99188E-05 0.349566 0.0269018 9.99188E-05 9.99188E-05 9.99188E-05 0.214689
9.99368E-05 9.99368E-05 9.99368E-05 0.00676447 0.0135781 0.107936 9.99368E-05 0.438676 9.99368E-05 9.99368E-05 0.252441 9.99368E-05 0.179905
0.0347097 0.00248678 0.266597 9.99369E-05 9.99369E-05 9.99369E-05 9.99369E-05 9.99369E-05 9.99369E-05 0.197434 0.167038 9.99369E-05 0.331036
9.99459E-05 0.0399088 0.061353 9.99459E-05 0.259771 9.99459E-05 9.99459E-05 0.0113626 9.99459E-05 9.99459E-05 0.0538083 0.209229 0.363967
9.99369E-05 9.99369E-05 9.99369E-05 9.99369E-05 0.111496 9.99369E-05 9.99369E-05 0.307952 0.0474886 0.0247466 0.0265279 9.99369E-05 0.48109
0.0466323 9.9937E-05 9.9937E-05 9.9937E-05 0.302456 9.9937E-05 0.222275 0.269424 9.9937E-05 9.9937E-05 9.9937E-05 0.146747 0.0117676
0.1015 0.119472 0.28518 0.00496483 9.99368E-05 9.99368E-05 9.99368E-05 0.311924 9.99368E-05 0.176261 9.99368E-05 9.99368E-05 9.99368E-05
9.99368E-05 0.00305998 0.0397154 9.99368E-05 0.173886 9.99368E-05 9.99368E-05 0.352418 9.99368E-05 9.99368E-05 9.99368E-05 0.385966 0.0442559
9.99369E-05 9.99369E-05 0.0298894 9.99369E-05 9.99369E-05 9.99369E-05 0.404284 0.227434 9.99369E-05 0.0449364 9.99369E-05 0.251748 0.0410087
0.302528 9.99279E-05 0.549025 9.99279E-05 9.99279E-05 9.99279E-05 9.99279E-05 0.10286 9.99279E-05 0.0196771 9.99279E-05 9.99279E-05 0.0251108
0.0854829 9.99369E-05 0.248163 9.99369E-05 0.21828 9.99369E-05 9.99369E-05 9.99369E-05 0.0318071 9.99369E-05 9.99369E-05 0.000750831 0.414816
0.00745279 0.0157927 0.521528 9.99459E-05 9.99459E-05 9.99459E-05 9.99459E-05 0.223115 0.0120725 0.0393219 9.99459E-05 9.99459E-05 0.180118
9.9937E-05 9.9937E-05 9.9937E-05 0.0393686 0.0914075 0.0211381 9.9937E-05 0.069663 0.0107517 9.9937E-05 9.9937E-05 0.766972 9.9937E-05
0.0592396 0.161094 0.015426 0.0703187 9.9973E-05 0.0458896 0.275823 9.9973E-05 0.0405137 9.9973E-05 0.00649233 0.290465 0.0344383
9.99279E-05 0.0831761 9.99279E-05 9.99279E-05 0.0659807 9.99279E-05 9.99279E-05 0.0681245 9.99279E-05 9.99279E-05 9.99279E-05 0.530619 0.251301
0.101512 9.99279E-05 0.633834 9.99279E-05 9.99279E-05 0.0554656 9.99279E-05 0.204716 9.99279E-05 0.00367353 9.99279E-05 9.99279E-05 9.99279E-05
0.0562403 0.0260594 9.99369E-05 9.99369E-05 9.99369E-05 9.99369E-05 0.0100503 9.99369E-05 0.00334183 9.99369E-05 9.99369E-05 0.53118 0.372428
0.0230714 0.0192758 0.000569408 0.0375497 0.00975275 9.9973E-05 9.9973E-05 0.0606124 9.9973E-05 0.0099363 0.0788848 0.728544 0.0315038
0.0259259 9.9937E-05 9.9937E-05 9.9937E-05 0.234264 0.0237187 9.9937E-05 0.0135014 9.9937E-05 9.9937E-05 0.065282 0.636609 9.9937E-05
0.109802 9.99279E-05 0.733702 9.99279E-05 0.0270776 9.99279E-05 9.99279E-05 9.99279E-05 9.99279E-05 9.99279E-05 0.095166 9.99279E-05 0.0334528
9.99639E-05 9.99639E-05 0.303233 0.00716328 0.016122 9.99639E-05 9.99639E-05 0.149338 0.00641247 0.0127763 0.015273 0.149041 0.340242
0.0336403 9.9955E-05 0.0822719 0.0391657 0.437031 9.9955E-05 0.0616938 9.9955E-05 0.00896022 9.9955E-05 9.9955E-05 0.302014 0.0347233
0.196471 0.0463925 0.304089 9.9964E-05 9.9964E-05 0.0134257 9.9964E-05 0.0992998 9.9964E-05 0.0607886 0.013367 0.190317 0.0754488
9.9946E-05 0.0109532 9.9946E-05 0.0466019 0.011995 0.0122548 9.9946E-05 9.9946E-05 9.9946E-05 0.0448597 9.9946E-05 0.864367 0.00836818
9.9919E-05 9.9919E-05 0.0617047 9.9919E-05 9.9919E-05 0.222426 0.380236 9.9919E-05 9.9919E-05 9.9919E-05 9.9919E-05 9.9919E-05 0.334734
0.0569791 9.99459E-05 0.266483 9.99459E-05 9.99459E-05 9.99459E-05 9.99459E-05 0.0651415 0.0695171 9.99459E-05 0.078347 0.396959 0.0659738
0.289966 9.9928E-05 0.656068 9.9928E-05 0.0171624 0.0129324 9.9928E-05 9.9928E-05 9.9928E-05 0.0230719 9.9928E-05 9.9928E-05 9.9928E-05
9.99279E-05 9.99279E-05 0.165305 9.99279E-05 9.99279E-05 9.99279E-05 9.99279E-05 0.167277 0.12951 9.99279E-05 9.99279E-05 0.0906329 0.446476
0.0301708 0.0303879 0.00375037 0.0545401 9.996E-05 0.0852937 9.996E-05 0.106565 9.996E-05 0.234413 0.172794 9.996E-05 0.281685
0.09599 9.99279E-05 9.99279E-05 9.99279E-05 9.99279E-05 0.311319 9.99279E-05 9.99279E-05 9.99279E-05 0.517443 0.0584815 0.0159673 9.99279E-05
9.99279E-05 0.0552386 0.138921 9.99279E-05 9.99279E-05 0.0319046 9.99279E-05 0.0599783 9.99279E-05 9.99279E-05 9.99279E-05 9.99279E-05 0.713158
0.0275793 9.99368E-05 0.326942 9.99368E-05 9.99368E-05 9.99368E-05 9.99368E-05 0.0465647 0.0300463 0.0862636 0.481904 9.99368E-05 9.99368E-05
9.99369E-05 9.99369E-05 0.233471 9.99369E-05 0.112613 9.99369E-05 9.99369E-05 0.190337 0.0202376 0.168153 9.99369E-05 9.99369E-05 0.274488
9.99189E-05 9.99189E-05 9.99189E-05 9.99189E-05 0.206145 9.99189E-05 0.291531 0.112185 9.99189E-05 9.99189E-05 9.99189E-05 9.99189E-05 0.38924
0.215877 9.99279E-05 9.99279E-05 0.0107649 9.99279E-05 0.271143 9.99279E-05 0.160493 9.99279E-05 0.340922 9.99279E-05 9.99279E-05 9.99279E-05
9.9937E-05 0.00109657 9.9937E-05 0.0162073 9.9937E-05 0.0583595 0.513883 0.390279 9.9937E-05 9.9937E-05 9.9937E-05 0.0194753 9.9937E-05
9.99368E-05 9.99368E-05 9.99368E-05 9.99368E-05 0.0468784 9.99368E-05 0.0470524 9.99368E-05 0.0948812 9.99368E-05 0.358075 0.258077 0.194336
9.99279E-05 9.99279E-05 9.99279E-05 9.99279E-05 0.68688 0.0593662 0.00921748 9.99279E-05 9.99279E-05 0.154487 0.0892498 9.99279E-05 9.99279E-05
9.99189E-05 9.99189E-05 9.99189E-05 9.99189E-05 9.99189E-05 0.445195 9.99189E-05 9.99189E-05 9.99189E-05 0.334115 0.123965 9.99189E-05 0.0958258
0.17817 9.99369E-05 0.219365 9.99369E-05 9.99369E-05 0.301998 9.99369E-05 9.99369E-05 9.99369E-05 0.207008 0.0784441 9.99369E-05 0.0143158
9.99325E-05 9.99325E-05 0.148012 9.99325E-05 0.228562 9.99325E-05 0.348721 0.263168 9.99325E-05 9.99325E-05 9.99325E-05 0.0107378 9.99325E-05
9.99369E-05 0.0419747 0.141003 9.99369E-05 0.0407955 9.99369E-05 9.99369E-05 9.99369E-05 0.0522229 0.275161 9.99369E-05 9.99369E-05 0.448143
9.99459E-05 0.0280286 9.99459E-05 0.0371468 9.99459E-05 0.0842118 9.99459E-05 0.0962302 9.99459E-05 0.0771033 0.219064 9.99459E-05 0.457616
0.173578 9.99278E-05 0.279976 9.99278E-05 9.99278E-05 0.448419 9.99278E-05 9.99278E-05 9.99278E-05 0.00994392 0.0872847 9.99278E-05 9.99278E-05
9.99369E-05 9.99369E-05 9.99369E-05 9.99369E-05 0.0953302 0.201642 9.99369E-05 0.19857 9.99369E-05 0.0873152 0.224179 9.99369E-05 0.192265
9.995E-05 9.995E-05 9.995E-05 0.051666 0.0554983 0.105007 0.303663 0.215732 9.995E-05 0.0424787 0.0434186 9.995E-05 0.182036
9.99369E-05 9.99369E-05 0.0214472 9.99369E-05 0.464157 0.00148741 9.99369E-05 0.0545978 9.99369E-05 9.99369E-05 9.99369E-05 0.295764 0.161847
9.9919E-05 0.0085896 9.9919E-05 9.9919E-05 0.575831 9.9919E-05 9.9919E-05 9.9919E-05 9.9919E-05 9.9919E-05 0.098379 9.9919E-05 0.316301
9.99369E-05 9.99369E-05 9.99369E-05 9.99369E-05 0.00691347 0.200534 0.315237 0.00785542 9.99369E-05 9.99369E-05 0.209576 9.99369E-05 0.259185
0.0270541 9.99459E-05 0.771085 0.0191652 9.99459E-05 0.00598014 9.99459E-05 9.99459E-05 0.00445474 9.99459E-05 0.0475467 0.124114 9.99459E-05
9.99369E-05 9.99369E-05 0.106106 9.99369E-05 0.012967 9.99369E-05 9.99369E-05 0.0422267 9.99369E-05 9.99369E-05 0.0771917 0.729378 0.0314302
0.114794 9.99369E-05 0.493571 9.99369E-05 9.99369E-05 9.99369E-05 9.99369E-05 9.99369E-05 9.99369E-05 0.107909 0.100867 0.118186 0.0639733
0.0436219 9.99368E-05 0.249828 9.99368E-05 9.99368E-05 9.99368E-05 9.99368E-05 9.99368E-05 0.0609657 9.99368E-05 0.190166 0.0718861 0.382833
9.99189E-05 9.99189E-05 9.99189E-05 9.99189E-05 9.99189E-05 9.99189E-05 9.99189E-05 0.082758 0.0873683 9.99189E-05 9.99189E-05 0.612691 0.216283
0.153482 9.991E-05 0.749568 9.991E-05 9.991E-05 0.0959505 9.991E-05 9.991E-05 9.991E-05 9.991E-05 9.991E-05 9.991E-05 9.991E-05
9.99368E-05 0.0126935 9.99368E-05 9.99368E-05 0.0287841 0.356893 9.99368E-05 9.99368E-05 9.99368E-05 0.262592 0.215086 9.99368E-05 0.123251
0.0327222 9.99369E-05 0.331052 9.99369E-05 9.99369E-05 9.99369E-05 9.99369E-05 0.0877271 9.99369E-05 0.296556 0.00175009 9.99369E-05 0.249493
9.99369E-05 9.99369E-05 9.99369E-05 0.0297247 0.603586 0.105314 9.99369E-05 0.154876 9.99369E-05 0.0259087 0.0798903 9.99369E-05 9.99369E-05
9.99549E-05 9.99549E-05 9.99549E-05 0.0215328 0.222742 0.0517079 9.99549E-05 0.298773 0.0275786 0.265133 0.0518463 9.99549E-05 0.0601873
9.99459E-05 9.99459E-05 0.0663275 9.99459E-05 0.439304 9.99459E-05 9.99459E-05 0.142166 0.13345 0.159553 9.99459E-05 0.0217326 0.036868
0.0351246 9.99279E-05 0.130926 9.99279E-05 0.1668 0.189427 9.99279E-05 9.99279E-05 9.99279E-05 0.476924 9.99279E-05 9.99279E-05 9.99279E-05
9.99279E-05 9.99279E-05 0.0284337 9.99279E-05 0.181012 9.99279E-05 0.596566 9.99279E-05 0.0496607 0.143527 9.99279E-05 9.99279E-05 9.99279E-05
9.99549E-05 0.0772064 0.0894134 9.99549E-05 0.0149603 0.0411451 9.99549E-05 9.99549E-05 0.171253 0.283884 0.10704 9.99549E-05 0.214598
9.99459E-05 0.0241804 0.095412 9.99459E-05 0.565959 9.99459E-05 0.101755 0.0821631 9.99459E-05 9.99459E-05 0.105942 9.99459E-05 0.0239888
9.99279E-05 9.99279E-05 9.99279E-05 9.99279E-05 0.250347 9.99279E-05 0.421745 9.99279E-05 0.082978 0.168056 9.99279E-05 0.076075 9.99279E-05
9.99189E-05 9.99189E-05 9.99189E-05 9.99189E-05 0.861528 9.99189E-05 9.99189E-05 9.99189E-05 0.00381436 0.131704 0.00205446 9.99189E-05 9.99189E-05
9.99279E-05 9.99279E-05 9.99279E-05 9.99279E-05 0.708225 9.99279E-05 9.99279E-05 0.052507 0.0883281 0.0954978 9.99279E-05 0.0546431 9.99279E-05
0.000840004 0.0636726 0.0191275 0.00229295 0.825664 0.0243414 9.99459E-05 9.99459E-05 9.99459E-05 0.0634624 9.99459E-05 9.99459E-05 9.99459E-05
9.99459E-05 9.99459E-05 0.0555625 0.0104698 0.0721369 9.99459E-05 9.99459E-05 9.99459E-05 0.162094 0.371075 0.07779 9.99459E-05 0.250272
9.994E-05 0.0512415 0.505888 0.0113364 9.994E-05 9.994E-05 9.994E-05 0.15874 9.994E-05 0.105628 0.0395729 9.994E-05 0.126993
9.99369E-05 0.0306147 0.0253934 9.99369E-05 9.99369E-05 9.99369E-05 0.551735 0.127067 9.99369E-05 0.161358 9.99369E-05 0.103133 9.99369E-05
9.9919E-05 9.9919E-05 9.9919E-05 9.9919E-05 0.541431 0.241366 9.9919E-05 0.0704811 9.9919E-05 9.9919E-05 0.145822 9.9919E-05 9.9919E-05
9.99639E-05 0.0769803 0.00498673 0.055599 9.99639E-05 0.0844869 0.0406242 0.115696 9.99639E-05 0.388033 0.103841 9.99639E-05 0.129352
0.176132 9.99189E-05 9.99189E-05 9.99189E-05 9.99189E-05 0.544386 9.99189E-05 9.99189E-05 0.0257359 0.252847 9.99189E-05 9.99189E-05 9.99189E-05
0.121979 9.9919E-05 0.603737 9.9919E-05 0.0210835 9.9919E-05 9.9919E-05 9.9919E-05 9.9919E-05 0.252301 9.9919E-05 9.9919E-05 9.9919E-05
0.0984928 9.99189E-05 0.0567673 9.99189E-05 9.99189E-05 0.478672 9.99189E-05 9.99189E-05 9.99189E-05 0.365168 9.99189E-05 9.99189E-05 9.99189E-05
