9.9901E-05 9.9901E-05 0.0296221 0.389421 9.9901E-05 0.053203 9.9901E-05 9.9901E-05 0.0575984 9.9901E-05 9.9901E-05 0.023494 9.9901E-05 9.9901E-05 9.9901E-05 9.9901E-05 0.445562
0.101036 9.99009E-05 0.0289496 0.311649 9.99009E-05 9.99009E-05 9.99009E-05 0.00994358 9.99009E-05 9.99009E-05 0.0115669 9.99009E-05 9.99009E-05 9.99009E-05 9.99009E-05 9.99009E-05 0.535756
0.00564067 0.487919 0.0335286 9.99459E-05 9.99459E-05 0.0023323 9.99459E-05 0.0110706 9.99459E-05 0.0195335 0.0190438 9.99459E-05 0.029725 9.99459E-05 0.053099 0.17735 0.160158
9.99009E-05 9.99009E-05 9.99009E-05 0.487602 0.00895155 0.0281454 9.99009E-05 9.99009E-05 0.176046 9.99009E-05 9.99009E-05 9.99009E-05 0.169824 9.99009E-05 9.99009E-05 9.99009E-05 0.128333
9.99008E-05 9.99008E-05 9.99008E-05 0.255017 9.99008E-05 9.99008E-05 9.99008E-05 0.02507 0.35416 9.99008E-05 0.0970536 9.99008E-05 0.144807 9.99008E-05 0.122793 9.99008E-05 9.99008E-05
9.99279E-05 0.0125696 9.99279E-05 9.99279E-05 9.99279E-05 9.99279E-05 9.99279E-05 0.0434267 0.0353451 0.27421 9.99279E-05 0.0522739 0.0109223 0.0390937 0.0444316 9.99279E-05 0.486928
9.98828E-05 0.409763 9.98828E-05 0.0360203 9.98828E-05 9.98828E-05 9.98828E-05 9.98828E-05 9.98828E-05 9.98828E-05 9.98828E-05 9.98828E-05 9.98828E-05 9.98828E-05 9.98828E-05 0.181895 0.371023
9.991E-05 0.106462 0.122427 9.991E-05 9.991E-05 9.991E-05 9.991E-05 9.991E-05 9.991E-05 0.173766 9.991E-05 9.991E-05 9.991E-05 0.0229609 0.10668 0.00754702 0.459158
9.991E-05 9.991E-05 0.0337088 0.207968 9.991E-05 0.0189152 9.991E-05 9.991E-05 9.991E-05 0.0111522 0.0475937 9.991E-05 0.247644 9.991E-05 9.991E-05 9.991E-05 0.432019
9.98829E-05 0.210336 9.98829E-05 9.98829E-05 9.98829E-05 0.0491788 9.98829E-05 9.98829E-05 9.98829E-05 0.332774 9.98829E-05 9.98829E-05 9.98829E-05 9.98829E-05 9.98829E-05 0.406413 9.98829E-05
0.345836 9.99279E-05 9.99279E-05 0.0682325 9.99279E-05 0.0135309 9.99279E-05 0.0684992 9.99279E-05 0.0166647 9.99279E-05 9.99279E-05 0.223241 9.99279E-05 0.11951 0.00210368 0.141583
0.114511 9.99099E-05 9.99099E-05 0.430381 9.99099E-05 9.99099E-05 0.0721037 9.99099E-05 9.99099E-05 0.204768 9.99099E-05 9.99099E-05 0.0542544 9.99099E-05 0.117866 0.00511659 9.99099E-05
9.99369E-05 0.0659634 9.99369E-05 9.99369E-05 0.0856904 9.99369E-05 9.99369E-05 0.2291 0.0153259 9.99369E-05 0.0249572 0.00743175 0.422746 0.00148266 9.99369E-05 0.00791113 0.138693
9.99009E-05 0.184495 0.00537842 9.99009E-05 9.99009E-05 9.99009E-05 9.99009E-05 9.99009E-05 9.99009E-05 0.18023 9.99009E-05 0.0369201 9.99009E-05 9.99009E-05 9.99009E-05 0.143153 0.448725
0.451227 9.98919E-05 9.98919E-05 0.324392 9.98919E-05 9.98919E-05 9.98919E-05 9.98919E-05 9.98919E-05 0.0507884 9.98919E-05 9.98919E-05 9.98919E-05 9.98919E-05 0.168984 9.98919E-05 0.00340977
9.99101E-05 0.326148 9.99101E-05 9.99101E-05 0.0479288 0.0199456 9.99101E-05 9.99101E-05 9.99101E-05 9.99101E-05 0.00938294 9.99101E-05 0.0402337 0.0394364 0.0393999 0.476625 9.99101E-05
9.98919E-05 0.296469 9.98919E-05 0.042958 9.98919E-05 9.98919E-05 0.00245255 9.98919E-05 9.98919E-05 9.98919E-05 9.98919E-05 9.98919E-05 9.98919E-05 9.98919E-05 9.98919E-05 0.191866 0.465057
0.0349834 0.372705 9.98829E-05 9.98829E-05 9.98829E-05 9.98829E-05 9.98829E-05 0.0150072 9.98829E-05 9.98829E-05 9.98829E-05 9.98829E-05 9.98829E-05 9.98829E-05 9.98829E-05 9.98829E-05 0.576006
9.9919E-05 0.0201636 9.9919E-05 0.316956 9.9919E-05 9.9919E-05 0.165969 0.0727333 9.9919E-05 0.00557213 9.9919E-05 0.0298407 0.137313 9.9919E-05 9.9919E-05 9.9919E-05 0.250554
0.0656383 9.98919E-05 0.00512533 9.98919E-05 9.98919E-05 0.721628 9.98919E-05 9.98919E-05 0.159604 9.98919E-05 0.0468057 9.98919E-05 9.98919E-05 9.98919E-05 9.98919E-05 9.98919E-05 9.98919E-05
9.98829E-05 9.98829E-05 9.98829E-05 9.98829E-05 9.98829E-05 0.771277 0.00807659 9.98829E-05 0.186709 9.98829E-05 9.98829E-05 9.98829E-05 0.0326391 9.98829E-05 9.98829E-05 9.98829E-05 9.98829E-05
9.98827E-05 9.98827E-05 9.98827E-05 9.98827E-05 9.98827E-05 0.822784 9.98827E-05 9.98827E-05 0.121462 9.98827E-05 9.98827E-05 0.04046 9.98827E-05 9.98827E-05 9.98827E-05 9.98827E-05 0.0139955
9.99009E-05 9.99009E-05 0.00644022 9.99009E-05 9.99009E-05 0.62703 0.274011 9.99009E-05 0.00782245 9.99009E-05 0.0394527 9.99009E-05 0.0441444 9.99009E-05 9.99009E-05 9.99009E-05 9.99009E-05
0.0531667 9.99009E-05 0.021584 0.0304515 9.99009E-05 0.711926 9.99009E-05 9.99009E-05 9.99009E-05 9.99009E-05 0.00186591 9.99009E-05 0.179907 9.99009E-05 9.99009E-05 9.99009E-05 9.99009E-05
9.99098E-05 0.115951 9.99098E-05 9.99098E-05 9.99098E-05 0.428306 9.99098E-05 9.99098E-05 9.99098E-05 0.00603231 9.99098E-05 0.128958 9.99098E-05 0.149454 9.99098E-05 0.0951047 0.0751952
0.0881631 9.99278E-05 0.124559 0.105277 9.99278E-05 0.278059 9.99278E-05 9.99278E-05 9.99278E-05 0.0160507 0.0825339 0.197162 0.0511218 9.99278E-05 0.0562743 9.99278E-05 9.99278E-05
9.98919E-05 0.0384513 9.98919E-05 9.98919E-05 0.482733 0.242504 9.98919E-05 9.98919E-05 9.98919E-05 9.98919E-05 0.0430105 9.98919E-05 9.98919E-05 0.192103 9.98919E-05 9.98919E-05 9.98919E-05
9.98919E-05 9.98919E-05 0.246315 9.98919E-05 9.98919E-05 0.180913 9.98919E-05 9.98919E-05 0.431188 9.98919E-05 0.114966 0.0254197 9.98919E-05 9.98919E-05 9.98919E-05 9.98919E-05 9.98919E-05
9.98918E-05 9.98918E-05 9.98918E-05 9.98918E-05 9.98918E-05 0.778961 9.98918E-05 0.0193996 0.00876286 9.98918E-05 9.98918E-05 0.0906007 9.98918E-05 9.98918E-05 9.98918E-05 0.101077 9.98918E-05
9.98739E-05 9.98739E-05 9.98739E-05 9.98739E-05 9.98739E-05 0.84734 0.00179941 9.98739E-05 9.98739E-05 9.98739E-05 9.98739E-05 9.98739E-05 0.149462 9.98739E-05 9.98739E-05 9.98739E-05 9.98739E-05
0.00304241 0.0919618 0.0136366 9.99191E-05 0.164429 0.55492 0.128306 9.99191E-05 9.99191E-05 9.99191E-05 9.99191E-05 9.99191E-05 0.00375921 0.0390457 9.99191E-05 9.99191E-05 9.99191E-05
9.99189E-05 9.99189E-05 9.99189E-05 9.99189E-05 9.99189E-05 0.0078514 0.000456958 0.0544172 0.00362156 9.99189E-05 9.99189E-05 0.754811 0.0181155 0.10611 9.99189E-05 0.0537169 9.99189E-05
9.98917E-05 0.146683 9.98917E-05 9.98917E-05 0.121952 0.579215 9.98917E-05 9.98917E-05 9.98917E-05 9.98917E-05 9.98917E-05 9.98917E-05 9.98917E-05 0.0580386 9.98917E-05 0.0929127 9.98917E-05
9.98918E-05 0.0930005 9.98918E-05 9.98918E-05 9.98918E-05 0.583054 9.98918E-05 9.98918E-05 9.98918E-05 9.98918E-05 9.98918E-05 0.11294 9.98918E-05 0.0456649 9.98918E-05 9.98918E-05 0.164142
9.98649E-05 9.98649E-05 9.98649E-05 9.98649E-05 9.98649E-05 0.81581 9.98649E-05 9.98649E-05 9.98649E-05 9.98649E-05 9.98649E-05 9.98649E-05 0.182693 9.98649E-05 9.98649E-05 9.98649E-05 9.98649E-05
0.13175 9.98919E-05 9.98919E-05 0.063362 9.98919E-05 0.736156 9.98919E-05 9.98919E-05 9.98919E-05 9.98919E-05 0.0488402 9.98919E-05 0.0186937 9.98919E-05 9.98919E-05 9.98919E-05 9.98919E-05
0.305149 9.98739E-05 9.98739E-05 9.98739E-05 0.000943133 0.692509 9.98739E-05 9.98739E-05 9.98739E-05 9.98739E-05 9.98739E-05 9.98739E-05 9.98739E-05 9.98739E-05 9.98739E-05 9.98739E-05 9.98739E-05
9.98829E-05 9.98829E-05 9.98829E-05 0.0595425 9.98829E-05 0.683105 0.21209 9.98829E-05 9.98829E-05 9.98829E-05 0.0439647 9.98829E-05 9.98829E-05 9.98829E-05 9.98829E-05 9.98829E-05 9.98829E-05
9.98737E-05 9.98737E-05 9.98737E-05 9.98737E-05 9.98737E-05 9.98737E-05 9.98737E-05 9.98737E-05 9.98737E-05 9.98737E-05 0.416888 9.98737E-05 9.98737E-05 0.449339 9.98737E-05 9.98737E-05 0.132375
9.9919E-05 9.9919E-05 9.9919E-05 0.0142915 0.100043 9.9919E-05 0.00600048 0.0612904 0.0213739 9.9919E-05 0.0026576 9.9919E-05 9.9919E-05 0.792163 9.9919E-05 9.9919E-05 0.00128088
9.99189E-05 0.154284 0.0362496 9.99189E-05 0.104521 0.0216818 9.99189E-05 9.99189E-05 9.99189E-05 0.0603289 9.99189E-05 0.0321148 9.99189E-05 0.55248 9.99189E-05 0.0374404 9.99189E-05
9.99099E-05 9.99099E-05 0.016185 9.99099E-05 0.0340518 9.99099E-05 0.305877 9.99099E-05 0.119526 9.99099E-05 0.184117 0.0879289 9.99099E-05 0.251316 9.99099E-05 9.99099E-05 9.99099E-05
9.98827E-05 9.98827E-05 9.98827E-05 9.98827E-05 9.98827E-05 0.26988 9.98827E-05 9.98827E-05 9.98827E-05 9.98827E-05 0.122987 9.98827E-05 9.98827E-05 0.487019 9.98827E-05 9.98827E-05 0.118816
0.136829 0.0763062 9.99099E-05 9.99099E-05 9.99099E-05 0.0258934 9.99099E-05 0.00466215 9.99099E-05 0.0733429 9.99099E-05 0.0607703 9.99099E-05 0.621197 9.99099E-05 9.99099E-05 9.99099E-05
9.99009E-05 9.99009E-05 0.0993296 0.261265 9.99009E-05 9.99009E-05 0.122889 9.99009E-05 9.99009E-05 9.99009E-05 0.158669 0.34382 9.99009E-05 9.99009E-05 0.0129284 9.99009E-05 9.99009E-05
0.034553 9.99009E-05 9.99009E-05 0.0320199 9.99009E-05 9.99009E-05 9.99009E-05 9.99009E-05 9.99009E-05 9.99009E-05 0.524643 9.99009E-05 0.0558159 0.171517 0.180352 9.99009E-05 9.99009E-05
9.98828E-05 0.180898 9.98828E-05 9.98828E-05 9.98828E-05 0.151494 9.98828E-05 9.98828E-05 9.98828E-05 9.98828E-05 9.98828E-05 9.98828E-05 9.98828E-05 0.558577 9.98828E-05 0.107732 9.98828E-05
9.98917E-05 9.98917E-05 0.00905696 9.98917E-05 9.98917E-05 9.98917E-05 9.98917E-05 9.98917E-05 0.0478143 9.98917E-05 0.324446 9.98917E-05 9.98917E-05 0.53727 9.98917E-05 9.98917E-05 0.0802137
9.98649E-05 9.98649E-05 9.98649E-05 9.98649E-05 0.606888 9.98649E-05 9.98649E-05 9.98649E-05 9.98649E-05 9.98649E-05 9.98649E-05 9.98649E-05 9.98649E-05 0.391614 9.98649E-05 9.98649E-05 9.98649E-05
0.0158813 9.991E-05 0.0857663 9.991E-05 9.991E-05 9.991E-05 0.00478293 9.991E-05 9.991E-05 9.991E-05 0.385121 9.991E-05 9.991E-05 0.326728 0.158704 9.991E-05 0.0220177
9.98919E-05 9.98919E-05 9.98919E-05 9.98919E-05 0.139229 9.98919E-05 0.00902753 9.98919E-05 0.0636959 9.98919E-05 0.082906 9.98919E-05 9.98919E-05 0.703943 9.98919E-05 9.98919E-05 9.98919E-05
9.9901E-05 9.9901E-05 9.9901E-05 9.9901E-05 9.9901E-05 0.0239639 0.1246 9.9901E-05 0.259479 9.9901E-05 0.100059 9.9901E-05 0.0745516 0.416248 9.9901E-05 9.9901E-05 9.9901E-05
0.273924 9.99188E-05 0.0229199 9.99188E-05 9.99188E-05 0.0671554 9.99188E-05 9.99188E-05 9.99188E-05 0.0219072 0.312275 0.175358 0.0924127 0.0331482 9.99188E-05 9.99188E-05 9.99188E-05
0.232478 9.99189E-05 0.0462343 9.99189E-05 9.99189E-05 0.00803725 9.99189E-05 9.99189E-05 9.99189E-05 9.99189E-05 0.160205 9.99189E-05 0.109186 0.314956 0.0958776 9.99189E-05 0.0321262
0.0431418 9.9937E-05 0.0573394 0.0494362 9.9937E-05 0.035199 0.421172 9.9937E-05 0.00553372 9.9937E-05 0.190029 0.0371109 9.9937E-05 0.159223 0.00111474 9.9937E-05 9.9937E-05
9.98919E-05 9.98919E-05 0.255353 0.0433611 9.98919E-05 0.33649 0.354697 9.98919E-05 9.98919E-05 9.98919E-05 9.98919E-05 9.98919E-05 0.00889931 9.98919E-05 9.98919E-05 9.98919E-05 9.98919E-05
9.99007E-05 9.99007E-05 9.99007E-05 9.99007E-05 9.99007E-05 9.99007E-05 9.99007E-05 0.0499311 9.99007E-05 9.99007E-05 0.214932 0.121395 9.99007E-05 0.52602 9.99007E-05 0.0731611 0.0134609
9.99009E-05 9.99009E-05 0.28063 9.99009E-05 0.0618004 9.99009E-05 9.99009E-05 9.99009E-05 0.132484 9.99009E-05 0.138521 9.99009E-05 0.0893969 0.296068 9.99009E-05 9.99009E-05 9.99009E-05
9.99098E-05 9.99098E-05 0.0479385 9.99098E-05 0.00854776 9.99098E-05 9.99098E-05 0.0412523 9.99098E-05 9.99098E-05 9.99098E-05 0.00589868 9.99098E-05 0.775392 0.00399589 0.115976 9.99098E-05
9.98738E-05 9.98738E-05 9.98738E-05 9.98738E-05 9.98738E-05 9.98738E-05 9.98738E-05 9.98738E-05 0.129728 9.98738E-05 0.670801 9.98738E-05 9.98738E-05 0.198072 9.98738E-05 9.98738E-05 9.98738E-05
0.0136029 9.99098E-05 9.99098E-05 9.99098E-05 9.99098E-05 0.0327317 9.99098E-05 9.99098E-05 9.99098E-05 9.99098E-05 0.522927 0.138493 0.00830478 0.168228 9.99098E-05 9.99098E-05 0.114713
0.0719416 9.99098E-05 0.052207 0.0454825 9.99098E-05 9.99098E-05 9.99098E-05 9.99098E-05 9.99098E-05 9.99098E-05 0.351281 9.99098E-05 9.99098E-05 0.347509 0.0752905 9.99098E-05 0.0552893
9.99009E-05 0.0404966 9.99009E-05 9.99009E-05 9.99009E-05 9.99009E-05 9.99009E-05 0.0834773 9.99009E-05 9.99009E-05 0.0805568 0.643662 9.99009E-05 0.057522 9.99009E-05 0.093186 9.99009E-05
9.98739E-05 9.98739E-05 9.98739E-05 9.98739E-05 9.98739E-05 0.0638518 0.296779 9.98739E-05 9.98739E-05 9.98739E-05 0.637971 9.98739E-05 9.98739E-05 9.98739E-05 9.98739E-05 9.98739E-05 9.98739E-05
9.98919E-05 0.494571 0.0344019 9.98919E-05 9.98919E-05 9.98919E-05 9.98919E-05 9.98919E-05 9.98919E-05 9.98919E-05 0.2902 0.023335 9.98919E-05 0.156293 9.98919E-05 9.98919E-05 9.98919E-05
0.119828 9.99098E-05 0.0767453 9.99098E-05 9.99098E-05 0.0366481 9.99098E-05 9.99098E-05 9.99098E-05 9.99098E-05 0.183473 0.33636 0.183609 9.99098E-05 9.99098E-05 9.99098E-05 0.0623375
9.9883E-05 9.9883E-05 9.9883E-05 9.9883E-05 9.9883E-05 9.9883E-05 0.00534557 9.9883E-05 0.022106 9.9883E-05 0.904305 9.9883E-05 9.9883E-05 9.9883E-05 0.0669446 9.9883E-05 9.9883E-05
0.134604 9.9883E-05 9.9883E-05 9.9883E-05 0.072087 9.9883E-05 9.9883E-05 9.9883E-05 0.0290337 9.9883E-05 0.762977 9.9883E-05 9.9883E-05 9.9883E-05 9.9883E-05 9.9883E-05 9.9883E-05
9.98917E-05 9.98917E-05 0.165486 0.099941 9.98917E-05 9.98917E-05 9.98917E-05 9.98917E-05 9.98917E-05 9.98917E-05 0.0825626 0.607296 9.98917E-05 9.98917E-05 9.98917E-05 9.98917E-05 0.0435164
9.98918E-05 9.98918E-05 9.98918E-05 9.98918E-05 9.98918E-05 0.0866134 0.0346537 9.98918E-05 0.0296212 9.98918E-05 9.98918E-05 0.76747 9.98918E-05 9.98918E-05 9.98918E-05 9.98918E-05 0.0804431
9.98828E-05 9.98828E-05 9.98828E-05 9.98828E-05 0.268659 9.98828E-05 9.98828E-05 9.98828E-05 9.98828E-05 9.98828E-05 9.98828E-05 0.729263 9.98828E-05 0.000594803 9.98828E-05 0.000184783 9.98828E-05
9.98918E-05 0.416951 9.98918E-05 9.98918E-05 0.0147986 9.98918E-05 9.98918E-05 9.98918E-05 9.98918E-05 9.98918E-05 0.208555 0.0763412 9.98918E-05 0.282155 9.98918E-05 9.98918E-05 9.98918E-05
9.99009E-05 9.99009E-05 0.0141583 0.0181221 9.99009E-05 0.647894 0.194784 9.99009E-05 9.99009E-05 9.99009E-05 0.0143847 9.99009E-05 9.99009E-05 9.99009E-05 0.109557 9.99009E-05 9.99009E-05
9.98916E-05 0.141385 9.98916E-05 9.98916E-05 9.98916E-05 9.98916E-05 9.98916E-05 9.98916E-05 9.98916E-05 9.98916E-05 0.353891 0.0923938 9.98916E-05 0.272194 9.98916E-05 0.138938 9.98916E-05
0.0233474 9.98918E-05 0.00962501 9.98918E-05 9.98918E-05 9.98918E-05 9.98918E-05 9.98918E-05 0.0098931 9.98918E-05 0.593936 0.362 9.98918E-05 9.98918E-05 9.98918E-05 9.98918E-05 9.98918E-05
0.0262843 9.98918E-05 0.0287577 0.195241 9.98918E-05 9.98918E-05 9.98918E-05 9.98918E-05 9.98918E-05 9.98918E-05 9.98918E-05 0.553854 0.194664 9.98918E-05 9.98918E-05 9.98918E-05 9.98918E-05
9.98917E-05 0.128965 9.98917E-05 9.98917E-05 9.98917E-05 0.680114 9.98917E-05 9.98917E-05 9.98917E-05 9.98917E-05 9.98917E-05 0.031325 9.98917E-05 0.0599312 9.98917E-05 0.0984663 9.98917E-05
9.98919E-05 0.266977 9.98919E-05 9.98919E-05 0.253963 0.120073 9.98919E-05 9.98919E-05 9.98919E-05 9.98919E-05 9.98919E-05 0.21818 9.98919E-05 0.139609 9.98919E-05 9.98919E-05 9.98919E-05
9.98917E-05 0.0759947 9.98917E-05 9.98917E-05 9.98917E-05 0.65228 9.98917E-05 9.98917E-05 9.98917E-05 9.98917E-05 9.98917E-05 0.0529671 9.98917E-05 0.1306 9.98917E-05 0.0869603 9.98917E-05
9.98828E-05 9.98828E-05 0.0674141 9.98828E-05 9.98828E-05 0.154218 9.98828E-05 9.98828E-05 0.155828 9.98828E-05 9.98828E-05 0.621241 9.98828E-05 9.98828E-05 9.98828E-05 9.98828E-05 9.98828E-05
9.98919E-05 9.98919E-05 9.98919E-05 9.98919E-05 0.496579 0.0654865 9.98919E-05 9.98919E-05 0.0394066 9.98919E-05 9.98919E-05 0.253376 9.98919E-05 0.143953 9.98919E-05 9.98919E-05 9.98919E-05
9.99009E-05 9.99009E-05 9.99009E-05 9.99009E-05 9.99009E-05 0.15276 0.0711185 9.99009E-05 9.99009E-05 9.99009E-05 0.301519 0.100302 0.254039 0.119163 9.99009E-05 9.99009E-05 9.99009E-05
9.98828E-05 9.98828E-05 9.98828E-05 9.98828E-05 9.98828E-05 9.98828E-05 9.98828E-05 9.98828E-05 0.0364913 9.98828E-05 0.337458 9.98828E-05 0.183352 0.4414 9.98828E-05 9.98828E-05 9.98828E-05
0.0115617 9.9919E-05 0.0800623 9.9919E-05 9.9919E-05 0.0925309 0.0611728 9.9919E-05 9.9919E-05 9.9919E-05 0.0487029 0.000150964 0.311611 0.393308 9.9919E-05 9.9919E-05 9.9919E-05
9.98918E-05 0.160722 9.98918E-05 9.98918E-05 0.0111391 9.98918E-05 9.98918E-05 9.98918E-05 9.98918E-05 9.98918E-05 0.244792 9.98918E-05 9.98918E-05 0.480977 9.98918E-05 0.101171 9.98918E-05
9.98917E-05 9.98917E-05 9.98917E-05 9.98917E-05 9.98917E-05 0.054699 9.98917E-05 9.98917E-05 0.280626 9.98917E-05 0.489931 0.0394448 9.98917E-05 0.1341 9.98917E-05 9.98917E-05 9.98917E-05
9.98829E-05 9.98829E-05 0.0496049 0.0294769 9.98829E-05 9.98829E-05 9.98829E-05 9.98829E-05 9.98829E-05 9.98829E-05 0.85119 9.98829E-05 0.0684298 9.98829E-05 9.98829E-05 9.98829E-05 9.98829E-05
9.98917E-05 0.0755019 0.564988 9.98917E-05 9.98917E-05 0.173726 9.98917E-05 9.98917E-05 9.98917E-05 9.98917E-05 9.98917E-05 0.0300916 9.98917E-05 9.98917E-05 9.98917E-05 0.154493 9.98917E-05
9.98737E-05 0.272659 0.28833 9.98737E-05 9.98737E-05 9.98737E-05 9.98737E-05 9.98737E-05 9.98737E-05 9.98737E-05 9.98737E-05 9.98737E-05 9.98737E-05 0.437613 9.98737E-05 9.98737E-05 9.98737E-05
9.98828E-05 9.98828E-05 0.733658 9.98828E-05 9.98828E-05 0.158537 9.98828E-05 9.98828E-05 9.98828E-05 9.98828E-05 9.98828E-05 9.98828E-05 9.98828E-05 9.98828E-05 0.0747285 9.98828E-05 0.0317785
9.98736E-05 0.248412 0.450673 9.98736E-05 9.98736E-05 9.98736E-05 9.98736E-05 9.98736E-05 9.98736E-05 9.98736E-05 9.98736E-05 9.98736E-05 9.98736E-05 0.299517 9.98736E-05 9.98736E-05 9.98736E-05
9.98736E-05 0.213185 0.604432 9.98736E-05 9.98736E-05 9.98736E-05 9.98736E-05 9.98736E-05 9.98736E-05 9.98736E-05 9.98736E-05 9.98736E-05 9.98736E-05 0.180984 9.98736E-05 9.98736E-05 9.98736E-05
9.98828E-05 9.98828E-05 0.832268 0.0403884 9.98828E-05 9.98828E-05 9.98828E-05 9.98828E-05 9.98828E-05 9.98828E-05 0.034516 9.98828E-05 9.98828E-05 9.98828E-05 0.091529 9.98828E-05 9.98828E-05
9.98918E-05 0.00900287 0.286079 9.98918E-05 9.98918E-05 9.98918E-05 9.98918E-05 9.98918E-05 9.98918E-05 9.98918E-05 0.201235 9.98918E-05 9.98918E-05 0.282616 9.98918E-05 9.98918E-05 0.219868
9.98737E-05 9.98737E-05 0.714009 9.98737E-05 9.98737E-05 9.98737E-05 9.98737E-05 9.98737E-05 9.98737E-05 9.98737E-05 9.98737E-05 9.98737E-05 9.98737E-05 0.195584 9.98737E-05 9.98737E-05 0.0890082
9.98829E-05 9.98829E-05 9.98829E-05 9.98829E-05 0.419929 9.98829E-05 9.98829E-05 0.567472 9.98829E-05 9.98829E-05 9.98829E-05 0.00718518 9.98829E-05 0.00411484 9.98829E-05 9.98829E-05 9.98829E-05
9.99099E-05 9.99099E-05 9.99099E-05 9.99099E-05 0.201625 0.0153556 9.99099E-05 0.583456 0.0247135 9.99099E-05 9.99099E-05 9.99099E-05 0.0315675 0.141174 0.00110914 9.99099E-05 9.99099E-05
9.9892E-05 9.9892E-05 9.9892E-05 9.9892E-05 0.0341181 9.9892E-05 0.148606 0.733497 0.0727071 9.9892E-05 9.9892E-05 9.9892E-05 9.9892E-05 0.00987312 9.9892E-05 9.9892E-05 9.9892E-05
9.9874E-05 9.9874E-05 0.0490173 9.9874E-05 9.9874E-05 9.9874E-05 9.9874E-05 0.54118 9.9874E-05 9.9874E-05 9.9874E-05 9.9874E-05 9.9874E-05 9.9874E-05 0.408404 9.9874E-05 9.9874E-05
9.98918E-05 9.98918E-05 0.00634724 9.98918E-05 0.248621 9.98918E-05 9.98918E-05 0.598705 9.98918E-05 0.0286079 9.98918E-05 9.98918E-05 9.98918E-05 9.98918E-05 9.98918E-05 0.11652 9.98918E-05
9.99278E-05 9.99278E-05 0.0908032 0.0172141 9.99278E-05 9.99278E-05 0.0692422 0.198299 9.99278E-05 9.99278E-05 0.0149458 9.99278E-05 0.00813466 9.99278E-05 0.0688991 0.0711558 0.460507
9.98828E-05 0.475503 9.98828E-05 0.00876946 9.98828E-05 9.98828E-05 9.98828E-05 0.483452 9.98828E-05 9.98828E-05 9.98828E-05 9.98828E-05 9.98828E-05 9.98828E-05 9.98828E-05 0.0309773 9.98828E-05
9.98648E-05 9.98648E-05 9.98648E-05 9.98648E-05 0.309426 9.98648E-05 9.98648E-05 0.689076 9.98648E-05 9.98648E-05 9.98648E-05 9.98648E-05 9.98648E-05 9.98648E-05 9.98648E-05 9.98648E-05 9.98648E-05
9.98919E-05 9.98919E-05 9.98919E-05 9.98919E-05 9.98919E-05 0.0229591 9.98919E-05 0.742473 9.98919E-05 0.035828 9.98919E-05 0.0485689 9.98919E-05 9.98919E-05 9.98919E-05 0.148973 9.98919E-05
0.137043 9.99009E-05 9.99009E-05 0.0602682 9.99009E-05 9.99009E-05 0.00499884 0.432351 0.273133 9.99009E-05 0.0911079 9.99009E-05 9.99009E-05 9.99009E-05 9.99009E-05 9.99009E-05 9.99009E-05
9.98829E-05 9.98829E-05 9.98829E-05 9.98829E-05 0.663332 9.98829E-05 9.98829E-05 0.211659 9.98829E-05 0.105955 9.98829E-05 9.98829E-05 9.98829E-05 0.0177552 9.98829E-05 9.98829E-05 9.98829E-05
0.42024 0.00790544 9.99099E-05 0.039647 9.99099E-05 9.99099E-05 9.99099E-05 0.453359 0.00419442 0.0526656 0.0209896 9.99099E-05 9.99099E-05 9.99099E-05 9.99099E-05 9.99099E-05 9.99099E-05
9.98829E-05 9.98829E-05 9.98829E-05 9.98829E-05 0.0477208 9.98829E-05 9.98829E-05 0.743655 9.98829E-05 9.98829E-05 9.98829E-05 9.98829E-05 9.98829E-05 0.0137352 9.98829E-05 0.19359 9.98829E-05
0.112912 9.99001E-05 0.0149178 9.99001E-05 9.99001E-05 9.99001E-05 9.99001E-05 0.569328 9.99001E-05 9.99001E-05 0.044143 9.99001E-05 0.00951192 9.99001E-05 9.99001E-05 0.0145267 0.233662
9.99099E-05 9.99099E-05 9.99099E-05 9.99099E-05 0.000197323 0.0312613 9.99099E-05 0.531254 0.303862 0.0473986 9.99099E-05 9.99099E-05 9.99099E-05 9.99099E-05 9.99099E-05 0.0679463 0.0170815
9.99008E-05 0.166064 9.99008E-05 0.04864 9.99008E-05 9.99008E-05 9.99008E-05 0.280876 9.99008E-05 9.99008E-05 9.99008E-05 0.040646 9.99008E-05 9.99008E-05 9.99008E-05 0.263868 0.198807
0.0141849 9.99097E-05 0.023039 0.0976135 9.99097E-05 9.99097E-05 9.99097E-05 0.465199 9.99097E-05 9.99097E-05 0.0852147 9.99097E-05 0.228442 9.99097E-05 0.0853073 9.99097E-05 9.99097E-05
9.98828E-05 9.98828E-05 9.98828E-05 0.0397465 9.98828E-05 9.98828E-05 0.572853 0.37101 9.98828E-05 9.98828E-05 9.98828E-05 9.98828E-05 0.0150912 9.98828E-05 9.98828E-05 9.98828E-05 9.98828E-05
9.99009E-05 9.99009E-05 9.99009E-05 9.99009E-05 9.99009E-05 0.073741 9.99009E-05 0.591244 0.0497155 0.0747058 9.99009E-05 9.99009E-05 9.99009E-05 0.140777 9.99009E-05 0.068718 9.99009E-05
9.98739E-05 0.155241 9.98739E-05 9.98739E-05 9.98739E-05 9.98739E-05 9.98739E-05 0.705423 9.98739E-05 9.98739E-05 9.98739E-05 9.98739E-05 9.98739E-05 9.98739E-05 9.98739E-05 0.137937 9.98739E-05
0.0118032 9.99009E-05 9.99009E-05 9.99009E-05 9.99009E-05 0.0299802 9.99009E-05 0.55552 0.356559 0.00580553 9.99009E-05 9.99009E-05 9.99009E-05 9.99009E-05 0.039233 9.99009E-05 9.99009E-05
9.98829E-05 9.98829E-05 9.98829E-05 9.98829E-05 9.98829E-05 9.98829E-05 0.109379 0.542783 0.21032 9.98829E-05 9.98829E-05 9.98829E-05 0.13622 9.98829E-05 9.98829E-05 9.98829E-05 9.98829E-05
0.0509073 9.99279E-05 9.99279E-05 0.0370605 9.99279E-05 0.0059048 9.99279E-05 9.99279E-05 0.19359 9.99279E-05 0.0861185 9.99279E-05 0.0562756 9.99279E-05 0.265338 0.0599477 0.244059
9.98737E-05 0.250313 9.98737E-05 0.0267846 9.98737E-05 9.98737E-05 9.98737E-05 9.98737E-05 9.98737E-05 0.721504 9.98737E-05 9.98737E-05 9.98737E-05 9.98737E-05 9.98737E-05 9.98737E-05 9.98737E-05
9.99188E-05 9.99188E-05 0.00781212 0.000757535 0.0285237 9.99188E-05 0.562363 9.99188E-05 9.99188E-05 9.99188E-05 0.0154825 9.99188E-05 0.0991439 9.99188E-05 0.0343307 9.99188E-05 0.250687
9.99009E-05 9.99009E-05 9.99009E-05 9.99009E-05 9.99009E-05 0.0281172 9.99009E-05 0.00198254 0.00113175 9.99009E-05 9.99009E-05 0.00200059 9.99009E-05 9.99009E-05 9.99009E-05 0.52091 0.444759
9.98646E-05 9.98646E-05 9.98646E-05 9.98646E-05 0.487668 9.98646E-05 9.98646E-05 9.98646E-05 9.98646E-05 0.510834 9.98646E-05 9.98646E-05 9.98646E-05 9.98646E-05 9.98646E-05 9.98646E-05 9.98646E-05
0.306927 9.98918E-05 9.98918E-05 0.162769 9.98918E-05 9.98918E-05 0.0503269 9.98918E-05 9.98918E-05 9.98918E-05 9.98918E-05 9.98918E-05 0.315185 9.98918E-05 9.98918E-05 9.98918E-05 0.163594
0.208782 9.99009E-05 9.99009E-05 9.99009E-05 0.00761319 0.0100752 9.99009E-05 9.99009E-05 0.0267207 0.685058 9.99009E-05 9.99009E-05 0.0606523 9.99009E-05 9.99009E-05 9.99009E-05 9.99009E-05
9.99009E-05 9.99009E-05 9.99009E-05 9.99009E-05 0.0383033 9.99009E-05 9.99009E-05 0.0231559 9.99009E-05 9.99009E-05 0.0879711 9.99009E-05 0.123268 0.0214409 9.99009E-05 9.99009E-05 0.704762
9.98739E-05 9.98739E-05 9.98739E-05 9.98739E-05 9.98739E-05 9.98739E-05 0.0406459 9.98739E-05 9.98739E-05 0.633817 9.98739E-05 9.98739E-05 0.324139 9.98739E-05 9.98739E-05 9.98739E-05 9.98739E-05
9.98919E-05 0.44052 9.98919E-05 9.98919E-05 0.0452269 9.98919E-05 9.98919E-05 9.98919E-05 9.98919E-05 0.173457 9.98919E-05 9.98919E-05 0.126392 9.98919E-05 9.98919E-05 0.213205 9.98919E-05
0.171225 9.99098E-05 9.99098E-05 9.99098E-05 9.99098E-05 9.99098E-05 9.99098E-05 9.99098E-05 0.148437 0.0692471 0.0614686 9.99098E-05 0.33867 9.99098E-05 0.123331 9.99098E-05 0.0866227
9.98738E-05 9.98738E-05 9.98738E-05 9.98738E-05 9.98738E-05 9.98738E-05 0.422394 9.98738E-05 9.98738E-05 0.575578 0.000629677 9.98738E-05 9.98738E-05 9.98738E-05 9.98738E-05 9.98738E-05 9.98738E-05
9.98738E-05 0.122763 9.98738E-05 9.98738E-05 0.46145 9.98738E-05 9.98738E-05 9.98738E-05 9.98738E-05 0.414389 9.98738E-05 9.98738E-05 9.98738E-05 9.98738E-05 9.98738E-05 9.98738E-05 9.98738E-05
0.216058 9.99098E-05 9.99098E-05 0.302118 9.99098E-05 9.99098E-05 0.0670039 9.99098E-05 0.0086167 9.99098E-05 9.99098E-05 9.99098E-05 0.0784517 9.99098E-05 0.210816 9.99098E-05 0.115936
9.98828E-05 9.98828E-05 9.98828E-05 0.137271 9.98828E-05 9.98828E-05 9.98828E-05 9.98828E-05 9.98828E-05 0.419633 0.027206 9.98828E-05 0.414592 9.98828E-05 9.98828E-05 9.98828E-05 9.98828E-05
0.0798283 0.0549045 9.99098E-05 0.137311 9.99098E-05 9.99098E-05 0.0879551 9.99098E-05 9.99098E-05 9.99098E-05 9.99098E-05 9.99098E-05 0.437785 9.99098E-05 9.99098E-05 0.00392022 0.197297
9.98828E-05 0.037105 9.98828E-05 9.98828E-05 0.405029 9.98828E-05 9.98828E-05 9.98828E-05 9.98828E-05 0.493239 9.98828E-05 9.98828E-05 9.98828E-05 9.98828E-05 9.98828E-05 0.0633291 9.98828E-05
9.98827E-05 9.98827E-05 0.0158551 9.98827E-05 9.98827E-05 9.98827E-05 9.98827E-05 9.98827E-05 9.98827E-05 0.111016 9.98827E-05 9.98827E-05 0.800231 9.98827E-05 0.0715996 9.98827E-05 9.98827E-05
0.269554 9.99098E-05 9.99098E-05 0.0115437 9.99098E-05 9.99098E-05 9.99098E-05 9.99098E-05 0.138774 9.99098E-05 0.0170626 9.99098E-05 0.0486428 9.99098E-05 0.29981 9.99098E-05 0.213614
0.00609766 9.99098E-05 0.0994199 9.99098E-05 9.99098E-05 9.99098E-05 9.99098E-05 9.99098E-05 9.99098E-05 0.110433 9.99098E-05 9.99098E-05 0.00634747 9.99098E-05 0.0130699 0.183635 0.579998
0.0355384 9.99371E-05 0.00802698 9.99371E-05 0.122019 0.0541759 0.403259 0.0353772 0.0931747 9.99371E-05 0.0141874 9.99371E-05 9.99371E-05 9.99371E-05 0.0183437 9.99371E-05 0.215198
9.99099E-05 9.99099E-05 0.0393674 9.99099E-05 9.99099E-05 0.0347958 0.213433 9.99099E-05 0.0464647 9.99099E-05 9.99099E-05 9.99099E-05 0.348379 9.99099E-05 9.99099E-05 0.166877 0.149684
9.98827E-05 0.0446321 9.98827E-05 9.98827E-05 0.172166 9.98827E-05 9.98827E-05 9.98827E-05 9.98827E-05 0.446872 9.98827E-05 9.98827E-05 9.98827E-05 9.98827E-05 9.98827E-05 0.335031 9.98827E-05
0.0978043 0.0951645 9.99279E-05 9.99279E-05 9.99279E-05 0.0264872 9.99279E-05 9.99279E-05 9.99279E-05 0.0391639 9.99279E-05 0.0388007 0.352947 0.040724 0.0658256 9.99279E-05 0.242283
9.98917E-05 9.98917E-05 0.061714 9.98917E-05 9.98917E-05 9.98917E-05 9.98917E-05 9.98917E-05 9.98917E-05 0.627809 9.98917E-05 0.0147093 9.98917E-05 9.98917E-05 0.00185001 9.98917E-05 0.292719
9.99189E-05 9.99189E-05 9.99189E-05 0.0278383 0.0272284 9.99189E-05 9.99189E-05 0.205455 9.99189E-05 0.072798 9.99189E-05 0.101169 9.99189E-05 0.03181 9.99189E-05 0.467327 0.0654759
0.00638143 9.99188E-05 9.99188E-05 9.99188E-05 9.99188E-05 0.000533966 9.99188E-05 0.0897392 9.99188E-05 9.99188E-05 0.0241897 0.0477017 0.576597 9.99188E-05 0.13987 0.114088 9.99188E-05
9.98828E-05 9.98828E-05 9.98828E-05 9.98828E-05 9.98828E-05 9.98828E-05 9.98828E-05 0.00160752 0.798299 0.138336 9.98828E-05 9.98828E-05 9.98828E-05 0.0604598 9.98828E-05 9.98828E-05 9.98828E-05
9.991E-05 0.0766856 0.0168394 0.0305721 0.688336 0.0359118 9.991E-05 9.991E-05 9.991E-05 9.991E-05 9.991E-05 9.991E-05 0.0219892 9.991E-05 9.991E-05 0.128667 9.991E-05
9.99278E-05 0.0899416 9.99278E-05 0.0242876 0.00296804 9.99278E-05 9.99278E-05 0.129719 0.023906 0.248084 9.99278E-05 0.124985 9.99278E-05 9.99278E-05 9.99278E-05 0.142856 0.212452
0.0342331 0.103192 9.99459E-05 9.99459E-05 9.99459E-05 0.0155658 9.99459E-05 0.0974741 9.99459E-05 0.0122938 0.00317622 0.00313351 9.99459E-05 0.0233205 0.0824145 0.571189 0.0534073
0.42056 9.99009E-05 9.99009E-05 9.99009E-05 9.99009E-05 0.0256325 9.99009E-05 9.99009E-05 0.212045 0.117502 0.0168289 9.99009E-05 9.99009E-05 9.99009E-05 9.99009E-05 0.206333 9.99009E-05
9.98829E-05 0.122578 9.98829E-05 9.98829E-05 0.0577285 9.98829E-05 9.98829E-05 9.98829E-05 9.98829E-05 9.98829E-05 9.98829E-05 9.98829E-05 0.00970913 9.98829E-05 9.98829E-05 0.808686 9.98829E-05
0.140579 9.98917E-05 9.98917E-05 0.095171 9.98917E-05 9.98917E-05 0.140497 9.98917E-05 9.98917E-05 9.98917E-05 9.98917E-05 9.98917E-05 0.432229 9.98917E-05 9.98917E-05 9.98917E-05 0.190325
9.98829E-05 9.98829E-05 9.98829E-05 9.98829E-05 9.98829E-05 9.98829E-05 9.98829E-05 9.98829E-05 0.014992 9.98829E-05 9.98829E-05 9.98829E-05 0.0138536 9.98829E-05 0.0194802 0.950376 9.98829E-05
9.99099E-05 9.99099E-05 9.99099E-05 9.99099E-05 0.144549 9.99099E-05 0.367032 9.99099E-05 0.0929034 0.293916 9.99099E-05 9.99099E-05 0.0324544 9.99099E-05 0.0396374 0.0285079 9.99099E-05
9.99188E-05 0.0411657 9.99188E-05 0.0958592 9.99188E-05 9.99188E-05 0.279109 0.017521 0.253065 0.0505455 9.99188E-05 9.99188E-05 0.252758 9.99188E-05 9.99188E-05 0.00907721 9.99188E-05
9.9919E-05 9.9919E-05 9.9919E-05 9.9919E-05 9.9919E-05 9.9919E-05 9.9919E-05 0.0438793 0.358616 0.129871 9.9919E-05 0.0886052 9.9919E-05 0.0733345 0.0327556 0.0919122 0.180126
9.99188E-05 0.0469618 9.99188E-05 9.99188E-05 9.99188E-05 9.99188E-05 9.99188E-05 0.103288 0.179592 0.0161768 0.0524409 0.00740241 0.00807696 9.99188E-05 9.99188E-05 9.99188E-05 0.585162
9.99278E-05 9.99278E-05 9.99278E-05 0.076613 9.99278E-05 0.0151998 9.99278E-05 0.0614563 0.34615 0.119608 9.99278E-05 0.067791 9.99278E-05 0.0110586 9.99278E-05 0.134449 0.166875
9.99008E-05 9.99008E-05 9.99008E-05 9.99008E-05 9.99008E-05 9.99008E-05 0.253502 0.133806 0.136121 9.99008E-05 9.99008E-05 9.99008E-05 0.25101 9.99008E-05 9.99008E-05 0.21122 0.0132434
9.99099E-05 0.0442294 9.99099E-05 0.0598029 0.554396 9.99099E-05 9.99099E-05 0.00996515 0.0578929 9.99099E-05 9.99099E-05 9.99099E-05 9.99099E-05 9.99099E-05 9.99099E-05 0.244506 0.0282086
9.98738E-05 9.98738E-05 9.98738E-05 9.98738E-05 0.500255 9.98738E-05 9.98738E-05 9.98738E-05 9.98738E-05 0.264773 9.98738E-05 9.98738E-05 9.98738E-05 9.98738E-05 9.98738E-05 0.233574 9.98738E-05
9.99009E-05 0.379936 9.99009E-05 9.99009E-05 9.99009E-05 9.99009E-05 9.99009E-05 9.99009E-05 9.99009E-05 0.150153 9.99009E-05 0.0769901 9.99009E-05 9.99009E-05 0.0558587 0.199215 0.136748
9.9892E-05 9.9892E-05 9.9892E-05 9.9892E-05 0.133005 9.9892E-05 9.9892E-05 9.9892E-05 9.9892E-05 0.0643179 9.9892E-05 9.9892E-05 9.9892E-05 0.0860784 0.0155579 0.699842 9.9892E-05
0.0487135 9.98828E-05 9.98828E-05 0.0731912 0.843541 9.98828E-05 9.98828E-05 9.98828E-05 9.98828E-05 9.98828E-05 9.98828E-05 9.98828E-05 9.98828E-05 9.98828E-05 9.98828E-05 9.98828E-05 0.0332563
9.99008E-05 0.40256 9.99008E-05 9.99008E-05 9.99008E-05 9.99008E-05 9.99008E-05 0.0145737 9.99008E-05 0.311533 9.99008E-05 9.99008E-05 9.99008E-05 0.13349 0.0719631 9.99008E-05 0.0647811
0.0449148 0.0947199 0.0365286 9.99008E-05 9.99008E-05 9.99008E-05 9.99008E-05 9.99008E-05 9.99008E-05 0.0309248 9.99008E-05 9.99008E-05 9.99008E-05 9.99008E-05 9.99008E-05 0.470765 0.321048
9.9901E-05 9.9901E-05 0.0466098 0.425294 9.9901E-05 0.0185187 0.00293663 9.9901E-05 9.9901E-05 9.9901E-05 9.9901E-05 9.9901E-05 9.9901E-05 9.9901E-05 0.484696 0.0208455 9.9901E-05
9.99188E-05 0.0283918 9.99188E-05 0.840716 9.99188E-05 0.0254886 0.000644084 0.0132571 9.99188E-05 9.99188E-05 9.99188E-05 9.99188E-05 0.0502245 9.99188E-05 9.99188E-05 0.0153128 0.025066
9.99098E-05 0.297019 0.0721522 0.10266 9.99098E-05 9.99098E-05 9.99098E-05 9.99098E-05 9.99098E-05 9.99098E-05 9.99098E-05 0.0374156 9.99098E-05 9.99098E-05 0.0805086 0.0636557 0.34559
0.210233 0.0390926 9.98917E-05 0.609491 9.98917E-05 9.98917E-05 9.98917E-05 9.98917E-05 9.98917E-05 9.98917E-05 9.98917E-05 9.98917E-05 0.100249 9.98917E-05 9.98917E-05 9.98917E-05 0.0397367
9.98829E-05 9.98829E-05 0.00217947 0.931083 9.98829E-05 9.98829E-05 9.98829E-05 0.0358087 9.98829E-05 9.98829E-05 9.98829E-05 9.98829E-05 9.98829E-05 9.98829E-05 0.0296299 9.98829E-05 9.98829E-05
9.98828E-05 0.0637137 9.98828E-05 0.44377 9.98828E-05 0.0597743 0.431444 9.98828E-05 9.98828E-05 9.98828E-05 9.98828E-05 9.98828E-05 9.98828E-05 9.98828E-05 9.98828E-05 9.98828E-05 9.98828E-05
9.98919E-05 0.0348754 9.98919E-05 0.717269 9.98919E-05 9.98919E-05 0.107261 0.0355102 9.98919E-05 9.98919E-05 9.98919E-05 9.98919E-05 0.103886 9.98919E-05 9.98919E-05 9.98919E-05 9.98919E-05
9.98919E-05 0.547469 0.0355268 0.241175 9.98919E-05 9.98919E-05 9.98919E-05 9.98919E-05 9.98919E-05 9.98919E-05 9.98919E-05 9.98919E-05 9.98919E-05 9.98919E-05 9.98919E-05 0.152652 0.0219785
9.9883E-05 0.433548 9.9883E-05 9.9883E-05 0.285994 9.9883E-05 9.9883E-05 9.9883E-05 9.9883E-05 0.169475 9.9883E-05 9.9883E-05 9.9883E-05 9.9883E-05 9.9883E-05 0.109684 9.9883E-05
9.99098E-05 9.99098E-05 0.0529928 9.99098E-05 9.99098E-05 9.99098E-05 9.99098E-05 0.0515808 9.99098E-05 9.99098E-05 0.0270315 0.014949 0.0245913 9.99098E-05 0.430226 9.99098E-05 0.39763
9.98829E-05 0.792162 0.00168227 0.123546 9.98829E-05 9.98829E-05 9.98829E-05 0.0813111 9.98829E-05 9.98829E-05 9.98829E-05 9.98829E-05 9.98829E-05 9.98829E-05 9.98829E-05 9.98829E-05 9.98829E-05
9.9901E-05 0.371099 0.108638 0.0705093 9.9901E-05 9.9901E-05 9.9901E-05 9.9901E-05 9.9901E-05 0.00136205 9.9901E-05 0.145624 9.9901E-05 9.9901E-05 9.9901E-05 9.9901E-05 0.301669
0.026703 0.0785201 0.126985 0.206252 9.99188E-05 9.99188E-05 9.99188E-05 0.0295005 9.99188E-05 9.99188E-05 9.99188E-05 9.99188E-05 9.99188E-05 9.99188E-05 0.0578556 0.0846982 0.388587
0.00190926 0.572503 9.98919E-05 9.98919E-05 9.98919E-05 9.98919E-05 9.98919E-05 9.98919E-05 9.98919E-05 0.0865254 9.98919E-05 9.98919E-05 9.98919E-05 9.98919E-05 9.98919E-05 0.151157 0.186707
9.99009E-05 0.407516 9.99009E-05 9.99009E-05 9.99009E-05 9.99009E-05 9.99009E-05 0.0593811 9.99009E-05 9.99009E-05 9.99009E-05 9.99009E-05 9.99009E-05 0.0193961 0.293062 0.101576 0.117971
9.99099E-05 9.99099E-05 9.99099E-05 0.0541578 9.99099E-05 0.0842192 9.99099E-05 9.99099E-05 9.99099E-05 0.140882 9.99099E-05 9.99099E-05 0.260479 0.0657543 0.180633 9.99099E-05 0.212875
0.140458 0.306474 0.0575131 9.99189E-05 9.99189E-05 0.0130236 9.99189E-05 9.99189E-05 9.99189E-05 9.99189E-05 0.034888 9.99189E-05 9.99189E-05 9.99189E-05 0.0496853 0.0710639 0.325994
9.98918E-05 0.31009 9.98918E-05 9.98918E-05 9.98918E-05 9.98918E-05 9.98918E-05 0.121403 9.98918E-05 9.98918E-05 9.98918E-05 0.0192438 9.98918E-05 9.98918E-05 0.279415 9.98918E-05 0.26865
0.476534 9.99009E-05 9.99009E-05 0.134796 9.99009E-05 9.99009E-05 9.99009E-05 9.99009E-05 9.99009E-05 9.99009E-05 9.99009E-05 9.99009E-05 0.0794474 9.99009E-05 0.254552 0.0143317 0.0392399
0.0299061 9.991E-05 9.991E-05 0.056102 0.0063791 9.991E-05 0.0453932 9.991E-05 9.991E-05 9.991E-05 9.991E-05 0.0340415 9.991E-05 9.991E-05 0.35735 9.991E-05 0.469829
0.0173812 0.783028 9.9937E-05 0.0308691 0.00887714 9.9937E-05 0.017732 9.9937E-05 0.0596443 9.9937E-05 0.00923993 9.9937E-05 9.9937E-05 0.0108341 0.00609139 0.0556029 9.9937E-05
9.99008E-05 0.328533 0.0415671 9.99008E-05 9.99008E-05 9.99008E-05 9.99008E-05 0.065789 9.99008E-05 9.99008E-05 9.99008E-05 9.99008E-05 0.0732507 9.99008E-05 9.99008E-05 0.0594337 0.430328
9.98919E-05 0.576222 9.98919E-05 9.98919E-05 0.107617 9.98919E-05 9.98919E-05 9.98919E-05 9.98919E-05 0.115744 9.98919E-05 9.98919E-05 0.00549538 9.98919E-05 9.98919E-05 0.193724 9.98919E-05
9.98828E-05 9.98828E-05 9.98828E-05 0.317076 9.98828E-05 9.98828E-05 9.98828E-05 9.98828E-05 9.98828E-05 9.98828E-05 9.98828E-05 9.98828E-05 0.149839 9.98828E-05 0.266692 9.98828E-05 0.265094
0.0359052 9.9919E-05 0.0700427 9.9919E-05 9.9919E-05 0.0176564 9.9919E-05 9.9919E-05 9.9919E-05 0.0353287 0.0184487 0.0038911 9.9919E-05 9.9919E-05 0.188418 9.9919E-05 0.62941
9.99009E-05 0.616216 9.99009E-05 9.99009E-05 9.99009E-05 9.99009E-05 9.99009E-05 9.99009E-05 9.99009E-05 0.0660371 9.99009E-05 0.00883313 9.99009E-05 0.00309408 0.0515628 0.253158 9.99009E-05
9.991E-05 9.991E-05 9.991E-05 0.33482 9.991E-05 9.991E-05 9.991E-05 0.0395498 0.0141368 0.213823 0.0680538 9.991E-05 0.158745 9.991E-05 0.169873 9.991E-05 9.991E-05
0.489794 9.98829E-05 9.98829E-05 9.98829E-05 9.98829E-05 9.98829E-05 9.98829E-05 9.98829E-05 0.0207921 0.368579 9.98829E-05 9.98829E-05 9.98829E-05 9.98829E-05 0.119537 9.98829E-05 9.98829E-05
9.9919E-05 0.143895 0.0623763 9.9919E-05 9.9919E-05 0.00316133 9.9919E-05 0.0434785 9.9919E-05 9.9919E-05 9.9919E-05 0.0763138 9.9919E-05 0.0556618 9.9919E-05 0.594072 0.0201416
9.99009E-05 9.99009E-05 9.99009E-05 9.99009E-05 9.99009E-05 9.99009E-05 9.99009E-05 0.0518336 0.061413 0.524086 9.99009E-05 0.0509392 9.99009E-05 0.0030887 9.99009E-05 0.307541 9.99009E-05
0.356394 9.9892E-05 0.0723546 0.34141 9.9892E-05 0.0384829 9.9892E-05 9.9892E-05 9.9892E-05 0.190159 9.9892E-05 9.9892E-05 9.9892E-05 9.9892E-05 9.9892E-05 9.9892E-05 9.9892E-05
9.98919E-05 9.98919E-05 0.0374303 0.434153 9.98919E-05 9.98919E-05 9.98919E-05 9.98919E-05 9.98919E-05 0.319487 9.98919E-05 9.98919E-05 0.169514 9.98919E-05 0.038217 9.98919E-05 9.98919E-05
0.0204864 9.99189E-05 0.0394943 0.30003 9.99189E-05 9.99189E-05 9.99189E-05 9.99189E-05 9.99189E-05 0.17193 0.0343466 0.0386718 0.280818 9.99189E-05 0.113323 9.99189E-05 9.99189E-05
9.9874E-05 9.9874E-05 9.9874E-05 9.9874E-05 0.485351 9.9874E-05 9.9874E-05 9.9874E-05 9.9874E-05 0.240751 9.9874E-05 9.9874E-05 9.9874E-05 9.9874E-05 9.9874E-05 0.2725 9.9874E-05
9.99009E-05 0.135421 0.0725623 9.99009E-05 9.99009E-05 9.99009E-05 9.99009E-05 9.99009E-05 9.99009E-05 0.334369 9.99009E-05 0.018771 9.99009E-05 9.99009E-05 9.99009E-05 0.26918 0.168598
0.0807917 9.99368E-05 0.00195181 9.99368E-05 9.99368E-05 9.99368E-05 9.99368E-05 0.304012 0.185215 0.121249 0.0369595 0.0129088 0.020764 9.99368E-05 0.0671887 9.99368E-05 0.16826
0.127682 9.99098E-05 9.99098E-05 0.347468 9.99098E-05 9.99098E-05 9.99098E-05 9.99098E-05 0.061045 0.255486 9.99098E-05 9.99098E-05 0.182551 9.99098E-05 0.0240904 9.99098E-05 0.000678699
9.99279E-05 9.99279E-05 9.99279E-05 9.99279E-05 0.311378 9.99279E-05 9.99279E-05 0.05348 0.0153671 0.177019 9.99279E-05 0.0058377 9.99279E-05 0.0334692 0.0157326 0.379249 0.00766794
9.99189E-05 0.0115048 0.00780269 0.11137 9.99189E-05 0.0386528 9.99189E-05 9.99189E-05 9.99189E-05 0.196032 9.99189E-05 9.99189E-05 9.99189E-05 0.00107068 9.99189E-05 0.180689 0.45198
9.98918E-05 0.224069 9.98918E-05 0.123181 9.98918E-05 9.98918E-05 9.98918E-05 9.98918E-05 9.98918E-05 0.277966 9.98918E-05 0.0315694 9.98918E-05 9.98918E-05 9.98918E-05 9.98918E-05 0.342016
9.98917E-05 9.98917E-05 9.98917E-05 9.98917E-05 9.98917E-05 9.98917E-05 9.98917E-05 0.0884637 0.445824 0.27069 9.98917E-05 0.0352896 9.98917E-05 9.98917E-05 9.98917E-05 9.98917E-05 0.158534
9.99009E-05 0.241542 9.99009E-05 9.99009E-05 9.99009E-05 9.99009E-05 9.99009E-05 0.190073 9.99009E-05 9.99009E-05 9.99009E-05 9.99009E-05 0.0327651 0.0199455 9.99009E-05 0.177485 0.337091
0.185603 0.00355447 0.00716586 0.088645 9.99278E-05 9.99278E-05 9.99278E-05 0.0346634 0.0463619 9.99278E-05 0.0590189 9.99278E-05 9.99278E-05 9.99278E-05 0.192049 9.99278E-05 0.38214
0.0937533 9.99278E-05 0.0159485 0.0032667 9.99278E-05 9.99278E-05 9.99278E-05 9.99278E-05 0.173865 0.165126 0.00368143 0.0114715 9.99278E-05 9.99278E-05 0.0261859 9.99278E-05 0.505902
0.117514 9.9901E-05 9.9901E-05 0.342853 9.9901E-05 0.0229339 9.9901E-05 9.9901E-05 9.9901E-05 0.194771 0.00275751 9.9901E-05 0.318071 9.9901E-05 9.9901E-05 9.9901E-05 9.9901E-05
9.99097E-05 0.248733 9.99097E-05 9.99097E-05 9.99097E-05 0.00799198 9.99097E-05 9.99097E-05 9.99097E-05 0.309036 9.99097E-05 0.0228559 9.99097E-05 0.119077 0.0924387 0.198868 9.99097E-05
0.0729315 9.99278E-05 9.99278E-05 0.270619 9.99278E-05 9.99278E-05 9.99278E-05 9.99278E-05 9.99278E-05 0.201381 0.00116317 9.99278E-05 0.141054 0.0308882 0.266999 0.00511065 0.00905365
9.99098E-05 9.99098E-05 9.99098E-05 0.0731573 9.99098E-05 9.99098E-05 0.359435 9.99098E-05 9.99098E-05 0.10662 9.99098E-05 9.99098E-05 0.174479 9.99098E-05 0.22779 0.0324843 0.0250344
