0.197531 0.0863179 0.0941407 0.62201
0.157774 0.101469 9.9991E-05 0.740657
0.691883 0.0784348 9.9991E-05 0.229582
0.0859276 9.9991E-05 0.159118 0.754854
9.999E-05 0.0908698 0.144237 0.764793
0.431016 0.163469 0.00683036 0.398684
0.745587 0.0330174 9.9991E-05 0.221296
0.417109 0.170926 9.9991E-05 0.411866
0.0853836 0.0720811 0.0736922 0.768843
0.798885 9.9982E-05 0.200915 9.9982E-05
0.112164 9.9991E-05 0.103804 0.783932
0.0189187 9.9991E-05 0.11996 0.861021
0.353219 0.107141 0.109253 0.430388
0.664777 0.043671 9.9991E-05 0.291452
0.00891423 9.9991E-05 0.0769842 0.914002
0.837331 0.0746844 0.0521965 0.0357883
0.70946 9.9982E-05 9.9982E-05 0.29034
0.585721 0.0133352 9.9991E-05 0.400844
0.171463 0.00246959 0.0476514 0.778416
0.0192704 0.032983 0.887685 0.0600621
9.9982E-05 9.9982E-05 0.967131 0.0326692
0.0681092 0.0426833 0.889107 9.9991E-05
9.9991E-05 0.000152841 0.787919 0.211828
9.9982E-05 9.9982E-05 0.795887 0.203913
0.336719 0.262304 0.400877 9.9991E-05
9.9991E-05 0.185894 0.451911 0.362095
0.427091 0.265206 0.307603 9.9991E-05
9.9991E-05 0.166832 0.48748 0.345588
0.143375 0.0119285 0.844596 9.9991E-05
9.9982E-05 9.9982E-05 0.930199 0.0696013
0.286331 0.0230972 0.676314 0.0142575
0.222112 0.529083 0.248706 9.9991E-05
0.406843 9.9982E-05 0.592957 9.9982E-05
0.28678 0.115163 0.597957 9.9991E-05
9.9982E-05 9.9982E-05 0.906647 0.0931535
9.9982E-05 9.9982E-05 0.830011 0.169789
0.0576643 9.9991E-05 0.83202 0.110216
9.9982E-05 9.9982E-05 0.805708 0.194092
9.9982E-05 0.884662 9.9982E-05 0.115138
0.233836 0.765964 9.9982E-05 9.9982E-05
0.460085 0.433559 0.106257 9.9991E-05
0.0339633 0.56962 0.191369 0.205048
0.118368 0.62584 0.255692 9.9991E-05
0.312748 0.614425 0.072727 9.9991E-05
9.9991E-05 0.313243 0.197192 0.489465
9.9982E-05 0.62423 9.9982E-05 0.37557
0.407895 0.448617 0.143388 9.9991E-05
9.9982E-05 0.89122 9.9982E-05 0.10858
0.589113 0.410687 9.9982E-05 9.9982E-05
9.9982E-05 0.758976 9.9982E-05 0.240824
0.187443 0.805836 0.00662034 9.9991E-05
9.9991E-05 0.550014 0.261034 0.188852
9.9991E-05 0.444626 0.180965 0.374309
9.9991E-05 0.556126 0.0238403 0.419934
9.9991E-05 0.378731 0.208172 0.412997
9.9991E-05 0.0695037 0.57706 0.353337
0.182993 0.816807 9.99819E-05 9.99819E-05
0.0974397 0.639106 0.263355 9.9991E-05
0.261824 0.737976 9.9982E-05 9.9982E-05
9.9991E-05 0.783443 0.041335 0.175122
9.9991E-05 0.724306 0.0592739 0.21632
9.9982E-05 0.71559 9.9982E-05 0.28421
0.329884 0.619508 0.050508 9.9991E-05
9.9991E-05 0.532825 0.187966 0.279109
0.455168 0.544632 9.9982E-05 9.9982E-05
9.9991E-05 0.406311 0.189058 0.404531
9.9991E-05 0.686111 0.0051018 0.308687
9.9991E-05 0.623895 0.0376103 0.338395
0.0306387 0.52086 0.17679 0.271711
0.134954 0.437608 0.363218 0.0642202
0.407822 0.308801 0.283278 9.9991E-05
0.412919 0.586881 9.9982E-05 9.9982E-05
9.9982E-05 9.9982E-05 0.756119 0.243681
0.306556 0.693244 9.99819E-05 9.99819E-05
9.9991E-05 0.652297 0.0761679 0.271435
9.9991E-05 0.266273 0.319419 0.414208
0.297019 0.0272925 0.675588 9.9991E-05
0.511234 0.262241 0.226425 9.9991E-05
0.246832 0.101668 0.651399 9.9991E-05
0.121223 0.407066 0.450129 0.0215825
0.421376 0.331588 0.246935 9.9991E-05
9.9991E-05 0.47714 0.32076 0.202
9.9991E-05 0.794271 0.082614 0.123015
0.0582416 0.508734 0.265146 0.167879
0.326367 0.673433 9.9982E-05 9.9982E-05
9.9991E-05 0.679763 0.198066 0.122071
9.9982E-05 0.653827 9.9982E-05 0.345973
0.330624 0.303837 0.342247 0.023291
0.425463 0.574337 9.9982E-05 9.9982E-05
9.9991E-05 0.302941 0.354568 0.342392
0.325846 0.673954 9.9982E-05 9.9982E-05
0.324419 0.618688 0.0167354 0.0401575
9.9991E-05 0.395598 0.158178 0.446124
0.0861479 0.749307 9.9991E-05 0.164445
0.138772 0.578748 0.105223 0.177257
0.740976 0.176316 0.0773496 0.00535844
0.564807 0.240306 0.114863 0.0800246
0.394982 0.197498 0.125131 0.282389
0.186013 0.162965 9.9991E-05 0.650922
0.795705 0.0463832 0.131898 0.0260143
0.252275 0.0915925 0.0114867 0.644646
0.809276 0.0448625 9.9991E-05 0.145761
0.686484 0.180855 0.0709716 0.0616889
0.549482 0.163989 0.105101 0.181428
0.121952 0.110021 0.220753 0.547275
0.821549 0.071156 0.107195 9.9991E-05
0.261442 0.0526443 0.159332 0.526581
0.678991 0.188841 0.0131174 0.119051
0.356535 0.211771 9.9991E-05 0.431594
0.513253 0.0293238 0.221051 0.236372
0.681896 0.0187943 0.0348983 0.264411
9.9991E-05 0.194644 0.0803383 0.724918
0.160702 0.0341508 0.213541 0.591606
0.487841 0.284553 0.15736 0.070246
0.693532 0.134074 9.9991E-05 0.172294
0.327879 0.174321 0.17764 0.32016
0.215044 0.0839829 0.224372 0.476601
0.137628 0.0477691 0.100873 0.713731
0.664716 9.9991E-05 0.11853 0.216654
0.163948 0.0388314 0.111447 0.685774
0.68685 0.0118181 0.052816 0.248516
0.924566 9.9982E-05 0.0752337 9.9982E-05
0.0607631 9.9991E-05 0.0610103 0.878127
0.335642 9.9991E-05 0.26915 0.395108
0.339809 0.184299 9.9991E-05 0.475792
0.277448 9.9991E-05 0.311067 0.411385
0.867656 0.0139452 0.0469041 0.0714947
0.0467912 0.0806716 0.0823221 0.790215
0.150513 9.9991E-05 0.317692 0.531695
0.932363 9.9982E-05 0.067437 9.9982E-05
0.00769553 0.0132499 9.9991E-05 0.978955
0.0110853 9.9991E-05 0.275966 0.712849
0.15417 9.9991E-05 0.0684196 0.77731
0.886758 9.9982E-05 0.113042 9.9982E-05
0.0670755 0.00456284 0.156546 0.771816
0.0407187 0.0951526 0.0121378 0.851991
0.5085 0.0215018 0.000588932 0.46941
0.284231 0.0371694 0.181226 0.497374
0.230384 9.9991E-05 0.193449 0.576067
0.9185 9.9982E-05 0.0812998 9.9982E-05
0.26459 0.0787684 0.0859719 0.57067
0.385612 0.0900791 0.134627 0.389682
0.716058 0.125063 0.12304 0.0358396
0.133738 0.0843933 0.149176 0.632693
0.29091 0.180873 0.20197 0.326247
0.833358 9.9982E-05 0.166442 9.9982E-05
0.620124 0.0751302 0.101356 0.20339
0.766052 0.0794216 0.0382356 0.116291
0.314625 9.9991E-05 0.262472 0.422803
0.999502 9.9982E-05 9.9982E-05 0.000298191
0.102543 9.9991E-05 0.0215767 0.875781
0.893702 9.9991E-05 0.0521767 0.0540208
0.345312 9.9991E-05 0.263823 0.390765
0.187682 9.9991E-05 0.182776 0.629442
0.277804 0.187108 0.139375 0.395713
0.375639 0.147361 9.9991E-05 0.4769
0.425305 0.0836082 0.193497 0.297589
0.327708 9.9991E-05 0.20086 0.471332
0.908767 9.9982E-05 0.0910333 9.9982E-05
0.861056 9.9982E-05 0.138744 9.9982E-05
0.725228 0.0916469 9.9991E-05 0.183025
0.831586 0.0499361 0.118378 9.9991E-05
0.901494 9.9991E-05 0.0950647 0.00334169
0.663985 0.16631 0.0235392 0.146166
0.707627 0.0284988 9.9991E-05 0.263774
9.9991E-05 0.054062 0.103268 0.84257
0.014376 9.9991E-05 0.0892755 0.896248
0.507912 0.0404474 9.9991E-05 0.451541
0.067068 9.9991E-05 0.0192889 0.913543
9.9982E-05 9.9982E-05 0.0387949 0.961005
0.0663899 9.9991E-05 0.220786 0.712724
0.0269305 9.9991E-05 0.0639758 0.908994
0.692747 0.0112414 9.9991E-05 0.295912
0.958827 9.9991E-05 0.0359287 0.00514431
0.116148 0.163608 9.9991E-05 0.720144
0.735206 0.0532184 9.9991E-05 0.211476
0.534553 0.158321 0.012537 0.294589
0.33996 0.0328348 9.9991E-05 0.627105
0.839727 0.0177241 9.9991E-05 0.142449
0.536283 0.0854427 9.9991E-05 0.378174
0.117385 0.123971 0.14497 0.613673
0.494636 0.125571 9.9991E-05 0.379693
0.402512 0.114152 9.9991E-05 0.483236
0.0511353 0.00853423 0.0353582 0.904972
0.150757 0.117032 9.9991E-05 0.732111
0.778118 0.0813618 9.9991E-05 0.14042
0.58326 0.0896158 9.9991E-05 0.327025
0.967944 9.9982E-05 9.9982E-05 0.0318561
0.0130886 9.9982E-05 9.9982E-05 0.986711
0.216099 0.132353 9.9991E-05 0.651449
0.876374 0.0368844 9.9991E-05 0.0866417
9.99921E-05 0.0789487 0.12572 0.795231
0.196356 9.9991E-05 0.219423 0.584121
0.792697 0.115123 0.0920805 9.9991E-05
0.649922 0.0178256 0.229851 0.102401
0.109404 9.9991E-05 0.211354 0.679142
0.00391563 9.9991E-05 0.206357 0.789628
9.9991E-05 0.07756 0.12283 0.79951
0.830708 9.9982E-05 0.169092 9.9982E-05
0.681832 0.0815263 0.0487688 0.187873
0.224531 0.157242 0.0867404 0.531486
0.101469 9.9991E-05 0.103331 0.7951
0.855582 0.020667 0.123651 9.9991E-05
0.518873 0.0421872 0.0523962 0.386544
0.531794 0.0982143 0.0201539 0.349837
0.373285 0.048472 0.187064 0.391178
0.685916 0.0751293 9.9991E-05 0.238855
0.188194 0.117768 9.9991E-05 0.693938
0.250459 0.0951133 0.0263163 0.628111
0.0461912 9.9991E-05 0.210275 0.743433
0.659517 0.190253 0.0761771 0.0740526
0.0729391 0.097529 0.0375049 0.792027
0.0905116 0.0239094 0.0731223 0.812457
0.901003 9.9991E-05 0.0241421 0.0747548
0.485434 9.9982E-05 9.9982E-05 0.514366
0.648498 0.123667 9.9991E-05 0.227735
9.9991E-05 0.0279492 0.114052 0.857899
0.0879339 0.231972 0.161088 0.519006
9.9982E-05 0.151707 9.9982E-05 0.848093
0.877613 0.00726497 0.044623 0.0704986
0.0402464 0.134578 9.9991E-05 0.825076
0.0129706 0.115634 0.0480333 0.823362
0.01414 0.054237 0.0541431 0.87748
0.827015 0.0314383 9.9991E-05 0.141446
0.438676 0.0544448 9.9991E-05 0.50678
0.102639 9.9991E-05 0.145639 0.751622
0.588504 0.12678 9.9991E-05 0.284616
9.9991E-05 0.0626789 0.0771119 0.860109
0.405995 0.0344062 0.0592187 0.50038
0.276195 0.169712 9.9991E-05 0.553992
0.904959 9.9991E-05 0.0337728 0.0611679
0.305881 0.107728 0.00851275 0.577879
0.629749 0.0683043 0.108018 0.193928
0.891694 9.9982E-05 0.108106 9.9982E-05
0.483623 0.113146 9.9991E-05 0.40313
0.680759 0.126122 9.9991E-05 0.193019
0.561739 9.9991E-05 0.0109458 0.427215
0.126015 9.9991E-05 0.0889349 0.78495
0.847523 9.9982E-05 0.152277 9.9982E-05
0.109015 9.9991E-05 0.316031 0.574853
0.0996453 0.132297 0.0443842 0.723674
0.282395 9.9991E-05 0.164202 0.553303
0.871566 0.0576128 0.0025212 0.0683002
0.992159 0.00291197 0.00482872 9.9991E-05
0.0874984 9.9991E-05 0.174199 0.738203
0.479326 0.135718 9.9991E-05 0.384856
0.498723 0.107726 0.0442353 0.349315
0.961278 0.0113914 0.0272301 9.9991E-05
0.441207 9.9991E-05 0.182769 0.375924
0.252243 9.9991E-05 0.241411 0.506246
0.0659333 0.00282613 0.0731037 0.858137
0.116718 0.0606093 0.0325466 0.790127
0.333127 0.0417743 0.143404 0.481695
0.746272 0.0551353 9.9991E-05 0.198493
9.9982E-05 0.112389 9.9982E-05 0.887411
0.701318 0.0267573 9.9991E-05 0.271825
0.440043 0.104959 9.9991E-05 0.454898
9.9991E-05 0.0942679 0.0298466 0.875786
0.851934 0.0575359 0.0160904 0.0744397
0.743257 0.115518 0.0324958 0.10873
0.736798 0.028407 9.9991E-05 0.234695
0.287259 9.9991E-05 0.241198 0.471443
0.47995 0.0257281 0.159197 0.335125
0.298476 0.0347583 0.0929287 0.573837
0.920261 0.0210338 0.0586049 9.9991E-05
0.116249 9.9991E-05 0.171028 0.712623
0.505159 0.256832 0.0368882 0.201122
0.128106 0.073736 0.103813 0.694345
0.0819619 0.0138643 0.175658 0.728515
0.169604 9.9991E-05 0.132139 0.698157
0.110383 0.0153465 0.133009 0.741262
0.192865 0.0831504 0.141144 0.582841
0.522644 0.155754 0.0435519 0.278049
0.685025 0.147793 9.9991E-05 0.167082
0.158527 0.00112439 0.219835 0.620513
0.317029 0.038816 0.192526 0.451629
0.592003 0.115981 0.13242 0.159596
0.843556 9.9982E-05 0.156244 9.9982E-05
0.926472 9.9982E-05 9.9982E-05 0.0733283
0.944219 0.032753 0.022928 9.9991E-05
