0.132032 0.657101 0.210867
0.044291 0.767748 0.187961
0.00618015 0.252819 0.741001
0.0809199 0.825642 0.0934378
0.192519 0.807381 9.9991E-05
0.106083 0.431535 0.462382
9.999E-05 0.223847 0.776053
0.0758129 0.457903 0.466284
0.106097 0.801831 0.092072
0.111659 0.0265355 0.861806
0.041823 0.835204 0.122973
0.0509901 0.943702 0.00530797
0.157464 0.465879 0.376657
9.9991E-05 0.319442 0.680458
0.011213 0.959821 0.0289662
0.0733052 0.0340425 0.892652
9.9991E-05 0.292183 0.707717
9.9991E-05 0.384838 0.615062
0.00310932 0.801007 0.195884
0.799592 0.181326 0.0190824
0.819044 0.180856 9.9991E-05
0.814788 0.105779 0.0794336
0.675739 0.324161 9.9991E-05
0.652116 0.347784 9.9991E-05
0.599984 9.9991E-05 0.399916
0.557063 0.442837 9.9991E-05
0.528786 9.9991E-05 0.471114
0.597309 0.402591 9.9991E-05
0.778096 0.0156627 0.206242
0.783235 0.216665 9.9991E-05
0.59253 0.100363 0.307107
0.716068 9.9991E-05 0.283832
0.514113 9.9991E-05 0.485787
0.63848 0.0174976 0.344022
0.765274 0.234626 9.9991E-05
0.668855 0.331045 9.9991E-05
0.690588 0.247688 0.0617246
0.666645 0.333255 9.9991E-05
0.816036 0.179384 0.00458054
0.686771 9.9991E-05 0.313129
0.504252 9.9991E-05 0.495648
0.690839 0.223843 0.0853173
0.818479 9.9991E-05 0.181421
0.626775 9.9991E-05 0.373125
0.472803 0.527097 9.9991E-05
0.568323 0.431578 9.9991E-05
0.535359 9.9991E-05 0.464541
0.813144 0.118353 0.0685025
0.364935 9.9991E-05 0.634965
0.715051 0.284849 9.9991E-05
0.75627 9.9991E-05 0.24363
0.75091 0.234982 0.0141083
0.579697 0.420203 9.9991E-05
0.545069 0.454831 9.9991E-05
0.539102 0.460798 9.9991E-05
0.543839 0.456061 9.9991E-05
0.741986 9.9991E-05 0.257914
0.827894 0.0246476 0.147458
0.672609 9.9991E-05 0.327291
0.782887 0.217013 9.9991E-05
0.746124 0.253776 9.9991E-05
0.634387 0.365513 9.9991E-05
0.59823 9.9991E-05 0.40167
0.667266 0.332634 9.9991E-05
0.467203 9.9991E-05 0.532697
0.536112 0.463788 9.9991E-05
0.659354 0.340546 9.9991E-05
0.624849 0.375051 9.9991E-05
0.615572 0.308835 0.0755925
0.72149 0.113306 0.165204
0.556593 9.9991E-05 0.443307
0.523381 9.9991E-05 0.476519
0.631764 0.368136 9.9991E-05
0.580712 9.9991E-05 0.419188
0.696543 0.303357 9.9991E-05
0.522468 0.477432 9.9991E-05
0.647778 9.9991E-05 0.352122
0.454931 9.9991E-05 0.544969
0.68401 9.9991E-05 0.31589
0.779362 0.0744295 0.146209
0.525561 9.9991E-05 0.474339
0.727004 0.272896 9.9991E-05
0.798897 0.139919 0.0611837
0.699242 0.205805 0.0949531
0.567091 9.9991E-05 0.432809
0.824099 0.175801 9.9991E-05
0.624564 0.375336 9.9991E-05
0.5675 0.0668289 0.365671
0.508036 9.9991E-05 0.491864
0.574189 0.425711 9.9991E-05
0.585919 9.9991E-05 0.413981
0.56767 0.0417848 0.390545
0.518358 0.481542 9.9991E-05
0.605708 0.190686 0.203606
0.612755 0.195791 0.191454
0.200844 0.00280487 0.796351
0.299579 0.0866371 0.613784
0.267071 0.311776 0.421153
0.110984 0.670546 0.21847
0.130529 0.0522786 0.817192
0.0591856 0.677154 0.263661
9.9991E-05 0.151948 0.847952
0.199242 0.0592225 0.741535
0.22602 0.200634 0.573346
0.288493 0.588178 0.123329
0.134499 9.9991E-05 0.865401
0.152708 0.562281 0.28501
0.157321 0.118095 0.724584
0.155835 0.443947 0.400218
0.198683 0.283634 0.517682
0.0100284 0.280047 0.709925
0.224503 0.775397 9.9991E-05
0.196674 0.642461 0.160865
0.369798 0.0850725 0.545129
0.0809191 0.182007 0.737074
0.283203 0.368162 0.348635
0.244954 0.527662 0.227384
0.0953581 0.762822 0.14182
0.0548836 0.259496 0.68562
0.110243 0.718167 0.171589
0.016534 0.256632 0.726834
0.0103887 9.9991E-05 0.989511
9.9991E-05 0.922021 0.0778792
0.151537 0.489384 0.359079
0.101934 0.501444 0.396622
0.170172 0.529245 0.300584
0.00143628 0.0822517 0.916312
0.107026 0.832084 0.0608902
0.234763 0.612466 0.152771
0.0186696 9.9991E-05 0.98123
9.9991E-05 0.997154 0.00274602
0.202772 0.787157 0.0100712
9.9991E-05 0.834727 0.165173
0.0411386 9.9991E-05 0.958761
0.104399 0.82217 0.0734316
0.0680398 0.878862 0.0530979
9.9991E-05 0.480513 0.519387
0.174502 0.534517 0.29098
0.125994 0.639236 0.234771
9.999E-05 9.999E-05 0.9998
0.110054 0.583434 0.306512
0.153976 0.432128 0.413895
0.189066 0.0599981 0.750936
0.173855 0.672674 0.15347
0.31289 0.377848 0.309262
0.115863 9.9991E-05 0.884037
0.13788 0.221649 0.64047
0.0605182 0.121522 0.81796
0.164523 0.487383 0.348093
9.999E-05 9.999E-05 0.9998
9.9991E-05 0.899816 0.100084
9.9991E-05 0.0794957 0.920404
0.186304 0.458624 0.355073
0.12675 0.691741 0.181509
0.276493 0.413388 0.31012
0.084278 0.490381 0.425341
0.224745 0.334812 0.440443
0.0946706 0.549462 0.355868
0.0253652 9.9991E-05 0.974535
0.0467922 9.9991E-05 0.953108
0.0345072 0.201364 0.764129
0.120593 9.9991E-05 0.879307
9.9991E-05 0.0528 0.9471
0.138881 0.14673 0.714389
9.9991E-05 0.273897 0.726003
0.10344 0.89646 9.9991E-05
0.0405412 0.959359 9.9991E-05
9.9991E-05 0.469148 0.530752
9.9991E-05 0.947213 0.0526872
9.999E-05 0.9998 9.999E-05
0.173379 0.768222 0.0583993
0.0211884 0.96356 0.0152519
9.9991E-05 0.303191 0.696709
9.9991E-05 0.00528848 0.994612
0.083881 0.764241 0.151878
9.9991E-05 0.212938 0.786962
0.124262 0.3178 0.557938
9.9991E-05 0.628585 0.371315
9.9991E-05 0.137475 0.862425
0.011834 0.392111 0.596055
0.206658 0.6641 0.129242
0.0641875 0.392982 0.54283
0.0452443 0.496922 0.457834
0.00165682 0.926989 0.0713539
0.0576653 0.753202 0.189133
0.0319419 0.148795 0.819263
9.9991E-05 0.355644 0.644256
9.9991E-05 0.0116414 0.988259
9.999E-05 0.9998 9.999E-05
0.0720573 0.688485 0.239458
9.9991E-05 0.0750317 0.924868
0.150033 0.844366 0.00560123
0.145487 0.651858 0.202655
0.148076 9.9991E-05 0.851824
0.187157 0.147924 0.664919
0.152219 0.743151 0.10463
0.129605 0.865662 0.00473314
0.147463 0.852437 9.9991E-05
0.0802466 9.9991E-05 0.919653
0.0731623 0.215238 0.7116
0.190756 0.555489 0.253754
9.9991E-05 0.868688 0.131212
0.0913418 9.9991E-05 0.908558
0.0366362 0.41238 0.550984
0.0555474 0.377539 0.566914
0.190567 0.427649 0.381785
9.9991E-05 0.243192 0.756708
0.0271041 0.740609 0.232287
0.0728725 0.664125 0.263003
0.126676 0.830697 0.0426272
0.201818 0.0978805 0.700302
0.0735239 0.843774 0.0827018
0.0504038 0.842341 0.107256
9.9991E-05 0.0653949 0.934505
9.9991E-05 0.517196 0.482704
0.0132976 0.261347 0.725356
0.0972784 0.902622 9.9991E-05
0.318584 0.580899 0.100517
0.0762604 0.883894 0.0398457
9.9991E-05 0.0716361 0.928264
0.0587392 0.863136 0.0781246
0.110827 0.868589 0.0205835
0.0599985 0.908016 0.0319853
9.9991E-05 0.127667 0.872233
9.9991E-05 0.519396 0.480504
0.0618093 0.82473 0.11346
0.0807894 0.29313 0.626081
0.0870197 0.91288 9.9991E-05
0.04407 0.53162 0.42431
0.111792 0.568573 0.319635
9.9991E-05 0.0762791 0.923621
0.0652121 0.607681 0.327107
0.125679 0.222258 0.652063
0.0535341 0.0083681 0.938098
0.0267693 0.439102 0.534129
0.0300483 0.216957 0.752995
9.9991E-05 0.437603 0.562297
9.9991E-05 0.84752 0.15238
0.0932754 9.9991E-05 0.906625
0.239865 0.666791 0.0933442
0.119963 0.763458 0.11658
0.0991451 0.609552 0.291302
0.0196619 0.0664753 0.913863
9.999E-05 9.999E-05 0.9998
0.0913012 0.805053 0.103646
0.064375 0.416419 0.519206
0.104197 0.366112 0.529691
9.999E-05 9.999E-05 0.9998
0.12842 0.419042 0.452538
0.15881 0.584004 0.257186
0.0249109 0.904036 0.0710532
0.0512779 0.811669 0.137053
0.141335 0.529781 0.328885
0.00961974 0.205257 0.785123
0.0692034 0.923951 0.00684559
9.9991E-05 0.267158 0.732742
0.0188474 0.48673 0.494423
0.080915 0.918985 9.9991E-05
0.023557 0.0791552 0.897288
0.0934326 0.119181 0.787386
9.9991E-05 0.230632 0.769268
0.166822 0.537232 0.295946
0.124935 0.37092 0.504145
0.0862683 0.598468 0.315264
0.045562 9.9991E-05 0.954338
0.108641 0.769253 0.122106
0.231043 0.219472 0.549485
0.114234 0.730348 0.155418
0.142563 0.770748 0.0866892
0.0685753 0.746031 0.185394
0.0938252 0.790449 0.115726
0.166699 0.624952 0.208349
0.151705 0.293085 0.55521
0.0813794 0.184921 0.7337
0.166396 0.689213 0.144391
0.171873 0.496876 0.331251
0.197873 0.183487 0.61864
0.109974 9.9991E-05 0.889926
9.9991E-05 0.0593809 0.940519
0.0199511 9.9991E-05 0.979949
