9.9901E-05 9.9901E-05 9.9901E-05 9.9901E-05 0.0211573 0.440934 9.9901E-05 9.9901E-05 9.9901E-05 9.9901E-05 9.9901E-05 0.353353 9.9901E-05 9.9901E-05 0.0506519 0.0082205 0.124584
9.99279E-05 9.99279E-05 0.0975255 0.0517902 0.0097348 0.330727 0.0132452 0.0184655 9.99279E-05 9.99279E-05 0.0814456 0.384561 9.99279E-05 9.99279E-05 9.99279E-05 9.99279E-05 0.011706
0.451989 0.0122458 0.0223779 0.169602 9.99188E-05 9.99188E-05 9.99188E-05 9.99188E-05 0.0332556 0.0476096 9.99188E-05 0.250819 9.99188E-05 9.99188E-05 0.0112017 9.99188E-05 9.99188E-05
9.99099E-05 0.103072 9.99099E-05 9.99099E-05 9.99099E-05 0.546538 9.99099E-05 9.99099E-05 0.00967966 9.99099E-05 9.99099E-05 0.177236 9.99099E-05 9.99099E-05 0.0103257 0.127868 0.0242816
9.99007E-05 0.0915124 9.99007E-05 9.99007E-05 9.99007E-05 0.297974 9.99007E-05 9.99007E-05 0.0283536 9.99007E-05 0.133885 9.99007E-05 9.99007E-05 9.99007E-05 9.99007E-05 0.336414 0.110762
0.0721069 9.99008E-05 9.99008E-05 9.99008E-05 9.99008E-05 9.99008E-05 0.0792925 9.99008E-05 0.279904 9.99008E-05 0.108921 0.335586 9.99008E-05 9.99008E-05 9.99008E-05 9.99008E-05 0.123091
0.447669 9.99008E-05 9.99008E-05 9.99008E-05 9.99008E-05 0.0477262 9.99008E-05 0.02136 9.99008E-05 0.0198613 9.99008E-05 0.439565 9.99008E-05 0.0227198 9.99008E-05 9.99008E-05 9.99008E-05
0.148091 9.9901E-05 9.9901E-05 9.9901E-05 0.0957878 9.9901E-05 9.9901E-05 0.0652435 0.149117 9.9901E-05 0.212725 0.327937 9.9901E-05 9.9901E-05 9.9901E-05 9.9901E-05 9.9901E-05
9.99189E-05 0.121859 0.00797733 9.99189E-05 0.050266 0.295061 0.0690158 9.99189E-05 0.0367 9.99189E-05 0.0540165 0.364205 9.99189E-05 9.99189E-05 9.99189E-05 9.99189E-05 9.99189E-05
0.302487 9.98918E-05 9.98918E-05 9.98918E-05 9.98918E-05 9.98918E-05 9.98918E-05 9.98918E-05 0.368442 9.98918E-05 9.98918E-05 9.98918E-05 9.98918E-05 0.250798 0.0745897 0.00248467 9.98918E-05
9.99189E-05 0.132957 0.388302 0.0888374 9.99189E-05 0.125244 0.00899463 9.99189E-05 0.0591325 9.99189E-05 0.0714768 0.124157 9.99189E-05 9.99189E-05 9.99189E-05 9.99189E-05 9.99189E-05
9.98919E-05 9.98919E-05 0.130716 9.98919E-05 9.98919E-05 0.485271 9.98919E-05 9.98919E-05 0.231837 9.98919E-05 0.044228 9.98919E-05 0.106749 9.98919E-05 9.98919E-05 9.98919E-05 9.98919E-05
0.143637 0.501907 0.00733323 9.99008E-05 9.99008E-05 9.99008E-05 9.99008E-05 9.99008E-05 9.99008E-05 0.0508468 9.99008E-05 0.109985 9.99008E-05 9.99008E-05 9.99008E-05 9.99008E-05 0.185192
0.214719 9.99009E-05 9.99009E-05 0.0119977 0.00227586 9.99009E-05 9.99009E-05 9.99009E-05 0.144161 0.0658406 9.99009E-05 0.559907 9.99009E-05 9.99009E-05 9.99009E-05 9.99009E-05 9.99009E-05
9.98829E-05 9.98829E-05 0.43365 9.98829E-05 9.98829E-05 0.355391 9.98829E-05 9.98829E-05 0.0650454 9.98829E-05 0.144615 9.98829E-05 9.98829E-05 9.98829E-05 9.98829E-05 9.98829E-05 9.98829E-05
0.333261 9.99201E-05 9.99201E-05 9.99201E-05 9.99201E-05 9.99201E-05 0.00852061 9.99201E-05 0.0266367 0.0944971 0.0417278 0.18035 9.99201E-05 0.2696 0.0194206 9.99201E-05 0.0251869
0.343745 9.98919E-05 9.98919E-05 9.98919E-05 9.98919E-05 0.0460144 9.98919E-05 9.98919E-05 9.98919E-05 0.0121685 9.98919E-05 0.589551 9.98919E-05 0.00732252 9.98919E-05 9.98919E-05 9.98919E-05
0.396384 9.99008E-05 0.065768 0.0365895 9.99008E-05 9.99008E-05 9.99008E-05 9.99008E-05 9.99008E-05 9.99008E-05 0.046372 0.421412 9.99008E-05 9.99008E-05 9.99008E-05 9.99008E-05 0.0323751
0.00437772 0.16033 9.991E-05 0.213944 9.991E-05 0.400028 9.991E-05 9.991E-05 0.0217935 9.991E-05 9.991E-05 0.139247 0.0592796 9.991E-05 9.991E-05 9.991E-05 9.991E-05
9.98827E-05 9.98827E-05 0.0283465 9.98827E-05 0.0115882 9.98827E-05 9.98827E-05 9.98827E-05 9.98827E-05 9.98827E-05 9.98827E-05 9.98827E-05 9.98827E-05 9.98827E-05 0.672581 0.286185 9.98827E-05
9.98739E-05 0.141512 9.98739E-05 9.98739E-05 9.98739E-05 9.98739E-05 9.98739E-05 9.98739E-05 9.98739E-05 9.98739E-05 9.98739E-05 9.98739E-05 9.98739E-05 9.98739E-05 0.75979 0.0972997 9.98739E-05
9.98828E-05 9.98828E-05 9.98828E-05 9.98828E-05 9.98828E-05 9.98828E-05 0.0113764 9.98828E-05 9.98828E-05 9.98828E-05 9.98828E-05 0.0363999 9.98828E-05 9.98828E-05 0.866289 9.98828E-05 0.0846361
9.98919E-05 0.22035 9.98919E-05 9.98919E-05 0.00456686 9.98919E-05 9.98919E-05 9.98919E-05 9.98919E-05 9.98919E-05 9.98919E-05 9.98919E-05 0.158292 9.98919E-05 0.583055 0.0325369 9.98919E-05
9.98919E-05 0.0934566 0.0721334 9.98919E-05 0.0550199 0.0857978 9.98919E-05 9.98919E-05 9.98919E-05 9.98919E-05 9.98919E-05 9.98919E-05 9.98919E-05 9.98919E-05 0.692394 9.98919E-05 9.98919E-05
0.0449668 9.99188E-05 9.99188E-05 0.0426164 9.99188E-05 9.99188E-05 0.00847426 0.108066 0.0147582 0.154535 9.99188E-05 0.163999 9.99188E-05 9.99188E-05 0.461685 9.99188E-05 9.99188E-05
9.99008E-05 9.99008E-05 0.1259 9.99008E-05 0.383904 0.131584 0.0266244 9.99008E-05 0.0305483 9.99008E-05 9.99008E-05 9.99008E-05 9.99008E-05 9.99008E-05 0.30034 9.99008E-05 9.99008E-05
9.98829E-05 9.98829E-05 9.98829E-05 9.98829E-05 9.98829E-05 9.98829E-05 9.98829E-05 0.0665376 9.98829E-05 0.348898 9.98829E-05 9.98829E-05 9.98829E-05 0.353122 0.230144 9.98829E-05 9.98829E-05
9.98737E-05 9.98737E-05 9.98737E-05 9.98737E-05 0.227529 9.98737E-05 9.98737E-05 9.98737E-05 9.98737E-05 9.98737E-05 9.98737E-05 9.98737E-05 9.98737E-05 9.98737E-05 0.110151 0.660921 9.98737E-05
9.98828E-05 9.98828E-05 9.98828E-05 9.98828E-05 9.98828E-05 9.98828E-05 9.98828E-05 9.98828E-05 9.98828E-05 9.98828E-05 9.98828E-05 0.0352606 9.98828E-05 0.0127172 0.8406 9.98828E-05 0.110123
9.98739E-05 0.143029 9.98739E-05 9.98739E-05 9.98739E-05 9.98739E-05 9.98739E-05 9.98739E-05 9.98739E-05 9.98739E-05 9.98739E-05 9.98739E-05 9.98739E-05 9.98739E-05 0.832997 0.0225756 9.98739E-05
0.0512574 0.0828766 0.0136557 0.00211604 9.99191E-05 9.99191E-05 9.99191E-05 9.99191E-05 9.99191E-05 0.144757 9.99191E-05 9.99191E-05 0.0609384 0.1042 0.5393 9.99191E-05 9.99191E-05
9.99008E-05 9.99008E-05 9.99008E-05 9.99008E-05 0.365459 9.99008E-05 9.99008E-05 0.0266626 9.99008E-05 0.297383 9.99008E-05 0.0339589 9.99008E-05 9.99008E-05 0.117759 9.99008E-05 0.157679
0.0821819 9.98827E-05 9.98827E-05 9.98827E-05 9.98827E-05 9.98827E-05 9.98827E-05 9.98827E-05 9.98827E-05 0.195893 9.98827E-05 9.98827E-05 9.98827E-05 0.161225 0.559402 9.98827E-05 9.98827E-05
0.0605172 9.98828E-05 9.98828E-05 9.98828E-05 9.98828E-05 9.98828E-05 9.98828E-05 9.98828E-05 9.98828E-05 0.123931 9.98828E-05 0.171564 9.98828E-05 9.98828E-05 0.642689 9.98828E-05 9.98828E-05
9.98649E-05 0.191121 9.98649E-05 9.98649E-05 9.98649E-05 9.98649E-05 9.98649E-05 9.98649E-05 9.98649E-05 9.98649E-05 9.98649E-05 9.98649E-05 9.98649E-05 9.98649E-05 0.807381 9.98649E-05 9.98649E-05
9.98828E-05 9.98828E-05 0.0884087 9.98828E-05 9.98828E-05 0.0696983 9.98828E-05 9.98828E-05 9.98828E-05 9.98828E-05 9.98828E-05 9.98828E-05 9.98828E-05 9.98828E-05 0.695073 0.145522 9.98828E-05
9.98738E-05 9.98738E-05 0.195472 9.98738E-05 9.98738E-05 9.98738E-05 9.98738E-05 9.98738E-05 9.98738E-05 9.98738E-05 9.98738E-05 9.98738E-05 9.98738E-05 9.98738E-05 0.62028 0.18285 9.98738E-05
9.98919E-05 0.062995 9.98919E-05 9.98919E-05 9.98919E-05 0.0788353 9.98919E-05 9.98919E-05 9.98919E-05 9.98919E-05 9.98919E-05 9.98919E-05 0.145913 9.98919E-05 0.644134 0.0669247 9.98919E-05
9.98827E-05 9.98827E-05 9.98827E-05 9.98827E-05 9.98827E-05 9.98827E-05 0.770506 0.122735 9.98827E-05 9.98827E-05 9.98827E-05 0.0439163 9.98827E-05 9.98827E-05 9.98827E-05 9.98827E-05 0.0615443
9.98829E-05 9.98829E-05 9.98829E-05 9.98829E-05 9.98829E-05 9.98829E-05 0.0439594 0.479588 9.98829E-05 0.344003 9.98829E-05 9.98829E-05 9.98829E-05 9.98829E-05 9.98829E-05 9.98829E-05 0.131152
0.0426147 9.99009E-05 9.99009E-05 9.99009E-05 9.99009E-05 9.99009E-05 9.99009E-05 0.608316 0.0232522 0.124695 9.99009E-05 9.99009E-05 9.99009E-05 0.160301 0.0397216 9.99009E-05 9.99009E-05
9.9919E-05 0.119553 9.9919E-05 9.9919E-05 0.0450306 9.9919E-05 0.417177 0.0917273 9.9919E-05 9.9919E-05 9.9919E-05 9.9919E-05 0.130825 0.12515 9.9919E-05 0.0569793 0.0126591
9.98917E-05 9.98917E-05 9.98917E-05 9.98917E-05 9.98917E-05 9.98917E-05 0.373103 0.247186 9.98917E-05 9.98917E-05 9.98917E-05 0.068008 9.98917E-05 9.98917E-05 0.248592 9.98917E-05 0.0619124
9.99008E-05 9.99008E-05 0.0833673 0.0814929 9.99008E-05 9.99008E-05 0.0686115 0.674823 0.0324305 9.99008E-05 9.99008E-05 9.99008E-05 9.99008E-05 9.99008E-05 0.0581757 9.99008E-05 9.99008E-05
9.98739E-05 9.98739E-05 9.98739E-05 9.98739E-05 0.661286 0.123373 9.98739E-05 9.98739E-05 9.98739E-05 9.98739E-05 9.98739E-05 9.98739E-05 0.213943 9.98739E-05 9.98739E-05 9.98739E-05 9.98739E-05
9.9883E-05 9.9883E-05 0.0532127 9.9883E-05 9.9883E-05 0.0866902 0.741355 9.9883E-05 9.9883E-05 9.9883E-05 0.117444 9.9883E-05 9.9883E-05 9.9883E-05 9.9883E-05 9.9883E-05 9.9883E-05
0.000968326 9.99098E-05 9.99098E-05 0.0405787 9.99098E-05 9.99098E-05 9.99098E-05 0.499236 9.99098E-05 0.232022 9.99098E-05 0.0768724 9.99098E-05 0.00159736 0.147726 9.99098E-05 9.99098E-05
9.98828E-05 9.98828E-05 9.98828E-05 9.98828E-05 9.98828E-05 9.98828E-05 0.632106 0.282379 9.98828E-05 9.98828E-05 9.98828E-05 0.033719 9.98828E-05 9.98828E-05 9.98828E-05 9.98828E-05 0.0504978
9.98829E-05 9.98829E-05 9.98829E-05 9.98829E-05 9.98829E-05 9.98829E-05 0.0306918 0.447877 9.98829E-05 9.98829E-05 9.98829E-05 9.98829E-05 9.98829E-05 0.474976 9.98829E-05 9.98829E-05 0.0451574
9.9901E-05 9.9901E-05 9.9901E-05 0.0322831 9.9901E-05 9.9901E-05 0.591015 0.198937 9.9901E-05 9.9901E-05 0.116446 9.9901E-05 0.0198529 9.9901E-05 9.9901E-05 0.0403661 9.9901E-05
9.98918E-05 9.98918E-05 9.98918E-05 9.98918E-05 9.98918E-05 9.98918E-05 0.10062 0.453627 9.98918E-05 0.267686 9.98918E-05 9.98918E-05 9.98918E-05 9.98918E-05 9.98918E-05 0.0897724 0.0870963
9.98829E-05 0.166864 9.98829E-05 9.98829E-05 9.98829E-05 9.98829E-05 0.131173 0.402441 9.98829E-05 9.98829E-05 9.98829E-05 9.98829E-05 9.98829E-05 9.98829E-05 9.98829E-05 0.298223 9.98829E-05
9.99098E-05 9.99098E-05 0.312132 9.99098E-05 0.204546 0.0133413 0.32751 9.99098E-05 0.0259461 0.0283505 9.99098E-05 9.99098E-05 9.99098E-05 9.99098E-05 0.0871748 9.99098E-05 9.99098E-05
9.99009E-05 9.99009E-05 0.288039 9.99009E-05 0.0562677 0.000629688 0.329814 0.219935 9.99009E-05 9.99009E-05 0.104215 9.99009E-05 9.99009E-05 9.99009E-05 9.99009E-05 9.99009E-05 9.99009E-05
9.99099E-05 9.99099E-05 9.99099E-05 0.00202544 0.0890126 0.0420545 0.0962168 0.16782 9.99099E-05 9.99099E-05 9.99099E-05 9.99099E-05 0.320453 9.99099E-05 9.99099E-05 0.281419 9.99099E-05
9.98829E-05 9.98829E-05 9.98829E-05 9.98829E-05 0.183061 0.0169146 9.98829E-05 9.98829E-05 9.98829E-05 9.98829E-05 9.98829E-05 9.98829E-05 0.464029 9.98829E-05 0.334697 9.98829E-05 9.98829E-05
9.98917E-05 9.98917E-05 9.98917E-05 9.98917E-05 9.98917E-05 9.98917E-05 0.385175 0.198403 9.98917E-05 0.282623 9.98917E-05 0.0290492 9.98917E-05 9.98917E-05 9.98917E-05 9.98917E-05 0.103551
9.98917E-05 0.121817 9.98917E-05 9.98917E-05 0.169773 9.98917E-05 0.0881315 0.37036 9.98917E-05 9.98917E-05 9.98917E-05 9.98917E-05 9.98917E-05 9.98917E-05 9.98917E-05 0.248719 9.98917E-05
9.98827E-05 9.98827E-05 9.98827E-05 9.98827E-05 9.98827E-05 9.98827E-05 0.115844 0.747959 9.98827E-05 9.98827E-05 9.98827E-05 9.98827E-05 9.98827E-05 0.0260148 9.98827E-05 9.98827E-05 0.108883
9.98827E-05 9.98827E-05 9.98827E-05 9.98827E-05 9.98827E-05 9.98827E-05 0.652096 0.00315978 9.98827E-05 0.0680337 9.98827E-05 9.98827E-05 9.98827E-05 9.98827E-05 9.98827E-05 0.275412 9.98827E-05
9.99098E-05 9.99098E-05 0.00489666 0.00837375 0.0936778 9.99098E-05 0.725375 9.99098E-05 9.99098E-05 9.99098E-05 9.99098E-05 0.0942045 9.99098E-05 9.99098E-05 0.0713721 9.99098E-05 0.00110125
9.99009E-05 9.99009E-05 0.0667734 9.99009E-05 0.0120696 0.0205876 0.592845 0.193108 9.99009E-05 9.99009E-05 0.113517 9.99009E-05 9.99009E-05 9.99009E-05 9.99009E-05 9.99009E-05 9.99009E-05
9.98918E-05 9.98918E-05 9.98918E-05 0.0147859 0.272654 9.98918E-05 9.98918E-05 9.98918E-05 9.98918E-05 0.575601 9.98918E-05 0.0399654 9.98918E-05 9.98918E-05 9.98918E-05 9.98918E-05 0.095795
9.98828E-05 0.0642031 9.98828E-05 9.98828E-05 9.98828E-05 9.98828E-05 0.381733 9.98828E-05 9.98828E-05 0.216058 9.98828E-05 9.98828E-05 0.336708 9.98828E-05 9.98828E-05 9.98828E-05 9.98828E-05
0.313689 9.99009E-05 9.99009E-05 0.0637018 0.0675211 9.99009E-05 0.121471 0.0361507 9.99009E-05 0.396368 9.99009E-05 9.99009E-05 9.99009E-05 9.99009E-05 9.99009E-05 9.99009E-05 9.99009E-05
9.99008E-05 0.0848465 0.163607 9.99008E-05 0.374703 9.99008E-05 0.217959 9.99008E-05 9.99008E-05 9.99008E-05 9.99008E-05 0.0850304 9.99008E-05 9.99008E-05 0.072755 9.99008E-05 9.99008E-05
9.98828E-05 9.98828E-05 9.98828E-05 9.98828E-05 9.98828E-05 9.98828E-05 0.466851 9.98828E-05 9.98828E-05 0.173401 0.0657183 9.98828E-05 9.98828E-05 9.98828E-05 9.98828E-05 0.292731 9.98828E-05
9.98918E-05 9.98918E-05 0.0931878 9.98918E-05 0.0239515 9.98918E-05 0.363299 9.98918E-05 9.98918E-05 0.176491 9.98918E-05 9.98918E-05 9.98918E-05 9.98918E-05 9.98918E-05 0.341872 9.98918E-05
0.0577879 9.99007E-05 9.99007E-05 9.99007E-05 0.805406 9.99007E-05 0.0332971 9.99007E-05 9.99007E-05 0.0453298 9.99007E-05 0.0289532 9.99007E-05 9.99007E-05 9.99007E-05 9.99007E-05 0.0281272
9.99008E-05 9.99008E-05 9.99008E-05 9.99008E-05 0.382989 9.99008E-05 9.99008E-05 9.99008E-05 0.00752486 0.22361 9.99008E-05 0.108339 9.99008E-05 9.99008E-05 0.197646 9.99008E-05 0.0787913
9.99008E-05 9.99008E-05 9.99008E-05 9.99008E-05 0.329088 9.99008E-05 9.99008E-05 0.0442627 9.99008E-05 0.241481 9.99008E-05 9.99008E-05 9.99008E-05 0.301473 0.0674635 9.99008E-05 0.0151338
0.253947 9.98738E-05 9.98738E-05 9.98738E-05 9.98738E-05 9.98738E-05 0.0468629 9.98738E-05 9.98738E-05 0.697792 9.98738E-05 9.98738E-05 9.98738E-05 9.98738E-05 9.98738E-05 9.98738E-05 9.98738E-05
9.98829E-05 9.98829E-05 9.98829E-05 9.98829E-05 9.98829E-05 9.98829E-05 9.98829E-05 9.98829E-05 9.98829E-05 9.98829E-05 0.074078 9.98829E-05 0.216945 9.98829E-05 0.59916 0.108518 9.98829E-05
9.98827E-05 9.98827E-05 9.98827E-05 9.98827E-05 9.98827E-05 9.98827E-05 0.133093 9.98827E-05 9.98827E-05 0.766526 9.98827E-05 0.0771753 9.98827E-05 9.98827E-05 9.98827E-05 9.98827E-05 0.0219078
9.98918E-05 9.98918E-05 0.0203511 9.98918E-05 0.3963 9.98918E-05 0.369585 9.98918E-05 9.98918E-05 0.0995449 9.98918E-05 9.98918E-05 9.98918E-05 9.98918E-05 9.98918E-05 0.11302 9.98918E-05
9.99009E-05 0.0935416 0.047782 9.99009E-05 0.55106 0.174684 9.99009E-05 9.99009E-05 9.99009E-05 0.0559489 9.99009E-05 9.99009E-05 9.99009E-05 9.99009E-05 0.075885 9.99009E-05 9.99009E-05
0.12215 9.98917E-05 9.98917E-05 9.98917E-05 9.98917E-05 9.98917E-05 9.98917E-05 0.0536317 9.98917E-05 0.0531707 9.98917E-05 9.98917E-05 9.98917E-05 0.0723189 0.69753 9.98917E-05 9.98917E-05
0.14042 9.98829E-05 9.98829E-05 9.98829E-05 9.98829E-05 9.98829E-05 9.98829E-05 9.98829E-05 9.98829E-05 0.538837 9.98829E-05 9.98829E-05 9.98829E-05 0.175222 0.144223 9.98829E-05 9.98829E-05
0.0370855 9.98918E-05 9.98918E-05 9.98918E-05 9.98918E-05 9.98918E-05 9.98918E-05 0.0665021 9.98918E-05 0.124294 9.98918E-05 0.0893628 9.98918E-05 9.98918E-05 0.681557 9.98918E-05 9.98918E-05
9.99098E-05 9.99098E-05 9.99098E-05 9.99098E-05 0.334979 9.99098E-05 0.0321869 9.99098E-05 0.0153691 0.11446 9.99098E-05 0.00666217 9.99098E-05 9.99098E-05 0.289965 9.99098E-05 0.205379
9.991E-05 9.991E-05 9.991E-05 9.991E-05 0.0243338 9.991E-05 9.991E-05 0.0729021 9.991E-05 0.299285 9.991E-05 9.991E-05 9.991E-05 0.323171 0.132461 0.0353344 0.111514
9.98919E-05 0.286443 9.98919E-05 9.98919E-05 9.98919E-05 9.98919E-05 0.377964 9.98919E-05 9.98919E-05 0.104499 9.98919E-05 9.98919E-05 0.0339954 9.98919E-05 0.195899 9.98919E-05 9.98919E-05
9.98828E-05 0.225255 9.98828E-05 9.98828E-05 9.98828E-05 9.98828E-05 0.469195 0.0852136 9.98828E-05 0.219038 9.98828E-05 9.98828E-05 9.98828E-05 9.98828E-05 9.98828E-05 9.98828E-05 9.98828E-05
9.99009E-05 0.43766 9.99009E-05 9.99009E-05 0.0496775 9.99009E-05 0.0882284 0.344757 9.99009E-05 0.0312326 9.99009E-05 9.99009E-05 9.99009E-05 9.99009E-05 0.0473454 9.99009E-05 9.99009E-05
9.99008E-05 9.99008E-05 9.99008E-05 9.99008E-05 9.99008E-05 9.99008E-05 0.0589068 0.18636 0.018216 0.6834 9.99008E-05 0.0275855 9.99008E-05 9.99008E-05 9.99008E-05 9.99008E-05 0.0244327
9.98917E-05 9.98917E-05 9.98917E-05 9.98917E-05 9.98917E-05 9.98917E-05 0.615685 9.98917E-05 9.98917E-05 9.98917E-05 9.98917E-05 9.98917E-05 9.98917E-05 0.0287621 0.0457652 0.254095 0.0544933
9.99009E-05 0.0559099 9.99009E-05 9.99009E-05 0.154283 0.121223 0.519105 9.99009E-05 9.99009E-05 0.118729 9.99009E-05 9.99009E-05 0.0296507 9.99009E-05 9.99009E-05 9.99009E-05 9.99009E-05
0.138066 9.98917E-05 9.98917E-05 9.98917E-05 0.41894 9.98917E-05 9.98917E-05 0.119229 9.98917E-05 9.98917E-05 9.98917E-05 0.128794 9.98917E-05 9.98917E-05 0.193772 9.98917E-05 9.98917E-05
0.187233 9.98737E-05 9.98737E-05 9.98737E-05 0.135875 9.98737E-05 9.98737E-05 0.675494 9.98737E-05 9.98737E-05 9.98737E-05 9.98737E-05 9.98737E-05 9.98737E-05 9.98737E-05 9.98737E-05 9.98737E-05
9.98829E-05 9.98829E-05 9.98829E-05 9.98829E-05 0.710375 9.98829E-05 9.98829E-05 9.98829E-05 9.98829E-05 9.98829E-05 0.135641 0.00274351 9.98829E-05 9.98829E-05 0.149942 9.98829E-05 9.98829E-05
0.221389 9.98917E-05 9.98917E-05 9.98917E-05 0.333691 9.98917E-05 0.00296139 0.425144 9.98917E-05 0.0156159 9.98917E-05 9.98917E-05 9.98917E-05 9.98917E-05 9.98917E-05 9.98917E-05 9.98917E-05
0.251667 9.98737E-05 9.98737E-05 9.98737E-05 0.386426 9.98737E-05 9.98737E-05 0.360509 9.98737E-05 9.98737E-05 9.98737E-05 9.98737E-05 9.98737E-05 9.98737E-05 9.98737E-05 9.98737E-05 9.98737E-05
9.98828E-05 9.98828E-05 9.98828E-05 9.98828E-05 0.650418 9.98828E-05 9.98828E-05 9.98828E-05 9.98828E-05 9.98828E-05 0.126283 9.98828E-05 0.0142542 9.98828E-05 9.98828E-05 0.207747 9.98828E-05
9.99098E-05 9.99098E-05 9.99098E-05 0.037654 0.249226 9.99098E-05 0.177254 0.146604 9.99098E-05 0.248073 0.0367842 0.103406 9.99098E-05 9.99098E-05 9.99098E-05 9.99098E-05 9.99098E-05
9.98738E-05 9.98738E-05 9.98738E-05 9.98738E-05 0.508928 9.98738E-05 9.98738E-05 0.357296 9.98738E-05 9.98738E-05 9.98738E-05 0.132377 9.98738E-05 9.98738E-05 9.98738E-05 9.98738E-05 9.98738E-05
0.00452691 9.99099E-05 0.0206635 0.0340325 9.99099E-05 9.99099E-05 9.99099E-05 0.0223844 9.99099E-05 0.0438967 9.99099E-05 9.99099E-05 9.99099E-05 0.312673 9.99099E-05 9.99099E-05 0.560824
0.0479314 0.023468 9.9919E-05 9.9919E-05 9.9919E-05 9.9919E-05 9.9919E-05 0.077476 9.9919E-05 0.0589762 0.0341776 9.9919E-05 9.9919E-05 0.0678671 0.00194945 9.9919E-05 0.687255
9.98919E-05 0.150101 9.98919E-05 0.0760129 9.98919E-05 9.98919E-05 9.98919E-05 9.98919E-05 9.98919E-05 0.0206305 9.98919E-05 9.98919E-05 0.0710662 9.98919E-05 9.98919E-05 9.98919E-05 0.68099
9.98649E-05 9.98649E-05 9.98649E-05 0.98592 9.98649E-05 9.98649E-05 9.98649E-05 9.98649E-05 9.98649E-05 9.98649E-05 0.0125821 9.98649E-05 9.98649E-05 9.98649E-05 9.98649E-05 9.98649E-05 9.98649E-05
9.98738E-05 9.98738E-05 9.98738E-05 0.248697 9.98738E-05 9.98738E-05 9.98738E-05 9.98738E-05 9.98738E-05 9.98738E-05 9.98738E-05 9.98738E-05 9.98738E-05 0.369233 9.98738E-05 9.98738E-05 0.380671
9.99098E-05 0.00450201 9.99098E-05 0.375568 0.0535656 0.0602927 0.0187095 9.99098E-05 9.99098E-05 9.99098E-05 9.99098E-05 0.434678 9.99098E-05 9.99098E-05 9.99098E-05 0.0516853 9.99098E-05
0.520695 9.98737E-05 9.98737E-05 0.167435 9.98737E-05 9.98737E-05 9.98737E-05 9.98737E-05 9.98737E-05 9.98737E-05 9.98737E-05 9.98737E-05 9.98737E-05 9.98737E-05 9.98737E-05 9.98737E-05 0.310472
9.98828E-05 9.98828E-05 9.98828E-05 0.113863 9.98828E-05 9.98828E-05 9.98828E-05 9.98828E-05 9.98828E-05 0.00922971 9.98828E-05 9.98828E-05 9.98828E-05 0.236068 9.98828E-05 9.98828E-05 0.639541
0.0401719 9.99189E-05 0.00425201 0.0428961 0.0578873 9.99189E-05 9.99189E-05 9.99189E-05 0.0373308 9.99189E-05 9.99189E-05 0.0976698 9.99189E-05 9.99189E-05 0.00546445 9.99189E-05 0.713428
9.98916E-05 9.98916E-05 0.066762 0.177093 9.98916E-05 0.0338067 9.98916E-05 9.98916E-05 9.98916E-05 9.98916E-05 9.98916E-05 9.98916E-05 9.98916E-05 9.98916E-05 9.98916E-05 0.425668 0.295472
9.98919E-05 9.98919E-05 9.98919E-05 0.0170767 9.98919E-05 9.98919E-05 9.98919E-05 0.0576464 0.0799235 9.98919E-05 9.98919E-05 9.98919E-05 9.98919E-05 0.585908 9.98919E-05 9.98919E-05 0.258246
0.0595442 9.99098E-05 0.39451 0.0759428 9.99098E-05 0.0266444 9.99098E-05 9.99098E-05 0.010662 9.99098E-05 9.99098E-05 9.99098E-05 9.99098E-05 9.99098E-05 9.99098E-05 0.112545 0.319153
9.98918E-05 9.98918E-05 9.98918E-05 0.210697 9.98918E-05 9.98918E-05 9.98918E-05 9.98918E-05 9.98918E-05 0.100682 9.98918E-05 0.016943 9.98918E-05 0.113646 9.98918E-05 9.98918E-05 0.556833
9.99008E-05 9.99008E-05 0.136089 0.190036 0.018745 9.99008E-05 0.0531577 9.99008E-05 9.99008E-05 9.99008E-05 9.99008E-05 0.205493 9.99008E-05 9.99008E-05 9.99008E-05 9.99008E-05 0.39538
9.99098E-05 9.99098E-05 9.99098E-05 0.0647465 9.99098E-05 9.99098E-05 9.99098E-05 9.99098E-05 0.0389444 9.99098E-05 9.99098E-05 0.134038 9.99098E-05 0.0336059 0.0208374 0.148027 0.558802
0.166707 9.99188E-05 0.00655056 0.191362 9.99188E-05 9.99188E-05 9.99188E-05 9.99188E-05 9.99188E-05 0.0459964 9.99188E-05 0.33683 9.99188E-05 0.0599921 0.0276833 9.99188E-05 0.163979
9.99187E-05 0.207908 0.0401043 0.197618 0.0492884 0.156068 0.0513292 9.99187E-05 9.99187E-05 9.99187E-05 0.0566168 9.99187E-05 9.99187E-05 9.99187E-05 9.99187E-05 9.99187E-05 0.240168
0.0150291 0.27473 9.98918E-05 0.0332835 9.98918E-05 9.98918E-05 9.98918E-05 9.98918E-05 9.98918E-05 9.98918E-05 9.98918E-05 9.98918E-05 0.408504 9.98918E-05 9.98918E-05 9.98918E-05 0.267254
9.99189E-05 9.99189E-05 9.99189E-05 9.99189E-05 9.99189E-05 9.99189E-05 0.00722841 0.000634728 0.0894564 0.110674 0.00266025 0.00215378 9.99189E-05 9.99189E-05 0.0598153 9.99189E-05 0.726478
0.0443073 9.99007E-05 9.99007E-05 0.375886 9.99007E-05 9.99007E-05 9.99007E-05 9.99007E-05 9.99007E-05 0.113393 9.99007E-05 0.022832 9.99007E-05 0.0606771 9.99007E-05 9.99007E-05 0.381805
9.99098E-05 9.99098E-05 0.0808983 0.13143 9.99098E-05 9.99098E-05 0.00256183 9.99098E-05 0.0291639 9.99098E-05 9.99098E-05 9.99098E-05 9.99098E-05 9.99098E-05 0.0208632 0.174477 0.559606
9.98828E-05 0.384915 9.98828E-05 0.015887 9.98828E-05 9.98828E-05 9.98828E-05 9.98828E-05 9.98828E-05 9.98828E-05 9.98828E-05 9.98828E-05 9.98828E-05 9.98828E-05 9.98828E-05 0.116192 0.481708
9.98827E-05 9.98827E-05 9.98827E-05 9.98827E-05 9.98827E-05 0.00624029 9.98827E-05 9.98827E-05 9.98827E-05 9.98827E-05 0.273935 0.323256 9.98827E-05 9.98827E-05 9.98827E-05 0.395271 9.98827E-05
0.299432 9.98828E-05 9.98828E-05 0.000445049 9.98828E-05 9.98828E-05 9.98828E-05 0.00134256 0.697482 9.98828E-05 9.98828E-05 9.98828E-05 9.98828E-05 9.98828E-05 9.98828E-05 9.98828E-05 9.98828E-05
9.98828E-05 0.187036 9.98828E-05 9.98828E-05 9.98828E-05 9.98828E-05 9.98828E-05 9.98828E-05 9.98828E-05 9.98828E-05 0.04902 0.216142 0.546504 9.98828E-05 9.98828E-05 9.98828E-05 9.98828E-05
9.99009E-05 9.99009E-05 9.99009E-05 9.99009E-05 9.99009E-05 9.99009E-05 9.99009E-05 9.99009E-05 9.99009E-05 0.0544377 9.99009E-05 0.769067 9.99009E-05 0.130278 0.0136833 0.0237768 0.00765796
9.98737E-05 9.98737E-05 9.98737E-05 9.98737E-05 9.98737E-05 9.98737E-05 9.98737E-05 9.98737E-05 0.464737 0.0677482 9.98737E-05 9.98737E-05 9.98737E-05 0.466117 9.98737E-05 9.98737E-05 9.98737E-05
9.98918E-05 0.170772 0.324939 9.98918E-05 9.98918E-05 0.252703 9.98918E-05 9.98918E-05 9.98918E-05 9.98918E-05 9.98918E-05 0.187356 0.0630319 9.98918E-05 9.98918E-05 9.98918E-05 9.98918E-05
9.98918E-05 0.00214258 0.185117 9.98918E-05 9.98918E-05 9.98918E-05 9.98918E-05 9.98918E-05 0.666648 9.98918E-05 9.98918E-05 9.98918E-05 9.98918E-05 0.00532829 9.98918E-05 0.139565 9.98918E-05
0.064871 0.06932 9.99098E-05 9.99098E-05 0.0309775 9.99098E-05 0.1246 9.99098E-05 9.99098E-05 9.99098E-05 0.103875 0.499127 9.99098E-05 9.99098E-05 9.99098E-05 9.99098E-05 0.10623
9.98648E-05 0.358721 9.98648E-05 9.98648E-05 9.98648E-05 9.98648E-05 9.98648E-05 9.98648E-05 0.639781 9.98648E-05 9.98648E-05 9.98648E-05 9.98648E-05 9.98648E-05 9.98648E-05 9.98648E-05 9.98648E-05
0.330232 0.0195586 9.99009E-05 9.99009E-05 9.99009E-05 9.99009E-05 9.99009E-05 9.99009E-05 0.214802 0.156339 9.99009E-05 0.126795 9.99009E-05 0.151173 9.99009E-05 9.99009E-05 9.99009E-05
9.99188E-05 0.175956 0.254068 9.99188E-05 9.99188E-05 0.0545573 0.0570999 9.99188E-05 0.162241 9.99188E-05 0.144463 0.0573834 9.99188E-05 9.99188E-05 9.99188E-05 0.0933314 9.99188E-05
9.98829E-05 0.110638 9.98829E-05 9.98829E-05 9.98829E-05 9.98829E-05 9.98829E-05 9.98829E-05 0.516246 9.98829E-05 9.98829E-05 9.98829E-05 0.289252 9.98829E-05 9.98829E-05 0.0825656 9.98829E-05
0.086915 9.98828E-05 9.98828E-05 9.98828E-05 9.98828E-05 9.98828E-05 9.98828E-05 9.98828E-05 0.371388 0.129145 9.98828E-05 9.98828E-05 9.98828E-05 0.411254 9.98828E-05 9.98828E-05 9.98828E-05
9.99189E-05 0.0757592 0.236316 0.0133558 9.99189E-05 0.356777 9.99189E-05 9.99189E-05 9.99189E-05 9.99189E-05 0.217977 0.0562216 0.0293259 9.99189E-05 9.99189E-05 0.0133672 9.99189E-05
9.98738E-05 0.232869 9.98738E-05 9.98738E-05 9.98738E-05 0.260634 9.98738E-05 9.98738E-05 0.505098 9.98738E-05 9.98738E-05 9.98738E-05 9.98738E-05 9.98738E-05 9.98738E-05 9.98738E-05 9.98738E-05
0.0352968 0.415336 0.132042 9.98917E-05 9.98917E-05 0.205845 9.98917E-05 9.98917E-05 9.98917E-05 9.98917E-05 9.98917E-05 0.210281 9.98917E-05 9.98917E-05 9.98917E-05 9.98917E-05 9.98917E-05
9.98738E-05 9.98738E-05 9.98738E-05 9.98738E-05 9.98738E-05 9.98738E-05 9.98738E-05 9.98738E-05 0.454691 0.0495114 9.98738E-05 9.98738E-05 9.98738E-05 0.4944 9.98738E-05 9.98738E-05 9.98738E-05
9.99007E-05 0.509233 0.000849859 9.99007E-05 9.99007E-05 0.0386148 9.99007E-05 9.99007E-05 0.28462 9.99007E-05 0.1304 9.99007E-05 0.0351832 9.99007E-05 9.99007E-05 9.99007E-05 9.99007E-05
9.99189E-05 0.025798 0.33902 9.99189E-05 9.99189E-05 0.0394905 0.0232372 9.99189E-05 9.99189E-05 9.99189E-05 0.38381 0.0995235 9.99189E-05 9.99189E-05 9.99189E-05 0.0120063 0.0762154
0.0776961 9.99098E-05 0.00470811 0.000781244 0.0858298 9.99098E-05 9.99098E-05 9.99098E-05 0.0723209 9.99098E-05 0.0842874 0.673377 9.99098E-05 9.99098E-05 9.99098E-05 9.99098E-05 9.99098E-05
0.0258829 0.0616402 9.99101E-05 0.0536985 9.99101E-05 9.99101E-05 9.99101E-05 9.99101E-05 9.99101E-05 0.0110324 9.99101E-05 0.287841 0.104418 9.99101E-05 9.99101E-05 0.454488 9.99101E-05
9.99189E-05 0.36329 9.99189E-05 0.00885679 9.99189E-05 0.00846453 9.99189E-05 9.99189E-05 0.0448106 9.99189E-05 9.99189E-05 0.319761 0.0772462 9.99189E-05 0.0122736 0.164398 9.99189E-05
9.98827E-05 9.98827E-05 9.98827E-05 9.98827E-05 9.98827E-05 9.98827E-05 9.98827E-05 9.98827E-05 0.422522 0.0407771 9.98827E-05 0.127272 9.98827E-05 0.40813 9.98827E-05 9.98827E-05 9.98827E-05
0.0581832 0.131768 0.264481 0.0415201 0.0170153 0.00773572 9.99459E-05 0.0569858 0.115154 9.99459E-05 0.127227 0.129029 9.99459E-05 9.99459E-05 0.0503011 9.99459E-05 9.99459E-05
9.98917E-05 9.98917E-05 9.98917E-05 9.98917E-05 0.0924011 9.98917E-05 9.98917E-05 9.98917E-05 0.585771 9.98917E-05 0.0263389 0.293548 9.98917E-05 9.98917E-05 9.98917E-05 9.98917E-05 0.000743327
9.99099E-05 9.99099E-05 9.99099E-05 0.0212011 9.99099E-05 9.99099E-05 9.99099E-05 9.99099E-05 0.0807582 0.148676 9.99099E-05 0.35184 9.99099E-05 0.180903 0.0220429 9.99099E-05 0.19358
9.99368E-05 0.42042 0.170476 0.0856437 0.0205303 9.99368E-05 0.0243338 0.0187827 0.139066 9.99368E-05 0.107744 0.00230381 9.99368E-05 9.99368E-05 0.0100001 9.99368E-05 9.99368E-05
9.99009E-05 9.99009E-05 9.99009E-05 9.99009E-05 9.99009E-05 9.99009E-05 0.0677237 9.99009E-05 0.265331 9.99009E-05 0.00795866 0.0277464 9.99009E-05 9.99009E-05 9.99009E-05 0.263021 0.36712
0.112514 9.991E-05 9.991E-05 9.991E-05 0.0105342 0.0396432 9.991E-05 9.991E-05 9.991E-05 0.0447023 9.991E-05 9.991E-05 9.991E-05 0.702481 0.0203398 0.068787 9.991E-05
0.111 9.99188E-05 9.99188E-05 9.99188E-05 0.0575336 0.0210151 9.99188E-05 9.99188E-05 0.260768 9.99188E-05 9.99188E-05 0.289797 9.99188E-05 0.0519729 0.0107874 9.99188E-05 0.196226
0.0881077 9.99368E-05 0.0929177 0.0514394 9.99368E-05 9.99368E-05 9.99368E-05 0.0266013 0.0567461 0.0730047 9.99368E-05 0.303868 9.99368E-05 0.219095 0.0212272 9.99368E-05 0.0662935
9.99008E-05 9.99008E-05 0.363413 9.99008E-05 9.99008E-05 9.99008E-05 9.99008E-05 9.99008E-05 0.112285 9.99008E-05 9.99008E-05 0.1159 9.99008E-05 0.130742 0.00584753 0.270713 9.99008E-05
0.0047483 9.98828E-05 9.98828E-05 0.0707313 9.98828E-05 9.98828E-05 9.98828E-05 9.98828E-05 9.98828E-05 9.98828E-05 9.98828E-05 0.365907 9.98828E-05 0.557315 9.98828E-05 9.98828E-05 9.98828E-05
9.98917E-05 0.36971 0.211886 9.98917E-05 9.98917E-05 0.164984 9.98917E-05 9.98917E-05 9.98917E-05 9.98917E-05 9.98917E-05 0.150253 0.101969 9.98917E-05 9.98917E-05 9.98917E-05 9.98917E-05
9.98918E-05 9.98918E-05 9.98918E-05 0.00576328 9.98918E-05 9.98918E-05 9.98918E-05 9.98918E-05 0.0391292 9.98918E-05 9.98918E-05 0.449454 9.98918E-05 0.494582 0.00987296 9.98918E-05 9.98918E-05
9.99099E-05 0.290371 9.99099E-05 0.0169058 9.99099E-05 9.99099E-05 9.99099E-05 9.99099E-05 0.287042 9.99099E-05 0.0028967 9.99099E-05 0.192662 0.173342 9.99099E-05 0.0357815 9.99099E-05
0.0193786 0.408877 0.0142167 9.99099E-05 9.99099E-05 0.105321 9.99099E-05 9.99099E-05 0.10857 9.99099E-05 9.99099E-05 9.99099E-05 0.226473 9.99099E-05 9.99099E-05 9.99099E-05 0.116165
9.9901E-05 9.9901E-05 9.9901E-05 9.9901E-05 9.9901E-05 9.9901E-05 0.120025 9.9901E-05 0.200508 9.9901E-05 9.9901E-05 0.307205 9.9901E-05 9.9901E-05 0.0170802 0.0958162 0.258267
0.0483308 0.0451354 9.99279E-05 9.99279E-05 0.000369096 0.088055 0.108984 9.99279E-05 0.00368116 9.99279E-05 0.00119234 0.498815 9.99279E-05 9.99279E-05 9.99279E-05 9.99279E-05 0.204637
9.99099E-05 9.99099E-05 9.99099E-05 9.99099E-05 9.99099E-05 0.0865257 0.0444184 9.99099E-05 0.164508 9.99099E-05 9.99099E-05 0.285832 9.99099E-05 9.99099E-05 0.0458617 0.0196897 0.352165
9.99008E-05 0.485467 9.99008E-05 9.99008E-05 9.99008E-05 9.99008E-05 9.99008E-05 9.99008E-05 9.99008E-05 9.99008E-05 9.99008E-05 0.231888 0.0347836 0.10336 9.99008E-05 0.0811292 0.0622729
0.0924425 9.99009E-05 9.99009E-05 9.99009E-05 9.99009E-05 0.0555256 9.99009E-05 0.0098068 9.99009E-05 9.99009E-05 9.99009E-05 0.0540495 9.99009E-05 0.681047 9.99009E-05 9.99009E-05 0.10603
0.00807451 9.98919E-05 9.98919E-05 9.98919E-05 9.98919E-05 9.98919E-05 9.98919E-05 9.98919E-05 0.270456 9.98919E-05 9.98919E-05 9.98919E-05 9.98919E-05 0.689425 0.00593657 9.98919E-05 0.0249094
0.410914 9.99099E-05 9.99099E-05 9.99099E-05 9.99099E-05 9.99099E-05 9.99099E-05 0.0466103 0.204545 0.0290207 0.0256508 0.279178 9.99099E-05 9.99099E-05 9.99099E-05 9.99099E-05 0.00308228
9.99189E-05 9.99189E-05 9.99189E-05 9.99189E-05 9.99189E-05 9.99189E-05 9.99189E-05 0.0937765 0.146284 0.0384084 0.0304187 0.0976092 9.99189E-05 0.56558 0.0147692 9.99189E-05 0.0122553
9.9883E-05 9.9883E-05 0.0121359 9.9883E-05 9.9883E-05 0.134261 9.9883E-05 9.9883E-05 9.9883E-05 9.9883E-05 9.9883E-05 9.9883E-05 9.9883E-05 0.82656 9.9883E-05 9.9883E-05 0.0257446
0.412599 9.98918E-05 9.98918E-05 9.98918E-05 9.98918E-05 9.98918E-05 9.98918E-05 0.147605 0.319545 9.98918E-05 0.0738906 9.98918E-05 9.98918E-05 9.98918E-05 9.98918E-05 9.98918E-05 0.0451622
0.0989901 9.99188E-05 0.0331402 9.99188E-05 9.99188E-05 9.99188E-05 9.99188E-05 0.012037 0.0512371 0.0257937 9.99188E-05 0.609217 0.00314005 0.165545 9.99188E-05 9.99188E-05 9.99188E-05
9.991E-05 9.991E-05 9.991E-05 9.991E-05 0.0229063 0.325321 9.991E-05 9.991E-05 0.00504856 9.991E-05 0.479559 9.991E-05 0.0444826 9.991E-05 0.0210024 0.100681 9.991E-05
0.0710085 9.99008E-05 9.99008E-05 9.99008E-05 9.99008E-05 0.85648 9.99008E-05 9.99008E-05 9.99008E-05 9.99008E-05 9.99008E-05 0.0322897 0.0122036 9.99008E-05 0.0192075 9.99008E-05 0.00771219
0.344644 9.99008E-05 9.99008E-05 0.077163 0.0938388 0.0513678 9.99008E-05 9.99008E-05 9.99008E-05 9.99008E-05 0.0952083 0.336679 9.99008E-05 9.99008E-05 9.99008E-05 9.99008E-05 9.99008E-05
0.0686519 0.0218684 0.253778 9.98917E-05 9.98917E-05 0.634593 9.98917E-05 9.98917E-05 9.98917E-05 9.98917E-05 9.98917E-05 0.0199097 9.98917E-05 9.98917E-05 9.98917E-05 9.98917E-05 9.98917E-05
9.98739E-05 9.98739E-05 9.98739E-05 9.98739E-05 9.98739E-05 0.887488 9.98739E-05 9.98739E-05 9.98739E-05 9.98739E-05 0.043118 9.98739E-05 9.98739E-05 9.98739E-05 9.98739E-05 9.98739E-05 0.0679954
0.068184 0.0594853 9.99008E-05 9.99008E-05 9.99008E-05 0.392917 9.99008E-05 9.99008E-05 9.99008E-05 9.99008E-05 9.99008E-05 9.99008E-05 0.390833 9.99008E-05 0.0524852 9.99008E-05 0.0349965
0.016991 0.0567819 9.99279E-05 0.0747991 0.00222323 0.749554 9.99279E-05 9.99279E-05 9.99279E-05 0.00990591 9.99279E-05 0.00418731 0.0821067 0.00265158 9.99279E-05 9.99279E-05 9.99279E-05
0.619961 9.9892E-05 9.9892E-05 9.9892E-05 0.0147821 0.162409 9.9892E-05 9.9892E-05 9.9892E-05 9.9892E-05 9.9892E-05 0.183949 9.9892E-05 9.9892E-05 0.0176998 9.9892E-05 9.9892E-05
0.423843 0.00942303 9.9883E-05 9.9883E-05 9.9883E-05 9.9883E-05 9.9883E-05 9.9883E-05 0.165686 9.9883E-05 9.9883E-05 9.9883E-05 9.9883E-05 0.399749 9.9883E-05 9.9883E-05 9.9883E-05
0.0167283 9.99098E-05 9.99098E-05 0.0393933 0.101751 9.99098E-05 0.0307799 9.99098E-05 9.99098E-05 9.99098E-05 0.526025 0.201315 9.99098E-05 9.99098E-05 9.99098E-05 9.99098E-05 0.0830088
0.825523 9.9883E-05 9.9883E-05 0.069557 9.9883E-05 0.0816385 9.9883E-05 9.9883E-05 9.9883E-05 9.9883E-05 9.9883E-05 9.9883E-05 9.9883E-05 9.9883E-05 9.9883E-05 9.9883E-05 0.0219827
0.326015 9.991E-05 9.991E-05 0.205335 0.196671 0.0101383 9.991E-05 0.021616 9.991E-05 9.991E-05 9.991E-05 0.236987 9.991E-05 9.991E-05 0.0022389 9.991E-05 9.991E-05
0.0905866 9.99098E-05 9.99098E-05 0.228124 0.0350309 0.207406 9.99098E-05 9.99098E-05 9.99098E-05 9.99098E-05 0.0618276 0.370983 9.99098E-05 9.99098E-05 9.99098E-05 0.00504259 9.99098E-05
0.4786 9.99009E-05 9.99009E-05 0.0977167 9.99009E-05 9.99009E-05 9.99009E-05 0.0235588 0.0743147 9.99009E-05 9.99009E-05 0.235273 9.99009E-05 0.0894383 9.99009E-05 9.99009E-05 9.99009E-05
0.321024 9.99099E-05 9.99099E-05 0.204461 9.99099E-05 9.99099E-05 9.99099E-05 0.0121691 9.99099E-05 0.0489709 0.231847 0.14206 9.99099E-05 0.0384689 9.99099E-05 9.99099E-05 9.99099E-05
9.99369E-05 0.00906996 0.0563898 0.0382782 9.99369E-05 0.157275 0.04063 0.0338879 0.241722 9.99369E-05 0.233343 0.0816291 9.99369E-05 9.99369E-05 0.107076 9.99369E-05 9.99369E-05
0.397923 9.99189E-05 0.111165 9.99189E-05 0.0136976 9.99189E-05 0.0557853 0.0100401 9.99189E-05 9.99189E-05 0.123328 0.276505 9.99189E-05 9.99189E-05 0.0106577 9.99189E-05 9.99189E-05
0.351426 9.98918E-05 9.98918E-05 0.0217674 9.98918E-05 9.98918E-05 9.98918E-05 9.98918E-05 9.98918E-05 9.98918E-05 0.365496 0.0888166 9.98918E-05 9.98918E-05 9.98918E-05 9.98918E-05 0.171295
9.99009E-05 0.0126501 0.534545 9.99009E-05 9.99009E-05 0.112314 9.99009E-05 9.99009E-05 9.99009E-05 9.99009E-05 0.285623 0.0179203 0.0358484 9.99009E-05 9.99009E-05 9.99009E-05 9.99009E-05
9.9919E-05 9.9919E-05 0.0715567 0.0602415 0.0372906 0.0566957 9.9919E-05 9.9919E-05 9.9919E-05 0.0190458 0.447794 0.272881 9.9919E-05 9.9919E-05 9.9919E-05 9.9919E-05 0.0335947
0.722055 9.9919E-05 0.0368525 9.9919E-05 9.9919E-05 9.9919E-05 0.0165492 9.9919E-05 9.9919E-05 0.0459465 0.0203268 0.0290778 0.0410633 0.0872293 9.9919E-05 9.9919E-05 9.9919E-05
0.34165 0.0559458 9.99098E-05 0.132366 9.99098E-05 9.99098E-05 0.0169133 0.017152 9.99098E-05 9.99098E-05 0.0276232 0.407351 9.99098E-05 9.99098E-05 9.99098E-05 9.99098E-05 9.99098E-05
0.534599 9.98829E-05 9.98829E-05 9.98829E-05 9.98829E-05 9.98829E-05 9.98829E-05 9.98829E-05 0.128662 9.98829E-05 9.98829E-05 0.0470095 9.98829E-05 0.288431 9.98829E-05 9.98829E-05 9.98829E-05
9.99008E-05 0.0504182 0.045406 0.0200035 9.99008E-05 0.407633 9.99008E-05 9.99008E-05 9.99008E-05 9.99008E-05 0.254419 0.221021 9.99008E-05 9.99008E-05 9.99008E-05 9.99008E-05 9.99008E-05
9.9901E-05 9.9901E-05 0.0703123 0.00231894 0.106267 9.9901E-05 0.00953221 9.9901E-05 9.9901E-05 9.9901E-05 0.312505 0.497965 9.9901E-05 9.9901E-05 9.9901E-05 9.9901E-05 9.9901E-05
0.575205 9.99098E-05 9.99098E-05 0.0351125 9.99098E-05 9.99098E-05 9.99098E-05 9.99098E-05 0.0924643 0.0769214 0.00938496 0.106749 9.99098E-05 0.103163 9.99098E-05 9.99098E-05 9.99098E-05
9.99189E-05 9.99189E-05 0.0265484 9.99189E-05 9.99189E-05 0.357692 0.0378141 9.99189E-05 0.245637 9.99189E-05 0.162239 9.99189E-05 0.0778817 9.99189E-05 9.99189E-05 0.0499944 0.0412943
9.98829E-05 9.98829E-05 0.548585 9.98829E-05 9.98829E-05 9.98829E-05 9.98829E-05 9.98829E-05 0.39004 9.98829E-05 0.0544478 9.98829E-05 9.98829E-05 9.98829E-05 0.00562868 9.98829E-05 9.98829E-05
0.0759719 9.99279E-05 9.99279E-05 9.99279E-05 0.0478588 9.99279E-05 9.99279E-05 0.0822614 0.0102727 0.0830301 9.99279E-05 0.353167 9.99279E-05 0.293913 0.0463482 9.99279E-05 0.00637809
9.99098E-05 9.99098E-05 9.99098E-05 0.027191 9.99098E-05 9.99098E-05 9.99098E-05 0.0261301 0.582241 9.99098E-05 9.99098E-05 0.0333881 9.99098E-05 0.145962 0.0437917 9.99098E-05 0.140297
0.0477253 9.991E-05 0.316706 9.991E-05 0.0373598 0.332499 9.991E-05 9.991E-05 0.168124 9.991E-05 9.991E-05 9.991E-05 9.991E-05 9.991E-05 0.0433848 0.0532021 9.991E-05
9.98919E-05 9.98919E-05 9.98919E-05 9.98919E-05 0.0547552 0.516726 9.98919E-05 9.98919E-05 0.367331 9.98919E-05 0.010991 9.98919E-05 0.0489983 9.98919E-05 9.98919E-05 9.98919E-05 9.98919E-05
9.99189E-05 0.0756585 0.0746227 9.99189E-05 0.120514 0.34449 0.0143309 9.99189E-05 0.237434 9.99189E-05 0.08934 9.99189E-05 0.0427103 9.99189E-05 9.99189E-05 9.99189E-05 9.99189E-05
9.9883E-05 9.9883E-05 9.9883E-05 9.9883E-05 9.9883E-05 9.9883E-05 9.9883E-05 9.9883E-05 0.257261 0.0187113 9.9883E-05 9.9883E-05 9.9883E-05 0.704636 0.0180928 9.9883E-05 9.9883E-05
0.184232 9.99009E-05 9.99009E-05 0.0349839 0.0182183 9.99009E-05 9.99009E-05 0.0586706 0.36214 9.99009E-05 9.99009E-05 0.340656 9.99009E-05 9.99009E-05 9.99009E-05 9.99009E-05 9.99009E-05
9.99278E-05 9.99278E-05 0.161597 0.126447 0.0116518 0.0105938 0.0976955 9.99278E-05 0.152475 9.99278E-05 0.0440127 0.0821889 9.99278E-05 9.99278E-05 9.99278E-05 9.99278E-05 0.312538
9.98918E-05 0.00544458 0.21422 0.0713849 9.98918E-05 0.420436 9.98918E-05 9.98918E-05 0.287315 9.98918E-05 9.98918E-05 9.98918E-05 9.98918E-05 9.98918E-05 9.98918E-05 9.98918E-05 9.98918E-05
9.99009E-05 9.99009E-05 9.99009E-05 0.0340517 9.99009E-05 9.99009E-05 9.99009E-05 9.99009E-05 0.198093 0.0858711 9.99009E-05 0.0920477 9.99009E-05 0.506523 9.99009E-05 9.99009E-05 0.0823152
0.0637973 9.991E-05 9.991E-05 0.00234411 9.991E-05 0.115531 9.991E-05 0.035708 0.162131 9.991E-05 9.991E-05 0.576302 9.991E-05 9.991E-05 0.0431875 9.991E-05 9.991E-05
0.287691 9.99098E-05 9.99098E-05 0.00256685 0.0574923 0.131151 9.99098E-05 0.0166026 0.238674 9.99098E-05 9.99098E-05 0.264822 9.99098E-05 9.99098E-05 9.99098E-05 9.99098E-05 9.99098E-05
9.99098E-05 0.00713417 0.0363726 9.99098E-05 9.99098E-05 9.99098E-05 0.0293464 9.99098E-05 0.321817 9.99098E-05 9.99098E-05 0.153916 9.99098E-05 9.99098E-05 9.99098E-05 0.0944105 0.356004
0.265908 0.0107307 9.99099E-05 0.04912 9.99099E-05 9.99099E-05 9.99099E-05 0.0161452 9.99099E-05 0.0464773 9.99099E-05 0.429859 9.99099E-05 9.99099E-05 9.99099E-05 9.99099E-05 0.18076
0.0432793 9.99188E-05 0.224732 0.00539281 9.99188E-05 0.0961784 0.0613945 9.99188E-05 9.99188E-05 9.99188E-05 0.282146 0.231743 9.99188E-05 9.99188E-05 9.99188E-05 9.99188E-05 0.054235
9.99188E-05 9.99188E-05 0.157801 9.99188E-05 0.0453037 0.0478025 0.0533897 9.99188E-05 0.15796 9.99188E-05 0.0426792 0.447052 9.99188E-05 9.99188E-05 9.99188E-05 9.99188E-05 0.0471124
9.99011E-05 0.0403404 0.184769 9.99011E-05 9.99011E-05 0.433074 9.99011E-05 9.99011E-05 0.251503 9.99011E-05 9.99011E-05 9.99011E-05 0.0543058 9.99011E-05 0.0349092 9.99011E-05 9.99011E-05
0.296097 9.99188E-05 9.99188E-05 9.99188E-05 9.99188E-05 9.99188E-05 9.99188E-05 0.10172 0.377071 0.106113 0.0582083 0.0333792 9.99188E-05 9.99188E-05 0.010504 9.99188E-05 0.0160075
9.99008E-05 9.99008E-05 0.115528 9.99008E-05 9.99008E-05 0.301304 0.0422321 0.0112995 0.242844 9.99008E-05 0.285693 9.99008E-05 9.99008E-05 9.99008E-05 9.99008E-05 9.99008E-05 9.99008E-05
