0.039438 9.9964E-05 0.104336 0.0257893 9.9964E-05 9.9964E-05 9.9964E-05 0.130776 0.275518 0.423743
9.99549E-05 9.99549E-05 9.99549E-05 0.265642 9.99549E-05 0.000305035 9.99549E-05 0.0627056 0.334545 0.336302
0.0217807 0.0138469 0.0331206 9.99639E-05 0.0840571 0.0492678 9.99639E-05 9.99639E-05 0.797527 9.99639E-05
0.118382 0.227356 0.026531 0.308984 0.0198218 9.99729E-05 9.99729E-05 0.0463107 9.99729E-05 0.252315
0.0479204 0.187276 9.99639E-05 0.19437 9.99639E-05 0.107139 9.99639E-05 0.18602 9.99639E-05 0.276875
0.399001 9.99639E-05 9.99639E-05 9.99639E-05 9.99639E-05 0.0386687 0.0113275 0.0882998 0.38287 0.0794339
9.99549E-05 0.0134577 0.00526151 0.0175063 0.144958 9.99549E-05 9.99549E-05 9.99549E-05 0.818317 9.99549E-05
0.232509 9.9946E-05 9.9946E-05 9.9946E-05 9.9946E-05 9.9946E-05 0.0716576 9.9946E-05 0.491115 0.204118
0.146697 0.140554 0.00350315 0.221832 9.9973E-05 0.046127 9.9973E-05 9.9973E-05 0.213804 0.227182
0.34779 9.99459E-05 0.0598091 9.99459E-05 0.410573 9.99459E-05 9.99459E-05 9.99459E-05 0.181228 9.99459E-05
0.112239 0.0130344 0.00693612 0.567055 9.9982E-05 0.00620771 9.9982E-05 0.0673304 0.0819823 0.145014
0.232231 0.113267 9.99459E-05 0.282145 9.99459E-05 9.99459E-05 9.99459E-05 9.99459E-05 9.99459E-05 0.371757
9.9973E-05 0.255274 0.011537 0.137359 0.0340384 0.0688258 9.9973E-05 0.242297 0.250368 9.9973E-05
0.25442 9.9937E-05 0.017183 9.9937E-05 9.9937E-05 9.9937E-05 9.9937E-05 9.9937E-05 0.727698 9.9937E-05
0.0599387 9.99369E-05 9.99369E-05 0.595218 9.99369E-05 9.99369E-05 9.99369E-05 9.99369E-05 9.99369E-05 0.344144
0.0541427 9.99729E-05 0.0318564 9.99729E-05 0.39814 0.0166512 0.0326642 0.00275893 0.463487 9.99729E-05
0.0139863 0.0442936 9.9955E-05 0.0441222 0.0635799 9.9955E-05 9.9955E-05 9.9955E-05 0.833518 9.9955E-05
0.00898912 9.9955E-05 9.9955E-05 0.0749185 9.9955E-05 9.9955E-05 9.9955E-05 0.0419619 0.860669 0.012962
0.0652773 0.280694 9.9964E-05 0.0551216 9.9964E-05 9.9964E-05 9.9964E-05 0.0104426 0.290632 0.297432
9.9955E-05 9.9955E-05 0.808388 0.0949148 0.0044541 0.0768415 9.9955E-05 0.0149021 9.9955E-05 9.9955E-05
9.9928E-05 0.172022 0.827178 9.9928E-05 9.9928E-05 9.9928E-05 9.9928E-05 9.9928E-05 9.9928E-05 9.9928E-05
0.0269808 9.99368E-05 0.893304 9.99368E-05 9.99368E-05 9.99368E-05 9.99368E-05 0.0790155 9.99368E-05 9.99368E-05
9.99369E-05 0.353145 0.633485 9.99369E-05 9.99369E-05 0.01267 9.99369E-05 9.99369E-05 9.99369E-05 9.99369E-05
9.99459E-05 0.0956616 0.75455 0.132632 9.99459E-05 9.99459E-05 9.99459E-05 9.99459E-05 9.99459E-05 0.016557
0.0284264 9.99459E-05 0.488117 9.99459E-05 9.99459E-05 9.99459E-05 0.222946 9.99459E-05 0.259911 9.99459E-05
0.0565974 9.99549E-05 0.404405 0.13501 9.99549E-05 0.227924 9.99549E-05 9.99549E-05 9.99549E-05 0.175564
9.99459E-05 9.99459E-05 0.205682 9.99459E-05 0.533404 0.0337078 0.226606 9.99459E-05 9.99459E-05 9.99459E-05
9.9973E-05 0.0855617 0.331622 0.0471771 0.0301105 0.25083 9.9973E-05 0.11881 9.9973E-05 0.135589
0.0152124 9.99549E-05 0.855794 9.99549E-05 0.0277252 9.99549E-05 0.00889034 0.0918783 9.99549E-05 9.99549E-05
9.99279E-05 0.146318 0.852883 9.99279E-05 9.99279E-05 9.99279E-05 9.99279E-05 9.99279E-05 9.99279E-05 9.99279E-05
9.99551E-05 0.14281 0.550722 9.99551E-05 0.188269 9.99551E-05 0.0713392 9.99551E-05 0.0463597 9.99551E-05
0.0559062 9.99729E-05 0.249426 9.99729E-05 0.0278471 0.222194 0.265503 0.131522 0.0473007 9.99729E-05
9.99458E-05 9.99458E-05 0.581098 9.99458E-05 0.340285 9.99458E-05 0.075584 9.99458E-05 0.00243375 9.99458E-05
9.99369E-05 9.99369E-05 0.669424 9.99369E-05 9.99369E-05 9.99369E-05 0.0938075 9.99369E-05 0.236069 9.99369E-05
0.0127838 0.144743 0.837095 0.00477877 9.99459E-05 9.99459E-05 9.99459E-05 9.99459E-05 9.99459E-05 9.99459E-05
9.99459E-05 0.0401373 0.764739 0.174449 9.99459E-05 0.0200754 9.99459E-05 9.99459E-05 9.99459E-05 9.99459E-05
9.9937E-05 9.9937E-05 0.726389 0.231728 0.0411832 9.9937E-05 9.9937E-05 9.9937E-05 9.9937E-05 9.9937E-05
9.99369E-05 0.294959 0.668481 9.99369E-05 9.99369E-05 9.99369E-05 9.99369E-05 9.99369E-05 9.99369E-05 0.0358612
9.99459E-05 9.99459E-05 9.99459E-05 9.99459E-05 9.99459E-05 0.548131 0.373873 0.0696546 0.00774145 9.99459E-05
9.9946E-05 9.9946E-05 9.9946E-05 9.9946E-05 0.0595136 0.0378572 0.747313 0.154717 9.9946E-05 9.9946E-05
9.99369E-05 9.99369E-05 0.0215094 9.99369E-05 0.295896 9.99369E-05 0.681895 9.99369E-05 9.99369E-05 9.99369E-05
9.9964E-05 0.331272 0.00875022 9.9964E-05 0.0446257 0.282422 0.284637 0.0478922 9.9964E-05 9.9964E-05
0.0280194 9.99549E-05 0.275287 9.99549E-05 9.99549E-05 0.193088 0.434336 0.06877 9.99549E-05 9.99549E-05
0.0432856 9.9964E-05 0.051951 0.140857 9.9964E-05 9.9964E-05 0.73334 0.00850052 0.0216667 9.9964E-05
9.9946E-05 0.0935541 0.109522 9.9946E-05 9.9946E-05 0.430047 9.9946E-05 9.9946E-05 9.9946E-05 0.366277
9.9946E-05 9.9946E-05 9.9946E-05 0.137924 9.9946E-05 0.590536 0.123682 9.9946E-05 9.9946E-05 0.147258
9.99459E-05 9.99459E-05 0.144056 9.99459E-05 0.115082 9.99459E-05 0.633567 9.99459E-05 0.106696 9.99459E-05
0.0338482 9.99549E-05 9.99549E-05 0.0440985 9.99549E-05 0.377453 0.502244 0.0418568 9.99549E-05 9.99549E-05
9.9937E-05 9.9937E-05 9.9937E-05 9.9937E-05 0.520715 9.9937E-05 0.423776 0.0548096 9.9937E-05 9.9937E-05
9.9955E-05 0.0311175 9.9955E-05 0.0278122 9.9955E-05 0.462842 0.340054 9.9955E-05 9.9955E-05 0.137675
9.9946E-05 9.9946E-05 9.9946E-05 9.9946E-05 0.0964007 0.152213 0.642527 0.108259 9.9946E-05 9.9946E-05
9.9964E-05 0.274038 0.0558306 0.00704514 9.9964E-05 0.192383 0.38368 0.0866246 9.9964E-05 9.9964E-05
0.0433048 9.99549E-05 0.158226 0.289479 9.99549E-05 0.418467 0.090023 9.99549E-05 9.99549E-05 9.99549E-05
9.99459E-05 9.99459E-05 9.99459E-05 0.352525 9.99459E-05 0.240192 0.338233 9.99459E-05 9.99459E-05 0.0684502
9.9955E-05 0.377267 0.0624201 9.9955E-05 9.9955E-05 0.244293 0.178789 9.9955E-05 9.9955E-05 0.136731
9.9946E-05 0.361059 0.440546 9.9946E-05 9.9946E-05 9.9946E-05 0.041173 9.9946E-05 9.9946E-05 0.156623
0.0168418 9.99639E-05 9.99639E-05 9.99639E-05 0.00348322 0.30157 0.563211 0.102563 0.011931 9.99639E-05
9.9973E-05 0.0998518 0.0710927 0.0202194 0.056831 0.316442 0.37072 0.0645426 9.9973E-05 9.9973E-05
0.000239729 9.99549E-05 9.99549E-05 0.00833505 0.00676394 9.99549E-05 0.846431 0.137731 9.99549E-05 9.99549E-05
9.99459E-05 0.0321511 9.99459E-05 9.99459E-05 9.99459E-05 0.777961 0.135827 0.053462 9.99459E-05 9.99459E-05
0.0327199 9.99729E-05 0.0724798 0.0632784 9.99729E-05 0.648796 0.164767 0.00841977 0.00923994 9.99729E-05
9.99459E-05 9.99459E-05 9.99459E-05 0.128427 9.99459E-05 0.415773 0.33423 9.99459E-05 9.99459E-05 0.120971
9.99639E-05 9.99639E-05 0.0546717 9.99639E-05 0.0718115 0.2925 0.303032 0.135574 0.142011 9.99639E-05
9.99459E-05 0.340886 0.0436802 9.99459E-05 9.99459E-05 0.607234 0.00760018 9.99459E-05 9.99459E-05 9.99459E-05
9.99459E-05 9.99459E-05 9.99459E-05 9.99459E-05 0.152728 0.280137 0.257226 9.99459E-05 0.309309 9.99459E-05
0.0838428 9.99729E-05 0.191529 0.20085 9.99729E-05 0.385024 0.0325987 9.99729E-05 0.0895781 0.0162775
9.9937E-05 0.0888558 9.9937E-05 9.9937E-05 9.9937E-05 0.866567 9.9937E-05 9.9937E-05 9.9937E-05 0.0438778
9.9937E-05 9.9937E-05 9.9937E-05 0.102856 0.0917016 0.804743 9.9937E-05 9.9937E-05 9.9937E-05 9.9937E-05
0.038921 9.99639E-05 0.222256 9.99639E-05 9.99639E-05 0.437096 0.0286675 9.99639E-05 0.198203 0.0744566
0.144507 9.99639E-05 0.348811 9.99639E-05 9.99639E-05 0.254102 0.13291 0.0691646 0.0501054 9.99639E-05
0.00406575 9.9964E-05 0.25585 9.9964E-05 0.342579 0.0627777 0.259618 0.0747098 9.9964E-05 9.9964E-05
9.99459E-05 9.99459E-05 9.99459E-05 9.99459E-05 0.319442 0.25285 0.354451 9.99459E-05 0.0726578 9.99459E-05
9.993E-05 0.161433 0.667415 9.993E-05 9.993E-05 9.993E-05 9.993E-05 9.993E-05 9.993E-05 0.170453
9.99458E-05 9.99458E-05 9.99458E-05 9.99458E-05 0.19 0.405073 0.296285 9.99458E-05 0.108043 9.99458E-05
0.0441647 9.99639E-05 0.0611608 0.0135583 9.99639E-05 0.843144 9.99639E-05 0.030203 0.00736983 9.99639E-05
0.0455487 0.0720378 0.272806 0.164795 9.9973E-05 0.280104 0.0333072 9.9973E-05 9.9973E-05 0.131101
9.99458E-05 9.99458E-05 0.710026 9.99458E-05 0.148846 9.99458E-05 0.0943697 9.99458E-05 0.0461581 9.99458E-05
9.9946E-05 9.9946E-05 0.206722 9.9946E-05 0.494731 0.006802 0.291146 9.9946E-05 9.9946E-05 9.9946E-05
9.99459E-05 9.99459E-05 0.698303 9.99459E-05 0.0196848 9.99459E-05 0.159715 9.99459E-05 0.121698 9.99459E-05
0.104145 9.99549E-05 0.396314 9.99549E-05 9.99549E-05 0.20494 0.121014 0.173088 9.99549E-05 9.99549E-05
9.9955E-05 9.9955E-05 0.150743 9.9955E-05 0.448409 0.0793032 0.229432 0.0916134 9.9955E-05 9.9955E-05
9.99459E-05 0.297762 0.201153 9.99459E-05 9.99459E-05 0.340089 0.160397 9.99459E-05 9.99459E-05 9.99459E-05
9.99459E-05 0.174141 9.99459E-05 9.99459E-05 9.99459E-05 0.417545 0.389678 0.0180356 9.99459E-05 9.99459E-05
9.9955E-05 0.292602 0.0838201 0.0928869 9.9955E-05 0.102825 0.427366 9.9955E-05 9.9955E-05 9.9955E-05
9.99459E-05 9.99459E-05 9.99459E-05 9.99459E-05 0.191875 0.262977 0.507204 9.99459E-05 0.0373436 9.99459E-05
9.99549E-05 9.99549E-05 0.109319 9.99549E-05 0.0398422 0.663664 0.0510195 0.135656 9.99549E-05 9.99549E-05
9.99369E-05 0.144578 9.99369E-05 9.99369E-05 9.99369E-05 0.85068 9.99369E-05 9.99369E-05 0.00404156 9.99369E-05
0.0662289 9.99639E-05 0.38228 9.99639E-05 9.99639E-05 0.0255861 0.204764 9.99639E-05 0.31458 0.00616165
9.99279E-05 9.99279E-05 9.99279E-05 9.99279E-05 9.99279E-05 9.99279E-05 0.776175 9.99279E-05 0.223025 9.99279E-05
9.99549E-05 9.99549E-05 0.399149 9.99549E-05 9.99549E-05 0.147119 0.0516548 9.99549E-05 0.0118616 0.389716
9.99369E-05 9.99369E-05 9.99369E-05 9.99369E-05 9.99369E-05 0.157889 0.537658 9.99369E-05 0.303753 9.99369E-05
9.99549E-05 9.99549E-05 0.031914 9.99549E-05 9.99549E-05 0.0191002 0.572257 9.99549E-05 0.266155 0.110074
9.99459E-05 9.99459E-05 0.128875 9.99459E-05 9.99459E-05 0.249059 0.091549 9.99459E-05 9.99459E-05 0.529917
9.994E-05 9.994E-05 9.994E-05 9.994E-05 9.994E-05 0.316345 0.379724 9.994E-05 0.245533 0.057798
0.049439 9.99549E-05 0.102328 9.99549E-05 9.99549E-05 9.99549E-05 0.511039 9.99549E-05 0.0763923 0.260303
9.99369E-05 9.99369E-05 9.99369E-05 9.99369E-05 0.365811 9.99369E-05 0.0439473 0.589542 9.99369E-05 9.99369E-05
9.9964E-05 0.00445089 0.0187585 9.9964E-05 0.166117 9.9964E-05 0.150831 0.633532 9.9964E-05 0.025911
9.9946E-05 0.200865 9.9946E-05 9.9946E-05 0.00094976 9.9946E-05 0.0389299 0.758655 9.9946E-05 9.9946E-05
0.00456641 9.9946E-05 9.9946E-05 9.9946E-05 9.9946E-05 9.9946E-05 9.9946E-05 0.468126 0.0263051 0.500403
0.0166412 9.99549E-05 0.0101233 9.99549E-05 0.377792 9.99549E-05 9.99549E-05 0.589943 0.00500064 9.99549E-05
0.0403809 0.0338108 9.99729E-05 0.10492 9.99729E-05 0.0315215 9.99729E-05 0.230802 0.332551 0.225714
9.99369E-05 9.99369E-05 9.99369E-05 9.99369E-05 0.101912 9.99369E-05 9.99369E-05 0.371859 0.525529 9.99369E-05
9.99369E-05 9.99369E-05 9.99369E-05 9.99369E-05 0.252206 9.99369E-05 0.0277087 0.719386 9.99369E-05 9.99369E-05
0.0995305 9.99549E-05 0.0585257 9.99549E-05 9.99549E-05 9.99549E-05 0.0208732 0.679566 0.141005 9.99549E-05
9.9964E-05 0.0323844 0.032959 0.214519 9.9964E-05 0.127536 9.9964E-05 0.529946 9.9964E-05 0.0622558
0.0586479 9.9946E-05 9.9946E-05 9.9946E-05 0.608263 9.9946E-05 0.037572 0.294917 9.9946E-05 9.9946E-05
9.9955E-05 9.9955E-05 0.0225632 0.484722 0.00675537 0.0618035 9.9955E-05 0.423656 9.9955E-05 9.9955E-05
9.994E-05 9.994E-05 9.994E-05 9.994E-05 0.135931 9.994E-05 0.0411706 0.701023 0.121276 9.994E-05
0.0269777 9.99549E-05 9.99549E-05 0.168554 9.99549E-05 0.0700896 9.99549E-05 0.542238 0.191641 9.99549E-05
0.142632 9.99549E-05 0.0654727 9.99549E-05 0.059938 9.99549E-05 9.99549E-05 0.704701 9.99549E-05 0.0267562
0.0231957 9.99639E-05 0.0517053 0.00734621 0.0776038 9.99639E-05 9.99639E-05 0.28384 0.555909 9.99639E-05
9.99549E-05 0.0849298 9.99549E-05 0.167367 9.99549E-05 0.115535 9.99549E-05 0.368029 9.99549E-05 0.26364
9.99459E-05 0.583315 9.99459E-05 9.99459E-05 9.99459E-05 9.99459E-05 9.99459E-05 0.355189 0.0181831 0.042714
0.118402 9.99549E-05 0.0803339 9.99549E-05 0.0110767 9.99549E-05 0.15984 0.629848 9.99549E-05 9.99549E-05
9.99459E-05 9.99459E-05 9.99459E-05 9.99459E-05 0.0742139 9.99459E-05 0.0385703 0.594443 0.292173 9.99459E-05
0.0802746 9.9955E-05 0.0622684 0.0746342 9.9955E-05 0.0393845 9.9955E-05 0.742939 9.9955E-05 9.9955E-05
9.99279E-05 0.346938 9.99279E-05 9.99279E-05 9.99279E-05 9.99279E-05 9.99279E-05 0.652262 9.99279E-05 9.99279E-05
0.0918491 0.0577027 9.9973E-05 0.259565 9.9973E-05 0.0850454 9.9973E-05 0.105584 0.111684 0.288269
0.650474 9.994E-05 9.994E-05 9.994E-05 0.134665 9.994E-05 9.994E-05 9.994E-05 0.20386 0.0104014
0.00787979 0.598407 9.9991E-05 0.0186193 0.0143984 0.00674513 0.0119421 0.0161923 0.196103 0.129612
0.166786 9.99639E-05 0.0300909 0.0440361 0.0867517 9.99639E-05 9.99639E-05 0.115288 0.556647 9.99639E-05
0.411494 9.99278E-05 9.99278E-05 9.99278E-05 0.587707 9.99278E-05 9.99278E-05 9.99278E-05 9.99278E-05 9.99278E-05
0.0541736 0.195544 9.99549E-05 0.616439 9.99549E-05 9.99549E-05 9.99549E-05 9.99549E-05 0.0463612 0.0869822
0.678611 9.99459E-05 0.0150968 0.241498 0.0641943 9.99459E-05 9.99459E-05 9.99459E-05 9.99459E-05 9.99459E-05
0.0927392 0.0374138 9.99729E-05 0.074925 9.99729E-05 0.135786 9.99729E-05 0.109165 0.527736 0.0219352
0.692322 0.306879 9.99279E-05 9.99279E-05 9.99279E-05 9.99279E-05 9.99279E-05 9.99279E-05 9.99279E-05 9.99279E-05
0.17859 0.0309273 9.9946E-05 9.9946E-05 0.38926 9.9946E-05 9.9946E-05 9.9946E-05 0.400623 9.9946E-05
0.193213 0.0828206 9.99639E-05 0.50043 9.99639E-05 0.0838862 9.99639E-05 0.0437116 9.99639E-05 0.0955384
0.547432 0.445985 9.99369E-05 9.99369E-05 9.99369E-05 9.99369E-05 9.99369E-05 9.99369E-05 9.99369E-05 0.00588384
0.324622 9.99369E-05 9.99369E-05 9.99369E-05 0.662486 9.99369E-05 0.0121927 9.99369E-05 9.99369E-05 9.99369E-05
9.99549E-05 0.118284 9.99549E-05 0.496617 9.99549E-05 9.99549E-05 9.99549E-05 0.00795379 0.00027318 0.376373
0.533307 0.294799 9.99549E-05 0.0719833 9.99549E-05 0.0180814 9.99549E-05 9.99549E-05 9.99549E-05 0.0813295
9.99368E-05 0.354305 9.99368E-05 0.39006 9.99368E-05 9.99368E-05 9.99368E-05 9.99368E-05 0.254936 9.99368E-05
0.376991 9.99279E-05 9.99279E-05 9.99279E-05 0.62221 9.99279E-05 9.99279E-05 9.99279E-05 9.99279E-05 9.99279E-05
0.305162 0.422454 9.99549E-05 0.208185 9.99549E-05 9.99549E-05 9.99549E-05 9.99549E-05 0.00531305 0.0583854
9.99549E-05 9.99549E-05 9.99549E-05 0.50929 9.99549E-05 0.0479391 9.99549E-05 0.124188 0.0360347 0.282048
0.216584 9.99639E-05 0.0206268 0.067951 9.99639E-05 0.00516321 9.99639E-05 9.99639E-05 0.619668 0.0696066
9.99731E-05 0.396886 0.06237 9.99731E-05 0.0940462 0.0166929 9.99731E-05 0.124033 0.1685 0.137173
0.117944 0.448542 0.0444222 0.153307 9.9973E-05 9.9973E-05 9.9973E-05 0.0388566 0.195523 0.0011061
0.426944 9.99368E-05 9.99368E-05 9.99368E-05 0.46832 9.99368E-05 9.99368E-05 9.99368E-05 0.104037 9.99368E-05
0.17234 9.9964E-05 0.0597575 0.385214 9.9964E-05 9.9964E-05 0.069143 9.9964E-05 0.264494 0.0486517
0.730941 9.99458E-05 9.99458E-05 9.99458E-05 9.99458E-05 9.99458E-05 9.99458E-05 0.0527437 0.111469 0.104247
0.198429 9.99639E-05 0.0373508 9.99639E-05 0.210746 9.99639E-05 0.0743069 0.262266 0.216501 9.99639E-05
0.206451 0.235676 0.0109214 0.272737 9.9991E-05 0.0771106 0.00315732 0.104036 0.0800087 0.00980158
0.339322 9.9964E-05 0.00931758 0.073356 0.0227801 0.107538 9.9964E-05 0.447286 9.9964E-05 9.9964E-05
9.9973E-05 0.043255 0.0400899 0.0364793 0.839117 0.0154773 0.00830753 9.9973E-05 9.9973E-05 0.0169735
0.354717 9.99639E-05 0.0396953 9.99639E-05 0.0856422 0.0147062 9.99639E-05 0.172175 0.332665 9.99639E-05
0.0935402 9.99729E-05 0.0430009 0.041835 0.209172 9.99729E-05 0.0334298 0.11645 0.462272 9.99729E-05
0.162663 0.0138752 0.0684574 0.51848 0.198847 0.0367568 9.9973E-05 0.000619948 9.9973E-05 9.9973E-05
0.0393084 9.99459E-05 9.99459E-05 0.0369575 0.515543 9.99459E-05 9.99459E-05 9.99459E-05 0.407592 9.99459E-05
9.99459E-05 0.367151 9.99459E-05 0.47298 9.99459E-05 9.99459E-05 9.99459E-05 9.99459E-05 0.154423 0.00484697
0.131022 9.99549E-05 9.99549E-05 0.0597119 0.40112 9.99549E-05 9.99549E-05 0.0699367 0.33771 9.99549E-05
0.361131 0.41378 9.9946E-05 9.9946E-05 0.154709 9.9946E-05 9.9946E-05 0.0697804 9.9946E-05 9.9946E-05
0.15874 0.516492 9.99639E-05 0.168144 0.0254976 9.99639E-05 9.99639E-05 0.129413 9.99639E-05 0.00131395
0.35792 0.00196609 0.00957329 0.178091 9.9973E-05 0.0269007 0.0907325 0.334517 9.9973E-05 9.9973E-05
0.127004 0.00827013 9.99729E-05 0.0724885 9.99729E-05 0.0878425 9.99729E-05 0.234197 0.440218 0.0296799
0.347317 9.9982E-05 0.0601301 0.0494353 0.0479575 0.0425269 9.9982E-05 0.368907 0.0784468 0.00507964
0.0617496 0.438466 9.99639E-05 0.120379 0.0433784 9.99639E-05 9.99639E-05 0.242203 0.0934243 9.99639E-05
9.9955E-05 9.9955E-05 9.9955E-05 0.0442294 0.697456 9.9955E-05 9.9955E-05 0.135279 0.117592 0.00494456
0.262305 9.99369E-05 9.99369E-05 9.99369E-05 0.703365 9.99369E-05 9.99369E-05 0.0336311 9.99369E-05 9.99369E-05
0.232654 9.9946E-05 9.9946E-05 9.9946E-05 0.0688974 9.9946E-05 0.0666901 9.9946E-05 0.631158 9.9946E-05
0.213436 9.99549E-05 9.99549E-05 9.99549E-05 0.560096 9.99549E-05 0.107694 0.0375662 0.0807075 9.99549E-05
9.9937E-05 9.9937E-05 9.9937E-05 0.113794 0.796113 9.9937E-05 9.9937E-05 0.0893939 9.9937E-05 9.9937E-05
0.319974 9.99459E-05 9.99459E-05 9.99459E-05 0.0549015 9.99459E-05 0.186376 9.99459E-05 0.438148 9.99459E-05
0.13153 9.99459E-05 9.99459E-05 0.10511 0.152216 9.99459E-05 9.99459E-05 9.99459E-05 0.610544 9.99459E-05
9.9946E-05 9.9946E-05 0.0262663 0.0651716 0.0683288 9.9946E-05 9.9946E-05 9.9946E-05 9.9946E-05 0.839634
9.99549E-05 0.128403 0.00905531 0.258956 9.99549E-05 9.99549E-05 9.99549E-05 9.99549E-05 0.0988976 0.504189
0.0220674 9.99549E-05 0.0502572 0.0253969 9.99549E-05 9.99549E-05 9.99549E-05 9.99549E-05 0.716195 0.185584
9.99459E-05 0.0288614 9.99459E-05 0.555342 9.99459E-05 9.99459E-05 9.99459E-05 9.99459E-05 0.0942916 0.320906
9.99459E-05 0.0325585 9.99459E-05 0.235616 0.0272467 9.99459E-05 9.99459E-05 9.99459E-05 9.99459E-05 0.703979
9.99459E-05 0.509755 0.0602817 9.99459E-05 9.99459E-05 9.99459E-05 9.99459E-05 9.99459E-05 0.126347 0.303016
9.99459E-05 0.260898 9.99459E-05 0.177234 9.99459E-05 9.99459E-05 9.99459E-05 9.99459E-05 0.0758264 0.485442
9.9946E-05 9.9946E-05 0.0347214 9.9946E-05 0.160871 9.9946E-05 9.9946E-05 9.9946E-05 0.64401 0.159797
0.116867 9.9937E-05 9.9937E-05 9.9937E-05 0.597113 9.9937E-05 9.9937E-05 9.9937E-05 0.285321 9.9937E-05
0.0238655 9.99639E-05 9.99639E-05 0.0310432 9.99639E-05 0.0828548 9.99639E-05 0.0759656 0.290905 0.494966
9.9955E-05 9.9955E-05 0.00716674 9.9955E-05 0.166532 9.9955E-05 0.00134412 9.9955E-05 0.721373 0.103085
0.0205506 9.9964E-05 0.105637 9.9964E-05 9.9964E-05 0.0133697 0.0628553 9.9964E-05 0.690125 0.107062
9.99549E-05 9.99549E-05 0.00163913 0.102034 9.99549E-05 9.99549E-05 9.99549E-05 0.0268963 0.53888 0.330051
0.0679766 9.9946E-05 9.9946E-05 9.9946E-05 0.168544 9.9946E-05 0.00832744 9.9946E-05 0.754552 9.9946E-05
9.9955E-05 9.9955E-05 9.9955E-05 9.9955E-05 0.138777 9.9955E-05 0.0406077 0.0304736 0.521392 0.26825
0.291799 9.9964E-05 0.0606524 0.195331 9.9964E-05 9.9964E-05 0.0988485 9.9964E-05 0.0703502 0.282619
9.9973E-05 9.9973E-05 0.0341108 0.0790259 0.0691143 0.0800875 0.00686997 9.9973E-05 0.630057 0.100435
9.99459E-05 9.99459E-05 9.99459E-05 9.99459E-05 9.99459E-05 9.99459E-05 0.0256608 0.138539 0.484632 0.350569
9.99459E-05 0.00479768 9.99459E-05 0.687871 9.99459E-05 9.99459E-05 9.99459E-05 9.99459E-05 0.0426213 0.264111
0.0152482 9.9964E-05 9.9964E-05 0.160992 9.9964E-05 9.9964E-05 0.018171 0.070701 0.254666 0.479822
9.9964E-05 0.00568813 9.9964E-05 9.9964E-05 0.352989 0.0259085 0.0127547 9.9964E-05 0.553096 0.0491639
9.9955E-05 0.0522074 9.9955E-05 9.9955E-05 9.9955E-05 0.0233313 0.009851 0.033932 0.880178 9.9955E-05
0.0646953 9.9937E-05 9.9937E-05 9.9937E-05 0.461458 9.9937E-05 9.9937E-05 9.9937E-05 0.473147 9.9937E-05
0.00846366 0.0256037 9.99549E-05 0.384308 9.99549E-05 9.99549E-05 9.99549E-05 9.99549E-05 0.0825795 0.498545
0.118355 9.9964E-05 0.00815062 0.11251 9.9964E-05 0.0446316 9.9964E-05 9.9964E-05 0.398794 0.317159
0.0507927 9.99459E-05 9.99459E-05 9.99459E-05 0.300549 9.99459E-05 0.0317049 9.99459E-05 0.616354 9.99459E-05
0.249722 0.102562 9.9964E-05 0.20352 9.9964E-05 0.0410567 9.9964E-05 0.00783424 9.9964E-05 0.394906
0.396068 9.9946E-05 0.0280168 0.547529 9.9946E-05 0.0277868 9.9946E-05 9.9946E-05 9.9946E-05 9.9946E-05
0.0783465 9.9964E-05 0.065483 9.9964E-05 0.290998 9.9964E-05 0.111919 0.0491251 0.403729 9.9964E-05
0.646847 9.99639E-05 0.0226374 9.99639E-05 0.178695 9.99639E-05 0.015283 0.124137 0.0120003 9.99639E-05
0.144339 9.9955E-05 0.0991471 0.440299 0.0193583 9.9955E-05 9.9955E-05 9.9955E-05 9.9955E-05 0.296356
0.386215 0.185396 9.99459E-05 0.0823996 9.99459E-05 9.99459E-05 9.99459E-05 9.99459E-05 9.99459E-05 0.34539
0.271486 0.124376 9.9955E-05 0.224653 9.9955E-05 0.0729329 9.9955E-05 9.9955E-05 9.9955E-05 0.306053
0.243543 9.9928E-05 9.9928E-05 9.9928E-05 0.755658 9.9928E-05 9.9928E-05 9.9928E-05 9.9928E-05 9.9928E-05
0.425125 9.9937E-05 9.9937E-05 9.9937E-05 9.9937E-05 9.9937E-05 0.0524452 9.9937E-05 0.52173 9.9937E-05
0.258182 9.99639E-05 9.99639E-05 0.209304 9.99639E-05 0.0699687 9.99639E-05 0.377774 0.0265995 0.0577713
0.311918 9.99369E-05 9.99369E-05 0.464861 9.99369E-05 9.99369E-05 9.99369E-05 9.99369E-05 9.99369E-05 0.222522
0.223115 9.99549E-05 9.99549E-05 9.99549E-05 0.518971 9.99549E-05 0.017314 0.132489 0.107612 9.99549E-05
0.279342 9.9946E-05 0.0540356 9.9946E-05 9.9946E-05 9.9946E-05 9.9946E-05 9.9946E-05 0.556825 0.109198
0.324226 9.99549E-05 0.0254294 9.99549E-05 9.99549E-05 9.99549E-05 0.0126917 9.99549E-05 0.555153 0.0819994
0.441677 9.99549E-05 0.00755519 0.130695 9.99549E-05 0.0274247 9.99549E-05 0.392149 9.99549E-05 9.99549E-05
0.0181679 9.9964E-05 9.9964E-05 0.0313451 0.00360438 9.9964E-05 0.036888 0.202257 0.707337 9.9964E-05
9.99549E-05 9.99549E-05 9.99549E-05 0.318439 9.99549E-05 0.0782243 9.99549E-05 0.0747064 0.28274 0.24539
0.32339 9.996E-05 9.996E-05 0.293243 9.996E-05 0.023467 9.996E-05 0.100968 0.185233 0.0732997
0.267321 0.177428 0.018727 0.400363 9.9955E-05 9.9955E-05 9.9955E-05 9.9955E-05 9.9955E-05 0.135662
0.386216 9.99549E-05 0.0208941 9.99549E-05 0.118155 9.99549E-05 0.167126 9.99549E-05 0.307109 9.99549E-05
0.250984 9.99549E-05 9.99549E-05 0.299165 9.99549E-05 0.000998552 0.019415 9.99549E-05 9.99549E-05 0.428938
0.164141 0.404337 9.99549E-05 0.0988884 9.99549E-05 9.99549E-05 9.99549E-05 9.99549E-05 0.0767477 0.255387
0.178861 9.99369E-05 9.99369E-05 9.99369E-05 0.373543 9.99369E-05 9.99369E-05 9.99369E-05 0.446896 9.99369E-05
0.0445546 9.9964E-05 0.00567213 0.242613 0.0221662 9.9964E-05 9.9964E-05 9.9964E-05 0.587464 0.09713
0.16577 9.9946E-05 9.9946E-05 9.9946E-05 9.9946E-05 9.9946E-05 0.101153 9.9946E-05 0.696104 0.0363738
0.0222222 9.9955E-05 0.0182459 0.155403 0.0400573 9.9955E-05 9.9955E-05 9.9955E-05 9.9955E-05 0.763572
9.9991E-05 0.306889 0.0602187 0.0290044 0.0131289 0.0154594 0.197239 0.0186315 0.028163 0.331166
0.0450043 9.99549E-05 9.99549E-05 0.195504 9.99549E-05 0.0972879 9.99549E-05 9.99549E-05 0.126218 0.535485
0.161766 9.9955E-05 0.00460636 9.9955E-05 0.306548 9.9955E-05 0.00563908 9.9955E-05 0.520941 9.9955E-05
0.0225787 0.0575788 9.99639E-05 0.0356532 9.99639E-05 0.0494758 9.99639E-05 9.99639E-05 0.215084 0.61923
0.0556375 9.9973E-05 0.0236445 0.102764 9.9973E-05 0.00519145 9.9973E-05 0.0641537 0.0214658 0.726843
9.9964E-05 0.00486046 9.9964E-05 0.29421 0.055277 0.00795731 9.9964E-05 0.0353361 9.9964E-05 0.60196
9.9946E-05 9.9946E-05 9.9946E-05 9.9946E-05 0.262365 9.9946E-05 0.00963106 0.0445536 0.682851 9.9946E-05
0.105021 9.99729E-05 0.00657127 0.0994573 9.99729E-05 9.99729E-05 0.031485 0.0102588 0.524263 0.222644
9.996E-05 0.0599673 0.0344029 0.481893 0.0755877 9.996E-05 9.996E-05 9.996E-05 0.0333785 0.314371
0.15689 0.0125379 9.9964E-05 9.9964E-05 0.20465 9.9964E-05 0.0873341 9.9964E-05 0.330606 0.207582
9.9964E-05 0.0425723 9.9964E-05 0.12474 0.0418105 0.0116155 9.9964E-05 0.00334009 9.9964E-05 0.775522
9.9964E-05 0.460854 9.9964E-05 0.0639836 0.124686 9.9964E-05 0.0177117 0.0543961 0.277969 9.9964E-05
0.122243 9.9964E-05 0.00634176 9.9964E-05 9.9964E-05 9.9964E-05 0.0572609 0.0488148 0.291518 0.473422
0.0162197 9.9946E-05 9.9946E-05 9.9946E-05 0.472936 9.9946E-05 9.9946E-05 9.9946E-05 0.48196 0.0282849
0.207948 9.9964E-05 0.0337819 9.9964E-05 9.9964E-05 0.00858715 9.9964E-05 0.0018869 0.457014 0.290383
0.192221 9.99729E-05 0.039515 0.0907296 0.152133 9.99729E-05 0.0177156 0.250225 0.257161 9.99729E-05
0.0511708 9.9973E-05 0.000704536 0.0406283 0.589612 9.9973E-05 0.0144608 0.161333 0.141791 9.9973E-05
0.146322 0.00168287 9.99729E-05 0.0204813 9.99729E-05 0.0596734 9.99729E-05 0.0942591 0.635252 0.042029
0.0557838 9.99459E-05 9.99459E-05 9.99459E-05 9.99459E-05 9.99459E-05 0.0118034 0.430849 0.500964 9.99459E-05
0.239658 9.99459E-05 9.99459E-05 0.201911 9.99459E-05 9.99459E-05 9.99459E-05 0.0515299 0.506301 9.99459E-05
0.120941 0.273923 9.99639E-05 0.389368 9.99639E-05 9.99639E-05 9.99639E-05 0.0318734 0.113604 0.06989
0.321516 9.99549E-05 0.010877 9.99549E-05 0.592885 9.99549E-05 9.99549E-05 0.0664695 0.00775237 9.99549E-05
0.303736 0.544803 0.0142975 0.00928742 0.0325192 0.0214702 9.9973E-05 9.9973E-05 9.9973E-05 0.0735869
9.99639E-05 0.0366295 9.99639E-05 0.105355 9.99639E-05 0.0515394 9.99639E-05 0.335794 0.0899718 0.38031
9.9955E-05 0.0166189 0.0215194 0.723418 0.105354 9.9955E-05 9.9955E-05 0.13259 9.9955E-05 9.9955E-05
9.99459E-05 9.99459E-05 9.99459E-05 0.0671066 0.535728 9.99459E-05 9.99459E-05 0.24959 0.146976 9.99459E-05
0.0034789 9.99459E-05 9.99459E-05 9.99459E-05 0.636462 9.99459E-05 9.99459E-05 0.123073 0.236387 9.99459E-05
0.198239 0.352445 0.00280109 0.346691 9.9964E-05 9.9964E-05 9.9964E-05 9.9964E-05 0.0720319 0.0273927
0.0520927 0.00811707 0.0282828 0.149629 9.9982E-05 0.0177028 0.0456199 0.0335146 0.664842 9.9982E-05
0.151411 9.99639E-05 0.00820755 0.124569 9.99639E-05 9.99639E-05 0.0555107 0.328101 0.3318 9.99639E-05
9.99369E-05 9.99369E-05 9.99369E-05 9.99369E-05 0.73656 9.99369E-05 9.99369E-05 0.135714 0.127026 9.99369E-05
0.211634 9.99549E-05 0.0141206 0.250018 0.103618 9.99549E-05 9.99549E-05 0.42011 9.99549E-05 9.99549E-05
0.268393 0.298664 0.0592801 0.190756 0.0190552 9.99729E-05 9.99729E-05 0.133544 0.0300076 9.99729E-05
0.0269484 9.99639E-05 9.99639E-05 0.571286 0.017962 0.0157182 9.99639E-05 9.99639E-05 0.0269395 0.340746
9.9955E-05 9.9955E-05 9.9955E-05 0.742393 9.9955E-05 0.0364639 9.9955E-05 0.16405 0.0419862 0.0146075
0.0118354 0.360872 9.9964E-05 0.13609 0.0813168 9.9964E-05 9.9964E-05 0.332179 0.0773066 9.9964E-05
9.99459E-05 9.99459E-05 0.0131802 9.99459E-05 0.229185 9.99459E-05 9.99459E-05 9.99459E-05 0.561194 0.195842
9.99459E-05 9.99459E-05 9.99459E-05 0.128538 9.99459E-05 9.99459E-05 9.99459E-05 0.0641731 0.0536799 0.75301
9.9955E-05 0.0237242 9.9955E-05 9.9955E-05 0.136706 9.9955E-05 9.9955E-05 0.0440281 0.688324 0.106718
0.0521651 9.99549E-05 9.99549E-05 9.99549E-05 9.99549E-05 0.0311529 9.99549E-05 0.159471 0.575445 0.181266
0.0819817 9.99549E-05 0.00811763 0.119718 9.99549E-05 9.99549E-05 9.99549E-05 9.99549E-05 0.0562755 0.733408
9.9946E-05 9.9946E-05 9.9946E-05 9.9946E-05 0.470131 9.9946E-05 0.0398159 9.9946E-05 0.40352 0.0859336
9.99549E-05 9.99549E-05 9.99549E-05 0.132576 0.346916 9.99549E-05 0.0707318 0.329947 0.119329 9.99549E-05
0.139183 9.99639E-05 0.015988 0.0279097 0.0990824 9.99639E-05 9.99639E-05 0.00645343 0.710984 9.99639E-05
0.0658078 9.9955E-05 0.0725679 0.635039 0.0992943 9.9955E-05 9.9955E-05 0.126792 9.9955E-05 9.9955E-05
0.274123 9.99639E-05 0.0667352 0.309284 0.0839378 9.99639E-05 9.99639E-05 0.139636 0.125885 9.99639E-05
0.176745 9.9973E-05 0.0557992 0.481742 0.00246302 0.0334533 9.9973E-05 9.9973E-05 0.231929 0.0175688
9.99459E-05 9.99459E-05 9.99459E-05 0.174106 0.623678 9.99459E-05 0.0165515 9.99459E-05 0.185065 9.99459E-05
0.00851988 0.581614 9.9973E-05 0.271199 0.00598758 9.9973E-05 0.0115371 9.9973E-05 0.0994833 0.0213594
0.0713588 9.9982E-05 0.0531458 0.0689246 0.068868 0.0894479 0.104268 0.14345 0.400337 9.9982E-05
0.0242938 0.101618 0.00821707 0.651349 9.9982E-05 0.0212952 0.0615078 0.0886892 0.0428306 9.9982E-05
9.9982E-05 0.397198 0.0385311 0.326908 0.0105987 0.0137772 9.9982E-05 0.00233538 0.0822155 0.128236
9.99549E-05 9.99549E-05 0.0399837 0.86146 0.052531 0.0192456 9.99549E-05 0.0262798 9.99549E-05 9.99549E-05
0.0389184 9.9973E-05 0.0476422 0.787459 9.9973E-05 0.0128607 0.0273013 9.9973E-05 0.0216093 0.0639096
9.99549E-05 9.99549E-05 0.0300372 0.767463 0.107831 0.0531911 0.0409788 9.99549E-05 9.99549E-05 9.99549E-05
0.00142253 9.9973E-05 0.114105 0.131262 9.9973E-05 0.0244859 0.0354609 0.138821 0.554143 9.9973E-05
0.123874 9.9955E-05 0.0162049 9.9955E-05 9.9955E-05 9.9955E-05 0.123866 0.0513082 0.684247 9.9955E-05
0.137946 0.546096 0.00340607 0.0675216 0.0763453 0.0213205 9.9982E-05 9.9982E-05 0.0366234 0.110541
9.9946E-05 9.9946E-05 9.9946E-05 0.526279 0.217861 0.0460604 9.9946E-05 0.209199 9.9946E-05 9.9946E-05
0.17074 0.0613641 0.0636732 0.0391103 0.171241 9.9982E-05 0.081134 0.173044 0.239493 9.9982E-05
0.0793342 9.9946E-05 0.0325569 9.9946E-05 0.836064 9.9946E-05 9.9946E-05 0.0514453 9.9946E-05 9.9946E-05
9.99281E-05 9.99281E-05 9.99281E-05 9.99281E-05 0.342474 9.99281E-05 9.99281E-05 9.99281E-05 0.656726 9.99281E-05
9.9955E-05 9.9955E-05 9.9955E-05 0.0384642 0.764785 9.9955E-05 0.022357 0.0403574 0.133537 9.9955E-05
