0.0498343 9.9919E-05 0.00765104 9.9919E-05 0.369634 9.9919E-05 9.9919E-05 9.9919E-05 9.9919E-05 0.179003 9.9919E-05 0.338862 9.9919E-05 0.0541156 9.9919E-05
9.99279E-05 0.0940482 9.99279E-05 9.99279E-05 0.429429 9.99279E-05 0.000161108 9.99279E-05 0.0212186 0.0415163 9.99279E-05 0.350661 9.99279E-05 0.0621661 9.99279E-05
0.0105259 9.99459E-05 9.99459E-05 9.99459E-05 0.301255 0.327292 9.99459E-05 0.00462858 0.262013 9.99459E-05 0.0171793 9.99459E-05 0.0322697 0.017066 0.0271702
0.0463374 0.0564442 9.99459E-05 0.140353 0.173342 9.99459E-05 9.99459E-05 9.99459E-05 9.99459E-05 0.100518 0.0136026 0.394835 0.0316441 9.99459E-05 0.0423238
9.99189E-05 0.0155826 9.99189E-05 0.0479591 9.99189E-05 9.99189E-05 9.99189E-05 9.99189E-05 9.99189E-05 0.289696 9.99189E-05 0.409471 0.153223 9.99189E-05 0.0831698
9.99369E-05 9.99369E-05 0.0261896 9.99369E-05 0.393594 0.0636849 0.0410348 9.99369E-05 9.99369E-05 0.10927 9.99369E-05 0.0384565 9.99369E-05 0.0320685 0.295002
9.99099E-05 9.99099E-05 9.99099E-05 0.00489853 0.504138 0.432567 9.99099E-05 0.0314394 9.99099E-05 9.99099E-05 0.0259586 9.99099E-05 9.99099E-05 9.99099E-05 9.99099E-05
9.9928E-05 9.9928E-05 9.9928E-05 9.9928E-05 0.413565 0.118663 0.00433303 0.00319636 9.9928E-05 9.9928E-05 9.9928E-05 0.112094 9.9928E-05 0.191441 0.155909
9.99279E-05 0.0163177 0.0759746 0.123696 0.37221 9.99279E-05 0.0686892 9.99279E-05 9.99279E-05 9.99279E-05 9.99279E-05 0.299391 9.99279E-05 9.99279E-05 0.0429214
0.0616995 9.99008E-05 9.99008E-05 9.99008E-05 9.99008E-05 0.313143 9.99008E-05 9.99008E-05 9.99008E-05 9.99008E-05 0.255127 9.99008E-05 9.99008E-05 9.99008E-05 0.368931
0.0172164 0.451143 9.99459E-05 0.00386345 0.14079 9.99459E-05 0.0128253 9.99459E-05 0.0654231 0.0241026 9.99459E-05 0.219367 9.99459E-05 9.99459E-05 0.0646688
9.99189E-05 0.149667 0.00555326 0.123168 0.0229506 9.99189E-05 9.99189E-05 9.99189E-05 9.99189E-05 9.99189E-05 9.99189E-05 0.453255 9.99189E-05 9.99189E-05 0.244507
9.99279E-05 0.0713806 0.0279017 0.220219 0.216079 0.154777 0.0563349 9.99279E-05 9.99279E-05 0.252507 9.99279E-05 9.99279E-05 9.99279E-05 9.99279E-05 9.99279E-05
9.99189E-05 9.99189E-05 9.99189E-05 9.99189E-05 0.563974 0.192826 9.99189E-05 0.041391 0.020365 9.99189E-05 9.99189E-05 9.99189E-05 9.99189E-05 0.0272148 0.15333
9.98919E-05 0.470527 9.98919E-05 9.98919E-05 9.98919E-05 9.98919E-05 9.98919E-05 9.98919E-05 9.98919E-05 9.98919E-05 9.98919E-05 0.452849 9.98919E-05 9.98919E-05 0.0754258
0.0229396 9.99369E-05 9.99369E-05 9.99369E-05 0.256149 0.313931 9.99369E-05 0.0869383 9.99369E-05 0.00314032 0.269743 9.99369E-05 0.0307001 9.99369E-05 0.0157587
9.99099E-05 9.99099E-05 9.99099E-05 0.0427473 0.606391 0.281264 9.99099E-05 9.99099E-05 0.0416044 9.99099E-05 0.0269942 9.99099E-05 9.99099E-05 9.99099E-05 9.99099E-05
9.99099E-05 0.0200946 9.99099E-05 9.99099E-05 0.516587 0.331564 9.99099E-05 9.99099E-05 0.10192 9.99099E-05 9.99099E-05 0.028835 9.99099E-05 9.99099E-05 9.99099E-05
9.99279E-05 9.99279E-05 0.0657267 0.243108 0.178232 0.0563257 9.99279E-05 9.99279E-05 0.113352 9.99279E-05 9.99279E-05 0.329803 9.99279E-05 9.99279E-05 0.0126522
0.762329 0.102446 9.99009E-05 9.99009E-05 9.99009E-05 9.99009E-05 9.99009E-05 9.99009E-05 9.99009E-05 0.053402 9.99009E-05 9.99009E-05 0.080725 9.99009E-05 9.99009E-05
0.847012 9.9901E-05 9.9901E-05 0.106165 9.9901E-05 9.9901E-05 0.00718475 9.9901E-05 9.9901E-05 0.0385386 9.9901E-05 9.9901E-05 9.9901E-05 9.9901E-05 9.9901E-05
0.878888 9.99008E-05 9.99008E-05 9.99008E-05 0.0354762 9.99008E-05 0.014287 9.99008E-05 9.99008E-05 0.0702502 9.99008E-05 9.99008E-05 9.99008E-05 9.99008E-05 9.99008E-05
0.643689 9.99099E-05 9.99099E-05 0.311961 9.99099E-05 9.99099E-05 9.99099E-05 9.99099E-05 9.99099E-05 0.00861815 9.99099E-05 9.99099E-05 0.0312673 0.00346562 9.99099E-05
0.733108 0.0973768 0.0436301 0.070364 9.99189E-05 9.99189E-05 9.99189E-05 9.99189E-05 9.99189E-05 9.99189E-05 9.99189E-05 0.0482883 9.99189E-05 0.00633363 9.99189E-05
0.404129 9.99278E-05 0.0421425 9.99278E-05 0.185145 9.99278E-05 9.99278E-05 0.284809 0.0742675 9.99278E-05 9.99278E-05 9.99278E-05 9.99278E-05 0.00193235 0.00677514
0.288496 0.0903778 0.368966 9.99278E-05 9.99278E-05 9.99278E-05 9.99278E-05 9.99278E-05 9.99278E-05 9.99278E-05 9.99278E-05 0.145168 0.0278261 0.0545726 0.0237947
0.205548 9.99099E-05 9.99099E-05 9.99099E-05 9.99099E-05 0.0467855 9.99099E-05 0.405087 9.99099E-05 9.99099E-05 0.311838 9.99099E-05 0.0297429 9.99099E-05 9.99099E-05
0.248962 0.0757306 0.0932703 0.0254591 9.9937E-05 9.9937E-05 9.9937E-05 9.9937E-05 9.9937E-05 0.190193 0.0234613 9.9937E-05 0.240381 0.101843 9.9937E-05
0.814634 9.99188E-05 0.00791738 9.99188E-05 0.0645849 9.99188E-05 9.99188E-05 0.0555695 9.99188E-05 0.0305221 0.0258731 9.99188E-05 9.99188E-05 9.99188E-05 9.99188E-05
0.882985 9.98919E-05 9.98919E-05 0.113213 9.98919E-05 9.98919E-05 0.00260271 9.98919E-05 9.98919E-05 9.98919E-05 9.98919E-05 9.98919E-05 9.98919E-05 9.98919E-05 9.98919E-05
0.506553 0.0088408 9.99281E-05 0.150471 9.99281E-05 0.0456254 9.99281E-05 0.21511 9.99281E-05 9.99281E-05 0.0704112 9.99281E-05 9.99281E-05 0.00218945 9.99281E-05
0.0175195 9.99098E-05 0.596528 9.99098E-05 0.0331825 9.99098E-05 9.99098E-05 0.285297 9.99098E-05 0.0664743 9.99098E-05 9.99098E-05 9.99098E-05 9.99098E-05 9.99098E-05
0.501278 9.99007E-05 9.99007E-05 9.99007E-05 9.99007E-05 0.115455 9.99007E-05 0.277815 9.99007E-05 9.99007E-05 0.104353 9.99007E-05 9.99007E-05 9.99007E-05 9.99007E-05
0.595665 9.99098E-05 9.99098E-05 9.99098E-05 0.163763 0.0640337 9.99098E-05 0.170248 9.99098E-05 9.99098E-05 9.99098E-05 9.99098E-05 9.99098E-05 0.00529177 9.99098E-05
0.834998 9.99099E-05 0.00759964 0.102318 9.99099E-05 9.99099E-05 0.0225848 9.99099E-05 9.99099E-05 9.99099E-05 9.99099E-05 9.99099E-05 9.99099E-05 9.99099E-05 0.031501
0.760188 0.142677 9.99009E-05 9.99009E-05 9.99009E-05 9.99009E-05 9.99009E-05 9.99009E-05 9.99009E-05 9.99009E-05 9.99009E-05 0.0364766 0.0595601 9.99009E-05 9.99009E-05
0.67893 0.277794 9.99009E-05 9.99009E-05 9.99009E-05 9.99009E-05 9.99009E-05 9.99009E-05 9.99009E-05 9.99009E-05 0.00986053 9.99009E-05 0.0323171 9.99009E-05 9.99009E-05
0.678684 9.99009E-05 9.99009E-05 0.229181 9.99009E-05 9.99009E-05 9.99009E-05 9.99009E-05 9.99009E-05 9.99009E-05 9.99009E-05 0.0441002 0.0469357 9.99009E-05 9.99009E-05
9.99098E-05 9.99098E-05 9.99098E-05 9.99098E-05 0.0991817 9.99098E-05 0.80929 0.00507403 9.99098E-05 0.0162072 9.99098E-05 9.99098E-05 0.0692478 9.99098E-05 9.99098E-05
9.9892E-05 9.9892E-05 9.9892E-05 9.9892E-05 9.9892E-05 9.9892E-05 0.149146 0.730966 9.9892E-05 0.118689 9.9892E-05 9.9892E-05 9.9892E-05 9.9892E-05 9.9892E-05
0.000370933 9.99189E-05 9.99189E-05 9.99189E-05 9.99189E-05 0.0514942 9.99189E-05 0.684481 9.99189E-05 9.99189E-05 0.0914744 9.99189E-05 9.99189E-05 0.119025 0.0522549
9.993E-05 9.993E-05 0.0589279 0.282323 9.993E-05 9.993E-05 0.405914 0.0564092 9.993E-05 0.0478024 0.0912359 9.993E-05 0.0190638 0.0376244 9.993E-05
0.231549 9.99097E-05 9.99097E-05 9.99097E-05 0.105647 9.99097E-05 0.459759 0.190211 9.99097E-05 0.0118344 9.99097E-05 9.99097E-05 9.99097E-05 9.99097E-05 9.99097E-05
0.0225295 9.99189E-05 9.99189E-05 9.99189E-05 9.99189E-05 0.00209608 0.374869 0.361667 0.207584 9.99189E-05 9.99189E-05 9.99189E-05 9.99189E-05 9.99189E-05 0.0303553
9.99009E-05 9.99009E-05 0.688003 0.134192 9.99009E-05 9.99009E-05 9.99009E-05 9.99009E-05 9.99009E-05 9.99009E-05 9.99009E-05 0.10951 0.0671965 9.99009E-05 9.99009E-05
9.98988E-05 9.98988E-05 9.98988E-05 9.98988E-05 9.98988E-05 9.98988E-05 0.658701 9.98988E-05 9.98988E-05 9.98988E-05 9.98988E-05 0.254574 0.0855268 9.98988E-05 9.98988E-05
0.116342 0.00192903 9.99188E-05 9.99188E-05 0.0631176 9.99188E-05 9.99188E-05 0.722464 0.081981 9.99188E-05 9.99188E-05 9.99188E-05 9.99188E-05 9.99188E-05 0.0132665
9.99188E-05 9.99188E-05 9.99188E-05 9.99188E-05 0.055378 9.99188E-05 0.731662 0.138448 9.99188E-05 0.0253405 9.99188E-05 9.99188E-05 9.99188E-05 0.0406545 0.00761837
9.99099E-05 9.99099E-05 9.99099E-05 9.99099E-05 9.99099E-05 0.00723445 0.175069 0.317798 9.99099E-05 0.0465574 0.452342 9.99099E-05 9.99099E-05 9.99099E-05 9.99099E-05
9.9928E-05 9.9928E-05 9.9928E-05 0.0311673 0.0179627 9.9928E-05 0.598214 9.9928E-05 0.061748 9.9928E-05 9.9928E-05 0.0284025 0.152903 0.108803 9.9928E-05
9.99009E-05 9.99009E-05 9.99009E-05 9.99009E-05 9.99009E-05 9.99009E-05 0.226009 0.628552 9.99009E-05 0.129899 9.99009E-05 9.99009E-05 0.0144409 9.99009E-05 9.99009E-05
0.0496216 9.9919E-05 9.9919E-05 0.1712 9.9919E-05 9.9919E-05 0.658567 9.9919E-05 0.0128603 0.038937 0.0679145 9.9919E-05 9.9919E-05 9.9919E-05 9.9919E-05
0.0537606 0.261273 0.289667 9.99369E-05 9.99369E-05 0.0135635 0.277896 9.99369E-05 0.0226801 9.99369E-05 9.99369E-05 9.99369E-05 0.0600087 9.99369E-05 0.0204518
9.99279E-05 0.195776 0.0220311 9.99279E-05 9.99279E-05 0.0398545 0.542034 9.99279E-05 9.99279E-05 9.99279E-05 9.99279E-05 0.116295 9.99279E-05 0.0633674 0.0198422
0.0433678 9.9946E-05 0.0626942 0.328142 9.9946E-05 9.9946E-05 0.221386 9.9946E-05 0.0360985 9.9946E-05 0.0617091 0.0355632 0.150455 0.0599848 9.9946E-05
0.355432 9.99009E-05 0.0132864 0.399512 9.99009E-05 9.99009E-05 9.99009E-05 9.99009E-05 9.99009E-05 9.99009E-05 9.99009E-05 9.99009E-05 9.99009E-05 0.230671 9.99009E-05
9.99188E-05 9.99188E-05 0.054022 9.99188E-05 0.0721604 9.99188E-05 0.411766 0.415155 9.99188E-05 0.0411263 9.99188E-05 9.99188E-05 0.00487138 9.99188E-05 9.99188E-05
0.0237588 9.99189E-05 9.99189E-05 9.99189E-05 9.99189E-05 9.99189E-05 0.407935 9.99189E-05 9.99189E-05 0.0443036 0.189125 9.99189E-05 0.0553848 0.278593 9.99189E-05
9.99188E-05 9.99188E-05 9.99188E-05 9.99188E-05 0.0155307 9.99188E-05 0.308092 0.548526 9.99188E-05 0.0489194 0.0366912 9.99188E-05 9.99188E-05 0.0413419 9.99188E-05
0.00960345 9.99008E-05 9.99008E-05 9.99008E-05 9.99008E-05 9.99008E-05 0.449377 9.99008E-05 9.99008E-05 0.0373924 9.99008E-05 9.99008E-05 0.502528 9.99008E-05 9.99008E-05
0.0183212 9.99098E-05 0.201967 9.99098E-05 0.0862575 9.99098E-05 0.537333 9.99098E-05 9.99098E-05 9.99098E-05 9.99098E-05 9.99098E-05 0.155121 9.99098E-05 9.99098E-05
9.99279E-05 0.0279051 0.00864714 9.99279E-05 0.00114116 9.99279E-05 0.673442 9.99279E-05 9.99279E-05 9.99279E-05 9.99279E-05 0.151145 0.0451781 0.0917417 9.99279E-05
9.99098E-05 9.99098E-05 0.391197 9.99098E-05 0.0233112 9.99098E-05 9.99098E-05 0.408902 0.120027 9.99098E-05 9.99098E-05 9.99098E-05 0.0555642 9.99098E-05 9.99098E-05
0.0297042 9.99008E-05 9.99008E-05 0.262019 9.99008E-05 9.99008E-05 9.99008E-05 0.0914649 9.99008E-05 9.99008E-05 9.99008E-05 9.99008E-05 0.615712 9.99008E-05 9.99008E-05
9.99098E-05 9.99098E-05 9.99098E-05 9.99098E-05 9.99098E-05 0.325281 9.99098E-05 0.301095 0.0696584 9.99098E-05 9.99098E-05 9.99098E-05 0.201286 0.10168 9.99098E-05
0.0440977 0.175956 0.500343 9.99279E-05 0.0676577 9.99279E-05 0.183646 9.99279E-05 9.99279E-05 9.99279E-05 9.99279E-05 0.0273927 9.99279E-05 9.99279E-05 0.000108033
9.98919E-05 9.98919E-05 9.98919E-05 9.98919E-05 9.98919E-05 9.98919E-05 0.000256087 9.98919E-05 9.98919E-05 9.98919E-05 9.98919E-05 0.0266145 0.971931 9.98919E-05 9.98919E-05
9.98919E-05 0.145984 9.98919E-05 9.98919E-05 9.98919E-05 9.98919E-05 9.98919E-05 0.0372881 9.98919E-05 9.98919E-05 9.98919E-05 9.98919E-05 0.815529 9.98919E-05 9.98919E-05
9.99007E-05 9.99007E-05 0.874613 9.99007E-05 0.0138594 0.0723449 9.99007E-05 9.99007E-05 9.99007E-05 9.99007E-05 9.99007E-05 9.99007E-05 9.99007E-05 0.0380834 9.99007E-05
0.135383 9.99098E-05 0.56345 9.99098E-05 0.094333 9.99098E-05 9.99098E-05 0.163547 9.99098E-05 0.0422875 9.99098E-05 9.99098E-05 9.99098E-05 9.99098E-05 9.99098E-05
9.98918E-05 9.98918E-05 0.459418 9.98918E-05 9.98918E-05 9.98918E-05 9.98918E-05 0.278655 9.98918E-05 9.98918E-05 0.260728 9.98918E-05 9.98918E-05 9.98918E-05 9.98918E-05
9.98918E-05 9.98918E-05 9.98918E-05 9.98918E-05 9.98918E-05 0.3235 9.98918E-05 0.504345 9.98918E-05 9.98918E-05 9.98918E-05 9.98918E-05 0.170957 9.98918E-05 9.98918E-05
0.670362 9.991E-05 9.991E-05 0.141428 9.991E-05 9.991E-05 9.991E-05 9.991E-05 9.991E-05 9.991E-05 9.991E-05 0.115038 0.0720333 0.000139175 9.991E-05
9.99006E-05 9.99006E-05 9.99006E-05 9.99006E-05 0.103559 0.00920598 9.99006E-05 0.531053 9.99006E-05 9.99006E-05 9.99006E-05 9.99006E-05 0.355083 9.99006E-05 9.99006E-05
9.98918E-05 9.98918E-05 0.489046 9.98918E-05 9.98918E-05 9.98918E-05 0.0113596 9.98918E-05 9.98918E-05 9.98918E-05 9.98918E-05 9.98918E-05 0.498396 9.98918E-05 9.98918E-05
0.00213794 0.0683668 0.752634 0.115503 9.99189E-05 0.0196877 9.99189E-05 9.99189E-05 9.99189E-05 9.99189E-05 9.99189E-05 0.0407706 9.99189E-05 9.99189E-05 9.99189E-05
0.667328 9.99007E-05 9.99007E-05 9.99007E-05 9.99007E-05 0.139838 9.99007E-05 0.165705 9.99007E-05 9.99007E-05 0.0260303 9.99007E-05 9.99007E-05 9.99007E-05 9.99007E-05
0.122685 9.991E-05 0.0335895 9.991E-05 9.991E-05 0.234152 9.991E-05 0.5181 9.991E-05 9.991E-05 0.0904745 9.991E-05 9.991E-05 9.991E-05 9.991E-05
0.629974 9.99097E-05 9.99097E-05 9.99097E-05 0.0885749 0.0306209 9.99097E-05 0.247198 0.0026338 9.99097E-05 9.99097E-05 9.99097E-05 9.99097E-05 9.99097E-05 9.99097E-05
0.224064 9.99098E-05 0.409254 9.99098E-05 9.99098E-05 9.99098E-05 9.99098E-05 0.152813 9.99098E-05 0.158519 9.99098E-05 9.99098E-05 9.99098E-05 0.0543507 9.99098E-05
0.0791757 9.991E-05 0.0924832 9.991E-05 9.991E-05 9.991E-05 9.991E-05 0.410146 9.991E-05 0.122557 0.29464 9.991E-05 9.991E-05 9.991E-05 9.991E-05
0.177518 9.99189E-05 0.100177 0.258588 9.99189E-05 9.99189E-05 0.290529 0.0790798 9.99189E-05 9.99189E-05 9.99189E-05 9.99189E-05 0.0932099 9.99189E-05 9.99189E-05
9.99099E-05 9.99099E-05 9.99099E-05 0.114074 9.99099E-05 9.99099E-05 0.507801 0.212298 9.99099E-05 0.0377606 9.99099E-05 9.99099E-05 0.127067 9.99099E-05 9.99099E-05
0.0658113 0.0613242 9.9928E-05 0.257438 9.9928E-05 9.9928E-05 0.342862 0.180026 9.9928E-05 9.9928E-05 0.0135155 9.9928E-05 9.9928E-05 0.0782236 9.9928E-05
9.99098E-05 9.99098E-05 9.99098E-05 9.99098E-05 0.0437646 0.0344321 9.99098E-05 0.668351 9.99098E-05 9.99098E-05 9.99098E-05 9.99098E-05 0.24262 9.99098E-05 0.00983348
0.0667927 9.99188E-05 0.0118922 9.99188E-05 9.99188E-05 9.99188E-05 0.482822 9.99188E-05 9.99188E-05 0.162256 0.0178609 9.99188E-05 0.257477 9.99188E-05 9.99188E-05
9.99008E-05 9.99008E-05 0.166547 0.0564725 9.99008E-05 9.99008E-05 9.99008E-05 9.99008E-05 9.99008E-05 9.99008E-05 9.99008E-05 9.99008E-05 0.748719 0.0271634 9.99008E-05
0.212476 9.99278E-05 9.99278E-05 9.99278E-05 0.100554 0.069079 9.99278E-05 0.00397756 9.99278E-05 9.99278E-05 0.00105355 9.99278E-05 9.99278E-05 0.596765 0.0152947
9.98918E-05 9.98918E-05 9.98918E-05 9.98918E-05 9.98918E-05 0.127204 9.98918E-05 0.444319 9.98918E-05 9.98918E-05 9.98918E-05 9.98918E-05 9.98918E-05 0.427279 9.98918E-05
0.159106 9.99008E-05 0.139713 9.99008E-05 9.99008E-05 9.99008E-05 9.99008E-05 9.99008E-05 9.99008E-05 9.99008E-05 9.99008E-05 0.0956936 9.99008E-05 0.604389 9.99008E-05
9.99097E-05 9.99097E-05 9.99097E-05 9.99097E-05 9.99097E-05 0.140991 0.0911368 0.221652 0.0220682 9.99097E-05 9.99097E-05 9.99097E-05 9.99097E-05 0.523153 9.99097E-05
9.98917E-05 9.98917E-05 9.98917E-05 9.98917E-05 9.98917E-05 0.116455 9.98917E-05 0.144754 9.98917E-05 9.98917E-05 9.98917E-05 9.98917E-05 9.98917E-05 0.737593 9.98917E-05
9.98918E-05 9.98918E-05 9.98918E-05 9.98918E-05 9.98918E-05 9.98918E-05 9.98918E-05 9.98918E-05 9.98918E-05 9.98918E-05 9.98918E-05 0.139221 0.128216 0.731365 9.98918E-05
9.99188E-05 9.99188E-05 9.99188E-05 9.99188E-05 0.145109 9.99188E-05 0.122396 0.191265 0.00700994 9.99188E-05 9.99188E-05 9.99188E-05 0.155522 0.377799 9.99188E-05
9.99098E-05 9.99098E-05 9.99098E-05 9.99098E-05 0.0607414 9.99098E-05 0.0389326 0.0500419 9.99098E-05 9.99098E-05 9.99098E-05 9.99098E-05 9.99098E-05 0.842505 0.00678007
9.99008E-05 9.99008E-05 9.99008E-05 9.99008E-05 9.99008E-05 9.99008E-05 9.99008E-05 0.0727333 0.18379 0.398764 0.343614 9.99008E-05 9.99008E-05 9.99008E-05 9.99008E-05
9.99099E-05 9.99099E-05 9.99099E-05 9.99099E-05 9.99099E-05 0.104155 9.99099E-05 0.219553 0.007894 0.625978 0.0414201 9.99099E-05 9.99099E-05 9.99099E-05 9.99099E-05
9.99009E-05 9.99009E-05 9.99009E-05 0.124934 9.99009E-05 9.99009E-05 9.99009E-05 0.0645764 0.168973 0.640418 9.99009E-05 9.99009E-05 9.99009E-05 9.99009E-05 9.99009E-05
9.9883E-05 9.9883E-05 9.9883E-05 9.9883E-05 9.9883E-05 9.9883E-05 9.9883E-05 9.9883E-05 0.85692 9.9883E-05 9.9883E-05 0.141782 9.9883E-05 9.9883E-05 9.9883E-05
9.98918E-05 9.98918E-05 9.98918E-05 9.98918E-05 9.98918E-05 9.98918E-05 9.98918E-05 9.98918E-05 0.362313 0.262757 0.373732 9.98918E-05 9.98918E-05 9.98918E-05 9.98918E-05
9.99459E-05 0.00613359 0.0400847 0.073072 0.429474 9.99459E-05 9.99459E-05 9.99459E-05 0.303183 0.0166471 9.99459E-05 0.0921056 0.00837638 0.030324 9.99459E-05
9.98917E-05 9.98917E-05 9.98917E-05 9.98917E-05 9.98917E-05 0.451934 9.98917E-05 9.98917E-05 0.358641 0.188226 9.98917E-05 9.98917E-05 9.98917E-05 9.98917E-05 9.98917E-05
9.99007E-05 9.99007E-05 9.99007E-05 9.99007E-05 9.99007E-05 9.99007E-05 9.99007E-05 0.0466999 0.238644 0.472522 0.241036 9.99007E-05 9.99007E-05 9.99007E-05 9.99007E-05
9.99369E-05 9.99369E-05 0.0802576 9.99369E-05 0.121767 0.046038 9.99369E-05 0.0151237 0.177371 0.52398 0.0229438 9.99369E-05 9.99369E-05 9.99369E-05 0.0118204
0.0115721 0.203513 9.99189E-05 9.99189E-05 9.99189E-05 9.99189E-05 9.99189E-05 9.99189E-05 0.122481 0.518034 9.99189E-05 0.0220272 0.121473 9.99189E-05 9.99189E-05
9.99099E-05 9.99099E-05 9.99099E-05 9.99099E-05 9.99099E-05 9.99099E-05 9.99099E-05 0.0885962 0.0737683 0.207326 0.565358 9.99099E-05 9.99099E-05 9.99099E-05 0.063952
9.99188E-05 0.409443 9.99188E-05 9.99188E-05 9.99188E-05 0.0414401 9.99188E-05 9.99188E-05 0.142614 0.325325 9.99188E-05 9.99188E-05 0.0415191 9.99188E-05 0.0387594
9.99098E-05 9.99098E-05 9.99098E-05 9.99098E-05 0.0155723 9.99098E-05 9.99098E-05 0.0922421 0.354303 0.40499 0.131894 9.99098E-05 9.99098E-05 9.99098E-05 9.99098E-05
9.99188E-05 0.0916094 0.0430775 9.99188E-05 0.243729 9.99188E-05 0.0350328 9.99188E-05 0.250513 0.335139 9.99188E-05 9.99188E-05 9.99188E-05 9.99188E-05 9.99188E-05
0.0515444 9.99189E-05 9.99189E-05 9.99189E-05 0.117402 9.99189E-05 9.99189E-05 9.99189E-05 0.124963 0.554683 0.0991085 9.99189E-05 9.99189E-05 9.99189E-05 0.0514005
0.0314092 9.99278E-05 9.99278E-05 9.99278E-05 0.365881 0.0981628 9.99278E-05 0.0340535 0.293766 0.0794283 0.0965006 9.99278E-05 9.99278E-05 9.99278E-05 9.99278E-05
9.99458E-05 0.0646758 0.0534702 0.0661393 9.99458E-05 9.99458E-05 0.00296158 9.99458E-05 0.193638 0.296034 9.99458E-05 0.269379 0.0402033 0.0128998 9.99458E-05
9.99188E-05 9.99188E-05 0.00463769 0.552044 9.99188E-05 0.0573825 9.99188E-05 9.99188E-05 0.0688312 0.302856 9.99188E-05 9.99188E-05 9.99188E-05 0.0133486 9.99188E-05
0.00862357 9.99278E-05 9.99278E-05 9.99278E-05 0.0703153 0.00440209 9.99278E-05 0.231491 9.99278E-05 0.598274 9.99278E-05 9.99278E-05 9.99278E-05 0.0129491 0.0731453
9.99188E-05 9.99188E-05 9.99188E-05 9.99188E-05 0.0247527 0.0078017 9.99188E-05 0.103198 0.539205 0.265502 0.0586409 9.99188E-05 9.99188E-05 9.99188E-05 9.99188E-05
0.0379384 0.0790759 9.99189E-05 9.99189E-05 9.99189E-05 9.99189E-05 0.0267874 9.99189E-05 0.181543 0.628627 9.99189E-05 9.99189E-05 9.99189E-05 9.99189E-05 0.0451292
9.98919E-05 9.98919E-05 9.98919E-05 0.264529 9.98919E-05 9.98919E-05 9.98919E-05 9.98919E-05 0.0839873 0.650285 9.98919E-05 9.98919E-05 9.98919E-05 9.98919E-05 9.98919E-05
0.006957 0.0858721 9.9928E-05 9.9928E-05 0.318337 9.9928E-05 9.9928E-05 9.9928E-05 9.9928E-05 0.0996033 9.9928E-05 0.250409 0.202392 9.9928E-05 0.0356299
9.99098E-05 9.99098E-05 9.99098E-05 9.99098E-05 9.99098E-05 0.259386 9.99098E-05 9.99098E-05 0.058589 9.99098E-05 0.00136148 9.99098E-05 9.99098E-05 0.0116667 0.667998
9.99459E-05 9.99459E-05 9.99459E-05 0.54365 0.234143 9.99459E-05 9.99459E-05 0.00441351 0.00255093 0.0204542 0.0352695 0.102359 0.0430979 0.0134627 9.99459E-05
0.0335003 9.99189E-05 9.99189E-05 9.99189E-05 0.749178 9.99189E-05 9.99189E-05 0.0466912 9.99189E-05 0.0084856 0.157717 9.99189E-05 9.99189E-05 9.99189E-05 0.00352869
9.99007E-05 9.99007E-05 9.99007E-05 9.99007E-05 9.99007E-05 0.00120211 9.99007E-05 0.0921834 9.99007E-05 9.99007E-05 0.445371 9.99007E-05 9.99007E-05 9.99007E-05 0.460145
9.99098E-05 0.412182 9.99098E-05 0.183777 0.192465 9.99098E-05 9.99098E-05 9.99098E-05 9.99098E-05 9.99098E-05 9.99098E-05 0.202741 9.99098E-05 9.99098E-05 0.00783609
0.0238471 0.246909 9.99189E-05 9.99189E-05 9.99189E-05 9.99189E-05 9.99189E-05 9.99189E-05 9.99189E-05 0.000189445 0.0217472 9.99189E-05 0.00628092 9.99189E-05 0.700127
9.99459E-05 9.99459E-05 0.010303 0.0191025 0.610283 0.0371314 0.0808995 9.99459E-05 9.99459E-05 0.13427 9.99459E-05 0.0212684 0.0337491 0.0523933 9.99459E-05
0.00253984 9.99008E-05 9.99008E-05 0.260345 9.99008E-05 9.99008E-05 9.99008E-05 9.99008E-05 9.99008E-05 0.0108948 9.99008E-05 9.99008E-05 9.99008E-05 9.99008E-05 0.725122
9.99189E-05 9.99189E-05 9.99189E-05 0.021009 0.131031 0.40226 9.99189E-05 0.0699097 9.99189E-05 9.99189E-05 0.139156 9.99189E-05 9.99189E-05 9.99189E-05 0.235735
9.99368E-05 0.304299 9.99368E-05 0.0410131 0.0476318 9.99368E-05 0.0285551 9.99368E-05 9.99368E-05 0.0962804 9.99368E-05 0.239763 0.0458812 9.99368E-05 0.195877
9.99009E-05 9.99009E-05 9.99009E-05 0.430145 9.99009E-05 9.99009E-05 9.99009E-05 9.99009E-05 9.99009E-05 9.99009E-05 9.99009E-05 9.99009E-05 0.0148609 0.0207364 0.533158
9.99008E-05 9.99008E-05 9.99008E-05 9.99008E-05 9.99008E-05 0.166727 9.99008E-05 0.0896419 9.99008E-05 9.99008E-05 0.375151 9.99008E-05 9.99008E-05 9.99008E-05 0.367381
9.99099E-05 0.271889 9.99099E-05 0.097142 0.0961745 9.99099E-05 9.99099E-05 9.99099E-05 0.000369089 9.99099E-05 9.99099E-05 0.533426 9.99099E-05 9.99099E-05 9.99099E-05
9.99008E-05 9.99008E-05 9.99008E-05 0.218883 9.99008E-05 9.99008E-05 9.99008E-05 9.99008E-05 9.99008E-05 9.99008E-05 9.99008E-05 0.19219 0.0317133 9.99008E-05 0.556114
9.99098E-05 0.240359 9.99098E-05 0.354801 0.261116 0.0443804 9.99098E-05 9.99098E-05 9.99098E-05 9.99098E-05 9.99098E-05 0.0983431 9.99098E-05 9.99098E-05 9.99098E-05
9.99008E-05 9.99008E-05 9.99008E-05 9.99008E-05 9.99008E-05 0.0372701 9.99008E-05 0.0248271 9.99008E-05 9.99008E-05 0.493388 9.99008E-05 9.99008E-05 9.99008E-05 0.443415
9.99188E-05 0.0591635 9.99188E-05 0.370724 0.0403188 9.99188E-05 0.0194682 9.99188E-05 9.99188E-05 9.99188E-05 9.99188E-05 0.170212 9.99188E-05 9.99188E-05 0.339214
9.99189E-05 0.267421 9.99189E-05 9.99189E-05 0.157902 9.99189E-05 0.040276 9.99189E-05 9.99189E-05 0.135062 9.99189E-05 0.375656 0.0227839 9.99189E-05 9.99189E-05
0.0126994 0.028785 9.99459E-05 9.99459E-05 0.71701 0.0142972 9.99459E-05 9.99459E-05 0.0207137 9.99459E-05 9.99459E-05 0.0023778 0.00103959 0.096592 0.105886
0.0654965 9.99371E-05 9.99371E-05 0.356671 0.191899 9.99371E-05 9.99371E-05 9.99371E-05 0.112205 0.0169965 0.127153 0.0479607 0.0809183 9.99371E-05 9.99371E-05
0.0527134 0.0319189 9.99549E-05 0.408063 0.302768 9.99549E-05 9.99549E-05 9.99549E-05 9.99549E-05 0.0260941 0.0155492 0.0225944 0.045198 0.00661182 0.08799
9.99097E-05 9.99097E-05 9.99097E-05 9.99097E-05 0.0983125 0.0266927 9.99097E-05 0.0499129 9.99097E-05 9.99097E-05 0.387693 9.99097E-05 9.99097E-05 9.99097E-05 0.436389
0.0408983 0.185317 0.0614749 9.994E-05 0.243139 0.0455815 0.0585184 9.994E-05 0.0804966 9.994E-05 9.994E-05 0.146088 9.994E-05 9.994E-05 0.137887
9.99097E-05 9.99097E-05 0.00307259 9.99097E-05 0.281999 9.99097E-05 9.99097E-05 9.99097E-05 9.99097E-05 0.0241523 9.99097E-05 9.99097E-05 9.99097E-05 0.0905374 0.59924
0.0216193 9.99369E-05 0.0318979 9.99369E-05 0.317381 9.99369E-05 9.99369E-05 0.124689 0.0891949 0.0954944 0.251118 9.99369E-05 9.99369E-05 9.99369E-05 0.0679071
9.99459E-05 0.172457 0.0567447 0.201726 0.0470894 9.99459E-05 0.0736959 9.99459E-05 0.126486 0.0411974 9.99459E-05 0.0962868 9.99459E-05 9.99459E-05 0.183717
9.991E-05 9.991E-05 9.991E-05 9.991E-05 0.00177234 9.991E-05 0.143626 9.991E-05 9.991E-05 0.532382 0.0290941 9.991E-05 9.991E-05 9.991E-05 0.292126
0.0390879 9.9928E-05 0.037748 0.0129867 9.9928E-05 0.189549 0.0282708 9.9928E-05 9.9928E-05 9.9928E-05 0.68948 9.9928E-05 0.00207811 9.9928E-05 9.9928E-05
9.99188E-05 9.99188E-05 0.126835 9.99188E-05 0.290524 0.142128 9.99188E-05 9.99188E-05 9.99188E-05 0.135136 0.0733722 9.99188E-05 9.99188E-05 9.99188E-05 0.231105
0.0271389 0.0368803 9.99278E-05 9.99278E-05 0.366312 9.99278E-05 9.99278E-05 0.0956225 0.183596 9.99278E-05 0.245682 9.99278E-05 9.99278E-05 9.99278E-05 0.043969
0.0486882 0.504185 9.99279E-05 9.99279E-05 0.0360957 9.99279E-05 9.99279E-05 9.99279E-05 9.99279E-05 0.0594509 0.169637 9.99279E-05 0.0496653 9.99279E-05 0.131479
9.99008E-05 9.99008E-05 9.99008E-05 9.99008E-05 0.346436 0.00596844 9.99008E-05 9.99008E-05 0.0847437 9.99008E-05 0.561753 9.99008E-05 9.99008E-05 9.99008E-05 9.99008E-05
9.99008E-05 0.260653 9.99008E-05 0.360274 0.221861 9.99008E-05 9.99008E-05 9.99008E-05 9.99008E-05 9.99008E-05 9.99008E-05 0.156113 9.99008E-05 9.99008E-05 9.99008E-05
0.00700583 9.99098E-05 9.99098E-05 9.99098E-05 0.443591 9.99098E-05 9.99098E-05 9.99098E-05 0.0212521 9.99098E-05 0.49226 9.99098E-05 9.99098E-05 9.99098E-05 0.0348925
9.991E-05 9.991E-05 9.991E-05 0.401493 9.991E-05 9.991E-05 9.991E-05 9.991E-05 0.0498403 0.0175069 0.196051 9.991E-05 9.991E-05 9.991E-05 0.33411
9.99189E-05 0.0847126 9.99189E-05 0.433887 9.99189E-05 0.0378625 9.99189E-05 9.99189E-05 9.99189E-05 0.209842 9.99189E-05 0.0661575 9.99189E-05 9.99189E-05 0.166639
0.0264586 9.99191E-05 0.0045488 9.99191E-05 0.322101 9.99191E-05 0.162424 9.99191E-05 9.99191E-05 0.281813 9.99191E-05 9.99191E-05 9.99191E-05 9.99191E-05 0.201755
9.99369E-05 9.99369E-05 0.0243801 9.99369E-05 0.543027 0.0440516 0.0533213 9.99369E-05 9.99369E-05 0.246546 9.99369E-05 0.0606049 0.00796536 9.99369E-05 0.0194041
0.0319357 9.99279E-05 0.0257368 9.99279E-05 0.319515 9.99279E-05 0.0355067 9.99279E-05 9.99279E-05 0.367678 0.0339799 9.99279E-05 9.99279E-05 9.99279E-05 0.184848
0.00125109 0.0586094 9.99279E-05 0.425896 0.205671 9.99279E-05 9.99279E-05 9.99279E-05 9.99279E-05 0.163602 0.142739 9.99279E-05 9.99279E-05 9.99279E-05 0.00143242
9.99009E-05 9.99009E-05 9.99009E-05 9.99009E-05 0.0587038 0.161971 9.99009E-05 9.99009E-05 9.99009E-05 0.129641 0.648586 9.99009E-05 9.99009E-05 9.99009E-05 9.99009E-05
9.99009E-05 9.99009E-05 9.99009E-05 9.99009E-05 9.99009E-05 0.0249911 9.99009E-05 9.99009E-05 0.0170967 9.99009E-05 0.709635 9.99009E-05 9.99009E-05 9.99009E-05 0.247178
9.99189E-05 9.99189E-05 0.0305395 9.99189E-05 0.306676 0.356436 9.99189E-05 0.0644039 0.0445372 9.99189E-05 9.99189E-05 9.99189E-05 9.99189E-05 9.99189E-05 0.196508
9.99009E-05 9.99009E-05 9.99009E-05 9.99009E-05 0.148587 9.99009E-05 9.99009E-05 0.179624 9.99009E-05 9.99009E-05 0.515947 9.99009E-05 9.99009E-05 9.99009E-05 0.154744
9.991E-05 0.00978385 9.991E-05 9.991E-05 9.991E-05 0.0682407 9.991E-05 9.991E-05 9.991E-05 0.03248 0.805959 0.0825375 9.991E-05 9.991E-05 9.991E-05
9.99189E-05 9.99189E-05 9.99189E-05 9.99189E-05 0.0914722 0.329903 9.99189E-05 0.143797 0.084034 9.99189E-05 9.99189E-05 9.99189E-05 9.99189E-05 0.0289528 0.320942
9.99188E-05 0.0385276 9.99188E-05 9.99188E-05 0.597117 0.0788372 9.99188E-05 9.99188E-05 9.99188E-05 9.99188E-05 0.198087 9.99188E-05 9.99188E-05 0.0516614 0.0348704
0.0365285 9.9919E-05 9.9919E-05 9.9919E-05 9.9919E-05 9.9919E-05 9.9919E-05 9.9919E-05 9.9919E-05 9.9919E-05 0.0694664 0.77903 0.0751372 0.0331817 0.00575702
0.00985455 0.0386459 0.0662044 0.0911574 0.0417538 0.0975344 9.99278E-05 9.99278E-05 9.99278E-05 9.99278E-05 9.99278E-05 0.65405 9.99278E-05 9.99278E-05 9.99278E-05
9.99188E-05 9.99188E-05 0.0630963 9.99188E-05 0.350599 0.277358 9.99188E-05 9.99188E-05 0.118347 9.99188E-05 9.99188E-05 0.1266 9.99188E-05 0.0631013 9.99188E-05
9.99098E-05 0.320027 0.0287282 9.99098E-05 0.0150144 0.0980191 9.99098E-05 9.99098E-05 9.99098E-05 9.99098E-05 9.99098E-05 0.537212 9.99098E-05 9.99098E-05 9.99098E-05
9.99189E-05 0.0262566 0.0115764 9.99189E-05 9.99189E-05 0.0746712 9.99189E-05 9.99189E-05 9.99189E-05 0.0335561 0.0106371 0.842403 9.99189E-05 9.99189E-05 9.99189E-05
0.0676814 9.99188E-05 0.00179949 0.448537 9.99188E-05 0.131861 9.99188E-05 9.99188E-05 9.99188E-05 0.0313363 9.99188E-05 0.317886 9.99188E-05 9.99188E-05 9.99188E-05
9.99369E-05 0.00696821 0.056196 0.243982 0.033664 0.0668676 9.99369E-05 9.99369E-05 0.0105622 9.99369E-05 0.00729967 0.573761 9.99369E-05 9.99369E-05 9.99369E-05
0.017314 9.9928E-05 0.0417492 9.9928E-05 0.185591 0.59669 9.9928E-05 9.9928E-05 0.044792 9.9928E-05 9.9928E-05 0.109487 9.9928E-05 0.00357631 9.9928E-05
9.9892E-05 9.9892E-05 9.9892E-05 9.9892E-05 9.9892E-05 0.468751 9.9892E-05 9.9892E-05 9.9892E-05 9.9892E-05 0.364228 9.9892E-05 9.9892E-05 9.9892E-05 0.165823
9.99278E-05 9.99278E-05 0.0892021 9.99278E-05 0.266356 9.99278E-05 0.0122482 9.99278E-05 0.108573 0.0500561 9.99278E-05 0.417439 9.99278E-05 0.0553255 9.99278E-05
9.99189E-05 9.99189E-05 0.00880658 9.99189E-05 9.99189E-05 0.791214 9.99189E-05 9.99189E-05 0.143952 0.00344156 9.99189E-05 0.0295475 9.99189E-05 0.0221388 9.99189E-05
9.991E-05 9.991E-05 0.157175 9.991E-05 0.263639 0.286261 9.991E-05 9.991E-05 0.193568 9.991E-05 9.991E-05 9.991E-05 9.991E-05 0.0983587 9.991E-05
9.99188E-05 0.0531823 9.99188E-05 9.99188E-05 0.370086 0.0249669 9.99188E-05 9.99188E-05 0.173278 9.99188E-05 9.99188E-05 0.242173 9.99188E-05 0.135415 9.99188E-05
9.99099E-05 9.99099E-05 9.99099E-05 9.99099E-05 0.285088 0.409509 9.99099E-05 9.99099E-05 0.147304 9.99099E-05 0.0757998 9.99099E-05 9.99099E-05 9.99099E-05 0.0812998
9.99189E-05 9.99189E-05 9.99189E-05 9.99189E-05 0.17149 0.22412 9.99189E-05 0.0707682 0.311161 9.99189E-05 0.028948 0.192613 9.99189E-05 9.99189E-05 9.99189E-05
0.0938227 9.99369E-05 0.0234611 9.99369E-05 0.161648 9.99369E-05 0.0961322 0.00489618 0.00557797 9.99369E-05 9.99369E-05 0.358558 9.99369E-05 9.99369E-05 0.255204
0.00828557 0.113367 9.99279E-05 9.99279E-05 0.346333 0.346561 9.99279E-05 9.99279E-05 9.99279E-05 9.99279E-05 9.99279E-05 0.0324299 0.062231 0.0899921 9.99279E-05
9.99278E-05 9.99278E-05 0.0159727 9.99278E-05 0.132855 0.328793 9.99278E-05 9.99278E-05 0.11877 0.138571 9.99278E-05 0.244848 9.99278E-05 0.0193913 9.99278E-05
9.99009E-05 0.519286 9.99009E-05 9.99009E-05 0.0607802 9.99009E-05 9.99009E-05 9.99009E-05 0.0438513 9.99009E-05 9.99009E-05 0.374983 9.99009E-05 9.99009E-05 9.99009E-05
9.9964E-05 0.0137777 0.0167692 0.018879 0.312875 9.9964E-05 0.00830408 0.00719492 0.107362 0.0202632 9.9964E-05 0.431791 0.00849529 0.0538877 9.9964E-05
9.9937E-05 0.0681284 9.9937E-05 0.01727 0.0618564 0.720754 9.9937E-05 0.0562072 0.0164229 9.9937E-05 0.0435666 9.9937E-05 0.0150955 9.9937E-05 9.9937E-05
9.99099E-05 9.99099E-05 9.99099E-05 0.0202616 0.49317 0.19525 9.99099E-05 9.99099E-05 0.23699 9.99099E-05 9.99099E-05 9.99099E-05 9.99099E-05 0.0533292 9.99099E-05
9.99009E-05 9.99009E-05 9.99009E-05 9.99009E-05 0.0978402 0.518978 9.99009E-05 9.99009E-05 9.99009E-05 9.99009E-05 0.25712 9.99009E-05 9.99009E-05 9.99009E-05 0.124963
9.99009E-05 0.0796389 9.99009E-05 0.0148186 0.251057 9.99009E-05 9.99009E-05 9.99009E-05 9.99009E-05 9.99009E-05 9.99009E-05 0.653386 9.99009E-05 9.99009E-05 9.99009E-05
9.9937E-05 0.0118017 0.0495004 9.9937E-05 0.548657 9.9937E-05 0.0153302 9.9937E-05 0.0140291 9.9937E-05 9.9937E-05 0.248747 9.9937E-05 0.0951871 0.0160481
9.99188E-05 9.99188E-05 9.99188E-05 9.99188E-05 0.121323 0.543427 9.99188E-05 0.0637885 0.100713 9.99188E-05 0.0829792 9.99188E-05 9.99188E-05 9.99188E-05 0.0868697
9.9928E-05 0.0572337 9.9928E-05 0.0491664 9.9928E-05 9.9928E-05 9.9928E-05 9.9928E-05 0.0227516 0.0351272 9.9928E-05 0.449921 0.0982799 9.9928E-05 0.286721
9.99189E-05 0.480319 0.0220372 9.99189E-05 9.99189E-05 9.99189E-05 9.99189E-05 9.99189E-05 0.00871255 9.99189E-05 9.99189E-05 0.0524461 0.000673049 9.99189E-05 0.434913
0.0316814 9.99369E-05 0.0120033 9.99369E-05 0.343597 0.0387147 9.99369E-05 0.139041 0.0579999 9.99369E-05 0.318248 9.99369E-05 9.99369E-05 0.0580155 9.99369E-05
0.0245081 9.99369E-05 0.0496996 9.99369E-05 0.0123093 9.99369E-05 9.99369E-05 0.00721152 0.11114 0.0236381 0.205013 9.99369E-05 9.99369E-05 9.99369E-05 0.565781
0.0680215 0.386662 9.9919E-05 9.9919E-05 9.9919E-05 0.0444109 9.9919E-05 9.9919E-05 9.9919E-05 9.9919E-05 9.9919E-05 0.256039 9.9919E-05 0.0786388 0.165328
9.99009E-05 9.99009E-05 0.0517457 0.127294 9.99009E-05 9.99009E-05 9.99009E-05 9.99009E-05 9.99009E-05 9.99009E-05 9.99009E-05 0.438251 9.99009E-05 9.99009E-05 0.38161
9.99099E-05 0.111176 0.165478 0.119185 9.99099E-05 9.99099E-05 9.99099E-05 9.99099E-05 9.99099E-05 9.99099E-05 9.99099E-05 0.352414 9.99099E-05 9.99099E-05 0.250747
0.0127132 9.991E-05 9.991E-05 9.991E-05 9.991E-05 0.00767232 9.991E-05 0.0137317 9.991E-05 9.991E-05 0.722481 9.991E-05 9.991E-05 9.991E-05 0.242402
9.99279E-05 9.99279E-05 9.99279E-05 9.99279E-05 0.339057 0.123524 9.99279E-05 0.0374033 0.097599 9.99279E-05 0.00452317 9.99279E-05 9.99279E-05 0.048778 0.348316
9.99368E-05 0.113198 0.0618124 9.99368E-05 0.127178 9.99368E-05 0.0583928 9.99368E-05 0.110925 0.319596 9.99368E-05 0.0482854 9.99368E-05 9.99368E-05 0.159913
9.99099E-05 0.23693 0.020479 9.99099E-05 9.99099E-05 9.99099E-05 9.99099E-05 9.99099E-05 0.0372019 9.99099E-05 9.99099E-05 0.386083 9.99099E-05 9.99099E-05 0.318307
9.99189E-05 9.99189E-05 9.99189E-05 9.99189E-05 0.117747 9.99189E-05 9.99189E-05 0.0942252 0.103149 0.00908036 0.500174 9.99189E-05 9.99189E-05 9.99189E-05 0.174725
0.0576283 9.9937E-05 9.9937E-05 9.9937E-05 0.586741 0.0449984 9.9937E-05 0.0240077 0.0148819 9.9937E-05 9.9937E-05 0.0840626 9.9937E-05 0.0235833 0.163397
9.99279E-05 9.99279E-05 0.0448169 9.99279E-05 0.313406 0.261452 9.99279E-05 9.99279E-05 0.0247493 9.99279E-05 9.99279E-05 0.0633378 9.99279E-05 0.0478185 0.24362
9.99188E-05 0.010586 0.0159802 9.99188E-05 0.160018 9.99188E-05 0.0378004 9.99188E-05 9.99188E-05 0.424491 9.99188E-05 9.99188E-05 9.99188E-05 9.99188E-05 0.350225
9.99099E-05 9.99099E-05 9.99099E-05 9.99099E-05 0.481634 0.193113 9.99099E-05 0.0685709 0.122427 0.133257 9.99099E-05 9.99099E-05 9.99099E-05 9.99099E-05 9.99099E-05
9.99459E-05 0.180242 9.99459E-05 9.99459E-05 0.284511 0.00645982 0.0278087 9.99459E-05 0.0768623 0.0466982 9.99459E-05 0.298452 0.047731 0.0306353 9.99459E-05
9.99279E-05 0.0803278 0.0790268 9.99279E-05 0.477866 9.99279E-05 0.0246997 9.99279E-05 9.99279E-05 0.0629595 9.99279E-05 0.107482 9.99279E-05 9.99279E-05 0.166839
0.0198879 0.241057 9.9919E-05 0.148535 9.9919E-05 9.9919E-05 9.9919E-05 9.9919E-05 9.9919E-05 9.9919E-05 9.9919E-05 0.266705 0.0336465 9.9919E-05 0.28927
0.00766973 9.99278E-05 0.00581145 9.99278E-05 0.0981009 0.260462 9.99278E-05 0.197718 0.0305163 9.99278E-05 9.99278E-05 9.99278E-05 9.99278E-05 9.99278E-05 0.398922
9.99188E-05 0.11642 9.99188E-05 9.99188E-05 9.99188E-05 0.0105308 0.0622861 9.99188E-05 9.99188E-05 9.99188E-05 9.99188E-05 0.532052 9.99188E-05 0.00477953 0.273033
9.99099E-05 9.99099E-05 9.99099E-05 0.400532 0.0403561 9.99099E-05 9.99099E-05 9.99099E-05 0.100442 9.99099E-05 9.99099E-05 0.281112 9.99099E-05 9.99099E-05 0.176559
9.99009E-05 9.99009E-05 9.99009E-05 9.99009E-05 0.0385955 0.635272 9.99009E-05 9.99009E-05 9.99009E-05 9.99009E-05 0.0987786 9.99009E-05 9.99009E-05 9.99009E-05 0.226255
9.99279E-05 0.203893 9.99279E-05 9.99279E-05 0.439646 0.162677 9.99279E-05 9.99279E-05 0.0333233 9.99279E-05 0.00818023 0.0701317 9.99279E-05 0.0813497 9.99279E-05
9.99279E-05 9.99279E-05 9.99279E-05 9.99279E-05 0.314683 0.257232 9.99279E-05 0.0855389 0.177446 9.99279E-05 9.99279E-05 0.00979797 9.99279E-05 0.011158 0.143345
0.0239714 0.0332452 9.9928E-05 9.9928E-05 9.9928E-05 9.9928E-05 9.9928E-05 9.9928E-05 9.9928E-05 9.9928E-05 0.0199246 0.751255 0.0878493 0.0331077 0.0498475
0.0670185 9.99371E-05 9.99371E-05 0.319211 9.99371E-05 9.99371E-05 0.0661792 0.131016 0.0915898 9.99371E-05 9.99371E-05 0.229362 0.0190173 0.0759067 9.99371E-05
9.99369E-05 0.00748813 9.99369E-05 9.99369E-05 0.114439 9.99369E-05 0.0557827 9.99369E-05 0.132364 9.99369E-05 9.99369E-05 0.570335 0.0689098 0.00816306 0.0418184
9.99099E-05 9.99099E-05 9.99099E-05 9.99099E-05 0.0272564 0.727191 9.99099E-05 0.0200164 9.99099E-05 0.00617629 9.99099E-05 9.99099E-05 9.99099E-05 9.99099E-05 0.218361
9.99279E-05 9.99279E-05 9.99279E-05 0.00336137 0.20308 9.99279E-05 0.0498248 9.99279E-05 0.0501145 9.99279E-05 9.99279E-05 0.593201 0.00940334 0.0902156 9.99279E-05
0.0320284 9.99279E-05 9.99279E-05 9.99279E-05 9.99279E-05 9.99279E-05 9.99279E-05 9.99279E-05 0.184593 0.00716845 9.99279E-05 0.624525 0.0509732 0.0216364 0.0782761
9.991E-05 0.165785 9.991E-05 9.991E-05 9.991E-05 9.991E-05 9.991E-05 9.991E-05 0.186447 9.991E-05 9.991E-05 0.577139 0.0522028 9.991E-05 0.0174266
9.99189E-05 0.00235198 9.99189E-05 9.99189E-05 0.0560609 0.728791 9.99189E-05 9.99189E-05 0.101399 0.0995034 0.0109935 9.99189E-05 9.99189E-05 9.99189E-05 9.99189E-05
0.0054135 9.99369E-05 9.99369E-05 9.99369E-05 0.354038 0.141711 0.00737288 9.99369E-05 0.165075 9.99369E-05 9.99369E-05 0.226034 9.99369E-05 0.0249509 0.0747057
0.0418516 0.40337 9.9946E-05 0.0516676 9.9946E-05 0.0765066 9.9946E-05 9.9946E-05 0.0169557 9.9946E-05 0.0157675 0.338197 0.0242564 0.0308272 9.9946E-05
9.9937E-05 9.9937E-05 9.9937E-05 0.0535022 0.0480332 0.1001 9.9937E-05 0.0766369 0.474477 9.9937E-05 0.0433658 0.0193365 9.9937E-05 9.9937E-05 0.183849
0.0365237 9.9919E-05 9.9919E-05 9.9919E-05 9.9919E-05 9.9919E-05 9.9919E-05 9.9919E-05 0.0309641 0.0328547 0.0315475 0.778458 0.0887529 9.9919E-05 9.9919E-05
9.9928E-05 9.9928E-05 9.9928E-05 0.442242 0.287371 0.0697119 9.9928E-05 0.0302692 9.9928E-05 0.0809381 0.087249 0.00141967 9.9928E-05 9.9928E-05 9.9928E-05
9.99279E-05 9.99279E-05 9.99279E-05 9.99279E-05 9.99279E-05 0.1864 0.00535798 9.99279E-05 0.219322 0.0305611 9.99279E-05 0.320643 9.99279E-05 0.103187 0.133729
9.9892E-05 9.9892E-05 9.9892E-05 9.9892E-05 9.9892E-05 0.818685 9.9892E-05 9.9892E-05 9.9892E-05 9.9892E-05 0.0957777 9.9892E-05 9.9892E-05 9.9892E-05 0.0843383
9.9928E-05 9.9928E-05 0.0695069 9.9928E-05 0.487082 0.00351118 9.9928E-05 9.9928E-05 0.0314003 9.9928E-05 9.9928E-05 0.209178 9.9928E-05 0.106538 0.0919842
0.0304196 0.0170655 9.99368E-05 9.99368E-05 0.373006 0.0606923 9.99368E-05 0.0364482 9.99368E-05 0.253203 0.111195 9.99368E-05 9.99368E-05 9.99368E-05 0.117271
0.0061523 9.99279E-05 9.99279E-05 9.99279E-05 0.203043 9.99279E-05 9.99279E-05 0.0495458 0.0541849 0.0372 0.644466 9.99279E-05 9.99279E-05 9.99279E-05 0.00460918
9.99369E-05 9.99369E-05 0.00421701 9.99369E-05 0.726118 0.0658975 0.0412836 9.99369E-05 9.99369E-05 0.0819365 9.99369E-05 0.0207588 0.0227558 9.99369E-05 0.0363335
9.99188E-05 9.99188E-05 9.99188E-05 9.99188E-05 0.0196194 0.041134 9.99188E-05 9.99188E-05 0.905833 0.0040325 0.0122236 9.99188E-05 9.99188E-05 9.99188E-05 0.0162583
9.99369E-05 0.0986842 0.0520492 9.99369E-05 0.485889 0.150916 9.99369E-05 9.99369E-05 9.99369E-05 0.0105388 0.0424318 0.0244399 9.99369E-05 9.99369E-05 0.134351
9.99189E-05 0.14384 9.99189E-05 0.231607 0.251629 9.99189E-05 9.99189E-05 9.99189E-05 9.99189E-05 0.0466901 9.99189E-05 0.25776 9.99189E-05 9.99189E-05 0.0675738
0.0128068 9.99189E-05 9.99189E-05 9.99189E-05 0.0649692 9.99189E-05 9.99189E-05 0.0435884 0.021076 9.99189E-05 0.589507 9.99189E-05 9.99189E-05 9.99189E-05 0.267153
0.0158064 9.9928E-05 9.9928E-05 0.491762 9.9928E-05 9.9928E-05 9.9928E-05 9.9928E-05 9.9928E-05 0.0139546 0.0248906 0.0497451 0.0850011 9.9928E-05 0.318041
9.99368E-05 0.052755 9.99368E-05 0.0358693 0.0322284 9.99368E-05 9.99368E-05 9.99368E-05 0.309898 0.171579 9.99368E-05 0.28698 0.00629158 0.103699 9.99368E-05
0.0149539 0.68981 9.99369E-05 0.0268218 0.0328109 9.99369E-05 0.0110906 9.99369E-05 0.0270891 0.106986 0.0897373 9.99369E-05 9.99369E-05 9.99369E-05 9.99369E-05
9.99189E-05 9.99189E-05 9.99189E-05 9.99189E-05 0.148631 9.99189E-05 9.99189E-05 0.0232034 0.0826381 0.124175 0.600388 0.0200659 9.99189E-05 9.99189E-05 9.99189E-05
9.99189E-05 9.99189E-05 9.99189E-05 9.99189E-05 0.0896131 0.281082 9.99189E-05 0.0692162 0.00543146 0.0819508 0.471807 9.99189E-05 9.99189E-05 9.99189E-05 9.99189E-05
