0.0513582 0.114897 9.9919E-05 0.367168 0.0145415 0.0290801 0.422057 9.9919E-05 9.9919E-05 9.9919E-05 9.9919E-05 9.9919E-05 9.9919E-05 9.9919E-05 9.9919E-05
9.99279E-05 9.99279E-05 9.99279E-05 0.451443 0.0526534 0.000450533 0.34205 9.99279E-05 9.99279E-05 0.0837289 0.0166089 0.0522656 9.99279E-05 9.99279E-05 9.99279E-05
0.011317 9.99459E-05 9.99459E-05 0.278141 0.0516517 0.00524779 9.99459E-05 0.0607378 0.51679 0.018357 0.0213739 0.0357845 9.99459E-05 9.99459E-05 9.99459E-05
0.0181056 0.194398 0.175352 0.0693648 9.99279E-05 9.99279E-05 0.524459 9.99279E-05 9.99279E-05 9.99279E-05 0.00773585 9.99279E-05 9.99279E-05 0.00978501 9.99279E-05
9.99279E-05 0.21154 0.176648 9.99279E-05 0.060619 9.99279E-05 0.251057 9.99279E-05 9.99279E-05 9.99279E-05 0.131592 0.167538 0.000206596 9.99279E-05 9.99279E-05
9.99279E-05 0.183526 9.99279E-05 0.324421 9.99279E-05 0.00530483 9.99279E-05 0.237709 0.100334 9.99279E-05 9.99279E-05 0.100765 9.99279E-05 9.99279E-05 0.0471405
9.99098E-05 9.99098E-05 9.99098E-05 0.447574 9.99098E-05 9.99098E-05 0.0565676 9.99098E-05 0.442033 9.99098E-05 9.99098E-05 9.99098E-05 9.99098E-05 0.0414629 0.0113635
9.9928E-05 0.0011498 9.9928E-05 0.359433 9.9928E-05 0.12228 9.9928E-05 0.147268 0.174837 9.9928E-05 9.9928E-05 0.176331 9.9928E-05 9.9928E-05 0.0179021
0.0120493 9.9928E-05 0.178241 0.376249 9.9928E-05 0.0247845 0.302244 0.0372432 9.9928E-05 9.9928E-05 0.0683903 9.9928E-05 9.9928E-05 9.9928E-05 9.9928E-05
0.0540103 0.05251 9.99098E-05 9.99098E-05 9.99098E-05 9.99098E-05 9.99098E-05 0.359807 0.367612 9.99098E-05 9.99098E-05 9.99098E-05 9.99098E-05 0.165061 9.99098E-05
9.99459E-05 0.00149173 0.170869 0.16796 0.044191 9.99459E-05 0.107212 0.051474 9.99459E-05 0.334448 0.00796448 0.11379 9.99459E-05 9.99459E-05 9.99459E-05
9.99189E-05 9.99189E-05 9.99189E-05 0.0336528 9.99189E-05 9.99189E-05 0.506385 0.234009 9.99189E-05 0.0967327 9.99189E-05 0.0605526 0.0677687 9.99189E-05 9.99189E-05
0.00212942 9.99369E-05 0.500941 0.0871467 0.239433 9.99369E-05 9.99369E-05 9.99369E-05 0.0986158 9.99369E-05 0.0284763 9.99369E-05 9.99369E-05 0.0373534 0.00520469
9.9901E-05 9.9901E-05 9.9901E-05 0.564104 9.9901E-05 0.00053132 9.9901E-05 0.199962 0.234304 9.9901E-05 9.9901E-05 9.9901E-05 9.9901E-05 9.9901E-05 9.9901E-05
9.99009E-05 9.99009E-05 9.99009E-05 9.99009E-05 9.99009E-05 9.99009E-05 0.373462 0.072056 9.99009E-05 0.417596 9.99009E-05 0.135787 9.99009E-05 9.99009E-05 9.99009E-05
0.0215325 0.051917 0.0552447 0.131885 9.99459E-05 9.99459E-05 9.99459E-05 0.00495007 0.412638 9.99459E-05 0.00246675 9.99459E-05 9.99459E-05 0.270038 0.048728
9.99009E-05 9.99009E-05 9.99009E-05 0.567395 9.99009E-05 9.99009E-05 0.0566394 9.99009E-05 0.355173 9.99009E-05 9.99009E-05 9.99009E-05 9.99009E-05 0.0196934 9.99009E-05
9.99189E-05 9.99189E-05 9.99189E-05 0.496137 0.040608 9.99189E-05 0.00693169 9.99189E-05 0.394943 0.0346221 9.99189E-05 0.0258591 9.99189E-05 9.99189E-05 9.99189E-05
9.9937E-05 9.9937E-05 0.112795 0.210476 0.0935332 9.9937E-05 0.3854 0.0350904 0.0312681 9.9937E-05 9.9937E-05 0.006291 0.124446 9.9937E-05 9.9937E-05
0.721699 0.115102 9.99009E-05 9.99009E-05 9.99009E-05 9.99009E-05 9.99009E-05 9.99009E-05 9.99009E-05 0.102523 0.059578 9.99009E-05 9.99009E-05 9.99009E-05 9.99009E-05
0.782393 0.102966 0.0869157 9.9901E-05 9.9901E-05 9.9901E-05 9.9901E-05 9.9901E-05 9.9901E-05 9.9901E-05 9.9901E-05 9.9901E-05 0.026626 9.9901E-05 9.9901E-05
0.811289 0.187412 9.98827E-05 9.98827E-05 9.98827E-05 9.98827E-05 9.98827E-05 9.98827E-05 9.98827E-05 9.98827E-05 9.98827E-05 9.98827E-05 9.98827E-05 9.98827E-05 9.98827E-05
0.626653 9.99009E-05 0.0903036 9.99009E-05 9.99009E-05 9.99009E-05 9.99009E-05 9.99009E-05 9.99009E-05 9.99009E-05 0.0314289 9.99009E-05 0.250516 9.99009E-05 9.99009E-05
0.714326 9.99189E-05 0.119366 9.99189E-05 9.99189E-05 0.0127269 0.0733868 9.99189E-05 9.99189E-05 0.0680738 0.0112212 9.99189E-05 9.99189E-05 9.99189E-05 9.99189E-05
0.439125 9.99188E-05 9.99188E-05 0.174956 9.99188E-05 0.0296654 9.99188E-05 0.0315669 0.111717 9.99188E-05 9.99188E-05 9.99188E-05 9.99188E-05 9.99188E-05 0.21207
0.311925 9.99278E-05 9.99278E-05 9.99278E-05 9.99278E-05 0.2921 0.134492 0.0440278 9.99278E-05 0.080973 0.104284 0.0313998 9.99278E-05 9.99278E-05 9.99278E-05
0.241009 9.99099E-05 9.99099E-05 9.99099E-05 9.99099E-05 9.99099E-05 9.99099E-05 9.99099E-05 0.0382329 9.99099E-05 0.0706311 9.99099E-05 9.99099E-05 0.445154 0.203973
0.171246 0.260758 9.9928E-05 9.9928E-05 9.9928E-05 0.244973 9.9928E-05 9.9928E-05 9.9928E-05 0.0540947 0.126542 0.0326642 0.108922 9.9928E-05 9.9928E-05
0.806157 0.114172 9.99098E-05 0.0375151 0.0202248 9.99098E-05 9.99098E-05 9.99098E-05 9.99098E-05 9.99098E-05 9.99098E-05 9.99098E-05 9.99098E-05 9.99098E-05 0.020932
0.839351 9.98829E-05 0.15935 9.98829E-05 9.98829E-05 9.98829E-05 9.98829E-05 9.98829E-05 9.98829E-05 9.98829E-05 9.98829E-05 9.98829E-05 9.98829E-05 9.98829E-05 9.98829E-05
0.555253 9.99281E-05 9.99281E-05 0.0181688 9.99281E-05 9.99281E-05 9.99281E-05 9.99281E-05 0.0692957 0.00800005 9.99281E-05 9.99281E-05 0.136672 0.153552 0.0582583
0.120224 0.0571764 9.99368E-05 0.015787 0.114076 0.369692 9.99368E-05 9.99368E-05 9.99368E-05 9.99368E-05 0.0321672 9.99368E-05 9.99368E-05 0.0591125 0.231065
0.588413 9.99008E-05 9.99008E-05 9.99008E-05 9.99008E-05 9.99008E-05 9.99008E-05 9.99008E-05 0.155711 9.99008E-05 9.99008E-05 9.99008E-05 9.99008E-05 0.18139 0.0733868
0.632028 9.99008E-05 9.99008E-05 0.178619 9.99008E-05 9.99008E-05 9.99008E-05 9.99008E-05 0.0909248 9.99008E-05 9.99008E-05 9.99008E-05 9.99008E-05 9.99008E-05 0.097329
0.821443 9.98829E-05 0.177258 9.98829E-05 9.98829E-05 9.98829E-05 9.98829E-05 9.98829E-05 9.98829E-05 9.98829E-05 9.98829E-05 9.98829E-05 9.98829E-05 9.98829E-05 9.98829E-05
0.726523 9.99099E-05 0.0140246 9.99099E-05 9.99099E-05 9.99099E-05 0.074077 9.99099E-05 9.99099E-05 0.130965 0.0534121 9.99099E-05 9.99099E-05 9.99099E-05 9.99099E-05
0.682501 9.98919E-05 9.98919E-05 9.98919E-05 9.98919E-05 9.98919E-05 9.98919E-05 9.98919E-05 9.98919E-05 0.312128 0.00417223 9.98919E-05 9.98919E-05 9.98919E-05 9.98919E-05
0.677331 9.99009E-05 9.99009E-05 9.99009E-05 9.99009E-05 9.99009E-05 0.0777551 9.99009E-05 9.99009E-05 9.99009E-05 0.0253239 9.99009E-05 0.218491 9.99009E-05 9.99009E-05
9.99007E-05 0.0779441 9.99007E-05 0.0703436 9.99007E-05 9.99007E-05 9.99007E-05 9.99007E-05 9.99007E-05 9.99007E-05 0.44737 9.99007E-05 9.99007E-05 9.99007E-05 0.403244
9.9928E-05 0.0286074 9.9928E-05 9.9928E-05 0.06509 9.9928E-05 0.0108759 9.9928E-05 9.9928E-05 9.9928E-05 0.000148111 9.9928E-05 0.02248 0.0615214 0.810478
0.0327118 9.99189E-05 9.99189E-05 9.99189E-05 9.99189E-05 0.0441079 9.99189E-05 0.0640138 0.118589 9.99189E-05 9.99189E-05 9.99189E-05 9.99189E-05 0.170788 0.56889
9.99189E-05 0.0870373 9.99189E-05 9.99189E-05 9.99189E-05 0.0440909 9.99189E-05 9.99189E-05 9.99189E-05 9.99189E-05 0.257866 9.99189E-05 0.319072 0.0213754 0.269659
0.236572 0.0777617 9.99097E-05 0.0817382 9.99097E-05 9.99097E-05 9.99097E-05 9.99097E-05 9.99097E-05 9.99097E-05 0.137927 9.99097E-05 9.99097E-05 9.99097E-05 0.465002
0.0445532 9.99279E-05 9.99279E-05 9.99279E-05 0.0208617 0.00405107 9.99279E-05 0.100129 0.0345687 0.130767 9.99279E-05 9.99279E-05 9.99279E-05 9.99279E-05 0.66427
9.99009E-05 9.99009E-05 9.99009E-05 9.99009E-05 9.99009E-05 0.471876 0.234849 9.99009E-05 9.99009E-05 9.99009E-05 0.141154 9.99009E-05 0.151022 9.99009E-05 9.99009E-05
9.99189E-05 9.99189E-05 0.00513608 9.99189E-05 9.99189E-05 9.99189E-05 0.0841593 9.99189E-05 9.99189E-05 0.018373 0.569332 0.182295 9.99189E-05 9.99189E-05 0.139805
0.157417 9.99188E-05 9.99188E-05 0.0314135 9.99188E-05 9.99188E-05 9.99188E-05 0.00894332 0.162212 9.99188E-05 9.99188E-05 9.99188E-05 9.99188E-05 0.0487919 0.590323
9.99008E-05 0.103516 9.99008E-05 0.0467807 9.99008E-05 9.99008E-05 9.99008E-05 9.99008E-05 9.99008E-05 9.99008E-05 0.347702 9.99008E-05 9.99008E-05 9.99008E-05 0.500902
9.9901E-05 0.00161818 9.9901E-05 9.9901E-05 9.9901E-05 9.9901E-05 0.0213814 9.9901E-05 9.9901E-05 9.9901E-05 9.9901E-05 9.9901E-05 9.9901E-05 0.530765 0.445136
9.9919E-05 9.9919E-05 9.9919E-05 0.0353036 9.9919E-05 0.0269729 9.9919E-05 9.9919E-05 9.9919E-05 9.9919E-05 0.4271 0.174256 0.0144974 9.9919E-05 0.320971
9.99099E-05 0.0722969 9.99099E-05 9.99099E-05 9.99099E-05 9.99099E-05 9.99099E-05 9.99099E-05 9.99099E-05 9.99099E-05 0.0681859 9.99099E-05 0.0440981 0.0767913 0.737629
0.0393288 0.120709 0.164548 9.9919E-05 9.9919E-05 9.9919E-05 9.9919E-05 9.9919E-05 9.9919E-05 9.9919E-05 0.136888 9.9919E-05 0.127473 9.9919E-05 0.410154
0.0904476 9.99368E-05 0.0201384 9.99368E-05 9.99368E-05 0.14116 0.0251161 0.0722042 9.99368E-05 0.251615 0.343194 9.99368E-05 9.99368E-05 9.99368E-05 0.0554249
9.99369E-05 9.99369E-05 0.0585419 9.99369E-05 9.99369E-05 0.0740153 0.0131404 0.00290903 9.99369E-05 0.243995 0.187024 0.132314 9.99369E-05 9.99369E-05 0.287361
0.0322764 9.9937E-05 9.9937E-05 0.00765247 9.9937E-05 0.0886674 0.0771213 9.9937E-05 9.9937E-05 0.00480922 0.193296 9.9937E-05 0.439736 9.9937E-05 0.155742
0.330635 9.99009E-05 9.99009E-05 9.99009E-05 9.99009E-05 0.23281 0.0606833 9.99009E-05 9.99009E-05 9.99009E-05 9.99009E-05 9.99009E-05 0.374773 9.99009E-05 9.99009E-05
9.99278E-05 0.0599091 9.99278E-05 0.0591613 0.043378 0.00251539 9.99278E-05 9.99278E-05 0.0120502 9.99278E-05 0.251536 9.99278E-05 9.99278E-05 9.99278E-05 0.57065
9.99189E-05 0.0397691 0.173973 9.99189E-05 9.99189E-05 0.249257 9.99189E-05 9.99189E-05 9.99189E-05 9.99189E-05 0.167434 9.99189E-05 9.99189E-05 0.0780038 0.290664
9.99278E-05 0.0263875 9.99278E-05 0.0193029 0.037366 0.062541 9.99278E-05 9.99278E-05 9.99278E-05 9.99278E-05 9.99278E-05 0.00209956 9.99278E-05 0.0604962 0.791008
9.99009E-05 0.113846 9.99009E-05 9.99009E-05 9.99009E-05 9.99009E-05 9.99009E-05 9.99009E-05 9.99009E-05 9.99009E-05 0.693528 9.99009E-05 0.0125341 9.99009E-05 0.178994
0.0356265 0.0476827 9.99188E-05 0.109079 9.99188E-05 0.083684 9.99188E-05 9.99188E-05 9.99188E-05 9.99188E-05 0.568596 9.99188E-05 9.99188E-05 9.99188E-05 0.154433
9.99101E-05 9.99101E-05 9.99101E-05 9.99101E-05 9.99101E-05 0.0338672 0.0765204 9.99101E-05 9.99101E-05 0.0460762 0.365398 0.121968 9.99101E-05 9.99101E-05 0.355271
9.99189E-05 9.99189E-05 9.99189E-05 0.0173068 0.173849 0.333467 9.99189E-05 9.99189E-05 9.99189E-05 9.99189E-05 0.128594 9.99189E-05 9.99189E-05 0.134642 0.211242
0.0470758 9.99009E-05 9.99009E-05 9.99009E-05 9.99009E-05 9.99009E-05 9.99009E-05 9.99009E-05 0.00664703 9.99009E-05 0.642268 9.99009E-05 0.30291 9.99009E-05 9.99009E-05
9.99009E-05 9.99009E-05 9.99009E-05 9.99009E-05 9.99009E-05 0.0726694 9.99009E-05 9.99009E-05 0.485688 9.99009E-05 0.287297 9.99009E-05 9.99009E-05 9.99009E-05 0.153247
0.0993256 9.99368E-05 0.126378 0.116433 9.99368E-05 0.314524 0.00546422 0.0105615 9.99368E-05 0.0908739 0.235741 9.99368E-05 9.99368E-05 9.99368E-05 9.99368E-05
9.9892E-05 9.9892E-05 9.9892E-05 9.9892E-05 9.9892E-05 9.9892E-05 9.9892E-05 9.9892E-05 9.9892E-05 9.9892E-05 0.889328 0.0757106 0.0337622 9.9892E-05 9.9892E-05
9.991E-05 9.991E-05 9.991E-05 9.991E-05 9.991E-05 9.991E-05 9.991E-05 9.991E-05 0.0178622 0.163729 0.766618 0.0162139 9.991E-05 0.034577 9.991E-05
0.0269812 9.99368E-05 9.99368E-05 0.0637235 0.0306886 0.676288 0.0700523 9.99368E-05 0.0119497 9.99368E-05 0.119214 9.99368E-05 9.99368E-05 9.99368E-05 0.000403736
0.199215 0.176821 9.99278E-05 0.0583379 9.99278E-05 0.426309 9.99278E-05 0.0122645 9.99278E-05 9.99278E-05 0.0188398 9.99278E-05 9.99278E-05 9.99278E-05 0.107413
0.0833939 9.99098E-05 9.99098E-05 9.99098E-05 0.00512928 0.373322 9.99098E-05 9.99098E-05 9.99098E-05 9.99098E-05 9.99098E-05 9.99098E-05 9.99098E-05 0.372077 0.165079
9.99009E-05 9.99009E-05 9.99009E-05 9.99009E-05 9.99009E-05 9.99009E-05 9.99009E-05 9.99009E-05 0.435529 9.99009E-05 0.230036 9.99009E-05 9.99009E-05 0.011132 0.322204
0.633805 9.99099E-05 9.99099E-05 9.99099E-05 9.99099E-05 9.99099E-05 0.00102531 9.99099E-05 9.99099E-05 9.99099E-05 0.00980856 0.109944 0.244418 9.99099E-05 9.99099E-05
9.99187E-05 9.99187E-05 9.99187E-05 0.00897553 0.0200164 9.99187E-05 9.99187E-05 9.99187E-05 0.147768 9.99187E-05 0.398015 9.99187E-05 9.99187E-05 0.111888 0.312438
9.98918E-05 0.0682786 9.98918E-05 9.98918E-05 9.98918E-05 0.322466 9.98918E-05 9.98918E-05 9.98918E-05 9.98918E-05 0.608057 9.98918E-05 9.98918E-05 9.98918E-05 9.98918E-05
0.0861532 9.99189E-05 0.147035 9.99189E-05 9.99189E-05 0.498803 0.214549 9.99189E-05 9.99189E-05 0.00472834 0.0478312 9.99189E-05 9.99189E-05 9.99189E-05 9.99189E-05
0.692111 9.99007E-05 9.99007E-05 9.99007E-05 9.99007E-05 9.99007E-05 9.99007E-05 9.99007E-05 0.154559 9.99007E-05 9.99007E-05 9.99007E-05 9.99007E-05 0.0654289 0.0868019
0.201195 9.991E-05 9.991E-05 9.991E-05 9.991E-05 0.000933136 9.991E-05 9.991E-05 0.281953 9.991E-05 9.991E-05 9.991E-05 9.991E-05 0.246721 0.268199
0.683394 9.99008E-05 9.99008E-05 0.0817291 9.99008E-05 9.99008E-05 9.99008E-05 9.99008E-05 0.0856263 9.99008E-05 9.99008E-05 9.99008E-05 9.99008E-05 9.99008E-05 0.148152
0.259229 0.260664 9.99098E-05 9.99098E-05 0.00742541 0.355526 9.99098E-05 9.99098E-05 9.99098E-05 9.99098E-05 9.99098E-05 9.99098E-05 9.99098E-05 9.99098E-05 0.116156
0.14951 0.0540776 9.9919E-05 9.9919E-05 9.9919E-05 0.0570503 9.9919E-05 9.9919E-05 9.9919E-05 9.9919E-05 0.0321345 9.9919E-05 9.9919E-05 0.461609 0.244719
0.209978 9.99189E-05 0.25237 9.99189E-05 9.99189E-05 0.0099561 9.99189E-05 9.99189E-05 9.99189E-05 9.99189E-05 0.358095 9.99189E-05 0.0373636 9.99189E-05 0.131338
9.98918E-05 9.98918E-05 0.227977 9.98918E-05 9.98918E-05 9.98918E-05 9.98918E-05 9.98918E-05 9.98918E-05 9.98918E-05 0.365115 9.98918E-05 9.98918E-05 9.98918E-05 0.405709
0.0625316 9.991E-05 0.407036 9.991E-05 9.991E-05 0.0914475 9.991E-05 9.991E-05 9.991E-05 9.991E-05 0.0640606 9.991E-05 9.991E-05 9.991E-05 0.373925
9.99098E-05 9.99098E-05 9.99098E-05 9.99098E-05 9.99098E-05 9.99098E-05 9.99098E-05 0.00410606 0.172906 9.99098E-05 0.255211 9.99098E-05 9.99098E-05 0.0796604 0.487117
0.0473708 0.270116 9.99008E-05 9.99008E-05 9.99008E-05 9.99008E-05 9.99008E-05 9.99008E-05 9.99008E-05 9.99008E-05 0.569588 9.99008E-05 9.99008E-05 9.99008E-05 0.111827
9.99009E-05 9.99009E-05 0.00950705 9.99009E-05 9.99009E-05 0.07754 0.0837043 9.99009E-05 9.99009E-05 9.99009E-05 0.82815 9.99009E-05 9.99009E-05 9.99009E-05 9.99009E-05
0.188283 9.99188E-05 9.99188E-05 0.0856272 9.99188E-05 0.540153 9.99188E-05 0.0129199 0.161448 9.99188E-05 9.99188E-05 9.99188E-05 9.99188E-05 9.99188E-05 0.0106697
9.98918E-05 9.98918E-05 9.98918E-05 9.98918E-05 9.98918E-05 0.268336 9.98918E-05 9.98918E-05 0.270607 9.98918E-05 9.98918E-05 9.98918E-05 9.98918E-05 9.98918E-05 0.459858
0.131597 9.98918E-05 9.98918E-05 9.98918E-05 9.98918E-05 0.702053 9.98918E-05 9.98918E-05 9.98918E-05 9.98918E-05 9.98918E-05 0.165151 9.98918E-05 9.98918E-05 9.98918E-05
9.98917E-05 9.98917E-05 9.98917E-05 9.98917E-05 9.98917E-05 0.436649 9.98917E-05 9.98917E-05 0.25154 9.98917E-05 9.98917E-05 9.98917E-05 9.98917E-05 9.98917E-05 0.310612
9.98918E-05 9.98918E-05 9.98918E-05 9.98918E-05 9.98918E-05 0.521575 9.98918E-05 9.98918E-05 0.273708 9.98918E-05 9.98918E-05 9.98918E-05 9.98918E-05 9.98918E-05 0.203518
9.99098E-05 9.99098E-05 9.99098E-05 9.99098E-05 9.99098E-05 0.691677 0.00557478 9.99098E-05 9.99098E-05 9.99098E-05 0.0234509 0.18338 0.0949175 9.99098E-05 9.99098E-05
9.99099E-05 9.99099E-05 9.99099E-05 0.158805 9.99099E-05 0.298603 9.99099E-05 9.99099E-05 0.0505223 9.99099E-05 0.211007 9.99099E-05 9.99099E-05 9.99099E-05 0.280064
9.99008E-05 9.99008E-05 9.99008E-05 0.124308 9.99008E-05 0.637419 9.99008E-05 9.99008E-05 0.0186263 9.99008E-05 9.99008E-05 9.99008E-05 9.99008E-05 9.99008E-05 0.218547
9.98919E-05 9.98919E-05 9.98919E-05 9.98919E-05 0.610407 9.98919E-05 9.98919E-05 9.98919E-05 9.98919E-05 9.98919E-05 9.98919E-05 9.98919E-05 9.98919E-05 0.370733 0.0176618
0.00343039 0.0393589 0.0323974 9.9928E-05 0.593493 9.9928E-05 9.9928E-05 9.9928E-05 9.9928E-05 9.9928E-05 9.9928E-05 0.0220109 9.9928E-05 0.158451 0.150059
9.9919E-05 0.00173869 0.00663954 9.9919E-05 0.794983 9.9919E-05 9.9919E-05 9.9919E-05 9.9919E-05 9.9919E-05 9.9919E-05 9.9919E-05 0.179417 0.00678959 0.00953252
9.9901E-05 9.9901E-05 9.9901E-05 9.9901E-05 0.520612 0.0310134 9.9901E-05 9.9901E-05 9.9901E-05 9.9901E-05 9.9901E-05 0.444023 0.00325338 9.9901E-05 9.9901E-05
9.98918E-05 9.98918E-05 9.98918E-05 9.98918E-05 0.648598 9.98918E-05 9.98918E-05 0.0345958 9.98918E-05 9.98918E-05 9.98918E-05 9.98918E-05 9.98918E-05 0.315608 9.98918E-05
9.99278E-05 9.99278E-05 9.99278E-05 0.512951 0.191169 0.0684431 0.0184148 9.99278E-05 9.99278E-05 9.99278E-05 0.0129107 0.137707 0.0576052 9.99278E-05 9.99278E-05
9.98828E-05 9.98828E-05 9.98828E-05 9.98828E-05 0.488417 9.98828E-05 9.98828E-05 9.98828E-05 0.510285 9.98828E-05 9.98828E-05 9.98828E-05 9.98828E-05 9.98828E-05 9.98828E-05
9.98919E-05 9.98919E-05 9.98919E-05 9.98919E-05 0.740454 9.98919E-05 9.98919E-05 9.98919E-05 9.98919E-05 9.98919E-05 9.98919E-05 9.98919E-05 9.98919E-05 0.252081 0.00626545
0.0187694 0.102981 9.99369E-05 0.0848543 0.699246 0.0307078 9.99369E-05 0.0386087 0.0191307 9.99369E-05 9.99369E-05 9.99369E-05 9.99369E-05 0.00500253 9.99369E-05
9.99189E-05 0.131322 9.99189E-05 9.99189E-05 0.483237 9.99189E-05 0.0758267 9.99189E-05 9.99189E-05 0.172923 0.0988817 9.99189E-05 0.0369098 9.99189E-05 9.99189E-05
9.99009E-05 9.99009E-05 9.99009E-05 9.99009E-05 0.243112 9.99009E-05 9.99009E-05 0.0949265 9.99009E-05 9.99009E-05 9.99009E-05 9.99009E-05 9.99009E-05 0.604869 0.055993
9.99099E-05 9.99099E-05 9.99099E-05 9.99099E-05 0.45423 9.99099E-05 0.0436232 0.0479914 9.99099E-05 0.431806 0.0213507 9.99099E-05 9.99099E-05 9.99099E-05 9.99099E-05
9.99009E-05 9.99009E-05 9.99009E-05 0.0514766 0.766902 9.99009E-05 9.99009E-05 9.99009E-05 9.99009E-05 9.99009E-05 9.99009E-05 9.99009E-05 9.99009E-05 0.151821 0.0287014
9.99279E-05 0.0305818 0.0101184 0.252761 0.542057 0.0247626 9.99279E-05 9.99279E-05 9.99279E-05 0.10622 0.0326988 9.99279E-05 9.99279E-05 9.99279E-05 9.99279E-05
0.0248048 0.39082 9.99189E-05 0.045004 0.494621 9.99189E-05 9.99189E-05 0.016377 9.99189E-05 9.99189E-05 9.99189E-05 9.99189E-05 9.99189E-05 0.027474 9.99189E-05
0.0327871 0.00505456 9.99369E-05 0.352959 0.321231 9.99369E-05 0.0178867 0.00919425 0.214058 9.99369E-05 9.99369E-05 9.99369E-05 9.99369E-05 0.0461296 9.99369E-05
9.99278E-05 9.99278E-05 0.184652 9.99278E-05 0.439877 0.00391052 0.139636 9.99278E-05 9.99278E-05 0.0158681 0.0968808 0.118377 9.99278E-05 9.99278E-05 9.99278E-05
9.99008E-05 9.99008E-05 0.0829907 9.99008E-05 0.376837 9.99008E-05 0.0156285 9.99008E-05 9.99008E-05 9.99008E-05 9.99008E-05 9.99008E-05 0.523445 9.99008E-05 9.99008E-05
0.059472 0.187283 9.99099E-05 9.99099E-05 0.563449 9.99099E-05 9.99099E-05 0.0514809 9.99099E-05 9.99099E-05 9.99099E-05 9.99099E-05 9.99099E-05 9.99099E-05 0.137316
9.99099E-05 9.99099E-05 9.99099E-05 0.0650848 0.733308 9.99099E-05 9.99099E-05 9.99099E-05 0.161812 9.99099E-05 9.99099E-05 9.99099E-05 9.99099E-05 0.030999 0.00779657
0.024501 0.336255 9.99099E-05 9.99099E-05 0.540206 9.99099E-05 9.99099E-05 9.99099E-05 9.99099E-05 0.0429455 9.99099E-05 0.0550933 9.99099E-05 9.99099E-05 9.99099E-05
9.98919E-05 9.98919E-05 0.274989 9.98919E-05 0.609614 9.98919E-05 9.98919E-05 9.98919E-05 9.98919E-05 9.98919E-05 9.98919E-05 9.98919E-05 0.114198 9.98919E-05 9.98919E-05
0.000258061 0.0974782 0.102333 0.263845 9.9946E-05 9.9946E-05 9.9946E-05 0.00583811 9.9946E-05 0.102158 0.0997788 0.318497 0.00921464 9.9946E-05 9.9946E-05
9.98918E-05 9.98918E-05 9.98918E-05 9.98918E-05 9.98918E-05 9.98918E-05 0.00162984 0.723702 0.27347 9.98918E-05 9.98918E-05 9.98918E-05 9.98918E-05 9.98918E-05 9.98918E-05
9.99008E-05 9.99008E-05 0.152059 0.263671 9.99008E-05 9.99008E-05 9.99008E-05 9.99008E-05 9.99008E-05 9.99008E-05 9.99008E-05 0.0533965 0.529775 9.99008E-05 9.99008E-05
0.0306229 0.00705656 9.99279E-05 0.73587 0.0115785 9.99279E-05 9.99279E-05 0.0351498 9.99279E-05 9.99279E-05 9.99279E-05 9.99279E-05 9.99279E-05 0.177046 0.00187728
9.98827E-05 9.98827E-05 9.98827E-05 9.98827E-05 9.98827E-05 9.98827E-05 9.98827E-05 0.49501 9.98827E-05 9.98827E-05 9.98827E-05 9.98827E-05 9.98827E-05 0.503692 9.98827E-05
9.99098E-05 9.99098E-05 0.268988 0.191296 9.99098E-05 9.99098E-05 0.207809 9.99098E-05 9.99098E-05 0.300988 9.99098E-05 9.99098E-05 0.0299196 9.99098E-05 9.99098E-05
0.0087738 9.99099E-05 0.0506987 9.99099E-05 9.99099E-05 9.99099E-05 9.99099E-05 0.720884 9.99099E-05 0.213398 9.99099E-05 9.99099E-05 9.99099E-05 0.00524648 9.99099E-05
9.99369E-05 9.99369E-05 0.120553 0.603769 0.0554345 0.0190344 9.99369E-05 9.99369E-05 0.0232032 9.99369E-05 0.110776 0.0588018 9.99369E-05 9.99369E-05 0.00772899
9.98919E-05 9.98919E-05 0.305539 9.98919E-05 9.98919E-05 9.98919E-05 9.98919E-05 0.666639 9.98919E-05 9.98919E-05 9.98919E-05 9.98919E-05 0.0266237 9.98919E-05 9.98919E-05
9.99099E-05 9.99099E-05 0.0510871 0.107323 9.99099E-05 9.99099E-05 9.99099E-05 0.229033 0.41542 9.99099E-05 9.99099E-05 9.99099E-05 9.99099E-05 0.196137 9.99099E-05
9.993E-05 0.104866 0.306868 0.0307433 9.993E-05 9.993E-05 0.00476909 0.0994704 9.993E-05 0.193968 0.0606601 0.197956 9.993E-05 9.993E-05 9.993E-05
9.98828E-05 9.98828E-05 9.98828E-05 9.98828E-05 9.98828E-05 9.98828E-05 9.98828E-05 0.569583 9.98828E-05 9.98828E-05 9.98828E-05 9.98828E-05 0.429119 9.98828E-05 9.98828E-05
9.98919E-05 9.98919E-05 9.98919E-05 9.98919E-05 9.98919E-05 9.98919E-05 9.98919E-05 0.409121 0.12974 9.98919E-05 9.98919E-05 9.98919E-05 9.98919E-05 0.459941 9.98919E-05
9.99189E-05 9.99189E-05 0.117891 0.0828653 9.99189E-05 9.99189E-05 0.312528 9.99189E-05 9.99189E-05 0.21226 9.99189E-05 0.23551 0.0380463 9.99189E-05 9.99189E-05
9.99098E-05 9.99098E-05 0.303802 9.99098E-05 9.99098E-05 9.99098E-05 0.174642 0.48441 9.99098E-05 9.99098E-05 0.0277901 9.99098E-05 0.00835656 9.99098E-05 9.99098E-05
9.99188E-05 9.99188E-05 0.482511 0.191433 9.99188E-05 9.99188E-05 0.203003 9.99188E-05 0.0535742 0.0525297 9.99188E-05 9.99188E-05 0.0160503 9.99188E-05 9.99188E-05
9.98828E-05 9.98828E-05 9.98828E-05 9.98828E-05 9.98828E-05 9.98828E-05 9.98828E-05 0.472098 9.98828E-05 9.98828E-05 9.98828E-05 9.98828E-05 9.98828E-05 0.526604 9.98828E-05
9.99188E-05 9.99188E-05 0.663934 9.99188E-05 9.99188E-05 0.00072875 9.99188E-05 0.220577 9.99188E-05 9.99188E-05 0.00932773 0.103395 0.00113761 9.99188E-05 9.99188E-05
9.99279E-05 0.124806 0.0599485 0.137838 9.99279E-05 9.99279E-05 0.0382416 9.99279E-05 9.99279E-05 0.265968 0.0117947 0.360604 9.99279E-05 9.99279E-05 9.99279E-05
9.99189E-05 9.99189E-05 9.99189E-05 0.725199 9.99189E-05 0.0777106 9.99189E-05 0.125956 0.028404 0.0118454 9.99189E-05 0.0299857 9.99189E-05 9.99189E-05 9.99189E-05
0.0512838 9.99371E-05 9.99371E-05 0.26106 0.113873 9.99371E-05 9.99371E-05 9.99371E-05 9.99371E-05 0.0318237 0.00192876 0.0134492 0.461092 0.0647893 9.99371E-05
0.05288 9.9937E-05 0.360514 0.30443 0.00799425 9.9937E-05 9.9937E-05 0.0483571 9.9937E-05 9.9937E-05 0.000631361 9.9937E-05 0.208438 0.0160556 9.9937E-05
9.99007E-05 9.99007E-05 9.99007E-05 0.0966332 9.99007E-05 9.99007E-05 9.99007E-05 0.477234 0.0263585 9.99007E-05 9.99007E-05 9.99007E-05 9.99007E-05 0.398676 9.99007E-05
0.0397598 9.99459E-05 0.274922 0.226386 9.99459E-05 0.0333793 9.99459E-05 0.0934382 0.0703572 0.117455 9.99459E-05 0.116756 9.99459E-05 9.99459E-05 0.0269468
9.99097E-05 0.0206166 9.99097E-05 0.26941 9.99097E-05 0.0641271 9.99097E-05 0.605465 9.99097E-05 9.99097E-05 9.99097E-05 0.0393821 9.99097E-05 9.99097E-05 9.99097E-05
0.024117 0.0208155 9.99279E-05 0.294198 0.219807 9.99279E-05 9.99279E-05 0.114109 9.99279E-05 9.99279E-05 9.99279E-05 9.99279E-05 9.99279E-05 0.242541 0.083613
0.0108999 9.994E-05 0.515946 0.0110205 0.117827 0.0494345 9.994E-05 0.111679 9.994E-05 0.0331984 0.0195084 0.129886 9.994E-05 9.994E-05 9.994E-05
9.991E-05 0.835429 9.991E-05 9.991E-05 9.991E-05 9.991E-05 9.991E-05 0.0464264 9.991E-05 9.991E-05 0.021083 0.0522432 9.991E-05 9.991E-05 0.0438195
0.052648 9.9937E-05 9.9937E-05 9.9937E-05 9.9937E-05 0.00866402 0.066153 9.9937E-05 0.0834164 9.9937E-05 0.013509 9.9937E-05 0.00953295 0.757956 0.00742126
9.99458E-05 0.219111 9.99458E-05 0.195527 0.104441 0.0434879 0.0114325 0.228269 0.181087 9.99458E-05 9.99458E-05 9.99458E-05 9.99458E-05 0.00887714 0.00716844
0.0218395 9.99369E-05 9.99369E-05 0.30962 0.127373 9.99369E-05 9.99369E-05 0.0800922 0.150073 0.0460891 9.99369E-05 9.99369E-05 9.99369E-05 0.21664 0.0475742
0.0243983 0.20153 9.99369E-05 0.0173913 9.99369E-05 9.99369E-05 9.99369E-05 0.138475 9.99369E-05 0.469236 0.0101185 9.99369E-05 0.0321663 0.105985 9.99369E-05
9.98918E-05 9.98918E-05 9.98918E-05 0.380118 9.98918E-05 9.98918E-05 9.98918E-05 9.98918E-05 0.0770882 9.98918E-05 9.98918E-05 9.98918E-05 9.98918E-05 0.541595 9.98918E-05
9.99098E-05 9.99098E-05 0.495535 0.146109 9.99098E-05 9.99098E-05 0.170996 9.99098E-05 9.99098E-05 0.112901 9.99098E-05 9.99098E-05 0.0734603 9.99098E-05 9.99098E-05
9.99008E-05 0.0325344 9.99008E-05 0.416498 9.99008E-05 9.99008E-05 9.99008E-05 0.0557521 9.99008E-05 9.99008E-05 9.99008E-05 9.99008E-05 9.99008E-05 0.494116 9.99008E-05
9.99189E-05 0.0875254 0.0865613 9.99189E-05 9.99189E-05 9.99189E-05 9.99189E-05 0.29341 9.99189E-05 9.99189E-05 9.99189E-05 0.0214972 0.364013 0.146094 9.99189E-05
9.99279E-05 0.207049 0.349783 9.99279E-05 0.0191105 9.99279E-05 0.0871586 0.0218845 0.0517173 9.99279E-05 9.99279E-05 9.99279E-05 0.262498 9.99279E-05 9.99279E-05
9.9928E-05 0.507896 9.9928E-05 0.213758 0.0177184 9.9928E-05 9.9928E-05 0.105416 9.9928E-05 9.9928E-05 0.0297532 0.0300011 9.9928E-05 9.9928E-05 0.0946582
9.99368E-05 0.250137 0.0664763 0.426201 0.0849513 9.99368E-05 0.0307349 9.99368E-05 0.0824264 9.99368E-05 0.053669 0.00470507 9.99368E-05 9.99368E-05 9.99368E-05
0.0193513 0.619527 9.99369E-05 0.166301 0.0212755 9.99369E-05 0.0845012 0.0544255 0.00302655 9.99369E-05 9.99369E-05 9.99369E-05 9.99369E-05 9.99369E-05 0.0308919
9.99189E-05 0.0818401 0.33442 0.153052 0.12381 9.99189E-05 9.99189E-05 9.99189E-05 9.99189E-05 9.99189E-05 9.99189E-05 9.99189E-05 0.207862 0.0981168 9.99189E-05
9.99189E-05 0.107301 9.99189E-05 0.0470232 0.0210034 9.99189E-05 0.0435978 9.99189E-05 0.107168 9.99189E-05 9.99189E-05 9.99189E-05 9.99189E-05 0.673007 9.99189E-05
9.99009E-05 0.0697737 9.99009E-05 9.99009E-05 9.99009E-05 9.99009E-05 9.99009E-05 0.257604 0.0222476 9.99009E-05 9.99009E-05 9.99009E-05 9.99009E-05 0.649276 9.99009E-05
9.99099E-05 0.0776702 9.99099E-05 0.219127 9.99099E-05 9.99099E-05 9.99099E-05 0.190785 0.469234 9.99099E-05 9.99099E-05 9.99099E-05 9.99099E-05 9.99099E-05 0.042185
9.99099E-05 0.0667932 9.99099E-05 0.0925854 9.99099E-05 9.99099E-05 9.99099E-05 0.167043 9.99099E-05 9.99099E-05 9.99099E-05 9.99099E-05 9.99099E-05 0.558552 0.114027
9.9892E-05 9.9892E-05 9.9892E-05 9.9892E-05 9.9892E-05 9.9892E-05 0.143156 9.9892E-05 9.9892E-05 0.0114023 9.9892E-05 9.9892E-05 9.9892E-05 0.844243 9.9892E-05
9.99279E-05 0.0154793 9.99279E-05 0.00700493 0.00963693 9.99279E-05 9.99279E-05 0.312195 0.464611 9.99279E-05 9.99279E-05 0.0649966 9.99279E-05 9.99279E-05 0.125277
9.99098E-05 9.99098E-05 9.99098E-05 0.610612 9.99098E-05 9.99098E-05 9.99098E-05 0.0723652 0.0770208 0.0421926 9.99098E-05 9.99098E-05 9.99098E-05 0.19681 9.99098E-05
0.0232309 0.0315726 9.9928E-05 9.9928E-05 9.9928E-05 0.0174071 0.365217 9.9928E-05 9.9928E-05 9.9928E-05 9.9928E-05 0.498393 0.0533041 0.0100759 9.9928E-05
0.027025 9.99099E-05 9.99099E-05 0.0557138 0.0125081 9.99099E-05 0.87027 9.99099E-05 0.0334844 9.99099E-05 9.99099E-05 9.99099E-05 9.99099E-05 9.99099E-05 9.99099E-05
9.99188E-05 0.0228164 9.99188E-05 0.338799 9.99188E-05 0.107311 0.0830464 9.99188E-05 0.347785 9.99188E-05 9.99188E-05 0.0993427 9.99188E-05 9.99188E-05 9.99188E-05
9.99098E-05 9.99098E-05 0.0749266 0.0387478 9.99098E-05 9.99098E-05 0.659697 9.99098E-05 0.0297521 0.195878 9.99098E-05 9.99098E-05 9.99098E-05 9.99098E-05 9.99098E-05
9.98919E-05 9.98919E-05 9.98919E-05 9.98919E-05 0.0473241 9.98919E-05 0.908467 9.98919E-05 9.98919E-05 9.98919E-05 9.98919E-05 0.0430102 9.98919E-05 9.98919E-05 9.98919E-05
0.0498043 9.99098E-05 9.99098E-05 0.0139375 9.99098E-05 9.99098E-05 0.426305 9.99098E-05 0.0698331 9.99098E-05 9.99098E-05 9.99098E-05 0.439121 9.99098E-05 9.99098E-05
9.99189E-05 9.99189E-05 0.0324204 0.058026 0.0435145 0.00150593 0.750174 9.99189E-05 9.99189E-05 9.99189E-05 9.99189E-05 9.99189E-05 0.113459 9.99189E-05 9.99189E-05
0.00649572 9.991E-05 9.991E-05 0.158585 9.991E-05 0.0329285 0.195241 9.991E-05 0.60575 9.991E-05 9.991E-05 9.991E-05 9.991E-05 9.991E-05 9.991E-05
9.9892E-05 9.9892E-05 9.9892E-05 9.9892E-05 9.9892E-05 9.9892E-05 9.9892E-05 0.187131 0.4393 9.9892E-05 9.9892E-05 9.9892E-05 9.9892E-05 0.37237 9.9892E-05
9.99278E-05 9.99278E-05 0.0159535 0.303845 0.0398539 0.102819 9.99278E-05 9.99278E-05 0.00284284 9.99278E-05 0.0156579 0.518228 9.99278E-05 9.99278E-05 9.99278E-05
9.9901E-05 9.9901E-05 9.9901E-05 9.9901E-05 0.0967059 0.00170068 0.123242 9.9901E-05 0.777252 9.9901E-05 9.9901E-05 9.9901E-05 9.9901E-05 9.9901E-05 9.9901E-05
9.9901E-05 9.9901E-05 9.9901E-05 0.312377 9.9901E-05 0.241117 0.0946239 9.9901E-05 0.350783 9.9901E-05 9.9901E-05 9.9901E-05 9.9901E-05 9.9901E-05 9.9901E-05
9.99279E-05 9.99279E-05 9.99279E-05 0.405846 0.0325269 0.0799466 0.199041 9.99279E-05 0.118566 0.0298032 9.99279E-05 0.13347 9.99279E-05 9.99279E-05 9.99279E-05
9.99099E-05 9.99099E-05 9.99099E-05 0.264583 0.0140682 9.99099E-05 9.99099E-05 0.0966199 0.573198 9.99099E-05 9.99099E-05 9.99099E-05 9.99099E-05 0.0505318 9.99099E-05
9.99189E-05 9.99189E-05 9.99189E-05 0.140085 0.079111 9.99189E-05 9.99189E-05 9.99189E-05 0.416239 9.99189E-05 9.99189E-05 0.309813 9.99189E-05 0.0271133 0.026739
0.0812009 9.99369E-05 0.158945 0.119487 9.99369E-05 0.00733886 0.130014 0.2017 9.99369E-05 9.99369E-05 9.99369E-05 0.225785 9.99369E-05 9.99369E-05 0.0748313
0.00572846 9.99279E-05 9.99279E-05 0.297204 9.99279E-05 0.0301512 9.99279E-05 9.99279E-05 0.378446 0.147709 0.0587614 0.0812002 9.99279E-05 9.99279E-05 9.99279E-05
9.99278E-05 9.99278E-05 9.99278E-05 0.138483 0.150563 0.00327504 0.0231345 9.99278E-05 0.339113 9.99278E-05 9.99278E-05 0.340678 9.99278E-05 9.99278E-05 0.00395417
9.99098E-05 9.99098E-05 0.0932549 0.0546012 9.99098E-05 9.99098E-05 0.134542 9.99098E-05 9.99098E-05 0.435658 9.99098E-05 0.280945 9.99098E-05 9.99098E-05 9.99098E-05
9.9937E-05 0.0592921 9.9937E-05 0.34574 9.9937E-05 0.0359334 0.0793983 9.9937E-05 9.9937E-05 0.0383629 9.9937E-05 0.417501 0.021867 9.9937E-05 0.00120596
9.9928E-05 0.0665137 9.9928E-05 9.9928E-05 9.9928E-05 9.9928E-05 9.9928E-05 9.9928E-05 0.808492 0.0384277 0.0174601 0.0120632 0.0361537 0.0200906 9.9928E-05
9.99189E-05 9.99189E-05 0.0695356 0.462676 0.0672254 9.99189E-05 9.99189E-05 9.99189E-05 0.337367 9.99189E-05 9.99189E-05 0.0548875 9.99189E-05 9.99189E-05 0.00740904
9.99099E-05 9.99099E-05 0.0299545 0.000966173 9.99099E-05 9.99099E-05 9.99099E-05 0.11157 0.622585 9.99099E-05 9.99099E-05 9.99099E-05 9.99099E-05 0.233925 9.99099E-05
9.99008E-05 9.99008E-05 0.166237 0.196709 9.99008E-05 9.99008E-05 0.353132 9.99008E-05 9.99008E-05 9.99008E-05 9.99008E-05 0.282824 9.99008E-05 9.99008E-05 9.99008E-05
0.0011098 9.9928E-05 9.9928E-05 0.573625 9.9928E-05 0.0726972 9.9928E-05 0.00258777 9.9928E-05 0.0391602 0.0273505 0.28267 9.9928E-05 9.9928E-05 9.9928E-05
9.99279E-05 9.99279E-05 9.99279E-05 0.0914939 0.0228149 9.99279E-05 9.99279E-05 0.109953 0.663751 9.99279E-05 9.99279E-05 0.0139416 9.99279E-05 0.0890647 0.00818157
9.9946E-05 0.0382864 0.0714863 9.9946E-05 0.00241655 9.9946E-05 0.342405 0.231857 9.9946E-05 0.0136184 0.072936 0.220201 0.00619347 9.9946E-05 9.9946E-05
9.99099E-05 0.0448655 9.99099E-05 9.99099E-05 9.99099E-05 9.99099E-05 0.0103171 0.369716 9.99099E-05 0.45889 9.99099E-05 0.115212 9.99099E-05 9.99099E-05 9.99099E-05
0.0294892 9.99369E-05 9.99369E-05 0.305966 0.040618 0.0663953 9.99369E-05 0.0525065 0.105514 9.99369E-05 9.99369E-05 9.99369E-05 9.99369E-05 0.299915 0.0988965
9.99188E-05 0.261278 9.99188E-05 9.99188E-05 0.037794 9.99188E-05 9.99188E-05 0.53496 0.0542053 9.99188E-05 9.99188E-05 9.99188E-05 9.99188E-05 0.0739875 0.0368764
0.0461947 9.991E-05 9.991E-05 9.991E-05 9.991E-05 0.0314846 0.354744 0.216926 9.991E-05 0.349652 9.991E-05 9.991E-05 9.991E-05 9.991E-05 9.991E-05
9.99189E-05 9.99189E-05 0.0549311 9.99189E-05 9.99189E-05 0.0205273 0.502443 0.368818 9.99189E-05 9.99189E-05 9.99189E-05 0.00389824 0.0484828 9.99189E-05 9.99189E-05
9.99279E-05 9.99279E-05 0.173162 9.99279E-05 9.99279E-05 0.0815346 0.336665 0.234898 9.99279E-05 0.0287778 0.0394333 0.10473 9.99279E-05 9.99279E-05 9.99279E-05
0.017645 9.9892E-05 9.9892E-05 9.9892E-05 9.9892E-05 9.9892E-05 9.9892E-05 0.261628 9.9892E-05 9.9892E-05 9.9892E-05 9.9892E-05 9.9892E-05 0.719529 9.9892E-05
9.991E-05 9.991E-05 9.991E-05 0.342001 9.991E-05 0.0310188 9.991E-05 0.384841 0.209751 9.991E-05 9.991E-05 9.991E-05 9.991E-05 9.991E-05 0.0313891
9.99459E-05 0.304247 9.99459E-05 0.0722479 0.249033 0.0393181 0.00840663 0.0900383 9.99459E-05 0.108071 0.020343 0.107694 9.99459E-05 9.99459E-05 9.99459E-05
9.99188E-05 0.0598254 0.114254 9.99188E-05 9.99188E-05 9.99188E-05 0.402938 0.279626 9.99188E-05 0.103024 9.99188E-05 0.0394331 9.99188E-05 9.99188E-05 9.99188E-05
9.99279E-05 0.132103 9.99279E-05 0.0563715 0.0349088 9.99279E-05 9.99279E-05 0.176991 0.078787 9.99279E-05 9.99279E-05 9.99279E-05 9.99279E-05 0.463123 0.0569161
0.0530363 9.9919E-05 9.9919E-05 0.575917 9.9919E-05 9.9919E-05 0.0928327 0.20541 0.0524393 9.9919E-05 9.9919E-05 9.9919E-05 9.9919E-05 9.9919E-05 0.019465
9.99279E-05 0.0233093 9.99279E-05 0.294354 9.99279E-05 0.0255882 0.144063 0.251333 0.251556 9.99279E-05 9.99279E-05 9.99279E-05 9.99279E-05 9.99279E-05 0.00899689
9.99278E-05 0.598871 0.0418582 0.0204798 0.0891658 9.99278E-05 9.99278E-05 0.211027 0.00745992 9.99278E-05 9.99278E-05 0.0303384 9.99278E-05 9.99278E-05 9.99278E-05
9.99099E-05 9.99099E-05 0.0502759 0.422826 0.214901 9.99099E-05 9.99099E-05 9.99099E-05 0.271749 9.99099E-05 9.99099E-05 9.99099E-05 9.99099E-05 9.99099E-05 0.0392486
9.99368E-05 0.0415092 9.99368E-05 0.30434 0.028451 9.99368E-05 0.107929 9.99368E-05 0.0264479 0.165177 0.0608327 0.264614 9.99368E-05 9.99368E-05 9.99368E-05
9.99369E-05 0.222885 9.99369E-05 0.411758 9.99369E-05 0.0356784 0.0585425 0.12913 9.99369E-05 0.0810641 0.00712581 0.0531169 9.99369E-05 9.99369E-05 9.99369E-05
0.0215374 9.9928E-05 0.182708 9.9928E-05 9.9928E-05 9.9928E-05 0.401308 0.234965 9.9928E-05 0.151755 0.00117695 9.9928E-05 0.00575038 9.9928E-05 9.9928E-05
0.0164732 0.0122739 9.99278E-05 0.0148188 9.99278E-05 9.99278E-05 9.99278E-05 0.382089 0.362231 9.99278E-05 9.99278E-05 0.0574014 9.99278E-05 9.99278E-05 0.153914
9.99368E-05 0.0584966 0.0600163 9.99368E-05 9.99368E-05 9.99368E-05 0.284351 0.214141 9.99368E-05 0.0662754 0.00772624 0.299276 9.99368E-05 9.99368E-05 0.00901728
9.99188E-05 9.99188E-05 0.162144 0.0456817 9.99188E-05 9.99188E-05 0.0936885 0.159331 9.99188E-05 9.99188E-05 9.99188E-05 0.206778 0.331478 9.99188E-05 9.99188E-05
9.99189E-05 0.0180221 9.99189E-05 0.00203987 9.99189E-05 9.99189E-05 0.00258076 0.243245 0.66591 9.99189E-05 9.99189E-05 9.99189E-05 9.99189E-05 0.0673038 9.99189E-05
9.99279E-05 9.99279E-05 9.99279E-05 0.448146 9.99279E-05 0.0412693 0.0491752 0.0364236 0.188405 0.202045 9.99279E-05 0.0337365 9.99279E-05 9.99279E-05 9.99279E-05
9.99189E-05 9.99189E-05 9.99189E-05 0.301951 9.99189E-05 0.00900534 9.99189E-05 0.151742 0.418018 9.99189E-05 9.99189E-05 0.0513865 9.99189E-05 9.99189E-05 0.0669968
0.0289524 9.9937E-05 9.9937E-05 9.9937E-05 9.9937E-05 0.0118174 0.397856 0.0263405 9.9937E-05 0.0293697 0.0152817 0.449974 0.0397092 9.9937E-05 9.9937E-05
0.0501041 9.995E-05 9.995E-05 0.0293722 0.00275881 0.0472696 0.0019042 0.00459248 9.995E-05 0.0539218 9.995E-05 0.256943 0.394905 9.995E-05 0.157728
9.99279E-05 9.99279E-05 0.064383 0.171267 9.99279E-05 9.99279E-05 0.14247 0.0157549 9.99279E-05 0.00860655 0.109774 0.486945 9.99279E-05 9.99279E-05 9.99279E-05
9.99009E-05 0.0662946 9.99009E-05 9.99009E-05 9.99009E-05 9.99009E-05 0.011462 0.164887 0.756258 9.99009E-05 9.99009E-05 9.99009E-05 9.99009E-05 9.99009E-05 9.99009E-05
9.99099E-05 9.99099E-05 0.0986971 0.231801 9.99099E-05 9.99099E-05 0.0366318 9.99099E-05 9.99099E-05 9.99099E-05 0.0527352 0.579136 9.99099E-05 9.99099E-05 9.99099E-05
0.0475291 9.993E-05 0.0152469 9.993E-05 0.0324619 9.993E-05 9.993E-05 0.0222271 0.0468612 0.00770283 0.00673505 0.820537 9.993E-05 9.993E-05 9.993E-05
9.9928E-05 9.9928E-05 0.0220473 9.9928E-05 0.0138165 9.9928E-05 0.149301 9.9928E-05 9.9928E-05 0.188279 0.00121568 0.59405 9.9928E-05 0.0304902 9.9928E-05
9.99099E-05 9.99099E-05 0.0660076 9.99099E-05 0.0911603 9.99099E-05 9.99099E-05 9.99099E-05 0.782817 9.99099E-05 9.99099E-05 0.0576441 9.99099E-05 0.0013724 9.99099E-05
0.0090304 9.99549E-05 9.99549E-05 0.355882 0.019144 0.000988845 0.0465193 0.0700792 0.226158 0.0130965 9.99549E-05 0.236626 9.99549E-05 9.99549E-05 0.0219754
0.0149368 9.9946E-05 9.9946E-05 0.006155 9.9946E-05 0.026144 0.330097 0.0320777 0.0703466 0.350251 9.9946E-05 0.108828 0.0605652 9.9946E-05 9.9946E-05
9.9928E-05 9.9928E-05 9.9928E-05 0.0449343 9.9928E-05 9.9928E-05 9.9928E-05 0.160402 0.304765 9.9928E-05 9.9928E-05 0.30442 0.00855346 0.0923984 0.0837275
0.0181857 0.0166531 9.99279E-05 9.99279E-05 9.99279E-05 9.99279E-05 0.0710359 9.99279E-05 9.99279E-05 0.0206703 9.99279E-05 0.78361 0.0755118 0.0135336 9.99279E-05
9.9937E-05 0.00646891 0.219398 0.230152 9.9937E-05 9.9937E-05 9.9937E-05 9.9937E-05 0.0550031 9.9937E-05 9.9937E-05 0.00247265 0.328944 0.151353 0.00550908
9.99099E-05 9.99099E-05 9.99099E-05 9.99099E-05 0.0431541 0.063556 9.99099E-05 0.0856105 0.240099 9.99099E-05 9.99099E-05 0.566581 9.99099E-05 9.99099E-05 9.99099E-05
9.9901E-05 9.9901E-05 9.9901E-05 9.9901E-05 9.9901E-05 9.9901E-05 0.00381298 0.0987002 0.815312 9.9901E-05 9.9901E-05 9.9901E-05 9.9901E-05 0.0810764 9.9901E-05
9.99279E-05 9.99279E-05 0.0105644 0.498031 9.99279E-05 0.131739 0.0814049 0.105981 0.0142334 9.99279E-05 9.99279E-05 0.157247 9.99279E-05 9.99279E-05 9.99279E-05
0.0201834 0.305393 9.99458E-05 0.245548 0.0904999 9.99458E-05 9.99458E-05 0.069757 0.125526 0.0229378 9.99458E-05 9.99458E-05 9.99458E-05 0.0927179 0.0268372
9.99279E-05 0.0668766 9.99279E-05 0.172982 0.0581879 9.99279E-05 0.00231947 0.0283735 9.99279E-05 9.99279E-05 9.99279E-05 9.99279E-05 9.99279E-05 0.648041 0.0224199
9.99459E-05 0.0605436 0.0301838 0.659332 0.0385524 9.99459E-05 9.99459E-05 0.0321233 0.0827649 9.99459E-05 0.0234058 0.0372559 9.99459E-05 9.99459E-05 0.0352385
9.99008E-05 9.99008E-05 9.99008E-05 0.0854036 0.592723 9.99008E-05 9.99008E-05 0.110036 0.210739 9.99008E-05 9.99008E-05 9.99008E-05 9.99008E-05 9.99008E-05 9.99008E-05
9.99279E-05 0.095383 9.99279E-05 0.393737 0.00335041 9.99279E-05 0.0895526 0.159562 0.192963 0.0646526 9.99279E-05 9.99279E-05 9.99279E-05 9.99279E-05 9.99279E-05
9.99008E-05 0.0702711 0.4587 0.151271 9.99008E-05 9.99008E-05 0.318658 9.99008E-05 9.99008E-05 9.99008E-05 9.99008E-05 9.99008E-05 9.99008E-05 9.99008E-05 9.99008E-05
0.0118275 0.0454663 9.99189E-05 0.032165 9.99189E-05 9.99189E-05 9.99189E-05 0.310209 9.99189E-05 9.99189E-05 9.99189E-05 9.99189E-05 9.99189E-05 0.585162 0.0142712
9.99009E-05 0.140652 9.99009E-05 9.99009E-05 9.99009E-05 9.99009E-05 0.0131759 0.261777 9.99009E-05 9.99009E-05 9.99009E-05 9.99009E-05 0.583297 9.99009E-05 9.99009E-05
9.99368E-05 9.99368E-05 9.99368E-05 0.121587 0.391278 0.0687465 0.191403 9.99368E-05 9.99368E-05 0.0264864 0.0287221 0.1531 0.0179772 9.99368E-05 9.99368E-05
9.99099E-05 0.172633 0.195537 9.99099E-05 0.0175557 9.99099E-05 9.99099E-05 9.99099E-05 9.99099E-05 0.552931 9.99099E-05 9.99099E-05 9.99099E-05 0.0603442 9.99099E-05
9.99279E-05 0.0137871 0.0153296 0.108847 0.154522 9.99279E-05 9.99279E-05 9.99279E-05 9.99279E-05 9.99279E-05 9.99279E-05 0.0583808 9.99279E-05 0.6319 0.0164336
9.99189E-05 0.0669706 9.99189E-05 0.00673352 0.0757118 9.99189E-05 9.99189E-05 0.0033835 0.351065 9.99189E-05 9.99189E-05 9.99189E-05 9.99189E-05 0.495237 9.99189E-05
