9.9946E-05 9.9946E-05 9.9946E-05 0.0916736 0.546133 9.9946E-05 0.0283007 9.9946E-05 0.333293 9.9946E-05
9.9964E-05 9.9964E-05 0.00958018 0.00397656 0.509877 9.9964E-05 0.0152522 9.9964E-05 0.335416 0.125499
0.667964 0.0185819 0.0118484 0.0239534 0.2116 9.99729E-05 9.99729E-05 0.0543042 9.99729E-05 0.0114477
9.99639E-05 0.233916 9.99639E-05 0.0289636 0.261732 9.99639E-05 9.99639E-05 0.0745605 0.252783 0.147646
9.996E-05 0.162837 0.0146754 9.996E-05 9.996E-05 9.996E-05 0.217797 0.0993472 0.363201 0.141743
0.100406 9.99639E-05 0.0614999 9.99639E-05 0.439065 9.99639E-05 0.0564757 0.31613 0.0260239 9.99639E-05
0.512605 0.00658908 9.99459E-05 9.99459E-05 0.40226 0.0779466 9.99459E-05 9.99459E-05 9.99459E-05 9.99459E-05
0.240578 9.9955E-05 0.0643092 9.9955E-05 0.38014 9.9955E-05 9.9955E-05 0.183823 0.130651 9.9955E-05
9.9973E-05 0.14047 0.0208154 0.0117446 0.423288 9.9973E-05 9.9973E-05 0.0806965 0.257355 0.0653313
0.32134 9.99459E-05 9.99459E-05 0.0528834 9.99459E-05 0.256109 9.99459E-05 0.369068 9.99459E-05 9.99459E-05
9.9973E-05 0.0197988 9.9973E-05 0.00200813 0.220455 9.9973E-05 0.0401034 0.0930243 0.172313 0.451998
9.99549E-05 0.109384 9.99549E-05 9.99549E-05 0.0543399 9.99549E-05 9.99549E-05 0.234693 0.431148 0.169935
0.122756 0.277312 0.0640284 0.00708434 0.219268 0.0139499 0.208892 9.9982E-05 9.9982E-05 0.0865091
0.374069 9.99369E-05 9.99369E-05 9.99369E-05 0.444812 9.99369E-05 9.99369E-05 0.18042 9.99369E-05 9.99369E-05
9.99459E-05 9.99459E-05 9.99459E-05 9.99459E-05 0.0114764 9.99459E-05 9.99459E-05 0.077171 0.398553 0.5122
0.391987 9.99639E-05 0.0293574 0.0307432 0.178468 0.3209 9.99639E-05 0.0481444 9.99639E-05 9.99639E-05
0.416252 0.036276 9.99459E-05 9.99459E-05 0.516848 0.0300252 9.99459E-05 9.99459E-05 9.99459E-05 9.99459E-05
0.481346 9.99549E-05 9.99549E-05 9.99549E-05 0.469203 9.99549E-05 0.00357867 9.99549E-05 0.0110232 0.0343498
0.090868 0.268617 9.9955E-05 9.9955E-05 0.290382 9.9955E-05 9.9955E-05 0.035441 0.314193 9.9955E-05
9.9937E-05 9.9937E-05 9.9937E-05 0.814473 9.9937E-05 9.9937E-05 0.00344173 9.9937E-05 9.9937E-05 0.181385
9.99279E-05 0.174743 9.99279E-05 0.824458 9.99279E-05 9.99279E-05 9.99279E-05 9.99279E-05 9.99279E-05 9.99279E-05
9.99369E-05 9.99369E-05 9.99369E-05 0.899966 0.0614195 9.99369E-05 0.0379153 9.99369E-05 9.99369E-05 9.99369E-05
9.99279E-05 0.36091 9.99279E-05 0.638291 9.99279E-05 9.99279E-05 9.99279E-05 9.99279E-05 9.99279E-05 9.99279E-05
9.99459E-05 0.0960138 9.99459E-05 0.716812 9.99459E-05 9.99459E-05 9.99459E-05 9.99459E-05 0.0564437 0.130131
0.250136 9.99549E-05 0.173681 0.485344 0.0854512 9.99549E-05 9.99549E-05 0.00488867 9.99549E-05 9.99549E-05
9.99549E-05 9.99549E-05 0.130743 0.409201 9.99549E-05 9.99549E-05 9.99549E-05 0.0638131 0.273498 0.122246
9.99369E-05 9.99369E-05 0.207515 0.250539 9.99369E-05 0.541246 9.99369E-05 9.99369E-05 9.99369E-05 9.99369E-05
9.9964E-05 0.0758282 0.0984293 0.375947 9.9964E-05 9.9964E-05 0.123173 9.9964E-05 0.181486 0.144737
9.994E-05 9.994E-05 9.994E-05 0.854328 0.0498124 0.0392024 0.0560571 9.994E-05 9.994E-05 9.994E-05
9.99369E-05 0.157092 9.99369E-05 0.840826 9.99369E-05 9.99369E-05 9.99369E-05 9.99369E-05 9.99369E-05 0.0013824
0.105659 0.1314 9.99461E-05 0.604091 9.99461E-05 0.15825 9.99461E-05 9.99461E-05 9.99461E-05 9.99461E-05
9.99666E-05 9.99666E-05 0.429866 0.272545 0.11818 0.0812996 0.0876671 0.0100428 9.99666E-05 9.99666E-05
0.139669 9.99368E-05 9.99368E-05 0.596092 9.99368E-05 0.263539 9.99368E-05 9.99368E-05 9.99368E-05 9.99368E-05
0.180824 9.99369E-05 9.99369E-05 0.689098 0.129378 9.99369E-05 9.99369E-05 9.99369E-05 9.99369E-05 9.99369E-05
9.99459E-05 0.147215 9.99459E-05 0.827076 9.99459E-05 9.99459E-05 9.99459E-05 0.016664 9.99459E-05 0.00844506
9.99459E-05 0.0308243 9.99459E-05 0.734803 9.99459E-05 9.99459E-05 9.99459E-05 9.99459E-05 0.003404 0.230369
9.99279E-05 9.99279E-05 9.99279E-05 0.685911 9.99279E-05 9.99279E-05 9.99279E-05 9.99279E-05 9.99279E-05 0.313289
9.99369E-05 0.284329 9.99369E-05 0.663907 9.99369E-05 9.99369E-05 9.99369E-05 9.99369E-05 0.0510645 9.99369E-05
9.99459E-05 0.0252042 0.828858 9.99459E-05 0.143058 9.99459E-05 9.99459E-05 9.99459E-05 0.00227943 9.99459E-05
9.9937E-05 9.9937E-05 0.659654 9.9937E-05 9.9937E-05 0.298859 0.0407873 9.9937E-05 9.9937E-05 9.9937E-05
0.160626 9.9946E-05 0.384448 0.0924283 9.9946E-05 0.361899 9.9946E-05 9.9946E-05 9.9946E-05 9.9946E-05
9.9955E-05 0.339997 0.51521 0.0200632 9.9955E-05 0.0897561 0.0344744 9.9955E-05 9.9955E-05 9.9955E-05
9.99459E-05 9.99459E-05 0.550293 0.279211 0.154198 0.0156987 9.99459E-05 9.99459E-05 9.99459E-05 9.99459E-05
0.228268 9.9955E-05 0.555078 0.0847667 9.9955E-05 0.0905938 9.9955E-05 0.0407935 9.9955E-05 9.9955E-05
9.9946E-05 0.0803663 0.264948 0.127623 9.9946E-05 9.9946E-05 9.9946E-05 9.9946E-05 0.526463 9.9946E-05
9.99369E-05 9.99369E-05 0.55261 9.99369E-05 9.99369E-05 9.99369E-05 9.99369E-05 9.99369E-05 0.314197 0.132494
0.21817 9.99459E-05 0.369603 0.184787 9.99459E-05 0.22684 9.99459E-05 9.99459E-05 9.99459E-05 9.99459E-05
9.99549E-05 9.99549E-05 0.807736 9.99549E-05 0.117284 9.99549E-05 0.00814942 0.0180916 9.99549E-05 0.0482396
9.9928E-05 9.9928E-05 0.33585 9.9928E-05 9.9928E-05 0.663351 9.9928E-05 9.9928E-05 9.9928E-05 9.9928E-05
9.9955E-05 0.0485442 0.70815 9.9955E-05 0.0116525 9.9955E-05 9.9955E-05 9.9955E-05 0.177996 0.0531572
9.9937E-05 9.9937E-05 0.686798 9.9937E-05 9.9937E-05 0.284325 0.0281776 9.9937E-05 9.9937E-05 9.9937E-05
9.9973E-05 0.26842 0.527589 0.0662737 9.9973E-05 0.00415053 0.106493 0.0079614 9.9973E-05 0.0188126
9.99549E-05 9.99549E-05 0.392629 0.128169 9.99549E-05 9.99549E-05 9.99549E-05 0.0550287 0.101115 0.322558
9.9946E-05 9.9946E-05 0.51218 9.9946E-05 9.9946E-05 9.9946E-05 9.9946E-05 0.0363659 0.137004 0.31385
9.9964E-05 0.329206 0.357789 0.0771304 9.9964E-05 0.0265336 9.9964E-05 9.9964E-05 0.203779 0.0051623
9.9946E-05 0.372647 0.0204578 0.46165 9.9946E-05 9.9946E-05 9.9946E-05 9.9946E-05 0.144646 9.9946E-05
0.034147 9.99549E-05 0.763783 9.99549E-05 0.0471305 0.113492 0.0409476 9.99549E-05 9.99549E-05 9.99549E-05
9.997E-05 0.0840072 0.606481 0.0742504 9.997E-05 0.121619 0.032721 0.00372715 9.997E-05 0.0768944
9.99369E-05 9.99369E-05 0.686772 9.99369E-05 9.99369E-05 0.287621 0.0249077 9.99369E-05 9.99369E-05 9.99369E-05
9.99459E-05 0.0579875 0.727312 9.99459E-05 9.99459E-05 9.99459E-05 9.99459E-05 9.99459E-05 0.0853209 0.12878
9.995E-05 9.995E-05 0.68261 0.0531992 0.0636131 9.995E-05 9.995E-05 9.995E-05 0.0937196 0.106359
9.99369E-05 9.99369E-05 0.666567 9.99369E-05 9.99369E-05 9.99369E-05 9.99369E-05 9.99369E-05 0.207888 0.124845
0.12447 9.996E-05 0.503913 0.0836191 0.053009 0.114968 0.119621 9.996E-05 9.996E-05 9.996E-05
9.99459E-05 0.450361 0.520016 0.0237218 9.99459E-05 9.99459E-05 9.99459E-05 9.99459E-05 0.00530195 9.99459E-05
0.556744 9.99279E-05 0.442456 9.99279E-05 9.99279E-05 9.99279E-05 9.99279E-05 9.99279E-05 9.99279E-05 9.99279E-05
9.996E-05 9.996E-05 0.327458 0.178747 0.121243 9.996E-05 9.996E-05 0.0403606 0.130194 0.201599
9.99459E-05 0.108149 0.597714 9.99459E-05 9.99459E-05 9.99459E-05 9.99459E-05 9.99459E-05 0.27636 0.0171777
9.9937E-05 9.9937E-05 0.545399 9.9937E-05 9.9937E-05 9.9937E-05 9.9937E-05 9.9937E-05 0.165758 0.288143
0.0603215 9.99639E-05 0.397489 0.214339 0.0951139 9.99639E-05 9.99639E-05 0.012251 0.220086 9.99639E-05
9.99549E-05 9.99549E-05 0.331486 0.384687 0.213971 9.99549E-05 0.00409822 0.0652587 9.99549E-05 9.99549E-05
9.99459E-05 9.99459E-05 0.266713 0.275411 9.99459E-05 0.423898 0.0333787 9.99459E-05 9.99459E-05 9.99459E-05
0.390262 9.99369E-05 0.476962 9.99369E-05 9.99369E-05 0.132077 9.99369E-05 9.99369E-05 9.99369E-05 9.99369E-05
9.99369E-05 0.170771 9.99369E-05 0.637967 9.99369E-05 9.99369E-05 9.99369E-05 9.99369E-05 0.190562 9.99369E-05
0.192777 9.99368E-05 0.639108 9.99368E-05 9.99368E-05 0.167415 9.99368E-05 9.99368E-05 9.99368E-05 9.99368E-05
9.99549E-05 9.99549E-05 0.604195 0.0480233 9.99549E-05 9.99549E-05 9.99549E-05 0.0147729 0.200999 0.13151
9.9964E-05 0.065964 0.232435 0.258387 9.9964E-05 9.9964E-05 9.9964E-05 0.0546464 0.25001 0.138158
0.158742 9.99368E-05 9.99368E-05 0.738707 9.99368E-05 0.101852 9.99368E-05 9.99368E-05 9.99368E-05 9.99368E-05
0.206934 9.994E-05 0.200865 0.214068 9.994E-05 0.377533 9.994E-05 9.994E-05 9.994E-05 9.994E-05
0.163957 9.99549E-05 0.0126149 0.753215 0.0300284 0.0396847 9.99549E-05 9.99549E-05 9.99549E-05 9.99549E-05
9.99639E-05 9.99639E-05 0.307151 0.41796 0.102286 0.0163162 0.124292 0.0315956 9.99639E-05 9.99639E-05
9.9946E-05 9.9946E-05 0.257565 0.171669 9.9946E-05 0.519202 0.0509642 9.9946E-05 9.9946E-05 9.9946E-05
9.99459E-05 0.347405 0.453116 0.198076 9.99459E-05 9.99459E-05 9.99459E-05 0.000802926 9.99459E-05 9.99459E-05
9.99459E-05 0.221297 0.737915 9.99459E-05 9.99459E-05 0.0317685 0.00842022 9.99459E-05 9.99459E-05 9.99459E-05
9.9955E-05 0.282469 0.481128 0.118821 9.9955E-05 0.0592942 9.9955E-05 9.9955E-05 9.9955E-05 0.0577884
0.169689 9.99369E-05 0.627334 9.99369E-05 9.99369E-05 0.202277 9.99369E-05 9.99369E-05 9.99369E-05 9.99369E-05
9.99549E-05 0.000427827 0.617326 0.0934615 9.99549E-05 9.99549E-05 0.122803 9.99549E-05 9.99549E-05 0.165483
9.99369E-05 0.158707 0.586739 9.99369E-05 9.99369E-05 9.99369E-05 9.99369E-05 9.99369E-05 0.253854 9.99369E-05
0.277158 9.99549E-05 0.170851 0.394756 0.119187 9.99549E-05 9.99549E-05 0.0375488 9.99549E-05 9.99549E-05
0.515765 9.99369E-05 0.471695 0.011841 9.99369E-05 9.99369E-05 9.99369E-05 9.99369E-05 9.99369E-05 9.99369E-05
9.99459E-05 9.99459E-05 0.143481 0.412181 0.0629177 9.99459E-05 9.99459E-05 9.99459E-05 0.38082 9.99459E-05
0.463523 9.99278E-05 0.535677 9.99278E-05 9.99278E-05 9.99278E-05 9.99278E-05 9.99278E-05 9.99278E-05 9.99278E-05
0.490287 9.99369E-05 0.444797 0.0642162 9.99369E-05 9.99369E-05 9.99369E-05 9.99369E-05 9.99369E-05 9.99369E-05
9.99369E-05 9.99369E-05 0.26476 0.167369 9.99369E-05 9.99369E-05 9.99369E-05 9.99369E-05 0.567172 9.99369E-05
0.194586 9.99459E-05 0.615397 9.99459E-05 0.128505 9.99459E-05 9.99459E-05 9.99459E-05 0.0609122 9.99459E-05
0.164667 9.99639E-05 0.424992 0.166387 0.127518 9.99639E-05 9.99639E-05 0.0105464 0.10549 9.99639E-05
0.0455952 9.99459E-05 0.00677366 9.99459E-05 9.99459E-05 0.363412 0.583619 9.99459E-05 9.99459E-05 9.99459E-05
0.0849964 0.00632113 0.0683165 0.037254 9.9964E-05 0.190665 0.612047 9.9964E-05 9.9964E-05 9.9964E-05
0.0198963 0.183016 0.00289801 9.9955E-05 9.9955E-05 0.0293202 0.76437 9.9955E-05 9.9955E-05 9.9955E-05
0.0396909 9.9946E-05 9.9946E-05 9.9946E-05 9.9946E-05 9.9946E-05 0.49127 0.00246673 0.465973 9.9946E-05
0.0938191 9.99459E-05 9.99459E-05 9.99459E-05 9.99459E-05 0.32108 0.578648 0.005853 9.99459E-05 9.99459E-05
9.99549E-05 0.0395476 9.99549E-05 0.0128418 0.573507 9.99549E-05 0.172306 9.99549E-05 0.201299 9.99549E-05
0.620509 9.99278E-05 9.99278E-05 9.99278E-05 9.99278E-05 9.99278E-05 0.378692 9.99278E-05 9.99278E-05 9.99278E-05
0.0307831 9.99369E-05 9.99369E-05 9.99369E-05 9.99369E-05 0.267069 0.701448 9.99369E-05 9.99369E-05 9.99369E-05
0.104955 9.99549E-05 9.99549E-05 0.0497091 0.126448 9.99549E-05 0.66754 0.0508482 9.99549E-05 9.99549E-05
9.9955E-05 0.0183766 9.9955E-05 0.0303678 9.9955E-05 9.9955E-05 0.585633 9.9955E-05 0.0943374 0.270785
9.9937E-05 9.9937E-05 9.9937E-05 9.9937E-05 9.9937E-05 0.630022 0.27433 0.0949489 9.9937E-05 9.9937E-05
0.0728139 9.99459E-05 9.99459E-05 9.99459E-05 9.99459E-05 9.99459E-05 0.411936 0.0286138 9.99459E-05 0.486036
0.119207 9.99459E-05 9.99459E-05 9.99459E-05 0.0368519 0.138109 0.705232 9.99459E-05 9.99459E-05 9.99459E-05
9.99549E-05 9.99549E-05 0.0505029 9.99549E-05 0.315986 9.99549E-05 0.510532 9.99549E-05 0.00807078 0.114408
9.99549E-05 9.99549E-05 9.99549E-05 0.05575 0.144287 0.0884978 0.643208 0.0677572 9.99549E-05 9.99549E-05
0.318972 9.99549E-05 9.99549E-05 0.0305708 0.341572 0.0717731 0.236612 9.99549E-05 9.99549E-05 9.99549E-05
9.99549E-05 0.0989262 0.0242783 9.99549E-05 9.99549E-05 9.99549E-05 0.439128 9.99549E-05 0.322425 0.114742
0.0491214 0.566445 9.99549E-05 0.000838235 9.99549E-05 9.99549E-05 0.354975 9.99549E-05 0.0281203 9.99549E-05
0.02427 9.9973E-05 0.100222 0.0898973 0.0600005 0.0720376 0.588953 0.0643195 9.9973E-05 9.9973E-05
0.32791 9.99459E-05 9.99459E-05 9.99459E-05 0.00669592 0.0262926 0.638502 9.99459E-05 9.99459E-05 9.99459E-05
9.9946E-05 9.9946E-05 9.9946E-05 0.0622414 9.9946E-05 9.9946E-05 0.756675 0.0691203 9.9946E-05 0.111364
9.99279E-05 0.331208 9.99279E-05 9.99279E-05 9.99279E-05 9.99279E-05 0.667993 9.99279E-05 9.99279E-05 9.99279E-05
9.9973E-05 0.0544686 9.9973E-05 0.0284488 0.324895 9.9973E-05 0.0597532 0.0615188 0.290513 0.180103
0.336185 9.99278E-05 9.99278E-05 9.99278E-05 9.99278E-05 9.99278E-05 9.99278E-05 0.663015 9.99278E-05 9.99278E-05
9.99549E-05 0.565619 0.0311439 9.99549E-05 0.2461 0.0473886 9.99549E-05 9.99549E-05 0.109249 9.99549E-05
9.99459E-05 9.99459E-05 9.99459E-05 0.0260945 0.724556 0.219342 9.99459E-05 0.0294085 9.99459E-05 9.99459E-05
9.99278E-05 9.99278E-05 9.99278E-05 9.99278E-05 9.99278E-05 0.5478 9.99278E-05 0.451401 9.99278E-05 9.99278E-05
9.99549E-05 0.214795 9.99549E-05 9.99549E-05 0.258809 9.99549E-05 9.99549E-05 0.00210728 0.0943889 0.429399
9.99459E-05 9.99459E-05 9.99459E-05 0.0165104 9.99459E-05 0.0411288 9.99459E-05 0.691842 9.99459E-05 0.249919
0.0713481 0.0543152 0.125805 9.9973E-05 0.66755 9.9973E-05 0.0434264 0.00649654 0.0307584 9.9973E-05
9.99279E-05 0.284421 9.99279E-05 9.99279E-05 9.99279E-05 9.99279E-05 9.99279E-05 0.714779 9.99279E-05 9.99279E-05
0.480193 0.0261047 9.99549E-05 9.99549E-05 0.04061 0.226466 9.99549E-05 0.226126 9.99549E-05 9.99549E-05
9.997E-05 0.100379 0.0323565 9.997E-05 0.116169 9.997E-05 0.0266557 0.191639 0.133877 0.398625
9.99369E-05 0.414163 9.99369E-05 9.99369E-05 9.99369E-05 9.99369E-05 9.99369E-05 0.562724 0.0224134 9.99369E-05
0.131613 9.99369E-05 9.99369E-05 9.99369E-05 9.99369E-05 0.498666 9.99369E-05 0.369022 9.99369E-05 9.99369E-05
9.99459E-05 0.11367 9.99459E-05 9.99459E-05 0.141843 9.99459E-05 9.99459E-05 9.99459E-05 0.403429 0.340457
9.99459E-05 0.282526 9.99459E-05 9.99459E-05 9.99459E-05 9.99459E-05 9.99459E-05 0.580564 0.126813 0.00949728
0.0784227 0.409489 9.99549E-05 9.99549E-05 0.277591 9.99549E-05 9.99549E-05 9.99549E-05 0.00626095 0.227737
9.99279E-05 9.99279E-05 9.99279E-05 9.99279E-05 9.99279E-05 0.566237 9.99279E-05 0.432964 9.99279E-05 9.99279E-05
9.99549E-05 0.422145 9.99549E-05 9.99549E-05 0.0671603 9.99549E-05 9.99549E-05 0.338704 0.0977675 0.0737232
9.9946E-05 9.9946E-05 9.9946E-05 9.9946E-05 0.252584 9.9946E-05 0.0798763 9.9946E-05 0.304734 0.362206
0.156671 9.99549E-05 9.99549E-05 0.0235459 0.654339 9.99549E-05 9.99549E-05 0.120679 0.0442657 9.99549E-05
9.99641E-05 0.372021 9.99641E-05 0.0599206 0.201755 0.137849 0.109396 9.99641E-05 0.118658 9.99641E-05
9.9964E-05 0.467316 9.9964E-05 0.0564455 0.346603 0.0301547 9.9964E-05 0.0751519 9.9964E-05 0.0239283
0.0853825 9.994E-05 9.994E-05 9.994E-05 0.0488885 0.4369 9.994E-05 0.428229 9.994E-05 9.994E-05
0.147387 9.9973E-05 0.0239099 0.0617667 0.238249 9.9973E-05 9.9973E-05 0.170429 0.110159 0.247799
9.99639E-05 9.99639E-05 0.00272697 0.00692346 0.321781 9.99639E-05 0.00335649 0.644178 0.0206337 9.99639E-05
9.99639E-05 9.99639E-05 0.0494286 0.0537793 0.321465 0.298116 0.171793 0.105018 9.99639E-05 9.99639E-05
9.99729E-05 0.246428 0.0599525 9.99729E-05 0.109017 9.99729E-05 0.103902 0.213676 0.0639509 0.202774
9.9973E-05 9.9973E-05 0.0880745 0.00105192 0.0423007 0.0257318 0.441629 0.313877 9.9973E-05 0.0870352
0.0616348 0.0420503 0.0131054 0.0558977 9.9973E-05 0.780795 9.9973E-05 9.9973E-05 0.0436654 0.00255109
0.161956 9.997E-05 0.0178134 0.0432353 0.286626 0.0738725 0.138834 0.277363 9.997E-05 9.997E-05
0.248118 9.9982E-05 0.0198401 0.0278978 0.273806 0.232957 0.0888172 0.0855147 9.9982E-05 0.0228493
9.9964E-05 0.0114917 9.9964E-05 0.060507 0.0564347 0.172106 9.9964E-05 0.158433 9.9964E-05 0.540628
0.14482 9.99369E-05 9.99369E-05 9.99369E-05 0.312513 0.541967 9.99369E-05 9.99369E-05 9.99369E-05 9.99369E-05
9.99458E-05 0.398492 9.99458E-05 9.99458E-05 0.265388 9.99458E-05 9.99458E-05 9.99458E-05 0.0339083 0.301612
0.0014363 9.99459E-05 9.99459E-05 9.99459E-05 0.416089 0.515593 9.99459E-05 0.0662821 9.99459E-05 9.99459E-05
9.9955E-05 0.414009 9.9955E-05 9.9955E-05 0.00442212 0.170404 0.0628666 0.347798 9.9955E-05 9.9955E-05
0.017962 0.516132 9.99639E-05 9.99639E-05 0.0169039 9.99639E-05 0.151847 0.176011 9.99639E-05 0.120745
9.9964E-05 9.9964E-05 0.108189 0.0240628 0.370312 9.9964E-05 0.240024 0.227971 9.9964E-05 0.0290409
0.0431228 0.0330725 0.0555024 9.9973E-05 0.629631 9.9973E-05 0.178639 0.0389149 0.0208183 9.9973E-05
9.9964E-05 9.9964E-05 0.00808722 0.0847325 0.392589 0.070486 0.247013 0.196692 9.9964E-05 9.9964E-05
9.99639E-05 0.446072 9.99639E-05 9.99639E-05 0.266325 0.107917 0.164153 0.00405239 9.99639E-05 0.011082
0.0259369 9.9964E-05 9.9964E-05 9.9964E-05 0.130652 0.743241 0.0642074 9.9964E-05 0.0252117 0.010351
0.0177041 9.99459E-05 9.99459E-05 9.99459E-05 9.99459E-05 0.685791 0.0225925 0.273312 9.99459E-05 9.99459E-05
0.522539 9.99459E-05 0.0154745 9.99459E-05 0.21729 9.99459E-05 9.99459E-05 0.244097 9.99459E-05 9.99459E-05
9.99549E-05 9.99549E-05 0.0364681 0.0201666 0.0980469 0.639891 9.99549E-05 0.204928 9.99549E-05 9.99549E-05
9.9946E-05 9.9946E-05 9.9946E-05 9.9946E-05 9.9946E-05 0.818044 0.0239155 9.9946E-05 0.0395159 0.117925
0.546687 9.99459E-05 0.0856119 9.99459E-05 9.99459E-05 9.99459E-05 0.0128398 0.354262 9.99459E-05 9.99459E-05
0.205542 9.99549E-05 9.99549E-05 9.99549E-05 0.527777 0.174766 9.99549E-05 0.0615104 9.99549E-05 0.0299051
9.9946E-05 9.9946E-05 9.9946E-05 0.0236205 9.9946E-05 0.0813019 9.9946E-05 0.0273643 0.867114 9.9946E-05
0.0631345 0.137856 9.99639E-05 0.0033289 0.108565 9.99639E-05 9.99639E-05 9.99639E-05 0.56089 0.125827
0.419213 9.99549E-05 9.99549E-05 0.0233463 0.371345 9.99549E-05 9.99549E-05 9.99549E-05 0.172114 0.0134823
0.0713846 0.0289891 9.99549E-05 9.99549E-05 0.0662383 9.99549E-05 9.99549E-05 9.99549E-05 0.417161 0.415727
9.99639E-05 0.0258497 9.99639E-05 9.99639E-05 0.00515567 0.0426486 0.00758704 9.99639E-05 0.804588 0.113772
0.0814218 0.502696 9.995E-05 0.0663303 0.0613561 9.995E-05 9.995E-05 9.995E-05 0.287696 9.995E-05
0.0516056 0.254452 9.99549E-05 9.99549E-05 0.0937683 9.99549E-05 9.99549E-05 9.99549E-05 0.547532 0.0521424
0.663208 9.996E-05 9.996E-05 0.0263734 0.129093 0.0285164 9.996E-05 9.996E-05 0.148818 0.00359122
0.407117 9.9937E-05 9.9937E-05 9.9937E-05 9.9937E-05 0.425677 9.9937E-05 0.166506 9.9937E-05 9.9937E-05
0.0417326 9.99549E-05 0.0474588 9.99549E-05 0.34979 9.99549E-05 0.0785198 9.99549E-05 0.481999 9.99549E-05
0.89081 9.9937E-05 9.9937E-05 9.9937E-05 9.9937E-05 9.9937E-05 0.0382541 9.9937E-05 0.0702368 9.9937E-05
0.493917 9.9955E-05 0.0534108 0.084635 0.267427 9.9955E-05 9.9955E-05 9.9955E-05 0.10011 9.9955E-05
0.238465 9.99549E-05 9.99549E-05 9.99549E-05 0.393742 9.99549E-05 0.00237624 9.99549E-05 0.306541 0.0583758
0.655474 9.99459E-05 9.99459E-05 9.99459E-05 0.200803 0.0538759 9.99459E-05 0.0892469 9.99459E-05 9.99459E-05
0.499346 9.9955E-05 9.9955E-05 9.9955E-05 0.159259 0.0439654 0.0600319 9.9955E-05 0.236898 9.9955E-05
0.00722446 9.9973E-05 0.0426846 0.105787 0.223945 9.9973E-05 9.9973E-05 0.283701 0.297116 0.039242
0.467581 9.99639E-05 0.0418022 0.026576 0.238922 9.99639E-05 9.99639E-05 9.99639E-05 0.106171 0.118548
0.389312 9.994E-05 9.994E-05 9.994E-05 0.150082 9.994E-05 0.150969 9.994E-05 0.309038 9.994E-05
9.99369E-05 9.99369E-05 9.99369E-05 9.99369E-05 0.0685915 9.99369E-05 9.99369E-05 9.99369E-05 0.339494 0.591215
0.0188345 9.9973E-05 0.0108849 9.9973E-05 0.445465 0.00446362 0.0297345 9.9973E-05 0.449555 0.0407623
0.73953 0.00357466 0.00985781 9.9973E-05 0.00106633 0.143073 9.9973E-05 9.9973E-05 0.0311528 0.0714458
0.510645 0.0369308 0.0138357 9.99549E-05 0.425892 9.99549E-05 0.0121967 9.99549E-05 9.99549E-05 9.99549E-05
0.600596 9.99369E-05 9.99369E-05 9.99369E-05 9.99369E-05 0.278016 9.99369E-05 0.120688 9.99369E-05 9.99369E-05
9.99459E-05 0.0179512 9.99459E-05 9.99459E-05 0.315208 9.99459E-05 9.99459E-05 9.99459E-05 0.518886 0.147356
9.9955E-05 9.9955E-05 0.0179519 0.0299425 0.609541 9.9955E-05 9.9955E-05 0.0383822 0.303683 9.9955E-05
0.70193 9.99459E-05 9.99459E-05 9.99459E-05 0.0683894 0.132695 9.99459E-05 0.0963858 9.99459E-05 9.99459E-05
9.9964E-05 0.0938898 0.00163704 9.9964E-05 9.9964E-05 9.9964E-05 0.0477406 0.291824 0.415547 0.148962
9.99459E-05 9.99459E-05 9.99459E-05 0.00182348 9.99459E-05 9.99459E-05 9.99459E-05 0.436909 0.0423345 0.518334
0.213383 9.9964E-05 0.0575259 0.0870377 0.300878 0.315767 9.9964E-05 0.0250089 9.9964E-05 9.9964E-05
0.0121028 9.99639E-05 9.99639E-05 0.0457342 0.023046 0.193407 0.116334 0.608976 9.99639E-05 9.99639E-05
0.0351993 9.9955E-05 9.9955E-05 0.079243 9.9955E-05 9.9955E-05 9.9955E-05 0.195573 0.286697 0.402788
9.99369E-05 0.153588 9.99369E-05 9.99369E-05 9.99369E-05 9.99369E-05 9.99369E-05 0.411465 0.434247 9.99369E-05
9.9955E-05 0.11345 0.0270342 9.9955E-05 9.9955E-05 9.9955E-05 9.9955E-05 0.297095 0.381592 0.180329
9.9928E-05 9.9928E-05 9.9928E-05 9.9928E-05 9.9928E-05 0.715376 9.9928E-05 0.283824 9.9928E-05 9.9928E-05
0.363525 9.9946E-05 9.9946E-05 0.00760066 0.239198 9.9946E-05 9.9946E-05 0.389076 9.9946E-05 9.9946E-05
9.99639E-05 9.99639E-05 0.0419173 9.99639E-05 0.186417 9.99639E-05 0.362551 0.200527 0.0569574 0.151231
9.99549E-05 9.99549E-05 9.99549E-05 9.99549E-05 0.00744211 9.99549E-05 0.021206 0.342888 0.27636 0.351604
0.0457061 9.9973E-05 0.000136501 0.0106249 0.0889403 0.555559 0.086914 0.211819 9.9973E-05 9.9973E-05
0.165862 9.9955E-05 9.9955E-05 0.0536296 0.539033 9.9955E-05 9.9955E-05 0.177089 0.063887 9.9955E-05
0.365091 9.99639E-05 0.00283991 0.00675136 0.268371 9.99639E-05 9.99639E-05 0.288577 0.0679694 9.99639E-05
9.99549E-05 9.99549E-05 9.99549E-05 0.00601901 0.181183 9.99549E-05 0.352298 0.378481 9.99549E-05 0.0815188
0.388398 9.99369E-05 9.99369E-05 9.99369E-05 0.439114 9.99369E-05 0.171789 9.99369E-05 9.99369E-05 9.99369E-05
0.0628467 9.996E-05 0.0371536 9.996E-05 0.281133 9.996E-05 0.0697332 9.996E-05 0.282662 0.266072
9.99639E-05 9.99639E-05 0.00645187 9.99639E-05 0.577654 9.99639E-05 0.0127371 0.199267 0.0709079 0.132583
9.9955E-05 0.19426 9.9955E-05 0.00944787 9.9955E-05 9.9955E-05 9.9955E-05 0.28391 0.216736 0.295147
0.421314 9.99549E-05 0.134083 0.014831 9.99549E-05 0.0355205 9.99549E-05 0.393752 9.99549E-05 9.99549E-05
0.000181995 9.99639E-05 0.0109805 9.99639E-05 0.030693 9.99639E-05 9.99639E-05 0.287382 0.477497 0.192865
0.0333376 0.409577 9.99639E-05 9.99639E-05 0.0889369 9.99639E-05 9.99639E-05 0.1945 0.262353 0.0108961
0.621781 9.99369E-05 9.99369E-05 9.99369E-05 9.99369E-05 0.162106 9.99369E-05 0.215414 9.99369E-05 9.99369E-05
0.323138 9.99459E-05 9.99459E-05 9.99459E-05 0.375547 9.99459E-05 9.99459E-05 9.99459E-05 0.0977669 0.202949
0.544356 9.995E-05 0.0353629 9.995E-05 0.226533 9.995E-05 9.995E-05 0.166486 0.026762 9.995E-05
9.995E-05 9.995E-05 9.995E-05 0.0160405 9.995E-05 0.0307823 9.995E-05 0.0596909 0.789006 0.10398
0.0282686 0.282789 0.178956 0.0901007 0.00198828 0.0711367 0.0208855 9.9982E-05 0.325676 9.9982E-05
9.99639E-05 0.00403251 0.0672608 9.99639E-05 0.188764 9.99639E-05 9.99639E-05 0.0512898 0.589064 0.0991896
0.71326 9.99369E-05 9.99369E-05 9.99369E-05 9.99369E-05 0.075119 9.99369E-05 0.210921 9.99369E-05 9.99369E-05
0.021068 0.0451509 0.0350983 9.9964E-05 0.286752 9.9964E-05 9.9964E-05 0.0109551 0.600576 9.9964E-05
0.0325725 9.9973E-05 9.9973E-05 0.0127672 0.0117766 9.9973E-05 0.100263 0.0973202 0.708396 0.0366047
9.9955E-05 9.9955E-05 9.9955E-05 9.9955E-05 9.9955E-05 0.0198245 0.072051 0.0299285 0.620187 0.257509
0.836487 9.9946E-05 9.9946E-05 9.9946E-05 9.9946E-05 0.0243289 0.102609 9.9946E-05 9.9946E-05 0.0359758
0.306425 9.99729E-05 9.99729E-05 0.00458426 0.340751 9.99729E-05 0.0139469 0.0946419 0.212737 0.0266143
0.107575 0.0575198 9.997E-05 0.030025 9.997E-05 0.0161958 9.997E-05 0.0133293 0.338888 0.436167
0.431565 0.0036261 0.0404094 9.9982E-05 0.00531065 0.0902083 0.0489026 0.213389 0.166389 9.9982E-05
9.9982E-05 0.0217964 9.9982E-05 0.00835493 0.028947 0.0362953 0.0332714 0.0105834 0.801226 0.0593253
0.07947 0.462126 9.9955E-05 9.9955E-05 0.268334 0.163257 0.0263129 9.9955E-05 9.9955E-05 9.9955E-05
0.296594 9.99549E-05 0.00547753 9.99549E-05 9.99549E-05 9.99549E-05 0.104727 0.149718 0.442984 9.99549E-05
0.745999 9.9937E-05 9.9937E-05 9.9937E-05 9.9937E-05 0.172094 9.9937E-05 0.0812069 9.9937E-05 9.9937E-05
0.105184 9.9964E-05 0.00180391 0.0409416 0.507837 9.9964E-05 9.9964E-05 0.113825 0.230008 9.9964E-05
0.0259159 9.99819E-05 0.00252679 0.0518667 0.3802 0.180803 0.207754 0.126077 9.99819E-05 0.0246571
9.9964E-05 9.9964E-05 9.9964E-05 0.00911117 0.206843 0.667548 0.0835794 0.0266567 9.9964E-05 0.00586209
0.12923 9.99639E-05 0.0580188 9.99639E-05 0.722954 9.99639E-05 0.0283325 0.0512958 0.00976918 9.99639E-05
0.451605 9.99368E-05 9.99368E-05 9.99368E-05 9.99368E-05 9.99368E-05 0.468009 0.0796869 9.99368E-05 9.99368E-05
0.227864 9.99639E-05 9.99639E-05 9.99639E-05 0.45809 0.0172851 9.99639E-05 0.173693 0.00111025 0.121558
9.99549E-05 0.305549 9.99549E-05 9.99549E-05 0.327539 9.99549E-05 9.99549E-05 0.0781059 0.085349 0.202957
9.99549E-05 9.99549E-05 9.99549E-05 0.0275802 0.0334127 0.626626 0.00643574 0.305446 9.99549E-05 9.99549E-05
9.996E-05 0.5316 0.01946 0.0235357 9.996E-05 0.0307329 9.996E-05 0.331828 0.0624433 9.996E-05
9.99639E-05 0.0301686 9.99639E-05 0.00283838 0.167909 9.99639E-05 0.358249 9.99639E-05 0.384881 0.0555545
9.9964E-05 0.032094 9.9964E-05 0.0056238 0.0269457 0.10479 0.100506 9.9964E-05 9.9964E-05 0.72964
9.99549E-05 9.99549E-05 9.99549E-05 9.99549E-05 0.157804 0.6152 0.200718 9.99549E-05 0.00504302 0.0207363
0.243319 9.99549E-05 9.99549E-05 9.99549E-05 0.0764188 0.574328 0.0810451 0.0243888 9.99549E-05 9.99549E-05
0.0923393 0.360021 9.9955E-05 9.9955E-05 9.9955E-05 9.9955E-05 9.9955E-05 0.219374 0.0654295 0.262337
0.219814 9.9955E-05 0.0621846 0.0134337 0.652577 9.9955E-05 9.9955E-05 9.9955E-05 9.9955E-05 0.0514909
9.99639E-05 9.99639E-05 0.0258371 0.0273637 0.588032 0.0733661 0.24182 0.0431804 9.99639E-05 9.99639E-05
0.277179 9.99369E-05 9.99369E-05 9.99369E-05 9.99369E-05 0.610522 0.111599 9.99369E-05 9.99369E-05 9.99369E-05
9.9964E-05 9.9964E-05 9.9964E-05 0.0124429 0.304851 0.154354 0.278577 0.0972973 9.9964E-05 0.152078
9.997E-05 0.312228 9.997E-05 0.0625771 0.244385 0.0319094 0.0824835 0.187531 9.997E-05 0.0785861
0.00226247 9.99549E-05 9.99549E-05 9.99549E-05 0.134442 9.99549E-05 9.99549E-05 0.0226107 0.370703 0.469482
9.9946E-05 9.9946E-05 9.9946E-05 9.9946E-05 0.289787 9.9946E-05 0.0982718 9.9946E-05 0.0181935 0.593148
9.99549E-05 0.34603 9.99549E-05 9.99549E-05 0.213373 0.0980709 0.268538 9.99549E-05 9.99549E-05 0.073488
0.788808 9.99459E-05 9.99459E-05 0.019821 9.99459E-05 9.99459E-05 0.0455788 9.99459E-05 0.145193 9.99459E-05
0.0551953 9.995E-05 9.995E-05 9.995E-05 0.0498095 9.995E-05 0.0853066 9.995E-05 0.779284 0.0299049
0.735708 0.00505957 9.9955E-05 9.9955E-05 0.0412167 9.9955E-05 0.105255 9.9955E-05 0.112261 9.9955E-05
0.335318 9.99549E-05 9.99549E-05 9.99549E-05 0.298969 9.99549E-05 0.180096 0.0283922 0.156725 9.99549E-05
9.99459E-05 9.99459E-05 9.99459E-05 0.0280049 0.219675 9.99459E-05 9.99459E-05 0.0469991 0.704721 9.99459E-05
0.808458 9.9946E-05 9.9946E-05 0.0115553 9.9946E-05 0.155386 9.9946E-05 9.9946E-05 0.0240019 9.9946E-05
9.99549E-05 9.99549E-05 0.00880183 9.99549E-05 0.212409 0.447537 0.256992 9.99549E-05 9.99549E-05 0.0737604
0.452831 9.99639E-05 9.99639E-05 9.99639E-05 0.394999 0.0474749 0.00331319 0.0945058 9.99639E-05 0.00647644
9.9964E-05 9.9964E-05 9.9964E-05 0.0592326 0.00584499 0.10181 0.105661 0.0662905 9.9964E-05 0.660761
9.996E-05 9.996E-05 9.996E-05 0.0593095 0.292212 0.115366 0.0698339 0.198706 9.996E-05 0.264173
0.13912 9.99729E-05 0.000278323 0.0406287 0.160853 9.99729E-05 9.99729E-05 0.147074 0.0667563 0.44499
0.238298 9.99369E-05 9.99369E-05 9.99369E-05 9.99369E-05 0.552656 9.99369E-05 9.99369E-05 9.99369E-05 0.208347
0.112055 0.605514 9.9964E-05 9.9964E-05 0.0188973 9.9964E-05 9.9964E-05 0.0154125 0.0195592 0.228162
0.134013 9.997E-05 0.165599 0.0552146 0.420869 0.119168 0.0864573 9.997E-05 9.997E-05 0.0183785
0.0813393 0.115827 0.0475375 9.9982E-05 0.014271 9.9982E-05 0.105497 0.0463284 0.0140353 0.574965
0.0465525 0.415477 0.0160594 0.0219796 0.020419 0.0172054 0.0118887 9.9991E-05 0.125261 0.325057
0.025416 9.99639E-05 9.99639E-05 0.0285453 0.0462436 0.00798231 0.000817036 9.99639E-05 9.99639E-05 0.890596
9.99639E-05 9.99639E-05 0.0102746 0.0353691 0.0735384 9.99639E-05 9.99639E-05 0.0507099 0.119233 0.710475
0.0535342 9.99549E-05 0.0681398 0.0187436 9.99549E-05 0.0480985 9.99549E-05 9.99549E-05 9.99549E-05 0.810984
0.208641 9.99639E-05 0.0516177 0.0818865 0.4982 9.99639E-05 0.06264 9.99639E-05 9.99639E-05 0.0966147
0.545571 9.99639E-05 0.0565548 0.0137139 0.219592 9.99639E-05 0.0516854 0.112483 9.99639E-05 9.99639E-05
0.0692 0.562312 0.0341013 0.00569564 9.9982E-05 0.0385743 9.9982E-05 0.146504 0.0864828 0.0569298
9.9955E-05 9.9955E-05 0.000174434 9.9955E-05 9.9955E-05 0.207863 0.207568 0.00802458 9.9955E-05 0.575871
0.0177851 0.0423025 0.0655148 0.0602929 0.351328 0.269465 0.101447 0.0916644 9.998E-05 9.998E-05
9.9955E-05 9.9955E-05 9.9955E-05 0.045001 9.9955E-05 0.856774 9.9955E-05 0.0741886 0.0132912 0.010245
0.79001 9.9946E-05 9.9946E-05 9.9946E-05 0.0108218 0.150036 9.9946E-05 9.9946E-05 9.9946E-05 0.0485322
0.0768873 9.9973E-05 0.0106641 9.9973E-05 0.0436336 0.796329 9.9973E-05 0.0159853 0.0253846 0.0308162
