9.9937E-05 9.9937E-05 0.007904 9.9937E-05 9.9937E-05 0.272127 9.9937E-05 0.051394 0.288107 0.0216996 9.9937E-05 0.296591 9.9937E-05 0.0614778
9.99369E-05 9.99369E-05 0.0493539 0.159951 9.99369E-05 9.99369E-05 9.99369E-05 0.00531052 0.553417 0.00197634 9.99369E-05 0.207558 9.99369E-05 0.021733
9.99278E-05 9.99278E-05 0.0496797 0.0137308 9.99278E-05 9.99278E-05 0.558878 9.99278E-05 0.286559 9.99278E-05 0.0742213 9.99278E-05 9.99278E-05 0.0161316
9.99189E-05 9.99189E-05 9.99189E-05 9.99189E-05 9.99189E-05 0.203519 9.99189E-05 0.48157 9.99189E-05 9.99189E-05 9.99189E-05 0.191343 0.12062 0.00204903
9.99368E-05 0.00270688 0.0370052 9.99368E-05 9.99368E-05 9.99368E-05 9.99368E-05 0.175313 0.0119081 9.99368E-05 0.0462253 0.255182 0.47096 9.99368E-05
9.99459E-05 0.0590663 0.0278017 9.99459E-05 9.99459E-05 0.325986 0.0525436 9.99459E-05 0.273202 0.00536502 0.211598 0.0438369 9.99459E-05 9.99459E-05
9.99188E-05 9.99188E-05 9.99188E-05 9.99188E-05 0.0441586 0.116805 0.552535 0.0525856 0.233016 9.99188E-05 9.99188E-05 9.99188E-05 9.99188E-05 9.99188E-05
9.993E-05 0.000283357 9.993E-05 9.993E-05 9.993E-05 0.179682 0.176748 9.993E-05 0.347401 0.105164 0.129192 0.0608296 9.993E-05 9.993E-05
9.99369E-05 0.0141392 9.99369E-05 0.0233544 9.99369E-05 0.148466 9.99369E-05 0.425639 0.218112 0.0737799 9.99369E-05 0.0958103 9.99369E-05 9.99369E-05
9.99189E-05 9.99189E-05 9.99189E-05 9.99189E-05 0.122304 0.230611 0.341295 9.99189E-05 9.99189E-05 9.99189E-05 0.263932 9.99189E-05 9.99189E-05 0.0409587
9.99369E-05 9.99369E-05 0.0603057 0.385747 9.99369E-05 0.0948941 9.99369E-05 0.261203 0.0850011 9.99369E-05 0.0263571 0.0857929 9.99369E-05 9.99369E-05
0.0541239 9.99279E-05 9.99279E-05 0.14947 9.99279E-05 0.0864563 9.99279E-05 0.212166 9.99279E-05 9.99279E-05 0.158183 0.338802 9.99279E-05 9.99279E-05
9.99459E-05 0.0469206 0.196417 9.99459E-05 0.0993596 9.99459E-05 0.0345748 0.354304 0.191084 9.99459E-05 9.99459E-05 9.99459E-05 0.0695369 0.00720318
9.99279E-05 9.99279E-05 9.99279E-05 9.99279E-05 9.99279E-05 0.389295 0.380342 0.0032075 0.139511 0.0146174 0.0722289 9.99279E-05 9.99279E-05 9.99279E-05
9.99189E-05 9.99189E-05 9.99189E-05 0.480644 9.99189E-05 0.0497254 9.99189E-05 0.0480576 9.99189E-05 9.99189E-05 0.0360464 0.384627 9.99189E-05 9.99189E-05
9.99279E-05 0.0452258 9.99279E-05 9.99279E-05 0.263935 0.174107 0.385045 9.99279E-05 0.102774 9.99279E-05 9.99279E-05 9.99279E-05 9.99279E-05 0.0281133
9.99098E-05 9.99098E-05 9.99098E-05 9.99098E-05 9.99098E-05 0.215147 0.472609 0.0821603 0.229085 9.99098E-05 9.99098E-05 9.99098E-05 9.99098E-05 9.99098E-05
9.99188E-05 9.99188E-05 0.0144439 0.0603173 9.99188E-05 0.0995672 0.454385 9.99188E-05 0.370388 9.99188E-05 9.99188E-05 9.99188E-05 9.99188E-05 9.99188E-05
0.059065 9.9946E-05 0.0798565 9.9946E-05 9.9946E-05 0.0346274 0.11437 0.48844 0.0788334 0.0182419 9.9946E-05 0.125966 9.9946E-05 9.9946E-05
9.99098E-05 9.99098E-05 9.99098E-05 0.0163712 9.99098E-05 9.99098E-05 9.99098E-05 9.99098E-05 9.99098E-05 0.0253931 9.99098E-05 9.99098E-05 0.266561 0.690676
9.99009E-05 9.99009E-05 9.99009E-05 9.99009E-05 9.99009E-05 9.99009E-05 9.99009E-05 0.0352651 9.99009E-05 9.99009E-05 9.99009E-05 9.99009E-05 0.193287 0.770349
9.99008E-05 9.99008E-05 9.99008E-05 9.99008E-05 9.99008E-05 0.14012 9.99008E-05 9.99008E-05 9.99008E-05 9.99008E-05 9.99008E-05 9.99008E-05 0.0377075 0.821073
0.272287 9.99099E-05 9.99099E-05 9.99099E-05 9.99099E-05 9.99099E-05 9.99099E-05 0.0740198 9.99099E-05 9.99099E-05 9.99099E-05 9.99099E-05 0.0310384 0.621656
9.99099E-05 9.99099E-05 9.99099E-05 0.0923248 9.99099E-05 9.99099E-05 9.99099E-05 0.176637 9.99099E-05 0.0299806 9.99099E-05 9.99099E-05 9.99099E-05 0.700058
9.99278E-05 0.192647 9.99278E-05 9.99278E-05 9.99278E-05 0.115097 0.198338 9.99278E-05 0.0192931 0.0197227 9.99278E-05 9.99278E-05 9.99278E-05 0.454104
9.99278E-05 9.99278E-05 9.99278E-05 0.111077 9.99278E-05 9.99278E-05 9.99278E-05 0.0773968 9.99278E-05 0.367392 0.0514966 0.0948903 9.99278E-05 0.296948
9.99099E-05 0.231068 9.99099E-05 9.99099E-05 0.496552 9.99099E-05 0.00697613 9.99099E-05 9.99099E-05 9.99099E-05 9.99099E-05 9.99099E-05 9.99099E-05 0.264405
9.99008E-05 9.99008E-05 9.99008E-05 9.99008E-05 9.99008E-05 9.99008E-05 9.99008E-05 9.99008E-05 9.99008E-05 0.31076 9.99008E-05 9.99008E-05 0.579125 0.109016
9.99008E-05 9.99008E-05 0.0124742 9.99008E-05 9.99008E-05 0.178807 9.99008E-05 9.99008E-05 9.99008E-05 9.99008E-05 9.99008E-05 9.99008E-05 9.99008E-05 0.80762
0.0172742 9.99099E-05 9.99099E-05 9.99099E-05 9.99099E-05 9.99099E-05 9.99099E-05 0.121495 9.99099E-05 9.99099E-05 9.99099E-05 9.99099E-05 0.0210262 0.839206
0.123944 9.99281E-05 9.99281E-05 9.99281E-05 0.171131 9.99281E-05 0.0657456 9.99281E-05 0.0331071 0.0072522 9.99281E-05 9.99281E-05 9.99281E-05 0.59802
9.99278E-05 0.219988 0.0881151 9.99278E-05 0.0664798 0.152769 9.99278E-05 9.99278E-05 9.99278E-05 0.355566 9.99278E-05 9.99278E-05 9.99278E-05 0.116284
9.99008E-05 9.99008E-05 9.99008E-05 9.99008E-05 0.210863 9.99008E-05 0.161172 9.99008E-05 9.99008E-05 9.99008E-05 9.99008E-05 9.99008E-05 9.99008E-05 0.626866
9.99279E-05 0.0219369 9.99279E-05 9.99279E-05 9.99279E-05 0.0563893 0.158421 9.99279E-05 0.0880484 0.0173616 9.99279E-05 9.99279E-05 9.99279E-05 0.657043
9.98919E-05 9.98919E-05 9.98919E-05 9.98919E-05 9.98919E-05 9.98919E-05 9.98919E-05 0.175194 9.98919E-05 9.98919E-05 9.98919E-05 9.98919E-05 9.98919E-05 0.823607
9.99189E-05 9.99189E-05 9.99189E-05 0.119115 9.99189E-05 9.99189E-05 9.99189E-05 0.0394597 9.99189E-05 9.99189E-05 9.99189E-05 0.0210449 0.106535 0.712947
9.99009E-05 9.99009E-05 9.99009E-05 0.250733 9.99009E-05 9.99009E-05 9.99009E-05 9.99009E-05 9.99009E-05 9.99009E-05 9.99009E-05 9.99009E-05 0.105044 0.643123
0.219642 9.99099E-05 9.99099E-05 9.99099E-05 9.99099E-05 9.99099E-05 9.99099E-05 0.0506956 9.99099E-05 9.99099E-05 9.99099E-05 0.0506263 9.99099E-05 0.678038
9.99278E-05 0.791892 9.99278E-05 9.99278E-05 9.99278E-05 0.0781071 9.99278E-05 0.00529564 0.0473898 9.99278E-05 9.99278E-05 0.0530013 0.0235143 9.99278E-05
9.9901E-05 0.684059 0.0593671 9.9901E-05 0.255475 9.9901E-05 9.9901E-05 9.9901E-05 9.9901E-05 9.9901E-05 9.9901E-05 9.9901E-05 9.9901E-05 9.9901E-05
9.99279E-05 0.386983 9.99279E-05 9.99279E-05 0.301892 9.99279E-05 0.16847 9.99279E-05 9.99279E-05 0.0232672 0.0177431 9.99279E-05 9.99279E-05 0.100844
0.30898 0.411043 9.99189E-05 9.99189E-05 0.0632732 9.99189E-05 9.99189E-05 9.99189E-05 9.99189E-05 0.0736659 9.99189E-05 9.99189E-05 0.142139 9.99189E-05
9.99098E-05 0.548331 9.99098E-05 9.99098E-05 9.99098E-05 0.194104 9.99098E-05 9.99098E-05 0.00821495 9.99098E-05 9.99098E-05 9.99098E-05 9.99098E-05 0.248352
9.99369E-05 0.546482 0.0544154 0.030149 0.0408868 9.99369E-05 0.142961 9.99369E-05 9.99369E-05 9.99369E-05 0.0867448 9.99369E-05 9.99369E-05 0.0976621
0.193833 9.99009E-05 9.99009E-05 9.99009E-05 9.99009E-05 9.99009E-05 9.99009E-05 9.99009E-05 9.99009E-05 0.613902 9.99009E-05 0.191166 9.99009E-05 9.99009E-05
9.99189E-05 0.553954 9.99189E-05 0.0931115 9.99189E-05 9.99189E-05 9.99189E-05 0.0671562 9.99189E-05 0.00928674 9.99189E-05 0.275592 9.99189E-05 9.99189E-05
9.99098E-05 0.438881 9.99098E-05 9.99098E-05 0.186646 9.99098E-05 0.182051 9.99098E-05 9.99098E-05 9.99098E-05 9.99098E-05 9.99098E-05 9.99098E-05 0.191423
9.99098E-05 0.78101 9.99098E-05 0.0301923 9.99098E-05 0.152877 9.99098E-05 9.99098E-05 9.99098E-05 9.99098E-05 9.99098E-05 0.0349212 9.99098E-05 9.99098E-05
9.9892E-05 0.353488 9.9892E-05 9.9892E-05 0.645314 9.9892E-05 9.9892E-05 9.9892E-05 9.9892E-05 9.9892E-05 9.9892E-05 9.9892E-05 9.9892E-05 9.9892E-05
0.0334231 0.63733 9.9937E-05 0.0478825 9.9937E-05 9.9937E-05 9.9937E-05 9.9937E-05 0.0602548 0.039747 9.9937E-05 0.157613 0.0230497 9.9937E-05
9.99009E-05 0.707563 9.99009E-05 9.99009E-05 0.261898 9.99009E-05 9.99009E-05 9.99009E-05 9.99009E-05 9.99009E-05 9.99009E-05 9.99009E-05 0.02944 9.99009E-05
0.0634112 0.497989 9.9919E-05 9.9919E-05 9.9919E-05 9.9919E-05 9.9919E-05 0.0759702 9.9919E-05 9.9919E-05 9.9919E-05 9.9919E-05 0.31299 0.0487404
9.99278E-05 0.266377 9.99278E-05 0.318066 9.99278E-05 9.99278E-05 9.99278E-05 0.0826851 9.99278E-05 0.214413 0.0544741 9.99278E-05 9.99278E-05 0.0631854
9.99369E-05 0.432731 9.99369E-05 0.261407 9.99369E-05 9.99369E-05 9.99369E-05 0.0902714 0.0998452 0.0803208 0.0224431 0.012282 9.99369E-05 9.99369E-05
0.391937 0.251974 9.9937E-05 0.00624971 9.9937E-05 9.9937E-05 9.9937E-05 9.9937E-05 9.9937E-05 0.154951 9.9937E-05 0.0972762 0.0850313 0.0118822
0.408237 9.99099E-05 9.99099E-05 9.99099E-05 9.99099E-05 9.99099E-05 9.99099E-05 0.0573775 9.99099E-05 0.203476 9.99099E-05 9.99099E-05 9.99099E-05 0.32991
9.99188E-05 0.75143 0.0379018 9.99188E-05 0.0448077 0.136442 0.0285196 9.99188E-05 9.99188E-05 9.99188E-05 9.99188E-05 9.99188E-05 9.99188E-05 9.99188E-05
9.99189E-05 0.394081 9.99189E-05 9.99189E-05 0.0976251 9.99189E-05 9.99189E-05 0.00200457 9.99189E-05 0.236426 9.99189E-05 9.99189E-05 0.268964 9.99189E-05
9.99188E-05 0.679597 0.0271209 9.99188E-05 0.232405 0.0495663 9.99188E-05 9.99188E-05 9.99188E-05 0.0104123 9.99188E-05 9.99188E-05 9.99188E-05 9.99188E-05
9.99007E-05 0.631658 9.99007E-05 9.99007E-05 9.99007E-05 9.99007E-05 9.99007E-05 9.99007E-05 9.99007E-05 9.99007E-05 9.99007E-05 0.119519 0.247724 9.99007E-05
9.99549E-05 0.561268 9.99549E-05 0.0781051 9.99549E-05 0.0225079 9.99549E-05 0.0691772 0.0102436 0.165824 9.99549E-05 0.0554045 0.0219662 0.0150038
9.99189E-05 0.615283 9.99189E-05 0.107713 9.99189E-05 9.99189E-05 9.99189E-05 9.99189E-05 0.0762045 0.0480355 9.99189E-05 0.151865 9.99189E-05 9.99189E-05
9.99099E-05 0.247857 0.183004 9.99099E-05 0.179975 9.99099E-05 9.99099E-05 9.99099E-05 9.99099E-05 0.388165 9.99099E-05 9.99099E-05 9.99099E-05 9.99099E-05
0.475425 0.458686 9.99188E-05 9.99188E-05 9.99188E-05 9.99188E-05 9.99188E-05 9.99188E-05 9.99188E-05 0.00599312 9.99188E-05 0.0198553 9.99188E-05 0.0391409
9.99009E-05 0.377546 9.99009E-05 9.99009E-05 9.99009E-05 9.99009E-05 0.505177 9.99009E-05 9.99009E-05 0.116178 9.99009E-05 9.99009E-05 9.99009E-05 9.99009E-05
9.99368E-05 0.168229 9.99368E-05 0.150581 9.99368E-05 0.0304065 9.99368E-05 0.203424 0.0037297 0.380632 9.99368E-05 9.99368E-05 9.99368E-05 0.0622979
0.0429432 0.472306 9.99189E-05 9.99189E-05 9.99189E-05 9.99189E-05 9.99189E-05 9.99189E-05 9.99189E-05 0.061494 9.99189E-05 0.22382 0.198537 9.99189E-05
9.99189E-05 0.38002 9.99189E-05 0.135775 9.99189E-05 9.99189E-05 9.99189E-05 9.99189E-05 9.99189E-05 0.0984117 9.99189E-05 0.117007 0.267888 9.99189E-05
9.99368E-05 0.0298902 0.0117819 0.0108765 9.99368E-05 0.0691393 0.0593368 0.0153825 9.99368E-05 0.802893 9.99368E-05 9.99368E-05 9.99368E-05 9.99368E-05
9.99098E-05 0.104793 9.99098E-05 9.99098E-05 9.99098E-05 0.272591 9.99098E-05 9.99098E-05 9.99098E-05 0.429515 9.99098E-05 9.99098E-05 9.99098E-05 0.192101
9.99188E-05 0.00701363 0.000187288 9.99188E-05 0.438202 9.99188E-05 9.99188E-05 9.99188E-05 9.99188E-05 0.443962 9.99188E-05 9.99188E-05 9.99188E-05 0.109736
9.99189E-05 0.496595 9.99189E-05 9.99189E-05 0.0667736 9.99189E-05 0.420973 9.99189E-05 9.99189E-05 0.000304001 9.99189E-05 9.99189E-05 9.99189E-05 0.014455
0.21531 9.99009E-05 9.99009E-05 9.99009E-05 9.99009E-05 9.99009E-05 9.99009E-05 9.99009E-05 9.99009E-05 9.99009E-05 9.99009E-05 0.157901 9.99009E-05 0.62569
9.99098E-05 0.643559 0.047769 9.99098E-05 0.112518 9.99098E-05 0.195154 9.99098E-05 9.99098E-05 9.99098E-05 9.99098E-05 9.99098E-05 9.99098E-05 9.99098E-05
9.99188E-05 0.231925 9.99188E-05 0.041874 9.99188E-05 9.99188E-05 9.99188E-05 9.99188E-05 9.99188E-05 0.530194 9.99188E-05 0.0177641 0.177344 9.99188E-05
9.99099E-05 9.99099E-05 9.99099E-05 0.0512669 9.99099E-05 9.99099E-05 9.99099E-05 0.326303 9.99099E-05 0.534459 9.99099E-05 9.99099E-05 9.99099E-05 0.0869719
9.99008E-05 9.99008E-05 9.99008E-05 9.99008E-05 0.08431 9.99008E-05 0.185525 9.99008E-05 9.99008E-05 9.99008E-05 9.99008E-05 9.99008E-05 9.99008E-05 0.729066
9.991E-05 0.202201 9.991E-05 9.991E-05 0.327535 9.991E-05 0.245985 9.991E-05 9.991E-05 9.991E-05 9.991E-05 9.991E-05 9.991E-05 0.223279
9.99098E-05 0.0477493 9.99098E-05 9.99098E-05 9.99098E-05 0.0824879 0.147872 9.99098E-05 9.99098E-05 9.99098E-05 9.99098E-05 9.99098E-05 9.99098E-05 0.720892
9.99369E-05 0.102146 0.0249002 9.99369E-05 0.0312828 0.196737 9.99369E-05 9.99369E-05 9.99369E-05 0.36992 9.99369E-05 9.99369E-05 0.0196002 0.254714
9.9919E-05 0.203612 9.9919E-05 9.9919E-05 0.527994 9.9919E-05 9.9919E-05 9.9919E-05 9.9919E-05 0.0728212 9.9919E-05 9.9919E-05 0.0330108 0.161662
0.132459 0.407116 9.99189E-05 9.99189E-05 9.99189E-05 9.99189E-05 9.99189E-05 0.248853 9.99189E-05 0.00682216 9.99189E-05 9.99189E-05 9.99189E-05 0.203851
0.0135153 0.709793 9.99099E-05 9.99099E-05 9.99099E-05 9.99099E-05 9.99099E-05 0.146844 9.99099E-05 9.99099E-05 9.99099E-05 9.99099E-05 0.128849 9.99099E-05
0.0505475 0.446237 9.9946E-05 0.00371607 0.0650179 9.9946E-05 9.9946E-05 0.248264 9.9946E-05 0.0406228 9.9946E-05 9.9946E-05 0.0297825 0.115213
9.99008E-05 0.655706 9.99008E-05 9.99008E-05 0.141901 9.99008E-05 0.201295 9.99008E-05 9.99008E-05 9.99008E-05 9.99008E-05 9.99008E-05 9.99008E-05 9.99008E-05
9.99097E-05 0.479668 9.99097E-05 9.99097E-05 9.99097E-05 9.99097E-05 9.99097E-05 9.99097E-05 9.99097E-05 0.0748037 9.99097E-05 9.99097E-05 0.410804 0.0337259
0.110472 0.382379 9.99189E-05 9.99189E-05 9.99189E-05 9.99189E-05 9.99189E-05 0.107927 9.99189E-05 0.276419 9.99189E-05 0.121904 9.99189E-05 9.99189E-05
9.99098E-05 9.99098E-05 9.99098E-05 9.99098E-05 9.99098E-05 0.0977049 0.222606 9.99098E-05 9.99098E-05 0.476235 9.99098E-05 9.99098E-05 9.99098E-05 0.202455
9.99099E-05 0.343261 9.99099E-05 9.99099E-05 0.00813002 9.99099E-05 0.420345 9.99099E-05 9.99099E-05 0.227264 9.99099E-05 9.99099E-05 9.99099E-05 9.99099E-05
9.99098E-05 9.99098E-05 9.99098E-05 9.99098E-05 9.99098E-05 9.99098E-05 9.99098E-05 9.99098E-05 0.0956178 0.664941 9.99098E-05 0.0949484 9.99098E-05 0.143494
9.99007E-05 0.307454 9.99007E-05 9.99007E-05 9.99007E-05 9.99007E-05 0.33288 9.99007E-05 9.99007E-05 0.358567 9.99007E-05 9.99007E-05 9.99007E-05 9.99007E-05
9.99008E-05 0.20473 9.99008E-05 9.99008E-05 9.99008E-05 9.99008E-05 0.357579 9.99008E-05 9.99008E-05 0.436593 9.99008E-05 9.99008E-05 9.99008E-05 9.99008E-05
0.0324114 9.99098E-05 9.99098E-05 9.99098E-05 9.99098E-05 9.99098E-05 9.99098E-05 9.99098E-05 9.99098E-05 0.660874 9.99098E-05 0.270638 0.0350774 9.99098E-05
9.99098E-05 0.432052 9.99098E-05 9.99098E-05 9.99098E-05 9.99098E-05 0.0583485 9.99098E-05 0.235547 0.273054 9.99098E-05 9.99098E-05 9.99098E-05 9.99098E-05
9.99279E-05 0.171101 9.99279E-05 9.99279E-05 9.99279E-05 0.0707115 0.0995544 9.99279E-05 0.106532 0.548102 9.99279E-05 9.99279E-05 9.99279E-05 0.00319915
9.99009E-05 0.00024285 0.617242 9.99009E-05 0.381416 9.99009E-05 9.99009E-05 9.99009E-05 9.99009E-05 9.99009E-05 9.99009E-05 9.99009E-05 9.99009E-05 9.99009E-05
0.00503693 0.0852302 0.600781 9.9937E-05 0.193267 0.0591673 9.9937E-05 9.9937E-05 9.9937E-05 9.9937E-05 9.9937E-05 0.00233757 9.9937E-05 0.0534809
0.155473 0.00813855 0.758385 9.9919E-05 0.0197388 9.9919E-05 9.9919E-05 9.9919E-05 9.9919E-05 9.9919E-05 9.9919E-05 9.9919E-05 0.0573652 9.9919E-05
9.99099E-05 9.99099E-05 0.5887 9.99099E-05 9.99099E-05 9.99099E-05 9.99099E-05 9.99099E-05 9.99099E-05 0.0259962 0.0197941 0.364511 9.99099E-05 9.99099E-05
9.99008E-05 9.99008E-05 0.632975 9.99008E-05 0.324328 9.99008E-05 9.99008E-05 9.99008E-05 9.99008E-05 9.99008E-05 0.041598 9.99008E-05 9.99008E-05 9.99008E-05
0.0225343 9.99459E-05 0.196521 0.0134394 9.99459E-05 0.127293 9.99459E-05 0.0718356 0.419142 0.0772822 9.99459E-05 0.071353 9.99459E-05 9.99459E-05
9.98918E-05 9.98918E-05 0.478667 9.98918E-05 9.98918E-05 9.98918E-05 0.520134 9.98918E-05 9.98918E-05 9.98918E-05 9.98918E-05 9.98918E-05 9.98918E-05 9.98918E-05
9.98919E-05 9.98919E-05 0.724523 9.98919E-05 0.274278 9.98919E-05 9.98919E-05 9.98919E-05 9.98919E-05 9.98919E-05 9.98919E-05 9.98919E-05 9.98919E-05 9.98919E-05
9.99009E-05 9.99009E-05 0.643533 9.99009E-05 9.99009E-05 0.336395 9.99009E-05 9.99009E-05 9.99009E-05 0.0189734 9.99009E-05 9.99009E-05 9.99009E-05 9.99009E-05
9.99188E-05 9.99188E-05 0.399007 0.0835627 9.99188E-05 9.99188E-05 9.99188E-05 9.99188E-05 9.99188E-05 0.0106491 9.99188E-05 0.0661402 0.439741 9.99188E-05
9.99009E-05 9.99009E-05 0.259194 9.99009E-05 0.609772 9.99009E-05 9.99009E-05 9.99009E-05 9.99009E-05 9.99009E-05 0.129936 9.99009E-05 9.99009E-05 9.99009E-05
9.99098E-05 9.99098E-05 0.411764 0.36552 9.99098E-05 9.99098E-05 9.99098E-05 9.99098E-05 9.99098E-05 9.99098E-05 0.0738473 9.99098E-05 0.147869 9.99098E-05
9.99009E-05 9.99009E-05 0.757199 9.99009E-05 0.164969 9.99009E-05 9.99009E-05 9.99009E-05 0.0767331 9.99009E-05 9.99009E-05 9.99009E-05 9.99009E-05 9.99009E-05
9.99278E-05 9.99278E-05 0.53541 0.127826 9.99278E-05 0.16125 9.99278E-05 0.0037741 0.137196 0.0337449 9.99278E-05 9.99278E-05 9.99278E-05 9.99278E-05
9.99189E-05 9.99189E-05 0.497876 9.99189E-05 0.0195928 0.305615 9.99189E-05 9.99189E-05 9.99189E-05 9.99189E-05 9.99189E-05 9.99189E-05 0.15736 0.0186568
9.99369E-05 9.99369E-05 0.302951 0.0232739 0.0183348 0.203732 0.298879 9.99369E-05 0.134332 9.99369E-05 9.99369E-05 9.99369E-05 9.99369E-05 0.0177968
9.99188E-05 9.99188E-05 0.484903 0.0477675 9.99188E-05 9.99188E-05 9.99188E-05 0.268951 9.99188E-05 0.0635496 9.99188E-05 0.13393 9.99188E-05 9.99188E-05
0.560791 9.99008E-05 0.362968 9.99008E-05 9.99008E-05 9.99008E-05 9.99008E-05 0.0751418 9.99008E-05 9.99008E-05 9.99008E-05 9.99008E-05 9.99008E-05 9.99008E-05
9.991E-05 0.108118 0.528522 9.991E-05 9.991E-05 0.299127 9.991E-05 9.991E-05 9.991E-05 9.991E-05 9.991E-05 9.991E-05 9.991E-05 0.0632329
9.99099E-05 9.99099E-05 0.753007 9.99099E-05 0.0440874 9.99099E-05 0.187619 9.99099E-05 0.0142871 9.99099E-05 9.99099E-05 9.99099E-05 9.99099E-05 9.99099E-05
9.99189E-05 9.99189E-05 0.575906 9.99189E-05 9.99189E-05 0.107017 9.99189E-05 9.99189E-05 9.99189E-05 9.99189E-05 0.00157807 9.99189E-05 0.289328 0.0252723
0.0275856 9.99099E-05 0.521398 9.99099E-05 9.99099E-05 9.99099E-05 9.99099E-05 0.19334 9.99099E-05 9.99099E-05 9.99099E-05 9.99099E-05 0.256677 9.99099E-05
9.99099E-05 9.99099E-05 9.99099E-05 9.99099E-05 9.99099E-05 9.99099E-05 9.99099E-05 9.99099E-05 0.437174 9.99099E-05 0.0541112 0.149088 0.358627 9.99099E-05
9.99008E-05 9.99008E-05 9.99008E-05 9.99008E-05 9.99008E-05 0.0343788 0.279485 9.99008E-05 9.99008E-05 9.99008E-05 0.685037 9.99008E-05 9.99008E-05 9.99008E-05
0.577741 9.99189E-05 9.99189E-05 9.99189E-05 0.0157742 9.99189E-05 9.99189E-05 0.00375571 0.384148 9.99189E-05 0.0176819 9.99189E-05 9.99189E-05 9.99189E-05
9.99098E-05 9.99098E-05 9.99098E-05 9.99098E-05 0.204441 0.302459 9.99098E-05 9.99098E-05 0.474361 9.99098E-05 9.99098E-05 9.99098E-05 9.99098E-05 0.0177396
9.98917E-05 9.98917E-05 9.98917E-05 9.98917E-05 0.464093 9.98917E-05 9.98917E-05 9.98917E-05 9.98917E-05 9.98917E-05 0.534708 9.98917E-05 9.98917E-05 9.98917E-05
0.0434612 9.99279E-05 9.99279E-05 0.322013 9.99279E-05 9.99279E-05 9.99279E-05 0.407816 0.201667 9.99279E-05 0.00999122 9.99279E-05 0.0142519 9.99279E-05
9.99188E-05 9.99188E-05 9.99188E-05 0.158313 9.99188E-05 9.99188E-05 9.99188E-05 0.0166379 9.99188E-05 9.99188E-05 0.72144 9.99188E-05 0.09504 0.00766938
9.99549E-05 0.0889812 0.0349533 9.99549E-05 0.00163954 0.0149837 0.0286488 9.99549E-05 0.732692 0.0176036 0.0413265 9.99549E-05 0.0386716 9.99549E-05
0.0861046 9.99099E-05 9.99099E-05 9.99099E-05 9.99099E-05 9.99099E-05 9.99099E-05 0.218932 9.99099E-05 9.99099E-05 0.693252 9.99099E-05 9.99099E-05 0.0007124
9.99099E-05 9.99099E-05 9.99099E-05 9.99099E-05 0.183731 9.99099E-05 0.437454 9.99099E-05 0.0938585 9.99099E-05 0.283958 9.99099E-05 9.99099E-05 9.99099E-05
9.99278E-05 9.99278E-05 9.99278E-05 0.179982 9.99278E-05 9.99278E-05 9.99278E-05 0.181964 0.193127 9.99278E-05 0.174377 0.0361283 0.233623 9.99278E-05
0.436153 9.98918E-05 9.98918E-05 9.98918E-05 9.98918E-05 9.98918E-05 9.98918E-05 9.98918E-05 9.98918E-05 9.98918E-05 0.562649 9.98918E-05 9.98918E-05 9.98918E-05
9.99008E-05 9.99008E-05 9.99008E-05 9.99008E-05 0.439394 9.99008E-05 0.0675233 9.99008E-05 9.99008E-05 9.99008E-05 0.491984 9.99008E-05 9.99008E-05 9.99008E-05
0.0474539 9.99279E-05 9.99279E-05 0.214991 9.99279E-05 9.99279E-05 9.99279E-05 0.153391 0.290151 9.99279E-05 9.99279E-05 0.261402 0.0318122 9.99279E-05
0.0589875 9.99098E-05 9.99098E-05 9.99098E-05 9.99098E-05 9.99098E-05 9.99098E-05 0.378764 9.99098E-05 9.99098E-05 0.530762 0.0304877 9.99098E-05 9.99098E-05
0.066693 9.99188E-05 9.99188E-05 0.0961609 9.99188E-05 9.99188E-05 0.103443 0.612018 0.120786 9.99188E-05 9.99188E-05 9.99188E-05 9.99188E-05 9.99188E-05
9.98918E-05 9.98918E-05 9.98918E-05 9.98918E-05 0.489334 9.98918E-05 9.98918E-05 9.98918E-05 9.98918E-05 9.98918E-05 0.509467 9.98918E-05 9.98918E-05 9.98918E-05
0.0622866 9.99098E-05 9.99098E-05 9.99098E-05 9.99098E-05 9.99098E-05 9.99098E-05 0.49502 0.137511 9.99098E-05 0.304184 9.99098E-05 9.99098E-05 9.99098E-05
9.99099E-05 9.99099E-05 9.99099E-05 0.261684 9.99099E-05 9.99099E-05 9.99099E-05 9.99099E-05 0.377532 9.99099E-05 9.99099E-05 0.181825 0.17796 9.99099E-05
9.99278E-05 9.99278E-05 9.99278E-05 0.0260457 9.99278E-05 0.236645 0.117579 9.99278E-05 0.483892 0.0616676 0.0733713 9.99278E-05 9.99278E-05 9.99278E-05
0.379792 9.99461E-05 0.0683366 9.99461E-05 0.116777 0.0109642 9.99461E-05 9.99461E-05 0.228181 9.99461E-05 9.99461E-05 0.0375007 0.087681 0.0701679
0.202183 9.99369E-05 9.99369E-05 9.99369E-05 0.025131 9.99369E-05 9.99369E-05 0.185565 0.341431 9.99369E-05 0.0812455 9.99369E-05 0.105112 0.0586326
9.99097E-05 9.99097E-05 9.99097E-05 9.99097E-05 0.371617 9.99097E-05 0.0945748 9.99097E-05 0.0344571 9.99097E-05 0.498352 9.99097E-05 9.99097E-05 9.99097E-05
9.99369E-05 0.0406354 9.99369E-05 0.161568 9.99369E-05 9.99369E-05 0.0716929 0.252112 0.277252 9.99369E-05 0.125075 9.99369E-05 9.99369E-05 0.0709661
9.99097E-05 9.99097E-05 9.99097E-05 9.99097E-05 9.99097E-05 0.172436 9.99097E-05 9.99097E-05 0.198294 0.0696881 0.558583 9.99097E-05 9.99097E-05 9.99097E-05
9.99459E-05 0.0146331 0.198844 9.99459E-05 0.245432 0.394321 9.99459E-05 9.99459E-05 0.0418306 0.0526485 0.0315233 9.99459E-05 9.99459E-05 0.0201676
9.99549E-05 0.0503081 0.112203 0.0869785 9.99549E-05 9.99549E-05 9.99549E-05 0.408277 0.121609 0.0164491 0.166391 9.99549E-05 0.00501082 0.0322739
9.99189E-05 0.0357806 0.0643356 9.99189E-05 9.99189E-05 0.250898 9.99189E-05 9.99189E-05 9.99189E-05 9.99189E-05 0.115825 9.99189E-05 0.532261 9.99189E-05
9.9928E-05 9.9928E-05 9.9928E-05 9.9928E-05 0.742082 9.9928E-05 0.088748 0.0619217 9.9928E-05 0.038893 9.9928E-05 9.9928E-05 0.0350425 0.0325137
9.99278E-05 9.99278E-05 0.0865843 9.99278E-05 9.99278E-05 0.535152 0.179568 0.0266487 9.99278E-05 0.0631335 0.108114 9.99278E-05 9.99278E-05 9.99278E-05
9.99549E-05 0.025147 0.106813 0.0491948 0.175676 0.273124 0.189107 9.99549E-05 0.140542 9.99549E-05 0.0207889 9.99549E-05 9.99549E-05 0.0191081
9.99279E-05 9.99279E-05 9.99279E-05 0.395322 0.0890883 0.134354 9.99279E-05 9.99279E-05 9.99279E-05 9.99279E-05 0.117098 9.99279E-05 0.253274 0.0100643
9.99098E-05 9.99098E-05 9.99098E-05 9.99098E-05 0.46015 0.195952 0.206424 9.99098E-05 0.136475 9.99098E-05 9.99098E-05 9.99098E-05 9.99098E-05 9.99098E-05
0.151511 9.99188E-05 9.99188E-05 0.157577 9.99188E-05 0.0194454 9.99188E-05 0.521809 0.148759 9.99188E-05 9.99188E-05 9.99188E-05 9.99188E-05 9.99188E-05
9.99098E-05 9.99098E-05 9.99098E-05 9.99098E-05 0.414478 0.384863 0.0742105 9.99098E-05 0.12545 9.99098E-05 9.99098E-05 9.99098E-05 9.99098E-05 9.99098E-05
0.357508 9.99369E-05 0.0161374 9.99369E-05 0.120312 0.0788981 9.99369E-05 9.99369E-05 0.0468179 9.99369E-05 0.311967 9.99369E-05 0.0676603 9.99369E-05
0.3098 9.99369E-05 0.0521985 9.99369E-05 9.99369E-05 0.0490302 0.0141503 0.269483 9.99369E-05 9.99369E-05 0.096293 9.99369E-05 0.208345 9.99369E-05
9.9937E-05 0.0999946 0.0690365 9.9937E-05 9.9937E-05 0.529092 9.9937E-05 0.0291623 0.0427672 9.9937E-05 0.0501724 9.9937E-05 0.179075 9.9937E-05
9.99368E-05 0.0324349 0.109072 9.99368E-05 9.99368E-05 0.256071 0.0566106 0.124757 0.331706 9.99368E-05 9.99368E-05 9.99368E-05 0.0886485 9.99368E-05
9.99369E-05 0.0193547 0.0576744 9.99369E-05 9.99369E-05 0.745123 9.99369E-05 0.0240011 9.99369E-05 9.99369E-05 9.99369E-05 0.0282157 0.116353 0.0085777
0.23997 9.99369E-05 0.133991 9.99369E-05 0.103142 0.133863 9.99369E-05 0.251215 0.0613376 9.99369E-05 9.99369E-05 9.99369E-05 0.0757818 9.99369E-05
9.99369E-05 9.99369E-05 0.0173744 9.99369E-05 0.659275 0.130646 0.104581 0.0313285 9.99369E-05 9.99369E-05 9.99369E-05 0.0130379 0.0430582 9.99369E-05
9.99099E-05 9.99099E-05 9.99099E-05 9.99099E-05 0.621396 0.108479 0.0149345 9.99099E-05 9.99099E-05 9.99099E-05 0.254191 9.99099E-05 9.99099E-05 9.99099E-05
9.99279E-05 0.0135166 9.99279E-05 9.99279E-05 9.99279E-05 0.246652 0.478692 9.99279E-05 0.0914267 0.00317427 0.16574 9.99279E-05 9.99279E-05 9.99279E-05
9.99279E-05 0.0445512 9.99279E-05 9.99279E-05 0.548014 0.280787 9.99279E-05 9.99279E-05 0.00294238 9.99279E-05 0.120139 9.99279E-05 9.99279E-05 0.0027677
9.991E-05 9.991E-05 9.991E-05 0.0715834 0.830813 9.991E-05 9.991E-05 0.0602329 9.991E-05 9.991E-05 9.991E-05 0.0363718 9.991E-05 9.991E-05
9.99279E-05 0.0871261 0.0252912 9.99279E-05 9.99279E-05 0.13726 0.443614 9.99279E-05 0.0219919 9.99279E-05 0.283917 9.99279E-05 9.99279E-05 9.99279E-05
9.99278E-05 9.99278E-05 9.99278E-05 0.0471196 0.164335 0.181747 0.214673 9.99278E-05 0.355895 9.99278E-05 0.0354303 9.99278E-05 9.99278E-05 9.99278E-05
0.0161469 9.9919E-05 9.9919E-05 9.9919E-05 0.0113236 0.108476 9.9919E-05 9.9919E-05 9.9919E-05 9.9919E-05 9.9919E-05 0.83717 9.9919E-05 0.0259835
9.99188E-05 9.99188E-05 9.99188E-05 9.99188E-05 9.99188E-05 0.0237691 0.0962323 0.467494 9.99188E-05 0.0115763 9.99188E-05 0.400029 9.99188E-05 9.99188E-05
9.99368E-05 9.99368E-05 9.99368E-05 0.00398765 9.99368E-05 0.175294 0.408837 0.0169124 0.202944 0.0678769 9.99368E-05 0.123449 9.99368E-05 9.99368E-05
9.99097E-05 9.99097E-05 9.99097E-05 0.250608 9.99097E-05 9.99097E-05 0.0823334 0.404181 9.99097E-05 9.99097E-05 9.99097E-05 0.261878 9.99097E-05 9.99097E-05
9.99008E-05 9.99008E-05 9.99008E-05 9.99008E-05 9.99008E-05 9.99008E-05 0.0650827 0.26228 9.99008E-05 9.99008E-05 9.99008E-05 0.671539 9.99008E-05 9.99008E-05
0.438307 9.99278E-05 9.99278E-05 9.99278E-05 9.99278E-05 0.0337509 0.0803812 0.204212 9.99278E-05 9.99278E-05 9.99278E-05 0.209694 9.99278E-05 0.0328566
0.0963847 9.99279E-05 0.00922847 9.99279E-05 9.99279E-05 9.99279E-05 0.0743006 0.452039 9.99279E-05 0.0229391 9.99279E-05 0.344308 9.99279E-05 9.99279E-05
9.99369E-05 9.99369E-05 9.99369E-05 9.99369E-05 9.99369E-05 0.0754234 0.684904 0.0501525 0.0186449 0.023118 9.99369E-05 0.141625 9.99369E-05 0.00543194
9.9901E-05 9.9901E-05 9.9901E-05 9.9901E-05 0.370561 9.9901E-05 0.4259 9.9901E-05 9.9901E-05 9.9901E-05 0.20244 9.9901E-05 9.9901E-05 9.9901E-05
9.99098E-05 9.99098E-05 0.0858526 9.99098E-05 9.99098E-05 9.99098E-05 9.99098E-05 9.99098E-05 0.509704 0.0979555 9.99098E-05 0.305489 9.99098E-05 9.99098E-05
9.9901E-05 9.9901E-05 0.0819404 9.9901E-05 9.9901E-05 9.9901E-05 0.841454 9.9901E-05 9.9901E-05 9.9901E-05 9.9901E-05 0.0755062 9.9901E-05 9.9901E-05
9.9928E-05 9.9928E-05 0.0118879 0.0302052 9.9928E-05 0.0480484 0.459379 9.9928E-05 0.210766 0.238914 9.9928E-05 9.9928E-05 9.9928E-05 9.9928E-05
9.99459E-05 9.99459E-05 0.0336233 0.0701417 9.99459E-05 0.0061137 0.214245 0.0366789 0.393471 0.0497369 9.99459E-05 0.19539 9.99459E-05 9.99459E-05
9.99189E-05 9.99189E-05 0.026488 9.99189E-05 0.0604018 9.99189E-05 0.610662 9.99189E-05 0.193648 9.99189E-05 0.107901 9.99189E-05 9.99189E-05 9.99189E-05
9.99189E-05 9.99189E-05 0.108407 9.99189E-05 0.0436132 9.99189E-05 0.428069 9.99189E-05 0.217604 9.99189E-05 9.99189E-05 0.201408 9.99189E-05 9.99189E-05
9.99459E-05 0.0618698 9.99459E-05 9.99459E-05 9.99459E-05 0.0666772 9.99459E-05 0.26299 0.198804 0.00168201 0.194114 0.110827 9.99459E-05 0.102437
9.99459E-05 0.0237879 9.99459E-05 0.156951 9.99459E-05 0.00627472 0.377618 9.99459E-05 0.342317 0.0251542 9.99459E-05 0.0376353 9.99459E-05 0.0296628
9.99098E-05 9.99098E-05 0.167614 9.99098E-05 9.99098E-05 9.99098E-05 0.331149 9.99098E-05 0.24589 9.99098E-05 9.99098E-05 0.254347 9.99098E-05 9.99098E-05
0.0198813 9.99099E-05 9.99099E-05 0.516507 9.99099E-05 9.99099E-05 9.99099E-05 9.99099E-05 0.21858 9.99099E-05 9.99099E-05 0.244032 9.99099E-05 9.99099E-05
0.00692406 9.9946E-05 0.0199573 0.0511442 9.9946E-05 0.0915075 9.9946E-05 9.9946E-05 0.489397 0.0228263 9.9946E-05 0.316873 9.9946E-05 0.000771404
0.00990531 0.0199635 9.9946E-05 0.0308542 0.0741778 9.9946E-05 0.744941 9.9946E-05 0.0574731 9.9946E-05 9.9946E-05 0.00944003 0.0526458 9.9946E-05
9.99099E-05 0.00416096 0.0873663 9.99099E-05 9.99099E-05 9.99099E-05 0.403919 9.99099E-05 0.503555 9.99099E-05 9.99099E-05 9.99099E-05 9.99099E-05 9.99099E-05
9.99099E-05 9.99099E-05 9.99099E-05 9.99099E-05 0.221864 9.99099E-05 0.60252 9.99099E-05 0.0343407 9.99099E-05 0.140276 9.99099E-05 9.99099E-05 9.99099E-05
9.99098E-05 9.99098E-05 9.99098E-05 9.99098E-05 9.99098E-05 9.99098E-05 9.99098E-05 0.305642 0.341712 9.99098E-05 9.99098E-05 0.313264 0.0383822 9.99098E-05
9.9928E-05 9.9928E-05 9.9928E-05 0.0651543 9.9928E-05 0.125428 9.9928E-05 9.9928E-05 0.56095 0.0924276 9.9928E-05 0.150205 9.9928E-05 0.0050354
9.99279E-05 0.00733848 0.00936238 9.99279E-05 0.0996203 9.99279E-05 0.651814 9.99279E-05 0.103171 9.99279E-05 0.127894 9.99279E-05 9.99279E-05 9.99279E-05
9.99369E-05 0.0273186 0.0397247 0.0269554 9.99369E-05 9.99369E-05 9.99369E-05 0.221593 9.99369E-05 9.99369E-05 0.262228 0.376638 0.0448424 9.99369E-05
9.99099E-05 9.99099E-05 9.99099E-05 0.480939 9.99099E-05 9.99099E-05 9.99099E-05 9.99099E-05 9.99099E-05 9.99099E-05 0.397433 0.10595 0.0146793 9.99099E-05
9.99459E-05 0.022359 0.0405721 9.99459E-05 0.254593 0.272793 0.264952 9.99459E-05 0.0229731 0.0954667 9.99459E-05 9.99459E-05 9.99459E-05 0.0256923
9.99189E-05 9.99189E-05 0.0472244 9.99189E-05 0.0426861 0.484327 9.99189E-05 9.99189E-05 9.99189E-05 9.99189E-05 0.41913 9.99189E-05 9.99189E-05 0.00573378
9.99279E-05 9.99279E-05 9.99279E-05 0.418095 9.99279E-05 9.99279E-05 0.026937 9.99279E-05 9.99279E-05 0.017106 0.192344 0.297473 9.99279E-05 0.0472451
0.00428484 9.99279E-05 9.99279E-05 9.99279E-05 9.99279E-05 0.00125092 9.99279E-05 0.353001 9.99279E-05 0.0523622 0.304891 0.283411 9.99279E-05 9.99279E-05
9.99189E-05 9.99189E-05 9.99189E-05 0.052721 9.99189E-05 9.99189E-05 9.99189E-05 0.362542 9.99189E-05 0.138692 0.207946 0.2372 9.99189E-05 9.99189E-05
9.9901E-05 9.9901E-05 9.9901E-05 9.9901E-05 0.648586 0.148277 9.9901E-05 9.9901E-05 9.9901E-05 9.9901E-05 0.202037 9.9901E-05 9.9901E-05 9.9901E-05
9.99099E-05 9.99099E-05 9.99099E-05 9.99099E-05 9.99099E-05 0.408696 0.289836 9.99099E-05 9.99099E-05 0.0570842 0.243385 9.99099E-05 9.99099E-05 9.99099E-05
9.99549E-05 0.00562874 0.258169 0.101197 9.99549E-05 0.383691 9.99549E-05 0.020424 9.99549E-05 0.0320128 0.0362862 0.113498 0.0485932 9.99549E-05
9.99188E-05 9.99188E-05 0.024663 0.172165 9.99188E-05 9.99188E-05 9.99188E-05 0.373033 9.99188E-05 9.99188E-05 0.277067 0.152173 9.99188E-05 9.99188E-05
9.99279E-05 0.00206151 0.072853 9.99279E-05 0.4765 0.251944 0.0289995 9.99279E-05 9.99279E-05 9.99279E-05 0.166843 9.99279E-05 9.99279E-05 9.99279E-05
9.99279E-05 9.99279E-05 9.99279E-05 9.99279E-05 9.99279E-05 0.348586 0.171897 9.99279E-05 0.28478 9.99279E-05 0.0995822 0.0589515 9.99279E-05 0.0354038
9.99368E-05 9.99368E-05 9.99368E-05 9.99368E-05 9.99368E-05 0.309239 0.348222 0.0217738 0.0336547 0.0517494 0.153295 0.0813674 9.99368E-05 9.99368E-05
9.99188E-05 9.99188E-05 0.110615 9.99188E-05 9.99188E-05 0.373064 9.99188E-05 9.99188E-05 0.0177151 9.99188E-05 0.224453 9.99188E-05 0.273254 9.99188E-05
9.99279E-05 0.00599759 0.189798 9.99279E-05 0.0430127 0.0468751 0.314512 9.99279E-05 0.399005 9.99279E-05 9.99279E-05 9.99279E-05 9.99279E-05 9.99279E-05
9.99459E-05 0.0274416 0.051034 0.215812 9.99459E-05 9.99459E-05 0.0137266 9.99459E-05 0.467983 9.99459E-05 0.00793328 0.189626 0.0258431 9.99459E-05
9.99369E-05 9.99369E-05 9.99369E-05 0.131537 9.99369E-05 0.425101 9.99369E-05 0.0418154 0.255206 0.0444563 0.0495219 0.0516632 9.99369E-05 9.99369E-05
9.9919E-05 9.9919E-05 9.9919E-05 0.197658 9.9919E-05 9.9919E-05 9.9919E-05 0.407277 9.9919E-05 9.9919E-05 0.253699 0.11318 9.9919E-05 0.0272863
9.99188E-05 0.135204 9.99188E-05 9.99188E-05 9.99188E-05 0.149299 0.346594 9.99188E-05 9.99188E-05 9.99188E-05 0.347475 9.99188E-05 9.99188E-05 0.0205283
9.99368E-05 0.028164 9.99368E-05 0.0756832 9.99368E-05 0.0749998 9.99368E-05 0.203171 0.0591854 9.99368E-05 0.199519 0.358578 9.99368E-05 9.99368E-05
0.365039 9.99189E-05 9.99189E-05 9.99189E-05 9.99189E-05 9.99189E-05 9.99189E-05 0.185605 0.13951 9.99189E-05 0.156517 0.15243 9.99189E-05 9.99189E-05
9.99189E-05 9.99189E-05 9.99189E-05 9.99189E-05 0.0528082 0.0965045 0.648278 0.00311476 9.99189E-05 9.99189E-05 0.198395 9.99189E-05 9.99189E-05 9.99189E-05
9.993E-05 9.993E-05 9.993E-05 0.247897 0.0107059 9.993E-05 0.236551 9.993E-05 0.42834 0.0323877 0.0379833 0.005435 9.993E-05 9.993E-05
9.99279E-05 0.0474421 9.99279E-05 9.99279E-05 9.99279E-05 0.0858758 0.461254 9.99279E-05 0.249105 0.0122281 0.143295 9.99279E-05 9.99279E-05 9.99279E-05
0.00295088 9.9955E-05 9.9955E-05 0.0682651 0.0238068 0.00989754 9.9955E-05 0.0124414 9.9955E-05 0.00988998 0.0386728 0.806914 9.9955E-05 0.0266613
0.350797 0.170499 0.0355346 0.00726945 0.00117739 9.9964E-05 9.9964E-05 9.9964E-05 0.121698 0.0174067 0.025194 0.207405 9.9964E-05 0.0626185
9.99279E-05 0.0594747 9.99279E-05 0.0166542 9.99279E-05 9.99279E-05 9.99279E-05 0.0814431 0.399232 9.99279E-05 0.0607375 0.381659 9.99279E-05 9.99279E-05
9.99099E-05 9.99099E-05 9.99099E-05 9.99099E-05 0.00405155 0.11528 0.715788 9.99099E-05 9.99099E-05 9.99099E-05 0.163881 9.99099E-05 9.99099E-05 9.99099E-05
9.99189E-05 0.0168433 9.99189E-05 9.99189E-05 9.99189E-05 9.99189E-05 9.99189E-05 0.0164331 0.551666 9.99189E-05 0.039245 0.374913 9.99189E-05 9.99189E-05
9.99189E-05 9.99189E-05 0.0792893 9.99189E-05 9.99189E-05 9.99189E-05 9.99189E-05 9.99189E-05 0.159481 9.99189E-05 0.0854297 0.657475 9.99189E-05 0.0174259
9.9919E-05 9.9919E-05 0.0900723 0.202983 9.9919E-05 9.9919E-05 9.9919E-05 9.9919E-05 0.0501011 9.9919E-05 0.0643117 0.591633 9.9919E-05 9.9919E-05
9.99099E-05 9.99099E-05 0.087427 9.99099E-05 9.99099E-05 9.99099E-05 0.743353 9.99099E-05 0.0920355 9.99099E-05 9.99099E-05 9.99099E-05 0.076185 9.99099E-05
9.99549E-05 9.99549E-05 0.0206345 0.0451352 9.99549E-05 0.0887997 0.270377 9.99549E-05 0.332589 0.00037374 0.0662685 0.162743 9.99549E-05 0.0125796
0.0759948 9.9955E-05 9.9955E-05 0.418313 0.0176033 9.9955E-05 0.0397928 0.0136338 0.0840897 9.9955E-05 0.0364673 0.283971 9.9955E-05 0.0296345
0.0279538 0.0334591 0.0613426 9.9946E-05 0.0784046 9.9946E-05 0.287477 9.9946E-05 0.183833 9.9946E-05 0.244628 0.0823013 9.9946E-05 9.9946E-05
9.99009E-05 9.99009E-05 9.99009E-05 9.99009E-05 9.99009E-05 9.99009E-05 9.99009E-05 9.99009E-05 0.151039 9.99009E-05 9.99009E-05 0.709416 0.138445 9.99009E-05
0.345528 9.9928E-05 9.9928E-05 9.9928E-05 0.174896 9.9928E-05 0.0189779 0.00800832 0.354185 9.9928E-05 9.9928E-05 9.9928E-05 0.0976058 9.9928E-05
9.99279E-05 9.99279E-05 0.0984136 9.99279E-05 9.99279E-05 9.99279E-05 0.138166 9.99279E-05 0.267073 0.0489259 0.163981 0.282642 9.99279E-05 9.99279E-05
9.9901E-05 9.9901E-05 9.9901E-05 9.9901E-05 0.0833059 9.9901E-05 0.804847 9.9901E-05 9.9901E-05 9.9901E-05 0.110748 9.9901E-05 9.9901E-05 9.9901E-05
9.99369E-05 9.99369E-05 9.99369E-05 9.99369E-05 9.99369E-05 0.279337 0.0901538 0.0988531 0.26249 0.122633 0.0169218 0.128912 9.99369E-05 9.99369E-05
9.99549E-05 0.010176 0.106358 9.99549E-05 0.112269 0.430603 0.0404669 9.99549E-05 0.169952 9.99549E-05 0.041194 9.99549E-05 0.0698156 0.0186655
9.99369E-05 9.99369E-05 0.0740376 9.99369E-05 0.646598 0.156631 0.0229074 0.0555964 0.0394154 9.99369E-05 0.00411482 9.99369E-05 9.99369E-05 9.99369E-05
9.99188E-05 0.0424805 0.0137598 9.99188E-05 9.99188E-05 0.269218 0.0738748 9.99188E-05 0.599767 9.99188E-05 9.99188E-05 9.99188E-05 9.99188E-05 9.99188E-05
9.99098E-05 9.99098E-05 0.627373 9.99098E-05 9.99098E-05 9.99098E-05 0.279334 9.99098E-05 0.00593489 9.99098E-05 0.0863583 9.99098E-05 9.99098E-05 9.99098E-05
9.99369E-05 9.99369E-05 9.99369E-05 0.0861411 9.99369E-05 0.361269 0.240327 0.125684 0.125479 0.00927776 0.0511228 9.99369E-05 9.99369E-05 9.99369E-05
9.99189E-05 9.99189E-05 9.99189E-05 9.99189E-05 9.99189E-05 0.178979 0.00871337 0.758848 0.0317135 9.99189E-05 9.99189E-05 9.99189E-05 0.0208469 9.99189E-05
9.99009E-05 9.99009E-05 9.99009E-05 9.99009E-05 0.50771 0.260009 9.99009E-05 9.99009E-05 9.99009E-05 9.99009E-05 0.231182 9.99009E-05 9.99009E-05 9.99009E-05
0.556801 9.99189E-05 9.99189E-05 9.99189E-05 9.99189E-05 0.0499888 9.99189E-05 9.99189E-05 9.99189E-05 9.99189E-05 0.28439 0.0104534 0.0974673 9.99189E-05
9.99278E-05 9.99278E-05 0.380153 0.0353634 9.99278E-05 9.99278E-05 9.99278E-05 0.139545 0.164846 0.0869348 9.99278E-05 0.192359 9.99278E-05 9.99278E-05
9.99369E-05 9.99369E-05 0.00737051 0.462504 0.0873889 0.00494068 9.99369E-05 0.0499687 0.0712598 9.99369E-05 9.99369E-05 9.99369E-05 0.315868 9.99369E-05
9.99098E-05 9.99098E-05 0.153303 9.99098E-05 0.628819 9.99098E-05 9.99098E-05 9.99098E-05 0.200144 9.99098E-05 9.99098E-05 9.99098E-05 0.0167346 9.99098E-05
9.99279E-05 9.99279E-05 0.0959697 9.99279E-05 0.518837 0.013711 0.275467 9.99279E-05 0.0483341 9.99279E-05 0.0468823 9.99279E-05 9.99279E-05 9.99279E-05
0.0622775 9.9946E-05 9.9946E-05 0.0943431 9.9946E-05 9.9946E-05 0.0797498 0.544537 9.9946E-05 9.9946E-05 0.127383 0.0211541 0.0695908 0.000365258
0.00480544 0.0461731 9.99369E-05 0.102654 9.99369E-05 0.298231 0.206417 0.00136433 0.339656 9.99369E-05 9.99369E-05 9.99369E-05 9.99369E-05 9.99369E-05
9.99549E-05 0.0217137 0.174718 9.99549E-05 0.0128819 0.391446 0.0202513 0.0418316 0.268396 9.99549E-05 9.99549E-05 9.99549E-05 0.0661539 0.00210817
9.99189E-05 9.99189E-05 0.114384 9.99189E-05 0.554555 9.99189E-05 0.31545 0.0139338 9.99189E-05 9.99189E-05 0.000778283 9.99189E-05 9.99189E-05 9.99189E-05
9.99278E-05 9.99278E-05 0.0529976 9.99278E-05 0.0907287 0.471797 9.99278E-05 0.0123357 0.0221227 9.99278E-05 9.99278E-05 9.99278E-05 0.349218 9.99278E-05
0.0599626 9.99459E-05 0.0061405 9.99459E-05 0.0496923 0.295222 9.99459E-05 0.420483 9.99459E-05 9.99459E-05 0.0411306 9.99459E-05 0.0780022 0.0487678
9.99278E-05 9.99278E-05 9.99278E-05 0.35492 9.99278E-05 0.105165 0.00697786 0.211416 0.01997 9.99278E-05 9.99278E-05 0.300752 9.99278E-05 9.99278E-05
9.99098E-05 9.99098E-05 9.99098E-05 0.431232 9.99098E-05 9.99098E-05 9.99098E-05 0.0212414 0.313419 9.99098E-05 9.99098E-05 9.99098E-05 0.233108 9.99098E-05
0.22653 9.99368E-05 0.0933683 9.99368E-05 0.0686043 0.0908019 9.99368E-05 0.0274387 0.153628 9.99368E-05 9.99368E-05 9.99368E-05 0.33893 9.99368E-05
9.99099E-05 9.99099E-05 0.0455445 9.99099E-05 9.99099E-05 9.99099E-05 0.781436 9.99099E-05 9.99099E-05 0.00309098 9.99099E-05 0.168929 9.99099E-05 9.99099E-05
9.99369E-05 9.99369E-05 0.0630836 0.0127605 9.99369E-05 0.0451539 0.0799185 0.0609087 0.0333354 9.99369E-05 9.99369E-05 0.70414 9.99369E-05 9.99369E-05
9.991E-05 9.991E-05 0.175506 9.991E-05 9.991E-05 9.991E-05 0.525839 9.991E-05 0.262729 9.991E-05 0.0349265 9.991E-05 9.991E-05 9.991E-05
9.99188E-05 9.99188E-05 0.259643 9.99188E-05 9.99188E-05 9.99188E-05 0.17542 9.99188E-05 0.463729 0.0488573 0.0514518 9.99188E-05 9.99188E-05 9.99188E-05
9.99279E-05 9.99279E-05 9.99279E-05 9.99279E-05 9.99279E-05 0.0203586 9.99279E-05 0.0561625 0.250985 0.0800054 0.0297445 0.561945 9.99279E-05 9.99279E-05
9.9928E-05 9.9928E-05 9.9928E-05 9.9928E-05 0.0940001 9.9928E-05 0.800967 9.9928E-05 9.9928E-05 9.9928E-05 0.0448245 0.02035 0.0257442 0.0133146
9.99368E-05 0.00161393 0.2046 0.0727218 0.390747 0.254044 9.99368E-05 9.99368E-05 0.0476019 9.99368E-05 9.99368E-05 9.99368E-05 0.0279719 9.99368E-05
9.99369E-05 9.99369E-05 0.0162139 0.023602 9.99369E-05 0.309733 0.465997 0.0368623 0.136951 9.99369E-05 0.00994129 9.99369E-05 9.99369E-05 9.99369E-05
