9.9964E-05 0.119127 9.9964E-05 0.0231736 0.228567 9.9964E-05 0.12653 0.0468045 9.9964E-05 0.455398
9.996E-05 0.0118122 9.996E-05 9.996E-05 0.307869 0.110982 0.0612086 0.0420358 9.996E-05 0.465693
0.0215565 0.0350846 0.028135 0.0405066 0.817903 9.9973E-05 9.9973E-05 0.02035 0.0361648 9.9973E-05
9.9973E-05 0.0501489 0.197913 0.111914 9.9973E-05 0.149201 0.0380967 9.9973E-05 0.02957 0.422857
0.0540154 0.00426582 0.15387 0.0616332 9.9973E-05 0.0934694 0.176483 9.9973E-05 9.9973E-05 0.455963
0.0755011 9.99549E-05 9.99549E-05 0.370136 0.324305 9.99549E-05 0.0849232 9.99549E-05 9.99549E-05 0.144635
0.0168859 0.000772514 0.030115 9.99639E-05 0.826799 0.0293013 9.99639E-05 9.99639E-05 0.0957262 9.99639E-05
0.0362411 9.9955E-05 9.9955E-05 0.220078 0.494168 9.9955E-05 9.9955E-05 0.0926043 9.9955E-05 0.156409
0.0170422 0.0220106 0.122238 0.147216 0.180102 0.0851997 9.9982E-05 0.0513836 9.9982E-05 0.374608
9.99459E-05 0.058228 9.99459E-05 0.365922 0.235375 9.99459E-05 9.99459E-05 9.99459E-05 0.339875 9.99459E-05
9.9973E-05 0.00157481 0.00638171 0.110872 0.0927168 0.449281 0.0484773 9.9973E-05 9.9973E-05 0.290397
9.99549E-05 9.99549E-05 0.143795 0.239764 9.99549E-05 0.104865 9.99549E-05 0.0630189 9.99549E-05 0.448058
0.0731173 0.0152792 0.25311 0.00864335 0.247591 0.126519 0.245337 9.9991E-05 0.0010884 0.0292141
9.9937E-05 0.0112024 9.9937E-05 0.261079 0.727019 9.9937E-05 9.9937E-05 9.9937E-05 9.9937E-05 9.9937E-05
9.99459E-05 9.99459E-05 9.99459E-05 0.0574925 9.99459E-05 0.415779 9.99459E-05 0.0432462 9.99459E-05 0.482883
0.0761458 0.0241748 9.99639E-05 0.0523457 0.474678 0.0196668 9.99639E-05 9.99639E-05 0.352589 9.99639E-05
9.9964E-05 9.9964E-05 0.0528721 0.0395116 0.830021 0.0429308 0.00581423 9.9964E-05 0.0284504 9.9964E-05
9.99459E-05 9.99459E-05 9.99459E-05 9.99459E-05 0.835473 0.0295421 0.0402252 9.99459E-05 9.99459E-05 0.0941598
9.9964E-05 9.9964E-05 0.259573 0.0830845 0.246282 9.9964E-05 0.0291289 0.0115752 9.9964E-05 0.369956
9.99369E-05 0.744185 9.99369E-05 9.99369E-05 9.99369E-05 0.202671 9.99369E-05 0.0524443 9.99369E-05 9.99369E-05
9.9928E-05 0.83123 0.167971 9.9928E-05 9.9928E-05 9.9928E-05 9.9928E-05 9.9928E-05 9.9928E-05 9.9928E-05
9.99369E-05 0.889921 9.99369E-05 0.0328991 9.99369E-05 9.99369E-05 0.0764799 9.99369E-05 9.99369E-05 9.99369E-05
9.99369E-05 0.620835 0.354182 9.99369E-05 9.99369E-05 9.99369E-05 9.99369E-05 0.0242829 9.99369E-05 9.99369E-05
9.995E-05 0.697485 0.115887 9.995E-05 9.995E-05 0.0849391 9.995E-05 0.0730753 9.995E-05 0.0281136
0.196278 0.479077 9.99459E-05 0.025788 0.298257 9.99459E-05 9.99459E-05 9.99459E-05 9.99459E-05 9.99459E-05
9.99549E-05 0.33775 9.99549E-05 0.0503197 9.99549E-05 0.0939096 9.99549E-05 0.378387 9.99549E-05 0.139134
0.198688 0.229372 9.99369E-05 9.99369E-05 9.99369E-05 9.99369E-05 9.99369E-05 9.99369E-05 0.571241 9.99369E-05
9.9955E-05 0.233576 0.088848 9.9955E-05 9.9955E-05 0.195091 0.114647 0.367338 9.9955E-05 9.9955E-05
9.99459E-05 0.868973 9.99459E-05 0.0321996 9.99459E-05 9.99459E-05 0.0976707 9.99459E-05 0.000557008 9.99459E-05
9.99279E-05 0.840577 0.158624 9.99279E-05 9.99279E-05 9.99279E-05 9.99279E-05 9.99279E-05 9.99279E-05 9.99279E-05
9.99461E-05 0.596413 0.13865 9.99461E-05 0.0605824 9.99461E-05 9.99461E-05 9.99461E-05 0.203755 9.99461E-05
0.277591 0.179823 9.997E-05 0.0329644 0.00699099 9.997E-05 0.124867 0.271581 0.105883 9.997E-05
9.99369E-05 0.630335 9.99369E-05 9.99369E-05 0.0319049 9.99369E-05 9.99369E-05 9.99369E-05 0.337061 9.99369E-05
0.0245677 0.704063 9.99369E-05 9.99369E-05 0.27067 9.99369E-05 9.99369E-05 9.99369E-05 9.99369E-05 9.99369E-05
9.99459E-05 0.828255 0.139859 0.0286597 9.99459E-05 0.00262702 9.99459E-05 9.99459E-05 9.99459E-05 9.99459E-05
9.995E-05 0.723223 0.0379324 9.995E-05 9.995E-05 0.178586 9.995E-05 0.0334337 9.995E-05 0.0263252
9.99279E-05 0.671998 9.99279E-05 9.99279E-05 9.99279E-05 0.327203 9.99279E-05 9.99279E-05 9.99279E-05 9.99279E-05
9.99369E-05 0.67624 0.287207 9.99369E-05 9.99369E-05 9.99369E-05 9.99369E-05 9.99369E-05 9.99369E-05 0.0358534
0.832582 9.99278E-05 9.99278E-05 9.99278E-05 9.99278E-05 9.99278E-05 9.99278E-05 9.99278E-05 9.99278E-05 0.166619
0.711386 9.9937E-05 9.9937E-05 9.9937E-05 9.9937E-05 9.9937E-05 0.0774262 9.9937E-05 0.210488 9.9937E-05
0.399648 0.100284 9.9946E-05 9.9946E-05 9.9946E-05 9.9946E-05 9.9946E-05 0.0223474 0.477121 9.9946E-05
0.461884 0.00361099 0.331325 9.9964E-05 9.9964E-05 9.9964E-05 0.01615 0.104623 0.0820078 9.9964E-05
0.582544 0.283565 9.996E-05 0.0321527 0.0727682 9.996E-05 0.022235 9.996E-05 9.996E-05 0.00633507
0.574948 0.109482 9.9955E-05 0.0304406 0.182513 9.9955E-05 9.9955E-05 9.9955E-05 0.102117 9.9955E-05
9.99369E-05 9.99369E-05 0.182668 9.99369E-05 9.99369E-05 9.99369E-05 9.99369E-05 0.770397 9.99369E-05 0.0462358
0.489324 9.99459E-05 9.99459E-05 9.99459E-05 9.99459E-05 0.0382184 9.99459E-05 0.131663 9.99459E-05 0.340195
0.425999 0.184795 9.99459E-05 9.99459E-05 0.169658 9.99459E-05 9.99459E-05 9.99459E-05 0.218948 9.99459E-05
0.811223 9.99549E-05 9.99549E-05 0.0504222 9.99549E-05 0.0522536 0.00592641 9.99549E-05 9.99549E-05 0.0796745
0.372838 9.9928E-05 9.9928E-05 9.9928E-05 9.9928E-05 9.9928E-05 9.9928E-05 9.9928E-05 0.626362 9.9928E-05
0.599331 9.9955E-05 0.0360696 9.9955E-05 9.9955E-05 0.0191087 9.9955E-05 0.165972 9.9955E-05 0.179018
0.722292 9.9937E-05 9.9937E-05 9.9937E-05 9.9937E-05 9.9937E-05 0.0538288 9.9937E-05 0.223179 9.9937E-05
0.544866 0.0722085 0.261366 0.0114075 9.9964E-05 0.0516262 0.058126 9.9964E-05 9.9964E-05 9.9964E-05
0.262317 0.0769002 9.99639E-05 0.0260522 9.99639E-05 0.305928 9.99639E-05 0.294841 9.99639E-05 0.033562
0.458448 0.00595665 9.9955E-05 9.9955E-05 9.9955E-05 0.187867 9.9955E-05 0.0966114 9.9955E-05 0.250617
0.245206 0.0412542 0.378199 9.9973E-05 9.9973E-05 0.0221242 9.9973E-05 0.260371 0.012184 0.0403613
9.99369E-05 0.370348 0.384962 9.99369E-05 9.99369E-05 9.99369E-05 9.99369E-05 0.243991 9.99369E-05 9.99369E-05
0.784518 9.99549E-05 9.99549E-05 0.00571039 0.0971342 9.99549E-05 0.0546132 9.99549E-05 0.0575244 9.99549E-05
0.486058 0.023469 0.0525761 9.9973E-05 9.9973E-05 0.114146 0.0155279 0.194308 0.113616 9.9973E-05
0.711953 0.00580912 9.99549E-05 9.99549E-05 0.0062842 9.99549E-05 0.0536805 9.99549E-05 0.221773 9.99549E-05
0.656973 9.99549E-05 0.0566562 9.99549E-05 9.99549E-05 0.127859 9.99549E-05 0.0939418 9.99549E-05 0.0640697
0.558526 0.0240018 9.99549E-05 9.99549E-05 9.99549E-05 0.107106 9.99549E-05 0.207958 9.99549E-05 0.101908
0.606532 9.99459E-05 9.99459E-05 9.99459E-05 9.99459E-05 0.0228986 9.99459E-05 0.106049 9.99459E-05 0.263921
0.319372 0.0116378 9.99639E-05 9.99639E-05 0.073933 9.99639E-05 0.120106 0.296928 0.177623 9.99639E-05
0.417031 0.0121022 0.43982 9.99459E-05 9.99459E-05 9.99459E-05 9.99459E-05 0.130447 9.99459E-05 9.99459E-05
0.341749 9.99459E-05 9.99459E-05 9.99459E-05 0.330397 9.99459E-05 9.99459E-05 0.164894 0.16236 9.99459E-05
0.170644 0.114044 9.99639E-05 0.0675988 9.99639E-05 0.218637 9.99639E-05 0.353435 9.99639E-05 0.0752417
0.444827 9.995E-05 0.158048 9.995E-05 9.995E-05 0.0111727 9.995E-05 0.264709 9.995E-05 0.120744
0.35373 9.9946E-05 0.0278377 9.9946E-05 9.9946E-05 0.288018 9.9946E-05 0.329814 9.9946E-05 9.9946E-05
0.0763876 0.0708859 9.99639E-05 0.0262564 0.131077 9.99639E-05 0.00274729 0.692246 9.99639E-05 9.99639E-05
0.164244 0.284687 9.99729E-05 0.123698 0.0133065 9.99729E-05 0.0724005 0.330029 0.0113355 9.99729E-05
0.0909292 0.153518 9.99549E-05 9.99549E-05 9.99549E-05 9.99549E-05 0.0252899 0.300723 0.42904 9.99549E-05
0.447613 9.99459E-05 9.99459E-05 9.99459E-05 0.128838 9.99459E-05 9.99459E-05 0.0851143 0.337835 9.99459E-05
9.994E-05 0.632024 0.20472 9.994E-05 9.994E-05 9.994E-05 9.994E-05 0.0769829 9.994E-05 0.0856732
0.635005 9.99459E-05 9.99459E-05 9.99459E-05 0.169556 9.99459E-05 9.99459E-05 0.019076 0.175763 9.99459E-05
0.275563 9.99459E-05 9.99459E-05 9.99459E-05 9.99459E-05 0.129787 0.00933909 0.584711 9.99459E-05 9.99459E-05
0.0303425 0.164417 0.0920571 0.0366651 9.9973E-05 0.103704 9.9973E-05 0.511926 9.9973E-05 0.0605881
9.99368E-05 0.752857 9.99368E-05 9.99368E-05 0.0797527 9.99368E-05 9.99368E-05 9.99368E-05 0.16669 9.99368E-05
0.196763 0.204945 9.9955E-05 9.9955E-05 0.00966199 9.9955E-05 9.9955E-05 0.0320474 0.556083 9.9955E-05
0.0487416 0.754924 9.99459E-05 9.99459E-05 0.180161 9.99459E-05 9.99459E-05 9.99459E-05 0.0155739 9.99459E-05
0.16059 0.342374 9.99549E-05 0.0692005 9.99549E-05 9.99549E-05 0.174079 0.253257 9.99549E-05 9.99549E-05
0.247491 0.164021 9.9955E-05 9.9955E-05 9.9955E-05 9.9955E-05 0.0652965 0.0122289 0.510463 9.9955E-05
0.388453 0.199591 0.326177 9.99459E-05 9.99459E-05 9.99459E-05 9.99459E-05 0.0851792 9.99459E-05 9.99459E-05
0.752463 9.99369E-05 0.227029 9.99369E-05 9.99369E-05 0.0198091 9.99369E-05 9.99369E-05 9.99369E-05 9.99369E-05
0.471806 0.100188 0.27331 9.9964E-05 9.9964E-05 0.0910428 9.9964E-05 0.0200419 0.0432116 9.9964E-05
0.660588 9.99369E-05 9.99369E-05 9.99369E-05 0.0944682 9.99369E-05 9.99369E-05 9.99369E-05 0.244245 9.99369E-05
0.542764 0.067463 9.99549E-05 9.99549E-05 9.99549E-05 0.169602 0.0810306 0.138641 9.99549E-05 9.99549E-05
0.324447 9.99459E-05 0.199022 9.99459E-05 9.99459E-05 9.99459E-05 9.99459E-05 0.452113 9.99459E-05 0.0238179
9.99458E-05 0.287073 9.99458E-05 0.0275486 0.297365 9.99458E-05 9.99458E-05 0.387414 9.99458E-05 9.99458E-05
0.388322 9.99459E-05 9.99459E-05 9.99459E-05 0.265465 9.99459E-05 9.99459E-05 0.173776 0.171838 9.99459E-05
9.99459E-05 0.221712 9.99459E-05 9.99459E-05 0.0332501 9.99459E-05 9.99459E-05 0.676584 9.99459E-05 0.0678546
0.357141 9.99368E-05 9.99368E-05 9.99368E-05 0.331179 9.99368E-05 9.99368E-05 0.310981 9.99368E-05 9.99368E-05
0.254371 9.99369E-05 9.99369E-05 9.99369E-05 0.358826 9.99369E-05 9.99369E-05 0.386103 9.99369E-05 9.99369E-05
9.99459E-05 9.99459E-05 0.0253093 9.99459E-05 9.99459E-05 0.0256979 9.99459E-05 0.847375 9.99459E-05 0.101019
0.45974 9.99369E-05 9.99369E-05 9.99369E-05 0.270474 9.99369E-05 9.99369E-05 0.269087 9.99369E-05 9.99369E-05
0.216461 0.0459752 9.99549E-05 0.0307686 0.228442 9.99549E-05 9.99549E-05 0.477853 9.99549E-05 9.99549E-05
0.0102895 9.99459E-05 9.99459E-05 9.99459E-05 9.99459E-05 9.99459E-05 0.590501 0.00189297 0.396717 9.99459E-05
0.105687 0.0398351 0.0110137 9.9964E-05 0.00963278 9.9964E-05 0.631208 9.9964E-05 0.202224 9.9964E-05
0.0329551 9.9946E-05 0.181131 9.9946E-05 9.9946E-05 9.9946E-05 0.770375 9.9946E-05 0.0149384 9.9946E-05
9.9946E-05 9.9946E-05 9.9946E-05 9.9946E-05 0.0120566 9.9946E-05 0.467897 0.223312 9.9946E-05 0.296135
9.99459E-05 9.99459E-05 9.99459E-05 9.99459E-05 9.99459E-05 0.0087899 0.583829 0.0398014 0.36698 9.99459E-05
9.99729E-05 9.99729E-05 0.0432094 0.0338508 0.296274 0.0607845 0.228517 0.124914 9.99729E-05 0.21215
9.99369E-05 9.99369E-05 9.99369E-05 9.99369E-05 0.527966 9.99369E-05 0.38797 9.99369E-05 0.0833649 9.99369E-05
9.99369E-05 9.99369E-05 9.99369E-05 9.99369E-05 9.99369E-05 9.99369E-05 0.729835 0.00298429 0.266482 9.99369E-05
9.99549E-05 0.0355636 9.99549E-05 0.0892165 0.127457 9.99549E-05 0.696527 0.0507359 9.99549E-05 9.99549E-05
9.9955E-05 9.9955E-05 0.0377603 9.9955E-05 9.9955E-05 0.284265 0.533112 0.114717 9.9955E-05 0.0296464
0.00451012 9.9946E-05 9.9946E-05 0.0640109 9.9946E-05 9.9946E-05 0.269535 9.9946E-05 0.661344 9.9946E-05
9.9955E-05 9.9955E-05 9.9955E-05 0.0141493 9.9955E-05 0.496035 0.41942 0.0290329 9.9955E-05 0.0408627
0.0135119 9.99459E-05 9.99459E-05 9.99459E-05 0.121246 9.99459E-05 0.724039 9.99459E-05 0.140604 9.99459E-05
0.000708887 9.997E-05 9.997E-05 0.0136289 0.164351 0.160708 0.549198 0.0894699 9.997E-05 0.0216353
9.99549E-05 0.0611813 9.99549E-05 0.157227 9.99549E-05 0.00968968 0.719341 9.99549E-05 0.0520604 9.99549E-05
9.997E-05 0.0520899 9.997E-05 0.0376924 0.55317 0.0121227 0.287127 9.997E-05 0.0436206 0.0138774
9.99549E-05 9.99549E-05 0.093238 9.99549E-05 9.99549E-05 0.0420476 0.398568 0.149965 9.99549E-05 0.315682
9.99459E-05 9.99459E-05 0.55134 9.99459E-05 0.014205 9.99459E-05 0.368227 0.0656284 9.99459E-05 9.99459E-05
0.129082 0.0996445 9.99549E-05 0.0956229 9.99549E-05 9.99549E-05 0.623876 9.99549E-05 0.0512748 9.99549E-05
9.99369E-05 9.99369E-05 9.99369E-05 9.99369E-05 0.302366 9.99369E-05 0.616521 9.99369E-05 0.0804134 9.99369E-05
9.9955E-05 0.0432593 9.9955E-05 0.0683458 9.9955E-05 0.135855 0.719044 0.0329966 9.9955E-05 9.9955E-05
9.99279E-05 9.99279E-05 0.346481 9.99279E-05 9.99279E-05 9.99279E-05 0.65272 9.99279E-05 9.99279E-05 9.99279E-05
0.0077255 0.0249367 0.0558691 0.117076 0.085657 0.204891 0.110995 0.0124184 9.9991E-05 0.380332
9.994E-05 9.994E-05 9.994E-05 0.647391 0.244336 9.994E-05 9.994E-05 0.0206711 0.0870026 9.994E-05
0.0277813 9.998E-05 0.565917 0.00626723 0.148114 9.998E-05 0.015919 0.0266653 0.0461306 0.163005
9.99639E-05 0.0264535 9.99639E-05 0.18081 0.531295 0.0909082 0.121912 9.99639E-05 0.0482213 9.99639E-05
9.99278E-05 9.99278E-05 9.99278E-05 0.405444 9.99278E-05 9.99278E-05 9.99278E-05 9.99278E-05 0.593757 9.99278E-05
9.995E-05 9.995E-05 0.190583 0.0491997 0.0448917 0.418913 9.995E-05 9.995E-05 9.995E-05 0.295913
9.99549E-05 9.99549E-05 0.00262005 0.689941 9.99549E-05 0.252771 9.99549E-05 0.0189721 0.0351968 9.99549E-05
0.112631 9.9982E-05 0.0309183 0.0869987 0.440505 0.0218041 0.109426 0.00679717 9.9982E-05 0.190721
9.99279E-05 9.99279E-05 0.291087 0.708114 9.99279E-05 9.99279E-05 9.99279E-05 9.99279E-05 9.99279E-05 9.99279E-05
9.9946E-05 9.9946E-05 0.0222866 0.19087 0.426938 9.9946E-05 9.9946E-05 9.9946E-05 0.359306 9.9946E-05
0.0392842 9.996E-05 0.0720902 0.191266 9.996E-05 0.338288 0.0255557 9.996E-05 9.996E-05 0.333116
9.99369E-05 9.99369E-05 0.420981 0.513748 9.99369E-05 9.99369E-05 9.99369E-05 0.0645717 9.99369E-05 9.99369E-05
9.99279E-05 9.99279E-05 9.99279E-05 0.328352 9.99279E-05 9.99279E-05 9.99279E-05 9.99279E-05 0.670849 9.99279E-05
9.99549E-05 9.99549E-05 0.104491 9.99549E-05 0.0104322 0.240126 0.00740253 9.99549E-05 9.99549E-05 0.637048
9.99459E-05 9.99459E-05 0.280996 0.532323 9.99459E-05 9.99459E-05 9.99459E-05 0.00794044 9.99459E-05 0.178141
9.99549E-05 9.99549E-05 0.357398 0.00200733 0.274055 0.223195 9.99549E-05 9.99549E-05 9.99549E-05 0.142845
9.99279E-05 9.99279E-05 9.99279E-05 0.379912 9.99279E-05 9.99279E-05 9.99279E-05 9.99279E-05 0.619289 9.99279E-05
9.99549E-05 9.99549E-05 0.412921 0.317999 0.0156149 0.0197462 9.99549E-05 9.99549E-05 9.99549E-05 0.23322
0.0307741 9.99549E-05 9.99549E-05 9.99549E-05 0.00717644 0.312013 0.107561 9.99549E-05 9.99549E-05 0.541975
9.99549E-05 9.99549E-05 9.99549E-05 0.210525 0.591769 0.0586947 9.99549E-05 0.0737757 9.99549E-05 0.0647363
9.998E-05 0.0651735 0.407578 9.998E-05 0.183778 0.023386 0.113298 0.0209739 0.111375 0.0742381
9.997E-05 0.0447338 0.434506 0.152305 0.178428 0.0764205 0.0501413 9.997E-05 9.997E-05 0.0631661
9.99368E-05 9.99368E-05 9.99368E-05 0.433901 0.119306 9.99368E-05 9.99368E-05 9.99368E-05 0.446093 9.99368E-05
0.0458376 0.074594 9.996E-05 0.151514 0.280607 0.166168 9.996E-05 9.996E-05 9.996E-05 0.28088
9.99548E-05 9.99548E-05 9.99548E-05 0.711119 0.0927989 9.99548E-05 0.0645833 0.0990322 9.99548E-05 0.0319669
0.0402837 0.0506827 9.99639E-05 0.197245 0.215729 9.99639E-05 0.2726 9.99639E-05 0.22306 9.99639E-05
0.065029 0.0149532 0.209449 0.197358 0.0513737 0.156588 0.0965727 9.998E-05 9.998E-05 0.208477
0.130362 9.9955E-05 9.9955E-05 0.316433 9.9955E-05 0.0784379 0.418208 9.9955E-05 9.9955E-05 0.0560594
9.9964E-05 0.0443027 0.0348298 9.9964E-05 9.9964E-05 0.0309262 9.9964E-05 0.00708912 0.834526 0.0479262
0.017196 0.0247325 9.99819E-05 0.352875 0.334778 0.0133583 0.181242 0.0173722 0.0582458 9.99819E-05
0.0392252 0.0263132 9.99729E-05 0.105582 0.456048 0.0614043 0.12065 9.99729E-05 0.190476 9.99729E-05
9.9964E-05 0.0311584 0.0223743 0.196747 9.9964E-05 0.623879 0.0087924 9.9964E-05 0.116649 9.9964E-05
9.99459E-05 9.99459E-05 9.99459E-05 0.0431135 0.400321 0.0663157 9.99459E-05 9.99459E-05 0.48965 9.99459E-05
9.99458E-05 9.99458E-05 0.353898 9.99458E-05 0.161051 0.259077 9.99458E-05 9.99458E-05 9.99458E-05 0.225375
9.99549E-05 9.99549E-05 9.99549E-05 0.155421 0.31373 0.0871189 0.0589269 9.99549E-05 0.384304 9.99549E-05
9.9955E-05 9.9955E-05 0.412705 0.362373 9.9955E-05 0.00308216 0.0705046 9.9955E-05 0.150835 9.9955E-05
0.00244983 9.997E-05 0.493889 0.165268 9.997E-05 0.0907372 0.142804 9.997E-05 0.0193 0.0852523
0.14168 0.0156 9.996E-05 0.339763 9.996E-05 0.0980771 0.303153 9.996E-05 9.996E-05 0.101327
0.07191 9.99549E-05 9.99549E-05 0.115421 0.359673 9.99549E-05 0.233783 9.99549E-05 9.99549E-05 0.218713
0.0487621 0.0653793 9.998E-05 0.331643 0.039096 0.0462504 0.356005 9.998E-05 0.0286091 0.0840547
9.99639E-05 9.99639E-05 0.429744 0.0665432 0.0811857 0.144456 0.243378 9.99639E-05 0.0342934 9.99639E-05
9.99549E-05 9.99549E-05 9.99549E-05 9.99549E-05 0.119708 0.0491617 0.115864 9.99549E-05 0.697952 0.0168151
9.99369E-05 9.99369E-05 9.99369E-05 0.270541 9.99369E-05 9.99369E-05 0.0279458 9.99369E-05 0.700814 9.99369E-05
0.0457341 9.9946E-05 9.9946E-05 0.232939 0.659106 9.9946E-05 9.9946E-05 9.9946E-05 0.0616213 9.9946E-05
0.0687166 0.0138228 9.99639E-05 0.214131 0.101417 9.99639E-05 0.0176938 9.99639E-05 0.583819 9.99639E-05
9.9946E-05 9.9946E-05 9.9946E-05 9.9946E-05 9.9946E-05 0.118492 0.0474165 9.9946E-05 0.790598 0.0428937
0.112148 0.015294 9.9955E-05 0.314549 0.498067 9.9955E-05 9.9955E-05 9.9955E-05 0.059442 9.9955E-05
9.99459E-05 9.99459E-05 9.99459E-05 0.142361 0.611959 0.133948 9.99459E-05 9.99459E-05 0.111133 9.99459E-05
9.9964E-05 0.0185489 0.0134367 0.0211017 9.9964E-05 9.9964E-05 9.9964E-05 0.153025 0.0591713 0.734317
9.99639E-05 0.0500587 0.134623 9.99639E-05 0.0930046 0.0234279 9.99639E-05 0.0353996 9.99639E-05 0.663086
9.99639E-05 0.0200997 9.99639E-05 0.0204942 0.689819 0.00882324 9.99639E-05 0.0963017 9.99639E-05 0.164063
9.99549E-05 9.99549E-05 0.0255119 9.99549E-05 0.0997066 0.30213 9.99549E-05 0.00990705 9.99549E-05 0.562245
9.9955E-05 9.9955E-05 0.0559766 9.9955E-05 9.9955E-05 0.0136077 9.9955E-05 0.0885772 0.0474607 0.793878
9.99459E-05 0.0799628 0.523051 9.99459E-05 0.106882 9.99459E-05 9.99459E-05 9.99459E-05 9.99459E-05 0.289505
9.99549E-05 9.99549E-05 0.268286 9.99549E-05 0.0773906 9.99549E-05 9.99549E-05 0.0693278 0.0174457 0.567051
9.995E-05 0.0156582 9.995E-05 9.995E-05 0.668321 9.995E-05 9.995E-05 0.0720841 0.137624 0.105813
9.9937E-05 9.9937E-05 9.9937E-05 0.139193 0.287605 9.9937E-05 9.9937E-05 9.9937E-05 0.572503 9.9937E-05
0.00554243 9.996E-05 9.996E-05 0.0196429 0.233909 9.996E-05 0.0862018 0.144205 9.996E-05 0.510099
9.9955E-05 9.9955E-05 0.00613864 9.9955E-05 0.777965 9.9955E-05 0.0151039 0.0668121 0.13348 9.9955E-05
9.995E-05 0.037476 9.995E-05 0.0179998 0.689105 9.995E-05 9.995E-05 0.249295 0.00562478 9.995E-05
9.99549E-05 9.99549E-05 9.99549E-05 9.99549E-05 0.493396 0.060316 0.0219699 0.117081 9.99549E-05 0.306737
9.9937E-05 9.9937E-05 9.9937E-05 0.0776665 0.772201 9.9937E-05 9.9937E-05 9.9937E-05 0.149433 9.9937E-05
0.0264719 0.00722671 9.9964E-05 9.9964E-05 0.536821 9.9964E-05 0.0476981 9.9964E-05 0.118112 0.26327
0.0798894 0.115902 9.995E-05 0.276643 0.0644846 9.995E-05 9.995E-05 9.995E-05 9.995E-05 0.462582
0.0346716 0.0256906 9.997E-05 9.997E-05 0.624608 0.122477 9.997E-05 0.0828285 0.0221795 0.0872455
0.00727635 9.99549E-05 9.99549E-05 9.99549E-05 0.487911 9.99549E-05 0.163879 0.0530398 9.99549E-05 0.287394
9.99549E-05 9.99549E-05 0.0139119 9.99549E-05 0.0555421 0.457447 9.99549E-05 0.00918991 9.99549E-05 0.463409
0.0326834 0.0216114 9.9982E-05 0.00553947 0.229842 0.0181207 0.0717814 0.0362674 9.9982E-05 0.583954
0.030287 9.9964E-05 0.0158424 9.9964E-05 0.590938 0.00148909 9.9964E-05 9.9964E-05 0.302905 0.0581395
0.0455312 9.995E-05 0.0413304 9.995E-05 0.834124 9.995E-05 0.0415367 9.995E-05 9.995E-05 0.0369781
9.9937E-05 9.9937E-05 9.9937E-05 0.075805 0.499855 9.9937E-05 9.9937E-05 9.9937E-05 0.423641 9.9937E-05
9.99549E-05 9.99549E-05 0.0146386 0.0250124 0.0666314 0.107462 9.99549E-05 9.99549E-05 9.99549E-05 0.785756
0.00671454 0.000533685 9.9973E-05 0.114435 0.359877 0.0482891 9.9973E-05 0.113083 9.9973E-05 0.356768
0.0125414 9.99459E-05 9.99459E-05 0.0659253 0.645089 9.99459E-05 9.99459E-05 9.99459E-05 0.275845 9.99459E-05
0.0357935 9.9964E-05 0.118132 0.263608 9.9964E-05 0.0671173 9.9964E-05 0.0400753 9.9964E-05 0.474874
9.9946E-05 9.9946E-05 9.9946E-05 0.397227 9.9946E-05 0.455939 9.9946E-05 0.0243802 9.9946E-05 0.121854
0.0621306 0.0767824 9.9973E-05 0.0859497 0.417507 9.9973E-05 0.0444555 0.0124313 0.300443 9.9973E-05
0.0161616 0.0262221 9.99639E-05 0.64619 0.0323242 9.99639E-05 0.132714 9.99639E-05 0.145988 9.99639E-05
9.9955E-05 0.0458945 9.9955E-05 0.172402 9.9955E-05 0.388006 9.9955E-05 0.146385 9.9955E-05 0.246813
9.99459E-05 9.99459E-05 0.163955 0.36721 9.99459E-05 9.99459E-05 9.99459E-05 0.0880893 9.99459E-05 0.380146
9.9955E-05 9.9955E-05 0.132602 0.264569 9.9955E-05 0.0912236 9.9955E-05 0.173015 9.9955E-05 0.338091
9.9928E-05 9.9928E-05 9.9928E-05 0.264658 9.9928E-05 9.9928E-05 9.9928E-05 9.9928E-05 0.734542 9.9928E-05
0.000348086 9.9946E-05 9.9946E-05 0.422303 0.522445 9.9946E-05 9.9946E-05 0.0543038 9.9946E-05 9.9946E-05
0.0195609 9.99729E-05 9.99729E-05 0.240343 0.017556 0.184798 0.368214 0.0507652 9.99729E-05 0.118463
9.99369E-05 9.99369E-05 9.99369E-05 0.321476 9.99369E-05 0.20874 9.99369E-05 9.99369E-05 9.99369E-05 0.469085
0.0180708 0.00226488 9.996E-05 0.236588 0.124726 9.996E-05 0.12165 9.996E-05 0.496301 9.996E-05
9.9946E-05 0.0716365 9.9946E-05 0.276771 0.509566 9.9946E-05 9.9946E-05 9.9946E-05 9.9946E-05 0.141427
9.99549E-05 0.0122773 9.99549E-05 0.310842 0.560287 9.99549E-05 9.99549E-05 0.0476942 9.99549E-05 0.0683991
0.0130611 0.00843391 9.99639E-05 0.439663 9.99639E-05 0.112831 0.372731 9.99639E-05 9.99639E-05 0.0528806
0.044209 9.99549E-05 9.99549E-05 0.0288276 0.688135 9.99549E-05 0.225779 9.99549E-05 9.99549E-05 0.0125499
0.0404909 9.997E-05 9.997E-05 0.00270354 0.259777 0.197645 0.0672101 0.0259258 9.997E-05 0.405948
9.99639E-05 9.99639E-05 9.99639E-05 0.31858 0.150265 0.188794 0.107036 0.0298475 9.99639E-05 0.205078
9.9964E-05 0.00599979 0.206675 0.268043 9.9964E-05 0.216293 9.9964E-05 0.0424216 9.9964E-05 0.260168
0.140431 0.018952 9.99549E-05 0.380329 0.350077 9.99549E-05 9.99549E-05 9.99549E-05 0.109712 9.99549E-05
0.035527 9.996E-05 9.996E-05 0.265929 9.996E-05 0.0706723 9.996E-05 0.0257434 0.00914175 0.592587
9.99459E-05 9.99459E-05 0.386031 0.189584 0.0706484 9.99459E-05 9.99459E-05 9.99459E-05 9.99459E-05 0.353136
9.99369E-05 9.99369E-05 9.99369E-05 0.196577 0.485247 9.99369E-05 9.99369E-05 9.99369E-05 0.317476 9.99369E-05
9.99549E-05 9.99549E-05 9.99549E-05 0.0323428 0.579601 0.196234 9.99549E-05 0.0771694 9.99549E-05 0.114153
0.0735938 9.9955E-05 9.9955E-05 0.165629 0.736608 9.9955E-05 9.9955E-05 0.00414617 9.9955E-05 0.019524
9.9973E-05 0.0174071 0.010707 0.0217452 9.9973E-05 0.0245442 9.9973E-05 0.151064 0.0495521 0.72468
0.1515 0.0592207 0.296387 9.998E-05 0.0548629 9.998E-05 0.0296432 0.0815361 0.0665945 0.260055
0.0964446 9.9964E-05 9.9964E-05 0.0507472 0.0736184 0.0083036 9.9964E-05 0.052517 9.9964E-05 0.717969
9.9946E-05 0.00404125 9.9946E-05 0.173936 0.55335 9.9946E-05 9.9946E-05 9.9946E-05 0.268073 9.9946E-05
0.0558202 9.9964E-05 0.0224267 0.0239623 0.152643 9.9964E-05 9.9964E-05 0.0251437 9.9964E-05 0.719604
0.00964528 0.0367224 9.9973E-05 0.074052 0.00747733 9.9973E-05 0.0827751 0.073554 9.9973E-05 0.715474
9.9964E-05 9.9964E-05 0.00381675 9.9964E-05 9.9964E-05 0.145772 0.0309455 0.0567897 0.0696406 0.692635
9.9937E-05 9.9937E-05 9.9937E-05 9.9937E-05 0.702016 9.9937E-05 0.0660111 9.9937E-05 0.231273 9.9937E-05
9.99639E-05 0.033792 9.99639E-05 0.117829 0.52621 9.99639E-05 0.0222413 0.000262412 9.99639E-05 0.299266
9.9973E-05 0.00679295 0.0843937 9.9973E-05 0.083735 0.358504 9.9973E-05 0.107823 0.0350029 0.323448
0.0655978 9.9973E-05 0.0287756 0.175436 0.403572 9.9973E-05 9.9973E-05 0.0182301 0.178654 0.129435
0.00283138 0.0588075 0.00976773 9.9973E-05 9.9973E-05 9.9973E-05 0.000241619 0.0265205 0.0422286 0.859303
0.0110027 9.997E-05 0.432889 9.997E-05 0.268723 0.032421 0.0536755 9.997E-05 0.143165 0.0578234
9.9955E-05 9.9955E-05 9.9955E-05 0.11397 0.291419 9.9955E-05 0.0802748 0.156362 9.9955E-05 0.357475
9.9946E-05 9.9946E-05 9.9946E-05 0.0336997 0.52132 9.9946E-05 9.9946E-05 0.0180341 0.426347 9.9946E-05
9.9964E-05 0.0200441 9.9964E-05 0.188682 0.402324 9.9964E-05 0.0160513 0.107543 9.9964E-05 0.264956
0.036876 0.023435 9.997E-05 0.198899 0.263343 0.119912 0.247929 9.997E-05 0.109306 9.997E-05
9.9955E-05 9.9955E-05 9.9955E-05 0.0690021 0.145827 0.062719 0.146433 9.9955E-05 0.57552 9.9955E-05
0.0638836 9.99549E-05 9.99549E-05 0.138311 0.542884 9.99549E-05 0.0972231 9.99549E-05 9.99549E-05 0.157198
9.994E-05 9.994E-05 9.994E-05 0.0455637 0.458152 9.994E-05 0.431366 0.0643184 9.994E-05 9.994E-05
9.99549E-05 9.99549E-05 9.99549E-05 0.245881 0.523527 0.143197 0.0281972 9.99549E-05 9.99549E-05 0.0586974
9.99639E-05 9.99639E-05 0.251521 0.142579 0.100552 0.202152 0.00687206 9.99639E-05 9.99639E-05 0.295924
9.995E-05 0.0154119 9.995E-05 0.323234 0.0238183 9.995E-05 0.0449789 9.995E-05 0.592057 9.995E-05
0.0396766 0.0149949 0.557836 0.307515 9.9964E-05 9.9964E-05 9.9964E-05 9.9964E-05 0.0179455 0.0616321
9.99639E-05 9.99639E-05 0.0436599 9.99639E-05 0.0505119 0.027749 0.360258 0.182443 9.99639E-05 0.334978
0.00231416 0.00267053 0.0390215 9.9973E-05 0.0534758 0.756881 0.122935 9.9973E-05 0.0224014 9.9973E-05
9.99549E-05 9.99549E-05 9.99549E-05 9.99549E-05 0.122619 0.0307542 0.233849 9.99549E-05 0.556009 0.0562695
9.99369E-05 9.99369E-05 9.99369E-05 9.99369E-05 0.25586 9.99369E-05 0.116874 9.99369E-05 0.626566 9.99369E-05
9.9955E-05 9.9955E-05 0.348257 0.198443 0.083511 0.191413 9.9955E-05 9.9955E-05 9.9955E-05 0.177876
0.0780705 0.0120803 9.9973E-05 0.0315169 0.651064 0.132843 0.028992 9.9973E-05 9.9973E-05 0.0651329
0.060511 0.0126586 9.99729E-05 0.148672 0.314735 0.0136244 0.33603 9.99729E-05 9.99729E-05 0.113469
9.994E-05 9.994E-05 9.994E-05 9.994E-05 0.123389 9.994E-05 0.128896 9.994E-05 0.73098 0.0161359
9.99459E-05 9.99459E-05 9.99459E-05 0.234623 9.99459E-05 0.283782 0.406812 9.99459E-05 0.0741834 9.99459E-05
9.998E-05 0.0551358 0.285352 0.275845 0.0358834 0.160252 0.142915 9.998E-05 0.00897886 0.0354383
9.99549E-05 9.99549E-05 9.99549E-05 0.0212694 0.0530991 0.392105 9.99549E-05 0.0403335 9.99549E-05 0.492694
0.00659563 9.99549E-05 9.99549E-05 9.99549E-05 0.0448962 0.56895 0.122505 9.99549E-05 9.99549E-05 0.256554
0.0103401 9.998E-05 0.355088 0.0145657 0.0889712 0.116864 0.331712 9.998E-05 0.0548672 0.0273913
9.9964E-05 0.00984796 9.9964E-05 9.9964E-05 0.638575 9.9964E-05 0.017697 0.0910156 0.191732 0.0507326
9.9964E-05 0.00683666 9.9964E-05 9.9964E-05 0.040937 9.9964E-05 0.0722873 0.0801168 0.00353522 0.795887
9.9964E-05 9.9964E-05 0.0430168 9.9964E-05 0.735527 9.9964E-05 0.0818851 0.0429659 0.0861685 0.0100372
9.99549E-05 9.99549E-05 9.99549E-05 0.0262939 0.528704 9.99549E-05 0.200016 0.0917187 9.99549E-05 0.152768
9.9955E-05 0.00920024 9.9955E-05 0.0819773 0.0418212 9.9955E-05 9.9955E-05 0.147732 9.9955E-05 0.718769
9.9946E-05 0.0083285 9.9946E-05 9.9946E-05 0.454773 9.9946E-05 9.9946E-05 9.9946E-05 0.455057 0.0812419
0.0387117 9.99549E-05 9.99549E-05 9.99549E-05 0.153342 0.142527 0.311463 9.99549E-05 0.353456 9.99549E-05
9.99639E-05 0.00572753 9.99639E-05 0.151373 0.706377 0.0535018 0.0249714 9.99639E-05 0.0576491 9.99639E-05
9.9955E-05 0.0297131 9.9955E-05 0.115734 9.9955E-05 0.71003 0.104389 9.9955E-05 0.0396337 9.9955E-05
9.99639E-05 0.0463688 9.99639E-05 0.302596 0.165602 0.339342 0.131867 9.99639E-05 0.0138244 9.99639E-05
9.99549E-05 9.99549E-05 9.99549E-05 0.134698 0.239838 0.466224 9.99549E-05 0.147618 9.99549E-05 0.0111215
9.99369E-05 9.99369E-05 9.99369E-05 9.99369E-05 0.190435 0.260448 9.99369E-05 9.99369E-05 0.548417 9.99369E-05
9.99459E-05 9.99459E-05 0.59298 9.99459E-05 0.126455 0.195731 9.99459E-05 0.084234 9.99459E-05 9.99459E-05
0.132093 0.0356499 9.998E-05 0.058294 0.362557 0.0982463 0.159034 0.0784468 0.0754796 9.998E-05
0.0671917 9.99729E-05 0.0940374 0.0162836 0.0892535 0.514696 0.0720663 9.99729E-05 9.99729E-05 0.146171
9.99459E-05 9.99459E-05 0.432035 9.99459E-05 0.0815345 0.334772 9.99459E-05 0.151059 9.99459E-05 9.99459E-05
9.99369E-05 9.99369E-05 9.99369E-05 9.99369E-05 0.0524764 0.899602 9.99369E-05 0.0472224 9.99369E-05 9.99369E-05
9.996E-05 0.000315731 9.996E-05 0.0403533 0.0517529 0.654145 9.996E-05 0.0937078 9.996E-05 0.159325
0.0382075 9.9955E-05 9.9955E-05 9.9955E-05 0.0525718 0.825341 9.9955E-05 0.0498054 0.0335744 9.9955E-05
0.0217026 0.0587128 9.996E-05 9.996E-05 0.519672 0.191652 0.132668 0.0751929 9.996E-05 9.996E-05
0.0828046 0.0367178 9.9955E-05 0.120261 0.712647 9.9955E-05 0.0470698 9.9955E-05 9.9955E-05 9.9955E-05
0.035769 9.998E-05 0.579436 0.134884 0.0506483 0.0664164 9.998E-05 0.0200612 0.0483416 0.0642433
0.00468188 9.9964E-05 0.00399005 0.00804326 9.9964E-05 0.643766 0.190868 9.9964E-05 0.148251 9.9964E-05
0.0888975 0.0557837 0.0566909 0.171801 0.246649 0.0454033 0.181982 9.998E-05 0.152592 9.998E-05
9.99459E-05 9.99459E-05 9.99459E-05 0.0645377 9.99459E-05 0.0747516 9.99459E-05 0.0242675 0.835843 9.99459E-05
9.9937E-05 9.9937E-05 9.9937E-05 9.9937E-05 0.692709 0.0103337 9.9937E-05 9.9937E-05 0.296258 9.9937E-05
0.00970528 9.9964E-05 9.9964E-05 9.9964E-05 0.121091 0.0660286 0.0142697 9.9964E-05 0.780367 0.00813851
