0.129595 0.450612 9.9964E-05 0.0259455 9.9964E-05 0.120363 9.9964E-05 9.9964E-05 0.273085
0.0590661 0.412209 9.9973E-05 9.9973E-05 9.9973E-05 0.0046378 0.00468443 0.172493 0.34661
9.9973E-05 9.9973E-05 0.0375088 0.0272877 0.0684893 0.0360919 0.0189248 9.9973E-05 0.811398
0.0456865 0.367147 0.219252 0.11721 0.0258349 0.0265133 9.9991E-05 0.178851 0.0194061
0.200423 0.404466 0.162867 0.0771812 9.9973E-05 9.9973E-05 0.0289675 0.125795 9.9973E-05
0.106399 0.0847981 9.99639E-05 0.390514 9.99639E-05 9.99639E-05 0.0614323 9.99639E-05 0.356457
9.99549E-05 9.99549E-05 0.0122923 9.99549E-05 0.133629 9.99549E-05 9.99549E-05 0.0380411 0.815538
9.995E-05 0.163231 9.995E-05 0.229822 9.995E-05 9.995E-05 0.0813352 9.995E-05 0.525113
9.9982E-05 0.375499 0.116412 0.159 9.9982E-05 0.00294171 0.031359 0.0976795 0.216908
9.99549E-05 9.99549E-05 9.99549E-05 0.360014 0.391953 0.0572192 9.99549E-05 9.99549E-05 0.190314
0.0537368 0.262461 0.0128435 0.107052 9.9973E-05 9.9973E-05 9.9973E-05 0.473674 0.0899333
9.99549E-05 0.477528 0.138041 0.246887 9.99549E-05 9.99549E-05 9.99549E-05 0.137045 9.99549E-05
0.244484 9.9982E-05 0.253949 0.0149784 0.0339164 9.9982E-05 0.0707673 0.150399 0.231306
9.9946E-05 9.9946E-05 9.9946E-05 0.2688 9.9946E-05 0.00530493 9.9946E-05 9.9946E-05 0.725295
9.99459E-05 0.506549 9.99459E-05 0.062376 9.99459E-05 9.99459E-05 9.99459E-05 0.430475 9.99459E-05
0.00810089 9.9982E-05 9.9982E-05 0.0623225 0.398963 0.0339218 0.0326263 0.0131093 0.450756
9.9964E-05 9.9964E-05 0.0494243 0.0330613 0.056471 9.9964E-05 9.9964E-05 0.0330817 0.827562
0.0315066 0.0463097 9.99607E-05 9.99607E-05 9.99607E-05 9.99607E-05 9.99607E-05 0.0640983 0.857586
0.0139757 0.362865 0.264393 0.0651464 9.9964E-05 9.9964E-05 9.9964E-05 9.9964E-05 0.29322
9.9937E-05 9.9937E-05 9.9937E-05 9.9937E-05 9.9937E-05 0.811875 9.9937E-05 0.187425 9.9937E-05
9.99369E-05 9.99369E-05 0.178753 9.99369E-05 9.99369E-05 0.820547 9.99369E-05 9.99369E-05 9.99369E-05
0.0771964 9.99459E-05 9.99459E-05 0.0364712 9.99459E-05 0.885733 9.99459E-05 9.99459E-05 9.99459E-05
9.99369E-05 9.99369E-05 0.371466 9.99369E-05 9.99369E-05 0.627835 9.99369E-05 9.99369E-05 9.99369E-05
9.995E-05 0.0612105 0.116186 9.995E-05 9.995E-05 0.738841 9.995E-05 0.0832629 9.995E-05
9.99639E-05 9.99639E-05 9.99639E-05 0.0181279 0.0325211 0.494711 0.169072 9.99639E-05 0.285168
9.99639E-05 0.300702 9.99639E-05 0.0514571 9.99639E-05 0.430926 0.125355 0.0911595 9.99639E-05
9.99459E-05 9.99459E-05 9.99459E-05 9.99459E-05 0.579914 0.22747 0.192016 9.99459E-05 9.99459E-05
0.11799 0.158619 0.0722083 9.9973E-05 9.9973E-05 0.380113 0.0992369 0.171533 9.9973E-05
0.0867219 9.99549E-05 9.99549E-05 0.0215008 0.0278784 0.863399 9.99549E-05 9.99549E-05 9.99549E-05
9.99369E-05 9.99369E-05 0.163245 9.99369E-05 9.99369E-05 0.836056 9.99369E-05 9.99369E-05 9.99369E-05
9.9955E-05 9.9955E-05 0.136292 9.9955E-05 0.232777 0.598558 9.9955E-05 9.9955E-05 0.0318732
0.136929 9.99729E-05 9.99729E-05 0.0573945 0.0603594 0.266481 0.430263 9.99729E-05 0.048274
9.99459E-05 9.99459E-05 9.99459E-05 9.99459E-05 0.370501 0.626826 9.99459E-05 9.99459E-05 0.0020731
9.99459E-05 9.99459E-05 9.99459E-05 9.99459E-05 0.00382353 0.718039 9.99459E-05 9.99459E-05 0.277538
9.99549E-05 9.99549E-05 0.155101 0.0195891 9.99549E-05 0.818104 9.99549E-05 0.00670646 9.99549E-05
9.99549E-05 0.0150115 0.0531513 9.99549E-05 9.99549E-05 0.744592 9.99549E-05 0.186745 9.99549E-05
9.99369E-05 9.99369E-05 9.99369E-05 9.99369E-05 9.99369E-05 0.689109 9.99369E-05 0.310191 9.99369E-05
9.99459E-05 0.0252986 0.303432 9.99459E-05 9.99459E-05 0.67067 9.99459E-05 9.99459E-05 9.99459E-05
0.0618838 0.068688 0.0266944 0.00678405 9.99643E-05 9.99643E-05 0.83555 9.99643E-05 9.99643E-05
0.097515 9.9946E-05 9.9946E-05 9.9946E-05 0.255132 9.9946E-05 0.646753 9.9946E-05 9.9946E-05
9.99459E-05 9.99459E-05 9.99459E-05 9.99459E-05 0.492948 0.0931929 0.413259 9.99459E-05 9.99459E-05
0.0333342 9.9964E-05 0.352241 9.9964E-05 0.0812144 0.020016 0.512795 9.9964E-05 9.9964E-05
0.0590859 9.99729E-05 9.99729E-05 0.0311312 0.020103 0.2887 0.55746 9.99729E-05 0.0432196
9.9964E-05 9.9964E-05 9.9964E-05 0.0188606 0.170045 0.102364 0.55793 9.9964E-05 0.150401
9.9955E-05 0.473207 0.11758 9.9955E-05 9.9955E-05 0.143039 0.265675 9.9955E-05 9.9955E-05
9.99459E-05 0.358711 9.99459E-05 9.99459E-05 9.99459E-05 9.99459E-05 0.577798 0.0628909 9.99459E-05
9.99549E-05 9.99549E-05 9.99549E-05 9.99549E-05 0.296011 0.182003 0.381722 9.99549E-05 0.139764
0.0584563 9.99549E-05 9.99549E-05 0.0606896 9.99549E-05 9.99549E-05 0.805269 0.0750856 9.99549E-05
0.0163151 9.9946E-05 9.9946E-05 9.9946E-05 0.654494 9.9946E-05 0.328591 9.9946E-05 9.9946E-05
9.9955E-05 0.191219 0.0540593 9.9955E-05 9.9955E-05 9.9955E-05 0.694104 0.0601182 9.9955E-05
0.0592701 9.9946E-05 9.9946E-05 9.9946E-05 0.275261 9.9946E-05 0.66487 9.9946E-05 9.9946E-05
0.0918946 9.9973E-05 0.281536 0.0107287 9.9973E-05 0.0609337 0.52253 0.0320766 9.9973E-05
9.99639E-05 0.14701 9.99639E-05 0.0243314 9.99639E-05 0.125048 0.414191 0.289019 9.99639E-05
9.9973E-05 0.198414 9.9973E-05 0.010684 9.9973E-05 0.0171308 0.512258 0.260741 0.000472506
9.9964E-05 0.160717 0.368131 9.9964E-05 9.9964E-05 0.10422 0.35763 0.00890252 9.9964E-05
9.9955E-05 0.100723 0.402883 9.9955E-05 9.9955E-05 0.475879 0.0200156 9.9955E-05 9.9955E-05
0.0730761 9.99549E-05 9.99549E-05 9.99549E-05 0.11808 9.99549E-05 0.770326 9.99549E-05 0.0380178
0.0315697 9.9973E-05 0.0824366 9.9973E-05 0.0957636 0.0760499 0.61517 0.0987104 9.9973E-05
0.0607173 9.99459E-05 9.99459E-05 9.99459E-05 0.270215 9.99459E-05 0.668468 9.99459E-05 9.99459E-05
9.99549E-05 0.0684341 0.0815839 9.99549E-05 9.99549E-05 9.99549E-05 0.730679 0.118804 9.99549E-05
9.99639E-05 0.137488 9.99639E-05 0.00538599 9.99639E-05 0.05227 0.692788 0.111668 9.99639E-05
9.99459E-05 0.243779 9.99459E-05 9.99459E-05 9.99459E-05 9.99459E-05 0.670109 0.0855116 9.99459E-05
0.132112 9.9964E-05 9.9964E-05 9.9964E-05 0.124275 0.0884107 0.502936 9.9964E-05 0.151866
9.99459E-05 9.99459E-05 0.470664 9.99459E-05 9.99459E-05 0.012216 0.51652 9.99459E-05 9.99459E-05
9.9946E-05 9.9946E-05 9.9946E-05 9.9946E-05 0.177282 9.9946E-05 0.475427 9.9946E-05 0.346691
9.996E-05 0.198379 9.996E-05 0.0557794 9.996E-05 0.189058 0.337725 0.218658 9.996E-05
9.9946E-05 0.260019 0.128613 9.9946E-05 9.9946E-05 9.9946E-05 0.610768 9.9946E-05 9.9946E-05
9.9955E-05 0.152008 0.0287193 9.9955E-05 9.9955E-05 9.9955E-05 0.54104 0.277733 9.9955E-05
9.996E-05 0.208841 9.996E-05 0.030521 9.996E-05 0.230583 0.399652 9.996E-05 0.130004
0.0874644 9.99639E-05 9.99639E-05 0.150977 9.99639E-05 0.382586 0.315612 9.99639E-05 0.0629606
0.0589577 9.99549E-05 9.99549E-05 9.99549E-05 0.397037 0.285226 0.25828 9.99549E-05 9.99549E-05
9.99549E-05 9.99549E-05 9.99549E-05 9.99549E-05 0.365006 0.00304798 0.521642 9.99549E-05 0.109804
9.994E-05 0.140725 0.189844 9.994E-05 9.994E-05 0.668831 9.994E-05 9.994E-05 9.994E-05
9.99458E-05 9.99458E-05 9.99458E-05 9.99458E-05 0.220331 9.99458E-05 0.638837 9.99458E-05 0.140233
9.99549E-05 0.207039 9.99549E-05 9.99549E-05 9.99549E-05 0.0517868 0.619851 0.120823 9.99549E-05
9.9973E-05 0.262667 0.0876321 0.0332906 9.9973E-05 0.283583 0.247159 0.0853682 9.9973E-05
9.99458E-05 9.99458E-05 9.99458E-05 9.99458E-05 0.181634 0.75209 9.99458E-05 9.99458E-05 0.0656758
9.9946E-05 9.9946E-05 9.9946E-05 9.9946E-05 0.567837 0.218487 0.213076 9.9946E-05 9.9946E-05
9.99549E-05 9.99549E-05 9.99549E-05 9.99549E-05 0.0614865 0.753122 0.0158082 9.99549E-05 0.169084
0.183948 9.99549E-05 9.99549E-05 0.108791 9.99549E-05 0.418686 0.288076 9.99549E-05 9.99549E-05
0.0858778 9.9955E-05 9.9955E-05 9.9955E-05 0.501449 0.164463 0.24771 9.9955E-05 9.9955E-05
9.99459E-05 9.99459E-05 0.353266 9.99459E-05 9.99459E-05 0.189193 0.456942 9.99459E-05 9.99459E-05
0.0264979 9.99549E-05 0.205351 9.99549E-05 0.0316977 9.99549E-05 0.735953 9.99549E-05 9.99549E-05
9.9964E-05 9.9964E-05 0.293047 9.9964E-05 0.0679898 0.109895 0.468996 0.059672 9.9964E-05
9.99459E-05 9.99459E-05 9.99459E-05 9.99459E-05 0.310944 9.99459E-05 0.644373 9.99459E-05 0.0440829
0.116248 9.9964E-05 0.0079225 9.9964E-05 9.9964E-05 0.0944812 0.615 0.165949 9.9964E-05
9.99459E-05 0.21555 0.195567 9.99459E-05 9.99459E-05 9.99459E-05 0.588283 9.99459E-05 9.99459E-05
9.99549E-05 9.99549E-05 9.99549E-05 0.047278 9.99549E-05 0.411417 0.172424 9.99549E-05 0.368381
9.99549E-05 9.99549E-05 9.99549E-05 9.99549E-05 0.179733 0.0143286 0.499975 9.99549E-05 0.305464
9.99549E-05 0.393925 9.99549E-05 9.99549E-05 9.99549E-05 0.436557 0.154194 9.99549E-05 0.0148246
9.99459E-05 9.99459E-05 9.99459E-05 9.99459E-05 9.99459E-05 0.0122099 0.577512 9.99459E-05 0.409679
9.9946E-05 9.9946E-05 9.9946E-05 9.9946E-05 9.9946E-05 0.0787189 0.48323 9.9946E-05 0.437451
9.9946E-05 0.539858 9.9946E-05 9.9946E-05 9.9946E-05 0.176481 0.283062 9.9946E-05 9.9946E-05
9.99459E-05 0.0677908 9.99459E-05 9.99459E-05 9.99459E-05 9.99459E-05 0.641892 9.99459E-05 0.289717
9.996E-05 0.0839285 9.996E-05 0.0495052 9.996E-05 0.176586 0.427925 9.996E-05 0.261656
0.591469 9.99459E-05 9.99459E-05 9.99459E-05 0.390938 9.99459E-05 0.0169934 9.99459E-05 9.99459E-05
0.636053 9.9964E-05 9.9964E-05 9.9964E-05 0.218729 0.0488714 0.0713785 9.9964E-05 0.0245682
0.7927 9.9955E-05 0.178453 9.9955E-05 0.0216693 9.9955E-05 0.00667788 9.9955E-05 9.9955E-05
0.463421 0.477751 9.9955E-05 0.00255336 9.9955E-05 9.9955E-05 9.9955E-05 9.9955E-05 0.0557748
0.587486 9.99639E-05 9.99639E-05 0.0182094 0.371097 9.99639E-05 9.99639E-05 0.0175341 0.00527364
0.233687 0.242401 0.0498433 0.0564795 9.9982E-05 0.00559866 9.9982E-05 0.0804964 0.331294
0.378385 9.99459E-05 9.99459E-05 9.99459E-05 0.101593 9.99459E-05 9.99459E-05 9.99459E-05 0.519422
0.732905 9.99369E-05 9.99369E-05 9.99369E-05 0.266395 9.99369E-05 9.99369E-05 9.99369E-05 9.99369E-05
0.69222 9.99549E-05 9.99549E-05 0.102381 9.99549E-05 0.0585487 9.99549E-05 9.99549E-05 0.146351
0.535945 0.104548 0.0423324 9.9964E-05 9.9964E-05 0.0486763 9.9964E-05 0.268098 9.9964E-05
0.288496 9.9946E-05 9.9946E-05 0.0581706 0.652733 9.9946E-05 9.9946E-05 9.9946E-05 9.9946E-05
0.410431 0.075586 9.9964E-05 0.00363995 9.9964E-05 0.0192813 9.9964E-05 0.490661 9.9964E-05
0.705629 9.99459E-05 9.99459E-05 9.99459E-05 0.164102 9.99459E-05 9.99459E-05 9.99459E-05 0.129669
0.541216 0.0489823 9.99729E-05 0.0147735 9.99729E-05 9.99729E-05 0.0510547 0.174113 0.169561
0.714743 9.99639E-05 9.99639E-05 0.152623 0.0598545 0.0609417 9.99639E-05 0.0114378 9.99639E-05
0.275291 0.00628613 9.9982E-05 0.0272297 0.0816423 0.0381721 9.9982E-05 0.0233631 0.547816
0.385499 0.388189 0.103492 9.99639E-05 9.99639E-05 9.99639E-05 0.0441489 0.0782712 9.99639E-05
0.36177 0.0119103 0.588542 9.99639E-05 9.99639E-05 0.00210732 9.99639E-05 9.99639E-05 0.0352711
0.630461 9.9964E-05 9.9964E-05 0.113158 0.064509 0.0846135 0.106859 9.9964E-05 9.9964E-05
0.592248 9.99459E-05 9.99459E-05 9.99459E-05 0.0950335 9.99459E-05 9.99459E-05 9.99459E-05 0.312119
0.740279 9.9964E-05 9.9964E-05 0.0762304 9.9964E-05 0.0573629 0.00329581 0.122432 9.9964E-05
0.656156 9.99369E-05 0.343144 9.99369E-05 9.99369E-05 9.99369E-05 9.99369E-05 9.99369E-05 9.99369E-05
0.127643 0.34821 0.0510664 0.116153 9.9982E-05 0.016353 9.9982E-05 0.247383 0.0929909
9.99459E-05 9.99459E-05 9.99459E-05 0.641482 0.127091 9.99459E-05 9.99459E-05 9.99459E-05 0.230827
0.0108469 0.146716 0.571951 0.00800529 0.0448466 9.9982E-05 0.0252256 9.9982E-05 0.192209
0.114637 9.99729E-05 9.99729E-05 0.176499 0.069332 0.0126867 9.99729E-05 0.0903168 0.536229
9.99368E-05 9.99368E-05 9.99368E-05 0.392913 0.606388 9.99368E-05 9.99368E-05 9.99368E-05 9.99368E-05
9.99639E-05 0.200321 0.210967 0.0470232 9.99639E-05 9.99639E-05 9.99639E-05 0.463444 0.0778442
9.9964E-05 9.9964E-05 0.012922 0.688023 0.0527298 0.00131506 9.9964E-05 0.244611 9.9964E-05
0.112654 0.112601 0.0400799 0.096946 9.998E-05 9.998E-05 0.107517 0.0541895 0.475812
9.99369E-05 9.99369E-05 0.30284 0.69646 9.99369E-05 9.99369E-05 9.99369E-05 9.99369E-05 9.99369E-05
9.9955E-05 9.9955E-05 0.0339779 0.177058 0.385561 9.9955E-05 9.9955E-05 9.9955E-05 0.402903
0.0273863 0.240926 0.0907458 0.193115 9.99729E-05 9.99729E-05 0.0372505 0.410276 9.99729E-05
9.99369E-05 9.99369E-05 0.465889 0.533412 9.99369E-05 9.99369E-05 9.99369E-05 9.99369E-05 9.99369E-05
9.99369E-05 9.99369E-05 9.99369E-05 0.317478 0.681823 9.99369E-05 9.99369E-05 9.99369E-05 9.99369E-05
0.00188905 0.533433 0.108071 9.99639E-05 9.99639E-05 9.99639E-05 9.99639E-05 0.326025 0.0301827
9.99459E-05 0.147221 0.313544 0.538636 9.99459E-05 9.99459E-05 9.99459E-05 9.99459E-05 9.99459E-05
9.99549E-05 0.0528116 0.387655 9.99549E-05 9.99549E-05 9.99549E-05 9.99549E-05 0.268535 0.290499
9.99369E-05 9.99369E-05 9.99369E-05 0.366863 0.632437 9.99369E-05 9.99369E-05 9.99369E-05 9.99369E-05
9.99639E-05 0.173581 0.421402 0.313708 9.99639E-05 9.99639E-05 9.99639E-05 0.0613523 0.0295581
0.124718 0.426712 9.9964E-05 9.9964E-05 9.9964E-05 9.9964E-05 0.00824722 0.395284 0.0446388
9.99639E-05 0.0828185 9.99639E-05 0.227535 9.99639E-05 0.00781066 9.99639E-05 0.0716539 0.609782
0.162601 0.0807462 0.394725 9.9982E-05 0.0638196 0.0679071 9.9982E-05 0.0332836 0.196718
0.0506197 0.0146699 0.437445 0.158331 9.9982E-05 0.0330853 9.9982E-05 0.116802 0.188847
9.99458E-05 9.99458E-05 9.99458E-05 0.434063 0.468966 9.99458E-05 9.99458E-05 9.99458E-05 0.0963705
9.9973E-05 0.18551 9.9973E-05 0.175612 9.9973E-05 0.0588065 0.0404179 0.233026 0.306327
0.0626696 0.065077 9.99639E-05 0.753895 9.99639E-05 9.99639E-05 0.00626446 9.99639E-05 0.111694
0.25653 9.9973E-05 9.9973E-05 0.211165 0.232123 0.0370463 0.0340447 9.9973E-05 0.228792
0.0818056 0.115543 0.241466 0.196844 9.999E-05 0.00234245 0.0747352 0.204256 0.0829084
0.453063 9.9955E-05 9.9955E-05 0.359108 9.9955E-05 9.9955E-05 0.0804535 0.106875 9.9955E-05
9.9964E-05 0.0393026 0.0358307 9.9964E-05 0.831982 0.0443467 9.9964E-05 0.048138 9.9964E-05
0.17979 9.99729E-05 9.99729E-05 0.363379 0.0579562 0.0390066 0.0116011 9.99729E-05 0.347967
0.112395 9.998E-05 9.998E-05 0.100389 0.220651 0.0197941 0.0205923 0.091045 0.434933
0.00221421 9.9973E-05 0.012099 0.19159 0.13307 0.0451945 9.9973E-05 0.615533 9.9973E-05
9.99549E-05 9.99549E-05 9.99549E-05 0.0461998 0.505553 9.99549E-05 9.99549E-05 0.0634252 0.384322
9.99549E-05 0.144332 0.372712 9.99549E-05 9.99549E-05 9.99549E-05 9.99549E-05 0.314612 0.167845
0.0615403 9.99639E-05 9.99639E-05 0.136634 0.392979 9.99639E-05 9.99639E-05 0.0844059 0.324041
0.0671776 9.9955E-05 0.404304 0.375716 0.152302 9.9955E-05 9.9955E-05 9.9955E-05 9.9955E-05
0.139735 0.0264285 0.521194 0.179341 0.0133435 9.9982E-05 9.9982E-05 0.10991 0.00984838
0.336235 0.0407963 9.9973E-05 0.365102 9.9973E-05 0.00132207 0.10936 0.146885 9.9973E-05
0.247656 0.122649 0.00693493 0.128563 9.9982E-05 9.9982E-05 0.0445396 0.0445759 0.404881
0.381275 0.0157261 9.9991E-05 0.366036 0.0361936 0.0584791 0.0103636 0.0611428 0.0706829
0.239787 9.99729E-05 0.438055 0.0758725 0.0329865 9.99729E-05 9.99729E-05 0.13137 0.0816293
0.131678 9.9955E-05 9.9955E-05 9.9955E-05 0.697027 9.9955E-05 9.9955E-05 0.0703339 0.100462
0.0184567 9.99459E-05 9.99459E-05 0.27169 0.709254 9.99459E-05 9.99459E-05 9.99459E-05 9.99459E-05
9.9955E-05 9.9955E-05 9.9955E-05 0.226062 0.0892489 9.9955E-05 0.0373394 9.9955E-05 0.646849
0.0268119 9.9973E-05 9.9973E-05 0.216154 0.61827 0.0158105 0.0347452 9.9973E-05 0.0879081
0.0523039 0.0216806 9.9955E-05 9.9955E-05 0.784363 9.9955E-05 9.9955E-05 0.141153 9.9955E-05
9.9964E-05 9.9964E-05 9.9964E-05 0.306405 0.114252 0.0095963 0.10315 9.9964E-05 0.466197
9.99549E-05 9.99549E-05 9.99549E-05 0.138049 0.123223 9.99549E-05 9.99549E-05 0.13879 0.599438
9.9955E-05 0.875503 9.9955E-05 0.0140449 0.0688548 0.0410973 9.9955E-05 9.9955E-05 9.9955E-05
9.99639E-05 0.617652 0.14184 9.99639E-05 9.99639E-05 0.0255985 9.99639E-05 0.0693674 0.145143
9.99639E-05 0.190693 9.99639E-05 0.0216739 9.99639E-05 0.0457813 9.99639E-05 0.0288264 0.712626
9.99549E-05 0.50448 0.0167437 9.99549E-05 9.99549E-05 9.99549E-05 9.99549E-05 0.35747 0.120807
0.00286495 0.859025 0.0322971 9.9964E-05 0.0605919 9.9964E-05 9.9964E-05 0.0448216 9.9964E-05
9.99549E-05 0.271429 0.522081 9.99549E-05 9.99549E-05 0.0814545 9.99549E-05 9.99549E-05 0.124536
9.99639E-05 0.596641 0.269533 9.99639E-05 0.00724475 9.99639E-05 9.99639E-05 0.00447678 0.121704
9.9955E-05 0.14563 9.9955E-05 9.9955E-05 0.15557 0.0334097 9.9955E-05 9.9955E-05 0.66489
9.9946E-05 9.9946E-05 9.9946E-05 0.129298 0.595718 9.9946E-05 9.9946E-05 9.9946E-05 0.274385
0.100252 0.551509 9.99639E-05 0.0245631 9.99639E-05 9.99639E-05 0.056026 9.99639E-05 0.26725
0.0148814 0.0629925 9.9964E-05 9.9964E-05 0.158896 0.00119455 9.9964E-05 9.9964E-05 0.761636
9.996E-05 0.0836853 9.996E-05 0.0207825 9.996E-05 0.104357 0.0662464 9.996E-05 0.724528
0.0146954 0.33709 9.99639E-05 9.99639E-05 9.99639E-05 0.00382378 9.99639E-05 0.082548 0.561443
9.9946E-05 9.9946E-05 9.9946E-05 0.0732764 0.181839 9.9946E-05 9.9946E-05 9.9946E-05 0.744285
0.0490436 0.247175 9.9964E-05 9.9964E-05 0.130161 9.9964E-05 0.00050965 9.9964E-05 0.572711
9.9973E-05 0.395706 9.9973E-05 0.308058 9.9973E-05 0.0901635 0.0545985 0.0249518 0.126222
9.9973E-05 0.0993429 9.9973E-05 9.9973E-05 0.0428407 0.0427497 0.0560093 0.128099 0.630659
0.170337 0.310186 9.99459E-05 9.99459E-05 9.99459E-05 9.99459E-05 9.99459E-05 9.99459E-05 0.518877
9.995E-05 0.395229 0.00917413 9.995E-05 9.995E-05 9.995E-05 9.995E-05 0.526228 0.0688692
0.0767798 0.536665 9.9973E-05 0.0230442 9.9973E-05 9.9973E-05 0.0173908 0.0564981 0.289322
9.9964E-05 0.0454887 0.0219677 9.9964E-05 0.335912 9.9964E-05 0.0171312 9.9964E-05 0.579101
0.0403 9.9964E-05 0.0592657 9.9964E-05 9.9964E-05 9.9964E-05 0.0307656 0.00925673 0.860012
9.9946E-05 9.9946E-05 9.9946E-05 0.0674596 0.466023 9.9946E-05 9.9946E-05 9.9946E-05 0.465918
9.99549E-05 0.69395 0.0168561 9.99549E-05 9.99549E-05 9.99549E-05 9.99549E-05 0.182735 0.105959
9.9973E-05 0.358054 9.9973E-05 0.127019 9.9973E-05 0.0122024 0.0385647 0.0666345 0.397226
9.99549E-05 9.99549E-05 9.99549E-05 0.0536992 0.321592 9.99549E-05 0.00643918 9.99549E-05 0.61777
0.0161061 0.490269 0.107041 0.264029 9.9973E-05 9.9973E-05 0.031264 0.0909914 9.9973E-05
9.9964E-05 0.111062 9.9964E-05 0.404342 9.9964E-05 0.0011444 0.00148519 0.481566 9.9964E-05
0.0535008 9.997E-05 9.997E-05 0.0809067 0.326206 0.0815843 0.05044 9.997E-05 0.407062
0.125514 9.99729E-05 9.99729E-05 0.645414 0.18008 0.0261065 0.00227305 9.99729E-05 0.0203125
9.9964E-05 0.353986 9.9964E-05 0.160602 0.00536565 0.107386 9.9964E-05 0.372261 9.9964E-05
9.99459E-05 0.451493 0.165488 0.38242 9.99459E-05 9.99459E-05 9.99459E-05 9.99459E-05 9.99459E-05
9.9964E-05 0.456628 0.112204 0.277261 9.9964E-05 9.9964E-05 0.0397647 0.113743 9.9964E-05
9.9937E-05 9.9937E-05 9.9937E-05 0.267488 0.731812 9.9937E-05 9.9937E-05 9.9937E-05 9.9937E-05
9.9955E-05 9.9955E-05 9.9955E-05 0.434336 9.9955E-05 0.00988467 0.0171742 9.9955E-05 0.538106
0.375142 0.12153 9.99729E-05 0.249368 9.99729E-05 9.99729E-05 0.0405556 0.181577 0.0315278
9.99459E-05 0.389946 9.99459E-05 0.319148 9.99459E-05 9.99459E-05 9.99459E-05 0.290305 9.99459E-05
0.13377 9.99549E-05 9.99549E-05 0.229645 0.531688 9.99549E-05 9.99549E-05 9.99549E-05 0.104396
9.9955E-05 0.113952 9.9955E-05 0.277469 9.9955E-05 0.0482218 9.9955E-05 9.9955E-05 0.559857
9.99639E-05 0.0835657 9.99639E-05 0.33045 9.99639E-05 0.0196753 0.0072556 9.99639E-05 0.558654
0.396961 9.99549E-05 9.99549E-05 0.457641 9.99549E-05 0.000870041 9.99549E-05 0.144028 9.99549E-05
0.232852 9.9973E-05 9.9973E-05 0.0246663 0.0201064 9.9973E-05 0.012564 0.0121913 0.69732
0.0623152 0.35794 9.99729E-05 0.000987665 9.99729E-05 9.99729E-05 0.0443117 0.262783 0.271363
0.107574 0.170285 9.99729E-05 0.315804 9.99729E-05 9.99729E-05 0.00138865 0.223374 0.181275
9.9964E-05 0.267456 0.205329 0.273025 9.9964E-05 0.0145333 9.9964E-05 0.239255 9.9964E-05
9.99639E-05 9.99639E-05 9.99639E-05 0.359823 0.165185 0.0228177 0.133382 9.99639E-05 0.318393
9.99639E-05 0.557555 9.99639E-05 0.273166 0.0172275 9.99639E-05 0.0198484 0.131803 9.99639E-05
9.99549E-05 0.305554 0.422973 0.173078 9.99549E-05 9.99549E-05 9.99549E-05 9.99549E-05 0.0978964
9.99459E-05 9.99459E-05 9.99459E-05 0.174895 0.362035 9.99459E-05 9.99459E-05 9.99459E-05 0.462471
9.99549E-05 0.118601 9.99549E-05 0.0344338 9.99549E-05 9.99549E-05 9.99549E-05 0.23473 0.611735
9.9964E-05 0.00711936 9.9964E-05 0.183475 0.00904634 9.9964E-05 0.0602793 9.9964E-05 0.73968
9.9964E-05 0.839176 9.9964E-05 0.0121272 0.0664196 0.0454102 9.9964E-05 0.0364672 9.9964E-05
0.00961056 0.28646 0.30215 9.9982E-05 0.0582616 0.0692887 0.192106 9.9982E-05 0.081923
9.9973E-05 0.675506 0.0108574 0.0428346 9.9973E-05 9.9973E-05 0.0842925 0.0628716 0.123338
9.995E-05 9.995E-05 9.995E-05 0.161639 0.304954 0.000738204 9.995E-05 9.995E-05 0.532169
0.00723108 0.689567 0.0387987 0.0262232 9.9973E-05 9.9973E-05 0.0394145 9.9973E-05 0.198466
0.0816902 0.752168 9.9982E-05 0.0688342 9.9982E-05 0.0395302 0.0130688 0.00197858 0.0425305
0.038032 0.699752 9.9955E-05 9.9955E-05 0.0823309 9.9955E-05 9.9955E-05 0.179385 9.9955E-05
0.0475365 9.9955E-05 0.00287401 9.9955E-05 0.257867 9.9955E-05 9.9955E-05 9.9955E-05 0.691223
0.00932736 0.258164 9.9973E-05 0.117836 9.9973E-05 0.0212697 9.9973E-05 0.0260942 0.567009
9.997E-05 0.377933 0.0840434 9.997E-05 0.0452743 0.0397488 9.997E-05 0.367714 0.0849862
9.9973E-05 0.151532 0.0217871 0.173309 0.210681 9.9973E-05 0.0544401 9.9973E-05 0.38795
0.0165861 0.845608 0.0329232 9.9973E-05 0.056196 0.0240418 9.9973E-05 0.0243447 9.9973E-05
0.0596112 9.9964E-05 0.456691 9.9964E-05 0.147589 9.9964E-05 9.9964E-05 0.0629809 0.272728
0.0604738 0.432759 9.9973E-05 0.12037 9.9973E-05 0.0181243 0.0423578 9.9973E-05 0.325614
9.9955E-05 0.00235169 9.9955E-05 0.0187919 0.471155 9.9955E-05 9.9955E-05 9.9955E-05 0.507201
9.9964E-05 0.29853 9.9964E-05 0.2022 9.9964E-05 0.0308647 0.0128933 9.9964E-05 0.455111
0.25372 9.998E-05 9.998E-05 0.207641 0.145196 0.0271375 0.0036949 0.119191 0.24322
0.139047 9.9964E-05 9.9964E-05 0.0566926 0.588208 9.9964E-05 9.9964E-05 0.0735249 0.142128
0.109788 0.0881387 9.99639E-05 0.165276 9.99639E-05 9.99639E-05 0.0415145 9.99639E-05 0.594882
0.440621 9.99459E-05 9.99459E-05 0.0494684 9.99459E-05 9.99459E-05 9.99459E-05 9.99459E-05 0.509311
0.0371509 0.00921992 9.99639E-05 0.235708 9.99639E-05 9.99639E-05 9.99639E-05 0.179346 0.538176
0.0120682 0.197287 0.271864 0.143477 9.99729E-05 9.99729E-05 9.99729E-05 0.233754 0.14125
0.0473771 9.99639E-05 9.99639E-05 0.323326 0.612765 0.0107048 9.99639E-05 9.99639E-05 0.00542775
9.9973E-05 0.0597335 0.560248 0.30521 0.0390845 0.0287094 0.00671524 9.9973E-05 9.9973E-05
0.348876 0.466794 0.0281613 9.99729E-05 9.99729E-05 0.0175542 9.99729E-05 0.0396231 0.0986912
0.119116 9.9964E-05 0.0391898 9.9964E-05 0.0553963 9.9964E-05 9.9964E-05 0.775859 0.0100396
0.247617 9.99549E-05 9.99549E-05 9.99549E-05 0.550842 9.99549E-05 9.99549E-05 0.0786078 0.122433
0.116367 9.99549E-05 9.99549E-05 0.00324338 0.645802 9.99549E-05 9.99549E-05 9.99549E-05 0.234087
9.9964E-05 0.112962 0.361461 0.196375 9.9964E-05 9.9964E-05 9.9964E-05 0.237924 0.0908775
0.0499488 0.00108371 9.9982E-05 0.0519319 9.9982E-05 0.0148231 0.0680656 0.150705 0.663242
0.34183 0.0110341 9.9982E-05 0.165731 9.9982E-05 0.00918757 0.0162288 0.0927005 0.363088
0.129391 0.0192555 9.99549E-05 9.99549E-05 0.739731 9.99549E-05 9.99549E-05 9.99549E-05 0.111123
0.410636 9.99549E-05 9.99549E-05 0.231216 0.0692466 9.99549E-05 9.99549E-05 0.288402 9.99549E-05
0.147577 9.99729E-05 0.317938 0.292587 9.99729E-05 0.0346978 9.99729E-05 0.15598 0.0509211
9.99549E-05 0.47066 9.99549E-05 0.0369905 9.99549E-05 9.99549E-05 9.99549E-05 0.427675 0.0641745
0.136502 0.157322 9.99549E-05 9.99549E-05 9.99549E-05 9.99549E-05 9.99549E-05 0.644739 0.0609374
0.330742 9.9973E-05 0.359857 0.0219209 0.0553601 9.9973E-05 9.9973E-05 0.143081 0.0887395
0.00888796 0.140768 9.9964E-05 9.9964E-05 0.212089 0.0281236 9.9964E-05 9.9964E-05 0.609731
0.0932941 0.841222 9.9946E-05 9.9946E-05 9.9946E-05 9.9946E-05 9.9946E-05 9.9946E-05 0.0648845
0.0530154 0.0730505 0.0326891 9.9964E-05 0.130232 9.9964E-05 9.9964E-05 9.9964E-05 0.710613
0.182119 0.192193 9.99639E-05 0.0489444 9.99639E-05 9.99639E-05 0.0153028 9.99639E-05 0.561041
9.9964E-05 0.786163 9.9964E-05 0.0862513 9.9964E-05 0.0367949 0.000540819 9.9964E-05 0.0898505
9.9955E-05 0.087259 9.9955E-05 9.9955E-05 0.48242 0.0048898 9.9955E-05 9.9955E-05 0.424931
0.33634 9.99549E-05 9.99549E-05 9.99549E-05 0.376572 9.99549E-05 9.99549E-05 0.154628 0.13196
0.0330553 9.99639E-05 9.99639E-05 0.146008 0.0877981 9.99639E-05 9.99639E-05 0.0558749 0.676864
0.107242 9.9964E-05 9.9964E-05 0.103224 0.0492252 0.037334 9.9964E-05 0.702576 9.9964E-05
0.129359 9.99729E-05 9.99729E-05 0.291785 0.0373456 0.0462974 9.99729E-05 0.345942 0.14897
9.9973E-05 0.0922933 9.9973E-05 0.157673 9.9973E-05 0.0409608 0.00513192 0.459821 0.24382
9.99459E-05 9.99459E-05 9.99459E-05 9.99459E-05 0.578783 9.99459E-05 9.99459E-05 0.247043 0.173574
9.9964E-05 9.9964E-05 0.626752 0.00174461 9.9964E-05 9.9964E-05 0.00848649 0.233675 0.128943
0.150314 9.9982E-05 9.9982E-05 0.075938 0.0814049 0.0458923 0.167445 0.0992892 0.379518
0.0699351 0.0895238 0.108423 0.0288119 9.9991E-05 0.0105867 0.0487999 0.538745 0.105075
9.9973E-05 0.10023 0.422508 9.9973E-05 9.9973E-05 0.0383938 0.00615652 0.35351 0.0789012
9.99549E-05 0.00505483 9.99549E-05 9.99549E-05 9.99549E-05 0.0213176 9.99549E-05 0.914154 0.0589736
9.9973E-05 0.183158 9.9973E-05 0.0304453 9.9973E-05 0.0452538 0.00278068 0.693829 0.0442328
9.9964E-05 9.9964E-05 9.9964E-05 9.9964E-05 0.0560021 0.0150761 0.0748058 0.840559 0.0131574
0.126817 9.99639E-05 9.99639E-05 9.99639E-05 9.99639E-05 0.0907036 0.0541308 0.188781 0.539168
0.0593717 9.9973E-05 9.9973E-05 0.133058 0.0332266 0.0304619 0.0656915 9.9973E-05 0.677891
9.9991E-05 0.117661 0.563367 0.123198 0.0793577 0.00587622 0.0295645 0.0352836 0.0455927
0.185143 9.9964E-05 0.00609411 0.0110272 0.158287 9.9964E-05 9.9964E-05 0.639049 9.9964E-05
0.189373 9.9991E-05 0.0542585 0.172378 0.192581 0.06199 0.0547113 0.0378986 0.23671
0.0201486 9.9964E-05 9.9964E-05 0.0693082 0.820789 0.0221712 9.9964E-05 0.0671834 9.9964E-05
9.9937E-05 9.9937E-05 9.9937E-05 9.9937E-05 0.345177 9.9937E-05 9.9937E-05 9.9937E-05 0.654123
0.0210279 9.9964E-05 9.9964E-05 9.9964E-05 0.782267 9.9964E-05 0.00229907 0.0804953 0.113511
