0.0886893 9.995E-05 9.995E-05 0.0852763 0.427729 0.125991 9.995E-05 0.0471222 0.224692 9.995E-05 9.995E-05
9.99459E-05 9.99459E-05 0.164164 0.0745636 0.403723 0.0587476 9.99459E-05 9.99459E-05 0.298202 9.99459E-05 9.99459E-05
0.0346568 0.0108259 9.99639E-05 0.026649 9.99639E-05 9.99639E-05 9.99639E-05 0.0163471 0.804481 0.0586091 0.0480314
0.0426548 0.189862 0.148413 9.9982E-05 0.394961 0.0439301 9.9982E-05 0.124271 0.0122986 0.0181555 0.0252536
9.99549E-05 0.113214 0.0417558 9.99549E-05 0.424445 0.184805 9.99549E-05 0.0720503 9.99549E-05 9.99549E-05 0.16323
9.996E-05 9.996E-05 9.996E-05 0.00966597 0.101694 0.0742288 0.0323803 0.398716 0.36067 9.996E-05 0.0222451
9.99459E-05 0.0225549 0.0358793 9.99459E-05 9.99459E-05 9.99459E-05 0.0218014 9.99459E-05 0.820615 0.0985503 9.99459E-05
9.9946E-05 9.9946E-05 9.9946E-05 0.161053 0.13368 9.9946E-05 0.0154052 0.221715 0.467547 9.9946E-05 9.9946E-05
0.0109098 0.11806 0.120448 0.0618904 0.319054 9.9973E-05 9.9973E-05 0.157265 0.181831 9.9973E-05 0.0302405
0.0703267 9.99369E-05 9.99369E-05 9.99369E-05 9.99369E-05 9.99369E-05 9.99369E-05 0.303069 0.229894 0.396011 9.99369E-05
0.0124507 9.99639E-05 0.463349 9.99639E-05 0.274187 0.0481166 9.99639E-05 0.112546 0.0867582 9.99639E-05 0.00219246
9.99459E-05 0.130337 0.156053 0.0209275 0.44128 9.99459E-05 9.99459E-05 0.250803 9.99459E-05 9.99459E-05 9.99459E-05
0.0280609 0.244696 0.104743 9.9973E-05 9.9973E-05 0.255179 0.00175368 0.0181192 0.276311 9.9973E-05 0.0708369
9.9928E-05 9.9928E-05 9.9928E-05 0.0260985 9.9928E-05 9.9928E-05 9.9928E-05 0.255456 0.717646 9.9928E-05 9.9928E-05
9.99369E-05 9.99369E-05 0.452846 0.0072941 0.477014 9.99369E-05 9.99369E-05 0.0621469 9.99369E-05 9.99369E-05 9.99369E-05
0.0397774 9.99549E-05 9.99549E-05 9.99549E-05 9.99549E-05 9.99549E-05 0.0370369 0.0294713 0.507219 0.348028 0.0379674
9.9946E-05 0.0501666 0.0559389 9.9946E-05 9.9946E-05 9.9946E-05 9.9946E-05 0.0367958 0.827041 0.0294575 9.9946E-05
9.99549E-05 9.99549E-05 0.062305 0.0202115 0.0438624 0.034823 9.99549E-05 0.00863598 0.829662 9.99549E-05 9.99549E-05
9.9955E-05 0.259188 9.9955E-05 0.0311818 0.354085 0.0270914 9.9955E-05 0.0772142 0.25074 9.9955E-05 9.9955E-05
0.772859 9.9937E-05 0.143803 9.9937E-05 9.9937E-05 0.00969568 9.9937E-05 9.9937E-05 9.9937E-05 9.9937E-05 0.0729433
0.846867 0.152234 9.9919E-05 9.9919E-05 9.9919E-05 9.9919E-05 9.9919E-05 9.9919E-05 9.9919E-05 9.9919E-05 9.9919E-05
0.892356 9.99278E-05 9.99278E-05 9.99278E-05 9.99278E-05 0.0718802 9.99278E-05 0.0349645 9.99278E-05 9.99278E-05 9.99278E-05
0.632594 0.337983 9.99279E-05 9.99279E-05 9.99279E-05 9.99279E-05 9.99279E-05 9.99279E-05 9.99279E-05 9.99279E-05 0.0286238
0.73578 0.0963745 0.0838851 0.0249677 0.0552577 9.99549E-05 9.99549E-05 9.99549E-05 9.99549E-05 9.99549E-05 0.00323507
0.461104 9.99459E-05 9.99459E-05 0.0403635 9.99459E-05 9.99459E-05 0.207839 0.0296152 0.260479 9.99459E-05 9.99459E-05
0.338299 9.99549E-05 0.0833318 0.262736 0.139493 9.99549E-05 9.99549E-05 0.055101 9.99549E-05 9.99549E-05 0.12054
0.214616 9.99369E-05 9.99369E-05 9.99369E-05 9.99369E-05 9.99369E-05 0.222115 9.99369E-05 9.99369E-05 0.51526 0.0473106
0.255438 0.0953023 0.121936 0.215724 9.9964E-05 0.126469 9.9964E-05 9.9964E-05 9.9964E-05 0.000458873 0.184273
0.847296 9.99549E-05 9.99549E-05 9.99549E-05 9.99549E-05 0.0933918 0.022363 0.0230467 0.00887385 0.00452869 9.99549E-05
0.866356 0.132745 9.99189E-05 9.99189E-05 9.99189E-05 9.99189E-05 9.99189E-05 9.99189E-05 9.99189E-05 9.99189E-05 9.99189E-05
0.542272 0.145921 9.9946E-05 9.9946E-05 9.9946E-05 9.9946E-05 0.0957663 9.9946E-05 0.04978 0.165661 9.9946E-05
0.167729 9.99639E-05 9.99639E-05 0.269699 9.99639E-05 0.14063 0.255451 0.0477312 9.99639E-05 0.0363472 0.0820122
0.57493 9.99368E-05 9.99368E-05 9.99368E-05 9.99368E-05 9.99368E-05 0.0932534 9.99368E-05 0.0350931 0.296024 9.99368E-05
0.636602 9.99369E-05 9.99369E-05 0.0309433 9.99369E-05 9.99369E-05 0.0874265 9.99369E-05 0.244328 9.99369E-05 9.99369E-05
0.842983 0.122006 9.99279E-05 9.99279E-05 9.99279E-05 9.99279E-05 9.99279E-05 0.0342122 9.99279E-05 9.99279E-05 9.99279E-05
0.744753 0.0210041 0.138792 9.99459E-05 0.0363378 9.99459E-05 9.99459E-05 9.99459E-05 9.99459E-05 9.99459E-05 0.0585135
0.704534 9.9937E-05 0.285413 9.9937E-05 9.9937E-05 9.9937E-05 9.9937E-05 9.9937E-05 9.9937E-05 0.00106955 0.00828407
0.681187 0.268612 9.99369E-05 9.99369E-05 0.0360172 9.99369E-05 9.99369E-05 9.99369E-05 9.99369E-05 9.99369E-05 0.0134836
9.99549E-05 9.99549E-05 9.99549E-05 9.99549E-05 0.018765 0.0411846 0.38878 0.011764 0.00844022 9.99549E-05 0.530566
9.9937E-05 0.0130521 9.9937E-05 9.9937E-05 9.9937E-05 0.153943 0.802333 9.9937E-05 9.9937E-05 9.9937E-05 0.0299725
0.0303431 9.99369E-05 9.99369E-05 0.0766245 9.99369E-05 9.99369E-05 0.591295 9.99369E-05 9.99369E-05 0.301038 9.99369E-05
0.0283314 0.302818 9.9964E-05 0.0353896 9.9964E-05 0.0406838 0.272575 9.9964E-05 9.9964E-05 0.0268922 0.292911
0.26049 9.99549E-05 9.99549E-05 9.99549E-05 9.99549E-05 0.0371488 0.448031 0.0479971 0.0255528 9.99549E-05 0.180281
0.0509106 9.99549E-05 0.110503 0.0485294 9.99549E-05 9.99549E-05 0.679031 0.0575649 0.0529617 9.99549E-05 9.99549E-05
9.99369E-05 0.153141 9.99369E-05 0.489908 0.129259 9.99369E-05 9.99369E-05 9.99369E-05 9.99369E-05 9.99369E-05 0.226992
9.99279E-05 9.99279E-05 9.99279E-05 9.99279E-05 0.27279 9.99279E-05 0.137155 9.99279E-05 9.99279E-05 9.99279E-05 0.589256
0.154603 9.99369E-05 9.99369E-05 9.99369E-05 9.99369E-05 9.99369E-05 0.620496 9.99369E-05 0.167843 0.0563593 9.99369E-05
9.99458E-05 9.99458E-05 0.0107539 9.99458E-05 9.99458E-05 0.0317476 0.485656 0.0804069 9.99458E-05 9.99458E-05 0.390836
9.9937E-05 9.9937E-05 9.9937E-05 9.9937E-05 0.00892061 0.0744724 0.472381 9.9937E-05 9.9937E-05 0.443527 9.9937E-05
9.9955E-05 0.00538601 0.00103154 0.117631 0.117327 9.9955E-05 0.297606 9.9955E-05 9.9955E-05 9.9955E-05 0.460519
9.99369E-05 9.99369E-05 9.99369E-05 9.99369E-05 9.99369E-05 0.107843 0.71282 9.99369E-05 9.99369E-05 0.0503946 0.128243
0.0634907 0.237093 0.0181549 9.9964E-05 9.9964E-05 0.0720168 0.390993 0.0202175 9.9964E-05 9.9964E-05 0.197634
0.113938 9.99639E-05 0.270641 0.144567 0.0112231 9.99639E-05 0.0690756 0.0306886 9.99639E-05 9.99639E-05 0.359467
9.99549E-05 9.99549E-05 0.222379 0.060687 0.187129 9.99549E-05 0.298465 0.00932239 9.99549E-05 9.99549E-05 0.221517
0.0252132 0.370231 0.0423704 0.177109 0.0362708 9.9964E-05 0.160174 9.9964E-05 9.9964E-05 9.9964E-05 0.188232
0.338446 0.395441 9.99279E-05 0.265314 9.99279E-05 9.99279E-05 9.99279E-05 9.99279E-05 9.99279E-05 9.99279E-05 9.99279E-05
9.99458E-05 9.99458E-05 9.99458E-05 9.99458E-05 9.99458E-05 0.0620481 0.541763 0.0183556 0.0687971 9.99458E-05 0.308437
0.0177105 0.0645447 0.0751862 0.202099 9.9973E-05 0.0427732 0.340459 9.9973E-05 9.9973E-05 0.0453766 0.211552
9.99459E-05 9.99459E-05 0.00698752 0.0559362 9.99459E-05 0.10391 0.805873 0.0266935 9.99459E-05 9.99459E-05 9.99459E-05
0.00462743 0.00286678 0.022881 9.99549E-05 9.99549E-05 0.0277794 0.169281 9.99549E-05 9.99549E-05 9.99549E-05 0.772065
0.0596235 9.99639E-05 0.0442941 0.0836037 0.0167205 9.99639E-05 0.162629 0.0437832 9.99639E-05 9.99639E-05 0.588946
9.99459E-05 9.99459E-05 0.021812 0.0653271 0.182478 9.99459E-05 0.320491 9.99459E-05 9.99459E-05 9.99459E-05 0.409292
0.0109634 9.99639E-05 9.99639E-05 0.238851 9.99639E-05 0.134776 0.258361 9.99639E-05 0.0779075 0.102105 0.176635
0.0306276 0.316252 9.99459E-05 9.99459E-05 9.99459E-05 9.99459E-05 0.000833751 9.99459E-05 9.99459E-05 0.00491706 0.64677
9.99459E-05 9.99459E-05 9.99459E-05 0.0910559 9.99459E-05 9.99459E-05 0.192978 9.99459E-05 0.305614 0.152988 0.256764
0.132637 9.99639E-05 0.216749 0.261133 0.0308914 9.99639E-05 0.0181289 0.0904048 9.99639E-05 9.99639E-05 0.249656
9.9928E-05 0.0588493 9.9928E-05 9.9928E-05 0.0333959 9.9928E-05 9.9928E-05 9.9928E-05 9.9928E-05 9.9928E-05 0.906955
9.9937E-05 9.9937E-05 0.118362 0.00694795 9.9937E-05 9.9937E-05 9.9937E-05 9.9937E-05 9.9937E-05 0.0739593 0.800031
0.073669 9.99458E-05 9.99458E-05 0.58095 9.99458E-05 9.99458E-05 9.99458E-05 0.033021 0.10392 9.99458E-05 0.20784
0.264091 9.99549E-05 9.99549E-05 0.323339 9.99549E-05 0.073219 0.124463 0.135654 9.99549E-05 9.99549E-05 0.0787344
0.132134 9.99459E-05 9.99459E-05 0.267695 9.99459E-05 0.042088 0.220453 9.99459E-05 9.99459E-05 0.33703 9.99459E-05
9.99459E-05 9.99459E-05 9.99459E-05 0.0172074 9.99459E-05 9.99459E-05 0.320116 9.99459E-05 0.119917 0.28571 0.25645
0.64935 0.192983 9.993E-05 0.0411251 0.115843 9.993E-05 9.993E-05 9.993E-05 9.993E-05 9.993E-05 9.993E-05
9.99368E-05 9.99368E-05 9.99368E-05 9.99368E-05 9.99368E-05 9.99368E-05 0.316185 9.99368E-05 0.149314 0.132087 0.401714
9.99459E-05 9.99459E-05 0.00339145 0.260695 9.99459E-05 0.0199933 9.99459E-05 0.0340787 9.99459E-05 9.99459E-05 0.681242
0.167353 0.0882792 0.101557 0.396608 0.0803606 9.99639E-05 9.99639E-05 0.0377588 9.99639E-05 9.99639E-05 0.127683
0.703912 9.99368E-05 9.99368E-05 9.99368E-05 9.99368E-05 9.99368E-05 0.0889327 9.99368E-05 0.0747957 0.13166 9.99368E-05
0.197871 9.9955E-05 9.9955E-05 0.00772573 9.9955E-05 9.9955E-05 0.289335 9.9955E-05 0.0449448 0.451536 0.00808812
0.691369 9.99278E-05 9.99278E-05 9.99278E-05 9.99278E-05 9.99278E-05 0.14774 9.99278E-05 0.160091 9.99278E-05 9.99278E-05
0.33401 9.99549E-05 9.99549E-05 0.261893 9.99549E-05 0.160624 0.110628 0.0821652 9.99549E-05 9.99549E-05 0.0501796
0.169077 9.9946E-05 9.9946E-05 9.9946E-05 9.9946E-05 0.119075 0.282587 9.9946E-05 9.9946E-05 0.391285 0.0373761
0.221593 0.257282 9.99412E-05 9.99412E-05 9.99412E-05 9.99412E-05 0.148863 9.99412E-05 9.99412E-05 9.99412E-05 0.371562
9.99369E-05 0.139654 9.99369E-05 9.99369E-05 9.99369E-05 0.00397696 0.4032 9.99369E-05 9.99369E-05 9.99369E-05 0.452469
0.0754894 0.26906 0.110901 0.0555535 9.9955E-05 9.9955E-05 0.418048 9.9955E-05 9.9955E-05 9.9955E-05 0.0704474
9.99368E-05 9.99368E-05 9.99368E-05 9.99368E-05 9.99368E-05 9.99368E-05 0.47872 9.99368E-05 0.0858751 0.160774 0.273932
0.104681 9.99459E-05 9.99459E-05 9.99459E-05 9.99459E-05 0.128436 0.0908723 9.99459E-05 9.99459E-05 0.00816821 0.667243
9.99279E-05 0.0960681 9.99279E-05 0.105458 9.99279E-05 9.99279E-05 9.99279E-05 9.99279E-05 9.99279E-05 9.99279E-05 0.797674
0.217593 9.99549E-05 9.99549E-05 0.528073 9.99549E-05 9.99549E-05 0.0386072 0.00368757 0.20067 0.0108694 9.99549E-05
9.99368E-05 9.99368E-05 9.99368E-05 0.2975 9.99368E-05 9.99368E-05 0.5405 9.99368E-05 0.131085 0.0302162 9.99368E-05
0.166376 9.99279E-05 9.99279E-05 0.74872 0.084105 9.99279E-05 9.99279E-05 9.99279E-05 9.99279E-05 9.99279E-05 9.99279E-05
9.99278E-05 9.99278E-05 9.99278E-05 0.434548 9.99278E-05 9.99278E-05 0.36018 9.99278E-05 0.204473 9.99278E-05 9.99278E-05
9.99278E-05 9.99278E-05 9.99278E-05 0.553234 9.99278E-05 9.99278E-05 0.272311 9.99278E-05 0.173656 9.99278E-05 9.99278E-05
9.99369E-05 0.0218635 9.99369E-05 0.795541 0.139358 9.99369E-05 9.99369E-05 9.99369E-05 9.99369E-05 9.99369E-05 0.0425374
9.99369E-05 9.99369E-05 9.99369E-05 0.303164 9.99369E-05 9.99369E-05 0.271215 9.99369E-05 0.195083 9.99369E-05 0.229839
9.99368E-05 9.99368E-05 9.99368E-05 0.673459 9.99368E-05 9.99368E-05 0.238641 0.0238178 0.0633821 9.99368E-05 9.99368E-05
9.99279E-05 9.99279E-05 9.99279E-05 9.99279E-05 9.99279E-05 0.601039 0.0449047 9.99279E-05 9.99279E-05 0.353257 9.99279E-05
0.0213646 0.00413642 9.9964E-05 9.9964E-05 0.0169591 0.618446 0.168693 9.9964E-05 0.031115 0.138886 9.9964E-05
9.99279E-05 0.182843 9.99279E-05 9.99279E-05 9.99279E-05 0.768463 0.0478945 9.99279E-05 9.99279E-05 9.99279E-05 9.99279E-05
9.9928E-05 9.9928E-05 9.9928E-05 0.215708 0.340597 0.442896 9.9928E-05 9.9928E-05 9.9928E-05 9.9928E-05 9.9928E-05
9.99279E-05 9.99279E-05 9.99279E-05 0.0528755 9.99279E-05 0.579093 9.99279E-05 9.99279E-05 9.99279E-05 0.367232 9.99279E-05
9.99639E-05 0.0298451 0.0898497 0.154448 0.196912 0.228961 9.99639E-05 0.0389683 0.260616 9.99639E-05 9.99639E-05
9.99279E-05 9.99279E-05 9.99279E-05 9.99279E-05 9.99279E-05 0.379481 9.99279E-05 9.99279E-05 0.543574 0.0761457 9.99279E-05
9.99369E-05 9.99369E-05 9.99369E-05 0.00296688 9.99369E-05 0.726029 0.0377055 9.99369E-05 9.99369E-05 0.232599 9.99369E-05
0.0331757 9.99549E-05 9.99549E-05 0.050359 9.99549E-05 0.675683 0.00966125 0.0985566 0.132065 9.99549E-05 9.99549E-05
0.0247378 0.0106541 0.223777 9.9955E-05 0.072789 0.539341 9.9955E-05 9.9955E-05 9.9955E-05 9.9955E-05 0.128201
9.99369E-05 9.99369E-05 9.99369E-05 9.99369E-05 9.99369E-05 0.298173 0.0563302 0.0357463 9.99369E-05 0.609051 9.99369E-05
0.00596102 9.9955E-05 0.451017 9.9955E-05 0.0445978 0.41037 9.9955E-05 0.00703164 9.9955E-05 9.9955E-05 0.0805222
9.99369E-05 9.99369E-05 9.99369E-05 9.99369E-05 9.99369E-05 0.701465 0.053187 9.99369E-05 0.14272 0.101928 9.99369E-05
9.99549E-05 9.99549E-05 0.170742 0.0943586 9.99549E-05 0.532014 9.99549E-05 0.0212667 0.160232 9.99549E-05 0.0208876
0.0671782 9.99459E-05 9.99459E-05 9.99459E-05 9.99459E-05 0.703251 9.99459E-05 0.151106 0.00889527 0.0689698 9.99459E-05
0.047436 9.99549E-05 0.0197102 9.99549E-05 9.99549E-05 0.278394 9.99549E-05 0.0478569 0.568702 0.0374012 9.99549E-05
9.99549E-05 0.0632432 0.0566781 0.0803141 0.328485 0.37516 9.99549E-05 9.99549E-05 9.99549E-05 9.99549E-05 0.0956196
9.99278E-05 0.569272 9.99278E-05 0.0667981 9.99278E-05 0.363131 9.99278E-05 9.99278E-05 9.99278E-05 9.99278E-05 9.99278E-05
0.0983578 9.99639E-05 9.99639E-05 9.99639E-05 9.99639E-05 0.608715 0.147544 0.115656 0.00997765 0.0165931 0.00275604
9.99369E-05 9.99369E-05 9.99369E-05 9.99369E-05 9.99369E-05 0.600047 0.0374788 9.99369E-05 0.308684 0.0530906 9.99369E-05
0.0613291 9.99459E-05 0.091524 9.99459E-05 9.99459E-05 0.718999 9.99459E-05 0.0837901 9.99459E-05 9.99459E-05 0.0437579
0.00323575 0.328003 9.99279E-05 9.99279E-05 9.99279E-05 0.667962 9.99279E-05 9.99279E-05 9.99279E-05 9.99279E-05 9.99279E-05
9.9964E-05 0.0325957 0.173232 9.9964E-05 0.328161 0.102637 9.9964E-05 0.114685 0.124026 9.9964E-05 0.124264
9.99369E-05 9.99369E-05 9.99369E-05 0.0281142 9.99369E-05 9.99369E-05 9.99369E-05 0.60271 0.228668 0.139808 9.99369E-05
9.9982E-05 0.566334 9.9982E-05 0.0417024 0.162796 0.0163791 0.00106032 0.00507531 0.167259 0.0242643 0.0149297
0.0200832 9.99639E-05 0.0926454 9.99639E-05 9.99639E-05 0.113076 0.00448244 0.178915 0.525799 0.0645984 9.99639E-05
9.99188E-05 9.99188E-05 9.99188E-05 9.99188E-05 9.99188E-05 9.99188E-05 9.99188E-05 0.355754 9.99188E-05 0.643347 9.99188E-05
9.99459E-05 0.180084 0.483095 9.99459E-05 0.24363 9.99459E-05 9.99459E-05 0.0544397 0.0381519 9.99459E-05 9.99459E-05
0.00907551 0.00587247 0.224964 9.99459E-05 9.99459E-05 9.99459E-05 9.99459E-05 0.676582 9.99459E-05 0.0829066 9.99459E-05
9.99729E-05 0.0187366 0.0145017 0.0371736 0.0971814 0.105901 9.99729E-05 0.108101 0.495691 9.99729E-05 0.122414
9.99189E-05 0.298835 9.99189E-05 9.99189E-05 9.99189E-05 9.99189E-05 9.99189E-05 0.700265 9.99189E-05 9.99189E-05 9.99189E-05
9.99459E-05 0.0283217 9.99459E-05 0.016952 9.99459E-05 9.99459E-05 9.99459E-05 0.138196 0.391935 0.423995 9.99459E-05
9.995E-05 0.0722429 0.341605 9.995E-05 0.26133 0.0356491 9.995E-05 0.193829 9.995E-05 9.995E-05 0.0948444
9.99279E-05 0.442007 9.99279E-05 0.0366049 9.99279E-05 9.99279E-05 9.99279E-05 0.520589 9.99279E-05 9.99279E-05 9.99279E-05
9.99189E-05 9.99189E-05 9.99189E-05 9.99189E-05 9.99189E-05 9.99189E-05 9.99189E-05 0.266884 9.99189E-05 0.732217 9.99189E-05
9.99459E-05 0.0923999 0.307053 9.99459E-05 0.58049 0.0123865 9.99459E-05 9.99459E-05 0.00707125 9.99459E-05 9.99459E-05
9.99369E-05 0.278735 9.99369E-05 9.99369E-05 0.150086 9.99369E-05 9.99369E-05 0.536081 9.99369E-05 9.99369E-05 0.0343984
9.99458E-05 0.353823 0.280613 9.99458E-05 0.106866 9.99458E-05 9.99458E-05 0.00196359 0.256135 9.99458E-05 9.99458E-05
9.99189E-05 9.99189E-05 9.99189E-05 9.99189E-05 9.99189E-05 9.99189E-05 9.99189E-05 0.305804 9.99189E-05 0.693297 9.99189E-05
9.99549E-05 0.398187 0.059359 9.99549E-05 0.192792 9.99549E-05 9.99549E-05 0.31338 0.0206393 9.99549E-05 0.0151429
9.99459E-05 9.99459E-05 0.350242 9.99459E-05 0.460866 0.114114 9.99459E-05 9.99459E-05 0.023111 9.99459E-05 0.0510671
9.99459E-05 9.99459E-05 0.0959056 0.106858 0.0265931 9.99459E-05 9.99459E-05 0.201148 0.568895 9.99459E-05 9.99459E-05
0.043416 0.419222 0.0485964 0.0333652 0.0257705 0.140935 9.9982E-05 9.9982E-05 0.19656 0.0728713 0.0190638
0.0427838 0.434923 0.110617 0.0153822 0.040542 0.0549227 9.9973E-05 0.140078 0.160452 9.9973E-05 9.9973E-05
9.99278E-05 9.99278E-05 9.99278E-05 9.99278E-05 9.99278E-05 9.99278E-05 9.99278E-05 0.371682 0.130224 0.497294 9.99278E-05
0.0532858 9.99549E-05 0.219872 9.99549E-05 0.224581 9.99549E-05 0.0599278 0.172276 0.269558 9.99549E-05 9.99549E-05
9.99458E-05 9.99458E-05 9.99458E-05 0.131742 0.00227798 0.0503548 9.99458E-05 0.719514 0.0955122 9.99458E-05 9.99458E-05
0.0361333 9.99549E-05 9.99549E-05 9.99549E-05 9.99549E-05 0.262422 0.0836109 0.180159 0.225608 0.211567 9.99549E-05
0.0192488 0.205308 0.168452 0.00109652 0.150482 0.0930201 0.00237494 0.21335 0.0710813 9.9991E-05 0.0754861
0.00606933 9.9955E-05 0.0301315 9.9955E-05 9.9955E-05 0.461102 0.0198604 0.365913 9.9955E-05 9.9955E-05 0.116423
0.0290957 0.0391335 0.0386186 9.9964E-05 0.03593 0.0327993 0.0277578 9.9964E-05 9.9964E-05 0.796265 9.9964E-05
0.0305775 9.99729E-05 0.00142599 0.0391384 9.99729E-05 0.176684 0.000823931 0.349913 0.321929 0.079208 9.99729E-05
0.0372284 9.99639E-05 0.0676205 9.99639E-05 9.99639E-05 0.114645 0.0512804 0.0823066 0.471204 0.175315 9.99639E-05
0.0265549 0.0209783 0.575119 9.9964E-05 9.9964E-05 0.0112325 9.9964E-05 0.180661 9.9964E-05 0.150031 0.0350239
9.99279E-05 9.99279E-05 0.0838589 9.99279E-05 9.99279E-05 9.99279E-05 9.99279E-05 9.99279E-05 0.404556 0.510786 9.99279E-05
9.99368E-05 0.33781 0.322867 9.99368E-05 0.195743 9.99368E-05 9.99368E-05 9.99368E-05 0.142882 9.99368E-05 9.99368E-05
9.99459E-05 9.99459E-05 0.108068 9.99459E-05 9.99459E-05 0.0740224 9.99459E-05 0.120965 0.305393 0.390952 9.99459E-05
9.9946E-05 0.429399 9.9946E-05 0.0069669 9.9946E-05 0.0605567 9.9946E-05 0.338822 9.9946E-05 0.163656 9.9946E-05
9.99729E-05 0.490973 0.121847 9.99729E-05 0.0545538 0.140703 9.99729E-05 0.159614 0.0184669 0.00121846 0.0123243
0.00842908 9.996E-05 0.104865 9.996E-05 0.0744913 0.312579 0.116075 0.366342 9.996E-05 9.996E-05 0.0168191
9.99459E-05 9.99459E-05 9.99459E-05 9.99459E-05 0.131344 0.227657 9.99459E-05 0.138161 0.420705 9.99459E-05 0.0815322
0.0723616 9.9973E-05 0.0238185 9.9973E-05 0.024663 0.364133 9.9973E-05 0.368692 0.0921156 0.0274901 0.026426
9.99549E-05 0.428315 0.162587 9.99549E-05 9.99549E-05 0.246577 9.99549E-05 0.0644967 0.0751191 0.0224045 9.99549E-05
9.9946E-05 9.9946E-05 0.0485359 9.9946E-05 0.00350046 0.158468 9.9946E-05 9.9946E-05 0.125668 0.663228 9.9946E-05
9.99279E-05 9.99279E-05 9.99279E-05 9.99279E-05 9.99279E-05 0.0570844 9.99279E-05 0.216836 9.99279E-05 0.72528 9.99279E-05
9.9937E-05 9.9937E-05 9.9937E-05 9.9937E-05 9.9937E-05 9.9937E-05 0.0688165 0.22285 0.645327 0.0623065 9.9937E-05
9.99459E-05 9.99459E-05 9.99459E-05 9.99459E-05 9.99459E-05 0.0376273 0.130746 0.173566 0.122788 0.534673 9.99459E-05
9.9937E-05 9.9937E-05 0.115374 9.9937E-05 0.0187937 0.110807 9.9937E-05 9.9937E-05 9.9937E-05 0.754327 9.9937E-05
9.9946E-05 9.9946E-05 9.9946E-05 0.0083755 9.9946E-05 9.9946E-05 0.154348 0.321898 0.480378 0.0344011 9.9946E-05
9.99459E-05 9.99459E-05 0.139319 0.00855833 9.99459E-05 9.99459E-05 9.99459E-05 0.128711 0.585699 0.137113 9.99459E-05
0.0460302 9.9946E-05 9.9946E-05 0.0853989 0.791633 9.9946E-05 9.9946E-05 0.0136173 9.9946E-05 0.0627213 9.9946E-05
0.0586491 0.108019 0.0593391 9.99459E-05 0.66402 9.99459E-05 9.99459E-05 9.99459E-05 0.109373 9.99459E-05 9.99459E-05
0.0129729 9.995E-05 0.0241724 0.12891 0.14531 9.995E-05 9.995E-05 0.0241537 0.663981 9.995E-05 9.995E-05
9.99369E-05 0.0206235 0.344202 9.99369E-05 0.54492 9.99369E-05 9.99369E-05 9.99369E-05 0.0895553 9.99369E-05 9.99369E-05
9.9955E-05 0.0315321 0.0190592 0.0355015 0.845498 0.00481749 9.9955E-05 9.9955E-05 9.9955E-05 0.0630917 9.9955E-05
0.0836458 0.494814 9.99459E-05 9.99459E-05 0.303001 9.99459E-05 9.99459E-05 9.99459E-05 0.111529 9.99459E-05 0.00640995
9.99459E-05 0.262189 0.0316815 0.0492994 0.581168 9.99459E-05 9.99459E-05 9.99459E-05 0.0750627 9.99459E-05 9.99459E-05
0.0162444 9.9946E-05 9.9946E-05 0.0725087 0.11683 9.9946E-05 9.9946E-05 9.9946E-05 0.645351 0.148466 9.9946E-05
9.9928E-05 9.9928E-05 9.9928E-05 9.9928E-05 9.9928E-05 9.9928E-05 9.9928E-05 0.0929638 0.305524 0.600712 9.9928E-05
9.995E-05 9.995E-05 9.995E-05 0.153878 0.481065 0.0770135 9.995E-05 0.0320789 0.226054 9.995E-05 0.0294111
9.9955E-05 0.00704804 9.9955E-05 0.0722111 0.023724 0.0150877 9.9955E-05 9.9955E-05 0.757802 0.123628 9.9955E-05
0.0198076 0.0172032 9.9955E-05 0.285377 9.9955E-05 9.9955E-05 9.9955E-05 0.0234464 0.636584 0.0170819 9.9955E-05
9.99459E-05 9.99459E-05 0.0806783 0.151581 0.294979 0.0135192 9.99459E-05 9.99459E-05 0.458643 9.99459E-05 9.99459E-05
9.9937E-05 9.9937E-05 9.9937E-05 9.9937E-05 9.9937E-05 9.9937E-05 0.000806587 0.0695366 0.762869 0.166088 9.9937E-05
9.9946E-05 9.9946E-05 9.9946E-05 9.9946E-05 0.263559 0.0436241 0.0504523 9.9946E-05 0.555112 0.0866535 9.9946E-05
0.100368 9.99459E-05 9.99459E-05 9.99459E-05 0.427308 9.99459E-05 0.0932575 0.30308 0.0753875 9.99459E-05 9.99459E-05
0.0160943 9.99639E-05 0.116493 0.0648992 0.0645603 9.99639E-05 9.99639E-05 9.99639E-05 0.61753 0.0382478 0.0817757
9.99459E-05 9.99459E-05 9.99459E-05 0.056987 0.296415 0.134947 0.0162125 9.99459E-05 0.494839 9.99459E-05 9.99459E-05
9.99369E-05 0.00501586 0.517768 9.99369E-05 0.44282 9.99369E-05 9.99369E-05 9.99369E-05 0.0336968 9.99369E-05 9.99369E-05
9.9964E-05 9.9964E-05 0.0626772 0.082295 0.517458 0.0823631 0.00617143 0.0184579 0.230177 9.9964E-05 9.9964E-05
9.9946E-05 0.0192221 9.9946E-05 9.9946E-05 0.018452 9.9946E-05 9.9946E-05 9.9946E-05 0.616281 0.290676 0.0547691
9.9955E-05 0.0364862 0.015179 0.0268666 9.9955E-05 0.0313112 9.9955E-05 9.9955E-05 0.854743 9.9955E-05 0.0349142
9.9928E-05 9.9928E-05 9.9928E-05 9.9928E-05 9.9928E-05 9.9928E-05 9.9928E-05 0.0406315 0.498981 0.459588 9.9928E-05
9.99459E-05 0.00676522 0.14739 9.99459E-05 0.73332 9.99459E-05 9.99459E-05 0.0310225 0.0809029 9.99459E-05 9.99459E-05
9.99459E-05 9.99459E-05 0.0989959 0.150004 0.312329 9.99459E-05 9.99459E-05 0.109312 0.32876 9.99459E-05 9.99459E-05
9.99369E-05 9.99369E-05 9.99369E-05 9.99369E-05 9.99369E-05 9.99369E-05 0.0235417 0.0376663 0.651857 0.286236 9.99369E-05
9.9955E-05 0.09652 0.032915 9.9955E-05 0.475865 0.0120841 9.9955E-05 0.274592 9.9955E-05 9.9955E-05 0.107523
0.00312234 9.9946E-05 0.440406 9.9946E-05 0.107662 9.9946E-05 9.9946E-05 0.415585 9.9946E-05 9.9946E-05 0.0326252
0.0470073 9.9973E-05 0.00655115 0.0624137 9.9973E-05 0.0455501 0.107881 0.061617 0.379243 0.289436 9.9973E-05
0.0169304 9.99549E-05 9.99549E-05 9.99549E-05 9.99549E-05 0.119387 0.0318104 0.62377 0.025888 0.181715 9.99549E-05
0.0667907 9.9955E-05 0.389889 0.100148 0.272014 9.9955E-05 9.9955E-05 0.166532 9.9955E-05 0.00412626 9.9955E-05
9.99369E-05 0.165532 9.99369E-05 0.03481 0.398164 9.99369E-05 9.99369E-05 0.400795 9.99369E-05 9.99369E-05 9.99369E-05
9.995E-05 0.115106 0.111486 0.077578 0.363396 9.995E-05 9.995E-05 0.287919 9.995E-05 9.995E-05 0.0440159
0.00894606 9.9928E-05 9.9928E-05 9.9928E-05 9.9928E-05 9.9928E-05 9.9928E-05 0.210076 9.9928E-05 0.780178 9.9928E-05
9.9946E-05 9.9946E-05 9.9946E-05 0.0707185 9.9946E-05 9.9946E-05 0.0112069 0.397554 0.498805 0.0211159 9.9946E-05
9.99639E-05 9.99639E-05 0.165518 0.0365784 0.0910269 0.354978 9.99639E-05 0.262909 0.0361807 9.99639E-05 0.0524084
9.99279E-05 9.99279E-05 0.242289 9.99279E-05 0.419321 9.99279E-05 9.99279E-05 0.337591 9.99279E-05 9.99279E-05 9.99279E-05
9.99459E-05 9.99459E-05 9.99459E-05 9.99459E-05 9.99459E-05 0.126266 0.0520448 0.203567 0.15382 0.463703 9.99459E-05
0.0643945 9.9946E-05 9.9946E-05 0.00928929 0.107259 9.9946E-05 9.9946E-05 0.28191 0.536548 9.9946E-05 9.9946E-05
0.00782701 9.99459E-05 9.99459E-05 0.0555358 0.0460057 9.99459E-05 9.99459E-05 0.319698 0.570334 9.99459E-05 9.99459E-05
0.0111167 9.99639E-05 0.0810254 9.99639E-05 0.0146835 0.378686 9.99639E-05 0.464177 0.015401 9.99639E-05 0.0345106
9.99459E-05 9.99459E-05 0.0038822 9.99459E-05 9.99459E-05 0.205049 0.047112 0.0318926 0.711465 9.99459E-05 9.99459E-05
9.99639E-05 9.99639E-05 0.199919 0.00421762 0.355343 0.0591913 9.99639E-05 0.0127872 0.288846 9.99639E-05 0.0792962
9.99549E-05 9.99549E-05 0.220022 0.0408591 0.150743 0.0901597 9.99549E-05 0.335608 0.162108 9.99549E-05 9.99549E-05
0.0189012 0.195873 0.24824 9.9955E-05 0.238993 9.9955E-05 9.9955E-05 0.28628 9.9955E-05 9.9955E-05 0.0112128
0.0270961 9.99549E-05 9.99549E-05 9.99549E-05 9.99549E-05 9.99549E-05 0.146153 0.369396 0.343684 0.102052 0.0111182
9.99549E-05 9.99549E-05 0.0808921 9.99549E-05 0.563706 9.99549E-05 0.0242748 0.286942 9.99549E-05 0.00979385 0.0338921
9.99459E-05 0.380384 9.99459E-05 9.99459E-05 0.348866 9.99459E-05 0.00400587 0.185746 0.0803991 9.99459E-05 9.99459E-05
9.99279E-05 9.99279E-05 9.99279E-05 9.99279E-05 9.99279E-05 9.99279E-05 9.99279E-05 0.162449 0.47421 0.362542 9.99279E-05
9.995E-05 9.995E-05 0.24595 0.0969525 0.0831622 9.995E-05 9.995E-05 0.0263784 0.54562 0.00143739 9.995E-05
9.9946E-05 9.9946E-05 9.9946E-05 0.0302627 0.0056609 9.9946E-05 0.0681356 0.171616 0.723725 9.9946E-05 9.9946E-05
0.03508 9.9964E-05 0.0117088 0.0577605 0.778699 9.9964E-05 9.9964E-05 0.026905 9.9964E-05 0.062612 0.026835
0.0485206 0.32736 0.00634452 0.0951874 0.295973 0.0179311 0.206737 9.9973E-05 9.9973E-05 0.00164532 9.9973E-05
9.9955E-05 9.9955E-05 0.0319868 0.0353583 0.639507 9.9955E-05 9.9955E-05 0.0553497 0.11628 9.9955E-05 0.121019
0.0154061 9.9937E-05 9.9937E-05 9.9937E-05 9.9937E-05 9.9937E-05 9.9937E-05 0.128488 0.56948 0.285926 9.9937E-05
9.9955E-05 0.034806 9.9955E-05 0.0635073 0.653005 9.9955E-05 9.9955E-05 0.0240768 0.177275 9.9955E-05 0.0468301
0.0343447 9.9964E-05 9.9964E-05 0.0286573 0.706654 0.0593006 9.9964E-05 0.0755091 0.0357928 9.9964E-05 0.0593413
9.9946E-05 9.9946E-05 0.14796 9.9946E-05 0.689851 0.031215 9.9946E-05 9.9946E-05 9.9946E-05 0.0750599 0.0553148
9.9928E-05 9.9928E-05 9.9928E-05 9.9928E-05 9.9928E-05 0.0529744 9.9928E-05 9.9928E-05 0.71442 0.231806 9.9928E-05
0.0125459 9.99639E-05 0.0179092 0.0309977 0.271335 9.99639E-05 0.0262768 0.120763 0.519773 9.99639E-05 9.99639E-05
0.0256282 0.0774708 0.376169 0.0556683 0.366478 9.996E-05 9.996E-05 9.996E-05 0.0399079 0.0582782 9.996E-05
9.9964E-05 0.0323503 9.9964E-05 0.0207672 0.144639 9.9964E-05 0.0942836 0.164629 0.383654 0.159276 9.9964E-05
0.0450062 9.9937E-05 9.9937E-05 9.9937E-05 0.847743 9.9937E-05 9.9937E-05 9.9937E-05 9.9937E-05 0.0469803 0.0595707
9.9964E-05 0.447322 0.0679004 9.9964E-05 0.0100411 0.0697802 0.03704 9.9964E-05 0.281939 0.085577 9.9964E-05
9.9955E-05 9.9955E-05 9.9955E-05 0.154495 0.376278 0.0652001 0.00994005 0.118491 0.275097 9.9955E-05 9.9955E-05
9.9928E-05 9.9928E-05 9.9928E-05 0.0240403 9.9928E-05 9.9928E-05 9.9928E-05 9.9928E-05 0.513377 0.461784 9.9928E-05
0.000384188 9.99549E-05 9.99549E-05 0.149291 0.243629 0.00253553 9.99549E-05 0.21191 0.39175 9.99549E-05 9.99549E-05
0.0350964 9.99639E-05 0.0997219 9.99639E-05 9.99639E-05 0.252101 0.030366 0.190237 0.280635 0.111443 9.99639E-05
9.99549E-05 9.99549E-05 0.0572506 9.99549E-05 9.99549E-05 0.155883 0.0361363 0.0356596 0.144659 0.569912 9.99549E-05
9.99459E-05 9.99459E-05 9.99459E-05 9.99459E-05 0.0959278 0.0917562 9.99459E-05 0.158892 0.608755 9.99459E-05 0.0440694
9.99369E-05 9.99369E-05 9.99369E-05 0.109597 9.99369E-05 0.408395 9.99369E-05 0.0259411 0.455368 9.99369E-05 9.99369E-05
9.995E-05 9.995E-05 0.16919 0.0160781 0.0168171 0.0294358 9.995E-05 0.246465 0.521514 9.995E-05 9.995E-05
9.99549E-05 0.241963 0.225147 9.99549E-05 0.269649 0.00617622 9.99549E-05 0.151657 0.104908 9.99549E-05 9.99549E-05
0.0110579 9.995E-05 9.995E-05 9.995E-05 9.995E-05 0.0642296 0.00801116 0.265076 0.0367388 0.614386 9.995E-05
0.0163773 0.544667 9.9955E-05 9.9955E-05 0.0436272 9.9955E-05 9.9955E-05 0.311991 9.9955E-05 0.0328558 0.0499811
9.99549E-05 0.0322908 0.057932 0.1843 0.358124 0.345458 9.99549E-05 9.99549E-05 0.0213954 9.99549E-05 9.99549E-05
0.00311872 0.044688 0.754147 9.9964E-05 9.9964E-05 0.144906 0.0141588 9.9964E-05 0.0105501 0.0280318 9.9964E-05
9.99459E-05 9.99459E-05 0.0460817 9.99459E-05 9.99459E-05 0.277088 0.0323197 9.99459E-05 0.162676 0.481235 9.99459E-05
9.99279E-05 9.99279E-05 9.99279E-05 9.99279E-05 9.99279E-05 0.132039 9.99279E-05 9.99279E-05 0.274158 0.593004 9.99279E-05
9.9946E-05 0.333276 0.206964 9.9946E-05 0.159322 9.9946E-05 9.9946E-05 0.211607 0.088232 9.9946E-05 9.9946E-05
0.00661702 9.9973E-05 0.173936 0.0272026 0.0258973 0.0297834 0.0465474 0.0538057 0.635911 9.9973E-05 9.9973E-05
0.0155136 9.99639E-05 0.0360236 9.99639E-05 0.0802302 0.311982 0.0680492 0.159241 0.328561 9.99639E-05 9.99639E-05
9.99279E-05 9.99279E-05 9.99279E-05 9.99279E-05 9.99279E-05 0.149707 9.99279E-05 9.99279E-05 0.150263 0.69923 9.99279E-05
0.000519751 9.99459E-05 0.252149 9.99459E-05 9.99459E-05 0.430469 9.99459E-05 0.240137 9.99459E-05 0.076125 9.99459E-05
0.0519388 0.290848 0.156063 9.99639E-05 0.0122561 0.153615 9.99639E-05 0.283334 0.0515455 9.99639E-05 9.99639E-05
9.99639E-05 9.99639E-05 0.417691 0.0188806 0.479511 9.99639E-05 9.99639E-05 0.0289056 0.0348724 0.0135949 0.00614425
9.99459E-05 9.99459E-05 0.599435 9.99459E-05 0.214588 0.124313 9.99459E-05 9.99459E-05 0.040295 9.99459E-05 0.0207688
9.99639E-05 0.377137 0.122431 9.99639E-05 9.99639E-05 0.347156 0.00730309 0.0207365 0.112446 0.0123903 9.99639E-05
0.0202564 9.995E-05 9.995E-05 0.0831943 0.0798218 0.0101104 9.995E-05 9.995E-05 0.603658 0.20246 9.995E-05
0.00947282 9.9955E-05 9.9955E-05 0.0508499 0.81828 0.0679274 0.0133787 9.9955E-05 0.0395916 9.9955E-05 9.9955E-05
9.9955E-05 0.0337018 9.9955E-05 0.0535871 0.031917 0.0618309 9.9955E-05 9.9955E-05 0.719331 0.0991322 9.9955E-05
9.99459E-05 9.99459E-05 9.99459E-05 0.116803 0.155218 0.167836 9.99459E-05 0.0332615 0.526282 9.99459E-05 9.99459E-05
9.99369E-05 9.99369E-05 9.99369E-05 0.167567 0.715957 9.99369E-05 9.99369E-05 0.0920979 0.0236785 9.99369E-05 9.99369E-05
0.00394689 9.9946E-05 9.9946E-05 9.9946E-05 0.0682038 9.9946E-05 0.0220679 9.9946E-05 0.465886 0.439296 9.9946E-05
9.99459E-05 9.99459E-05 0.152331 9.99459E-05 9.99459E-05 0.336714 0.108285 9.99459E-05 0.131237 0.270833 9.99459E-05
0.0126555 9.99549E-05 0.0567168 9.99549E-05 9.99549E-05 0.0213485 9.99549E-05 0.140635 0.694475 0.0736704 9.99549E-05
0.0390828 9.9946E-05 0.674564 9.9946E-05 9.9946E-05 0.122606 9.9946E-05 0.123866 9.9946E-05 0.0392817 9.9946E-05
0.0372959 9.99549E-05 0.338204 9.99549E-05 9.99549E-05 0.132806 9.99549E-05 0.301069 0.145816 0.0443098 9.99549E-05
9.99459E-05 9.99459E-05 0.51989 0.166052 0.00581071 9.99459E-05 9.99459E-05 0.137467 0.170181 9.99459E-05 9.99459E-05
9.99369E-05 9.99369E-05 0.297372 9.99369E-05 9.99369E-05 9.99369E-05 0.0284313 9.99369E-05 0.144286 0.529212 9.99369E-05
9.99369E-05 0.562562 0.291737 0.0958543 9.99369E-05 9.99369E-05 9.99369E-05 9.99369E-05 0.0491467 9.99369E-05 9.99369E-05
0.0211763 9.99819E-05 0.12825 0.134981 9.99819E-05 0.164173 0.106219 0.0618447 0.313334 0.0666204 0.00320108
9.997E-05 0.0902821 0.553776 9.997E-05 0.123422 0.0876762 0.0466387 0.0348507 0.0482624 9.997E-05 0.0147923
9.995E-05 0.387113 0.409729 0.154774 0.0230145 0.00961741 9.995E-05 9.995E-05 0.0152529 9.995E-05 9.995E-05
9.99459E-05 9.99459E-05 0.937109 0.0366617 9.99459E-05 0.0174904 9.99459E-05 9.99459E-05 0.00134284 9.99459E-05 0.00679653
0.00105704 9.99459E-05 0.700996 0.0803846 0.162118 9.99459E-05 9.99459E-05 0.0548452 9.99459E-05 9.99459E-05 9.99459E-05
9.9946E-05 9.9946E-05 0.855185 0.0280102 9.9946E-05 9.9946E-05 0.0374608 9.9946E-05 9.9946E-05 0.0397748 0.0389699
0.0281119 9.99549E-05 0.227295 0.153109 9.99549E-05 0.117068 0.0162082 9.99549E-05 0.457708 9.99549E-05 9.99549E-05
0.0318188 9.99459E-05 9.99459E-05 9.99459E-05 9.99459E-05 0.0370181 0.103762 0.118076 0.708725 9.99459E-05 9.99459E-05
9.99639E-05 0.568508 0.074278 9.99639E-05 0.0560911 9.99639E-05 9.99639E-05 0.124185 0.0582036 0.0562136 0.0621205
9.9955E-05 0.000568942 0.585709 9.9955E-05 9.9955E-05 0.228711 9.9955E-05 0.00350025 9.9955E-05 0.138396 0.0426153
0.0552679 0.0641091 0.0402791 9.99729E-05 9.99729E-05 0.183829 0.0894594 0.172961 0.259784 0.134011 9.99729E-05
0.0016768 9.9955E-05 0.0561297 0.0331721 9.9955E-05 0.0425141 9.9955E-05 0.010991 9.9955E-05 0.855017 9.9955E-05
9.9928E-05 9.9928E-05 0.00710242 9.9928E-05 9.9928E-05 9.9928E-05 9.9928E-05 9.9928E-05 0.677016 0.315082 9.9928E-05
9.99459E-05 9.99459E-05 0.0540971 9.99459E-05 9.99459E-05 0.0505836 0.0394246 9.99459E-05 0.124845 0.73045 9.99459E-05
