0.115597 9.9982E-05 0.119462 0.416393 0.348348 9.9982E-05
9.9982E-05 0.00432758 0.0953242 0.468838 0.43131 9.9982E-05
0.0311895 0.0204468 9.9982E-05 0.819072 9.9982E-05 0.129092
0.0737936 9.9991E-05 0.117859 0.0740619 0.683662 0.0505235
0.00698568 0.054967 0.263383 9.9982E-05 0.674464 9.9982E-05
0.0209842 0.0977657 0.0414808 0.531105 0.201537 0.107127
9.9973E-05 0.00440744 9.9973E-05 0.847648 9.9973E-05 0.147644
9.9982E-05 0.110495 9.9982E-05 0.718551 0.160211 0.0105429
0.048286 0.0340823 9.9982E-05 0.33626 0.581172 9.9982E-05
0.124378 9.9982E-05 9.9982E-05 0.243218 0.0225583 0.609645
0.0361021 9.9982E-05 0.117663 0.229798 0.616237 9.9982E-05
0.0163606 9.9982E-05 9.9982E-05 0.0893319 0.812685 0.0814225
0.0454485 0.0561991 0.34849 0.232311 0.280309 0.0372426
0.0431393 9.9982E-05 9.9982E-05 0.813692 0.0144113 0.128557
9.9973E-05 9.9973E-05 9.9973E-05 0.16622 0.811201 0.0222783
0.0156286 0.0432821 0.0903211 0.442593 9.9991E-05 0.408075
9.9982E-05 9.9982E-05 0.0377579 0.841888 0.0149566 0.105198
9.9973E-05 9.9973E-05 0.0333018 0.936967 0.0294317 9.9973E-05
9.9973E-05 9.9973E-05 0.0727164 0.364439 0.562545 9.9973E-05
0.864151 9.9973E-05 0.0713442 9.9973E-05 0.0642053 9.9973E-05
0.921754 9.9973E-05 0.0502026 9.9973E-05 0.0277432 9.9973E-05
0.917984 9.99639E-05 0.0816166 9.99639E-05 9.99639E-05 9.99639E-05
0.742698 9.9973E-05 0.0273118 9.9973E-05 0.22969 9.9973E-05
0.775839 9.99639E-05 9.99639E-05 9.99639E-05 0.223761 9.99639E-05
0.449387 0.206662 9.99819E-05 0.269815 9.99819E-05 0.0739356
0.445054 0.152927 9.99729E-05 9.99729E-05 0.401718 9.99729E-05
0.241334 0.264075 9.9973E-05 9.9973E-05 9.9973E-05 0.494291
0.40901 0.115198 0.161763 9.9982E-05 0.313829 9.9982E-05
0.890559 9.99729E-05 0.0857636 9.99729E-05 9.99729E-05 0.0233779
0.917778 9.9964E-05 9.9964E-05 9.9964E-05 0.0818222 9.9964E-05
0.655942 0.00994163 9.9991E-05 0.103124 0.0374995 0.193393
0.266464 0.470049 0.108864 0.0935092 9.9991E-05 0.0610138
0.634535 9.99729E-05 9.99729E-05 0.038811 9.99729E-05 0.326354
0.687371 0.0139807 9.99729E-05 0.298349 9.99729E-05 9.99729E-05
0.90249 9.9964E-05 9.9964E-05 9.9964E-05 0.0971099 9.9964E-05
0.792895 9.99639E-05 9.99639E-05 9.99639E-05 0.206705 9.99639E-05
0.780882 9.9973E-05 9.9973E-05 9.9973E-05 0.14139 0.0774281
0.768979 9.9964E-05 9.9964E-05 9.9964E-05 0.230621 9.9964E-05
9.99729E-05 0.836596 0.0300655 9.99729E-05 0.133039 9.99729E-05
9.9973E-05 0.706856 0.157114 9.9973E-05 9.9973E-05 0.13573
0.0643332 0.472289 9.9973E-05 9.9973E-05 9.9973E-05 0.463078
0.0755534 0.533015 0.109105 9.9991E-05 0.221167 0.0610587
0.300136 0.569845 0.0396434 0.090176 9.9982E-05 9.9982E-05
0.107794 0.579106 9.9982E-05 0.157996 9.9982E-05 0.154904
0.137269 0.31692 9.9973E-05 9.9973E-05 0.545511 9.9973E-05
9.99639E-05 0.567104 9.99639E-05 9.99639E-05 0.432496 9.99639E-05
0.16405 0.43974 9.9982E-05 0.121839 9.9982E-05 0.27417
0.00758788 0.824035 0.0512304 9.9982E-05 0.116946 9.9982E-05
9.9973E-05 0.361508 0.184683 9.9973E-05 9.9973E-05 0.453509
0.0010759 0.706306 9.9973E-05 9.9973E-05 0.292318 9.9973E-05
9.9973E-05 0.727112 0.143268 9.9973E-05 9.9973E-05 0.12932
0.142661 0.513012 0.173119 9.9982E-05 0.171007 9.9982E-05
0.162205 0.432984 9.99729E-05 9.99729E-05 0.404511 9.99729E-05
0.0197738 0.526108 9.9982E-05 0.0762656 0.377653 9.9982E-05
0.126242 0.387321 0.0221281 9.9982E-05 0.464109 9.9982E-05
0.561178 0.0357521 9.9973E-05 9.9973E-05 0.40277 9.9973E-05
9.99819E-05 0.801577 0.0850002 0.0287449 9.99819E-05 0.0844783
0.141124 0.607527 0.132347 9.9991E-05 0.0341298 0.0847712
9.99729E-05 0.713834 0.106757 9.99729E-05 9.99729E-05 0.17911
9.99639E-05 0.732584 9.99639E-05 9.99639E-05 0.267016 9.99639E-05
0.0590085 0.679443 9.99729E-05 9.99729E-05 0.261249 9.99729E-05
9.99639E-05 0.682554 9.99639E-05 9.99639E-05 0.317046 9.99639E-05
0.0570369 0.566703 0.140798 0.143693 9.9991E-05 0.0916687
0.0966413 0.525313 9.9973E-05 9.9973E-05 0.377745 9.9973E-05
9.9973E-05 0.501099 9.9973E-05 0.303922 9.9973E-05 0.194679
0.198802 0.356618 9.99819E-05 0.0751382 0.369243 9.99819E-05
9.9964E-05 0.6214 9.9964E-05 9.9964E-05 0.3782 9.9964E-05
9.9964E-05 0.600394 9.9964E-05 9.9964E-05 0.399206 9.9964E-05
0.212761 0.427766 9.9982E-05 0.21565 0.143623 9.9982E-05
0.403608 0.363526 0.0332627 0.163551 0.0278398 0.00821237
0.228603 0.32665 0.114207 9.9982E-05 9.9982E-05 0.33034
9.9973E-05 0.60023 9.9973E-05 0.0935934 9.9973E-05 0.305877
0.750929 9.9964E-05 9.9964E-05 9.9964E-05 0.248671 9.9964E-05
9.99819E-05 0.692252 0.0278335 0.103092 9.99819E-05 0.176623
0.0467944 0.622033 9.99729E-05 9.99729E-05 0.330873 9.99729E-05
0.286923 0.274325 9.9982E-05 0.0021442 0.436408 9.9982E-05
0.747443 9.99729E-05 9.99729E-05 0.0915469 9.99729E-05 0.16071
0.205764 0.306536 9.9982E-05 0.0160556 9.9982E-05 0.471444
0.745881 0.0322814 9.9982E-05 0.17715 9.9982E-05 0.0444879
0.461923 0.339308 0.193873 9.9982E-05 9.9982E-05 0.0046962
0.155736 0.302117 0.197492 9.9982E-05 9.9982E-05 0.344454
0.271251 0.454949 9.9973E-05 9.9973E-05 0.273499 9.9973E-05
0.0276913 0.754343 0.058317 9.9991E-05 0.145837 0.0137112
0.181684 0.501836 0.0409042 9.9991E-05 0.21022 0.0652557
9.99729E-05 0.687285 9.99729E-05 0.0333504 9.99729E-05 0.279065
0.127296 0.607235 0.134121 9.9982E-05 0.131147 9.9982E-05
9.99639E-05 0.596624 9.99639E-05 9.99639E-05 0.402976 9.99639E-05
0.397837 0.197966 9.99729E-05 0.403896 9.99729E-05 9.99729E-05
9.9973E-05 0.551343 9.9973E-05 0.258817 9.9973E-05 0.189541
0.41405 0.184737 9.9982E-05 0.157092 0.243922 9.9982E-05
9.99729E-05 0.60658 9.99729E-05 0.375359 9.99729E-05 0.0177607
0.0570504 0.515372 9.9973E-05 0.427277 9.9973E-05 9.9973E-05
0.170424 0.354827 9.9973E-05 9.9973E-05 0.474449 9.9973E-05
9.9973E-05 0.655551 9.9973E-05 0.325321 0.018828 9.9973E-05
0.176917 0.462808 9.9982E-05 0.35452 0.0055544 9.9982E-05
9.9973E-05 0.0439726 0.693191 9.9973E-05 9.9973E-05 0.262537
0.0301065 0.115354 0.677158 0.0646234 9.9991E-05 0.112658
0.0368813 0.0480694 0.853517 9.9982E-05 0.0613327 9.9982E-05
9.9982E-05 0.00583665 0.44542 0.175441 0.373103 9.9982E-05
0.00538931 9.9982E-05 0.667329 0.022373 9.9982E-05 0.304709
0.0193386 9.9982E-05 0.228341 0.435672 0.316449 9.9982E-05
9.9973E-05 9.9973E-05 0.400672 0.539954 9.9973E-05 0.0590746
9.9982E-05 0.0248954 0.810179 0.0173968 9.9982E-05 0.147329
0.0917006 0.0144139 0.667725 0.221904 9.9991E-05 0.00415682
0.0831782 9.9973E-05 0.608178 9.9973E-05 0.308344 9.9973E-05
9.9964E-05 9.9964E-05 0.425008 9.9964E-05 9.9964E-05 0.574593
0.0347026 0.00340627 0.503834 9.9991E-05 0.411292 0.0466646
9.9982E-05 0.0214549 0.779604 0.129445 9.9982E-05 0.0692966
9.9982E-05 0.0508939 0.562707 0.243588 0.142611 9.9982E-05
0.111939 9.9991E-05 0.71516 0.07287 0.0248168 0.0751148
0.0484632 9.9982E-05 0.288787 0.594584 9.9982E-05 0.0679656
9.99729E-05 0.0619091 0.42193 9.99729E-05 0.515861 9.99729E-05
0.0850834 9.9973E-05 0.472227 9.9973E-05 0.44239 9.9973E-05
0.11092 0.134206 0.608011 0.0663948 9.9991E-05 0.0803688
9.9973E-05 9.9973E-05 0.633332 0.333112 9.9973E-05 0.0332565
0.102294 0.018915 0.76246 9.9982E-05 0.116132 9.9982E-05
0.0406288 9.9973E-05 0.768196 9.9973E-05 0.190875 9.9973E-05
0.0587418 9.9982E-05 0.176546 0.200677 0.563835 9.9982E-05
0.0383423 9.9982E-05 9.9982E-05 0.276553 0.186391 0.498513
0.0268463 0.0325069 0.127199 0.129993 0.603334 0.0801218
0.0456108 9.9991E-05 0.146527 0.610449 0.0103659 0.186948
9.9982E-05 0.0109095 0.0390672 0.0195144 9.9982E-05 0.930309
9.99729E-05 9.99729E-05 0.101509 0.149288 0.748903 9.99729E-05
0.0913801 9.99729E-05 9.99729E-05 9.99729E-05 0.452934 0.455386
9.9982E-05 0.12587 0.100141 0.560291 0.213498 9.9982E-05
0.130927 9.9973E-05 9.9973E-05 9.9973E-05 0.469212 0.399561
9.9982E-05 0.000714342 9.9982E-05 0.416631 0.0156943 0.56676
0.00282449 0.0559414 0.125882 0.0532587 0.701177 0.0609164
0.121634 9.9973E-05 9.9973E-05 9.9973E-05 0.57723 0.300836
9.9982E-05 0.0355892 0.0264153 0.0605397 9.9982E-05 0.877256
9.9973E-05 9.9973E-05 0.121044 0.10721 0.771446 9.9973E-05
0.0813395 9.9973E-05 9.9973E-05 9.9973E-05 0.720162 0.198198
0.00947608 9.9982E-05 0.0448736 0.328838 0.616613 9.9982E-05
9.9964E-05 9.9964E-05 9.9964E-05 9.9964E-05 0.0261002 0.9735
0.0352083 0.0210263 9.9991E-05 0.0324252 0.75033 0.16091
9.9982E-05 0.0070184 0.193398 0.149058 0.650326 9.9982E-05
0.0424672 9.9982E-05 9.9982E-05 0.766972 0.164086 0.0262755
0.125276 9.9991E-05 0.295819 0.165449 0.355828 0.0575279
0.0882761 9.9991E-05 0.134857 0.116576 0.523491 0.136701
9.99639E-05 9.99639E-05 9.99639E-05 0.2203 9.99639E-05 0.7793
0.0916053 0.0460481 9.9991E-05 0.448593 0.372756 0.0408977
0.10516 0.0309572 9.9991E-05 0.283876 0.304429 0.275478
0.0787313 0.0517602 0.296751 0.273906 9.9991E-05 0.298751
0.0880994 0.0697669 0.139668 0.144168 0.528151 0.0301472
0.070944 0.0871974 0.459708 9.9991E-05 0.222331 0.159719
0.0487646 0.0278568 0.192432 0.0379201 0.00257125 0.690456
0.106892 0.0181144 0.157995 0.436453 0.0470662 0.23348
0.0415653 0.0226841 0.16751 0.496691 9.9991E-05 0.27145
0.109292 9.9982E-05 0.140074 9.9982E-05 0.444975 0.305459
9.99729E-05 9.99729E-05 0.111037 0.372527 9.99729E-05 0.516136
9.9973E-05 9.9973E-05 0.0891761 0.197761 0.712763 9.9973E-05
9.99729E-05 9.99729E-05 0.19128 0.358671 9.99729E-05 0.449749
0.0963905 9.9982E-05 0.145173 9.9982E-05 0.403945 0.354292
0.0358331 9.9982E-05 0.218386 9.9982E-05 0.597525 0.148056
0.0811287 0.121098 0.326769 0.0516021 0.29722 0.122182
9.9982E-05 0.0560947 0.253519 0.503596 0.18659 9.9982E-05
0.133322 0.00227366 0.368719 0.148296 0.170664 0.176725
0.0635622 9.9991E-05 0.396393 0.0408121 0.385789 0.113343
9.9973E-05 9.9973E-05 0.306467 0.130683 9.9973E-05 0.56255
0.00485789 9.9982E-05 0.17954 9.9982E-05 0.00515098 0.810252
9.9973E-05 0.0594673 9.9973E-05 0.700774 9.9973E-05 0.239459
0.0384651 0.0461786 0.145415 0.119635 9.9991E-05 0.650206
9.9982E-05 9.9982E-05 0.349682 0.0272015 0.00347248 0.619444
0.0576868 0.117693 9.9991E-05 0.539235 0.010232 0.275053
9.99729E-05 9.99729E-05 9.99729E-05 0.666233 0.0637402 0.269726
0.0583635 0.0229572 9.9982E-05 0.121379 0.797101 9.9982E-05
0.0308241 9.9973E-05 9.9973E-05 0.234521 0.734355 9.9973E-05
0.0396212 9.9973E-05 9.9973E-05 0.846096 0.113983 9.9973E-05
9.99729E-05 9.99729E-05 0.00646463 0.259426 0.733809 9.99729E-05
9.9973E-05 9.9973E-05 0.0816339 0.119641 0.798425 9.9973E-05
0.146788 9.9982E-05 0.0964407 0.149121 0.60745 9.9982E-05
9.9973E-05 9.9973E-05 0.0343454 0.187839 0.777516 9.9973E-05
0.0373977 9.9982E-05 9.9982E-05 0.790545 0.0293351 0.142522
9.9964E-05 9.9964E-05 9.9964E-05 0.350615 9.9964E-05 0.648986
9.9982E-05 0.0674784 0.0667236 0.4247 0.440898 9.9982E-05
0.0162926 9.9982E-05 0.0574823 0.834625 9.9982E-05 0.0914003
0.0995185 0.0658616 9.9991E-05 0.791605 0.0167052 0.0262101
9.9973E-05 9.9973E-05 0.0249859 0.682264 0.29245 9.9973E-05
9.9964E-05 9.9964E-05 9.9964E-05 0.748259 9.9964E-05 0.251341
9.9991E-05 0.0270456 0.0953771 0.693662 0.129251 0.0545643
0.146985 0.0632581 9.9991E-05 0.300161 0.478097 0.0113992
0.0320752 0.0705893 9.9991E-05 0.730211 0.119632 0.0473924
9.9982E-05 0.0381377 0.144332 0.689318 0.128012 9.9982E-05
9.9973E-05 9.9973E-05 0.059433 0.208528 0.731739 9.9973E-05
9.9982E-05 0.0267455 0.0830995 0.417916 0.472039 9.9982E-05
9.9973E-05 0.060389 9.9973E-05 0.663007 9.9973E-05 0.276304
9.9973E-05 0.0294791 0.068663 0.901558 9.9973E-05 9.9973E-05
9.9964E-05 9.9964E-05 9.9964E-05 0.461754 9.9964E-05 0.537846
9.99729E-05 9.99729E-05 0.028533 0.211738 0.759429 9.99729E-05
0.0190727 0.0361165 9.9982E-05 0.574599 0.370012 9.9982E-05
9.9973E-05 0.0115304 9.9973E-05 0.651001 9.9973E-05 0.337169
0.0276642 0.0602403 0.0471556 9.9991E-05 0.770036 0.0948038
0.100059 0.00257663 9.9991E-05 0.00859959 0.617299 0.271366
0.0727893 0.0827366 0.0917478 0.416002 9.9991E-05 0.336624
0.144232 0.0153424 0.0907289 0.11708 0.144303 0.488314
0.13854 9.9982E-05 9.9982E-05 0.121194 0.631372 0.108695
0.0734635 9.9973E-05 9.9973E-05 9.9973E-05 0.782295 0.143942
0.00872279 0.0915479 9.9982E-05 9.9982E-05 0.811403 0.088126
0.0536865 9.9982E-05 0.0462691 9.9982E-05 0.0248533 0.874991
0.0713187 0.0190791 9.9991E-05 0.636103 0.00880504 0.264594
0.0566699 0.0582405 0.362284 0.219161 0.303545 9.9991E-05
0.0133161 9.9991E-05 0.0321153 0.119005 0.726573 0.10889
0.0245204 0.00389176 0.241188 0.145647 9.9991E-05 0.584653
0.0965697 9.9982E-05 9.9982E-05 0.69564 0.124137 0.0834527
0.0546957 0.021621 9.9991E-05 0.691937 0.11087 0.120776
0.093414 9.9991E-05 0.388056 0.0705048 0.275721 0.172204
9.9982E-05 0.0101837 0.234431 0.719968 9.9982E-05 0.0352177
9.9982E-05 0.0457641 0.108768 0.392374 0.452894 9.9982E-05
0.0430252 0.0177038 0.105138 0.401562 0.407142 0.0254291
0.073718 9.9973E-05 9.9973E-05 9.9973E-05 0.76556 0.160422
0.0739925 0.139528 9.9991E-05 0.403578 0.0144254 0.368376
9.9982E-05 0.0641512 9.9982E-05 0.105142 0.730565 0.0999411
9.9991E-05 0.0213412 0.035845 0.125851 0.738245 0.0786173
9.9964E-05 9.9964E-05 9.9964E-05 0.507039 9.9964E-05 0.492562
9.9973E-05 9.9973E-05 9.9973E-05 0.714664 0.225641 0.0593954
9.9973E-05 0.078614 9.9973E-05 0.776692 9.9973E-05 0.144394
0.0499946 0.035527 0.00298798 0.0566458 0.83833 0.0165143
0.104149 0.214867 0.0884067 0.0836314 0.477098 0.0318478
9.9982E-05 0.103066 0.000668205 0.232599 0.663467 9.9982E-05
0.0119764 9.9973E-05 9.9973E-05 0.569084 9.9973E-05 0.41864
9.9982E-05 0.048151 0.0152237 0.326523 0.609902 9.9982E-05
0.0226977 0.0504091 0.0897857 0.180681 0.656327 9.9991E-05
9.9982E-05 0.0142178 0.137489 0.0992812 0.748812 9.9982E-05
9.9973E-05 9.9973E-05 0.113186 0.662152 9.9973E-05 0.224362
0.0367946 0.00488 0.000734561 0.752595 0.204896 9.9991E-05
0.0703668 9.9982E-05 9.9982E-05 0.205502 0.674032 0.0498996
9.9991E-05 0.0891803 0.0169226 0.468006 0.150654 0.275137
0.00753217 0.0315832 0.100319 0.102679 0.757786 9.9991E-05
9.99877E-05 9.99877E-05 0.221827 0.213937 0.38162 0.182416
0.0356971 0.0758387 0.0344923 0.547444 0.306428 9.9991E-05
9.9964E-05 9.9964E-05 9.9964E-05 0.527856 9.9964E-05 0.471745
0.0656598 0.0113107 9.9982E-05 0.619898 0.302932 9.9982E-05
0.0772566 9.9991E-05 0.303579 0.335652 0.0451802 0.238233
9.9973E-05 9.9973E-05 0.301418 0.148945 9.9973E-05 0.549337
9.9982E-05 0.0517978 0.10084 0.715321 0.131841 9.9982E-05
9.9973E-05 0.0108158 0.403922 0.584962 9.9973E-05 9.9973E-05
0.0172777 9.9991E-05 0.0354852 0.607032 0.202987 0.137119
0.0153479 9.9991E-05 0.112756 0.199285 0.648802 0.023709
0.062894 9.9982E-05 0.135271 0.0800221 9.9982E-05 0.721613
0.141944 9.9973E-05 9.9973E-05 9.9973E-05 0.621045 0.23671
0.016836 0.0102908 0.356673 0.17742 0.43868 9.9991E-05
0.0470209 9.9991E-05 0.303211 0.0497504 0.48008 0.119838
9.9973E-05 9.9973E-05 0.436464 0.141765 9.9973E-05 0.421471
9.99729E-05 9.99729E-05 0.235834 0.216792 9.99729E-05 0.547073
0.0818795 9.9982E-05 9.9982E-05 0.136602 0.682757 0.0985613
0.0220934 0.0691195 0.0561731 0.767912 0.0846025 9.9991E-05
0.0454977 0.0153201 0.338672 0.450368 0.0989782 0.0511649
9.9973E-05 9.9973E-05 0.266854 0.119823 9.9973E-05 0.613024
0.0476061 9.9991E-05 0.505703 0.0214314 0.245826 0.179334
0.130326 9.9991E-05 0.198142 0.0393896 0.458957 0.173086
0.0124806 9.9982E-05 0.0197864 0.239384 0.728149 9.9982E-05
9.9973E-05 9.9973E-05 0.254628 0.184213 0.560859 9.9973E-05
0.0219333 9.9991E-05 0.47699 0.0432806 0.371718 0.0859779
0.0414543 9.9982E-05 0.0454334 0.756233 9.9982E-05 0.156679
9.9982E-05 0.0130433 0.0894172 0.239564 0.657776 9.9982E-05
9.9973E-05 9.9973E-05 0.0861965 0.774667 9.9973E-05 0.138836
9.9982E-05 0.0262579 0.150125 0.694595 0.128822 9.9982E-05
0.0233676 0.0244599 9.9982E-05 0.256117 0.695856 9.9982E-05
0.00422312 0.031768 0.00652517 0.550364 9.9991E-05 0.40702
9.9982E-05 0.0131325 0.491087 0.190578 9.9982E-05 0.305003
0.0181752 9.9982E-05 0.0417672 0.739145 9.9982E-05 0.200713
0.109159 9.9982E-05 0.267671 9.9982E-05 0.431172 0.191798
0.11829 9.9991E-05 0.176841 0.292903 0.206202 0.205664
0.0782299 0.0145836 0.0250182 0.337058 0.429113 0.115997
9.9982E-05 0.0299056 0.135513 0.305903 9.9982E-05 0.528478
0.0568186 0.0275278 0.0583031 0.0726561 0.686964 0.0977302
0.0687018 0.174169 0.177043 0.457305 0.0211491 0.101632
0.0283012 0.0483964 0.18616 0.165259 0.571783 9.9991E-05
0.0954916 0.022909 0.140336 0.0915205 0.648833 0.000909724
0.0442956 9.9991E-05 0.151912 0.132075 0.606305 0.0653122
0.0763694 0.00460845 0.0411305 0.180249 0.649097 0.0485449
0.0647418 0.0872092 0.0684906 0.129413 0.539116 0.111029
0.115149 0.0616711 0.164928 0.658052 9.9982E-05 9.9982E-05
0.0338139 0.079487 0.0445655 0.727814 9.9991E-05 0.114219
0.0872978 0.0168039 0.0872882 9.9991E-05 0.616174 0.192336
0.00878297 9.9982E-05 0.405861 9.9982E-05 0.384685 0.200471
0.104769 0.0610309 0.238629 0.29868 0.0460378 0.250853
0.0259042 9.9973E-05 0.20593 9.9973E-05 9.9973E-05 0.767866
9.9964E-05 9.9964E-05 9.9964E-05 0.648739 9.9964E-05 0.350861
9.9982E-05 0.00780836 0.19684 0.134381 9.9982E-05 0.660771
