9.9946E-05 0.396708 9.9946E-05 9.9946E-05 0.0750504 9.9946E-05 9.9946E-05 0.0171527 0.00239408 0.508095 9.9946E-05
9.99549E-05 0.449823 0.0201546 0.101938 9.99549E-05 9.99549E-05 0.0678871 0.0121661 9.99549E-05 0.347531 9.99549E-05
9.9982E-05 9.9982E-05 0.000643586 0.0299747 0.0216829 0.0727191 0.758952 0.0175191 0.00917181 0.0811641 0.00797283
9.99639E-05 0.273582 0.318476 0.0595349 0.0270192 0.0171391 9.99639E-05 9.99639E-05 0.0737351 0.230115 9.99639E-05
9.99639E-05 0.344308 0.196173 0.0714181 9.99639E-05 0.0687055 9.99639E-05 0.201321 0.0877342 9.99639E-05 0.0299406
9.99549E-05 0.104844 9.99549E-05 9.99549E-05 9.99549E-05 0.27435 0.155714 0.0363299 9.99549E-05 0.364531 0.0637319
0.0657545 9.99369E-05 0.0206803 9.99369E-05 9.99369E-05 9.99369E-05 0.602544 9.99369E-05 9.99369E-05 0.310322 9.99369E-05
9.994E-05 0.202546 9.994E-05 9.994E-05 9.994E-05 0.174391 0.298532 9.994E-05 9.994E-05 0.27281 0.0511212
9.99549E-05 0.362022 0.242397 9.99549E-05 0.0227254 0.0487868 9.99549E-05 9.99549E-05 9.99549E-05 0.299275 0.0242947
0.263219 9.99369E-05 9.99369E-05 9.99369E-05 0.0574104 0.390195 0.288477 9.99369E-05 9.99369E-05 9.99369E-05 9.99369E-05
9.99549E-05 0.259595 0.133171 0.372513 9.99549E-05 0.0621496 9.99549E-05 0.0197159 9.99549E-05 0.152357 9.99549E-05
9.99549E-05 0.474195 0.0148334 0.120946 9.99549E-05 0.226984 9.99549E-05 9.99549E-05 0.134881 0.0276608 9.99549E-05
0.0363419 9.99549E-05 0.525702 9.99549E-05 9.99549E-05 9.99549E-05 0.117993 0.173518 9.99549E-05 0.0681163 0.0778299
9.99279E-05 9.99279E-05 9.99279E-05 9.99279E-05 9.99279E-05 0.145699 0.439891 9.99279E-05 9.99279E-05 0.413611 9.99279E-05
9.99279E-05 0.482934 9.99279E-05 0.457694 9.99279E-05 0.0585721 9.99279E-05 9.99279E-05 9.99279E-05 9.99279E-05 9.99279E-05
0.331045 9.99639E-05 0.00355416 9.99639E-05 0.0300113 0.0423945 0.41605 9.99639E-05 9.99639E-05 0.14639 0.0301545
9.99279E-05 9.99279E-05 0.0506471 9.99279E-05 9.99279E-05 9.99279E-05 0.516391 9.99279E-05 9.99279E-05 0.432163 9.99279E-05
9.99459E-05 0.0866562 0.0124528 0.0186627 9.99459E-05 9.99459E-05 0.577495 9.99459E-05 9.99459E-05 0.304134 9.99459E-05
9.995E-05 0.375715 0.302215 9.995E-05 9.995E-05 0.0193456 0.125779 9.995E-05 0.0536383 0.122808 9.995E-05
9.99279E-05 9.99279E-05 9.99279E-05 0.197696 0.780619 9.99279E-05 9.99279E-05 0.0208858 9.99279E-05 9.99279E-05 9.99279E-05
9.9928E-05 9.9928E-05 0.168587 9.9928E-05 0.827968 9.9928E-05 9.9928E-05 9.9928E-05 0.00264535 9.9928E-05 9.9928E-05
9.99201E-05 9.99201E-05 9.99201E-05 9.99201E-05 0.869493 9.99201E-05 9.99201E-05 0.0219955 9.99201E-05 0.107712 9.99201E-05
9.99279E-05 9.99279E-05 0.174867 9.99279E-05 0.621148 9.99279E-05 9.99279E-05 9.99279E-05 0.203186 9.99279E-05 9.99279E-05
9.99369E-05 0.0625523 0.105189 0.0940581 0.737502 9.99369E-05 9.99369E-05 9.99369E-05 9.99369E-05 9.99369E-05 9.99369E-05
9.99459E-05 9.99459E-05 9.99459E-05 9.99459E-05 0.465708 0.0150912 0.25793 9.99459E-05 9.99459E-05 0.0794994 0.181171
9.994E-05 0.291581 9.994E-05 0.105146 0.431912 0.0494036 9.994E-05 9.994E-05 9.994E-05 9.994E-05 0.121358
0.538933 9.99279E-05 9.99279E-05 9.99279E-05 0.249292 9.99279E-05 9.99279E-05 9.99279E-05 9.99279E-05 9.99279E-05 0.210976
9.9955E-05 0.05008 9.9955E-05 0.158866 0.32915 9.9955E-05 9.9955E-05 0.133455 0.243324 9.9955E-05 0.0846256
0.0186151 9.99368E-05 9.99368E-05 9.99368E-05 0.839139 9.99368E-05 9.99368E-05 0.0186008 9.99368E-05 0.122946 9.99368E-05
9.99189E-05 9.99189E-05 0.148783 9.99189E-05 0.850317 9.99189E-05 9.99189E-05 9.99189E-05 9.99189E-05 9.99189E-05 9.99189E-05
0.1927 9.99461E-05 0.0510536 9.99461E-05 0.58706 9.99461E-05 0.0866542 9.99461E-05 0.0819327 9.99461E-05 9.99461E-05
0.0596607 9.99459E-05 9.99459E-05 9.99459E-05 0.256412 9.99459E-05 9.99459E-05 0.0750948 9.99459E-05 0.172033 0.4362
0.274781 9.99278E-05 9.99278E-05 9.99278E-05 0.600403 9.99278E-05 0.124016 9.99278E-05 9.99278E-05 9.99278E-05 9.99278E-05
9.99279E-05 9.99279E-05 9.99279E-05 9.99279E-05 0.680696 9.99279E-05 0.197764 9.99279E-05 9.99279E-05 0.120741 9.99279E-05
9.99189E-05 9.99189E-05 0.178637 9.99189E-05 0.820464 9.99189E-05 9.99189E-05 9.99189E-05 9.99189E-05 9.99189E-05 9.99189E-05
9.99459E-05 0.000775222 0.0184556 0.219662 0.74164 9.99459E-05 9.99459E-05 9.99459E-05 0.0188682 9.99459E-05 9.99459E-05
9.99189E-05 9.99189E-05 9.99189E-05 0.347522 0.651578 9.99189E-05 9.99189E-05 9.99189E-05 9.99189E-05 9.99189E-05 9.99189E-05
9.99369E-05 0.0101525 0.0829108 9.99369E-05 0.669259 9.99369E-05 9.99369E-05 9.99369E-05 0.236979 9.99369E-05 9.99369E-05
9.99368E-05 0.0317457 9.99368E-05 9.99368E-05 9.99368E-05 9.99368E-05 9.99368E-05 9.99368E-05 0.018544 0.146877 0.802134
0.29003 9.9928E-05 9.9928E-05 9.9928E-05 9.9928E-05 9.9928E-05 9.9928E-05 0.05501 9.9928E-05 9.9928E-05 0.654161
0.389772 9.9937E-05 9.9937E-05 9.9937E-05 0.0974446 9.9937E-05 0.0994253 9.9937E-05 9.9937E-05 9.9937E-05 0.412659
0.0853066 9.99459E-05 0.0611821 9.99459E-05 9.99459E-05 9.99459E-05 9.99459E-05 0.0444831 0.317458 9.99459E-05 0.49097
0.00325478 9.99369E-05 9.99369E-05 9.99369E-05 0.259033 9.99369E-05 9.99369E-05 9.99369E-05 9.99369E-05 0.193582 0.543431
0.0958886 9.9946E-05 9.9946E-05 9.9946E-05 0.0995951 0.0520243 0.21341 9.9946E-05 9.9946E-05 9.9946E-05 0.538482
9.99369E-05 0.352431 9.99369E-05 9.99369E-05 0.113538 9.99369E-05 9.99369E-05 9.99369E-05 0.299703 9.99369E-05 0.233628
9.99369E-05 0.360195 0.0115006 0.0706253 9.99369E-05 9.99369E-05 9.99369E-05 9.99369E-05 9.99369E-05 9.99369E-05 0.556979
0.233155 9.99369E-05 9.99369E-05 9.99369E-05 0.194748 9.99369E-05 0.193949 9.99369E-05 9.99369E-05 9.99369E-05 0.377449
9.99279E-05 9.99279E-05 9.99279E-05 0.0462616 9.99279E-05 9.99279E-05 9.99279E-05 9.99279E-05 9.99279E-05 0.160329 0.79261
0.650715 9.9928E-05 9.9928E-05 9.9928E-05 9.9928E-05 9.9928E-05 9.9928E-05 0.0126936 9.9928E-05 9.9928E-05 0.335792
9.9937E-05 0.157779 9.9937E-05 0.0536507 9.9937E-05 9.9937E-05 9.9937E-05 9.9937E-05 0.110651 9.9937E-05 0.677219
0.285856 9.99279E-05 9.99279E-05 9.99279E-05 9.99279E-05 9.99279E-05 9.99279E-05 0.037433 9.99279E-05 9.99279E-05 0.675912
9.9955E-05 9.9955E-05 0.253092 9.9955E-05 0.0756575 0.00302975 9.9955E-05 0.0704566 0.0820824 9.9955E-05 0.515182
9.99549E-05 0.13348 0.00622659 0.289644 0.1297 0.0516922 9.99549E-05 9.99549E-05 9.99549E-05 9.99549E-05 0.388756
9.9955E-05 0.238135 0.0124881 0.226676 0.0113621 0.0245408 9.9955E-05 9.9955E-05 9.9955E-05 9.9955E-05 0.486299
9.9964E-05 0.0555934 9.9964E-05 0.0283613 0.0531693 0.023602 9.9964E-05 9.9964E-05 0.525666 0.00107629 0.312132
9.99459E-05 0.0663279 0.0430834 9.99459E-05 0.455896 9.99459E-05 0.0135369 9.99459E-05 0.420556 9.99459E-05 9.99459E-05
0.114013 9.99458E-05 9.99458E-05 9.99458E-05 9.99458E-05 9.99458E-05 0.013219 0.0229247 9.99458E-05 0.0884684 0.760775
0.101154 9.9955E-05 0.177148 0.0259697 0.0741845 9.9955E-05 9.9955E-05 0.0295358 9.9955E-05 9.9955E-05 0.591509
0.29089 9.99369E-05 9.99369E-05 9.99369E-05 9.99369E-05 9.99369E-05 9.99369E-05 0.00983985 9.99369E-05 0.0199166 0.678654
9.99278E-05 9.99278E-05 9.99278E-05 0.116853 9.99278E-05 9.99278E-05 9.99278E-05 9.99278E-05 0.189632 9.99278E-05 0.692716
9.99458E-05 0.13164 9.99458E-05 0.073673 0.0531725 9.99458E-05 9.99458E-05 9.99458E-05 9.99458E-05 0.0870704 0.653845
9.99279E-05 0.266603 9.99279E-05 0.079608 9.99279E-05 9.99279E-05 9.99279E-05 9.99279E-05 9.99279E-05 9.99279E-05 0.65299
0.114194 9.995E-05 9.995E-05 9.995E-05 0.0759878 9.995E-05 0.137732 0.124898 9.995E-05 0.041766 0.504923
9.99369E-05 9.99369E-05 0.0714666 9.99369E-05 0.0121195 9.99369E-05 9.99369E-05 9.99369E-05 0.439129 9.99369E-05 0.476585
0.00976558 9.99369E-05 9.99369E-05 9.99369E-05 0.00553505 9.99369E-05 0.546386 9.99369E-05 9.99369E-05 9.99369E-05 0.437613
9.99639E-05 0.195127 0.062358 0.150247 0.175708 0.0046109 9.99639E-05 9.99639E-05 9.99639E-05 0.0803357 0.331215
9.99369E-05 0.152445 9.99369E-05 0.0191314 9.99369E-05 9.99369E-05 9.99369E-05 9.99369E-05 0.257185 9.99369E-05 0.570539
9.99369E-05 0.0103204 9.99369E-05 0.287323 9.99369E-05 9.99369E-05 9.99369E-05 9.99369E-05 0.18866 9.99369E-05 0.512997
9.99477E-05 0.250738 9.99477E-05 9.99477E-05 0.213993 9.99477E-05 0.0668972 9.99477E-05 9.99477E-05 0.0640164 0.403755
9.99459E-05 9.99459E-05 9.99459E-05 9.99459E-05 0.353878 0.0286485 9.99459E-05 9.99459E-05 0.0018279 0.296209 0.318837
0.40334 9.99369E-05 9.99369E-05 9.99369E-05 0.269922 9.99369E-05 9.99369E-05 0.0502368 9.99369E-05 9.99369E-05 0.275802
0.174148 9.99279E-05 9.99279E-05 9.99279E-05 9.99279E-05 9.99279E-05 0.330607 9.99279E-05 9.99279E-05 9.99279E-05 0.494445
9.99279E-05 0.0733953 9.99279E-05 9.99279E-05 0.615171 9.99279E-05 9.99279E-05 9.99279E-05 0.310634 9.99279E-05 9.99279E-05
0.17196 9.99278E-05 9.99278E-05 9.99278E-05 9.99278E-05 9.99278E-05 0.190613 9.99278E-05 9.99278E-05 9.99278E-05 0.636627
9.99549E-05 0.18763 9.99549E-05 0.146674 0.0533261 0.00415173 9.99549E-05 9.99549E-05 0.00436411 9.99549E-05 0.603355
9.99549E-05 0.253277 0.15327 0.0612314 0.276836 0.0203694 9.99549E-05 9.99549E-05 9.99549E-05 9.99549E-05 0.234516
0.129543 9.99278E-05 9.99278E-05 9.99278E-05 0.741693 9.99278E-05 0.127964 9.99278E-05 9.99278E-05 9.99278E-05 9.99278E-05
0.408451 9.9937E-05 9.9937E-05 9.9937E-05 0.221253 9.9937E-05 0.171412 9.9937E-05 9.9937E-05 9.9937E-05 0.198185
0.0370092 9.99459E-05 9.99459E-05 9.99459E-05 0.735736 9.99459E-05 0.167726 9.99459E-05 9.99459E-05 0.0432429 0.0156869
9.99369E-05 9.99369E-05 9.99369E-05 9.99369E-05 0.40544 9.99369E-05 9.99369E-05 0.084298 9.99369E-05 0.215038 0.294525
0.506532 9.9937E-05 9.9937E-05 9.9937E-05 0.175053 9.9937E-05 9.9937E-05 0.0591277 9.9937E-05 9.9937E-05 0.258588
9.99369E-05 9.99369E-05 0.322824 9.99369E-05 0.200442 9.99369E-05 9.99369E-05 9.99369E-05 0.0475383 9.99369E-05 0.428496
9.99189E-05 9.99189E-05 0.289501 9.99189E-05 9.99189E-05 9.99189E-05 9.99189E-05 9.99189E-05 9.99189E-05 9.99189E-05 0.709599
0.0326939 9.9937E-05 0.38999 9.9937E-05 0.100778 9.9937E-05 9.9937E-05 9.9937E-05 9.9937E-05 9.9937E-05 0.475839
0.236848 9.99279E-05 9.99279E-05 9.99279E-05 9.99279E-05 9.99279E-05 0.132122 9.99279E-05 9.99279E-05 9.99279E-05 0.630231
9.99459E-05 9.99459E-05 9.99459E-05 0.150453 0.0586865 9.99459E-05 9.99459E-05 0.0973207 0.0883514 9.99459E-05 0.604589
9.99369E-05 0.200855 0.0282188 9.99369E-05 9.99369E-05 9.99369E-05 9.99369E-05 9.99369E-05 0.202466 9.99369E-05 0.56776
9.99459E-05 9.99459E-05 9.99459E-05 9.99459E-05 0.391484 0.0213617 0.295092 9.99459E-05 9.99459E-05 0.116165 0.175297
0.0296281 9.99369E-05 9.99369E-05 9.99369E-05 0.0104992 9.99369E-05 0.470561 9.99369E-05 9.99369E-05 9.99369E-05 0.488612
9.99369E-05 0.417469 9.99369E-05 9.99369E-05 0.416891 9.99369E-05 9.99369E-05 9.99369E-05 9.99369E-05 0.00447392 0.160466
9.99278E-05 9.99278E-05 9.99278E-05 9.99278E-05 0.0017303 9.99278E-05 0.453784 9.99278E-05 9.99278E-05 9.99278E-05 0.543687
9.99279E-05 9.99279E-05 9.99279E-05 9.99279E-05 0.0596361 9.99279E-05 0.489661 9.99279E-05 9.99279E-05 9.99279E-05 0.449903
9.99369E-05 0.388121 9.99369E-05 9.99369E-05 0.150982 9.99369E-05 9.99369E-05 9.99369E-05 0.209408 9.99369E-05 0.250789
9.99369E-05 0.111453 9.99369E-05 9.99369E-05 9.99369E-05 9.99369E-05 0.254444 9.99369E-05 9.99369E-05 0.00909224 0.624311
9.99549E-05 0.110098 9.99549E-05 9.99549E-05 0.166688 0.0126213 0.193208 9.99549E-05 9.99549E-05 0.0908421 0.426042
0.369082 9.99369E-05 9.99369E-05 9.99369E-05 9.99369E-05 9.99369E-05 0.0352258 0.587031 9.99369E-05 9.99369E-05 0.0079616
0.193251 9.9955E-05 0.0219066 9.9955E-05 0.0284895 9.9955E-05 0.076142 0.602547 9.9955E-05 9.9955E-05 0.0771646
0.0221902 9.99369E-05 0.120461 9.99369E-05 9.99369E-05 9.99369E-05 9.99369E-05 0.775889 0.0807607 9.99369E-05 9.99369E-05
9.994E-05 0.40645 9.994E-05 9.994E-05 9.994E-05 0.0217476 0.0249178 0.489705 0.0565793 9.994E-05 9.994E-05
0.302437 9.99369E-05 9.99369E-05 9.99369E-05 9.99369E-05 0.0312495 0.0801485 0.585466 9.99369E-05 9.99369E-05 9.99369E-05
9.99549E-05 0.25843 9.99549E-05 0.001764 9.99549E-05 9.99549E-05 0.0387773 0.15949 0.0619662 0.479073 9.99549E-05
9.99188E-05 9.99188E-05 9.99188E-05 9.99188E-05 9.99188E-05 9.99188E-05 0.615132 0.383969 9.99188E-05 9.99188E-05 9.99188E-05
0.275654 9.99278E-05 9.99278E-05 9.99278E-05 9.99278E-05 9.99278E-05 0.0278478 0.695699 9.99278E-05 9.99278E-05 9.99278E-05
9.99459E-05 9.99459E-05 9.99459E-05 9.99459E-05 0.0285158 0.028458 0.0752832 0.627885 9.99459E-05 0.239258 9.99459E-05
9.994E-05 0.0438272 9.994E-05 0.285178 0.015669 9.994E-05 9.994E-05 0.552273 0.102454 9.994E-05 9.994E-05
0.605129 9.99279E-05 9.99279E-05 9.99279E-05 9.99279E-05 0.0974524 9.99279E-05 0.296619 9.99279E-05 9.99279E-05 9.99279E-05
9.99369E-05 9.99369E-05 9.99369E-05 0.46306 9.99369E-05 0.0643094 0.0280077 0.443924 9.99369E-05 9.99369E-05 9.99369E-05
0.143559 9.99369E-05 9.99369E-05 9.99369E-05 9.99369E-05 9.99369E-05 0.130101 0.672063 9.99369E-05 0.0535778 9.99369E-05
9.99549E-05 0.0439658 9.99549E-05 0.102498 9.99549E-05 9.99549E-05 0.0206118 0.489116 9.99549E-05 0.317447 0.0258627
0.0508969 9.99549E-05 9.99549E-05 9.99549E-05 0.0390727 0.0323154 9.99549E-05 0.604206 0.013149 0.25986 9.99549E-05
0.0298787 0.0114485 9.99639E-05 0.00682985 0.0124455 9.99639E-05 0.399171 0.24407 9.99639E-05 0.295756 9.99639E-05
9.99458E-05 0.34632 0.190887 0.0183193 9.99458E-05 9.99458E-05 9.99458E-05 0.422048 9.99458E-05 9.99458E-05 0.0218259
9.99368E-05 9.99368E-05 0.235146 9.99368E-05 9.99368E-05 9.99368E-05 0.0184318 0.336212 0.409511 9.99368E-05 9.99368E-05
0.0423921 9.99549E-05 9.99549E-05 9.99549E-05 0.0813981 0.0561971 9.99549E-05 0.558247 9.99549E-05 0.169175 0.0920904
0.0228927 9.99369E-05 9.99369E-05 9.99369E-05 9.99369E-05 9.99369E-05 0.335543 0.629349 9.99369E-05 0.0115156 9.99369E-05
9.99459E-05 9.99459E-05 9.99459E-05 0.118444 0.0518801 0.0370174 9.99459E-05 0.704103 9.99459E-05 0.0879564 9.99459E-05
9.99279E-05 9.99279E-05 0.370736 9.99279E-05 9.99279E-05 9.99279E-05 9.99279E-05 0.627019 0.00144534 9.99279E-05 9.99279E-05
9.9964E-05 0.294389 0.021739 0.160843 9.9964E-05 0.0538314 9.9964E-05 0.0546529 0.127852 0.286293 9.9964E-05
9.99188E-05 9.99188E-05 9.99188E-05 9.99188E-05 9.99188E-05 0.675924 0.323177 9.99188E-05 9.99188E-05 9.99188E-05 9.99188E-05
9.99459E-05 0.0521581 0.250082 9.99459E-05 9.99459E-05 9.99459E-05 0.06596 9.99459E-05 0.460901 0.170298 9.99459E-05
0.112976 9.99459E-05 0.00334924 9.99459E-05 9.99459E-05 0.0123714 0.157453 9.99459E-05 9.99459E-05 0.713251 9.99459E-05
0.524974 9.99188E-05 9.99188E-05 9.99188E-05 9.99188E-05 0.474127 9.99188E-05 9.99188E-05 9.99188E-05 9.99188E-05 9.99188E-05
9.99459E-05 0.161797 0.275374 0.332759 9.99459E-05 9.99459E-05 9.99459E-05 9.99459E-05 0.0603619 0.169108 9.99459E-05
0.0185203 9.99459E-05 0.0244181 0.250585 0.0078216 0.698055 9.99459E-05 9.99459E-05 9.99459E-05 9.99459E-05 9.99459E-05
9.99549E-05 0.113546 0.10866 9.99549E-05 9.99549E-05 9.99549E-05 0.176349 0.0348844 9.99549E-05 0.458535 0.107526
9.99189E-05 9.99189E-05 0.320845 9.99189E-05 9.99189E-05 0.678256 9.99189E-05 9.99189E-05 9.99189E-05 9.99189E-05 9.99189E-05
0.250457 9.9946E-05 0.0238894 9.9946E-05 9.9946E-05 0.239699 0.472902 9.9946E-05 9.9946E-05 0.012453 9.9946E-05
9.99639E-05 0.211464 0.211434 0.318595 9.99639E-05 0.173993 9.99639E-05 0.0106041 9.99639E-05 0.0402286 0.0332824
9.99279E-05 9.99279E-05 0.0531602 9.99279E-05 9.99279E-05 0.566319 9.99279E-05 9.99279E-05 0.379722 9.99279E-05 9.99279E-05
0.511682 9.99279E-05 9.99279E-05 9.99279E-05 9.99279E-05 0.393512 0.0940065 9.99279E-05 9.99279E-05 9.99279E-05 9.99279E-05
9.99459E-05 0.517611 0.169361 0.243349 9.99459E-05 9.99459E-05 9.99459E-05 9.99459E-05 0.0589515 0.0101286 9.99459E-05
9.99369E-05 0.109689 0.280446 9.99369E-05 9.99369E-05 0.54488 9.99369E-05 9.99369E-05 0.0642846 9.99369E-05 9.99369E-05
9.99459E-05 0.0864464 0.597743 0.117151 9.99459E-05 9.99459E-05 0.110168 9.99459E-05 9.99459E-05 0.0878908 9.99459E-05
0.539433 9.99188E-05 9.99188E-05 9.99188E-05 9.99188E-05 0.459668 9.99188E-05 9.99188E-05 9.99188E-05 9.99188E-05 9.99188E-05
9.99368E-05 0.118671 0.552179 9.99368E-05 9.99368E-05 0.293865 9.99368E-05 9.99368E-05 0.0345857 9.99368E-05 9.99368E-05
9.99459E-05 0.426527 0.0376604 0.314043 9.99459E-05 9.99459E-05 9.99459E-05 0.0725553 9.99459E-05 0.148615 9.99459E-05
9.99369E-05 0.104773 9.99369E-05 9.99369E-05 9.99369E-05 0.0849042 0.24317 9.99369E-05 9.99369E-05 0.566454 9.99369E-05
0.0504909 9.99641E-05 0.018996 9.99641E-05 0.0212545 9.99641E-05 0.0781432 0.0908035 0.494689 0.245223 9.99641E-05
0.00293026 9.9964E-05 0.372056 9.9964E-05 0.0425695 0.0592213 0.0229761 9.9964E-05 0.223798 0.276049 9.9964E-05
0.426283 9.99368E-05 9.99368E-05 9.99368E-05 9.99368E-05 0.432901 0.0966163 9.99368E-05 9.99368E-05 0.0435005 9.99368E-05
9.997E-05 0.18108 0.204783 0.118095 0.052558 0.143382 0.206602 9.997E-05 9.997E-05 0.0502229 0.0429773
9.99368E-05 0.0413467 9.99368E-05 9.99368E-05 9.99368E-05 0.591852 9.99368E-05 9.99368E-05 9.99368E-05 0.361892 0.00420995
0.27128 9.9964E-05 9.9964E-05 9.9964E-05 0.0359363 0.0660712 0.00289831 0.159745 9.9964E-05 0.413948 0.0497216
9.99639E-05 0.104929 0.462547 0.0806921 0.0284115 0.176214 9.99639E-05 0.0751938 9.99639E-05 9.99639E-05 0.0716124
9.9955E-05 9.9955E-05 9.9955E-05 0.0768325 0.00564042 0.273943 9.9955E-05 0.398063 9.9955E-05 0.168678 0.0763442
0.803457 0.0228762 0.0503509 9.9964E-05 0.0662232 9.9964E-05 0.0219104 9.9964E-05 0.0184204 9.9964E-05 0.0163624
0.0496992 9.996E-05 9.996E-05 9.996E-05 0.0335661 0.238913 0.171382 0.113473 9.996E-05 0.378443 0.0141236
0.201471 9.99639E-05 9.99639E-05 0.0549665 9.99639E-05 0.0820946 0.308408 0.0764225 9.99639E-05 0.251595 0.0246415
0.120066 9.9955E-05 9.9955E-05 0.534133 0.0327765 0.126695 9.9955E-05 9.9955E-05 0.026066 0.159764 9.9955E-05
0.514834 9.99278E-05 9.99278E-05 9.99278E-05 9.99278E-05 9.99278E-05 0.198114 9.99278E-05 9.99278E-05 0.286252 9.99278E-05
9.99549E-05 0.118346 0.560024 0.176587 9.99549E-05 9.99549E-05 0.00416636 9.99549E-05 0.0351615 0.105216 9.99549E-05
0.447242 9.99369E-05 9.99369E-05 9.99369E-05 9.99369E-05 0.0515877 0.0852721 9.99369E-05 9.99369E-05 0.415199 9.99369E-05
0.140902 9.995E-05 0.136983 9.995E-05 9.995E-05 0.317189 9.995E-05 0.0485192 0.30228 0.0536273 9.995E-05
0.00712006 9.99549E-05 0.497625 0.0277642 9.99549E-05 0.13813 9.99549E-05 0.124278 0.204583 9.99549E-05 9.99549E-05
9.9955E-05 9.9955E-05 9.9955E-05 9.9955E-05 0.0131976 0.166389 9.9955E-05 0.176202 0.013007 0.53002 0.100685
9.995E-05 0.0929544 0.104897 9.995E-05 9.995E-05 9.995E-05 0.117224 0.135104 9.995E-05 0.495792 0.0535285
0.0306548 9.9955E-05 9.9955E-05 9.9955E-05 0.0614314 0.112567 9.9955E-05 0.193474 9.9955E-05 0.589148 0.0122257
0.0819351 9.99459E-05 0.418658 9.99459E-05 9.99459E-05 9.99459E-05 9.99459E-05 0.128129 0.138043 0.232635 9.99459E-05
0.734186 0.0588319 9.9946E-05 9.9946E-05 9.9946E-05 9.9946E-05 0.0170738 0.05244 9.9946E-05 0.136869 9.9946E-05
0.691766 9.99279E-05 9.99279E-05 9.99279E-05 9.99279E-05 0.282473 9.99279E-05 0.024961 9.99279E-05 9.99279E-05 9.99279E-05
9.99369E-05 9.99369E-05 9.99369E-05 9.99369E-05 9.99369E-05 0.22401 0.554138 9.99369E-05 9.99369E-05 0.188979 0.032174
0.61532 9.99459E-05 9.99459E-05 9.99459E-05 0.0197388 0.197812 9.99459E-05 9.99459E-05 9.99459E-05 0.128861 0.0376682
0.830617 0.0662443 0.00426853 0.0817181 9.9946E-05 9.9946E-05 9.9946E-05 0.016552 9.9946E-05 9.9946E-05 9.9946E-05
9.99459E-05 9.99459E-05 9.99459E-05 9.99459E-05 0.00888799 0.348176 0.530056 0.0245173 9.99459E-05 9.99459E-05 0.0877632
0.117928 9.99459E-05 9.99459E-05 0.0467374 9.99459E-05 0.0594594 0.32829 9.99459E-05 9.99459E-05 0.446985 9.99459E-05
0.0293396 0.753992 9.9946E-05 9.9946E-05 0.0338873 0.0127191 9.9946E-05 9.9946E-05 0.169462 9.9946E-05 9.9946E-05
9.99639E-05 0.628432 0.163977 0.0251943 0.0263985 9.99639E-05 0.0489812 9.99639E-05 0.0741144 0.0325032 9.99639E-05
9.99369E-05 0.222679 9.99369E-05 9.99369E-05 0.0174395 9.99369E-05 0.502545 9.99369E-05 9.99369E-05 0.256637 9.99369E-05
9.99368E-05 0.479923 0.201902 0.262821 9.99368E-05 9.99368E-05 0.0546538 9.99368E-05 9.99368E-05 9.99368E-05 9.99368E-05
0.0427311 0.795221 9.99369E-05 0.0323384 9.99369E-05 9.99369E-05 9.99369E-05 9.99369E-05 0.12901 9.99369E-05 9.99369E-05
9.995E-05 0.235613 0.193221 9.995E-05 0.0420746 9.995E-05 0.0744335 9.995E-05 0.426232 0.0279266 9.995E-05
9.99369E-05 0.564652 0.20704 9.99369E-05 9.99369E-05 9.99369E-05 0.0745155 9.99369E-05 0.153093 9.99369E-05 9.99369E-05
0.0303565 0.154047 9.9946E-05 9.9946E-05 0.0340007 9.9946E-05 0.6993 9.9946E-05 9.9946E-05 0.081696 9.9946E-05
0.447984 9.9928E-05 9.9928E-05 9.9928E-05 9.9928E-05 0.163118 0.388098 9.9928E-05 9.9928E-05 9.9928E-05 9.9928E-05
9.99459E-05 0.601477 9.99459E-05 9.99459E-05 9.99459E-05 9.99459E-05 0.112418 0.0713597 9.99459E-05 0.16643 0.0477151
9.9928E-05 0.0383282 9.9928E-05 9.9928E-05 9.9928E-05 9.9928E-05 0.898006 0.0628665 9.9928E-05 9.9928E-05 9.9928E-05
9.9955E-05 0.142862 9.9955E-05 9.9955E-05 0.090472 0.00815414 0.56022 9.9955E-05 9.9955E-05 0.153605 0.0441869
9.99459E-05 0.399446 9.99459E-05 0.0296668 9.99459E-05 9.99459E-05 0.327519 0.00470649 9.99459E-05 0.238062 9.99459E-05
0.0595862 9.99369E-05 9.99369E-05 9.99369E-05 9.99369E-05 0.115212 0.717725 9.99369E-05 9.99369E-05 0.106777 9.99369E-05
0.0341455 0.233194 9.9955E-05 9.9955E-05 9.9955E-05 9.9955E-05 0.565597 0.0915346 0.0150961 0.0599328 9.9955E-05
9.99639E-05 0.363882 0.123357 9.99639E-05 0.0951464 0.259883 0.0238828 9.99639E-05 9.99639E-05 0.0778332 0.0556162
9.99549E-05 0.131418 9.99549E-05 0.141438 0.0167258 9.99549E-05 0.507919 9.99549E-05 9.99549E-05 0.158402 0.0435968
9.99369E-05 0.353433 9.99369E-05 9.99369E-05 9.99369E-05 9.99369E-05 0.428862 0.164171 9.99369E-05 0.052834 9.99369E-05
9.99459E-05 0.393278 0.0559622 0.503516 9.99459E-05 9.99459E-05 0.036367 9.99459E-05 0.0102778 9.99459E-05 9.99459E-05
0.00129 0.549959 0.013663 0.0118602 9.9982E-05 9.9982E-05 0.0750613 0.0313519 0.00208091 0.308899 0.00563417
0.163934 9.9946E-05 9.9946E-05 0.0522897 9.9946E-05 9.9946E-05 0.72053 9.9946E-05 0.0548504 9.9946E-05 0.00779611
9.99549E-05 0.0242106 0.0858728 9.99549E-05 9.99549E-05 9.99549E-05 0.644025 0.0124546 9.99549E-05 0.216765 0.0161725
0.300744 9.99369E-05 0.0125039 9.99369E-05 9.99369E-05 0.122805 0.563247 9.99369E-05 9.99369E-05 9.99369E-05 9.99369E-05
9.99369E-05 0.6168 0.178436 0.0342759 9.99369E-05 9.99369E-05 9.99369E-05 9.99369E-05 9.99369E-05 0.169789 9.99369E-05
9.9955E-05 0.402517 9.9955E-05 9.9955E-05 0.0200593 0.00670364 0.0891286 9.9955E-05 9.9955E-05 0.463298 0.0177943
0.1726 9.99459E-05 9.99459E-05 9.99459E-05 9.99459E-05 0.107748 0.697323 9.99459E-05 9.99459E-05 0.00959223 0.0121374
9.9955E-05 0.425502 0.00849807 0.0766877 9.9955E-05 0.302776 9.9955E-05 0.0625033 0.123533 9.9955E-05 9.9955E-05
9.99279E-05 0.0862168 9.99279E-05 0.478517 9.99279E-05 0.434467 9.99279E-05 9.99279E-05 9.99279E-05 9.99279E-05 9.99279E-05
0.299447 9.9955E-05 9.9955E-05 9.9955E-05 0.0713865 0.0143458 0.263682 9.9955E-05 9.9955E-05 0.281739 0.0689
0.143359 9.99459E-05 9.99459E-05 9.99459E-05 0.0249507 0.567929 9.99459E-05 0.0925019 9.99459E-05 0.17066 9.99459E-05
9.9946E-05 0.308972 9.9946E-05 0.40302 0.0798591 0.196551 0.0109983 9.9946E-05 9.9946E-05 9.9946E-05 9.9946E-05
9.99369E-05 0.438611 0.106314 9.99369E-05 9.99369E-05 0.369395 9.99369E-05 9.99369E-05 0.0849808 9.99369E-05 9.99369E-05
9.995E-05 0.419632 0.133491 0.0929071 9.995E-05 0.269744 9.995E-05 9.995E-05 0.0531993 9.995E-05 0.0305272
0.723357 9.9928E-05 9.9928E-05 9.9928E-05 0.00800178 0.267842 9.9928E-05 9.9928E-05 9.9928E-05 9.9928E-05 9.9928E-05
9.9937E-05 9.9937E-05 9.9937E-05 9.9937E-05 9.9937E-05 0.363968 0.375142 9.9937E-05 9.9937E-05 0.258541 0.0016492
9.99549E-05 0.113775 9.99549E-05 0.125322 9.99549E-05 0.160925 9.99549E-05 0.312229 9.99549E-05 0.244795 0.0424535
9.99369E-05 0.345678 0.141941 0.201454 9.99369E-05 0.310228 9.99369E-05 9.99369E-05 9.99369E-05 9.99369E-05 9.99369E-05
0.538836 9.99549E-05 9.99549E-05 9.99549E-05 0.00724718 0.196087 0.0191567 0.0870743 9.99549E-05 0.151099 9.99549E-05
9.994E-05 0.107665 9.994E-05 9.994E-05 0.0371238 0.150181 0.230655 9.994E-05 9.994E-05 0.473776 9.994E-05
9.99549E-05 0.105753 9.99549E-05 9.99549E-05 0.015122 0.242469 0.401882 9.99549E-05 9.99549E-05 0.224205 0.0100693
9.99549E-05 9.99549E-05 0.0286573 0.0445688 0.00722189 0.322308 9.99549E-05 0.285765 9.99549E-05 0.310979 9.99549E-05
9.99369E-05 9.99369E-05 0.0419034 9.99369E-05 9.99369E-05 9.99369E-05 0.482553 0.16077 9.99369E-05 0.314074 9.99369E-05
9.99549E-05 0.41614 9.99549E-05 0.224116 9.99549E-05 9.99549E-05 0.13819 0.0576786 9.99549E-05 0.134297 0.0290785
9.99459E-05 0.184057 9.99459E-05 0.10315 9.99459E-05 0.144868 9.99459E-05 9.99459E-05 9.99459E-05 0.559391 0.0079341
9.995E-05 0.218507 0.154197 0.208245 0.012343 0.279284 9.995E-05 9.995E-05 0.126923 9.995E-05 9.995E-05
0.0529159 9.995E-05 9.995E-05 9.995E-05 0.0179816 0.39642 0.395762 9.995E-05 9.995E-05 0.00514313 0.131277
9.99459E-05 0.56108 0.0380876 0.117662 9.99459E-05 0.263004 9.99459E-05 9.99459E-05 9.99459E-05 9.99459E-05 0.0195666
9.99459E-05 0.269976 0.24134 9.99459E-05 9.99459E-05 0.179896 0.0242423 9.99459E-05 0.283945 9.99459E-05 9.99459E-05
0.183806 9.99369E-05 9.99369E-05 9.99369E-05 9.99369E-05 0.224116 0.580322 9.99369E-05 9.99369E-05 0.0110562 9.99369E-05
9.99369E-05 0.157255 9.99369E-05 0.200577 9.99369E-05 9.99369E-05 0.417191 9.99369E-05 9.99369E-05 0.224277 9.99369E-05
9.994E-05 0.0432251 9.994E-05 9.994E-05 9.994E-05 0.164839 0.602764 9.994E-05 9.994E-05 0.139774 0.0487979
9.9946E-05 0.702624 9.9946E-05 0.069721 0.0277838 0.0632987 9.9946E-05 9.9946E-05 0.135973 9.9946E-05 9.9946E-05
0.00653471 0.191264 9.9991E-05 0.00546167 0.043771 0.026319 0.0976146 0.0592523 0.406942 0.0121099 0.150631
9.99549E-05 0.699444 0.0547202 0.0499807 9.99549E-05 0.0707326 0.0441208 9.99549E-05 9.99549E-05 9.99549E-05 0.0805019
0.128823 9.99279E-05 9.99279E-05 9.99279E-05 9.99279E-05 0.214092 0.656285 9.99279E-05 9.99279E-05 9.99279E-05 9.99279E-05
9.995E-05 0.701866 0.117286 9.995E-05 9.995E-05 0.00342987 0.0837503 9.995E-05 9.995E-05 0.0555149 0.0376538
9.997E-05 0.74986 9.997E-05 0.00899138 0.0401448 0.096877 0.00622822 0.0941314 0.00279354 9.997E-05 0.000674234
0.00253019 0.599817 0.00360378 0.206666 9.9964E-05 0.0497029 9.9964E-05 0.0755261 0.0617542 9.9964E-05 9.9964E-05
0.0627431 9.9937E-05 0.0335232 9.9937E-05 9.9937E-05 9.9937E-05 0.824419 0.0786149 9.9937E-05 9.9937E-05 9.9937E-05
9.99594E-05 0.323043 9.99594E-05 9.99594E-05 0.00570693 0.0783756 0.390394 0.00437358 9.99594E-05 0.197607 9.99594E-05
9.9955E-05 0.320431 9.9955E-05 0.403169 0.0238098 0.00453709 0.110733 9.9955E-05 0.136821 9.9955E-05 9.9955E-05
0.0700427 0.0895784 9.9964E-05 9.9964E-05 9.9964E-05 0.222 0.436456 0.060437 0.0839566 9.9964E-05 0.0371293
0.0341482 0.768605 9.9964E-05 0.0277528 0.0170857 0.00191686 9.9964E-05 0.0181991 0.131892 9.9964E-05 9.9964E-05
0.151638 9.9946E-05 0.418596 9.9946E-05 9.9946E-05 9.9946E-05 0.116694 9.9946E-05 0.172376 0.140097 9.9946E-05
9.9955E-05 0.434297 9.9955E-05 9.9955E-05 0.00205854 0.14732 0.296365 0.105345 9.9955E-05 9.9955E-05 0.0141143
0.234519 9.9928E-05 9.9928E-05 9.9928E-05 9.9928E-05 0.0920603 0.672621 9.9928E-05 9.9928E-05 9.9928E-05 9.9928E-05
9.9955E-05 0.329388 9.9955E-05 9.9955E-05 0.0264092 0.0984165 0.183286 9.9955E-05 9.9955E-05 0.360159 0.00184107
0.140673 9.99729E-05 9.99729E-05 0.0355943 0.0249364 0.109423 0.0771806 0.158219 9.99729E-05 0.449053 0.00462069
0.640373 9.9955E-05 9.9955E-05 0.0129337 9.9955E-05 0.0291204 0.039592 0.0906464 9.9955E-05 0.186835 9.9955E-05
9.99549E-05 0.0901055 0.0273401 9.99549E-05 9.99549E-05 0.0173739 0.239599 9.99549E-05 9.99549E-05 0.583689 0.0413929
9.99278E-05 9.99278E-05 9.99278E-05 9.99278E-05 9.99278E-05 0.0779454 0.450716 0.470539 9.99278E-05 9.99278E-05 9.99278E-05
9.99549E-05 0.0391932 0.0107973 0.0992893 9.99549E-05 0.151796 0.286143 9.99549E-05 9.99549E-05 0.412281 9.99549E-05
9.99459E-05 0.166627 0.559221 0.037393 9.99459E-05 0.0242118 9.99459E-05 9.99459E-05 9.99459E-05 0.211948 9.99459E-05
0.587247 9.99369E-05 9.99369E-05 9.99369E-05 0.01224 0.290324 9.99369E-05 9.99369E-05 9.99369E-05 0.109489 9.99369E-05
9.99369E-05 9.99369E-05 0.0532489 9.99369E-05 9.99369E-05 0.33481 9.99369E-05 9.99369E-05 0.588939 0.0223026 9.99369E-05
9.99729E-05 0.462757 0.0471545 0.0236324 0.00691901 9.99729E-05 0.0060892 0.368336 0.0219541 0.0628584 9.99729E-05
0.0678761 9.99459E-05 0.172597 0.645429 9.99459E-05 9.99459E-05 9.99459E-05 0.0834726 9.99459E-05 0.0300263 9.99459E-05
0.616506 0.0306667 0.0323655 0.00536533 9.99639E-05 9.99639E-05 0.0458465 0.189665 9.99639E-05 0.079185 9.99639E-05
0.574165 9.99459E-05 9.99459E-05 9.99459E-05 9.99459E-05 0.0275561 0.258018 0.0968785 9.99459E-05 0.0427828 9.99459E-05
9.9955E-05 0.0777962 0.610798 0.114282 0.0124071 0.159599 0.0246183 9.9955E-05 9.9955E-05 9.9955E-05 9.9955E-05
9.9955E-05 0.0402592 0.0171989 0.057757 9.9955E-05 9.9955E-05 0.319936 9.9955E-05 9.9955E-05 0.512734 0.0516154
0.0140678 0.000714365 0.0946479 9.9982E-05 0.00188041 0.00431664 0.075078 0.206834 9.9982E-05 0.562761 0.0394999
0.634084 9.99369E-05 0.0028303 9.99369E-05 9.99369E-05 9.99369E-05 0.240876 0.121511 9.99369E-05 9.99369E-05 9.99369E-05
0.107781 9.9955E-05 0.0220071 0.120697 9.9955E-05 0.0437164 9.9955E-05 0.240074 9.9955E-05 0.465224 9.9955E-05
0.0433768 9.99549E-05 0.50192 9.99549E-05 0.0831269 0.120343 9.99549E-05 0.0336047 9.99549E-05 0.217128 9.99549E-05
0.000334717 0.470739 0.0457164 0.397159 9.99549E-05 0.00201645 9.99549E-05 9.99549E-05 9.99549E-05 0.0835344 9.99549E-05
9.99459E-05 0.137005 0.0622766 0.519807 9.99459E-05 9.99459E-05 9.99459E-05 0.0660894 9.99459E-05 0.214222 9.99459E-05
0.0763205 9.99459E-05 0.312732 9.99459E-05 9.99459E-05 9.99459E-05 9.99459E-05 0.249574 0.1419 0.218874 9.99459E-05
0.0116717 0.107256 9.9946E-05 9.9946E-05 0.0310097 9.9946E-05 0.789155 0.0603076 9.9946E-05 9.9946E-05 9.9946E-05
9.9946E-05 0.854952 9.9946E-05 0.00088577 0.00639995 9.9946E-05 0.0491326 0.0880296 9.9946E-05 9.9946E-05 9.9946E-05
9.9946E-05 0.0590523 9.9946E-05 9.9946E-05 9.9946E-05 0.0132499 0.765391 0.130569 0.0311374 9.9946E-05 9.9946E-05
9.99459E-05 0.215545 9.99459E-05 9.99459E-05 9.99459E-05 0.0392009 0.42103 0.198158 9.99459E-05 0.125466 9.99459E-05
9.9946E-05 0.746829 9.9946E-05 9.9946E-05 0.0187765 0.0558624 9.9946E-05 9.9946E-05 0.052902 0.12503 9.9946E-05
0.206013 0.0012699 9.994E-05 9.994E-05 0.026665 0.0169097 0.748543 9.994E-05 9.994E-05 9.994E-05 9.994E-05
0.410897 9.99459E-05 9.99459E-05 0.092105 9.99459E-05 9.99459E-05 9.99459E-05 0.238284 9.99459E-05 0.251566 0.00654814
0.0365828 9.99549E-05 0.0084961 0.00439213 9.99549E-05 0.0690114 0.510484 9.99549E-05 9.99549E-05 0.370534 9.99549E-05
0.0721234 9.995E-05 9.995E-05 0.6426 0.0349133 0.0493881 9.995E-05 0.0814143 9.995E-05 0.119061 9.995E-05
0.0633238 9.99549E-05 9.99549E-05 0.276349 0.0468455 0.150258 9.99549E-05 0.0471995 9.99549E-05 0.415524 9.99549E-05
9.99549E-05 0.106664 9.99549E-05 0.455328 0.0212026 0.144399 0.156253 9.99549E-05 9.99549E-05 0.115653 9.99549E-05
0.540939 9.99369E-05 9.99369E-05 0.241392 9.99369E-05 9.99369E-05 0.199652 9.99369E-05 0.0173179 9.99369E-05 9.99369E-05
9.99459E-05 9.99459E-05 0.0752201 0.191179 9.99459E-05 9.99459E-05 0.0750465 9.99459E-05 0.604222 0.0537334 9.99459E-05
0.080306 9.99639E-05 9.99639E-05 0.0506262 0.0405722 9.99639E-05 0.189111 0.0821814 9.99639E-05 0.392732 0.164072
9.99639E-05 0.0950655 0.206412 0.476374 9.99639E-05 0.0141035 0.0631376 0.0943816 9.99639E-05 9.99639E-05 0.0501263
9.99459E-05 0.0014432 9.99459E-05 0.350534 9.99459E-05 9.99459E-05 0.0704517 9.99459E-05 0.526648 0.0503234 9.99459E-05
9.99369E-05 9.99369E-05 9.99369E-05 0.906013 9.99369E-05 9.99369E-05 0.0297786 0.0130391 9.99369E-05 0.05047 9.99369E-05
9.99639E-05 0.19158 9.99639E-05 0.663931 0.0343696 0.0427173 0.0128059 9.99639E-05 9.99639E-05 0.0495203 0.00467586
0.0121151 9.99459E-05 9.99459E-05 0.840696 9.99459E-05 9.99459E-05 0.0645314 9.99459E-05 0.027547 9.99459E-05 0.0545106
9.99549E-05 9.99549E-05 9.99549E-05 0.149188 0.0461535 9.99549E-05 0.252139 0.030369 9.99549E-05 0.473821 0.0478296
9.995E-05 9.995E-05 9.995E-05 9.995E-05 0.0136731 0.103433 0.589528 0.0478277 9.995E-05 0.182806 0.0622328
9.99459E-05 9.99459E-05 0.0668355 0.0556631 9.99459E-05 0.171078 0.108259 9.99459E-05 0.597564 9.99459E-05 9.99459E-05
0.150804 9.9946E-05 9.9946E-05 0.566978 9.9946E-05 0.021555 9.9946E-05 0.209434 0.0506293 9.9946E-05 9.9946E-05
0.212568 9.9973E-05 0.0660852 9.9973E-05 0.0551676 0.0720644 0.0667469 0.103727 9.9973E-05 0.34735 0.0759916
0.830669 9.9946E-05 9.9946E-05 0.0238574 0.0368403 0.0955578 9.9946E-05 0.0124759 9.9946E-05 9.9946E-05 9.9946E-05
0.188273 9.9928E-05 9.9928E-05 0.044438 9.9928E-05 9.9928E-05 0.766489 9.9928E-05 9.9928E-05 9.9928E-05 9.9928E-05
0.80009 0.0530282 9.997E-05 0.0188874 9.997E-05 0.0182334 0.0718549 0.000363335 9.997E-05 0.020952 0.0162909
