9.98829E-05 9.98829E-05 9.98829E-05 9.98829E-05 9.98829E-05 9.98829E-05 9.98829E-05 0.0688134 9.98829E-05 9.98829E-05 9.98829E-05 0.21518 9.98829E-05 0.440033 9.98829E-05 9.98829E-05 0.0089759 0.265699
9.99099E-05 9.99099E-05 9.99099E-05 0.00616302 9.99099E-05 0.143599 9.99099E-05 0.0509665 9.99099E-05 9.99099E-05 9.99099E-05 0.274047 0.0332473 0.386795 9.99099E-05 0.0214008 9.99099E-05 0.0827824
9.99188E-05 0.00023397 0.0388031 0.0615578 9.99188E-05 9.99188E-05 9.99188E-05 0.0229533 9.99188E-05 0.343827 0.0765218 0.427089 0.00843912 9.99188E-05 9.99188E-05 0.0196757 9.99188E-05 9.99188E-05
9.98829E-05 0.193166 9.98829E-05 9.98829E-05 9.98829E-05 9.98829E-05 9.98829E-05 9.98829E-05 9.98829E-05 9.98829E-05 9.98829E-05 0.0236753 9.98829E-05 0.509045 9.98829E-05 9.98829E-05 0.00888596 0.263929
9.98918E-05 0.149508 0.0874944 9.98918E-05 9.98918E-05 9.98918E-05 9.98918E-05 9.98918E-05 0.0139535 9.98918E-05 9.98918E-05 9.98918E-05 9.98918E-05 0.267415 9.98918E-05 0.17209 9.98918E-05 0.308341
0.043228 9.99008E-05 9.99008E-05 9.99008E-05 9.99008E-05 0.289257 9.99008E-05 9.99008E-05 9.99008E-05 0.0938578 0.294511 0.140798 9.99008E-05 9.99008E-05 0.00291866 9.99008E-05 9.99008E-05 0.13433
9.98828E-05 9.98828E-05 9.98828E-05 9.98828E-05 0.0213659 9.98828E-05 9.98828E-05 9.98828E-05 9.98828E-05 0.352025 9.98828E-05 0.505692 9.98828E-05 0.100832 0.0187863 9.98828E-05 9.98828E-05 9.98828E-05
9.9883E-05 9.9883E-05 9.9883E-05 9.9883E-05 9.9883E-05 0.332904 9.9883E-05 0.125808 9.9883E-05 0.16638 0.24068 0.13293 9.9883E-05 9.9883E-05 9.9883E-05 9.9883E-05 9.9883E-05 9.9883E-05
0.00177687 0.168893 0.0578225 9.99189E-05 9.99189E-05 0.241666 9.99189E-05 0.00230244 9.99189E-05 9.99189E-05 0.0708403 0.195146 9.99189E-05 0.245621 9.99189E-05 9.99189E-05 0.0150328 9.99189E-05
9.98827E-05 9.98827E-05 9.98827E-05 9.98827E-05 0.194164 9.98827E-05 9.98827E-05 9.98827E-05 9.98827E-05 0.233885 0.515411 0.0198042 9.98827E-05 9.98827E-05 9.98827E-05 9.98827E-05 0.0354369 9.98827E-05
9.99098E-05 0.225399 9.99098E-05 0.020562 9.99098E-05 0.0848456 9.99098E-05 9.99098E-05 9.99098E-05 9.99098E-05 0.0116314 0.159687 0.318478 0.055928 9.99098E-05 0.12247 9.99098E-05 9.99098E-05
9.99009E-05 0.00643421 9.99009E-05 9.99009E-05 9.99009E-05 0.0186735 0.0880803 9.99009E-05 9.99009E-05 9.99009E-05 0.304458 9.99009E-05 0.0956825 0.438344 9.99009E-05 0.0472287 9.99009E-05 9.99009E-05
0.0113474 0.465446 0.00907517 0.173797 0.0301205 0.0142595 9.99189E-05 9.99189E-05 9.99189E-05 0.169585 9.99189E-05 0.0516179 9.99189E-05 9.99189E-05 9.99189E-05 9.99189E-05 9.99189E-05 0.0738522
0.0118901 9.9892E-05 9.9892E-05 9.9892E-05 9.9892E-05 9.9892E-05 9.9892E-05 0.0303165 9.9892E-05 0.0945743 0.213931 0.638242 9.9892E-05 0.00984752 9.9892E-05 9.9892E-05 9.9892E-05 9.9892E-05
9.98828E-05 9.98828E-05 9.98828E-05 9.98828E-05 9.98828E-05 0.0239764 9.98828E-05 9.98828E-05 9.98828E-05 9.98828E-05 0.084567 9.98828E-05 0.401709 0.351823 9.98828E-05 0.136627 9.98828E-05 9.98828E-05
9.99188E-05 0.00960571 0.0262388 9.99188E-05 0.271908 9.99188E-05 9.99188E-05 9.99188E-05 9.99188E-05 0.318092 0.0981945 0.233698 9.99188E-05 9.99188E-05 0.0143687 9.99188E-05 0.0257758 0.00121931
9.98829E-05 0.0226624 9.98829E-05 9.98829E-05 9.98829E-05 9.98829E-05 9.98829E-05 9.98829E-05 9.98829E-05 0.223647 9.98829E-05 0.666443 9.98829E-05 0.0845336 9.98829E-05 9.98829E-05 9.98829E-05 0.00141605
9.98828E-05 9.98828E-05 9.98828E-05 0.0286555 9.98828E-05 0.272041 9.98828E-05 9.98828E-05 9.98828E-05 0.330529 9.98828E-05 0.365068 0.00240763 9.98828E-05 9.98828E-05 9.98828E-05 9.98828E-05 9.98828E-05
0.0212392 0.10552 9.991E-05 0.0728539 9.991E-05 0.132936 0.135027 9.991E-05 9.991E-05 9.991E-05 0.0319136 0.159567 9.991E-05 0.339944 9.991E-05 9.991E-05 9.991E-05 9.991E-05
9.98739E-05 9.98739E-05 0.0595578 9.98739E-05 9.98739E-05 9.98739E-05 9.98739E-05 9.98739E-05 9.98739E-05 9.98739E-05 9.98739E-05 9.98739E-05 0.106201 9.98739E-05 9.98739E-05 9.98739E-05 0.727897 0.104946
9.98739E-05 0.0868261 9.98739E-05 9.98739E-05 9.98739E-05 9.98739E-05 0.0205058 9.98739E-05 9.98739E-05 9.98739E-05 9.98739E-05 9.98739E-05 9.98739E-05 9.98739E-05 9.98739E-05 9.98739E-05 0.772291 0.118979
0.00146886 9.98647E-05 9.98647E-05 9.98647E-05 9.98647E-05 9.98647E-05 9.98647E-05 9.98647E-05 9.98647E-05 9.98647E-05 9.98647E-05 9.98647E-05 9.98647E-05 9.98647E-05 9.98647E-05 9.98647E-05 0.830805 0.166228
9.98739E-05 0.115125 0.0322738 9.98739E-05 9.98739E-05 9.98739E-05 0.232334 9.98739E-05 9.98739E-05 9.98739E-05 9.98739E-05 9.98739E-05 9.98739E-05 9.98739E-05 9.98739E-05 9.98739E-05 0.618869 9.98739E-05
9.98918E-05 0.170231 0.0136672 9.98918E-05 9.98918E-05 9.98918E-05 9.98918E-05 0.0101429 9.98918E-05 9.98918E-05 9.98918E-05 9.98918E-05 0.0491665 0.0503576 9.98918E-05 9.98918E-05 0.705236 9.98918E-05
0.0929312 9.98917E-05 9.98917E-05 9.98917E-05 9.98917E-05 9.98917E-05 9.98917E-05 9.98917E-05 9.98917E-05 0.0432222 0.0635515 0.188143 9.98917E-05 9.98917E-05 0.180773 9.98917E-05 0.430181 9.98917E-05
0.244028 0.0147194 0.0776057 9.99278E-05 9.99278E-05 0.0666936 9.99278E-05 0.0864553 9.99278E-05 9.99278E-05 0.00386615 9.99278E-05 0.0823416 0.131866 9.99278E-05 0.0050442 0.286581 9.99278E-05
9.98919E-05 9.98919E-05 0.0353607 9.98919E-05 0.333758 9.98919E-05 9.98919E-05 9.98919E-05 0.0801041 0.0787193 9.98919E-05 9.98919E-05 9.98919E-05 9.98919E-05 0.233322 9.98919E-05 0.237538 9.98919E-05
0.0633057 9.991E-05 0.125646 9.991E-05 9.991E-05 9.991E-05 0.0496141 0.138643 9.991E-05 9.991E-05 9.991E-05 9.991E-05 0.0630596 9.991E-05 9.991E-05 0.127033 0.213267 0.218432
0.0453815 9.98918E-05 9.98918E-05 9.98918E-05 0.00704368 9.98918E-05 9.98918E-05 9.98918E-05 9.98918E-05 9.98918E-05 9.98918E-05 0.0461686 9.98918E-05 9.98918E-05 0.00755034 9.98918E-05 0.783219 0.109439
9.98559E-05 0.162765 9.98559E-05 9.98559E-05 9.98559E-05 9.98559E-05 9.98559E-05 9.98559E-05 9.98559E-05 9.98559E-05 9.98559E-05 9.98559E-05 9.98559E-05 9.98559E-05 9.98559E-05 9.98559E-05 0.835637 9.98559E-05
9.99191E-05 9.99191E-05 9.99191E-05 9.99191E-05 0.0854061 0.0232063 0.112403 0.00606311 0.0469679 0.0516218 9.99191E-05 0.0213698 9.99191E-05 9.99191E-05 0.0720145 9.99191E-05 0.580048 9.99191E-05
0.721419 9.98918E-05 9.98918E-05 0.04319 9.98918E-05 9.98918E-05 9.98918E-05 9.98918E-05 9.98918E-05 9.98918E-05 9.98918E-05 0.0458635 9.98918E-05 9.98918E-05 0.133492 9.98918E-05 0.00871434 0.0461224
9.98827E-05 9.98827E-05 9.98827E-05 9.98827E-05 0.0919265 9.98827E-05 9.98827E-05 9.98827E-05 0.0930885 0.132584 9.98827E-05 9.98827E-05 9.98827E-05 9.98827E-05 0.0993758 9.98827E-05 0.581726 9.98827E-05
0.0497596 9.98918E-05 9.98918E-05 9.98918E-05 9.98918E-05 0.0355639 9.98918E-05 9.98918E-05 9.98918E-05 0.0670881 9.98918E-05 0.154285 9.98918E-05 9.98918E-05 0.0648521 9.98918E-05 0.627253 9.98918E-05
9.98559E-05 0.193994 9.98559E-05 9.98559E-05 9.98559E-05 9.98559E-05 9.98559E-05 9.98559E-05 9.98559E-05 9.98559E-05 9.98559E-05 9.98559E-05 9.98559E-05 9.98559E-05 9.98559E-05 9.98559E-05 0.804408 9.98559E-05
9.98829E-05 0.0349846 0.0615662 9.98829E-05 9.98829E-05 9.98829E-05 9.98829E-05 9.98829E-05 9.98829E-05 9.98829E-05 9.98829E-05 9.98829E-05 0.140274 0.0496213 9.98829E-05 9.98829E-05 0.712256 9.98829E-05
9.98649E-05 9.98649E-05 0.00369224 9.98649E-05 9.98649E-05 9.98649E-05 9.98649E-05 9.98649E-05 9.98649E-05 9.98649E-05 9.98649E-05 9.98649E-05 0.327383 9.98649E-05 9.98649E-05 9.98649E-05 0.667426 9.98649E-05
9.98739E-05 9.98739E-05 0.0459541 9.98739E-05 9.98739E-05 9.98739E-05 0.220249 9.98739E-05 9.98739E-05 9.98739E-05 9.98739E-05 9.98739E-05 9.98739E-05 0.0539084 9.98739E-05 9.98739E-05 0.67849 9.98739E-05
9.98736E-05 9.98736E-05 0.442043 9.98736E-05 9.98736E-05 0.0959484 9.98736E-05 9.98736E-05 9.98736E-05 9.98736E-05 9.98736E-05 9.98736E-05 9.98736E-05 9.98736E-05 0.382833 9.98736E-05 9.98736E-05 0.0777774
9.9901E-05 9.9901E-05 0.00526957 0.042572 0.0359635 9.9901E-05 0.031138 9.9901E-05 9.9901E-05 9.9901E-05 9.9901E-05 9.9901E-05 9.9901E-05 0.00313029 0.801792 9.9901E-05 9.9901E-05 0.0790354
0.00770464 9.99009E-05 9.99009E-05 9.99009E-05 0.0202263 9.99009E-05 9.99009E-05 0.0536854 0.218455 0.0839482 9.99009E-05 9.99009E-05 9.99009E-05 9.99009E-05 0.574805 9.99009E-05 0.040076 9.99009E-05
0.0646857 9.99009E-05 0.225109 9.99009E-05 0.0278642 9.99009E-05 0.302373 0.0236086 9.99009E-05 9.99009E-05 9.99009E-05 9.99009E-05 9.99009E-05 9.99009E-05 0.262087 9.99009E-05 9.99009E-05 0.0931735
9.98917E-05 9.98917E-05 0.150879 9.98917E-05 9.98917E-05 0.025428 9.98917E-05 9.98917E-05 9.98917E-05 9.98917E-05 9.98917E-05 0.0375772 9.98917E-05 9.98917E-05 0.422191 9.98917E-05 0.260086 0.102641
0.0367596 9.98919E-05 9.98919E-05 0.0425432 9.98919E-05 9.98919E-05 9.98919E-05 9.98919E-05 9.98919E-05 9.98919E-05 0.114965 9.98919E-05 0.120352 9.98919E-05 0.661617 9.98919E-05 0.0225645 9.98919E-05
0.527035 9.98828E-05 0.0587211 9.98828E-05 9.98828E-05 9.98828E-05 0.166293 9.98828E-05 9.98828E-05 9.98828E-05 9.98828E-05 9.98828E-05 9.98828E-05 0.186178 9.98828E-05 0.0604749 9.98828E-05 9.98828E-05
9.98919E-05 0.00404165 0.552519 9.98919E-05 9.98919E-05 0.142656 9.98919E-05 9.98919E-05 9.98919E-05 9.98919E-05 9.98919E-05 9.98919E-05 9.98919E-05 0.0829031 0.141385 0.0752969 9.98919E-05 9.98919E-05
9.98828E-05 9.98828E-05 9.98828E-05 9.98828E-05 9.98828E-05 9.98828E-05 9.98828E-05 9.98828E-05 0.0656988 0.0540513 9.98828E-05 0.127818 9.98828E-05 9.98828E-05 0.603067 9.98828E-05 0.148066 9.98828E-05
9.98827E-05 9.98827E-05 0.347731 9.98827E-05 9.98827E-05 0.0320953 9.98827E-05 0.0327314 9.98827E-05 9.98827E-05 9.98827E-05 9.98827E-05 9.98827E-05 9.98827E-05 0.45969 9.98827E-05 9.98827E-05 0.126454
9.9865E-05 9.9865E-05 9.9865E-05 9.9865E-05 0.549702 9.9865E-05 9.9865E-05 9.9865E-05 9.9865E-05 0.0107778 9.9865E-05 9.9865E-05 9.9865E-05 9.9865E-05 0.438022 9.9865E-05 9.9865E-05 9.9865E-05
9.9883E-05 9.9883E-05 0.440987 9.9883E-05 9.9883E-05 0.0767914 9.9883E-05 0.0734988 9.9883E-05 9.9883E-05 9.9883E-05 9.9883E-05 9.9883E-05 9.9883E-05 0.288642 0.118782 9.9883E-05 9.9883E-05
9.98829E-05 9.98829E-05 0.106324 9.98829E-05 0.0811034 9.98829E-05 0.0266717 9.98829E-05 9.98829E-05 9.98829E-05 9.98829E-05 9.98829E-05 9.98829E-05 9.98829E-05 0.702878 9.98829E-05 9.98829E-05 0.0817248
9.98921E-05 0.210531 0.154352 9.98921E-05 9.98921E-05 9.98921E-05 0.0748972 9.98921E-05 9.98921E-05 9.98921E-05 9.98921E-05 9.98921E-05 9.98921E-05 9.98921E-05 0.399665 9.98921E-05 0.0319097 0.127446
0.242761 0.0636679 0.277617 9.99098E-05 9.99098E-05 9.99098E-05 9.99098E-05 9.99098E-05 9.99098E-05 9.99098E-05 0.0187579 9.99098E-05 0.237051 0.0440382 0.0556705 9.99098E-05 0.0594374 9.99098E-05
9.98919E-05 9.98919E-05 0.200922 9.98919E-05 9.98919E-05 0.360977 9.98919E-05 0.00571535 9.98919E-05 9.98919E-05 9.98919E-05 9.98919E-05 0.149482 9.98919E-05 0.258147 9.98919E-05 0.0235573 9.98919E-05
0.107 9.9919E-05 0.196838 9.9919E-05 9.9919E-05 9.9919E-05 0.415676 0.0322905 9.9919E-05 9.9919E-05 9.9919E-05 9.9919E-05 0.00416501 0.0472299 0.144247 0.0337517 0.0179028 9.9919E-05
9.98739E-05 9.98739E-05 9.98739E-05 9.98739E-05 9.98739E-05 9.98739E-05 0.366619 0.222677 9.98739E-05 9.98739E-05 9.98739E-05 9.98739E-05 9.98739E-05 0.0655704 9.98739E-05 9.98739E-05 0.343735 9.98739E-05
0.111244 9.98917E-05 0.228191 0.0181491 9.98917E-05 9.98917E-05 9.98917E-05 9.98917E-05 9.98917E-05 9.98917E-05 9.98917E-05 0.0532132 9.98917E-05 9.98917E-05 0.522313 9.98917E-05 9.98917E-05 0.0656916
9.98919E-05 0.13286 0.21164 9.98919E-05 0.132656 9.98919E-05 9.98919E-05 0.283873 9.98919E-05 9.98919E-05 9.98919E-05 9.98919E-05 9.98919E-05 9.98919E-05 0.217958 9.98919E-05 9.98919E-05 0.0198138
9.99008E-05 9.99008E-05 9.99008E-05 0.0127681 0.0189364 9.99008E-05 9.99008E-05 0.0566647 9.99008E-05 9.99008E-05 9.99008E-05 0.0189232 9.99008E-05 9.99008E-05 0.787256 0.0210626 9.99008E-05 0.0832903
9.98648E-05 9.98648E-05 0.725558 9.98648E-05 9.98648E-05 9.98648E-05 9.98648E-05 9.98648E-05 9.98648E-05 9.98648E-05 9.98648E-05 9.98648E-05 9.98648E-05 9.98648E-05 0.164089 9.98648E-05 9.98648E-05 0.108855
0.17463 9.99007E-05 0.512499 9.99007E-05 9.99007E-05 0.104031 9.99007E-05 9.99007E-05 9.99007E-05 9.99007E-05 9.99007E-05 0.00971331 9.99007E-05 9.99007E-05 0.14252 9.99007E-05 0.0209039 0.0346042
9.98918E-05 9.98918E-05 0.39632 9.98918E-05 9.98918E-05 0.265929 9.98918E-05 0.038265 9.98918E-05 9.98918E-05 9.98918E-05 9.98918E-05 0.000244618 0.0111483 0.286894 9.98918E-05 9.98918E-05 9.98918E-05
0.573084 9.98919E-05 0.0203111 0.136083 9.98919E-05 9.98919E-05 9.98919E-05 9.98919E-05 0.0310113 9.98919E-05 9.98919E-05 0.0705939 9.98919E-05 9.98919E-05 0.167718 9.98919E-05 9.98919E-05 9.98919E-05
9.98739E-05 9.98739E-05 0.659748 9.98739E-05 9.98739E-05 9.98739E-05 0.280798 9.98739E-05 9.98739E-05 0.0137269 9.98739E-05 9.98739E-05 9.98739E-05 9.98739E-05 9.98739E-05 9.98739E-05 0.0443286 9.98739E-05
0.023345 9.99008E-05 0.268345 9.99008E-05 9.99008E-05 9.99008E-05 9.99008E-05 0.0687382 0.0698541 0.371635 9.99008E-05 0.0308388 9.99008E-05 9.99008E-05 0.166145 9.99008E-05 9.99008E-05 9.99008E-05
0.419805 0.116135 0.151752 9.99008E-05 9.99008E-05 0.146457 9.99008E-05 0.0203172 9.99008E-05 9.99008E-05 9.99008E-05 9.99008E-05 0.101289 9.99008E-05 9.99008E-05 9.99008E-05 0.0431456 9.99008E-05
9.9865E-05 9.9865E-05 0.886155 9.9865E-05 9.9865E-05 9.9865E-05 0.0117101 9.9865E-05 9.9865E-05 9.9865E-05 9.9865E-05 9.9865E-05 9.9865E-05 9.9865E-05 9.9865E-05 0.100637 9.9865E-05 9.9865E-05
9.9892E-05 9.9892E-05 0.762535 9.9892E-05 0.0208827 9.9892E-05 9.9892E-05 9.9892E-05 0.015526 0.0332581 9.9892E-05 9.9892E-05 0.150826 9.9892E-05 9.9892E-05 0.0157739 9.9892E-05 9.9892E-05
0.766549 9.98827E-05 0.0118226 9.98827E-05 9.98827E-05 0.0854091 9.98827E-05 0.0747653 9.98827E-05 9.98827E-05 9.98827E-05 9.98827E-05 9.98827E-05 0.0601551 9.98827E-05 9.98827E-05 9.98827E-05 9.98827E-05
0.692663 9.98918E-05 9.98918E-05 9.98918E-05 9.98918E-05 9.98918E-05 9.98918E-05 0.00253249 9.98918E-05 9.98918E-05 9.98918E-05 0.0466027 9.98918E-05 9.98918E-05 0.00103656 9.98918E-05 0.117066 0.1389
0.639914 9.98738E-05 9.98738E-05 9.98738E-05 0.274743 9.98738E-05 9.98738E-05 9.98738E-05 0.0203858 9.98738E-05 9.98738E-05 9.98738E-05 9.98738E-05 9.98738E-05 0.0635594 9.98738E-05 9.98738E-05 9.98738E-05
0.0487831 9.98828E-05 0.201506 9.98828E-05 9.98828E-05 9.98828E-05 9.98828E-05 9.98828E-05 0.0679562 0.369193 9.98828E-05 9.98828E-05 9.98828E-05 9.98828E-05 0.311263 9.98828E-05 9.98828E-05 9.98828E-05
9.98739E-05 9.98739E-05 0.00493229 9.98739E-05 9.98739E-05 9.98739E-05 0.195963 9.98739E-05 9.98739E-05 9.98739E-05 9.98739E-05 9.98739E-05 9.98739E-05 9.98739E-05 9.98739E-05 0.168485 0.629221 9.98739E-05
0.0600311 9.99007E-05 0.343257 0.0192948 9.99007E-05 9.99007E-05 9.99007E-05 9.99007E-05 0.0714679 0.0947413 9.99007E-05 0.0853377 9.99007E-05 9.99007E-05 0.324772 9.99007E-05 9.99007E-05 9.99007E-05
0.424211 9.98828E-05 0.549542 9.98828E-05 9.98828E-05 0.00438689 9.98828E-05 9.98828E-05 9.98828E-05 9.98828E-05 9.98828E-05 9.98828E-05 0.0193107 9.98828E-05 9.98828E-05 9.98828E-05 9.98828E-05 0.00125121
0.649333 0.152957 9.98738E-05 9.98738E-05 9.98738E-05 9.98738E-05 9.98738E-05 9.98738E-05 9.98738E-05 9.98738E-05 9.98738E-05 9.98738E-05 0.0141758 0.182136 9.98738E-05 9.98738E-05 9.98738E-05 9.98738E-05
9.98917E-05 9.98917E-05 9.98917E-05 9.98917E-05 0.0537148 9.98917E-05 9.98917E-05 9.98917E-05 0.000322751 0.119189 9.98917E-05 0.0365975 9.98917E-05 9.98917E-05 0.0902318 9.98917E-05 0.698745 9.98917E-05
0.153982 9.98919E-05 9.98919E-05 9.98919E-05 0.121256 9.98919E-05 9.98919E-05 9.98919E-05 0.112614 0.26839 9.98919E-05 9.98919E-05 9.98919E-05 9.98919E-05 0.221706 9.98919E-05 0.120854 9.98919E-05
9.98737E-05 9.98737E-05 9.98737E-05 9.98737E-05 9.98737E-05 9.98737E-05 9.98737E-05 9.98737E-05 9.98737E-05 0.0230841 9.98737E-05 0.144047 9.98737E-05 9.98737E-05 0.153782 9.98737E-05 0.677689 9.98737E-05
0.48571 9.98828E-05 9.98828E-05 9.98828E-05 9.98828E-05 9.98828E-05 9.98828E-05 0.074143 9.98828E-05 9.98828E-05 9.98828E-05 9.98828E-05 9.98828E-05 9.98828E-05 0.0158989 9.98828E-05 0.191316 0.231634
0.195297 9.9892E-05 0.000271403 9.9892E-05 0.475781 9.9892E-05 9.9892E-05 9.9892E-05 9.9892E-05 9.9892E-05 9.9892E-05 9.9892E-05 9.9892E-05 9.9892E-05 0.190425 9.9892E-05 0.100962 0.0360654
0.0519322 0.305858 0.330358 9.98919E-05 9.98919E-05 9.98919E-05 0.0105157 9.98919E-05 9.98919E-05 9.98919E-05 9.98919E-05 9.98919E-05 9.98919E-05 9.98919E-05 0.128405 9.98919E-05 0.171732 9.98919E-05
9.98738E-05 0.210349 0.362001 9.98738E-05 9.98738E-05 9.98738E-05 9.98738E-05 9.98738E-05 9.98738E-05 9.98738E-05 9.98738E-05 9.98738E-05 9.98738E-05 9.98738E-05 0.406439 9.98738E-05 9.98738E-05 0.0198123
9.9883E-05 0.412519 0.0525023 9.9883E-05 9.9883E-05 9.9883E-05 9.9883E-05 0.0735369 9.9883E-05 9.9883E-05 9.9883E-05 9.9883E-05 9.9883E-05 9.9883E-05 0.403703 9.9883E-05 0.0564403 9.9883E-05
9.98827E-05 9.98827E-05 0.260708 9.98827E-05 9.98827E-05 9.98827E-05 9.98827E-05 9.98827E-05 0.100259 0.116668 9.98827E-05 0.0244664 9.98827E-05 9.98827E-05 0.4966 9.98827E-05 9.98827E-05 9.98827E-05
0.00519873 9.98828E-05 0.552037 9.98828E-05 9.98828E-05 9.98828E-05 9.98828E-05 9.98828E-05 9.98828E-05 9.98828E-05 9.98828E-05 9.98828E-05 9.98828E-05 9.98828E-05 0.0981036 9.98828E-05 0.0613359 0.282027
0.0208053 0.038688 0.833975 9.98829E-05 9.98829E-05 9.98829E-05 9.98829E-05 0.0371798 9.98829E-05 9.98829E-05 9.98829E-05 9.98829E-05 9.98829E-05 0.068053 9.98829E-05 9.98829E-05 9.98829E-05 9.98829E-05
9.98827E-05 9.98827E-05 9.98827E-05 9.98827E-05 9.98827E-05 9.98827E-05 9.98827E-05 0.584341 0.0180791 0.0344657 9.98827E-05 0.167674 9.98827E-05 9.98827E-05 9.98827E-05 9.98827E-05 0.194141 9.98827E-05
9.98647E-05 9.98647E-05 9.98647E-05 9.98647E-05 9.98647E-05 9.98647E-05 9.98647E-05 0.347031 9.98647E-05 0.220668 9.98647E-05 9.98647E-05 9.98647E-05 9.98647E-05 0.430803 9.98647E-05 9.98647E-05 9.98647E-05
0.0138805 9.98828E-05 9.98828E-05 9.98828E-05 9.98828E-05 0.124895 9.98828E-05 0.664317 9.98828E-05 9.98828E-05 9.98828E-05 9.98828E-05 9.98828E-05 9.98828E-05 9.98828E-05 0.0371603 0.158449 9.98828E-05
9.98737E-05 9.98737E-05 0.0165504 9.98737E-05 9.98737E-05 9.98737E-05 9.98737E-05 0.495065 9.98737E-05 0.220188 9.98737E-05 9.98737E-05 9.98737E-05 9.98737E-05 0.266799 9.98737E-05 9.98737E-05 9.98737E-05
9.98647E-05 9.98647E-05 9.98647E-05 9.98647E-05 9.98647E-05 9.98647E-05 9.98647E-05 0.673482 9.98647E-05 0.172946 9.98647E-05 9.98647E-05 9.98647E-05 9.98647E-05 0.152073 9.98647E-05 9.98647E-05 9.98647E-05
9.98738E-05 9.98738E-05 0.0360029 9.98738E-05 9.98738E-05 9.98738E-05 9.98738E-05 0.769424 9.98738E-05 9.98738E-05 9.98738E-05 9.98738E-05 9.98738E-05 0.00616183 9.98738E-05 0.187013 9.98738E-05 9.98738E-05
0.017049 9.98918E-05 0.168078 9.98918E-05 9.98918E-05 0.233341 9.98918E-05 0.309711 9.98918E-05 0.0213523 9.98918E-05 9.98918E-05 9.98918E-05 9.98918E-05 0.24927 9.98918E-05 9.98918E-05 9.98918E-05
9.98918E-05 9.98918E-05 9.98918E-05 9.98918E-05 9.98918E-05 0.0025613 9.98918E-05 0.802827 9.98918E-05 9.98918E-05 0.0195122 0.027022 9.98918E-05 9.98918E-05 0.140672 9.98918E-05 9.98918E-05 0.00620733
9.98739E-05 9.98739E-05 9.98739E-05 0.600622 0.329588 9.98739E-05 9.98739E-05 9.98739E-05 0.0562062 9.98739E-05 9.98739E-05 9.98739E-05 9.98739E-05 9.98739E-05 0.0121856 9.98739E-05 9.98739E-05 9.98739E-05
9.98919E-05 9.98919E-05 9.98919E-05 0.468666 0.126382 9.98919E-05 9.98919E-05 9.98919E-05 9.98919E-05 0.0751748 9.98919E-05 9.98919E-05 9.98919E-05 9.98919E-05 0.12095 9.98919E-05 0.0135868 0.194042
9.9874E-05 9.9874E-05 9.9874E-05 0.672002 9.9874E-05 9.9874E-05 0.156258 9.9874E-05 9.9874E-05 9.9874E-05 9.9874E-05 9.9874E-05 9.9874E-05 9.9874E-05 0.0109944 9.9874E-05 9.9874E-05 0.159348
9.98739E-05 9.98739E-05 9.98739E-05 0.54823 9.98739E-05 9.98739E-05 9.98739E-05 0.00361335 9.98739E-05 9.98739E-05 0.000833811 9.98739E-05 9.98739E-05 9.98739E-05 9.98739E-05 0.445924 9.98739E-05 9.98739E-05
9.98648E-05 9.98648E-05 9.98648E-05 0.655617 0.199796 9.98648E-05 9.98648E-05 9.98648E-05 0.143089 9.98648E-05 9.98648E-05 9.98648E-05 9.98648E-05 9.98648E-05 9.98648E-05 9.98648E-05 9.98648E-05 9.98648E-05
9.99098E-05 9.99098E-05 0.0265664 0.175403 9.99098E-05 0.203582 0.0358051 0.0556734 9.99098E-05 9.99098E-05 9.99098E-05 0.395927 9.99098E-05 0.0137141 9.99098E-05 0.0923301 9.99098E-05 9.99098E-05
9.98647E-05 9.98647E-05 9.98647E-05 0.52606 9.98647E-05 9.98647E-05 9.98647E-05 9.98647E-05 9.98647E-05 0.407582 9.98647E-05 0.0648597 9.98647E-05 9.98647E-05 9.98647E-05 9.98647E-05 9.98647E-05 9.98647E-05
9.98559E-05 9.98559E-05 9.98559E-05 0.715381 0.283021 9.98559E-05 9.98559E-05 9.98559E-05 9.98559E-05 9.98559E-05 9.98559E-05 9.98559E-05 9.98559E-05 9.98559E-05 9.98559E-05 9.98559E-05 9.98559E-05 9.98559E-05
0.0478221 9.99009E-05 9.99009E-05 0.614209 9.99009E-05 9.99009E-05 9.99009E-05 9.99009E-05 9.99009E-05 0.0204081 0.0387927 0.0773697 9.99009E-05 9.99009E-05 9.99009E-05 9.99009E-05 0.00511161 0.195188
9.99009E-05 9.99009E-05 0.101112 0.417157 9.99009E-05 9.99009E-05 0.0119935 9.99009E-05 9.99009E-05 9.99009E-05 9.99009E-05 9.99009E-05 0.173598 0.0502565 9.99009E-05 0.0264098 9.99009E-05 0.218375
9.98739E-05 9.98739E-05 9.98739E-05 0.247959 0.487134 9.98739E-05 9.98739E-05 9.98739E-05 0.227607 9.98739E-05 9.98739E-05 9.98739E-05 9.98739E-05 9.98739E-05 0.0359025 9.98739E-05 9.98739E-05 9.98739E-05
9.98919E-05 9.98919E-05 0.0229768 0.462504 9.98919E-05 9.98919E-05 9.98919E-05 9.98919E-05 0.0123813 0.0110021 9.98919E-05 9.98919E-05 0.436738 0.0531991 9.98919E-05 9.98919E-05 9.98919E-05 9.98919E-05
9.98829E-05 9.98829E-05 9.98829E-05 0.766101 0.117357 9.98829E-05 9.98829E-05 9.98829E-05 9.98829E-05 9.98829E-05 9.98829E-05 0.0627596 9.98829E-05 9.98829E-05 0.0232714 9.98829E-05 9.98829E-05 0.0292127
9.98901E-05 9.98901E-05 0.0311686 0.50773 9.98901E-05 0.124435 9.98901E-05 0.0228873 9.98901E-05 9.98901E-05 9.98901E-05 0.141083 0.0754965 9.98901E-05 9.98901E-05 9.98901E-05 9.98901E-05 0.096101
9.99009E-05 9.99009E-05 9.99009E-05 0.412639 0.0285136 9.99009E-05 9.99009E-05 9.99009E-05 9.99009E-05 9.99009E-05 0.019061 0.0578332 9.99009E-05 9.99009E-05 9.99009E-05 0.0200421 0.0232555 0.437556
0.0281193 9.99099E-05 9.99099E-05 0.323903 0.0375651 9.99099E-05 9.99099E-05 9.99099E-05 9.99099E-05 0.0768284 0.0248793 0.460747 9.99099E-05 0.0252246 9.99099E-05 9.99099E-05 0.0217344 9.99099E-05
9.98827E-05 0.164753 0.0971328 0.459553 9.98827E-05 0.154938 9.98827E-05 9.98827E-05 9.98827E-05 9.98827E-05 9.98827E-05 9.98827E-05 9.98827E-05 0.122325 9.98827E-05 9.98827E-05 9.98827E-05 9.98827E-05
9.98918E-05 0.0802705 9.98918E-05 0.353736 9.98918E-05 9.98918E-05 0.521341 9.98918E-05 9.98918E-05 0.00112614 9.98918E-05 9.98918E-05 9.98918E-05 0.0340372 9.98918E-05 9.98918E-05 0.00829063 9.98918E-05
9.99009E-05 9.99009E-05 9.99009E-05 0.439377 9.99009E-05 9.99009E-05 9.99009E-05 9.99009E-05 0.0133516 0.035727 0.0264543 9.99009E-05 9.99009E-05 9.99009E-05 0.118902 9.99009E-05 0.0667259 0.298364
9.98919E-05 9.98919E-05 9.98919E-05 0.767101 9.98919E-05 9.98919E-05 0.00168956 9.98919E-05 0.0232238 0.024749 9.98919E-05 0.162787 9.98919E-05 9.98919E-05 0.0192505 9.98919E-05 9.98919E-05 9.98919E-05
9.98829E-05 9.98829E-05 9.98829E-05 0.458482 9.98829E-05 9.98829E-05 9.98829E-05 9.98829E-05 9.98829E-05 9.98829E-05 9.98829E-05 9.98829E-05 0.0240569 9.98829E-05 9.98829E-05 0.0627488 0.0249024 0.428512
9.98739E-05 0.22762 9.98739E-05 0.541336 9.98739E-05 9.98739E-05 0.0925389 9.98739E-05 9.98739E-05 9.98739E-05 9.98739E-05 9.98739E-05 9.98739E-05 9.98739E-05 9.98739E-05 9.98739E-05 9.98739E-05 0.137107
9.99009E-05 0.0948161 0.0662907 9.99009E-05 9.99009E-05 9.99009E-05 9.99009E-05 9.99009E-05 0.000309661 9.99009E-05 9.99009E-05 0.214416 0.0825507 9.99009E-05 9.99009E-05 0.366746 9.99009E-05 0.173771
9.98917E-05 9.98917E-05 9.98917E-05 9.98917E-05 9.98917E-05 9.98917E-05 9.98917E-05 0.0273197 0.251871 0.116386 0.528804 0.0255673 9.98917E-05 0.0488541 9.98917E-05 9.98917E-05 9.98917E-05 9.98917E-05
9.99008E-05 0.0180617 9.99008E-05 9.99008E-05 9.99008E-05 0.228923 0.568601 9.99008E-05 0.0802625 9.99008E-05 9.99008E-05 0.0621883 9.99008E-05 0.0195197 9.99008E-05 9.99008E-05 9.99008E-05 0.0213451
9.98739E-05 9.98739E-05 9.98739E-05 9.98739E-05 9.98739E-05 9.98739E-05 9.98739E-05 9.98739E-05 0.0999387 9.98739E-05 9.98739E-05 0.764904 9.98739E-05 9.98739E-05 9.98739E-05 9.98739E-05 0.00253132 0.131228
9.98738E-05 9.98738E-05 9.98738E-05 0.0214668 0.0617978 9.98738E-05 9.98738E-05 9.98738E-05 0.906673 9.98738E-05 9.98738E-05 9.98738E-05 9.98738E-05 9.98738E-05 0.00866389 9.98738E-05 9.98738E-05 9.98738E-05
9.98917E-05 0.253709 9.98917E-05 9.98917E-05 9.98917E-05 0.104472 0.0483401 9.98917E-05 9.98917E-05 9.98917E-05 9.98917E-05 0.128353 0.283487 0.18044 9.98917E-05 9.98917E-05 9.98917E-05 9.98917E-05
9.99008E-05 0.127992 9.99008E-05 9.99008E-05 9.99008E-05 9.99008E-05 9.99008E-05 9.99008E-05 0.500634 9.99008E-05 0.148956 9.99008E-05 0.150609 0.0107539 9.99008E-05 0.0517568 9.99008E-05 0.00819959
0.0130873 9.99098E-05 0.0252634 9.99098E-05 9.99098E-05 0.495108 9.99098E-05 0.0115718 0.107255 0.0548671 9.99098E-05 0.166896 9.99098E-05 9.99098E-05 9.99098E-05 9.99098E-05 9.99098E-05 0.124953
9.98648E-05 0.43954 9.98648E-05 9.98648E-05 9.98648E-05 9.98648E-05 9.98648E-05 9.98648E-05 0.127863 9.98648E-05 0.431099 9.98648E-05 9.98648E-05 9.98648E-05 9.98648E-05 9.98648E-05 9.98648E-05 9.98648E-05
9.98829E-05 0.0488521 9.98829E-05 9.98829E-05 9.98829E-05 9.98829E-05 9.98829E-05 0.00709055 0.526189 0.208658 9.98829E-05 0.207912 9.98829E-05 9.98829E-05 9.98829E-05 9.98829E-05 9.98829E-05 9.98829E-05
9.99098E-05 0.258912 0.0585072 9.99098E-05 9.99098E-05 0.242613 9.99098E-05 9.99098E-05 0.0324808 9.99098E-05 0.0346945 9.99098E-05 0.194777 9.99098E-05 9.99098E-05 0.0649285 9.99098E-05 0.112089
9.98828E-05 0.126292 9.98828E-05 9.98828E-05 9.98828E-05 9.98828E-05 0.365877 0.0111997 0.115896 9.98828E-05 0.379437 9.98828E-05 9.98828E-05 9.98828E-05 9.98828E-05 9.98828E-05 9.98828E-05 9.98828E-05
9.98649E-05 9.98649E-05 9.98649E-05 0.0386143 9.98649E-05 9.98649E-05 9.98649E-05 9.98649E-05 0.889304 0.0705833 9.98649E-05 9.98649E-05 9.98649E-05 9.98649E-05 9.98649E-05 9.98649E-05 9.98649E-05 9.98649E-05
9.98829E-05 9.98829E-05 9.98829E-05 9.98829E-05 9.98829E-05 0.401603 0.1064 9.98829E-05 9.98829E-05 9.98829E-05 9.98829E-05 9.98829E-05 0.18768 0.281165 9.98829E-05 0.0218528 9.98829E-05 9.98829E-05
9.98828E-05 0.45047 0.0297392 9.98828E-05 9.98828E-05 9.98828E-05 9.98828E-05 9.98828E-05 0.107817 9.98828E-05 0.276775 9.98828E-05 9.98828E-05 0.133901 9.98828E-05 9.98828E-05 9.98828E-05 9.98828E-05
9.98917E-05 0.488316 9.98917E-05 9.98917E-05 9.98917E-05 9.98917E-05 0.0216104 9.98917E-05 9.98917E-05 0.0145204 9.98917E-05 0.238087 0.0483063 0.187961 9.98917E-05 9.98917E-05 9.98917E-05 9.98917E-05
9.98649E-05 9.98649E-05 9.98649E-05 9.98649E-05 0.162303 9.98649E-05 9.98649E-05 9.98649E-05 0.702213 9.98649E-05 0.133986 9.98649E-05 9.98649E-05 9.98649E-05 9.98649E-05 9.98649E-05 9.98649E-05 9.98649E-05
9.98737E-05 0.680222 9.98737E-05 9.98737E-05 9.98737E-05 0.0783744 9.98737E-05 9.98737E-05 0.166043 9.98737E-05 9.98737E-05 9.98737E-05 9.98737E-05 9.98737E-05 9.98737E-05 0.0739624 9.98737E-05 9.98737E-05
9.98919E-05 9.98919E-05 0.0071876 9.98919E-05 9.98919E-05 0.516694 9.98919E-05 9.98919E-05 9.98919E-05 9.98919E-05 9.98919E-05 9.98919E-05 0.238118 0.00101401 9.98919E-05 0.111922 9.98919E-05 0.123866
9.99098E-05 0.0142002 9.99098E-05 9.99098E-05 9.99098E-05 0.0592955 9.99098E-05 0.0912021 0.0609398 9.99098E-05 0.0100315 0.658934 9.99098E-05 9.99098E-05 9.99098E-05 0.101352 9.99098E-05 0.00304608
9.99192E-05 9.99192E-05 0.0202884 0.0050677 0.043302 9.99192E-05 0.41408 9.99192E-05 9.99192E-05 9.99192E-05 9.99192E-05 0.282418 0.00816672 9.99192E-05 9.99192E-05 0.0850458 0.054257 0.0864748
9.99189E-05 0.377733 9.99189E-05 9.99189E-05 9.99189E-05 0.044595 0.180918 0.0221017 0.0764981 9.99189E-05 9.99189E-05 0.216493 9.99189E-05 0.00250968 9.99189E-05 9.99189E-05 0.0209984 0.0572535
9.98648E-05 9.98648E-05 9.98648E-05 9.98648E-05 9.98648E-05 9.98648E-05 9.98648E-05 9.98648E-05 0.716459 9.98648E-05 0.0328483 0.249195 9.98648E-05 9.98648E-05 9.98648E-05 9.98648E-05 9.98648E-05 9.98648E-05
0.0203465 0.124893 9.99098E-05 9.99098E-05 9.99098E-05 0.499338 9.99098E-05 9.99098E-05 9.99098E-05 0.0825427 0.145901 9.99098E-05 0.0585668 9.99098E-05 0.00785577 9.99098E-05 0.0595576 9.99098E-05
9.99006E-05 9.99006E-05 9.99006E-05 9.99006E-05 9.99006E-05 0.0110657 9.99006E-05 0.0962581 0.294002 9.99006E-05 0.275597 0.127404 9.99006E-05 9.99006E-05 9.99006E-05 0.113001 9.99006E-05 0.0815728
0.0841688 9.99189E-05 9.99189E-05 0.16656 0.0924203 9.99189E-05 9.99189E-05 9.99189E-05 0.13572 9.99189E-05 0.00956425 0.371588 9.99189E-05 9.99189E-05 0.0483119 9.99189E-05 0.0148782 0.0758898
0.0314003 0.506794 0.0224729 0.124045 9.99098E-05 0.166448 9.99098E-05 9.99098E-05 9.99098E-05 9.99098E-05 0.115446 9.99098E-05 0.0247523 9.99098E-05 9.99098E-05 0.00764243 9.99098E-05 9.99098E-05
9.9883E-05 9.9883E-05 0.0147949 9.9883E-05 9.9883E-05 0.0488267 9.9883E-05 9.9883E-05 9.9883E-05 9.9883E-05 0.1945 9.9883E-05 9.9883E-05 9.9883E-05 0.00739385 9.9883E-05 9.9883E-05 0.733187
0.0291153 0.00646226 0.00232765 9.9919E-05 0.640292 9.9919E-05 0.00324636 9.9919E-05 0.126259 0.121189 9.9919E-05 9.9919E-05 9.9919E-05 0.0328365 9.9919E-05 9.9919E-05 0.0373725 9.9919E-05
0.117474 9.99188E-05 9.99188E-05 0.07255 0.0371138 9.99188E-05 9.99188E-05 9.99188E-05 0.000874435 0.0939264 0.265825 0.243386 9.99188E-05 0.0102971 9.99188E-05 9.99188E-05 9.99188E-05 0.157654
9.99098E-05 9.99098E-05 9.99098E-05 0.117724 0.206406 9.99098E-05 9.99098E-05 9.99098E-05 9.99098E-05 0.0496549 0.184014 0.369277 0.0280085 9.99098E-05 0.0395805 9.99098E-05 0.00433647 9.99098E-05
9.99189E-05 0.0150887 0.0147783 9.99189E-05 0.0146141 9.99189E-05 0.00159796 9.99189E-05 0.140522 9.99189E-05 9.99189E-05 0.0427303 0.496205 9.99189E-05 9.99189E-05 9.99189E-05 0.025355 0.248209
9.98648E-05 9.98648E-05 9.98648E-05 9.98648E-05 0.317662 9.98648E-05 9.98648E-05 9.98648E-05 0.163969 9.98648E-05 9.98648E-05 0.516871 9.98648E-05 9.98648E-05 9.98648E-05 9.98648E-05 9.98648E-05 9.98648E-05
9.99007E-05 0.393054 9.99007E-05 9.99007E-05 9.99007E-05 0.213549 0.10181 9.99007E-05 9.99007E-05 0.0296359 9.99007E-05 0.0574423 0.110705 0.0927039 9.99007E-05 9.99007E-05 9.99007E-05 9.99007E-05
9.98828E-05 9.98828E-05 9.98828E-05 9.98828E-05 0.3489 9.98828E-05 9.98828E-05 9.98828E-05 0.0501658 9.98828E-05 0.0738032 0.524583 9.98828E-05 9.98828E-05 9.98828E-05 9.98828E-05 9.98828E-05 0.0012494
9.98829E-05 0.103956 9.98829E-05 9.98829E-05 0.170909 9.98829E-05 0.343314 9.98829E-05 9.98829E-05 9.98829E-05 0.34023 9.98829E-05 9.98829E-05 9.98829E-05 9.98829E-05 9.98829E-05 9.98829E-05 0.0402931
9.98918E-05 0.324554 9.98918E-05 9.98918E-05 9.98918E-05 9.98918E-05 0.2632 9.98918E-05 9.98918E-05 0.0818118 0.035904 9.98918E-05 9.98918E-05 0.0713526 9.98918E-05 9.98918E-05 9.98918E-05 0.221979
0.038722 9.9901E-05 9.9901E-05 0.00266574 9.9901E-05 0.160144 9.9901E-05 9.9901E-05 9.9901E-05 9.9901E-05 0.175203 0.083342 9.9901E-05 9.9901E-05 0.0747599 9.9901E-05 9.9901E-05 0.464065
0.0311031 9.99008E-05 9.99008E-05 0.0325367 9.99008E-05 0.291851 9.99008E-05 9.99008E-05 9.99008E-05 0.0735021 9.99008E-05 0.253724 9.99008E-05 0.0150059 9.99008E-05 9.99008E-05 9.99008E-05 0.301179
0.0351495 9.99098E-05 9.99098E-05 9.99098E-05 0.00100975 9.99098E-05 9.99098E-05 9.99098E-05 9.99098E-05 9.99098E-05 0.143352 0.16566 9.99098E-05 0.0671378 0.010782 9.99098E-05 0.00245441 0.573455
9.98918E-05 0.346965 9.98918E-05 0.0941475 0.0943585 9.98918E-05 0.185202 9.98918E-05 9.98918E-05 9.98918E-05 9.98918E-05 0.211313 9.98918E-05 9.98918E-05 9.98918E-05 9.98918E-05 9.98918E-05 0.0668148
9.98919E-05 9.98919E-05 9.98919E-05 9.98919E-05 0.592346 9.98919E-05 9.98919E-05 9.98919E-05 0.0916222 0.0730504 9.98919E-05 0.134348 9.98919E-05 0.0247659 9.98919E-05 9.98919E-05 9.98919E-05 0.0826691
9.98648E-05 9.98648E-05 9.98648E-05 9.98648E-05 0.588426 9.98648E-05 9.98648E-05 9.98648E-05 0.156868 9.98648E-05 0.253208 9.98648E-05 9.98648E-05 9.98648E-05 9.98648E-05 9.98648E-05 9.98648E-05 9.98648E-05
0.0446697 9.98919E-05 9.98919E-05 9.98919E-05 9.98919E-05 9.98919E-05 9.98919E-05 9.98919E-05 9.98919E-05 0.294322 0.272418 0.350365 9.98919E-05 9.98919E-05 0.0161612 0.0208655 9.98919E-05 9.98919E-05
9.98828E-05 9.98828E-05 9.98828E-05 9.98828E-05 0.488616 9.98828E-05 9.98828E-05 9.98828E-05 0.0255658 9.98828E-05 0.251914 0.139114 9.98828E-05 9.98828E-05 0.0934923 9.98828E-05 9.98828E-05 9.98828E-05
9.98739E-05 9.98739E-05 9.98739E-05 9.98739E-05 0.862162 9.98739E-05 9.98739E-05 9.98739E-05 9.98739E-05 0.0156821 9.98739E-05 9.98739E-05 0.00530356 0.115454 9.98739E-05 9.98739E-05 9.98739E-05 9.98739E-05
9.99008E-05 9.99008E-05 9.99008E-05 0.0340331 9.99008E-05 0.0585499 9.99008E-05 0.0148564 9.99008E-05 0.381855 0.404985 0.00653979 9.99008E-05 9.99008E-05 0.0980825 9.99008E-05 9.99008E-05 9.99008E-05
9.99188E-05 9.99188E-05 0.00829694 9.99188E-05 0.0756949 0.0224027 9.99188E-05 0.0464892 0.0999266 0.0129151 0.00825268 0.660636 0.0644862 9.99188E-05 9.99188E-05 9.99188E-05 9.99188E-05 9.99188E-05
0.0189659 9.9901E-05 9.9901E-05 9.9901E-05 0.0121284 9.9901E-05 9.9901E-05 0.00769241 0.00599086 9.9901E-05 9.9901E-05 9.9901E-05 9.9901E-05 0.316891 9.9901E-05 0.636086 0.00114678 9.9901E-05
0.000440801 0.00600888 9.99098E-05 0.0206656 9.99098E-05 9.99098E-05 0.006254 9.99098E-05 9.99098E-05 9.99098E-05 0.0193667 0.0604517 9.99098E-05 0.860772 9.99098E-05 9.99098E-05 0.0250414 9.99098E-05
0.0498051 9.99008E-05 9.99008E-05 9.99008E-05 9.99008E-05 9.99008E-05 9.99008E-05 0.0562878 9.99008E-05 0.219695 0.00332978 0.441283 9.99008E-05 0.0878437 9.99008E-05 0.140656 9.99008E-05 9.99008E-05
9.98917E-05 0.0555676 9.98917E-05 9.98917E-05 9.98917E-05 0.075049 9.98917E-05 9.98917E-05 9.98917E-05 0.00919605 9.98917E-05 0.0269228 0.18258 0.649486 9.98917E-05 9.98917E-05 9.98917E-05 9.98917E-05
9.98649E-05 9.98649E-05 9.98649E-05 0.0305061 9.98649E-05 9.98649E-05 9.98649E-05 9.98649E-05 9.98649E-05 9.98649E-05 9.98649E-05 9.98649E-05 9.98649E-05 0.872221 9.98649E-05 0.095775 9.98649E-05 9.98649E-05
9.98828E-05 9.98828E-05 9.98828E-05 9.98828E-05 9.98828E-05 9.98828E-05 0.431772 9.98828E-05 9.98828E-05 0.0551481 9.98828E-05 9.98828E-05 9.98828E-05 0.424729 9.98828E-05 9.98828E-05 0.0686235 0.0184289
9.98919E-05 0.0529176 9.98919E-05 0.0569119 9.98919E-05 0.0274607 0.0971256 9.98919E-05 0.00985191 9.98919E-05 9.98919E-05 9.98919E-05 9.98919E-05 0.754534 9.98919E-05 9.98919E-05 9.98919E-05 9.98919E-05
9.9892E-05 9.9892E-05 9.9892E-05 9.9892E-05 9.9892E-05 9.9892E-05 9.9892E-05 0.0198654 9.9892E-05 0.419696 0.0250003 0.318692 9.9892E-05 0.204308 9.9892E-05 9.9892E-05 0.0112395 9.9892E-05
9.9901E-05 0.0207149 9.9901E-05 9.9901E-05 0.177009 9.9901E-05 9.9901E-05 9.9901E-05 0.366712 0.362675 0.00325541 0.064071 0.00446426 9.9901E-05 9.9901E-05 9.9901E-05 9.9901E-05 9.9901E-05
0.0756651 9.99008E-05 9.99008E-05 0.043456 9.99008E-05 0.533295 9.99008E-05 0.0209805 9.99008E-05 0.0299953 9.99008E-05 0.0260869 9.99008E-05 9.99008E-05 9.99008E-05 0.269422 9.99008E-05 9.99008E-05
9.98829E-05 9.98829E-05 9.98829E-05 0.0877084 9.98829E-05 9.98829E-05 9.98829E-05 0.0208888 9.98829E-05 0.732021 9.98829E-05 0.0313083 9.98829E-05 0.126775 9.98829E-05 9.98829E-05 9.98829E-05 9.98829E-05
0.152156 9.991E-05 9.991E-05 0.000904069 9.991E-05 0.026921 9.991E-05 0.127162 9.991E-05 0.250239 0.0233422 0.301386 9.991E-05 0.116889 9.991E-05 9.991E-05 9.991E-05 9.991E-05
9.99008E-05 9.99008E-05 9.99008E-05 0.043604 9.99008E-05 0.043714 9.99008E-05 0.13854 9.99008E-05 0.0094976 9.99008E-05 0.411126 9.99008E-05 0.252677 9.99008E-05 0.0997438 9.99008E-05 9.99008E-05
9.98919E-05 9.98919E-05 9.98919E-05 0.015674 9.98919E-05 9.98919E-05 9.98919E-05 9.98919E-05 0.118416 0.356962 0.0569674 0.450326 9.98919E-05 9.98919E-05 0.00045537 9.98919E-05 9.98919E-05 9.98919E-05
9.99008E-05 9.99008E-05 9.99008E-05 0.0756162 0.0403796 0.0991466 9.99008E-05 9.99008E-05 9.99008E-05 0.311535 9.99008E-05 0.205971 9.99008E-05 9.99008E-05 0.0205596 0.245693 9.99008E-05 9.99008E-05
9.98649E-05 9.98649E-05 9.98649E-05 9.98649E-05 9.98649E-05 0.633626 9.98649E-05 9.98649E-05 9.98649E-05 9.98649E-05 0.251622 9.98649E-05 9.98649E-05 9.98649E-05 9.98649E-05 9.98649E-05 0.113254 9.98649E-05
9.99278E-05 9.99278E-05 0.0388684 9.99278E-05 9.99278E-05 0.0961745 9.99278E-05 0.059217 9.99278E-05 0.340861 0.00481928 0.26128 0.133004 0.00110209 9.99278E-05 0.0604988 0.00337594 9.99278E-05
0.0183744 9.99008E-05 9.99008E-05 0.0847583 9.99008E-05 0.167927 9.99008E-05 9.99008E-05 9.99008E-05 0.352666 9.99008E-05 0.0916827 9.99008E-05 9.99008E-05 9.99008E-05 0.262866 9.99008E-05 0.0206269
9.98828E-05 0.0136425 9.98828E-05 9.98828E-05 9.98828E-05 0.26606 9.98828E-05 9.98828E-05 9.98828E-05 9.98828E-05 9.98828E-05 9.98828E-05 0.447483 0.135517 9.98828E-05 0.135999 9.98828E-05 9.98828E-05
0.0197058 9.9892E-05 9.9892E-05 9.9892E-05 0.0836473 0.778135 0.0290609 9.9892E-05 9.9892E-05 9.9892E-05 9.9892E-05 9.9892E-05 9.9892E-05 9.9892E-05 9.9892E-05 0.0771926 0.0110597 9.9892E-05
9.9901E-05 9.9901E-05 0.00858008 9.9901E-05 0.101176 0.104768 0.0125937 0.00547588 9.9901E-05 0.731247 9.9901E-05 9.9901E-05 0.0350597 9.9901E-05 9.9901E-05 9.9901E-05 9.9901E-05 9.9901E-05
9.99008E-05 0.0309673 9.99008E-05 0.0679422 9.99008E-05 0.137004 9.99008E-05 0.0443198 9.99008E-05 0.220418 9.99008E-05 0.490429 9.99008E-05 9.99008E-05 9.99008E-05 0.00781963 9.99008E-05 9.99008E-05
9.98829E-05 9.98829E-05 9.98829E-05 9.98829E-05 0.125358 9.98829E-05 9.98829E-05 9.98829E-05 0.183535 0.495291 0.0756798 0.118838 9.98829E-05 9.98829E-05 9.98829E-05 9.98829E-05 9.98829E-05 9.98829E-05
9.99008E-05 0.0708313 9.99008E-05 9.99008E-05 9.99008E-05 0.454719 9.99008E-05 9.99008E-05 9.99008E-05 9.99008E-05 9.99008E-05 0.0298375 0.00228187 0.325866 9.99008E-05 0.110257 9.99008E-05 0.00510862
0.033003 9.9901E-05 9.9901E-05 9.9901E-05 9.9901E-05 0.482943 9.9901E-05 0.0589551 9.9901E-05 9.9901E-05 0.0471883 0.27476 9.9901E-05 9.9901E-05 9.9901E-05 0.0969941 0.00505763 9.9901E-05
0.00835972 9.99099E-05 9.99099E-05 0.0200097 9.99099E-05 9.99099E-05 9.99099E-05 9.99099E-05 0.142983 0.535958 0.0529723 0.213877 9.99099E-05 9.99099E-05 0.0111788 0.0136628 9.99099E-05 9.99099E-05
9.99099E-05 0.124036 0.0603809 0.0170551 9.99099E-05 9.99099E-05 9.99099E-05 9.99099E-05 9.99099E-05 9.99099E-05 0.272124 9.99099E-05 0.0228471 0.268228 9.99099E-05 0.233913 9.99099E-05 0.000416433
9.98648E-05 9.98648E-05 9.98648E-05 9.98648E-05 9.98648E-05 9.98648E-05 9.98648E-05 9.98648E-05 9.98648E-05 9.98648E-05 0.465953 9.98648E-05 0.472964 9.98648E-05 9.98648E-05 0.0595853 9.98648E-05 9.98648E-05
0.0468217 9.99279E-05 9.99279E-05 0.0540496 0.19507 9.99279E-05 9.99279E-05 0.0278841 0.0451257 0.0248537 0.0584866 0.420836 9.99279E-05 9.99279E-05 0.0952757 9.99279E-05 0.0307978 9.99279E-05
0.00919943 9.98827E-05 9.98827E-05 0.074633 0.169887 9.98827E-05 9.98827E-05 9.98827E-05 9.98827E-05 9.98827E-05 0.717621 9.98827E-05 9.98827E-05 9.98827E-05 9.98827E-05 9.98827E-05 9.98827E-05 0.0273611
9.98919E-05 9.98919E-05 9.98919E-05 9.98919E-05 9.98919E-05 9.98919E-05 9.98919E-05 0.0651287 9.98919E-05 9.98919E-05 0.211136 9.98919E-05 0.3264 0.328296 9.98919E-05 0.0295168 0.0383236 9.98919E-05
9.98829E-05 0.168141 9.98829E-05 9.98829E-05 9.98829E-05 9.98829E-05 0.0100309 0.0123975 9.98829E-05 9.98829E-05 0.391305 9.98829E-05 9.98829E-05 0.416828 9.98829E-05 9.98829E-05 9.98829E-05 9.98829E-05
0.0628264 0.300595 0.0208162 9.99009E-05 9.99009E-05 9.99009E-05 9.99009E-05 9.99009E-05 9.99009E-05 9.99009E-05 0.225666 9.99009E-05 0.0201554 0.275364 9.99009E-05 0.0934775 9.99009E-05 9.99009E-05
9.98649E-05 9.98649E-05 9.98649E-05 9.98649E-05 0.591128 9.98649E-05 9.98649E-05 9.98649E-05 0.103828 9.98649E-05 0.303546 9.98649E-05 9.98649E-05 9.98649E-05 9.98649E-05 9.98649E-05 9.98649E-05 9.98649E-05
