0.0341408 9.9982E-05 0.121076 0.126108 9.9982E-05 0.301397 0.417078
9.9982E-05 9.9982E-05 0.00682723 0.0828084 0.0233613 0.418945 0.467858
0.0108009 0.176691 0.0291278 9.9982E-05 0.014562 9.9982E-05 0.768618
0.176851 0.0284768 0.0586047 0.0860702 9.9991E-05 0.600928 0.0489699
0.120559 9.9973E-05 9.9973E-05 0.253288 0.0495689 0.576284 9.9973E-05
0.37292 9.9973E-05 9.9973E-05 0.0722768 0.0692453 9.9973E-05 0.485258
9.99549E-05 0.248022 9.99549E-05 9.99549E-05 9.99549E-05 9.99549E-05 0.751478
0.223009 9.9973E-05 9.9973E-05 9.9973E-05 0.0834735 0.00690375 0.686313
0.168904 9.9982E-05 0.0256165 9.9982E-05 0.0471313 0.469198 0.28895
0.378153 0.418917 0.053925 9.99729E-05 9.99729E-05 9.99729E-05 0.148706
0.164892 9.9982E-05 0.0191459 0.0907962 9.9982E-05 0.529068 0.195898
0.304913 9.9964E-05 9.9964E-05 9.9964E-05 9.9964E-05 0.626899 0.0677889
0.0536234 0.115905 0.0264634 0.29128 0.0603721 0.267042 0.185314
0.231954 0.0214479 9.9964E-05 9.9964E-05 9.9964E-05 9.9964E-05 0.746198
0.132038 9.99639E-05 9.99639E-05 9.99639E-05 9.99639E-05 0.729381 0.138181
0.0615506 0.472294 0.0225853 0.00107052 0.0419221 9.9991E-05 0.400478
0.00942935 0.173186 9.9973E-05 9.9973E-05 9.9973E-05 0.0303864 0.786699
9.9973E-05 0.00871986 9.9973E-05 0.0285699 9.9973E-05 0.0221619 0.940248
0.0896874 9.9982E-05 0.00441561 0.0534643 9.9982E-05 0.498456 0.353776
0.0131142 9.9973E-05 0.843399 0.0750465 9.9973E-05 0.0681406 9.9973E-05
9.9964E-05 9.9964E-05 0.905138 0.0554085 9.9964E-05 0.0390538 9.9964E-05
0.0311149 9.99639E-05 0.881054 0.0874314 9.99639E-05 9.99639E-05 9.99639E-05
9.9964E-05 9.9964E-05 0.746529 0.0147929 9.9964E-05 0.238278 9.9964E-05
9.99549E-05 9.99549E-05 0.784048 9.99549E-05 9.99549E-05 0.215452 9.99549E-05
9.99729E-05 0.0627176 0.468866 9.99729E-05 0.196407 9.99729E-05 0.271709
0.0718127 9.99729E-05 0.425185 9.99729E-05 0.172483 0.330219 9.99729E-05
9.9964E-05 0.561361 0.241378 9.9964E-05 0.196861 9.9964E-05 9.9964E-05
0.0314957 9.9982E-05 0.395801 0.162373 0.122236 0.287894 9.9982E-05
0.00929505 0.0193639 0.880434 0.0906073 9.99729E-05 9.99729E-05 9.99729E-05
9.9955E-05 9.9955E-05 0.923591 9.9955E-05 9.9955E-05 0.0759094 9.9955E-05
9.9973E-05 0.251601 0.64688 9.9973E-05 9.9973E-05 0.0625705 0.0386485
0.0334394 0.0601818 0.252719 0.10801 0.464105 9.9991E-05 0.0814444
9.99549E-05 0.391072 0.608428 9.99549E-05 9.99549E-05 9.99549E-05 9.99549E-05
9.99729E-05 0.00268898 0.703334 9.99729E-05 0.00489319 9.99729E-05 0.288784
0.0403273 9.9964E-05 0.8922 9.9964E-05 9.9964E-05 0.0670729 9.9964E-05
9.99549E-05 9.99549E-05 0.79296 9.99549E-05 9.99549E-05 0.206541 9.99549E-05
9.9964E-05 0.0943916 0.754623 9.9964E-05 9.9964E-05 0.150586 9.9964E-05
9.9955E-05 9.9955E-05 0.769717 9.9955E-05 9.9955E-05 0.229783 9.9955E-05
0.00582609 9.9982E-05 9.9982E-05 0.0595427 0.844482 0.0800882 0.00986091
9.9964E-05 0.25753 9.9964E-05 0.0787827 0.663287 9.9964E-05 9.9964E-05
9.9964E-05 0.505816 0.0754878 9.9964E-05 0.418296 9.9964E-05 9.9964E-05
9.9982E-05 0.0946629 0.0907678 0.0893716 0.511676 0.213322 9.9982E-05
0.0148882 0.0166636 0.278855 0.0426751 0.575764 9.9991E-05 0.0710536
0.0149523 0.198614 0.103475 9.9982E-05 0.569675 9.9982E-05 0.113085
9.9964E-05 9.9964E-05 0.148792 9.9964E-05 0.325568 0.52524 9.9964E-05
9.99549E-05 9.99549E-05 9.99549E-05 9.99549E-05 0.589996 0.409504 9.99549E-05
9.99729E-05 0.346262 0.177171 9.99729E-05 0.403465 9.99729E-05 0.0728016
0.0815995 9.99729E-05 9.99729E-05 0.0713679 0.82599 0.0207431 9.99729E-05
9.9964E-05 0.639103 9.9964E-05 0.028412 0.332085 9.9964E-05 9.9964E-05
9.9955E-05 9.9955E-05 9.9955E-05 9.9955E-05 0.725031 0.274469 9.9955E-05
9.9964E-05 0.242963 9.9964E-05 0.0598417 0.696795 9.9964E-05 9.9964E-05
0.0679765 9.9982E-05 0.113242 0.163904 0.522263 0.132415 9.9982E-05
0.0545449 9.99729E-05 0.162709 9.99729E-05 0.435368 0.347078 9.99729E-05
0.0200004 9.9982E-05 0.0234504 9.9982E-05 0.536785 0.326449 0.0931157
9.9973E-05 0.045457 0.132236 9.9973E-05 0.365634 0.456373 9.9973E-05
9.9964E-05 9.9964E-05 0.583251 9.9964E-05 0.0402195 0.37613 9.9964E-05
9.99729E-05 0.136951 9.99729E-05 0.0638306 0.784423 9.99729E-05 0.0144951
0.0558767 0.0989025 0.116642 0.112936 0.615443 9.9982E-05 9.9982E-05
9.99639E-05 0.254613 9.99639E-05 0.0438765 0.701111 9.99639E-05 9.99639E-05
9.99639E-05 9.99639E-05 9.99639E-05 0.00527799 0.746744 0.247578 9.99639E-05
0.0151539 9.99729E-05 0.0656152 9.99729E-05 0.704584 0.214347 9.99729E-05
9.99549E-05 9.99549E-05 9.99549E-05 9.99549E-05 0.718066 0.281435 9.99549E-05
9.9982E-05 0.177043 0.0531036 0.103786 0.547948 9.9982E-05 0.117919
9.9964E-05 9.9964E-05 0.110133 9.9964E-05 0.531865 0.357602 9.9964E-05
9.9964E-05 0.259594 9.9964E-05 9.9964E-05 0.478358 9.9964E-05 0.261648
0.0756718 9.99819E-05 0.184538 9.99819E-05 0.36844 0.297745 0.0734056
9.9955E-05 9.9955E-05 9.9955E-05 9.9955E-05 0.632423 0.367078 9.9955E-05
9.9955E-05 9.9955E-05 9.9955E-05 9.9955E-05 0.614529 0.384971 9.9955E-05
0.00696112 9.9982E-05 0.216395 9.9982E-05 0.446123 0.0932317 0.237088
0.113208 9.9982E-05 0.358293 0.0603402 0.364335 9.9982E-05 0.103624
9.9973E-05 0.40003 0.261126 0.0321965 0.306348 9.9973E-05 9.9973E-05
9.99639E-05 0.42156 9.99639E-05 9.99639E-05 0.542391 9.99639E-05 0.0356487
9.9955E-05 9.9955E-05 0.753882 9.9955E-05 9.9955E-05 0.245618 9.9955E-05
9.99639E-05 0.272741 9.99639E-05 9.99639E-05 0.66567 9.99639E-05 0.0611888
0.0243908 9.99729E-05 0.0448306 9.99729E-05 0.657259 0.27322 9.99729E-05
0.0440842 9.9973E-05 0.295078 9.9973E-05 0.273682 0.386856 9.9973E-05
9.99639E-05 0.208193 0.74675 9.99639E-05 9.99639E-05 9.99639E-05 0.0446572
9.9964E-05 0.562125 0.210283 9.9964E-05 0.227193 9.9964E-05 9.9964E-05
9.99729E-05 0.0873096 0.741986 9.99729E-05 0.0247319 9.99729E-05 0.145672
0.096098 9.99729E-05 0.401917 0.177459 0.324226 9.99729E-05 9.99729E-05
9.9973E-05 0.487824 0.176278 0.0741427 0.261455 9.9973E-05 9.9973E-05
0.00315259 9.9973E-05 0.276442 9.9973E-05 0.473077 0.247029 9.9973E-05
0.00126861 0.0521042 0.0199228 0.0514529 0.756704 0.118447 9.9991E-05
9.9973E-05 0.13246 0.178627 9.9973E-05 0.490007 0.198606 9.9973E-05
9.99549E-05 0.336055 9.99549E-05 9.99549E-05 0.663445 9.99549E-05 9.99549E-05
9.9973E-05 9.9973E-05 0.117126 0.164862 0.615159 0.102553 9.9973E-05
9.99549E-05 9.99549E-05 9.99549E-05 9.99549E-05 0.62484 0.37466 9.99549E-05
0.00986744 9.99729E-05 0.396483 9.99729E-05 0.201611 9.99729E-05 0.391739
9.99639E-05 0.242319 9.99639E-05 9.99639E-05 0.527098 9.99639E-05 0.230183
9.9973E-05 9.9973E-05 0.412763 9.9973E-05 0.212487 0.205569 0.16888
9.99639E-05 0.0466108 9.99639E-05 9.99639E-05 0.592942 9.99639E-05 0.360047
9.9973E-05 0.0257475 0.061143 9.9973E-05 0.493595 9.9973E-05 0.419215
9.9964E-05 9.9964E-05 0.180755 9.9964E-05 0.352809 0.466036 9.9964E-05
9.9955E-05 9.9955E-05 9.9955E-05 9.9955E-05 0.656066 9.9955E-05 0.343434
0.0156439 9.9973E-05 0.161858 9.9973E-05 0.470903 9.9973E-05 0.351295
9.99639E-05 0.391185 9.99639E-05 0.585081 0.0233345 9.99639E-05 9.99639E-05
9.9982E-05 0.206326 0.0259929 0.618762 0.095003 9.9982E-05 0.0537158
9.9982E-05 0.0655998 0.0209044 0.821712 0.0261488 0.0654346 9.9982E-05
0.00129482 9.9982E-05 9.9982E-05 0.475017 0.00894352 0.321112 0.193432
0.0269562 0.385652 9.99639E-05 0.586992 9.99639E-05 9.99639E-05 9.99639E-05
0.0456301 9.9982E-05 0.00870816 0.239683 9.9982E-05 0.265774 0.440004
9.99639E-05 0.198869 9.99639E-05 0.343024 9.99639E-05 9.99639E-05 0.457707
9.99549E-05 0.28337 9.99549E-05 0.716131 9.99549E-05 9.99549E-05 9.99549E-05
0.0990931 0.00750098 0.0399128 0.6703 9.9982E-05 9.9982E-05 0.182993
9.9964E-05 9.9964E-05 0.0834509 0.614711 9.9964E-05 0.301438 9.9964E-05
0.0855401 0.630171 9.9964E-05 0.283889 9.9964E-05 9.9964E-05 9.9964E-05
0.051755 0.092495 0.0242001 0.461027 9.9982E-05 0.370323 9.9982E-05
9.99639E-05 0.194246 9.99639E-05 0.708143 9.99639E-05 9.99639E-05 0.097211
0.0178669 9.9982E-05 9.9982E-05 0.564907 0.0587231 0.101404 0.256899
0.1606 0.0467321 0.0506093 0.706038 9.9982E-05 9.9982E-05 0.0358203
0.00830286 0.153809 0.0363082 0.247355 9.9982E-05 9.9982E-05 0.554025
9.99639E-05 9.99639E-05 9.99639E-05 0.42716 0.0819954 0.490444 9.99639E-05
9.9973E-05 0.0449245 0.0869187 0.421383 9.9973E-05 0.446473 9.9973E-05
0.103047 0.066171 0.0746034 0.597293 0.122125 9.9991E-05 0.0366606
9.99639E-05 0.140337 9.99639E-05 0.578917 9.99639E-05 9.99639E-05 0.280345
0.111874 9.9982E-05 0.0664523 0.793144 0.00568635 0.0226432 9.9982E-05
9.9964E-05 9.9964E-05 0.0344929 0.752308 9.9964E-05 0.2128 9.9964E-05
0.15171 9.9991E-05 0.0281248 0.147459 0.000977142 0.48189 0.189739
0.634432 0.114887 9.99639E-05 9.99639E-05 9.99639E-05 9.99639E-05 0.250281
0.0261278 0.156686 0.0362117 0.0591908 0.0250096 0.609687 0.0870871
0.173387 0.158689 9.99729E-05 0.13016 9.99729E-05 9.99729E-05 0.537465
0.434004 0.565496 9.99549E-05 9.99549E-05 9.99549E-05 9.99549E-05 9.99549E-05
0.107571 0.0243565 9.9982E-05 0.0475341 9.9982E-05 0.709546 0.110792
0.745846 0.0688053 0.00790384 9.9973E-05 9.9973E-05 0.177145 9.9973E-05
0.0915442 9.9982E-05 9.9982E-05 0.109006 0.121423 0.127916 0.549911
0.806896 9.9973E-05 0.0373201 0.00177941 9.9973E-05 0.153705 9.9973E-05
0.193508 0.485147 9.9964E-05 9.9964E-05 9.9964E-05 9.9964E-05 0.320945
0.266797 9.9982E-05 9.9982E-05 0.102151 0.0422263 0.562628 0.0259973
0.635089 9.9964E-05 0.0385299 9.9964E-05 9.9964E-05 0.325981 9.9964E-05
0.336095 0.663405 9.99549E-05 9.99549E-05 9.99549E-05 9.99549E-05 9.99549E-05
9.9973E-05 0.0125658 9.9973E-05 0.0602445 9.9973E-05 0.806269 0.12062
0.586487 9.99549E-05 9.99549E-05 9.99549E-05 9.99549E-05 0.413013 9.99549E-05
0.0432753 0.0649148 0.017334 9.9982E-05 9.9982E-05 0.603169 0.271107
0.408567 0.590933 9.99549E-05 9.99549E-05 9.99549E-05 9.99549E-05 9.99549E-05
0.380227 9.9982E-05 0.00702876 9.9982E-05 0.0200542 0.571403 0.0210872
0.0285567 9.9982E-05 9.9982E-05 0.173972 0.0244057 0.61052 0.162346
0.205666 9.99729E-05 0.0123922 9.99729E-05 9.99729E-05 0.0509101 0.730731
9.99821E-05 0.189852 0.12585 0.185456 9.99821E-05 0.401811 0.0968307
0.164239 0.125278 0.0738012 0.0951888 9.9991E-05 0.454941 0.0864523
0.464449 0.486141 9.99639E-05 9.99639E-05 9.99639E-05 9.99639E-05 0.04901
0.198637 9.9982E-05 0.064073 9.9982E-05 0.0478652 0.270868 0.418357
0.714696 9.99729E-05 9.99729E-05 0.0247603 0.0214711 9.99729E-05 0.238772
0.20009 0.263222 0.0395284 0.241406 0.043746 9.9991E-05 0.211908
0.244475 9.9991E-05 0.0359574 0.122455 0.0716428 0.415366 0.110005
0.401847 9.9973E-05 9.9973E-05 0.493747 0.0865734 0.0175329 9.9973E-05
0.00527693 0.851793 0.0595161 0.0087439 0.00281439 0.0717555 9.9991E-05
0.345609 0.0851825 0.0188167 0.159197 0.0221343 9.9991E-05 0.368961
0.114104 0.292111 0.0117181 0.114299 0.0285901 9.9991E-05 0.439078
0.272066 0.241775 0.0678604 0.06429 9.9982E-05 0.353808 9.9982E-05
0.0618262 0.612509 9.99639E-05 9.99639E-05 9.99639E-05 9.99639E-05 0.325265
0.0542709 0.043704 9.9982E-05 0.042929 9.9982E-05 0.688467 0.170429
0.169492 0.454905 9.99729E-05 0.0766283 9.99729E-05 9.99729E-05 0.298675
0.427654 0.17707 0.0388468 0.117827 9.9982E-05 0.238403 9.9982E-05
0.211838 0.107072 0.0140634 0.170034 9.9982E-05 0.496793 9.9982E-05
0.392364 9.9982E-05 9.9982E-05 0.352812 0.121166 0.106721 0.0267377
0.115089 9.9982E-05 9.9982E-05 0.254562 0.0468945 0.093084 0.490171
0.37765 0.0149107 0.063373 0.39231 0.0122855 9.9991E-05 0.13937
0.136145 0.155809 0.0361017 0.322762 9.9991E-05 0.34474 0.00434223
9.9973E-05 0.733313 9.9973E-05 0.162774 9.9973E-05 0.0121278 0.0914849
0.30447 0.675917 9.99639E-05 0.0192127 9.99639E-05 9.99639E-05 9.99639E-05
0.198059 0.144172 9.9973E-05 9.9973E-05 0.0402857 9.9973E-05 0.617183
0.257237 0.607046 0.00233356 0.0311928 0.0402259 9.9991E-05 0.0618645
9.9964E-05 0.80421 9.9964E-05 0.0967992 9.9964E-05 0.0985906 9.9964E-05
0.289403 0.147369 9.9973E-05 9.9973E-05 0.10498 9.9973E-05 0.457948
0.149023 0.246706 9.99729E-05 9.99729E-05 9.99729E-05 0.0275493 0.576421
0.0850797 9.9982E-05 0.0665203 9.9982E-05 0.0217799 0.738569 0.0878506
0.00124116 9.9973E-05 0.0559257 9.9973E-05 9.9973E-05 0.710299 0.232234
0.0179806 9.9973E-05 0.0532667 9.9973E-05 9.9973E-05 0.0945193 0.833933
9.99639E-05 0.00779652 9.99639E-05 9.99639E-05 9.99639E-05 0.741711 0.250093
9.9964E-05 9.9964E-05 9.9964E-05 0.0414082 9.9964E-05 0.817736 0.140456
9.9982E-05 0.0242554 0.178654 0.0603197 9.9982E-05 0.60378 0.132791
9.9973E-05 0.0149658 0.0251293 9.9973E-05 9.9973E-05 0.77602 0.183585
9.9973E-05 0.200553 0.0374731 9.9973E-05 9.9973E-05 0.0473227 0.714352
0.11949 0.640917 9.9964E-05 9.9964E-05 9.9964E-05 9.9964E-05 0.239194
0.0229504 9.9982E-05 9.9982E-05 0.0679964 0.0907035 0.368082 0.450068
9.9964E-05 0.248872 0.00836684 9.9964E-05 9.9964E-05 9.9964E-05 0.742361
9.9982E-05 0.0445113 0.107645 9.9982E-05 0.0669067 0.0101557 0.770582
9.9973E-05 9.9973E-05 0.00597509 0.0267925 9.9973E-05 0.285601 0.681332
0.0468622 0.275118 9.9964E-05 9.9964E-05 9.9964E-05 9.9964E-05 0.677619
9.9982E-05 0.151829 9.9982E-05 0.0403491 0.0172665 0.142147 0.648209
0.289436 9.9982E-05 0.0901865 9.9982E-05 0.0667909 0.298902 0.254485
9.9982E-05 0.117242 0.0365988 9.9982E-05 0.0593293 0.133982 0.652648
9.9973E-05 9.9973E-05 9.9973E-05 0.150883 0.0366276 0.116024 0.696166
9.9973E-05 0.0480013 0.00288033 9.9973E-05 9.9973E-05 0.763578 0.185241
0.0217092 9.9982E-05 9.9982E-05 0.0761112 0.0387336 0.442191 0.421055
9.9973E-05 0.426694 9.9973E-05 9.9973E-05 0.017085 0.0417889 0.514132
9.9982E-05 0.0282087 9.9982E-05 0.0552977 0.0316268 0.00534496 0.879322
0.0851515 0.54438 9.9964E-05 9.9964E-05 9.9964E-05 9.9964E-05 0.370068
0.0277297 9.99639E-05 9.99639E-05 9.99639E-05 9.99639E-05 0.728558 0.243313
0.10286 9.9982E-05 0.010604 9.9982E-05 0.0458322 0.284792 0.555712
0.0408015 0.386587 9.9973E-05 9.9973E-05 0.0013716 9.9973E-05 0.57094
0.31533 9.9973E-05 9.9973E-05 0.0352317 0.0628999 0.586238 9.9973E-05
0.498579 0.0234518 0.0358987 9.9991E-05 0.0158569 0.393315 0.0327987
0.0741546 0.408687 0.0655835 0.0230695 0.0659452 9.9991E-05 0.36246
0.665994 0.154941 0.0155546 0.0998034 0.0161142 9.9991E-05 0.047493
0.214866 0.033547 0.130258 9.9982E-05 9.9982E-05 0.525808 0.0953212
0.442303 9.9964E-05 0.0157408 9.9964E-05 9.9964E-05 0.541557 9.9964E-05
0.327674 9.9964E-05 9.9964E-05 9.9964E-05 0.0718523 0.600074 9.9964E-05
0.300199 0.699301 9.9955E-05 9.9955E-05 9.9955E-05 9.9955E-05 9.9955E-05
0.407932 0.0447946 9.9973E-05 9.9973E-05 0.0101346 9.9973E-05 0.536839
0.270954 9.9982E-05 9.9982E-05 0.383313 0.0530499 0.131421 0.161062
0.347147 9.99729E-05 9.99729E-05 0.0161658 9.99729E-05 0.546643 0.0897439
0.253559 0.54388 9.9973E-05 0.127787 9.9973E-05 9.9973E-05 0.0744739
0.269318 9.9973E-05 0.0569396 9.9973E-05 9.9973E-05 0.00442756 0.669015
0.298897 9.9973E-05 0.0119456 9.9973E-05 0.0261214 9.9973E-05 0.662737
0.483028 9.99729E-05 9.99729E-05 0.41454 9.99729E-05 0.0425336 0.0595992
9.9964E-05 0.100825 9.9964E-05 0.213541 9.9964E-05 9.9964E-05 0.685235
0.0176204 9.9982E-05 9.9982E-05 0.0947702 0.0594455 0.415715 0.412249
0.336254 9.9982E-05 9.9982E-05 0.112281 0.00154976 0.217927 0.331788
0.313542 0.0179173 0.0585315 9.9973E-05 9.9973E-05 0.60971 9.9973E-05
0.352009 0.190444 0.00327617 9.99819E-05 0.132886 9.99819E-05 0.321185
0.309174 9.99729E-05 9.99729E-05 9.99729E-05 0.0538934 0.55009 0.0865428
0.229553 0.0128296 9.9982E-05 9.9982E-05 0.0202159 0.618032 0.119169
0.187113 0.41218 9.99639E-05 9.99639E-05 9.99639E-05 9.99639E-05 0.400307
0.0365395 0.0803655 9.9973E-05 9.9973E-05 9.9973E-05 0.214637 0.668158
0.138091 0.070608 9.9973E-05 9.9973E-05 0.0651619 9.9973E-05 0.72584
0.105684 9.9982E-05 0.0583495 9.9982E-05 0.0297067 0.766639 0.0394207
0.0127079 0.0841061 0.121118 0.0349258 0.206914 0.46956 0.0706688
0.0664864 9.9973E-05 9.9973E-05 9.9973E-05 0.106276 0.594109 0.232829
0.142637 0.365292 9.9964E-05 9.9964E-05 9.9964E-05 9.9964E-05 0.491671
0.0316079 9.9982E-05 9.9982E-05 0.000494084 0.0662632 0.548525 0.35291
0.0964175 9.9991E-05 0.0226102 0.0766275 0.054496 0.563692 0.186056
0.068028 0.0148584 9.9991E-05 0.101725 0.0235794 0.716631 0.0750779
9.9964E-05 0.350984 9.9964E-05 0.0523663 9.9964E-05 9.9964E-05 0.59625
0.113462 9.9982E-05 0.0221407 0.00857083 9.9982E-05 0.122871 0.732756
0.0266956 0.10095 0.0798242 9.9982E-05 9.9982E-05 0.665991 0.126339
0.203895 0.214281 9.9982E-05 9.9982E-05 0.0733228 0.0647982 0.443503
0.0352247 9.9991E-05 0.0328117 0.0597787 0.038835 0.71974 0.11351
0.0190007 0.296917 9.9982E-05 0.112552 9.9982E-05 0.410898 0.160433
0.131959 9.9991E-05 0.0176439 0.0502737 0.075008 0.206175 0.51884
0.0241052 0.521059 9.9964E-05 9.9964E-05 9.9964E-05 9.9964E-05 0.454436
0.178529 9.9982E-05 0.0300679 9.9982E-05 0.0171368 0.191542 0.582525
0.240417 0.179103 0.0251882 0.278371 0.00236088 9.9991E-05 0.274461
0.0964752 0.642878 9.9973E-05 0.164355 9.9973E-05 9.9973E-05 0.095992
0.142794 9.9982E-05 9.9982E-05 0.101343 0.0453116 0.0308469 0.679504
0.0178244 0.0111845 9.9973E-05 0.416538 9.9973E-05 9.9973E-05 0.554153
0.23129 0.0401144 9.9982E-05 0.0294036 9.9982E-05 0.0999401 0.599052
0.204754 9.9973E-05 9.9973E-05 0.0857081 9.9973E-05 0.547638 0.1616
0.358544 0.58864 0.00029194 0.0472854 9.9982E-05 9.9982E-05 0.00503882
0.36499 0.0718573 0.0977267 9.9973E-05 9.9973E-05 0.465126 9.9973E-05
9.9982E-05 9.9982E-05 0.0201893 0.370487 0.0150448 0.407948 0.186131
0.0326985 0.23888 0.0454032 0.189742 9.9982E-05 0.493076 9.9982E-05
9.9973E-05 0.606154 9.9973E-05 0.268628 9.9973E-05 0.0247327 0.100185
9.99639E-05 0.680988 9.99639E-05 0.120546 9.99639E-05 9.99639E-05 0.198066
0.274113 0.0057222 0.0524193 9.9982E-05 9.9982E-05 0.54978 0.117765
0.0450207 9.9991E-05 0.0155762 0.0494154 0.0692402 0.0629634 0.757684
0.179639 0.0053477 0.00558581 0.349672 0.0205117 0.0122047 0.427039
9.9964E-05 0.787435 9.9964E-05 0.135695 9.9964E-05 9.9964E-05 0.0764705
0.284973 0.119002 9.9973E-05 0.453692 9.9973E-05 0.142034 9.9973E-05
0.33303 0.0648487 0.0814211 0.179518 9.9991E-05 0.321325 0.0197573
0.080656 0.014606 0.0146878 9.9982E-05 9.9982E-05 0.683258 0.206592
0.0658969 9.9982E-05 9.9982E-05 0.225159 0.000874944 0.52464 0.18323
0.0621358 0.141963 0.00298291 0.411936 9.9991E-05 0.342539 0.0383437
9.9973E-05 0.261978 0.0434407 0.00964005 9.9973E-05 9.9973E-05 0.684642
9.9973E-05 9.9973E-05 9.9973E-05 0.077821 0.0380738 0.630035 0.25377
9.9973E-05 0.217291 9.9973E-05 0.0492397 9.9973E-05 0.0148953 0.718274
0.0378168 9.9982E-05 9.9982E-05 0.164911 0.0219666 0.0805644 0.694541
0.0956127 9.9982E-05 0.0159254 9.9982E-05 0.0369018 0.614983 0.236377
9.9973E-05 0.526943 0.0120457 9.9973E-05 9.9973E-05 0.0243176 0.436394
0.0200413 0.4434 9.9991E-05 0.368893 0.00845166 0.0148059 0.144308
0.133051 0.192659 9.9973E-05 0.0112988 9.9973E-05 9.9973E-05 0.662691
0.201953 0.165531 0.0663051 0.205541 9.9982E-05 0.36047 9.9982E-05
0.341459 0.0990677 0.0599268 0.172706 9.9991E-05 0.0794497 0.247291
0.181585 0.0735861 0.0583415 9.9991E-05 0.019138 0.361 0.30625
9.99639E-05 0.790506 9.99639E-05 9.99639E-05 9.99639E-05 0.08413 0.124964
0.0259001 0.207396 0.0664723 9.9973E-05 9.9973E-05 0.699932 9.9973E-05
0.0763962 0.142113 0.0431663 0.15279 0.171983 0.00529459 0.408257
0.0735703 0.0508367 0.0347725 0.136081 0.0505184 0.541993 0.112228
9.9991E-05 0.157134 0.0935413 0.0339857 0.0158298 0.694312 0.00509713
0.0465748 0.164498 0.0437561 0.0596402 9.9991E-05 0.613114 0.0723168
0.0918624 0.0784796 0.0706734 9.9991E-05 0.0121752 0.607357 0.139353
9.9982E-05 0.257929 0.066978 9.9982E-05 0.0830137 0.579121 0.0127591
9.9982E-05 0.0639937 0.102489 0.159675 0.0631103 9.9982E-05 0.610532
0.104973 0.105726 0.0147767 0.0325132 0.0751572 9.9991E-05 0.666753
0.164925 0.164737 0.0849687 0.0192552 0.00964383 0.556371 9.9991E-05
0.0960444 0.259094 9.9973E-05 0.290847 9.9973E-05 0.353715 9.9973E-05
0.224193 0.22057 0.050453 0.197833 0.064213 9.9991E-05 0.242637
0.13103 0.80804 0.0150693 0.0455605 9.9973E-05 9.9973E-05 9.9973E-05
9.9955E-05 0.460687 9.9955E-05 9.9955E-05 9.9955E-05 9.9955E-05 0.538813
0.0218112 0.82702 9.9991E-05 0.0498948 0.00232936 0.0108683 0.0879759
