9.9883E-05 0.0396522 0.385696 9.9883E-05 9.9883E-05 9.9883E-05 9.9883E-05 0.320406 9.9883E-05 9.9883E-05 9.9883E-05 0.24887 0.00407734 9.9883E-05 9.9883E-05 9.9883E-05 9.9883E-05 9.9883E-05
9.98919E-05 9.98919E-05 0.298843 9.98919E-05 9.98919E-05 9.98919E-05 9.98919E-05 0.569031 9.98919E-05 0.00513097 9.98919E-05 9.98919E-05 9.98919E-05 0.00798435 9.98919E-05 9.98919E-05 0.0873561 0.0304563
9.99098E-05 0.00371908 9.99098E-05 0.078794 0.331346 9.99098E-05 9.99098E-05 0.28299 9.99098E-05 0.020346 9.99098E-05 9.99098E-05 0.00368839 9.99098E-05 9.99098E-05 0.189753 9.99098E-05 0.0883644
0.118081 9.98829E-05 0.540152 9.98829E-05 9.98829E-05 9.98829E-05 9.98829E-05 9.98829E-05 9.98829E-05 9.98829E-05 0.0106993 0.264993 9.98829E-05 9.98829E-05 0.0647759 9.98829E-05 9.98829E-05 9.98829E-05
0.0150159 9.99007E-05 0.334795 9.99007E-05 9.99007E-05 9.99007E-05 0.0598127 9.99007E-05 0.157478 0.0590966 9.99007E-05 9.99007E-05 9.99007E-05 9.99007E-05 0.358048 9.99007E-05 9.99007E-05 0.0146549
0.0274051 9.99188E-05 9.99188E-05 0.33374 0.0706503 9.99188E-05 0.000478218 0.262089 0.00850776 0.00204349 9.99188E-05 0.275111 9.99188E-05 0.0190768 9.99188E-05 9.99188E-05 9.99188E-05 9.99188E-05
9.98828E-05 9.98828E-05 0.0356963 9.98828E-05 0.350848 9.98828E-05 9.98828E-05 0.384574 9.98828E-05 9.98828E-05 9.98828E-05 9.98828E-05 9.98828E-05 0.00735241 9.98828E-05 0.220231 9.98828E-05 9.98828E-05
9.9892E-05 9.9892E-05 9.9892E-05 0.320948 0.108077 9.9892E-05 9.9892E-05 0.445112 0.0228789 9.9892E-05 9.9892E-05 9.9892E-05 0.0836679 0.0181171 9.9892E-05 9.9892E-05 9.9892E-05 9.9892E-05
0.297689 0.015374 0.176256 0.0869091 9.99009E-05 9.99009E-05 9.99009E-05 0.346521 9.99009E-05 0.0622206 9.99009E-05 9.99009E-05 0.0139315 9.99009E-05 9.99009E-05 9.99009E-05 9.99009E-05 9.99009E-05
9.98828E-05 0.0490083 9.98828E-05 0.413447 0.122578 9.98828E-05 0.00416388 9.98828E-05 9.98828E-05 9.98828E-05 9.98828E-05 9.98828E-05 9.98828E-05 9.98828E-05 9.98828E-05 0.409504 9.98828E-05 9.98828E-05
0.267045 9.99189E-05 0.0774491 0.00728993 9.99189E-05 9.99189E-05 0.0233914 0.0698352 0.120637 9.99189E-05 9.99189E-05 0.082115 9.99189E-05 9.99189E-05 9.99189E-05 9.99189E-05 0.305855 0.0454824
0.0212715 9.99008E-05 0.404903 0.329633 9.99008E-05 9.99008E-05 9.99008E-05 0.00506908 0.0279856 9.99008E-05 0.135485 9.99008E-05 9.99008E-05 9.99008E-05 9.99008E-05 9.99008E-05 0.0745535 9.99008E-05
0.425938 9.99099E-05 9.99099E-05 9.99099E-05 0.140934 0.0298769 9.99099E-05 0.0397374 9.99099E-05 0.0198886 9.99099E-05 0.116907 9.99099E-05 9.99099E-05 0.08393 9.99099E-05 9.99099E-05 0.14179
9.99009E-05 9.99009E-05 9.99009E-05 0.197065 0.162959 9.99009E-05 0.0524307 0.370669 9.99009E-05 9.99009E-05 9.99009E-05 0.0779023 0.00175065 9.99009E-05 9.99009E-05 0.136125 9.99009E-05 9.99009E-05
9.98738E-05 9.98738E-05 0.298361 0.138277 9.98738E-05 9.98738E-05 9.98738E-05 9.98738E-05 0.157569 9.98738E-05 9.98738E-05 9.98738E-05 9.98738E-05 9.98738E-05 9.98738E-05 9.98738E-05 0.404395 9.98738E-05
0.00911638 9.99188E-05 9.99188E-05 0.0520209 0.315639 0.0464066 9.99188E-05 9.99188E-05 0.0140668 0.0270034 9.99188E-05 0.155761 9.99188E-05 0.00116414 9.99188E-05 0.377923 9.99188E-05 9.99188E-05
9.98829E-05 9.98829E-05 0.028981 9.98829E-05 0.241677 9.98829E-05 9.98829E-05 0.477644 9.98829E-05 9.98829E-05 9.98829E-05 0.0432157 9.98829E-05 9.98829E-05 9.98829E-05 0.207184 9.98829E-05 9.98829E-05
9.98828E-05 9.98828E-05 9.98828E-05 0.0481249 0.3471 9.98828E-05 9.98828E-05 0.547609 9.98828E-05 9.98828E-05 9.98828E-05 9.98828E-05 9.98828E-05 9.98828E-05 9.98828E-05 9.98828E-05 0.0305413 0.0253264
0.151138 9.9892E-05 0.292929 0.0784811 9.9892E-05 9.9892E-05 9.9892E-05 0.20507 9.9892E-05 9.9892E-05 0.154789 9.9892E-05 9.9892E-05 9.9892E-05 9.9892E-05 9.9892E-05 9.9892E-05 0.116394
9.98828E-05 0.694766 9.98828E-05 9.98828E-05 9.98828E-05 9.98828E-05 9.98828E-05 9.98828E-05 9.98828E-05 0.013029 9.98828E-05 9.98828E-05 0.032034 9.98828E-05 0.139494 9.98828E-05 0.119378 9.98828E-05
9.98558E-05 0.725338 9.98558E-05 9.98558E-05 9.98558E-05 9.98558E-05 9.98558E-05 9.98558E-05 9.98558E-05 9.98558E-05 9.98558E-05 9.98558E-05 9.98558E-05 9.98558E-05 0.273064 9.98558E-05 9.98558E-05 9.98558E-05
9.98557E-05 0.807964 9.98557E-05 9.98557E-05 9.98557E-05 9.98557E-05 9.98557E-05 9.98557E-05 9.98557E-05 9.98557E-05 9.98557E-05 0.190439 9.98557E-05 9.98557E-05 9.98557E-05 9.98557E-05 9.98557E-05 9.98557E-05
0.0357289 0.586132 9.98918E-05 9.98918E-05 9.98918E-05 9.98918E-05 9.98918E-05 9.98918E-05 9.98918E-05 0.0170415 0.233076 9.98918E-05 0.00839564 9.98918E-05 0.118427 9.98918E-05 9.98918E-05 9.98918E-05
0.158419 0.719616 0.0546401 9.98829E-05 9.98829E-05 9.98829E-05 9.98829E-05 9.98829E-05 9.98829E-05 9.98829E-05 9.98829E-05 9.98829E-05 0.0326617 9.98829E-05 9.98829E-05 9.98829E-05 0.0333644 9.98829E-05
9.99007E-05 0.448099 9.99007E-05 0.0802219 0.0237993 9.99007E-05 9.99007E-05 0.106913 9.99007E-05 9.99007E-05 9.99007E-05 9.99007E-05 0.0103749 0.22236 9.99007E-05 0.107132 9.99007E-05 9.99007E-05
0.0172521 0.300789 0.135408 0.0168388 9.99188E-05 9.99188E-05 0.0209289 9.99188E-05 0.0329577 0.0808057 9.99188E-05 9.99188E-05 0.315743 9.99188E-05 9.99188E-05 9.99188E-05 0.0783779 9.99188E-05
9.98829E-05 0.25649 9.98829E-05 9.98829E-05 0.0452777 0.445776 9.98829E-05 9.98829E-05 9.98829E-05 0.0487572 9.98829E-05 9.98829E-05 9.98829E-05 0.2024 9.98829E-05 9.98829E-05 9.98829E-05 9.98829E-05
9.98918E-05 0.121153 9.98918E-05 9.98918E-05 9.98918E-05 9.98918E-05 9.98918E-05 9.98918E-05 0.028172 0.0056189 9.98918E-05 9.98918E-05 0.335216 9.98918E-05 0.502049 9.98918E-05 0.00659197 9.98918E-05
9.98648E-05 0.802154 9.98648E-05 9.98648E-05 9.98648E-05 9.98648E-05 9.98648E-05 9.98648E-05 9.98648E-05 9.98648E-05 9.98648E-05 0.181948 9.98648E-05 9.98648E-05 9.98648E-05 0.0143996 9.98648E-05 9.98648E-05
0.111163 0.845124 9.98649E-05 9.98649E-05 9.98649E-05 9.98649E-05 9.98649E-05 9.98649E-05 9.98649E-05 9.98649E-05 9.98649E-05 9.98649E-05 9.98649E-05 9.98649E-05 0.0422142 9.98649E-05 9.98649E-05 9.98649E-05
9.99011E-05 0.572733 9.99011E-05 9.99011E-05 0.0256246 0.13513 9.99011E-05 0.0380322 9.99011E-05 9.99011E-05 0.104628 9.99011E-05 9.99011E-05 0.0686676 9.99011E-05 0.0540859 9.99011E-05 9.99011E-05
9.99098E-05 0.0907785 9.99098E-05 9.99098E-05 9.99098E-05 0.00737079 9.99098E-05 9.99098E-05 9.99098E-05 0.0386277 9.99098E-05 0.201737 0.383744 0.207853 9.99098E-05 0.0347902 9.99098E-05 0.0340998
9.98828E-05 0.588373 9.98828E-05 9.98828E-05 0.0863502 0.0538562 9.98828E-05 9.98828E-05 9.98828E-05 9.98828E-05 9.98828E-05 9.98828E-05 9.98828E-05 0.0785869 9.98828E-05 0.191536 9.98828E-05 9.98828E-05
9.98828E-05 0.643787 9.98828E-05 9.98828E-05 0.084974 9.98828E-05 9.98828E-05 0.172611 9.98828E-05 9.98828E-05 9.98828E-05 0.00484136 9.98828E-05 0.0924886 9.98828E-05 9.98828E-05 9.98828E-05 9.98828E-05
0.172903 0.825499 9.98559E-05 9.98559E-05 9.98559E-05 9.98559E-05 9.98559E-05 9.98559E-05 9.98559E-05 9.98559E-05 9.98559E-05 9.98559E-05 9.98559E-05 9.98559E-05 9.98559E-05 9.98559E-05 9.98559E-05 9.98559E-05
9.98829E-05 0.730243 0.081429 9.98829E-05 9.98829E-05 9.98829E-05 9.98829E-05 9.98829E-05 9.98829E-05 0.0285159 9.98829E-05 9.98829E-05 9.98829E-05 9.98829E-05 0.0369343 9.98829E-05 0.121579 9.98829E-05
9.98559E-05 0.683833 9.98559E-05 9.98559E-05 9.98559E-05 9.98559E-05 9.98559E-05 9.98559E-05 9.98559E-05 9.98559E-05 9.98559E-05 9.98559E-05 9.98559E-05 9.98559E-05 9.98559E-05 9.98559E-05 0.314569 9.98559E-05
9.98829E-05 0.680603 0.0729765 9.98829E-05 9.98829E-05 9.98829E-05 9.98829E-05 9.98829E-05 9.98829E-05 0.0266166 0.21408 9.98829E-05 9.98829E-05 9.98829E-05 0.00442553 9.98829E-05 9.98829E-05 9.98829E-05
9.98646E-05 9.98646E-05 9.98646E-05 9.98646E-05 9.98646E-05 9.98646E-05 9.98646E-05 9.98646E-05 9.98646E-05 0.475805 9.98646E-05 0.179341 9.98646E-05 0.343357 9.98646E-05 9.98646E-05 9.98646E-05 9.98646E-05
9.98919E-05 9.98919E-05 9.98919E-05 9.98919E-05 9.98919E-05 0.125653 9.98919E-05 9.98919E-05 9.98919E-05 0.0410461 9.98919E-05 0.0316588 9.98919E-05 0.728158 0.0691109 9.98919E-05 9.98919E-05 0.00317417
9.99009E-05 0.0344511 9.99009E-05 9.99009E-05 0.0860465 0.0461873 0.084212 9.99009E-05 9.99009E-05 9.99009E-05 9.99009E-05 9.99009E-05 0.00757853 0.620657 9.99009E-05 0.119769 9.99009E-05 9.99009E-05
9.98918E-05 9.98918E-05 9.98918E-05 9.98918E-05 9.98918E-05 0.0601403 9.98918E-05 9.98918E-05 9.98918E-05 0.20969 0.205881 9.98918E-05 0.0604673 0.238331 0.224291 9.98918E-05 9.98918E-05 9.98918E-05
9.98737E-05 0.220098 9.98737E-05 9.98737E-05 9.98737E-05 9.98737E-05 9.98737E-05 9.98737E-05 9.98737E-05 0.156472 9.98737E-05 0.231963 9.98737E-05 0.39007 9.98737E-05 9.98737E-05 9.98737E-05 9.98737E-05
9.98801E-05 0.06024 9.98801E-05 0.0774559 9.98801E-05 9.98801E-05 0.0247886 9.98801E-05 9.98801E-05 9.98801E-05 9.98801E-05 9.98801E-05 9.98801E-05 0.665093 9.98801E-05 9.98801E-05 0.106502 0.064722
9.98739E-05 9.98739E-05 0.210249 9.98739E-05 9.98739E-05 9.98739E-05 9.98739E-05 9.98739E-05 9.98739E-05 0.120182 0.153803 9.98739E-05 0.514369 9.98739E-05 9.98739E-05 9.98739E-05 9.98739E-05 9.98739E-05
0.0815729 9.98829E-05 0.062443 9.98829E-05 9.98829E-05 9.98829E-05 9.98829E-05 9.98829E-05 0.153412 0.56444 9.98829E-05 9.98829E-05 9.98829E-05 0.136833 9.98829E-05 9.98829E-05 9.98829E-05 9.98829E-05
9.98918E-05 0.162755 9.98918E-05 0.00279677 0.0465979 9.98918E-05 9.98918E-05 9.98918E-05 9.98918E-05 9.98918E-05 9.98918E-05 9.98918E-05 9.98918E-05 0.602323 9.98918E-05 0.171218 9.98918E-05 0.0131109
9.98647E-05 9.98647E-05 9.98647E-05 9.98647E-05 9.98647E-05 9.98647E-05 9.98647E-05 9.98647E-05 9.98647E-05 0.359451 9.98647E-05 0.192948 9.98647E-05 0.446102 9.98647E-05 9.98647E-05 9.98647E-05 9.98647E-05
9.98558E-05 9.98558E-05 9.98558E-05 9.98558E-05 9.98558E-05 0.644765 9.98558E-05 9.98558E-05 9.98558E-05 9.98558E-05 9.98558E-05 9.98558E-05 9.98558E-05 0.353638 9.98558E-05 9.98558E-05 9.98558E-05 9.98558E-05
9.9892E-05 9.9892E-05 9.9892E-05 9.9892E-05 9.9892E-05 9.9892E-05 9.9892E-05 0.00569062 0.192581 0.401666 0.0142972 9.9892E-05 9.9892E-05 0.349477 9.9892E-05 9.9892E-05 0.0350897 9.9892E-05
9.98738E-05 9.98738E-05 9.98738E-05 9.98738E-05 9.98738E-05 0.157139 9.98738E-05 9.98738E-05 9.98738E-05 0.108384 9.98738E-05 9.98738E-05 9.98738E-05 0.626116 0.106963 9.98738E-05 9.98738E-05 9.98738E-05
9.98828E-05 0.00103296 9.98828E-05 0.00104105 9.98828E-05 9.98828E-05 9.98828E-05 9.98828E-05 9.98828E-05 0.0840337 9.98828E-05 9.98828E-05 9.98828E-05 0.372109 0.540485 9.98828E-05 9.98828E-05 9.98828E-05
0.0955729 0.0871289 0.0179654 0.0653924 9.99098E-05 9.99098E-05 9.99098E-05 9.99098E-05 9.99098E-05 0.312658 9.99098E-05 9.99098E-05 0.154593 0.0646748 9.99098E-05 9.99098E-05 0.201016 9.99098E-05
0.156957 9.99099E-05 9.99099E-05 0.0653468 9.99099E-05 9.99099E-05 9.99099E-05 0.0127385 0.0494249 0.19931 9.99099E-05 9.99099E-05 0.0541843 0.285662 9.99099E-05 9.99099E-05 0.175377 9.99099E-05
9.9901E-05 0.000353371 0.0911258 9.9901E-05 9.9901E-05 9.9901E-05 9.9901E-05 9.9901E-05 9.9901E-05 0.156852 0.310981 9.9901E-05 0.135778 0.150727 0.153083 9.9901E-05 9.9901E-05 9.9901E-05
9.98739E-05 0.34281 0.0202816 9.98739E-05 9.98739E-05 9.98739E-05 9.98739E-05 9.98739E-05 9.98739E-05 9.98739E-05 0.446496 9.98739E-05 0.189014 9.98739E-05 9.98739E-05 9.98739E-05 9.98739E-05 9.98739E-05
9.98827E-05 9.98827E-05 9.98827E-05 9.98827E-05 9.98827E-05 9.98827E-05 9.98827E-05 9.98827E-05 9.98827E-05 0.283712 9.98827E-05 0.20268 9.98827E-05 0.502128 9.98827E-05 0.00819573 9.98827E-05 0.00198576
9.98827E-05 9.98827E-05 9.98827E-05 9.98827E-05 9.98827E-05 0.011246 9.98827E-05 9.98827E-05 9.98827E-05 0.0933399 9.98827E-05 9.98827E-05 0.255486 0.293412 0.345218 9.98827E-05 9.98827E-05 9.98827E-05
9.98738E-05 9.98738E-05 9.98738E-05 9.98738E-05 9.98738E-05 0.0326611 9.98738E-05 9.98738E-05 9.98738E-05 9.98738E-05 9.98738E-05 0.164567 0.024534 0.776839 9.98738E-05 9.98738E-05 9.98738E-05 9.98738E-05
9.98738E-05 9.98738E-05 9.98738E-05 9.98738E-05 9.98738E-05 9.98738E-05 9.98738E-05 9.98738E-05 9.98738E-05 0.700076 9.98738E-05 0.016254 9.98738E-05 0.134835 0.147437 9.98738E-05 9.98738E-05 9.98738E-05
0.012056 0.0376695 9.99007E-05 9.99007E-05 9.99007E-05 9.99007E-05 9.99007E-05 0.0449067 9.99007E-05 0.563343 9.99007E-05 0.130581 0.0709119 0.139432 9.99007E-05 9.99007E-05 9.99007E-05 9.99007E-05
9.99008E-05 9.99008E-05 0.059922 9.99008E-05 9.99008E-05 9.99008E-05 9.99008E-05 0.0371394 0.0944033 0.394196 9.99008E-05 9.99008E-05 0.0138755 0.337076 9.99008E-05 9.99008E-05 0.0622897 9.99008E-05
9.98829E-05 9.98829E-05 9.98829E-05 9.98829E-05 9.98829E-05 9.98829E-05 9.98829E-05 9.98829E-05 9.98829E-05 0.141057 9.98829E-05 9.98829E-05 0.290966 0.207671 9.98829E-05 0.182564 9.98829E-05 0.176443
9.98649E-05 0.0461097 9.98649E-05 9.98649E-05 9.98649E-05 9.98649E-05 9.98649E-05 9.98649E-05 9.98649E-05 0.630982 0.32141 9.98649E-05 9.98649E-05 9.98649E-05 9.98649E-05 9.98649E-05 9.98649E-05 9.98649E-05
9.98828E-05 9.98828E-05 9.98828E-05 9.98828E-05 0.33446 9.98828E-05 9.98828E-05 9.98828E-05 9.98828E-05 0.267749 9.98828E-05 9.98828E-05 0.0753071 0.189807 9.98828E-05 0.131379 9.98828E-05 9.98828E-05
0.203221 0.0813621 9.99098E-05 9.99098E-05 9.99098E-05 9.99098E-05 9.99098E-05 0.0270023 9.99098E-05 0.205923 9.99098E-05 0.0579278 0.343516 0.00488489 9.99098E-05 9.99098E-05 0.075164 9.99098E-05
9.9874E-05 9.9874E-05 9.9874E-05 9.9874E-05 9.9874E-05 9.9874E-05 9.9874E-05 9.9874E-05 0.0861245 0.86056 0.00238587 9.9874E-05 9.9874E-05 9.9874E-05 0.049531 9.9874E-05 9.9874E-05 9.9874E-05
9.9892E-05 9.9892E-05 9.9892E-05 0.00629902 0.0124049 0.0351564 9.9892E-05 9.9892E-05 9.9892E-05 0.750043 9.9892E-05 9.9892E-05 9.9892E-05 9.9892E-05 0.0268763 9.9892E-05 0.168022 9.9892E-05
9.99098E-05 9.99098E-05 0.0198919 0.00977672 0.0327274 9.99098E-05 9.99098E-05 0.0302109 9.99098E-05 0.105263 9.99098E-05 0.0630275 0.725592 9.99098E-05 9.99098E-05 9.99098E-05 9.99098E-05 0.0125113
9.98828E-05 0.160908 9.98828E-05 9.98828E-05 9.98828E-05 9.98828E-05 9.98828E-05 9.98828E-05 9.98828E-05 0.0455152 9.98828E-05 0.308165 0.420748 0.0633656 9.98828E-05 9.98828E-05 9.98828E-05 9.98828E-05
9.98828E-05 0.0640044 9.98828E-05 9.98828E-05 9.98828E-05 0.350882 9.98828E-05 9.98828E-05 9.98828E-05 9.98828E-05 9.98828E-05 9.98828E-05 0.405092 0.127902 9.98828E-05 0.0508211 9.98828E-05 9.98828E-05
9.98918E-05 0.00242431 9.98918E-05 9.98918E-05 0.401794 0.00842765 9.98918E-05 9.98918E-05 9.98918E-05 0.252268 9.98918E-05 9.98918E-05 9.98918E-05 0.316165 9.98918E-05 0.017722 9.98918E-05 9.98918E-05
9.98739E-05 0.648447 0.015982 9.98739E-05 9.98739E-05 9.98739E-05 9.98739E-05 9.98739E-05 0.132829 9.98739E-05 0.201344 9.98739E-05 9.98739E-05 9.98739E-05 9.98739E-05 9.98739E-05 9.98739E-05 9.98739E-05
9.98826E-05 9.98826E-05 9.98826E-05 9.98826E-05 0.0532738 9.98826E-05 9.98826E-05 9.98826E-05 9.98826E-05 0.425113 9.98826E-05 9.98826E-05 9.98826E-05 0.27179 9.98826E-05 0.225589 9.98826E-05 0.0229365
9.98918E-05 9.98918E-05 9.98918E-05 9.98918E-05 9.98918E-05 9.98918E-05 0.00225445 9.98918E-05 9.98918E-05 0.613968 9.98918E-05 0.0190994 0.331844 9.98918E-05 9.98918E-05 9.98918E-05 0.0118283 0.0198069
0.178693 0.0722138 0.155654 0.024167 9.98919E-05 9.98919E-05 9.98919E-05 9.98919E-05 9.98919E-05 0.0448703 9.98919E-05 9.98919E-05 0.523204 9.98919E-05 9.98919E-05 9.98919E-05 9.98919E-05 9.98919E-05
9.98737E-05 0.687123 9.98737E-05 9.98737E-05 0.120306 9.98737E-05 9.98737E-05 9.98737E-05 9.98737E-05 9.98737E-05 9.98737E-05 9.98737E-05 9.98737E-05 0.0829867 9.98737E-05 0.108186 9.98737E-05 9.98737E-05
9.9892E-05 0.200785 9.9892E-05 9.9892E-05 0.25724 0.239618 9.9892E-05 9.9892E-05 9.9892E-05 9.9892E-05 9.9892E-05 9.9892E-05 0.00388831 0.25646 9.9892E-05 0.0408104 9.9892E-05 9.9892E-05
9.98827E-05 0.678958 9.98827E-05 9.98827E-05 0.0386188 9.98827E-05 9.98827E-05 0.0407546 9.98827E-05 9.98827E-05 9.98827E-05 9.98827E-05 9.98827E-05 0.156423 9.98827E-05 0.0839475 9.98827E-05 9.98827E-05
9.98918E-05 0.23991 9.98918E-05 9.98918E-05 9.98918E-05 0.0330368 9.98918E-05 9.98918E-05 9.98918E-05 0.0479881 9.98918E-05 0.309434 0.34399 0.0244426 9.98918E-05 9.98918E-05 9.98918E-05 9.98918E-05
9.98829E-05 0.142622 9.98829E-05 9.98829E-05 9.98829E-05 0.594186 9.98829E-05 9.98829E-05 9.98829E-05 0.0569107 9.98829E-05 9.98829E-05 0.0646248 0.140358 9.98829E-05 9.98829E-05 9.98829E-05 9.98829E-05
0.23597 0.208628 9.98829E-05 9.98829E-05 9.98829E-05 9.98829E-05 9.98829E-05 9.98829E-05 9.98829E-05 0.353192 0.0799821 9.98829E-05 9.98829E-05 0.12093 9.98829E-05 9.98829E-05 9.98829E-05 9.98829E-05
0.14901 9.98738E-05 9.98738E-05 9.98738E-05 9.98738E-05 9.98738E-05 9.98738E-05 9.98738E-05 9.98738E-05 0.412064 9.98738E-05 9.98738E-05 9.98738E-05 0.344435 0.0930921 9.98738E-05 9.98738E-05 9.98738E-05
0.242457 0.0518988 9.98919E-05 9.98919E-05 9.98919E-05 9.98919E-05 9.98919E-05 9.98919E-05 9.98919E-05 0.0281832 9.98919E-05 9.98919E-05 0.0815748 0.370139 0.224548 9.98919E-05 9.98919E-05 9.98919E-05
9.98828E-05 9.98828E-05 9.98828E-05 9.98828E-05 0.0972569 0.0226624 9.98828E-05 9.98828E-05 9.98828E-05 0.292494 9.98828E-05 9.98828E-05 9.98828E-05 0.448542 9.98828E-05 0.137747 9.98828E-05 9.98828E-05
9.98827E-05 0.0598456 9.98827E-05 9.98827E-05 9.98827E-05 9.98827E-05 9.98827E-05 9.98827E-05 9.98827E-05 0.548964 9.98827E-05 0.119673 9.98827E-05 0.0713643 0.198855 9.98827E-05 9.98827E-05 9.98827E-05
0.020706 9.98829E-05 0.0682485 9.98829E-05 9.98829E-05 9.98829E-05 9.98829E-05 9.98829E-05 9.98829E-05 0.808107 0.032914 9.98829E-05 0.0687263 9.98829E-05 9.98829E-05 9.98829E-05 9.98829E-05 9.98829E-05
9.98917E-05 0.158719 9.98917E-05 9.98917E-05 0.124473 9.98917E-05 9.98917E-05 9.98917E-05 9.98917E-05 9.98917E-05 9.98917E-05 0.0112927 0.56011 0.00832225 9.98917E-05 0.135884 9.98917E-05 9.98917E-05
9.98647E-05 9.98647E-05 9.98647E-05 9.98647E-05 0.239637 9.98647E-05 9.98647E-05 9.98647E-05 9.98647E-05 9.98647E-05 9.98647E-05 9.98647E-05 0.215188 0.543677 9.98647E-05 9.98647E-05 9.98647E-05 9.98647E-05
9.98738E-05 0.116411 9.98738E-05 9.98738E-05 9.98738E-05 9.98738E-05 9.98738E-05 0.0392182 0.136444 9.98738E-05 9.98738E-05 9.98738E-05 0.706529 9.98738E-05 9.98738E-05 9.98738E-05 9.98738E-05 9.98738E-05
9.98737E-05 9.98737E-05 9.98737E-05 0.00938783 0.238187 9.98737E-05 9.98737E-05 9.98737E-05 9.98737E-05 9.98737E-05 9.98737E-05 9.98737E-05 0.404726 0.346301 9.98737E-05 9.98737E-05 9.98737E-05 9.98737E-05
9.98647E-05 9.98647E-05 9.98647E-05 9.98647E-05 0.253267 9.98647E-05 9.98647E-05 9.98647E-05 9.98647E-05 9.98647E-05 9.98647E-05 9.98647E-05 0.466964 0.27827 9.98647E-05 9.98647E-05 9.98647E-05 9.98647E-05
9.98828E-05 9.98828E-05 0.0376061 9.98828E-05 9.98828E-05 9.98828E-05 9.98828E-05 9.98828E-05 0.215601 9.98828E-05 0.0432371 9.98828E-05 0.694746 9.98828E-05 0.00751117 9.98828E-05 9.98828E-05 9.98828E-05
9.98828E-05 9.98828E-05 9.98828E-05 9.98828E-05 0.0191553 9.98828E-05 9.98828E-05 0.218027 9.98828E-05 0.208155 9.98828E-05 9.98828E-05 0.26873 0.284634 9.98828E-05 9.98828E-05 9.98828E-05 9.98828E-05
9.98738E-05 9.98738E-05 9.98738E-05 9.98738E-05 9.98738E-05 9.98738E-05 9.98738E-05 0.150708 9.98738E-05 9.98738E-05 0.000185366 9.98738E-05 0.578808 0.268901 9.98738E-05 9.98738E-05 9.98738E-05 9.98738E-05
9.98739E-05 9.98739E-05 9.98739E-05 9.98739E-05 9.98739E-05 0.432957 0.00615115 9.98739E-05 9.98739E-05 9.98739E-05 9.98739E-05 9.98739E-05 9.98739E-05 0.00343118 9.98739E-05 9.98739E-05 9.98739E-05 0.556062
9.99009E-05 9.99009E-05 9.99009E-05 9.99009E-05 0.0287564 0.196821 9.99009E-05 9.99009E-05 0.00494335 9.99009E-05 9.99009E-05 0.238438 9.99009E-05 0.0913147 0.0356399 9.99009E-05 9.99009E-05 0.402987
9.98739E-05 9.98739E-05 9.98739E-05 9.98739E-05 9.98739E-05 0.0572667 9.98739E-05 9.98739E-05 9.98739E-05 9.98739E-05 0.0673865 9.98739E-05 9.98739E-05 9.98739E-05 0.241207 9.98739E-05 9.98739E-05 0.632741
9.9874E-05 9.9874E-05 9.9874E-05 0.00809828 9.9874E-05 9.9874E-05 9.9874E-05 9.9874E-05 0.369709 9.9874E-05 0.00331504 9.9874E-05 9.9874E-05 9.9874E-05 9.9874E-05 9.9874E-05 9.9874E-05 0.61748
9.98738E-05 9.98738E-05 9.98738E-05 9.98738E-05 9.98738E-05 0.22822 0.0623908 9.98738E-05 9.98738E-05 9.98738E-05 9.98738E-05 9.98738E-05 9.98738E-05 9.98738E-05 9.98738E-05 0.0845548 9.98738E-05 0.623436
0.0365863 9.99188E-05 0.0210629 9.99188E-05 9.99188E-05 9.99188E-05 9.99188E-05 0.456359 0.0564762 0.00702668 0.0507501 9.99188E-05 0.0636495 9.99188E-05 9.99188E-05 0.0513711 9.99188E-05 0.255819
9.98648E-05 9.98648E-05 9.98648E-05 9.98648E-05 0.431432 9.98648E-05 9.98648E-05 9.98648E-05 9.98648E-05 9.98648E-05 9.98648E-05 9.98648E-05 9.98648E-05 9.98648E-05 9.98648E-05 0.0441161 9.98648E-05 0.522954
9.98648E-05 9.98648E-05 9.98648E-05 9.98648E-05 9.98648E-05 0.328541 9.98648E-05 9.98648E-05 9.98648E-05 9.98648E-05 9.98648E-05 0.0168549 9.98648E-05 9.98648E-05 9.98648E-05 9.98648E-05 9.98648E-05 0.653106
9.98649E-05 9.98649E-05 9.98649E-05 9.98649E-05 9.98649E-05 9.98649E-05 9.98649E-05 9.98649E-05 9.98649E-05 9.98649E-05 9.98649E-05 0.467919 0.00730156 9.98649E-05 9.98649E-05 9.98649E-05 9.98649E-05 0.523282
9.98827E-05 9.98827E-05 0.0886835 9.98827E-05 9.98827E-05 9.98827E-05 9.98827E-05 9.98827E-05 9.98827E-05 0.0471247 9.98827E-05 9.98827E-05 9.98827E-05 9.98827E-05 0.323865 9.98827E-05 0.123825 0.415203
9.98738E-05 9.98738E-05 9.98738E-05 9.98738E-05 9.98738E-05 0.657175 0.131294 9.98738E-05 9.98738E-05 9.98738E-05 9.98738E-05 9.98738E-05 9.98738E-05 0.0116812 9.98738E-05 9.98738E-05 9.98738E-05 0.198451
9.99008E-05 9.99008E-05 0.0519885 9.99008E-05 0.0246592 9.99008E-05 0.0473943 9.99008E-05 9.99008E-05 0.00367222 9.99008E-05 9.99008E-05 9.99008E-05 9.99008E-05 0.0694301 9.99008E-05 0.383596 0.418161
9.98919E-05 9.98919E-05 9.98919E-05 9.98919E-05 9.98919E-05 0.0585194 9.98919E-05 9.98919E-05 9.98919E-05 9.98919E-05 9.98919E-05 0.0181347 9.98919E-05 0.00157137 0.00457432 0.159903 9.98919E-05 0.756099
0.0266254 9.99008E-05 9.99008E-05 9.99008E-05 9.99008E-05 9.99008E-05 9.99008E-05 0.112357 9.99008E-05 0.0260908 9.99008E-05 0.225379 0.00398728 9.99008E-05 9.99008E-05 9.99008E-05 0.110514 0.493948
9.98918E-05 0.00575224 9.98918E-05 9.98918E-05 9.98918E-05 0.0261694 0.0017804 9.98918E-05 9.98918E-05 9.98918E-05 9.98918E-05 0.394521 9.98918E-05 9.98918E-05 0.162538 9.98918E-05 9.98918E-05 0.408041
9.98918E-05 0.0440573 0.000266872 9.98918E-05 0.0768933 9.98918E-05 9.98918E-05 0.302611 9.98918E-05 9.98918E-05 9.98918E-05 9.98918E-05 9.98918E-05 9.98918E-05 9.98918E-05 0.231815 9.98918E-05 0.343158
0.229867 9.98827E-05 0.134639 9.98827E-05 9.98827E-05 9.98827E-05 9.98827E-05 9.98827E-05 0.0784056 0.0892393 9.98827E-05 9.98827E-05 9.98827E-05 9.98827E-05 9.98827E-05 9.98827E-05 9.98827E-05 0.466551
0.00786889 9.98918E-05 0.0187549 9.98918E-05 0.00515184 9.98918E-05 9.98918E-05 9.98918E-05 9.98918E-05 9.98918E-05 0.50547 9.98918E-05 9.98918E-05 9.98918E-05 0.1254 9.98918E-05 9.98918E-05 0.336155
9.9883E-05 0.0377658 9.9883E-05 9.9883E-05 9.9883E-05 9.9883E-05 9.9883E-05 9.9883E-05 9.9883E-05 0.0057204 9.9883E-05 0.49924 9.9883E-05 0.0916805 9.9883E-05 9.9883E-05 9.9883E-05 0.364295
9.98739E-05 9.98739E-05 9.98739E-05 9.98739E-05 0.0257599 9.98739E-05 9.98739E-05 9.98739E-05 9.98739E-05 9.98739E-05 9.98739E-05 9.98739E-05 9.98739E-05 0.00333131 9.98739E-05 0.183882 9.98739E-05 0.785629
9.98918E-05 0.00243508 9.98918E-05 9.98918E-05 9.98918E-05 9.98918E-05 9.98918E-05 9.98918E-05 0.0495552 9.98918E-05 9.98918E-05 0.236353 9.98918E-05 9.98918E-05 0.227125 9.98918E-05 0.0137246 0.469609
0.101666 9.98647E-05 9.98647E-05 9.98647E-05 9.98647E-05 9.98647E-05 9.98647E-05 9.98647E-05 9.98647E-05 9.98647E-05 9.98647E-05 9.98647E-05 9.98647E-05 9.98647E-05 0.461709 9.98647E-05 9.98647E-05 0.435128
9.99008E-05 9.99008E-05 0.0326341 9.99008E-05 9.99008E-05 9.99008E-05 0.0972659 0.2933 0.262868 0.0271481 9.99008E-05 9.99008E-05 9.99008E-05 9.99008E-05 0.215262 9.99008E-05 0.0704233 9.99008E-05
9.98827E-05 9.98827E-05 0.00403576 0.172131 0.168638 9.98827E-05 0.607925 0.0459718 9.98827E-05 9.98827E-05 9.98827E-05 9.98827E-05 9.98827E-05 9.98827E-05 9.98827E-05 9.98827E-05 9.98827E-05 9.98827E-05
0.127594 9.99098E-05 9.99098E-05 9.99098E-05 9.99098E-05 0.0441763 0.0200038 0.233889 0.0044809 0.0145217 0.551663 9.99098E-05 9.99098E-05 9.99098E-05 0.00267218 9.99098E-05 9.99098E-05 9.99098E-05
9.98738E-05 9.98738E-05 9.98738E-05 9.98738E-05 9.98738E-05 9.98738E-05 0.0349837 0.415289 9.98738E-05 9.98738E-05 9.98738E-05 0.119707 9.98738E-05 9.98738E-05 9.98738E-05 0.428622 9.98738E-05 9.98738E-05
9.98827E-05 9.98827E-05 9.98827E-05 9.98827E-05 0.0182505 0.28276 0.662085 9.98827E-05 9.98827E-05 9.98827E-05 9.98827E-05 9.98827E-05 9.98827E-05 0.00136908 9.98827E-05 0.0342372 9.98827E-05 9.98827E-05
0.309701 9.99008E-05 0.191909 9.99008E-05 9.99008E-05 9.99008E-05 0.0306116 0.106109 9.99008E-05 9.99008E-05 0.0719903 0.0236151 9.99008E-05 9.99008E-05 9.99008E-05 9.99008E-05 0.264966 9.99008E-05
9.98738E-05 9.98738E-05 0.00297905 9.98738E-05 9.98738E-05 9.98738E-05 0.779629 9.98738E-05 9.98738E-05 9.98738E-05 9.98738E-05 9.98738E-05 9.98738E-05 9.98738E-05 0.0452279 9.98738E-05 0.170766 9.98738E-05
0.0999202 9.99008E-05 9.99008E-05 9.99008E-05 0.0729344 9.99008E-05 0.0438681 0.493618 9.99008E-05 0.0933032 9.99008E-05 0.192261 9.99008E-05 0.00299582 9.99008E-05 9.99008E-05 9.99008E-05 9.99008E-05
0.258234 9.98829E-05 9.98829E-05 0.0427327 9.98829E-05 9.98829E-05 0.622664 9.98829E-05 9.98829E-05 9.98829E-05 0.023818 9.98829E-05 9.98829E-05 9.98829E-05 0.0512524 9.98829E-05 9.98829E-05 9.98829E-05
0.0271255 9.98739E-05 9.98739E-05 9.98739E-05 0.295482 9.98739E-05 0.304301 9.98739E-05 9.98739E-05 9.98739E-05 9.98739E-05 9.98739E-05 9.98739E-05 9.98739E-05 9.98739E-05 0.371694 9.98739E-05 9.98739E-05
0.310267 9.99098E-05 9.99098E-05 9.99098E-05 9.99098E-05 9.99098E-05 0.126269 0.0645796 0.155655 0.0642798 9.99098E-05 0.0630835 9.99098E-05 9.99098E-05 0.020495 9.99098E-05 0.194373 9.99098E-05
9.98739E-05 9.98739E-05 0.0112949 9.98739E-05 9.98739E-05 9.98739E-05 0.578579 9.98739E-05 9.98739E-05 9.98739E-05 0.35481 9.98739E-05 9.98739E-05 9.98739E-05 0.053917 9.98739E-05 9.98739E-05 9.98739E-05
9.98737E-05 9.98737E-05 9.98737E-05 9.98737E-05 0.136266 0.252947 0.591987 9.98737E-05 9.98737E-05 9.98737E-05 9.98737E-05 9.98737E-05 9.98737E-05 9.98737E-05 9.98737E-05 0.0174024 9.98737E-05 9.98737E-05
0.112356 9.99009E-05 0.28638 9.99009E-05 9.99009E-05 9.99009E-05 9.99009E-05 0.206321 0.184752 9.99009E-05 0.0209245 9.99009E-05 9.99009E-05 9.99009E-05 0.0124662 9.99009E-05 0.175702 9.99009E-05
0.269776 9.98828E-05 0.192215 9.98828E-05 9.98828E-05 9.98828E-05 0.47121 9.98828E-05 9.98828E-05 0.0425594 0.0229402 9.98828E-05 9.98828E-05 9.98828E-05 9.98828E-05 9.98828E-05 9.98828E-05 9.98828E-05
0.525428 9.99008E-05 0.143996 9.99008E-05 0.0324105 9.99008E-05 9.99008E-05 0.163139 9.99008E-05 9.99008E-05 0.0529517 9.99008E-05 9.99008E-05 9.99008E-05 9.99008E-05 0.0389062 0.0420699 9.99008E-05
9.98648E-05 9.98648E-05 9.98648E-05 9.98648E-05 9.98648E-05 0.201101 0.535423 9.98648E-05 9.98648E-05 9.98648E-05 9.98648E-05 9.98648E-05 9.98648E-05 9.98648E-05 9.98648E-05 0.261978 9.98648E-05 9.98648E-05
0.642937 9.98827E-05 9.98827E-05 9.98827E-05 9.98827E-05 9.98827E-05 0.224676 9.98827E-05 0.0604273 0.00303733 0.0676236 9.98827E-05 9.98827E-05 9.98827E-05 9.98827E-05 9.98827E-05 9.98827E-05 9.98827E-05
0.0845121 9.99098E-05 0.011404 9.99098E-05 9.99098E-05 9.99098E-05 9.99098E-05 0.206779 0.315368 0.00874531 9.99098E-05 0.0675687 9.99098E-05 9.99098E-05 0.0548862 9.99098E-05 0.249738 9.99098E-05
9.98918E-05 9.98918E-05 9.98918E-05 9.98918E-05 9.98918E-05 9.98918E-05 0.161438 0.605432 9.98918E-05 9.98918E-05 9.98918E-05 0.0751378 0.055313 9.98918E-05 9.98918E-05 0.0992413 0.00223937 9.98918E-05
9.99012E-05 0.0365762 9.99012E-05 9.99012E-05 9.99012E-05 9.99012E-05 9.99012E-05 0.297709 0.00646431 9.99012E-05 0.248532 9.99012E-05 9.99012E-05 9.99012E-05 0.318823 0.088139 9.99012E-05 0.00265795
0.252804 0.0209492 0.0176055 9.99099E-05 9.99099E-05 9.99099E-05 0.104739 0.177421 9.99099E-05 9.99099E-05 0.203974 9.99099E-05 9.99099E-05 9.99099E-05 0.10015 0.121359 9.99099E-05 9.99099E-05
9.98737E-05 9.98737E-05 9.98737E-05 9.98737E-05 0.00753763 0.0121129 0.549809 9.98737E-05 9.98737E-05 9.98737E-05 9.98737E-05 9.98737E-05 9.98737E-05 9.98737E-05 9.98737E-05 0.429142 9.98737E-05 9.98737E-05
0.40572 0.0364331 9.99278E-05 0.246154 0.0378997 0.00614468 9.99278E-05 0.190816 9.99278E-05 9.99278E-05 9.99278E-05 9.99278E-05 0.00066449 0.0349434 9.99278E-05 9.99278E-05 0.0400174 0.000407743
9.98826E-05 9.98826E-05 9.98826E-05 9.98826E-05 9.98826E-05 9.98826E-05 0.612169 0.205465 0.0135446 9.98826E-05 9.98826E-05 0.118609 0.0489132 9.98826E-05 9.98826E-05 9.98826E-05 9.98826E-05 9.98826E-05
9.99099E-05 0.000760364 0.0274643 9.99099E-05 9.99099E-05 9.99099E-05 0.0807094 9.99099E-05 9.99099E-05 9.99099E-05 9.99099E-05 0.290654 0.0268694 0.0384762 9.99099E-05 0.355464 9.99099E-05 0.178604
0.60618 0.0106435 9.99098E-05 0.113287 9.99098E-05 9.99098E-05 9.99098E-05 9.99098E-05 0.0503556 0.0238487 9.99098E-05 9.99098E-05 0.03701 9.99098E-05 9.99098E-05 0.0386059 9.99098E-05 0.119069
9.98646E-05 9.98646E-05 9.98646E-05 0.297045 9.98646E-05 9.98646E-05 9.98646E-05 9.98646E-05 9.98646E-05 9.98646E-05 9.98646E-05 0.225709 9.98646E-05 9.98646E-05 0.475748 9.98646E-05 9.98646E-05 9.98646E-05
9.9883E-05 0.048497 0.0474082 9.9883E-05 0.112382 0.57795 9.9883E-05 9.9883E-05 9.9883E-05 9.9883E-05 9.9883E-05 9.9883E-05 9.9883E-05 9.9883E-05 9.9883E-05 0.212465 9.9883E-05 9.9883E-05
9.99098E-05 9.99098E-05 0.00897297 0.135319 0.149782 9.99098E-05 0.0953133 9.99098E-05 9.99098E-05 9.99098E-05 9.99098E-05 0.435564 0.0627506 9.99098E-05 9.99098E-05 0.0681354 9.99098E-05 0.043163
9.99459E-05 0.00788658 9.99459E-05 0.167863 0.0209794 0.0131176 9.99459E-05 0.115918 0.00939285 0.00217525 9.99459E-05 0.0122261 9.99459E-05 0.0286619 9.99459E-05 0.452708 0.016977 0.151496
9.99098E-05 0.00620041 0.00680931 9.99098E-05 9.99098E-05 9.99098E-05 0.134579 9.99098E-05 9.99098E-05 0.00401874 9.99098E-05 0.0963649 9.99098E-05 9.99098E-05 0.179378 0.151697 0.419953 9.99098E-05
0.0433397 9.98739E-05 9.98739E-05 9.98739E-05 0.00879197 9.98739E-05 9.98739E-05 9.98739E-05 9.98739E-05 9.98739E-05 9.98739E-05 9.98739E-05 9.98739E-05 9.98739E-05 9.98739E-05 0.899492 9.98739E-05 0.0469779
0.574721 9.98917E-05 0.0814801 9.98917E-05 9.98917E-05 9.98917E-05 9.98917E-05 0.0695287 9.98917E-05 9.98917E-05 0.133393 0.0503126 9.98917E-05 9.98917E-05 9.98917E-05 9.98917E-05 0.0893655 9.98917E-05
0.0278648 9.98738E-05 9.98738E-05 9.98738E-05 9.98738E-05 9.98738E-05 9.98738E-05 9.98738E-05 0.0309479 9.98738E-05 9.98738E-05 0.121253 9.98738E-05 9.98738E-05 9.98738E-05 0.818536 9.98738E-05 9.98738E-05
9.98828E-05 9.98828E-05 9.98828E-05 0.2939 9.98828E-05 0.13888 0.083202 9.98828E-05 9.98828E-05 9.98828E-05 0.305234 9.98828E-05 9.98828E-05 9.98828E-05 0.177485 9.98828E-05 9.98828E-05 9.98828E-05
0.220282 9.99278E-05 0.107702 0.0717352 0.0370478 9.99278E-05 0.0112211 9.99278E-05 9.99278E-05 9.99278E-05 0.262722 0.0714246 9.99278E-05 9.99278E-05 0.199752 0.00603422 9.99278E-05 0.0112788
0.0486107 9.9928E-05 9.9928E-05 0.0818651 9.9928E-05 9.9928E-05 0.0258439 9.9928E-05 0.0644997 0.0399883 9.9928E-05 0.607497 9.9928E-05 0.0434933 0.0479914 0.0285982 9.9928E-05 0.0108126
0.0936875 9.99024E-05 9.99024E-05 0.00136218 0.0813019 9.99024E-05 9.99024E-05 0.343595 9.99024E-05 0.0498816 9.99024E-05 0.379433 9.99024E-05 9.99024E-05 9.99024E-05 9.99024E-05 9.99024E-05 0.0496403
9.9865E-05 9.9865E-05 0.0957745 0.0526903 9.9865E-05 9.9865E-05 9.9865E-05 9.9865E-05 9.9865E-05 9.9865E-05 9.9865E-05 0.850037 9.9865E-05 9.9865E-05 9.9865E-05 9.9865E-05 9.9865E-05 9.9865E-05
0.269145 9.99008E-05 9.99008E-05 9.99008E-05 9.99008E-05 9.99008E-05 9.99008E-05 0.0481454 9.99008E-05 9.99008E-05 0.160414 0.0846294 9.99008E-05 9.99008E-05 0.203309 0.158403 9.99008E-05 0.0748563
9.98829E-05 9.98829E-05 0.03851 9.98829E-05 0.110026 0.506413 9.98829E-05 9.98829E-05 9.98829E-05 9.98829E-05 9.98829E-05 0.132696 9.98829E-05 9.98829E-05 9.98829E-05 0.211056 9.98829E-05 9.98829E-05
9.98738E-05 9.98738E-05 9.98738E-05 0.191212 9.98738E-05 0.471577 0.130246 9.98738E-05 9.98738E-05 9.98738E-05 9.98738E-05 9.98738E-05 9.98738E-05 9.98738E-05 9.98738E-05 0.205567 9.98738E-05 9.98738E-05
9.98918E-05 9.98918E-05 9.98918E-05 0.341502 0.28646 9.98918E-05 9.98918E-05 0.138982 9.98918E-05 9.98918E-05 9.98918E-05 0.0372349 9.98918E-05 0.0272159 9.98918E-05 0.167406 9.98918E-05 9.98918E-05
9.98919E-05 9.98919E-05 9.98919E-05 0.189436 9.98919E-05 0.143184 9.98919E-05 9.98919E-05 9.98919E-05 9.98919E-05 9.98919E-05 0.00332888 9.98919E-05 0.0489101 0.00558963 0.608353 9.98919E-05 9.98919E-05
9.98738E-05 9.98738E-05 0.0408327 9.98738E-05 9.98738E-05 0.830301 9.98738E-05 0.0841096 9.98738E-05 9.98738E-05 9.98738E-05 9.98738E-05 9.98738E-05 9.98738E-05 9.98738E-05 9.98738E-05 0.0433585 9.98738E-05
9.99008E-05 9.99008E-05 9.99008E-05 0.336325 0.383777 9.99008E-05 0.0614541 9.99008E-05 0.00619445 9.99008E-05 9.99008E-05 0.0701445 9.99008E-05 0.11708 9.99008E-05 9.99008E-05 9.99008E-05 0.023927
0.0277337 9.99008E-05 9.99008E-05 9.99008E-05 0.0198665 9.99008E-05 0.0573324 0.352698 9.99008E-05 9.99008E-05 9.99008E-05 9.99008E-05 0.0160898 9.99008E-05 9.99008E-05 0.492364 0.0328172 9.99008E-05
9.9892E-05 0.00949844 0.328052 9.9892E-05 9.9892E-05 9.9892E-05 9.9892E-05 9.9892E-05 0.576664 9.9892E-05 0.0120581 9.9892E-05 0.0310933 9.9892E-05 9.9892E-05 0.0414359 9.9892E-05 9.9892E-05
0.0142655 0.0211536 0.846901 0.000740537 0.025383 9.99098E-05 9.99098E-05 0.068246 9.99098E-05 9.99098E-05 0.00390082 9.99098E-05 9.99098E-05 9.99098E-05 9.99098E-05 9.99098E-05 9.99098E-05 0.0184101
9.99188E-05 9.99188E-05 0.0386061 0.0434653 0.289159 9.99188E-05 9.99188E-05 0.389998 0.0664146 9.99188E-05 9.99188E-05 0.0609249 0.0883026 9.99188E-05 9.99188E-05 0.0145639 0.00766668 9.99188E-05
0.124967 9.98737E-05 0.597078 9.98737E-05 9.98737E-05 9.98737E-05 9.98737E-05 0.114406 9.98737E-05 9.98737E-05 9.98737E-05 9.98737E-05 9.98737E-05 9.98737E-05 9.98737E-05 9.98737E-05 0.162151 9.98737E-05
9.98739E-05 9.98739E-05 0.918417 9.98739E-05 0.0109051 9.98739E-05 9.98739E-05 9.98739E-05 0.0640863 9.98739E-05 9.98739E-05 9.98739E-05 9.98739E-05 9.98739E-05 9.98739E-05 9.98739E-05 9.98739E-05 0.00519331
9.98918E-05 0.0399583 0.437818 9.98918E-05 0.0618269 9.98918E-05 9.98918E-05 9.98918E-05 9.98918E-05 9.98918E-05 0.399572 0.0479771 9.98918E-05 9.98918E-05 0.0116487 9.98918E-05 9.98918E-05 9.98918E-05
0.0463897 9.98829E-05 0.739603 9.98829E-05 9.98829E-05 9.98829E-05 9.98829E-05 0.0447436 9.98829E-05 9.98829E-05 0.121771 9.98829E-05 9.98829E-05 9.98829E-05 9.98829E-05 9.98829E-05 9.98829E-05 0.0461941
9.98919E-05 9.98919E-05 0.196295 0.0090943 0.432597 9.98919E-05 9.98919E-05 0.157473 9.98919E-05 9.98919E-05 9.98919E-05 9.98919E-05 0.031907 9.98919E-05 9.98919E-05 0.171435 9.98919E-05 9.98919E-05
9.9874E-05 9.9874E-05 9.9874E-05 9.9874E-05 0.372867 0.160462 0.224619 9.9874E-05 9.9874E-05 9.9874E-05 9.9874E-05 9.9874E-05 9.9874E-05 9.9874E-05 9.9874E-05 0.240653 9.9874E-05 9.9874E-05
0.0674852 9.99098E-05 9.99098E-05 9.99098E-05 0.0126354 9.99098E-05 9.99098E-05 0.327487 0.411228 0.0118881 9.99098E-05 0.0653416 0.0779655 9.99098E-05 9.99098E-05 9.99098E-05 9.99098E-05 0.0249696
9.98739E-05 9.98739E-05 0.115717 9.98739E-05 0.805448 9.98739E-05 9.98739E-05 9.98739E-05 9.98739E-05 9.98739E-05 9.98739E-05 9.98739E-05 0.00158169 9.98739E-05 9.98739E-05 9.98739E-05 9.98739E-05 0.0758554
9.991E-05 9.991E-05 0.0211083 0.0860272 0.258411 9.991E-05 9.991E-05 0.345038 9.991E-05 9.991E-05 9.991E-05 9.991E-05 0.203935 0.000204583 9.991E-05 0.0389503 9.991E-05 0.0453264
9.99098E-05 9.99098E-05 0.189544 9.99098E-05 0.0148286 9.99098E-05 9.99098E-05 0.544705 0.035623 9.99098E-05 9.99098E-05 9.99098E-05 0.0653001 9.99098E-05 9.99098E-05 0.0553525 0.0180122 0.0756353
9.98919E-05 9.98919E-05 9.98919E-05 0.127465 0.388371 9.98919E-05 0.00406117 0.20316 9.98919E-05 9.98919E-05 9.98919E-05 9.98919E-05 9.98919E-05 9.98919E-05 9.98919E-05 0.252975 9.98919E-05 0.0227691
9.99009E-05 9.99009E-05 9.99009E-05 9.99009E-05 0.317015 0.00976274 9.99009E-05 0.156772 0.27716 9.99009E-05 9.99009E-05 9.99009E-05 9.99009E-05 0.0155199 9.99009E-05 0.12192 9.99009E-05 0.100752
0.304565 0.0797746 0.00719042 0.383496 9.99098E-05 9.99098E-05 9.99098E-05 0.111454 0.0850045 9.99098E-05 9.99098E-05 9.99098E-05 0.00414668 0.0233692 9.99098E-05 9.99098E-05 9.99098E-05 9.99098E-05
9.99098E-05 0.0112999 9.99098E-05 0.0807729 0.277788 9.99098E-05 9.99098E-05 0.420206 9.99098E-05 0.0568814 9.99098E-05 9.99098E-05 9.99098E-05 0.00484756 9.99098E-05 0.0166492 0.130556 9.99098E-05
9.98828E-05 9.98828E-05 9.98828E-05 9.98828E-05 0.33493 9.98828E-05 9.98828E-05 0.280206 0.252399 9.98828E-05 9.98828E-05 0.037442 9.98828E-05 9.98828E-05 9.98828E-05 9.98828E-05 9.98828E-05 0.0937248
0.130576 9.98828E-05 0.104339 9.98828E-05 9.98828E-05 9.98828E-05 9.98828E-05 0.130114 0.224509 9.98828E-05 9.98828E-05 9.98828E-05 9.98828E-05 9.98828E-05 9.98828E-05 9.98828E-05 0.409164 9.98828E-05
0.015386 9.9946E-05 0.0154023 0.0182158 9.9946E-05 0.045983 9.9946E-05 0.510505 0.290067 0.0149151 0.0159816 0.00462582 0.0143027 9.9946E-05 0.0129694 9.9946E-05 0.0410467 9.9946E-05
9.9901E-05 9.9901E-05 9.9901E-05 9.9901E-05 0.673705 0.0619204 9.9901E-05 0.09031 9.9901E-05 0.0270587 0.0140227 9.9901E-05 9.9901E-05 9.9901E-05 9.9901E-05 0.0781706 0.0537135 9.9901E-05
0.0638746 9.98918E-05 9.98918E-05 9.98918E-05 0.239333 9.98918E-05 9.98918E-05 0.51282 9.98918E-05 9.98918E-05 9.98918E-05 9.98918E-05 9.98918E-05 0.0206179 9.98918E-05 0.0597737 9.98918E-05 0.102382
9.98829E-05 9.98829E-05 9.98829E-05 0.118351 0.455043 0.0589087 0.0380313 9.98829E-05 9.98829E-05 9.98829E-05 9.98829E-05 9.98829E-05 9.98829E-05 9.98829E-05 9.98829E-05 0.328367 9.98829E-05 9.98829E-05
0.200995 9.98738E-05 0.343745 9.98738E-05 9.98738E-05 9.98738E-05 9.98738E-05 0.223922 0.229939 9.98738E-05 9.98738E-05 9.98738E-05 9.98738E-05 9.98738E-05 9.98738E-05 9.98738E-05 9.98738E-05 9.98738E-05
9.9901E-05 0.0193301 9.9901E-05 0.0699662 9.9901E-05 9.9901E-05 9.9901E-05 0.696982 0.127722 0.0285687 9.9901E-05 9.9901E-05 0.0350362 9.9901E-05 9.9901E-05 9.9901E-05 0.0212962 9.9901E-05
9.99098E-05 9.99098E-05 9.99098E-05 0.0347996 0.517949 9.99098E-05 0.0844485 0.0333595 0.0342221 9.99098E-05 9.99098E-05 9.99098E-05 9.99098E-05 0.0130197 9.99098E-05 0.260871 9.99098E-05 0.0203319
0.0827052 9.99009E-05 0.277621 0.328508 9.99009E-05 9.99009E-05 9.99009E-05 9.99009E-05 0.165953 0.0466155 0.0728873 9.99009E-05 9.99009E-05 9.99009E-05 9.99009E-05 9.99009E-05 9.99009E-05 0.024611
9.98828E-05 9.98828E-05 0.000640114 0.591561 9.98828E-05 9.98828E-05 0.00527243 9.98828E-05 0.00817049 9.98828E-05 9.98828E-05 9.98828E-05 9.98828E-05 9.98828E-05 9.98828E-05 9.98828E-05 0.393058 9.98828E-05
9.99189E-05 0.0220125 9.99189E-05 0.0158776 0.0543893 9.99189E-05 9.99189E-05 0.051958 9.99189E-05 9.99189E-05 9.99189E-05 0.0411036 0.101687 0.0758726 9.99189E-05 0.543938 9.99189E-05 0.0922627
9.98918E-05 0.0137036 9.98918E-05 0.557838 9.98918E-05 9.98918E-05 0.0926977 9.98918E-05 9.98918E-05 9.98918E-05 9.98918E-05 0.117094 9.98918E-05 9.98918E-05 9.98918E-05 0.180954 9.98918E-05 0.0365144
9.99009E-05 0.0359545 0.334988 0.208151 0.0106648 9.99009E-05 0.0444636 9.99009E-05 9.99009E-05 9.99009E-05 9.99009E-05 9.99009E-05 0.0378528 9.99009E-05 9.99009E-05 9.99009E-05 0.326826 9.99009E-05
0.101409 9.98918E-05 0.398194 0.31509 9.98918E-05 9.98918E-05 0.103234 9.98918E-05 9.98918E-05 9.98918E-05 0.0662133 9.98918E-05 0.0146612 9.98918E-05 9.98918E-05 9.98918E-05 9.98918E-05 9.98918E-05
0.234782 9.99189E-05 0.270269 0.171097 9.99189E-05 9.99189E-05 0.073305 9.99189E-05 0.0850557 0.0230089 0.047429 9.99189E-05 0.0940359 9.99189E-05 9.99189E-05 9.99189E-05 0.000118034 9.99189E-05
9.98739E-05 9.98739E-05 9.98739E-05 0.236005 9.98739E-05 0.416467 0.0486319 9.98739E-05 9.98739E-05 9.98739E-05 9.98739E-05 9.98739E-05 9.98739E-05 9.98739E-05 9.98739E-05 0.297499 9.98739E-05 9.98739E-05
