9.9964E-05 9.9964E-05 0.113819 9.9964E-05 0.437276 0.131353 0.278729 0.0384229 9.9964E-05
9.9973E-05 0.0113634 0.00034867 9.9973E-05 0.399078 0.0695295 0.331681 9.9973E-05 0.1877
0.0388034 0.0270278 0.0344316 0.0656339 9.9973E-05 9.9973E-05 0.802594 0.0312096 9.9973E-05
0.228496 9.999E-05 0.0269427 0.00877514 0.341304 0.050455 0.0115191 0.124354 0.208054
0.162638 0.0307043 9.9973E-05 9.9973E-05 0.422346 0.203449 9.9973E-05 0.0778733 0.10269
9.996E-05 0.0638349 9.996E-05 9.996E-05 0.0772778 0.0931235 0.369309 0.396055 9.996E-05
0.0224508 9.99549E-05 9.99549E-05 0.140409 9.99549E-05 9.99549E-05 0.801617 9.99549E-05 0.035024
9.995E-05 0.0737624 9.995E-05 9.995E-05 0.155215 9.995E-05 0.533364 0.237159 9.995E-05
0.131794 0.0212482 0.00921847 9.9982E-05 0.343897 9.9982E-05 0.207074 0.153018 0.133551
9.995E-05 9.995E-05 0.0565063 0.408741 9.995E-05 9.995E-05 0.18415 0.350104 9.995E-05
0.0172034 9.9973E-05 9.9973E-05 9.9973E-05 0.233107 0.0591939 0.0834491 0.115945 0.490802
0.135087 9.99549E-05 9.99549E-05 9.99549E-05 0.469972 9.99549E-05 9.99549E-05 0.248572 0.145868
0.282795 0.0692109 0.00722955 0.0308627 9.9991E-05 0.236226 0.231241 0.0147178 0.127617
9.9946E-05 9.9946E-05 0.00197751 9.9946E-05 9.9946E-05 9.9946E-05 0.728326 0.269096 9.9946E-05
9.99459E-05 9.99459E-05 9.99459E-05 9.99459E-05 0.471417 9.99459E-05 9.99459E-05 0.0525392 0.475444
9.9982E-05 0.0419231 0.0295573 0.403787 9.9982E-05 0.000166974 0.454382 0.0437913 0.026192
0.0512523 9.9964E-05 9.9964E-05 0.0584475 9.9964E-05 9.9964E-05 0.800198 0.0274778 0.0622251
9.99549E-05 9.99549E-05 9.99549E-05 9.99549E-05 0.0355697 0.0367087 0.848503 9.99549E-05 0.0787186
0.278701 9.9964E-05 9.9964E-05 9.9964E-05 0.348653 0.015244 0.285762 0.0712408 9.9964E-05
9.9937E-05 9.9937E-05 0.823407 9.9937E-05 9.9937E-05 9.9937E-05 9.9937E-05 9.9937E-05 0.175893
0.166369 9.9937E-05 0.832932 9.9937E-05 9.9937E-05 9.9937E-05 9.9937E-05 9.9937E-05 9.9937E-05
9.99459E-05 9.99459E-05 0.899533 9.99459E-05 9.99459E-05 0.067034 9.99459E-05 0.0328337 9.99459E-05
0.353975 9.99369E-05 0.645325 9.99369E-05 9.99369E-05 9.99369E-05 9.99369E-05 9.99369E-05 9.99369E-05
0.112229 9.99549E-05 0.741521 9.99549E-05 0.0606127 9.99549E-05 9.99549E-05 9.99549E-05 0.0851378
9.996E-05 0.184994 0.488132 0.0326514 9.996E-05 9.996E-05 0.281098 0.0127245 9.996E-05
9.99639E-05 0.126952 0.437502 9.99639E-05 0.303844 9.99639E-05 9.99639E-05 0.0542534 0.0770489
9.99459E-05 0.1943 0.223341 0.581759 9.99459E-05 9.99459E-05 9.99459E-05 9.99459E-05 9.99459E-05
0.0629358 0.10731 0.386374 9.9982E-05 0.191957 0.108407 9.9982E-05 0.000693456 0.142123
9.99549E-05 9.99549E-05 0.863263 0.0278798 9.99549E-05 0.091323 9.99549E-05 0.0170346 9.99549E-05
0.156473 9.99369E-05 0.842827 9.99369E-05 9.99369E-05 9.99369E-05 9.99369E-05 9.99369E-05 9.99369E-05
0.143879 9.99551E-05 0.592571 0.212959 9.99551E-05 9.99551E-05 0.0500913 9.99551E-05 9.99551E-05
9.99729E-05 0.438036 0.251311 0.0638356 9.99729E-05 0.120705 0.0675072 0.0583053 9.99729E-05
9.994E-05 9.994E-05 0.606005 0.384768 9.994E-05 9.994E-05 0.00862799 9.994E-05 9.994E-05
9.99369E-05 9.99369E-05 0.717489 9.99369E-05 9.99369E-05 9.99369E-05 0.281812 9.99369E-05 9.99369E-05
0.154582 9.99459E-05 0.843525 9.99459E-05 9.99459E-05 9.99459E-05 9.99459E-05 0.00129402 9.99459E-05
0.037498 9.99549E-05 0.748407 9.99549E-05 0.0249662 9.99549E-05 9.99549E-05 9.99549E-05 0.188629
9.99369E-05 9.99369E-05 0.692585 9.99369E-05 9.99369E-05 9.99369E-05 9.99369E-05 9.99369E-05 0.306716
0.304936 9.99459E-05 0.670299 9.99459E-05 0.0241652 9.99459E-05 9.99459E-05 9.99459E-05 9.99459E-05
0.0218963 0.841038 9.99729E-05 9.99729E-05 0.0704491 0.0428602 0.00123634 9.99729E-05 0.0222198
9.9946E-05 0.642874 9.9946E-05 0.26565 9.9946E-05 0.0908759 9.9946E-05 9.9946E-05 9.9946E-05
9.9946E-05 0.40101 0.0885728 0.509818 9.9946E-05 9.9946E-05 9.9946E-05 9.9946E-05 9.9946E-05
0.346439 0.516457 0.0201575 0.0888041 9.9964E-05 0.0277425 9.9964E-05 9.9964E-05 9.9964E-05
9.997E-05 0.557517 0.286866 0.0209055 9.997E-05 0.0402647 0.0615244 0.0326229 9.997E-05
9.9964E-05 0.576188 0.0903181 0.173387 9.9964E-05 9.9964E-05 0.142506 0.0172004 9.9964E-05
0.0966278 0.260137 0.140751 9.9955E-05 0.501984 9.9955E-05 9.9955E-05 9.9955E-05 9.9955E-05
9.99459E-05 0.564983 9.99459E-05 9.99459E-05 0.35214 9.99459E-05 9.99459E-05 9.99459E-05 0.0822768
9.995E-05 0.385715 0.171842 0.29714 9.995E-05 9.995E-05 0.144803 9.995E-05 9.995E-05
9.995E-05 0.795912 9.995E-05 9.995E-05 9.995E-05 0.0521566 9.995E-05 0.0599164 0.0915156
9.9946E-05 0.319975 9.9946E-05 0.668196 9.9946E-05 0.0112299 9.9946E-05 9.9946E-05 9.9946E-05
0.0517906 0.711178 9.9955E-05 9.9955E-05 0.182982 9.9955E-05 9.9955E-05 9.9955E-05 0.0535489
9.9946E-05 0.688341 9.9946E-05 0.24523 9.9946E-05 0.06583 9.9946E-05 9.9946E-05 9.9946E-05
0.281781 0.522734 0.0645496 9.9973E-05 9.9973E-05 0.0947036 9.9973E-05 0.0142097 0.0217229
9.99639E-05 0.413011 0.135104 9.99639E-05 0.146082 9.99639E-05 9.99639E-05 0.0189862 0.286418
9.9964E-05 0.519191 0.00134313 9.9964E-05 0.182752 9.9964E-05 9.9964E-05 0.00798719 0.288326
0.366113 0.348569 0.0763263 0.013958 0.194634 9.9964E-05 9.9964E-05 9.9964E-05 9.9964E-05
0.411451 0.0217252 0.462688 9.9955E-05 0.103637 9.9955E-05 9.9955E-05 9.9955E-05 9.9955E-05
9.996E-05 0.766127 9.996E-05 0.116758 9.996E-05 0.0650074 0.0494836 0.00222496 9.996E-05
0.0904695 0.618989 0.065299 0.096425 9.9973E-05 0.0366023 9.9973E-05 9.9973E-05 0.0919157
9.99459E-05 0.677301 9.99459E-05 0.256833 9.99459E-05 0.0652668 9.99459E-05 9.99459E-05 9.99459E-05
0.0692891 0.729184 9.99549E-05 9.99549E-05 0.0923676 9.99549E-05 9.99549E-05 9.99549E-05 0.10866
9.99639E-05 0.694632 0.0481731 9.99639E-05 0.118253 9.99639E-05 9.99639E-05 0.0111421 0.1274
9.99459E-05 0.665581 9.99459E-05 9.99459E-05 0.24056 9.99459E-05 9.99459E-05 9.99459E-05 0.0932587
9.996E-05 0.519311 0.0675079 0.12006 9.996E-05 0.129835 0.162886 9.996E-05 9.996E-05
0.458755 0.513713 0.0269322 9.99459E-05 9.99459E-05 9.99459E-05 9.99459E-05 9.99459E-05 9.99459E-05
9.99459E-05 0.464371 9.99459E-05 0.179435 9.99459E-05 9.99459E-05 0.355594 9.99459E-05 9.99459E-05
9.99639E-05 0.345543 0.173951 9.99639E-05 0.180465 9.99639E-05 9.99639E-05 0.0770738 0.222568
0.118912 0.610655 9.9946E-05 9.9946E-05 0.269833 9.9946E-05 9.9946E-05 9.9946E-05 9.9946E-05
0.0119194 0.564821 9.9955E-05 9.9955E-05 0.17158 9.9955E-05 9.9955E-05 9.9955E-05 0.25118
9.996E-05 0.402808 0.218967 9.996E-05 0.218213 9.996E-05 0.125163 0.0344501 9.996E-05
9.99639E-05 0.333019 0.374271 9.99639E-05 9.99639E-05 0.0745857 0.069279 0.148445 9.99639E-05
9.99549E-05 0.264658 0.269466 0.408165 9.99549E-05 0.0572108 9.99549E-05 9.99549E-05 9.99549E-05
9.99459E-05 0.521807 9.99459E-05 0.372229 9.99459E-05 9.99459E-05 0.105365 9.99459E-05 9.99459E-05
0.183091 9.9946E-05 0.66792 9.9946E-05 0.148389 9.9946E-05 9.9946E-05 9.9946E-05 9.9946E-05
9.99458E-05 0.646352 9.99458E-05 0.221468 9.99458E-05 9.99458E-05 0.131581 9.99458E-05 9.99458E-05
9.99639E-05 0.620156 0.0499208 9.99639E-05 0.205279 9.99639E-05 9.99639E-05 0.0184974 0.105747
0.0872513 0.24968 0.271614 9.9973E-05 0.269472 9.9973E-05 9.9973E-05 0.0379503 0.0837323
9.99458E-05 9.99458E-05 0.738549 0.185595 9.99458E-05 9.99458E-05 0.0752565 9.99458E-05 9.99458E-05
9.9946E-05 0.229545 0.206888 0.562967 9.9946E-05 9.9946E-05 9.9946E-05 9.9946E-05 9.9946E-05
9.995E-05 0.00914502 0.74818 0.0794163 9.995E-05 9.995E-05 0.162759 9.995E-05 9.995E-05
9.99549E-05 0.290635 0.412835 9.99549E-05 9.99549E-05 0.182271 9.99549E-05 0.113759 9.99549E-05
9.9955E-05 0.242904 0.173058 0.503958 9.9955E-05 0.0795806 9.9955E-05 9.9955E-05 9.9955E-05
0.342289 0.463176 0.193935 9.99459E-05 9.99459E-05 9.99459E-05 9.99459E-05 9.99459E-05 9.99459E-05
0.214617 0.742834 9.996E-05 0.0278593 9.996E-05 0.0132833 9.996E-05 9.996E-05 0.00100622
0.285179 0.488501 0.111183 0.0567406 9.996E-05 9.996E-05 9.996E-05 9.996E-05 0.0579966
9.99459E-05 0.641191 9.99459E-05 0.30653 9.99459E-05 9.99459E-05 0.051679 9.99459E-05 9.99459E-05
0.000391976 0.610743 0.0989039 9.9964E-05 9.9964E-05 0.119929 9.9964E-05 9.9964E-05 0.169632
0.175303 0.58995 9.99459E-05 9.99459E-05 0.234147 9.99459E-05 9.99459E-05 9.99459E-05 9.99459E-05
9.995E-05 0.181369 0.39994 9.995E-05 9.995E-05 9.995E-05 0.375875 0.0423174 9.995E-05
9.995E-05 0.499822 0.0155044 0.175661 9.995E-05 9.995E-05 0.308513 9.995E-05 9.995E-05
9.995E-05 0.173101 0.420689 9.995E-05 0.383265 9.995E-05 0.0224453 9.995E-05 9.995E-05
9.99369E-05 0.587839 9.99369E-05 9.99369E-05 9.99369E-05 9.99369E-05 0.411461 9.99369E-05 9.99369E-05
9.9946E-05 0.482109 0.0787234 9.9946E-05 9.9946E-05 9.9946E-05 0.438568 9.9946E-05 9.9946E-05
9.9946E-05 0.289049 0.164952 9.9946E-05 0.545399 9.9946E-05 9.9946E-05 9.9946E-05 9.9946E-05
9.99459E-05 0.636642 9.99459E-05 9.99459E-05 0.0531956 9.99459E-05 0.309562 9.99459E-05 9.99459E-05
9.996E-05 0.438586 0.166329 9.996E-05 0.0791372 9.996E-05 0.268798 0.0467496 9.996E-05
9.99459E-05 0.0191274 9.99459E-05 0.386031 9.99459E-05 0.594242 9.99459E-05 9.99459E-05 9.99459E-05
0.00960316 0.0726019 0.0337236 0.21353 9.9973E-05 0.638535 0.0317057 9.9973E-05 9.9973E-05
0.187938 0.0088693 9.9955E-05 0.0213503 9.9955E-05 0.781343 9.9955E-05 9.9955E-05 9.9955E-05
9.9946E-05 9.9946E-05 9.9946E-05 9.9946E-05 0.470319 0.473928 0.0551536 9.9946E-05 9.9946E-05
9.99549E-05 9.99549E-05 9.99549E-05 0.375879 9.99549E-05 0.590133 9.99549E-05 0.0159153 0.0175731
0.0417844 9.998E-05 0.00927793 9.998E-05 0.257587 0.226881 0.328851 0.0630706 0.0723487
9.99459E-05 9.99459E-05 9.99459E-05 0.108008 9.99459E-05 0.369846 0.521546 9.99459E-05 9.99459E-05
9.99369E-05 9.99369E-05 9.99369E-05 0.27722 9.99369E-05 0.72208 9.99369E-05 9.99369E-05 9.99369E-05
9.99549E-05 9.99549E-05 0.0561134 9.99549E-05 9.99549E-05 0.696621 0.154815 0.0919513 9.99549E-05
0.0162329 9.9964E-05 0.0526238 9.9964E-05 0.117212 0.557354 9.9964E-05 9.9964E-05 0.256178
9.9946E-05 9.9946E-05 9.9946E-05 0.646181 9.9946E-05 0.284981 9.9946E-05 0.0682382 9.9946E-05
9.9964E-05 9.9964E-05 0.0145556 9.9964E-05 0.0673569 0.422306 9.9964E-05 0.00854441 0.486837
9.99459E-05 9.99459E-05 9.99459E-05 0.148813 9.99459E-05 0.728839 0.121749 9.99459E-05 9.99459E-05
9.997E-05 0.0462966 9.997E-05 9.997E-05 0.0333153 0.539605 0.180537 0.0250375 0.174908
9.99639E-05 9.99639E-05 0.0609893 0.0665005 9.99639E-05 0.710234 0.00523501 0.156641 9.99639E-05
9.998E-05 9.998E-05 0.0390253 0.0795311 0.00173941 0.283946 0.547542 0.0352902 0.0127261
0.102271 0.0426846 9.99639E-05 9.99639E-05 0.380026 0.407211 9.99639E-05 9.99639E-05 0.0674078
0.585416 9.996E-05 0.00353228 9.996E-05 0.0156248 0.367055 0.0279727 9.996E-05 9.996E-05
9.9973E-05 0.100481 0.0896738 0.0781614 9.9973E-05 0.62543 0.0108286 0.0951251 9.9973E-05
9.99459E-05 9.99459E-05 9.99459E-05 0.0913855 9.99459E-05 0.619766 0.288248 9.99459E-05 9.99459E-05
9.9955E-05 9.9955E-05 0.0647945 9.9955E-05 9.9955E-05 0.746542 9.9955E-05 0.0799805 0.108183
0.334762 9.99369E-05 9.99369E-05 9.99369E-05 9.99369E-05 0.664539 9.99369E-05 9.99369E-05 9.99369E-05
0.0480472 9.998E-05 0.0233835 9.998E-05 0.349548 0.105941 0.106518 0.111036 0.255326
9.99459E-05 9.99459E-05 9.99459E-05 0.129731 9.99459E-05 9.99459E-05 0.223069 0.6466 9.99459E-05
0.587814 0.0377168 9.99729E-05 0.0266443 0.151403 0.0117188 0.184403 9.99729E-05 9.99729E-05
9.99729E-05 9.99729E-05 0.00399871 0.0792916 9.99729E-05 0.11796 0.517799 0.192905 0.0877459
9.99368E-05 9.99368E-05 9.99368E-05 0.603168 9.99368E-05 9.99368E-05 9.99368E-05 0.396132 9.99368E-05
0.2078 9.99639E-05 9.99639E-05 9.99639E-05 0.177849 9.99639E-05 0.0663365 0.0513349 0.496279
0.0101385 9.9964E-05 0.0125189 0.0498026 9.9964E-05 9.9964E-05 9.9964E-05 0.684927 0.242213
0.0342223 0.10592 9.998E-05 9.998E-05 0.108062 0.108227 0.470782 0.0925447 0.0800416
0.311033 9.99369E-05 9.99369E-05 9.99369E-05 9.99369E-05 9.99369E-05 9.99369E-05 0.688267 9.99369E-05
0.0446369 9.9955E-05 9.9955E-05 0.388688 9.9955E-05 9.9955E-05 0.383034 0.183141 9.9955E-05
0.093769 0.0383622 9.997E-05 9.997E-05 0.225788 0.0300833 9.997E-05 0.202325 0.409373
0.455859 9.9937E-05 9.9937E-05 9.9937E-05 9.9937E-05 9.9937E-05 9.9937E-05 0.543442 9.9937E-05
9.99369E-05 9.99369E-05 9.99369E-05 0.67983 9.99369E-05 9.99369E-05 9.99369E-05 0.319471 9.99369E-05
0.106758 9.99639E-05 9.99639E-05 9.99639E-05 0.529346 0.0106287 0.0225251 9.99639E-05 0.330343
0.300729 9.99459E-05 9.99459E-05 9.99459E-05 0.144643 9.99459E-05 9.99459E-05 0.554028 9.99459E-05
0.418247 9.99549E-05 9.99549E-05 9.99549E-05 0.0351663 9.99549E-05 0.27075 9.99549E-05 0.275337
9.99369E-05 9.99369E-05 9.99369E-05 0.634406 9.99369E-05 9.99369E-05 9.99369E-05 0.364895 9.99369E-05
0.457363 9.99639E-05 9.99639E-05 9.99639E-05 0.132964 9.99639E-05 0.0271681 0.315017 0.0670878
9.9964E-05 0.00133821 9.9964E-05 9.9964E-05 0.434188 0.120684 0.0318681 9.9964E-05 0.411522
9.99639E-05 9.99639E-05 0.00864362 9.99639E-05 0.0711024 9.99639E-05 0.60591 0.237873 0.0760706
0.383139 9.998E-05 0.0668181 0.114152 0.109701 0.157499 0.129423 9.998E-05 0.0390682
0.455848 9.998E-05 0.044561 9.998E-05 0.0195586 0.0496998 0.169316 0.150881 0.109936
9.99458E-05 9.99458E-05 9.99458E-05 0.482616 9.99458E-05 9.99458E-05 0.0885763 0.428208 9.99458E-05
9.997E-05 0.0353992 0.0628717 9.997E-05 0.160841 9.997E-05 0.317426 0.170203 0.25296
9.99639E-05 0.00393962 9.99639E-05 9.99639E-05 0.0739706 0.0585825 0.113869 0.749239 9.99639E-05
9.9973E-05 0.0487889 0.0383549 0.245937 9.9973E-05 0.255174 0.207727 0.203719 9.9973E-05
0.240439 0.0687694 0.00799205 9.999E-05 0.121861 0.0831037 0.0703263 0.190449 0.216959
9.9964E-05 0.074688 0.00651707 9.9964E-05 9.9964E-05 0.455596 9.9964E-05 0.35124 0.111559
0.0466806 9.9964E-05 0.0453423 0.835082 0.0310792 9.9964E-05 9.9964E-05 9.9964E-05 0.0414159
9.998E-05 0.0175463 0.0368881 0.0737748 9.998E-05 0.176314 0.337565 0.355412 0.00230074
9.998E-05 0.0246172 0.0149987 0.242753 9.998E-05 0.107342 0.418228 0.111125 0.0807367
0.0247348 9.997E-05 0.049936 0.146436 9.997E-05 0.0113632 9.997E-05 0.170327 0.596903
9.99549E-05 9.99549E-05 9.99549E-05 0.528738 9.99549E-05 9.99549E-05 0.369793 0.0295057 0.0714636
0.385898 9.99549E-05 9.99549E-05 9.99549E-05 0.098729 9.99549E-05 0.162356 9.99549E-05 0.352517
9.99639E-05 9.99639E-05 9.99639E-05 0.408912 9.99639E-05 0.0587173 0.298973 0.140514 0.0924836
0.418001 9.9955E-05 9.9955E-05 0.154822 9.9955E-05 0.064655 9.9955E-05 0.362022 9.9955E-05
0.52969 9.998E-05 9.998E-05 0.0167349 0.0146419 0.141957 0.00434539 0.167488 0.124944
9.9964E-05 0.113966 9.9964E-05 9.9964E-05 0.0209631 0.340465 9.9964E-05 0.366204 0.158002
0.0173704 0.0368773 9.998E-05 9.998E-05 0.10197 0.246106 0.402375 0.13946 0.0556411
9.999E-05 0.00519344 0.0701764 0.0425899 0.00857392 0.373562 0.0768937 0.349482 0.0734285
0.445466 9.99729E-05 9.99729E-05 0.0418103 9.99729E-05 0.246539 0.0681548 0.0686896 0.12904
9.9955E-05 9.9955E-05 9.9955E-05 0.699449 9.9955E-05 0.12495 0.0924582 9.9955E-05 0.082643
9.99459E-05 9.99459E-05 9.99459E-05 0.711873 9.99459E-05 0.0256614 9.99459E-05 0.261866 9.99459E-05
9.9955E-05 0.039072 9.9955E-05 0.0946684 9.9955E-05 9.9955E-05 0.633607 0.232153 9.9955E-05
9.997E-05 0.0335538 0.0162746 0.616143 9.997E-05 0.0290671 0.0853097 0.219352 9.997E-05
9.9955E-05 9.9955E-05 9.9955E-05 0.776074 0.0017486 0.0671998 9.9955E-05 9.9955E-05 0.154478
9.9964E-05 0.0983026 0.00443745 0.10536 9.9964E-05 9.9964E-05 0.475643 0.315858 9.9964E-05
9.99549E-05 9.99549E-05 9.99549E-05 0.13191 9.99549E-05 9.99549E-05 0.576918 0.148714 0.141959
9.995E-05 9.995E-05 0.0334985 0.080058 0.863863 9.995E-05 9.995E-05 0.0220813 9.995E-05
0.142424 9.996E-05 0.0173103 9.996E-05 0.622571 9.996E-05 0.143074 9.996E-05 0.0742203
9.996E-05 9.996E-05 0.0467527 9.996E-05 0.171576 9.996E-05 0.728462 0.0254755 0.0273342
0.0387079 9.99549E-05 9.99549E-05 9.99549E-05 0.483809 9.99549E-05 0.125376 9.99549E-05 0.351607
0.0292582 9.9964E-05 9.9964E-05 0.0610845 0.851688 0.00388888 9.9964E-05 9.9964E-05 0.0536803
0.538689 9.99549E-05 0.0734706 9.99549E-05 0.27175 9.99549E-05 0.11559 9.99549E-05 9.99549E-05
0.275704 9.996E-05 9.996E-05 0.00294502 0.58517 9.996E-05 0.121499 9.996E-05 0.0142818
9.995E-05 9.995E-05 0.0325586 0.166284 0.14246 9.995E-05 0.658197 9.995E-05 9.995E-05
9.9946E-05 9.9946E-05 9.9946E-05 0.603689 9.9946E-05 9.9946E-05 0.264624 0.131087 9.9946E-05
9.99639E-05 0.0402638 9.99639E-05 9.99639E-05 0.558056 0.0899595 0.2794 0.0319207 9.99639E-05
9.9964E-05 9.9964E-05 0.00169052 0.157109 0.0633583 0.00854864 0.768893 9.9964E-05 9.9964E-05
9.9964E-05 0.0679791 0.0997296 9.9964E-05 0.0829925 9.9964E-05 0.735562 0.0133374 9.9964E-05
9.996E-05 9.996E-05 0.00104075 9.996E-05 0.340405 0.0215187 0.54648 9.996E-05 0.0901559
9.9946E-05 9.9946E-05 9.9946E-05 0.17687 9.9946E-05 9.9946E-05 0.741664 0.0808657 9.9946E-05
9.996E-05 0.00174384 9.996E-05 0.131679 0.24647 0.0434695 0.576238 9.996E-05 9.996E-05
9.9973E-05 0.0482577 0.0965648 9.9973E-05 0.369811 9.9973E-05 0.149359 0.309614 0.0260934
9.997E-05 0.0556513 0.0411288 0.0472951 0.113563 9.997E-05 0.621979 9.997E-05 0.120083
9.99549E-05 0.0015421 9.99549E-05 9.99549E-05 0.303303 0.160194 0.534461 9.99549E-05 9.99549E-05
0.00173572 9.99549E-05 9.99549E-05 9.99549E-05 0.402626 9.99549E-05 0.0573404 9.99549E-05 0.537798
9.9973E-05 0.0122595 9.9973E-05 9.9973E-05 0.517589 0.0781154 0.291675 0.0215525 0.0785087
9.9964E-05 0.0172025 9.9964E-05 0.353948 0.0698998 9.9964E-05 0.552458 9.9964E-05 0.00609134
0.0592173 0.0243372 9.9964E-05 9.9964E-05 9.9964E-05 0.0416275 0.872684 9.9964E-05 0.00173413
9.9946E-05 9.9946E-05 9.9946E-05 0.473786 9.9946E-05 9.9946E-05 0.46473 0.0608843 9.9946E-05
0.0132126 9.996E-05 9.996E-05 9.996E-05 0.656336 9.996E-05 0.113283 0.00994228 0.206826
9.9973E-05 0.0259969 0.0119643 9.9973E-05 0.354083 9.9973E-05 0.389323 0.137384 0.0809489
9.99549E-05 0.00470518 9.99549E-05 0.323285 9.99549E-05 9.99549E-05 0.617894 0.0536163 9.99549E-05
0.106773 0.0329975 9.9973E-05 9.9973E-05 0.486373 0.0214461 9.9973E-05 0.261676 0.0904341
9.9955E-05 9.9955E-05 0.0156303 9.9955E-05 0.111991 9.9955E-05 9.9955E-05 0.400052 0.471827
9.9973E-05 0.0526296 0.0893771 0.326731 9.9973E-05 0.0432589 0.41698 0.0707237 9.9973E-05
9.99639E-05 9.99639E-05 0.0318157 0.195287 9.99639E-05 0.124405 0.00719609 0.640897 9.99639E-05
9.9964E-05 9.9964E-05 0.0973498 0.00169474 0.352566 9.9964E-05 9.9964E-05 0.17705 0.37094
0.163283 9.99459E-05 9.99459E-05 9.99459E-05 0.442637 9.99459E-05 9.99459E-05 0.393481 9.99459E-05
0.128633 0.0311386 9.996E-05 9.996E-05 0.429672 9.996E-05 9.996E-05 0.286364 0.123792
9.9937E-05 9.9937E-05 9.9937E-05 0.737306 9.9937E-05 9.9937E-05 9.9937E-05 0.261995 9.9937E-05
9.9964E-05 0.0108157 0.00631025 0.00889558 9.9964E-05 9.9964E-05 0.53441 0.439169 9.9964E-05
9.99729E-05 0.0375844 9.99729E-05 9.99729E-05 0.10262 0.387031 0.0295918 0.253595 0.189278
9.99459E-05 9.99459E-05 9.99459E-05 9.99459E-05 0.370278 9.99459E-05 9.99459E-05 0.324283 0.30484
9.99549E-05 9.99549E-05 9.99549E-05 0.544955 9.99549E-05 0.12648 0.104285 0.22378 9.99549E-05
9.9955E-05 9.9955E-05 0.0519671 9.9955E-05 0.112977 9.9955E-05 0.550519 0.284038 9.9955E-05
9.996E-05 0.0135058 0.019485 9.996E-05 0.0622675 9.996E-05 0.575966 0.328376 9.996E-05
9.99459E-05 9.99459E-05 9.99459E-05 9.99459E-05 9.99459E-05 0.399734 9.99459E-05 0.456985 0.142681
9.997E-05 0.00909535 9.997E-05 0.00663432 9.997E-05 0.226134 0.712655 0.0281632 0.0170185
9.99729E-05 0.0351424 9.99729E-05 9.99729E-05 0.353721 0.0799907 0.260884 0.00440465 0.265558
9.99639E-05 9.99639E-05 9.99639E-05 9.99639E-05 0.1546 0.102443 0.173333 0.334399 0.234826
0.21046 9.9964E-05 0.0192129 9.9964E-05 0.2555 9.9964E-05 9.9964E-05 0.264463 0.249964
9.99639E-05 0.13139 0.0226919 0.164788 9.99639E-05 9.99639E-05 0.313318 0.367412 9.99639E-05
9.99639E-05 0.0163777 9.99639E-05 0.0298381 0.5515 9.99639E-05 9.99639E-05 0.267368 0.134517
0.435853 9.99549E-05 9.99549E-05 9.99549E-05 0.275166 9.99549E-05 0.124453 0.164029 9.99549E-05
9.99459E-05 9.99459E-05 9.99459E-05 0.375457 9.99459E-05 9.99459E-05 0.442149 0.181795 9.99459E-05
9.99549E-05 9.99549E-05 9.99549E-05 9.99549E-05 0.128159 9.99549E-05 0.600564 0.042195 0.228582
9.996E-05 0.0508456 9.996E-05 0.011521 0.00276107 9.996E-05 0.744729 0.189743 9.996E-05
9.996E-05 9.996E-05 0.0357064 0.066349 0.837734 9.996E-05 9.996E-05 0.0255472 0.0342641
0.299227 0.188416 0.0737051 0.0661086 0.293494 0.0163115 0.0625378 9.998E-05 9.998E-05
0.00591846 0.070241 9.9973E-05 9.9973E-05 0.678364 9.9973E-05 0.128608 0.0549124 0.0616559
9.9955E-05 9.9955E-05 0.00616549 0.311912 9.9955E-05 9.9955E-05 0.521819 0.159603 9.9955E-05
0.0463231 0.034854 9.997E-05 9.997E-05 0.675579 0.0105638 0.201327 0.0310532 9.997E-05
9.9973E-05 0.00335519 0.0491935 9.9973E-05 0.74416 0.0818135 0.0500725 0.0711057 9.9973E-05
0.00042611 9.9964E-05 9.9964E-05 0.0645482 0.698182 0.0476767 9.9964E-05 9.9964E-05 0.188767
9.9946E-05 9.9946E-05 9.9946E-05 0.261765 9.9946E-05 0.0500454 0.68759 9.9946E-05 9.9946E-05
9.997E-05 9.997E-05 0.0122444 9.997E-05 0.236408 0.0126022 0.564093 0.128114 0.0462382
0.0740199 9.997E-05 0.0363319 0.0554814 0.384228 9.997E-05 0.0706997 9.997E-05 0.378939
0.019343 0.0599056 9.997E-05 0.218721 0.163719 9.997E-05 0.371902 0.166109 9.997E-05
0.0169333 9.997E-05 0.020159 0.0512353 0.850536 0.0190987 9.997E-05 9.997E-05 0.0417375
0.464141 9.9964E-05 9.9964E-05 0.134338 9.9964E-05 0.0836561 0.264912 9.9964E-05 0.0525535
9.9973E-05 0.0342169 0.0168014 9.9973E-05 0.435071 0.065925 0.316619 0.131067 9.9973E-05
9.9955E-05 9.9955E-05 9.9955E-05 0.468726 0.00916657 9.9955E-05 0.502309 0.0192985 9.9955E-05
9.9964E-05 9.9964E-05 0.034172 9.9964E-05 0.291835 0.00740282 0.455301 0.21089 9.9964E-05
9.99729E-05 9.99729E-05 0.0302592 0.143673 9.99729E-05 0.26795 0.236026 0.203596 0.118195
9.9964E-05 9.9964E-05 9.9964E-05 0.607266 9.9964E-05 0.137966 0.125562 0.0675209 0.0612861
9.99729E-05 0.0455125 9.99729E-05 9.99729E-05 0.0848278 0.0954416 0.589551 0.162031 0.0223358
9.99459E-05 9.99459E-05 9.99459E-05 9.99459E-05 9.99459E-05 0.428617 0.516722 0.0540613 9.99459E-05
9.99639E-05 9.99639E-05 9.99639E-05 9.99639E-05 0.00593713 0.0297667 0.545668 0.240114 0.178114
0.290069 9.99729E-05 9.99729E-05 9.99729E-05 0.158459 0.00749076 0.135342 0.129756 0.278583
9.99549E-05 9.99549E-05 0.00517507 0.608606 9.99549E-05 0.0589377 9.99549E-05 0.326781 9.99549E-05
0.556039 0.0205622 0.0257779 0.0237403 0.0598177 9.997E-05 9.997E-05 0.313763 9.997E-05
0.0254749 9.99729E-05 0.019112 9.99729E-05 0.448358 0.363059 0.0955578 9.99729E-05 0.048138
0.0475079 9.9964E-05 0.00540714 0.0687774 9.9964E-05 0.113832 9.9964E-05 9.9964E-05 0.764075
9.99549E-05 9.99549E-05 9.99549E-05 0.547273 9.99549E-05 0.256885 0.109954 9.99549E-05 0.0853879
9.99459E-05 9.99459E-05 9.99459E-05 0.658738 9.99459E-05 0.112566 0.228096 9.99459E-05 9.99459E-05
0.384194 9.9964E-05 9.9964E-05 9.9964E-05 0.0957437 9.9964E-05 0.0979738 0.181316 0.240373
0.00590972 0.064818 0.0149502 9.998E-05 9.998E-05 0.0303535 0.669315 0.0577527 0.156701
9.997E-05 0.016925 0.0143631 9.997E-05 9.997E-05 0.346807 0.356209 0.174186 0.0912099
9.995E-05 9.995E-05 9.995E-05 0.752551 0.00533182 0.12767 0.113948 9.995E-05 9.995E-05
9.99549E-05 9.99549E-05 9.99549E-05 0.097772 9.99549E-05 0.395859 9.99549E-05 0.227364 0.278506
0.317707 9.998E-05 0.0445956 0.00593738 9.998E-05 0.146773 0.0349701 0.273779 0.176037
9.99549E-05 9.99549E-05 9.99549E-05 9.99549E-05 0.453279 9.99549E-05 0.066585 0.0237483 0.455888
9.9955E-05 9.9955E-05 9.9955E-05 9.9955E-05 0.121088 0.143598 0.060774 9.9955E-05 0.67404
0.350692 9.997E-05 9.997E-05 0.0624116 9.997E-05 0.335904 0.0773537 0.0180563 0.155282
9.9955E-05 9.9955E-05 0.0247457 0.220372 0.138984 9.9955E-05 0.615399 9.9955E-05 9.9955E-05
9.9955E-05 9.9955E-05 0.00131724 9.9955E-05 0.82765 0.075773 0.0947597 9.9955E-05 9.9955E-05
0.0347021 9.996E-05 9.996E-05 0.124315 0.0777687 0.0580629 0.704751 9.996E-05 9.996E-05
9.99639E-05 0.00911925 9.99639E-05 9.99639E-05 0.181762 0.177821 0.572437 0.0584611 9.99639E-05
9.9955E-05 9.9955E-05 0.0395528 9.9955E-05 0.781206 9.9955E-05 0.0907021 0.0880395 9.9955E-05
9.9946E-05 9.9946E-05 9.9946E-05 0.486255 0.0848905 9.9946E-05 0.428255 9.9946E-05 9.9946E-05
9.99549E-05 9.99549E-05 9.99549E-05 0.382316 9.99549E-05 0.330687 0.118776 9.99549E-05 0.167722
9.9973E-05 9.9973E-05 0.00447172 0.093679 9.9973E-05 0.0132474 0.683412 0.146976 0.0579135
9.996E-05 9.996E-05 0.0553447 0.0452237 9.996E-05 0.112767 9.996E-05 0.0900355 0.696229
9.997E-05 9.997E-05 0.0431795 0.0540144 9.997E-05 0.125 0.146025 0.288136 0.343346
9.997E-05 0.00478767 0.039959 9.997E-05 0.0685319 9.997E-05 0.251399 0.156046 0.478977
9.99459E-05 9.99459E-05 9.99459E-05 0.593595 9.99459E-05 9.99459E-05 0.164732 9.99459E-05 0.241073
0.631606 9.9955E-05 9.9955E-05 9.9955E-05 9.9955E-05 9.9955E-05 0.128388 0.0101237 0.229382
9.998E-05 0.170914 0.0474289 0.0849856 9.998E-05 0.135932 0.381912 0.0696504 0.108977
0.119957 0.0608986 0.000191955 9.999E-05 0.0730326 0.0796425 0.101199 0.0199925 0.544986
0.447409 0.00870991 0.0350482 9.9973E-05 0.0902603 9.9973E-05 0.0749994 9.9973E-05 0.343274
9.99549E-05 9.99549E-05 0.0208468 9.99549E-05 9.99549E-05 0.0135644 0.032278 9.99549E-05 0.932811
9.997E-05 0.0055694 0.0487252 9.997E-05 0.160654 9.997E-05 0.0526482 0.0233287 0.708775
9.9964E-05 0.0816291 0.0239267 0.0595496 9.9964E-05 9.9964E-05 0.00498371 9.9964E-05 0.829511
9.99639E-05 0.0544525 0.0918273 9.99639E-05 9.99639E-05 0.120771 0.539876 9.99639E-05 0.192674
9.997E-05 0.0694532 0.0294065 0.0428697 9.997E-05 0.0455829 0.693855 0.118532 9.997E-05
0.596237 0.0352124 0.000788406 0.0822178 0.0920269 9.999E-05 0.0188558 0.128792 0.0457701
0.00637222 0.0115877 9.9964E-05 0.164841 9.9964E-05 0.196575 9.9964E-05 9.9964E-05 0.620225
0.0482273 0.0650485 0.0481535 0.198212 9.999E-05 0.170784 0.240921 0.172354 0.0561994
9.9964E-05 9.9964E-05 0.0288025 0.842526 9.9964E-05 0.0105918 9.9964E-05 0.0655755 0.0521041
9.9937E-05 9.9937E-05 9.9937E-05 0.345038 9.9937E-05 9.9937E-05 0.654263 9.9937E-05 9.9937E-05
9.9964E-05 0.00373393 9.9964E-05 0.79057 9.9964E-05 0.0238411 0.0936631 9.9964E-05 0.0877921
