9.9874E-05 9.9874E-05 9.9874E-05 0.0412506 9.9874E-05 0.385391 9.9874E-05 9.9874E-05 9.9874E-05 9.9874E-05 9.9874E-05 0.0585221 9.9874E-05 9.9874E-05 9.9874E-05 0.513438 9.9874E-05 9.9874E-05
0.0173908 9.99099E-05 9.99099E-05 9.99099E-05 9.99099E-05 0.369898 9.99099E-05 9.99099E-05 9.99099E-05 0.141552 0.00673451 0.0348024 0.0536118 9.99099E-05 0.143105 0.231906 9.99099E-05 9.99099E-05
0.0222035 9.99008E-05 9.99008E-05 9.99008E-05 9.99008E-05 9.99008E-05 9.99008E-05 0.140912 0.0489059 0.675089 9.99008E-05 0.0318785 9.99008E-05 0.0355345 9.99008E-05 9.99008E-05 9.99008E-05 0.044378
9.99009E-05 0.003808 9.99009E-05 9.99009E-05 0.0715055 0.258876 9.99009E-05 9.99009E-05 0.022573 9.99009E-05 9.99009E-05 9.99009E-05 0.335667 9.99009E-05 9.99009E-05 0.266116 9.99009E-05 0.0403553
0.002625 0.442742 0.0114126 9.98917E-05 9.98917E-05 0.308395 9.98917E-05 9.98917E-05 0.081111 9.98917E-05 9.98917E-05 9.98917E-05 0.152516 9.98917E-05 9.98917E-05 9.98917E-05 9.98917E-05 9.98917E-05
0.0124282 9.99098E-05 0.269941 9.99098E-05 9.99098E-05 9.99098E-05 9.99098E-05 9.99098E-05 0.000444918 0.206038 0.0214261 0.0127319 9.99098E-05 0.0310542 9.99098E-05 0.444936 9.99098E-05 9.99098E-05
9.98918E-05 9.98918E-05 9.98918E-05 0.0293866 9.98918E-05 9.98918E-05 9.98918E-05 0.191976 9.98918E-05 0.558296 9.98918E-05 0.0100987 0.0835606 9.98918E-05 9.98918E-05 0.125484 9.98918E-05 9.98918E-05
9.9883E-05 9.9883E-05 0.232406 9.9883E-05 9.9883E-05 9.9883E-05 9.9883E-05 0.00783756 9.9883E-05 0.305431 9.9883E-05 0.186567 9.9883E-05 9.9883E-05 9.9883E-05 0.26646 9.9883E-05 9.9883E-05
9.99099E-05 9.99099E-05 0.185167 9.99099E-05 9.99099E-05 0.0970976 9.99099E-05 9.99099E-05 0.0112263 0.017133 9.99099E-05 0.0619436 0.32427 9.99099E-05 0.0495049 0.252659 9.99099E-05 9.99099E-05
9.98828E-05 9.98828E-05 0.156575 0.188878 9.98828E-05 9.98828E-05 9.98828E-05 0.383559 9.98828E-05 0.0241904 9.98828E-05 9.98828E-05 9.98828E-05 0.245499 9.98828E-05 9.98828E-05 9.98828E-05 9.98828E-05
0.0615911 9.99008E-05 0.10898 9.99008E-05 9.99008E-05 0.0858111 9.99008E-05 9.99008E-05 9.99008E-05 9.99008E-05 9.99008E-05 9.99008E-05 0.214688 9.99008E-05 0.375354 0.146992 9.99008E-05 0.00548501
9.99008E-05 9.99008E-05 0.349989 9.99008E-05 9.99008E-05 0.2391 9.99008E-05 9.99008E-05 9.99008E-05 9.99008E-05 9.99008E-05 9.99008E-05 0.0939581 0.0175388 0.146504 0.0411773 0.110634 9.99008E-05
0.202104 0.00966703 9.99279E-05 9.99279E-05 0.0546684 9.99279E-05 0.01865 0.0746173 0.0294454 0.110409 0.0278422 9.99279E-05 0.446128 9.99279E-05 9.99279E-05 9.99279E-05 9.99279E-05 0.0256695
9.98919E-05 9.98919E-05 0.0125366 0.0826744 9.98919E-05 9.98919E-05 9.98919E-05 9.98919E-05 9.98919E-05 0.370846 9.98919E-05 0.0307181 9.98919E-05 0.0705829 9.98919E-05 0.431443 9.98919E-05 9.98919E-05
9.98738E-05 9.98738E-05 0.218473 9.98738E-05 9.98738E-05 0.304975 9.98738E-05 9.98738E-05 9.98738E-05 9.98738E-05 9.98738E-05 9.98738E-05 9.98738E-05 9.98738E-05 0.449467 0.0256865 9.98738E-05 9.98738E-05
9.99098E-05 9.99098E-05 0.0722153 0.078352 0.0753638 9.99098E-05 9.99098E-05 0.446006 0.045817 0.265773 9.99098E-05 9.99098E-05 9.99098E-05 9.99098E-05 9.99098E-05 0.0102396 9.99098E-05 0.00523363
9.98919E-05 9.98919E-05 9.98919E-05 0.00704517 9.98919E-05 9.98919E-05 9.98919E-05 0.123877 9.98919E-05 0.5166 9.98919E-05 9.98919E-05 0.102023 9.98919E-05 0.00732772 0.241929 9.98919E-05 9.98919E-05
9.98649E-05 9.98649E-05 9.98649E-05 9.98649E-05 9.98649E-05 9.98649E-05 9.98649E-05 9.98649E-05 9.98649E-05 0.698064 9.98649E-05 9.98649E-05 9.98649E-05 9.98649E-05 0.0710406 0.229397 9.98649E-05 9.98649E-05
0.0459274 9.991E-05 0.0657624 9.991E-05 9.991E-05 0.202825 0.0381895 9.991E-05 9.991E-05 0.131997 9.991E-05 9.991E-05 0.334266 9.991E-05 9.991E-05 0.0977865 0.0822466 9.991E-05
9.98918E-05 0.193907 9.98918E-05 0.0589828 9.98918E-05 9.98918E-05 0.0123358 9.98918E-05 9.98918E-05 9.98918E-05 9.98918E-05 0.0200394 9.98918E-05 9.98918E-05 0.0277149 9.98918E-05 9.98918E-05 0.685822
9.9865E-05 0.096489 9.9865E-05 9.9865E-05 0.0558995 9.9865E-05 9.9865E-05 9.9865E-05 9.9865E-05 9.9865E-05 9.9865E-05 9.9865E-05 9.9865E-05 9.9865E-05 9.9865E-05 9.9865E-05 9.9865E-05 0.846113
9.98647E-05 9.98647E-05 9.98647E-05 9.98647E-05 9.98647E-05 9.98647E-05 9.98647E-05 0.000655631 9.98647E-05 9.98647E-05 9.98647E-05 9.98647E-05 9.98647E-05 9.98647E-05 9.98647E-05 0.178046 9.98647E-05 0.819801
0.00491959 9.98919E-05 9.98919E-05 9.98919E-05 0.00123061 9.98919E-05 9.98919E-05 9.98919E-05 0.0264179 9.98919E-05 9.98919E-05 9.98919E-05 0.00932528 9.98919E-05 9.98919E-05 9.98919E-05 0.303688 0.65322
9.98919E-05 9.98919E-05 0.0660049 0.00264585 9.98919E-05 9.98919E-05 9.98919E-05 9.98919E-05 9.98919E-05 9.98919E-05 9.98919E-05 0.0181052 0.0643551 9.98919E-05 0.105531 9.98919E-05 9.98919E-05 0.742159
9.99187E-05 9.99187E-05 0.0141364 0.316836 9.99187E-05 9.99187E-05 0.0444267 0.00142013 9.99187E-05 0.08503 0.0872152 0.0330925 9.99187E-05 9.99187E-05 9.99187E-05 0.13755 9.99187E-05 0.279393
9.99008E-05 9.99008E-05 0.0868145 9.99008E-05 9.99008E-05 0.0865097 0.307873 9.99008E-05 0.0271979 9.99008E-05 9.99008E-05 0.075907 9.99008E-05 9.99008E-05 0.109312 9.99008E-05 9.99008E-05 0.305288
9.98828E-05 9.98828E-05 9.98828E-05 0.561659 0.277298 9.98828E-05 9.98828E-05 9.98828E-05 0.0572944 9.98828E-05 0.0524026 9.98828E-05 9.98828E-05 9.98828E-05 9.98828E-05 9.98828E-05 9.98828E-05 0.0500479
9.98738E-05 0.50904 9.98738E-05 9.98738E-05 9.98738E-05 9.98738E-05 0.15615 9.98738E-05 9.98738E-05 9.98738E-05 9.98738E-05 0.159504 9.98738E-05 9.98738E-05 9.98738E-05 9.98738E-05 9.98738E-05 0.173907
9.98918E-05 9.98918E-05 9.98918E-05 0.0533341 9.98918E-05 9.98918E-05 0.0066468 0.0750841 9.98918E-05 9.98918E-05 0.0105472 9.98918E-05 9.98918E-05 9.98918E-05 9.98918E-05 0.123383 9.98918E-05 0.729806
9.9883E-05 9.9883E-05 9.9883E-05 9.9883E-05 9.9883E-05 9.9883E-05 9.9883E-05 9.9883E-05 9.9883E-05 9.9883E-05 9.9883E-05 9.9883E-05 0.0450865 0.00993398 0.00588466 9.9883E-05 0.0281642 0.909632
9.9901E-05 0.0182952 0.0315052 0.521978 9.9901E-05 9.9901E-05 9.9901E-05 9.9901E-05 9.9901E-05 9.9901E-05 9.9901E-05 9.9901E-05 0.0573522 9.9901E-05 0.00247967 9.9901E-05 0.0657877 0.301503
0.0501837 9.98917E-05 9.98917E-05 0.111581 9.98917E-05 9.98917E-05 0.58046 0.0630199 9.98917E-05 9.98917E-05 0.144543 9.98917E-05 9.98917E-05 9.98917E-05 9.98917E-05 0.0490138 9.98917E-05 9.98917E-05
9.98646E-05 9.98646E-05 9.98646E-05 0.674602 9.98646E-05 9.98646E-05 9.98646E-05 0.0386374 9.98646E-05 9.98646E-05 9.98646E-05 9.98646E-05 9.98646E-05 9.98646E-05 9.98646E-05 9.98646E-05 9.98646E-05 0.285263
9.98827E-05 9.98827E-05 9.98827E-05 0.29252 9.98827E-05 9.98827E-05 9.98827E-05 9.98827E-05 9.98827E-05 0.0368193 9.98827E-05 0.035531 9.98827E-05 9.98827E-05 9.98827E-05 0.197222 9.98827E-05 0.43661
0.0319522 9.99099E-05 0.0368721 0.00955473 9.99099E-05 9.99099E-05 9.99099E-05 9.99099E-05 9.99099E-05 0.00661089 0.0101349 9.99099E-05 0.0559022 0.00214085 9.99099E-05 9.99099E-05 9.99099E-05 0.845833
9.98829E-05 0.0134907 9.98829E-05 9.98829E-05 9.98829E-05 0.025218 9.98829E-05 9.98829E-05 0.0456218 9.98829E-05 9.98829E-05 9.98829E-05 9.98829E-05 9.98829E-05 0.139356 9.98829E-05 9.98829E-05 0.775015
9.98738E-05 0.0526964 9.98738E-05 0.20079 9.98738E-05 9.98738E-05 9.98738E-05 9.98738E-05 9.98738E-05 9.98738E-05 9.98738E-05 9.98738E-05 9.98738E-05 9.98738E-05 0.221029 9.98738E-05 9.98738E-05 0.524086
9.98829E-05 9.98829E-05 9.98829E-05 0.0169667 9.98829E-05 0.0583137 9.98829E-05 9.98829E-05 0.0454972 9.98829E-05 9.98829E-05 9.98829E-05 9.98829E-05 9.98829E-05 9.98829E-05 9.98829E-05 0.200488 0.677435
9.98646E-05 9.98646E-05 9.98646E-05 9.98646E-05 9.98646E-05 9.98646E-05 9.98646E-05 9.98646E-05 0.414754 9.98646E-05 0.434811 9.98646E-05 9.98646E-05 9.98646E-05 9.98646E-05 0.148937 9.98646E-05 9.98646E-05
0.0374665 9.99009E-05 9.99009E-05 0.117768 0.0816242 0.0243856 9.99009E-05 0.00334716 0.000479176 9.99009E-05 0.733831 9.99009E-05 9.99009E-05 9.99009E-05 9.99009E-05 9.99009E-05 9.99009E-05 9.99009E-05
9.98918E-05 9.98918E-05 9.98918E-05 0.422034 0.00334005 9.98918E-05 9.98918E-05 0.00534899 9.98918E-05 9.98918E-05 0.417351 0.014997 9.98918E-05 0.13573 9.98918E-05 9.98918E-05 9.98918E-05 9.98918E-05
9.99009E-05 0.130275 9.99009E-05 9.99009E-05 0.0359323 9.99009E-05 0.105466 9.99009E-05 0.143585 9.99009E-05 0.295132 0.000626924 9.99009E-05 9.99009E-05 9.99009E-05 9.99009E-05 0.287884 9.99009E-05
9.98827E-05 9.98827E-05 9.98827E-05 0.0736245 9.98827E-05 9.98827E-05 9.98827E-05 9.98827E-05 0.118324 9.98827E-05 0.437961 9.98827E-05 9.98827E-05 9.98827E-05 9.98827E-05 0.191224 9.98827E-05 0.177568
9.98918E-05 9.98918E-05 9.98918E-05 0.10396 9.98918E-05 9.98918E-05 0.0443552 9.98918E-05 9.98918E-05 0.0758876 0.622141 9.98918E-05 9.98918E-05 0.0625715 0.0898863 9.98918E-05 9.98918E-05 9.98918E-05
9.98648E-05 9.98648E-05 9.98648E-05 9.98648E-05 9.98648E-05 0.161725 0.681681 9.98648E-05 9.98648E-05 9.98648E-05 9.98648E-05 9.98648E-05 9.98648E-05 9.98648E-05 9.98648E-05 9.98648E-05 0.155096 9.98648E-05
9.98829E-05 9.98829E-05 0.0915395 9.98829E-05 9.98829E-05 0.135722 9.98829E-05 9.98829E-05 0.499432 9.98829E-05 0.212622 9.98829E-05 9.98829E-05 9.98829E-05 0.0593861 9.98829E-05 9.98829E-05 9.98829E-05
9.98828E-05 9.98828E-05 9.98828E-05 0.37175 9.98828E-05 9.98828E-05 9.98828E-05 0.0882098 9.98828E-05 0.0646158 0.44398 9.98828E-05 9.98828E-05 9.98828E-05 9.98828E-05 9.98828E-05 9.98828E-05 0.0301466
9.98827E-05 9.98827E-05 0.00262029 9.98827E-05 9.98827E-05 9.98827E-05 9.98827E-05 9.98827E-05 0.32231 9.98827E-05 0.512697 0.00606299 9.98827E-05 9.98827E-05 9.98827E-05 0.155011 9.98827E-05 9.98827E-05
9.98557E-05 9.98557E-05 9.98557E-05 9.98557E-05 0.620907 9.98557E-05 9.98557E-05 9.98557E-05 9.98557E-05 9.98557E-05 0.377495 9.98557E-05 9.98557E-05 9.98557E-05 9.98557E-05 9.98557E-05 9.98557E-05 9.98557E-05
9.991E-05 9.991E-05 0.0100942 9.991E-05 9.991E-05 0.0594927 9.991E-05 9.991E-05 0.388271 9.991E-05 0.346421 0.129528 9.991E-05 9.991E-05 0.0484098 0.00586424 0.0109207 9.991E-05
9.98649E-05 9.98649E-05 9.98649E-05 9.98649E-05 0.197295 9.98649E-05 9.98649E-05 9.98649E-05 0.108892 9.98649E-05 0.692315 9.98649E-05 9.98649E-05 9.98649E-05 9.98649E-05 9.98649E-05 9.98649E-05 9.98649E-05
9.9892E-05 0.209028 9.9892E-05 9.9892E-05 9.9892E-05 9.9892E-05 9.9892E-05 9.9892E-05 0.00645418 9.9892E-05 0.542203 9.9892E-05 0.0706376 9.9892E-05 9.9892E-05 9.9892E-05 0.0763566 0.0941219
9.99008E-05 9.99008E-05 0.0616387 9.99008E-05 9.99008E-05 9.99008E-05 0.224762 9.99008E-05 0.253635 9.99008E-05 0.0785225 9.99008E-05 9.99008E-05 0.00968251 0.282248 9.99008E-05 9.99008E-05 0.0884117
9.99008E-05 9.99008E-05 0.262315 9.99008E-05 9.99008E-05 9.99008E-05 0.0159242 9.99008E-05 0.147396 9.99008E-05 0.313883 0.0231794 9.99008E-05 9.99008E-05 0.227965 9.99008E-05 9.99008E-05 0.00823975
9.9919E-05 0.0456697 9.9919E-05 9.9919E-05 9.9919E-05 0.116227 0.136073 9.9919E-05 0.112296 9.9919E-05 0.195434 0.0015076 9.9919E-05 9.9919E-05 0.0072519 9.9919E-05 0.367121 0.0175208
9.98829E-05 9.98829E-05 9.98829E-05 0.0106038 9.98829E-05 9.98829E-05 9.98829E-05 9.98829E-05 9.98829E-05 9.98829E-05 9.98829E-05 0.24937 0.0128854 9.98829E-05 9.98829E-05 9.98829E-05 0.407984 0.317858
9.98917E-05 9.98917E-05 9.98917E-05 0.0504082 9.98917E-05 9.98917E-05 0.0457335 0.0792256 0.231398 9.98917E-05 0.500887 9.98917E-05 9.98917E-05 9.98917E-05 9.98917E-05 0.0911491 9.98917E-05 9.98917E-05
9.99009E-05 0.144923 9.99009E-05 9.99009E-05 0.0921223 9.99009E-05 9.99009E-05 9.99009E-05 0.126286 9.99009E-05 0.340315 0.224358 0.00246581 9.99009E-05 9.99009E-05 9.99009E-05 9.99009E-05 0.0684307
0.00603142 9.98917E-05 9.98917E-05 9.98917E-05 0.0144756 9.98917E-05 0.00613065 0.146473 9.98917E-05 9.98917E-05 0.792153 0.0335377 9.98917E-05 9.98917E-05 9.98917E-05 9.98917E-05 9.98917E-05 9.98917E-05
9.98738E-05 0.105779 9.98738E-05 9.98738E-05 9.98738E-05 9.98738E-05 9.98738E-05 9.98738E-05 0.657207 9.98738E-05 0.230794 9.98738E-05 9.98738E-05 9.98738E-05 9.98738E-05 9.98738E-05 9.98738E-05 0.00482147
9.98917E-05 9.98917E-05 9.98917E-05 9.98917E-05 9.98917E-05 9.98917E-05 0.13996 9.98917E-05 0.479587 9.98917E-05 0.178318 9.98917E-05 9.98917E-05 9.98917E-05 0.0081768 0.150796 9.98917E-05 0.0419635
9.98918E-05 9.98918E-05 0.0881916 9.98918E-05 9.98918E-05 0.0590412 9.98918E-05 9.98918E-05 0.33052 9.98918E-05 0.373474 0.0597062 9.98918E-05 9.98918E-05 0.0878677 9.98918E-05 9.98918E-05 9.98918E-05
0.117066 9.98918E-05 9.98918E-05 0.191539 9.98918E-05 9.98918E-05 0.451252 0.125232 0.0459747 9.98918E-05 0.0677374 9.98918E-05 9.98918E-05 9.98918E-05 9.98918E-05 9.98918E-05 9.98918E-05 9.98918E-05
9.98738E-05 9.98738E-05 9.98738E-05 0.0513022 9.98738E-05 9.98738E-05 9.98738E-05 9.98738E-05 0.645196 9.98738E-05 9.98738E-05 9.98738E-05 9.98738E-05 9.98738E-05 9.98738E-05 9.98738E-05 0.291091 0.011013
9.98828E-05 9.98828E-05 9.98828E-05 0.345703 9.98828E-05 9.98828E-05 9.98828E-05 9.98828E-05 0.272057 0.287515 0.0526243 0.0408027 9.98828E-05 9.98828E-05 9.98828E-05 9.98828E-05 9.98828E-05 9.98828E-05
9.99188E-05 9.99188E-05 0.0755338 9.99188E-05 9.99188E-05 9.99188E-05 0.408412 9.99188E-05 0.107096 9.99188E-05 0.0366436 0.0346693 0.0902442 9.99188E-05 0.147779 0.0397446 9.99188E-05 0.0589787
9.9865E-05 0.0650689 9.9865E-05 9.9865E-05 9.9865E-05 0.0291602 9.9865E-05 9.9865E-05 0.904273 9.9865E-05 9.9865E-05 9.9865E-05 9.9865E-05 9.9865E-05 9.9865E-05 9.9865E-05 9.9865E-05 9.9865E-05
9.9874E-05 0.167941 9.9874E-05 0.0298065 9.9874E-05 9.9874E-05 9.9874E-05 9.9874E-05 0.715279 9.9874E-05 9.9874E-05 9.9874E-05 9.9874E-05 9.9874E-05 0.0855747 9.9874E-05 9.9874E-05 9.9874E-05
9.98646E-05 9.98646E-05 9.98646E-05 9.98646E-05 9.98646E-05 9.98646E-05 0.866696 9.98646E-05 9.98646E-05 0.101194 9.98646E-05 0.0306115 9.98646E-05 9.98646E-05 9.98646E-05 9.98646E-05 9.98646E-05 9.98646E-05
9.98828E-05 9.98828E-05 9.98828E-05 0.166261 9.98828E-05 9.98828E-05 0.531041 9.98828E-05 9.98828E-05 9.98828E-05 0.00106048 9.98828E-05 9.98828E-05 9.98828E-05 9.98828E-05 0.248173 9.98828E-05 0.0521662
9.98827E-05 9.98827E-05 9.98827E-05 0.182571 0.170051 9.98827E-05 0.529672 0.0984969 9.98827E-05 9.98827E-05 0.0179106 9.98827E-05 9.98827E-05 9.98827E-05 9.98827E-05 9.98827E-05 9.98827E-05 9.98827E-05
9.98737E-05 9.98737E-05 9.98737E-05 0.638463 9.98737E-05 9.98737E-05 9.98737E-05 9.98737E-05 0.210307 0.0650157 0.084816 9.98737E-05 9.98737E-05 9.98737E-05 9.98737E-05 9.98737E-05 9.98737E-05 9.98737E-05
9.98739E-05 9.98739E-05 9.98739E-05 9.98739E-05 9.98739E-05 0.136717 9.98739E-05 9.98739E-05 9.98739E-05 9.98739E-05 9.98739E-05 0.0277733 9.98739E-05 9.98739E-05 9.98739E-05 9.98739E-05 0.190799 0.643313
0.00164616 9.98826E-05 9.98826E-05 0.252638 9.98826E-05 9.98826E-05 9.98826E-05 0.167359 0.408623 9.98826E-05 0.168435 9.98826E-05 9.98826E-05 9.98826E-05 9.98826E-05 9.98826E-05 9.98826E-05 9.98826E-05
9.98648E-05 0.0357252 9.98648E-05 9.98648E-05 9.98648E-05 9.98648E-05 0.450209 9.98648E-05 0.512568 9.98648E-05 9.98648E-05 9.98648E-05 9.98648E-05 9.98648E-05 9.98648E-05 9.98648E-05 9.98648E-05 9.98648E-05
9.98828E-05 9.98828E-05 0.0693472 9.98828E-05 9.98828E-05 9.98828E-05 0.683621 9.98828E-05 9.98828E-05 9.98828E-05 9.98828E-05 9.98828E-05 0.162241 9.98828E-05 0.0479288 9.98828E-05 9.98828E-05 0.0355635
9.98737E-05 9.98737E-05 9.98737E-05 0.298873 9.98737E-05 9.98737E-05 9.98737E-05 0.144598 9.98737E-05 0.00681469 9.98737E-05 9.98737E-05 9.98737E-05 9.98737E-05 9.98737E-05 9.98737E-05 9.98737E-05 0.548316
9.98829E-05 0.067872 9.98829E-05 0.822353 0.0480697 9.98829E-05 0.0492729 9.98829E-05 9.98829E-05 9.98829E-05 9.98829E-05 9.98829E-05 0.0111336 9.98829E-05 9.98829E-05 9.98829E-05 9.98829E-05 9.98829E-05
9.98736E-05 9.98736E-05 9.98736E-05 0.415573 9.98736E-05 9.98736E-05 9.98736E-05 9.98736E-05 9.98736E-05 9.98736E-05 0.021496 9.98736E-05 9.98736E-05 9.98736E-05 9.98736E-05 0.110772 9.98736E-05 0.450761
9.99098E-05 0.00778835 9.99098E-05 0.0367577 0.032977 9.99098E-05 0.383292 9.99098E-05 9.99098E-05 9.99098E-05 0.0741261 0.063469 9.99098E-05 9.99098E-05 9.99098E-05 0.20695 9.99098E-05 0.193641
9.99008E-05 0.0182991 9.99008E-05 0.16825 0.483329 9.99008E-05 0.117044 9.99008E-05 0.015994 9.99008E-05 0.135815 9.99008E-05 9.99008E-05 9.99008E-05 9.99008E-05 9.99008E-05 9.99008E-05 0.0601704
9.98919E-05 9.98919E-05 9.98919E-05 0.0748216 9.98919E-05 9.98919E-05 9.98919E-05 9.98919E-05 0.35402 9.98919E-05 0.119154 9.98919E-05 0.142815 9.98919E-05 9.98919E-05 9.98919E-05 0.0876946 0.220296
9.99009E-05 0.00631976 9.99009E-05 0.0169161 0.00770225 9.99009E-05 9.99009E-05 9.99009E-05 0.368701 9.99009E-05 0.43997 9.99009E-05 0.131674 9.99009E-05 9.99009E-05 9.99009E-05 9.99009E-05 0.027617
9.991E-05 9.991E-05 9.991E-05 9.991E-05 9.991E-05 9.991E-05 0.0254273 9.991E-05 0.0126969 9.991E-05 0.46034 0.041939 0.23389 9.991E-05 0.0462701 9.991E-05 0.0577431 0.120694
9.98827E-05 9.98827E-05 9.98827E-05 0.259325 9.98827E-05 9.98827E-05 9.98827E-05 0.107459 0.283666 9.98827E-05 0.326021 9.98827E-05 9.98827E-05 0.02223 9.98827E-05 9.98827E-05 9.98827E-05 9.98827E-05
9.98827E-05 0.283225 9.98827E-05 9.98827E-05 9.98827E-05 9.98827E-05 0.0201774 9.98827E-05 0.46342 9.98827E-05 0.163548 9.98827E-05 9.98827E-05 9.98827E-05 9.98827E-05 9.98827E-05 9.98827E-05 0.0683316
9.98829E-05 9.98829E-05 9.98829E-05 9.98829E-05 9.98829E-05 9.98829E-05 0.0279874 9.98829E-05 0.870417 9.98829E-05 9.98829E-05 0.0259317 0.0677318 9.98829E-05 9.98829E-05 9.98829E-05 0.00663395 9.98829E-05
9.99007E-05 9.99007E-05 9.99007E-05 0.00306914 9.99007E-05 9.99007E-05 9.99007E-05 0.139658 9.99007E-05 0.0356148 9.99007E-05 0.605306 9.99007E-05 0.00981527 9.99007E-05 0.0232143 9.99007E-05 0.182224
9.98737E-05 9.98737E-05 9.98737E-05 0.102423 9.98737E-05 9.98737E-05 9.98737E-05 9.98737E-05 9.98737E-05 0.175647 0.410762 0.30977 9.98737E-05 9.98737E-05 9.98737E-05 9.98737E-05 9.98737E-05 9.98737E-05
9.98828E-05 9.98828E-05 0.018579 9.98828E-05 9.98828E-05 0.0550486 0.0626987 9.98828E-05 9.98828E-05 9.98828E-05 9.98828E-05 0.699455 9.98828E-05 9.98828E-05 9.98828E-05 9.98828E-05 9.98828E-05 0.16292
9.98737E-05 9.98737E-05 9.98737E-05 0.0256932 9.98737E-05 9.98737E-05 9.98737E-05 9.98737E-05 9.98737E-05 0.23131 0.300032 0.441566 9.98737E-05 9.98737E-05 9.98737E-05 9.98737E-05 9.98737E-05 9.98737E-05
9.98737E-05 9.98737E-05 9.98737E-05 0.0918037 9.98737E-05 9.98737E-05 9.98737E-05 9.98737E-05 9.98737E-05 0.117915 0.12048 0.668404 9.98737E-05 9.98737E-05 9.98737E-05 9.98737E-05 9.98737E-05 9.98737E-05
9.98738E-05 0.00375451 9.98738E-05 9.98738E-05 9.98738E-05 0.172415 9.98738E-05 9.98738E-05 0.0248509 9.98738E-05 9.98738E-05 0.797582 9.98738E-05 9.98738E-05 9.98738E-05 9.98738E-05 9.98738E-05 9.98738E-05
9.98738E-05 9.98738E-05 9.98738E-05 9.98738E-05 9.98738E-05 9.98738E-05 9.98738E-05 9.98738E-05 0.25137 0.179671 0.2441 0.32346 9.98738E-05 9.98738E-05 9.98738E-05 9.98738E-05 9.98738E-05 9.98738E-05
9.98647E-05 9.98647E-05 9.98647E-05 9.98647E-05 9.98647E-05 9.98647E-05 9.98647E-05 9.98647E-05 9.98647E-05 9.98647E-05 0.156678 0.765059 9.98647E-05 9.98647E-05 9.98647E-05 0.0767654 9.98647E-05 9.98647E-05
0.547198 9.98828E-05 9.98828E-05 9.98828E-05 0.325997 9.98828E-05 9.98828E-05 0.0765974 9.98828E-05 9.98828E-05 0.0205753 9.98828E-05 9.98828E-05 0.0283342 9.98828E-05 9.98828E-05 9.98828E-05 9.98828E-05
0.538106 9.99009E-05 0.0220866 0.00686056 0.24572 9.99009E-05 9.99009E-05 9.99009E-05 9.99009E-05 9.99009E-05 0.0992358 9.99009E-05 9.99009E-05 9.99009E-05 9.99009E-05 0.0806123 9.99009E-05 0.00627999
0.753615 0.0306966 9.9874E-05 9.9874E-05 0.0577216 9.9874E-05 9.9874E-05 9.9874E-05 9.9874E-05 9.9874E-05 9.9874E-05 9.9874E-05 9.9874E-05 9.9874E-05 9.9874E-05 9.9874E-05 0.156569 9.9874E-05
0.581555 9.98739E-05 0.135184 9.98739E-05 9.98739E-05 0.230726 9.98739E-05 9.98739E-05 9.98739E-05 9.98739E-05 9.98739E-05 0.0511369 9.98739E-05 9.98739E-05 9.98739E-05 9.98739E-05 9.98739E-05 9.98739E-05
0.596131 9.98828E-05 9.98828E-05 0.00505285 0.154314 9.98828E-05 9.98828E-05 0.126996 9.98828E-05 9.98828E-05 9.98828E-05 9.98828E-05 9.98828E-05 0.116208 9.98828E-05 9.98828E-05 9.98828E-05 9.98828E-05
0.197756 9.99098E-05 9.99098E-05 9.99098E-05 9.99098E-05 0.120113 9.99098E-05 0.0685792 9.99098E-05 0.0512788 9.99098E-05 0.124108 0.175721 9.99098E-05 0.0265921 0.234853 9.99098E-05 9.99098E-05
0.438757 9.98828E-05 9.98828E-05 0.024237 0.0229413 9.98828E-05 9.98828E-05 0.0445514 9.98828E-05 0.468215 9.98828E-05 9.98828E-05 9.98828E-05 9.98828E-05 9.98828E-05 9.98828E-05 9.98828E-05 9.98828E-05
0.673048 9.98648E-05 9.98648E-05 9.98648E-05 0.225992 9.98648E-05 9.98648E-05 0.0994625 9.98648E-05 9.98648E-05 9.98648E-05 9.98648E-05 9.98648E-05 9.98648E-05 9.98648E-05 9.98648E-05 9.98648E-05 9.98648E-05
0.640623 9.98739E-05 9.98739E-05 9.98739E-05 0.0166343 9.98739E-05 9.98739E-05 0.0220867 9.98739E-05 9.98739E-05 9.98739E-05 9.98739E-05 9.98739E-05 9.98739E-05 9.98739E-05 0.319258 9.98739E-05 9.98739E-05
0.414291 0.325059 9.98918E-05 9.98918E-05 9.98918E-05 0.102439 9.98918E-05 9.98918E-05 0.035381 9.98918E-05 9.98918E-05 9.98918E-05 9.98918E-05 9.98918E-05 0.0998232 9.98918E-05 9.98918E-05 0.0218082
0.212173 9.98738E-05 9.98738E-05 9.98738E-05 0.568066 9.98738E-05 9.98738E-05 9.98738E-05 9.98738E-05 9.98738E-05 0.0421882 9.98738E-05 9.98738E-05 0.176174 9.98738E-05 9.98738E-05 9.98738E-05 9.98738E-05
0.446856 0.116051 0.0041221 9.98918E-05 9.98918E-05 9.98918E-05 9.98918E-05 9.98918E-05 0.0210255 9.98918E-05 9.98918E-05 9.98918E-05 9.98918E-05 0.0488056 0.361941 9.98918E-05 9.98918E-05 9.98918E-05
0.71841 9.98559E-05 9.98559E-05 9.98559E-05 9.98559E-05 9.98559E-05 9.98559E-05 0.279992 9.98559E-05 9.98559E-05 9.98559E-05 9.98559E-05 9.98559E-05 9.98559E-05 9.98559E-05 9.98559E-05 9.98559E-05 9.98559E-05
0.526142 9.98918E-05 9.98918E-05 9.98918E-05 9.98918E-05 9.98918E-05 9.98918E-05 9.98918E-05 0.01857 9.98918E-05 9.98918E-05 0.0304689 0.0121831 9.98918E-05 0.137205 0.274232 9.98918E-05 9.98918E-05
0.48469 0.123112 9.98919E-05 9.98919E-05 0.067587 9.98919E-05 9.98919E-05 9.98919E-05 9.98919E-05 9.98919E-05 9.98919E-05 9.98919E-05 9.98919E-05 0.004185 9.98919E-05 0.304638 9.98919E-05 0.014589
0.235417 9.99008E-05 9.99008E-05 9.99008E-05 9.99008E-05 0.0785529 0.0112211 0.265725 9.99008E-05 0.295375 9.99008E-05 9.99008E-05 9.99008E-05 9.99008E-05 9.99008E-05 0.0859292 9.99008E-05 0.0266812
0.473897 9.99007E-05 0.00360796 9.99007E-05 9.99007E-05 0.168564 9.99007E-05 9.99007E-05 0.0847917 9.99007E-05 9.99007E-05 0.00930033 0.23175 9.99007E-05 0.0269897 9.99007E-05 9.99007E-05 9.99007E-05
0.356062 9.98737E-05 9.98737E-05 9.98737E-05 9.98737E-05 0.00561478 9.98737E-05 9.98737E-05 9.98737E-05 9.98737E-05 9.98737E-05 9.98737E-05 0.0943478 9.98737E-05 9.98737E-05 9.98737E-05 0.542577 9.98737E-05
0.516654 9.98829E-05 9.98829E-05 0.154232 9.98829E-05 9.98829E-05 9.98829E-05 9.98829E-05 0.00611372 9.98829E-05 0.038586 9.98829E-05 9.98829E-05 9.98829E-05 9.98829E-05 0.283115 9.98829E-05 9.98829E-05
0.675616 9.98738E-05 9.98738E-05 0.00948078 9.98738E-05 9.98738E-05 9.98738E-05 0.167721 9.98738E-05 0.145784 9.98738E-05 9.98738E-05 9.98738E-05 9.98738E-05 9.98738E-05 9.98738E-05 9.98738E-05 9.98738E-05
0.559594 0.287362 9.98738E-05 9.98738E-05 9.98738E-05 9.98738E-05 9.98738E-05 9.98738E-05 9.98738E-05 9.98738E-05 9.98738E-05 9.98738E-05 9.98738E-05 9.98738E-05 9.98738E-05 0.11728 9.98738E-05 0.0343647
0.536788 0.201439 9.98829E-05 9.98829E-05 0.00108207 9.98829E-05 9.98829E-05 9.98829E-05 9.98829E-05 9.98829E-05 9.98829E-05 9.98829E-05 0.203877 9.98829E-05 9.98829E-05 9.98829E-05 0.0555152 9.98829E-05
9.99279E-05 0.337473 9.99279E-05 9.99279E-05 9.99279E-05 0.236452 9.99279E-05 0.0140031 0.052375 0.0691918 9.99279E-05 0.0310659 0.154508 0.00771744 0.0012328 0.0951812 9.99279E-05 9.99279E-05
9.98917E-05 9.98917E-05 0.0667444 9.98917E-05 9.98917E-05 0.0471338 9.98917E-05 9.98917E-05 9.98917E-05 0.163764 9.98917E-05 0.0376477 9.98917E-05 0.661287 9.98917E-05 0.0222243 9.98917E-05 9.98917E-05
9.99278E-05 0.0425302 9.99278E-05 9.99278E-05 9.99278E-05 0.0489857 9.99278E-05 0.00984006 0.00703386 0.112023 0.0137695 0.0162999 0.197378 9.99278E-05 9.99278E-05 0.0321376 0.519202 9.99278E-05
9.98828E-05 9.98828E-05 9.98828E-05 9.98828E-05 9.98828E-05 9.98828E-05 9.98828E-05 0.451314 9.98828E-05 0.0642798 9.98828E-05 0.0047281 0.14815 9.98828E-05 9.98828E-05 0.33023 9.98828E-05 9.98828E-05
9.98827E-05 9.98827E-05 9.98827E-05 0.018229 0.170851 9.98827E-05 9.98827E-05 0.0380037 9.98827E-05 9.98827E-05 0.00383267 9.98827E-05 9.98827E-05 0.767786 9.98827E-05 9.98827E-05 9.98827E-05 9.98827E-05
9.98738E-05 9.98738E-05 9.98738E-05 9.98738E-05 9.98738E-05 0.0901974 9.98738E-05 9.98738E-05 9.98738E-05 9.98738E-05 9.98738E-05 9.98738E-05 0.459886 9.98738E-05 0.355054 0.0934648 9.98738E-05 9.98738E-05
9.99008E-05 0.0168723 0.0135625 9.99008E-05 9.99008E-05 0.00190813 9.99008E-05 9.99008E-05 9.99008E-05 9.99008E-05 9.99008E-05 9.99008E-05 0.065235 0.675494 0.171868 9.99008E-05 9.99008E-05 0.0539611
0.0058052 0.0342455 9.99008E-05 9.99008E-05 9.99008E-05 9.99008E-05 9.99008E-05 9.99008E-05 0.0856742 0.274199 9.99008E-05 0.0525677 0.18905 9.99008E-05 9.99008E-05 0.35736 9.99008E-05 9.99008E-05
9.98828E-05 9.98828E-05 0.150298 9.98828E-05 9.98828E-05 9.98828E-05 9.98828E-05 9.98828E-05 9.98828E-05 9.98828E-05 9.98828E-05 9.98828E-05 0.247761 0.522374 9.98828E-05 9.98828E-05 0.0222502 0.0560183
9.98827E-05 9.98827E-05 9.98827E-05 0.303138 9.98827E-05 9.98827E-05 9.98827E-05 0.0477023 9.98827E-05 0.170241 9.98827E-05 9.98827E-05 0.168523 0.309097 9.98827E-05 9.98827E-05 9.98827E-05 9.98827E-05
9.99097E-05 0.237153 0.198158 9.99097E-05 9.99097E-05 0.0175975 9.99097E-05 9.99097E-05 0.052844 9.99097E-05 9.99097E-05 9.99097E-05 0.310834 0.0203718 0.141964 0.0200798 9.99097E-05 9.99097E-05
9.98881E-05 9.98881E-05 0.116697 9.98881E-05 9.98881E-05 0.00367346 0.00426844 9.98881E-05 9.98881E-05 9.98881E-05 9.98881E-05 9.98881E-05 9.98881E-05 0.446364 9.98881E-05 9.98881E-05 0.427698 9.98881E-05
9.98738E-05 9.98738E-05 9.98738E-05 0.0906487 0.146473 9.98738E-05 9.98738E-05 9.98738E-05 9.98738E-05 0.0570241 9.98738E-05 9.98738E-05 9.98738E-05 0.704456 9.98738E-05 9.98738E-05 9.98738E-05 9.98738E-05
9.98828E-05 0.0967899 9.98828E-05 9.98828E-05 9.98828E-05 0.455446 9.98828E-05 0.0188244 9.98828E-05 9.98828E-05 9.98828E-05 9.98828E-05 0.206626 9.98828E-05 0.221015 9.98828E-05 9.98828E-05 9.98828E-05
9.98918E-05 9.98918E-05 0.282389 9.98918E-05 9.98918E-05 9.98918E-05 9.98918E-05 9.98918E-05 0.0660552 9.98918E-05 9.98918E-05 9.98918E-05 0.347091 0.279281 9.98918E-05 9.98918E-05 0.0231782 0.000807123
9.98738E-05 9.98738E-05 9.98738E-05 9.98738E-05 9.98738E-05 9.98738E-05 9.98738E-05 9.98738E-05 9.98738E-05 0.183659 9.98738E-05 9.98738E-05 0.678837 9.98738E-05 0.124134 9.98738E-05 9.98738E-05 0.0119729
9.98738E-05 9.98738E-05 9.98738E-05 0.0973251 0.0907135 9.98738E-05 9.98738E-05 0.105762 9.98738E-05 9.98738E-05 9.98738E-05 9.98738E-05 9.98738E-05 0.704801 9.98738E-05 9.98738E-05 9.98738E-05 9.98738E-05
9.98827E-05 9.98827E-05 0.233876 9.98827E-05 9.98827E-05 9.98827E-05 9.98827E-05 9.98827E-05 0.011717 9.98827E-05 9.98827E-05 0.0108345 0.647565 0.0947093 9.98827E-05 9.98827E-05 9.98827E-05 9.98827E-05
9.99188E-05 0.21668 0.0759983 9.99188E-05 9.99188E-05 0.253649 9.99188E-05 9.99188E-05 0.0194288 0.0207918 9.99188E-05 0.00415576 0.0663645 9.99188E-05 0.253896 0.0881359 9.99188E-05 9.99188E-05
9.99007E-05 9.99007E-05 9.99007E-05 9.99007E-05 9.99007E-05 9.99007E-05 9.99007E-05 0.0688792 9.99007E-05 0.243666 9.99007E-05 0.1221 0.114434 0.0489328 0.0281752 0.372714 9.99007E-05 9.99007E-05
0.065964 0.11029 9.99102E-05 0.163251 9.99102E-05 0.154137 9.99102E-05 0.000100284 9.99102E-05 9.99102E-05 9.99102E-05 9.99102E-05 0.156358 9.99102E-05 9.99102E-05 0.109952 0.238948 9.99102E-05
9.99009E-05 0.121406 9.99009E-05 0.0999819 9.99009E-05 9.99009E-05 9.99009E-05 0.0749854 9.99009E-05 9.99009E-05 9.99009E-05 0.0656894 0.632394 0.000495458 9.99009E-05 9.99009E-05 0.00394911 9.99009E-05
9.98828E-05 9.98828E-05 9.98828E-05 0.0293083 9.98828E-05 9.98828E-05 9.98828E-05 0.327232 9.98828E-05 0.00309249 9.98828E-05 9.98828E-05 0.00111662 0.637953 9.98828E-05 9.98828E-05 9.98828E-05 9.98828E-05
9.99008E-05 9.99008E-05 0.387923 9.99008E-05 9.99008E-05 9.99008E-05 0.00236617 9.99008E-05 9.99008E-05 0.284559 0.0280271 9.99008E-05 0.138639 9.99008E-05 0.102477 9.99008E-05 9.99008E-05 0.0549096
9.98826E-05 9.98826E-05 0.0311801 9.98826E-05 9.98826E-05 0.00391863 9.98826E-05 9.98826E-05 9.98826E-05 9.98826E-05 9.98826E-05 0.107169 9.98826E-05 0.479044 9.98826E-05 0.377389 9.98826E-05 9.98826E-05
0.168801 9.99009E-05 9.99009E-05 0.0692458 9.99009E-05 9.99009E-05 0.0510274 0.318776 9.99009E-05 9.99009E-05 0.00311252 9.99009E-05 9.99009E-05 0.0877526 9.99009E-05 0.300186 9.99009E-05 9.99009E-05
0.13741 9.99098E-05 0.314262 9.99098E-05 9.99098E-05 9.99098E-05 0.00808202 0.111968 0.0273922 9.99098E-05 9.99098E-05 9.99098E-05 0.334149 9.99098E-05 0.0304135 9.99098E-05 9.99098E-05 0.0353244
0.00859755 0.614288 0.155825 9.98827E-05 9.98827E-05 9.98827E-05 9.98827E-05 9.98827E-05 9.98827E-05 9.98827E-05 0.0561986 9.98827E-05 9.98827E-05 9.98827E-05 9.98827E-05 0.163793 9.98827E-05 9.98827E-05
9.98829E-05 9.98829E-05 9.98829E-05 0.135749 0.628191 9.98829E-05 9.98829E-05 0.120117 9.98829E-05 9.98829E-05 9.98829E-05 9.98829E-05 0.0854195 0.0292248 9.98829E-05 9.98829E-05 9.98829E-05 9.98829E-05
0.0685421 9.98918E-05 9.98918E-05 9.98918E-05 0.0478654 9.98918E-05 0.0714979 9.98918E-05 9.98918E-05 0.118586 9.98918E-05 9.98918E-05 9.98918E-05 0.168861 9.98918E-05 0.523449 9.98918E-05 9.98918E-05
0.0785486 9.99098E-05 0.0870807 9.99098E-05 9.99098E-05 9.99098E-05 9.99098E-05 0.554559 0.0225569 0.210377 9.99098E-05 9.99098E-05 9.99098E-05 9.99098E-05 0.0140233 0.00119002 9.99098E-05 0.0306651
9.99009E-05 0.194079 9.99009E-05 9.99009E-05 9.99009E-05 9.99009E-05 9.99009E-05 0.115893 9.99009E-05 9.99009E-05 9.99009E-05 9.99009E-05 0.00873578 0.129002 0.41038 0.0990577 9.99009E-05 0.0417542
9.98738E-05 9.98738E-05 9.98738E-05 9.98738E-05 9.98738E-05 9.98738E-05 9.98738E-05 0.778826 9.98738E-05 0.0982384 9.98738E-05 9.98738E-05 0.0466251 0.0749122 9.98738E-05 9.98738E-05 9.98738E-05 9.98738E-05
9.98918E-05 9.98918E-05 0.0721536 9.98918E-05 9.98918E-05 9.98918E-05 9.98918E-05 9.98918E-05 9.98918E-05 0.085916 9.98918E-05 9.98918E-05 0.479019 9.98918E-05 0.186556 0.0450453 0.130112 9.98918E-05
9.98828E-05 9.98828E-05 9.98828E-05 9.98828E-05 9.98828E-05 0.00382388 9.98828E-05 0.854597 9.98828E-05 9.98828E-05 9.98828E-05 9.98828E-05 0.0349161 0.0343647 9.98828E-05 0.0710003 9.98828E-05 9.98828E-05
9.99009E-05 0.179048 0.115426 9.99009E-05 0.0477521 9.99009E-05 9.99009E-05 0.00894697 9.99009E-05 9.99009E-05 9.99009E-05 9.99009E-05 9.99009E-05 0.215345 9.99009E-05 0.069579 0.362804 9.99009E-05
0.0398365 0.237323 0.094283 9.99008E-05 9.99008E-05 9.99008E-05 9.99008E-05 9.99008E-05 9.99008E-05 0.0698181 9.99008E-05 9.99008E-05 0.225551 0.00653458 9.99008E-05 9.99008E-05 0.325554 9.99008E-05
0.0689823 0.193585 0.0815574 9.98921E-05 9.98921E-05 9.98921E-05 9.98921E-05 9.98921E-05 9.98921E-05 9.98921E-05 0.0838502 9.98921E-05 9.98921E-05 0.00785685 9.98921E-05 0.56297 9.98921E-05 9.98921E-05
0.0388543 0.0864832 9.98918E-05 9.98918E-05 9.98918E-05 9.98918E-05 9.98918E-05 9.98918E-05 0.048756 0.235597 9.98918E-05 9.98918E-05 0.119311 9.98918E-05 9.98918E-05 0.4698 9.98918E-05 9.98918E-05
0.0504148 0.0404681 0.0195083 9.98919E-05 0.107436 9.98919E-05 9.98919E-05 9.98919E-05 9.98919E-05 9.98919E-05 9.98919E-05 9.98919E-05 9.98919E-05 9.98919E-05 9.98919E-05 0.742988 9.98919E-05 0.0379858
0.131275 0.0739707 9.99009E-05 9.99009E-05 0.0127539 9.99009E-05 9.99009E-05 0.138011 9.99009E-05 9.99009E-05 9.99009E-05 9.99009E-05 0.34193 9.99009E-05 9.99009E-05 0.104334 0.196626 9.99009E-05
9.99099E-05 9.99099E-05 9.99099E-05 0.006809 0.563392 0.00759227 9.99099E-05 0.182369 9.99099E-05 0.0535264 9.99099E-05 9.99099E-05 9.99099E-05 0.0447244 0.00197802 0.138611 9.99099E-05 9.99099E-05
9.98828E-05 0.00541903 0.0262016 9.98828E-05 0.39955 9.98828E-05 9.98828E-05 0.236567 9.98828E-05 9.98828E-05 9.98828E-05 9.98828E-05 9.98828E-05 0.330963 9.98828E-05 9.98828E-05 9.98828E-05 9.98828E-05
9.99009E-05 9.99009E-05 0.198147 0.0671811 9.99009E-05 9.99009E-05 0.00189816 0.153502 9.99009E-05 0.438368 9.99009E-05 9.99009E-05 9.99009E-05 0.0284111 9.99009E-05 0.111394 9.99009E-05 9.99009E-05
9.98829E-05 9.98829E-05 0.154878 0.0539089 0.0254541 9.98829E-05 9.98829E-05 0.754199 9.98829E-05 9.98829E-05 0.010262 9.98829E-05 9.98829E-05 9.98829E-05 9.98829E-05 9.98829E-05 9.98829E-05 9.98829E-05
9.98828E-05 9.98828E-05 9.98828E-05 9.98828E-05 0.864723 0.0101192 9.98828E-05 0.0267882 9.98828E-05 9.98828E-05 9.98828E-05 9.98828E-05 0.0316575 9.98828E-05 0.0654138 9.98828E-05 9.98828E-05 9.98828E-05
0.00249038 9.99098E-05 0.242254 0.135009 9.99098E-05 9.99098E-05 9.99098E-05 9.99098E-05 9.99098E-05 0.367127 0.0690659 0.000352066 9.99098E-05 0.138725 9.99098E-05 0.0439785 9.99098E-05 9.99098E-05
9.99007E-05 9.99007E-05 9.99007E-05 9.99007E-05 9.99007E-05 9.99007E-05 9.99007E-05 0.380093 9.99007E-05 0.225738 9.99007E-05 0.0515849 0.080907 0.038552 0.0547171 0.167309 9.99007E-05 9.99007E-05
9.9901E-05 9.9901E-05 0.0979783 9.9901E-05 9.9901E-05 0.749208 0.00523073 9.9901E-05 9.9901E-05 9.9901E-05 9.9901E-05 0.0403399 9.9901E-05 0.0495425 9.9901E-05 9.9901E-05 0.0114602 0.0451412
9.99098E-05 9.99098E-05 9.99098E-05 9.99098E-05 9.99098E-05 0.617591 0.0313063 9.99098E-05 9.99098E-05 0.0757157 9.99098E-05 9.99098E-05 0.174618 9.99098E-05 0.0465334 0.000220054 0.00866986 0.0443464
9.99008E-05 9.99008E-05 9.99008E-05 9.99008E-05 9.99008E-05 0.135399 0.0687229 9.99008E-05 9.99008E-05 0.55902 9.99008E-05 0.0503641 9.99008E-05 9.99008E-05 0.00629515 0.175485 9.99008E-05 0.00361497
9.98917E-05 9.98917E-05 0.00391383 9.98917E-05 9.98917E-05 0.415258 0.0199991 9.98917E-05 9.98917E-05 0.0942963 9.98917E-05 9.98917E-05 0.173347 9.98917E-05 0.291986 9.98917E-05 9.98917E-05 9.98917E-05
9.98829E-05 9.98829E-05 9.98829E-05 9.98829E-05 0.0535282 0.851182 0.0178417 9.98829E-05 9.98829E-05 9.98829E-05 9.98829E-05 9.98829E-05 0.0244505 9.98829E-05 0.051699 9.98829E-05 9.98829E-05 9.98829E-05
9.98828E-05 9.98828E-05 9.98828E-05 9.98828E-05 9.98828E-05 0.362776 9.98828E-05 9.98828E-05 9.98828E-05 0.0611707 9.98828E-05 9.98828E-05 0.0342686 9.98828E-05 9.98828E-05 9.98828E-05 0.458254 0.0822318
0.00576921 9.99099E-05 9.99099E-05 9.99099E-05 9.99099E-05 0.584836 0.0228166 9.99099E-05 9.99099E-05 0.0395653 9.99099E-05 9.99099E-05 0.2151 0.0185631 0.0227597 9.99099E-05 0.0895906 9.99099E-05
9.99099E-05 9.99099E-05 9.99099E-05 0.10088 9.99099E-05 0.183873 0.00824293 0.0978021 9.99099E-05 0.565509 9.99099E-05 0.0037815 9.99099E-05 0.0312291 9.99099E-05 9.99099E-05 9.99099E-05 0.00768269
9.9883E-05 9.9883E-05 9.9883E-05 0.0906486 0.20046 9.9883E-05 9.9883E-05 0.0954721 9.9883E-05 0.306352 9.9883E-05 9.9883E-05 9.9883E-05 0.305768 9.9883E-05 9.9883E-05 9.9883E-05 9.9883E-05
0.0783875 9.99188E-05 0.201393 9.99188E-05 9.99188E-05 0.228635 0.00575343 9.99188E-05 0.0441862 0.213008 9.99188E-05 0.0786195 0.0112162 9.99188E-05 9.99188E-05 0.137901 9.99188E-05 9.99188E-05
0.0460333 9.9883E-05 9.9883E-05 0.112888 0.0553842 0.0639736 9.9883E-05 9.9883E-05 9.9883E-05 0.720422 9.9883E-05 9.9883E-05 9.9883E-05 9.9883E-05 9.9883E-05 9.9883E-05 9.9883E-05 9.9883E-05
9.9919E-05 9.9919E-05 9.9919E-05 9.9919E-05 9.9919E-05 0.000994725 0.181576 9.9919E-05 9.9919E-05 0.588392 9.9919E-05 0.105322 9.9919E-05 0.0135764 0.0281179 0.0631271 0.0126134 0.00538019
0.022778 9.99098E-05 9.99098E-05 9.99098E-05 9.99098E-05 0.301665 9.99098E-05 0.0698676 9.99098E-05 0.321635 9.99098E-05 0.140735 0.0278623 9.99098E-05 0.0555626 0.0588958 9.99098E-05 9.99098E-05
9.98829E-05 9.98829E-05 0.00835298 9.98829E-05 9.98829E-05 9.98829E-05 9.98829E-05 0.132509 9.98829E-05 0.697568 0.0196086 9.98829E-05 9.98829E-05 0.140663 9.98829E-05 9.98829E-05 9.98829E-05 9.98829E-05
0.0664536 9.99009E-05 0.0465448 9.99009E-05 0.0190747 0.20865 9.99009E-05 0.0675052 9.99009E-05 0.536103 0.0545697 9.99009E-05 9.99009E-05 9.99009E-05 9.99009E-05 9.99009E-05 9.99009E-05 9.99009E-05
9.99008E-05 9.99008E-05 0.620812 0.00767977 9.99008E-05 9.99008E-05 9.99008E-05 9.99008E-05 9.99008E-05 0.0863497 0.0200911 9.99008E-05 0.0784415 9.99008E-05 9.99008E-05 0.134301 9.99008E-05 0.0512255
9.99201E-05 9.99201E-05 0.0630612 0.0223555 9.99201E-05 0.0142639 9.99201E-05 0.0936615 0.0640593 0.492692 9.99201E-05 0.0757787 9.99201E-05 9.99201E-05 0.133896 0.0356859 9.99201E-05 0.00374631
0.127728 9.98918E-05 9.98918E-05 9.98918E-05 9.98918E-05 0.275363 0.0226773 9.98918E-05 9.98918E-05 0.491685 0.0268222 9.98918E-05 9.98918E-05 9.98918E-05 9.98918E-05 0.0545257 9.98918E-05 9.98918E-05
9.99008E-05 0.0482016 0.0928418 9.99008E-05 9.99008E-05 0.294943 9.99008E-05 0.0183961 9.99008E-05 0.0498097 9.99008E-05 9.99008E-05 0.0399033 9.99008E-05 0.454806 9.99008E-05 9.99008E-05 9.99008E-05
0.0160851 9.991E-05 0.105236 9.991E-05 9.991E-05 0.364343 9.991E-05 9.991E-05 0.0016782 0.155638 9.991E-05 0.0525827 9.991E-05 9.991E-05 0.0393856 0.264053 9.991E-05 9.991E-05
9.98919E-05 9.98919E-05 9.98919E-05 0.152096 0.141326 9.98919E-05 9.98919E-05 9.98919E-05 0.0034928 0.612987 9.98919E-05 9.98919E-05 9.98919E-05 9.98919E-05 0.0408923 9.98919E-05 0.0480073 9.98919E-05
0.0509545 9.99098E-05 9.99098E-05 9.99098E-05 9.99098E-05 9.99098E-05 9.99098E-05 0.0506322 0.0213936 0.680849 0.00971872 0.0595647 0.086684 9.99098E-05 9.99098E-05 0.0392038 9.99098E-05 9.99098E-05
9.9883E-05 9.9883E-05 9.9883E-05 0.0622548 0.0701587 9.9883E-05 9.9883E-05 0.189718 9.9883E-05 0.471623 9.9883E-05 9.9883E-05 9.9883E-05 0.204947 9.9883E-05 9.9883E-05 9.9883E-05 9.9883E-05
9.99008E-05 0.035259 0.084049 9.99008E-05 9.99008E-05 0.44012 9.99008E-05 9.99008E-05 9.99008E-05 0.0328231 9.99008E-05 9.99008E-05 0.268625 9.99008E-05 0.00792039 0.130105 9.99008E-05 9.99008E-05
9.98919E-05 9.98919E-05 0.0752156 9.98919E-05 9.98919E-05 0.219127 9.98919E-05 9.98919E-05 9.98919E-05 0.173609 9.98919E-05 0.107951 9.98919E-05 9.98919E-05 0.0767803 0.346118 9.98919E-05 9.98919E-05
9.98829E-05 9.98829E-05 0.00421332 0.119064 9.98829E-05 9.98829E-05 9.98829E-05 0.198524 9.98829E-05 0.540354 9.98829E-05 9.98829E-05 9.98829E-05 0.136547 9.98829E-05 9.98829E-05 9.98829E-05 9.98829E-05
0.0850842 0.033747 0.558546 9.99009E-05 9.99009E-05 0.118281 9.99009E-05 9.99009E-05 0.0353617 9.99009E-05 9.99009E-05 9.99009E-05 0.095641 9.99009E-05 9.99009E-05 9.99009E-05 0.0722395 9.99009E-05
9.98828E-05 0.0385327 0.462585 9.98828E-05 9.98828E-05 9.98828E-05 9.98828E-05 9.98828E-05 9.98828E-05 9.98828E-05 9.98828E-05 9.98828E-05 9.98828E-05 0.140027 0.356398 9.98828E-05 9.98828E-05 0.00115982
0.0316967 9.99189E-05 9.99189E-05 0.129578 9.99189E-05 9.99189E-05 0.0223173 0.502107 9.99189E-05 0.0486599 0.00633754 0.0898497 9.99189E-05 0.0228333 9.99189E-05 0.145721 9.99189E-05 9.99189E-05
0.0445249 9.99008E-05 0.203555 9.99008E-05 9.99008E-05 9.99008E-05 0.0335611 0.221103 9.99008E-05 9.99008E-05 9.99008E-05 9.99008E-05 9.99008E-05 0.328245 9.99008E-05 0.153041 9.99008E-05 0.0148714
9.99047E-05 9.99047E-05 0.236698 9.99047E-05 0.00618879 0.179002 9.99047E-05 9.99047E-05 9.99047E-05 9.99047E-05 9.99047E-05 0.0591834 9.99047E-05 0.0855331 0.377461 9.99047E-05 9.99047E-05 0.0548359
9.99008E-05 9.99008E-05 0.356483 9.99008E-05 9.99008E-05 0.251646 0.0183012 9.99008E-05 9.99008E-05 9.99008E-05 9.99008E-05 9.99008E-05 0.168541 0.141274 9.99008E-05 9.99008E-05 0.0530706 0.0095848
9.99009E-05 9.99009E-05 0.422483 9.99009E-05 9.99009E-05 0.11158 0.120262 9.99009E-05 9.99009E-05 9.99009E-05 9.99009E-05 9.99009E-05 0.196853 0.00278359 0.0678119 9.99009E-05 0.0771279 9.99009E-05
9.98829E-05 9.98829E-05 0.0768396 0.115923 0.339805 9.98829E-05 9.98829E-05 0.257848 9.98829E-05 9.98829E-05 9.98829E-05 9.98829E-05 9.98829E-05 0.208286 9.98829E-05 9.98829E-05 9.98829E-05 9.98829E-05
