9.9946E-05 0.506492 9.9946E-05 0.0240411 0.0804966 9.9946E-05 9.9946E-05 0.340899 9.9946E-05 0.0474722 9.9946E-05
9.99549E-05 0.371 0.150941 0.0163949 9.99549E-05 9.99549E-05 9.99549E-05 0.333966 0.085723 0.0414748 9.99549E-05
0.00959063 0.128766 0.0443246 0.0125544 0.00826125 0.0811142 9.99729E-05 9.99729E-05 0.657182 0.0579071 9.99729E-05
0.271995 0.306834 0.173758 9.99459E-05 0.0456179 9.99459E-05 9.99459E-05 0.201194 9.99459E-05 9.99459E-05 9.99459E-05
0.173554 9.99639E-05 0.168791 0.197463 0.00704759 0.0555684 9.99639E-05 0.353032 9.99639E-05 9.99639E-05 0.0441435
9.996E-05 0.487555 9.996E-05 0.0415339 9.996E-05 0.205668 9.996E-05 0.0971595 0.0590998 0.0498684 0.058716
0.0148612 0.332198 9.99459E-05 9.99459E-05 9.99459E-05 9.99459E-05 0.0424385 9.99459E-05 0.608869 9.99459E-05 0.00103403
9.9946E-05 0.362512 9.9946E-05 9.9946E-05 9.9946E-05 0.108606 9.9946E-05 0.149483 0.20041 0.178388 9.9946E-05
0.192466 0.394046 0.15279 9.99459E-05 9.99459E-05 9.99459E-05 9.99459E-05 0.166148 9.99459E-05 0.0939504 9.99459E-05
9.99459E-05 0.0354523 9.99459E-05 9.99459E-05 0.0936064 0.465255 0.103874 9.99459E-05 0.301213 9.99459E-05 9.99459E-05
0.0532062 0.230424 0.553351 0.0534782 0.00302494 0.00629604 9.9964E-05 0.0998199 9.9964E-05 9.9964E-05 9.9964E-05
0.173791 0.0814473 0.284939 9.99549E-05 9.99549E-05 0.140256 9.99549E-05 0.306669 9.99549E-05 0.0123968 9.99549E-05
0.282323 0.167737 0.0781347 0.229846 0.0101301 9.997E-05 0.00972464 9.997E-05 0.164234 9.997E-05 0.0575708
9.99369E-05 0.487155 9.99369E-05 9.99369E-05 9.99369E-05 0.110075 9.99369E-05 9.99369E-05 0.326824 0.0752465 9.99369E-05
9.9937E-05 0.0339262 0.645497 9.9937E-05 9.9937E-05 0.0173277 9.9937E-05 0.30255 9.9937E-05 9.9937E-05 9.9937E-05
9.99549E-05 0.179856 9.99549E-05 9.99549E-05 0.0318541 0.115123 0.203692 9.99549E-05 0.412126 9.99549E-05 0.056848
0.0426982 0.460508 9.99279E-05 9.99279E-05 9.99279E-05 9.99279E-05 9.99279E-05 9.99279E-05 0.495994 9.99279E-05 9.99279E-05
9.99549E-05 0.37405 0.0517704 0.0038852 9.99549E-05 9.99549E-05 9.99549E-05 0.0332263 0.528089 0.00847987 9.99549E-05
0.333806 0.240443 0.00438173 0.00312713 9.9964E-05 9.9964E-05 9.9964E-05 0.243669 0.128131 0.0460421 9.9964E-05
9.9937E-05 9.9937E-05 0.164552 0.0128751 0.816553 9.9937E-05 9.9937E-05 9.9937E-05 9.9937E-05 0.00532012 9.9937E-05
0.158513 9.9919E-05 9.9919E-05 9.9919E-05 0.840588 9.9919E-05 9.9919E-05 9.9919E-05 9.9919E-05 9.9919E-05 9.9919E-05
9.99278E-05 0.103335 9.99278E-05 0.0083218 0.887543 9.99278E-05 9.99278E-05 9.99278E-05 9.99278E-05 9.99278E-05 9.99278E-05
0.373821 9.99279E-05 9.99279E-05 9.99279E-05 0.617291 9.99279E-05 9.99279E-05 9.99279E-05 9.99279E-05 0.0080884 9.99279E-05
0.112551 9.99369E-05 0.173561 9.99369E-05 0.660168 9.99369E-05 9.99369E-05 9.99369E-05 9.99369E-05 0.0530205 9.99369E-05
9.99549E-05 0.0811573 9.99549E-05 9.99549E-05 0.447683 0.0319066 9.99549E-05 9.99549E-05 0.206528 0.0818321 0.150393
9.99369E-05 9.99369E-05 0.277394 9.99369E-05 0.29321 9.99369E-05 9.99369E-05 0.074548 9.99369E-05 0.354149 9.99369E-05
9.994E-05 9.994E-05 9.994E-05 9.994E-05 0.264429 0.0392362 0.418423 9.994E-05 0.0446883 9.994E-05 0.232623
0.0788943 9.9964E-05 0.147829 0.113032 0.300428 9.9964E-05 0.02287 0.0939431 9.9964E-05 0.242604 9.9964E-05
9.99369E-05 0.113805 9.99369E-05 0.0286079 0.855584 9.99369E-05 0.00130381 9.99369E-05 9.99369E-05 9.99369E-05 9.99369E-05
0.158721 9.99279E-05 0.0137687 9.99279E-05 0.826711 9.99279E-05 9.99279E-05 9.99279E-05 9.99279E-05 9.99279E-05 9.99279E-05
0.114244 9.99461E-05 9.99461E-05 9.99461E-05 0.589995 9.99461E-05 0.124893 9.99461E-05 0.134946 0.0353216 9.99461E-05
9.996E-05 0.0844169 9.996E-05 0.0986757 0.151686 0.007209 0.0625551 9.996E-05 9.996E-05 0.356019 0.239038
9.99278E-05 9.99278E-05 9.99278E-05 9.99278E-05 0.633583 9.99278E-05 0.152613 9.99278E-05 0.213005 9.99278E-05 9.99278E-05
9.99369E-05 0.11202 9.99369E-05 9.99369E-05 0.644833 9.99369E-05 9.99369E-05 9.99369E-05 0.173685 0.0687634 9.99369E-05
0.147569 9.99279E-05 0.0371602 9.99279E-05 0.814471 9.99279E-05 9.99279E-05 9.99279E-05 9.99279E-05 9.99279E-05 9.99279E-05
0.0227759 9.99279E-05 0.253779 9.99279E-05 0.722645 9.99279E-05 9.99279E-05 9.99279E-05 9.99279E-05 9.99279E-05 9.99279E-05
9.99279E-05 9.99279E-05 0.286348 9.99279E-05 0.705038 9.99279E-05 0.00781486 9.99279E-05 9.99279E-05 9.99279E-05 9.99279E-05
0.296241 9.99279E-05 9.99279E-05 9.99279E-05 0.653095 9.99279E-05 9.99279E-05 0.0498651 9.99279E-05 9.99279E-05 9.99279E-05
9.99278E-05 0.139186 9.99278E-05 9.99278E-05 9.99278E-05 9.99278E-05 9.99278E-05 0.0549993 9.99278E-05 9.99278E-05 0.805015
9.9928E-05 9.9928E-05 9.9928E-05 0.033687 9.9928E-05 9.9928E-05 0.26518 9.9928E-05 9.9928E-05 9.9928E-05 0.700334
9.995E-05 9.995E-05 9.995E-05 9.995E-05 0.0498323 0.134922 0.247649 9.995E-05 0.129809 0.105515 0.331772
0.308536 9.9955E-05 9.9955E-05 0.00949911 0.00291011 9.9955E-05 0.110396 9.9955E-05 9.9955E-05 0.0939665 0.474193
9.99278E-05 0.184361 9.99278E-05 9.99278E-05 0.263095 9.99278E-05 9.99278E-05 9.99278E-05 9.99278E-05 9.99278E-05 0.551744
9.9955E-05 9.9955E-05 9.9955E-05 9.9955E-05 0.0818453 0.109471 0.0131469 9.9955E-05 0.226868 0.0404494 0.52772
0.179498 9.9937E-05 0.0597673 9.9937E-05 9.9937E-05 9.9937E-05 9.9937E-05 0.194533 9.9937E-05 0.565502 9.9937E-05
9.99279E-05 9.99279E-05 0.212273 9.99279E-05 9.99279E-05 9.99279E-05 9.99279E-05 0.244486 9.99279E-05 9.99279E-05 0.542442
9.99459E-05 9.99459E-05 9.99459E-05 9.99459E-05 0.184389 0.0475542 0.0862258 9.99459E-05 0.278884 9.99459E-05 0.402347
9.99279E-05 0.165899 0.0267631 9.99279E-05 9.99279E-05 9.99279E-05 9.99279E-05 9.99279E-05 9.99279E-05 9.99279E-05 0.806538
9.99189E-05 9.99189E-05 9.99189E-05 9.99189E-05 9.99189E-05 9.99189E-05 0.634428 9.99189E-05 9.99189E-05 9.99189E-05 0.364673
0.0218766 9.9946E-05 0.0428636 9.9946E-05 9.9946E-05 9.9946E-05 9.9946E-05 0.217284 9.9946E-05 0.0745885 0.642787
9.99189E-05 9.99189E-05 9.99189E-05 9.99189E-05 9.99189E-05 9.99189E-05 0.262233 9.99189E-05 9.99189E-05 9.99189E-05 0.736867
0.264163 9.995E-05 0.00599508 0.0888916 0.0963602 9.995E-05 0.00829522 9.995E-05 9.995E-05 9.995E-05 0.535795
9.99369E-05 9.99369E-05 0.436086 9.99369E-05 0.0654583 9.99369E-05 9.99369E-05 9.99369E-05 9.99369E-05 0.228777 0.268979
9.9937E-05 9.9937E-05 0.429001 9.9937E-05 9.9937E-05 9.9937E-05 9.9937E-05 0.0248456 9.9937E-05 0.136636 0.408817
0.345543 9.9955E-05 9.9955E-05 9.9955E-05 0.0464081 9.9955E-05 0.0336132 0.135683 9.9955E-05 0.159407 0.278846
0.434573 9.99279E-05 9.99279E-05 9.99279E-05 0.28229 9.99279E-05 9.99279E-05 9.99279E-05 9.99279E-05 0.282337 9.99279E-05
9.99639E-05 0.0781884 9.99639E-05 0.0389904 9.99639E-05 0.0325576 0.00614704 9.99639E-05 0.070386 0.013971 0.75936
0.0719062 9.9964E-05 0.00323297 0.0381162 0.0213804 9.9964E-05 0.147786 9.9964E-05 9.9964E-05 0.274045 0.443133
9.99459E-05 0.0138319 9.99459E-05 0.0216474 9.99459E-05 9.99459E-05 0.230711 9.99459E-05 9.99459E-05 0.0911231 0.642087
0.0305822 9.99369E-05 0.0890132 9.99369E-05 9.99369E-05 9.99369E-05 9.99369E-05 0.132036 9.99369E-05 9.99369E-05 0.747669
9.99549E-05 0.0587388 0.152202 9.99549E-05 0.0119507 9.99549E-05 9.99549E-05 0.0414755 9.99549E-05 0.143912 0.591221
9.99369E-05 9.99369E-05 0.156719 9.99369E-05 9.99369E-05 9.99369E-05 9.99369E-05 0.164135 9.99369E-05 0.0993471 0.5791
9.99459E-05 9.99459E-05 9.99459E-05 0.158857 9.99459E-05 9.99459E-05 0.112018 9.99459E-05 0.0721717 0.357136 0.299218
0.435411 9.99369E-05 9.99369E-05 9.99369E-05 0.0269097 9.99369E-05 9.99369E-05 0.0162717 9.99369E-05 9.99369E-05 0.520708
9.99369E-05 9.99369E-05 9.99369E-05 9.99369E-05 9.99369E-05 0.0208856 9.99369E-05 9.99369E-05 0.488261 0.145642 0.344512
9.99459E-05 0.0832314 0.318704 9.99459E-05 0.0796271 9.99459E-05 9.99459E-05 9.99459E-05 9.99459E-05 0.353505 0.164333
0.0803983 9.99369E-05 0.000102787 9.99369E-05 9.99369E-05 9.99369E-05 9.99369E-05 0.316869 9.99369E-05 9.99369E-05 0.601931
9.9937E-05 9.9937E-05 0.313707 9.9937E-05 9.9937E-05 9.9937E-05 9.9937E-05 0.1187 9.9937E-05 0.0442122 0.522682
9.99549E-05 0.063129 0.10648 0.00741774 0.0297547 9.99549E-05 9.99549E-05 9.99549E-05 9.99549E-05 0.729313 0.0634057
9.995E-05 0.187951 9.995E-05 0.0144942 0.258449 0.0113841 9.995E-05 9.995E-05 9.995E-05 0.375235 0.151986
9.995E-05 9.995E-05 9.995E-05 0.0172908 0.124997 0.0448101 0.375965 9.995E-05 9.995E-05 0.379126 0.0573111
9.99549E-05 9.99549E-05 9.99549E-05 9.99549E-05 0.00901977 0.0213668 0.0271141 9.99549E-05 0.434391 0.00588768 0.50172
0.157394 9.993E-05 9.993E-05 9.993E-05 0.645514 9.993E-05 9.993E-05 0.194144 9.993E-05 0.00224876 9.993E-05
9.99368E-05 9.99368E-05 9.99368E-05 9.99368E-05 9.99368E-05 0.026958 0.0405331 9.99368E-05 0.263137 9.99368E-05 0.668672
9.99369E-05 9.99369E-05 0.203238 9.99369E-05 9.99369E-05 9.99369E-05 9.99369E-05 0.0352862 9.99369E-05 0.381238 0.379538
0.135604 9.994E-05 0.249255 9.994E-05 0.0877109 9.994E-05 9.994E-05 9.994E-05 9.994E-05 0.523374 0.00345656
9.99278E-05 9.99278E-05 9.99278E-05 9.99278E-05 0.756365 9.99278E-05 0.0351141 9.99278E-05 0.207721 9.99278E-05 9.99278E-05
9.9946E-05 9.9946E-05 9.9946E-05 9.9946E-05 0.212424 0.0592052 0.255214 9.9946E-05 0.259124 9.9946E-05 0.213433
9.99369E-05 0.026404 9.99369E-05 9.99369E-05 0.734685 9.99369E-05 9.99369E-05 9.99369E-05 0.189933 9.99369E-05 0.0482777
9.995E-05 0.095011 9.995E-05 0.0970069 0.314316 9.995E-05 0.0503484 9.995E-05 9.995E-05 0.313006 0.129812
9.9946E-05 9.9946E-05 9.9946E-05 0.0248944 0.181052 9.9946E-05 0.506809 9.9946E-05 9.9946E-05 0.0504988 0.236147
0.349923 9.99369E-05 9.99369E-05 9.99369E-05 0.172233 9.99369E-05 9.99369E-05 9.99369E-05 9.99369E-05 0.0709732 0.406171
0.208934 9.99369E-05 0.0132816 0.0140286 9.99369E-05 9.99369E-05 9.99369E-05 9.99369E-05 9.99369E-05 9.99369E-05 0.763056
0.27023 9.9955E-05 0.0442693 9.9955E-05 0.0928092 9.9955E-05 0.0689172 9.9955E-05 9.9955E-05 0.105771 0.417504
9.99369E-05 9.99369E-05 9.99369E-05 9.99369E-05 9.99369E-05 0.0711877 0.056449 9.99369E-05 0.219641 9.99369E-05 0.652023
9.99459E-05 9.99459E-05 0.134334 0.0827167 0.121875 9.99459E-05 9.99459E-05 0.0467199 9.99459E-05 9.99459E-05 0.613755
0.194609 9.99459E-05 0.0484104 9.99459E-05 9.99459E-05 9.99459E-05 9.99459E-05 0.106999 9.99459E-05 0.216503 0.432879
9.99458E-05 0.0783218 9.99458E-05 9.99458E-05 0.192489 0.0180374 9.99458E-05 9.99458E-05 0.153494 0.557058 9.99458E-05
9.99459E-05 9.99459E-05 9.99459E-05 9.99459E-05 9.99459E-05 0.005286 0.0134987 9.99459E-05 0.37203 0.356942 0.251644
9.99278E-05 9.99278E-05 9.99278E-05 9.99278E-05 0.137045 9.99278E-05 9.99278E-05 0.171174 9.99278E-05 0.690982 9.99278E-05
9.99278E-05 9.99278E-05 9.99278E-05 9.99278E-05 9.99278E-05 9.99278E-05 9.99278E-05 9.99278E-05 0.305578 0.453869 0.239753
9.99278E-05 9.99278E-05 9.99278E-05 9.99278E-05 9.99278E-05 9.99278E-05 9.99278E-05 9.99278E-05 0.316942 0.570236 0.112023
9.99189E-05 9.99189E-05 9.99189E-05 9.99189E-05 9.99189E-05 9.99189E-05 9.99189E-05 0.323074 9.99189E-05 0.676027 9.99189E-05
9.99459E-05 0.0428851 9.99459E-05 9.99459E-05 9.99459E-05 9.99459E-05 9.99459E-05 0.0260519 0.167573 0.381194 0.381696
9.99369E-05 0.110998 9.99369E-05 9.99369E-05 9.99369E-05 9.99369E-05 9.99369E-05 9.99369E-05 0.0816302 0.70995 0.0967219
9.99369E-05 9.99369E-05 9.99369E-05 0.603449 9.99369E-05 0.0385378 0.318777 9.99369E-05 0.0385368 9.99369E-05 9.99369E-05
0.00338858 0.0110778 9.9973E-05 0.605091 0.0422803 9.9973E-05 0.164691 0.0112873 0.0768393 9.9973E-05 0.0850449
0.169681 9.9937E-05 9.9937E-05 0.769552 9.9937E-05 9.9937E-05 0.0403104 9.9937E-05 9.9937E-05 9.9937E-05 0.0197565
9.99279E-05 9.99279E-05 9.99279E-05 0.480001 9.99279E-05 9.99279E-05 9.99279E-05 0.437336 9.99279E-05 0.0818641 9.99279E-05
9.99459E-05 9.99459E-05 9.99459E-05 0.606367 9.99459E-05 0.101163 0.231105 9.99459E-05 0.059383 0.00138173 9.99459E-05
0.0577003 0.451111 0.011065 0.176984 9.99549E-05 9.99549E-05 9.99549E-05 0.190679 9.99549E-05 0.11196 9.99549E-05
9.99188E-05 9.99188E-05 9.99188E-05 0.41029 9.99188E-05 9.99188E-05 9.99188E-05 9.99188E-05 0.588811 9.99188E-05 9.99188E-05
9.99369E-05 9.99369E-05 9.99369E-05 0.704923 9.99369E-05 9.99369E-05 0.241222 9.99369E-05 0.0368081 0.0163482 9.99369E-05
9.994E-05 0.21691 9.994E-05 0.656997 0.0247465 9.994E-05 9.994E-05 9.994E-05 0.0381733 0.062574 9.994E-05
0.0288081 9.9946E-05 0.262862 0.587197 0.0515987 9.9946E-05 9.9946E-05 0.0689351 9.9946E-05 9.9946E-05 9.9946E-05
9.99279E-05 9.99279E-05 9.99279E-05 0.27619 9.99279E-05 0.218177 0.504834 9.99279E-05 9.99279E-05 9.99279E-05 9.99279E-05
9.99369E-05 9.99369E-05 0.508263 0.450462 9.99369E-05 0.0291 9.99369E-05 9.99369E-05 0.0114752 9.99369E-05 9.99369E-05
9.99369E-05 0.0235236 9.99369E-05 0.743825 9.99369E-05 9.99369E-05 0.08005 9.99369E-05 0.151902 9.99369E-05 9.99369E-05
9.99459E-05 0.286598 0.12715 0.508359 9.99459E-05 9.99459E-05 9.99459E-05 9.99459E-05 0.00274811 0.0745452 9.99459E-05
9.99459E-05 0.232755 9.99459E-05 0.616453 0.0747712 0.0149377 0.0604841 9.99459E-05 9.99459E-05 9.99459E-05 9.99459E-05
9.995E-05 0.290062 9.995E-05 0.261814 0.0472291 9.995E-05 0.0140057 0.0138656 0.372524 9.995E-05 9.995E-05
0.120163 9.99458E-05 0.178834 0.425466 9.99458E-05 9.99458E-05 9.99458E-05 0.207247 9.99458E-05 0.0676903 9.99458E-05
0.583106 9.99369E-05 9.99369E-05 0.377732 9.99369E-05 9.99369E-05 9.99369E-05 9.99369E-05 0.032833 0.00562899 9.99369E-05
9.99459E-05 0.120803 9.99459E-05 0.591276 0.0805867 0.0867328 9.99459E-05 9.99459E-05 9.99459E-05 9.99459E-05 0.120002
9.99189E-05 9.99189E-05 9.99189E-05 0.673104 9.99189E-05 9.99189E-05 9.99189E-05 9.99189E-05 0.325996 9.99189E-05 9.99189E-05
9.9955E-05 0.0719589 0.110863 0.727775 0.0741239 0.0041416 9.9955E-05 9.9955E-05 9.9955E-05 9.9955E-05 0.0106378
0.330473 9.99189E-05 9.99189E-05 0.668628 9.99189E-05 9.99189E-05 9.99189E-05 9.99189E-05 9.99189E-05 9.99189E-05 9.99189E-05
0.0373246 0.301717 0.146604 0.0542012 0.0474808 0.0331753 9.9973E-05 0.362991 9.9973E-05 9.9973E-05 0.0162059
9.99549E-05 0.00601508 0.00692477 9.99549E-05 9.99549E-05 0.663939 9.99549E-05 0.0771048 0.201249 0.0442678 9.99549E-05
0.58916 0.156597 9.99729E-05 0.00464032 9.99729E-05 9.99729E-05 0.038586 0.100303 0.0506964 0.0316523 0.0280655
9.99549E-05 0.664742 9.99549E-05 0.0174339 0.0407512 0.0398332 0.116689 9.99549E-05 0.120051 9.99549E-05 9.99549E-05
9.99278E-05 9.99278E-05 9.99278E-05 9.99278E-05 9.99278E-05 0.70325 0.272869 9.99278E-05 0.0230818 9.99278E-05 9.99278E-05
0.256859 0.224308 0.503857 9.99369E-05 9.99369E-05 9.99369E-05 9.99369E-05 0.0142767 9.99369E-05 9.99369E-05 9.99369E-05
0.0039866 9.99369E-05 0.327904 9.99369E-05 0.0211285 0.646281 9.99369E-05 9.99369E-05 9.99369E-05 9.99369E-05 9.99369E-05
0.0575075 0.534641 0.0233839 0.0551238 9.997E-05 9.997E-05 9.997E-05 0.0483445 0.133033 0.0719161 0.0757497
0.363347 9.99278E-05 9.99278E-05 9.99278E-05 0.00301774 0.632836 9.99278E-05 9.99278E-05 9.99278E-05 9.99278E-05 9.99278E-05
0.0486203 0.0231154 9.99459E-05 9.99459E-05 9.99459E-05 0.387814 0.0429697 9.99459E-05 0.49688 9.99459E-05 9.99459E-05
0.116411 0.0985473 0.459668 0.0190261 9.996E-05 0.123407 9.996E-05 0.134113 9.996E-05 9.996E-05 0.0484274
0.463036 9.99369E-05 9.99369E-05 9.99369E-05 9.99369E-05 0.468462 9.99369E-05 0.0143901 9.99369E-05 0.0534131 9.99369E-05
9.99279E-05 9.99279E-05 9.99279E-05 9.99279E-05 9.99279E-05 0.610912 0.217676 9.99279E-05 0.170612 9.99279E-05 9.99279E-05
0.107134 0.0496842 0.37401 9.99459E-05 9.99459E-05 9.99459E-05 0.0322098 0.436363 9.99459E-05 9.99459E-05 9.99459E-05
0.341607 9.99368E-05 0.107242 9.99368E-05 9.99368E-05 0.459727 9.99368E-05 0.090724 9.99368E-05 9.99368E-05 9.99368E-05
0.41723 0.156203 0.286046 9.99368E-05 9.99368E-05 9.99368E-05 9.99368E-05 9.99368E-05 0.139822 9.99368E-05 9.99368E-05
9.99279E-05 9.99279E-05 9.99279E-05 9.99279E-05 9.99279E-05 0.67877 0.287628 9.99279E-05 0.0328027 9.99279E-05 9.99279E-05
0.480995 9.99458E-05 0.163474 9.99458E-05 9.99458E-05 0.28696 9.99458E-05 0.0636 9.99458E-05 0.00437233 9.99458E-05
9.99459E-05 0.186963 0.421084 0.0724874 9.99459E-05 9.99459E-05 9.99459E-05 0.308459 9.99459E-05 9.99459E-05 0.010407
9.99549E-05 0.600758 0.0233749 9.99549E-05 9.99549E-05 0.0530655 9.99549E-05 0.0423754 0.168836 0.11109 9.99549E-05
0.3172 0.130532 9.99641E-05 0.0860778 0.0890445 9.99641E-05 0.172785 0.186215 0.0177456 9.99641E-05 9.99641E-05
0.481295 0.269841 0.0451046 0.0331619 0.0678587 0.0636455 0.00722396 9.9973E-05 0.0315698 9.9973E-05 9.9973E-05
9.99368E-05 0.0944547 9.99368E-05 9.99368E-05 9.99368E-05 0.603865 0.184898 9.99368E-05 0.116082 9.99368E-05 9.99368E-05
9.9964E-05 0.207167 0.408271 9.9964E-05 0.0276877 0.0774359 9.9964E-05 0.017532 0.157612 0.103895 9.9964E-05
9.99368E-05 0.344495 9.99368E-05 9.99368E-05 9.99368E-05 0.490036 9.99368E-05 0.0504505 9.99368E-05 0.114319 9.99368E-05
9.99639E-05 0.346364 9.99639E-05 0.185041 0.0394385 0.136951 0.211664 9.99639E-05 9.99639E-05 0.0549523 0.0251891
0.266883 0.0675493 0.296836 0.11862 9.99729E-05 0.135245 9.99729E-05 0.0231801 9.99729E-05 0.0597138 0.0316732
9.9964E-05 0.220627 0.0602828 0.368532 0.0469246 0.169184 9.9964E-05 0.0215199 9.9964E-05 9.9964E-05 0.11253
0.0450518 9.9964E-05 9.9964E-05 9.9964E-05 0.0525489 0.129126 0.657012 9.9964E-05 0.105548 0.00242353 0.00788959
9.99639E-05 0.41293 9.99639E-05 0.127012 0.0202965 0.211222 0.0300842 9.99639E-05 0.104938 0.0931181 9.99639E-05
9.99639E-05 0.288211 9.99639E-05 0.0985538 0.0368959 0.12101 0.136848 9.99639E-05 0.285046 9.99639E-05 0.0330352
0.023252 0.116999 0.495217 9.9955E-05 0.0810414 0.123787 0.159204 9.9955E-05 9.9955E-05 9.9955E-05 9.9955E-05
9.99368E-05 0.266553 9.99368E-05 9.99368E-05 9.99368E-05 0.110247 0.377969 9.99368E-05 0.244532 9.99368E-05 9.99368E-05
0.434805 0.201676 0.334966 9.99368E-05 9.99368E-05 9.99368E-05 9.99368E-05 9.99368E-05 0.0278536 9.99368E-05 9.99368E-05
9.99368E-05 0.401592 9.99368E-05 9.99368E-05 9.99368E-05 0.128626 0.367129 9.99368E-05 0.101953 9.99368E-05 9.99368E-05
0.419745 0.0788227 9.9955E-05 0.0583625 0.0135176 0.307125 0.121927 9.9955E-05 9.9955E-05 9.9955E-05 9.9955E-05
0.53976 0.0410663 0.140503 0.157656 9.99639E-05 0.114399 9.99639E-05 9.99639E-05 0.0052968 9.99639E-05 0.000919083
0.00900491 0.49736 0.0134386 0.194723 0.0348658 0.100366 9.9973E-05 0.00430825 9.9973E-05 9.9973E-05 0.145634
0.0355321 0.599788 9.99639E-05 0.147188 9.99639E-05 9.99639E-05 9.99639E-05 0.0613492 0.0857756 0.00658138 0.0633858
9.9955E-05 0.572923 9.9955E-05 0.190899 0.0855258 0.0743709 0.0181485 9.9955E-05 9.9955E-05 9.9955E-05 0.0576333
0.447137 0.248394 9.99369E-05 0.168832 9.99369E-05 9.99369E-05 0.134938 9.99369E-05 9.99369E-05 9.99369E-05 9.99369E-05
9.99549E-05 0.157678 9.99549E-05 0.0277301 9.99549E-05 0.0433117 0.68 0.0128123 0.0779679 9.99549E-05 9.99549E-05
9.99459E-05 9.99459E-05 9.99459E-05 0.0381148 0.000199824 0.418304 0.526303 9.99459E-05 0.0164789 9.99459E-05 9.99459E-05
9.99459E-05 0.283135 9.99459E-05 9.99459E-05 9.99459E-05 0.224994 9.99459E-05 9.99459E-05 0.433508 0.0465731 0.0111898
9.99549E-05 0.157015 9.99549E-05 9.99549E-05 0.0138795 0.291409 0.479906 9.99549E-05 0.00548747 9.99549E-05 0.0518032
9.99369E-05 0.00443949 0.0731967 9.99369E-05 9.99369E-05 9.99369E-05 0.852859 0.0688055 9.99369E-05 9.99369E-05 9.99369E-05
9.99639E-05 0.0721036 9.99639E-05 0.0142015 9.99639E-05 0.340922 9.99639E-05 0.0201715 0.421157 0.0543113 0.0767337
9.99549E-05 0.472968 0.0245549 9.99549E-05 9.99549E-05 0.0817248 0.105246 9.99549E-05 0.276512 0.0384943 9.99549E-05
9.9955E-05 9.9955E-05 0.0446364 9.9955E-05 0.0564236 0.0400142 0.0420119 0.805923 9.9955E-05 0.0104911 9.9955E-05
0.201854 0.063036 0.241577 9.99549E-05 9.99549E-05 9.99549E-05 9.99549E-05 0.40291 0.0791627 0.0109599 9.99549E-05
9.99459E-05 0.313975 0.0400581 9.99459E-05 9.99459E-05 9.99459E-05 9.99459E-05 0.130014 0.404321 0.111032 9.99459E-05
0.0798128 0.00194426 0.561802 9.99459E-05 9.99459E-05 9.99459E-05 9.99459E-05 0.249288 0.106553 9.99459E-05 9.99459E-05
0.0830054 9.99459E-05 0.20749 9.99459E-05 9.99459E-05 9.99459E-05 0.023262 0.648272 0.037371 9.99459E-05 9.99459E-05
0.557596 0.0219487 9.99459E-05 9.99459E-05 0.0719186 9.99459E-05 9.99459E-05 0.236107 0.11183 9.99459E-05 9.99459E-05
0.327226 9.99459E-05 0.158204 9.99459E-05 9.99459E-05 9.99459E-05 9.99459E-05 0.387858 0.103165 0.0229468 9.99459E-05
9.9964E-05 0.114806 0.0297731 9.9964E-05 0.0268846 0.0290871 9.9964E-05 0.107108 0.654647 0.0372949 9.9964E-05
9.9928E-05 9.9928E-05 9.9928E-05 9.9928E-05 9.9928E-05 0.304447 0.266735 9.9928E-05 0.428018 9.9928E-05 9.9928E-05
9.995E-05 0.271364 0.0075368 0.0627181 9.995E-05 9.995E-05 9.995E-05 0.470107 0.0552417 0.132532 9.995E-05
9.9937E-05 9.9937E-05 9.9937E-05 0.0420361 9.9937E-05 9.9937E-05 9.9937E-05 0.0492315 0.873102 0.0349305 9.9937E-05
9.9946E-05 0.190808 0.0110679 9.9946E-05 9.9946E-05 9.9946E-05 9.9946E-05 0.0167692 0.488703 0.292052 9.9946E-05
9.99459E-05 0.25413 0.0915814 9.99459E-05 9.99459E-05 9.99459E-05 9.99459E-05 0.267613 0.278973 0.107102 9.99459E-05
9.99279E-05 0.191964 9.99279E-05 9.99279E-05 9.99279E-05 0.148952 9.99279E-05 9.99279E-05 0.658285 9.99279E-05 9.99279E-05
9.99549E-05 0.113004 9.99549E-05 0.0499794 9.99549E-05 9.99549E-05 0.0329977 0.285975 0.503336 9.99549E-05 0.014208
0.0175336 0.227002 0.149779 9.9973E-05 0.0808416 0.162944 9.9973E-05 0.257889 9.9973E-05 0.07253 0.0311808
9.99639E-05 0.192556 0.131574 9.99639E-05 0.0136477 9.99639E-05 9.99639E-05 0.102381 0.473881 0.0675963 0.0179637
9.99459E-05 0.0971406 9.99459E-05 0.128097 9.99459E-05 9.99459E-05 9.99459E-05 0.364949 0.387143 0.0220702 9.99459E-05
9.99279E-05 9.99279E-05 0.668057 9.99279E-05 9.99279E-05 9.99279E-05 9.99279E-05 0.280438 0.0507059 9.99279E-05 9.99279E-05
9.9964E-05 0.330605 0.0447459 0.0043402 9.9964E-05 9.9964E-05 0.0192399 0.483687 0.0700749 0.0469077 9.9964E-05
9.9964E-05 9.9964E-05 0.00766715 9.9964E-05 0.0184058 0.0111729 0.104667 0.0732261 0.748178 9.9964E-05 0.0362838
0.0346075 0.309472 9.99549E-05 0.021672 9.99549E-05 9.99549E-05 9.99549E-05 0.041729 0.556084 0.0359352 9.99549E-05
9.99369E-05 0.00398223 9.99369E-05 9.99369E-05 9.99369E-05 0.235061 0.150168 9.99369E-05 0.61009 9.99369E-05 9.99369E-05
0.0459542 0.269508 0.199113 9.99369E-05 9.99369E-05 9.99369E-05 9.99369E-05 0.484725 9.99369E-05 9.99369E-05 9.99369E-05
9.9946E-05 0.509617 0.0395833 9.9946E-05 9.9946E-05 9.9946E-05 9.9946E-05 0.293995 0.026343 0.129861 9.9946E-05
9.99549E-05 0.0598913 9.99549E-05 0.0179444 9.99549E-05 0.194182 0.020265 9.99549E-05 0.693371 9.99549E-05 0.0138467
0.119421 9.995E-05 0.246486 0.0204096 9.995E-05 0.215661 9.995E-05 0.369323 9.995E-05 9.995E-05 0.0282002
9.99279E-05 9.99279E-05 0.660269 9.99279E-05 0.00411595 0.334815 9.99279E-05 9.99279E-05 9.99279E-05 9.99279E-05 9.99279E-05
9.997E-05 0.251941 9.997E-05 0.0112556 0.0533794 0.0805688 0.253104 9.997E-05 0.23274 0.113655 0.00305745
9.99639E-05 0.203706 9.99639E-05 0.112411 0.0656434 0.552994 0.0407211 9.99639E-05 9.99639E-05 0.016533 0.00759098
9.9946E-05 9.9946E-05 0.562854 9.9946E-05 0.0590919 0.156758 9.9946E-05 0.158911 9.9946E-05 0.0617849 9.9946E-05
0.234096 9.99459E-05 0.129126 9.99459E-05 9.99459E-05 0.278844 9.99459E-05 0.28935 9.99459E-05 0.0679837 9.99459E-05
0.191429 9.99459E-05 0.299063 9.99459E-05 9.99459E-05 0.17107 9.99459E-05 0.212858 9.99459E-05 0.12498 9.99459E-05
9.99279E-05 9.99279E-05 9.99279E-05 9.99279E-05 0.0153837 0.422586 0.561231 9.99279E-05 9.99279E-05 9.99279E-05 9.99279E-05
9.99369E-05 0.333165 9.99369E-05 9.99369E-05 9.99369E-05 0.3233 9.99369E-05 9.99369E-05 0.228242 0.114592 9.99369E-05
9.99639E-05 0.320116 0.212663 0.338119 9.99639E-05 0.0374367 9.99639E-05 0.00623601 9.99639E-05 0.0734748 0.0115547
0.0190179 0.0195043 0.528706 0.00904565 9.995E-05 0.245975 9.995E-05 0.177251 9.995E-05 9.995E-05 9.995E-05
9.99639E-05 0.145283 9.99639E-05 0.0819925 0.015644 0.282724 0.394739 9.99639E-05 0.0612794 9.99639E-05 0.0179377
9.995E-05 0.522139 9.995E-05 9.995E-05 0.0327237 0.125522 9.995E-05 0.102013 0.164705 0.0523979 9.995E-05
9.99549E-05 0.332337 0.0207652 9.99549E-05 9.99549E-05 0.193001 9.99549E-05 0.0472796 0.295834 0.110284 9.99549E-05
9.996E-05 0.356892 0.0701471 0.287487 0.0423068 0.228339 9.996E-05 0.0018107 9.996E-05 9.996E-05 0.0126176
9.993E-05 0.357783 9.993E-05 0.183245 9.993E-05 9.993E-05 9.993E-05 9.993E-05 0.446956 9.993E-05 0.0113161
9.996E-05 0.183043 0.336794 0.0644037 9.996E-05 9.996E-05 9.996E-05 0.265704 0.119276 0.00406018 0.0263198
9.99459E-05 0.643087 0.196964 9.99459E-05 9.99459E-05 0.0422825 9.99459E-05 0.0283218 9.99459E-05 0.0887447 9.99459E-05
0.253449 9.9955E-05 0.407084 9.9955E-05 0.0101705 0.203956 9.9955E-05 0.116464 9.9955E-05 0.00837672 9.9955E-05
9.99549E-05 0.0933175 9.99549E-05 9.99549E-05 0.0436626 0.396504 9.99549E-05 0.00461646 0.315193 9.99549E-05 0.146206
0.0100247 0.0493527 0.302477 9.996E-05 9.996E-05 0.200484 9.996E-05 0.403677 9.996E-05 0.0217413 0.0118431
0.445323 0.0257106 0.0838746 9.99639E-05 9.99639E-05 0.147286 9.99639E-05 0.246143 0.0420825 0.00918065 9.99639E-05
9.99369E-05 0.05872 9.99369E-05 9.99369E-05 9.99369E-05 0.319071 0.0342139 9.99369E-05 0.587296 9.99369E-05 9.99369E-05
9.99549E-05 0.27111 0.218008 9.99549E-05 9.99549E-05 0.00540458 9.99549E-05 0.088092 0.351117 0.0657682 9.99549E-05
9.99549E-05 0.217414 9.99549E-05 9.99549E-05 9.99549E-05 0.152476 9.99549E-05 0.0566869 0.485593 0.0630807 0.0242503
9.9946E-05 9.9946E-05 0.167238 9.9946E-05 0.0454128 0.0550354 9.9946E-05 0.71493 9.9946E-05 0.0167843 9.9946E-05
0.276938 9.999E-05 0.00953468 0.00427898 0.0615146 0.0213576 0.0749256 0.29743 0.0294487 0.0816968 0.142775
0.00588986 0.0663029 0.184095 9.997E-05 9.997E-05 0.038924 9.997E-05 0.585622 0.0329951 0.0215432 0.0643284
9.99369E-05 0.0462085 9.99369E-05 9.99369E-05 0.0210831 0.28176 9.99369E-05 9.99369E-05 0.650249 9.99369E-05 9.99369E-05
0.0427588 0.151492 9.99639E-05 9.99639E-05 9.99639E-05 0.0161479 9.99639E-05 0.657999 0.0651315 0.0371312 0.02894
9.99639E-05 9.99639E-05 0.0440051 0.0637576 0.0477862 0.0788994 9.99639E-05 0.752896 0.000548419 9.99639E-05 0.0117076
9.9955E-05 9.9955E-05 0.28454 0.0705823 9.9955E-05 0.0428504 0.00315536 0.596305 0.00206717 9.9955E-05 9.9955E-05
9.9946E-05 9.9946E-05 0.00448167 0.12008 9.9946E-05 0.0472222 9.9946E-05 0.00314424 0.824473 9.9946E-05 9.9946E-05
9.99549E-05 0.293115 0.0986558 9.99549E-05 9.99549E-05 0.0571355 9.99549E-05 0.193577 0.301854 0.0551624 9.99549E-05
0.0849919 9.997E-05 0.491168 9.997E-05 0.0224907 0.010164 0.0208848 0.245147 0.0990644 0.0257893 9.997E-05
9.9955E-05 9.9955E-05 9.9955E-05 0.0342542 9.9955E-05 0.257354 0.0239238 0.238363 0.386835 9.9955E-05 0.0587705
9.9955E-05 9.9955E-05 0.0220715 9.9955E-05 0.0567245 0.0111459 0.0409151 0.868099 9.9955E-05 9.9955E-05 0.000543904
0.43317 0.180089 9.996E-05 0.0255328 9.996E-05 9.996E-05 0.142233 0.0343943 0.165175 9.996E-05 0.0190061
9.99459E-05 9.99459E-05 9.99459E-05 0.0737392 9.99459E-05 0.143621 9.99459E-05 0.475731 0.218057 0.0882518 9.99459E-05
9.9928E-05 9.9928E-05 9.9928E-05 9.9928E-05 9.9928E-05 0.212512 0.0637149 9.9928E-05 0.722974 9.9928E-05 9.9928E-05
0.0307003 0.493692 9.99549E-05 9.99549E-05 9.99549E-05 0.0121659 9.99549E-05 0.184774 0.0984467 0.179721 9.99549E-05
9.99639E-05 0.466314 9.99639E-05 0.191625 0.0455257 0.116936 0.105303 9.99639E-05 0.0391199 9.99639E-05 0.0347763
9.995E-05 0.191813 9.995E-05 0.0677735 0.00578671 0.12808 0.561835 9.995E-05 0.0442114 9.995E-05 9.995E-05
9.99459E-05 0.666111 9.99459E-05 0.0141455 9.99459E-05 9.99459E-05 9.99459E-05 0.0682017 0.182766 9.99459E-05 0.0681761
9.99368E-05 9.99368E-05 9.99368E-05 0.475651 9.99368E-05 0.0734279 9.99368E-05 9.99368E-05 0.381588 0.068634 9.99368E-05
9.99459E-05 0.474785 0.148025 9.99459E-05 9.99459E-05 0.112589 9.99459E-05 9.99459E-05 0.212679 0.0513223 9.99459E-05
0.364825 0.357189 0.273301 9.99369E-05 9.99369E-05 9.99369E-05 9.99369E-05 0.00398586 9.99369E-05 9.99369E-05 9.99369E-05
9.99459E-05 0.115904 9.99459E-05 0.00664654 0.0340239 0.418463 0.424363 9.99459E-05 9.99459E-05 9.99459E-05 9.99459E-05
0.562278 9.9946E-05 9.9946E-05 9.9946E-05 0.0285221 0.277765 9.9946E-05 0.0833165 9.9946E-05 9.9946E-05 0.0475187
0.0494591 0.0575053 0.139594 0.346842 9.99549E-05 9.99549E-05 9.99549E-05 0.28021 9.99549E-05 0.125889 9.99549E-05
0.0197705 0.0121663 0.685442 0.10066 0.0174424 9.99549E-05 0.164019 9.99549E-05 9.99549E-05 9.99549E-05 9.99549E-05
9.99459E-05 0.14333 9.99459E-05 0.167253 9.99459E-05 9.99459E-05 0.572202 0.0436416 0.0729732 9.99459E-05 9.99459E-05
9.99459E-05 0.0315756 9.99459E-05 0.0937539 9.99459E-05 0.164968 0.398716 9.99459E-05 0.310387 9.99459E-05 9.99459E-05
0.426071 0.0407027 0.323442 9.9955E-05 9.9955E-05 0.123285 9.9955E-05 0.00515336 0.0808457 9.9955E-05 9.9955E-05
0.00965307 0.555484 0.0615423 9.99549E-05 9.99549E-05 9.99549E-05 9.99549E-05 9.99549E-05 0.285475 0.051669 0.0356777
9.99459E-05 0.613289 9.99459E-05 0.238924 0.0263593 9.99459E-05 9.99459E-05 9.99459E-05 0.0626756 9.99459E-05 0.0581526
9.993E-05 9.993E-05 9.993E-05 0.112355 9.993E-05 0.133487 0.469549 9.993E-05 0.28391 9.993E-05 9.993E-05
9.9946E-05 0.427631 0.113437 0.234909 0.0554713 9.9946E-05 0.167951 9.9946E-05 9.9946E-05 9.9946E-05 9.9946E-05
0.339042 0.308449 0.077772 0.0690956 0.0731134 0.0873016 0.0448268 9.996E-05 9.996E-05 9.996E-05 9.996E-05
9.99459E-05 0.0983524 0.60319 9.99459E-05 9.99459E-05 9.99459E-05 9.99459E-05 0.266709 0.0229088 0.00823958 9.99459E-05
9.9937E-05 0.252759 0.616412 0.105029 9.9937E-05 9.9937E-05 9.9937E-05 0.0251006 9.9937E-05 9.9937E-05 9.9937E-05
0.353575 0.229837 0.0451026 0.25595 9.99459E-05 9.99459E-05 0.114937 9.99459E-05 9.99459E-05 9.99459E-05 9.99459E-05
9.995E-05 9.995E-05 9.995E-05 0.0281587 0.0359226 0.00676686 9.995E-05 0.149623 0.744665 0.0343635 9.995E-05
9.9973E-05 0.0479105 0.0751286 0.0452807 0.00918302 9.9973E-05 9.9973E-05 0.762652 0.0585549 0.000139203 0.000851425
9.9937E-05 9.9937E-05 9.9937E-05 0.11874 9.9937E-05 0.0639057 9.9937E-05 0.13831 0.678345 9.9937E-05 9.9937E-05
9.99458E-05 0.212125 9.99458E-05 0.197717 9.99458E-05 9.99458E-05 9.99458E-05 0.166861 0.319255 0.103442 9.99458E-05
0.0102415 0.165148 0.0311875 9.99639E-05 0.0102631 0.00257411 9.99639E-05 0.673861 9.99639E-05 0.106326 9.99639E-05
9.9946E-05 9.9946E-05 9.9946E-05 9.9946E-05 0.0321743 0.113093 0.0662005 0.0162476 0.771685 9.9946E-05 9.9946E-05
9.99459E-05 0.272537 0.0204645 0.233705 9.99459E-05 9.99459E-05 0.444625 9.99459E-05 9.99459E-05 9.99459E-05 0.0280684
9.99639E-05 0.412682 0.00665775 0.0109468 0.0130896 0.0841523 9.99639E-05 9.99639E-05 0.459935 0.0121373 9.99639E-05
9.9946E-05 0.110105 0.597672 0.0673233 0.0720864 9.9946E-05 0.152214 9.9946E-05 9.9946E-05 9.9946E-05 9.9946E-05
9.996E-05 0.415462 0.231744 0.0460132 0.0654457 0.107247 0.111786 9.996E-05 9.996E-05 0.0219036 9.996E-05
9.995E-05 0.142968 0.522433 9.995E-05 9.995E-05 0.0759711 0.00175626 9.995E-05 0.105863 0.150509 9.995E-05
9.99279E-05 9.99279E-05 0.120219 9.99279E-05 9.99279E-05 9.99279E-05 0.561119 9.99279E-05 0.317863 9.99279E-05 9.99279E-05
0.624111 9.99459E-05 0.174754 9.99459E-05 9.99459E-05 9.99459E-05 0.0753128 9.99459E-05 0.0565604 0.068662 9.99459E-05
9.99549E-05 0.383901 9.99549E-05 0.0978857 9.99549E-05 9.99549E-05 0.137707 9.99549E-05 0.127255 0.177608 0.0751435
0.118005 9.99459E-05 0.630861 0.12738 9.99459E-05 9.99459E-05 9.99459E-05 9.99459E-05 0.0820452 9.99459E-05 0.0411092
0.427501 9.99459E-05 0.305468 9.99459E-05 9.99459E-05 9.99459E-05 0.110885 0.0495151 9.99459E-05 0.106031 9.99459E-05
9.99369E-05 0.0109005 0.882726 0.00305418 9.99369E-05 9.99369E-05 0.10262 9.99369E-05 9.99369E-05 9.99369E-05 9.99369E-05
9.99369E-05 0.0415702 0.827023 9.99369E-05 9.99369E-05 9.99369E-05 0.0272918 9.99369E-05 9.99369E-05 0.103416 9.99369E-05
9.99459E-05 9.99459E-05 0.790393 9.99459E-05 9.99459E-05 9.99459E-05 0.134304 9.99459E-05 0.0182314 0.000493502 0.0559782
9.996E-05 0.437417 0.0602276 0.0750642 0.020182 9.996E-05 0.0478382 9.996E-05 0.208844 0.150027 9.996E-05
9.995E-05 0.262746 9.995E-05 0.0410917 0.0254233 0.0892056 9.995E-05 9.995E-05 0.505463 9.995E-05 0.0755709
0.594744 9.9982E-05 0.051951 0.00481561 0.0044426 0.131856 0.0555451 0.0796702 0.033097 9.9982E-05 0.0436784
9.9937E-05 9.9937E-05 0.530849 0.19884 9.9937E-05 9.9937E-05 0.25633 9.9937E-05 9.9937E-05 9.9937E-05 0.013282
0.0479825 0.37703 9.997E-05 0.095782 0.0514905 0.0971946 0.168768 9.997E-05 0.0591385 9.997E-05 0.102314
9.99369E-05 9.99369E-05 9.99369E-05 9.99369E-05 0.00600415 0.218387 0.73081 9.99369E-05 9.99369E-05 0.0440995 9.99369E-05
9.9946E-05 0.0151225 0.0160464 9.9946E-05 9.9946E-05 0.0756204 0.0865912 9.9946E-05 0.80602 9.9946E-05 9.9946E-05
9.99549E-05 0.0429164 9.99549E-05 9.99549E-05 9.99549E-05 0.148785 0.662905 0.010198 0.132481 9.99549E-05 0.00221447
