9.9919E-05 9.9919E-05 9.9919E-05 9.9919E-05 9.9919E-05 0.048914 9.9919E-05 0.114513 0.0319677 0.337449 0.00317443 9.9919E-05 9.9919E-05 0.463083 9.9919E-05
0.0284879 9.99279E-05 0.0871139 9.99279E-05 9.99279E-05 0.0220473 0.0370807 9.99279E-05 9.99279E-05 0.255368 9.99279E-05 9.99279E-05 0.0817008 0.487402 9.99279E-05
0.0370641 9.99369E-05 9.99369E-05 0.0391137 0.0495184 9.99369E-05 0.686921 9.99369E-05 0.0167232 9.99369E-05 0.137673 9.99369E-05 9.99369E-05 0.0089741 0.0233123
9.99279E-05 9.99279E-05 9.99279E-05 9.99279E-05 0.000929456 9.99279E-05 9.99279E-05 0.155151 0.0198336 0.573582 9.99279E-05 0.0197775 9.99279E-05 0.196353 0.0335744
0.144601 9.99459E-05 0.0243618 0.0443712 0.13409 9.99459E-05 9.99459E-05 0.102534 9.99459E-05 0.286634 9.99459E-05 9.99459E-05 0.163108 0.0303197 0.0693812
9.99369E-05 0.0143291 9.99369E-05 0.175791 9.99369E-05 0.0276571 0.214256 0.265507 9.99369E-05 9.99369E-05 0.021469 9.99369E-05 0.0732806 0.207011 9.99369E-05
9.99098E-05 9.99098E-05 9.99098E-05 9.99098E-05 9.99098E-05 9.99098E-05 0.405148 9.99098E-05 9.99098E-05 0.0312596 0.270565 0.048657 9.99098E-05 0.243372 9.99098E-05
9.9928E-05 9.9928E-05 9.9928E-05 0.0717181 9.9928E-05 0.139542 0.288701 0.0875767 9.9928E-05 9.9928E-05 0.0776459 9.9928E-05 0.147083 0.186933 9.9928E-05
9.9955E-05 9.9955E-05 0.00877056 0.0316805 0.0346379 0.0295245 0.0431021 9.9955E-05 0.0252849 0.386824 9.9955E-05 9.9955E-05 0.0232651 0.398437 0.0179734
9.99188E-05 9.99188E-05 9.99188E-05 0.274025 9.99188E-05 9.99188E-05 0.185276 0.067939 0.0574257 9.99188E-05 0.210271 0.204165 9.99188E-05 9.99188E-05 9.99188E-05
0.0454854 9.99369E-05 0.377349 0.061705 0.000775444 9.99369E-05 0.107236 9.99369E-05 9.99369E-05 0.171412 9.99369E-05 9.99369E-05 0.125665 0.109673 9.99369E-05
9.99279E-05 9.99279E-05 0.0782638 0.18592 0.00478986 9.99279E-05 0.0863242 9.99279E-05 9.99279E-05 0.516145 9.99279E-05 9.99279E-05 0.0907 9.99279E-05 0.0370573
0.231286 9.99549E-05 0.0566937 9.99549E-05 0.0399002 9.99549E-05 9.99549E-05 0.00164405 0.0186968 0.0873233 0.109948 0.0280948 9.99549E-05 0.295077 0.130836
9.991E-05 9.991E-05 9.991E-05 0.138645 9.991E-05 0.0131077 0.720203 9.991E-05 0.0142848 9.991E-05 9.991E-05 9.991E-05 9.991E-05 0.11276 9.991E-05
9.99099E-05 9.99099E-05 0.374919 0.0353459 9.99099E-05 9.99099E-05 0.0541597 9.99099E-05 9.99099E-05 0.349204 9.99099E-05 9.99099E-05 0.185372 9.99099E-05 9.99099E-05
9.99369E-05 0.0200507 9.99369E-05 9.99369E-05 0.0131301 9.99369E-05 0.280663 0.0902081 0.0215218 9.99369E-05 0.2469 0.251721 9.99369E-05 0.0751053 9.99369E-05
9.99099E-05 9.99099E-05 9.99099E-05 9.99099E-05 9.99099E-05 9.99099E-05 0.490543 9.99099E-05 9.99099E-05 0.0394783 0.148738 0.0329791 9.99099E-05 0.287262 9.99099E-05
0.0302434 9.99459E-05 0.0206551 9.99459E-05 9.99459E-05 9.99459E-05 0.648094 0.0077013 9.99459E-05 0.0127116 0.122203 9.99459E-05 0.0064205 0.149292 0.00207921
0.0877994 9.9937E-05 9.9937E-05 0.00400831 9.9937E-05 0.000216102 0.135919 9.9937E-05 9.9937E-05 0.446315 0.00263806 9.9937E-05 9.9937E-05 0.182799 0.139605
9.99099E-05 9.99099E-05 0.139486 9.99099E-05 0.0677533 0.000580427 9.99099E-05 0.052071 0.739111 9.99099E-05 9.99099E-05 9.99099E-05 9.99099E-05 9.99099E-05 9.99099E-05
9.98919E-05 9.98919E-05 9.98919E-05 9.98919E-05 9.98919E-05 9.98919E-05 9.98919E-05 0.0644445 0.794299 9.98919E-05 9.98919E-05 9.98919E-05 9.98919E-05 9.98919E-05 0.140057
9.98827E-05 9.98827E-05 9.98827E-05 9.98827E-05 9.98827E-05 9.98827E-05 9.98827E-05 0.181581 0.81712 9.98827E-05 9.98827E-05 9.98827E-05 9.98827E-05 9.98827E-05 9.98827E-05
9.99099E-05 9.99099E-05 9.99099E-05 9.99099E-05 0.0363989 0.00140581 9.99099E-05 9.99099E-05 0.626516 0.0192774 9.99099E-05 9.99099E-05 9.99099E-05 9.99099E-05 0.315403
9.99189E-05 9.99189E-05 0.0796078 9.99189E-05 0.00555699 0.0107178 9.99189E-05 9.99189E-05 0.732701 0.163131 9.99189E-05 9.99189E-05 9.99189E-05 9.99189E-05 0.00738579
9.99098E-05 0.205713 9.99098E-05 9.99098E-05 9.99098E-05 0.0128734 0.285154 9.99098E-05 0.479788 9.99098E-05 0.0154728 9.99098E-05 9.99098E-05 9.99098E-05 9.99098E-05
9.99278E-05 9.99278E-05 0.087824 0.0575995 0.100898 0.29958 9.99278E-05 9.99278E-05 0.292251 0.160598 9.99278E-05 9.99278E-05 0.000450859 9.99278E-05 9.99278E-05
9.99099E-05 0.208651 9.99099E-05 9.99099E-05 0.037666 9.99099E-05 9.99099E-05 9.99099E-05 0.227167 9.99099E-05 0.207654 0.317862 9.99099E-05 9.99099E-05 9.99099E-05
9.9937E-05 9.9937E-05 0.0842299 9.9937E-05 0.12491 0.239977 9.9937E-05 0.146216 0.209175 9.9937E-05 9.9937E-05 0.011146 0.0757498 9.9937E-05 0.107896
0.00641985 0.020803 9.99188E-05 9.99188E-05 9.99188E-05 9.99188E-05 0.00118431 0.136091 0.816699 9.99188E-05 9.99188E-05 0.0179038 9.99188E-05 9.99188E-05 9.99188E-05
9.99099E-05 9.99099E-05 0.00128746 9.99099E-05 0.0106617 9.99099E-05 9.99099E-05 9.99099E-05 0.855012 0.0303937 9.99099E-05 9.99099E-05 9.99099E-05 9.99099E-05 0.101646
9.99191E-05 0.0690858 0.0161949 9.99191E-05 9.99191E-05 9.99191E-05 9.99191E-05 9.99191E-05 0.559623 9.99191E-05 0.134417 0.0927782 9.99191E-05 9.99191E-05 0.127001
0.0787531 0.230748 9.99368E-05 9.99368E-05 0.0431665 0.342973 0.0132476 0.0917935 0.138762 9.99368E-05 9.99368E-05 0.059857 9.99368E-05 9.99368E-05 9.99368E-05
9.99007E-05 0.0538616 9.99007E-05 9.99007E-05 9.99007E-05 9.99007E-05 9.99007E-05 9.99007E-05 0.582495 9.99007E-05 0.227406 0.135139 9.99007E-05 9.99007E-05 9.99007E-05
9.99188E-05 0.0748255 9.99188E-05 9.99188E-05 9.99188E-05 0.0195121 0.109927 9.99188E-05 0.630424 9.99188E-05 0.083241 9.99188E-05 9.99188E-05 0.0811715 9.99188E-05
9.99009E-05 9.99009E-05 9.99009E-05 0.0292781 9.99009E-05 9.99009E-05 9.99009E-05 9.99009E-05 0.839298 0.0469297 9.99009E-05 9.99009E-05 9.99009E-05 9.99009E-05 0.083395
9.99009E-05 9.99009E-05 0.150473 9.99009E-05 0.043149 9.99009E-05 9.99009E-05 9.99009E-05 0.731506 0.0737726 9.99009E-05 9.99009E-05 9.99009E-05 9.99009E-05 9.99009E-05
9.98829E-05 9.98829E-05 0.312188 9.98829E-05 9.98829E-05 9.98829E-05 9.98829E-05 9.98829E-05 0.686514 9.98829E-05 9.98829E-05 9.98829E-05 9.98829E-05 9.98829E-05 9.98829E-05
9.99009E-05 9.99009E-05 9.99009E-05 9.99009E-05 0.0349074 9.99009E-05 9.99009E-05 9.99009E-05 0.662967 0.0698152 9.99009E-05 9.99009E-05 9.99009E-05 9.99009E-05 0.231212
9.99007E-05 0.397245 9.99007E-05 9.99007E-05 0.437033 9.99007E-05 9.99007E-05 0.0870574 9.99007E-05 9.99007E-05 9.99007E-05 9.99007E-05 9.99007E-05 0.0775652 9.99007E-05
0.0715981 0.785736 9.9919E-05 9.9919E-05 0.0295663 9.9919E-05 9.9919E-05 9.9919E-05 9.9919E-05 9.9919E-05 9.9919E-05 0.0973208 9.9919E-05 0.0132954 0.00158379
9.99189E-05 0.582798 9.99189E-05 0.0361559 9.99189E-05 0.0343977 9.99189E-05 9.99189E-05 0.0295969 9.99189E-05 0.207204 0.108948 9.99189E-05 9.99189E-05 9.99189E-05
9.99189E-05 0.254636 9.99189E-05 9.99189E-05 0.251758 0.0696393 9.99189E-05 0.0545096 9.99189E-05 9.99189E-05 9.99189E-05 0.0516387 9.99189E-05 9.99189E-05 0.316919
9.99097E-05 0.45143 9.99097E-05 9.99097E-05 0.126241 9.99097E-05 9.99097E-05 0.117275 0.252915 9.99097E-05 9.99097E-05 9.99097E-05 9.99097E-05 0.051141 9.99097E-05
0.0052703 0.686171 0.113735 0.0957046 9.99189E-05 9.99189E-05 0.0495241 9.99189E-05 0.0486951 9.99189E-05 9.99189E-05 9.99189E-05 9.99189E-05 9.99189E-05 9.99189E-05
9.99009E-05 9.99009E-05 9.99009E-05 9.99009E-05 0.134803 0.52697 9.99009E-05 9.99009E-05 9.99009E-05 0.226963 9.99009E-05 9.99009E-05 9.99009E-05 9.99009E-05 0.110166
9.99099E-05 0.169259 0.00348885 9.99099E-05 0.526323 9.99099E-05 9.99099E-05 9.99099E-05 9.99099E-05 0.125309 9.99099E-05 9.99099E-05 0.174621 9.99099E-05 9.99099E-05
9.99098E-05 0.61087 9.99098E-05 9.99098E-05 9.99098E-05 9.99098E-05 0.146051 9.99098E-05 0.159041 9.99098E-05 0.0571437 0.0258953 9.99098E-05 9.99098E-05 9.99098E-05
9.99007E-05 0.50039 9.99007E-05 9.99007E-05 0.337878 9.99007E-05 9.99007E-05 0.133718 9.99007E-05 9.99007E-05 9.99007E-05 9.99007E-05 9.99007E-05 0.026915 9.99007E-05
9.9901E-05 0.455295 9.9901E-05 9.9901E-05 9.9901E-05 9.9901E-05 9.9901E-05 9.9901E-05 9.9901E-05 0.0149273 0.0240985 0.504581 9.9901E-05 9.9901E-05 9.9901E-05
9.991E-05 0.32538 9.991E-05 9.991E-05 0.402572 0.0271307 9.991E-05 9.991E-05 9.991E-05 9.991E-05 9.991E-05 9.991E-05 0.186061 0.0578562 9.991E-05
0.00155898 0.684496 9.99189E-05 9.99189E-05 0.139026 9.99189E-05 9.99189E-05 0.0243062 9.99189E-05 9.99189E-05 9.99189E-05 0.131804 9.99189E-05 9.99189E-05 0.0179094
9.991E-05 0.41257 9.991E-05 9.991E-05 0.175056 9.991E-05 9.991E-05 0.118922 0.045747 9.991E-05 9.991E-05 9.991E-05 9.991E-05 9.991E-05 0.246706
9.99278E-05 0.0812811 0.227491 0.0804033 0.312954 0.130524 9.99278E-05 9.99278E-05 0.094133 0.0724141 9.99278E-05 9.99278E-05 9.99278E-05 9.99278E-05 9.99278E-05
9.99279E-05 0.321738 0.215756 0.0212572 0.184673 0.0513239 9.99279E-05 9.99279E-05 9.99279E-05 0.117979 9.99279E-05 9.99279E-05 0.0864742 9.99279E-05 9.99279E-05
9.9937E-05 0.180783 0.0159728 9.9937E-05 0.187198 0.129595 9.9937E-05 9.9937E-05 0.0278203 0.0751789 9.9937E-05 9.9937E-05 0.0118294 9.9937E-05 0.370924
9.99009E-05 9.99009E-05 9.99009E-05 9.99009E-05 9.99009E-05 0.244734 9.99009E-05 9.99009E-05 0.341786 0.0914961 9.99009E-05 9.99009E-05 9.99009E-05 9.99009E-05 0.320885
0.01261 0.544524 9.99278E-05 9.99278E-05 0.257788 0.0193227 0.0265985 0.118251 9.99278E-05 9.99278E-05 0.0201069 9.99278E-05 9.99278E-05 9.99278E-05 9.99278E-05
9.9937E-05 0.267304 0.0213445 9.9937E-05 0.256143 0.229344 9.9937E-05 0.0368302 0.0121225 9.9937E-05 9.9937E-05 0.127333 9.9937E-05 9.9937E-05 0.04888
0.0256535 0.798468 9.99098E-05 9.99098E-05 9.99098E-05 0.0537386 9.99098E-05 0.0514222 9.99098E-05 9.99098E-05 9.99098E-05 0.0697185 9.99098E-05 9.99098E-05 9.99098E-05
9.98919E-05 0.166785 9.98919E-05 9.98919E-05 0.741399 9.98919E-05 9.98919E-05 0.0906174 9.98919E-05 9.98919E-05 9.98919E-05 9.98919E-05 9.98919E-05 9.98919E-05 9.98919E-05
9.99188E-05 0.159795 9.99188E-05 9.99188E-05 0.557059 0.0828998 9.99188E-05 0.0661295 0.0432746 9.99188E-05 9.99188E-05 9.99188E-05 9.99188E-05 0.0899429 9.99188E-05
9.99278E-05 0.348715 0.0550076 9.99278E-05 0.336579 0.0490734 9.99278E-05 9.99278E-05 9.99278E-05 0.0883712 9.99278E-05 9.99278E-05 0.102406 0.0190483 9.99278E-05
0.169807 0.236862 9.99189E-05 9.99189E-05 0.149862 0.281613 0.0460748 9.99189E-05 9.99189E-05 9.99189E-05 9.99189E-05 0.114882 9.99189E-05 9.99189E-05 9.99189E-05
9.99009E-05 9.99009E-05 9.99009E-05 9.99009E-05 0.638961 9.99009E-05 9.99009E-05 9.99009E-05 0.0428976 9.99009E-05 0.0322224 9.99009E-05 9.99009E-05 9.99009E-05 0.28482
9.99098E-05 0.1703 9.99098E-05 9.99098E-05 0.286897 0.0419976 0.177767 9.99098E-05 9.99098E-05 9.99098E-05 0.322039 9.99098E-05 9.99098E-05 9.99098E-05 9.99098E-05
9.99549E-05 0.0133668 0.120339 0.015521 0.228607 0.295678 0.0918159 0.0201435 0.10887 0.0779311 9.99549E-05 9.99549E-05 9.99549E-05 0.0272279 9.99549E-05
9.9892E-05 9.9892E-05 9.9892E-05 9.9892E-05 0.893543 9.9892E-05 9.9892E-05 9.9892E-05 9.9892E-05 9.9892E-05 9.9892E-05 9.9892E-05 0.093319 9.9892E-05 0.0119397
9.991E-05 9.991E-05 0.133822 9.991E-05 0.768607 9.991E-05 9.991E-05 9.991E-05 9.991E-05 9.991E-05 0.0411547 0.0228277 0.0325891 9.991E-05 9.991E-05
0.00983355 9.99188E-05 9.99188E-05 9.99188E-05 0.110266 0.678955 0.0802655 9.99188E-05 0.0449769 0.0748033 9.99188E-05 9.99188E-05 9.99188E-05 9.99188E-05 9.99188E-05
9.99188E-05 0.0888304 9.99188E-05 9.99188E-05 0.0564166 0.39984 9.99188E-05 0.207913 0.209985 9.99188E-05 9.99188E-05 9.99188E-05 9.99188E-05 0.036115 9.99188E-05
9.99008E-05 0.157746 9.99008E-05 9.99008E-05 9.99008E-05 0.349462 9.99008E-05 9.99008E-05 0.108147 9.99008E-05 9.99008E-05 0.383546 9.99008E-05 9.99008E-05 9.99008E-05
9.98918E-05 0.267089 9.98918E-05 9.98918E-05 0.231676 9.98918E-05 9.98918E-05 9.98918E-05 9.98918E-05 9.98918E-05 0.500037 9.98918E-05 9.98918E-05 9.98918E-05 9.98918E-05
9.99099E-05 9.99099E-05 9.99099E-05 9.99099E-05 0.00263389 0.00931382 9.99099E-05 9.99099E-05 0.650665 9.99099E-05 9.99099E-05 9.99099E-05 0.161678 9.99099E-05 0.17471
0.019239 0.29622 9.99187E-05 9.99187E-05 0.391975 9.99187E-05 0.0626271 9.99187E-05 9.99187E-05 9.99187E-05 0.164566 0.0644727 9.99187E-05 9.99187E-05 9.99187E-05
9.99098E-05 9.99098E-05 0.00203493 0.00143716 0.650757 0.286568 9.99098E-05 0.0582031 9.99098E-05 9.99098E-05 9.99098E-05 9.99098E-05 9.99098E-05 9.99098E-05 9.99098E-05
9.99189E-05 9.99189E-05 0.0284832 0.000275326 0.0724877 0.438861 9.99189E-05 9.99189E-05 0.135086 0.323908 9.99189E-05 9.99189E-05 9.99189E-05 9.99189E-05 9.99189E-05
9.99097E-05 0.0738216 9.99097E-05 9.99097E-05 9.99097E-05 9.99097E-05 0.0318249 9.99097E-05 0.703071 9.99097E-05 0.128075 0.0622077 9.99097E-05 9.99097E-05 9.99097E-05
9.9901E-05 0.215275 9.9901E-05 9.9901E-05 9.9901E-05 9.9901E-05 9.9901E-05 9.9901E-05 0.212486 9.9901E-05 0.439658 0.131482 9.9901E-05 9.9901E-05 9.9901E-05
9.99008E-05 0.146182 9.99008E-05 9.99008E-05 9.99008E-05 9.99008E-05 0.111838 9.99008E-05 0.691086 9.99008E-05 0.0497948 9.99008E-05 9.99008E-05 9.99008E-05 9.99008E-05
9.99188E-05 0.0836343 9.99188E-05 9.99188E-05 0.053882 0.336297 9.99188E-05 0.23259 0.265096 9.99188E-05 9.99188E-05 0.0276013 9.99188E-05 9.99188E-05 9.99188E-05
0.0040205 0.216466 9.9928E-05 9.9928E-05 0.0895094 0.0406224 9.9928E-05 0.0148804 0.147125 9.9928E-05 9.9928E-05 0.486577 9.9928E-05 9.9928E-05 9.9928E-05
9.99279E-05 0.138634 9.99279E-05 0.00381285 0.371475 9.99279E-05 0.0117773 9.99279E-05 0.224152 0.0340662 9.99279E-05 9.99279E-05 9.99279E-05 9.99279E-05 0.215283
9.99099E-05 0.376134 9.99099E-05 9.99099E-05 0.428575 9.99099E-05 9.99099E-05 0.0545689 9.99099E-05 9.99099E-05 0.0271911 9.99099E-05 9.99099E-05 9.99099E-05 0.112532
9.9928E-05 0.388333 0.0995088 0.0172112 0.113138 0.0370355 9.9928E-05 9.9928E-05 0.0941226 9.9928E-05 9.9928E-05 9.9928E-05 9.9928E-05 9.9928E-05 0.249852
9.99098E-05 0.469449 9.99098E-05 9.99098E-05 0.274591 9.99098E-05 0.0103971 9.99098E-05 9.99098E-05 9.99098E-05 0.18598 0.058584 9.99098E-05 9.99098E-05 9.99098E-05
9.99008E-05 0.0898127 9.99008E-05 9.99008E-05 0.58358 9.99008E-05 9.99008E-05 0.26376 0.0617491 9.99008E-05 9.99008E-05 9.99008E-05 9.99008E-05 9.99008E-05 9.99008E-05
9.99009E-05 9.99009E-05 9.99009E-05 9.99009E-05 0.826441 0.0630304 9.99009E-05 9.99009E-05 9.99009E-05 0.100152 9.99009E-05 9.99009E-05 9.99009E-05 9.99009E-05 0.00927807
9.99007E-05 9.99007E-05 9.99007E-05 9.99007E-05 9.99007E-05 0.558093 0.129824 9.99007E-05 0.197122 9.99007E-05 0.113862 9.99007E-05 9.99007E-05 9.99007E-05 9.99007E-05
9.99008E-05 0.506923 9.99008E-05 9.99008E-05 9.99008E-05 0.247302 0.0340261 9.99008E-05 9.99008E-05 9.99008E-05 0.21065 9.99008E-05 9.99008E-05 9.99008E-05 9.99008E-05
9.98918E-05 9.98918E-05 9.98918E-05 9.98918E-05 9.98918E-05 0.722794 9.98918E-05 9.98918E-05 0.138007 9.98918E-05 9.98918E-05 9.98918E-05 0.138 9.98918E-05 9.98918E-05
9.99097E-05 0.322607 9.99097E-05 9.99097E-05 0.00399789 0.421678 0.110235 9.99097E-05 9.99097E-05 9.99097E-05 0.140483 9.99097E-05 9.99097E-05 9.99097E-05 9.99097E-05
9.98917E-05 0.218272 9.98917E-05 9.98917E-05 9.98917E-05 0.54121 9.98917E-05 9.98917E-05 9.98917E-05 9.98917E-05 0.239319 9.98917E-05 9.98917E-05 9.98917E-05 9.98917E-05
9.99099E-05 9.99099E-05 0.0222015 9.99099E-05 0.0237581 0.723739 9.99099E-05 9.99099E-05 9.99099E-05 9.99099E-05 9.99099E-05 9.99099E-05 0.201459 9.99099E-05 0.0278427
9.99188E-05 0.290405 9.99188E-05 9.99188E-05 0.180685 0.309984 0.0566571 9.99188E-05 9.99188E-05 9.99188E-05 0.0247561 9.99188E-05 9.99188E-05 0.136614 9.99188E-05
9.99098E-05 0.225784 9.99098E-05 9.99098E-05 9.99098E-05 0.657748 0.0137072 9.99098E-05 9.99098E-05 9.99098E-05 0.0060796 9.99098E-05 9.99098E-05 0.0956815 9.99098E-05
0.604172 0.031866 9.98919E-05 9.98919E-05 9.98919E-05 9.98919E-05 9.98919E-05 9.98919E-05 9.98919E-05 9.98919E-05 9.98919E-05 0.362763 9.98919E-05 9.98919E-05 9.98919E-05
0.574807 0.129922 9.9928E-05 9.9928E-05 9.9928E-05 9.9928E-05 9.9928E-05 0.0857164 0.0059297 9.9928E-05 0.0697437 0.114613 0.018469 9.9928E-05 9.9928E-05
0.790141 0.0218575 9.99009E-05 9.99009E-05 9.99009E-05 9.99009E-05 9.99009E-05 9.99009E-05 9.99009E-05 9.99009E-05 9.99009E-05 0.00661228 9.99009E-05 9.99009E-05 0.18029
0.482219 9.99009E-05 9.99009E-05 9.99009E-05 9.99009E-05 0.0371381 0.0304553 9.99009E-05 9.99009E-05 9.99009E-05 9.99009E-05 9.99009E-05 0.449088 9.99009E-05 9.99009E-05
0.63418 9.99008E-05 9.99008E-05 0.051255 9.99008E-05 9.99008E-05 9.99008E-05 9.99008E-05 9.99008E-05 9.99008E-05 0.0125699 0.300896 9.99008E-05 9.99008E-05 9.99008E-05
0.183873 9.99368E-05 0.019029 9.99368E-05 9.99368E-05 0.0737916 0.135108 9.99368E-05 9.99368E-05 0.0494905 9.99368E-05 9.99368E-05 0.134111 0.403651 0.000245461
0.463863 9.98918E-05 9.98918E-05 9.98918E-05 9.98918E-05 9.98918E-05 0.306541 9.98918E-05 9.98918E-05 9.98918E-05 0.228398 9.98918E-05 9.98918E-05 9.98918E-05 9.98918E-05
0.714276 0.00743629 9.98919E-05 9.98919E-05 9.98919E-05 9.98919E-05 9.98919E-05 9.98919E-05 9.98919E-05 9.98919E-05 9.98919E-05 0.277089 9.98919E-05 9.98919E-05 9.98919E-05
0.629487 9.99099E-05 9.99099E-05 9.99099E-05 9.99099E-05 0.0498716 0.118974 0.183301 0.0173668 9.99099E-05 9.99099E-05 9.99099E-05 9.99099E-05 9.99099E-05 9.99099E-05
0.54648 9.99279E-05 0.226779 9.99279E-05 0.113695 9.99279E-05 9.99279E-05 0.0257256 0.00844633 0.0622807 9.99279E-05 9.99279E-05 9.99279E-05 9.99279E-05 0.0157934
0.25881 0.0523729 9.99009E-05 0.101763 9.99009E-05 9.99009E-05 9.99009E-05 9.99009E-05 9.99009E-05 9.99009E-05 9.99009E-05 0.585954 9.99009E-05 9.99009E-05 9.99009E-05
0.453292 9.99189E-05 0.394903 0.0700072 0.0117675 9.99189E-05 9.99189E-05 9.99189E-05 9.99189E-05 0.03512 0.0340108 9.99189E-05 9.99189E-05 9.99189E-05 9.99189E-05
0.753331 0.0295969 9.99098E-05 9.99098E-05 9.99098E-05 9.99098E-05 9.99098E-05 9.99098E-05 9.99098E-05 9.99098E-05 0.0114431 0.137439 9.99098E-05 0.0671908 9.99098E-05
0.477912 9.99278E-05 0.103342 9.99278E-05 0.0154716 0.0372639 0.0816002 0.097383 9.99278E-05 9.99278E-05 9.99278E-05 9.99278E-05 9.99278E-05 0.186228 9.99278E-05
0.502032 9.99099E-05 9.99099E-05 9.99099E-05 9.99099E-05 9.99099E-05 9.99099E-05 0.329974 0.0358633 9.99099E-05 9.99099E-05 0.0685531 9.99099E-05 0.0625791 9.99099E-05
0.321768 9.99279E-05 9.99279E-05 9.99279E-05 9.99279E-05 9.99279E-05 0.497365 9.99279E-05 0.0553592 0.0113882 0.0253684 0.0596099 9.99279E-05 0.0283418 9.99279E-05
0.486625 9.99278E-05 0.0654249 9.99278E-05 0.0990611 0.0117124 9.99278E-05 9.99278E-05 9.99278E-05 0.201399 9.99278E-05 9.99278E-05 0.133654 9.99278E-05 0.00132386
0.38061 9.99098E-05 9.99098E-05 9.99098E-05 9.99098E-05 0.013369 9.99098E-05 9.99098E-05 9.99098E-05 0.0446687 0.01893 9.99098E-05 9.99098E-05 9.99098E-05 0.541423
0.482056 0.117443 9.99099E-05 9.99099E-05 9.99099E-05 9.99099E-05 9.99099E-05 0.271071 0.0522478 9.99099E-05 0.0761827 9.99099E-05 9.99099E-05 9.99099E-05 9.99099E-05
0.730542 0.0159084 9.99099E-05 9.99099E-05 9.99099E-05 9.99099E-05 0.192298 9.99099E-05 9.99099E-05 9.99099E-05 0.0460592 0.0141934 9.99099E-05 9.99099E-05 9.99099E-05
0.561165 9.99189E-05 0.0470365 9.99189E-05 0.00919256 9.99189E-05 9.99189E-05 0.295328 0.022976 9.99189E-05 9.99189E-05 9.99189E-05 0.063403 9.99189E-05 9.99189E-05
0.66987 9.98919E-05 9.98919E-05 9.98919E-05 9.98919E-05 9.98919E-05 9.98919E-05 9.98919E-05 9.98919E-05 0.0515692 9.98919E-05 9.98919E-05 9.98919E-05 9.98919E-05 0.277362
9.9928E-05 9.9928E-05 0.138006 0.0302637 0.0853735 9.9928E-05 9.9928E-05 0.00671545 0.0050484 9.9928E-05 9.9928E-05 9.9928E-05 0.301043 0.432751 9.9928E-05
9.98918E-05 9.98918E-05 9.98918E-05 0.655415 9.98918E-05 9.98918E-05 0.225826 9.98918E-05 9.98918E-05 9.98918E-05 0.11756 9.98918E-05 9.98918E-05 9.98918E-05 9.98918E-05
9.99279E-05 0.0026316 9.99279E-05 9.99279E-05 9.99279E-05 0.00253242 9.99279E-05 9.99279E-05 9.99279E-05 0.0282104 0.0480161 9.99279E-05 0.0723819 0.352625 0.492803
9.99008E-05 9.99008E-05 9.99008E-05 9.99008E-05 9.99008E-05 9.99008E-05 0.208127 9.99008E-05 0.0179113 9.99008E-05 9.99008E-05 0.186217 9.99008E-05 0.586645 9.99008E-05
9.98917E-05 9.98917E-05 9.98917E-05 0.506531 9.98917E-05 9.98917E-05 9.98917E-05 9.98917E-05 9.98917E-05 9.98917E-05 0.159063 0.333208 9.98917E-05 9.98917E-05 9.98917E-05
9.99008E-05 9.99008E-05 0.348534 9.99008E-05 9.99008E-05 9.99008E-05 9.99008E-05 9.99008E-05 9.99008E-05 0.261272 9.99008E-05 9.99008E-05 9.99008E-05 0.32493 0.0641654
9.98918E-05 9.98918E-05 0.189926 0.732763 9.98918E-05 9.98918E-05 9.98918E-05 9.98918E-05 9.98918E-05 9.98918E-05 9.98918E-05 9.98918E-05 9.98918E-05 0.076112 9.98918E-05
0.00486392 0.00909898 9.99369E-05 9.99369E-05 0.0505723 0.0131886 9.99369E-05 0.00251571 9.99369E-05 9.99369E-05 0.119279 9.99369E-05 0.030402 0.76938 9.99369E-05
9.99008E-05 9.99008E-05 9.99008E-05 0.74545 9.99008E-05 9.99008E-05 9.99008E-05 9.99008E-05 0.00225696 0.0131163 9.99008E-05 9.99008E-05 9.99008E-05 9.99008E-05 0.238078
9.99008E-05 9.99008E-05 9.99008E-05 0.224359 9.99008E-05 9.99008E-05 9.99008E-05 9.99008E-05 9.99008E-05 9.99008E-05 0.454909 0.0760303 9.99008E-05 0.243603 9.99008E-05
9.99368E-05 9.99368E-05 0.275682 0.149255 0.0674926 9.99368E-05 9.99368E-05 0.0678732 9.99368E-05 0.0645847 9.99368E-05 9.99368E-05 0.178282 0.182925 0.0132058
9.98918E-05 9.98918E-05 9.98918E-05 0.564893 9.98918E-05 0.0189152 9.98918E-05 9.98918E-05 9.98918E-05 9.98918E-05 9.98918E-05 9.98918E-05 9.98918E-05 9.98918E-05 0.414993
9.98918E-05 9.98918E-05 9.98918E-05 0.420413 9.98918E-05 9.98918E-05 9.98918E-05 9.98918E-05 9.98918E-05 9.98918E-05 0.328015 0.250373 9.98918E-05 9.98918E-05 9.98918E-05
9.99098E-05 9.99098E-05 0.23868 9.99098E-05 9.99098E-05 9.99098E-05 9.99098E-05 9.99098E-05 9.99098E-05 0.304284 9.99098E-05 9.99098E-05 0.238794 0.171464 0.045779
9.99008E-05 9.99008E-05 9.99008E-05 0.564861 0.0375424 9.99008E-05 9.99008E-05 9.99008E-05 9.99008E-05 0.289599 9.99008E-05 9.99008E-05 9.99008E-05 9.99008E-05 0.106898
9.99098E-05 9.99098E-05 0.162086 9.99098E-05 9.99098E-05 9.99098E-05 0.0862028 9.99098E-05 9.99098E-05 0.2887 9.99098E-05 9.99098E-05 9.99098E-05 0.251427 0.210586
9.98918E-05 9.98918E-05 9.98918E-05 0.469327 9.98918E-05 9.98918E-05 9.98918E-05 9.98918E-05 9.98918E-05 9.98918E-05 0.114729 0.414746 9.98918E-05 9.98918E-05 9.98918E-05
9.99278E-05 9.99278E-05 0.0128583 0.314656 0.0137411 9.99278E-05 9.99278E-05 9.99278E-05 9.99278E-05 0.0981334 9.99278E-05 9.99278E-05 0.0807909 0.231226 0.247795
9.99189E-05 9.99189E-05 0.291509 9.99189E-05 0.00749352 9.99189E-05 9.99189E-05 0.0701942 9.99189E-05 0.0357743 9.99189E-05 9.99189E-05 0.337608 0.256521 9.99189E-05
9.99098E-05 9.99098E-05 9.99098E-05 0.0843286 9.99098E-05 0.0594617 0.343644 9.99098E-05 9.99098E-05 9.99098E-05 9.99098E-05 9.99098E-05 0.0058839 0.505682 9.99098E-05
0.0609084 9.99371E-05 0.00110077 9.99371E-05 0.00653652 9.99371E-05 9.99371E-05 9.99371E-05 0.0482777 9.99371E-05 9.99371E-05 0.125717 0.0737271 0.323197 0.359836
9.991E-05 9.991E-05 0.0279458 0.0503538 9.991E-05 9.991E-05 9.991E-05 9.991E-05 0.0410024 9.991E-05 9.991E-05 9.991E-05 9.991E-05 0.597096 0.282603
9.99007E-05 9.99007E-05 9.99007E-05 0.463263 9.99007E-05 9.99007E-05 9.99007E-05 9.99007E-05 9.99007E-05 9.99007E-05 0.103622 0.314248 9.99007E-05 0.117768 9.99007E-05
9.99279E-05 0.048523 0.15104 0.120646 9.99279E-05 9.99279E-05 0.36279 9.99279E-05 0.0697684 0.168562 9.99279E-05 9.99279E-05 0.0778709 9.99279E-05 9.99279E-05
9.99097E-05 9.99097E-05 9.99097E-05 0.570655 9.99097E-05 0.0745368 9.99097E-05 0.0300653 9.99097E-05 9.99097E-05 9.99097E-05 9.99097E-05 0.0209457 0.302798 9.99097E-05
0.17985 0.0735402 9.99459E-05 0.064832 9.99459E-05 0.00390773 0.0343883 0.0225602 0.0387889 9.99459E-05 9.99459E-05 0.280002 9.99459E-05 0.301531 9.99459E-05
0.109792 9.99459E-05 0.139256 0.182173 0.0660582 9.99459E-05 0.145904 9.99459E-05 0.0245065 0.000985048 9.99459E-05 9.99459E-05 0.155425 9.99459E-05 0.175301
0.0419919 9.991E-05 9.991E-05 0.0223729 0.0657629 9.991E-05 9.991E-05 0.81955 9.991E-05 9.991E-05 9.991E-05 9.991E-05 0.0493231 9.991E-05 9.991E-05
9.9919E-05 9.9919E-05 9.9919E-05 9.9919E-05 0.0107502 9.9919E-05 9.9919E-05 9.9919E-05 0.0412994 0.0443789 0.261818 0.631152 9.9919E-05 0.00970266 9.9919E-05
0.0736502 9.99458E-05 9.99458E-05 0.156103 9.99458E-05 0.0689901 0.264433 0.275095 9.99458E-05 0.0213103 0.0682118 0.0289686 9.99458E-05 0.0426374 9.99458E-05
0.0804202 0.0223502 0.0155311 0.0224453 0.0106978 9.99459E-05 0.543721 0.0422239 0.0478536 9.99459E-05 9.99459E-05 0.214157 9.99459E-05 9.99459E-05 9.99459E-05
9.99279E-05 9.99279E-05 0.456629 0.114974 0.00800977 9.99279E-05 9.99279E-05 0.131914 0.027226 9.99279E-05 9.99279E-05 0.130083 9.99279E-05 0.130363 9.99279E-05
9.98918E-05 9.98918E-05 9.98918E-05 9.98918E-05 9.98918E-05 9.98918E-05 0.33716 9.98918E-05 9.98918E-05 9.98918E-05 9.98918E-05 0.515299 9.98918E-05 0.146342 9.98918E-05
9.99188E-05 9.99188E-05 0.197866 9.99188E-05 9.99188E-05 9.99188E-05 0.0827106 0.023465 9.99188E-05 0.275139 9.99188E-05 9.99188E-05 9.99188E-05 0.149532 0.270388
9.99098E-05 9.99098E-05 9.99098E-05 0.0122462 9.99098E-05 9.99098E-05 0.339599 0.0377562 9.99098E-05 9.99098E-05 9.99098E-05 0.462117 9.99098E-05 0.147282 9.99098E-05
9.99189E-05 9.99189E-05 9.99189E-05 0.282363 9.99189E-05 9.99189E-05 9.99189E-05 0.116947 9.99189E-05 9.99189E-05 9.99189E-05 0.158972 0.0341784 0.0306142 0.376027
0.0413043 9.99278E-05 0.0148828 0.0700766 9.99278E-05 9.99278E-05 9.99278E-05 0.233222 9.99278E-05 0.160314 0.0564413 9.99278E-05 9.99278E-05 9.99278E-05 0.42296
0.0374212 0.0852024 9.9946E-05 0.0538808 0.0234577 9.9946E-05 9.9946E-05 0.526479 0.010764 0.0188925 9.9946E-05 9.9946E-05 0.0301895 0.213113 9.9946E-05
0.0747184 9.99278E-05 9.99278E-05 9.99278E-05 0.0197735 9.99278E-05 0.138618 0.248085 9.99278E-05 0.0732053 0.0326702 9.99278E-05 9.99278E-05 0.41213 9.99278E-05
0.00406786 9.99369E-05 9.99369E-05 9.99369E-05 9.99369E-05 9.99369E-05 0.0502441 0.693129 0.0235883 0.104652 0.0204419 0.0221272 9.99369E-05 0.0810503 9.99369E-05
0.125582 9.99278E-05 0.0517362 9.99278E-05 9.99278E-05 9.99278E-05 0.0549294 0.0605746 9.99278E-05 9.99278E-05 9.99278E-05 0.111968 9.99278E-05 0.192376 0.402035
0.0513483 9.99279E-05 9.99279E-05 9.99279E-05 9.99279E-05 9.99279E-05 0.0211278 0.015118 9.99279E-05 0.0582694 0.111119 0.700917 9.99279E-05 0.0413003 9.99279E-05
9.99009E-05 9.99009E-05 9.99009E-05 0.234679 9.99009E-05 9.99009E-05 9.99009E-05 0.0666693 9.99009E-05 9.99009E-05 0.0568779 0.640675 9.99009E-05 9.99009E-05 9.99009E-05
9.99189E-05 0.0368345 9.99189E-05 0.143593 0.00266955 9.99189E-05 0.640916 0.0781854 9.99189E-05 9.99189E-05 0.0969025 9.99189E-05 9.99189E-05 9.99189E-05 9.99189E-05
9.99099E-05 0.0913398 9.99099E-05 0.111257 9.99099E-05 9.99099E-05 0.159404 0.105328 9.99099E-05 9.99099E-05 9.99099E-05 0.531673 9.99099E-05 9.99099E-05 9.99099E-05
0.00223863 9.991E-05 0.024853 9.991E-05 9.991E-05 9.991E-05 9.991E-05 9.991E-05 9.991E-05 0.110828 0.0557278 0.805354 9.991E-05 9.991E-05 9.991E-05
9.99279E-05 0.117471 9.99279E-05 0.240873 9.99279E-05 0.00234318 0.310233 0.0682361 9.99279E-05 9.99279E-05 0.244989 9.99279E-05 0.015055 9.99279E-05 9.99279E-05
9.99188E-05 9.99188E-05 0.019224 0.0240387 9.99188E-05 9.99188E-05 0.350494 9.99188E-05 9.99188E-05 9.99188E-05 0.0448028 0.169753 9.99188E-05 0.390789 9.99188E-05
9.991E-05 9.991E-05 9.991E-05 9.991E-05 9.991E-05 0.0380866 9.991E-05 9.991E-05 0.0385161 0.322342 9.991E-05 0.0393063 0.56075 9.991E-05 9.991E-05
0.0314329 9.99098E-05 9.99098E-05 9.99098E-05 9.99098E-05 0.0087412 0.105577 9.99098E-05 0.0203764 0.832874 9.99098E-05 9.99098E-05 9.99098E-05 9.99098E-05 9.99098E-05
9.99189E-05 9.99189E-05 9.99189E-05 9.99189E-05 9.99189E-05 0.1137 0.666229 0.00233288 9.99189E-05 0.107991 0.0364042 9.99189E-05 0.0724438 9.99189E-05 9.99189E-05
9.98917E-05 9.98917E-05 0.190176 9.98917E-05 9.98917E-05 9.98917E-05 0.142287 9.98917E-05 9.98917E-05 0.666338 9.98917E-05 9.98917E-05 9.98917E-05 9.98917E-05 9.98917E-05
0.0691995 9.99009E-05 9.99009E-05 9.99009E-05 9.99009E-05 9.99009E-05 9.99009E-05 9.99009E-05 9.99009E-05 0.821799 0.0158365 9.99009E-05 0.0920661 9.99009E-05 9.99009E-05
0.0111245 9.99188E-05 9.99188E-05 9.99188E-05 9.99188E-05 9.99188E-05 0.04097 9.99188E-05 0.0713596 0.431911 0.0668739 9.99188E-05 9.99188E-05 9.99188E-05 0.376861
0.0532278 9.99279E-05 9.99279E-05 9.99279E-05 9.99279E-05 0.0147038 0.00533796 9.99279E-05 9.99279E-05 0.739504 0.0300806 9.99279E-05 9.99279E-05 0.0433149 0.113032
9.991E-05 9.991E-05 9.991E-05 9.991E-05 9.991E-05 0.018224 0.527234 9.991E-05 0.0147072 0.158529 0.280306 9.991E-05 9.991E-05 9.991E-05 9.991E-05
9.9901E-05 9.9901E-05 9.9901E-05 0.171745 9.9901E-05 9.9901E-05 0.119614 9.9901E-05 9.9901E-05 9.9901E-05 0.398149 0.309392 9.9901E-05 9.9901E-05 9.9901E-05
0.0326395 9.99188E-05 9.99188E-05 9.99188E-05 0.00634552 0.101662 0.137074 9.99188E-05 9.99188E-05 9.99188E-05 9.99188E-05 9.99188E-05 0.513702 0.207678 9.99188E-05
0.107735 9.99009E-05 9.99009E-05 9.99009E-05 9.99009E-05 9.99009E-05 0.213945 9.99009E-05 9.99009E-05 0.106212 0.57101 9.99009E-05 9.99009E-05 9.99009E-05 9.99009E-05
0.0121675 9.9919E-05 9.9919E-05 9.9919E-05 9.9919E-05 0.239938 0.500786 9.9919E-05 9.9919E-05 0.0685875 0.13014 9.9919E-05 9.9919E-05 0.0474812 9.9919E-05
0.0291647 9.99279E-05 0.014569 9.99279E-05 9.99279E-05 0.0812933 0.413359 9.99279E-05 9.99279E-05 0.15249 9.99279E-05 9.99279E-05 0.131081 0.177244 9.99279E-05
0.00862594 0.000816419 9.99189E-05 0.0678691 9.99189E-05 9.99189E-05 0.693445 9.99189E-05 9.99189E-05 9.99189E-05 0.148725 0.0796192 9.99189E-05 9.99189E-05 9.99189E-05
0.074535 0.0230508 9.99189E-05 9.99189E-05 9.99189E-05 9.99189E-05 0.465991 9.99189E-05 9.99189E-05 9.99189E-05 0.138614 0.0300798 0.26683 9.99189E-05 9.99189E-05
9.99369E-05 0.073435 9.99369E-05 0.168512 9.99369E-05 9.99369E-05 0.133472 0.0697068 0.08337 0.266721 9.99369E-05 9.99369E-05 0.188505 0.0155783 9.99369E-05
9.99369E-05 9.99369E-05 0.106531 9.99369E-05 0.0419016 0.0257103 0.319742 9.99369E-05 0.00224877 9.99369E-05 0.252572 9.99369E-05 0.0939463 0.156648 9.99369E-05
0.149961 9.99098E-05 9.99098E-05 9.99098E-05 9.99098E-05 0.00515093 0.268854 9.99098E-05 9.99098E-05 9.99098E-05 0.217433 9.99098E-05 0.357601 9.99098E-05 9.99098E-05
9.99099E-05 9.99099E-05 0.485021 9.99099E-05 9.99099E-05 9.99099E-05 0.0839429 9.99099E-05 9.99099E-05 0.120536 9.99099E-05 9.99099E-05 0.295706 0.0137948 9.99099E-05
9.9937E-05 9.9937E-05 0.0233618 9.9937E-05 9.9937E-05 0.0290877 0.154316 0.0855394 9.9937E-05 0.101611 9.9937E-05 9.9937E-05 0.379428 0.216948 0.00900815
9.99189E-05 9.99189E-05 0.0629975 9.99189E-05 9.99189E-05 9.99189E-05 0.175599 0.0668376 9.99189E-05 9.99189E-05 0.655316 9.99189E-05 0.0296877 9.99189E-05 0.00866215
0.0677072 0.00519012 9.99369E-05 9.99369E-05 0.00179904 9.99369E-05 0.702285 9.99369E-05 9.99369E-05 9.99369E-05 0.0245799 9.99369E-05 0.0211264 0.139066 0.0375464
9.99009E-05 9.99009E-05 9.99009E-05 0.0941224 9.99009E-05 9.99009E-05 0.279099 9.99009E-05 9.99009E-05 9.99009E-05 0.415256 0.210424 9.99009E-05 9.99009E-05 9.99009E-05
9.99008E-05 9.99008E-05 0.0581538 9.99008E-05 9.99008E-05 9.99008E-05 9.99008E-05 9.99008E-05 9.99008E-05 0.392479 9.99008E-05 9.99008E-05 0.276546 0.271722 9.99008E-05
9.99189E-05 9.99189E-05 0.016427 9.99189E-05 9.99189E-05 0.0896348 0.21736 0.00531465 9.99189E-05 9.99189E-05 9.99189E-05 9.99189E-05 0.276119 0.394246 9.99189E-05
0.0389042 0.00605561 9.99279E-05 0.0858792 9.99279E-05 9.99279E-05 0.360488 9.99279E-05 9.99279E-05 9.99279E-05 0.434602 0.0563969 9.99279E-05 0.0168747 9.99279E-05
0.0218572 9.9937E-05 0.00675039 0.23007 0.0563451 9.9937E-05 9.9937E-05 0.0754517 9.9937E-05 0.377501 9.9937E-05 9.9937E-05 0.224737 9.9937E-05 0.00658751
9.99189E-05 9.99189E-05 0.433446 0.357956 9.99189E-05 9.99189E-05 0.00949885 0.0653042 9.99189E-05 0.025905 9.99189E-05 9.99189E-05 0.10699 9.99189E-05 9.99189E-05
0.0136862 0.0760148 9.99369E-05 9.99369E-05 9.99369E-05 0.0827975 0.258414 9.99369E-05 0.0404493 9.99369E-05 0.0532047 0.321174 9.99369E-05 0.153559 9.99369E-05
9.99189E-05 0.00648735 9.99189E-05 0.417615 9.99189E-05 9.99189E-05 0.153015 0.289497 0.0249543 9.99189E-05 9.99189E-05 0.107532 9.99189E-05 9.99189E-05 9.99189E-05
9.99279E-05 9.99279E-05 0.316409 0.157465 9.99279E-05 0.078243 9.99279E-05 9.99279E-05 0.03142 0.309676 0.0582152 9.99279E-05 0.0477735 9.99279E-05 9.99279E-05
9.99099E-05 9.99099E-05 9.99099E-05 0.336569 9.99099E-05 0.0376722 9.99099E-05 9.99099E-05 9.99099E-05 0.539417 9.99099E-05 9.99099E-05 0.0384269 9.99099E-05 0.0469159
9.9928E-05 9.9928E-05 0.0699876 0.238333 0.0397147 0.0800823 9.9928E-05 9.9928E-05 9.9928E-05 0.432049 9.9928E-05 9.9928E-05 0.108658 9.9928E-05 0.0303763
9.991E-05 9.991E-05 9.991E-05 0.212005 9.991E-05 9.991E-05 9.991E-05 0.0225951 0.00963664 9.991E-05 0.0700132 0.684751 9.991E-05 9.991E-05 9.991E-05
9.9901E-05 0.00800334 9.9901E-05 0.2974 9.9901E-05 0.0488728 0.644625 9.9901E-05 9.9901E-05 9.9901E-05 9.9901E-05 9.9901E-05 9.9901E-05 9.9901E-05 9.9901E-05
0.201826 9.99458E-05 0.0892199 0.040686 0.0239062 0.0426587 0.102945 0.378668 9.99458E-05 0.0201628 9.99458E-05 9.99458E-05 0.0993276 9.99458E-05 9.99458E-05
0.0192197 9.99278E-05 0.144795 0.274769 9.99278E-05 9.99278E-05 0.0305728 0.0464789 9.99278E-05 0.456811 9.99278E-05 9.99278E-05 0.0265542 9.99278E-05 9.99278E-05
0.0170555 0.0414181 9.99279E-05 0.140612 9.99279E-05 9.99279E-05 0.115243 0.161602 9.99279E-05 9.99279E-05 0.0708108 0.452459 9.99279E-05 9.99279E-05 9.99279E-05
9.9919E-05 9.9919E-05 9.9919E-05 0.141106 9.9919E-05 0.000552782 0.453949 9.9919E-05 0.0640064 0.0699218 9.9919E-05 9.9919E-05 9.9919E-05 0.269564 9.9919E-05
9.99188E-05 9.99188E-05 9.99188E-05 0.179177 9.99188E-05 0.0486244 0.485483 0.0831003 9.99188E-05 0.137647 0.0650691 9.99188E-05 9.99188E-05 9.99188E-05 9.99188E-05
0.061392 9.99098E-05 9.99098E-05 0.167576 9.99098E-05 9.99098E-05 9.99098E-05 0.641116 9.99098E-05 9.99098E-05 9.99098E-05 9.99098E-05 0.0192629 0.109655 9.99098E-05
0.211166 0.0225698 9.99098E-05 9.99098E-05 9.99098E-05 9.99098E-05 0.286076 9.99098E-05 9.99098E-05 9.99098E-05 0.151382 9.99098E-05 9.99098E-05 0.327807 9.99098E-05
0.0316027 9.99368E-05 0.160018 9.99368E-05 0.0504214 9.99368E-05 0.182209 0.0280307 9.99368E-05 0.104524 9.99368E-05 9.99368E-05 0.243977 0.198518 9.99368E-05
9.99368E-05 9.99368E-05 0.090665 0.0791777 9.99368E-05 0.0349734 0.184341 0.26936 9.99368E-05 0.0696758 9.99368E-05 9.99368E-05 0.055133 0.215975 9.99368E-05
9.9928E-05 9.9928E-05 0.173257 0.276503 0.0263821 9.9928E-05 9.9928E-05 9.9928E-05 0.016334 0.444355 9.9928E-05 9.9928E-05 9.9928E-05 0.0513793 0.0109904
9.99278E-05 0.12788 9.99278E-05 0.319404 9.99278E-05 9.99278E-05 0.279157 0.0473153 0.0207159 9.99278E-05 0.187712 9.99278E-05 0.0170161 9.99278E-05 9.99278E-05
9.99278E-05 9.99278E-05 0.0559794 0.161266 9.99278E-05 0.0129771 9.99278E-05 0.140335 9.99278E-05 0.338597 0.0269023 9.99278E-05 0.263144 9.99278E-05 9.99278E-05
9.99098E-05 9.99098E-05 9.99098E-05 0.134647 9.99098E-05 9.99098E-05 0.147091 9.99098E-05 9.99098E-05 0.135404 9.99098E-05 9.99098E-05 0.208281 9.99098E-05 0.373577
9.99188E-05 9.99188E-05 9.99188E-05 0.183125 9.99188E-05 9.99188E-05 0.122107 0.0726616 9.99188E-05 0.0171322 0.597298 0.00677706 9.99188E-05 9.99188E-05 9.99188E-05
9.993E-05 9.993E-05 0.194463 0.0113151 9.993E-05 0.0499155 0.368337 9.993E-05 9.993E-05 0.00256118 0.0804686 9.993E-05 0.0447574 0.247483 9.993E-05
9.99279E-05 0.0624292 9.99279E-05 0.100369 9.99279E-05 0.0266323 0.625632 0.0173174 9.99279E-05 9.99279E-05 0.133455 9.99279E-05 0.0333661 9.99279E-05 9.99279E-05
9.9946E-05 9.9946E-05 0.0245876 0.0125909 0.0132457 0.0440324 9.9946E-05 9.9946E-05 0.0281735 0.38248 0.0115679 0.00616174 0.47656 9.9946E-05 9.9946E-05
9.9955E-05 0.179142 0.0281939 9.9955E-05 0.001461 0.0692691 0.0183669 9.9955E-05 0.0325374 0.00271263 9.9955E-05 9.9955E-05 0.278792 0.0510738 0.337952
9.99279E-05 9.99279E-05 0.0236583 0.0135945 0.0913229 9.99279E-05 0.0448859 9.99279E-05 9.99279E-05 0.164094 9.99279E-05 9.99279E-05 0.474145 0.1875 9.99279E-05
9.99009E-05 9.99009E-05 9.99009E-05 0.105062 9.99009E-05 9.99009E-05 0.293894 0.0938212 9.99009E-05 9.99009E-05 0.506123 9.99009E-05 9.99009E-05 9.99009E-05 9.99009E-05
9.99369E-05 9.99369E-05 9.99369E-05 0.00439224 0.0343226 0.00213754 0.0138651 9.99369E-05 9.99369E-05 0.0462527 0.0082252 9.99369E-05 0.587585 0.30252 9.99369E-05
0.0204973 9.99279E-05 0.0121977 0.0398855 0.0101255 9.99279E-05 0.0763984 9.99279E-05 0.0401203 9.99279E-05 9.99279E-05 9.99279E-05 0.799976 9.99279E-05 9.99279E-05
0.0232849 9.9919E-05 0.188604 0.0127084 9.9919E-05 9.9919E-05 9.9919E-05 9.9919E-05 9.9919E-05 0.0858326 0.072042 9.9919E-05 0.616629 9.9919E-05 9.9919E-05
0.0994268 9.99098E-05 9.99098E-05 9.99098E-05 9.99098E-05 9.99098E-05 0.16783 9.99098E-05 9.99098E-05 9.99098E-05 0.627069 9.99098E-05 0.0735167 0.0311582 9.99098E-05
0.035818 0.0280555 9.99369E-05 0.0532416 9.99369E-05 9.99369E-05 0.528028 9.99369E-05 0.020986 0.0854976 9.99369E-05 9.99369E-05 0.19266 0.0550138 9.99369E-05
9.9946E-05 9.9946E-05 0.369958 0.0107442 9.9946E-05 0.0255571 9.9946E-05 9.9946E-05 0.00846337 0.26295 0.0979301 9.9946E-05 0.15277 0.0496259 0.0214023
0.00265371 0.0828893 9.994E-05 0.150349 9.994E-05 9.994E-05 0.198885 9.994E-05 9.994E-05 9.994E-05 0.196552 0.07093 0.284621 0.00769633 0.00482286
9.99279E-05 9.99279E-05 0.0195738 9.99279E-05 0.00185796 9.99279E-05 9.99279E-05 9.99279E-05 0.0250253 0.0488908 9.99279E-05 0.0342494 0.813024 9.99279E-05 0.0565793
9.99369E-05 0.00689071 9.99369E-05 9.99369E-05 9.99369E-05 9.99369E-05 0.0855643 0.0418149 9.99369E-05 9.99369E-05 0.0795029 0.112011 0.0197699 0.232071 0.421675
0.032473 9.99278E-05 9.99278E-05 0.0895147 9.99278E-05 0.0512841 0.00616704 9.99278E-05 9.99278E-05 9.99278E-05 0.247545 9.99278E-05 0.535244 0.0369735 9.99278E-05
9.99189E-05 9.99189E-05 0.00353041 0.0798592 9.99189E-05 9.99189E-05 0.0988744 9.99189E-05 9.99189E-05 0.0328552 0.768215 0.0157666 9.99189E-05 9.99189E-05 9.99189E-05
9.99279E-05 9.99279E-05 9.99279E-05 0.0589445 9.99279E-05 0.128686 0.374311 0.0184513 9.99279E-05 0.0901107 9.99279E-05 9.99279E-05 0.155621 0.173076 9.99279E-05
0.0294285 0.0073339 0.0240131 0.0122667 9.99458E-05 9.99458E-05 9.99458E-05 0.395542 0.00584316 9.99458E-05 0.216953 0.0373587 9.99458E-05 0.270662 9.99458E-05
0.0649518 0.0166687 9.993E-05 0.0075153 9.993E-05 9.993E-05 0.1294 9.993E-05 0.00388802 0.013278 9.993E-05 0.665585 9.993E-05 0.0980128 9.993E-05
9.99188E-05 0.0178056 9.99188E-05 9.99188E-05 9.99188E-05 9.99188E-05 0.185318 0.118254 9.99188E-05 9.99188E-05 0.0974629 9.99188E-05 0.0252249 0.555035 9.99188E-05
0.553311 9.98918E-05 9.98918E-05 0.0430464 9.98918E-05 9.98918E-05 0.402444 9.98918E-05 9.98918E-05 9.98918E-05 9.98918E-05 9.98918E-05 9.98918E-05 9.98918E-05 9.98918E-05
9.99369E-05 9.99369E-05 0.0362468 0.102022 9.99369E-05 0.0263685 0.495501 0.092299 9.99369E-05 0.130417 9.99369E-05 0.0295131 9.99369E-05 0.0869332 9.99369E-05
9.99189E-05 9.99189E-05 0.0397007 0.0221218 9.99189E-05 9.99189E-05 9.99189E-05 0.069257 9.99189E-05 0.473617 9.99189E-05 9.99189E-05 9.99189E-05 0.321216 0.0731882
9.99099E-05 9.99099E-05 9.99099E-05 0.240119 9.99099E-05 9.99099E-05 0.131599 0.0151659 0.0293491 9.99099E-05 9.99099E-05 0.582768 9.99099E-05 9.99099E-05 9.99099E-05
9.99279E-05 9.99279E-05 9.99279E-05 0.219165 0.000302952 9.99279E-05 9.99279E-05 0.17781 0.00576499 0.038686 9.99279E-05 9.99279E-05 0.0410047 9.99279E-05 0.516467
0.377256 9.99188E-05 0.014347 9.99188E-05 9.99188E-05 0.0892243 9.99188E-05 9.99188E-05 9.99188E-05 0.181937 9.99188E-05 9.99188E-05 0.148094 0.188242 9.99188E-05
0.0561919 9.99189E-05 0.656071 9.99189E-05 9.99189E-05 9.99189E-05 0.031645 0.125801 9.99189E-05 9.99189E-05 9.99189E-05 0.075657 9.99189E-05 9.99189E-05 0.0537347
0.155578 0.00776499 9.99189E-05 9.99189E-05 9.99189E-05 9.99189E-05 0.127301 9.99189E-05 9.99189E-05 9.99189E-05 9.99189E-05 0.60685 0.0559072 0.0456995 9.99189E-05
0.0728944 9.99099E-05 9.99099E-05 9.99099E-05 9.99099E-05 9.99099E-05 0.0931345 0.0824707 9.99099E-05 9.99099E-05 0.323295 0.427207 9.99099E-05 9.99099E-05 9.99099E-05
9.99369E-05 9.99369E-05 0.143844 0.130276 9.99369E-05 9.99369E-05 0.0788248 0.104578 9.99369E-05 0.183308 0.018049 9.99369E-05 0.0728746 9.99369E-05 0.267546
