0.143424 0.0370414 9.9973E-05 0.394646 0.304525 9.9973E-05 9.9973E-05 0.120063
0.0980965 9.9973E-05 9.9973E-05 0.545659 0.332627 9.9973E-05 0.00378967 0.0195277
9.9982E-05 0.0419705 0.0815406 9.9982E-05 0.794736 0.0200431 0.0211698 0.0403404
0.06018 0.126794 0.0311783 0.477929 0.0121826 0.262067 9.9991E-05 0.0295693
0.220429 0.0744966 9.9973E-05 0.462302 9.9973E-05 0.206293 0.0361789 9.9973E-05
0.0930481 0.390224 9.9973E-05 0.0785663 0.371361 9.9973E-05 0.0665006 9.9973E-05
9.99549E-05 9.99549E-05 0.186739 9.99549E-05 0.794452 0.0183095 9.99549E-05 9.99549E-05
9.9964E-05 0.241348 9.9964E-05 0.114437 0.554142 9.9964E-05 0.0896731 9.9964E-05
9.998E-05 0.155109 9.998E-05 0.434991 0.202829 0.15772 0.0315607 0.0175907
9.99639E-05 0.385958 0.372929 9.99639E-05 0.18037 9.99639E-05 9.99639E-05 0.060343
0.0996557 0.122883 9.9982E-05 0.64574 0.0727984 0.0306162 9.9982E-05 0.0281069
9.9955E-05 0.260041 9.9955E-05 0.581178 9.9955E-05 0.158281 9.9955E-05 9.9955E-05
0.262312 0.0243775 0.0806222 0.0988369 0.227739 0.237408 0.0647694 0.0039355
9.9955E-05 0.262527 9.9955E-05 9.9955E-05 0.729713 9.9955E-05 9.9955E-05 0.00725959
9.9955E-05 0.0725399 0.0372527 0.889708 9.9955E-05 9.9955E-05 9.9955E-05 9.9955E-05
9.99729E-05 0.073471 0.43191 9.99729E-05 0.430813 9.99729E-05 0.0294721 0.0340333
9.99639E-05 0.0417133 0.107878 9.99639E-05 0.803012 0.0469972 9.99639E-05 9.99639E-05
0.0444395 0.00143975 9.99639E-05 0.0958003 0.857921 9.99639E-05 9.99639E-05 9.99639E-05
0.0178163 0.059284 9.9973E-05 0.286102 0.315588 0.32091 9.9973E-05 9.9973E-05
0.0622017 9.9955E-05 9.9955E-05 0.0869921 9.9955E-05 9.9955E-05 9.9955E-05 0.850306
9.9946E-05 9.9946E-05 9.9946E-05 9.9946E-05 9.9946E-05 0.162733 9.9946E-05 0.836668
0.0825221 0.0272225 9.99549E-05 9.99549E-05 9.99549E-05 9.99549E-05 9.99549E-05 0.889756
9.99459E-05 9.99459E-05 9.99459E-05 9.99459E-05 9.99459E-05 0.358199 9.99459E-05 0.641201
9.995E-05 9.995E-05 9.995E-05 0.134885 9.995E-05 0.118992 9.995E-05 0.745623
9.99729E-05 0.0286666 0.0322016 9.99729E-05 0.27105 9.99729E-05 0.19089 0.476892
9.99639E-05 0.0304146 9.99639E-05 0.389082 9.99639E-05 9.99639E-05 0.132448 0.447656
9.99549E-05 9.99549E-05 0.56497 9.99549E-05 9.99549E-05 9.99549E-05 0.209416 0.225115
0.150708 9.9973E-05 9.9973E-05 0.223985 9.9973E-05 0.125884 0.10237 0.396752
0.0826652 0.0183455 0.019583 9.99639E-05 9.99639E-05 9.99639E-05 9.99639E-05 0.879006
9.99459E-05 9.99459E-05 9.99459E-05 9.99459E-05 9.99459E-05 0.147218 9.99459E-05 0.852182
9.996E-05 9.996E-05 0.229498 9.996E-05 0.038936 0.135799 9.996E-05 0.595367
0.12034 0.0539249 0.0511659 9.9982E-05 0.0598809 9.9982E-05 0.459208 0.25528
9.99549E-05 9.99549E-05 0.375534 9.99549E-05 0.00326735 9.99549E-05 9.99549E-05 0.620699
9.99549E-05 9.99549E-05 9.99549E-05 9.99549E-05 0.278779 9.99549E-05 0.00525635 0.715465
9.99549E-05 0.0146926 9.99549E-05 9.99549E-05 9.99549E-05 0.143638 9.99549E-05 0.84117
9.99549E-05 9.99549E-05 9.99549E-05 0.175319 9.99549E-05 0.0479382 9.99549E-05 0.776243
9.9955E-05 9.9955E-05 0.0956312 0.163644 9.9955E-05 9.9955E-05 9.9955E-05 0.740225
9.99459E-05 9.99459E-05 9.99459E-05 9.99459E-05 9.99459E-05 0.339803 9.99459E-05 0.659597
0.0540061 9.99639E-05 9.99639E-05 0.0766497 9.99639E-05 0.027388 0.841556 9.99639E-05
0.0888111 9.9955E-05 0.251811 9.9955E-05 9.9955E-05 9.9955E-05 0.658878 9.9955E-05
9.9955E-05 9.9955E-05 0.483511 9.9955E-05 9.9955E-05 9.9955E-05 0.430767 0.0852222
0.0328135 9.9973E-05 0.104475 9.9973E-05 9.9973E-05 0.340157 0.521825 0.000428626
0.0587186 0.0368546 0.00222649 9.998E-05 0.0575203 9.998E-05 0.564325 0.280155
9.9973E-05 0.0260448 0.170296 9.9973E-05 0.147057 9.9973E-05 0.55746 0.0988427
9.9964E-05 9.9964E-05 9.9964E-05 0.360156 9.9964E-05 0.213342 0.300051 0.126052
9.9955E-05 9.9955E-05 9.9955E-05 0.419006 9.9955E-05 0.00500065 0.575493 9.9955E-05
9.996E-05 9.996E-05 0.297121 9.996E-05 0.118828 9.996E-05 0.393194 0.190457
0.0668148 0.0671578 9.99639E-05 0.060521 9.99639E-05 9.99639E-05 0.805107 9.99639E-05
0.0158872 9.9955E-05 0.643976 9.9955E-05 9.9955E-05 9.9955E-05 0.339637 9.9955E-05
9.9955E-05 9.9955E-05 9.9955E-05 0.214915 9.9955E-05 0.0792077 0.705378 9.9955E-05
0.0372082 9.9955E-05 0.264886 9.9955E-05 9.9955E-05 9.9955E-05 0.697406 9.9955E-05
0.102595 0.0194943 9.9973E-05 9.9973E-05 9.9973E-05 0.279696 0.525153 0.0727622
9.99639E-05 0.00821689 9.99639E-05 0.396162 9.99639E-05 9.99639E-05 0.414772 0.180449
9.9955E-05 9.9955E-05 9.9955E-05 0.444444 9.9955E-05 9.9955E-05 0.506413 0.0486433
9.9973E-05 9.9973E-05 0.00391649 0.1356 9.9973E-05 0.415042 0.365669 0.0794724
9.9964E-05 9.9964E-05 9.9964E-05 9.9964E-05 0.0167808 0.475726 0.0332746 0.473818
0.0720997 9.99639E-05 0.135283 9.99639E-05 0.0139264 9.99639E-05 0.778291 9.99639E-05
0.0489485 9.9973E-05 0.13695 9.9973E-05 9.9973E-05 0.112334 0.60856 0.0929081
0.0559839 9.99549E-05 0.252016 9.99549E-05 9.99549E-05 9.99549E-05 0.691501 9.99549E-05
9.99549E-05 9.99549E-05 9.99549E-05 0.152096 9.99549E-05 0.108156 0.739249 9.99549E-05
9.99639E-05 0.000379207 9.99639E-05 0.23899 9.99639E-05 9.99639E-05 0.688547 0.0716838
9.99459E-05 9.99459E-05 9.99459E-05 0.326429 9.99459E-05 9.99459E-05 0.672971 9.99459E-05
0.115401 9.9973E-05 0.134004 9.9973E-05 0.138109 9.9973E-05 0.526611 0.0855748
9.99549E-05 9.99549E-05 9.99549E-05 9.99549E-05 9.99549E-05 0.480582 0.514747 0.00417133
9.9955E-05 9.9955E-05 0.187123 9.9955E-05 0.348068 9.9955E-05 0.464309 9.9955E-05
9.99639E-05 0.0682089 9.99639E-05 0.381607 9.99639E-05 9.99639E-05 0.348081 0.201703
9.9955E-05 9.9955E-05 9.9955E-05 0.186081 9.9955E-05 0.194748 0.618671 9.9955E-05
9.9955E-05 9.9955E-05 9.9955E-05 0.359353 9.9955E-05 0.0588571 0.58129 9.9955E-05
9.99729E-05 0.00826588 9.99729E-05 0.189216 0.15234 9.99729E-05 0.429155 0.220724
0.0758923 0.151229 9.997E-05 9.997E-05 0.0672889 9.997E-05 0.338621 0.36667
0.0450305 9.9964E-05 0.400809 9.9964E-05 9.9964E-05 9.9964E-05 0.29113 0.262631
9.99549E-05 9.99549E-05 0.359958 9.99549E-05 0.106499 9.99549E-05 0.533043 9.99549E-05
9.9955E-05 9.9955E-05 9.9955E-05 0.039193 9.9955E-05 0.274492 9.9955E-05 0.685815
9.99549E-05 9.99549E-05 0.229816 9.99549E-05 0.116997 9.99549E-05 0.652687 9.99549E-05
9.99549E-05 9.99549E-05 9.99549E-05 0.308437 9.99549E-05 9.99549E-05 0.621918 0.0691451
9.9973E-05 0.0164545 9.9973E-05 0.32343 9.9973E-05 0.11201 0.262042 0.285764
9.99549E-05 9.99549E-05 0.185578 9.99549E-05 0.0603108 9.99549E-05 9.99549E-05 0.753611
9.9955E-05 9.9955E-05 0.553979 9.9955E-05 9.9955E-05 9.9955E-05 0.22703 0.218492
9.996E-05 9.996E-05 0.0682381 9.996E-05 0.15877 9.996E-05 0.0298486 0.742744
0.175803 0.102149 9.99639E-05 9.99639E-05 9.99639E-05 9.99639E-05 0.310514 0.411134
0.0588263 9.9964E-05 0.492457 9.9964E-05 9.9964E-05 9.9964E-05 0.269165 0.179151
9.99549E-05 9.99549E-05 9.99549E-05 9.99549E-05 9.99549E-05 0.331523 0.460382 0.207595
0.0196992 9.99639E-05 0.0370743 9.99639E-05 9.99639E-05 0.202694 0.740133 9.99639E-05
9.9964E-05 9.9964E-05 0.0939785 9.9964E-05 9.9964E-05 0.29942 0.490247 0.115955
9.99549E-05 9.99549E-05 0.305648 9.99549E-05 0.0403528 9.99549E-05 0.653499 9.99549E-05
0.145984 9.9973E-05 9.9973E-05 0.113807 9.9973E-05 0.0150813 0.616031 0.108798
9.99549E-05 9.99549E-05 9.99549E-05 0.184508 9.99549E-05 0.220941 0.594051 9.99549E-05
9.99639E-05 0.038066 9.99639E-05 9.99639E-05 0.364803 9.99639E-05 0.18405 0.412681
9.996E-05 9.996E-05 0.170362 9.996E-05 0.292487 9.996E-05 0.525137 0.0116136
9.9964E-05 9.9964E-05 9.9964E-05 0.315283 0.0605478 9.9964E-05 0.199724 0.424046
9.99549E-05 9.99549E-05 9.99549E-05 9.99549E-05 0.409999 9.99549E-05 0.585418 0.0040827
9.9955E-05 9.9955E-05 9.9955E-05 9.9955E-05 0.450264 9.9955E-05 0.477973 0.0712638
9.9964E-05 9.9964E-05 9.9964E-05 0.430875 9.9964E-05 0.0722002 0.320194 0.176332
9.995E-05 9.995E-05 9.995E-05 9.995E-05 0.337106 0.0123404 0.650054 9.995E-05
9.9964E-05 0.0447511 9.9964E-05 9.9964E-05 0.313898 9.9964E-05 0.464611 0.176341
0.589968 9.99549E-05 0.390454 9.99549E-05 9.99549E-05 9.99549E-05 0.0190781 9.99549E-05
0.619207 9.9973E-05 0.201911 9.9973E-05 0.0503427 9.9973E-05 0.0925455 0.0356939
0.777767 9.9964E-05 0.0275203 9.9964E-05 9.9964E-05 0.185787 0.00852535 9.9964E-05
0.482652 0.00935181 9.9982E-05 0.364126 0.11161 0.029898 0.00216201 9.9982E-05
0.586033 0.0268904 0.386577 9.99549E-05 9.99549E-05 9.99549E-05 9.99549E-05 9.99549E-05
0.244769 0.0591059 9.9982E-05 0.278351 0.340677 0.0692778 9.9982E-05 0.00761988
0.357438 9.99549E-05 0.122436 9.99549E-05 0.519627 9.99549E-05 9.99549E-05 9.99549E-05
0.718007 9.99459E-05 0.281394 9.99459E-05 9.99459E-05 9.99459E-05 9.99459E-05 9.99459E-05
0.696546 0.100364 0.00535425 9.9973E-05 0.143983 9.9973E-05 9.9973E-05 0.053453
0.569333 9.9964E-05 9.9964E-05 0.295804 9.9964E-05 0.0586517 9.9964E-05 0.0758119
0.284763 0.0802552 0.634482 9.9955E-05 9.9955E-05 9.9955E-05 9.9955E-05 9.9955E-05
0.428766 9.9964E-05 0.0866737 0.443204 9.9964E-05 9.9964E-05 9.9964E-05 0.0409566
0.708271 9.99549E-05 0.17224 9.99549E-05 0.118989 9.99549E-05 9.99549E-05 9.99549E-05
0.575645 0.0223855 9.99729E-05 0.181338 0.172336 9.99729E-05 0.047996 9.99729E-05
0.705748 0.155021 0.0631386 9.9973E-05 0.00916933 9.9973E-05 9.9973E-05 0.0666237
0.269797 0.0453196 0.0924128 0.00846385 0.549748 9.998E-05 9.998E-05 0.0340586
0.418927 9.99639E-05 9.99639E-05 0.413184 9.99639E-05 0.127368 0.0401211 9.99639E-05
0.373094 9.99549E-05 9.99549E-05 9.99549E-05 0.0439287 0.582477 9.99549E-05 9.99549E-05
0.627492 0.117879 0.0538593 9.9973E-05 9.9973E-05 9.9973E-05 0.106222 0.0942473
0.590593 9.995E-05 0.0930548 9.995E-05 0.315853 9.995E-05 9.995E-05 9.995E-05
0.754184 0.0798945 9.9964E-05 0.0890595 9.9964E-05 9.9964E-05 9.9964E-05 0.0764619
0.668109 9.99459E-05 9.99459E-05 9.99459E-05 9.99459E-05 0.331291 9.99459E-05 9.99459E-05
0.152061 0.140457 9.998E-05 0.509881 0.0860893 0.0843472 9.998E-05 0.0269637
9.99549E-05 0.663727 0.0854311 9.99549E-05 0.250342 9.99549E-05 9.99549E-05 9.99549E-05
0.039625 0.0436722 0.00785174 0.087559 0.217053 0.5828 0.021339 9.9991E-05
0.137047 0.219526 0.115159 9.99729E-05 0.525841 9.99729E-05 9.99729E-05 0.00212744
9.99459E-05 0.450505 0.548896 9.99459E-05 9.99459E-05 9.99459E-05 9.99459E-05 9.99459E-05
0.0241223 0.0768363 0.00565901 0.61623 0.0605884 0.216364 9.9982E-05 9.9982E-05
9.9973E-05 0.693985 0.0740725 0.191337 9.9973E-05 0.00755597 9.9973E-05 0.0327489
0.143276 0.101243 9.998E-05 0.171244 0.465016 0.0188227 0.100199 9.998E-05
9.99459E-05 0.701519 9.99459E-05 9.99459E-05 9.99459E-05 0.297882 9.99459E-05 9.99459E-05
9.9964E-05 0.223304 0.370487 9.9964E-05 0.390171 0.0156378 9.9964E-05 9.9964E-05
0.0697394 0.225305 9.99729E-05 0.582411 9.99729E-05 0.0805779 0.0416673 9.99729E-05
9.99459E-05 0.541268 9.99459E-05 9.99459E-05 9.99459E-05 0.458132 9.99459E-05 9.99459E-05
9.99459E-05 0.354869 0.644531 9.99459E-05 9.99459E-05 9.99459E-05 9.99459E-05 9.99459E-05
0.0496263 9.9973E-05 0.0140382 0.775094 0.0120721 0.148869 9.9973E-05 9.9973E-05
9.99549E-05 0.536034 9.99549E-05 0.146963 9.99549E-05 0.316503 9.99549E-05 9.99549E-05
9.99639E-05 0.00927281 9.99639E-05 0.318414 0.293724 0.378189 9.99639E-05 9.99639E-05
9.994E-05 0.421488 0.577912 9.994E-05 9.994E-05 9.994E-05 9.994E-05 9.994E-05
9.99639E-05 0.322586 9.99639E-05 0.234885 0.0215162 0.420613 9.99639E-05 9.99639E-05
0.191862 0.00854609 9.9973E-05 0.752272 0.025302 9.9973E-05 0.0217181 9.9973E-05
9.996E-05 0.227688 9.996E-05 0.137902 0.611941 9.996E-05 9.996E-05 0.0220701
0.135422 9.998E-05 0.122388 0.0754272 0.168119 0.430343 9.998E-05 0.0681004
0.062108 0.171948 0.0168377 0.101674 0.173896 0.44715 9.999E-05 0.026286
9.995E-05 0.471116 0.44141 9.995E-05 0.0869747 9.995E-05 9.995E-05 9.995E-05
9.9973E-05 0.177424 9.9973E-05 0.377833 0.314857 9.9973E-05 0.041238 0.0883482
0.0518466 0.752353 9.99729E-05 0.0268438 0.140387 9.99729E-05 0.0282698 9.99729E-05
0.25452 0.207448 0.236496 9.998E-05 0.214224 9.998E-05 0.0415326 0.0455799
0.116295 0.205561 9.999E-05 0.296421 0.0765888 0.224187 0.0562968 0.0245505
0.478706 0.356135 9.9973E-05 0.0815173 9.9973E-05 9.9973E-05 0.0814039 0.00193805
9.9982E-05 0.0097718 0.840227 0.0259062 9.9982E-05 0.053572 0.0109185 0.0594051
0.169577 0.370123 0.0658843 9.99819E-05 0.325959 9.99819E-05 0.0248144 0.0434424
0.132237 0.15004 0.2466 9.9982E-05 0.426033 9.9982E-05 0.0201013 0.0247892
0.0221652 0.19373 0.278485 0.389923 9.9982E-05 0.0338436 9.9982E-05 0.081654
9.99549E-05 0.0827093 0.552139 9.99549E-05 0.364652 9.99549E-05 9.99549E-05 9.99549E-05
0.017558 0.00635274 9.99729E-05 0.416972 0.181827 0.37699 9.99729E-05 9.99729E-05
0.0789491 0.193921 0.435979 9.99639E-05 0.290751 9.99639E-05 9.99639E-05 9.99639E-05
0.0754193 0.401716 0.130693 9.9964E-05 9.9964E-05 0.391771 9.9964E-05 9.9964E-05
0.133924 0.159194 0.0607099 0.131384 9.997E-05 0.514487 9.997E-05 9.997E-05
0.355238 0.385122 9.9973E-05 0.13888 9.9973E-05 9.9973E-05 0.109427 0.011033
0.258869 0.125903 9.998E-05 0.165154 0.394837 0.00978512 0.0452515 9.998E-05
0.377666 0.347905 0.0554398 0.0813205 0.0572844 9.999E-05 0.0111776 0.0691061
0.252374 0.100618 0.103792 9.99729E-05 0.0800562 0.46286 9.99729E-05 9.99729E-05
0.128742 9.9964E-05 0.731442 0.0496122 0.089804 9.9964E-05 9.9964E-05 9.9964E-05
0.00674277 0.30242 0.690338 9.99549E-05 9.99549E-05 9.99549E-05 9.99549E-05 9.99549E-05
9.996E-05 0.239872 0.0915465 9.996E-05 0.623205 9.996E-05 0.0449763 9.996E-05
0.0267099 0.264291 0.600949 9.998E-05 0.0570046 9.998E-05 0.04257 0.00827532
0.0520714 9.9955E-05 0.839872 0.107557 9.9955E-05 9.9955E-05 9.9955E-05 9.9955E-05
9.997E-05 0.31318 0.0960659 9.997E-05 0.468944 9.997E-05 0.107078 0.0144321
9.99729E-05 0.173311 0.190122 0.0362645 0.595934 0.00406865 9.99729E-05 9.99729E-05
9.9982E-05 0.0590812 0.000681706 0.764477 9.9982E-05 0.107098 0.00992079 0.0585415
9.99639E-05 9.99639E-05 9.99639E-05 0.628116 0.140105 0.207704 9.99639E-05 0.0236747
9.99639E-05 0.0293601 9.99639E-05 0.175779 0.748439 9.99639E-05 9.99639E-05 0.0460225
9.99639E-05 9.99639E-05 0.011601 0.79374 0.134816 0.0594434 9.99639E-05 9.99639E-05
0.0256328 9.9964E-05 9.9964E-05 0.802628 0.0384094 0.13293 9.9964E-05 9.9964E-05
0.00907475 9.99729E-05 9.99729E-05 0.102451 0.204293 0.612145 9.99729E-05 0.0717365
9.99549E-05 9.99549E-05 9.99549E-05 0.510223 0.152423 0.336853 9.99549E-05 9.99549E-05
9.9964E-05 9.9964E-05 0.143745 0.0961885 0.711165 9.9964E-05 9.9964E-05 0.048502
9.9955E-05 0.140235 0.596254 9.9955E-05 0.263011 9.9955E-05 9.9955E-05 9.9955E-05
0.0937234 0.0200113 9.9973E-05 0.506833 0.299184 9.9973E-05 0.0799481 9.9973E-05
9.9964E-05 9.9964E-05 0.13715 9.9964E-05 0.832309 0.0194529 9.9964E-05 0.0106885
9.9982E-05 0.0310999 9.9982E-05 0.0267112 0.758944 0.0103455 0.0699382 0.102761
0.032873 9.9964E-05 9.9964E-05 0.378622 0.574657 9.9964E-05 9.9964E-05 0.0134479
9.9955E-05 0.0895894 0.18597 9.9955E-05 0.723941 9.9955E-05 9.9955E-05 9.9955E-05
0.0445992 9.9982E-05 0.100319 0.153857 0.651284 0.0283094 0.0214318 9.9982E-05
9.9973E-05 0.297469 9.9973E-05 0.389093 0.143034 9.9973E-05 0.070356 0.0997489
9.9973E-05 9.9973E-05 0.070887 0.193314 0.626527 9.9973E-05 0.0620159 0.0469561
0.161198 9.9973E-05 9.9973E-05 0.186763 0.624262 0.00118337 0.0262938 9.9973E-05
9.9964E-05 9.9964E-05 0.0707734 0.850884 0.0555057 0.0224372 9.9964E-05 9.9964E-05
0.0760122 0.0215277 9.9982E-05 0.528538 0.29993 0.0388549 0.0349365 9.9982E-05
9.9973E-05 9.9973E-05 0.346882 0.0154051 0.577581 0.0309251 0.0289061 9.9973E-05
0.0473883 9.9964E-05 9.9964E-05 9.9964E-05 0.871791 0.0521407 0.0282803 9.9964E-05
9.9955E-05 0.0876098 0.467241 9.9955E-05 0.444649 9.9955E-05 9.9955E-05 9.9955E-05
0.00147684 0.0196498 9.9973E-05 0.787584 0.119957 0.071032 9.9973E-05 9.9973E-05
9.9973E-05 0.120229 9.9973E-05 0.4093 0.400111 9.9973E-05 0.0417208 0.0283386
9.99639E-05 0.0605888 0.320955 9.99639E-05 0.612933 9.99639E-05 0.0051232 9.99639E-05
0.0334456 0.261166 9.9973E-05 0.525217 9.9973E-05 0.144496 0.0353749 9.9973E-05
9.9964E-05 0.404143 0.0338926 0.514695 9.9964E-05 9.9964E-05 9.9964E-05 0.0468692
0.0446134 0.0952548 0.347131 9.9982E-05 0.377092 9.9982E-05 0.0591769 0.0765321
0.131365 0.659699 0.15771 9.998E-05 0.0125035 9.998E-05 0.00872812 0.0297944
9.9964E-05 0.154429 0.0513736 0.654657 9.9964E-05 9.9964E-05 9.9964E-05 0.13914
9.99549E-05 0.388197 9.99549E-05 0.396386 9.99549E-05 0.214918 9.99549E-05 9.99549E-05
9.9964E-05 0.281564 9.9964E-05 0.50757 9.9964E-05 0.163907 0.0465589 9.9964E-05
9.9946E-05 0.279588 0.719812 9.9946E-05 9.9946E-05 9.9946E-05 9.9946E-05 9.9946E-05
9.9964E-05 0.444511 9.9964E-05 9.9964E-05 0.53294 9.9964E-05 0.0159809 0.00616854
0.399196 0.257441 9.99729E-05 0.271708 0.0265426 9.99729E-05 0.0448124 9.99729E-05
0.0163788 0.328643 9.99549E-05 0.654478 9.99549E-05 9.99549E-05 9.99549E-05 9.99549E-05
0.123282 0.262746 0.53358 9.9973E-05 0.0793338 9.9973E-05 9.9973E-05 0.000758399
9.9964E-05 0.292226 9.9964E-05 0.0914355 0.556656 9.9964E-05 9.9964E-05 0.0592828
9.9973E-05 0.309992 9.9973E-05 0.051579 0.591667 9.9973E-05 0.0252129 0.0212492
0.392438 0.455096 9.99639E-05 0.13102 9.99639E-05 9.99639E-05 9.99639E-05 0.0210456
0.24798 0.0263071 0.0360209 9.9973E-05 0.687606 9.9973E-05 0.00178569 9.9973E-05
0.104028 0.0063251 9.99729E-05 0.587455 0.252616 9.99729E-05 0.0492756 9.99729E-05
0.134973 0.334602 9.99729E-05 0.362398 0.158567 9.99729E-05 0.00916119 9.99729E-05
9.9964E-05 0.279038 9.9964E-05 0.476284 9.9964E-05 0.205074 9.9964E-05 0.0392043
9.997E-05 0.388282 0.144983 9.997E-05 0.311653 9.997E-05 0.136032 0.0187502
9.99639E-05 0.273916 9.99639E-05 0.659012 9.99639E-05 0.0230796 0.043592 9.99639E-05
9.9964E-05 0.201725 9.9964E-05 0.274926 0.093953 0.428997 9.9964E-05 9.9964E-05
9.99549E-05 0.195976 0.342972 9.99549E-05 0.460552 9.99549E-05 9.99549E-05 9.99549E-05
9.99639E-05 0.0492832 0.0665792 0.301432 0.582306 9.99639E-05 9.99639E-05 9.99639E-05
9.9955E-05 0.181765 9.9955E-05 9.9955E-05 0.748849 9.9955E-05 0.0688862 9.9955E-05
9.9973E-05 0.065654 0.000423904 0.795174 9.9973E-05 0.0712798 9.9973E-05 0.0671688
0.0164097 0.00369435 0.0342099 0.209637 0.0999057 0.365012 0.19894 0.072192
0.00309352 0.0498349 9.9982E-05 0.669938 0.116844 0.0497673 0.110323 9.9982E-05
9.9964E-05 0.175902 0.288903 9.9964E-05 0.534407 9.9964E-05 9.9964E-05 0.000388257
0.0226481 0.0320614 9.9982E-05 0.55256 0.226914 0.107507 0.0581097 9.9982E-05
0.0813461 0.0720632 9.9991E-05 0.700441 0.0532847 0.0168774 0.0442257 0.0316621
0.0928962 0.0238487 0.0359759 0.772256 9.9982E-05 0.0726328 0.00219004 9.9982E-05
0.048805 9.9955E-05 0.251617 9.9955E-05 0.699079 9.9955E-05 9.9955E-05 9.9955E-05
0.00877235 0.113772 9.9973E-05 0.272222 0.581644 9.9973E-05 9.9973E-05 0.0232897
9.9973E-05 9.9973E-05 0.118458 0.682511 0.0354407 0.0964427 9.9973E-05 0.0668471
0.00109163 0.199027 0.146796 0.0246957 0.471419 0.0789262 0.0779442 9.9991E-05
0.0503287 0.0134095 9.9991E-05 0.727407 0.0149411 0.138197 0.0357125 0.0199049
0.0654081 0.00102385 0.186463 0.0180873 0.279189 0.449629 9.9982E-05 9.9982E-05
0.0774476 0.139721 9.9982E-05 0.296154 0.407809 9.9982E-05 0.0593518 0.0193169
9.9955E-05 0.0460572 0.446641 9.9955E-05 0.506802 9.9955E-05 9.9955E-05 9.9955E-05
0.00728626 0.210974 9.9991E-05 0.264201 0.460781 0.00412086 0.0222391 0.0302977
0.28931 0.230129 0.169224 0.000160133 0.255228 9.999E-05 0.00257226 0.0532771
0.149753 0.0859696 0.6368 9.9964E-05 0.127077 9.9964E-05 9.9964E-05 9.9964E-05
0.117301 0.161973 9.99729E-05 0.0924321 0.591042 9.99729E-05 0.0369521 9.99729E-05
0.433067 0.0503131 9.99549E-05 9.99549E-05 0.51612 9.99549E-05 9.99549E-05 9.99549E-05
0.0320714 0.25549 0.0378926 0.165554 0.508692 9.99729E-05 9.99729E-05 9.99729E-05
0.0366638 0.147078 9.99729E-05 0.415715 0.130097 0.270147 9.99729E-05 9.99729E-05
0.0342111 0.36927 0.588358 9.99639E-05 9.99639E-05 9.99639E-05 9.99639E-05 0.00776089
9.9982E-05 0.342417 0.0229105 0.0320664 9.9982E-05 0.567906 0.0218521 0.012648
0.36559 9.9982E-05 9.9982E-05 0.43168 0.0980348 0.0800705 0.0188051 0.00561982
0.144005 9.9973E-05 0.242935 0.521966 9.9973E-05 0.0502009 9.9973E-05 0.0405926
0.251949 9.996E-05 0.596176 0.0563915 0.0950833 9.996E-05 9.996E-05 9.996E-05
0.104098 0.0166158 0.650284 9.99639E-05 0.228602 9.99639E-05 9.99639E-05 9.99639E-05
9.997E-05 0.21435 9.997E-05 0.332654 0.0843068 0.361334 9.997E-05 0.00705492
0.0639843 0.0789953 9.9982E-05 0.118088 0.663427 9.9982E-05 0.0695492 0.00575566
0.358243 0.172422 0.012316 0.0924295 0.328749 9.999E-05 0.0203177 0.0154231
0.108097 9.99549E-05 0.753606 9.99549E-05 0.137796 9.99549E-05 9.99549E-05 9.99549E-05
0.416824 0.243006 0.141144 0.191711 9.9973E-05 9.9973E-05 9.9973E-05 0.00701508
0.156796 0.290136 0.0455643 0.121277 0.0344338 0.302441 9.999E-05 0.0492524
9.9973E-05 0.0215661 0.0791918 0.846891 0.0286888 9.9973E-05 9.9973E-05 0.023362
0.226364 0.0217888 9.9964E-05 0.699759 0.0516883 9.9964E-05 9.9964E-05 9.9964E-05
0.372015 0.0331764 0.10504 0.092502 0.0627152 0.334351 9.9982E-05 9.9982E-05
0.00793234 9.9973E-05 0.180248 9.9973E-05 0.756278 0.000947164 9.9973E-05 0.0542944
0.099856 9.997E-05 9.997E-05 0.741613 0.0967406 0.0346653 0.0268248 9.997E-05
0.0590846 9.996E-05 0.0988519 9.996E-05 0.769337 0.0723265 9.996E-05 9.996E-05
0.177343 0.0529407 9.9982E-05 0.106351 0.617015 0.0248662 0.0212849 9.9982E-05
9.9982E-05 0.100624 9.9982E-05 0.678524 0.0934181 0.0714546 0.0374213 0.0183585
9.9964E-05 9.9964E-05 0.453146 0.00395347 0.522811 9.9964E-05 9.9964E-05 0.0196896
0.360058 0.0234627 0.433567 0.0447013 0.129162 9.9982E-05 0.00884858 9.9982E-05
0.0269968 0.153737 0.132637 9.9973E-05 0.684395 9.9973E-05 9.9973E-05 0.0019339
0.147802 0.11454 0.209105 0.445446 9.997E-05 9.997E-05 9.997E-05 0.082806
0.158057 0.312814 0.133886 0.20285 0.123958 9.9982E-05 9.9982E-05 0.068235
9.99729E-05 0.162241 0.077906 0.485859 0.204204 9.99729E-05 9.99729E-05 0.0694892
9.99639E-05 9.99639E-05 0.719903 0.00181659 0.224292 0.053588 9.99639E-05 9.99639E-05
9.9982E-05 0.0173829 0.0750853 0.155317 0.118174 0.633637 0.000203686 9.9982E-05
0.164392 0.0708514 0.119222 0.0614371 0.357176 9.999E-05 0.16948 0.0573406
0.102507 0.0209276 0.0735496 0.560123 0.0629148 0.0880611 0.0445031 0.0474137
9.9982E-05 9.9982E-05 0.0805504 0.332283 0.0809174 0.455294 0.0145686 0.0361871
0.0158439 9.99639E-05 0.206178 0.728016 9.99639E-05 9.99639E-05 9.99639E-05 0.0495624
9.99639E-05 0.0384361 0.117451 0.759926 9.99639E-05 9.99639E-05 9.99639E-05 0.0837869
9.99639E-05 9.99639E-05 0.258683 0.638871 9.99639E-05 9.99639E-05 0.0379754 0.0640708
0.162866 0.0169684 0.0338336 0.053921 0.559842 9.9991E-05 0.0582569 0.114212
0.0480831 0.132605 0.0455046 9.9982E-05 0.673445 9.9982E-05 0.073109 0.0270541
9.9982E-05 0.160566 0.0755878 0.101619 0.0485697 0.588485 0.0249722 9.9982E-05
0.237179 0.0275231 0.304513 0.399435 9.9982E-05 0.020128 9.9982E-05 0.0110222
0.200649 0.207589 0.208336 9.9991E-05 0.209554 0.054834 0.0672304 0.0517079
0.0161031 0.111378 0.840485 9.9964E-05 9.9964E-05 9.9964E-05 9.9964E-05 0.0316339
9.9946E-05 9.9946E-05 0.367785 9.9946E-05 0.631616 9.9946E-05 9.9946E-05 9.9946E-05
0.0247195 0.0178572 0.815581 0.0564141 0.0792308 9.9982E-05 0.00599696 9.9982E-05
