0.117891 9.9982E-05 0.134045 0.305328 0.0370223 0.405514 9.9982E-05
0.00240984 0.0168655 0.0922505 0.433446 9.9982E-05 0.454828 9.9982E-05
0.0297507 0.0241101 9.9982E-05 9.9982E-05 0.0215204 0.766183 0.158235
0.0593008 9.9991E-05 0.0867044 0.590299 0.172327 0.0716204 0.0196484
9.9973E-05 0.0537291 0.263834 0.565086 0.117051 9.9973E-05 9.9973E-05
9.998E-05 0.0797422 0.0817274 0.000188101 0.376196 0.461946 9.998E-05
9.99549E-05 9.99549E-05 9.99549E-05 9.99549E-05 9.99549E-05 0.776126 0.223374
9.9973E-05 0.0837682 9.9973E-05 0.0361334 0.222278 0.657521 9.9973E-05
0.0289992 0.0386319 9.9982E-05 0.472361 0.168514 0.291294 9.9982E-05
0.0488235 9.99729E-05 9.99729E-05 9.99729E-05 0.366641 0.165852 0.418384
0.00542088 9.9982E-05 0.0951328 0.536444 0.173254 0.189548 9.9982E-05
9.9964E-05 9.9964E-05 9.9964E-05 0.633605 0.304493 0.0615016 9.9964E-05
0.0402628 0.0517189 0.297453 0.251805 0.0273512 0.218529 0.112881
9.9964E-05 9.9964E-05 9.9964E-05 9.9964E-05 0.229482 0.743487 0.0266307
9.99639E-05 9.99639E-05 9.99639E-05 0.727593 0.145097 0.126909 9.99639E-05
0.0393313 0.0334916 0.000173166 9.9991E-05 0.0526987 0.395411 0.478794
9.9973E-05 9.9973E-05 9.9973E-05 0.0253622 0.0175849 0.789336 0.167417
9.9964E-05 9.9964E-05 0.0429309 0.031936 9.9964E-05 0.924733 9.9964E-05
9.9973E-05 9.9973E-05 0.0512011 0.508512 0.0967112 0.343276 9.9973E-05
0.862339 9.9973E-05 0.0763221 0.0446937 0.0163451 9.9973E-05 9.9973E-05
0.910574 9.9964E-05 0.0515394 0.0374872 9.9964E-05 9.9964E-05 9.9964E-05
0.882844 9.99639E-05 0.0831426 9.99639E-05 0.033613 9.99639E-05 9.99639E-05
0.761979 9.9964E-05 0.00367385 0.233948 9.9964E-05 9.9964E-05 9.9964E-05
0.780909 9.99549E-05 9.99549E-05 0.218591 9.99549E-05 9.99549E-05 9.99549E-05
0.464362 0.202609 9.99729E-05 9.99729E-05 9.99729E-05 0.273399 0.0593296
0.430349 0.173388 9.99729E-05 0.314646 0.0813171 9.99729E-05 9.99729E-05
0.230981 0.20862 9.9964E-05 9.9964E-05 9.9964E-05 9.9964E-05 0.559999
0.409741 0.108605 0.167627 0.284034 0.0297934 9.9982E-05 9.9982E-05
0.881398 9.99729E-05 0.0866553 9.99729E-05 9.99729E-05 0.00370087 0.0279459
0.914311 9.995E-05 9.995E-05 0.0851896 9.995E-05 9.995E-05 9.995E-05
0.639 9.9973E-05 9.9973E-05 0.0571714 9.9973E-05 0.0392585 0.264271
0.248718 0.46893 0.120489 9.9991E-05 0.0302741 0.0666938 0.0647951
0.612834 9.99549E-05 9.99549E-05 9.99549E-05 9.99549E-05 9.99549E-05 0.386666
0.691378 0.0260087 9.99729E-05 9.99729E-05 9.99729E-05 0.278317 0.00399652
0.890615 9.9964E-05 9.9964E-05 0.0799122 0.0290732 9.9964E-05 9.9964E-05
0.789213 9.99549E-05 9.99549E-05 0.210287 9.99549E-05 9.99549E-05 9.99549E-05
0.756859 9.9964E-05 9.9964E-05 0.154684 9.9964E-05 9.9964E-05 0.0880567
0.760418 9.9955E-05 9.9955E-05 0.239082 9.9955E-05 9.9955E-05 9.9955E-05
9.99639E-05 0.845125 0.0651945 0.0892809 9.99639E-05 9.99639E-05 9.99639E-05
9.9964E-05 0.65668 0.0888771 9.9964E-05 9.9964E-05 9.9964E-05 0.254043
0.0872304 0.415764 9.9964E-05 9.9964E-05 9.9964E-05 9.9964E-05 0.496606
0.0823678 0.510231 0.0737557 0.204839 9.9982E-05 9.9982E-05 0.128607
0.27694 0.573454 0.0516133 9.9991E-05 0.0206625 0.0634993 0.0137317
0.0969897 0.577859 9.9982E-05 9.9982E-05 0.0141727 0.122014 0.188764
0.16203 0.30363 9.9964E-05 0.53394 9.9964E-05 9.9964E-05 9.9964E-05
9.99549E-05 0.594118 9.99549E-05 0.405382 9.99549E-05 9.99549E-05 9.99549E-05
0.172343 0.404207 9.99729E-05 9.99729E-05 9.99729E-05 0.0929321 0.330217
9.997E-05 0.813284 0.0770991 0.0326914 0.0766255 9.997E-05 9.997E-05
9.9964E-05 0.333557 0.0217459 9.9964E-05 9.9964E-05 9.9964E-05 0.644297
9.9955E-05 0.726081 9.9955E-05 0.273419 9.9955E-05 9.9955E-05 9.9955E-05
9.9964E-05 0.682221 0.0709957 9.9964E-05 9.9964E-05 9.9964E-05 0.246384
0.109909 0.5198 0.173479 0.142822 0.05379 9.9982E-05 9.9982E-05
0.161546 0.428094 9.99729E-05 0.353533 0.0565265 9.99729E-05 9.99729E-05
0.0292378 0.523801 9.9982E-05 0.317481 0.0309605 0.0983197 9.9982E-05
0.128689 0.381664 9.997E-05 0.432373 9.997E-05 9.997E-05 0.0569744
0.569969 0.0420477 9.9964E-05 0.387583 9.9964E-05 9.9964E-05 9.9964E-05
9.99729E-05 0.782349 0.0667612 9.99729E-05 9.99729E-05 0.00800391 0.142586
0.128454 0.609178 0.111701 0.00599001 0.0530172 9.999E-05 0.0915602
9.99639E-05 0.692087 0.0534722 9.99639E-05 9.99639E-05 9.99639E-05 0.254041
9.99639E-05 0.751483 0.00646988 0.241647 9.99639E-05 9.99639E-05 9.99639E-05
0.0572378 0.700262 9.99729E-05 0.218295 0.0239053 9.99729E-05 9.99729E-05
9.99549E-05 0.717406 9.99549E-05 0.282094 9.99549E-05 9.99549E-05 9.99549E-05
0.0607023 0.531785 0.113575 9.9982E-05 9.9982E-05 0.129191 0.164547
0.11665 0.527271 9.9964E-05 0.355679 9.9964E-05 9.9964E-05 9.9964E-05
9.9964E-05 0.478616 9.9964E-05 9.9964E-05 9.9964E-05 0.289198 0.231785
0.188055 0.375426 9.99819E-05 0.296582 0.0775161 0.0622213 9.99819E-05
9.9955E-05 0.633011 9.9955E-05 0.366489 9.9955E-05 9.9955E-05 9.9955E-05
9.9964E-05 0.611133 9.9964E-05 0.386884 9.9964E-05 9.9964E-05 0.00158298
0.21847 0.446611 9.997E-05 0.0988463 9.997E-05 0.235773 9.997E-05
0.363837 0.355202 0.0584341 9.998E-05 0.122358 0.0999684 9.998E-05
0.265796 0.294084 0.0387872 9.9973E-05 9.9973E-05 9.9973E-05 0.401034
9.99639E-05 0.54968 9.99639E-05 9.99639E-05 9.99639E-05 0.0372162 0.412704
0.746394 9.9955E-05 9.9955E-05 0.253106 9.9955E-05 9.9955E-05 9.9955E-05
9.99639E-05 0.6669 9.99639E-05 9.99639E-05 9.99639E-05 0.0581614 0.274538
0.0583076 0.649773 9.99729E-05 0.2724 0.0192196 9.99729E-05 9.99729E-05
0.293454 0.271418 9.9982E-05 0.375721 0.049142 0.0100655 9.9982E-05
0.743297 9.99639E-05 9.99639E-05 9.99639E-05 9.99639E-05 0.0536146 0.202688
0.219742 0.222019 9.9964E-05 9.9964E-05 9.9964E-05 9.9964E-05 0.557839
0.738349 0.018099 9.99729E-05 9.99729E-05 9.99729E-05 0.15949 0.0837627
0.406991 0.328727 0.172785 9.997E-05 0.0911966 9.997E-05 9.997E-05
0.177756 0.257243 0.0845654 9.9973E-05 9.9973E-05 9.9973E-05 0.480136
0.27889 0.468106 9.9973E-05 0.25173 0.000974312 9.9973E-05 9.9973E-05
0.0250988 0.755328 0.0517026 0.121712 9.9982E-05 9.9982E-05 0.0459588
0.189937 0.482369 9.9982E-05 0.190767 0.00316079 9.9982E-05 0.133566
9.99639E-05 0.666545 9.99639E-05 9.99639E-05 9.99639E-05 0.00620538 0.326849
0.115402 0.616159 0.153227 0.114912 9.997E-05 9.997E-05 9.997E-05
9.99549E-05 0.623375 9.99549E-05 0.376125 9.99549E-05 9.99549E-05 9.99549E-05
0.395498 0.199329 9.997E-05 9.997E-05 0.025261 0.379613 9.997E-05
0.00076796 0.525585 9.9973E-05 9.9973E-05 9.9973E-05 0.247291 0.226056
0.40447 0.221939 9.997E-05 0.203952 9.997E-05 0.16934 9.997E-05
9.99639E-05 0.59761 9.99639E-05 9.99639E-05 9.99639E-05 0.376756 0.0252335
0.0658757 0.50543 9.9973E-05 9.9973E-05 9.9973E-05 0.414939 0.0134549
0.173275 0.360501 9.9964E-05 0.465824 9.9964E-05 9.9964E-05 9.9964E-05
9.9955E-05 0.66211 9.9955E-05 9.9955E-05 9.9955E-05 0.337391 9.9955E-05
0.154495 0.471814 9.9973E-05 9.9973E-05 0.0346258 0.338765 9.9973E-05
9.99639E-05 0.0149544 0.588447 9.99639E-05 9.99639E-05 9.99639E-05 0.396199
0.0497636 0.0887831 0.616724 9.9982E-05 9.9982E-05 0.0458315 0.198697
0.0159101 0.0307565 0.817739 0.0646238 9.998E-05 9.998E-05 0.0707709
9.9982E-05 0.00900542 0.461678 0.32192 0.0116429 0.195554 9.9982E-05
9.99639E-05 9.99639E-05 0.581749 9.99639E-05 0.0190579 9.99639E-05 0.398793
0.0178207 9.9982E-05 0.254179 0.259281 0.048579 0.419941 9.9982E-05
9.996E-05 9.996E-05 0.338717 9.996E-05 9.996E-05 0.482267 0.178617
9.99549E-05 9.99549E-05 0.720173 9.99549E-05 9.99549E-05 9.99549E-05 0.279328
0.0436917 0.0118232 0.665083 9.9982E-05 0.0832888 0.195913 9.9982E-05
0.0684511 9.9964E-05 0.623334 0.307815 9.9964E-05 9.9964E-05 9.9964E-05
9.9964E-05 9.9964E-05 0.2955 9.9964E-05 0.0848966 9.9964E-05 0.619203
0.0332943 9.9982E-05 0.463473 0.361446 0.0597271 9.9982E-05 0.0818602
9.99639E-05 9.99639E-05 0.725273 9.99639E-05 9.99639E-05 0.0988044 0.175522
9.9982E-05 0.054261 0.570095 0.0829999 0.023152 0.269292 9.9982E-05
0.0628142 9.998E-05 0.703607 9.998E-05 0.16241 0.0223397 0.0486292
0.0391829 9.998E-05 0.257881 9.998E-05 0.00846973 0.558246 0.13602
0.00252961 0.0715269 0.43572 0.489924 9.99729E-05 9.99729E-05 9.99729E-05
0.0822967 9.997E-05 0.409004 0.456234 9.997E-05 9.997E-05 0.0521654
0.0791352 0.125238 0.587797 9.999E-05 0.0960507 0.0424836 0.0691957
9.99639E-05 9.99639E-05 0.589761 9.99639E-05 9.99639E-05 0.273287 0.136552
0.0605376 0.0105348 0.809172 0.0132403 0.106315 9.9982E-05 9.9982E-05
0.0314634 9.9964E-05 0.75988 0.208256 9.9964E-05 9.9964E-05 9.9964E-05
0.0236959 0.00112939 0.173807 0.468769 0.16336 0.169139 9.999E-05
9.99639E-05 9.99639E-05 9.99639E-05 9.99639E-05 0.633154 0.252586 0.11386
0.0439886 0.0273781 0.0429899 0.614295 0.0169924 0.0937368 0.16062
9.99729E-05 9.99729E-05 0.132942 9.99729E-05 0.187288 0.521848 0.157622
9.99549E-05 9.99549E-05 9.99549E-05 9.99549E-05 0.43653 9.99549E-05 0.562971
9.9982E-05 9.9982E-05 0.0376253 0.710244 0.128789 0.107561 0.0155801
0.0283078 9.9973E-05 9.9973E-05 0.154073 0.756603 9.9973E-05 0.0607164
9.9982E-05 0.115446 0.130781 0.121995 0.0933609 0.538218 9.9982E-05
0.0384663 9.9964E-05 9.9964E-05 0.161777 0.799357 9.9964E-05 9.9964E-05
9.9964E-05 9.9964E-05 9.9964E-05 9.9964E-05 0.214513 0.330006 0.455081
9.998E-05 0.046685 0.112447 0.548728 0.271861 0.0200793 9.998E-05
0.0540977 9.9964E-05 9.9964E-05 0.32986 0.615642 9.9964E-05 9.9964E-05
9.99549E-05 9.99549E-05 9.99549E-05 9.99549E-05 0.341803 9.99549E-05 0.657697
9.9973E-05 9.9973E-05 0.0609284 0.803074 9.9973E-05 0.10786 0.0278381
9.99549E-05 9.99549E-05 9.99549E-05 0.402402 0.597098 9.99549E-05 9.99549E-05
0.019302 9.9982E-05 9.9982E-05 0.594692 0.0519592 0.296955 0.036892
9.99549E-05 9.99549E-05 9.99549E-05 9.99549E-05 0.404763 9.99549E-05 0.594737
0.0029102 0.029835 9.9982E-05 0.566556 0.397406 0.00309315 9.9982E-05
9.9982E-05 0.024416 0.181732 0.618658 0.0397491 0.135244 9.9982E-05
0.0232924 9.99729E-05 9.99729E-05 0.0426296 0.218247 0.715531 9.99729E-05
0.120523 9.998E-05 0.140315 0.419909 9.998E-05 0.111783 0.20727
0.0739312 9.999E-05 0.0997223 0.44838 0.182062 0.0770288 0.118775
9.99639E-05 9.99639E-05 9.99639E-05 9.99639E-05 0.470419 0.0534643 0.475717
0.0595867 0.0553298 9.9982E-05 0.251735 0.214211 0.418938 9.9982E-05
9.99729E-05 0.031416 0.0301256 9.99729E-05 0.730232 0.207926 9.99729E-05
0.0357891 0.0520642 0.236725 9.999E-05 0.187814 0.21272 0.274788
0.0462502 0.0567712 0.136304 0.41408 0.251838 0.0946565 9.999E-05
9.9973E-05 0.0801877 0.507438 0.0200849 0.391989 9.9973E-05 9.9973E-05
0.0654172 9.9982E-05 0.00221781 0.0834509 0.00592638 9.9982E-05 0.842788
0.0134458 0.0300254 0.155643 9.9991E-05 0.350124 0.357682 0.0929795
0.0143603 0.0271063 0.111997 9.999E-05 0.106985 0.449795 0.289656
0.0692644 9.998E-05 0.0615236 0.347587 0.26638 9.998E-05 0.255045
9.99729E-05 9.99729E-05 0.00730304 9.99729E-05 0.0696395 0.334151 0.588607
9.9982E-05 9.9982E-05 0.0432502 0.68839 0.0540404 0.184185 0.0299342
9.99729E-05 9.99729E-05 0.0679556 9.99729E-05 0.185046 0.292881 0.453818
0.0348027 9.998E-05 0.0903164 0.243231 0.429112 9.998E-05 0.202338
0.0166203 9.998E-05 0.181078 0.501625 0.187551 9.998E-05 0.112926
0.00621636 0.118174 0.358678 0.106513 0.37766 0.0326576 9.9991E-05
9.9982E-05 0.054712 0.263074 0.104127 0.125829 0.452058 9.9982E-05
0.068711 0.0157139 0.384919 9.9991E-05 0.371329 0.134307 0.0249201
0.0485805 9.9991E-05 0.324419 0.338332 0.125414 0.00358997 0.159565
9.9973E-05 9.9973E-05 0.1373 0.0207058 9.9973E-05 0.112816 0.728878
9.99639E-05 9.99639E-05 0.0142575 9.99639E-05 0.304498 9.99639E-05 0.680845
9.9973E-05 0.0325613 9.9973E-05 9.9973E-05 0.215599 0.617838 0.133702
0.00703895 0.0366859 0.0359483 9.999E-05 0.237371 0.0592627 0.623593
9.9964E-05 9.9964E-05 0.0846826 0.0965788 9.9964E-05 9.9964E-05 0.818339
9.9973E-05 0.100351 9.9973E-05 9.9973E-05 0.281838 0.473322 0.14419
9.99729E-05 9.99729E-05 9.99729E-05 0.0254645 0.158509 0.593235 0.222492
0.0561541 0.0270015 9.9982E-05 0.733247 0.0900166 0.0933813 9.9982E-05
0.0481629 9.99729E-05 9.99729E-05 0.694017 0.0165863 0.240933 9.99729E-05
0.0522449 9.9973E-05 9.9973E-05 0.0886694 0.023261 0.835525 9.9973E-05
9.99639E-05 9.99639E-05 9.99639E-05 0.738058 9.99639E-05 0.259202 0.00234018
9.9964E-05 9.9964E-05 0.0276908 0.814617 9.9964E-05 0.157292 9.9964E-05
0.177012 9.9982E-05 0.0306612 0.605544 9.9982E-05 0.157481 0.0291023
0.0199357 9.9973E-05 9.9973E-05 0.765362 9.9973E-05 0.195372 0.0190299
0.0431266 9.9973E-05 9.9973E-05 0.0403511 9.9973E-05 0.72844 0.187782
9.9964E-05 9.9964E-05 9.9964E-05 9.9964E-05 0.143805 0.2295 0.626295
9.9982E-05 0.0877095 0.0725801 0.3675 0.0269816 0.445029 9.9982E-05
0.00786463 9.9973E-05 9.9973E-05 0.0009328 9.9973E-05 0.783187 0.207716
0.104374 0.0763368 9.9982E-05 0.00860557 9.9982E-05 0.782224 0.0282592
0.000723306 9.9973E-05 0.028143 0.281395 9.9973E-05 0.689439 9.9973E-05
9.9964E-05 9.9964E-05 9.9964E-05 9.9964E-05 0.0581254 0.687123 0.254352
9.9982E-05 0.0221002 0.0460443 0.139889 9.9982E-05 0.642914 0.148852
0.0794697 0.0857157 9.998E-05 0.304468 0.313032 0.217115 9.998E-05
0.0447073 0.0521796 9.998E-05 0.133795 9.998E-05 0.664581 0.104537
9.9973E-05 0.0357655 0.153605 0.128099 9.9973E-05 0.682231 9.9973E-05
0.00386929 9.9973E-05 9.9973E-05 0.751914 9.9973E-05 0.191935 0.0519818
9.9982E-05 0.0438415 0.0782435 0.431327 0.0260196 0.420368 9.9982E-05
9.9973E-05 0.0213892 9.9973E-05 0.0495245 9.9973E-05 0.524669 0.404118
9.9982E-05 0.0268912 0.05797 0.00143803 9.9982E-05 0.896042 0.017459
9.996E-05 9.996E-05 9.996E-05 9.996E-05 0.0851988 0.385552 0.52885
9.99729E-05 9.99729E-05 0.0176439 0.707488 0.0440377 0.23053 9.99729E-05
9.9973E-05 0.0564998 9.9973E-05 0.288792 0.108619 0.545789 9.9973E-05
9.99639E-05 9.99639E-05 9.99639E-05 9.99639E-05 0.0412465 0.581495 0.376858
9.9973E-05 0.0636423 0.0440874 0.581162 0.310808 9.9973E-05 9.9973E-05
0.0405411 0.0294523 9.9991E-05 0.396202 0.476848 0.0399316 0.0169249
0.060816 0.0786455 0.0233872 9.999E-05 0.0755092 0.363855 0.397687
0.0167672 0.0127934 0.109065 9.9991E-05 0.651174 0.044308 0.165793
0.125083 9.9982E-05 9.9982E-05 0.518813 0.22711 0.111204 0.0175897
0.0211736 9.9964E-05 9.9964E-05 0.536202 0.442225 9.9964E-05 9.9964E-05
9.9964E-05 0.0761324 9.9964E-05 0.584445 0.339023 9.9964E-05 9.9964E-05
9.9955E-05 9.9955E-05 9.9955E-05 9.9955E-05 0.28086 9.9955E-05 0.71864
9.9973E-05 0.0272496 9.9973E-05 9.9973E-05 0.401848 0.524615 0.0459875
9.9982E-05 0.0615574 0.379096 0.135281 0.258617 0.165248 9.9982E-05
9.99729E-05 9.99729E-05 0.027577 0.533057 0.369245 0.0698211 9.99729E-05
9.9973E-05 9.9973E-05 0.12553 9.9973E-05 0.24572 0.0780536 0.550397
0.0559594 9.9964E-05 9.9964E-05 9.9964E-05 0.266461 0.67718 9.9964E-05
0.0127195 0.0227582 9.9973E-05 9.9973E-05 0.300057 0.664165 9.9973E-05
0.00235428 9.9982E-05 0.429964 0.0418946 0.480966 0.044621 9.9982E-05
9.9964E-05 9.9964E-05 0.215098 9.9964E-05 9.9964E-05 0.679418 0.105084
9.9982E-05 0.0525248 0.102618 0.390738 0.0346139 0.419305 9.9982E-05
9.998E-05 0.0118745 0.11777 0.208691 0.328974 0.33249 9.998E-05
0.0578859 9.9973E-05 9.9973E-05 0.604202 0.323615 9.9973E-05 0.0139975
0.00412551 0.152194 9.99819E-05 9.99819E-05 0.360073 0.314924 0.168482
9.99729E-05 0.0483369 9.99729E-05 0.550632 0.315127 0.0856041 9.99729E-05
9.998E-05 0.0147692 9.998E-05 0.635342 0.218373 0.111976 0.0193393
9.99639E-05 9.99639E-05 9.99639E-05 9.99639E-05 0.195364 0.40284 0.401396
9.9973E-05 9.9973E-05 9.9973E-05 0.215915 0.0370999 0.663561 0.0831242
9.9973E-05 0.0756544 9.9973E-05 9.9973E-05 0.13294 0.737634 0.0534712
0.0645064 0.0281294 9.9982E-05 0.763957 0.104246 0.0389617 9.9982E-05
0.124276 0.214926 0.0288088 0.461842 0.00612655 0.0833772 0.0806425
9.9973E-05 0.111723 9.9973E-05 0.598411 0.0680676 0.221498 9.9973E-05
9.9964E-05 9.9964E-05 9.9964E-05 9.9964E-05 0.140787 0.513162 0.345651
9.9973E-05 0.0827141 9.9973E-05 0.537255 0.0431374 0.336594 9.9973E-05
0.0111462 0.0512969 0.0844677 0.583958 0.099201 0.16983 9.9991E-05
9.9991E-05 0.018284 0.0966114 0.72511 0.0627366 0.0805263 0.0166315
9.9964E-05 9.9964E-05 0.0373937 9.9964E-05 9.9964E-05 0.624383 0.337824
0.0146472 0.00380552 0.0264353 0.118239 0.116765 0.720008 9.999E-05
0.0712196 9.998E-05 9.998E-05 0.650425 0.046363 0.127479 0.104313
9.998E-05 0.0808252 9.998E-05 0.0927275 0.187305 0.418804 0.220138
0.0212455 0.0396388 0.0541669 0.726239 0.0534957 0.105114 9.9991E-05
9.9982E-05 9.9982E-05 0.095482 0.418194 0.00592409 0.187581 0.292619
0.0128784 0.0787083 0.0653885 0.209027 0.127827 0.506071 9.999E-05
9.9964E-05 9.9964E-05 9.9964E-05 9.9964E-05 0.0262957 0.470837 0.502468
0.0201599 0.0309615 9.9982E-05 0.176342 0.202553 0.569783 9.9982E-05
0.0342329 9.99819E-05 0.283795 9.99819E-05 0.22173 0.281723 0.17832
9.9973E-05 9.9973E-05 0.163143 9.9973E-05 0.0897686 0.111523 0.635266
9.998E-05 0.0511247 0.10567 0.0312824 0.135857 0.675866 9.998E-05
9.9973E-05 9.9973E-05 0.416946 9.9973E-05 0.0249543 0.551072 0.00672774
9.9982E-05 9.9982E-05 0.0338419 0.0947237 0.2315 0.590323 0.0494105
0.00285723 9.998E-05 0.0706375 0.552975 0.217567 0.155764 9.998E-05
0.0086111 9.998E-05 0.0476393 9.998E-05 0.347537 0.00537676 0.590636
0.101451 9.9973E-05 9.9973E-05 0.469501 0.331329 9.9973E-05 0.0974191
0.0183732 0.0226312 0.361068 0.419166 9.9982E-05 0.178562 9.9982E-05
0.0346457 9.9982E-05 0.197195 0.497519 0.0372448 9.9982E-05 0.233196
9.9973E-05 9.9973E-05 0.274386 0.02241 9.9973E-05 0.116187 0.586717
9.997E-05 9.997E-05 0.112057 9.997E-05 0.00622406 0.197929 0.68349
0.0599593 9.998E-05 9.998E-05 0.552614 0.255581 0.126343 0.00530338
0.0119537 0.0741252 0.0579089 0.065472 0.047231 0.742061 0.00124828
0.0137147 0.0151375 0.369382 0.0261385 0.163956 0.403564 0.00810669
9.9964E-05 9.9964E-05 0.123345 9.9964E-05 9.9964E-05 0.0998513 0.776404
9.9973E-05 9.9973E-05 0.462677 0.126147 0.286951 9.9973E-05 0.123925
0.0821163 9.9991E-05 0.180154 0.320318 0.331722 0.0135631 0.0720264
0.0148244 9.9982E-05 9.9982E-05 0.669424 0.0732889 0.218614 0.0236488
9.9973E-05 9.9973E-05 0.232047 0.526983 0.0623247 0.178346 9.9973E-05
0.026679 9.999E-05 0.398692 0.347801 0.0551538 0.012339 0.159236
0.044725 9.9964E-05 9.9964E-05 9.9964E-05 9.9964E-05 0.71544 0.239435
9.9973E-05 0.0419463 0.0785261 0.63298 9.9973E-05 0.246248 9.9973E-05
9.9973E-05 9.9973E-05 0.060632 0.0354331 9.9973E-05 0.707223 0.196412
9.9982E-05 0.028549 0.1762 0.0753046 0.0476485 0.672098 9.9982E-05
0.0100354 0.0441554 9.9982E-05 0.610902 0.115779 0.218928 9.9982E-05
0.0179247 0.00141253 9.9982E-05 0.0161937 9.9982E-05 0.452402 0.511867
9.9991E-05 0.0104428 0.378218 0.00711854 0.021044 0.141978 0.441099
9.9973E-05 9.9973E-05 0.016656 9.9973E-05 0.140005 0.681896 0.161143
0.0800869 9.9982E-05 0.232397 0.325278 0.198766 9.9982E-05 0.163272
0.0534198 9.9991E-05 0.170449 0.0868258 0.341722 0.244966 0.102518
0.0589797 0.00778954 9.9991E-05 0.353182 0.193601 0.323468 0.062879
9.99639E-05 9.99639E-05 9.99639E-05 0.0829592 9.99639E-05 0.139411 0.777229
0.0664861 0.00407937 9.9982E-05 0.705659 0.0200126 9.9982E-05 0.203563
0.0544878 0.180109 0.137617 0.0124473 0.0722782 0.408318 0.134742
0.034227 0.0502057 0.132728 0.531553 0.0710593 0.128731 0.0514967
0.101154 0.00138449 0.0328374 0.688105 9.9991E-05 0.0186658 0.157753
0.0525243 9.999E-05 0.0638736 0.594539 0.0491734 0.0756032 0.164187
0.0690025 0.0191341 9.9991E-05 0.592106 0.0946897 0.159645 0.0653222
0.0676198 0.0712991 9.9982E-05 0.576409 9.9982E-05 0.0159517 0.26852
0.107702 0.0651245 0.156434 9.9982E-05 9.9982E-05 0.614819 0.0557213
0.0223611 0.0659859 0.0391174 9.999E-05 0.106463 0.654655 0.111317
0.0647158 0.0225208 9.998E-05 0.582164 0.139961 9.998E-05 0.190438
9.9973E-05 9.9973E-05 0.290656 0.354641 0.08333 9.9973E-05 0.271073
0.0650156 0.0491766 0.210745 9.999E-05 0.204365 0.252201 0.218397
0.0214382 9.9973E-05 0.0285332 9.9973E-05 0.120439 9.9973E-05 0.829289
9.9955E-05 9.9955E-05 9.9955E-05 9.9955E-05 9.9955E-05 0.574493 0.425007
9.9982E-05 9.9982E-05 0.0452499 0.00877542 0.0248984 0.102621 0.818256
