0.403167 9.9892E-05 9.9892E-05 0.0549951 0.0569815 9.9892E-05 9.9892E-05 9.9892E-05 9.9892E-05 9.9892E-05 9.9892E-05 0.0313577 9.9892E-05 9.9892E-05 9.9892E-05 0.390774 0.0615263 9.9892E-05
0.362451 9.99099E-05 0.0183107 0.223527 0.241352 9.99099E-05 0.0318526 9.99099E-05 0.0224439 9.99099E-05 9.99099E-05 9.99099E-05 9.99099E-05 9.99099E-05 9.99099E-05 0.0689896 0.0300742 9.99099E-05
9.99188E-05 9.99188E-05 9.99188E-05 0.0489421 0.555957 9.99188E-05 9.99188E-05 0.0110004 0.0229518 0.0678178 0.241333 0.0117173 9.99188E-05 0.0148098 9.99188E-05 9.99188E-05 0.0245721 9.99188E-05
0.468994 0.243309 9.98829E-05 9.98829E-05 9.98829E-05 0.0032504 9.98829E-05 9.98829E-05 9.98829E-05 9.98829E-05 9.98829E-05 9.98829E-05 9.98829E-05 0.0356937 9.98829E-05 0.247455 9.98829E-05 9.98829E-05
0.263752 0.177827 9.99279E-05 0.161915 9.99279E-05 9.99279E-05 0.0997048 0.0354491 0.145326 0.0213038 9.99279E-05 9.99279E-05 0.0529223 0.0284057 0.0125946 9.99279E-05 9.99279E-05 9.99279E-05
9.99008E-05 9.99008E-05 9.99008E-05 0.115168 0.0735819 9.99008E-05 9.99008E-05 9.99008E-05 9.99008E-05 0.212803 0.115816 9.99008E-05 0.0321293 9.99008E-05 9.99008E-05 0.400907 0.048495 9.99008E-05
0.0964093 0.0238205 9.99008E-05 9.99008E-05 0.589998 0.0155427 9.99008E-05 9.99008E-05 9.99008E-05 9.99008E-05 0.250616 0.0187971 0.003718 9.99008E-05 9.99008E-05 9.99008E-05 9.99008E-05 9.99008E-05
9.98919E-05 9.98919E-05 9.98919E-05 0.200508 0.207146 9.98919E-05 9.98919E-05 9.98919E-05 9.98919E-05 0.171585 0.118861 9.98919E-05 9.98919E-05 9.98919E-05 9.98919E-05 0.139171 0.161531 9.98919E-05
0.280834 0.198817 9.99189E-05 0.0994666 0.186213 9.99189E-05 9.99189E-05 0.0644222 9.99189E-05 0.0721745 9.99189E-05 9.99189E-05 9.99189E-05 0.0147666 9.99189E-05 0.0767694 0.00563749 9.99189E-05
9.98917E-05 9.98917E-05 9.98917E-05 9.98917E-05 0.168252 0.146653 9.98917E-05 9.98917E-05 9.98917E-05 0.327105 0.141804 0.143433 9.98917E-05 9.98917E-05 0.0715547 9.98917E-05 9.98917E-05 9.98917E-05
0.155572 0.148399 9.99188E-05 0.184007 0.145322 9.99188E-05 0.245265 0.00831609 9.99188E-05 0.0454559 9.99188E-05 9.99188E-05 9.99188E-05 0.0172373 9.99188E-05 0.0495253 9.99188E-05 9.99188E-05
0.479 9.98919E-05 9.98919E-05 0.0484974 0.0595249 9.98919E-05 9.98919E-05 0.00278723 9.98919E-05 0.306225 9.98919E-05 9.98919E-05 9.98919E-05 9.98919E-05 9.98919E-05 9.98919E-05 9.98919E-05 0.102766
9.99098E-05 0.526914 9.99098E-05 9.99098E-05 0.0499978 0.0252142 9.99098E-05 0.0214156 0.178161 9.99098E-05 0.135486 9.99098E-05 0.057471 0.00434117 9.99098E-05 9.99098E-05 9.99098E-05 9.99098E-05
0.01492 9.99099E-05 9.99099E-05 9.99099E-05 0.574534 9.99099E-05 9.99099E-05 9.99099E-05 9.99099E-05 0.0705325 0.038735 0.0340621 9.99099E-05 9.99099E-05 0.0264431 0.179579 0.0601945 9.99099E-05
0.542819 9.98829E-05 9.98829E-05 0.0912196 0.0150696 9.98829E-05 0.270687 9.98829E-05 9.98829E-05 0.078906 9.98829E-05 9.98829E-05 9.98829E-05 9.98829E-05 9.98829E-05 9.98829E-05 9.98829E-05 9.98829E-05
9.99008E-05 0.0029209 9.99008E-05 9.99008E-05 0.326642 0.236243 9.99008E-05 9.99008E-05 9.99008E-05 0.0876213 0.244296 0.0461311 0.055046 9.99008E-05 9.99008E-05 9.99008E-05 9.99008E-05 9.99008E-05
0.0644831 0.0398041 9.98829E-05 9.98829E-05 0.599468 9.98829E-05 9.98829E-05 9.98829E-05 9.98829E-05 9.98829E-05 0.188796 9.98829E-05 9.98829E-05 9.98829E-05 9.98829E-05 0.10615 9.98829E-05 9.98829E-05
9.98738E-05 9.98738E-05 9.98738E-05 0.129986 0.438262 9.98738E-05 9.98738E-05 9.98738E-05 9.98738E-05 9.98738E-05 0.302801 9.98738E-05 9.98738E-05 9.98738E-05 9.98738E-05 0.127552 9.98738E-05 9.98738E-05
0.320192 0.205005 9.9919E-05 0.0771612 0.0735759 9.9919E-05 9.9919E-05 9.9919E-05 0.0215508 0.00297321 0.0610002 9.9919E-05 9.9919E-05 9.9919E-05 9.9919E-05 0.122214 9.9919E-05 0.115429
9.98739E-05 9.98739E-05 9.98739E-05 9.98739E-05 9.98739E-05 9.98739E-05 0.200708 0.0259542 9.98739E-05 9.98739E-05 9.98739E-05 0.0938561 9.98739E-05 0.678084 9.98739E-05 9.98739E-05 9.98739E-05 9.98739E-05
9.9865E-05 0.00182547 9.9865E-05 9.9865E-05 9.9865E-05 0.10652 9.9865E-05 9.9865E-05 9.9865E-05 9.9865E-05 9.9865E-05 9.9865E-05 9.9865E-05 0.890156 9.9865E-05 9.9865E-05 9.9865E-05 9.9865E-05
9.98647E-05 9.98647E-05 9.98647E-05 9.98647E-05 9.98647E-05 9.98647E-05 9.98647E-05 9.98647E-05 9.98647E-05 9.98647E-05 9.98647E-05 0.0424052 9.98647E-05 0.774297 9.98647E-05 0.1818 9.98647E-05 9.98647E-05
9.98829E-05 0.000480928 0.0154686 9.98829E-05 9.98829E-05 9.98829E-05 9.98829E-05 9.98829E-05 0.000191645 9.98829E-05 9.98829E-05 9.98829E-05 9.98829E-05 0.688361 9.98829E-05 9.98829E-05 9.98829E-05 0.2942
0.112965 0.00385925 9.99009E-05 9.99009E-05 9.99009E-05 9.99009E-05 9.99009E-05 0.0476371 9.99009E-05 0.0443522 9.99009E-05 0.0285281 9.99009E-05 0.74446 9.99009E-05 9.99009E-05 0.0170998 9.99009E-05
9.98917E-05 9.98917E-05 9.98917E-05 9.98917E-05 0.20946 9.98917E-05 9.98917E-05 9.98917E-05 9.98917E-05 0.0279276 9.98917E-05 0.429267 0.0980041 0.20313 9.98917E-05 9.98917E-05 0.0310134 9.98917E-05
0.136144 9.99098E-05 9.99098E-05 0.038445 9.99098E-05 9.99098E-05 0.00658371 0.345033 9.99098E-05 0.0506378 9.99098E-05 0.0284306 9.99098E-05 0.331067 9.99098E-05 9.99098E-05 0.0626599 9.99098E-05
9.99099E-05 9.99099E-05 0.0730602 9.99099E-05 9.99099E-05 0.248563 9.99099E-05 0.0252295 9.99099E-05 9.99099E-05 0.0692512 0.484764 0.049671 0.00774641 0.0407157 9.99099E-05 9.99099E-05 9.99099E-05
9.9919E-05 9.9919E-05 9.9919E-05 0.00599059 9.9919E-05 0.0631783 0.201343 0.26127 0.0396789 9.9919E-05 9.9919E-05 9.9919E-05 9.9919E-05 0.270663 9.9919E-05 0.00860379 0.0555275 0.0928463
9.98647E-05 9.98647E-05 9.98647E-05 9.98647E-05 9.98647E-05 9.98647E-05 9.98647E-05 9.98647E-05 9.98647E-05 9.98647E-05 9.98647E-05 0.272154 9.98647E-05 0.591803 9.98647E-05 0.134545 9.98647E-05 9.98647E-05
9.9874E-05 9.9874E-05 0.0427842 9.9874E-05 9.9874E-05 9.9874E-05 9.9874E-05 9.9874E-05 9.9874E-05 9.9874E-05 9.9874E-05 9.9874E-05 9.9874E-05 0.926389 0.0127288 9.9874E-05 9.9874E-05 0.0166997
9.98831E-05 0.200267 9.98831E-05 9.98831E-05 9.98831E-05 9.98831E-05 0.0260973 9.98831E-05 9.98831E-05 9.98831E-05 9.98831E-05 0.543565 9.98831E-05 0.208354 9.98831E-05 9.98831E-05 9.98831E-05 0.0204181
9.99007E-05 9.99007E-05 0.00983603 9.99007E-05 0.0111061 9.99007E-05 9.99007E-05 0.345803 0.0751686 9.99007E-05 9.99007E-05 0.349204 0.0727091 9.99007E-05 9.99007E-05 0.135074 9.99007E-05 9.99007E-05
9.98827E-05 9.98827E-05 9.98827E-05 9.98827E-05 9.98827E-05 9.98827E-05 0.00722585 9.98827E-05 9.98827E-05 9.98827E-05 0.0125032 0.806568 9.98827E-05 0.137473 0.0349307 9.98827E-05 9.98827E-05 9.98827E-05
9.99007E-05 9.99007E-05 9.99007E-05 0.0343287 0.0480659 9.99007E-05 9.99007E-05 9.99007E-05 9.99007E-05 9.99007E-05 0.00432958 0.451559 9.99007E-05 0.309275 9.99007E-05 0.114036 0.0373071 9.99007E-05
9.99099E-05 0.0137227 0.00982952 9.99099E-05 0.0211615 9.99099E-05 9.99099E-05 9.99099E-05 0.0303706 0.0500326 0.00466178 0.00612569 9.99099E-05 0.863096 9.99099E-05 9.99099E-05 9.99099E-05 9.99099E-05
0.0641346 9.98739E-05 9.98739E-05 9.98739E-05 9.98739E-05 9.98739E-05 0.134541 0.0290133 9.98739E-05 9.98739E-05 9.98739E-05 9.98739E-05 9.98739E-05 0.770912 9.98739E-05 9.98739E-05 9.98739E-05 9.98739E-05
9.98647E-05 9.98647E-05 9.98647E-05 9.98647E-05 9.98647E-05 9.98647E-05 0.32661 9.98647E-05 9.98647E-05 9.98647E-05 9.98647E-05 0.266749 9.98647E-05 0.405143 9.98647E-05 9.98647E-05 9.98647E-05 9.98647E-05
0.030905 9.98829E-05 9.98829E-05 0.00152451 9.98829E-05 9.98829E-05 9.98829E-05 9.98829E-05 9.98829E-05 9.98829E-05 9.98829E-05 0.0521966 9.98829E-05 0.678658 9.98829E-05 9.98829E-05 9.98829E-05 0.235418
0.0384975 9.98827E-05 9.98827E-05 0.0470515 9.98827E-05 9.98827E-05 9.98827E-05 0.017763 9.98827E-05 9.98827E-05 9.98827E-05 9.98827E-05 0.845271 9.98827E-05 9.98827E-05 0.0501185 9.98827E-05 9.98827E-05
9.9874E-05 9.9874E-05 9.9874E-05 9.9874E-05 9.9874E-05 0.141698 9.9874E-05 9.9874E-05 0.0196089 9.9874E-05 9.9874E-05 0.179912 0.657383 9.9874E-05 9.9874E-05 9.9874E-05 9.9874E-05 9.9874E-05
9.99008E-05 9.99008E-05 0.221505 9.99008E-05 9.99008E-05 0.0633679 9.99008E-05 9.99008E-05 9.99008E-05 9.99008E-05 0.0227148 0.384752 0.0587489 9.99008E-05 0.129624 9.99008E-05 0.118189 9.99008E-05
9.9901E-05 9.9901E-05 9.9901E-05 9.9901E-05 9.9901E-05 0.093722 0.0088964 0.0648978 9.9901E-05 9.9901E-05 9.9901E-05 9.9901E-05 0.432508 0.0717648 9.9901E-05 9.9901E-05 0.00693671 0.320176
9.98827E-05 9.98827E-05 9.98827E-05 9.98827E-05 0.0109992 9.98827E-05 9.98827E-05 9.98827E-05 9.98827E-05 9.98827E-05 9.98827E-05 0.203834 0.528112 0.146651 9.98827E-05 0.109106 9.98827E-05 9.98827E-05
9.98917E-05 9.98917E-05 0.63185 9.98917E-05 0.0667063 9.98917E-05 9.98917E-05 9.98917E-05 9.98917E-05 9.98917E-05 0.00244289 0.285081 0.00256325 9.98917E-05 9.98917E-05 9.98917E-05 0.0101588 9.98917E-05
0.122671 9.98649E-05 9.98649E-05 9.98649E-05 9.98649E-05 9.98649E-05 9.98649E-05 0.650007 9.98649E-05 9.98649E-05 9.98649E-05 9.98649E-05 9.98649E-05 9.98649E-05 9.98649E-05 9.98649E-05 9.98649E-05 0.225823
0.114283 9.98827E-05 0.29702 0.144357 9.98827E-05 9.98827E-05 9.98827E-05 0.26762 9.98827E-05 9.98827E-05 9.98827E-05 9.98827E-05 0.175422 9.98827E-05 9.98827E-05 9.98827E-05 9.98827E-05 9.98827E-05
9.98827E-05 9.98827E-05 0.183153 9.98827E-05 0.130165 9.98827E-05 9.98827E-05 9.98827E-05 9.98827E-05 9.98827E-05 9.98827E-05 0.53528 0.149087 9.98827E-05 0.00101742 9.98827E-05 9.98827E-05 9.98827E-05
0.00516091 9.99098E-05 9.99098E-05 0.015357 9.99098E-05 9.99098E-05 0.0429456 9.99098E-05 9.99098E-05 0.0410955 9.99098E-05 9.99098E-05 0.791471 0.00126063 9.99098E-05 0.0526843 0.0490255 9.99098E-05
9.98738E-05 9.98738E-05 0.0893718 9.98738E-05 9.98738E-05 0.603788 9.98738E-05 9.98738E-05 9.98738E-05 9.98738E-05 0.0411043 9.98738E-05 0.264338 9.98738E-05 9.98738E-05 9.98738E-05 9.98738E-05 9.98738E-05
9.98829E-05 9.98829E-05 0.243115 0.231183 9.98829E-05 9.98829E-05 9.98829E-05 0.143149 9.98829E-05 9.98829E-05 9.98829E-05 9.98829E-05 0.344728 9.98829E-05 9.98829E-05 9.98829E-05 0.0365273 9.98829E-05
9.9865E-05 9.9865E-05 9.9865E-05 9.9865E-05 9.9865E-05 0.221817 9.9865E-05 9.9865E-05 9.9865E-05 9.9865E-05 9.9865E-05 0.0681404 0.708545 9.9865E-05 9.9865E-05 9.9865E-05 9.9865E-05 9.9865E-05
9.98648E-05 9.98648E-05 0.945548 9.98648E-05 9.98648E-05 9.98648E-05 9.98648E-05 9.98648E-05 9.98648E-05 9.98648E-05 9.98648E-05 9.98648E-05 9.98648E-05 9.98648E-05 9.98648E-05 0.0259242 9.98648E-05 0.0270294
0.113434 9.99187E-05 0.27425 9.99187E-05 0.0218603 9.99187E-05 0.0608439 0.374229 9.99187E-05 0.0458426 0.0285137 0.00212638 9.99187E-05 0.0780003 9.99187E-05 9.99187E-05 9.99187E-05 9.99187E-05
0.069077 9.99278E-05 0.294525 0.160845 0.0177533 9.99278E-05 0.068411 0.142329 9.99278E-05 0.0438622 9.99278E-05 9.99278E-05 0.142491 0.0198114 9.99278E-05 9.99278E-05 0.0400962 9.99278E-05
0.00984987 9.98829E-05 0.450008 0.0141561 9.98829E-05 9.98829E-05 9.98829E-05 0.133591 9.98829E-05 9.98829E-05 9.98829E-05 9.98829E-05 9.98829E-05 9.98829E-05 9.98829E-05 9.98829E-05 9.98829E-05 0.391096
0.00370623 9.98829E-05 9.98829E-05 9.98829E-05 9.98829E-05 9.98829E-05 9.98829E-05 9.98829E-05 9.98829E-05 9.98829E-05 9.98829E-05 0.00644058 9.98829E-05 0.336029 9.98829E-05 9.98829E-05 0.2092 0.443326
9.99008E-05 9.99008E-05 9.99008E-05 9.99008E-05 0.0663953 9.99008E-05 9.99008E-05 9.99008E-05 0.0249213 9.99008E-05 9.99008E-05 0.0801073 0.752477 9.99008E-05 0.0215632 0.0220293 0.0314082 9.99008E-05
9.99099E-05 0.0462898 0.257484 9.99099E-05 9.99099E-05 0.0930796 0.0416839 0.0625317 9.99099E-05 9.99099E-05 9.99099E-05 9.99099E-05 0.200629 0.0430782 9.99099E-05 9.99099E-05 0.254225 9.99099E-05
9.98917E-05 9.98917E-05 0.115439 9.98917E-05 0.00974119 0.128103 9.98917E-05 9.98917E-05 9.98917E-05 9.98917E-05 9.98917E-05 0.146738 0.521104 9.98917E-05 9.98917E-05 9.98917E-05 0.0776753 9.98917E-05
0.00719419 9.98918E-05 9.98918E-05 9.98918E-05 9.98918E-05 9.98918E-05 0.125174 0.203847 9.98918E-05 9.98918E-05 9.98918E-05 9.98918E-05 0.604853 0.0110743 9.98918E-05 9.98918E-05 9.98918E-05 0.0466588
9.99007E-05 9.99007E-05 0.0400047 0.0671975 9.99007E-05 9.99007E-05 0.00479349 0.340631 9.99007E-05 9.99007E-05 9.99007E-05 9.99007E-05 0.403839 0.0639942 9.99007E-05 0.0784408 9.99007E-05 9.99007E-05
0.0612739 9.99008E-05 0.0948844 0.195879 9.99008E-05 9.99008E-05 0.00203907 0.112725 9.99008E-05 9.99008E-05 9.99008E-05 9.99008E-05 0.49746 9.99008E-05 9.99008E-05 9.99008E-05 0.0346397 9.99008E-05
9.98828E-05 9.98828E-05 9.98828E-05 9.98828E-05 0.111235 9.98828E-05 9.98828E-05 0.379693 0.148769 9.98828E-05 9.98828E-05 0.341633 0.0173711 9.98828E-05 9.98828E-05 9.98828E-05 9.98828E-05 9.98828E-05
9.98738E-05 9.98738E-05 9.98738E-05 9.98738E-05 9.98738E-05 9.98738E-05 9.98738E-05 0.324154 9.98738E-05 9.98738E-05 9.98738E-05 9.98738E-05 0.265777 0.0306697 9.98738E-05 9.98738E-05 9.98738E-05 0.378002
9.99098E-05 9.99098E-05 0.0155702 9.99098E-05 0.120016 9.99098E-05 9.99098E-05 0.16848 9.99098E-05 9.99098E-05 0.244207 0.138256 0.152262 9.99098E-05 0.0548389 9.99098E-05 0.10537 9.99098E-05
9.99188E-05 0.0145359 0.0696985 0.0427712 0.142807 9.99188E-05 0.0229128 0.458472 9.99188E-05 9.99188E-05 9.99188E-05 9.99188E-05 9.99188E-05 0.136595 9.99188E-05 0.0874325 0.0238751 9.99188E-05
9.9883E-05 9.9883E-05 9.9883E-05 0.0892226 9.9883E-05 9.9883E-05 0.0266663 0.548496 9.9883E-05 9.9883E-05 9.9883E-05 9.9883E-05 0.270478 9.9883E-05 9.9883E-05 9.9883E-05 9.9883E-05 0.0638378
9.9874E-05 9.9874E-05 9.9874E-05 9.9874E-05 9.9874E-05 9.9874E-05 0.26838 0.540036 9.9874E-05 9.9874E-05 0.00149161 9.9874E-05 0.188694 9.9874E-05 9.9874E-05 9.9874E-05 9.9874E-05 9.9874E-05
9.98916E-05 9.98916E-05 9.98916E-05 9.98916E-05 0.0774039 9.98916E-05 9.98916E-05 0.611268 9.98916E-05 9.98916E-05 0.01475 0.0787011 9.98916E-05 9.98916E-05 9.98916E-05 0.0847755 0.131902 9.98916E-05
9.98737E-05 9.98737E-05 9.98737E-05 9.98737E-05 9.98737E-05 9.98737E-05 9.98737E-05 0.303266 9.98737E-05 9.98737E-05 9.98737E-05 0.362856 9.98737E-05 9.98737E-05 9.98737E-05 0.297057 0.0354228 9.98737E-05
9.98828E-05 9.98828E-05 9.98828E-05 9.98828E-05 9.98828E-05 0.244804 9.98828E-05 0.256295 0.0147656 9.98828E-05 9.98828E-05 0.480694 9.98828E-05 9.98828E-05 9.98828E-05 0.00214284 9.98828E-05 9.98828E-05
9.98828E-05 9.98828E-05 9.98828E-05 9.98828E-05 9.98828E-05 9.98828E-05 9.98828E-05 0.0577316 9.98828E-05 9.98828E-05 0.321337 0.295235 0.304864 9.98828E-05 0.0195329 9.98828E-05 9.98828E-05 9.98828E-05
9.9874E-05 9.9874E-05 9.9874E-05 0.0737882 9.9874E-05 9.9874E-05 9.9874E-05 9.9874E-05 9.9874E-05 9.9874E-05 9.9874E-05 0.0178366 9.9874E-05 0.663429 9.9874E-05 9.9874E-05 9.9874E-05 0.243548
9.99007E-05 9.99007E-05 9.99007E-05 9.99007E-05 0.110041 9.99007E-05 9.99007E-05 0.132508 0.00081775 9.99007E-05 0.0464228 0.178392 0.468256 9.99007E-05 0.0624632 9.99007E-05 9.99007E-05 9.99007E-05
9.98828E-05 9.98828E-05 9.98828E-05 9.98828E-05 9.98828E-05 9.98828E-05 0.0132311 0.871051 0.0307447 9.98828E-05 9.98828E-05 9.98828E-05 0.0211834 9.98828E-05 9.98828E-05 0.0624914 9.98828E-05 9.98828E-05
0.224713 0.0184377 9.99099E-05 9.99099E-05 9.99099E-05 9.99099E-05 9.99099E-05 0.430266 9.99099E-05 0.0624053 0.00591608 0.0760314 9.99099E-05 0.117707 9.99099E-05 9.99099E-05 0.0635238 9.99099E-05
9.98827E-05 9.98827E-05 9.98827E-05 9.98827E-05 0.0505039 0.00981221 9.98827E-05 9.98827E-05 9.98827E-05 9.98827E-05 0.0599624 0.434091 9.98827E-05 0.444332 9.98827E-05 9.98827E-05 9.98827E-05 9.98827E-05
9.99009E-05 0.0239049 9.99009E-05 9.99009E-05 9.99009E-05 0.0551278 9.99009E-05 0.0252288 9.99009E-05 9.99009E-05 0.21888 0.642229 0.0062763 9.99009E-05 0.0272544 9.99009E-05 9.99009E-05 9.99009E-05
9.98737E-05 9.98737E-05 9.98737E-05 9.98737E-05 0.0751192 9.98737E-05 9.98737E-05 9.98737E-05 9.98737E-05 9.98737E-05 9.98737E-05 0.587323 9.98737E-05 0.324532 9.98737E-05 0.0116276 9.98737E-05 9.98737E-05
9.98827E-05 9.98827E-05 9.98827E-05 9.98827E-05 9.98827E-05 9.98827E-05 9.98827E-05 0.242137 9.98827E-05 9.98827E-05 9.98827E-05 0.30896 9.98827E-05 0.0804124 9.98827E-05 0.286547 0.0806441 9.98827E-05
9.98919E-05 9.98919E-05 9.98919E-05 9.98919E-05 9.98919E-05 0.443205 9.98919E-05 0.0955215 0.00456547 9.98919E-05 9.98919E-05 0.334651 0.120238 0.000620279 9.98919E-05 9.98919E-05 9.98919E-05 9.98919E-05
9.99008E-05 0.116523 0.188301 9.99008E-05 9.99008E-05 9.99008E-05 9.99008E-05 0.234423 9.99008E-05 9.99008E-05 9.99008E-05 0.0245406 0.125668 0.197734 9.99008E-05 9.99008E-05 9.99008E-05 0.111711
9.98919E-05 0.18645 0.0176302 9.98919E-05 9.98919E-05 9.98919E-05 9.98919E-05 0.0482854 9.98919E-05 9.98919E-05 0.0182385 9.98919E-05 0.677894 0.0503027 9.98919E-05 9.98919E-05 9.98919E-05 9.98919E-05
9.99009E-05 0.181694 0.508741 9.99009E-05 9.99009E-05 0.0178112 9.99009E-05 0.0257036 9.99009E-05 9.99009E-05 9.99009E-05 9.99009E-05 0.0725405 0.0924778 9.99009E-05 9.99009E-05 0.0999332 9.99009E-05
9.98828E-05 9.98828E-05 9.98828E-05 9.98828E-05 0.0366788 9.98828E-05 9.98828E-05 9.98828E-05 9.98828E-05 9.98828E-05 0.110185 0.119289 0.596946 9.98828E-05 0.135602 9.98828E-05 9.98828E-05 9.98828E-05
9.98829E-05 9.98829E-05 9.98829E-05 9.98829E-05 9.98829E-05 9.98829E-05 0.194235 0.223564 9.98829E-05 9.98829E-05 9.98829E-05 9.98829E-05 0.456018 0.109362 9.98829E-05 0.0155225 9.98829E-05 9.98829E-05
0.00203227 0.0446775 9.98828E-05 9.98828E-05 9.98828E-05 9.98828E-05 9.98828E-05 0.743371 9.98828E-05 9.98828E-05 9.98828E-05 9.98828E-05 0.130623 9.98828E-05 9.98828E-05 9.98828E-05 9.98828E-05 0.0779976
9.98827E-05 9.98827E-05 9.98827E-05 9.98827E-05 0.134471 9.98827E-05 9.98827E-05 9.98827E-05 9.98827E-05 9.98827E-05 9.98827E-05 9.98827E-05 9.98827E-05 0.200992 0.00970799 0.0272783 0.626252 9.98827E-05
9.98827E-05 9.98827E-05 0.162633 9.98827E-05 9.98827E-05 9.98827E-05 9.98827E-05 9.98827E-05 9.98827E-05 9.98827E-05 0.174566 0.0992749 0.0574487 9.98827E-05 9.98827E-05 9.98827E-05 0.504778 9.98827E-05
9.98738E-05 9.98738E-05 9.98738E-05 0.177756 9.98738E-05 9.98738E-05 9.98738E-05 0.114588 9.98738E-05 9.98738E-05 9.98738E-05 9.98738E-05 9.98738E-05 0.193225 9.98738E-05 9.98738E-05 0.513032 9.98738E-05
9.98827E-05 9.98827E-05 0.0823801 9.98827E-05 0.0291688 9.98827E-05 9.98827E-05 9.98827E-05 9.98827E-05 9.98827E-05 0.147956 9.98827E-05 0.167031 9.98827E-05 9.98827E-05 9.98827E-05 0.572165 9.98827E-05
9.98648E-05 9.98648E-05 9.98648E-05 9.98648E-05 9.98648E-05 9.98648E-05 9.98648E-05 9.98648E-05 9.98648E-05 9.98648E-05 0.126804 9.98648E-05 0.0446626 9.98648E-05 9.98648E-05 9.98648E-05 0.827035 9.98648E-05
0.0544027 9.98918E-05 9.98918E-05 0.142798 9.98918E-05 9.98918E-05 0.0037775 0.12129 9.98918E-05 9.98918E-05 9.98918E-05 9.98918E-05 9.98918E-05 9.98918E-05 9.98918E-05 9.98918E-05 0.621506 0.0550267
9.99008E-05 0.00823603 9.99008E-05 0.0970637 0.0374196 9.99008E-05 9.99008E-05 0.0461065 9.99008E-05 9.99008E-05 0.0322937 9.99008E-05 0.38632 9.99008E-05 9.99008E-05 9.99008E-05 0.391462 9.99008E-05
9.98649E-05 9.98649E-05 9.98649E-05 9.98649E-05 9.98649E-05 9.98649E-05 9.98649E-05 9.98649E-05 9.98649E-05 9.98649E-05 9.98649E-05 9.98649E-05 0.0441696 9.98649E-05 9.98649E-05 0.0871732 0.867159 9.98649E-05
9.98738E-05 9.98738E-05 9.98738E-05 9.98738E-05 9.98738E-05 0.330031 9.98738E-05 0.0191083 0.577357 9.98738E-05 9.98738E-05 9.98738E-05 9.98738E-05 9.98738E-05 0.0721055 9.98738E-05 9.98738E-05 9.98738E-05
9.99099E-05 0.00470686 9.99099E-05 9.99099E-05 9.99099E-05 0.159572 9.99099E-05 9.99099E-05 0.5655 9.99099E-05 0.0794713 0.0245083 0.115592 0.0201445 9.99099E-05 0.0295067 9.99099E-05 9.99099E-05
9.9883E-05 0.0715369 9.9883E-05 9.9883E-05 9.9883E-05 0.030352 9.9883E-05 9.9883E-05 0.75592 9.9883E-05 9.9883E-05 9.9883E-05 0.0304193 9.9883E-05 9.9883E-05 9.9883E-05 9.9883E-05 0.110473
9.9883E-05 9.9883E-05 9.9883E-05 0.426982 9.9883E-05 9.9883E-05 9.9883E-05 0.0197663 0.504168 0.040361 9.9883E-05 9.9883E-05 9.9883E-05 9.9883E-05 9.9883E-05 9.9883E-05 9.9883E-05 0.0074247
9.98738E-05 9.98738E-05 9.98738E-05 9.98738E-05 9.98738E-05 0.184783 9.98738E-05 9.98738E-05 0.620106 9.98738E-05 9.98738E-05 9.98738E-05 9.98738E-05 9.98738E-05 0.172073 9.98738E-05 0.0216398 9.98738E-05
0.0197541 0.0660817 9.99278E-05 0.274847 0.329934 9.99278E-05 9.99278E-05 0.0242245 0.159883 9.99278E-05 9.99278E-05 9.99278E-05 9.99278E-05 0.00923528 9.99278E-05 0.088075 0.0221231 0.00504305
9.98647E-05 9.98647E-05 9.98647E-05 9.98647E-05 0.200896 9.98647E-05 9.98647E-05 9.98647E-05 0.438535 9.98647E-05 0.359071 9.98647E-05 9.98647E-05 9.98647E-05 9.98647E-05 9.98647E-05 9.98647E-05 9.98647E-05
9.98738E-05 9.98738E-05 9.98738E-05 9.98738E-05 9.98738E-05 0.278765 9.98738E-05 9.98738E-05 0.712143 9.98738E-05 9.98738E-05 0.00111952 0.00657369 9.98738E-05 9.98738E-05 9.98738E-05 9.98738E-05 9.98738E-05
9.99009E-05 9.99009E-05 9.99009E-05 9.99009E-05 0.0563818 9.99009E-05 9.99009E-05 0.00225622 0.613479 9.99009E-05 0.0252727 0.0171651 9.99009E-05 9.99009E-05 9.99009E-05 0.260103 0.0242434 9.99009E-05
0.0902385 9.98919E-05 9.98919E-05 9.98919E-05 9.98919E-05 9.98919E-05 0.287161 0.0611868 0.515825 9.98919E-05 9.98919E-05 9.98919E-05 9.98919E-05 0.0257747 9.98919E-05 9.98919E-05 9.98919E-05 0.0186153
9.98829E-05 9.98829E-05 0.025345 9.98829E-05 9.98829E-05 0.516315 9.98829E-05 9.98829E-05 0.24883 0.00258983 9.98829E-05 9.98829E-05 9.98829E-05 9.98829E-05 0.205622 9.98829E-05 9.98829E-05 9.98829E-05
0.113222 9.98918E-05 9.98918E-05 9.98918E-05 9.98918E-05 9.98918E-05 0.390071 9.98918E-05 0.405774 0.0287873 0.059058 9.98918E-05 9.98918E-05 9.98918E-05 0.00188957 9.98918E-05 9.98918E-05 9.98918E-05
9.98829E-05 9.98829E-05 9.98829E-05 9.98829E-05 0.161429 0.0539233 9.98829E-05 9.98829E-05 0.756997 9.98829E-05 9.98829E-05 0.0257857 0.000566534 9.98829E-05 9.98829E-05 9.98829E-05 9.98829E-05 9.98829E-05
0.00561805 0.0146036 9.99188E-05 0.0404287 0.173789 9.99188E-05 0.0938573 0.0447801 0.491731 9.99188E-05 9.99188E-05 9.99188E-05 9.99188E-05 9.99188E-05 9.99188E-05 0.112801 0.0214922 9.99188E-05
9.98829E-05 9.98829E-05 9.98829E-05 9.98829E-05 9.98829E-05 0.0953799 9.98829E-05 9.98829E-05 0.52596 9.98829E-05 9.98829E-05 9.98829E-05 9.98829E-05 0.0311336 9.98829E-05 0.343557 9.98829E-05 0.0026718
0.0623057 9.98919E-05 9.98919E-05 9.98919E-05 0.482099 9.98919E-05 9.98919E-05 9.98919E-05 0.297452 9.98919E-05 0.0464323 0.0573781 9.98919E-05 9.98919E-05 9.98919E-05 0.0531336 9.98919E-05 9.98919E-05
0.122071 0.143526 9.98827E-05 0.179842 9.98827E-05 9.98827E-05 9.98827E-05 0.119765 0.433497 9.98827E-05 9.98827E-05 9.98827E-05 9.98827E-05 9.98827E-05 9.98827E-05 9.98827E-05 9.98827E-05 9.98827E-05
9.98647E-05 0.13914 9.98647E-05 9.98647E-05 9.98647E-05 9.98647E-05 9.98647E-05 9.98647E-05 0.330936 9.98647E-05 9.98647E-05 9.98647E-05 9.98647E-05 9.98647E-05 9.98647E-05 9.98647E-05 9.98647E-05 0.528426
9.98739E-05 9.98739E-05 9.98739E-05 9.98739E-05 9.98739E-05 9.98739E-05 9.98739E-05 9.98739E-05 0.476443 9.98739E-05 9.98739E-05 0.14567 0.102938 9.98739E-05 9.98739E-05 0.273551 9.98739E-05 9.98739E-05
9.98828E-05 9.98828E-05 9.98828E-05 9.98828E-05 0.217616 9.98828E-05 9.98828E-05 9.98828E-05 0.697047 9.98828E-05 0.0364491 0.0463335 9.98828E-05 9.98828E-05 0.00125567 9.98828E-05 9.98828E-05 9.98828E-05
9.98919E-05 9.98919E-05 0.007575 0.0176995 9.98919E-05 9.98919E-05 0.146977 9.98919E-05 0.618784 9.98919E-05 9.98919E-05 9.98919E-05 9.98919E-05 0.0363412 9.98919E-05 0.171424 9.98919E-05 9.98919E-05
9.9874E-05 0.341052 9.9874E-05 9.9874E-05 9.9874E-05 9.9874E-05 9.9874E-05 9.9874E-05 0.625914 9.9874E-05 9.9874E-05 9.9874E-05 9.9874E-05 0.0267513 9.9874E-05 9.9874E-05 9.9874E-05 0.00488415
9.99009E-05 0.142063 9.99009E-05 0.428561 0.0419044 9.99009E-05 0.204488 9.99009E-05 9.99009E-05 9.99009E-05 9.99009E-05 9.99009E-05 9.99009E-05 0.0251715 0.0698665 0.0868462 9.99009E-05 9.99009E-05
0.0155806 9.99007E-05 9.99007E-05 9.99007E-05 0.103818 9.99007E-05 9.99007E-05 9.99007E-05 9.99007E-05 0.397593 0.0861501 9.99007E-05 9.99007E-05 9.99007E-05 0.326953 0.0141269 0.0546794 9.99007E-05
9.98828E-05 0.183033 9.98828E-05 0.151704 0.0882225 9.98828E-05 9.98828E-05 9.98828E-05 9.98828E-05 9.98828E-05 9.98828E-05 9.98828E-05 9.98828E-05 9.98828E-05 0.0611156 9.98828E-05 9.98828E-05 0.514626
9.98918E-05 0.0825024 9.98918E-05 9.98918E-05 0.618692 9.98918E-05 9.98918E-05 9.98918E-05 0.0019223 9.98918E-05 9.98918E-05 0.0406352 9.98918E-05 9.98918E-05 0.0786887 0.176361 9.98918E-05 9.98918E-05
9.98738E-05 9.98738E-05 9.98738E-05 9.98738E-05 9.98738E-05 0.085619 9.98738E-05 9.98738E-05 0.0118892 9.98738E-05 9.98738E-05 9.98738E-05 0.00324319 9.98738E-05 0.89785 9.98738E-05 9.98738E-05 9.98738E-05
0.295324 0.33692 9.98917E-05 0.0535688 0.0971178 9.98917E-05 0.205581 9.98917E-05 9.98917E-05 9.98917E-05 9.98917E-05 9.98917E-05 9.98917E-05 9.98917E-05 0.0102896 9.98917E-05 9.98917E-05 9.98917E-05
0.100414 0.0064933 9.99098E-05 9.99098E-05 9.99098E-05 9.99098E-05 0.132578 0.00521787 9.99098E-05 0.138433 9.99098E-05 9.99098E-05 9.99098E-05 0.0609273 0.539961 0.0149766 9.99098E-05 9.99098E-05
9.99097E-05 0.160124 9.99097E-05 0.24317 0.210378 9.99097E-05 9.99097E-05 9.99097E-05 9.99097E-05 9.99097E-05 0.0390094 9.99097E-05 0.0854129 9.99097E-05 0.0693092 0.166976 0.0246208 9.99097E-05
9.98738E-05 0.257473 9.98738E-05 9.98738E-05 9.98738E-05 9.98738E-05 9.98738E-05 9.98738E-05 9.98738E-05 0.552342 9.98738E-05 9.98738E-05 9.98738E-05 0.0349147 0.153872 9.98738E-05 9.98738E-05 9.98738E-05
9.98918E-05 0.108809 9.98918E-05 9.98918E-05 0.19826 9.98918E-05 9.98918E-05 9.98918E-05 9.98918E-05 9.98918E-05 0.125587 0.0736181 9.98918E-05 9.98918E-05 0.48635 9.98918E-05 0.00617679 9.98918E-05
0.0302445 0.216099 9.99188E-05 0.250165 9.99188E-05 9.99188E-05 0.277278 0.0108075 9.99188E-05 0.155659 9.99188E-05 9.99188E-05 0.0219612 9.99188E-05 0.00692658 0.0299595 9.99188E-05 9.99188E-05
9.98828E-05 0.00960392 9.98828E-05 9.98828E-05 9.98828E-05 9.98828E-05 9.98828E-05 9.98828E-05 9.98828E-05 0.407681 9.98828E-05 9.98828E-05 9.98828E-05 0.00821708 0.158546 9.98828E-05 9.98828E-05 0.414653
9.98649E-05 9.98649E-05 9.98649E-05 9.98649E-05 9.98649E-05 9.98649E-05 9.98649E-05 9.98649E-05 0.0354249 9.98649E-05 0.0789022 9.98649E-05 9.98649E-05 9.98649E-05 0.884175 9.98649E-05 9.98649E-05 9.98649E-05
0.335471 0.143298 9.98918E-05 0.3223 0.0228684 9.98918E-05 0.168017 9.98918E-05 9.98918E-05 9.98918E-05 9.98918E-05 9.98918E-05 9.98918E-05 9.98918E-05 9.98918E-05 9.98918E-05 9.98918E-05 0.00684668
0.150574 0.258591 9.99008E-05 9.99008E-05 9.99008E-05 9.99008E-05 9.99008E-05 0.0266705 9.99008E-05 0.470109 9.99008E-05 9.99008E-05 9.99008E-05 0.0101642 0.0812946 9.99008E-05 9.99008E-05 0.00149854
0.222007 0.575443 9.98737E-05 9.98737E-05 0.169962 9.98737E-05 9.98737E-05 9.98737E-05 9.98737E-05 9.98737E-05 0.0311893 9.98737E-05 9.98737E-05 9.98737E-05 9.98737E-05 9.98737E-05 9.98737E-05 9.98737E-05
9.98739E-05 9.98739E-05 9.98739E-05 9.98739E-05 9.98739E-05 0.144837 9.98739E-05 9.98739E-05 9.98739E-05 0.0906456 9.98739E-05 0.00654505 9.98739E-05 9.98739E-05 0.756574 9.98739E-05 9.98739E-05 9.98739E-05
9.98736E-05 0.530027 9.98736E-05 0.137961 9.98736E-05 9.98736E-05 9.98736E-05 9.98736E-05 9.98736E-05 0.241425 9.98736E-05 9.98736E-05 9.98736E-05 9.98736E-05 0.0891884 9.98736E-05 9.98736E-05 9.98736E-05
0.089118 0.0470261 9.98828E-05 0.474526 9.98828E-05 9.98828E-05 0.286824 9.98828E-05 9.98828E-05 9.98828E-05 9.98828E-05 9.98828E-05 9.98828E-05 9.98828E-05 9.98828E-05 0.101207 9.98828E-05 9.98828E-05
9.98917E-05 0.0246393 9.98917E-05 0.153295 0.510044 9.98917E-05 9.98917E-05 9.98917E-05 9.98917E-05 9.98917E-05 9.98917E-05 9.98917E-05 9.98917E-05 9.98917E-05 0.071752 0.165202 0.0738687 9.98917E-05
9.99012E-05 0.411582 9.99012E-05 0.158398 0.0118084 0.0841168 9.99012E-05 9.99012E-05 0.0305293 9.99012E-05 9.99012E-05 0.178169 9.99012E-05 9.99012E-05 9.99012E-05 9.99012E-05 9.99012E-05 0.124297
9.98919E-05 0.674938 9.98919E-05 0.0961841 0.0376909 9.98919E-05 9.98919E-05 9.98919E-05 9.98919E-05 9.98919E-05 9.98919E-05 0.0906334 9.98919E-05 9.98919E-05 0.0812348 9.98919E-05 0.0181198 9.98919E-05
9.98648E-05 9.98648E-05 9.98648E-05 9.98648E-05 0.220058 9.98648E-05 9.98648E-05 9.98648E-05 9.98648E-05 9.98648E-05 9.98648E-05 0.0140671 9.98648E-05 9.98648E-05 0.764377 9.98648E-05 9.98648E-05 9.98648E-05
0.0825986 0.0525056 0.0674685 0.167801 0.261055 9.99278E-05 0.00635869 0.00154439 9.99278E-05 0.24074 0.042636 9.99278E-05 9.99278E-05 0.0764924 9.99278E-05 9.99278E-05 9.99278E-05 9.99278E-05
9.98825E-05 9.98825E-05 9.98825E-05 0.127006 9.98825E-05 9.98825E-05 9.98825E-05 9.98825E-05 9.98825E-05 0.151376 9.98825E-05 9.98825E-05 9.98825E-05 9.98825E-05 0.333743 0.309823 0.076754 9.98825E-05
9.99009E-05 9.99009E-05 9.99009E-05 9.99009E-05 0.251191 0.0593339 9.99009E-05 9.99009E-05 0.168656 9.99009E-05 9.99009E-05 0.137809 0.0135031 9.99009E-05 0.127163 0.241244 9.99009E-05 9.99009E-05
9.99101E-05 0.321321 0.0323749 0.127415 0.0530516 9.99101E-05 0.013108 0.072337 0.0957967 0.266061 9.99101E-05 9.99101E-05 9.99101E-05 0.0176356 9.99101E-05 9.99101E-05 9.99101E-05 9.99101E-05
9.991E-05 9.991E-05 0.0566077 0.0114348 9.991E-05 0.0556216 0.085917 9.991E-05 0.147891 0.175251 9.991E-05 9.991E-05 0.0589314 9.991E-05 9.991E-05 0.407347 9.991E-05 9.991E-05
9.9892E-05 0.0686548 9.9892E-05 9.9892E-05 9.9892E-05 0.582664 9.9892E-05 0.0184492 9.9892E-05 9.9892E-05 0.145078 0.0730089 9.9892E-05 9.9892E-05 0.110946 9.9892E-05 9.9892E-05 9.9892E-05
9.99188E-05 9.99188E-05 9.99188E-05 9.99188E-05 0.146024 0.00136299 9.99188E-05 9.99188E-05 0.0394555 0.0582592 0.112916 9.99188E-05 0.0130264 9.99188E-05 0.0768381 0.492001 0.0592186 9.99188E-05
9.99008E-05 9.99008E-05 9.99008E-05 9.99008E-05 0.540458 0.13611 0.0139077 9.99008E-05 0.10182 0.121381 9.99008E-05 0.0694005 0.0158246 9.99008E-05 9.99008E-05 9.99008E-05 9.99008E-05 9.99008E-05
0.00621687 0.0818322 9.99099E-05 9.99099E-05 0.0330653 0.0109165 0.53417 9.99099E-05 9.99099E-05 9.99099E-05 9.99099E-05 9.99099E-05 9.99099E-05 0.0383096 0.151167 0.143323 9.99099E-05 9.99099E-05
9.98648E-05 9.98648E-05 9.98648E-05 9.98648E-05 0.569349 0.235792 9.98648E-05 9.98648E-05 9.98648E-05 9.98648E-05 9.98648E-05 9.98648E-05 9.98648E-05 9.98648E-05 0.193361 9.98648E-05 9.98648E-05 9.98648E-05
0.211703 0.453767 9.99188E-05 0.0193145 0.0796787 9.99188E-05 0.108945 9.99188E-05 9.99188E-05 0.0333413 0.0153094 9.99188E-05 9.99188E-05 9.99188E-05 9.99188E-05 0.0076958 9.99188E-05 0.069346
9.98828E-05 9.98828E-05 9.98828E-05 9.98828E-05 0.567222 0.254827 9.98828E-05 9.98828E-05 9.98828E-05 9.98828E-05 9.98828E-05 9.98828E-05 9.98828E-05 0.00931737 0.115412 0.0519231 9.98828E-05 9.98828E-05
9.98919E-05 0.176715 9.98919E-05 9.98919E-05 9.98919E-05 0.216151 9.98919E-05 9.98919E-05 0.00329968 0.35025 9.98919E-05 9.98919E-05 9.98919E-05 9.98919E-05 9.98919E-05 0.0215828 9.98919E-05 0.230802
0.0493958 0.250978 9.99099E-05 9.99099E-05 9.99099E-05 9.99099E-05 0.0563233 9.99099E-05 0.0925928 0.167657 0.0256961 9.99099E-05 9.99099E-05 9.99099E-05 9.99099E-05 0.054034 9.99099E-05 0.302323
9.9919E-05 9.9919E-05 0.104271 0.0731847 9.9919E-05 9.9919E-05 0.051292 9.9919E-05 0.0536874 0.026821 9.9919E-05 0.0155894 0.0407995 9.9919E-05 0.00634059 0.627115 9.9919E-05 9.9919E-05
9.99007E-05 0.119243 9.99007E-05 0.122367 0.133762 9.99007E-05 9.99007E-05 9.99007E-05 0.0449375 9.99007E-05 0.10245 9.99007E-05 0.0639 9.99007E-05 9.99007E-05 0.412241 9.99007E-05 9.99007E-05
0.028299 9.98919E-05 9.98919E-05 9.98919E-05 9.98919E-05 0.0510134 9.98919E-05 9.98919E-05 0.0405833 9.98919E-05 9.98919E-05 9.98919E-05 0.0593285 0.0124763 9.98919E-05 0.807101 9.98919E-05 9.98919E-05
9.98918E-05 0.529677 9.98918E-05 9.98918E-05 0.064488 0.127152 9.98918E-05 9.98918E-05 0.112762 9.98918E-05 9.98918E-05 9.98918E-05 9.98918E-05 9.98918E-05 9.98918E-05 0.0776511 9.98918E-05 0.0870716
0.00991363 9.99099E-05 9.99099E-05 9.99099E-05 0.0658354 0.603833 9.99099E-05 9.99099E-05 0.000194447 9.99099E-05 0.0998416 0.00187772 9.99099E-05 9.99099E-05 0.0896722 0.127833 9.99099E-05 9.99099E-05
9.98918E-05 9.98918E-05 9.98918E-05 9.98918E-05 9.98918E-05 0.557565 9.98918E-05 9.98918E-05 9.98918E-05 0.155574 0.00880471 0.01689 9.98918E-05 9.98918E-05 0.223152 0.0368147 9.98918E-05 9.98918E-05
9.98828E-05 9.98828E-05 9.98828E-05 9.98828E-05 0.429121 9.98828E-05 9.98828E-05 9.98828E-05 9.98828E-05 0.261329 0.218867 0.0543382 9.98828E-05 9.98828E-05 9.98828E-05 0.0350464 9.98828E-05 9.98828E-05
9.98828E-05 9.98828E-05 9.98828E-05 9.98828E-05 0.197692 0.411534 9.98828E-05 9.98828E-05 9.98828E-05 0.217682 9.98828E-05 0.165624 9.98828E-05 9.98828E-05 0.00616973 9.98828E-05 9.98828E-05 9.98828E-05
0.0845677 0.0200773 9.98739E-05 9.98739E-05 9.98739E-05 0.843333 9.98739E-05 9.98739E-05 9.98739E-05 9.98739E-05 0.0506237 9.98739E-05 9.98739E-05 9.98739E-05 9.98739E-05 9.98739E-05 9.98739E-05 9.98739E-05
9.99008E-05 9.99008E-05 9.99008E-05 9.99008E-05 0.131813 9.99008E-05 9.99008E-05 9.99008E-05 9.99008E-05 0.322772 0.339193 0.0706666 0.02474 9.99008E-05 9.99008E-05 0.0504885 0.0592287 9.99008E-05
9.99098E-05 0.0166239 0.0018491 9.99098E-05 0.699521 0.0211908 0.0434954 9.99098E-05 9.99098E-05 9.99098E-05 9.99098E-05 9.99098E-05 9.99098E-05 9.99098E-05 0.11017 0.0487024 0.0574482 9.99098E-05
0.452346 9.991E-05 9.991E-05 0.339314 9.991E-05 9.991E-05 9.991E-05 0.0160134 9.991E-05 9.991E-05 9.991E-05 0.014841 9.991E-05 0.00621472 0.00817046 0.0562186 9.991E-05 0.105882
0.798222 9.98918E-05 9.98918E-05 9.98918E-05 0.0880729 9.98918E-05 9.98918E-05 9.98918E-05 9.98918E-05 9.98918E-05 9.98918E-05 9.98918E-05 0.00439457 0.0247745 9.98918E-05 0.00542056 9.98918E-05 0.0779165
0.130447 9.98918E-05 9.98918E-05 0.0855517 0.37227 9.98918E-05 9.98918E-05 9.98918E-05 9.98918E-05 9.98918E-05 0.195102 9.98918E-05 9.98918E-05 9.98918E-05 9.98918E-05 0.115659 0.0997708 9.98918E-05
0.763791 0.0389867 0.0142094 9.98827E-05 0.10934 9.98827E-05 0.072374 9.98827E-05 9.98827E-05 9.98827E-05 9.98827E-05 9.98827E-05 9.98827E-05 9.98827E-05 9.98827E-05 9.98827E-05 9.98827E-05 9.98827E-05
0.924398 9.9865E-05 9.9865E-05 9.9865E-05 9.9865E-05 9.9865E-05 9.9865E-05 9.9865E-05 0.0413075 9.9865E-05 9.9865E-05 9.9865E-05 9.9865E-05 9.9865E-05 9.9865E-05 9.9865E-05 9.9865E-05 0.0327963
0.307859 9.98828E-05 9.98828E-05 9.98828E-05 9.98828E-05 9.98828E-05 9.98828E-05 9.98828E-05 9.98828E-05 9.98828E-05 0.0666869 9.98828E-05 9.98828E-05 0.0449794 9.98828E-05 0.0517274 9.98828E-05 0.527449
0.703626 0.0597202 9.99099E-05 0.0107313 0.0367731 9.99099E-05 9.99099E-05 9.99099E-05 0.0194218 9.99099E-05 9.99099E-05 9.99099E-05 9.99099E-05 9.99099E-05 0.00333662 9.99099E-05 0.00439369 0.160998
0.228294 9.9892E-05 9.9892E-05 9.9892E-05 0.370109 9.9892E-05 9.9892E-05 9.9892E-05 9.9892E-05 9.9892E-05 0.335776 0.0301944 9.9892E-05 9.9892E-05 0.00639016 9.9892E-05 0.0280372 9.9892E-05
9.9892E-05 0.00286167 9.9892E-05 9.9892E-05 0.123829 0.178634 9.9892E-05 0.0065275 9.9892E-05 9.9892E-05 0.303308 9.9892E-05 9.9892E-05 9.9892E-05 0.383641 9.9892E-05 9.9892E-05 9.9892E-05
9.99008E-05 9.99008E-05 9.99008E-05 0.634729 0.0390799 9.99008E-05 9.99008E-05 0.0626961 0.003924 9.99008E-05 0.10731 9.99008E-05 9.99008E-05 9.99008E-05 9.99008E-05 0.137587 0.0135748 9.99008E-05
0.115875 9.98829E-05 9.98829E-05 9.98829E-05 0.072502 9.98829E-05 9.98829E-05 9.98829E-05 0.0329435 9.98829E-05 0.731667 9.98829E-05 9.98829E-05 9.98829E-05 9.98829E-05 9.98829E-05 0.0457138 9.98829E-05
0.139118 9.9901E-05 9.9901E-05 9.9901E-05 0.365337 9.9901E-05 9.9901E-05 0.0470365 9.9901E-05 9.9901E-05 0.191833 0.033292 9.9901E-05 9.9901E-05 9.9901E-05 0.0226041 0.19968 9.9901E-05
0.263875 9.98828E-05 9.98828E-05 0.199194 0.402722 9.98828E-05 9.98828E-05 9.98828E-05 0.0237203 9.98828E-05 9.98828E-05 9.98828E-05 9.98828E-05 9.98828E-05 9.98828E-05 9.98828E-05 0.109191 9.98828E-05
9.98739E-05 9.98739E-05 9.98739E-05 9.98739E-05 0.5642 9.98739E-05 9.98739E-05 9.98739E-05 9.98739E-05 0.0598677 0.256142 9.98739E-05 9.98739E-05 9.98739E-05 0.118392 9.98739E-05 9.98739E-05 9.98739E-05
9.98919E-05 9.98919E-05 9.98919E-05 0.314655 0.241792 0.0660767 9.98919E-05 9.98919E-05 0.0461431 9.98919E-05 0.322314 0.00782037 9.98919E-05 9.98919E-05 9.98919E-05 9.98919E-05 9.98919E-05 9.98919E-05
0.102511 9.99098E-05 9.99098E-05 0.25314 0.0111892 9.99098E-05 9.99098E-05 9.99098E-05 9.99098E-05 0.37331 0.0494489 9.99098E-05 0.0486599 0.10532 9.99098E-05 0.0554214 9.99098E-05 9.99098E-05
0.0476074 9.99188E-05 9.99188E-05 0.1097 0.39023 9.99188E-05 0.0689333 0.0391547 9.99188E-05 0.0207947 0.245372 9.99188E-05 9.99188E-05 0.0108707 9.99188E-05 9.99188E-05 0.0664382 9.99188E-05
9.98918E-05 9.98918E-05 9.98918E-05 0.383903 0.0285553 9.98918E-05 9.98918E-05 9.98918E-05 0.0944687 9.98918E-05 0.393268 9.98918E-05 9.98918E-05 9.98918E-05 9.98918E-05 0.0983094 0.000296492 9.98918E-05
0.27524 0.00302503 9.98828E-05 0.280356 0.0983117 9.98828E-05 0.341769 9.98828E-05 9.98828E-05 9.98828E-05 9.98828E-05 9.98828E-05 9.98828E-05 9.98828E-05 9.98828E-05 9.98828E-05 9.98828E-05 9.98828E-05
0.0585972 9.9919E-05 9.9919E-05 0.586975 0.0495868 0.0201081 0.0126048 9.9919E-05 9.9919E-05 9.9919E-05 0.0465366 0.00587172 9.9919E-05 9.9919E-05 9.9919E-05 0.211739 0.00708165 9.9919E-05
9.99279E-05 9.99279E-05 9.99279E-05 0.0218123 0.0926027 0.0507781 0.073521 9.99279E-05 9.99279E-05 9.99279E-05 0.700292 0.00289103 0.0243248 9.99279E-05 9.99279E-05 0.0311659 0.000757462 0.00105519
9.98918E-05 0.0531287 9.98918E-05 0.117431 0.575615 9.98918E-05 9.98918E-05 9.98918E-05 0.0381776 9.98918E-05 0.158267 9.98918E-05 9.98918E-05 9.98918E-05 9.98918E-05 9.98918E-05 0.0561821 9.98918E-05
9.98829E-05 9.98829E-05 9.98829E-05 9.98829E-05 0.255929 0.0967235 9.98829E-05 9.98829E-05 9.98829E-05 0.0469628 0.3782 9.98829E-05 9.98829E-05 9.98829E-05 0.220887 9.98829E-05 9.98829E-05 9.98829E-05
0.317985 0.168015 9.98828E-05 0.407708 0.0126241 9.98828E-05 9.98828E-05 9.98828E-05 9.98828E-05 9.98828E-05 9.98828E-05 9.98828E-05 9.98828E-05 9.98828E-05 9.98828E-05 0.0923701 9.98828E-05 9.98828E-05
9.98829E-05 9.98829E-05 9.98829E-05 0.466868 0.228706 9.98829E-05 9.98829E-05 0.0184996 9.98829E-05 9.98829E-05 9.98829E-05 9.98829E-05 9.98829E-05 9.98829E-05 9.98829E-05 0.232198 0.0524297 9.98829E-05
9.99008E-05 9.99008E-05 9.99008E-05 9.99008E-05 0.323788 9.99008E-05 9.99008E-05 9.99008E-05 0.011914 0.0372561 0.44268 0.0222037 0.0102516 9.99008E-05 0.150808 9.99008E-05 9.99008E-05 9.99008E-05
0.344856 9.99099E-05 9.99099E-05 0.0847841 9.99099E-05 9.99099E-05 0.0376043 0.00393028 0.038086 0.399675 9.99099E-05 9.99099E-05 0.0255697 9.99099E-05 9.99099E-05 9.99099E-05 9.99099E-05 0.0644946
0.135801 9.98918E-05 0.00517036 9.98918E-05 9.98918E-05 9.98918E-05 0.34541 0.00772022 9.98918E-05 0.494837 0.0098634 9.98918E-05 9.98918E-05 9.98918E-05 9.98918E-05 9.98918E-05 9.98918E-05 9.98918E-05
9.99009E-05 9.99009E-05 9.99009E-05 9.99009E-05 0.440618 0.135968 9.99009E-05 9.99009E-05 0.0505918 9.99009E-05 9.99009E-05 0.19085 9.99009E-05 9.99009E-05 0.0721238 0.0429934 0.0657562 9.99009E-05
9.99007E-05 9.99007E-05 9.99007E-05 9.99007E-05 0.0137299 0.128402 9.99007E-05 9.99007E-05 0.0221239 0.483214 9.99007E-05 0.083779 9.99007E-05 9.99007E-05 0.0118268 0.255826 9.99007E-05 9.99007E-05
0.452851 9.99099E-05 9.99099E-05 9.99099E-05 9.99099E-05 9.99099E-05 0.244918 9.99099E-05 9.99099E-05 0.179574 0.0114006 0.00899528 9.99099E-05 0.00904302 0.00358291 9.99099E-05 0.0886363 9.99099E-05
0.437967 0.022246 9.98918E-05 9.98918E-05 9.98918E-05 9.98918E-05 9.98918E-05 0.0334985 9.98918E-05 0.421642 9.98918E-05 9.98918E-05 9.98918E-05 0.0147784 9.98918E-05 9.98918E-05 9.98918E-05 0.0686689
0.338371 0.0573036 9.98919E-05 0.058699 9.98919E-05 9.98919E-05 9.98919E-05 0.156785 9.98919E-05 0.332699 9.98919E-05 9.98919E-05 9.98919E-05 9.98919E-05 9.98919E-05 9.98919E-05 9.98919E-05 0.0549431
9.98739E-05 9.98739E-05 9.98739E-05 9.98739E-05 9.98739E-05 0.557761 9.98739E-05 9.98739E-05 9.98739E-05 0.20466 9.98739E-05 0.0912061 9.98739E-05 9.98739E-05 0.144975 9.98739E-05 9.98739E-05 9.98739E-05
9.98829E-05 9.98829E-05 9.98829E-05 9.98829E-05 0.504858 9.98829E-05 9.98829E-05 9.98829E-05 9.98829E-05 0.330724 9.98829E-05 0.0842211 9.98829E-05 9.98829E-05 9.98829E-05 0.0226961 0.0562023 9.98829E-05
