0.0384303 9.9892E-05 9.9892E-05 9.9892E-05 9.9892E-05 0.126821 9.9892E-05 9.9892E-05 9.9892E-05 9.9892E-05 9.9892E-05 9.9892E-05 0.450823 0.0374749 0.345252 9.9892E-05 9.9892E-05
0.0184549 9.99189E-05 9.99189E-05 9.99189E-05 0.170768 0.307827 9.99189E-05 0.0516146 9.99189E-05 0.00185808 0.0274363 9.99189E-05 0.376452 9.99189E-05 0.0446891 9.99189E-05 9.99189E-05
0.0185606 0.027596 9.99188E-05 0.267143 0.047819 0.499971 9.99188E-05 9.99188E-05 0.0894904 9.99188E-05 0.0475274 9.99188E-05 9.99188E-05 0.000993527 9.99188E-05 9.99188E-05 9.99188E-05
9.99099E-05 9.99099E-05 9.99099E-05 9.99099E-05 9.99099E-05 9.99099E-05 0.0705757 9.99099E-05 9.99099E-05 9.99099E-05 9.99099E-05 0.03275 0.462399 0.00637738 0.253199 0.0171581 0.156541
9.99097E-05 0.0426618 0.0273411 9.99097E-05 0.103418 9.99097E-05 0.391016 9.99097E-05 9.99097E-05 9.99097E-05 0.0355688 9.99097E-05 0.334802 9.99097E-05 9.99097E-05 9.99097E-05 0.0641936
0.0288765 9.99098E-05 9.99098E-05 0.115932 0.105477 9.99098E-05 9.99098E-05 9.99098E-05 0.206232 0.0108115 9.99098E-05 9.99098E-05 9.99098E-05 9.99098E-05 0.488764 9.99098E-05 0.0429089
9.99008E-05 9.99008E-05 9.99008E-05 0.305702 9.99008E-05 0.583378 9.99008E-05 9.99008E-05 9.99008E-05 0.00841111 9.99008E-05 9.99008E-05 0.0908041 9.99008E-05 0.00914532 0.00146126 9.99008E-05
0.14079 9.99009E-05 9.99009E-05 0.134663 0.174757 0.169414 9.99009E-05 9.99009E-05 0.222367 9.99009E-05 9.99009E-05 9.99009E-05 9.99009E-05 9.99009E-05 0.156911 9.99009E-05 9.99009E-05
0.0514452 0.0383459 9.99189E-05 9.99189E-05 0.0884063 0.137421 9.99189E-05 9.99189E-05 0.00291392 9.99189E-05 9.99189E-05 9.99189E-05 0.17299 9.99189E-05 0.169843 9.99189E-05 0.337735
9.99007E-05 9.99007E-05 0.0591616 0.125773 9.99007E-05 0.145835 9.99007E-05 9.99007E-05 0.516082 9.99007E-05 9.99007E-05 9.99007E-05 9.99007E-05 0.035612 9.99007E-05 0.116437 9.99007E-05
9.99009E-05 9.99009E-05 9.99009E-05 9.99009E-05 0.173278 9.99009E-05 9.99009E-05 0.361535 9.99009E-05 9.99009E-05 0.0110479 9.99009E-05 0.00890016 9.99009E-05 0.184944 9.99009E-05 0.259195
0.00180618 9.99099E-05 9.99099E-05 9.99099E-05 0.0305316 9.99099E-05 9.99099E-05 0.0884502 0.272967 9.99099E-05 9.99099E-05 0.0734333 0.40308 9.99099E-05 9.99099E-05 9.99099E-05 0.128733
9.99189E-05 0.0312188 9.99189E-05 0.0869306 9.99189E-05 0.110764 0.0582881 9.99189E-05 9.99189E-05 9.99189E-05 0.217829 9.99189E-05 9.99189E-05 9.99189E-05 0.000273282 0.0585523 0.435245
0.0451741 9.99099E-05 0.00968917 0.0963466 9.99099E-05 0.473906 9.99099E-05 9.99099E-05 0.124687 9.99099E-05 9.99099E-05 9.99099E-05 0.00216792 9.99099E-05 0.24703 9.99099E-05 9.99099E-05
9.98829E-05 9.98829E-05 9.98829E-05 9.98829E-05 0.123662 9.98829E-05 9.98829E-05 0.42666 0.102569 9.98829E-05 9.98829E-05 9.98829E-05 0.345811 9.98829E-05 9.98829E-05 9.98829E-05 9.98829E-05
9.99188E-05 0.0311219 9.99188E-05 0.214921 9.99188E-05 0.322596 9.99188E-05 9.99188E-05 0.156561 0.0141951 9.99188E-05 9.99188E-05 9.99188E-05 0.0102937 0.00202748 0.247384 9.99188E-05
9.99009E-05 9.99009E-05 9.99009E-05 0.19606 9.99009E-05 0.593803 9.99009E-05 9.99009E-05 9.99009E-05 9.99009E-05 9.99009E-05 0.00572885 0.0655465 9.99009E-05 0.135285 9.99009E-05 0.00247775
9.98917E-05 9.98917E-05 9.98917E-05 0.366437 0.0947687 0.274736 9.98917E-05 0.0552569 9.98917E-05 9.98917E-05 9.98917E-05 9.98917E-05 9.98917E-05 9.98917E-05 0.207603 9.98917E-05 9.98917E-05
9.99189E-05 9.99189E-05 9.99189E-05 0.0690127 0.0697371 0.0527487 9.99189E-05 9.99189E-05 9.99189E-05 9.99189E-05 0.0501184 0.140393 0.255268 9.99189E-05 0.139399 9.99189E-05 0.222424
0.018134 0.0123941 9.98918E-05 9.98918E-05 9.98918E-05 9.98918E-05 0.205866 0.0731599 9.98918E-05 9.98918E-05 9.98918E-05 9.98918E-05 9.98918E-05 0.689248 9.98918E-05 9.98918E-05 9.98918E-05
9.98738E-05 9.98738E-05 9.98738E-05 9.98738E-05 9.98738E-05 9.98738E-05 0.218851 9.98738E-05 9.98738E-05 9.98738E-05 9.98738E-05 9.98738E-05 9.98738E-05 0.741917 9.98738E-05 9.98738E-05 0.037834
9.98737E-05 9.98737E-05 9.98737E-05 9.98737E-05 9.98737E-05 9.98737E-05 0.00938527 9.98737E-05 9.98737E-05 9.98737E-05 9.98737E-05 9.98737E-05 9.98737E-05 0.825743 0.163474 9.98737E-05 9.98737E-05
0.00298851 0.0199635 9.99009E-05 9.99009E-05 9.99009E-05 9.99009E-05 0.0537979 9.99009E-05 9.99009E-05 9.99009E-05 9.99009E-05 0.23891 9.99009E-05 0.602373 9.99009E-05 9.99009E-05 0.0808676
0.0250953 0.000266924 9.99008E-05 9.99008E-05 9.99008E-05 9.99008E-05 9.99008E-05 0.0385973 9.99008E-05 9.99008E-05 9.99008E-05 9.99008E-05 0.0384984 0.700172 9.99008E-05 9.99008E-05 0.196271
0.0290565 0.0184608 9.99188E-05 0.0301848 9.99188E-05 0.214299 9.99188E-05 9.99188E-05 0.0639429 0.188821 9.99188E-05 9.99188E-05 9.99188E-05 0.449076 0.0052599 9.99188E-05 9.99188E-05
0.28927 0.100695 9.99098E-05 9.99098E-05 0.0113644 9.99098E-05 9.99098E-05 0.0841976 9.99098E-05 9.99098E-05 9.99098E-05 9.99098E-05 0.139047 0.321539 9.99098E-05 9.99098E-05 0.0528874
9.99009E-05 0.0605779 0.0301866 0.0844116 9.99009E-05 9.99009E-05 9.99009E-05 9.99009E-05 9.99009E-05 0.222124 9.99009E-05 9.99009E-05 9.99009E-05 0.242336 9.99009E-05 0.359265 9.99009E-05
0.308737 9.98737E-05 9.98737E-05 9.98737E-05 9.98737E-05 9.98737E-05 0.555886 9.98737E-05 9.98737E-05 9.98737E-05 9.98737E-05 9.98737E-05 9.98737E-05 0.133979 9.98737E-05 9.98737E-05 9.98737E-05
9.98918E-05 9.98918E-05 9.98918E-05 9.98918E-05 9.98918E-05 9.98918E-05 9.98918E-05 9.98918E-05 9.98918E-05 0.00830228 0.0237346 9.98918E-05 9.98918E-05 0.816294 0.144936 0.00553421 9.98918E-05
9.98739E-05 9.98739E-05 9.98739E-05 9.98739E-05 9.98739E-05 9.98739E-05 0.0124747 9.98739E-05 9.98739E-05 9.98739E-05 9.98739E-05 9.98739E-05 9.98739E-05 0.837507 9.98739E-05 9.98739E-05 0.14862
9.99101E-05 9.99101E-05 0.0141659 0.0563637 9.99101E-05 0.0831866 9.99101E-05 9.99101E-05 9.99101E-05 0.0641526 9.99101E-05 0.115564 9.99101E-05 0.570059 9.99101E-05 0.0955093 9.99101E-05
0.235916 0.0999592 9.99008E-05 9.99008E-05 9.99008E-05 9.99008E-05 9.99008E-05 9.99008E-05 9.99008E-05 0.228159 0.121609 9.99008E-05 9.99008E-05 0.156539 0.156719 9.99008E-05 9.99008E-05
9.99007E-05 9.99007E-05 0.0527966 0.108111 9.99007E-05 0.0377623 9.99007E-05 9.99007E-05 9.99007E-05 0.0981645 9.99007E-05 9.99007E-05 9.99007E-05 0.594015 9.99007E-05 0.108052 9.99007E-05
0.0287652 9.99008E-05 9.99008E-05 0.090818 9.99008E-05 0.0850064 9.99008E-05 9.99008E-05 9.99008E-05 0.0681149 9.99008E-05 9.99008E-05 9.99008E-05 0.617958 0.108239 9.99008E-05 9.99008E-05
9.98649E-05 9.98649E-05 9.98649E-05 9.98649E-05 9.98649E-05 9.98649E-05 9.98649E-05 9.98649E-05 9.98649E-05 9.98649E-05 9.98649E-05 9.98649E-05 9.98649E-05 0.815642 9.98649E-05 9.98649E-05 0.18286
9.99009E-05 0.0270253 9.99009E-05 9.99009E-05 9.99009E-05 9.99009E-05 0.0421276 0.106241 9.99009E-05 9.99009E-05 9.99009E-05 9.99009E-05 0.0913263 0.717413 9.99009E-05 9.99009E-05 0.0147674
9.98739E-05 9.98739E-05 9.98739E-05 9.98739E-05 9.98739E-05 9.98739E-05 0.052124 0.278794 9.98739E-05 9.98739E-05 9.98739E-05 9.98739E-05 9.98739E-05 0.667684 9.98739E-05 9.98739E-05 9.98739E-05
9.98829E-05 0.0271628 9.98829E-05 9.98829E-05 9.98829E-05 9.98829E-05 9.98829E-05 9.98829E-05 9.98829E-05 9.98829E-05 9.98829E-05 0.221793 0.0733226 0.676423 9.98829E-05 9.98829E-05 9.98829E-05
9.98737E-05 0.477671 9.98737E-05 9.98737E-05 9.98737E-05 9.98737E-05 9.98737E-05 9.98737E-05 9.98737E-05 0.337248 9.98737E-05 9.98737E-05 9.98737E-05 9.98737E-05 0.183682 9.98737E-05 9.98737E-05
9.99099E-05 0.0191611 9.99099E-05 9.99099E-05 9.99099E-05 9.99099E-05 0.0620717 9.99099E-05 9.99099E-05 0.773012 0.057712 9.99099E-05 0.0203845 9.99099E-05 0.00489255 0.0617666 9.99099E-05
0.0352564 9.99009E-05 0.186091 0.0918259 9.99009E-05 9.99009E-05 9.99009E-05 9.99009E-05 9.99009E-05 0.606451 9.99009E-05 9.99009E-05 9.99009E-05 0.0270241 9.99009E-05 0.052253 9.99009E-05
0.0241534 0.251271 9.99009E-05 9.99009E-05 9.99009E-05 9.99009E-05 0.144797 9.99009E-05 9.99009E-05 0.250171 9.99009E-05 0.281765 9.99009E-05 9.99009E-05 9.99009E-05 0.0467437 9.99009E-05
9.98827E-05 0.170726 9.98827E-05 9.98827E-05 9.98827E-05 9.98827E-05 9.98827E-05 9.98827E-05 9.98827E-05 0.405021 9.98827E-05 9.98827E-05 9.98827E-05 0.232685 0.19027 9.98827E-05 9.98827E-05
9.99008E-05 9.99008E-05 9.99008E-05 9.99008E-05 0.0245415 9.99008E-05 9.99008E-05 0.11123 0.117774 0.654599 0.0273472 9.99008E-05 9.99008E-05 0.0634092 9.99008E-05 9.99008E-05 9.99008E-05
0.438378 0.197981 9.98829E-05 9.98829E-05 9.98829E-05 9.98829E-05 9.98829E-05 9.98829E-05 9.98829E-05 9.98829E-05 9.98829E-05 0.147558 0.214784 9.98829E-05 9.98829E-05 9.98829E-05 9.98829E-05
9.99009E-05 0.575561 9.99009E-05 9.99009E-05 0.202715 9.99009E-05 9.99009E-05 0.00708414 9.99009E-05 0.119952 9.99009E-05 9.99009E-05 0.0244583 9.99009E-05 9.99009E-05 9.99009E-05 0.0691305
9.99008E-05 9.99008E-05 0.0341626 0.0287488 9.99008E-05 0.159142 9.99008E-05 9.99008E-05 0.0146311 0.603424 9.99008E-05 9.99008E-05 9.99008E-05 0.158792 9.99008E-05 9.99008E-05 9.99008E-05
9.98737E-05 0.377522 9.98737E-05 9.98737E-05 9.98737E-05 9.98737E-05 9.98737E-05 9.98737E-05 9.98737E-05 0.457494 9.98737E-05 9.98737E-05 9.98737E-05 9.98737E-05 0.163587 9.98737E-05 9.98737E-05
9.98739E-05 9.98739E-05 9.98739E-05 0.0139471 9.98739E-05 9.98739E-05 9.98739E-05 9.98739E-05 9.98739E-05 0.417993 9.98739E-05 9.98739E-05 9.98739E-05 9.98739E-05 9.98739E-05 0.566661 9.98739E-05
0.0189846 0.406395 9.9901E-05 9.9901E-05 0.244864 9.9901E-05 9.9901E-05 0.00554404 9.9901E-05 0.319483 9.9901E-05 0.00363118 9.9901E-05 9.9901E-05 9.9901E-05 9.9901E-05 9.9901E-05
9.98828E-05 0.0872164 9.98828E-05 9.98828E-05 9.98828E-05 9.98828E-05 0.137027 9.98828E-05 9.98828E-05 0.671779 9.98828E-05 9.98828E-05 9.98828E-05 9.98828E-05 9.98828E-05 0.102679 9.98828E-05
9.98829E-05 0.0581792 9.98829E-05 9.98829E-05 9.98829E-05 9.98829E-05 0.490855 9.98829E-05 9.98829E-05 0.386428 9.98829E-05 9.98829E-05 9.98829E-05 9.98829E-05 9.98829E-05 9.98829E-05 0.0632395
0.146044 0.334261 9.99098E-05 9.99098E-05 9.99098E-05 9.99098E-05 9.99098E-05 0.258114 0.021784 0.0562377 9.99098E-05 9.99098E-05 9.99098E-05 0.0909547 9.99098E-05 9.99098E-05 0.0916051
0.0736819 0.171043 9.99009E-05 9.99009E-05 0.137211 9.99009E-05 9.99009E-05 0.225976 9.99009E-05 0.287917 9.99009E-05 9.99009E-05 9.99009E-05 9.99009E-05 9.99009E-05 9.99009E-05 0.103072
0.126312 0.174777 9.99099E-05 9.99099E-05 9.99099E-05 9.99099E-05 0.159099 9.99099E-05 9.99099E-05 0.132096 9.99099E-05 0.361804 0.0444847 0.000429163 9.99099E-05 9.99099E-05 9.99099E-05
0.214752 9.98829E-05 9.98829E-05 9.98829E-05 9.98829E-05 9.98829E-05 9.98829E-05 9.98829E-05 9.98829E-05 9.98829E-05 9.98829E-05 0.429645 0.0252425 0.329062 9.98829E-05 9.98829E-05 9.98829E-05
9.98827E-05 0.296045 9.98827E-05 9.98827E-05 9.98827E-05 9.98827E-05 9.98827E-05 9.98827E-05 9.98827E-05 0.518329 0.0484321 9.98827E-05 9.98827E-05 9.98827E-05 0.135895 9.98827E-05 9.98827E-05
0.255157 0.0704515 9.99008E-05 9.99008E-05 9.99008E-05 9.99008E-05 0.338418 9.99008E-05 9.99008E-05 0.313825 9.99008E-05 9.99008E-05 9.99008E-05 9.99008E-05 9.99008E-05 0.00367508 0.0173746
0.0488643 9.99008E-05 9.99008E-05 9.99008E-05 0.00757021 9.99008E-05 9.99008E-05 9.99008E-05 9.99008E-05 0.784573 0.0543978 9.99008E-05 9.99008E-05 9.99008E-05 0.0717569 0.0317388 9.99008E-05
9.98737E-05 0.647363 9.98737E-05 9.98737E-05 9.98737E-05 9.98737E-05 0.206922 9.98737E-05 9.98737E-05 0.144317 9.98737E-05 9.98737E-05 9.98737E-05 9.98737E-05 9.98737E-05 9.98737E-05 9.98737E-05
0.0573507 0.584806 9.99188E-05 9.99188E-05 0.0110893 9.99188E-05 9.99188E-05 0.00861415 9.99188E-05 0.134203 9.99188E-05 9.99188E-05 9.99188E-05 0.032523 0.165305 9.99188E-05 0.0052098
0.0250553 0.3904 9.99098E-05 9.99098E-05 0.174883 9.99098E-05 9.99098E-05 0.0688467 9.99098E-05 0.310843 9.99098E-05 9.99098E-05 0.0197294 9.99098E-05 0.00924378 9.99098E-05 9.99098E-05
0.217405 0.18724 0.0192445 9.99009E-05 9.99009E-05 0.123075 9.99009E-05 9.99009E-05 9.99009E-05 0.234675 0.217261 9.99009E-05 9.99009E-05 9.99009E-05 9.99009E-05 9.99009E-05 9.99009E-05
9.98739E-05 0.631293 9.98739E-05 9.98739E-05 9.98739E-05 9.98739E-05 9.98739E-05 9.98739E-05 9.98739E-05 9.98739E-05 9.98739E-05 0.327283 9.98739E-05 0.0400255 9.98739E-05 9.98739E-05 9.98739E-05
0.0649335 0.278839 0.0549332 0.305092 9.99008E-05 0.112157 9.99008E-05 9.99008E-05 9.99008E-05 0.182946 9.99008E-05 9.99008E-05 9.99008E-05 9.99008E-05 9.99008E-05 9.99008E-05 9.99008E-05
0.260282 0.240488 9.99098E-05 9.99098E-05 9.99098E-05 9.99098E-05 9.99098E-05 0.108283 9.99098E-05 0.0121693 9.99098E-05 9.99098E-05 9.99098E-05 0.0987858 0.0960826 9.99098E-05 0.18291
9.9874E-05 0.848665 9.9874E-05 9.9874E-05 0.0715026 9.9874E-05 0.0784338 9.9874E-05 9.9874E-05 9.9874E-05 9.9874E-05 9.9874E-05 9.9874E-05 9.9874E-05 9.9874E-05 9.9874E-05 9.9874E-05
9.9892E-05 0.722307 9.9892E-05 0.0192141 9.9892E-05 9.9892E-05 0.115319 0.121081 0.0208807 9.9892E-05 9.9892E-05 9.9892E-05 9.9892E-05 9.9892E-05 9.9892E-05 9.9892E-05 9.9892E-05
0.594473 0.189596 9.99007E-05 0.0208965 9.99007E-05 9.99007E-05 9.99007E-05 9.99007E-05 9.99007E-05 9.99007E-05 0.0215161 9.99007E-05 9.99007E-05 0.0342428 0.138177 9.99007E-05 9.99007E-05
0.287619 0.110816 9.98918E-05 9.98918E-05 9.98918E-05 9.98918E-05 9.98918E-05 9.98918E-05 9.98918E-05 0.0871099 9.98918E-05 9.98918E-05 9.98918E-05 0.228277 0.284979 9.98918E-05 9.98918E-05
0.300098 9.99008E-05 0.0488811 9.99008E-05 9.99008E-05 9.99008E-05 9.99008E-05 9.99008E-05 9.99008E-05 0.183569 0.0363437 9.99008E-05 9.99008E-05 0.116433 9.99008E-05 0.313577 9.99008E-05
9.98828E-05 0.24839 0.0500914 0.379968 9.98828E-05 9.98828E-05 9.98828E-05 9.98828E-05 9.98828E-05 0.320252 9.98828E-05 9.98828E-05 9.98828E-05 9.98828E-05 9.98828E-05 9.98828E-05 9.98828E-05
0.0190368 9.99009E-05 9.99009E-05 9.99009E-05 0.0737948 9.99009E-05 0.00110016 9.99009E-05 9.99009E-05 9.99009E-05 9.99009E-05 0.20037 0.0633102 0.641289 9.99009E-05 9.99009E-05 9.99009E-05
9.99097E-05 0.413073 0.0397226 0.0530339 9.99097E-05 0.150895 9.99097E-05 9.99097E-05 9.99097E-05 0.295758 0.0429883 9.99097E-05 9.99097E-05 9.99097E-05 9.99097E-05 0.00353093 9.99097E-05
0.23831 0.673668 9.99008E-05 9.99008E-05 9.99008E-05 9.99008E-05 0.00141041 0.0114878 9.99008E-05 9.99008E-05 0.0373692 9.99008E-05 9.99008E-05 9.99008E-05 0.0366558 9.99008E-05 9.99008E-05
0.402992 0.119139 9.99099E-05 9.99099E-05 9.99099E-05 9.99099E-05 9.99099E-05 0.00849133 0.0157257 9.99099E-05 9.99099E-05 9.99099E-05 0.126574 0.11551 9.99099E-05 9.99099E-05 0.210568
9.98917E-05 9.98917E-05 9.98917E-05 0.104832 9.98917E-05 0.0614917 9.98917E-05 9.98917E-05 9.98917E-05 0.0836671 9.98917E-05 9.98917E-05 9.98917E-05 0.709444 9.98917E-05 0.0393665 9.98917E-05
9.98919E-05 9.98919E-05 0.0841067 0.265352 9.98919E-05 9.98919E-05 9.98919E-05 9.98919E-05 9.98919E-05 0.265898 9.98919E-05 9.98919E-05 9.98919E-05 0.205714 9.98919E-05 0.177731 9.98919E-05
9.98827E-05 9.98827E-05 9.98827E-05 0.0191723 9.98827E-05 0.150167 9.98827E-05 9.98827E-05 9.98827E-05 0.146498 9.98827E-05 9.98827E-05 9.98827E-05 0.682864 9.98827E-05 9.98827E-05 9.98827E-05
0.251658 0.0963394 9.99098E-05 9.99098E-05 9.99098E-05 9.99098E-05 9.99098E-05 9.99098E-05 9.99098E-05 0.0571378 0.00601352 9.99098E-05 9.99098E-05 0.294978 0.243305 0.0495698 9.99098E-05
0.0469933 0.0750836 9.98919E-05 9.98919E-05 9.98919E-05 9.98919E-05 9.98919E-05 9.98919E-05 9.98919E-05 0.185087 9.98919E-05 9.98919E-05 9.98919E-05 0.154119 9.98919E-05 0.537518 9.98919E-05
9.98919E-05 0.356815 9.98919E-05 9.98919E-05 9.98919E-05 9.98919E-05 9.98919E-05 9.98919E-05 9.98919E-05 0.121136 9.98919E-05 0.0600542 9.98919E-05 0.191646 9.98919E-05 9.98919E-05 0.26915
9.98828E-05 0.391147 9.98828E-05 9.98828E-05 9.98828E-05 9.98828E-05 0.068684 9.98828E-05 9.98828E-05 0.374415 9.98828E-05 9.98828E-05 9.98828E-05 9.98828E-05 9.98828E-05 9.98828E-05 0.164456
0.0624063 0.0326155 9.99009E-05 9.99009E-05 9.99009E-05 9.99009E-05 0.166086 9.99009E-05 9.99009E-05 0.39198 9.99009E-05 9.99009E-05 9.99009E-05 0.0559934 9.99009E-05 9.99009E-05 0.28982
9.99008E-05 0.281912 0.0930277 0.0884658 9.99008E-05 0.0527919 9.99008E-05 9.99008E-05 9.99008E-05 0.465575 9.99008E-05 9.99008E-05 9.99008E-05 9.99008E-05 9.99008E-05 0.0171284 9.99008E-05
9.98917E-05 0.520623 9.98917E-05 9.98917E-05 9.98917E-05 9.98917E-05 0.29537 9.98917E-05 9.98917E-05 0.104363 9.98917E-05 9.98917E-05 9.98917E-05 0.0616964 0.0167499 9.98917E-05 9.98917E-05
0.0571517 0.815306 9.98919E-05 9.98919E-05 9.98919E-05 9.98919E-05 9.98919E-05 9.98919E-05 9.98919E-05 9.98919E-05 9.98919E-05 0.00435284 0.0249006 9.98919E-05 9.98919E-05 9.98919E-05 0.0970902
0.564707 9.99007E-05 0.00624546 0.0450171 9.99007E-05 0.189064 9.99007E-05 9.99007E-05 9.99007E-05 0.0111613 9.99007E-05 9.99007E-05 9.99007E-05 0.182707 9.99007E-05 9.99007E-05 9.99007E-05
0.270224 9.98737E-05 9.98737E-05 0.225031 9.98737E-05 9.98737E-05 9.98737E-05 9.98737E-05 9.98737E-05 0.503346 9.98737E-05 9.98737E-05 9.98737E-05 9.98737E-05 9.98737E-05 9.98737E-05 9.98737E-05
0.708414 9.98738E-05 9.98738E-05 9.98738E-05 0.152695 9.98738E-05 9.98738E-05 9.98738E-05 9.98738E-05 9.98738E-05 9.98738E-05 9.98738E-05 9.98738E-05 0.137493 9.98738E-05 9.98738E-05 9.98738E-05
0.44941 9.98917E-05 9.98917E-05 0.213573 9.98917E-05 0.0090443 9.98917E-05 9.98917E-05 0.00194399 0.32483 9.98917E-05 9.98917E-05 9.98917E-05 9.98917E-05 9.98917E-05 9.98917E-05 9.98917E-05
0.533921 9.98737E-05 9.98737E-05 0.224146 9.98737E-05 9.98737E-05 9.98737E-05 9.98737E-05 9.98737E-05 0.240534 9.98737E-05 9.98737E-05 9.98737E-05 9.98737E-05 9.98737E-05 9.98737E-05 9.98737E-05
0.73479 9.98918E-05 9.98918E-05 9.98918E-05 0.0972627 9.98918E-05 0.0702481 9.98918E-05 9.98918E-05 9.98918E-05 9.98918E-05 0.00200044 0.0944996 9.98918E-05 9.98918E-05 9.98918E-05 9.98918E-05
0.316397 0.197794 9.99098E-05 0.0738674 0.0761992 0.0277229 9.99098E-05 9.99098E-05 9.99098E-05 0.266931 9.99098E-05 9.99098E-05 9.99098E-05 9.99098E-05 0.0400892 9.99098E-05 9.99098E-05
0.664337 9.98828E-05 9.98828E-05 9.98828E-05 9.98828E-05 0.0331524 9.98828E-05 9.98828E-05 9.98828E-05 0.225275 9.98828E-05 9.98828E-05 9.98828E-05 9.98828E-05 0.0759375 9.98828E-05 9.98828E-05
9.98829E-05 9.98829E-05 0.0510678 9.98829E-05 9.98829E-05 9.98829E-05 9.98829E-05 9.98829E-05 9.98829E-05 0.00342508 0.609921 9.98829E-05 9.98829E-05 9.98829E-05 9.98829E-05 0.334287 9.98829E-05
9.9919E-05 9.9919E-05 9.9919E-05 0.0440547 0.0318836 9.9919E-05 0.000295991 9.9919E-05 9.9919E-05 0.11243 0.554072 9.9919E-05 9.9919E-05 0.0136661 0.0803126 0.162385 9.9919E-05
9.98919E-05 9.98919E-05 9.98919E-05 9.98919E-05 9.98919E-05 9.98919E-05 0.126144 9.98919E-05 9.98919E-05 0.00449426 0.720118 0.13602 9.98919E-05 9.98919E-05 9.98919E-05 0.0120245 9.98919E-05
0.0441667 9.9883E-05 9.9883E-05 9.9883E-05 0.40981 9.9883E-05 9.9883E-05 9.9883E-05 0.0522514 9.9883E-05 0.492474 9.9883E-05 9.9883E-05 9.9883E-05 9.9883E-05 9.9883E-05 9.9883E-05
9.98828E-05 9.98828E-05 0.153066 9.98828E-05 9.98828E-05 9.98828E-05 9.98828E-05 0.00819561 9.98828E-05 9.98828E-05 0.646492 9.98828E-05 9.98828E-05 9.98828E-05 9.98828E-05 0.190948 9.98828E-05
0.0828683 9.99188E-05 9.99188E-05 9.99188E-05 0.24495 0.325242 9.99188E-05 9.99188E-05 9.99188E-05 9.99188E-05 0.144252 0.0306476 0.00726981 9.99188E-05 0.121181 9.99188E-05 0.0426905
9.98828E-05 9.98828E-05 9.98828E-05 0.385448 9.98828E-05 0.121341 9.98828E-05 9.98828E-05 0.0153895 9.98828E-05 0.476524 9.98828E-05 9.98828E-05 9.98828E-05 9.98828E-05 9.98828E-05 9.98828E-05
9.98648E-05 9.98648E-05 9.98648E-05 9.98648E-05 9.98648E-05 9.98648E-05 9.98648E-05 9.98648E-05 9.98648E-05 9.98648E-05 0.736613 9.98648E-05 9.98648E-05 9.98648E-05 9.98648E-05 0.261889 9.98648E-05
0.0155011 9.98829E-05 9.98829E-05 9.98829E-05 9.98829E-05 9.98829E-05 9.98829E-05 9.98829E-05 9.98829E-05 9.98829E-05 0.662223 9.98829E-05 9.98829E-05 0.0221786 0.298799 9.98829E-05 9.98829E-05
9.98917E-05 0.0366619 9.98917E-05 9.98917E-05 9.98917E-05 9.98917E-05 0.343913 0.0974794 9.98917E-05 9.98917E-05 0.400607 9.98917E-05 0.120141 9.98917E-05 9.98917E-05 9.98917E-05 9.98917E-05
9.98829E-05 9.98829E-05 0.195056 9.98829E-05 9.98829E-05 9.98829E-05 9.98829E-05 9.98829E-05 9.98829E-05 0.031989 0.242067 9.98829E-05 9.98829E-05 9.98829E-05 9.98829E-05 0.52959 9.98829E-05
9.99008E-05 9.99008E-05 0.0175504 0.0372202 9.99008E-05 9.99008E-05 0.101174 0.368988 9.99008E-05 9.99008E-05 0.400117 9.99008E-05 0.0738513 9.99008E-05 9.99008E-05 9.99008E-05 9.99008E-05
9.98739E-05 9.98739E-05 9.98739E-05 9.98739E-05 9.98739E-05 0.160184 9.98739E-05 9.98739E-05 9.98739E-05 9.98739E-05 0.77568 9.98739E-05 9.98739E-05 9.98739E-05 9.98739E-05 0.0627382 9.98739E-05
0.0235098 0.0272766 9.99101E-05 9.99101E-05 0.0301449 0.0942135 9.99101E-05 0.114983 9.99101E-05 9.99101E-05 0.501206 9.99101E-05 9.99101E-05 9.99101E-05 0.168421 9.99101E-05 0.0393455
9.98918E-05 9.98918E-05 9.98918E-05 9.98918E-05 9.98918E-05 9.98918E-05 0.180934 9.98918E-05 9.98918E-05 9.98918E-05 0.485527 9.98918E-05 9.98918E-05 0.0179443 0.268811 0.045585 9.98918E-05
9.99099E-05 9.99099E-05 9.99099E-05 0.0936598 9.99099E-05 0.433416 9.99099E-05 0.00272908 9.99099E-05 9.99099E-05 0.30814 9.99099E-05 0.0473027 0.0324517 0.0813019 9.99099E-05 9.99099E-05
0.00987522 0.0627924 9.99007E-05 9.99007E-05 0.152025 9.99007E-05 9.99007E-05 9.99007E-05 9.99007E-05 9.99007E-05 0.433526 9.99007E-05 0.11238 9.99007E-05 9.99007E-05 9.99007E-05 0.228303
9.99008E-05 9.99008E-05 9.99008E-05 0.00176196 9.99008E-05 9.99008E-05 0.0182558 9.99008E-05 9.99008E-05 9.99008E-05 0.344221 0.588639 0.0367595 9.99008E-05 9.99008E-05 9.99008E-05 0.00926384
9.99009E-05 0.013465 0.0250083 9.99009E-05 9.99009E-05 9.99009E-05 9.99009E-05 9.99009E-05 9.99009E-05 0.0827064 0.530946 9.99009E-05 9.99009E-05 0.0774435 0.269332 9.99009E-05 9.99009E-05
9.98829E-05 9.98829E-05 9.98829E-05 0.0449044 9.98829E-05 0.213451 9.98829E-05 9.98829E-05 9.98829E-05 0.00323164 0.737114 9.98829E-05 9.98829E-05 9.98829E-05 9.98829E-05 9.98829E-05 9.98829E-05
9.99008E-05 9.99008E-05 9.99008E-05 9.99008E-05 0.0310452 9.99008E-05 0.281486 0.0157283 9.99008E-05 9.99008E-05 0.542134 9.99008E-05 9.99008E-05 0.0188192 0.109688 9.99008E-05 9.99008E-05
9.98828E-05 9.98828E-05 9.98828E-05 9.98828E-05 9.98828E-05 9.98828E-05 0.311822 9.98828E-05 9.98828E-05 9.98828E-05 0.502326 0.0150717 9.98828E-05 9.98828E-05 9.98828E-05 9.98828E-05 0.169483
9.99008E-05 0.0144423 0.0408739 9.99008E-05 0.335113 0.212305 0.299508 9.99008E-05 9.99008E-05 9.99008E-05 9.99008E-05 9.99008E-05 0.0966592 9.99008E-05 9.99008E-05 9.99008E-05 9.99008E-05
0.0373952 9.99097E-05 0.472167 0.0492985 0.00899047 0.077353 9.99097E-05 9.99097E-05 0.280481 9.99097E-05 9.99097E-05 9.99097E-05 0.0733161 9.99097E-05 9.99097E-05 9.99097E-05 9.99097E-05
9.99098E-05 0.0135959 0.0283546 9.99098E-05 0.128588 0.173422 9.99098E-05 9.99098E-05 9.99098E-05 9.99098E-05 9.99098E-05 0.54769 0.00103115 9.99098E-05 9.99098E-05 9.99098E-05 0.106319
9.98919E-05 9.98919E-05 0.0366624 9.98919E-05 9.98919E-05 0.771876 0.0720649 9.98919E-05 9.98919E-05 9.98919E-05 9.98919E-05 9.98919E-05 9.98919E-05 0.00565322 0.112545 9.98919E-05 9.98919E-05
9.98918E-05 9.98918E-05 0.842702 0.0159522 9.98918E-05 9.98918E-05 9.98918E-05 9.98918E-05 9.98918E-05 0.0221701 0.00593498 9.98918E-05 9.98918E-05 9.98918E-05 9.98918E-05 0.112042 9.98918E-05
9.99098E-05 9.99098E-05 9.99098E-05 9.99098E-05 0.012914 0.0697444 9.99098E-05 0.294831 9.99098E-05 9.99098E-05 9.99098E-05 0.0452478 0.16928 9.99098E-05 0.0597034 9.99098E-05 0.347281
9.98918E-05 9.98918E-05 0.642511 9.98918E-05 9.98918E-05 9.98918E-05 0.0752603 0.138443 9.98918E-05 9.98918E-05 9.98918E-05 9.98918E-05 0.0897787 9.98918E-05 9.98918E-05 9.98918E-05 0.0528082
0.0243039 0.073257 0.0140883 0.0640523 0.184014 0.254925 9.99278E-05 9.99278E-05 9.99278E-05 0.0142518 9.99278E-05 9.99278E-05 9.99278E-05 9.99278E-05 0.260026 9.99278E-05 0.110281
9.98919E-05 9.98919E-05 0.406526 9.98919E-05 9.98919E-05 9.98919E-05 0.0155412 9.98919E-05 0.17107 9.98919E-05 9.98919E-05 0.00630894 9.98919E-05 9.98919E-05 9.98919E-05 9.98919E-05 0.399355
9.98829E-05 9.98829E-05 0.448832 0.191497 9.98829E-05 0.329075 9.98829E-05 9.98829E-05 9.98829E-05 9.98829E-05 9.98829E-05 9.98829E-05 9.98829E-05 9.98829E-05 9.98829E-05 9.98829E-05 0.0292985
9.99188E-05 0.0486573 0.0674247 9.99188E-05 0.202277 9.99188E-05 0.0867499 0.187674 0.0284754 9.99188E-05 9.99188E-05 9.99188E-05 9.99188E-05 9.99188E-05 0.0806244 9.99188E-05 0.297218
0.0275601 9.99099E-05 0.364736 9.99099E-05 9.99099E-05 9.99099E-05 0.0288912 9.99099E-05 0.0975696 9.99099E-05 9.99099E-05 0.382889 0.0630333 9.99099E-05 9.99099E-05 9.99099E-05 0.034322
9.98829E-05 9.98829E-05 0.79708 0.119514 9.98829E-05 9.98829E-05 9.98829E-05 9.98829E-05 9.98829E-05 9.98829E-05 0.0143223 9.98829E-05 9.98829E-05 9.98829E-05 9.98829E-05 0.067785 9.98829E-05
9.99099E-05 9.99099E-05 9.99099E-05 9.99099E-05 0.347501 0.0743984 0.014408 0.189394 9.99099E-05 9.99099E-05 9.99099E-05 0.0275303 0.245964 9.99099E-05 9.99099E-05 9.99099E-05 0.0998045
9.98918E-05 0.0545174 0.285582 9.98918E-05 9.98918E-05 9.98918E-05 9.98918E-05 9.98918E-05 0.0771569 9.98918E-05 9.98918E-05 9.98918E-05 0.156058 9.98918E-05 9.98918E-05 9.98918E-05 0.425487
9.99008E-05 9.99008E-05 9.99008E-05 0.0397028 9.99008E-05 0.177619 9.99008E-05 0.0647307 9.99008E-05 9.99008E-05 9.99008E-05 0.0267682 0.125266 9.99008E-05 9.99008E-05 9.99008E-05 0.564814
9.98739E-05 9.98739E-05 0.79853 9.98739E-05 9.98739E-05 9.98739E-05 9.98739E-05 9.98739E-05 0.0138601 9.98739E-05 9.98739E-05 9.98739E-05 9.98739E-05 9.98739E-05 9.98739E-05 0.186212 9.98739E-05
9.98828E-05 0.000997367 0.171333 9.98828E-05 0.0877163 9.98828E-05 9.98828E-05 9.98828E-05 9.98828E-05 9.98828E-05 9.98828E-05 9.98828E-05 9.98828E-05 9.98828E-05 9.98828E-05 9.98828E-05 0.738655
9.99008E-05 9.99008E-05 9.99008E-05 9.99008E-05 0.460636 9.99008E-05 0.0835148 0.286345 9.99008E-05 9.99008E-05 9.99008E-05 9.99008E-05 0.00476018 9.99008E-05 0.134258 9.99008E-05 0.0293861
0.0998856 9.99008E-05 0.0503197 9.99008E-05 0.126629 0.526063 9.99008E-05 9.99008E-05 9.99008E-05 9.99008E-05 9.99008E-05 9.99008E-05 9.99008E-05 9.99008E-05 0.182931 9.99008E-05 0.0130738
9.99102E-05 9.99102E-05 9.99102E-05 0.0310654 0.0241246 0.267073 0.343158 9.99102E-05 9.99102E-05 9.99102E-05 9.99102E-05 0.256763 0.0469628 0.0298548 9.99102E-05 9.99102E-05 9.99102E-05
9.99099E-05 9.99099E-05 0.0489967 9.99099E-05 0.037451 0.273848 0.156748 9.99099E-05 9.99099E-05 9.99099E-05 9.99099E-05 0.168613 9.99099E-05 0.00750863 9.99099E-05 9.99099E-05 0.305836
9.98738E-05 9.98738E-05 0.710576 9.98738E-05 9.98738E-05 0.278991 9.98738E-05 9.98738E-05 9.98738E-05 9.98738E-05 9.98738E-05 9.98738E-05 9.98738E-05 9.98738E-05 9.98738E-05 0.00903528 9.98738E-05
0.0129975 9.99368E-05 9.99368E-05 0.0752141 0.108382 0.0809867 9.99368E-05 0.105385 0.170225 0.0363006 9.99368E-05 9.99368E-05 9.99368E-05 0.0264839 0.0260245 9.99368E-05 0.357301
0.0999789 9.98826E-05 0.448223 9.98826E-05 0.130623 9.98826E-05 9.98826E-05 9.98826E-05 9.98826E-05 9.98826E-05 9.98826E-05 9.98826E-05 9.98826E-05 9.98826E-05 0.319877 9.98826E-05 9.98826E-05
9.99099E-05 9.99099E-05 0.127767 9.99099E-05 9.99099E-05 0.280426 9.99099E-05 9.99099E-05 9.99099E-05 0.0476602 0.204683 9.99099E-05 9.99099E-05 0.030833 0.218977 0.0886553 9.99099E-05
0.0125089 0.0263734 9.99368E-05 9.99368E-05 0.0789903 0.00146939 9.99368E-05 0.0100563 0.13899 0.00640368 0.133769 9.99368E-05 9.99368E-05 0.0152863 9.99368E-05 9.99368E-05 0.575453
9.98827E-05 9.98827E-05 9.98827E-05 9.98827E-05 9.98827E-05 9.98827E-05 0.505964 9.98827E-05 0.256158 9.98827E-05 0.0369039 9.98827E-05 9.98827E-05 9.98827E-05 0.199675 9.98827E-05 9.98827E-05
9.9919E-05 0.0111809 0.0885307 0.156648 9.9919E-05 0.00593834 9.9919E-05 9.9919E-05 9.9919E-05 9.9919E-05 9.9919E-05 9.9919E-05 0.0165911 0.0491824 9.9919E-05 0.655696 0.015334
0.0543476 9.99278E-05 0.108213 0.134532 9.99278E-05 0.000448932 9.99278E-05 9.99278E-05 0.0642659 9.99278E-05 0.0788128 9.99278E-05 9.99278E-05 0.0006852 0.553394 0.00450141 9.99278E-05
9.99008E-05 9.99008E-05 9.99008E-05 9.99008E-05 9.99008E-05 0.484423 9.99008E-05 9.99008E-05 0.22658 0.0116136 0.131894 9.99008E-05 9.99008E-05 0.0213051 9.99008E-05 0.123086 9.99008E-05
9.99098E-05 9.99098E-05 0.141113 9.99098E-05 9.99098E-05 0.0778202 0.246739 0.413962 9.99098E-05 9.99098E-05 9.99098E-05 9.99098E-05 9.99098E-05 0.0179255 0.086475 0.0149664 9.99098E-05
9.98738E-05 9.98738E-05 0.121627 9.98738E-05 9.98738E-05 0.601658 9.98738E-05 9.98738E-05 9.98738E-05 9.98738E-05 9.98738E-05 9.98738E-05 9.98738E-05 9.98738E-05 9.98738E-05 0.275317 9.98738E-05
9.99098E-05 9.99098E-05 9.99098E-05 0.0389538 9.99098E-05 0.00829142 9.99098E-05 0.152555 9.99098E-05 9.99098E-05 9.99098E-05 0.132748 0.0503015 9.99098E-05 0.084626 9.99098E-05 0.531525
9.99008E-05 9.99008E-05 0.0619492 9.99008E-05 9.99008E-05 0.585834 0.0140645 9.99008E-05 0.053481 9.99008E-05 9.99008E-05 9.99008E-05 9.99008E-05 9.99008E-05 0.021086 0.262487 9.99008E-05
9.99099E-05 9.99099E-05 0.0740372 9.99099E-05 9.99099E-05 9.99099E-05 0.129551 9.99099E-05 0.283917 9.99099E-05 9.99099E-05 0.35538 9.99099E-05 9.99099E-05 0.0221476 0.101872 0.032097
9.99278E-05 9.99278E-05 9.99278E-05 0.0381793 9.99278E-05 0.00219516 0.1823 9.99278E-05 0.106686 9.99278E-05 0.0491926 0.297817 0.0579516 9.99278E-05 0.00363255 9.99278E-05 0.261246
9.9928E-05 0.0328565 0.0321348 9.9928E-05 0.0531097 9.9928E-05 0.142453 9.9928E-05 0.038894 0.0594633 0.0448939 9.9928E-05 9.9928E-05 0.00594188 0.589453 9.9928E-05 9.9928E-05
9.99101E-05 0.0364894 9.99101E-05 0.0967017 0.103871 0.106838 0.00312012 9.99101E-05 9.99101E-05 9.99101E-05 0.0773257 9.99101E-05 9.99101E-05 9.99101E-05 0.496093 9.99101E-05 0.0786621
9.99189E-05 0.024851 9.99189E-05 9.99189E-05 9.99189E-05 9.99189E-05 0.0279173 9.99189E-05 0.00341776 9.99189E-05 0.0346862 9.99189E-05 0.00690793 0.039794 0.789455 0.0720716 9.99189E-05
9.99098E-05 9.99098E-05 9.99098E-05 9.99098E-05 9.99098E-05 0.17481 0.170914 9.99098E-05 9.99098E-05 9.99098E-05 0.0811003 0.187859 9.99098E-05 9.99098E-05 0.0358523 0.0716167 0.276848
9.99009E-05 9.99009E-05 0.0602297 0.102987 9.99009E-05 0.0459457 9.99009E-05 9.99009E-05 9.99009E-05 9.99009E-05 9.99009E-05 9.99009E-05 0.0114708 9.99009E-05 0.146656 0.631612 9.99009E-05
9.98828E-05 9.98828E-05 0.205883 9.98828E-05 9.98828E-05 9.98828E-05 9.98828E-05 9.98828E-05 0.241701 9.98828E-05 0.00683442 9.98828E-05 9.98828E-05 9.98828E-05 9.98828E-05 0.544284 9.98828E-05
9.98956E-05 9.98956E-05 9.98956E-05 0.237666 9.98956E-05 0.349441 9.98956E-05 9.98956E-05 0.331515 0.0239373 9.98956E-05 9.98956E-05 9.98956E-05 9.98956E-05 0.0562427 9.98956E-05 9.98956E-05
9.98918E-05 9.98918E-05 0.0168087 9.98918E-05 9.98918E-05 0.218378 9.98918E-05 9.98918E-05 0.296998 0.0780442 9.98918E-05 9.98918E-05 9.98918E-05 9.98918E-05 9.98918E-05 0.388573 9.98918E-05
9.98829E-05 9.98829E-05 9.98829E-05 0.0185705 9.98829E-05 9.98829E-05 9.98829E-05 0.0143338 9.98829E-05 9.98829E-05 9.98829E-05 9.98829E-05 0.101654 9.98829E-05 9.98829E-05 0.864144 9.98829E-05
0.0151923 9.99368E-05 0.0483863 0.330077 0.0292856 0.0291166 9.99368E-05 9.99368E-05 0.333722 0.104642 0.0059741 9.99368E-05 9.99368E-05 9.99368E-05 0.100028 9.99368E-05 0.00287692
0.0280371 0.00810711 0.0712763 9.99278E-05 9.99278E-05 0.699882 9.99278E-05 0.0508108 0.00296251 9.99278E-05 9.99278E-05 9.99278E-05 9.99278E-05 9.99278E-05 0.0551674 0.0525979 0.0303591
0.0381251 9.9919E-05 0.00788321 9.9919E-05 0.36839 9.9919E-05 9.9919E-05 9.9919E-05 0.045472 9.9919E-05 9.9919E-05 0.0458818 0.460725 0.0262406 0.00638234 9.9919E-05 9.9919E-05
9.99098E-05 9.99098E-05 9.99098E-05 0.00562918 9.99098E-05 0.0859297 9.99098E-05 9.99098E-05 9.99098E-05 9.99098E-05 9.99098E-05 0.0170725 0.790335 0.0144979 0.00953671 9.99098E-05 0.0760002
0.11122 9.99008E-05 9.99008E-05 0.261924 0.100785 0.28352 9.99008E-05 9.99008E-05 9.99008E-05 9.99008E-05 9.99008E-05 9.99008E-05 0.0896475 9.99008E-05 0.151806 9.99008E-05 9.99008E-05
9.98917E-05 9.98917E-05 9.98917E-05 0.00256667 9.98917E-05 0.0835288 9.98917E-05 0.184374 9.98917E-05 9.98917E-05 9.98917E-05 9.98917E-05 0.589505 9.98917E-05 9.98917E-05 9.98917E-05 0.138827
9.98739E-05 9.98739E-05 9.98739E-05 9.98739E-05 9.98739E-05 9.98739E-05 9.98739E-05 9.98739E-05 9.98739E-05 9.98739E-05 0.0371504 9.98739E-05 0.957364 9.98739E-05 9.98739E-05 0.00408735 9.98739E-05
9.98918E-05 9.98918E-05 9.98918E-05 0.0697884 9.98918E-05 9.98918E-05 9.98918E-05 9.98918E-05 9.98918E-05 9.98918E-05 9.98918E-05 0.438928 0.416551 0.0582419 0.0152921 9.98918E-05 9.98918E-05
9.98919E-05 9.98919E-05 9.98919E-05 9.98919E-05 9.98919E-05 0.0645076 9.98919E-05 9.98919E-05 9.98919E-05 9.98919E-05 0.0103299 0.121466 0.685349 9.98919E-05 9.98919E-05 9.98919E-05 0.117149
0.035309 9.98919E-05 9.98919E-05 0.377692 9.98919E-05 0.356568 9.98919E-05 9.98919E-05 0.0266062 9.98919E-05 9.98919E-05 9.98919E-05 0.202626 9.98919E-05 9.98919E-05 9.98919E-05 9.98919E-05
9.9883E-05 9.9883E-05 0.336805 0.343248 9.9883E-05 0.111189 9.9883E-05 9.9883E-05 9.9883E-05 9.9883E-05 9.9883E-05 9.9883E-05 9.9883E-05 9.9883E-05 9.9883E-05 0.20746 9.9883E-05
0.0839538 0.0146637 9.99098E-05 0.0838779 0.572365 9.99098E-05 9.99098E-05 9.99098E-05 9.99098E-05 9.99098E-05 0.0079606 9.99098E-05 9.99098E-05 9.99098E-05 0.19525 9.99098E-05 0.0409295
0.0174657 9.98919E-05 9.98919E-05 0.787137 9.98919E-05 0.0166481 9.98919E-05 9.98919E-05 9.98919E-05 9.98919E-05 0.0586397 9.98919E-05 0.11891 9.98919E-05 9.98919E-05 9.98919E-05 9.98919E-05
0.260852 9.991E-05 9.991E-05 0.282056 9.991E-05 0.298345 9.991E-05 9.991E-05 0.0126543 9.991E-05 0.0100225 9.991E-05 0.0835861 9.991E-05 0.0514851 9.991E-05 9.991E-05
0.111751 9.99008E-05 9.99008E-05 0.0121174 0.171436 0.429509 9.99008E-05 9.99008E-05 9.99008E-05 9.99008E-05 0.0293942 9.99008E-05 0.244693 9.99008E-05 9.99008E-05 9.99008E-05 9.99008E-05
9.99009E-05 9.99009E-05 0.0723476 0.330085 9.99009E-05 0.462308 9.99009E-05 0.00470255 0.105379 9.99009E-05 0.0240784 9.99009E-05 9.99009E-05 9.99009E-05 9.99009E-05 9.99009E-05 9.99009E-05
9.99189E-05 9.99189E-05 9.99189E-05 0.345401 0.305951 0.181826 9.99189E-05 9.99189E-05 0.00708052 0.0174145 0.0651176 9.99189E-05 9.99189E-05 9.99189E-05 0.0262714 0.0500393 9.99189E-05
0.0123082 9.99189E-05 9.99189E-05 0.00661023 0.208312 9.99189E-05 9.99189E-05 9.99189E-05 0.250545 0.0252495 9.99189E-05 9.99189E-05 9.99189E-05 0.064809 0.165589 9.99189E-05 0.265677
0.0372917 0.0550204 9.99188E-05 0.241276 0.108159 0.351693 9.99188E-05 0.101132 0.0865218 9.99188E-05 9.99188E-05 9.99188E-05 0.0180069 9.99188E-05 9.99188E-05 9.99188E-05 9.99188E-05
0.00830196 9.99008E-05 9.99008E-05 0.387281 0.363338 0.0163178 9.99008E-05 9.99008E-05 9.99008E-05 9.99008E-05 0.0937306 9.99008E-05 9.99008E-05 9.99008E-05 0.129932 9.99008E-05 9.99008E-05
9.98919E-05 9.98919E-05 9.98919E-05 9.98919E-05 0.314466 0.069839 9.98919E-05 0.436746 9.98919E-05 9.98919E-05 9.98919E-05 9.98919E-05 0.114683 9.98919E-05 9.98919E-05 9.98919E-05 0.0630675
0.0217201 9.991E-05 9.991E-05 0.0621427 0.523782 9.991E-05 9.991E-05 0.0682211 9.991E-05 9.991E-05 9.991E-05 0.028551 9.991E-05 9.991E-05 0.292637 0.00194682 9.991E-05
9.99189E-05 0.0316943 9.99189E-05 0.683896 0.0302013 0.106543 9.99189E-05 0.0530087 9.99189E-05 9.99189E-05 9.99189E-05 0.00420898 9.99189E-05 9.99189E-05 0.00732393 0.0822246 9.99189E-05
0.0229142 9.99008E-05 9.99008E-05 0.188685 0.134264 0.528121 9.99008E-05 9.99008E-05 9.99008E-05 9.99008E-05 0.0596852 9.99008E-05 9.99008E-05 9.99008E-05 9.99008E-05 9.99008E-05 0.0652311
9.98919E-05 9.98919E-05 0.155287 0.395071 9.98919E-05 0.224803 9.98919E-05 9.98919E-05 0.0945834 9.98919E-05 9.98919E-05 9.98919E-05 9.98919E-05 9.98919E-05 9.98919E-05 0.129056 9.98919E-05
9.99008E-05 9.99008E-05 9.99008E-05 9.99008E-05 0.348412 0.0185116 9.99008E-05 0.00827265 9.99008E-05 9.99008E-05 9.99008E-05 9.99008E-05 0.309253 9.99008E-05 0.126265 9.99008E-05 0.188187
0.0944236 9.98919E-05 9.98919E-05 9.98919E-05 0.394962 0.226076 9.98919E-05 0.0414358 9.98919E-05 9.98919E-05 9.98919E-05 9.98919E-05 9.98919E-05 9.98919E-05 0.241904 9.98919E-05 9.98919E-05
9.99189E-05 9.99189E-05 0.142461 0.466261 0.00935565 0.285976 9.99189E-05 9.99189E-05 0.0453715 0.0151975 0.0284221 9.99189E-05 9.99189E-05 9.99189E-05 9.99189E-05 0.00605565 9.99189E-05
9.99001E-05 0.0473619 9.99001E-05 9.99001E-05 0.0954552 9.99001E-05 9.99001E-05 9.99001E-05 0.344901 9.99001E-05 0.0169537 0.0372137 0.312874 9.99001E-05 9.99001E-05 9.99001E-05 0.144242
9.98738E-05 9.98738E-05 9.98738E-05 9.98738E-05 9.98738E-05 9.98738E-05 9.98738E-05 0.4053 0.545573 9.98738E-05 9.98738E-05 9.98738E-05 0.0477286 9.98738E-05 9.98738E-05 9.98738E-05 9.98738E-05
0.0699395 9.99189E-05 0.0594165 9.99189E-05 9.99189E-05 0.467948 9.99189E-05 9.99189E-05 0.0301325 0.0907872 0.070586 9.99189E-05 9.99189E-05 0.0404962 9.99189E-05 0.169795 9.99189E-05
9.99008E-05 9.99008E-05 0.0762393 9.99008E-05 9.99008E-05 9.99008E-05 9.99008E-05 9.99008E-05 0.612791 9.99008E-05 0.0664738 9.99008E-05 9.99008E-05 0.013346 0.172748 0.0573033 9.99008E-05
0.0566112 9.98919E-05 9.98919E-05 9.98919E-05 9.98919E-05 9.98919E-05 9.98919E-05 0.296597 0.250527 9.98919E-05 9.98919E-05 9.98919E-05 0.364601 0.0304657 9.98919E-05 9.98919E-05 9.98919E-05
0.0454632 9.99008E-05 0.0133246 9.99008E-05 9.99008E-05 9.99008E-05 9.99008E-05 9.99008E-05 0.311754 9.99008E-05 9.99008E-05 0.0204186 0.36924 9.99008E-05 9.99008E-05 9.99008E-05 0.2387
0.0915363 0.0471196 9.99009E-05 9.99009E-05 0.0253451 9.99009E-05 9.99009E-05 9.99009E-05 0.21416 9.99009E-05 9.99009E-05 9.99009E-05 0.258526 9.99009E-05 9.99009E-05 9.99009E-05 0.362214
9.98739E-05 9.98739E-05 0.151806 9.98739E-05 9.98739E-05 9.98739E-05 9.98739E-05 9.98739E-05 0.297568 9.98739E-05 9.98739E-05 9.98739E-05 9.98739E-05 9.98739E-05 9.98739E-05 0.549228 9.98739E-05
0.0790155 9.98919E-05 0.0271122 9.98919E-05 9.98919E-05 0.407002 9.98919E-05 9.98919E-05 0.427486 9.98919E-05 9.98919E-05 9.98919E-05 9.98919E-05 9.98919E-05 0.058186 9.98919E-05 9.98919E-05
0.00105418 0.0434998 9.99278E-05 9.99278E-05 0.0447082 9.99278E-05 0.00401429 0.0981146 0.161928 9.99278E-05 0.251785 9.99278E-05 9.99278E-05 9.99278E-05 0.356858 9.99278E-05 0.0372386
9.99008E-05 9.99008E-05 0.0469453 9.99008E-05 9.99008E-05 9.99008E-05 9.99008E-05 0.122212 0.20456 9.99008E-05 9.99008E-05 9.99008E-05 0.324672 9.99008E-05 0.0568569 9.99008E-05 0.243655
9.99098E-05 9.99098E-05 0.0891253 9.99098E-05 9.99098E-05 0.0904307 9.99098E-05 9.99098E-05 0.208088 0.0290066 0.0671987 9.99098E-05 9.99098E-05 9.99098E-05 0.100632 0.414519 9.99098E-05
0.0157258 9.99189E-05 0.0495469 9.99189E-05 0.0540917 0.417648 9.99189E-05 9.99189E-05 0.0682292 9.99189E-05 9.99189E-05 9.99189E-05 0.128822 0.0394334 0.225603 9.99189E-05 9.99189E-05
0.0643527 9.99008E-05 9.99008E-05 0.20676 9.99008E-05 0.120173 9.99008E-05 9.99008E-05 0.206689 9.99008E-05 9.99008E-05 9.99008E-05 0.0934436 9.99008E-05 0.307483 9.99008E-05 9.99008E-05
9.98917E-05 9.98917E-05 0.0293835 9.98917E-05 9.98917E-05 9.98917E-05 0.216767 9.98917E-05 0.183003 9.98917E-05 0.0815156 9.98917E-05 9.98917E-05 9.98917E-05 0.488132 9.98917E-05 9.98917E-05
9.99099E-05 9.99099E-05 9.99099E-05 0.182102 0.0374154 0.455125 9.99099E-05 9.99099E-05 9.99099E-05 0.0142835 0.195274 9.99099E-05 9.99099E-05 9.99099E-05 0.0881571 9.99099E-05 0.026645
9.99097E-05 0.0606468 9.99097E-05 9.99097E-05 0.326767 0.238309 9.99097E-05 0.139275 0.0651751 9.99097E-05 0.0385504 9.99097E-05 0.130278 9.99097E-05 9.99097E-05 9.99097E-05 9.99097E-05
0.0266763 9.99098E-05 9.99098E-05 9.99098E-05 0.129956 0.0610886 9.99098E-05 0.142319 0.0866814 9.99098E-05 9.99098E-05 9.99098E-05 9.99098E-05 9.99098E-05 0.52452 9.99098E-05 0.0277599
9.991E-05 0.0103013 0.0568745 9.991E-05 9.991E-05 9.991E-05 9.991E-05 0.112759 0.171835 9.991E-05 9.991E-05 9.991E-05 0.326249 0.0172976 9.991E-05 9.991E-05 0.303684
9.99278E-05 0.0214291 0.0890296 0.168493 0.00272799 0.171161 9.99278E-05 9.99278E-05 0.395909 0.102112 0.020035 9.99278E-05 9.99278E-05 0.0283046 9.99278E-05 9.99278E-05 9.99278E-05
9.99007E-05 0.0213542 9.99007E-05 9.99007E-05 0.224447 9.99007E-05 9.99007E-05 0.0246995 0.335726 9.99007E-05 9.99007E-05 9.99007E-05 0.228845 9.99007E-05 9.99007E-05 9.99007E-05 0.16383
