0.333902 9.991E-05 9.991E-05 0.221298 9.991E-05 9.991E-05 0.342638 0.00223366 9.991E-05 0.000655236 0.0116741 0.0865994 9.991E-05 9.991E-05 9.991E-05 9.991E-05 9.991E-05
0.0610013 9.99189E-05 9.99189E-05 0.359891 0.0109011 9.99189E-05 0.297817 9.99189E-05 9.99189E-05 9.99189E-05 0.140229 0.0315975 9.99189E-05 9.99189E-05 0.0299739 9.99189E-05 0.0676901
9.99008E-05 9.99008E-05 0.133069 0.468093 9.99008E-05 9.99008E-05 9.99008E-05 0.00667444 9.99008E-05 0.263822 9.99008E-05 9.99008E-05 0.0264127 9.99008E-05 0.10083 9.99008E-05 9.99008E-05
0.285023 0.0198204 9.99189E-05 9.99189E-05 9.99189E-05 0.0141565 0.597004 0.00512281 0.0204619 9.99189E-05 9.99189E-05 9.99189E-05 0.0189903 0.0385211 9.99189E-05 9.99189E-05 9.99189E-05
0.131902 0.102447 9.99099E-05 9.99099E-05 9.99099E-05 0.058506 0.330352 9.99099E-05 9.99099E-05 9.99099E-05 0.168376 9.99099E-05 0.134723 9.99099E-05 0.0726949 9.99099E-05 9.99099E-05
0.248361 9.99279E-05 0.287925 0.247241 9.99279E-05 0.04136 9.99279E-05 9.99279E-05 9.99279E-05 0.0284324 0.0878742 0.0265953 0.0101568 9.99279E-05 9.99279E-05 0.0212553 9.99279E-05
9.98918E-05 9.98918E-05 9.98918E-05 0.567423 9.98918E-05 9.98918E-05 0.0572633 9.98918E-05 0.0556247 0.297383 9.98918E-05 9.98918E-05 9.98918E-05 9.98918E-05 9.98918E-05 0.0211067 9.98918E-05
0.020374 9.991E-05 0.289204 0.318417 9.991E-05 9.991E-05 9.991E-05 9.991E-05 9.991E-05 0.09332 0.163593 0.103156 9.991E-05 9.991E-05 9.991E-05 0.0109362 9.991E-05
9.99189E-05 0.00403847 0.0800228 0.295363 0.0924847 9.99189E-05 0.433975 9.99189E-05 9.99189E-05 9.99189E-05 0.0317136 0.038384 0.0231186 9.99189E-05 9.99189E-05 9.99189E-05 9.99189E-05
9.98827E-05 9.98827E-05 0.518097 9.98827E-05 9.98827E-05 9.98827E-05 9.98827E-05 0.0456259 0.227175 0.207804 9.98827E-05 9.98827E-05 9.98827E-05 9.98827E-05 9.98827E-05 9.98827E-05 9.98827E-05
0.0347285 9.99279E-05 0.00991768 0.140356 0.030028 0.0448446 0.231814 9.99279E-05 9.99279E-05 9.99279E-05 0.122033 9.99279E-05 9.99279E-05 9.99279E-05 0.0417666 9.99279E-05 0.343713
9.98919E-05 9.98919E-05 0.301048 9.98919E-05 9.98919E-05 9.98919E-05 0.477652 9.98919E-05 9.98919E-05 9.98919E-05 0.0575624 9.98919E-05 9.98919E-05 0.119452 9.98919E-05 9.98919E-05 0.0430866
0.00498621 0.350665 9.99278E-05 0.183839 0.0283671 9.99278E-05 0.12754 0.00696383 9.99278E-05 0.11527 9.99278E-05 9.99278E-05 0.0380755 9.99278E-05 0.143494 9.99278E-05 9.99278E-05
9.9901E-05 9.9901E-05 0.219914 0.609585 9.9901E-05 0.0457651 9.9901E-05 9.9901E-05 9.9901E-05 0.0940174 9.9901E-05 0.0268782 9.9901E-05 9.9901E-05 9.9901E-05 0.00274211 9.9901E-05
9.98828E-05 9.98828E-05 0.12448 9.98828E-05 9.98828E-05 9.98828E-05 0.344269 9.98828E-05 9.98828E-05 9.98828E-05 0.16432 9.98828E-05 9.98828E-05 9.98828E-05 9.98828E-05 9.98828E-05 0.365632
0.0247098 0.0132092 0.166747 0.199221 9.99278E-05 9.99278E-05 9.99278E-05 0.00743881 0.27464 0.26292 9.99278E-05 9.99278E-05 0.0201711 9.99278E-05 9.99278E-05 0.0301446 9.99278E-05
0.0199278 0.00168367 9.99009E-05 0.681916 9.99009E-05 9.99009E-05 0.0624748 9.99009E-05 0.0275214 0.205377 9.99009E-05 9.99009E-05 9.99009E-05 9.99009E-05 9.99009E-05 9.99009E-05 9.99009E-05
0.0195377 9.99188E-05 0.0381221 0.546885 9.99188E-05 9.99188E-05 0.00870904 9.99188E-05 9.99188E-05 0.267309 0.0433717 9.99188E-05 9.99188E-05 9.99188E-05 0.0356301 9.99188E-05 0.0395355
9.99169E-05 0.0058392 0.0474581 0.204828 9.99169E-05 9.99169E-05 0.496238 9.99169E-05 9.99169E-05 9.99169E-05 9.99169E-05 0.00421264 9.99169E-05 0.132809 0.107615 9.99169E-05 9.99169E-05
0.0709997 9.98919E-05 9.98919E-05 9.98919E-05 9.98919E-05 9.98919E-05 9.98919E-05 0.734768 9.98919E-05 9.98919E-05 9.98919E-05 0.0137162 0.0427944 9.98919E-05 9.98919E-05 9.98919E-05 0.136523
9.98738E-05 0.213385 9.98738E-05 9.98738E-05 0.0177478 9.98738E-05 9.98738E-05 0.767469 9.98738E-05 9.98738E-05 9.98738E-05 9.98738E-05 9.98738E-05 9.98738E-05 9.98738E-05 9.98738E-05 9.98738E-05
0.19713 9.98647E-05 9.98647E-05 9.98647E-05 9.98647E-05 9.98647E-05 9.98647E-05 0.801372 9.98647E-05 9.98647E-05 9.98647E-05 9.98647E-05 9.98647E-05 9.98647E-05 9.98647E-05 9.98647E-05 9.98647E-05
9.99008E-05 0.115357 9.99008E-05 9.99008E-05 0.0419764 9.99008E-05 0.0131049 0.601338 9.99008E-05 9.99008E-05 9.99008E-05 9.99008E-05 0.0168812 0.210244 9.99008E-05 9.99008E-05 9.99008E-05
9.98919E-05 9.98919E-05 9.98919E-05 9.98919E-05 0.0340495 9.98919E-05 0.154679 0.720614 9.98919E-05 9.98919E-05 9.98919E-05 0.0312562 9.98919E-05 9.98919E-05 9.98919E-05 9.98919E-05 0.0582031
9.99008E-05 9.99008E-05 0.0962938 0.196785 9.99008E-05 9.99008E-05 9.99008E-05 0.435007 9.99008E-05 0.00610346 9.99008E-05 0.0157849 9.99008E-05 9.99008E-05 9.99008E-05 0.248927 9.99008E-05
9.99098E-05 9.99098E-05 9.99098E-05 9.99098E-05 9.99098E-05 0.0337595 0.172627 0.300913 9.99098E-05 9.99098E-05 0.0139997 0.33583 0.0646482 9.99098E-05 9.99098E-05 9.99098E-05 0.0772228
9.98919E-05 9.98919E-05 9.98919E-05 9.98919E-05 9.98919E-05 9.98919E-05 9.98919E-05 0.237116 0.370084 0.106043 9.98919E-05 9.98919E-05 0.0513797 9.98919E-05 9.98919E-05 0.234179 9.98919E-05
0.0729383 0.203259 9.991E-05 9.991E-05 9.991E-05 9.991E-05 9.991E-05 0.206436 9.991E-05 9.991E-05 0.0465002 0.265139 0.0946498 9.991E-05 9.991E-05 9.991E-05 0.110079
0.13714 9.98918E-05 9.98918E-05 0.0084484 9.98918E-05 9.98918E-05 9.98918E-05 0.807428 0.0161557 9.98918E-05 9.98918E-05 9.98918E-05 9.98918E-05 9.98918E-05 9.98918E-05 0.029629 9.98918E-05
9.98919E-05 0.0443784 9.98919E-05 9.98919E-05 0.107143 9.98919E-05 0.0228168 0.816337 9.98919E-05 9.98919E-05 9.98919E-05 9.98919E-05 9.98919E-05 0.00812617 9.98919E-05 9.98919E-05 9.98919E-05
9.98921E-05 0.159815 9.98921E-05 9.98921E-05 9.98921E-05 9.98921E-05 9.98921E-05 0.538979 0.0622827 0.127723 9.98921E-05 9.98921E-05 9.98921E-05 9.98921E-05 9.98921E-05 0.110002 9.98921E-05
0.140675 9.99098E-05 9.99098E-05 9.99098E-05 0.0497343 9.99098E-05 9.99098E-05 0.0896672 0.0412403 9.99098E-05 9.99098E-05 0.40875 9.99098E-05 9.99098E-05 0.0503685 0.218566 9.99098E-05
9.98827E-05 9.98827E-05 9.98827E-05 9.98827E-05 9.98827E-05 9.98827E-05 9.98827E-05 0.563959 0.142145 0.171252 9.98827E-05 9.98827E-05 9.98827E-05 9.98827E-05 9.98827E-05 0.121345 9.98827E-05
9.98918E-05 9.98918E-05 9.98918E-05 0.204844 9.98918E-05 9.98918E-05 9.98918E-05 0.634061 9.98918E-05 0.0416577 9.98918E-05 0.000567307 9.98918E-05 9.98918E-05 9.98918E-05 0.117671 9.98918E-05
9.99009E-05 0.0323142 0.00587233 9.99009E-05 0.0827972 0.0191786 0.050018 0.808721 9.99009E-05 9.99009E-05 9.99009E-05 9.99009E-05 9.99009E-05 9.99009E-05 9.99009E-05 9.99009E-05 9.99009E-05
9.98829E-05 9.98829E-05 9.98829E-05 9.98829E-05 9.98829E-05 9.98829E-05 0.0772316 0.728637 9.98829E-05 9.98829E-05 9.98829E-05 9.98829E-05 0.0571769 9.98829E-05 9.98829E-05 9.98829E-05 0.135656
9.98649E-05 9.98649E-05 9.98649E-05 9.98649E-05 9.98649E-05 9.98649E-05 9.98649E-05 0.67206 9.98649E-05 9.98649E-05 9.98649E-05 9.98649E-05 9.98649E-05 9.98649E-05 9.98649E-05 9.98649E-05 0.326442
9.98919E-05 0.0418771 9.98919E-05 9.98919E-05 9.98919E-05 9.98919E-05 0.0745517 0.671837 9.98919E-05 9.98919E-05 9.98919E-05 9.98919E-05 0.0421097 0.168426 9.98919E-05 9.98919E-05 9.98919E-05
0.155476 9.98737E-05 9.98737E-05 9.98737E-05 9.98737E-05 9.98737E-05 9.98737E-05 9.98737E-05 9.98737E-05 9.98737E-05 9.98737E-05 9.98737E-05 0.469286 9.98737E-05 9.98737E-05 0.37384 9.98737E-05
0.0539976 0.0562115 9.9901E-05 9.9901E-05 9.9901E-05 9.9901E-05 9.9901E-05 9.9901E-05 0.0263384 9.9901E-05 9.9901E-05 9.9901E-05 0.0141597 9.9901E-05 0.0225974 0.825596 9.9901E-05
9.99099E-05 9.99099E-05 9.99099E-05 9.99099E-05 0.00346439 0.08415 9.99099E-05 0.0255848 0.107885 0.134869 9.99099E-05 0.0273563 9.99099E-05 9.99099E-05 9.99099E-05 0.615692 9.99099E-05
9.98919E-05 0.3547 9.98919E-05 9.98919E-05 9.98919E-05 9.98919E-05 9.98919E-05 9.98919E-05 9.98919E-05 9.98919E-05 9.98919E-05 0.0945462 0.199933 0.0688039 9.98919E-05 0.280818 9.98919E-05
0.179021 9.98827E-05 9.98827E-05 9.98827E-05 9.98827E-05 9.98827E-05 9.98827E-05 0.242751 9.98827E-05 9.98827E-05 9.98827E-05 9.98827E-05 0.141232 9.98827E-05 9.98827E-05 0.435697 9.98827E-05
9.99188E-05 9.99188E-05 0.0713869 0.0111532 0.384166 0.00112019 9.99188E-05 9.99188E-05 9.99188E-05 0.0485285 9.99188E-05 9.99188E-05 9.99188E-05 9.99188E-05 0.038405 0.439637 0.00470415
9.98829E-05 9.98829E-05 9.98829E-05 9.98829E-05 9.98829E-05 9.98829E-05 0.124877 9.98829E-05 9.98829E-05 9.98829E-05 9.98829E-05 0.566143 0.0754187 0.232262 9.98829E-05 9.98829E-05 9.98829E-05
9.98827E-05 9.98827E-05 9.98827E-05 9.98827E-05 0.431377 9.98827E-05 0.0495716 9.98827E-05 9.98827E-05 9.98827E-05 0.170226 9.98827E-05 0.347527 9.98827E-05 9.98827E-05 9.98827E-05 9.98827E-05
9.99009E-05 9.99009E-05 0.0418705 0.0870204 9.99009E-05 9.99009E-05 9.99009E-05 0.164693 0.0253144 0.0399686 9.99009E-05 9.99009E-05 9.99009E-05 9.99009E-05 9.99009E-05 0.640035 9.99009E-05
0.171871 9.98737E-05 9.98737E-05 9.98737E-05 9.98737E-05 9.98737E-05 9.98737E-05 9.98737E-05 9.98737E-05 9.98737E-05 9.98737E-05 9.98737E-05 0.346154 9.98737E-05 9.98737E-05 0.480576 9.98737E-05
9.9892E-05 0.038501 9.9892E-05 9.9892E-05 0.0220724 9.9892E-05 9.9892E-05 9.9892E-05 0.489529 0.010971 9.9892E-05 9.9892E-05 9.9892E-05 9.9892E-05 9.9892E-05 0.437728 9.9892E-05
9.98919E-05 9.98919E-05 9.98919E-05 9.98919E-05 0.201453 9.98919E-05 9.98919E-05 9.98919E-05 9.98919E-05 9.98919E-05 0.172538 0.0345941 0.364192 9.98919E-05 9.98919E-05 0.226024 9.98919E-05
0.0346989 0.0686306 9.98919E-05 9.98919E-05 9.98919E-05 9.98919E-05 9.98919E-05 9.98919E-05 0.0615939 9.98919E-05 9.98919E-05 9.98919E-05 0.118924 9.98919E-05 9.98919E-05 0.714954 9.98919E-05
0.0372554 0.00851895 9.98738E-05 9.98738E-05 0.952827 9.98738E-05 9.98738E-05 9.98738E-05 9.98738E-05 9.98738E-05 9.98738E-05 9.98738E-05 9.98738E-05 9.98738E-05 9.98738E-05 9.98738E-05 9.98738E-05
9.99001E-05 9.99001E-05 0.0370895 9.99001E-05 0.397695 9.99001E-05 0.0629616 0.0208079 9.99001E-05 9.99001E-05 9.99001E-05 0.174193 0.143735 9.99001E-05 9.99001E-05 9.99001E-05 0.162519
9.99188E-05 9.99188E-05 0.0342842 9.99188E-05 0.291453 9.99188E-05 0.093263 9.99188E-05 9.99188E-05 9.99188E-05 0.0947742 0.0673621 0.103588 9.99188E-05 9.99188E-05 0.169714 0.144662
9.98919E-05 9.98919E-05 9.98919E-05 9.98919E-05 0.483787 9.98919E-05 9.98919E-05 9.98919E-05 9.98919E-05 9.98919E-05 0.00323116 0.0778742 0.0157088 0.4182 9.98919E-05 9.98919E-05 9.98919E-05
9.98739E-05 9.98739E-05 9.98739E-05 9.98739E-05 9.98739E-05 9.98739E-05 9.98739E-05 0.337462 9.98739E-05 9.98739E-05 9.98739E-05 0.175671 9.98739E-05 0.485468 9.98739E-05 9.98739E-05 9.98739E-05
0.152324 9.99007E-05 9.99007E-05 0.00586206 9.99007E-05 9.99007E-05 9.99007E-05 9.99007E-05 9.99007E-05 9.99007E-05 9.99007E-05 0.0102825 0.256445 9.99007E-05 0.00445054 0.569536 9.99007E-05
9.99008E-05 0.155349 9.99008E-05 9.99008E-05 0.324408 9.99008E-05 9.99008E-05 9.99008E-05 0.0708587 9.99008E-05 9.99008E-05 0.202656 0.103263 9.99008E-05 9.99008E-05 0.142367 9.99008E-05
0.107349 9.99008E-05 9.99008E-05 9.99008E-05 9.99008E-05 9.99008E-05 9.99008E-05 9.99008E-05 0.0306767 9.99008E-05 9.99008E-05 0.0472643 9.99008E-05 9.99008E-05 0.00395665 0.808913 0.000740892
0.0867057 9.98919E-05 9.98919E-05 9.98919E-05 0.0788142 9.98919E-05 9.98919E-05 9.98919E-05 9.98919E-05 9.98919E-05 9.98919E-05 9.98919E-05 0.711007 9.98919E-05 9.98919E-05 0.121584 0.000690261
0.120263 9.99097E-05 9.99097E-05 0.0257025 0.17156 9.99097E-05 9.99097E-05 0.00218111 9.99097E-05 9.99097E-05 9.99097E-05 0.122813 0.460496 9.99097E-05 9.99097E-05 0.0959854 9.99097E-05
9.99098E-05 9.99098E-05 9.99098E-05 9.99098E-05 0.0119381 9.99098E-05 0.0825153 9.99098E-05 9.99098E-05 9.99098E-05 0.129799 0.0590414 0.348105 9.99098E-05 9.99098E-05 0.335663 0.0319399
9.99009E-05 9.99009E-05 9.99009E-05 0.0580355 9.99009E-05 9.99009E-05 9.99009E-05 9.99009E-05 0.0878096 9.99009E-05 9.99009E-05 0.319292 0.110201 9.99009E-05 0.151734 0.271828 9.99009E-05
9.98829E-05 0.0503049 9.98829E-05 9.98829E-05 9.98829E-05 9.98829E-05 9.98829E-05 0.0401101 9.98829E-05 9.98829E-05 9.98829E-05 9.98829E-05 0.628685 0.279601 9.98829E-05 9.98829E-05 9.98829E-05
9.99098E-05 9.99098E-05 0.00925928 0.0318472 0.0351826 9.99098E-05 9.99098E-05 9.99098E-05 9.99098E-05 0.415051 9.99098E-05 0.0697873 0.233252 9.99098E-05 9.99098E-05 0.204622 9.99098E-05
0.0324898 9.99188E-05 9.99188E-05 0.0606469 0.17098 9.99188E-05 0.113402 0.0435487 9.99188E-05 9.99188E-05 9.99188E-05 0.3533 0.120751 9.99188E-05 9.99188E-05 9.99188E-05 0.103982
9.9865E-05 9.9865E-05 9.9865E-05 9.9865E-05 9.9865E-05 9.9865E-05 9.9865E-05 9.9865E-05 9.9865E-05 9.9865E-05 0.0872639 9.9865E-05 0.911238 9.9865E-05 9.9865E-05 9.9865E-05 9.9865E-05
9.9892E-05 9.9892E-05 0.0207219 9.9892E-05 9.9892E-05 9.9892E-05 9.9892E-05 9.9892E-05 0.012449 0.0142193 9.9892E-05 9.9892E-05 0.779995 9.9892E-05 9.9892E-05 9.9892E-05 0.171416
0.0115121 9.99278E-05 0.00224352 0.0607169 9.99278E-05 9.99278E-05 0.0377847 9.99278E-05 9.99278E-05 0.030105 9.99278E-05 0.759497 0.0780315 9.99278E-05 0.0102727 0.00903688 9.99278E-05
0.266971 9.98918E-05 9.98918E-05 9.98918E-05 9.98918E-05 9.98918E-05 9.98918E-05 0.166872 9.98918E-05 9.98918E-05 9.98918E-05 0.444299 0.000492386 9.98918E-05 9.98918E-05 0.120167 9.98918E-05
9.98828E-05 9.98828E-05 9.98828E-05 9.98828E-05 9.98828E-05 9.98828E-05 9.98828E-05 0.055522 0.368523 9.98828E-05 9.98828E-05 0.397114 9.98828E-05 9.98828E-05 9.98828E-05 0.177543 9.98828E-05
9.98738E-05 9.98738E-05 9.98738E-05 9.98738E-05 9.98738E-05 9.98738E-05 9.98738E-05 9.98738E-05 9.98738E-05 0.436929 9.98738E-05 9.98738E-05 0.215735 9.98738E-05 9.98738E-05 0.345938 9.98738E-05
9.98739E-05 9.98739E-05 9.98739E-05 9.98739E-05 9.98739E-05 9.98739E-05 9.98739E-05 0.655038 9.98739E-05 9.98739E-05 0.107413 9.98739E-05 9.98739E-05 0.236151 9.98739E-05 9.98739E-05 9.98739E-05
9.99007E-05 9.99007E-05 9.99007E-05 0.0813083 9.99007E-05 9.99007E-05 9.99007E-05 9.99007E-05 0.0725396 0.0850816 9.99007E-05 9.99007E-05 0.401928 9.99007E-05 0.00922528 0.348818 9.99007E-05
0.0178096 9.98918E-05 9.98918E-05 9.98918E-05 9.98918E-05 9.98918E-05 9.98918E-05 9.98918E-05 9.98918E-05 9.98918E-05 9.98918E-05 0.35621 0.584292 9.98918E-05 0.0204765 9.98918E-05 0.0200131
9.98919E-05 9.98919E-05 0.0270042 9.98919E-05 0.0873669 9.98919E-05 0.294459 0.076361 9.98919E-05 9.98919E-05 9.98919E-05 0.51361 9.98919E-05 9.98919E-05 9.98919E-05 9.98919E-05 9.98919E-05
9.98827E-05 9.98827E-05 9.98827E-05 9.98827E-05 9.98827E-05 9.98827E-05 9.98827E-05 0.690377 0.0729943 0.131255 9.98827E-05 9.98827E-05 9.98827E-05 9.98827E-05 9.98827E-05 0.104075 9.98827E-05
9.9883E-05 9.9883E-05 9.9883E-05 9.9883E-05 9.9883E-05 9.9883E-05 9.9883E-05 0.199293 0.177326 0.331183 9.9883E-05 9.9883E-05 9.9883E-05 9.9883E-05 9.9883E-05 0.290899 9.9883E-05
9.98827E-05 9.98827E-05 9.98827E-05 0.11229 9.98827E-05 9.98827E-05 9.98827E-05 0.673585 9.98827E-05 0.0314774 9.98827E-05 9.98827E-05 9.98827E-05 9.98827E-05 9.98827E-05 0.181349 9.98827E-05
0.308017 9.98828E-05 9.98828E-05 9.98828E-05 9.98828E-05 9.98828E-05 9.98828E-05 0.212389 9.98828E-05 9.98828E-05 9.98828E-05 0.387238 9.98828E-05 9.98828E-05 9.98828E-05 0.0910571 9.98828E-05
0.0049194 0.0487228 9.99099E-05 9.99099E-05 9.99099E-05 9.99099E-05 9.99099E-05 0.139897 0.439424 9.99099E-05 9.99099E-05 0.0691387 0.0441738 9.99099E-05 9.99099E-05 0.252725 9.99099E-05
9.99098E-05 0.00768988 9.99098E-05 9.99098E-05 0.40788 9.99098E-05 0.0199597 0.173013 9.99098E-05 0.0173699 9.99098E-05 9.99098E-05 0.251359 0.121729 9.99098E-05 9.99098E-05 9.99098E-05
9.98828E-05 0.171612 9.98828E-05 9.98828E-05 0.121745 9.98828E-05 9.98828E-05 9.98828E-05 9.98828E-05 9.98828E-05 9.98828E-05 9.98828E-05 0.378776 9.98828E-05 9.98828E-05 0.326569 9.98828E-05
9.99099E-05 0.147497 9.99099E-05 9.99099E-05 0.69635 0.000526147 9.99099E-05 9.99099E-05 0.00165279 0.0162285 9.99099E-05 0.0634355 9.99099E-05 9.99099E-05 9.99099E-05 0.0733117 9.99099E-05
9.98918E-05 9.98918E-05 9.98918E-05 9.98918E-05 9.98918E-05 0.00912322 9.98918E-05 9.98918E-05 0.0794756 0.12367 9.98918E-05 9.98918E-05 0.274873 9.98918E-05 9.98918E-05 0.51166 9.98918E-05
0.230925 9.98918E-05 9.98918E-05 9.98918E-05 0.150707 9.98918E-05 9.98918E-05 0.056761 9.98918E-05 9.98918E-05 9.98918E-05 9.98918E-05 0.526919 9.98918E-05 9.98918E-05 0.0334893 9.98918E-05
9.98739E-05 9.98739E-05 9.98739E-05 9.98739E-05 9.98739E-05 9.98739E-05 0.103817 9.98739E-05 9.98739E-05 9.98739E-05 9.98739E-05 0.104457 0.790328 9.98739E-05 9.98739E-05 9.98739E-05 9.98739E-05
9.99007E-05 9.99007E-05 9.99007E-05 0.157374 9.99007E-05 0.00505629 9.99007E-05 0.194611 9.99007E-05 0.1078 9.99007E-05 0.48874 9.99007E-05 9.99007E-05 9.99007E-05 0.0453206 9.99007E-05
9.98738E-05 9.98738E-05 9.98738E-05 9.98738E-05 9.98738E-05 9.98738E-05 9.98738E-05 9.98738E-05 9.98738E-05 0.236754 9.98738E-05 0.226072 9.98738E-05 9.98738E-05 9.98738E-05 0.535776 9.98738E-05
9.98738E-05 9.98738E-05 9.98738E-05 9.98738E-05 9.98738E-05 9.98738E-05 9.98738E-05 0.125115 9.98738E-05 9.98738E-05 0.163135 0.710351 9.98738E-05 9.98738E-05 9.98738E-05 9.98738E-05 9.98738E-05
9.98917E-05 9.98917E-05 0.0316692 0.00376333 9.98917E-05 9.98917E-05 9.98917E-05 9.98917E-05 9.98917E-05 0.197705 9.98917E-05 0.411009 9.98917E-05 9.98917E-05 9.98917E-05 0.354656 9.98917E-05
9.98737E-05 9.98737E-05 9.98737E-05 9.98737E-05 9.98737E-05 9.98737E-05 9.98737E-05 9.98737E-05 9.98737E-05 0.251974 9.98737E-05 0.477824 9.98737E-05 9.98737E-05 9.98737E-05 0.268804 9.98737E-05
9.98919E-05 9.98919E-05 9.98919E-05 9.98919E-05 9.98919E-05 9.98919E-05 9.98919E-05 9.98919E-05 9.98919E-05 9.98919E-05 0.209964 0.679081 0.0298958 0.0673965 9.98919E-05 9.98919E-05 0.0124643
9.98918E-05 9.98918E-05 9.98918E-05 0.181667 9.98918E-05 9.98918E-05 9.98918E-05 9.98918E-05 9.98918E-05 9.98918E-05 0.00702537 0.273675 0.220944 9.98918E-05 9.98918E-05 0.31549 9.98918E-05
9.99009E-05 9.99009E-05 0.0016594 0.127793 9.99009E-05 9.99009E-05 9.99009E-05 9.99009E-05 9.99009E-05 0.00491708 0.0106535 0.602449 9.99009E-05 9.99009E-05 9.99009E-05 0.251429 9.99009E-05
9.98739E-05 9.98739E-05 9.98739E-05 9.98739E-05 9.98739E-05 9.98739E-05 9.98739E-05 9.98739E-05 0.385016 9.98739E-05 9.98739E-05 9.98739E-05 9.98739E-05 9.98739E-05 0.586106 0.0274805 9.98739E-05
0.180915 0.0536679 9.99009E-05 9.99009E-05 9.99009E-05 9.99009E-05 9.99009E-05 9.99009E-05 0.0973967 0.0435608 9.99009E-05 9.99009E-05 9.99009E-05 9.99009E-05 0.460695 0.162666 9.99009E-05
0.0118751 0.278667 9.98829E-05 9.98829E-05 9.98829E-05 9.98829E-05 9.98829E-05 9.98829E-05 9.98829E-05 9.98829E-05 9.98829E-05 9.98829E-05 9.98829E-05 9.98829E-05 0.686064 0.0220954 9.98829E-05
9.98919E-05 9.98919E-05 0.0296794 9.98919E-05 9.98919E-05 9.98919E-05 9.98919E-05 9.98919E-05 9.98919E-05 9.98919E-05 0.357878 0.0165136 9.98919E-05 0.0263135 0.568417 9.98919E-05 9.98919E-05
9.98738E-05 9.98738E-05 9.98738E-05 9.98738E-05 9.98738E-05 0.0501555 9.98738E-05 9.98738E-05 0.304837 9.98738E-05 9.98738E-05 9.98738E-05 9.98738E-05 9.98738E-05 0.64361 9.98738E-05 9.98738E-05
9.99098E-05 9.99098E-05 9.99098E-05 0.46347 9.99098E-05 9.99098E-05 0.0852706 9.99098E-05 9.99098E-05 9.99098E-05 0.123874 0.0775777 0.00586322 0.0360616 0.206884 9.99098E-05 9.99098E-05
9.98828E-05 9.98828E-05 0.00556312 0.0746023 9.98828E-05 9.98828E-05 9.98828E-05 9.98828E-05 9.98828E-05 0.385144 9.98828E-05 9.98828E-05 9.98828E-05 9.98828E-05 0.533392 9.98828E-05 9.98828E-05
9.98738E-05 9.98738E-05 9.98738E-05 9.98738E-05 9.98738E-05 9.98738E-05 9.98738E-05 9.98738E-05 0.281386 9.98738E-05 9.98738E-05 9.98738E-05 9.98738E-05 9.98738E-05 0.702415 0.0148015 9.98738E-05
0.341249 9.98829E-05 9.98829E-05 9.98829E-05 9.98829E-05 9.98829E-05 9.98829E-05 9.98829E-05 9.98829E-05 0.0545603 9.98829E-05 0.0392322 9.98829E-05 9.98829E-05 0.56366 9.98829E-05 9.98829E-05
0.086564 0.0348185 9.99099E-05 9.99099E-05 9.99099E-05 9.99099E-05 0.0650612 0.0111259 9.99099E-05 9.99099E-05 9.99099E-05 9.99099E-05 0.0984482 9.99099E-05 0.478143 9.99099E-05 0.22484
9.98829E-05 9.98829E-05 9.98829E-05 9.98829E-05 9.98829E-05 0.106802 9.98829E-05 9.98829E-05 0.577521 9.98829E-05 9.98829E-05 9.98829E-05 9.98829E-05 9.98829E-05 0.263452 0.0509263 9.98829E-05
9.99009E-05 9.99009E-05 9.99009E-05 9.99009E-05 9.99009E-05 0.0531826 0.0588657 9.99009E-05 9.99009E-05 0.0110655 9.99009E-05 9.99009E-05 0.0120077 9.99009E-05 0.451524 9.99009E-05 0.412256
0.00955009 9.98919E-05 9.98919E-05 0.0675061 9.98919E-05 9.98919E-05 9.98919E-05 9.98919E-05 0.150065 9.98919E-05 9.98919E-05 9.98919E-05 9.98919E-05 9.98919E-05 0.737013 0.0346675 9.98919E-05
0.174317 9.99008E-05 9.99008E-05 0.165777 9.99008E-05 9.99008E-05 9.99008E-05 9.99008E-05 9.99008E-05 9.99008E-05 9.99008E-05 0.0430131 0.0200003 9.99008E-05 0.486102 9.99008E-05 0.109692
0.430222 0.00356924 9.98919E-05 9.98919E-05 9.98919E-05 9.98919E-05 9.98919E-05 0.0319993 0.0718075 9.98919E-05 9.98919E-05 9.98919E-05 9.98919E-05 9.98919E-05 0.461203 9.98919E-05 9.98919E-05
9.99189E-05 9.99189E-05 0.0150985 0.477612 9.99189E-05 9.99189E-05 0.00413322 0.0424351 0.0813647 0.0523896 9.99189E-05 9.99189E-05 9.99189E-05 9.99189E-05 0.324117 0.00195056 9.99189E-05
9.99188E-05 0.000886952 9.99188E-05 9.99188E-05 0.0057578 9.99188E-05 0.274055 9.99188E-05 9.99188E-05 9.99188E-05 0.126051 0.00720255 0.0796831 9.99188E-05 0.496857 9.99188E-05 0.0086073
9.98918E-05 0.227688 9.98918E-05 9.98918E-05 9.98918E-05 9.98918E-05 0.0140545 9.98918E-05 9.98918E-05 0.0165845 9.98918E-05 9.98918E-05 9.98918E-05 0.420615 0.319859 9.98918E-05 9.98918E-05
0.412306 9.98919E-05 9.98919E-05 9.98919E-05 9.98919E-05 9.98919E-05 9.98919E-05 0.0385897 9.98919E-05 0.0135641 9.98919E-05 9.98919E-05 9.98919E-05 9.98919E-05 0.392027 0.142315 9.98919E-05
9.98919E-05 9.98919E-05 9.98919E-05 0.135603 9.98919E-05 9.98919E-05 9.98919E-05 9.98919E-05 0.0442968 0.0412968 9.98919E-05 9.98919E-05 9.98919E-05 9.98919E-05 0.747371 0.0302329 9.98919E-05
0.354973 9.99009E-05 9.99009E-05 9.99009E-05 0.00591829 9.99009E-05 9.99009E-05 0.0261032 9.99009E-05 9.99009E-05 0.036507 9.99009E-05 9.99009E-05 9.99009E-05 0.510406 9.99009E-05 0.0649935
9.98738E-05 0.432949 9.98738E-05 9.98738E-05 9.98738E-05 9.98738E-05 0.070798 9.98738E-05 9.98738E-05 9.98738E-05 9.98738E-05 9.98738E-05 9.98738E-05 9.98738E-05 0.494855 9.98738E-05 9.98738E-05
0.0588077 0.0814825 9.99189E-05 0.184162 9.99189E-05 0.096713 0.0200781 9.99189E-05 9.99189E-05 9.99189E-05 0.333584 9.99189E-05 0.0960332 9.99189E-05 9.99189E-05 9.99189E-05 0.12824
9.98918E-05 9.98918E-05 0.21685 0.027859 9.98918E-05 0.563702 9.98918E-05 9.98918E-05 9.98918E-05 0.178215 9.98918E-05 9.98918E-05 9.98918E-05 9.98918E-05 0.0121758 9.98918E-05 9.98918E-05
9.99008E-05 0.098939 9.99008E-05 0.195655 9.99008E-05 0.0579086 0.0057881 9.99008E-05 9.99008E-05 9.99008E-05 0.0820785 9.99008E-05 9.99008E-05 0.558532 9.99008E-05 9.99008E-05 9.99008E-05
0.10923 0.0115588 9.99009E-05 0.67966 9.99009E-05 0.0957269 9.99009E-05 0.00936879 0.0933568 9.99009E-05 9.99009E-05 9.99009E-05 9.99009E-05 9.99009E-05 9.99009E-05 9.99009E-05 9.99009E-05
9.98827E-05 9.98827E-05 9.98827E-05 9.98827E-05 9.98827E-05 0.625125 9.98827E-05 9.98827E-05 0.353799 0.00540996 9.98827E-05 9.98827E-05 9.98827E-05 9.98827E-05 9.98827E-05 0.0143669 9.98827E-05
9.99008E-05 0.00225919 9.99008E-05 0.163373 9.99008E-05 0.0639917 0.364206 9.99008E-05 9.99008E-05 9.99008E-05 9.99008E-05 9.99008E-05 9.99008E-05 0.099962 9.99008E-05 9.99008E-05 0.305109
9.98828E-05 9.98828E-05 9.98828E-05 9.98828E-05 0.0119603 0.791472 0.00259401 9.98828E-05 9.98828E-05 9.98828E-05 9.98828E-05 9.98828E-05 9.98828E-05 9.98828E-05 9.98828E-05 9.98828E-05 0.192676
0.179745 9.99099E-05 9.99099E-05 0.49663 9.99099E-05 0.0653868 9.99099E-05 9.99099E-05 9.99099E-05 0.0242485 0.112125 0.0268727 0.0939919 9.99099E-05 9.99099E-05 9.99099E-05 9.99099E-05
9.98828E-05 0.227648 0.118144 9.98828E-05 9.98828E-05 0.612559 0.0403509 9.98828E-05 9.98828E-05 9.98828E-05 9.98828E-05 9.98828E-05 9.98828E-05 9.98828E-05 9.98828E-05 9.98828E-05 9.98828E-05
9.98829E-05 9.98829E-05 9.98829E-05 0.195963 9.98829E-05 0.353363 9.98829E-05 9.98829E-05 0.10073 0.348645 9.98829E-05 9.98829E-05 9.98829E-05 9.98829E-05 9.98829E-05 9.98829E-05 9.98829E-05
0.107164 0.0417357 9.99188E-05 0.000892678 9.99188E-05 0.167142 0.14737 9.99188E-05 9.99188E-05 9.99188E-05 0.20498 9.99188E-05 0.07023 9.99188E-05 9.99188E-05 9.99188E-05 0.259587
9.98739E-05 0.0979942 9.98739E-05 9.98739E-05 9.98739E-05 0.570221 9.98739E-05 9.98739E-05 9.98739E-05 9.98739E-05 9.98739E-05 9.98739E-05 9.98739E-05 0.330386 9.98739E-05 9.98739E-05 9.98739E-05
9.98738E-05 9.98738E-05 9.98738E-05 9.98738E-05 9.98738E-05 0.552289 9.98738E-05 9.98738E-05 0.274937 0.171375 9.98738E-05 9.98738E-05 9.98738E-05 9.98738E-05 9.98738E-05 9.98738E-05 9.98738E-05
9.99009E-05 0.0604314 9.99009E-05 0.0813205 9.99009E-05 9.99009E-05 0.358406 9.99009E-05 9.99009E-05 9.99009E-05 0.299644 9.99009E-05 9.99009E-05 0.00672465 9.99009E-05 9.99009E-05 0.192375
9.98872E-05 9.98872E-05 9.98872E-05 9.98872E-05 9.98872E-05 0.540684 0.347922 9.98872E-05 9.98872E-05 9.98872E-05 9.98872E-05 9.98872E-05 0.0574484 0.052647 9.98872E-05 9.98872E-05 9.98872E-05
9.99008E-05 0.194681 9.99008E-05 0.296767 0.00883766 9.99008E-05 0.415247 9.99008E-05 9.99008E-05 9.99008E-05 9.99008E-05 9.99008E-05 9.99008E-05 0.0137915 9.99008E-05 9.99008E-05 0.0695781
9.98738E-05 9.98738E-05 9.98738E-05 9.98738E-05 9.98738E-05 0.543021 9.98738E-05 9.98738E-05 0.416433 0.0391481 9.98738E-05 9.98738E-05 9.98738E-05 9.98738E-05 9.98738E-05 9.98738E-05 9.98738E-05
9.99188E-05 0.115497 9.99188E-05 0.0169902 0.000346118 0.363375 0.252087 9.99188E-05 9.99188E-05 9.99188E-05 0.0993274 9.99188E-05 0.01656 0.134918 9.99188E-05 9.99188E-05 9.99188E-05
0.154302 9.99008E-05 9.99008E-05 0.0629787 9.99008E-05 9.99008E-05 0.0866468 9.99008E-05 9.99008E-05 9.99008E-05 0.406923 9.99008E-05 0.00441175 9.99008E-05 9.99008E-05 9.99008E-05 0.283639
0.0273851 9.98918E-05 9.98918E-05 0.658491 9.98918E-05 0.155184 9.98918E-05 9.98918E-05 9.98918E-05 9.98918E-05 0.0813438 0.0763978 9.98918E-05 9.98918E-05 9.98918E-05 9.98918E-05 9.98918E-05
9.99102E-05 0.451171 9.99102E-05 0.270495 9.99102E-05 9.99102E-05 9.99102E-05 0.0842775 0.0062346 9.99102E-05 0.115647 9.99102E-05 9.99102E-05 0.0580383 0.0131374 9.99102E-05 9.99102E-05
9.99189E-05 0.32319 9.99189E-05 0.268209 9.99189E-05 0.150134 0.120902 0.0305226 9.99189E-05 9.99189E-05 0.0310787 9.99189E-05 0.014397 0.0606669 9.99189E-05 9.99189E-05 9.99189E-05
9.98827E-05 9.98827E-05 9.98827E-05 0.135841 9.98827E-05 0.55332 9.98827E-05 9.98827E-05 0.302977 0.00656281 9.98827E-05 9.98827E-05 9.98827E-05 9.98827E-05 9.98827E-05 9.98827E-05 9.98827E-05
9.99098E-05 9.99098E-05 0.251241 0.253834 0.163343 9.99098E-05 0.173234 0.0147719 9.99098E-05 9.99098E-05 0.0589083 9.99098E-05 9.99098E-05 9.99098E-05 9.99098E-05 9.99098E-05 0.0836682
0.127122 9.98916E-05 9.98916E-05 0.104997 9.98916E-05 0.626737 9.98916E-05 9.98916E-05 9.98916E-05 9.98916E-05 0.0664061 0.0735385 9.98916E-05 9.98916E-05 9.98916E-05 9.98916E-05 9.98916E-05
0.141636 9.99099E-05 9.99099E-05 0.279395 9.99099E-05 0.0959125 9.99099E-05 0.0199204 0.201532 9.99099E-05 9.99099E-05 9.99099E-05 9.99099E-05 9.99099E-05 0.161868 0.0987368 9.99099E-05
9.99278E-05 0.183296 0.207523 0.048961 0.128991 0.0426257 0.124219 9.99278E-05 9.99278E-05 9.99278E-05 0.111871 9.99278E-05 9.99278E-05 9.99278E-05 0.0804901 9.99278E-05 0.0712253
0.614641 0.0885491 0.215148 9.9892E-05 0.0558683 9.9892E-05 9.9892E-05 9.9892E-05 9.9892E-05 9.9892E-05 9.9892E-05 9.9892E-05 0.0245952 9.9892E-05 9.9892E-05 9.9892E-05 9.9892E-05
9.98921E-05 9.98921E-05 9.98921E-05 9.98921E-05 0.0660293 9.98921E-05 0.0250653 0.0263285 0.682231 0.199147 9.98921E-05 9.98921E-05 9.98921E-05 9.98921E-05 9.98921E-05 9.98921E-05 9.98921E-05
0.310585 9.99278E-05 0.140231 0.160663 9.99278E-05 0.105857 0.00838166 9.99278E-05 0.0259838 0.122723 9.99278E-05 0.0707728 9.99278E-05 9.99278E-05 0.0540018 9.99278E-05 9.99278E-05
9.99098E-05 9.99098E-05 0.245623 0.349537 9.99098E-05 9.99098E-05 9.99098E-05 0.00449095 0.238251 9.99098E-05 9.99098E-05 9.99098E-05 9.99098E-05 9.99098E-05 0.109469 0.0356333 0.0159961
0.128742 0.101345 9.99009E-05 9.99009E-05 9.99009E-05 0.157907 9.99009E-05 0.0183794 0.086786 9.99009E-05 9.99009E-05 9.99009E-05 9.99009E-05 9.99009E-05 9.99009E-05 9.99009E-05 0.505742
9.98738E-05 9.98738E-05 9.98738E-05 0.447247 9.98738E-05 0.0442035 9.98738E-05 9.98738E-05 0.507152 9.98738E-05 9.98738E-05 9.98738E-05 9.98738E-05 9.98738E-05 9.98738E-05 9.98738E-05 9.98738E-05
9.99007E-05 0.189197 0.0201466 0.164068 9.99007E-05 9.99007E-05 0.340659 9.99007E-05 9.99007E-05 9.99007E-05 9.99007E-05 9.99007E-05 9.99007E-05 0.130336 9.99007E-05 9.99007E-05 0.154495
0.0341559 9.98918E-05 0.0884296 0.414395 9.98918E-05 0.0164664 9.98918E-05 9.98918E-05 0.445354 9.98918E-05 9.98918E-05 9.98918E-05 9.98918E-05 9.98918E-05 9.98918E-05 9.98918E-05 9.98918E-05
9.98918E-05 0.549185 0.338611 9.98918E-05 9.98918E-05 0.0847542 9.98918E-05 9.98918E-05 0.0138331 9.98918E-05 9.98918E-05 9.98918E-05 9.98918E-05 0.0124178 9.98918E-05 9.98918E-05 9.98918E-05
0.0863505 0.372007 0.14111 9.99098E-05 9.99098E-05 0.0101826 0.17965 9.99098E-05 9.99098E-05 0.0338461 9.99098E-05 9.99098E-05 9.99098E-05 0.175855 9.99098E-05 9.99098E-05 9.99098E-05
0.656181 9.9928E-05 0.040891 0.0904082 0.0982625 0.065348 9.9928E-05 9.9928E-05 9.9928E-05 9.9928E-05 0.0136305 9.9928E-05 0.00100512 0.0146418 9.9928E-05 0.0188323 9.9928E-05
0.36053 9.99098E-05 9.99098E-05 0.374378 9.99098E-05 9.99098E-05 0.107904 9.99098E-05 9.99098E-05 0.0294449 0.00916788 9.99098E-05 0.0557312 9.99098E-05 0.0618446 9.99098E-05 9.99098E-05
0.8025 9.99189E-05 0.04525 0.0261295 9.99189E-05 9.99189E-05 0.0571787 0.00449995 0.00895964 0.0518417 9.99189E-05 9.99189E-05 9.99189E-05 9.99189E-05 9.99189E-05 0.00274124 9.99189E-05
0.0162339 0.556194 9.99098E-05 0.266666 9.99098E-05 0.0451995 9.99098E-05 9.99098E-05 9.99098E-05 9.99098E-05 9.99098E-05 9.99098E-05 9.99098E-05 0.0106816 0.0532879 9.99098E-05 0.0507379
0.138417 9.98919E-05 9.98919E-05 0.0687649 9.98919E-05 9.98919E-05 0.0205237 9.98919E-05 0.637556 0.133541 9.98919E-05 9.98919E-05 9.98919E-05 9.98919E-05 9.98919E-05 9.98919E-05 9.98919E-05
9.98739E-05 9.98739E-05 0.226724 9.98739E-05 9.98739E-05 0.108649 9.98739E-05 9.98739E-05 0.663229 9.98739E-05 9.98739E-05 9.98739E-05 9.98739E-05 9.98739E-05 9.98739E-05 9.98739E-05 9.98739E-05
0.0314828 9.98919E-05 0.389161 0.276457 9.98919E-05 9.98919E-05 9.98919E-05 9.98919E-05 9.98919E-05 0.262808 9.98919E-05 9.98919E-05 9.98919E-05 9.98919E-05 9.98919E-05 0.0388922 9.98919E-05
9.98828E-05 9.98828E-05 0.332483 0.0233587 9.98828E-05 9.98828E-05 9.98828E-05 9.98828E-05 0.538713 9.98828E-05 9.98828E-05 9.98828E-05 9.98828E-05 9.98828E-05 9.98828E-05 0.104147 9.98828E-05
9.9883E-05 9.9883E-05 9.9883E-05 9.9883E-05 9.9883E-05 9.9883E-05 0.11063 9.9883E-05 0.809546 0.0532737 9.9883E-05 9.9883E-05 9.9883E-05 9.9883E-05 9.9883E-05 9.9883E-05 0.025252
0.00433558 9.99188E-05 0.378033 0.0427588 9.99188E-05 0.0705956 9.99188E-05 9.99188E-05 9.99188E-05 0.321905 0.0284981 9.99188E-05 9.99188E-05 9.99188E-05 0.032044 0.12093 9.99188E-05
9.99188E-05 9.99188E-05 0.000712811 0.654493 0.0140331 0.103199 9.99188E-05 9.99188E-05 0.160648 0.021675 9.99188E-05 9.99188E-05 0.00973471 9.99188E-05 9.99188E-05 9.99188E-05 0.0346046
9.9901E-05 9.9901E-05 9.9901E-05 9.9901E-05 9.9901E-05 9.9901E-05 0.253946 0.0310892 0.0376861 9.9901E-05 0.551312 0.0400426 9.9901E-05 0.0848248 9.9901E-05 9.9901E-05 9.9901E-05
9.99098E-05 9.99098E-05 9.99098E-05 0.0451717 9.99098E-05 9.99098E-05 0.802338 0.018684 9.99098E-05 0.0378937 9.99098E-05 0.00825207 9.99098E-05 0.0624544 0.0242075 9.99098E-05 9.99098E-05
0.0364869 9.99098E-05 0.0358975 0.439914 9.99098E-05 9.99098E-05 0.0553767 9.99098E-05 9.99098E-05 0.221275 0.116371 0.0936798 9.99098E-05 9.99098E-05 9.99098E-05 9.99098E-05 9.99098E-05
9.99008E-05 9.99008E-05 9.99008E-05 0.0763467 0.000161125 9.99008E-05 0.710333 9.99008E-05 9.99008E-05 0.0391858 9.99008E-05 9.99008E-05 9.99008E-05 9.99008E-05 0.00114521 9.99008E-05 0.171729
9.99099E-05 9.99099E-05 9.99099E-05 9.99099E-05 9.99099E-05 9.99099E-05 0.790436 9.99099E-05 0.00657778 0.0335553 0.122927 0.00204804 9.99099E-05 0.00851132 0.0349456 9.99099E-05 9.99099E-05
0.0581206 0.00420069 9.99008E-05 9.99008E-05 9.99008E-05 9.99008E-05 0.333302 0.0397519 9.99008E-05 0.0899497 9.99008E-05 9.99008E-05 9.99008E-05 0.473576 9.99008E-05 9.99008E-05 9.99008E-05
9.99009E-05 9.99009E-05 9.99009E-05 0.0336216 9.99009E-05 9.99009E-05 0.720006 9.99009E-05 9.99009E-05 0.0303196 9.99009E-05 0.0113291 9.99009E-05 0.150577 0.0530483 9.99009E-05 9.99009E-05
9.9901E-05 9.9901E-05 0.0416238 0.262314 9.9901E-05 9.9901E-05 0.152885 0.0148402 9.9901E-05 0.498453 9.9901E-05 0.0287846 9.9901E-05 9.9901E-05 9.9901E-05 9.9901E-05 9.9901E-05
9.9883E-05 9.9883E-05 9.9883E-05 0.0265671 9.9883E-05 0.23454 9.9883E-05 9.9883E-05 0.298437 0.439157 9.9883E-05 9.9883E-05 9.9883E-05 9.9883E-05 9.9883E-05 9.9883E-05 9.9883E-05
0.0246649 9.99008E-05 9.99008E-05 0.24926 9.99008E-05 9.99008E-05 9.99008E-05 9.99008E-05 9.99008E-05 9.99008E-05 0.557465 0.114785 0.00762275 9.99008E-05 0.0451038 9.99008E-05 9.99008E-05
9.98829E-05 9.98829E-05 9.98829E-05 0.0453155 9.98829E-05 9.98829E-05 0.0979957 9.98829E-05 9.98829E-05 0.760288 9.98829E-05 9.98829E-05 9.98829E-05 9.98829E-05 0.0951018 9.98829E-05 9.98829E-05
9.991E-05 9.991E-05 0.0385889 0.407099 0.00661647 9.991E-05 0.049182 9.991E-05 9.991E-05 0.239664 9.991E-05 0.245944 9.991E-05 9.991E-05 0.0119071 9.991E-05 9.991E-05
9.99099E-05 9.99099E-05 9.99099E-05 0.488919 9.99099E-05 9.99099E-05 0.184206 9.99099E-05 9.99099E-05 0.0138118 0.156618 0.0824996 9.99099E-05 9.99099E-05 0.068934 9.99099E-05 0.00401293
9.99099E-05 9.99099E-05 0.138823 0.426137 9.99099E-05 0.0339715 9.99099E-05 9.99099E-05 0.0576715 0.322609 9.99099E-05 9.99099E-05 9.99099E-05 9.99099E-05 0.0196133 0.000175307 9.99099E-05
9.99099E-05 9.99099E-05 0.0110082 0.26456 9.99099E-05 9.99099E-05 9.99099E-05 9.99099E-05 0.0374243 0.264769 0.290955 9.99099E-05 9.99099E-05 9.99099E-05 0.0971236 0.0331615 9.99099E-05
9.99099E-05 9.99099E-05 0.38506 0.0502916 0.0203246 9.99099E-05 0.271903 0.078735 9.99099E-05 9.99099E-05 0.140151 9.99099E-05 9.99099E-05 9.99099E-05 9.99099E-05 0.052535 9.99099E-05
9.99188E-05 9.99188E-05 0.0930286 0.365905 9.99188E-05 9.99188E-05 9.99188E-05 0.00231311 9.99188E-05 0.26469 0.0818834 0.0141483 0.0643612 9.99188E-05 9.99188E-05 9.99188E-05 0.112771
0.0463216 9.98918E-05 9.98918E-05 0.164251 9.98918E-05 9.98918E-05 9.98918E-05 9.98918E-05 9.98918E-05 0.31215 0.37055 9.98918E-05 9.98918E-05 9.98918E-05 0.105528 9.98918E-05 9.98918E-05
9.98829E-05 9.98829E-05 9.98829E-05 0.0958784 9.98829E-05 9.98829E-05 0.156736 9.98829E-05 9.98829E-05 9.98829E-05 0.289693 9.98829E-05 9.98829E-05 9.98829E-05 9.98829E-05 9.98829E-05 0.456395
0.114742 0.0238129 9.991E-05 0.277362 9.991E-05 9.991E-05 0.0886656 9.991E-05 9.991E-05 9.991E-05 0.436865 0.0361398 9.991E-05 9.991E-05 9.991E-05 9.991E-05 0.0214131
0.0200113 9.99279E-05 9.99279E-05 0.0691554 9.99279E-05 9.99279E-05 9.99279E-05 9.99279E-05 0.0508612 0.704257 0.0437177 9.99279E-05 0.00307379 0.0258127 9.99279E-05 0.0183258 0.0639853
9.99099E-05 9.99099E-05 9.99099E-05 0.652337 0.00930924 9.99099E-05 9.99099E-05 9.99099E-05 9.99099E-05 0.149376 0.0753762 9.99099E-05 0.0132617 9.99099E-05 0.0870878 0.0122521 9.99099E-05
9.99009E-05 0.0208406 0.145828 0.124149 9.99009E-05 0.0227781 9.99009E-05 9.99009E-05 0.224915 0.46039 9.99009E-05 9.99009E-05 9.99009E-05 9.99009E-05 9.99009E-05 9.99009E-05 9.99009E-05
0.0145351 9.98918E-05 9.98918E-05 0.174324 9.98918E-05 9.98918E-05 0.464213 9.98918E-05 9.98918E-05 9.98918E-05 0.321723 9.98918E-05 9.98918E-05 9.98918E-05 9.98918E-05 9.98918E-05 0.0240065
0.0905824 9.99009E-05 0.0112136 0.44722 9.99009E-05 9.99009E-05 9.99009E-05 9.99009E-05 9.99009E-05 9.99009E-05 0.347043 0.0964807 9.99009E-05 9.99009E-05 9.99009E-05 9.99009E-05 0.00636087
9.99098E-05 9.99098E-05 0.0757836 0.19348 9.99098E-05 0.0815975 9.99098E-05 9.99098E-05 0.0670001 0.521031 9.99098E-05 9.99098E-05 9.99098E-05 9.99098E-05 0.0346605 0.0254483 9.99098E-05
9.99009E-05 9.99009E-05 0.313474 9.99009E-05 9.99009E-05 9.99009E-05 0.341356 9.99009E-05 9.99009E-05 9.99009E-05 0.137649 9.99009E-05 0.0758171 0.0912259 0.0393793 9.99009E-05 9.99009E-05
9.99009E-05 9.99009E-05 0.543755 9.99009E-05 0.00419946 0.000219481 0.0318423 9.99009E-05 9.99009E-05 9.99009E-05 0.0173676 9.99009E-05 9.99009E-05 9.99009E-05 9.99009E-05 9.99009E-05 0.401517
9.99189E-05 9.99189E-05 0.0446968 0.379955 9.99189E-05 9.99189E-05 9.99189E-05 0.0336869 0.307309 0.00957971 9.99189E-05 0.0849803 9.99189E-05 9.99189E-05 0.0392319 0.0996616 9.99189E-05
0.122483 9.99008E-05 0.604472 9.99008E-05 9.99008E-05 0.0758778 9.99008E-05 0.00758239 0.132047 9.99008E-05 9.99008E-05 9.99008E-05 9.99008E-05 9.99008E-05 0.0564393 9.99008E-05 9.99008E-05
9.9919E-05 9.9919E-05 0.209395 9.9919E-05 9.9919E-05 0.00426598 0.300009 0.0347228 9.9919E-05 0.0405636 0.00360317 0.0730416 9.9919E-05 9.9919E-05 9.9919E-05 9.9919E-05 0.3335
9.99009E-05 9.99009E-05 0.272949 9.99009E-05 9.99009E-05 0.128758 0.496282 9.99009E-05 9.99009E-05 9.99009E-05 0.000769213 0.027246 9.99009E-05 0.0728965 9.99009E-05 9.99009E-05 9.99009E-05
9.99189E-05 9.99189E-05 0.191704 9.99189E-05 9.99189E-05 0.0931096 0.387897 9.99189E-05 9.99189E-05 9.99189E-05 0.0719294 0.0931609 0.0248888 0.121269 9.99189E-05 9.99189E-05 0.0151416
9.9874E-05 9.9874E-05 0.293128 9.9874E-05 9.9874E-05 0.0213977 9.9874E-05 9.9874E-05 0.684076 9.9874E-05 9.9874E-05 9.9874E-05 9.9874E-05 9.9874E-05 9.9874E-05 9.9874E-05 9.9874E-05
9.99009E-05 9.99009E-05 0.483281 0.380523 9.99009E-05 0.0433692 9.99009E-05 9.99009E-05 9.99009E-05 0.0381127 9.99009E-05 0.0391167 9.99009E-05 9.99009E-05 9.99009E-05 0.0144983 9.99009E-05
0.346233 9.99188E-05 0.219543 9.99188E-05 9.99188E-05 9.99188E-05 0.0132366 9.99188E-05 9.99188E-05 9.99188E-05 0.0524461 0.0383758 0.00849495 9.99188E-05 0.214774 9.99188E-05 0.105997
9.98918E-05 9.98918E-05 0.204683 9.98918E-05 9.98918E-05 0.142244 0.519417 9.98918E-05 9.98918E-05 9.98918E-05 9.98918E-05 9.98918E-05 9.98918E-05 9.98918E-05 0.0318169 9.98918E-05 0.10064
0.0697365 0.00943376 0.237991 0.0651784 9.99189E-05 0.00958537 9.99189E-05 9.99189E-05 0.503327 9.99189E-05 9.99189E-05 9.99189E-05 9.99189E-05 9.99189E-05 0.0608756 0.0429737 9.99189E-05
0.0370612 9.9919E-05 0.093864 0.5626 9.9919E-05 0.127943 0.0527821 0.0606355 9.9919E-05 9.9919E-05 0.0428719 9.9919E-05 9.9919E-05 9.9919E-05 9.9919E-05 0.0213436 9.9919E-05
0.0579696 9.99098E-05 0.282734 0.278916 9.99098E-05 0.0449769 0.102901 9.99098E-05 9.99098E-05 0.16922 9.99098E-05 0.0622832 9.99098E-05 9.99098E-05 9.99098E-05 9.99098E-05 9.99098E-05
0.632341 0.0329024 0.153848 9.99098E-05 9.99098E-05 0.107512 9.99098E-05 9.99098E-05 9.99098E-05 9.99098E-05 0.0373522 9.99098E-05 9.99098E-05 9.99098E-05 0.0322064 9.99098E-05 0.00283947
0.0573934 9.99009E-05 9.99009E-05 0.516185 9.99009E-05 0.00443895 9.99009E-05 9.99009E-05 9.99009E-05 0.160679 9.99009E-05 9.99009E-05 9.99009E-05 9.99009E-05 0.214399 0.0458063 9.99009E-05
0.000700391 9.99188E-05 0.0564575 0.270708 9.99188E-05 9.99188E-05 0.121847 9.99188E-05 9.99188E-05 9.99188E-05 0.274842 9.99188E-05 0.0613493 9.99188E-05 0.0505215 9.99188E-05 0.162675
0.313182 9.99098E-05 0.147407 0.272668 9.99098E-05 9.99098E-05 0.103268 9.99098E-05 9.99098E-05 9.99098E-05 0.0495716 0.052335 9.99098E-05 9.99098E-05 9.99098E-05 9.99098E-05 0.0605696
9.991E-05 9.991E-05 0.108788 9.991E-05 9.991E-05 0.181278 0.478112 0.0332875 9.991E-05 9.991E-05 9.991E-05 9.991E-05 0.0313961 0.0488731 9.991E-05 9.991E-05 0.117267
0.000322228 9.99368E-05 0.425102 0.0456795 9.99368E-05 0.109286 9.99368E-05 0.017261 9.99368E-05 0.231331 0.000660785 9.99368E-05 0.0116557 9.99368E-05 0.0228895 0.135112 9.99368E-05
9.98918E-05 9.98918E-05 0.357928 9.98918E-05 9.98918E-05 9.98918E-05 0.36532 9.98918E-05 9.98918E-05 9.98918E-05 0.230061 9.98918E-05 0.0260305 9.98918E-05 9.98918E-05 9.98918E-05 0.0194622
