9.9937E-05 9.9937E-05 9.9937E-05 9.9937E-05 0.255016 0.0442485 9.9937E-05 9.9937E-05 9.9937E-05 0.35003 0.0191603 0.310012 0.0208345
9.99459E-05 9.99459E-05 9.99459E-05 0.136537 0.491104 0.000282035 0.0313712 9.99459E-05 9.99459E-05 0.0648742 9.99459E-05 0.238838 0.0363945
9.99459E-05 0.0490411 9.99459E-05 9.99459E-05 0.258929 0.00594229 0.0682492 0.0106912 9.99459E-05 9.99459E-05 0.279341 9.99459E-05 0.327206
0.334935 9.99189E-05 9.99189E-05 0.0582977 9.99189E-05 9.99189E-05 9.99189E-05 9.99189E-05 9.99189E-05 0.348396 9.99189E-05 0.257472 9.99189E-05
0.0930261 0.0605157 0.237334 0.0405537 9.99549E-05 9.99549E-05 0.0932827 0.00167511 9.99549E-05 0.0977733 9.99549E-05 0.375339 9.99549E-05
9.99279E-05 0.235041 9.99279E-05 9.99279E-05 0.374586 9.99279E-05 9.99279E-05 0.0466233 9.99279E-05 0.290701 0.0522496 9.99279E-05 9.99279E-05
0.024283 9.99278E-05 9.99278E-05 9.99278E-05 0.218311 9.99278E-05 9.99278E-05 9.99278E-05 9.99278E-05 0.0267017 0.352051 9.99278E-05 0.377855
9.9946E-05 0.193006 9.9946E-05 9.9946E-05 0.554949 9.9946E-05 9.9946E-05 0.0567157 9.9946E-05 0.031502 0.1363 0.00860662 0.0183212
0.249094 0.0453034 9.996E-05 0.064158 0.346764 0.0290371 9.996E-05 0.0214761 9.996E-05 0.0804453 9.996E-05 0.158345 0.00497781
9.99369E-05 0.321267 9.99369E-05 9.99369E-05 9.99369E-05 0.0507872 9.99369E-05 9.99369E-05 0.00713027 0.00654538 0.17937 9.99369E-05 0.4342
0.126995 0.0448298 9.99549E-05 0.435436 0.096819 9.99549E-05 0.0534351 9.99549E-05 9.99549E-05 0.12283 9.99549E-05 0.113235 0.00592027
0.214648 0.176507 9.99279E-05 0.114135 9.99279E-05 9.99279E-05 9.99279E-05 9.99279E-05 9.99279E-05 9.99279E-05 9.99279E-05 0.426208 0.0677019
0.297289 9.99729E-05 0.0374558 0.0410755 0.177222 0.00338172 0.190215 0.0382568 0.0732548 0.0656844 0.0758641 9.99729E-05 9.99729E-05
9.99369E-05 0.134409 9.99369E-05 9.99369E-05 0.216384 9.99369E-05 9.99369E-05 9.99369E-05 9.99369E-05 0.135997 0.153593 0.00371457 0.355202
9.99189E-05 0.0474778 9.99189E-05 0.504607 0.0403385 9.99189E-05 9.99189E-05 9.99189E-05 9.99189E-05 9.99189E-05 9.99189E-05 0.406677 9.99189E-05
9.99549E-05 0.00579819 9.99549E-05 9.99549E-05 0.0567464 0.0198776 9.99549E-05 0.032201 0.154377 0.101949 0.259258 9.99549E-05 0.369293
0.0594669 9.99278E-05 9.99278E-05 9.99278E-05 0.238993 9.99278E-05 9.99278E-05 9.99278E-05 9.99278E-05 0.106606 0.239074 9.99278E-05 0.35506
9.99368E-05 9.99368E-05 9.99368E-05 0.0399398 0.48225 9.99368E-05 0.016154 9.99368E-05 9.99368E-05 0.042217 0.345264 9.99368E-05 0.0734759
0.421931 0.00184311 9.9955E-05 9.9955E-05 0.174157 9.9955E-05 0.0863453 9.9955E-05 9.9955E-05 0.0588968 0.0523971 0.187522 0.0164074
9.99098E-05 9.99098E-05 0.15134 0.106998 9.99098E-05 0.740663 9.99098E-05 9.99098E-05 9.99098E-05 9.99098E-05 9.99098E-05 9.99098E-05 9.99098E-05
0.00537609 9.99098E-05 0.237254 9.99098E-05 9.99098E-05 0.75637 9.99098E-05 9.99098E-05 9.99098E-05 9.99098E-05 9.99098E-05 9.99098E-05 9.99098E-05
9.99008E-05 9.99008E-05 9.99008E-05 9.99008E-05 9.99008E-05 0.814854 9.99008E-05 9.99008E-05 9.99008E-05 0.184047 9.99008E-05 9.99008E-05 9.99008E-05
0.260262 9.99099E-05 0.133442 9.99099E-05 9.99099E-05 0.605297 9.99099E-05 9.99099E-05 9.99099E-05 9.99099E-05 9.99099E-05 9.99099E-05 9.99099E-05
0.149359 9.99189E-05 9.99189E-05 0.10662 9.99189E-05 0.718127 9.99189E-05 9.99189E-05 9.99189E-05 9.99189E-05 9.99189E-05 0.0249951 9.99189E-05
9.99368E-05 0.00110838 9.99368E-05 9.99368E-05 0.0146936 0.482768 9.99368E-05 0.206672 9.99368E-05 9.99368E-05 0.050798 9.99368E-05 0.24326
9.99278E-05 0.0585467 9.99278E-05 0.138091 9.99278E-05 0.401182 9.99278E-05 0.133916 9.99278E-05 9.99278E-05 9.99278E-05 0.267465 9.99278E-05
9.99189E-05 9.99189E-05 9.99189E-05 9.99189E-05 9.99189E-05 0.260717 9.99189E-05 0.184078 0.508365 9.99189E-05 0.0459396 9.99189E-05 9.99189E-05
9.99368E-05 0.013459 0.444385 0.0257884 9.99368E-05 0.291237 9.99368E-05 0.0598942 9.99368E-05 9.99368E-05 9.99368E-05 0.164537 9.99368E-05
9.99098E-05 9.99098E-05 9.99098E-05 9.99098E-05 9.99098E-05 0.821186 9.99098E-05 9.99098E-05 9.99098E-05 0.174068 9.99098E-05 9.99098E-05 0.00374635
0.124511 9.99099E-05 0.0500939 9.99099E-05 9.99099E-05 0.824396 9.99099E-05 9.99099E-05 9.99099E-05 9.99099E-05 9.99099E-05 9.99099E-05 9.99099E-05
0.0491379 9.99461E-05 0.0716526 9.99461E-05 0.0239779 0.601892 9.99461E-05 9.99461E-05 0.144552 9.99461E-05 0.0446585 9.99461E-05 0.0635292
9.99369E-05 9.99369E-05 9.99369E-05 9.99369E-05 9.99369E-05 0.24108 0.0946213 0.427869 0.0161342 0.129668 9.99369E-05 9.99369E-05 0.0899272
9.99188E-05 9.99188E-05 9.99188E-05 9.99188E-05 9.99188E-05 0.605316 9.99188E-05 9.99188E-05 0.160667 9.99188E-05 0.0902877 9.99188E-05 0.14283
9.99188E-05 9.99188E-05 9.99188E-05 9.99188E-05 0.138285 0.695653 9.99188E-05 9.99188E-05 9.99188E-05 9.99188E-05 0.10839 9.99188E-05 0.0567725
0.1644 9.99099E-05 9.99099E-05 0.0029707 9.99099E-05 0.83163 9.99099E-05 9.99099E-05 9.99099E-05 9.99099E-05 9.99099E-05 9.99099E-05 9.99099E-05
9.99189E-05 9.99189E-05 0.0520516 0.19665 9.99189E-05 0.705652 9.99189E-05 9.99189E-05 9.99189E-05 9.99189E-05 9.99189E-05 0.0447478 9.99189E-05
9.99099E-05 9.99099E-05 0.0696828 0.28025 9.99099E-05 0.649068 9.99099E-05 9.99099E-05 9.99099E-05 9.99099E-05 9.99099E-05 9.99099E-05 9.99099E-05
0.187053 9.99189E-05 0.110468 9.99189E-05 9.99189E-05 0.651233 9.99189E-05 9.99189E-05 9.99189E-05 9.99189E-05 9.99189E-05 0.0503461 9.99189E-05
0.00321532 9.99278E-05 0.0421149 9.99278E-05 0.0152487 9.99278E-05 9.99278E-05 0.766465 9.99278E-05 0.172157 9.99278E-05 9.99278E-05 9.99278E-05
9.991E-05 9.991E-05 9.991E-05 9.991E-05 9.991E-05 9.991E-05 0.0132473 0.63068 0.355074 9.991E-05 9.991E-05 9.991E-05 9.991E-05
9.99369E-05 0.0300186 9.99369E-05 9.99369E-05 9.99369E-05 0.0893784 9.99369E-05 0.389202 0.26507 9.99369E-05 0.141301 9.99369E-05 0.0843306
0.0980158 9.99279E-05 0.362843 9.99279E-05 9.99279E-05 0.00021565 9.99279E-05 0.461245 0.0768811 9.99279E-05 9.99279E-05 9.99279E-05 9.99279E-05
9.99098E-05 9.99098E-05 9.99098E-05 9.99098E-05 9.99098E-05 0.249359 9.99098E-05 0.522871 9.99098E-05 0.226771 9.99098E-05 9.99098E-05 9.99098E-05
9.9955E-05 0.0755032 9.9955E-05 0.00391036 9.9955E-05 0.0868038 0.0717325 0.533814 0.0691284 9.9955E-05 0.0586585 9.9955E-05 0.0999496
0.0411827 9.9919E-05 9.9919E-05 9.9919E-05 9.9919E-05 0.101637 9.9919E-05 0.278675 9.9919E-05 9.9919E-05 9.9919E-05 0.577606 9.9919E-05
0.00851511 9.99189E-05 9.99189E-05 0.147458 9.99189E-05 9.99189E-05 9.99189E-05 0.560167 9.99189E-05 9.99189E-05 9.99189E-05 0.282961 9.99189E-05
9.99279E-05 9.99279E-05 9.99279E-05 9.99279E-05 9.99279E-05 0.181929 9.99279E-05 0.388388 0.169683 9.99279E-05 0.0324726 9.99279E-05 0.226729
9.99189E-05 9.99189E-05 0.00252925 0.0463641 9.99189E-05 9.99189E-05 9.99189E-05 0.751685 9.99189E-05 0.198523 9.99189E-05 9.99189E-05 9.99189E-05
9.99009E-05 9.99009E-05 9.99009E-05 9.99009E-05 9.99009E-05 9.99009E-05 9.99009E-05 0.277077 0.721825 9.99009E-05 9.99009E-05 9.99009E-05 9.99009E-05
9.9928E-05 9.9928E-05 0.134542 0.0349695 0.0549363 9.9928E-05 9.9928E-05 0.654372 9.9928E-05 9.9928E-05 9.9928E-05 0.120381 9.9928E-05
9.99099E-05 9.99099E-05 0.0670116 9.99099E-05 9.99099E-05 9.99099E-05 9.99099E-05 0.611959 0.32003 9.99099E-05 9.99099E-05 9.99099E-05 9.99099E-05
0.0268641 0.0283254 0.452852 9.99279E-05 9.99279E-05 0.0556383 9.99279E-05 0.435521 9.99279E-05 9.99279E-05 9.99279E-05 9.99279E-05 9.99279E-05
9.99278E-05 0.0507887 9.99278E-05 0.36031 9.99278E-05 0.127743 9.99278E-05 0.391834 9.99278E-05 9.99278E-05 9.99278E-05 0.0685241 9.99278E-05
9.9937E-05 0.0083575 9.9937E-05 0.332986 0.147259 0.0109399 9.9937E-05 0.484052 9.9937E-05 9.9937E-05 9.9937E-05 0.0157065 9.9937E-05
0.0366072 9.99369E-05 0.351772 9.99369E-05 9.99369E-05 0.0272987 9.99369E-05 0.286386 9.99369E-05 9.99369E-05 9.99369E-05 0.243515 0.0537219
0.420275 9.9919E-05 9.9919E-05 9.9919E-05 9.9919E-05 0.455869 9.9919E-05 0.0370048 9.9919E-05 9.9919E-05 9.9919E-05 0.0859527 9.9919E-05
9.99278E-05 9.99278E-05 9.99278E-05 9.99278E-05 9.99278E-05 9.99278E-05 0.00357448 0.738551 0.0684201 0.143117 9.99278E-05 9.99278E-05 0.0455377
9.99369E-05 0.0138561 0.206383 0.0403588 9.99369E-05 0.0699829 9.99369E-05 0.54259 0.126129 9.99369E-05 9.99369E-05 9.99369E-05 9.99369E-05
9.99278E-05 9.99278E-05 9.99278E-05 9.99278E-05 9.99278E-05 0.00403039 9.99278E-05 0.654915 0.263021 0.0349629 9.99278E-05 9.99278E-05 0.042272
9.99187E-05 9.99187E-05 0.258697 0.0141389 9.99187E-05 9.99187E-05 9.99187E-05 0.61865 9.99187E-05 9.99187E-05 9.99187E-05 0.107615 9.99187E-05
9.99278E-05 9.99278E-05 9.99278E-05 0.111246 9.99278E-05 0.0378679 9.99278E-05 0.662672 9.99278E-05 0.0988567 9.99278E-05 0.088558 9.99278E-05
9.99189E-05 9.99189E-05 9.99189E-05 0.128937 0.0938447 9.99189E-05 9.99189E-05 0.644144 9.99189E-05 9.99189E-05 9.99189E-05 0.132176 9.99189E-05
9.99279E-05 9.99279E-05 9.99279E-05 9.99279E-05 9.99279E-05 0.0684787 0.199749 0.490731 0.00592714 9.99279E-05 9.99279E-05 9.99279E-05 0.234315
0.297106 9.99279E-05 0.177583 9.99279E-05 9.99279E-05 0.0255691 9.99279E-05 0.479966 9.99279E-05 9.99279E-05 9.99279E-05 0.0189771 9.99279E-05
9.99099E-05 9.99099E-05 9.99099E-05 9.99099E-05 9.99099E-05 9.99099E-05 9.99099E-05 0.469072 9.99099E-05 9.99099E-05 0.334355 9.99099E-05 0.195573
0.0207441 0.00478674 9.99549E-05 0.219557 0.092694 0.187259 9.99549E-05 0.337952 9.99549E-05 0.0207782 9.99549E-05 0.115728 9.99549E-05
9.99098E-05 9.99098E-05 0.231723 9.99098E-05 9.99098E-05 9.99098E-05 9.99098E-05 0.525436 9.99098E-05 9.99098E-05 9.99098E-05 0.241842 9.99098E-05
9.99189E-05 9.99189E-05 0.216478 0.180117 9.99189E-05 9.99189E-05 9.99189E-05 0.466583 9.99189E-05 9.99189E-05 9.99189E-05 0.135923 9.99189E-05
9.99458E-05 0.0158014 9.99458E-05 9.99458E-05 0.0983433 0.212914 9.99458E-05 0.409537 9.99458E-05 0.0154618 0.0189327 0.228411 9.99458E-05
9.99279E-05 0.0290151 9.99279E-05 9.99279E-05 9.99279E-05 0.345738 9.99279E-05 0.319134 9.99279E-05 0.290175 9.99279E-05 0.0151391 9.99279E-05
9.99369E-05 0.0104012 9.99369E-05 9.99369E-05 9.99369E-05 0.267667 0.0417236 0.250426 0.360186 9.99369E-05 9.99369E-05 9.99369E-05 0.0688967
9.99099E-05 9.99099E-05 9.99099E-05 9.99099E-05 9.99099E-05 9.99099E-05 9.99099E-05 0.497643 0.0852672 9.99099E-05 0.416091 9.99099E-05 9.99099E-05
0.00543955 9.99189E-05 0.151307 9.99189E-05 9.99189E-05 0.619077 9.99189E-05 9.99189E-05 9.99189E-05 9.99189E-05 9.99189E-05 0.223278 9.99189E-05
9.99278E-05 9.99278E-05 9.99278E-05 9.99278E-05 9.99278E-05 9.99278E-05 0.0187217 0.632528 0.0831933 9.99278E-05 0.0407869 9.99278E-05 0.22397
9.99279E-05 9.99279E-05 0.0226187 0.110723 9.99279E-05 0.0461687 9.99279E-05 0.587271 9.99279E-05 9.99279E-05 9.99279E-05 0.232419 9.99279E-05
0.193144 0.0137957 9.99369E-05 0.0932674 9.99369E-05 0.247417 9.99369E-05 0.263325 9.99369E-05 9.99369E-05 9.99369E-05 0.188352 9.99369E-05
9.99188E-05 9.99188E-05 9.99188E-05 9.99188E-05 9.99188E-05 0.727878 9.99188E-05 9.99188E-05 0.056309 9.99188E-05 0.100794 9.99188E-05 0.114119
9.99189E-05 9.99189E-05 9.99189E-05 9.99189E-05 9.99189E-05 0.216865 9.99189E-05 0.195221 0.3234 9.99189E-05 0.263614 9.99189E-05 9.99189E-05
9.99188E-05 9.99188E-05 9.99188E-05 9.99188E-05 9.99188E-05 0.732444 9.99188E-05 0.0356403 9.99188E-05 9.99188E-05 0.0572434 9.99188E-05 0.173773
9.99189E-05 9.99189E-05 9.99189E-05 9.99189E-05 9.99189E-05 0.381908 9.99189E-05 0.283272 0.0248823 0.309038 9.99189E-05 9.99189E-05 9.99189E-05
9.99189E-05 9.99189E-05 0.00291572 9.99189E-05 9.99189E-05 0.194463 9.99189E-05 0.20214 0.599582 9.99189E-05 9.99189E-05 9.99189E-05 9.99189E-05
0.362728 9.99099E-05 9.99099E-05 9.99099E-05 9.99099E-05 0.196964 9.99099E-05 0.439309 9.99099E-05 9.99099E-05 9.99099E-05 9.99099E-05 9.99099E-05
0.14677 9.99189E-05 0.127012 9.99189E-05 9.99189E-05 9.99189E-05 9.99189E-05 0.681342 0.0439764 9.99189E-05 9.99189E-05 9.99189E-05 9.99189E-05
0.245779 9.9937E-05 0.0901865 0.0227177 9.9937E-05 0.115554 9.9937E-05 0.444227 0.0808361 9.9937E-05 9.9937E-05 9.9937E-05 9.9937E-05
9.99188E-05 9.99188E-05 9.99188E-05 9.99188E-05 9.99188E-05 9.99188E-05 9.99188E-05 0.633134 0.153464 9.99188E-05 0.0883255 9.99188E-05 0.124177
9.99277E-05 9.99277E-05 0.310865 0.0285954 9.99277E-05 0.0556131 9.99277E-05 0.504206 9.99277E-05 0.099921 9.99277E-05 9.99277E-05 9.99277E-05
0.159068 9.99099E-05 9.99099E-05 9.99099E-05 9.99099E-05 9.99099E-05 9.99099E-05 0.58324 9.99099E-05 9.99099E-05 9.99099E-05 0.256693 9.99099E-05
9.99368E-05 0.0395712 9.99368E-05 9.99368E-05 0.105856 0.388765 9.99368E-05 0.199327 9.99368E-05 9.99368E-05 0.126204 9.99368E-05 0.139578
9.99279E-05 0.0054453 9.99279E-05 9.99279E-05 9.99279E-05 0.0278705 9.99279E-05 0.509611 9.99279E-05 9.99279E-05 0.367899 9.99279E-05 0.0883746
9.99189E-05 9.99189E-05 9.99189E-05 9.99189E-05 0.212039 0.399215 9.99189E-05 0.144958 9.99189E-05 9.99189E-05 9.99189E-05 0.242888 9.99189E-05
9.99368E-05 0.0134429 9.99368E-05 9.99368E-05 0.0428824 0.0125148 9.99368E-05 0.573826 9.99368E-05 9.99368E-05 0.313131 9.99368E-05 0.0435038
9.99189E-05 9.99189E-05 9.99189E-05 9.99189E-05 0.0887009 0.0855784 9.99189E-05 0.472657 9.99189E-05 9.99189E-05 0.352165 9.99189E-05 9.99189E-05
9.99189E-05 9.99189E-05 0.067651 9.99189E-05 9.99189E-05 0.126517 9.99189E-05 0.274264 9.99189E-05 9.99189E-05 9.99189E-05 0.53067 9.99189E-05
9.99099E-05 9.99099E-05 9.99099E-05 9.99099E-05 0.329699 9.99099E-05 9.99099E-05 0.615853 9.99099E-05 9.99099E-05 0.0534488 9.99099E-05 9.99099E-05
9.99369E-05 0.0364366 9.99369E-05 9.99369E-05 0.249939 0.178469 9.99369E-05 0.4305 9.99369E-05 9.99369E-05 0.0726862 0.0312701 9.99369E-05
9.99009E-05 9.99009E-05 9.99009E-05 9.99009E-05 9.99009E-05 9.99009E-05 0.574003 9.99009E-05 0.424898 9.99009E-05 9.99009E-05 9.99009E-05 9.99009E-05
9.9955E-05 9.9955E-05 0.019534 9.9955E-05 0.0239868 0.0408601 0.498497 0.0349052 0.267834 0.100841 0.0130418 9.9955E-05 9.9955E-05
0.0495361 9.99189E-05 0.214707 9.99189E-05 9.99189E-05 9.99189E-05 0.67973 9.99189E-05 0.0551273 9.99189E-05 9.99189E-05 9.99189E-05 9.99189E-05
9.991E-05 0.000968197 9.991E-05 9.991E-05 9.991E-05 9.991E-05 0.645478 9.991E-05 9.991E-05 9.991E-05 9.991E-05 0.352555 9.991E-05
9.99189E-05 0.0280702 9.99189E-05 9.99189E-05 9.99189E-05 9.99189E-05 0.634338 9.99189E-05 0.258803 9.99189E-05 9.99189E-05 9.99189E-05 0.0778902
0.0621415 9.99369E-05 9.99369E-05 9.99369E-05 0.392916 0.00218616 0.230827 9.99369E-05 9.99369E-05 9.99369E-05 9.99369E-05 0.142368 0.168862
9.99098E-05 9.99098E-05 9.99098E-05 9.99098E-05 9.99098E-05 9.99098E-05 0.484778 9.99098E-05 9.99098E-05 9.99098E-05 0.398232 9.99098E-05 0.115991
9.99008E-05 9.99008E-05 9.99008E-05 9.99008E-05 9.99008E-05 9.99008E-05 0.686819 9.99008E-05 0.312082 9.99008E-05 9.99008E-05 9.99008E-05 9.99008E-05
9.99189E-05 9.99189E-05 9.99189E-05 9.99189E-05 9.99189E-05 0.0136561 0.593789 9.99189E-05 9.99189E-05 0.360368 0.0312878 9.99189E-05 9.99189E-05
9.99278E-05 9.99278E-05 0.266138 0.163032 9.99278E-05 9.99278E-05 0.444717 9.99278E-05 9.99278E-05 0.0169162 9.99278E-05 0.108398 9.99278E-05
9.99099E-05 0.126294 9.99099E-05 9.99099E-05 9.99099E-05 9.99099E-05 0.203912 9.99099E-05 0.668794 9.99099E-05 9.99099E-05 9.99099E-05 9.99099E-05
9.99279E-05 0.0476387 0.0134272 0.471027 9.99279E-05 9.99279E-05 0.423834 9.99279E-05 9.99279E-05 9.99279E-05 0.0432742 9.99279E-05 9.99279E-05
9.99189E-05 9.99189E-05 0.00251765 9.99189E-05 9.99189E-05 9.99189E-05 0.744494 9.99189E-05 0.121469 9.99189E-05 9.99189E-05 9.99189E-05 0.13062
9.99369E-05 9.99369E-05 9.99369E-05 0.129152 0.144708 9.99369E-05 0.510087 0.0207082 9.99369E-05 0.171939 9.99369E-05 9.99369E-05 0.0227058
9.99279E-05 9.99279E-05 0.0906644 9.99279E-05 9.99279E-05 0.00761536 0.447232 9.99279E-05 0.0367392 0.416949 9.99279E-05 9.99279E-05 9.99279E-05
9.99459E-05 9.99459E-05 9.99459E-05 9.99459E-05 0.118566 0.00718335 0.322025 9.99459E-05 9.99459E-05 0.062758 0.0980347 0.0322591 0.358575
0.172796 9.99278E-05 9.99278E-05 0.0900708 9.99278E-05 9.99278E-05 0.527497 0.00860736 9.99278E-05 9.99278E-05 9.99278E-05 0.200229 9.99278E-05
0.429758 9.99278E-05 0.202767 9.99278E-05 9.99278E-05 9.99278E-05 0.320533 9.99278E-05 9.99278E-05 9.99278E-05 0.0326112 0.0135312 9.99278E-05
9.99279E-05 9.99279E-05 9.99279E-05 9.99279E-05 9.99279E-05 0.0638904 0.456738 0.0914773 0.0649229 0.322172 9.99279E-05 9.99279E-05 9.99279E-05
9.99099E-05 9.99099E-05 9.99099E-05 9.99099E-05 9.99099E-05 9.99099E-05 0.741661 9.99099E-05 9.99099E-05 9.99099E-05 0.0233869 9.99099E-05 0.233953
9.99279E-05 9.99279E-05 0.160269 0.03167 9.99279E-05 0.0119334 0.538296 9.99279E-05 9.99279E-05 0.257032 9.99279E-05 9.99279E-05 9.99279E-05
0.14451 9.99098E-05 0.324545 9.99098E-05 9.99098E-05 9.99098E-05 0.529946 9.99098E-05 9.99098E-05 9.99098E-05 9.99098E-05 9.99098E-05 9.99098E-05
9.99459E-05 0.0601561 0.264749 0.0936204 0.359122 9.99459E-05 9.99459E-05 9.99459E-05 9.99459E-05 0.0276697 9.99459E-05 0.175893 0.0181897
9.99188E-05 0.695743 9.99188E-05 9.99188E-05 9.99188E-05 9.99188E-05 9.99188E-05 9.99188E-05 9.99188E-05 9.99188E-05 0.189372 0.0194884 0.0944973
0.528051 9.99549E-05 0.143206 9.99549E-05 0.24676 0.00389889 9.99549E-05 0.00620758 0.0464686 9.99549E-05 9.99549E-05 0.000112482 0.0247961
9.99098E-05 9.99098E-05 9.99098E-05 9.99098E-05 0.238522 9.99098E-05 9.99098E-05 9.99098E-05 9.99098E-05 0.173681 9.99098E-05 9.99098E-05 0.586797
9.99097E-05 0.545099 9.99097E-05 9.99097E-05 9.99097E-05 9.99097E-05 9.99097E-05 9.99097E-05 0.443605 9.99097E-05 0.0102969 9.99097E-05 9.99097E-05
0.350821 9.99278E-05 9.99278E-05 0.39545 0.155264 9.99278E-05 9.99278E-05 9.99278E-05 9.99278E-05 0.0509587 9.99278E-05 0.0467067 9.99278E-05
9.99188E-05 0.69744 0.0634107 0.230804 9.99188E-05 0.00744628 9.99188E-05 9.99188E-05 9.99188E-05 9.99188E-05 9.99188E-05 9.99188E-05 9.99188E-05
0.0480065 0.00858462 9.99549E-05 9.99549E-05 0.7038 9.99549E-05 0.00772655 0.0832884 0.03574 0.0943964 0.0179577 9.99549E-05 9.99549E-05
0.285786 0.681431 0.0317838 9.99098E-05 9.99098E-05 9.99098E-05 9.99098E-05 9.99098E-05 9.99098E-05 9.99098E-05 9.99098E-05 9.99098E-05 9.99098E-05
0.0190832 0.251489 9.9928E-05 9.9928E-05 9.9928E-05 9.9928E-05 9.9928E-05 9.9928E-05 0.000619438 9.9928E-05 0.283978 9.9928E-05 0.444031
0.128359 0.178731 0.114664 0.327644 0.224602 9.99368E-05 9.99368E-05 9.99368E-05 9.99368E-05 9.99368E-05 9.99368E-05 0.0252992 9.99368E-05
0.25984 0.536437 0.159563 9.99189E-05 9.99189E-05 9.99189E-05 9.99189E-05 9.99189E-05 9.99189E-05 9.99189E-05 9.99189E-05 0.0432607 9.99189E-05
9.99098E-05 0.475422 9.99098E-05 9.99098E-05 9.99098E-05 9.99098E-05 9.99098E-05 9.99098E-05 0.401276 9.99098E-05 0.122303 9.99098E-05 9.99098E-05
0.128703 9.99279E-05 0.0692369 0.25251 0.270161 9.99279E-05 9.99279E-05 9.99279E-05 9.99279E-05 9.99279E-05 9.99279E-05 0.278589 9.99279E-05
0.371724 0.526526 9.99098E-05 9.99098E-05 9.99098E-05 9.99098E-05 9.99098E-05 9.99098E-05 9.99098E-05 9.99098E-05 9.99098E-05 0.100751 9.99098E-05
0.551324 9.99368E-05 9.99368E-05 0.181522 0.13372 9.99368E-05 9.99368E-05 9.99368E-05 9.99368E-05 0.00216941 0.0530087 9.99368E-05 0.0775567
9.99098E-05 0.501953 9.99098E-05 9.99098E-05 9.99098E-05 9.99098E-05 9.99098E-05 9.99098E-05 0.359072 9.99098E-05 9.99098E-05 9.99098E-05 0.137976
0.562337 0.30347 9.99098E-05 9.99098E-05 0.133194 9.99098E-05 9.99098E-05 9.99098E-05 9.99098E-05 9.99098E-05 9.99098E-05 9.99098E-05 9.99098E-05
9.99279E-05 9.99279E-05 0.109745 0.326956 0.414236 9.99279E-05 9.99279E-05 9.99279E-05 9.99279E-05 0.00477182 9.99279E-05 0.143491 9.99279E-05
9.99458E-05 0.0997754 9.99458E-05 0.00116822 0.461204 0.00967298 9.99458E-05 9.99458E-05 9.99458E-05 0.0917332 9.99458E-05 0.0397714 0.296075
9.9928E-05 9.9928E-05 0.492599 9.9928E-05 0.11806 9.9928E-05 9.9928E-05 9.9928E-05 9.9928E-05 9.9928E-05 0.0291044 0.126223 0.233213
0.368164 0.0531143 0.171403 9.99369E-05 0.171505 0.0462347 9.99369E-05 9.99369E-05 9.99369E-05 9.99369E-05 9.99369E-05 9.99369E-05 0.188879
9.99097E-05 0.457258 9.99097E-05 9.99097E-05 9.99097E-05 9.99097E-05 9.99097E-05 9.99097E-05 0.169862 9.99097E-05 9.99097E-05 9.99097E-05 0.371881
0.0888414 0.133391 9.99459E-05 0.224802 0.421877 0.0891722 9.99459E-05 0.0180256 9.99459E-05 9.99459E-05 0.0232902 9.99459E-05 9.99459E-05
9.99097E-05 0.595751 9.99097E-05 9.99097E-05 0.222997 9.99097E-05 9.99097E-05 9.99097E-05 9.99097E-05 0.180252 9.99097E-05 9.99097E-05 9.99097E-05
9.99459E-05 0.0520298 9.99459E-05 9.99459E-05 9.99459E-05 0.0333305 0.170532 0.0467912 0.0538164 0.242519 9.99459E-05 9.99459E-05 0.400381
0.320839 0.156066 9.99459E-05 0.164997 0.152685 0.0211519 0.132633 0.0510287 9.99459E-05 9.99459E-05 9.99459E-05 9.99459E-05 9.99459E-05
9.99279E-05 0.134596 0.337398 9.99279E-05 9.99279E-05 9.99279E-05 0.0534421 0.0218537 9.99279E-05 0.451911 9.99279E-05 9.99279E-05 9.99279E-05
0.0422141 9.9937E-05 9.9937E-05 9.9937E-05 9.9937E-05 0.0484032 9.9937E-05 9.9937E-05 0.653324 9.9937E-05 0.098742 0.0202799 0.136338
9.99368E-05 0.177043 9.99368E-05 9.99368E-05 9.99368E-05 9.99368E-05 0.0489343 0.037891 9.99368E-05 0.455325 0.155148 9.99368E-05 0.12496
9.99639E-05 0.0565338 9.99639E-05 0.0358455 0.107871 0.0174268 0.143581 0.0190531 0.0770353 0.00136198 9.99639E-05 9.99639E-05 0.540892
9.99369E-05 0.108861 0.185596 0.421842 9.99369E-05 0.00100404 9.99369E-05 9.99369E-05 9.99369E-05 0.107912 9.99369E-05 9.99369E-05 0.174085
9.99009E-05 9.99009E-05 9.99009E-05 9.99009E-05 9.99009E-05 9.99009E-05 9.99009E-05 9.99009E-05 0.145578 9.99009E-05 9.99009E-05 9.99009E-05 0.853323
0.557629 9.99188E-05 9.99188E-05 0.23115 0.17474 9.99188E-05 9.99188E-05 9.99188E-05 9.99188E-05 0.0355811 9.99188E-05 9.99188E-05 9.99188E-05
9.99189E-05 0.00432745 9.99189E-05 9.99189E-05 9.99189E-05 9.99189E-05 9.99189E-05 9.99189E-05 0.0845457 0.130112 9.99189E-05 9.99189E-05 0.780115
0.110468 0.32509 0.378987 9.99369E-05 0.0563551 9.99369E-05 9.99369E-05 9.99369E-05 0.0559649 9.99369E-05 9.99369E-05 9.99369E-05 0.0724355
0.526475 0.0891697 0.150328 0.0107482 9.99459E-05 9.99459E-05 0.0643594 9.99459E-05 9.99459E-05 0.116077 0.0422433 9.99459E-05 9.99459E-05
0.000151129 0.0914838 0.0819065 0.00696011 0.0720057 9.9964E-05 0.0483648 0.102615 9.9964E-05 0.567068 9.9964E-05 9.9964E-05 0.0290455
0.0590376 9.99369E-05 9.99369E-05 9.99369E-05 0.405611 9.99369E-05 0.0483005 0.0260254 9.99369E-05 0.398672 0.0616544 9.99369E-05 9.99369E-05
9.9937E-05 0.0206737 9.9937E-05 9.9937E-05 9.9937E-05 0.00908567 9.9937E-05 0.0287379 9.9937E-05 0.89668 0.0213498 0.022773 9.9937E-05
0.34781 9.99278E-05 0.217744 9.99278E-05 9.99278E-05 9.99278E-05 0.106326 9.99278E-05 9.99278E-05 0.116644 9.99278E-05 9.99278E-05 0.210677
9.99279E-05 9.99279E-05 9.99279E-05 9.99279E-05 9.99279E-05 9.99279E-05 9.99279E-05 9.99279E-05 0.574158 0.170933 0.0766009 0.00721411 0.170294
9.99189E-05 0.276524 9.99189E-05 9.99189E-05 9.99189E-05 9.99189E-05 9.99189E-05 9.99189E-05 0.524296 0.025255 9.99189E-05 9.99189E-05 0.173026
9.99459E-05 0.174056 9.99459E-05 9.99459E-05 0.12054 9.99459E-05 9.99459E-05 0.0333002 9.99459E-05 0.0686227 0.240208 0.0114331 0.35124
9.99369E-05 0.149647 9.99369E-05 9.99369E-05 9.99369E-05 0.0127554 9.99369E-05 0.013746 0.328084 0.00921492 9.99369E-05 9.99369E-05 0.485853
9.99189E-05 9.99189E-05 9.99189E-05 0.111614 9.99189E-05 9.99189E-05 9.99189E-05 9.99189E-05 0.806266 9.99189E-05 0.0439888 0.0372321 9.99189E-05
9.99459E-05 0.313786 9.99459E-05 9.99459E-05 0.134857 9.99459E-05 0.0247777 0.0927866 9.99459E-05 0.036022 0.371463 9.99459E-05 0.0257077
0.0111128 0.048794 9.99459E-05 0.0371332 0.229773 9.99459E-05 9.99459E-05 9.99459E-05 9.99459E-05 0.0414991 0.0264266 9.99459E-05 0.604662
9.9919E-05 9.9919E-05 9.9919E-05 9.9919E-05 9.9919E-05 9.9919E-05 9.9919E-05 9.9919E-05 0.015481 0.0956178 9.9919E-05 0.853863 0.0341386
0.270759 9.99368E-05 9.99368E-05 0.0297994 9.99368E-05 9.99368E-05 9.99368E-05 9.99368E-05 9.99368E-05 0.0734937 0.0831067 0.53097 0.0111722
9.99458E-05 9.99458E-05 9.99458E-05 0.00285897 0.278512 0.00344785 9.99458E-05 9.99458E-05 9.99458E-05 0.115195 0.273163 0.158087 0.168136
0.170266 9.99368E-05 9.99368E-05 0.339916 0.0478828 9.99368E-05 9.99368E-05 9.99368E-05 9.99368E-05 9.99368E-05 0.0667752 0.369753 0.00470692
0.0649261 9.99278E-05 9.99278E-05 0.0191685 9.99278E-05 9.99278E-05 9.99278E-05 9.99278E-05 9.99278E-05 0.0491796 0.07778 0.788146 9.99278E-05
0.478649 9.99369E-05 0.0583806 9.99369E-05 9.99369E-05 0.047584 9.99369E-05 9.99369E-05 9.99369E-05 0.0237961 0.106727 0.284164 9.99369E-05
0.36982 9.99369E-05 9.99369E-05 9.99369E-05 0.00874585 9.99369E-05 0.0261152 9.99369E-05 9.99369E-05 9.99369E-05 0.0667583 0.499063 0.0287982
9.99279E-05 9.99279E-05 9.99279E-05 9.99279E-05 0.00566278 0.00346739 9.99279E-05 9.99279E-05 9.99279E-05 9.99279E-05 0.454465 0.215446 0.320159
9.9919E-05 0.196952 9.9919E-05 9.9919E-05 9.9919E-05 9.9919E-05 9.9919E-05 9.9919E-05 0.255675 9.9919E-05 0.341659 9.9919E-05 0.204814
9.99279E-05 9.99279E-05 9.99279E-05 9.99279E-05 0.633363 0.01806 0.0773311 0.0130271 9.99279E-05 9.99279E-05 9.99279E-05 0.25742 9.99279E-05
9.99099E-05 9.99099E-05 9.99099E-05 9.99099E-05 9.99099E-05 9.99099E-05 0.104335 9.99099E-05 9.99099E-05 9.99099E-05 0.826571 0.068095 9.99099E-05
9.9946E-05 9.9946E-05 9.9946E-05 9.9946E-05 0.259058 0.0804311 0.0146753 0.0612848 9.9946E-05 9.9946E-05 0.295108 0.0901429 0.1987
9.99369E-05 9.99369E-05 9.99369E-05 0.0424369 0.38902 9.99369E-05 0.0567292 9.99369E-05 9.99369E-05 9.99369E-05 0.080739 0.243633 0.186741
9.99279E-05 0.0826522 9.99279E-05 9.99279E-05 0.14055 9.99279E-05 0.0325309 9.99279E-05 9.99279E-05 9.99279E-05 0.323109 9.99279E-05 0.420358
9.99459E-05 9.99459E-05 0.013187 9.99459E-05 0.299276 9.99459E-05 0.102628 9.99459E-05 0.043028 9.99459E-05 0.304546 0.120705 0.11603
0.133105 0.223763 9.99459E-05 0.0192486 0.424539 0.125816 9.99459E-05 0.0198347 9.99459E-05 9.99459E-05 9.99459E-05 0.0530944 9.99459E-05
9.99459E-05 9.99459E-05 9.99459E-05 0.120312 0.366232 0.0363478 9.99459E-05 0.034931 9.99459E-05 9.99459E-05 0.294435 0.008417 0.138725
9.99188E-05 9.99188E-05 9.99188E-05 9.99188E-05 0.375798 9.99188E-05 0.144358 9.99188E-05 9.99188E-05 9.99188E-05 0.319661 0.159283 9.99188E-05
0.0140304 9.99279E-05 0.0103039 0.525399 0.2108 9.99279E-05 9.99279E-05 9.99279E-05 9.99279E-05 9.99279E-05 9.99279E-05 0.238667 9.99279E-05
9.9937E-05 9.9937E-05 0.0523426 0.0226197 0.647413 9.9937E-05 9.9937E-05 9.9937E-05 0.0306319 0.0244112 9.9937E-05 0.221882 9.9937E-05
9.99369E-05 9.99369E-05 0.0618621 0.0328067 0.0884552 9.99369E-05 9.99369E-05 9.99369E-05 0.0486919 9.99369E-05 0.683444 9.99369E-05 0.0840407
9.99189E-05 9.99189E-05 9.99189E-05 9.99189E-05 0.496859 9.99189E-05 0.0727799 9.99189E-05 9.99189E-05 9.99189E-05 0.210901 9.99189E-05 0.218561
9.99189E-05 0.117785 9.99189E-05 9.99189E-05 9.99189E-05 9.99189E-05 9.99189E-05 9.99189E-05 0.0955609 9.99189E-05 0.440176 9.99189E-05 0.345579
0.143419 9.99278E-05 9.99278E-05 0.101085 0.392368 9.99278E-05 9.99278E-05 9.99278E-05 9.99278E-05 0.0240555 9.99278E-05 0.338273 9.99278E-05
9.9946E-05 0.0366284 9.9946E-05 0.0193867 0.691309 0.0418699 9.9946E-05 9.9946E-05 9.9946E-05 0.0347036 9.9946E-05 0.141793 0.0337097
9.99369E-05 0.103955 9.99369E-05 9.99369E-05 0.0394969 9.99369E-05 0.0301904 0.0103101 9.99369E-05 9.99369E-05 0.473216 9.99369E-05 0.342132
0.182043 0.254402 9.9946E-05 0.0994286 9.9946E-05 9.9946E-05 0.0678821 0.0136061 9.9946E-05 0.0142415 9.9946E-05 0.367797 9.9946E-05
9.99099E-05 0.394698 9.99099E-05 0.560785 9.99099E-05 9.99099E-05 9.99099E-05 9.99099E-05 9.99099E-05 9.99099E-05 9.99099E-05 0.0435177 9.99099E-05
9.9955E-05 0.0107121 9.9955E-05 9.9955E-05 9.9955E-05 0.0764229 0.0717907 0.0754172 0.0433921 0.0492639 0.0352673 9.9955E-05 0.637234
9.99279E-05 0.48166 9.99279E-05 9.99279E-05 9.99279E-05 0.0144425 0.034233 9.99279E-05 9.99279E-05 0.273073 9.99279E-05 9.99279E-05 0.195791
9.99279E-05 0.178865 9.99279E-05 0.396392 9.99279E-05 0.0651246 9.99279E-05 9.99279E-05 9.99279E-05 9.99279E-05 0.0666771 0.292142 9.99279E-05
0.253569 0.348443 9.99098E-05 9.99098E-05 9.99098E-05 9.99098E-05 9.99098E-05 9.99098E-05 9.99098E-05 9.99098E-05 9.99098E-05 0.396988 9.99098E-05
0.269764 0.242724 9.99279E-05 0.105377 9.99279E-05 9.99279E-05 9.99279E-05 0.0492378 9.99279E-05 9.99279E-05 9.99279E-05 0.332098 9.99279E-05
9.991E-05 0.26642 9.991E-05 9.991E-05 9.991E-05 9.991E-05 9.991E-05 9.991E-05 0.512796 9.991E-05 9.991E-05 9.991E-05 0.219785
9.99459E-05 0.335132 9.99459E-05 9.99459E-05 0.0604562 9.99459E-05 9.99459E-05 0.0340327 9.99459E-05 0.0389683 0.0475238 0.0177657 0.465522
9.99459E-05 0.0577539 9.99459E-05 0.157545 0.0126991 9.99459E-05 0.251572 0.0382399 9.99459E-05 0.42169 9.99459E-05 0.0598996 9.99459E-05
0.115054 0.28321 9.99368E-05 0.298492 9.99368E-05 9.99368E-05 0.00759658 9.99368E-05 9.99368E-05 0.0635407 9.99368E-05 0.231408 9.99368E-05
9.99421E-05 0.18586 9.99421E-05 9.99421E-05 0.00894549 9.99421E-05 0.0475277 9.99421E-05 0.417407 0.1297 9.99421E-05 9.99421E-05 0.209861
9.99459E-05 0.158139 9.99459E-05 9.99459E-05 0.328792 0.0374744 9.99459E-05 9.99459E-05 9.99459E-05 0.123887 0.00753164 0.0803007 0.263276
9.99459E-05 0.225911 9.99459E-05 9.99459E-05 0.187136 9.99459E-05 9.99459E-05 0.00623543 9.99459E-05 0.218215 0.279336 0.0608057 0.0217609
9.99368E-05 0.208783 0.102651 0.0123973 0.0241732 9.99368E-05 0.0591852 9.99368E-05 9.99368E-05 0.592111 9.99368E-05 9.99368E-05 9.99368E-05
9.99279E-05 9.99279E-05 9.99279E-05 9.99279E-05 0.305103 9.99279E-05 0.193423 9.99279E-05 9.99279E-05 0.0389574 0.168278 9.99279E-05 0.29344
9.99369E-05 9.99369E-05 9.99369E-05 0.277843 0.458532 9.99369E-05 0.065816 0.0292765 0.00310702 9.99369E-05 9.99369E-05 0.164726 9.99369E-05
9.99279E-05 0.108109 9.99279E-05 0.13476 0.350627 9.99279E-05 9.99279E-05 9.99279E-05 9.99279E-05 0.362167 9.99279E-05 0.0435368 9.99279E-05
0.319409 0.252999 9.9928E-05 0.230257 9.9928E-05 0.0151969 9.9928E-05 9.9928E-05 9.9928E-05 9.9928E-05 9.9928E-05 0.181339 9.9928E-05
9.99458E-05 0.358015 9.99458E-05 9.99458E-05 9.99458E-05 0.0121988 0.00526823 0.147921 9.99458E-05 0.0401016 0.221802 9.99458E-05 0.214093
0.11519 0.221437 9.99459E-05 0.131921 0.147164 9.99459E-05 9.99459E-05 0.0109316 9.99459E-05 0.0402143 9.99459E-05 0.332542 9.99459E-05
0.534263 0.166818 9.99279E-05 9.99279E-05 0.138201 9.99279E-05 0.0179549 9.99279E-05 9.99279E-05 9.99279E-05 9.99279E-05 0.141963 9.99279E-05
9.99279E-05 0.194351 9.99279E-05 9.99279E-05 9.99279E-05 9.99279E-05 9.99279E-05 9.99279E-05 0.0173566 0.0911178 0.585023 9.99279E-05 0.111352
9.99369E-05 0.0374451 9.99369E-05 0.188546 0.431907 9.99369E-05 9.99369E-05 9.99369E-05 9.99369E-05 9.99369E-05 0.13019 0.0433601 0.167852
9.99279E-05 0.16069 9.99279E-05 9.99279E-05 0.3302 9.99279E-05 9.99279E-05 0.0395561 9.99279E-05 9.99279E-05 0.290386 9.99279E-05 0.178369
9.9946E-05 0.051662 0.037746 0.0661648 9.9946E-05 9.9946E-05 9.9946E-05 9.9946E-05 0.00323949 0.0159697 0.0456944 0.778924 9.9946E-05
0.0702506 0.0417278 0.274249 9.9955E-05 0.151552 0.0585294 9.9955E-05 0.131687 9.9955E-05 9.9955E-05 0.0503652 0.221138 9.9955E-05
0.075976 0.0435077 9.99369E-05 0.0307248 0.451353 9.99369E-05 9.99369E-05 0.0434795 9.99369E-05 9.99369E-05 9.99369E-05 0.35426 9.99369E-05
9.99189E-05 0.175501 9.99189E-05 9.99189E-05 9.99189E-05 9.99189E-05 9.99189E-05 9.99189E-05 9.99189E-05 0.0946153 0.638598 9.99189E-05 0.0903863
0.034254 0.023811 0.0302595 9.9928E-05 0.590151 9.9928E-05 9.9928E-05 9.9928E-05 9.9928E-05 9.9928E-05 9.9928E-05 0.320725 9.9928E-05
9.9937E-05 0.0818953 0.0111856 9.9937E-05 0.21266 0.00170514 0.118526 9.9937E-05 9.9937E-05 9.9937E-05 9.9937E-05 0.573328 9.9937E-05
9.9937E-05 0.0491042 0.0609155 0.217964 0.0752205 9.9937E-05 0.0827499 9.9937E-05 9.9937E-05 9.9937E-05 9.9937E-05 0.513346 9.9937E-05
9.99369E-05 9.99369E-05 0.032061 9.99369E-05 0.148979 9.99369E-05 0.0785575 9.99369E-05 0.0196763 9.99369E-05 0.657404 9.99369E-05 0.0626224
9.99639E-05 0.0866514 9.99639E-05 0.0540905 0.397955 0.00193138 0.0474721 9.99639E-05 9.99639E-05 0.0348968 0.134588 0.132496 0.109519
0.02176 0.0137002 0.0350775 0.396235 0.0206567 0.0211845 9.9964E-05 9.9964E-05 9.9964E-05 9.9964E-05 0.102606 0.367679 0.0207008
9.9955E-05 0.231952 0.102146 9.9955E-05 0.230217 9.9955E-05 0.0842628 0.0124773 0.0135225 9.9955E-05 0.234502 9.9955E-05 0.0904216
9.99099E-05 9.99099E-05 0.179551 9.99099E-05 0.221152 9.99099E-05 9.99099E-05 9.99099E-05 9.99099E-05 9.99099E-05 9.99099E-05 0.598299 9.99099E-05
0.234561 9.99369E-05 0.255481 9.99369E-05 0.288513 9.99369E-05 9.99369E-05 9.99369E-05 0.119589 9.99369E-05 0.0646237 9.99369E-05 0.0365326
9.99369E-05 0.15352 9.99369E-05 9.99369E-05 0.318925 0.0047581 0.0955783 9.99369E-05 9.99369E-05 9.99369E-05 0.186294 0.240224 9.99369E-05
9.9919E-05 0.101414 9.9919E-05 9.9919E-05 9.9919E-05 9.9919E-05 9.9919E-05 9.9919E-05 0.0328633 9.9919E-05 0.740747 9.9919E-05 0.124076
0.0421676 0.0954233 9.99459E-05 9.99459E-05 0.514905 0.0471262 9.99459E-05 9.99459E-05 9.99459E-05 0.136328 0.0540244 0.109426 9.99459E-05
9.99819E-05 0.0395442 0.0395729 0.0057561 0.119616 0.0121029 0.0433599 0.00142189 0.0542468 0.454586 0.0896951 9.99819E-05 0.139898
9.9937E-05 0.0140363 9.9937E-05 9.9937E-05 9.9937E-05 9.9937E-05 0.0475525 9.9937E-05 0.391115 0.0637289 9.9937E-05 0.0103413 0.472527
9.99369E-05 0.0287532 9.99369E-05 9.99369E-05 0.638977 9.99369E-05 9.99369E-05 0.011399 0.0147546 0.21714 0.0882765 9.99369E-05 9.99369E-05
9.99188E-05 0.084662 9.99188E-05 9.99188E-05 9.99188E-05 9.99188E-05 0.658716 9.99188E-05 9.99188E-05 9.99188E-05 0.0979718 9.99188E-05 0.157751
0.0362288 0.11277 9.99459E-05 0.101502 0.211911 9.99459E-05 9.99459E-05 9.99459E-05 9.99459E-05 0.222814 0.118898 9.99459E-05 0.195276
0.495659 9.99279E-05 9.99279E-05 0.1245 0.0619941 9.99279E-05 9.99279E-05 9.99279E-05 9.99279E-05 0.289496 9.99279E-05 0.0275509 9.99279E-05
9.99189E-05 0.283546 9.99189E-05 9.99189E-05 9.99189E-05 9.99189E-05 9.99189E-05 9.99189E-05 0.376216 0.0527604 9.99189E-05 9.99189E-05 0.286578
0.350994 0.292449 0.325767 9.99189E-05 9.99189E-05 9.99189E-05 9.99189E-05 9.99189E-05 9.99189E-05 9.99189E-05 9.99189E-05 0.0298904 9.99189E-05
0.0790606 9.99278E-05 9.99278E-05 0.0286019 0.194316 9.99278E-05 0.42261 9.99278E-05 9.99278E-05 9.99278E-05 9.99278E-05 0.274612 9.99278E-05
9.99278E-05 9.99278E-05 0.201086 0.614301 9.99278E-05 9.99278E-05 0.0301911 9.99278E-05 9.99278E-05 0.00575724 9.99278E-05 9.99278E-05 0.147866
9.99189E-05 9.99189E-05 9.99189E-05 9.99189E-05 0.144963 9.99189E-05 0.121374 9.99189E-05 0.551455 9.99189E-05 9.99189E-05 9.99189E-05 0.181309
9.99459E-05 0.0394854 9.99459E-05 9.99459E-05 0.0784697 9.99459E-05 0.045874 9.99459E-05 0.460237 0.0052188 0.211587 9.99459E-05 0.158528
0.500954 0.129957 9.9937E-05 0.19718 0.00830851 9.9937E-05 9.9937E-05 9.9937E-05 9.9937E-05 0.0744231 0.0884783 9.9937E-05 9.9937E-05
0.0239345 9.99369E-05 9.99369E-05 0.0546588 0.411009 9.99369E-05 9.99369E-05 0.0534614 9.99369E-05 0.115878 9.99369E-05 9.99369E-05 0.340358
9.99459E-05 9.99459E-05 9.99459E-05 9.99459E-05 0.286793 9.99459E-05 0.128413 0.0107361 0.0303738 0.465725 0.00557046 9.99459E-05 0.071789
9.99188E-05 9.99188E-05 9.99188E-05 9.99188E-05 9.99188E-05 9.99188E-05 0.0603758 9.99188E-05 0.522191 0.065875 0.350659 9.99188E-05 9.99188E-05
9.99369E-05 9.99369E-05 0.147339 0.0900379 9.99369E-05 9.99369E-05 0.00141226 9.99369E-05 0.069308 0.647107 9.99369E-05 9.99369E-05 0.0440965
0.381645 0.0901217 0.0203583 0.0567139 9.99549E-05 0.0516892 0.000681331 9.99549E-05 0.0330288 0.365262 9.99549E-05 9.99549E-05 9.99549E-05
9.99278E-05 9.99278E-05 9.99278E-05 0.421189 0.0264069 9.99278E-05 9.99278E-05 9.99278E-05 9.99278E-05 0.114959 0.0543509 0.382295 9.99278E-05
9.99189E-05 9.99189E-05 0.087829 0.545727 0.275793 9.99189E-05 9.99189E-05 9.99189E-05 9.99189E-05 0.089752 9.99189E-05 9.99189E-05 9.99189E-05
0.115193 9.99458E-05 0.366963 9.99458E-05 0.17445 9.99458E-05 0.0457098 9.99458E-05 0.0621501 0.191405 0.0435299 9.99458E-05 9.99458E-05
9.99279E-05 9.99279E-05 9.99279E-05 9.99279E-05 9.99279E-05 0.0062194 0.0477468 9.99279E-05 9.99279E-05 0.0288974 0.772201 0.144136 9.99279E-05
9.99369E-05 9.99369E-05 9.99369E-05 0.0122892 0.144723 9.99369E-05 0.0152649 9.99369E-05 9.99369E-05 0.0530801 0.115738 0.658205 9.99369E-05
9.9928E-05 0.00815571 9.9928E-05 9.9928E-05 0.208822 9.9928E-05 0.230263 9.9928E-05 9.9928E-05 9.9928E-05 0.325178 9.9928E-05 0.226782
9.99188E-05 0.060918 9.99188E-05 9.99188E-05 0.522872 9.99188E-05 0.301777 9.99188E-05 9.99188E-05 9.99188E-05 0.113534 9.99188E-05 9.99188E-05
0.0111659 0.0448937 0.00731504 9.99369E-05 0.375383 0.0181446 9.99369E-05 9.99369E-05 9.99369E-05 9.99369E-05 9.99369E-05 0.542398 9.99369E-05
9.991E-05 0.0266796 9.991E-05 9.991E-05 9.991E-05 9.991E-05 9.991E-05 9.991E-05 0.106862 9.991E-05 0.86546 9.991E-05 9.991E-05
9.99368E-05 9.99368E-05 9.99368E-05 0.056252 0.057093 9.99368E-05 0.12715 9.99368E-05 0.366363 0.246138 9.99368E-05 9.99368E-05 0.146304
0.0214745 0.0390411 9.99459E-05 9.99459E-05 0.169984 9.99459E-05 0.0170053 9.99459E-05 9.99459E-05 0.136017 0.231936 9.99459E-05 0.383943
9.99189E-05 9.99189E-05 0.0753442 0.549344 9.99189E-05 9.99189E-05 9.99189E-05 9.99189E-05 0.0293729 0.34504 9.99189E-05 9.99189E-05 9.99189E-05
9.99279E-05 0.0909487 9.99279E-05 0.257694 9.99279E-05 0.0220075 9.99279E-05 9.99279E-05 9.99279E-05 0.503834 9.99279E-05 9.99279E-05 0.124716
9.99459E-05 0.124817 9.99459E-05 0.452231 0.132044 0.0293456 9.99459E-05 0.00607616 9.99459E-05 9.99459E-05 9.99459E-05 0.0689596 0.185927
9.99189E-05 9.99189E-05 9.99189E-05 0.159227 9.99189E-05 9.99189E-05 9.99189E-05 9.99189E-05 0.292791 9.99189E-05 0.0900973 9.99189E-05 0.456986
0.700324 9.9937E-05 9.9937E-05 0.141674 9.9937E-05 9.9937E-05 9.9937E-05 0.0242141 0.00848661 9.9937E-05 9.9937E-05 0.0146829 0.109918
9.99639E-05 9.99639E-05 9.99639E-05 0.0461423 0.159077 0.0309808 0.0774656 0.162191 0.0234298 0.206262 0.070727 9.99639E-05 0.223324
0.191361 0.00608392 9.99549E-05 0.522986 0.0636675 0.000513072 0.1393 0.0452822 9.99549E-05 9.99549E-05 0.0303063 9.99549E-05 9.99549E-05
0.432619 9.9946E-05 0.0298485 0.244993 9.9946E-05 0.00464105 0.0209069 9.9946E-05 9.9946E-05 9.9946E-05 9.9946E-05 0.124205 0.142187
9.99279E-05 9.99279E-05 9.99279E-05 0.8817 9.99279E-05 0.00543009 0.00527801 9.99279E-05 9.99279E-05 0.00736683 9.99279E-05 9.99279E-05 0.0994256
0.0302083 9.99369E-05 9.99369E-05 0.702739 9.99369E-05 0.0263599 9.99369E-05 0.023684 9.99369E-05 9.99369E-05 9.99369E-05 0.127544 0.0887654
9.99369E-05 9.99369E-05 9.99369E-05 0.83849 9.99369E-05 0.0132601 9.99369E-05 0.0743698 0.03413 9.99369E-05 0.0067756 9.99369E-05 0.0322744
9.99549E-05 9.99549E-05 9.99549E-05 0.133642 0.195499 0.0548712 0.0869608 0.0628497 9.99549E-05 0.0832222 0.000652513 9.99549E-05 0.381803
9.99549E-05 0.0557558 9.99549E-05 9.99549E-05 0.150086 0.0027981 0.0472729 0.0631263 9.99549E-05 0.145977 0.385037 9.99549E-05 0.149448
0.459838 0.119762 0.233268 9.99459E-05 9.99459E-05 9.99459E-05 9.99459E-05 0.00533015 9.99459E-05 9.99459E-05 0.050512 0.0602131 0.0704771
9.99188E-05 9.99188E-05 0.334403 0.430106 9.99188E-05 9.99188E-05 9.99188E-05 9.99188E-05 0.141283 0.0933083 9.99188E-05 9.99188E-05 9.99188E-05
0.053932 0.0324354 9.99639E-05 9.99639E-05 0.13112 0.0453547 0.0469493 0.0638249 0.140283 0.25934 9.99639E-05 9.99639E-05 0.226361
9.99279E-05 0.09457 9.99279E-05 9.99279E-05 9.99279E-05 0.0291923 9.99279E-05 9.99279E-05 0.686345 9.99279E-05 9.99279E-05 0.00818603 0.180908
9.991E-05 9.991E-05 9.991E-05 0.0161619 9.991E-05 9.991E-05 9.991E-05 9.991E-05 9.991E-05 9.991E-05 0.582986 9.991E-05 0.399853
9.99279E-05 0.0229933 9.99279E-05 0.0215823 0.0118824 9.99279E-05 9.99279E-05 9.99279E-05 0.589257 9.99279E-05 9.99279E-05 9.99279E-05 0.353485
