0.0680496 9.9937E-05 0.26822 9.9937E-05 0.363701 9.9937E-05 0.239348 9.9937E-05 0.0150984 9.9937E-05 0.00449951 9.9937E-05 9.9937E-05 0.0403833
0.0246934 0.0955946 0.511819 9.99369E-05 0.281239 9.99369E-05 9.99369E-05 9.99369E-05 9.99369E-05 0.0232564 9.99369E-05 9.99369E-05 0.0400944 0.022603
0.0181973 0.0192039 0.259476 9.99549E-05 9.99549E-05 9.99549E-05 9.99549E-05 9.99549E-05 0.352718 0.00464742 0.249427 0.00502152 0.0883847 0.00242393
9.99369E-05 0.00151263 0.00996585 0.00680347 0.587283 9.99369E-05 0.258428 0.112295 9.99369E-05 9.99369E-05 9.99369E-05 9.99369E-05 9.99369E-05 0.0230125
9.99459E-05 0.0123718 9.99459E-05 9.99459E-05 0.246302 0.0115515 0.284076 0.0664253 9.99459E-05 0.279206 9.99459E-05 0.0491008 0.0503667 9.99459E-05
0.039816 9.99459E-05 0.36007 9.99459E-05 0.00855485 0.0381422 0.179493 9.99459E-05 0.0324884 9.99459E-05 0.144379 0.196457 9.99459E-05 9.99459E-05
9.99188E-05 9.99188E-05 0.30561 0.0187048 0.0415674 9.99188E-05 9.99188E-05 9.99188E-05 0.416933 9.99188E-05 0.216286 9.99188E-05 9.99188E-05 9.99188E-05
0.152894 9.9937E-05 0.386577 9.9937E-05 9.9937E-05 9.9937E-05 0.00332244 9.9937E-05 0.0803061 0.0578154 0.228853 0.0895324 9.9937E-05 9.9937E-05
0.0153858 9.9946E-05 0.261481 9.9946E-05 0.470299 0.0448562 9.9946E-05 0.0630518 9.9946E-05 9.9946E-05 0.113013 0.0011898 9.9946E-05 0.0301241
9.99189E-05 9.99189E-05 9.99189E-05 0.0266175 9.99189E-05 9.99189E-05 9.99189E-05 9.99189E-05 0.190826 9.99189E-05 0.620063 0.128867 9.99189E-05 0.0327272
9.99549E-05 0.363373 0.136863 9.99549E-05 0.285914 9.99549E-05 0.00446163 9.99549E-05 9.99549E-05 0.00930382 0.047397 0.0666525 0.080413 0.00512179
9.99279E-05 0.0202818 9.99279E-05 9.99279E-05 0.530086 9.99279E-05 9.99279E-05 0.0501939 9.99279E-05 0.131816 0.164247 0.102576 9.99279E-05 9.99279E-05
9.99639E-05 0.0369065 0.300266 0.0844404 0.0769555 0.0512738 9.99639E-05 0.195868 0.0168006 9.99639E-05 9.99639E-05 0.00669421 0.191878 0.0385166
0.0508915 9.99189E-05 0.177154 9.99189E-05 0.0728543 9.99189E-05 9.99189E-05 9.99189E-05 0.103235 9.99189E-05 0.594967 9.99189E-05 9.99189E-05 9.99189E-05
9.99098E-05 0.320862 9.99098E-05 9.99098E-05 0.416462 9.99098E-05 9.99098E-05 9.99098E-05 9.99098E-05 0.170758 0.0909192 9.99098E-05 9.99098E-05 9.99098E-05
9.99369E-05 0.00190696 0.123811 0.202674 9.99369E-05 0.0433814 9.99369E-05 9.99369E-05 0.262817 9.99369E-05 0.353333 9.99369E-05 9.99369E-05 0.0113781
9.99279E-05 9.99279E-05 0.35663 9.99279E-05 0.0436298 9.99279E-05 9.99279E-05 0.0142008 0.299288 9.99279E-05 0.273184 9.99279E-05 0.0122677 9.99279E-05
9.99278E-05 0.0321892 0.463656 9.99278E-05 0.0258208 9.99278E-05 9.99278E-05 9.99278E-05 0.335095 9.99278E-05 0.105516 9.99278E-05 0.0369237 9.99278E-05
9.9937E-05 9.9937E-05 0.116983 9.9937E-05 0.506799 9.9937E-05 9.9937E-05 0.171182 0.0449095 9.9937E-05 0.0245255 0.00514679 0.129756 9.9937E-05
9.99099E-05 0.147721 9.99099E-05 9.99099E-05 9.99099E-05 9.99099E-05 0.0783471 9.99099E-05 9.99099E-05 0.0392115 9.99099E-05 9.99099E-05 9.99099E-05 0.733721
9.99009E-05 9.99009E-05 9.99009E-05 9.99009E-05 9.99009E-05 9.99009E-05 0.105731 0.118994 9.99009E-05 9.99009E-05 9.99009E-05 9.99009E-05 9.99009E-05 0.774175
9.98917E-05 9.98917E-05 9.98917E-05 9.98917E-05 9.98917E-05 9.98917E-05 0.180426 9.98917E-05 9.98917E-05 9.98917E-05 9.98917E-05 9.98917E-05 9.98917E-05 0.818376
9.99099E-05 9.99099E-05 9.99099E-05 9.99099E-05 0.0158667 9.99099E-05 9.99099E-05 0.329096 9.99099E-05 0.0240965 9.99099E-05 9.99099E-05 9.99099E-05 0.629941
9.99189E-05 0.0803219 9.99189E-05 9.99189E-05 0.159274 9.99189E-05 9.99189E-05 0.0368533 9.99189E-05 9.99189E-05 9.99189E-05 0.0003225 9.99189E-05 0.722329
0.0680095 9.99278E-05 0.000712773 9.99278E-05 9.99278E-05 0.17266 9.99278E-05 9.99278E-05 0.08121 9.99278E-05 0.247066 9.99278E-05 9.99278E-05 0.429543
0.269508 0.0697232 9.99278E-05 9.99278E-05 0.211123 9.99278E-05 9.99278E-05 9.99278E-05 9.99278E-05 0.0722853 9.99278E-05 0.0526458 9.99278E-05 0.323914
9.99099E-05 9.99099E-05 9.99099E-05 0.44701 9.99099E-05 0.188378 9.99099E-05 9.99099E-05 0.110787 9.99099E-05 9.99099E-05 9.99099E-05 9.99099E-05 0.252826
0.201389 0.0735718 9.99279E-05 9.99279E-05 9.99279E-05 9.99279E-05 0.192899 0.038825 9.99279E-05 0.27485 9.99279E-05 9.99279E-05 9.99279E-05 0.217666
9.99008E-05 9.99008E-05 9.99008E-05 9.99008E-05 9.99008E-05 9.99008E-05 0.0953593 9.99008E-05 9.99008E-05 9.99008E-05 0.0954417 9.99008E-05 9.99008E-05 0.8081
9.99009E-05 9.99009E-05 9.99009E-05 9.99009E-05 0.0195234 9.99009E-05 9.99009E-05 0.129835 9.99009E-05 9.99009E-05 9.99009E-05 9.99009E-05 9.99009E-05 0.849542
0.042247 9.99281E-05 0.00730914 0.149103 9.99281E-05 9.99281E-05 9.99281E-05 0.131468 0.0957533 9.99281E-05 9.99281E-05 9.99281E-05 9.99281E-05 0.57332
0.299131 9.993E-05 9.993E-05 0.0570207 9.993E-05 0.253637 0.0281025 9.993E-05 9.993E-05 9.993E-05 0.118722 9.993E-05 0.0980765 0.14461
9.99098E-05 9.99098E-05 9.99098E-05 0.165349 9.99098E-05 9.99098E-05 9.99098E-05 9.99098E-05 0.184945 9.99098E-05 0.0410082 9.99098E-05 9.99098E-05 0.607698
0.0677114 9.99188E-05 0.0988882 9.99188E-05 9.99188E-05 9.99188E-05 9.99188E-05 9.99188E-05 0.142832 9.99188E-05 0.0403442 9.99188E-05 9.99188E-05 0.649325
9.99099E-05 9.99099E-05 9.99099E-05 9.99099E-05 0.062341 9.99099E-05 9.99099E-05 0.08429 9.99099E-05 9.99099E-05 9.99099E-05 0.0209151 9.99099E-05 0.831455
9.99099E-05 0.177934 9.99099E-05 9.99099E-05 0.0520734 9.99099E-05 9.99099E-05 9.99099E-05 9.99099E-05 0.0392939 9.99099E-05 9.99099E-05 9.99099E-05 0.7297
9.98919E-05 0.339437 9.98919E-05 9.98919E-05 9.98919E-05 9.98919E-05 9.98919E-05 9.98919E-05 9.98919E-05 9.98919E-05 9.98919E-05 9.98919E-05 9.98919E-05 0.659364
9.99098E-05 9.99098E-05 9.99098E-05 9.99098E-05 0.0202194 9.99098E-05 9.99098E-05 0.224463 9.99098E-05 0.0949107 9.99098E-05 9.99098E-05 9.99098E-05 0.659408
9.99098E-05 9.99098E-05 0.088609 9.99098E-05 0.0144961 0.813045 0.0828506 9.99098E-05 9.99098E-05 9.99098E-05 9.99098E-05 9.99098E-05 9.99098E-05 9.99098E-05
9.9901E-05 9.9901E-05 9.9901E-05 0.323064 9.9901E-05 0.658347 9.9901E-05 9.9901E-05 9.9901E-05 9.9901E-05 9.9901E-05 9.9901E-05 0.0174905 9.9901E-05
0.168028 9.99189E-05 9.99189E-05 0.302885 9.99189E-05 0.281148 9.99189E-05 9.99189E-05 0.186683 9.99189E-05 9.99189E-05 9.99189E-05 9.99189E-05 0.0603568
0.073951 9.99279E-05 9.99279E-05 0.100889 9.99279E-05 0.422117 0.0499441 0.303928 9.99279E-05 0.0483708 9.99279E-05 9.99279E-05 9.99279E-05 9.99279E-05
9.99188E-05 9.99188E-05 0.0453088 9.99188E-05 9.99188E-05 0.553052 0.0611432 9.99188E-05 9.99188E-05 9.99188E-05 0.079108 9.99188E-05 9.99188E-05 0.260489
0.0533722 9.9946E-05 9.9946E-05 0.0719805 9.9946E-05 0.506402 9.9946E-05 9.9946E-05 0.128775 9.9946E-05 0.0247616 0.0668786 0.0684797 0.0787516
0.444028 9.99099E-05 9.99099E-05 9.99099E-05 0.204301 9.99099E-05 9.99099E-05 0.0898805 9.99099E-05 0.260792 9.99099E-05 9.99099E-05 9.99099E-05 9.99099E-05
9.99099E-05 0.0252903 9.99099E-05 9.99099E-05 0.21546 0.557533 9.99099E-05 9.99099E-05 9.99099E-05 0.200718 9.99099E-05 9.99099E-05 9.99099E-05 9.99099E-05
9.99189E-05 9.99189E-05 9.99189E-05 0.15954 9.99189E-05 0.38847 9.99189E-05 9.99189E-05 0.1678 9.99189E-05 0.0976225 9.99189E-05 9.99189E-05 0.185668
0.00804306 0.0073249 0.031376 9.99279E-05 9.99279E-05 0.788629 0.142191 9.99279E-05 9.99279E-05 9.99279E-05 0.021637 9.99279E-05 9.99279E-05 9.99279E-05
9.98919E-05 9.98919E-05 9.98919E-05 0.691925 9.98919E-05 0.306876 9.98919E-05 9.98919E-05 9.98919E-05 9.98919E-05 9.98919E-05 9.98919E-05 9.98919E-05 9.98919E-05
0.0455583 0.0130867 0.0606077 9.9928E-05 9.9928E-05 0.632368 9.9928E-05 0.0164674 9.9928E-05 0.231112 9.9928E-05 9.9928E-05 9.9928E-05 9.9928E-05
9.98919E-05 9.98919E-05 9.98919E-05 0.317979 9.98919E-05 0.680822 9.98919E-05 9.98919E-05 9.98919E-05 9.98919E-05 9.98919E-05 9.98919E-05 9.98919E-05 9.98919E-05
9.99281E-05 9.99281E-05 9.99281E-05 0.00349697 9.99281E-05 0.511211 0.156672 0.244113 9.99281E-05 9.99281E-05 9.99281E-05 0.00866854 9.99281E-05 0.0750388
0.120406 0.242831 9.99278E-05 9.99278E-05 0.159542 0.322218 9.99278E-05 9.99278E-05 9.99278E-05 9.99278E-05 9.99278E-05 0.0679426 9.99278E-05 0.0862613
0.0474552 0.181387 0.0912842 9.9928E-05 0.177661 0.46003 9.9928E-05 9.9928E-05 9.9928E-05 9.9928E-05 9.9928E-05 0.0413833 9.9928E-05 9.9928E-05
0.157761 0.00663327 9.9937E-05 0.0161254 9.9937E-05 0.24273 9.9937E-05 0.328074 9.9937E-05 0.221947 9.9937E-05 9.9937E-05 9.9937E-05 0.0260304
0.235865 9.99099E-05 9.99099E-05 9.99099E-05 0.0873155 9.99099E-05 9.99099E-05 0.362763 9.99099E-05 9.99099E-05 9.99099E-05 9.99099E-05 9.99099E-05 0.313057
0.0228991 9.99368E-05 9.99368E-05 0.0457826 9.99368E-05 0.736272 0.0317852 9.99368E-05 0.0256775 9.99368E-05 0.0965564 9.99368E-05 0.0403281 9.99368E-05
0.274642 0.0448288 9.99279E-05 0.140906 9.99279E-05 0.397408 0.0608575 0.0805582 9.99279E-05 9.99279E-05 9.99279E-05 9.99279E-05 9.99279E-05 9.99279E-05
0.0945993 9.99188E-05 9.99188E-05 0.269995 9.99188E-05 0.600775 9.99188E-05 9.99188E-05 9.99188E-05 9.99188E-05 0.0209228 9.99188E-05 0.0128089 9.99188E-05
9.99188E-05 0.0594934 9.99188E-05 9.99188E-05 9.99188E-05 0.695194 0.0320163 0.00704877 9.99188E-05 0.205348 9.99188E-05 9.99188E-05 9.99188E-05 9.99188E-05
0.0881106 0.0562301 0.00585592 9.99458E-05 0.126724 0.63431 0.0328537 9.99458E-05 9.99458E-05 0.0290946 9.99458E-05 9.99458E-05 9.99458E-05 0.0262214
0.0518316 0.0475614 0.0693975 9.99279E-05 0.137821 0.622625 9.99279E-05 9.99279E-05 9.99279E-05 0.0699643 9.99279E-05 9.99279E-05 9.99279E-05 9.99279E-05
0.336969 9.99189E-05 9.99189E-05 0.139681 9.99189E-05 0.282969 9.99189E-05 9.99189E-05 9.99189E-05 9.99189E-05 0.038929 9.99189E-05 0.200553 9.99189E-05
9.99098E-05 9.99098E-05 9.99098E-05 9.99098E-05 9.99098E-05 0.49697 9.99098E-05 0.343495 9.99098E-05 0.140436 9.99098E-05 9.99098E-05 9.99098E-05 0.0180996
0.131467 9.99099E-05 9.99099E-05 9.99099E-05 9.99099E-05 0.372259 9.99099E-05 9.99099E-05 0.493076 9.99099E-05 0.00219807 9.99099E-05 9.99099E-05 9.99099E-05
0.255271 0.149481 0.0237783 9.99368E-05 0.222787 0.220378 9.99368E-05 9.99368E-05 9.99368E-05 9.99368E-05 9.99368E-05 0.0129827 9.99368E-05 0.114622
9.99009E-05 9.99009E-05 9.99009E-05 9.99009E-05 9.99009E-05 0.553295 9.99009E-05 0.0286123 9.99009E-05 0.416994 9.99009E-05 9.99009E-05 9.99009E-05 9.99009E-05
9.99009E-05 0.213166 9.99009E-05 9.99009E-05 9.99009E-05 0.477079 9.99009E-05 9.99009E-05 9.99009E-05 0.308656 9.99009E-05 9.99009E-05 9.99009E-05 9.99009E-05
0.615893 9.99278E-05 9.99278E-05 9.99278E-05 0.19453 0.1069 9.99278E-05 9.99278E-05 9.99278E-05 9.99278E-05 0.00776426 9.99278E-05 0.0242639 0.0498488
0.408736 9.99188E-05 9.99188E-05 9.99188E-05 9.99188E-05 0.112751 0.196366 9.99188E-05 9.99188E-05 9.99188E-05 0.0471853 9.99188E-05 9.99188E-05 0.234062
0.410261 9.99098E-05 9.99098E-05 0.436689 9.99098E-05 0.0187057 9.99098E-05 9.99098E-05 9.99098E-05 9.99098E-05 9.99098E-05 9.99098E-05 9.99098E-05 0.133345
0.0114192 9.99099E-05 9.99099E-05 0.0301422 9.99099E-05 0.479685 9.99099E-05 9.99099E-05 0.477754 9.99099E-05 9.99099E-05 9.99099E-05 9.99099E-05 9.99099E-05
9.99009E-05 9.99009E-05 9.99009E-05 9.99009E-05 9.99009E-05 9.99009E-05 9.99009E-05 0.132142 9.99009E-05 0.242387 9.99009E-05 9.99009E-05 9.99009E-05 0.624372
9.99188E-05 9.99188E-05 9.99188E-05 0.0690383 9.99188E-05 0.639178 9.99188E-05 9.99188E-05 0.16423 9.99188E-05 0.0903971 9.99188E-05 0.036257 9.99188E-05
0.28733 0.0930997 9.99278E-05 9.99278E-05 0.0523126 0.4056 0.0123477 9.99278E-05 9.99278E-05 0.14851 9.99278E-05 9.99278E-05 9.99278E-05 9.99278E-05
0.397344 0.0275345 9.99279E-05 9.99279E-05 0.381017 0.0422097 9.99279E-05 0.0175046 9.99279E-05 9.99279E-05 9.99279E-05 9.99279E-05 9.99279E-05 0.133591
9.99098E-05 9.99098E-05 9.99098E-05 0.0544177 9.99098E-05 9.99098E-05 9.99098E-05 9.99098E-05 0.159452 9.99098E-05 0.0653268 9.99098E-05 9.99098E-05 0.719804
0.00683367 9.9919E-05 9.9919E-05 0.285875 9.9919E-05 0.177439 9.9919E-05 9.9919E-05 0.32039 9.9919E-05 9.9919E-05 9.9919E-05 9.9919E-05 0.208563
9.99188E-05 9.99188E-05 9.99188E-05 9.99188E-05 9.99188E-05 0.0419652 9.99188E-05 9.99188E-05 0.0851155 9.99188E-05 0.16307 9.99188E-05 0.00240873 0.706541
0.350949 9.99188E-05 9.99188E-05 0.0276737 9.99188E-05 0.0891273 0.25666 9.99188E-05 9.99188E-05 9.99188E-05 9.99188E-05 9.99188E-05 9.99188E-05 0.274691
0.0602328 9.99189E-05 9.99189E-05 0.56102 9.99189E-05 0.185301 0.0229476 9.99189E-05 9.99189E-05 9.99189E-05 9.99189E-05 9.99189E-05 9.99189E-05 0.1696
0.00832587 9.99189E-05 9.99189E-05 9.99189E-05 0.0976306 0.441855 9.99189E-05 0.250344 9.99189E-05 9.99189E-05 9.99189E-05 9.99189E-05 9.99189E-05 0.200945
9.99099E-05 9.99099E-05 9.99099E-05 9.99099E-05 9.99099E-05 0.74948 0.0599278 0.167904 0.0216892 9.99099E-05 9.99099E-05 9.99099E-05 9.99099E-05 9.99099E-05
0.0948914 0.0499621 9.9937E-05 0.0704883 9.9937E-05 0.415579 9.9937E-05 0.269307 9.9937E-05 9.9937E-05 9.9937E-05 0.00470969 9.9937E-05 0.0943629
9.99098E-05 9.99098E-05 9.99098E-05 0.114988 9.99098E-05 0.624654 9.99098E-05 9.99098E-05 0.176273 9.99098E-05 0.0830856 9.99098E-05 9.99098E-05 9.99098E-05
9.99188E-05 0.0542705 9.99188E-05 9.99188E-05 9.99188E-05 0.549988 0.219973 9.99188E-05 9.99188E-05 0.125169 9.99188E-05 9.99188E-05 9.99188E-05 0.0496998
0.0979999 9.99188E-05 9.99188E-05 9.99188E-05 0.159475 0.496613 9.99188E-05 0.0860727 9.99188E-05 0.158941 9.99188E-05 9.99188E-05 9.99188E-05 9.99188E-05
0.599051 9.99098E-05 9.99098E-05 9.99098E-05 9.99098E-05 9.99098E-05 9.99098E-05 9.99098E-05 0.0853362 9.99098E-05 0.157562 9.99098E-05 9.99098E-05 0.157052
0.444713 9.99098E-05 9.99098E-05 0.0453187 9.99098E-05 0.176992 9.99098E-05 9.99098E-05 0.331977 9.99098E-05 9.99098E-05 9.99098E-05 9.99098E-05 9.99098E-05
0.648269 9.99188E-05 0.0368127 9.99188E-05 0.0339719 9.99188E-05 9.99188E-05 9.99188E-05 9.99188E-05 0.142319 9.99188E-05 9.99188E-05 9.99188E-05 0.137728
0.504033 9.99007E-05 9.99007E-05 9.99007E-05 9.99007E-05 0.215539 9.99007E-05 9.99007E-05 0.279329 9.99007E-05 9.99007E-05 9.99007E-05 9.99007E-05 9.99007E-05
0.649109 9.99008E-05 9.99008E-05 9.99008E-05 9.99008E-05 0.0683947 9.99008E-05 9.99008E-05 0.281398 9.99008E-05 9.99008E-05 9.99008E-05 9.99008E-05 9.99008E-05
0.615193 9.98917E-05 9.98917E-05 9.98917E-05 9.98917E-05 9.98917E-05 9.98917E-05 9.98917E-05 9.98917E-05 0.383608 9.98917E-05 9.98917E-05 9.98917E-05 9.98917E-05
0.360975 9.99099E-05 0.221257 9.99099E-05 9.99099E-05 0.379776 9.99099E-05 9.99099E-05 0.0369927 9.99099E-05 9.99099E-05 9.99099E-05 9.99099E-05 9.99099E-05
0.777733 9.99279E-05 0.0875456 9.99279E-05 9.99279E-05 0.049291 0.0343523 9.99279E-05 0.0344771 9.99279E-05 0.0158018 9.99279E-05 9.99279E-05 9.99279E-05
9.98919E-05 9.98919E-05 9.98919E-05 0.426817 9.98919E-05 9.98919E-05 9.98919E-05 9.98919E-05 9.98919E-05 9.98919E-05 9.98919E-05 9.98919E-05 0.571985 9.98919E-05
9.9928E-05 9.9928E-05 9.9928E-05 0.216229 9.9928E-05 0.0676333 0.170541 9.9928E-05 0.0279775 9.9928E-05 9.9928E-05 9.9928E-05 0.487236 0.0295832
9.99099E-05 9.99099E-05 9.99099E-05 0.0480484 9.99099E-05 9.99099E-05 0.0988037 0.171721 9.99099E-05 9.99099E-05 9.99099E-05 9.99099E-05 0.680428 9.99099E-05
9.98919E-05 9.98919E-05 9.98919E-05 9.98919E-05 9.98919E-05 9.98919E-05 9.98919E-05 9.98919E-05 9.98919E-05 0.384756 9.98919E-05 9.98919E-05 0.614045 9.98919E-05
9.99099E-05 0.00151478 9.99099E-05 0.310273 9.99099E-05 9.99099E-05 9.99099E-05 9.99099E-05 9.99099E-05 9.99099E-05 9.99099E-05 0.0364312 0.650782 9.99099E-05
0.0597227 0.00111172 0.389601 9.99459E-05 0.101496 9.99459E-05 9.99459E-05 0.0321887 9.99459E-05 0.0689372 0.0940831 9.99459E-05 0.25226 9.99459E-05
9.99008E-05 9.99008E-05 9.99008E-05 9.99008E-05 9.99008E-05 9.99008E-05 9.99008E-05 9.99008E-05 0.392366 9.99008E-05 0.0960138 9.99008E-05 0.510521 9.99008E-05
9.99009E-05 9.99009E-05 9.99009E-05 0.307212 9.99009E-05 9.99009E-05 0.00134843 9.99009E-05 9.99009E-05 9.99009E-05 9.99009E-05 9.99009E-05 0.69034 9.99009E-05
0.0239262 9.99189E-05 9.99189E-05 9.99189E-05 9.99189E-05 9.99189E-05 0.184022 9.99189E-05 9.99189E-05 9.99189E-05 0.168832 9.99189E-05 0.618687 0.00363374
9.99279E-05 0.233263 9.99279E-05 9.99279E-05 9.99279E-05 9.99279E-05 0.160959 0.00608063 9.99279E-05 0.13198 9.99279E-05 9.99279E-05 0.458792 0.00812615
9.99009E-05 9.99009E-05 9.99009E-05 0.661801 9.99009E-05 9.99009E-05 9.99009E-05 9.99009E-05 9.99009E-05 9.99009E-05 9.99009E-05 0.130344 0.206756 9.99009E-05
9.99279E-05 0.43085 9.99279E-05 9.99279E-05 0.0233698 9.99279E-05 9.99279E-05 9.99279E-05 0.00599214 0.00424997 9.99279E-05 0.0960371 0.438702 9.99279E-05
9.99009E-05 9.99009E-05 0.0533053 0.178736 9.99009E-05 9.99009E-05 9.99009E-05 9.99009E-05 9.99009E-05 9.99009E-05 9.99009E-05 9.99009E-05 0.766859 9.99009E-05
0.0421196 0.11195 0.143513 9.99459E-05 0.0221484 0.00714281 0.108019 9.99459E-05 9.99459E-05 9.99459E-05 0.0388342 9.99459E-05 0.525673 9.99459E-05
9.99279E-05 9.99279E-05 9.99279E-05 0.0208577 9.99279E-05 9.99279E-05 0.446344 9.99279E-05 9.99279E-05 0.00515951 0.0694791 9.99279E-05 0.438006 0.0193542
9.99279E-05 9.99279E-05 0.175943 9.99279E-05 0.000426441 9.99279E-05 9.99279E-05 9.99279E-05 0.132834 9.99279E-05 0.311085 9.99279E-05 0.366348 0.0125635
9.99278E-05 0.054676 9.99278E-05 9.99278E-05 0.255125 0.0108437 9.99278E-05 0.0350185 9.99278E-05 0.113286 9.99278E-05 9.99278E-05 0.530252 9.99278E-05
9.99188E-05 9.99188E-05 9.99188E-05 9.99188E-05 0.0273766 9.99188E-05 9.99188E-05 0.553814 0.0237693 0.0132839 9.99188E-05 9.99188E-05 0.380857 9.99188E-05
9.99369E-05 9.99369E-05 9.99369E-05 0.014849 9.99369E-05 0.116817 0.281561 9.99369E-05 0.0187502 9.99369E-05 0.0681173 9.99369E-05 0.439218 0.0599874
9.99099E-05 9.99099E-05 9.99099E-05 0.0571632 9.99099E-05 9.99099E-05 9.99099E-05 9.99099E-05 0.112197 9.99099E-05 0.0430568 9.99099E-05 0.786583 9.99099E-05
9.99189E-05 0.0305792 9.99189E-05 9.99189E-05 9.99189E-05 9.99189E-05 0.408215 9.99189E-05 9.99189E-05 0.0702773 9.99189E-05 9.99189E-05 0.473751 0.0162788
9.99009E-05 9.99009E-05 9.99009E-05 9.99009E-05 9.99009E-05 9.99009E-05 0.135265 0.291839 9.99009E-05 9.99009E-05 9.99009E-05 9.99009E-05 0.571796 9.99009E-05
9.99279E-05 0.117074 0.37804 9.99279E-05 9.99279E-05 9.99279E-05 0.0957672 9.99279E-05 9.99279E-05 0.335426 9.99279E-05 0.0645438 9.99279E-05 0.0083503
0.0115847 9.99098E-05 9.99098E-05 9.99098E-05 9.99098E-05 9.99098E-05 9.99098E-05 9.99098E-05 0.192176 9.99098E-05 0.176107 0.619133 9.99098E-05 9.99098E-05
0.00763715 9.99369E-05 0.340225 0.0269752 0.011663 9.99369E-05 9.99369E-05 0.530423 9.99369E-05 0.054218 9.99369E-05 0.0281596 9.99369E-05 9.99369E-05
9.99278E-05 9.99278E-05 0.446278 0.122822 9.99278E-05 9.99278E-05 0.0194231 9.99278E-05 9.99278E-05 9.99278E-05 0.365927 9.99278E-05 0.0202792 0.0244715
9.99007E-05 9.99007E-05 9.99007E-05 0.440773 9.99007E-05 9.99007E-05 9.99007E-05 9.99007E-05 0.0150979 9.99007E-05 9.99007E-05 0.54303 9.99007E-05 9.99007E-05
9.99188E-05 0.327077 0.232298 9.99188E-05 0.271294 9.99188E-05 9.99188E-05 0.126567 9.99188E-05 9.99188E-05 9.99188E-05 0.0418643 9.99188E-05 9.99188E-05
9.99099E-05 0.203346 9.99099E-05 9.99099E-05 9.99099E-05 9.99099E-05 0.000922462 9.99099E-05 9.99099E-05 9.99099E-05 9.99099E-05 0.776816 9.99099E-05 0.0179171
0.0341904 9.99279E-05 0.724686 9.99279E-05 9.99279E-05 0.0854342 0.072299 9.99279E-05 0.0208805 9.99279E-05 9.99279E-05 0.0617108 9.99279E-05 9.99279E-05
9.99188E-05 9.99188E-05 9.99188E-05 9.99188E-05 0.00369791 9.99188E-05 0.00344018 0.244007 9.99188E-05 9.99188E-05 9.99188E-05 0.73828 9.99188E-05 0.00967496
9.99279E-05 9.99279E-05 0.0563661 0.103315 9.99279E-05 9.99279E-05 9.99279E-05 0.0157278 0.455799 9.99279E-05 0.0984609 0.269531 9.99279E-05 9.99279E-05
9.99459E-05 0.260742 0.206606 9.99459E-05 0.0854631 0.0118852 0.0984532 0.037516 9.99459E-05 0.120251 9.99459E-05 0.178484 9.99459E-05 9.99459E-05
0.0138646 9.99099E-05 9.99099E-05 9.99099E-05 9.99099E-05 9.99099E-05 9.99099E-05 0.37006 9.99099E-05 0.0495778 9.99099E-05 0.565499 9.99099E-05 9.99099E-05
9.99007E-05 9.99007E-05 9.99007E-05 0.374211 9.99007E-05 9.99007E-05 9.99007E-05 9.99007E-05 0.151665 9.99007E-05 9.99007E-05 0.473025 9.99007E-05 9.99007E-05
9.99189E-05 0.19661 0.292216 9.99189E-05 0.274349 9.99189E-05 9.99189E-05 0.0593301 9.99189E-05 0.176596 9.99189E-05 9.99189E-05 9.99189E-05 9.99189E-05
9.99008E-05 9.99008E-05 9.99008E-05 9.99008E-05 0.258031 9.99008E-05 9.99008E-05 0.16111 9.99008E-05 9.99008E-05 9.99008E-05 0.579759 9.99008E-05 9.99008E-05
9.99188E-05 0.12131 0.254606 9.99188E-05 0.30925 9.99188E-05 9.99188E-05 0.26402 0.049915 9.99188E-05 9.99188E-05 9.99188E-05 9.99188E-05 9.99188E-05
9.99098E-05 9.99098E-05 9.99098E-05 0.426435 9.99098E-05 9.99098E-05 9.99098E-05 9.99098E-05 0.0682139 9.99098E-05 0.0427935 0.461559 9.99098E-05 9.99098E-05
9.99098E-05 9.99098E-05 0.201497 9.99098E-05 0.133002 9.99098E-05 9.99098E-05 0.290396 9.99098E-05 9.99098E-05 9.99098E-05 0.374106 9.99098E-05 9.99098E-05
9.99189E-05 0.249957 0.384483 9.99189E-05 0.054672 9.99189E-05 0.0962918 9.99189E-05 9.99189E-05 0.213697 9.99189E-05 9.99189E-05 9.99189E-05 9.99189E-05
0.0736356 0.0192415 0.51085 9.99188E-05 9.99188E-05 9.99188E-05 9.99188E-05 9.99188E-05 9.99188E-05 9.99188E-05 0.313722 0.0816513 9.99188E-05 9.99188E-05
9.99461E-05 0.00455379 0.170907 0.0771846 9.99461E-05 9.99461E-05 9.99461E-05 0.36815 9.99461E-05 0.150575 0.0889143 9.99461E-05 0.0982711 0.040844
9.99369E-05 0.0256632 0.362645 0.0108735 9.99369E-05 9.99369E-05 0.0103436 0.385149 9.99369E-05 9.99369E-05 9.99369E-05 0.136848 9.99369E-05 0.0677783
9.99097E-05 9.99097E-05 9.99097E-05 0.28809 9.99097E-05 9.99097E-05 9.99097E-05 9.99097E-05 0.0403256 9.99097E-05 0.250955 0.41963 9.99097E-05 9.99097E-05
9.99459E-05 0.094922 0.360281 0.0026035 0.246162 0.0325899 9.99459E-05 9.99459E-05 0.0262646 9.99459E-05 9.99459E-05 0.150024 9.99459E-05 0.0865529
0.0974933 9.99097E-05 0.207311 9.99097E-05 9.99097E-05 9.99097E-05 0.0818003 9.99097E-05 9.99097E-05 9.99097E-05 9.99097E-05 0.612397 9.99097E-05 9.99097E-05
0.041248 9.99549E-05 0.0274263 0.169412 9.99549E-05 0.0255263 0.0272314 9.99549E-05 9.99549E-05 9.99549E-05 0.424056 0.00667929 0.251153 0.0267686
9.99459E-05 0.13987 0.187582 9.99459E-05 0.119395 0.0492558 9.99459E-05 0.160603 9.99459E-05 9.99459E-05 9.99459E-05 0.205858 0.111966 0.0248702
9.991E-05 9.991E-05 9.991E-05 9.991E-05 9.991E-05 0.0558342 0.856204 9.991E-05 9.991E-05 0.0182707 9.991E-05 0.0686918 9.991E-05 9.991E-05
9.9928E-05 9.9928E-05 9.9928E-05 0.682808 0.0655888 9.9928E-05 9.9928E-05 0.0167277 0.15216 9.9928E-05 0.0369154 9.9928E-05 9.9928E-05 0.0450011
0.0722471 9.99368E-05 9.99368E-05 9.99368E-05 0.0591742 9.99368E-05 0.206095 9.99368E-05 0.0891751 9.99368E-05 0.372749 0.0916114 0.108249 9.99368E-05
9.99278E-05 0.0414181 0.140393 0.14016 9.99278E-05 0.0232475 9.99278E-05 9.99278E-05 9.99278E-05 9.99278E-05 0.525829 9.99278E-05 0.128153 9.99278E-05
9.99369E-05 0.504159 9.99369E-05 0.0628287 9.99369E-05 9.99369E-05 0.172965 0.0361464 9.99369E-05 9.99369E-05 0.0767079 0.133225 9.99369E-05 0.0132684
9.99188E-05 9.99188E-05 0.0979189 0.348571 9.99188E-05 9.99188E-05 9.99188E-05 9.99188E-05 0.0816867 9.99188E-05 0.463041 9.99188E-05 0.00788251 9.99188E-05
9.99098E-05 0.165833 0.257932 9.99098E-05 0.279151 9.99098E-05 9.99098E-05 0.296085 9.99098E-05 9.99098E-05 9.99098E-05 9.99098E-05 9.99098E-05 9.99098E-05
9.99188E-05 0.00835642 0.0939572 0.29102 9.99188E-05 9.99188E-05 9.99188E-05 9.99188E-05 9.99188E-05 9.99188E-05 0.590344 9.99188E-05 0.0154228 9.99188E-05
9.99369E-05 9.99369E-05 0.00358694 0.127658 9.99369E-05 9.99369E-05 0.0929114 0.379587 9.99369E-05 0.0500429 0.100808 0.244707 9.99369E-05 9.99369E-05
9.99369E-05 0.00978559 9.99369E-05 9.99369E-05 0.154136 9.99369E-05 0.252319 0.424083 0.0631522 9.99369E-05 9.99369E-05 0.0882825 0.00754106 9.99369E-05
9.9937E-05 9.9937E-05 0.109727 9.9937E-05 0.0347735 0.115473 0.514777 9.9937E-05 9.9937E-05 9.9937E-05 0.134544 0.062918 0.0270867 9.9937E-05
9.99368E-05 9.99368E-05 0.437395 9.99368E-05 0.0875272 0.0406823 0.29022 9.99368E-05 0.0685788 9.99368E-05 0.0194159 9.99368E-05 0.0554813 9.99368E-05
9.99189E-05 9.99189E-05 9.99189E-05 9.99189E-05 0.110963 0.0312891 0.624406 9.99189E-05 9.99189E-05 9.99189E-05 0.230465 9.99189E-05 9.99189E-05 0.00197827
9.99369E-05 0.0441887 0.0960959 0.0408265 9.99369E-05 9.99369E-05 0.104672 0.426596 9.99369E-05 9.99369E-05 0.139175 9.99369E-05 0.147746 9.99369E-05
9.99279E-05 9.99279E-05 0.0244727 0.65149 0.0715461 9.99279E-05 0.0762613 9.99279E-05 0.0996556 9.99279E-05 0.0757753 9.99279E-05 9.99279E-05 9.99279E-05
9.99099E-05 9.99099E-05 9.99099E-05 0.555007 9.99099E-05 9.99099E-05 0.00814276 9.99099E-05 9.99099E-05 9.99099E-05 0.246048 0.189803 9.99099E-05 9.99099E-05
0.0280464 9.99369E-05 0.131723 9.99369E-05 9.99369E-05 0.0103333 0.00776746 9.99369E-05 0.268844 9.99369E-05 0.469637 0.0829503 9.99369E-05 9.99369E-05
9.99099E-05 9.99099E-05 9.99099E-05 0.414694 9.99099E-05 0.023275 9.99099E-05 9.99099E-05 9.99099E-05 9.99099E-05 0.559637 0.00139481 9.99099E-05 9.99099E-05
9.99099E-05 0.0511044 9.99099E-05 0.80953 0.123904 9.99099E-05 9.99099E-05 9.99099E-05 0.0144627 9.99099E-05 9.99099E-05 9.99099E-05 9.99099E-05 9.99099E-05
0.0366337 9.99369E-05 0.0563211 9.99369E-05 9.99369E-05 0.0677941 9.99369E-05 9.99369E-05 0.340648 9.99369E-05 0.219441 0.248426 0.0300365 9.99369E-05
0.024406 0.0679359 0.353348 0.0975864 9.99278E-05 9.99278E-05 9.99278E-05 9.99278E-05 0.0714564 9.99278E-05 0.384468 9.99278E-05 9.99278E-05 9.99278E-05
9.99009E-05 9.99009E-05 9.99009E-05 9.99009E-05 0.302237 9.99009E-05 9.99009E-05 9.99009E-05 9.99009E-05 0.605623 0.0910415 9.99009E-05 9.99009E-05 9.99009E-05
9.99189E-05 9.99189E-05 9.99189E-05 9.99189E-05 0.862421 9.99189E-05 9.99189E-05 0.0253153 0.0582112 9.99189E-05 9.99189E-05 9.99189E-05 0.0348829 0.0182701
0.092373 9.99278E-05 0.282025 9.99278E-05 0.134269 9.99278E-05 9.99278E-05 9.99278E-05 0.237754 0.0264869 0.226293 9.99278E-05 9.99278E-05 9.99278E-05
9.99008E-05 0.182138 9.99008E-05 9.99008E-05 0.742716 9.99008E-05 9.99008E-05 9.99008E-05 0.0740466 9.99008E-05 9.99008E-05 9.99008E-05 9.99008E-05 9.99008E-05
9.99099E-05 9.99099E-05 9.99099E-05 9.99099E-05 0.750951 9.99099E-05 9.99099E-05 9.99099E-05 0.0176267 0.204074 9.99099E-05 9.99099E-05 0.0263487 9.99099E-05
9.99278E-05 9.99278E-05 9.99278E-05 9.99278E-05 0.39662 9.99278E-05 0.0123785 0.413799 0.107941 0.0173188 9.99278E-05 9.99278E-05 9.99278E-05 0.0511428
9.99189E-05 9.99189E-05 9.99189E-05 9.99189E-05 0.745007 9.99189E-05 9.99189E-05 0.130371 0.0509718 0.00810788 9.99189E-05 9.99189E-05 0.0646433 9.99189E-05
0.0404582 9.99189E-05 0.015403 9.99189E-05 0.220272 9.99189E-05 9.99189E-05 9.99189E-05 0.514472 9.99189E-05 0.208496 9.99189E-05 9.99189E-05 9.99189E-05
9.991E-05 9.991E-05 9.991E-05 0.292016 9.991E-05 9.991E-05 9.991E-05 9.991E-05 0.473177 9.991E-05 0.024035 0.209773 9.991E-05 9.991E-05
0.0822484 9.99188E-05 0.503993 9.99188E-05 0.092622 9.99188E-05 9.99188E-05 9.99188E-05 9.99188E-05 0.269261 9.99188E-05 9.99188E-05 0.0509768 9.99188E-05
0.0119018 9.99099E-05 9.99099E-05 9.99099E-05 0.096898 9.99099E-05 9.99099E-05 9.99099E-05 0.780348 9.99099E-05 9.99099E-05 9.99099E-05 0.109853 9.99099E-05
0.246568 9.9928E-05 0.192765 9.9928E-05 0.112802 9.9928E-05 9.9928E-05 9.9928E-05 0.32213 9.9928E-05 0.102773 9.9928E-05 0.0221623 9.9928E-05
0.101794 0.0317506 0.358081 9.99459E-05 0.223667 9.99459E-05 9.99459E-05 9.99459E-05 0.111392 0.0548775 0.0494008 9.99459E-05 0.0684373 9.99459E-05
9.99279E-05 9.99279E-05 0.214171 0.0200151 9.99279E-05 9.99279E-05 9.99279E-05 9.99279E-05 0.44685 9.99279E-05 0.234055 0.046464 0.0376449 9.99279E-05
9.99279E-05 9.99279E-05 0.247275 0.00666275 9.99279E-05 9.99279E-05 9.99279E-05 9.99279E-05 0.347837 0.177174 0.102891 9.99279E-05 0.117361 9.99279E-05
9.9928E-05 9.9928E-05 0.26346 9.9928E-05 0.335262 0.0552807 9.9928E-05 9.9928E-05 9.9928E-05 9.9928E-05 0.00736794 0.213102 9.9928E-05 0.124728
0.0463486 0.136872 0.313078 9.99459E-05 9.99459E-05 0.00659315 9.99459E-05 9.99459E-05 0.295755 0.0546675 0.134873 9.99459E-05 9.99459E-05 0.0112137
0.00730519 9.99278E-05 0.338747 9.99278E-05 9.99278E-05 9.99278E-05 0.0067156 9.99278E-05 0.328328 0.190478 9.99278E-05 9.99278E-05 0.127627 9.99278E-05
9.99098E-05 0.4264 0.226156 9.99098E-05 0.154425 9.99098E-05 9.99098E-05 9.99098E-05 9.99098E-05 0.192021 9.99098E-05 9.99098E-05 9.99098E-05 9.99098E-05
0.0412734 0.00798845 0.525581 0.00943717 0.157336 9.9937E-05 0.0577145 9.9937E-05 9.9937E-05 0.19997 9.9937E-05 9.9937E-05 9.9937E-05 9.9937E-05
9.9928E-05 0.0623961 0.0608709 9.9928E-05 9.9928E-05 0.0077012 0.0696328 9.9928E-05 0.786427 0.012173 9.9928E-05 9.9928E-05 9.9928E-05 9.9928E-05
0.0042237 9.99279E-05 0.515813 9.99279E-05 9.99279E-05 9.99279E-05 9.99279E-05 0.00740529 0.261262 9.99279E-05 0.112834 9.99279E-05 0.0976625 9.99279E-05
9.99189E-05 9.99189E-05 0.0496559 0.164879 9.99189E-05 9.99189E-05 9.99189E-05 9.99189E-05 0.559131 9.99189E-05 0.127899 0.097536 9.99189E-05 9.99189E-05
9.99008E-05 9.99008E-05 0.381699 9.99008E-05 0.453078 9.99008E-05 9.99008E-05 9.99008E-05 9.99008E-05 0.164124 9.99008E-05 9.99008E-05 9.99008E-05 9.99008E-05
0.0963989 0.0332233 0.635735 9.9955E-05 0.0448965 9.9955E-05 0.000474693 9.9955E-05 9.9955E-05 0.113268 0.0302354 0.0244553 9.9955E-05 0.0208133
9.99279E-05 9.99279E-05 0.0751283 0.027471 9.99279E-05 9.99279E-05 9.99279E-05 9.99279E-05 0.564945 9.99279E-05 0.214442 0.0831584 0.0340557 9.99279E-05
9.99459E-05 0.020029 9.99459E-05 9.99459E-05 0.361172 0.01724 0.0569029 0.00984444 9.99459E-05 0.268774 9.99459E-05 0.233691 0.0317472 9.99459E-05
9.99279E-05 0.42478 9.99279E-05 9.99279E-05 0.096355 9.99279E-05 9.99279E-05 9.99279E-05 9.99279E-05 0.0627447 0.0230605 0.387372 9.99279E-05 0.00488866
0.1166 9.99369E-05 0.0486181 0.195965 9.99369E-05 9.99369E-05 9.99369E-05 9.99369E-05 0.0637842 9.99369E-05 0.463899 9.99369E-05 0.093869 0.016566
9.99189E-05 9.99189E-05 9.99189E-05 9.99189E-05 9.99189E-05 9.99189E-05 0.129066 9.99189E-05 9.99189E-05 9.99189E-05 0.519855 0.30612 0.0287653 0.0152948
0.0352354 0.300173 9.99369E-05 9.99369E-05 0.324053 9.99369E-05 9.99369E-05 9.99369E-05 0.0366671 0.0896393 9.99369E-05 0.162251 9.99369E-05 0.0512822
0.0273765 9.99189E-05 9.99189E-05 9.99189E-05 0.559381 9.99189E-05 9.99189E-05 0.0559423 9.99189E-05 0.0417243 9.99189E-05 0.314677 9.99189E-05 9.99189E-05
0.0740838 0.0587433 9.9928E-05 9.9928E-05 0.481362 9.9928E-05 9.9928E-05 0.0442442 9.9928E-05 0.0945267 9.9928E-05 0.24624 9.9928E-05 9.9928E-05
9.9901E-05 9.9901E-05 9.9901E-05 0.523456 9.9901E-05 9.9901E-05 9.9901E-05 9.9901E-05 9.9901E-05 9.9901E-05 0.375913 0.0995324 9.9901E-05 9.9901E-05
0.0903567 9.991E-05 9.991E-05 9.991E-05 9.991E-05 9.991E-05 9.991E-05 9.991E-05 0.00414222 9.991E-05 0.797566 0.106936 9.991E-05 9.991E-05
0.0388637 0.0643938 9.99549E-05 9.99549E-05 0.12046 0.00839192 0.342714 9.99549E-05 9.99549E-05 0.0367134 0.139616 0.0220186 0.226329 9.99549E-05
9.99188E-05 0.0962171 9.99188E-05 9.99188E-05 0.545796 9.99188E-05 0.0517873 9.99188E-05 9.99188E-05 9.99188E-05 9.99188E-05 0.271981 0.0333193 9.99188E-05
9.99279E-05 9.99279E-05 0.0118125 0.4387 9.99279E-05 9.99279E-05 0.0560221 9.99279E-05 9.99279E-05 9.99279E-05 0.310908 0.114242 0.0675156 9.99279E-05
0.0275856 9.99369E-05 0.345626 9.99369E-05 0.102272 9.99369E-05 9.99369E-05 9.99369E-05 0.00035433 9.99369E-05 0.395851 0.0833911 9.99369E-05 0.0442212
0.0806158 9.99368E-05 0.0815849 9.99368E-05 0.20661 9.99368E-05 0.0216975 9.99368E-05 0.206266 9.99368E-05 0.283843 0.118683 9.99368E-05 9.99368E-05
9.99098E-05 9.99098E-05 0.0820366 9.99098E-05 9.99098E-05 9.99098E-05 0.652161 9.99098E-05 9.99098E-05 9.99098E-05 9.99098E-05 0.228602 0.0362011 9.99098E-05
9.99189E-05 9.99189E-05 0.433373 0.022868 9.99189E-05 9.99189E-05 9.99189E-05 9.99189E-05 0.217989 9.99189E-05 0.10781 9.99189E-05 0.21706 9.99189E-05
9.99549E-05 0.175243 0.430944 9.99549E-05 0.147989 0.0310137 0.0334656 9.99549E-05 0.000158252 0.134303 0.00531604 9.99549E-05 0.0410675 9.99549E-05
0.0409904 0.049338 0.274096 9.99368E-05 0.166255 9.99368E-05 0.229632 9.99368E-05 9.99368E-05 9.99368E-05 0.200305 0.0386845 9.99368E-05 9.99368E-05
9.9928E-05 0.164992 9.9928E-05 9.9928E-05 0.433375 9.9928E-05 9.9928E-05 0.0902734 9.9928E-05 0.00754453 9.9928E-05 0.275883 9.9928E-05 0.0271319
9.99278E-05 9.99278E-05 9.99278E-05 9.99278E-05 9.99278E-05 0.130239 9.99278E-05 9.99278E-05 0.21435 0.0274883 0.36736 0.25228 9.99278E-05 0.00748291
9.99459E-05 0.00877707 0.0442652 9.99459E-05 0.429155 0.0176589 0.0287443 9.99459E-05 9.99459E-05 0.205847 0.102118 0.162835 9.99459E-05 9.99459E-05
9.99279E-05 9.99279E-05 0.104552 9.99279E-05 0.207402 9.99279E-05 9.99279E-05 0.337987 9.99279E-05 0.139943 0.10369 0.105628 9.99279E-05 9.99279E-05
9.99189E-05 9.99189E-05 9.99189E-05 0.000799325 9.99189E-05 9.99189E-05 0.0426077 9.99189E-05 0.634095 9.99189E-05 0.158411 0.163188 9.99189E-05 9.99189E-05
0.0684902 0.200375 0.454237 9.99369E-05 0.012001 9.99369E-05 9.99369E-05 9.99369E-05 0.167939 9.99369E-05 0.0735638 0.0226949 9.99369E-05 9.99369E-05
0.0454715 9.99279E-05 0.283583 9.99279E-05 9.99279E-05 0.0162976 9.99279E-05 9.99279E-05 0.311711 9.99279E-05 0.26289 0.0792473 9.99279E-05 9.99279E-05
9.99099E-05 9.99099E-05 9.99099E-05 9.99099E-05 0.328949 9.99099E-05 9.99099E-05 9.99099E-05 0.0275178 0.596655 0.0458787 9.99099E-05 9.99099E-05 9.99099E-05
0.0763773 9.9946E-05 0.143826 0.0556562 9.9946E-05 0.099722 9.9946E-05 0.289946 0.00242676 0.274749 9.9946E-05 9.9946E-05 9.9946E-05 0.0566969
9.99189E-05 9.99189E-05 0.367868 9.99189E-05 0.240395 0.0517609 9.99189E-05 9.99189E-05 9.99189E-05 0.304644 9.99189E-05 0.0344324 9.99189E-05 9.99189E-05
9.99189E-05 9.99189E-05 9.99189E-05 9.99189E-05 0.00242509 9.99189E-05 0.0566737 9.99189E-05 0.62525 9.99189E-05 0.218197 0.0965543 9.99189E-05 9.99189E-05
9.99099E-05 9.99099E-05 0.49948 9.99099E-05 0.0990216 9.99099E-05 9.99099E-05 9.99099E-05 9.99099E-05 0.365607 9.99099E-05 0.0348918 9.99099E-05 9.99099E-05
9.99278E-05 9.99278E-05 0.207843 9.99278E-05 9.99278E-05 9.99278E-05 9.99278E-05 9.99278E-05 9.99278E-05 0.664166 0.0429377 0.0388251 0.0413337 0.00409566
9.99369E-05 0.14926 0.067678 9.99369E-05 0.121931 9.99369E-05 9.99369E-05 9.99369E-05 0.0371571 0.55876 9.99369E-05 0.0209555 0.0435597 9.99369E-05
9.99369E-05 0.00873278 0.138423 0.000959446 9.99369E-05 9.99369E-05 0.00308607 9.99369E-05 0.725089 0.0240881 9.99369E-05 9.99369E-05 0.098922 9.99369E-05
0.0262366 9.99549E-05 0.365771 9.99549E-05 0.141747 9.99549E-05 9.99549E-05 9.99549E-05 0.149691 0.0651671 0.156494 0.0443643 0.042187 0.00784314
0.00303777 0.348231 0.0695812 9.9955E-05 0.25407 9.9955E-05 9.9955E-05 0.0149765 0.0860398 0.177408 9.9955E-05 0.0312971 9.9955E-05 0.0148583
9.9946E-05 9.9946E-05 0.152822 0.0629154 9.9946E-05 0.0124681 9.9946E-05 9.9946E-05 0.314733 0.177998 0.0108833 0.201026 0.0665538 9.9946E-05
9.99098E-05 9.99098E-05 0.208843 0.000909632 0.0523137 9.99098E-05 9.99098E-05 9.99098E-05 9.99098E-05 0.736935 9.99098E-05 9.99098E-05 9.99098E-05 9.99098E-05
9.9919E-05 9.9919E-05 0.35217 0.160584 9.9919E-05 9.9919E-05 0.0343691 0.403697 0.0482818 9.9919E-05 9.9919E-05 9.9919E-05 9.9919E-05 9.9919E-05
0.0412335 9.99278E-05 0.227379 9.99278E-05 9.99278E-05 9.99278E-05 9.99278E-05 9.99278E-05 0.197947 0.373532 9.99278E-05 0.130946 0.0281632 9.99278E-05
9.991E-05 9.991E-05 9.991E-05 0.0249217 9.991E-05 9.991E-05 9.991E-05 9.991E-05 0.816402 9.991E-05 0.068607 0.0890705 9.991E-05 9.991E-05
0.145977 9.99279E-05 0.37383 9.99279E-05 0.193653 9.99279E-05 9.99279E-05 9.99279E-05 9.99279E-05 0.0318681 0.22487 0.0290024 9.99279E-05 9.99279E-05
9.99639E-05 0.0171762 0.185482 0.0583699 9.99639E-05 0.00876684 0.337606 9.99639E-05 0.0737237 9.99639E-05 0.247752 0.0203122 0.0341567 0.0162545
9.99189E-05 9.99189E-05 0.0352181 0.561534 0.0314448 9.99189E-05 9.99189E-05 9.99189E-05 9.99189E-05 9.99189E-05 0.295961 9.99189E-05 0.0749424 9.99189E-05
9.99369E-05 9.99369E-05 0.688748 9.99369E-05 9.99369E-05 0.0526153 0.0599648 9.99369E-05 0.0343904 9.99369E-05 0.128778 0.0319966 9.99369E-05 0.00280712
9.99098E-05 9.99098E-05 9.99098E-05 9.99098E-05 9.99098E-05 9.99098E-05 9.99098E-05 9.99098E-05 0.121658 9.99098E-05 0.189536 0.0137449 0.674062 9.99098E-05
0.0162624 0.0520278 0.24217 9.99459E-05 0.156481 9.99459E-05 9.99459E-05 9.99459E-05 0.0434802 9.99459E-05 0.433858 0.0259216 0.0291993 9.99459E-05
9.99369E-05 0.0363962 0.153067 9.99369E-05 0.489226 9.99369E-05 0.130935 0.150956 9.99369E-05 9.99369E-05 0.0038605 0.0348594 9.99369E-05 9.99369E-05
9.99009E-05 9.99009E-05 9.99009E-05 0.422891 9.99009E-05 9.99009E-05 9.99009E-05 9.99009E-05 9.99009E-05 9.99009E-05 0.429681 0.146329 9.99009E-05 9.99009E-05
9.99189E-05 9.99189E-05 9.99189E-05 9.99189E-05 9.99189E-05 9.99189E-05 0.0835633 0.469815 9.99189E-05 0.148419 0.0911973 0.206107 9.99189E-05 9.99189E-05
0.0584542 0.014873 0.115309 9.99368E-05 0.239713 9.99368E-05 9.99368E-05 0.00868507 9.99368E-05 0.1174 9.99368E-05 9.99368E-05 0.444867 9.99368E-05
9.99279E-05 0.659651 0.0770089 0.0537299 9.99279E-05 9.99279E-05 0.133067 0.0363484 9.99279E-05 9.99279E-05 9.99279E-05 9.99279E-05 0.0393959 9.99279E-05
9.99008E-05 9.99008E-05 0.236316 0.631848 9.99008E-05 9.99008E-05 9.99008E-05 9.99008E-05 9.99008E-05 9.99008E-05 9.99008E-05 9.99008E-05 0.130737 9.99008E-05
9.99369E-05 9.99369E-05 0.0914237 0.455141 9.99369E-05 9.99369E-05 0.0392059 9.99369E-05 0.286159 9.99369E-05 0.0747906 0.0101967 0.0423834 9.99369E-05
9.9946E-05 0.13727 0.0543308 9.9946E-05 0.238823 9.9946E-05 0.0501027 0.27314 0.0692129 0.00580547 9.9946E-05 0.170715 9.9946E-05 9.9946E-05
0.0264629 0.080322 0.469639 9.99369E-05 9.99369E-05 0.0431239 9.99369E-05 9.99369E-05 0.0258509 9.99369E-05 0.312223 9.99369E-05 0.0416789 9.99369E-05
9.99549E-05 9.99549E-05 0.351962 0.014275 0.0163762 0.0287676 0.320956 9.99549E-05 0.00534887 9.99549E-05 0.135866 9.99549E-05 0.116375 0.0095736
9.99189E-05 9.99189E-05 9.99189E-05 0.484823 0.0129833 9.99189E-05 0.0628246 9.99189E-05 0.381047 9.99189E-05 9.99189E-05 9.99189E-05 0.057423 9.99189E-05
9.99189E-05 0.113519 0.0797557 0.102862 9.99189E-05 9.99189E-05 0.651053 9.99189E-05 9.99189E-05 9.99189E-05 0.0519113 9.99189E-05 9.99189E-05 9.99189E-05
9.99639E-05 0.0311024 0.0147556 0.0192635 0.184107 9.99639E-05 0.209444 0.243449 9.99639E-05 9.99639E-05 0.136237 0.0990675 0.0174256 0.0447498
0.00263912 0.289839 0.0396148 9.99279E-05 0.569252 9.99279E-05 0.0553514 9.99279E-05 0.0425039 9.99279E-05 9.99279E-05 9.99279E-05 9.99279E-05 9.99279E-05
9.99099E-05 0.459885 0.331714 9.99099E-05 9.99099E-05 9.99099E-05 0.143454 9.99099E-05 9.99099E-05 0.0639482 9.99099E-05 9.99099E-05 9.99099E-05 9.99099E-05
9.99279E-05 9.99279E-05 0.172077 0.0599491 9.99279E-05 9.99279E-05 0.398142 0.329418 0.0175254 9.99279E-05 9.99279E-05 9.99279E-05 0.0220892 9.99279E-05
0.0474593 9.99098E-05 9.99098E-05 9.99098E-05 9.99098E-05 9.99098E-05 9.99098E-05 9.99098E-05 0.761046 0.136618 9.99098E-05 9.99098E-05 0.0538772 9.99098E-05
9.99188E-05 9.99188E-05 0.0814158 9.99188E-05 0.347701 9.99188E-05 0.0299218 9.99188E-05 0.0928734 0.447188 9.99188E-05 9.99188E-05 9.99188E-05 9.99188E-05
9.99189E-05 9.99189E-05 0.179302 9.99189E-05 9.99189E-05 9.99189E-05 9.99189E-05 9.99189E-05 0.497922 0.0606242 9.99189E-05 0.0377595 0.223493 9.99189E-05
0.0475454 9.99278E-05 0.424338 9.99278E-05 9.99278E-05 9.99278E-05 9.99278E-05 9.99278E-05 0.128046 0.0353036 9.99278E-05 0.0556226 0.308345 9.99278E-05
0.0583617 9.99279E-05 0.256733 9.99279E-05 0.232339 9.99279E-05 9.99279E-05 9.99279E-05 9.99279E-05 0.43227 0.0176788 0.00181796 9.99279E-05 9.99279E-05
9.99189E-05 9.99189E-05 9.99189E-05 0.0425878 9.99189E-05 9.99189E-05 0.00704437 9.99189E-05 0.863562 0.041021 9.99189E-05 0.0448858 9.99189E-05 9.99189E-05
9.99278E-05 0.0770001 0.0966314 0.392942 9.99278E-05 9.99278E-05 0.192279 9.99278E-05 9.99278E-05 9.99278E-05 0.105493 9.99278E-05 0.134854 9.99278E-05
9.99369E-05 0.0134459 0.202564 9.99369E-05 0.0271751 9.99369E-05 0.0176468 9.99369E-05 0.285665 9.99369E-05 0.415523 9.99369E-05 0.0372814 9.99369E-05
