0.0892388 0.138765 0.416873 0.11673 9.9982E-05 0.188458 0.0497357 9.9982E-05
0.0510134 0.18748 0.27642 0.062258 9.9973E-05 0.422529 9.9973E-05 9.9973E-05
0.0150879 0.769973 0.107355 0.0120857 0.0235002 0.0296469 0.0422509 9.9991E-05
0.338655 0.0169511 0.101856 0.0574268 9.9991E-05 0.417096 0.0355575 0.0323579
0.359316 9.9973E-05 0.0728209 0.192846 0.0359223 0.338794 9.9973E-05 9.9973E-05
9.9982E-05 0.193837 0.498848 0.0922684 0.0169317 0.0873214 9.9982E-05 0.110594
9.99729E-05 0.8349 0.0308429 9.99729E-05 0.0189233 0.0964027 0.0186317 9.99729E-05
9.9973E-05 0.384356 0.553422 9.9973E-05 0.0307301 0.0121185 9.9973E-05 0.0190726
0.188817 0.111922 0.388863 9.9973E-05 9.9973E-05 0.308481 0.00161687 9.9973E-05
9.99639E-05 0.382037 0.0517435 9.99639E-05 9.99639E-05 9.99639E-05 0.121628 0.444191
0.0832212 0.0246457 0.189699 0.0561329 9.9982E-05 0.621869 0.0242324 9.9982E-05
0.30293 9.99639E-05 0.330841 9.99639E-05 9.99639E-05 0.310781 9.99639E-05 0.0550487
0.19884 0.233667 9.9982E-05 0.267408 0.0526995 0.221269 0.0259168 9.9982E-05
9.9973E-05 0.585013 0.333994 9.9973E-05 9.9973E-05 0.0141951 0.00237705 0.064121
0.0924782 9.9955E-05 0.238939 9.9955E-05 9.9955E-05 0.668083 9.9955E-05 9.9955E-05
9.998E-05 0.599167 9.998E-05 0.0681965 0.0743174 0.0181794 0.0439333 0.196006
9.9964E-05 0.754388 0.0813053 0.0338413 9.9964E-05 0.130065 9.9964E-05 9.9964E-05
9.99639E-05 0.632558 0.207734 0.0390742 9.99639E-05 0.120234 9.99639E-05 9.99639E-05
0.396053 0.204114 0.273934 0.0413073 9.9973E-05 0.084292 9.9973E-05 9.9973E-05
9.9946E-05 9.9946E-05 9.9946E-05 9.9946E-05 9.9946E-05 0.160923 0.838478 9.9946E-05
0.157396 9.9946E-05 9.9946E-05 9.9946E-05 9.9946E-05 9.9946E-05 0.842004 9.9946E-05
9.99549E-05 9.99549E-05 0.0712641 0.040856 9.99549E-05 9.99549E-05 0.88738 9.99549E-05
0.372469 9.99459E-05 9.99459E-05 9.99459E-05 9.99459E-05 9.99459E-05 0.626931 9.99459E-05
0.182403 9.99549E-05 9.99549E-05 9.99549E-05 9.99549E-05 0.0903019 0.726795 9.99549E-05
9.99639E-05 0.260951 0.0837103 9.99639E-05 0.169955 9.99639E-05 0.484984 9.99639E-05
0.0111266 9.99729E-05 0.320058 9.99729E-05 0.0683444 0.191978 0.408193 9.99729E-05
9.9964E-05 0.0965622 9.9964E-05 9.9964E-05 0.317344 9.9964E-05 0.251405 0.334289
0.18755 9.9991E-05 0.110431 0.103943 0.113408 0.134831 0.348174 0.00156277
9.99639E-05 9.99639E-05 0.0215715 0.0941867 9.99639E-05 9.99639E-05 0.879181 0.00466077
0.160825 9.99459E-05 9.99459E-05 9.99459E-05 9.99459E-05 9.99459E-05 0.838575 9.99459E-05
0.112925 0.188756 9.99641E-05 9.99641E-05 9.99641E-05 9.99641E-05 0.63763 0.0602889
9.99729E-05 9.99729E-05 0.19915 0.140579 0.393471 9.99729E-05 0.248182 0.0183189
9.99549E-05 0.243492 9.99549E-05 9.99549E-05 9.99549E-05 9.99549E-05 0.65161 0.104398
9.99549E-05 0.203629 0.128506 9.99549E-05 9.99549E-05 9.99549E-05 0.667365 9.99549E-05
0.151689 9.99549E-05 9.99549E-05 9.99549E-05 9.99549E-05 0.00946686 0.838344 9.99549E-05
0.0965742 9.99549E-05 9.99549E-05 9.99549E-05 9.99549E-05 0.171364 0.731562 9.99549E-05
9.9946E-05 9.9946E-05 9.9946E-05 9.9946E-05 9.9946E-05 0.259729 0.739672 9.9946E-05
0.355027 9.99459E-05 9.99459E-05 9.99459E-05 9.99459E-05 9.99459E-05 0.644374 9.99459E-05
0.0410996 9.99729E-05 0.121488 0.0125743 0.768199 0.0563394 9.99729E-05 9.99729E-05
9.9964E-05 0.00147129 9.9964E-05 0.197712 0.72168 9.9964E-05 9.9964E-05 0.0787375
9.9964E-05 0.188376 9.9964E-05 9.9964E-05 0.457181 9.9964E-05 0.080326 0.273717
0.331553 9.9973E-05 9.9973E-05 0.0794145 0.51088 9.9973E-05 0.0219589 0.0558938
9.99729E-05 0.0273411 0.089029 0.0574753 0.533378 9.99729E-05 0.292477 9.99729E-05
9.9973E-05 0.211776 0.0444487 9.9973E-05 0.570108 9.9973E-05 0.113152 0.0602151
0.390789 9.9964E-05 0.307217 9.9964E-05 0.231207 9.9964E-05 0.0703872 9.9964E-05
0.140386 9.99639E-05 0.0981457 9.99639E-05 0.532052 0.229017 9.99639E-05 9.99639E-05
9.99639E-05 0.284875 9.99639E-05 9.99639E-05 0.429855 9.99639E-05 0.193288 0.0915824
9.99639E-05 9.99639E-05 0.100301 0.00819975 0.775883 0.115216 9.99639E-05 9.99639E-05
9.9964E-05 0.0771856 9.9964E-05 0.199769 0.387931 9.9964E-05 9.9964E-05 0.334715
0.104037 9.9964E-05 0.169305 9.9964E-05 0.629015 0.0972429 9.9964E-05 9.9964E-05
9.9955E-05 9.9955E-05 9.9955E-05 0.1711 0.736393 9.9955E-05 9.9955E-05 0.0920065
0.224971 9.9973E-05 9.9973E-05 0.104893 0.530985 0.058421 0.08043 9.9973E-05
0.0127099 9.99729E-05 0.152143 9.99729E-05 0.372169 0.335959 0.126719 9.99729E-05
9.9955E-05 9.9955E-05 0.202837 9.9955E-05 0.440599 0.356064 9.9955E-05 9.9955E-05
0.477189 9.9973E-05 0.037261 9.9973E-05 0.366548 0.0543728 0.0643299 9.9973E-05
0.466552 9.9964E-05 0.0888807 9.9964E-05 0.00522242 9.9964E-05 0.438945 9.9964E-05
9.99639E-05 0.100615 9.99639E-05 0.0941325 0.781531 9.99639E-05 9.99639E-05 0.0233209
0.0693163 9.9982E-05 9.9982E-05 0.0847665 0.602224 0.0377189 0.116191 0.0895834
9.99729E-05 0.0403114 9.99729E-05 0.142599 0.700462 9.99729E-05 0.00372076 0.112607
0.17088 9.99549E-05 9.99549E-05 9.99549E-05 0.718005 0.110616 9.99549E-05 9.99549E-05
0.00632444 9.99729E-05 0.192319 9.99729E-05 0.607375 0.155659 0.0380236 9.99729E-05
9.99549E-05 9.99549E-05 0.218567 9.99549E-05 0.586105 0.194828 9.99549E-05 9.99549E-05
9.9973E-05 0.152189 0.089505 0.173719 0.498775 9.9973E-05 0.0855115 9.9973E-05
0.48055 9.99549E-05 9.99549E-05 9.99549E-05 0.497052 9.99549E-05 0.0218983 9.99549E-05
9.9955E-05 0.478106 9.9955E-05 9.9955E-05 0.509497 9.9955E-05 9.9955E-05 0.0118976
9.99639E-05 9.99639E-05 0.301152 9.99639E-05 0.278844 0.266494 0.15311 9.99639E-05
0.32658 9.99549E-05 9.99549E-05 9.99549E-05 0.596018 0.0769028 9.99549E-05 9.99549E-05
0.146055 9.9955E-05 9.9955E-05 9.9955E-05 0.558889 0.294556 9.9955E-05 9.9955E-05
9.99549E-05 9.99549E-05 0.502732 9.99549E-05 0.325818 9.99549E-05 0.170951 9.99549E-05
9.99639E-05 9.99639E-05 0.330077 0.0493266 0.268929 9.99639E-05 0.351268 9.99639E-05
9.9982E-05 0.000391669 0.0242619 0.169161 0.288815 9.9982E-05 0.254694 0.262477
9.99639E-05 0.365457 9.99639E-05 9.99639E-05 0.572477 9.99639E-05 0.00584652 0.05582
0.327556 9.99549E-05 0.0370168 9.99549E-05 9.99549E-05 9.99549E-05 0.634927 9.99549E-05
9.99639E-05 0.252629 9.99639E-05 0.0241075 0.686772 9.99639E-05 9.99639E-05 0.0360921
0.037404 9.99729E-05 0.248538 9.99729E-05 0.545972 0.155071 0.0127147 9.99729E-05
0.175805 9.9973E-05 0.276643 9.9973E-05 0.193191 0.119176 0.234886 9.9973E-05
9.99549E-05 0.213173 9.99549E-05 9.99549E-05 9.99549E-05 9.99549E-05 0.769016 0.017311
9.9964E-05 0.303607 9.9964E-05 9.9964E-05 0.288373 9.9964E-05 0.198909 0.208711
9.99549E-05 0.213034 9.99549E-05 9.99549E-05 0.0360603 9.99549E-05 0.750405 9.99549E-05
9.99639E-05 9.99639E-05 0.231835 0.131647 0.24267 9.99639E-05 0.393448 9.99639E-05
9.9973E-05 0.00572101 9.9973E-05 0.229565 0.317771 9.9973E-05 0.180671 0.265972
0.344377 9.99549E-05 9.99549E-05 9.99549E-05 0.44918 9.99549E-05 0.205944 9.99549E-05
0.17797 9.99639E-05 9.99639E-05 0.0128436 0.744916 0.0638701 9.99639E-05 9.99639E-05
0.231796 9.9982E-05 9.9982E-05 0.00616132 0.506938 0.0884922 0.124497 0.0419157
9.99549E-05 0.215833 9.99549E-05 9.99549E-05 0.685318 9.99549E-05 9.99549E-05 0.0983495
0.0470766 9.9982E-05 0.00519606 0.0700979 0.616046 0.15824 0.103143 9.9982E-05
0.372593 9.99549E-05 0.0833447 9.99549E-05 0.543562 9.99549E-05 9.99549E-05 9.99549E-05
9.99639E-05 0.228756 0.280582 9.99639E-05 0.132393 9.99639E-05 0.35787 9.99639E-05
9.9973E-05 0.387826 0.0342988 9.9973E-05 0.519356 9.9973E-05 0.0278519 0.030368
9.99549E-05 9.99549E-05 0.624404 9.99549E-05 0.0540397 9.99549E-05 0.321056 9.99549E-05
9.99549E-05 0.321925 0.147896 9.99549E-05 0.529679 9.99549E-05 9.99549E-05 9.99549E-05
9.99639E-05 0.313627 0.219556 9.99639E-05 0.438006 9.99639E-05 0.0284111 9.99639E-05
0.205667 9.9964E-05 0.472434 9.9964E-05 0.229386 9.9964E-05 0.0921133 9.9964E-05
9.99549E-05 0.132371 0.306499 9.99549E-05 0.56063 9.99549E-05 9.99549E-05 9.99549E-05
9.99639E-05 0.0695852 0.478556 9.99639E-05 0.354545 9.99639E-05 0.0969134 9.99639E-05
9.99639E-05 0.0830421 9.99639E-05 0.691724 0.0523374 9.99639E-05 9.99639E-05 0.172497
0.00790423 0.0682752 0.0291488 0.685739 0.0870344 9.9991E-05 0.0572416 0.0645564
0.176255 9.9964E-05 9.9964E-05 0.799201 0.0229352 9.9964E-05 0.00120892 9.9964E-05
0.151118 9.9955E-05 0.431199 0.417183 9.9955E-05 9.9955E-05 9.9955E-05 9.9955E-05
9.99639E-05 0.112753 9.99639E-05 0.652872 9.99639E-05 9.99639E-05 0.0153301 0.218645
0.0666766 0.148301 0.37509 0.217763 9.99729E-05 0.19187 9.99729E-05 9.99729E-05
9.99459E-05 0.598609 9.99459E-05 0.400792 9.99459E-05 9.99459E-05 9.99459E-05 9.99459E-05
9.99639E-05 0.0643147 9.99639E-05 0.812056 0.0194002 9.99639E-05 9.99639E-05 0.10383
9.99729E-05 0.058725 0.191091 0.681588 9.99729E-05 9.99729E-05 0.0603767 0.00791926
0.133907 9.9964E-05 9.9964E-05 0.527687 9.9964E-05 0.276048 0.0619577 9.9964E-05
9.9964E-05 0.00748299 9.9964E-05 0.442394 0.0462014 9.9964E-05 9.9964E-05 0.503522
0.0121832 9.9964E-05 9.9964E-05 0.403174 9.9964E-05 0.53151 0.0527331 9.9964E-05
9.99549E-05 0.209725 9.99549E-05 0.769332 0.0204436 9.99549E-05 9.99549E-05 9.99549E-05
9.99729E-05 0.0345377 0.208182 0.526202 0.0130621 0.217717 9.99729E-05 9.99729E-05
9.9974E-05 9.9974E-05 0.14944 0.678041 9.9974E-05 0.00288496 0.0746432 0.0946908
9.997E-05 0.513 0.0859957 0.288481 9.997E-05 0.0626422 0.0495816 9.997E-05
0.270861 9.99729E-05 0.152739 0.359281 0.0138136 0.203006 9.99729E-05 9.99729E-05
0.567527 0.0581837 9.99549E-05 0.373789 9.99549E-05 9.99549E-05 9.99549E-05 9.99549E-05
9.9973E-05 9.9973E-05 0.137937 0.612144 0.0915 9.9973E-05 0.102795 0.0553241
0.00368021 0.336808 0.0129452 0.646166 9.99639E-05 9.99639E-05 9.99639E-05 9.99639E-05
9.9964E-05 9.9964E-05 0.130689 0.676979 9.9964E-05 0.113007 0.0789247 9.9964E-05
0.323466 9.99459E-05 9.99459E-05 0.675934 9.99459E-05 9.99459E-05 9.99459E-05 9.99459E-05
0.168746 0.0474908 0.20643 0.12202 9.9982E-05 0.442984 0.0121298 9.9982E-05
9.99549E-05 0.181015 0.379385 9.99549E-05 9.99549E-05 9.99549E-05 9.99549E-05 0.4391
0.600934 0.205186 9.9982E-05 0.0686804 0.0144518 0.0985497 9.9982E-05 0.0119985
9.9982E-05 0.450117 0.10143 0.141059 9.9982E-05 0.157963 0.0426094 0.106621
9.99639E-05 0.156159 0.0330945 0.032258 9.99639E-05 9.99639E-05 9.99639E-05 0.778088
0.244877 0.0528048 0.0326856 0.0042167 9.99729E-05 0.665116 9.99729E-05 9.99729E-05
0.0203869 9.99729E-05 0.224497 9.99729E-05 9.99729E-05 0.281678 0.0219747 0.451164
9.99729E-05 0.306632 0.303654 0.130505 0.0545132 0.204396 9.99729E-05 9.99729E-05
0.33213 9.99639E-05 0.227301 9.99639E-05 9.99639E-05 9.99639E-05 0.0109708 0.429199
0.0548092 0.585764 9.9964E-05 9.9964E-05 0.000472516 9.9964E-05 9.9964E-05 0.358555
0.140102 9.9982E-05 0.13195 0.0231191 0.038569 0.612298 9.9982E-05 0.0537624
0.508975 9.99549E-05 0.167571 9.99549E-05 9.99549E-05 9.99549E-05 9.99549E-05 0.322954
9.9973E-05 0.276806 0.0103222 0.0071436 0.0285723 9.9973E-05 9.9973E-05 0.676856
0.267869 0.0304793 0.0368067 0.022761 9.9973E-05 0.641784 9.9973E-05 9.9973E-05
0.430064 9.99639E-05 0.219697 9.99639E-05 9.99639E-05 0.102868 9.99639E-05 0.246972
0.332664 0.245766 9.99549E-05 9.99549E-05 9.99549E-05 0.42107 9.99549E-05 9.99549E-05
0.00129619 0.164787 0.0277573 9.99639E-05 9.99639E-05 9.99639E-05 9.99639E-05 0.80576
0.486346 0.00490067 0.111497 9.99729E-05 9.99729E-05 0.244403 9.99729E-05 0.152554
0.0613429 9.9964E-05 0.177759 0.109092 9.9964E-05 0.651407 9.9964E-05 9.9964E-05
9.99729E-05 0.446493 0.377927 9.99729E-05 9.99729E-05 0.168025 0.00545579 0.00179865
0.411001 0.19048 9.9991E-05 0.216946 0.0170305 0.0808857 0.0646927 0.018864
0.411135 0.176895 9.9982E-05 0.0574435 9.9982E-05 0.215416 0.0625253 0.0763852
9.99549E-05 0.313942 0.0555285 9.99549E-05 9.99549E-05 9.99549E-05 9.99549E-05 0.63003
9.9973E-05 0.215532 0.292917 9.9973E-05 9.9973E-05 0.399602 0.0876651 0.00398351
9.99458E-05 9.99458E-05 0.671832 9.99458E-05 9.99458E-05 9.99458E-05 9.99458E-05 0.327568
9.9982E-05 0.247828 0.0906321 0.316119 0.0480111 9.9982E-05 0.0729721 0.224238
0.223477 0.0339841 0.158282 0.10429 0.0447522 0.354156 0.0511972 0.0298602
9.9982E-05 9.9982E-05 0.204059 0.368386 0.0554307 0.154855 0.0309103 0.186159
9.99835E-05 0.298619 9.99835E-05 0.135484 0.0430311 0.00986112 0.0399862 0.472819
9.998E-05 0.241638 0.319605 0.174549 9.998E-05 0.00769947 0.0492438 0.207065
9.9991E-05 0.46431 0.00844363 0.166218 0.0301097 0.120159 0.0566319 0.154029
9.9964E-05 9.9964E-05 9.9964E-05 0.0318912 9.9964E-05 0.609161 0.111023 0.247525
9.99639E-05 0.556182 9.99639E-05 0.0857414 9.99639E-05 0.0385466 9.99639E-05 0.31913
0.349796 0.145383 9.99549E-05 9.99549E-05 9.99549E-05 0.504321 9.99549E-05 9.99549E-05
9.99729E-05 0.417198 9.99729E-05 0.153973 9.99729E-05 0.108696 0.00205021 0.317783
0.38079 9.9982E-05 0.113216 0.111565 9.9982E-05 0.0186554 0.0065527 0.369021
0.492335 0.0249061 9.9973E-05 0.155694 9.9973E-05 0.222354 9.9973E-05 0.104412
9.998E-05 9.998E-05 0.268138 0.28109 0.0629061 0.21546 0.0478146 0.12439
0.00317777 0.24599 0.310275 0.243024 0.00834377 0.188989 9.9982E-05 9.9982E-05
9.99729E-05 9.99729E-05 0.281764 0.334387 9.99729E-05 0.129196 0.0857623 0.168591
0.342504 0.0646426 9.9982E-05 0.303267 9.9982E-05 0.180544 0.0179742 0.0908686
9.9964E-05 0.323464 9.9964E-05 0.258491 9.9964E-05 0.0129296 9.9964E-05 0.404716
9.99639E-05 0.165749 9.99639E-05 0.163711 9.99639E-05 9.99639E-05 0.0115853 0.658555
9.9964E-05 0.594185 0.255694 9.9964E-05 0.0259757 9.9964E-05 9.9964E-05 0.123746
9.9973E-05 0.270296 9.9973E-05 0.126463 0.0736509 9.9973E-05 0.0408868 0.488404
9.9964E-05 0.221476 9.9964E-05 0.244461 9.9964E-05 0.11581 9.9964E-05 0.417854
9.9973E-05 0.445495 0.282395 9.9973E-05 0.081259 9.9973E-05 0.0123974 0.178153
9.99639E-05 0.590654 0.0905849 9.99639E-05 9.99639E-05 0.189099 9.99639E-05 0.129262
0.356449 9.9955E-05 0.425917 9.9955E-05 9.9955E-05 0.217133 9.9955E-05 9.9955E-05
0.391155 0.104076 0.184981 9.99639E-05 9.99639E-05 0.319389 9.99639E-05 9.99639E-05
9.99549E-05 0.542961 0.33415 9.99549E-05 9.99549E-05 0.122389 9.99549E-05 9.99549E-05
0.173521 0.0861547 0.115732 9.99639E-05 9.99639E-05 0.624192 9.99639E-05 9.99639E-05
0.392018 0.0234618 0.222432 0.0181348 9.99729E-05 0.343654 9.99729E-05 9.99729E-05
0.696672 0.177655 0.0405033 0.0328318 9.99729E-05 9.99729E-05 0.0520384 9.99729E-05
0.508375 0.132387 0.131458 9.99639E-05 9.99639E-05 0.227381 9.99639E-05 9.99639E-05
0.00251267 0.732809 0.19335 9.9973E-05 9.9973E-05 0.0331938 0.0378348 9.9973E-05
9.9964E-05 0.560324 9.9964E-05 9.9964E-05 0.00315553 0.00616222 9.9964E-05 0.429958
0.0625511 0.0907164 0.570458 0.10753 9.99729E-05 0.168444 9.99729E-05 9.99729E-05
0.0483467 0.842242 0.0609684 0.0357661 9.9973E-05 9.9973E-05 0.0123769 9.9973E-05
9.9964E-05 0.559622 0.349332 9.9964E-05 0.0251287 9.9964E-05 0.065518 9.9964E-05
0.0224149 0.387728 0.325487 0.0283467 9.99729E-05 0.235724 9.99729E-05 9.99729E-05
9.9982E-05 0.791996 0.0835126 0.000948062 0.00301001 0.0116289 9.9982E-05 0.108704
0.0851658 0.579548 0.188462 0.100808 0.00262418 0.0431917 9.9982E-05 9.9982E-05
0.0759547 0.0407163 0.507362 9.9991E-05 0.00649694 0.238879 0.091742 0.0387486
9.99729E-05 0.561729 0.154123 9.99729E-05 0.0438084 0.199565 0.040474 9.99729E-05
0.0747985 0.408155 0.350283 0.166363 9.99639E-05 9.99639E-05 9.99639E-05 9.99639E-05
0.141155 0.049078 0.0422894 9.9964E-05 9.9964E-05 0.767078 9.9964E-05 9.9964E-05
0.0904396 0.122318 0.433779 0.0801727 9.9973E-05 0.272991 9.9973E-05 9.9973E-05
0.0294633 0.79179 9.9982E-05 9.9982E-05 0.0735772 0.0296302 0.0177811 0.0575581
9.99729E-05 0.699065 0.133766 0.0645474 0.0151338 0.0871884 9.99729E-05 9.99729E-05
9.9946E-05 0.700552 9.9946E-05 9.9946E-05 9.9946E-05 9.9946E-05 9.9946E-05 0.298848
0.206366 0.00781405 0.267033 9.99639E-05 9.99639E-05 0.518387 9.99639E-05 9.99639E-05
9.9955E-05 0.194516 0.547042 9.9955E-05 9.9955E-05 0.257942 9.9955E-05 9.9955E-05
9.99639E-05 0.750105 0.0615892 9.99639E-05 0.0333389 9.99639E-05 9.99639E-05 0.154567
0.328264 9.9982E-05 0.292868 0.00915463 0.0129475 0.291652 9.9982E-05 0.0649143
9.9964E-05 9.9964E-05 0.224583 9.9964E-05 9.9964E-05 0.53848 0.0355133 0.201024
9.9982E-05 0.507487 0.0192855 0.104795 0.0732676 9.9982E-05 0.106148 0.188818
9.997E-05 9.997E-05 0.328448 0.121473 9.997E-05 0.00783191 0.0634577 0.478489
0.0515879 9.9973E-05 0.261029 9.9973E-05 9.9973E-05 0.528824 0.0919118 0.0663477
0.374182 9.99639E-05 0.369223 9.99639E-05 9.99639E-05 0.115801 9.99639E-05 0.140394
0.313933 9.9973E-05 0.363314 9.9973E-05 0.00633911 0.258442 9.9973E-05 0.0576723
9.9982E-05 0.195769 9.9982E-05 0.0317179 0.00195843 0.00651609 0.0571334 0.706705
9.9964E-05 0.38101 0.375651 9.9964E-05 9.9964E-05 9.9964E-05 0.022833 0.220106
9.99639E-05 9.99639E-05 0.395128 0.328431 9.99639E-05 0.259282 0.0167589 9.99639E-05
0.108895 9.99639E-05 0.284741 9.99639E-05 9.99639E-05 0.512252 9.99639E-05 0.0937116
9.99729E-05 0.258879 9.99729E-05 0.235852 0.0286267 9.99729E-05 0.0195644 0.456778
9.997E-05 0.3889 0.380601 9.997E-05 9.997E-05 0.118396 0.0443549 0.0674484
9.99729E-05 0.426879 0.453222 9.99729E-05 9.99729E-05 0.031642 0.00944144 0.0785151
9.99729E-05 9.99729E-05 0.270977 0.315727 9.99729E-05 0.20341 0.0340124 0.175574
9.99729E-05 0.609272 0.0566798 0.236412 0.00795787 0.089379 9.99729E-05 9.99729E-05
9.99729E-05 0.14831 0.270636 0.0785172 0.000677247 0.50156 9.99729E-05 9.99729E-05
9.99729E-05 0.00134357 0.468462 0.0846192 9.99729E-05 0.384364 9.99729E-05 0.0609117
0.304531 9.9973E-05 0.121926 9.9973E-05 9.9973E-05 0.420792 0.0331784 0.119273
9.99729E-05 0.337236 0.234524 9.99729E-05 0.127847 9.99729E-05 0.0377766 0.262315
0.164674 9.99639E-05 0.384071 9.99639E-05 9.99639E-05 0.378432 9.99639E-05 0.0724232
0.551027 0.112905 0.15871 9.9973E-05 9.9973E-05 0.144772 9.9973E-05 0.0322848
9.99549E-05 0.62968 0.0780032 9.99549E-05 9.99549E-05 9.99549E-05 9.99549E-05 0.291817
9.99549E-05 0.478651 0.188672 9.99549E-05 9.99549E-05 0.332177 9.99549E-05 9.99549E-05
9.9964E-05 0.620735 0.309405 9.9964E-05 0.0281276 9.9964E-05 9.9964E-05 0.0413328
0.337974 9.9955E-05 0.383023 9.9955E-05 9.9955E-05 0.278504 9.9955E-05 9.9955E-05
0.416983 0.104026 0.132855 0.0524163 0.189329 0.042648 0.0616423 9.9991E-05
0.211836 0.033497 0.407701 9.9973E-05 0.0200001 0.326665 9.9973E-05 9.9973E-05
9.9964E-05 0.654535 0.101334 9.9964E-05 9.9964E-05 9.9964E-05 0.024088 0.219643
0.248616 0.104766 0.452711 0.00249898 9.9973E-05 0.191108 9.9973E-05 9.9973E-05
0.220247 9.9964E-05 0.460987 0.0612585 9.9964E-05 0.257107 9.9964E-05 9.9964E-05
0.284518 9.9964E-05 0.220005 0.0693606 9.9964E-05 0.425716 9.9964E-05 9.9964E-05
0.00489146 0.849543 9.9973E-05 0.113824 0.010115 9.9973E-05 9.9973E-05 0.0213271
9.99639E-05 0.392509 0.408887 0.00737138 9.99639E-05 0.190832 9.99639E-05 9.99639E-05
0.227415 0.115393 0.0510922 9.9982E-05 9.9982E-05 0.547876 0.0540068 0.00401717
0.0874658 0.424934 0.226344 0.0375995 0.0500814 9.9982E-05 9.9982E-05 0.173375
0.365493 9.9964E-05 0.324093 0.0388134 9.9964E-05 0.2712 9.9964E-05 9.9964E-05
0.35579 0.301454 9.9973E-05 0.141001 9.9973E-05 0.136152 9.9973E-05 0.0653028
0.0858126 0.264116 0.560405 0.083119 9.9973E-05 0.00624737 9.9973E-05 9.9973E-05
0.0189378 0.732138 9.9964E-05 9.9964E-05 9.9964E-05 9.9964E-05 0.0146714 0.233853
0.0321064 0.263334 0.592737 0.0233509 9.9973E-05 0.0881722 9.9973E-05 9.9973E-05
9.999E-05 0.24611 0.0396167 0.289768 0.007931 0.181154 0.0752579 0.160062
9.9973E-05 0.297225 9.9973E-05 0.266275 9.9973E-05 0.0295968 0.00679871 0.399805
9.99729E-05 0.419752 0.305067 0.130437 0.00200875 0.142435 9.99729E-05 9.99729E-05
9.99549E-05 0.37986 0.202642 0.416999 9.99549E-05 9.99549E-05 9.99549E-05 9.99549E-05
9.99729E-05 0.375785 0.227062 0.0324161 9.99729E-05 0.259076 9.99729E-05 0.105361
0.286891 0.0924174 0.0692885 0.0446856 9.9982E-05 0.492309 9.9982E-05 0.0142088
9.9973E-05 0.160457 0.0386393 0.153177 9.9973E-05 9.9973E-05 0.0404648 0.606962
0.600189 9.9982E-05 0.0431256 9.9982E-05 0.0168781 0.0500296 0.03408 0.255498
0.169481 9.99639E-05 0.348797 0.315166 9.99639E-05 0.166156 9.99639E-05 9.99639E-05
9.9973E-05 0.0127456 9.9973E-05 0.143532 9.9973E-05 0.752142 0.0562505 0.0350304
9.99639E-05 0.292216 9.99639E-05 0.375358 9.99639E-05 0.0793153 9.99639E-05 0.252711
9.99549E-05 0.44232 9.99549E-05 0.221353 9.99549E-05 9.99549E-05 9.99549E-05 0.335827
0.387788 0.0929452 0.0731079 9.9982E-05 9.9982E-05 0.367159 0.0296516 0.0491488
9.9973E-05 0.484158 0.232767 0.061875 0.0417244 0.179175 9.9973E-05 9.9973E-05
9.99819E-05 0.218702 0.168253 0.336826 9.99819E-05 0.21192 0.0401229 0.0239754
9.99549E-05 0.401548 9.99549E-05 0.236815 9.99549E-05 9.99549E-05 9.99549E-05 0.361137
9.9973E-05 9.9973E-05 0.0642566 0.391781 9.9973E-05 0.3403 0.0260654 0.177298
0.250051 9.9982E-05 0.0891812 0.13743 9.9982E-05 0.265929 0.0899898 0.16722
0.100466 0.0218805 0.190037 9.99639E-05 9.99639E-05 0.687217 9.99639E-05 9.99639E-05
9.9964E-05 9.9964E-05 0.0349812 0.136331 0.00195129 0.826337 9.9964E-05 9.9964E-05
0.276448 0.0516068 9.9982E-05 0.383811 0.00262853 0.226658 9.9982E-05 0.0586467
0.0278127 0.737469 0.165463 0.0418024 9.9973E-05 9.9973E-05 0.0271526 9.9973E-05
0.238499 9.99639E-05 0.469153 0.0810165 9.99639E-05 0.210932 9.99639E-05 9.99639E-05
0.0759288 0.737999 0.111924 0.0737483 9.9964E-05 9.9964E-05 9.9964E-05 9.9964E-05
0.0294771 0.415202 0.361158 0.180863 9.99729E-05 0.0130001 9.99729E-05 9.99729E-05
0.230554 9.99549E-05 0.58709 9.99549E-05 9.99549E-05 0.181856 9.99549E-05 9.99549E-05
0.0225398 0.753186 9.9973E-05 9.9973E-05 0.0462849 9.9973E-05 0.0237106 0.153978
9.99729E-05 0.226634 9.99729E-05 0.435397 0.0285807 0.121574 9.99729E-05 0.187515
9.9982E-05 0.641323 0.15025 0.0422965 9.9982E-05 0.0862948 0.0161366 0.0634992
9.9964E-05 9.9964E-05 9.9964E-05 0.110674 9.9964E-05 0.648627 0.100294 0.140005
9.9982E-05 0.0696718 0.164721 0.139525 9.9982E-05 0.353879 0.0899533 0.182051
9.9973E-05 0.157796 0.259243 9.9973E-05 9.9973E-05 0.471749 0.0526593 0.0582533
9.9973E-05 0.59293 9.9973E-05 0.039906 0.0489654 0.103547 9.9973E-05 0.214351
0.574711 0.174065 9.9982E-05 9.9982E-05 0.0100951 0.2179 0.00461577 0.0184136
9.9991E-05 0.316218 0.155779 0.174532 0.144663 0.104322 0.0632221 0.0411636
0.119649 0.0564341 0.00187591 0.0967234 0.0634917 0.63009 0.031636 9.9991E-05
0.468915 0.118485 9.9982E-05 0.0548722 0.00286592 0.310516 0.0441456 9.9982E-05
9.9973E-05 0.0124168 9.9973E-05 0.0242264 9.9973E-05 0.875759 0.0733995 0.0138982
9.9964E-05 0.0181322 0.129352 9.9964E-05 9.9964E-05 0.774881 0.0772354 9.9964E-05
9.9973E-05 0.0590752 9.9973E-05 9.9973E-05 0.0955564 0.77292 0.0660675 0.0060808
9.9982E-05 0.412472 0.15697 0.153756 0.0315618 0.143534 0.101506 9.9982E-05
9.9982E-05 0.638597 0.156722 0.0834508 0.0692413 9.9982E-05 0.0444224 0.00736669
0.625936 0.0986214 9.9991E-05 0.0298172 0.0309817 0.0805065 0.00965935 0.124377
9.9973E-05 9.9973E-05 9.9973E-05 0.268746 0.0110863 0.560075 0.00226712 0.157525
0.025681 0.24448 0.0416554 0.24177 0.0623161 0.108628 0.0925454 0.182925
9.9964E-05 0.147103 9.9964E-05 0.196804 9.9964E-05 9.9964E-05 0.0345617 0.621132
9.9955E-05 0.881568 9.9955E-05 9.9955E-05 9.9955E-05 9.9955E-05 0.000363053 0.117569
9.9973E-05 0.358533 9.9973E-05 0.158994 0.0342103 0.00797974 9.9973E-05 0.439983
