9.98649E-05 9.98649E-05 9.98649E-05 9.98649E-05 9.98649E-05 9.98649E-05 0.108234 9.98649E-05 9.98649E-05 0.37253 0.0147498 0.459079 9.98649E-05 9.98649E-05 9.98649E-05 0.0439092 9.98649E-05 9.98649E-05 9.98649E-05 9.98649E-05
9.98738E-05 9.98738E-05 9.98738E-05 9.98738E-05 0.0100373 9.98738E-05 0.0646873 0.0494097 9.98738E-05 0.181131 0.28176 0.411576 9.98738E-05 9.98738E-05 9.98738E-05 9.98738E-05 9.98738E-05 9.98738E-05 9.98738E-05 9.98738E-05
9.98918E-05 9.98918E-05 9.98918E-05 9.98918E-05 9.98918E-05 0.0264373 9.98918E-05 9.98918E-05 9.98918E-05 9.98918E-05 0.490741 9.98918E-05 0.167246 0.0196954 0.024138 0.110437 9.98918E-05 0.0266552 9.98918E-05 0.133451
9.98739E-05 0.0859467 0.190273 9.98739E-05 9.98739E-05 9.98739E-05 9.98739E-05 9.98739E-05 9.98739E-05 0.253302 9.98739E-05 0.449439 9.98739E-05 9.98739E-05 0.0111753 9.98739E-05 0.00846609 9.98739E-05 9.98739E-05 9.98739E-05
9.98919E-05 0.0900892 0.0616867 9.98919E-05 0.169426 9.98919E-05 9.98919E-05 9.98919E-05 9.98919E-05 0.225694 9.98919E-05 0.240221 9.98919E-05 0.0735779 9.98919E-05 9.98919E-05 9.98919E-05 0.118126 0.0199806 9.98919E-05
0.0187132 0.169432 9.98828E-05 9.98828E-05 9.98828E-05 9.98828E-05 0.010916 9.98828E-05 0.0198335 0.237753 0.293346 9.98828E-05 9.98828E-05 9.98828E-05 9.98828E-05 9.98828E-05 9.98828E-05 9.98828E-05 9.98828E-05 0.248708
9.98648E-05 9.98648E-05 0.0231547 9.98648E-05 9.98648E-05 9.98648E-05 9.98648E-05 9.98648E-05 9.98648E-05 9.98648E-05 0.386712 0.0969358 0.21384 9.98648E-05 9.98648E-05 0.277859 9.98648E-05 9.98648E-05 9.98648E-05 9.98648E-05
9.9883E-05 0.0343726 9.9883E-05 9.9883E-05 0.087919 9.9883E-05 0.163257 9.9883E-05 9.9883E-05 0.107708 0.276105 9.9883E-05 0.0665001 9.9883E-05 9.9883E-05 9.9883E-05 9.9883E-05 9.9883E-05 9.9883E-05 0.26284
9.99189E-05 0.143291 0.267154 0.019789 0.0297753 9.99189E-05 0.0357234 9.99189E-05 0.0231661 9.99189E-05 0.138135 0.221566 9.99189E-05 9.99189E-05 9.99189E-05 0.000396992 9.99189E-05 0.0122401 9.99189E-05 0.107864
9.98739E-05 9.98739E-05 9.98739E-05 9.98739E-05 9.98739E-05 0.0454773 9.98739E-05 9.98739E-05 9.98739E-05 9.98739E-05 9.98739E-05 9.98739E-05 0.14785 9.98739E-05 0.0416196 0.226978 0.0557648 9.98739E-05 9.98739E-05 0.480913
9.98828E-05 0.00814488 0.227589 9.98828E-05 0.179376 9.98828E-05 9.98828E-05 0.365467 9.98828E-05 9.98828E-05 9.98828E-05 0.0446801 9.98828E-05 0.0173648 9.98828E-05 9.98828E-05 9.98828E-05 9.98828E-05 9.98828E-05 0.15608
9.98739E-05 0.188881 9.98739E-05 9.98739E-05 0.0634661 9.98739E-05 9.98739E-05 0.0504758 9.98739E-05 9.98739E-05 9.98739E-05 0.392015 9.98739E-05 9.98739E-05 9.98739E-05 9.98739E-05 9.98739E-05 9.98739E-05 0.0758282 0.227935
9.99008E-05 0.0518287 0.41326 0.0510619 9.99008E-05 9.99008E-05 9.99008E-05 9.99008E-05 0.0270557 0.0951546 0.0378238 9.99008E-05 0.161893 0.148418 9.99008E-05 9.99008E-05 9.99008E-05 0.0124053 9.99008E-05 9.99008E-05
9.98738E-05 9.98738E-05 0.0756927 9.98738E-05 9.98738E-05 9.98738E-05 0.000705733 9.98738E-05 9.98738E-05 9.98738E-05 0.216741 9.98738E-05 0.0542411 9.98738E-05 9.98738E-05 0.0573582 9.98738E-05 9.98738E-05 9.98738E-05 0.593863
9.98648E-05 0.0101727 9.98648E-05 9.98648E-05 0.186437 9.98648E-05 9.98648E-05 0.374727 9.98648E-05 9.98648E-05 9.98648E-05 0.294191 9.98648E-05 9.98648E-05 9.98648E-05 9.98648E-05 9.98648E-05 9.98648E-05 9.98648E-05 0.132974
0.00357486 0.055359 9.99008E-05 9.99008E-05 9.99008E-05 9.99008E-05 9.99008E-05 9.99008E-05 9.99008E-05 0.0966488 0.0390351 9.99008E-05 0.319424 9.99008E-05 0.00868369 0.411727 0.0439378 0.0205111 9.99008E-05 9.99008E-05
9.98738E-05 9.98738E-05 0.102051 9.98738E-05 9.98738E-05 9.98738E-05 9.98738E-05 9.98738E-05 9.98738E-05 9.98738E-05 0.415797 0.050037 0.124417 9.98738E-05 9.98738E-05 0.178185 9.98738E-05 9.98738E-05 9.98738E-05 0.128116
9.98648E-05 9.98648E-05 9.98648E-05 9.98648E-05 9.98648E-05 9.98648E-05 9.98648E-05 0.0591088 9.98648E-05 0.011995 0.583951 9.98648E-05 0.171997 9.98648E-05 9.98648E-05 9.98648E-05 9.98648E-05 9.98648E-05 9.98648E-05 0.17145
9.9892E-05 9.9892E-05 0.345223 9.9892E-05 0.0332839 9.9892E-05 9.9892E-05 9.9892E-05 0.0148392 9.9892E-05 0.025745 0.293854 9.9892E-05 0.0633517 9.9892E-05 9.9892E-05 9.9892E-05 9.9892E-05 0.0328275 0.189676
9.98559E-05 9.98559E-05 9.98559E-05 9.98559E-05 9.98559E-05 9.98559E-05 9.98559E-05 0.129345 9.98559E-05 0.0523476 9.98559E-05 9.98559E-05 9.98559E-05 9.98559E-05 0.743908 9.98559E-05 9.98559E-05 0.0728016 9.98559E-05 9.98559E-05
9.98649E-05 9.98649E-05 0.0529174 0.104098 9.98649E-05 9.98649E-05 9.98649E-05 9.98649E-05 9.98649E-05 0.00892489 9.98649E-05 9.98649E-05 9.98649E-05 9.98649E-05 0.789454 9.98649E-05 0.0431076 9.98649E-05 9.98649E-05 9.98649E-05
9.98467E-05 9.98467E-05 9.98467E-05 9.98467E-05 9.98467E-05 9.98467E-05 9.98467E-05 9.98467E-05 0.0188022 0.171337 9.98467E-05 9.98467E-05 9.98467E-05 9.98467E-05 0.808163 9.98467E-05 9.98467E-05 9.98467E-05 9.98467E-05 9.98467E-05
9.98648E-05 0.00830283 9.98648E-05 0.105945 9.98648E-05 9.98648E-05 9.98648E-05 9.98648E-05 9.98648E-05 9.98648E-05 9.98648E-05 0.00430422 9.98648E-05 9.98648E-05 0.599818 9.98648E-05 9.98648E-05 9.98648E-05 0.280132 9.98648E-05
9.98648E-05 0.168666 9.98648E-05 9.98648E-05 9.98648E-05 9.98648E-05 0.0160328 0.0613724 9.98648E-05 9.98648E-05 9.98648E-05 0.049803 9.98648E-05 9.98648E-05 0.702628 9.98648E-05 9.98648E-05 9.98648E-05 9.98648E-05 9.98648E-05
0.225159 9.98737E-05 9.98737E-05 9.98737E-05 9.98737E-05 9.98737E-05 9.98737E-05 9.98737E-05 0.0613551 9.98737E-05 0.0992407 9.98737E-05 9.98737E-05 9.98737E-05 0.39815 0.0421945 9.98737E-05 9.98737E-05 9.98737E-05 0.172503
9.98918E-05 0.10814 9.98918E-05 9.98918E-05 0.0346584 9.98918E-05 0.0824606 0.091842 0.264095 9.98918E-05 9.98918E-05 0.0990526 9.98918E-05 9.98918E-05 0.279005 9.98918E-05 9.98918E-05 0.0395476 9.98918E-05 9.98918E-05
0.232178 9.98648E-05 9.98648E-05 9.98648E-05 9.98648E-05 9.98648E-05 9.98648E-05 9.98648E-05 9.98648E-05 9.98648E-05 9.98648E-05 9.98648E-05 0.155812 9.98648E-05 0.222067 9.98648E-05 0.367785 0.0206605 9.98648E-05 9.98648E-05
9.991E-05 9.991E-05 9.991E-05 0.00573926 0.0886596 9.991E-05 0.154322 0.0791629 0.0379427 0.0846559 9.991E-05 9.991E-05 9.991E-05 9.991E-05 0.233816 9.991E-05 0.0976124 0.156798 0.0602924 9.991E-05
0.0195138 9.98737E-05 9.98737E-05 9.98737E-05 9.98737E-05 9.98737E-05 9.98737E-05 9.98737E-05 0.0474061 0.0900179 9.98737E-05 9.98737E-05 9.98737E-05 9.98737E-05 0.783311 0.0379049 9.98737E-05 9.98737E-05 9.98737E-05 0.0204483
9.98559E-05 0.0591803 9.98559E-05 0.13176 9.98559E-05 9.98559E-05 9.98559E-05 9.98559E-05 9.98559E-05 9.98559E-05 9.98559E-05 9.98559E-05 9.98559E-05 9.98559E-05 0.806617 9.98559E-05 9.98559E-05 9.98559E-05 0.000844112 9.98559E-05
0.1139 0.00259451 0.128134 9.99011E-05 9.99011E-05 0.0185393 9.99011E-05 9.99011E-05 9.99011E-05 9.99011E-05 9.99011E-05 9.99011E-05 0.0723963 9.99011E-05 0.552644 0.0109651 0.0888461 9.99011E-05 0.0108816 9.99011E-05
0.105581 9.98828E-05 9.98828E-05 0.0509075 9.98828E-05 9.98828E-05 9.98828E-05 9.98828E-05 0.696907 0.0594975 9.98828E-05 9.98828E-05 9.98828E-05 0.020585 0.00488613 0.060338 9.98828E-05 9.98828E-05 9.98828E-05 9.98828E-05
0.120104 9.98647E-05 9.98647E-05 9.98647E-05 9.98647E-05 9.98647E-05 9.98647E-05 9.98647E-05 9.98647E-05 9.98647E-05 9.98647E-05 9.98647E-05 0.177925 9.98647E-05 0.554135 0.143021 0.00331738 9.98647E-05 9.98647E-05 9.98647E-05
0.101077 9.98737E-05 9.98737E-05 9.98737E-05 9.98737E-05 9.98737E-05 9.98737E-05 9.98737E-05 0.0676841 9.98737E-05 0.167084 9.98737E-05 0.0334163 9.98737E-05 0.590913 9.98737E-05 9.98737E-05 9.98737E-05 9.98737E-05 0.0384273
9.98648E-05 0.119176 0.0180345 0.058431 9.98648E-05 9.98648E-05 9.98648E-05 9.98648E-05 9.98648E-05 9.98648E-05 9.98648E-05 9.98648E-05 9.98648E-05 0.000789743 0.802071 9.98648E-05 9.98648E-05 9.98648E-05 9.98648E-05 9.98648E-05
9.98649E-05 0.0493147 9.98649E-05 9.98649E-05 9.98649E-05 9.98649E-05 9.98649E-05 0.129513 9.98649E-05 9.98649E-05 9.98649E-05 0.0367579 9.98649E-05 9.98649E-05 0.73175 9.98649E-05 9.98649E-05 0.0511664 9.98649E-05 9.98649E-05
9.98469E-05 9.98469E-05 9.98469E-05 9.98469E-05 9.98469E-05 9.98469E-05 9.98469E-05 0.308715 9.98469E-05 9.98469E-05 9.98469E-05 9.98469E-05 9.98469E-05 9.98469E-05 0.679526 9.98469E-05 9.98469E-05 0.010061 9.98469E-05 9.98469E-05
9.98739E-05 0.00736798 0.0166643 9.98739E-05 9.98739E-05 9.98739E-05 9.98739E-05 9.98739E-05 9.98739E-05 9.98739E-05 9.98739E-05 0.0630881 9.98739E-05 9.98739E-05 0.691214 9.98739E-05 9.98739E-05 0.0352476 0.18502 9.98739E-05
0.398961 9.98466E-05 9.98466E-05 9.98466E-05 9.98466E-05 9.98466E-05 9.98466E-05 9.98466E-05 9.98466E-05 0.172529 9.98466E-05 9.98466E-05 9.98466E-05 9.98466E-05 9.98466E-05 9.98466E-05 9.98466E-05 0.426813 9.98466E-05 9.98466E-05
0.799342 9.9874E-05 0.0318091 9.9874E-05 9.9874E-05 9.9874E-05 9.9874E-05 9.9874E-05 9.9874E-05 0.00338363 9.9874E-05 9.9874E-05 9.9874E-05 0.0699771 9.9874E-05 9.9874E-05 0.0903415 0.00374812 9.9874E-05 9.9874E-05
0.600309 9.99009E-05 9.99009E-05 0.00749832 9.99009E-05 0.148148 0.00699007 9.99009E-05 0.00741172 9.99009E-05 9.99009E-05 9.99009E-05 0.13435 9.99009E-05 0.0340524 0.0536412 0.00650006 9.99009E-05 9.99009E-05 9.99009E-05
0.206746 9.98919E-05 9.98919E-05 0.0342755 9.98919E-05 9.98919E-05 0.0258178 9.98919E-05 0.0585924 0.0172963 9.98919E-05 9.98919E-05 9.98919E-05 9.98919E-05 9.98919E-05 9.98919E-05 0.119431 0.241611 0.295031 9.98919E-05
0.451678 9.98556E-05 9.98556E-05 9.98556E-05 9.98556E-05 9.98556E-05 9.98556E-05 9.98556E-05 9.98556E-05 0.182913 9.98556E-05 9.98556E-05 9.98556E-05 9.98556E-05 0.247686 9.98556E-05 9.98556E-05 0.116125 9.98556E-05 9.98556E-05
0.493675 9.98918E-05 9.98918E-05 0.255972 9.98918E-05 0.0355709 9.98918E-05 0.0491275 0.0332449 9.98918E-05 9.98918E-05 9.98918E-05 0.0272962 0.000453584 9.98918E-05 9.98918E-05 9.98918E-05 9.98918E-05 9.98918E-05 0.103462
9.98649E-05 9.98649E-05 9.98649E-05 9.98649E-05 0.0425566 9.98649E-05 9.98649E-05 9.98649E-05 0.570311 9.98649E-05 9.98649E-05 0.164673 9.98649E-05 9.98649E-05 9.98649E-05 9.98649E-05 9.98649E-05 0.0386463 0.182315 9.98649E-05
0.0552072 9.98648E-05 9.98648E-05 0.281597 0.185767 9.98648E-05 9.98648E-05 9.98648E-05 9.98648E-05 9.98648E-05 9.98648E-05 0.060242 9.98648E-05 9.98648E-05 9.98648E-05 9.98648E-05 9.98648E-05 0.415689 9.98648E-05 9.98648E-05
0.609156 9.98738E-05 9.98738E-05 9.98738E-05 9.98738E-05 0.0347993 9.98738E-05 9.98738E-05 9.98738E-05 9.98738E-05 0.0410888 9.98738E-05 0.0256098 9.98738E-05 0.152107 0.135841 9.98738E-05 9.98738E-05 9.98738E-05 9.98738E-05
0.491 9.98557E-05 9.98557E-05 9.98557E-05 9.98557E-05 9.98557E-05 0.0146024 9.98557E-05 9.98557E-05 0.181306 9.98557E-05 9.98557E-05 9.98557E-05 9.98557E-05 9.98557E-05 9.98557E-05 9.98557E-05 0.311495 9.98557E-05 9.98557E-05
0.390087 9.98468E-05 9.98468E-05 9.98468E-05 9.98468E-05 9.98468E-05 9.98468E-05 9.98468E-05 9.98468E-05 9.98468E-05 9.98468E-05 9.98468E-05 0.0270118 9.98468E-05 9.98468E-05 9.98468E-05 0.581204 9.98468E-05 9.98468E-05 9.98468E-05
0.26453 9.98739E-05 0.00865705 0.127307 0.180032 9.98739E-05 0.0857954 9.98739E-05 9.98739E-05 9.98739E-05 9.98739E-05 9.98739E-05 9.98739E-05 9.98739E-05 9.98739E-05 9.98739E-05 9.98739E-05 0.33228 9.98739E-05 9.98739E-05
0.642029 9.98739E-05 9.98739E-05 0.039556 9.98739E-05 9.98739E-05 9.98739E-05 9.98739E-05 9.98739E-05 0.00278489 9.98739E-05 9.98739E-05 9.98739E-05 0.00149502 9.98739E-05 9.98739E-05 0.185724 0.127013 9.98739E-05 9.98739E-05
9.98379E-05 9.98379E-05 9.98379E-05 0.989678 9.98379E-05 9.98379E-05 9.98379E-05 9.98379E-05 9.98379E-05 0.00852466 9.98379E-05 9.98379E-05 9.98379E-05 9.98379E-05 9.98379E-05 9.98379E-05 9.98379E-05 9.98379E-05 9.98379E-05 9.98379E-05
9.98917E-05 0.0602841 9.98917E-05 0.232359 9.98917E-05 9.98917E-05 9.98917E-05 0.202421 0.236643 9.98917E-05 9.98917E-05 0.0456008 9.98917E-05 9.98917E-05 0.0132404 9.98917E-05 9.98917E-05 0.190423 9.98917E-05 0.0178299
0.220512 0.170884 9.98918E-05 0.131236 0.0483274 9.98918E-05 0.0631554 0.182125 9.98918E-05 9.98918E-05 0.0516319 9.98918E-05 9.98918E-05 9.98918E-05 9.98918E-05 9.98918E-05 9.98918E-05 0.13093 9.98918E-05 9.98918E-05
0.00886167 9.9892E-05 9.9892E-05 0.338501 0.0329561 9.9892E-05 0.0217087 9.9892E-05 0.083347 9.9892E-05 9.9892E-05 0.0553176 9.9892E-05 9.9892E-05 9.9892E-05 9.9892E-05 9.9892E-05 0.101289 0.35682 9.9892E-05
9.98649E-05 0.0346105 9.98649E-05 9.98649E-05 9.98649E-05 9.98649E-05 0.20603 9.98649E-05 9.98649E-05 9.98649E-05 9.98649E-05 0.0151047 9.98649E-05 9.98649E-05 0.340855 9.98649E-05 9.98649E-05 9.98649E-05 0.401902 9.98649E-05
0.550039 9.98737E-05 9.98737E-05 9.98737E-05 9.98737E-05 9.98737E-05 9.98737E-05 9.98737E-05 0.109894 0.122188 9.98737E-05 9.98737E-05 9.98737E-05 0.0112994 9.98737E-05 0.0126914 9.98737E-05 0.192489 9.98737E-05 9.98737E-05
0.0132725 9.98647E-05 9.98647E-05 0.439952 9.98647E-05 9.98647E-05 0.285134 9.98647E-05 9.98647E-05 9.98647E-05 9.98647E-05 9.98647E-05 9.98647E-05 9.98647E-05 9.98647E-05 9.98647E-05 0.152492 0.107651 9.98647E-05 9.98647E-05
0.785061 9.98738E-05 9.98738E-05 9.98738E-05 9.98738E-05 9.98738E-05 0.0331623 9.98738E-05 9.98738E-05 0.102024 9.98738E-05 9.98738E-05 9.98738E-05 0.0135853 9.98738E-05 0.0499864 0.0147829 9.98738E-05 9.98738E-05 9.98738E-05
0.127875 9.98558E-05 9.98558E-05 0.124809 9.98558E-05 9.98558E-05 9.98558E-05 9.98558E-05 9.98558E-05 0.0628509 9.98558E-05 9.98558E-05 9.98558E-05 9.98558E-05 9.98558E-05 9.98558E-05 9.98558E-05 0.682867 9.98558E-05 9.98558E-05
0.129833 9.98917E-05 9.98917E-05 0.0649835 9.98917E-05 9.98917E-05 0.033809 0.0201212 0.171601 0.108315 9.98917E-05 9.98917E-05 9.98917E-05 9.98917E-05 0.00645147 9.98917E-05 9.98917E-05 0.463688 9.98917E-05 9.98917E-05
0.358523 0.0377738 9.98828E-05 9.98828E-05 0.121185 9.98828E-05 0.0679248 0.0512708 9.98828E-05 9.98828E-05 9.98828E-05 0.0340504 9.98828E-05 9.98828E-05 9.98828E-05 9.98828E-05 9.98828E-05 0.327974 9.98828E-05 9.98828E-05
0.143343 9.98649E-05 9.98649E-05 9.98649E-05 9.98649E-05 9.98649E-05 9.98649E-05 9.98649E-05 0.54974 9.98649E-05 9.98649E-05 9.98649E-05 9.98649E-05 0.0964967 9.98649E-05 0.156052 9.98649E-05 0.0528697 9.98649E-05 9.98649E-05
9.98469E-05 9.98469E-05 9.98469E-05 9.98469E-05 9.98469E-05 9.98469E-05 9.98469E-05 9.98469E-05 9.98469E-05 9.98469E-05 9.98469E-05 9.98469E-05 9.98469E-05 9.98469E-05 0.0558956 9.98469E-05 9.98469E-05 0.628484 0.313923 9.98469E-05
0.192754 9.99008E-05 9.99008E-05 9.99008E-05 9.99008E-05 0.0153793 0.0544384 9.99008E-05 0.0322025 9.99008E-05 0.0100361 9.99008E-05 0.32781 9.99008E-05 9.99008E-05 0.0723098 9.99008E-05 0.253883 9.99008E-05 0.0400871
9.99098E-05 0.0745643 0.0382932 0.0686856 0.0377465 9.99098E-05 0.0515382 0.176449 0.429789 9.99098E-05 0.00179419 9.99098E-05 9.99098E-05 9.99098E-05 0.0175458 9.99098E-05 9.99098E-05 0.102594 9.99098E-05 9.99098E-05
9.98381E-05 9.98381E-05 9.98381E-05 9.98381E-05 0.0677648 9.98381E-05 9.98381E-05 9.98381E-05 9.98381E-05 9.98381E-05 9.98381E-05 9.98381E-05 9.98381E-05 9.98381E-05 9.98381E-05 9.98381E-05 9.98381E-05 0.930438 9.98381E-05 9.98381E-05
9.98561E-05 9.98561E-05 9.98561E-05 9.98561E-05 9.98561E-05 9.98561E-05 9.98561E-05 0.155995 9.98561E-05 9.98561E-05 9.98561E-05 9.98561E-05 0.00403383 9.98561E-05 9.98561E-05 9.98561E-05 0.0701699 0.768203 9.98561E-05 9.98561E-05
9.98737E-05 9.98737E-05 9.98737E-05 9.98737E-05 9.98737E-05 9.98737E-05 0.0678221 0.000537435 0.801013 9.98737E-05 0.043581 0.07119 9.98737E-05 9.98737E-05 9.98737E-05 9.98737E-05 9.98737E-05 0.0144587 9.98737E-05 9.98737E-05
0.0159296 9.98648E-05 9.98648E-05 9.98648E-05 9.98648E-05 9.98648E-05 9.98648E-05 9.98648E-05 0.69407 0.179302 9.98648E-05 9.98648E-05 9.98648E-05 9.98648E-05 0.099729 9.98648E-05 9.98648E-05 9.98648E-05 9.98648E-05 0.00947159
0.070281 9.98647E-05 9.98647E-05 9.98647E-05 9.98647E-05 0.00670536 9.98647E-05 9.98647E-05 0.619303 9.98647E-05 9.98647E-05 9.98647E-05 9.98647E-05 9.98647E-05 9.98647E-05 0.0379511 0.264262 9.98647E-05 9.98647E-05 9.98647E-05
0.330461 9.98558E-05 9.98558E-05 9.98558E-05 9.98558E-05 9.98558E-05 9.98558E-05 9.98558E-05 0.03907 9.98558E-05 9.98558E-05 9.98558E-05 0.432562 9.98558E-05 9.98558E-05 9.98558E-05 9.98558E-05 0.19631 9.98558E-05 9.98558E-05
9.98559E-05 9.98559E-05 9.98559E-05 9.98559E-05 0.131262 9.98559E-05 9.98559E-05 9.98559E-05 9.98559E-05 9.98559E-05 9.98559E-05 9.98559E-05 9.98559E-05 9.98559E-05 0.648708 9.98559E-05 9.98559E-05 0.0171581 0.201274 9.98559E-05
0.321958 9.98736E-05 9.98736E-05 9.98736E-05 9.98736E-05 9.98736E-05 9.98736E-05 9.98736E-05 0.049278 9.98736E-05 9.98736E-05 9.98736E-05 0.0709403 0.00273568 9.98736E-05 0.1895 9.98736E-05 0.364189 9.98736E-05 9.98736E-05
9.98468E-05 9.98468E-05 9.98468E-05 9.98468E-05 9.98468E-05 9.98468E-05 9.98468E-05 0.0273784 0.419541 9.98468E-05 9.98468E-05 9.98468E-05 9.98468E-05 9.98468E-05 9.98468E-05 9.98468E-05 9.98468E-05 0.551383 9.98468E-05 9.98468E-05
9.98648E-05 0.188073 9.98648E-05 0.0152103 9.98648E-05 9.98648E-05 9.98648E-05 0.0165914 0.611265 9.98648E-05 9.98648E-05 0.167362 9.98648E-05 9.98648E-05 9.98648E-05 9.98648E-05 9.98648E-05 9.98648E-05 9.98648E-05 9.98648E-05
0.0958062 9.98556E-05 9.98556E-05 9.98556E-05 9.98556E-05 9.98556E-05 9.98556E-05 9.98556E-05 9.98556E-05 9.98556E-05 9.98556E-05 9.98556E-05 0.115023 9.98556E-05 0.67182 0.115752 9.98556E-05 9.98556E-05 9.98556E-05 9.98556E-05
0.225058 9.98739E-05 9.98739E-05 9.98739E-05 9.98739E-05 0.033626 9.98739E-05 9.98739E-05 0.132019 9.98739E-05 9.98739E-05 9.98739E-05 0.344499 9.98739E-05 0.118319 9.98739E-05 0.14508 9.98739E-05 9.98739E-05 9.98739E-05
0.169035 9.98737E-05 9.98737E-05 9.98737E-05 9.98737E-05 9.98737E-05 9.98737E-05 9.98737E-05 9.98737E-05 9.98737E-05 0.0103279 9.98737E-05 0.0373421 9.98737E-05 0.639477 0.0677793 9.98737E-05 9.98737E-05 9.98737E-05 0.0746411
0.00196763 9.98738E-05 9.98738E-05 9.98738E-05 9.98738E-05 9.98738E-05 0.0664202 9.98738E-05 0.488293 0.203159 9.98738E-05 9.98738E-05 9.98738E-05 9.98738E-05 0.195293 9.98738E-05 0.0434695 9.98738E-05 9.98738E-05 9.98738E-05
0.159223 9.98738E-05 9.98738E-05 0.0083503 9.98738E-05 9.98738E-05 9.98738E-05 9.98738E-05 0.176896 9.98738E-05 9.98738E-05 9.98738E-05 9.98738E-05 9.98738E-05 0.0886949 9.98738E-05 0.560267 0.00517006 9.98738E-05 9.98738E-05
9.98828E-05 0.095842 9.98828E-05 0.329299 9.98828E-05 9.98828E-05 9.98828E-05 9.98828E-05 0.0668796 9.98828E-05 9.98828E-05 9.98828E-05 0.028506 9.98828E-05 0.145348 9.98828E-05 9.98828E-05 0.244963 0.0878636 9.98828E-05
0.297264 0.00410313 0.0627386 0.224273 9.98828E-05 9.98828E-05 9.98828E-05 9.98828E-05 9.98828E-05 0.0428732 9.98828E-05 9.98828E-05 0.0203258 9.98828E-05 9.98828E-05 9.98828E-05 9.98828E-05 0.347124 9.98828E-05 9.98828E-05
9.98649E-05 9.98649E-05 9.98649E-05 0.8596 9.98649E-05 0.0208392 0.0684167 9.98649E-05 9.98649E-05 9.98649E-05 9.98649E-05 9.98649E-05 0.0369309 9.98649E-05 9.98649E-05 0.012715 9.98649E-05 9.98649E-05 9.98649E-05 9.98649E-05
0.511688 9.98738E-05 9.98738E-05 9.98738E-05 9.98738E-05 0.0424692 9.98738E-05 9.98738E-05 9.98738E-05 9.98738E-05 9.98738E-05 9.98738E-05 0.0979032 9.98738E-05 9.98738E-05 0.0914346 9.98738E-05 0.245305 9.98738E-05 0.00980256
0.0325734 9.98828E-05 9.98828E-05 0.142401 9.98828E-05 9.98828E-05 9.98828E-05 9.98828E-05 0.00387312 0.222094 9.98828E-05 9.98828E-05 9.98828E-05 9.98828E-05 0.057825 9.98828E-05 0.0311809 0.508755 9.98828E-05 9.98828E-05
9.98739E-05 0.00823646 9.98739E-05 9.98739E-05 9.98739E-05 9.98739E-05 0.0138538 9.98739E-05 0.0474113 9.98739E-05 9.98739E-05 0.0915372 9.98739E-05 9.98739E-05 9.98739E-05 9.98739E-05 9.98739E-05 0.831753 9.98739E-05 0.00581043
9.98647E-05 9.98647E-05 9.98647E-05 9.98647E-05 9.98647E-05 9.98647E-05 0.593212 9.98647E-05 9.98647E-05 9.98647E-05 9.98647E-05 9.98647E-05 0.0503839 9.98647E-05 0.17324 0.127564 9.98647E-05 9.98647E-05 9.98647E-05 0.0541025
0.455612 9.98467E-05 9.98467E-05 9.98467E-05 9.98467E-05 9.98467E-05 0.322694 9.98467E-05 9.98467E-05 9.98467E-05 9.98467E-05 9.98467E-05 0.219997 9.98467E-05 9.98467E-05 9.98467E-05 9.98467E-05 9.98467E-05 9.98467E-05 9.98467E-05
9.98558E-05 9.98558E-05 9.98558E-05 9.98558E-05 0.111126 9.98558E-05 0.692317 9.98558E-05 0.036213 9.98558E-05 9.98558E-05 9.98558E-05 9.98558E-05 9.98558E-05 0.158746 9.98558E-05 9.98558E-05 9.98558E-05 9.98558E-05 9.98558E-05
0.286145 9.98737E-05 9.98737E-05 0.0161872 9.98737E-05 9.98737E-05 0.486046 9.98737E-05 9.98737E-05 9.98737E-05 0.0615723 9.98737E-05 0.146494 9.98737E-05 9.98737E-05 9.98737E-05 9.98737E-05 0.00215775 9.98737E-05 9.98737E-05
0.173443 9.98466E-05 9.98466E-05 9.98466E-05 9.98466E-05 9.98466E-05 0.653912 9.98466E-05 9.98466E-05 9.98466E-05 9.98466E-05 9.98466E-05 0.170948 9.98466E-05 9.98466E-05 9.98466E-05 9.98466E-05 9.98466E-05 9.98466E-05 9.98466E-05
9.98558E-05 9.98558E-05 9.98558E-05 9.98558E-05 0.142195 9.98558E-05 0.797469 9.98558E-05 9.98558E-05 9.98558E-05 9.98558E-05 0.0162581 9.98558E-05 9.98558E-05 9.98558E-05 9.98558E-05 9.98558E-05 0.0424801 9.98558E-05 9.98558E-05
0.269199 9.98558E-05 9.98558E-05 9.98558E-05 9.98558E-05 9.98558E-05 0.300762 9.98558E-05 9.98558E-05 9.98558E-05 0.224436 9.98558E-05 9.98558E-05 9.98558E-05 9.98558E-05 9.98558E-05 9.98558E-05 0.204006 9.98558E-05 9.98558E-05
0.161249 9.98558E-05 9.98558E-05 9.98558E-05 9.98558E-05 9.98558E-05 0.792908 9.98558E-05 9.98558E-05 0.0189305 9.98558E-05 9.98558E-05 9.98558E-05 9.98558E-05 9.98558E-05 9.98558E-05 9.98558E-05 9.98558E-05 9.98558E-05 0.0253152
0.016858 9.98738E-05 9.98738E-05 9.98738E-05 9.98738E-05 0.0548058 9.98738E-05 9.98738E-05 9.98738E-05 9.98738E-05 9.98738E-05 9.98738E-05 0.00788467 0.614035 9.98738E-05 0.0638347 0.241184 9.98738E-05 9.98738E-05 9.98738E-05
0.120576 0.0357078 9.98739E-05 9.98739E-05 9.98739E-05 9.98739E-05 9.98739E-05 9.98739E-05 9.98739E-05 0.168861 9.98739E-05 9.98739E-05 0.0811432 0.498757 9.98739E-05 9.98739E-05 0.0935579 9.98739E-05 9.98739E-05 9.98739E-05
9.9874E-05 9.9874E-05 0.0552693 0.0346256 9.9874E-05 9.9874E-05 9.9874E-05 9.9874E-05 9.9874E-05 0.0734768 9.9874E-05 9.9874E-05 9.9874E-05 0.704714 9.9874E-05 9.9874E-05 0.0296847 9.9874E-05 0.100832 9.9874E-05
9.98559E-05 9.98559E-05 9.98559E-05 9.98559E-05 0.415826 9.98559E-05 0.0210983 9.98559E-05 9.98559E-05 9.98559E-05 9.98559E-05 9.98559E-05 9.98559E-05 0.493762 9.98559E-05 9.98559E-05 9.98559E-05 9.98559E-05 9.98559E-05 0.0677159
9.98558E-05 9.98558E-05 9.98558E-05 9.98558E-05 9.98558E-05 0.128983 9.98558E-05 9.98558E-05 9.98558E-05 9.98558E-05 9.98558E-05 9.98558E-05 9.98558E-05 0.668925 9.98558E-05 0.0933861 0.107108 9.98558E-05 9.98558E-05 9.98558E-05
9.99007E-05 9.99007E-05 0.231188 9.99007E-05 0.114528 9.99007E-05 0.11203 9.99007E-05 9.99007E-05 0.0133642 0.304642 0.00163799 9.99007E-05 0.143414 9.99007E-05 0.0763129 9.99007E-05 9.99007E-05 9.99007E-05 0.00178544
9.98737E-05 9.98737E-05 9.98737E-05 9.98737E-05 9.98737E-05 9.98737E-05 9.98737E-05 9.98737E-05 9.98737E-05 9.98737E-05 0.124189 0.00503794 0.32241 0.47734 9.98737E-05 0.0048288 9.98737E-05 9.98737E-05 9.98737E-05 0.0647957
0.00511714 9.98558E-05 9.98558E-05 9.98558E-05 9.98558E-05 9.98558E-05 9.98558E-05 9.98558E-05 9.98558E-05 9.98558E-05 0.0419376 9.98558E-05 9.98558E-05 0.70689 9.98558E-05 9.98558E-05 0.244458 9.98558E-05 9.98558E-05 9.98558E-05
9.98828E-05 9.98828E-05 9.98828E-05 9.98828E-05 9.98828E-05 9.98828E-05 0.00728521 9.98828E-05 0.0409873 0.22819 9.98828E-05 9.98828E-05 0.0190712 0.575067 9.98828E-05 0.0488677 9.98828E-05 9.98828E-05 9.98828E-05 0.0792326
9.98919E-05 9.98919E-05 0.0748344 9.98919E-05 0.0309829 9.98919E-05 9.98919E-05 0.206416 9.98919E-05 0.0202031 9.98919E-05 0.0331347 9.98919E-05 0.494132 0.0218857 9.98919E-05 9.98919E-05 0.117212 9.98919E-05 9.98919E-05
0.0164956 9.98558E-05 9.98558E-05 9.98558E-05 9.98558E-05 0.175609 9.98558E-05 9.98558E-05 9.98558E-05 9.98558E-05 9.98558E-05 9.98558E-05 9.98558E-05 0.254784 9.98558E-05 9.98558E-05 0.551514 9.98558E-05 9.98558E-05 9.98558E-05
9.98828E-05 0.0510654 9.98828E-05 9.98828E-05 9.98828E-05 0.0148279 9.98828E-05 0.406628 9.98828E-05 9.98828E-05 9.98828E-05 0.0224685 0.0461889 0.435269 9.98828E-05 9.98828E-05 9.98828E-05 0.0222538 9.98828E-05 9.98828E-05
0.0298667 9.98559E-05 9.98559E-05 9.98559E-05 9.98559E-05 9.98559E-05 9.98559E-05 9.98559E-05 9.98559E-05 9.98559E-05 0.0427832 9.98559E-05 9.98559E-05 0.728569 9.98559E-05 0.197183 9.98559E-05 9.98559E-05 9.98559E-05 9.98559E-05
9.98918E-05 9.98918E-05 0.0394244 9.98918E-05 9.98918E-05 9.98918E-05 0.0678999 0.120582 0.0131782 0.186687 0.113809 9.98918E-05 9.98918E-05 0.453542 9.98918E-05 9.98918E-05 9.98918E-05 0.00367835 9.98918E-05 9.98918E-05
9.98739E-05 9.98739E-05 0.0104314 9.98739E-05 9.98739E-05 9.98739E-05 9.98739E-05 9.98739E-05 9.98739E-05 0.35617 9.98739E-05 9.98739E-05 9.98739E-05 0.487157 0.0454174 9.98739E-05 0.048759 9.98739E-05 9.98739E-05 0.050667
9.98828E-05 9.98828E-05 9.98828E-05 9.98828E-05 9.98828E-05 9.98828E-05 9.98828E-05 9.98828E-05 0.0113998 9.98828E-05 0.365934 0.0200934 9.98828E-05 0.276512 0.0299643 0.206034 9.98828E-05 9.98828E-05 9.98828E-05 0.0887647
9.98917E-05 0.0501583 0.112403 9.98917E-05 0.14783 9.98917E-05 0.0104051 0.0151646 9.98917E-05 9.98917E-05 9.98917E-05 0.139466 9.98917E-05 0.433497 9.98917E-05 9.98917E-05 9.98917E-05 0.0898767 9.98917E-05 9.98917E-05
9.98558E-05 9.98558E-05 0.154491 9.98558E-05 9.98558E-05 9.98558E-05 9.98558E-05 9.98558E-05 9.98558E-05 9.98558E-05 9.98558E-05 0.0143236 9.98558E-05 0.334653 9.98558E-05 9.98558E-05 9.98558E-05 9.98558E-05 0.494935 9.98558E-05
0.123862 9.98649E-05 9.98649E-05 9.98649E-05 9.98649E-05 9.98649E-05 9.98649E-05 9.98649E-05 9.98649E-05 0.351852 9.98649E-05 9.98649E-05 0.044229 0.429149 0.049411 9.98649E-05 9.98649E-05 9.98649E-05 9.98649E-05 9.98649E-05
0.00541598 9.98558E-05 9.98558E-05 9.98558E-05 9.98558E-05 9.98558E-05 9.98558E-05 9.98558E-05 9.98558E-05 9.98558E-05 0.106635 9.98558E-05 9.98558E-05 0.729306 9.98558E-05 0.157045 9.98558E-05 9.98558E-05 9.98558E-05 9.98558E-05
9.98739E-05 9.98739E-05 9.98739E-05 9.98739E-05 0.0628624 9.98739E-05 9.98739E-05 0.0320625 9.98739E-05 0.334647 9.98739E-05 9.98739E-05 9.98739E-05 0.522685 0.0392271 9.98739E-05 9.98739E-05 0.00711788 9.98739E-05 9.98739E-05
9.98502E-05 9.98502E-05 0.283511 0.0926438 9.98502E-05 9.98502E-05 9.98502E-05 9.98502E-05 9.98502E-05 9.98502E-05 9.98502E-05 0.00633046 9.98502E-05 0.600945 9.98502E-05 9.98502E-05 9.98502E-05 9.98502E-05 0.0150719 9.98502E-05
9.98919E-05 9.98919E-05 0.236844 9.98919E-05 0.325095 0.0511509 9.98919E-05 0.0698103 9.98919E-05 0.159335 0.0327338 9.98919E-05 9.98919E-05 9.98919E-05 9.98919E-05 0.0361429 9.98919E-05 0.0876891 9.98919E-05 9.98919E-05
9.98828E-05 0.00974699 9.98828E-05 9.98828E-05 0.0301759 0.474441 0.0161216 9.98828E-05 9.98828E-05 9.98828E-05 9.98828E-05 0.0636107 0.0171878 9.98828E-05 9.98828E-05 9.98828E-05 9.98828E-05 9.98828E-05 9.98828E-05 0.387418
9.98738E-05 9.98738E-05 0.107887 9.98738E-05 0.0476919 0.0407906 9.98738E-05 9.98738E-05 9.98738E-05 0.0459946 0.154835 9.98738E-05 9.98738E-05 9.98738E-05 9.98738E-05 9.98738E-05 9.98738E-05 9.98738E-05 0.601403 9.98738E-05
9.98737E-05 9.98737E-05 0.185514 9.98737E-05 9.98737E-05 9.98737E-05 9.98737E-05 9.98737E-05 0.00111632 0.123078 0.117937 9.98737E-05 9.98737E-05 9.98737E-05 9.98737E-05 0.552973 9.98737E-05 9.98737E-05 9.98737E-05 0.0179837
0.0123327 9.98467E-05 9.98467E-05 9.98467E-05 9.98467E-05 0.822269 9.98467E-05 9.98467E-05 9.98467E-05 9.98467E-05 9.98467E-05 9.98467E-05 9.98467E-05 9.98467E-05 9.98467E-05 9.98467E-05 0.163701 9.98467E-05 9.98467E-05 9.98467E-05
9.98917E-05 0.0519214 0.333823 9.98917E-05 0.0131728 0.00879081 9.98917E-05 0.342593 9.98917E-05 9.98917E-05 0.049687 0.192368 9.98917E-05 9.98917E-05 9.98917E-05 9.98917E-05 9.98917E-05 9.98917E-05 0.00644461 9.98917E-05
9.98828E-05 0.0731122 9.98828E-05 0.0239904 0.00317005 0.65994 9.98828E-05 0.172712 9.98828E-05 0.030533 9.98828E-05 0.0352436 9.98828E-05 9.98828E-05 9.98828E-05 9.98828E-05 9.98828E-05 9.98828E-05 9.98828E-05 9.98828E-05
9.98828E-05 9.98828E-05 0.104779 9.98828E-05 9.98828E-05 0.0530604 0.0505532 9.98828E-05 9.98828E-05 0.305952 0.436632 9.98828E-05 0.00190945 9.98828E-05 9.98828E-05 9.98828E-05 9.98828E-05 0.045816 9.98828E-05 9.98828E-05
9.98738E-05 0.423557 0.122465 0.00893792 9.98738E-05 0.396825 9.98738E-05 9.98738E-05 9.98738E-05 9.98738E-05 9.98738E-05 9.98738E-05 9.98738E-05 9.98738E-05 0.00619426 9.98738E-05 9.98738E-05 9.98738E-05 9.98738E-05 0.0406222
9.98558E-05 9.98558E-05 0.145194 9.98558E-05 9.98558E-05 0.380554 9.98558E-05 9.98558E-05 9.98558E-05 9.98558E-05 9.98558E-05 9.98558E-05 0.272956 9.98558E-05 9.98558E-05 0.199698 9.98558E-05 9.98558E-05 9.98558E-05 9.98558E-05
9.98917E-05 0.244391 0.147902 9.98917E-05 0.107632 0.0145189 9.98917E-05 0.23452 9.98917E-05 0.144058 0.0448024 9.98917E-05 9.98917E-05 9.98917E-05 9.98917E-05 9.98917E-05 9.98917E-05 0.0609765 9.98917E-05 9.98917E-05
9.98739E-05 0.205097 9.98739E-05 9.98739E-05 9.98739E-05 0.366865 0.00634776 9.98739E-05 9.98739E-05 9.98739E-05 9.98739E-05 9.98739E-05 9.98739E-05 9.98739E-05 9.98739E-05 9.98739E-05 9.98739E-05 0.00346805 0.403701 0.0131227
9.98468E-05 9.98468E-05 9.98468E-05 9.98468E-05 9.98468E-05 0.810948 9.98468E-05 9.98468E-05 9.98468E-05 9.98468E-05 9.98468E-05 9.98468E-05 0.111987 9.98468E-05 9.98468E-05 9.98468E-05 0.0753671 9.98468E-05 9.98468E-05 9.98468E-05
9.98739E-05 9.98739E-05 0.0851122 9.98739E-05 0.189865 9.98739E-05 9.98739E-05 0.198802 9.98739E-05 9.98739E-05 0.156042 0.336105 9.98739E-05 9.98739E-05 9.98739E-05 9.98739E-05 9.98739E-05 9.98739E-05 0.032676 9.98739E-05
9.98647E-05 0.586799 0.087026 9.98647E-05 9.98647E-05 0.208487 9.98647E-05 9.98647E-05 9.98647E-05 9.98647E-05 9.98647E-05 0.0990761 9.98647E-05 9.98647E-05 9.98647E-05 9.98647E-05 9.98647E-05 0.0171138 9.98647E-05 9.98647E-05
9.98737E-05 0.0341612 0.546 9.98737E-05 9.98737E-05 9.98737E-05 9.98737E-05 0.108802 9.98737E-05 9.98737E-05 0.143642 0.152033 0.0139632 9.98737E-05 9.98737E-05 9.98737E-05 9.98737E-05 9.98737E-05 9.98737E-05 9.98737E-05
9.98469E-05 9.98469E-05 9.98469E-05 9.98469E-05 9.98469E-05 0.733034 9.98469E-05 9.98469E-05 9.98469E-05 9.98469E-05 9.98469E-05 9.98469E-05 9.98469E-05 9.98469E-05 9.98469E-05 0.120202 0.145067 9.98469E-05 9.98469E-05 9.98469E-05
9.98646E-05 0.480548 0.388725 9.98646E-05 0.0170021 0.110795 9.98646E-05 9.98646E-05 9.98646E-05 9.98646E-05 0.00143223 9.98646E-05 9.98646E-05 9.98646E-05 9.98646E-05 9.98646E-05 9.98646E-05 9.98646E-05 9.98646E-05 9.98646E-05
9.98829E-05 9.98829E-05 0.0152234 9.98829E-05 0.340442 9.98829E-05 9.98829E-05 0.291559 9.98829E-05 0.219438 0.101702 0.0259773 9.98829E-05 9.98829E-05 9.98829E-05 9.98829E-05 9.98829E-05 0.00435947 9.98829E-05 9.98829E-05
9.98916E-05 9.98916E-05 0.162743 9.98916E-05 0.0574556 0.0312998 0.0938388 9.98916E-05 9.98916E-05 0.0329063 0.277211 9.98916E-05 9.98916E-05 9.98916E-05 9.98916E-05 0.155886 9.98916E-05 9.98916E-05 9.98916E-05 0.187461
0.0551293 9.98832E-05 0.689678 9.98832E-05 0.0810573 9.98832E-05 0.0102654 9.98832E-05 9.98832E-05 9.98832E-05 9.98832E-05 9.98832E-05 9.98832E-05 0.00570421 0.014891 9.98832E-05 0.141977 9.98832E-05 9.98832E-05 9.98832E-05
0.00852063 9.98919E-05 0.728408 9.98919E-05 0.00812827 0.0780249 0.0580795 9.98919E-05 9.98919E-05 9.98919E-05 9.98919E-05 9.98919E-05 9.98919E-05 9.98919E-05 0.0159578 0.0905533 9.98919E-05 0.0111292 9.98919E-05 9.98919E-05
9.98378E-05 9.98378E-05 9.98378E-05 9.98378E-05 9.98378E-05 0.674027 9.98378E-05 9.98378E-05 9.98378E-05 9.98378E-05 9.98378E-05 9.98378E-05 9.98378E-05 9.98378E-05 9.98378E-05 0.324176 9.98378E-05 9.98378E-05 9.98378E-05 9.98378E-05
9.98828E-05 0.366413 9.98828E-05 0.0587074 9.98828E-05 9.98828E-05 9.98828E-05 0.106653 0.0153359 9.98828E-05 0.434818 9.98828E-05 9.98828E-05 9.98828E-05 0.0156577 9.98828E-05 0.00111637 9.98828E-05 9.98828E-05 9.98828E-05
9.98735E-05 9.98735E-05 0.00671775 9.98735E-05 0.10338 0.435904 0.0953793 9.98735E-05 9.98735E-05 0.163372 9.98735E-05 9.98735E-05 9.98735E-05 9.98735E-05 9.98735E-05 9.98735E-05 9.98735E-05 9.98735E-05 9.98735E-05 0.193849
0.0540059 9.99009E-05 0.0617795 9.99009E-05 9.99009E-05 0.0409369 9.99009E-05 9.99009E-05 0.0805021 0.094089 9.99009E-05 9.99009E-05 9.99009E-05 0.18315 9.99009E-05 0.328206 0.021626 9.99009E-05 9.99009E-05 0.134606
9.98917E-05 0.405245 0.104746 0.0986945 0.043492 9.98917E-05 9.98917E-05 0.0791146 9.98917E-05 9.98917E-05 0.0865362 9.98917E-05 9.98917E-05 0.109251 9.98917E-05 0.0717219 9.98917E-05 9.98917E-05 9.98917E-05 9.98917E-05
9.9883E-05 0.0897394 9.9883E-05 0.0841887 9.9883E-05 9.9883E-05 9.9883E-05 9.9883E-05 9.9883E-05 0.686099 9.9883E-05 9.9883E-05 9.9883E-05 0.0136351 9.9883E-05 9.9883E-05 0.108305 0.0110745 9.9883E-05 0.00565966
9.9883E-05 9.9883E-05 0.0548798 0.0149532 9.9883E-05 0.0234657 9.9883E-05 9.9883E-05 9.9883E-05 9.9883E-05 9.9883E-05 9.9883E-05 0.218307 9.9883E-05 0.00684986 0.178589 0.501657 9.9883E-05 9.9883E-05 9.9883E-05
9.99007E-05 9.99007E-05 0.0303888 9.99007E-05 9.99007E-05 9.99007E-05 9.99007E-05 9.99007E-05 0.0795454 0.19553 9.99007E-05 0.0127596 0.0668783 0.0918387 9.99007E-05 0.0128972 0.0241723 9.99007E-05 9.99007E-05 0.484891
0.0100466 9.99008E-05 9.99008E-05 9.99008E-05 9.99008E-05 9.99008E-05 9.99008E-05 0.0334077 9.99008E-05 9.99008E-05 0.188998 9.99008E-05 9.99008E-05 0.0936648 0.0205646 0.399959 0.0414036 0.0138952 9.99008E-05 0.196961
9.98919E-05 9.98919E-05 0.067914 9.98919E-05 9.98919E-05 0.100478 9.98919E-05 0.447884 9.98919E-05 0.165363 9.98919E-05 9.98919E-05 9.98919E-05 9.98919E-05 0.042253 0.125132 0.0277417 0.0220346 9.98919E-05 9.98919E-05
9.98649E-05 9.98649E-05 9.98649E-05 9.98649E-05 9.98649E-05 0.040401 9.98649E-05 9.98649E-05 9.98649E-05 9.98649E-05 9.98649E-05 9.98649E-05 0.0130857 0.0209743 9.98649E-05 0.90939 0.014651 9.98649E-05 9.98649E-05 9.98649E-05
9.98827E-05 0.167564 0.262025 9.98827E-05 9.98827E-05 9.98827E-05 9.98827E-05 0.173258 9.98827E-05 0.00721097 0.14768 0.0966873 9.98827E-05 9.98827E-05 9.98827E-05 9.98827E-05 9.98827E-05 9.98827E-05 0.144276 9.98827E-05
9.98739E-05 0.0105309 9.98739E-05 9.98739E-05 0.00959451 9.98739E-05 9.98739E-05 9.98739E-05 9.98739E-05 0.0568242 9.98739E-05 9.98739E-05 9.98739E-05 0.00937953 9.98739E-05 0.888936 9.98739E-05 9.98739E-05 9.98739E-05 0.023337
9.98829E-05 0.141 0.170771 9.98829E-05 9.98829E-05 0.0283458 9.98829E-05 9.98829E-05 9.98829E-05 0.0033723 9.98829E-05 9.98829E-05 9.98829E-05 9.98829E-05 9.98829E-05 9.98829E-05 0.268151 9.98829E-05 0.243969 0.143093
9.98918E-05 0.211807 0.0739014 9.98918E-05 9.98918E-05 9.98918E-05 9.98918E-05 0.0234952 9.98918E-05 0.18039 9.98918E-05 0.0399734 0.0549352 0.0573234 9.98918E-05 9.98918E-05 9.98918E-05 9.98918E-05 0.356975 9.98918E-05
0.0452914 9.991E-05 0.0280178 0.0654599 0.054881 9.991E-05 9.991E-05 0.00212137 0.0485347 0.561978 9.991E-05 9.991E-05 9.991E-05 0.00560529 9.991E-05 0.0477489 9.991E-05 9.991E-05 9.991E-05 0.139362
9.99098E-05 9.99098E-05 0.135345 9.99098E-05 9.99098E-05 9.99098E-05 0.0126796 9.99098E-05 0.0161853 0.365734 0.307355 0.0143188 0.0179636 0.0293071 9.99098E-05 9.99098E-05 9.99098E-05 0.0268272 9.99098E-05 0.0732854
0.0036584 9.99009E-05 9.99009E-05 9.99009E-05 9.99009E-05 9.99009E-05 9.99009E-05 9.99009E-05 0.0093258 0.63123 9.99009E-05 0.0737287 9.99009E-05 0.0160354 0.0152806 0.00545361 0.0362183 9.99009E-05 9.99009E-05 0.20797
9.98918E-05 9.98918E-05 0.592351 0.0181411 9.98918E-05 9.98918E-05 9.98918E-05 0.0260551 9.98918E-05 9.98918E-05 9.98918E-05 9.98918E-05 9.98918E-05 0.108449 9.98918E-05 0.0297013 0.108075 9.98918E-05 0.0733175 0.0427113
9.98919E-05 9.98919E-05 0.0190189 9.98919E-05 9.98919E-05 0.0150052 9.98919E-05 9.98919E-05 9.98919E-05 0.0565703 9.98919E-05 0.0407454 0.161254 0.00900079 9.98919E-05 0.280568 0.416638 9.98919E-05 9.98919E-05 9.98919E-05
9.98557E-05 9.98557E-05 9.98557E-05 9.98557E-05 9.98557E-05 0.17665 9.98557E-05 9.98557E-05 9.98557E-05 9.98557E-05 9.98557E-05 9.98557E-05 9.98557E-05 9.98557E-05 9.98557E-05 0.0875251 0.52967 9.98557E-05 9.98557E-05 0.204557
0.0154222 0.0533678 9.99009E-05 9.99009E-05 0.0226257 9.99009E-05 9.99009E-05 9.99009E-05 0.0131159 0.0199894 0.102227 9.99009E-05 0.21631 9.99009E-05 9.99009E-05 0.156096 9.99009E-05 9.99009E-05 9.99009E-05 0.399746
0.0455028 0.148236 9.98559E-05 9.98559E-05 9.98559E-05 9.98559E-05 9.98559E-05 9.98559E-05 9.98559E-05 9.98559E-05 9.98559E-05 9.98559E-05 9.98559E-05 9.98559E-05 9.98559E-05 0.631896 0.172768 9.98559E-05 9.98559E-05 9.98559E-05
9.98737E-05 9.98737E-05 0.0633375 9.98737E-05 9.98737E-05 9.98737E-05 9.98737E-05 0.00654469 9.98737E-05 9.98737E-05 9.98737E-05 0.072168 0.0849153 9.98737E-05 9.98737E-05 0.030559 0.741077 9.98737E-05 9.98737E-05 9.98737E-05
0.119432 0.132521 9.98918E-05 9.98918E-05 0.00309639 0.00486654 9.98918E-05 9.98918E-05 9.98918E-05 9.98918E-05 0.0574659 9.98918E-05 0.29669 0.00837719 9.98918E-05 9.98918E-05 9.98918E-05 9.98918E-05 9.98918E-05 0.376352
9.98827E-05 9.98827E-05 0.0419818 9.98827E-05 9.98827E-05 9.98827E-05 0.0529297 0.0394544 9.98827E-05 9.98827E-05 0.210197 0.0284615 9.98827E-05 9.98827E-05 9.98827E-05 0.515312 9.98827E-05 9.98827E-05 9.98827E-05 0.110366
9.98831E-05 9.98831E-05 9.98831E-05 9.98831E-05 0.557364 9.98831E-05 9.98831E-05 9.98831E-05 0.00750123 9.98831E-05 9.98831E-05 0.30477 9.98831E-05 9.98831E-05 0.0342948 9.98831E-05 0.00405967 9.98831E-05 0.048303 0.0424084
9.98828E-05 9.98828E-05 9.98828E-05 9.98828E-05 9.98828E-05 9.98828E-05 9.98828E-05 9.98828E-05 0.00253072 9.98828E-05 0.0282245 0.858709 9.98828E-05 0.00238688 0.0271941 9.98828E-05 9.98828E-05 9.98828E-05 0.0447089 0.0349472
9.99008E-05 9.99008E-05 9.99008E-05 9.99008E-05 0.0241311 9.99008E-05 0.0448793 0.0260793 0.0371651 9.99008E-05 0.463637 0.102432 0.0958648 9.99008E-05 9.99008E-05 0.00492079 9.99008E-05 9.99008E-05 9.99008E-05 0.199792
9.98647E-05 0.0142607 9.98647E-05 0.0114478 9.98647E-05 9.98647E-05 9.98647E-05 0.202502 9.98647E-05 9.98647E-05 0.0986594 0.671632 9.98647E-05 9.98647E-05 9.98647E-05 9.98647E-05 9.98647E-05 9.98647E-05 9.98647E-05 9.98647E-05
9.9847E-05 9.9847E-05 9.9847E-05 9.9847E-05 0.0926286 9.9847E-05 9.9847E-05 9.9847E-05 9.9847E-05 9.9847E-05 9.9847E-05 0.882826 9.9847E-05 0.0228485 9.9847E-05 9.9847E-05 9.9847E-05 9.9847E-05 9.9847E-05 9.9847E-05
9.98648E-05 9.98648E-05 9.98648E-05 9.98648E-05 9.98648E-05 9.98648E-05 9.98648E-05 9.98648E-05 9.98648E-05 0.0134818 9.98648E-05 0.43582 0.0497633 9.98648E-05 0.0445195 9.98648E-05 9.98648E-05 9.98648E-05 0.454917 9.98648E-05
9.98649E-05 9.98649E-05 9.98649E-05 9.98649E-05 9.98649E-05 0.0183788 9.98649E-05 9.98649E-05 9.98649E-05 9.98649E-05 0.0220367 0.772405 9.98649E-05 0.0382688 9.98649E-05 9.98649E-05 9.98649E-05 9.98649E-05 0.147413 9.98649E-05
9.98739E-05 9.98739E-05 9.98739E-05 9.98739E-05 9.98739E-05 9.98739E-05 0.0179664 9.98739E-05 9.98739E-05 9.98739E-05 0.0420538 0.254609 0.355989 9.98739E-05 9.98739E-05 0.214327 9.98739E-05 9.98739E-05 9.98739E-05 0.113657
9.9883E-05 9.9883E-05 0.00129598 9.9883E-05 9.9883E-05 0.298635 9.9883E-05 9.9883E-05 9.9883E-05 9.9883E-05 0.00903413 0.00244229 0.382412 9.9883E-05 9.9883E-05 0.226172 0.0787109 9.9883E-05 9.9883E-05 9.9883E-05
9.98828E-05 0.0571804 9.98828E-05 9.98828E-05 0.433772 9.98828E-05 0.0419872 9.98828E-05 0.0675601 0.0329703 0.352161 9.98828E-05 9.98828E-05 0.013071 9.98828E-05 9.98828E-05 9.98828E-05 9.98828E-05 9.98828E-05 9.98828E-05
9.98559E-05 9.98559E-05 9.98559E-05 9.98559E-05 9.98559E-05 9.98559E-05 9.98559E-05 9.98559E-05 9.98559E-05 9.98559E-05 0.133208 0.141373 0.641465 0.0823558 9.98559E-05 9.98559E-05 9.98559E-05 9.98559E-05 9.98559E-05 9.98559E-05
9.9883E-05 9.9883E-05 9.9883E-05 9.9883E-05 9.9883E-05 9.9883E-05 0.0881927 9.9883E-05 0.132982 9.9883E-05 0.437921 0.0722789 0.087628 9.9883E-05 9.9883E-05 0.0117766 9.9883E-05 9.9883E-05 9.9883E-05 0.167922
9.98828E-05 9.98828E-05 9.98828E-05 9.98828E-05 0.0416098 9.98828E-05 0.129083 0.0052577 9.98828E-05 9.98828E-05 0.404284 0.271592 9.98828E-05 0.0310648 9.98828E-05 0.11581 9.98828E-05 9.98828E-05 9.98828E-05 9.98828E-05
