9.991E-05 9.991E-05 9.991E-05 0.414683 0.299268 9.991E-05 9.991E-05 9.991E-05 9.991E-05 9.991E-05 0.226491 9.991E-05 0.0585589 9.991E-05
0.0887369 9.99369E-05 0.153653 0.295689 0.375283 0.0378687 9.99369E-05 0.012513 9.99369E-05 9.99369E-05 0.0355567 9.99369E-05 9.99369E-05 9.99369E-05
0.0181826 0.0647882 0.039308 9.99459E-05 0.360128 0.0671571 0.0168511 9.99459E-05 9.99459E-05 0.43022 9.99459E-05 9.99459E-05 0.00276482 9.99459E-05
9.99369E-05 9.99369E-05 9.99369E-05 0.560633 0.0251366 9.99369E-05 9.99369E-05 9.99369E-05 0.00242133 9.99369E-05 0.231286 0.0141325 0.0217814 0.143909
9.99279E-05 9.99279E-05 0.168609 0.25822 9.99279E-05 0.0502799 0.100806 9.99279E-05 9.99279E-05 9.99279E-05 0.198371 9.99279E-05 9.99279E-05 0.222914
9.99279E-05 0.231152 0.100114 9.99279E-05 0.310245 9.99279E-05 9.99279E-05 0.040958 9.99279E-05 0.0650555 0.251676 9.99279E-05 9.99279E-05 9.99279E-05
9.99189E-05 9.99189E-05 9.99189E-05 0.0439935 0.503985 9.99189E-05 9.99189E-05 0.00589666 9.99189E-05 0.405813 9.99189E-05 0.0394125 9.99189E-05 9.99189E-05
9.9928E-05 0.157211 0.22628 9.9928E-05 0.369181 9.9928E-05 9.9928E-05 0.0600219 9.9928E-05 0.126055 0.060452 9.9928E-05 9.9928E-05 9.9928E-05
9.99369E-05 0.0307348 0.0792377 0.328469 0.342043 9.99369E-05 0.0701157 9.99369E-05 9.99369E-05 9.99369E-05 9.99369E-05 9.99369E-05 0.0117876 0.136912
9.99188E-05 0.370756 9.99188E-05 9.99188E-05 9.99188E-05 9.99188E-05 9.99188E-05 9.99188E-05 9.99188E-05 0.334606 0.0264655 0.20349 0.0637837 9.99188E-05
0.338681 0.0638418 0.121644 0.154841 0.172066 0.0335766 9.99369E-05 9.99369E-05 9.99369E-05 9.99369E-05 9.99369E-05 9.99369E-05 9.99369E-05 0.114649
0.0895227 0.225105 0.0544545 0.508334 0.0263061 9.99279E-05 9.99279E-05 9.99279E-05 0.0954782 9.99279E-05 9.99279E-05 9.99279E-05 9.99279E-05 9.99279E-05
9.99188E-05 9.99188E-05 9.99188E-05 9.99188E-05 0.0836073 0.160823 0.0550969 9.99188E-05 9.99188E-05 0.155535 9.99188E-05 9.99188E-05 9.99188E-05 0.544039
9.9901E-05 0.188664 9.9901E-05 9.9901E-05 0.678122 9.9901E-05 9.9901E-05 9.9901E-05 9.9901E-05 0.132115 9.9901E-05 9.9901E-05 9.9901E-05 9.9901E-05
0.417433 0.0596274 0.141973 0.379967 9.99099E-05 9.99099E-05 9.99099E-05 9.99099E-05 9.99099E-05 9.99099E-05 9.99099E-05 9.99099E-05 9.99099E-05 9.99099E-05
9.99459E-05 0.01863 9.99459E-05 9.99459E-05 0.137304 9.99459E-05 9.99459E-05 0.0427431 9.99459E-05 0.409928 0.119444 0.238652 0.00828421 0.0244144
9.99189E-05 9.99189E-05 9.99189E-05 0.0467106 0.651251 9.99189E-05 9.99189E-05 9.99189E-05 9.99189E-05 0.254789 9.99189E-05 0.0234335 9.99189E-05 0.0229165
0.0257412 9.99369E-05 0.0487342 0.00739285 0.557606 0.00989415 9.99369E-05 9.99369E-05 9.99369E-05 0.334209 0.0157233 9.99369E-05 9.99369E-05 9.99369E-05
9.9928E-05 0.0221812 9.9928E-05 0.459653 0.240117 0.0854838 9.9928E-05 9.9928E-05 0.103502 9.9928E-05 9.9928E-05 9.9928E-05 9.9928E-05 0.0882628
0.15347 9.99099E-05 9.99099E-05 9.99099E-05 9.99099E-05 9.99099E-05 0.0418761 9.99099E-05 9.99099E-05 9.99099E-05 0.0823591 9.99099E-05 0.721296 9.99099E-05
9.99009E-05 9.99009E-05 9.99009E-05 9.99009E-05 9.99009E-05 9.99009E-05 9.99009E-05 9.99009E-05 9.99009E-05 9.99009E-05 0.0258797 9.99009E-05 0.778927 0.194094
9.98917E-05 9.98917E-05 9.98917E-05 9.98917E-05 9.98917E-05 9.98917E-05 9.98917E-05 9.98917E-05 9.98917E-05 9.98917E-05 0.181328 9.98917E-05 0.817473 9.98917E-05
9.99098E-05 9.99098E-05 9.99098E-05 9.99098E-05 9.99098E-05 9.99098E-05 0.0212148 9.99098E-05 0.22882 9.99098E-05 9.99098E-05 9.99098E-05 0.599043 0.149924
0.0819298 9.99189E-05 9.99189E-05 0.125702 9.99189E-05 9.99189E-05 0.0289225 9.99189E-05 9.99189E-05 9.99189E-05 9.99189E-05 9.99189E-05 0.729232 0.0333142
9.99188E-05 0.0293016 9.99188E-05 9.99188E-05 0.204536 9.99188E-05 9.99188E-05 0.230966 9.99188E-05 0.0857747 9.99188E-05 9.99188E-05 0.448522 9.99188E-05
0.0679708 0.0554527 0.0632922 0.157256 9.99278E-05 9.99278E-05 0.270315 9.99278E-05 9.99278E-05 9.99278E-05 9.99278E-05 9.99278E-05 0.384913 9.99278E-05
9.99189E-05 9.99189E-05 9.99189E-05 9.99189E-05 9.99189E-05 9.99189E-05 0.0498615 0.195059 9.99189E-05 0.0541243 9.99189E-05 0.441081 0.258974 9.99189E-05
0.0835583 9.9928E-05 0.0745163 9.9928E-05 9.9928E-05 9.9928E-05 0.246335 9.9928E-05 0.144979 9.9928E-05 0.17232 9.9928E-05 0.277492 9.9928E-05
9.99188E-05 9.99188E-05 9.99188E-05 9.99188E-05 0.0209027 0.0128996 9.99188E-05 9.99188E-05 9.99188E-05 9.99188E-05 0.109618 0.018929 0.836752 9.99188E-05
9.99009E-05 9.99009E-05 9.99009E-05 9.99009E-05 9.99009E-05 9.99009E-05 9.99009E-05 9.99009E-05 0.00868309 9.99009E-05 9.99009E-05 9.99009E-05 0.835046 0.155172
0.019603 9.99371E-05 9.99371E-05 9.99371E-05 9.99371E-05 9.99371E-05 9.99371E-05 0.0443768 0.0953655 0.0922971 9.99371E-05 0.144876 0.57517 0.0276121
9.993E-05 9.993E-05 9.993E-05 9.993E-05 0.121617 0.111223 0.280152 0.204417 9.993E-05 9.993E-05 0.00332207 0.0491064 0.229464 9.993E-05
9.99098E-05 9.99098E-05 9.99098E-05 9.99098E-05 9.99098E-05 9.99098E-05 9.99098E-05 0.0464049 9.99098E-05 0.166837 9.99098E-05 0.192455 0.593304 9.99098E-05
9.99098E-05 9.99098E-05 9.99098E-05 9.99098E-05 0.20002 9.99098E-05 9.99098E-05 0.0766421 9.99098E-05 0.0663294 9.99098E-05 9.99098E-05 0.65601 9.99098E-05
9.98919E-05 9.98919E-05 9.98919E-05 9.98919E-05 9.98919E-05 9.98919E-05 9.98919E-05 9.98919E-05 9.98919E-05 9.98919E-05 9.98919E-05 9.98919E-05 0.820922 0.177879
0.157338 9.99189E-05 9.99189E-05 0.0818799 9.99189E-05 9.99189E-05 0.0234593 9.99189E-05 9.99189E-05 9.99189E-05 9.99189E-05 9.99189E-05 0.722901 0.0135226
0.33754 9.98919E-05 9.98919E-05 9.98919E-05 9.98919E-05 9.98919E-05 9.98919E-05 9.98919E-05 9.98919E-05 9.98919E-05 9.98919E-05 9.98919E-05 0.661262 9.98919E-05
9.99099E-05 9.99099E-05 9.99099E-05 0.0766936 9.99099E-05 9.99099E-05 9.99099E-05 9.99099E-05 0.228542 9.99099E-05 9.99099E-05 9.99099E-05 0.671813 0.0219519
9.99007E-05 9.99007E-05 9.99007E-05 9.99007E-05 9.99007E-05 9.99007E-05 0.367372 0.440914 9.99007E-05 9.99007E-05 0.190615 9.99007E-05 9.99007E-05 9.99007E-05
9.9919E-05 9.9919E-05 9.9919E-05 9.9919E-05 9.9919E-05 0.0578282 9.9919E-05 0.776159 0.00716232 9.9919E-05 0.0248725 0.133079 9.9919E-05 9.9919E-05
9.99189E-05 0.0530836 9.99189E-05 9.99189E-05 9.99189E-05 9.99189E-05 9.99189E-05 0.593074 9.99189E-05 0.114895 9.99189E-05 0.189522 0.048526 9.99189E-05
9.99279E-05 9.99279E-05 9.99279E-05 9.99279E-05 9.99279E-05 9.99279E-05 0.220987 0.296065 0.268215 9.99279E-05 0.0450408 0.0420568 9.99279E-05 0.126835
9.99188E-05 9.99188E-05 9.99188E-05 9.99188E-05 0.00858433 9.99188E-05 0.0821369 0.479861 9.99188E-05 9.99188E-05 0.179281 9.99188E-05 0.249238 9.99188E-05
0.125298 0.0982723 9.99279E-05 9.99279E-05 9.99279E-05 0.0471468 9.99279E-05 0.677339 9.99279E-05 0.0189894 9.99279E-05 9.99279E-05 0.0321547 9.99279E-05
9.99099E-05 9.99099E-05 9.99099E-05 0.21614 9.99099E-05 9.99099E-05 0.526272 9.99099E-05 0.215541 9.99099E-05 9.99099E-05 9.99099E-05 0.0410479 9.99099E-05
0.0436581 9.99189E-05 0.164049 0.112869 9.99189E-05 9.99189E-05 0.495921 0.182604 9.99189E-05 9.99189E-05 9.99189E-05 9.99189E-05 9.99189E-05 9.99189E-05
9.99279E-05 0.00794346 9.99279E-05 9.99279E-05 0.0299474 9.99279E-05 9.99279E-05 0.579048 9.99279E-05 0.121889 9.99279E-05 0.107172 0.1532 9.99279E-05
0.000961257 9.99098E-05 9.99098E-05 9.99098E-05 9.99098E-05 9.99098E-05 0.263371 0.548953 9.99098E-05 9.99098E-05 0.185716 9.99098E-05 9.99098E-05 9.99098E-05
9.9901E-05 9.9901E-05 9.9901E-05 0.00119874 9.9901E-05 9.9901E-05 9.9901E-05 0.427029 9.9901E-05 9.9901E-05 9.9901E-05 0.570673 9.9901E-05 9.9901E-05
0.0431576 9.99189E-05 0.203297 9.99189E-05 9.99189E-05 9.99189E-05 0.310465 0.390753 0.0514281 9.99189E-05 9.99189E-05 9.99189E-05 9.99189E-05 9.99189E-05
9.99189E-05 9.99189E-05 9.99189E-05 9.99189E-05 9.99189E-05 9.99189E-05 0.0396694 0.724979 0.0270002 9.99189E-05 0.0764301 0.131022 9.99189E-05 9.99189E-05
9.9928E-05 9.9928E-05 9.9928E-05 9.9928E-05 9.9928E-05 9.9928E-05 0.108761 0.437316 0.0667935 9.9928E-05 0.0405137 9.9928E-05 0.037018 0.308798
0.262519 0.0726874 9.99278E-05 0.055892 9.99278E-05 9.99278E-05 0.415584 0.0794221 9.99278E-05 9.99278E-05 9.99278E-05 9.99278E-05 0.113097 9.99278E-05
0.24038 0.0176619 0.103055 0.095595 9.99279E-05 9.99279E-05 0.206023 0.336486 9.99279E-05 9.99279E-05 9.99279E-05 9.99279E-05 9.99279E-05 9.99279E-05
0.0422256 9.9946E-05 0.019099 0.00388112 0.0167296 9.9946E-05 0.217932 0.168716 0.498921 9.9946E-05 9.9946E-05 9.9946E-05 0.0318964 9.9946E-05
9.99099E-05 9.99099E-05 9.99099E-05 0.103484 9.99099E-05 9.99099E-05 0.0407433 9.99099E-05 0.427359 9.99099E-05 9.99099E-05 9.99099E-05 0.427415 9.99099E-05
9.99278E-05 9.99278E-05 9.99278E-05 9.99278E-05 0.0197036 0.0302537 0.224318 0.587438 9.99278E-05 0.00257311 0.134914 9.99278E-05 9.99278E-05 9.99278E-05
9.99189E-05 9.99189E-05 9.99189E-05 9.99189E-05 9.99189E-05 9.99189E-05 0.31033 0.335936 9.99189E-05 9.99189E-05 9.99189E-05 0.08006 0.0445443 0.22823
9.99098E-05 9.99098E-05 9.99098E-05 9.99098E-05 9.99098E-05 0.0220638 9.99098E-05 0.809967 9.99098E-05 9.99098E-05 0.0700219 0.0969484 9.99098E-05 9.99098E-05
9.99098E-05 9.99098E-05 9.99098E-05 9.99098E-05 9.99098E-05 9.99098E-05 0.582409 0.20099 0.0672739 9.99098E-05 0.148327 9.99098E-05 9.99098E-05 9.99098E-05
0.0259582 9.99458E-05 0.000695873 0.00115373 0.0510567 9.99458E-05 0.576064 0.192325 9.99458E-05 9.99458E-05 0.110294 9.99458E-05 0.0418533 9.99458E-05
0.0598742 9.99188E-05 0.153433 0.0822397 9.99188E-05 9.99188E-05 0.320114 0.38344 9.99188E-05 9.99188E-05 9.99188E-05 9.99188E-05 9.99188E-05 9.99188E-05
9.99201E-05 9.99201E-05 9.99201E-05 9.99201E-05 0.106146 0.186244 0.346454 0.223436 9.99201E-05 9.99201E-05 9.99201E-05 0.100862 0.0360592 9.99201E-05
9.99189E-05 9.99189E-05 9.99189E-05 9.99189E-05 9.99189E-05 9.99189E-05 0.541361 0.0337969 0.339107 9.99189E-05 9.99189E-05 9.99189E-05 0.0281454 0.0566903
9.99009E-05 9.99009E-05 9.99009E-05 9.99009E-05 9.99009E-05 9.99009E-05 0.318868 0.202283 9.99009E-05 0.47775 9.99009E-05 9.99009E-05 9.99009E-05 9.99009E-05
0.088101 0.0204919 0.0176823 0.036663 0.187127 9.99549E-05 0.43579 0.00155058 9.99549E-05 9.99549E-05 9.99549E-05 9.99549E-05 0.168594 0.0435002
9.991E-05 9.991E-05 0.0859078 9.991E-05 9.991E-05 9.991E-05 0.806874 9.991E-05 0.0948928 9.991E-05 0.011326 9.991E-05 9.991E-05 9.991E-05
0.171859 9.9919E-05 9.9919E-05 9.9919E-05 9.9919E-05 9.9919E-05 0.733055 9.9919E-05 0.0465276 0.0175737 9.9919E-05 0.0300856 9.9919E-05 9.9919E-05
9.99368E-05 0.0109211 9.99368E-05 0.0243407 0.232579 0.00830002 0.540808 9.99368E-05 9.99368E-05 0.00178679 9.99368E-05 9.99368E-05 0.180565 9.99368E-05
9.99279E-05 0.0160788 9.99279E-05 9.99279E-05 0.168606 9.99279E-05 0.255417 0.108294 9.99279E-05 9.99279E-05 0.115911 9.99279E-05 0.334893 9.99279E-05
9.99279E-05 0.00495016 9.99279E-05 9.99279E-05 9.99279E-05 0.0682227 0.153712 0.180268 9.99279E-05 9.99279E-05 9.99279E-05 0.362901 0.229147 9.99279E-05
9.99099E-05 9.99099E-05 9.99099E-05 9.99099E-05 9.99099E-05 9.99099E-05 0.23145 0.319928 9.99099E-05 0.425819 9.99099E-05 0.021804 9.99099E-05 9.99099E-05
9.99099E-05 9.99099E-05 0.0917256 0.00240331 9.99099E-05 9.99099E-05 9.99099E-05 9.99099E-05 0.261992 9.99099E-05 9.99099E-05 9.99099E-05 0.64288 9.99099E-05
9.99278E-05 9.99278E-05 9.99278E-05 9.99278E-05 0.00367648 0.0281242 0.377639 0.31991 9.99278E-05 0.136094 9.99278E-05 0.133757 9.99278E-05 9.99278E-05
0.0182004 0.00670442 9.99279E-05 9.99279E-05 9.99279E-05 0.0343627 0.85786 9.99279E-05 9.99279E-05 9.99279E-05 0.0674594 9.99279E-05 0.0146135 9.99279E-05
0.0117582 0.0468884 9.99369E-05 0.313347 9.99369E-05 9.99369E-05 0.372012 9.99369E-05 9.99369E-05 0.00644019 9.99369E-05 9.99369E-05 0.247641 0.00121333
9.99097E-05 9.99097E-05 9.99097E-05 9.99097E-05 9.99097E-05 9.99097E-05 9.99097E-05 0.0551919 9.99097E-05 0.160162 9.99097E-05 0.0692471 0.7144 9.99097E-05
9.991E-05 9.991E-05 9.991E-05 9.991E-05 9.991E-05 9.991E-05 9.991E-05 0.231075 9.991E-05 0.302303 9.991E-05 0.242394 0.223229 9.991E-05
9.99098E-05 9.99098E-05 9.99098E-05 9.99098E-05 0.0870058 9.99098E-05 9.99098E-05 0.136688 9.99098E-05 0.0844341 9.99098E-05 9.99098E-05 0.690873 9.99098E-05
9.99369E-05 9.99369E-05 9.99369E-05 9.99369E-05 0.0335579 0.0212072 0.235118 0.0968547 9.99369E-05 9.99369E-05 0.215779 0.0126228 0.384161 9.99369E-05
9.9919E-05 9.9919E-05 9.9919E-05 9.9919E-05 9.9919E-05 9.9919E-05 0.094506 0.206044 9.9919E-05 9.9919E-05 0.0240965 0.501741 0.172714 9.9919E-05
9.99189E-05 9.99189E-05 9.99189E-05 9.99189E-05 9.99189E-05 9.99189E-05 0.372288 0.118107 0.0347878 9.99189E-05 9.99189E-05 9.99189E-05 0.203725 0.270193
9.99008E-05 9.99008E-05 9.99008E-05 9.99008E-05 9.99008E-05 9.99008E-05 0.316277 0.407501 9.99008E-05 9.99008E-05 9.99008E-05 9.99008E-05 9.99008E-05 0.275123
0.00327676 9.9919E-05 9.9919E-05 9.9919E-05 9.9919E-05 9.9919E-05 0.123002 0.387176 9.9919E-05 9.9919E-05 9.9919E-05 9.9919E-05 0.0714586 0.414188
9.99098E-05 9.99098E-05 9.99098E-05 9.99098E-05 9.99098E-05 9.99098E-05 0.223608 0.492111 9.99098E-05 0.153048 9.99098E-05 0.130234 9.99098E-05 9.99098E-05
9.99099E-05 9.99099E-05 9.99099E-05 9.99099E-05 9.99099E-05 9.99099E-05 0.518219 0.114267 9.99099E-05 9.99099E-05 0.311437 9.99099E-05 0.0550781 9.99099E-05
9.99099E-05 9.99099E-05 9.99099E-05 0.0647311 9.99099E-05 9.99099E-05 0.854842 9.99099E-05 0.0578997 9.99099E-05 9.99099E-05 9.99099E-05 9.99099E-05 0.0215279
9.99278E-05 0.039753 9.99278E-05 9.99278E-05 0.276699 9.99278E-05 0.103501 0.118789 9.99278E-05 0.0953029 9.99278E-05 9.99278E-05 0.365155 9.99278E-05
9.99009E-05 0.0190079 9.99009E-05 9.99009E-05 9.99009E-05 9.99009E-05 9.99009E-05 0.636646 9.99009E-05 0.343247 9.99009E-05 9.99009E-05 9.99009E-05 9.99009E-05
9.99099E-05 9.99099E-05 0.295176 9.99099E-05 0.100941 9.99099E-05 0.23969 9.99099E-05 9.99099E-05 9.99099E-05 9.99099E-05 9.99099E-05 0.363193 9.99099E-05
9.99188E-05 0.0134936 9.99188E-05 9.99188E-05 0.0499915 9.99188E-05 0.219866 0.421784 9.99188E-05 0.293966 9.99188E-05 9.99188E-05 9.99188E-05 9.99188E-05
9.99279E-05 9.99279E-05 0.0816052 9.99279E-05 0.0243459 9.99279E-05 0.107037 0.424095 9.99279E-05 0.317308 9.99279E-05 9.99279E-05 0.0448092 9.99279E-05
9.99099E-05 9.99099E-05 0.376336 9.99099E-05 9.99099E-05 9.99099E-05 0.359715 9.99099E-05 0.115031 9.99099E-05 9.99099E-05 9.99099E-05 0.147919 9.99099E-05
9.99189E-05 9.99189E-05 0.0654668 9.99189E-05 0.206416 9.99189E-05 0.323846 0.367812 9.99189E-05 0.0355602 9.99189E-05 9.99189E-05 9.99189E-05 9.99189E-05
9.99279E-05 0.03458 0.146286 9.99279E-05 0.197975 9.99279E-05 0.0746861 0.406064 9.99279E-05 9.99279E-05 9.99279E-05 9.99279E-05 0.13961 9.99279E-05
9.99099E-05 9.99099E-05 9.99099E-05 9.99099E-05 9.99099E-05 0.599944 0.0146877 0.0159211 9.99099E-05 9.99099E-05 9.99099E-05 0.368448 9.99099E-05 9.99099E-05
9.9946E-05 9.9946E-05 0.0030364 9.9946E-05 9.9946E-05 0.515823 9.9946E-05 0.138258 9.9946E-05 0.0334808 0.166985 0.134001 0.00278854 0.00502761
9.99279E-05 9.99279E-05 9.99279E-05 9.99279E-05 9.99279E-05 0.723681 9.99279E-05 0.00675404 0.0957556 9.99279E-05 0.0430689 0.00320514 9.99279E-05 0.126735
9.99009E-05 9.99009E-05 0.419129 9.99009E-05 9.99009E-05 0.543126 9.99009E-05 9.99009E-05 0.0366459 9.99009E-05 9.99009E-05 9.99009E-05 9.99009E-05 9.99009E-05
0.00177308 0.043096 9.99099E-05 9.99099E-05 9.99099E-05 0.661072 9.99099E-05 9.99099E-05 9.99099E-05 9.99099E-05 9.99099E-05 0.29306 9.99099E-05 9.99099E-05
9.99369E-05 9.99369E-05 0.177759 0.0462374 0.507125 0.192388 0.0373483 9.99369E-05 0.0377718 9.99369E-05 9.99369E-05 9.99369E-05 9.99369E-05 0.000670966
9.98918E-05 9.98918E-05 9.98918E-05 9.98918E-05 9.98918E-05 0.509737 9.98918E-05 9.98918E-05 9.98918E-05 0.489064 9.98918E-05 9.98918E-05 9.98918E-05 9.98918E-05
9.98919E-05 9.98919E-05 9.98919E-05 9.98919E-05 9.98919E-05 0.74332 9.98919E-05 9.98919E-05 9.98919E-05 9.98919E-05 9.98919E-05 0.255482 9.98919E-05 9.98919E-05
9.99279E-05 0.0142587 9.99279E-05 9.99279E-05 0.106775 0.663181 9.99279E-05 9.99279E-05 9.99279E-05 0.0018758 0.172339 9.99279E-05 0.0407711 9.99279E-05
0.205769 9.99279E-05 9.99279E-05 0.0501563 9.99279E-05 0.518857 0.0885486 9.99279E-05 0.0510153 9.99279E-05 0.0848543 9.99279E-05 9.99279E-05 9.99279E-05
9.99099E-05 0.100038 9.99099E-05 9.99099E-05 9.99099E-05 0.252159 9.99099E-05 0.0289309 9.99099E-05 9.99099E-05 9.99099E-05 0.617874 9.99099E-05 9.99099E-05
0.470505 0.0394984 9.99189E-05 0.0289091 9.99189E-05 0.449292 9.99189E-05 9.99189E-05 9.99189E-05 0.0108958 9.99189E-05 9.99189E-05 9.99189E-05 9.99189E-05
9.99189E-05 9.99189E-05 9.99189E-05 9.99189E-05 0.048776 0.769329 9.99189E-05 0.0183999 9.99189E-05 9.99189E-05 0.0122342 0.150361 9.99189E-05 9.99189E-05
0.106555 9.99278E-05 9.99278E-05 9.99278E-05 0.232717 0.492906 0.0488168 9.99278E-05 9.99278E-05 9.99278E-05 0.112931 9.99278E-05 9.99278E-05 0.005275
9.99279E-05 9.99279E-05 9.99279E-05 9.99279E-05 0.0375906 0.4854 9.99279E-05 9.99279E-05 0.0157259 9.99279E-05 0.379316 0.0437887 0.0373791 9.99279E-05
9.99279E-05 9.99279E-05 9.99279E-05 0.01282 0.416283 0.337617 9.99279E-05 9.99279E-05 9.99279E-05 0.154256 9.99279E-05 0.0478334 0.0303914 9.99279E-05
0.0180576 9.99278E-05 0.152897 0.165056 9.99278E-05 0.439088 0.0949652 9.99278E-05 9.99278E-05 9.99278E-05 9.99278E-05 9.99278E-05 9.99278E-05 0.129137
9.99098E-05 9.99098E-05 9.99098E-05 0.0170453 9.99098E-05 0.34691 9.99098E-05 9.99098E-05 0.455387 9.99098E-05 9.99098E-05 9.99098E-05 9.99098E-05 0.179659
9.99279E-05 0.00795669 9.99279E-05 9.99279E-05 9.99279E-05 0.474557 9.99279E-05 0.120364 9.99279E-05 0.0169486 0.319136 9.99279E-05 0.0602383 9.99279E-05
9.99189E-05 9.99189E-05 9.99189E-05 9.99189E-05 0.112307 0.75388 9.99189E-05 0.00132687 9.99189E-05 0.107541 9.99189E-05 0.0240464 9.99189E-05 9.99189E-05
0.0538275 9.99189E-05 0.0488082 9.99189E-05 9.99189E-05 0.529669 9.99189E-05 9.99189E-05 9.99189E-05 9.99189E-05 0.334284 9.99189E-05 0.0325117 9.99189E-05
9.98919E-05 9.98919E-05 9.98919E-05 9.98919E-05 9.98919E-05 0.566686 9.98919E-05 9.98919E-05 9.98919E-05 9.98919E-05 9.98919E-05 9.98919E-05 9.98919E-05 0.432115
0.124461 0.0165273 0.381545 9.99369E-05 0.152355 9.99369E-05 0.0375436 9.99369E-05 9.99369E-05 9.99369E-05 0.120377 9.99369E-05 9.99369E-05 0.166492
9.99098E-05 0.719098 9.99098E-05 9.99098E-05 0.0158696 0.0125643 9.99098E-05 9.99098E-05 9.99098E-05 0.251469 9.99098E-05 9.99098E-05 9.99098E-05 9.99098E-05
9.99188E-05 9.99188E-05 0.107465 0.0165628 0.201586 9.99188E-05 9.99188E-05 9.99188E-05 0.447749 9.99188E-05 9.99188E-05 9.99188E-05 9.99188E-05 0.225738
9.99459E-05 0.0308942 9.99459E-05 9.99459E-05 0.709614 0.00217133 9.99459E-05 0.000904787 9.99459E-05 9.99459E-05 0.0404104 0.152902 0.0186357 0.0438681
9.99008E-05 0.513278 9.99008E-05 9.99008E-05 9.99008E-05 9.99008E-05 9.99008E-05 9.99008E-05 9.99008E-05 0.0366065 9.99008E-05 0.449016 9.99008E-05 9.99008E-05
0.304131 9.99188E-05 9.99188E-05 0.278892 0.168004 9.99188E-05 9.99188E-05 9.99188E-05 0.0412354 9.99188E-05 9.99188E-05 9.99188E-05 9.99188E-05 0.206839
0.222225 0.700938 9.99009E-05 9.99009E-05 9.99009E-05 9.99009E-05 9.99009E-05 9.99009E-05 9.99009E-05 9.99009E-05 9.99009E-05 9.99009E-05 9.99009E-05 0.0757387
9.99369E-05 9.99369E-05 0.129514 9.99369E-05 0.472453 9.99369E-05 0.0986325 0.0131002 9.99369E-05 0.070489 0.131237 9.99369E-05 9.99369E-05 0.0838745
9.98918E-05 0.671302 9.98918E-05 9.98918E-05 9.98918E-05 9.98918E-05 9.98918E-05 9.98918E-05 9.98918E-05 9.98918E-05 9.98918E-05 9.98918E-05 9.98918E-05 0.327499
9.99189E-05 0.260282 9.99189E-05 9.99189E-05 0.160541 9.99189E-05 9.99189E-05 9.99189E-05 9.99189E-05 0.38618 9.99189E-05 0.172082 9.99189E-05 0.0200157
0.254862 0.134967 0.222004 0.0502161 9.99368E-05 9.99368E-05 0.0257001 9.99368E-05 9.99368E-05 9.99368E-05 0.125962 9.99368E-05 9.99368E-05 0.18559
9.99008E-05 0.545245 9.99008E-05 9.99008E-05 9.99008E-05 9.99008E-05 9.99008E-05 9.99008E-05 0.390104 9.99008E-05 9.99008E-05 9.99008E-05 9.99008E-05 0.0635519
9.99009E-05 0.421403 9.99009E-05 9.99009E-05 9.99009E-05 9.99009E-05 9.99009E-05 9.99009E-05 9.99009E-05 0.178259 9.99009E-05 0.399239 9.99009E-05 9.99009E-05
0.222507 9.99279E-05 0.290821 0.314086 0.0404411 9.99279E-05 9.99279E-05 9.99279E-05 0.0227705 9.99279E-05 9.99279E-05 9.99279E-05 9.99279E-05 0.108575
9.99188E-05 0.504387 9.99188E-05 0.249381 9.99188E-05 9.99188E-05 0.0194003 9.99188E-05 0.0305206 9.99188E-05 9.99188E-05 9.99188E-05 9.99188E-05 0.195411
0.0943103 9.99188E-05 9.99188E-05 0.260267 0.217549 9.99188E-05 9.99188E-05 9.99188E-05 9.99188E-05 0.0118779 9.99188E-05 9.99188E-05 9.99188E-05 0.415096
9.99008E-05 0.496298 9.99008E-05 9.99008E-05 9.99008E-05 9.99008E-05 9.99008E-05 9.99008E-05 9.99008E-05 0.00550469 9.99008E-05 0.497098 9.99008E-05 9.99008E-05
9.99188E-05 0.273058 0.184413 0.0462463 9.99188E-05 9.99188E-05 9.99188E-05 9.99188E-05 0.0183974 9.99188E-05 9.99188E-05 9.99188E-05 9.99188E-05 0.476987
0.279864 9.99279E-05 0.387081 0.0598136 0.0495359 9.99279E-05 9.99279E-05 9.99279E-05 9.99279E-05 9.99279E-05 0.181244 9.99279E-05 9.99279E-05 0.0416622
9.99099E-05 0.130124 0.111669 9.99099E-05 0.738936 9.99099E-05 9.99099E-05 9.99099E-05 9.99099E-05 9.99099E-05 9.99099E-05 9.99099E-05 0.0182713 9.99099E-05
0.00894525 9.99461E-05 0.0835285 9.99461E-05 0.206936 0.1138 9.99461E-05 9.99461E-05 0.37452 9.99461E-05 9.99461E-05 0.103733 0.0270097 0.0809277
9.99279E-05 0.057774 0.068578 9.99279E-05 0.263648 9.99279E-05 9.99279E-05 9.99279E-05 0.145941 9.99279E-05 9.99279E-05 9.99279E-05 0.0395713 0.423688
9.99097E-05 0.488324 9.99097E-05 9.99097E-05 0.119339 9.99097E-05 9.99097E-05 9.99097E-05 9.99097E-05 0.0278091 9.99097E-05 0.363529 9.99097E-05 9.99097E-05
0.135861 0.130068 0.106585 0.116552 0.214219 9.99549E-05 9.99549E-05 0.0446086 9.99549E-05 0.062849 9.99549E-05 9.99549E-05 0.0423296 0.146428
9.99097E-05 0.597665 0.100394 9.99097E-05 0.250801 9.99097E-05 9.99097E-05 9.99097E-05 9.99097E-05 9.99097E-05 0.0501408 9.99097E-05 9.99097E-05 9.99097E-05
9.99369E-05 0.102679 9.99369E-05 9.99369E-05 0.327837 0.223265 9.99369E-05 0.0415873 9.99369E-05 9.99369E-05 0.0287035 0.232815 0.042413 9.99369E-05
0.0852899 0.157293 0.153315 9.99459E-05 0.0595576 0.0576187 0.0654583 9.99459E-05 9.99459E-05 9.99459E-05 9.99459E-05 9.99459E-05 0.0116846 0.409183
9.9919E-05 0.0924469 0.00105567 9.9919E-05 9.9919E-05 9.9919E-05 0.0458951 0.00311299 9.9919E-05 9.9919E-05 0.85659 9.9919E-05 9.9919E-05 9.9919E-05
9.9919E-05 9.9919E-05 9.9919E-05 0.0604059 9.9919E-05 9.9919E-05 0.0228944 9.9919E-05 9.9919E-05 0.130678 9.9919E-05 0.727187 0.0579356 9.9919E-05
9.99549E-05 0.229748 9.99549E-05 0.0148432 0.292212 0.108753 9.99549E-05 0.00389278 9.99549E-05 0.101599 0.205773 0.0158623 0.0268178 9.99549E-05
0.0609367 0.0869679 9.99549E-05 9.99549E-05 0.331886 0.113469 9.99549E-05 0.0422278 9.99549E-05 0.111083 0.0219363 0.216453 0.0145414 9.99549E-05
0.471334 0.123214 9.99369E-05 9.99369E-05 9.99369E-05 9.99369E-05 0.0117373 9.99369E-05 9.99369E-05 9.99369E-05 0.178822 0.127766 0.0255277 0.0608997
9.99098E-05 0.0184745 9.99098E-05 9.99098E-05 0.446213 9.99098E-05 9.99098E-05 9.99098E-05 9.99098E-05 0.00162886 9.99098E-05 0.532685 9.99098E-05 9.99098E-05
0.147098 9.99188E-05 9.99188E-05 0.24538 0.141734 9.99188E-05 9.99188E-05 9.99188E-05 0.0618448 9.99188E-05 9.99188E-05 9.99188E-05 9.99188E-05 0.403044
9.99098E-05 0.0559512 9.99098E-05 9.99098E-05 0.456581 9.99098E-05 9.99098E-05 9.99098E-05 9.99098E-05 9.99098E-05 0.0269652 0.459504 9.99098E-05 9.99098E-05
9.99279E-05 0.269984 0.0114218 9.99279E-05 9.99279E-05 9.99279E-05 9.99279E-05 9.99279E-05 0.267311 9.99279E-05 0.0885897 0.143072 9.99279E-05 0.218822
9.99279E-05 0.0508074 9.99279E-05 0.116834 9.99279E-05 9.99279E-05 9.99279E-05 9.99279E-05 0.216351 0.0502361 0.196976 9.99279E-05 9.99279E-05 0.367996
9.9946E-05 0.106311 9.9946E-05 0.0330716 0.170364 0.035627 0.0422215 0.0588758 9.9946E-05 9.9946E-05 0.536409 9.9946E-05 0.0165209 9.9946E-05
9.994E-05 9.994E-05 0.000509213 0.0703397 0.416753 0.0478365 0.0371026 9.994E-05 9.994E-05 0.0596322 0.315415 9.994E-05 9.994E-05 0.0518127
9.99279E-05 0.061714 9.99279E-05 0.0832776 0.155048 9.99279E-05 9.99279E-05 9.99279E-05 9.99279E-05 9.99279E-05 0.642015 0.0158839 0.0412626 9.99279E-05
9.99189E-05 9.99189E-05 9.99189E-05 9.99189E-05 0.192404 0.112799 9.99189E-05 9.99189E-05 0.121683 9.99189E-05 9.99189E-05 0.0865686 9.99189E-05 0.485647
9.99279E-05 9.99279E-05 9.99279E-05 0.0567422 0.0653764 0.0302728 9.99279E-05 9.99279E-05 9.99279E-05 0.0793411 0.0877406 0.679727 9.99279E-05 9.99279E-05
9.99279E-05 0.283439 9.99279E-05 9.99279E-05 9.99279E-05 0.00658687 9.99279E-05 9.99279E-05 9.99279E-05 0.0121689 0.0458779 0.648208 0.00292012 9.99279E-05
9.99189E-05 0.196298 9.99189E-05 9.99189E-05 0.306239 9.99189E-05 9.99189E-05 0.0437868 9.99189E-05 0.364871 0.0879053 9.99189E-05 9.99189E-05 9.99189E-05
9.99189E-05 0.158286 9.99189E-05 9.99189E-05 0.0923757 9.99189E-05 9.99189E-05 0.0977272 9.99189E-05 9.99189E-05 0.104938 0.545774 9.99189E-05 9.99189E-05
0.021121 9.991E-05 9.991E-05 0.12287 9.991E-05 0.00906551 9.991E-05 9.991E-05 9.991E-05 9.991E-05 9.991E-05 0.845945 9.991E-05 9.991E-05
9.99369E-05 0.293684 0.0597198 9.99369E-05 0.0342727 0.00713832 9.99369E-05 0.132868 9.99369E-05 0.420656 0.0509611 9.99369E-05 9.99369E-05 9.99369E-05
0.0441692 0.0793594 9.99188E-05 9.99188E-05 0.647395 9.99188E-05 9.99188E-05 9.99188E-05 9.99188E-05 0.0507316 9.99188E-05 0.177446 9.99188E-05 9.99188E-05
9.9919E-05 9.9919E-05 0.507798 0.345177 9.9919E-05 9.9919E-05 9.9919E-05 9.9919E-05 0.0915942 9.9919E-05 9.9919E-05 0.0200428 0.034489 9.9919E-05
9.99279E-05 9.99279E-05 9.99279E-05 0.867965 0.0444649 0.035698 9.99279E-05 9.99279E-05 0.0116319 0.017532 9.99279E-05 9.99279E-05 0.0219086 9.99279E-05
9.99189E-05 9.99189E-05 0.125894 0.104842 0.463937 9.99189E-05 9.99189E-05 9.99189E-05 9.99189E-05 0.275041 9.99189E-05 9.99189E-05 0.0293875 9.99189E-05
0.200024 9.99188E-05 9.99188E-05 0.683833 0.0490162 9.99188E-05 9.99188E-05 9.99188E-05 9.99188E-05 0.0365403 9.99188E-05 9.99188E-05 9.99188E-05 0.0296869
9.99009E-05 9.99009E-05 0.0267644 0.905321 9.99009E-05 0.0668156 9.99009E-05 9.99009E-05 9.99009E-05 9.99009E-05 9.99009E-05 9.99009E-05 9.99009E-05 9.99009E-05
9.99278E-05 9.99278E-05 9.99278E-05 0.435158 9.99278E-05 0.0260665 9.99278E-05 9.99278E-05 0.405915 0.0666645 9.99278E-05 9.99278E-05 0.0478786 0.0175182
9.99189E-05 9.99189E-05 9.99189E-05 0.746578 0.0460624 0.0582913 9.99189E-05 9.99189E-05 0.140103 9.99189E-05 9.99189E-05 9.99189E-05 9.99189E-05 0.00806625
9.9919E-05 0.00526525 9.9919E-05 0.193529 0.255633 9.9919E-05 9.9919E-05 9.9919E-05 9.9919E-05 0.529447 9.9919E-05 9.9919E-05 0.0152256 9.9919E-05
9.9901E-05 0.189012 9.9901E-05 9.9901E-05 9.9901E-05 9.9901E-05 9.9901E-05 9.9901E-05 9.9901E-05 0.46511 9.9901E-05 0.344779 9.9901E-05 9.9901E-05
9.99279E-05 9.99279E-05 0.58387 9.99279E-05 0.290999 0.0408896 0.069795 9.99279E-05 9.99279E-05 0.00119994 0.012447 9.99279E-05 9.99279E-05 9.99279E-05
9.99009E-05 9.99009E-05 9.99009E-05 0.128375 9.99009E-05 0.114607 9.99009E-05 9.99009E-05 9.99009E-05 0.755919 9.99009E-05 9.99009E-05 9.99009E-05 9.99009E-05
9.9946E-05 0.0127811 9.9946E-05 0.0933795 0.439167 0.0248273 0.0648229 0.0236672 9.9946E-05 0.276264 9.9946E-05 9.9946E-05 0.0644907 9.9946E-05
0.030135 9.99279E-05 0.184401 0.1928 0.479428 0.0565363 9.99279E-05 9.99279E-05 9.99279E-05 0.0559004 9.99279E-05 9.99279E-05 9.99279E-05 9.99279E-05
0.00270365 0.09616 9.99279E-05 9.99279E-05 0.383066 0.00832921 9.99279E-05 9.99279E-05 9.99279E-05 0.448877 9.99279E-05 0.0600647 9.99279E-05 9.99279E-05
9.99279E-05 9.99279E-05 0.294097 9.99279E-05 0.193802 0.0935895 9.99279E-05 0.0108827 9.99279E-05 0.363798 9.99279E-05 0.0430315 9.99279E-05 9.99279E-05
9.99459E-05 0.199128 0.203535 0.250085 0.116496 9.99459E-05 9.99459E-05 0.0796355 9.99459E-05 9.99459E-05 0.0458589 9.99459E-05 0.0876208 0.0170401
0.126913 9.99369E-05 0.143733 9.99369E-05 0.287435 9.99369E-05 0.0383607 0.0105698 9.99369E-05 0.379982 9.99369E-05 9.99369E-05 0.0123065 9.99369E-05
9.99188E-05 9.99188E-05 0.357385 9.99188E-05 0.156809 0.128445 9.99188E-05 9.99188E-05 9.99188E-05 0.338729 0.0177327 9.99188E-05 9.99188E-05 9.99188E-05
0.487806 9.99189E-05 0.287507 0.137625 0.0422433 9.99189E-05 9.99189E-05 9.99189E-05 9.99189E-05 9.99189E-05 9.99189E-05 9.99189E-05 9.99189E-05 0.0439193
0.0343268 9.9919E-05 0.462252 0.0905824 0.290134 9.9919E-05 9.9919E-05 9.9919E-05 9.9919E-05 9.9919E-05 0.121805 9.9919E-05 9.9919E-05 9.9919E-05
0.0573501 9.9928E-05 0.0262011 9.9928E-05 9.9928E-05 9.9928E-05 9.9928E-05 9.9928E-05 0.0174916 0.799907 0.0836784 0.0145724 9.9928E-05 9.9928E-05
9.99279E-05 9.99279E-05 0.086401 9.99279E-05 0.509368 0.0554232 9.99279E-05 0.0106578 9.99279E-05 0.269546 9.99279E-05 9.99279E-05 9.99279E-05 0.067804
9.99189E-05 0.122364 9.99189E-05 9.99189E-05 0.0574006 9.99189E-05 9.99189E-05 9.99189E-05 9.99189E-05 0.571361 9.99189E-05 0.222013 9.99189E-05 0.0259611
0.0232787 9.99278E-05 0.304353 0.429073 0.132144 9.99278E-05 9.99278E-05 9.99278E-05 9.99278E-05 9.99278E-05 0.0218225 9.99278E-05 9.99278E-05 0.0885299
0.0288087 9.9928E-05 0.369303 9.9928E-05 0.534671 9.9928E-05 0.0405053 9.9928E-05 9.9928E-05 9.9928E-05 0.011297 9.9928E-05 0.0146159 9.9928E-05
9.99279E-05 0.10876 9.99279E-05 9.99279E-05 0.141662 0.0407642 9.99279E-05 0.0127057 9.99279E-05 0.626573 9.99279E-05 0.0687353 9.99279E-05 9.99279E-05
0.0465513 0.225001 0.177338 0.355387 9.9946E-05 0.00582978 0.0296862 9.9946E-05 0.0850401 9.9946E-05 0.0745672 9.9946E-05 9.9946E-05 9.9946E-05
0.494611 0.403149 0.0584235 0.0364734 9.99189E-05 9.99189E-05 9.99189E-05 9.99189E-05 9.99189E-05 9.99189E-05 0.00644357 9.99189E-05 9.99189E-05 9.99189E-05
9.99369E-05 0.0467247 9.99369E-05 9.99369E-05 0.385482 0.0590786 9.99369E-05 0.110764 9.99369E-05 0.0559273 9.99369E-05 0.277933 0.0633915 9.99369E-05
9.99369E-05 0.549483 9.99369E-05 9.99369E-05 0.0347968 0.0937921 9.99369E-05 0.0132769 9.99369E-05 9.99369E-05 0.159651 0.12016 0.0281395 9.99369E-05
0.347615 0.189638 0.0155203 0.346702 9.9928E-05 9.9928E-05 9.9928E-05 9.9928E-05 9.9928E-05 0.0268322 9.9928E-05 9.9928E-05 0.0728933 9.9928E-05
9.99189E-05 0.367761 0.0130953 0.525856 9.99189E-05 9.99189E-05 0.0222593 9.99189E-05 0.0701283 9.99189E-05 9.99189E-05 9.99189E-05 9.99189E-05 9.99189E-05
0.0544465 0.251846 0.113709 0.397942 9.9937E-05 9.9937E-05 0.113861 9.9937E-05 0.0334545 9.9937E-05 9.9937E-05 9.9937E-05 9.9937E-05 0.0340407
9.9901E-05 0.268672 9.9901E-05 9.9901E-05 9.9901E-05 9.9901E-05 9.9901E-05 9.9901E-05 9.9901E-05 9.9901E-05 9.9901E-05 0.708256 0.0219728 9.9901E-05
9.991E-05 0.383249 9.991E-05 9.991E-05 0.472014 9.991E-05 9.991E-05 0.0465781 9.991E-05 0.0971597 9.991E-05 9.991E-05 9.991E-05 9.991E-05
0.110639 0.0976993 0.0716921 0.0236605 0.0702224 0.228045 0.051886 9.99459E-05 9.99459E-05 9.99459E-05 0.345556 9.99459E-05 9.99459E-05 9.99459E-05
0.155794 0.289924 9.99279E-05 0.486725 9.99279E-05 0.0304658 9.99279E-05 9.99279E-05 9.99279E-05 9.99279E-05 0.0257633 9.99279E-05 9.99279E-05 0.0105288
9.99369E-05 0.179764 9.99369E-05 9.99369E-05 0.0455003 0.0424072 9.99369E-05 0.0209061 9.99369E-05 0.0778927 0.158299 0.474531 9.99369E-05 9.99369E-05
9.9937E-05 0.193925 0.024902 0.090472 0.607307 9.9937E-05 9.9937E-05 0.0258092 9.9937E-05 0.00151397 9.9937E-05 9.9937E-05 0.0553718 9.9937E-05
9.99279E-05 0.241331 9.99279E-05 0.16001 0.361878 9.99279E-05 9.99279E-05 0.0324372 9.99279E-05 0.195876 0.00766887 9.99279E-05 9.99279E-05 9.99279E-05
9.99368E-05 0.232657 0.00809232 9.99368E-05 9.99368E-05 0.0701456 0.000900957 9.99368E-05 9.99368E-05 0.00519493 0.644463 9.99368E-05 9.99368E-05 0.0378473
9.99279E-05 9.99279E-05 9.99279E-05 9.99279E-05 0.443748 0.212411 9.99279E-05 0.0303621 9.99279E-05 0.237408 0.0189617 9.99279E-05 9.99279E-05 0.0563096
0.194583 9.99458E-05 0.317384 0.0957973 0.212866 0.00592993 0.0398093 9.99458E-05 9.99458E-05 0.0478217 0.0852092 9.99458E-05 9.99458E-05 9.99458E-05
0.0788764 0.110175 0.0525257 0.0796635 0.405477 9.993E-05 0.0167397 9.993E-05 9.993E-05 9.993E-05 0.255843 9.993E-05 9.993E-05 9.993E-05
0.179904 0.254104 9.9928E-05 0.435676 9.9928E-05 9.9928E-05 9.9928E-05 9.9928E-05 0.0616312 9.9928E-05 9.9928E-05 9.9928E-05 0.0203089 0.0475764
9.99368E-05 0.367249 0.0323374 9.99368E-05 0.0201137 9.99368E-05 9.99368E-05 0.137344 9.99368E-05 0.354979 0.0720977 9.99368E-05 0.0151792 9.99368E-05
0.057998 0.197848 0.274538 0.344808 9.99278E-05 9.99278E-05 9.99278E-05 0.00881392 9.99278E-05 9.99278E-05 0.115195 9.99278E-05 9.99278E-05 9.99278E-05
9.99278E-05 0.143132 0.174789 0.141164 0.0580774 9.99278E-05 9.99278E-05 9.99278E-05 0.388947 9.99278E-05 9.99278E-05 9.99278E-05 9.99278E-05 0.0930916
9.99279E-05 0.230082 9.99279E-05 0.008603 0.0537425 9.99279E-05 9.99279E-05 9.99279E-05 9.99279E-05 0.62067 0.00943366 0.0766698 9.99279E-05 9.99279E-05
0.196325 0.0358396 0.123209 9.99215E-05 0.49459 9.99215E-05 9.99215E-05 9.99215E-05 9.99215E-05 0.149137 9.99215E-05 9.99215E-05 9.99215E-05 9.99215E-05
9.99189E-05 0.154346 0.039858 9.99189E-05 0.400535 9.99189E-05 9.99189E-05 0.0777483 9.99189E-05 0.326613 9.99189E-05 9.99189E-05 9.99189E-05 9.99189E-05
0.038408 0.016507 0.433642 0.387513 9.9937E-05 9.9937E-05 0.0146569 9.9937E-05 0.0767694 9.9937E-05 9.9937E-05 9.9937E-05 0.031804 9.9937E-05
0.0426844 0.0107134 0.245311 0.0189439 0.023828 0.0164061 9.9955E-05 0.193167 0.406034 9.9955E-05 9.9955E-05 9.9955E-05 0.042412 9.9955E-05
0.0322356 0.0252986 0.51412 0.210933 0.128452 9.99279E-05 0.0881615 9.99279E-05 9.99279E-05 9.99279E-05 9.99279E-05 9.99279E-05 9.99279E-05 9.99279E-05
9.99009E-05 0.168926 9.99009E-05 9.99009E-05 9.99009E-05 9.99009E-05 9.99009E-05 9.99009E-05 9.99009E-05 0.721887 0.108088 9.99009E-05 9.99009E-05 9.99009E-05
9.99279E-05 9.99279E-05 0.683741 0.0476256 0.137419 9.99279E-05 0.00624586 9.99279E-05 9.99279E-05 0.00745027 9.99279E-05 9.99279E-05 9.99279E-05 0.116719
0.0163293 0.0362186 0.833901 0.0020138 9.99459E-05 0.0514049 9.99459E-05 9.99459E-05 9.99459E-05 0.0155637 9.99459E-05 9.99459E-05 0.0389199 0.00504951
0.202856 0.0065425 0.561909 0.144711 9.9946E-05 0.0430107 9.9946E-05 9.9946E-05 9.9946E-05 0.0163174 9.9946E-05 0.0020719 9.9946E-05 0.0219811
9.99189E-05 9.99189E-05 0.0547513 9.99189E-05 9.99189E-05 0.0780063 9.99189E-05 9.99189E-05 9.99189E-05 0.792865 0.0128434 9.99189E-05 9.99189E-05 0.0606345
0.00273307 0.075967 0.207699 0.0890806 0.4153 0.038761 9.99459E-05 0.034845 9.99459E-05 0.135015 9.99459E-05 9.99459E-05 9.99459E-05 9.99459E-05
0.364074 0.0223582 0.115568 0.312159 9.9937E-05 9.9937E-05 9.9937E-05 9.9937E-05 0.0591895 0.0900491 9.9937E-05 9.9937E-05 0.0359035 9.9937E-05
9.9946E-05 0.182105 0.272348 9.9946E-05 0.0844292 0.0221151 9.9946E-05 0.062917 0.0098288 0.272486 9.9946E-05 0.0931707 9.9946E-05 9.9946E-05
0.0271643 9.9937E-05 0.778138 0.0753792 9.9937E-05 9.9937E-05 9.9937E-05 9.9937E-05 0.0564427 9.9937E-05 0.0390303 0.0229349 0.000210865 9.9937E-05
9.9928E-05 9.9928E-05 0.0381552 9.9928E-05 0.138961 9.9928E-05 9.9928E-05 9.9928E-05 0.168486 0.0998764 9.9928E-05 0.138412 9.9928E-05 0.41531
9.99189E-05 0.0997652 0.592295 9.99189E-05 9.99189E-05 0.0385772 9.99189E-05 9.99189E-05 9.99189E-05 0.26305 9.99189E-05 9.99189E-05 0.00541297 9.99189E-05
9.991E-05 0.101796 9.991E-05 0.000254303 9.991E-05 9.991E-05 9.991E-05 9.991E-05 9.991E-05 0.832897 9.991E-05 0.0640536 9.991E-05 9.991E-05
9.9928E-05 0.102024 0.210242 0.0917413 0.537813 9.9928E-05 0.0249862 9.9928E-05 9.9928E-05 9.9928E-05 9.9928E-05 9.9928E-05 0.0323947 9.9928E-05
0.0176877 0.0511119 9.99549E-05 9.99549E-05 0.177412 0.00707408 9.99549E-05 0.0177401 9.99549E-05 0.184241 0.471305 0.0668337 0.00609354 9.99549E-05
9.9937E-05 0.0382105 9.9937E-05 0.00224608 0.216752 0.0818503 9.9937E-05 0.00902701 9.9937E-05 9.9937E-05 9.9937E-05 0.643251 0.00796405 9.9937E-05
9.99459E-05 0.00861065 0.0864726 9.99459E-05 0.548345 9.99459E-05 0.0026273 0.0155147 9.99459E-05 0.114456 0.195551 9.99459E-05 9.99459E-05 0.027823
9.99098E-05 0.0900569 9.99098E-05 9.99098E-05 0.170044 0.609113 9.99098E-05 9.99098E-05 9.99098E-05 0.129787 9.99098E-05 9.99098E-05 9.99098E-05 9.99098E-05
0.0583373 0.156599 9.99459E-05 0.12096 0.486624 0.0286912 9.99459E-05 9.99459E-05 9.99459E-05 0.0891984 0.0404737 0.0185167 9.99459E-05 9.99459E-05
9.99188E-05 0.0111942 9.99188E-05 0.387722 0.170566 9.99188E-05 9.99188E-05 9.99188E-05 9.99188E-05 9.99188E-05 0.0178763 9.99188E-05 9.99188E-05 0.411742
9.99189E-05 0.31139 9.99189E-05 9.99189E-05 0.0782808 0.0177379 9.99189E-05 9.99189E-05 9.99189E-05 9.99189E-05 9.99189E-05 0.566881 0.024811 9.99189E-05
9.99009E-05 0.22585 9.99009E-05 9.99009E-05 9.99009E-05 9.99009E-05 9.99009E-05 9.99009E-05 0.616606 9.99009E-05 0.156445 9.99009E-05 9.99009E-05 9.99009E-05
0.0136424 9.99368E-05 0.210712 0.193852 0.101766 0.419661 0.0428132 9.99368E-05 0.0168537 9.99368E-05 9.99368E-05 9.99368E-05 9.99368E-05 9.99368E-05
0.587362 9.99279E-05 9.99279E-05 9.99279E-05 0.000296818 0.0257779 9.99279E-05 9.99279E-05 9.99279E-05 9.99279E-05 0.0592649 0.0909715 9.99279E-05 0.235527
9.99279E-05 9.99279E-05 0.0594282 9.99279E-05 0.0992619 0.141311 9.99279E-05 9.99279E-05 9.99279E-05 9.99279E-05 0.0450493 0.633567 9.99279E-05 0.0205832
9.99189E-05 0.0122806 9.99189E-05 9.99189E-05 9.99189E-05 0.0654311 9.99189E-05 9.99189E-05 9.99189E-05 0.357985 0.108424 0.45498 9.99189E-05 9.99189E-05
0.0801433 0.0960471 0.113757 0.0824435 9.99279E-05 9.99279E-05 9.99279E-05 9.99279E-05 9.99279E-05 0.0819724 9.99279E-05 9.99279E-05 9.99279E-05 0.544838
0.0842296 9.9946E-05 0.0430004 9.9946E-05 0.759506 0.0185752 9.9946E-05 0.0747434 0.0079004 9.9946E-05 9.9946E-05 9.9946E-05 0.00875989 0.00268508
9.99368E-05 9.99368E-05 9.99368E-05 0.0109973 0.374702 0.103554 9.99368E-05 0.0468817 9.99368E-05 0.023812 0.37899 9.99368E-05 9.99368E-05 0.0603626
9.99099E-05 9.99099E-05 9.99099E-05 9.99099E-05 9.99099E-05 0.0716782 9.99099E-05 9.99099E-05 9.99099E-05 0.371563 0.0638363 0.491923 9.99099E-05 9.99099E-05
0.0628801 9.99279E-05 9.99279E-05 9.99279E-05 0.125997 0.0279342 9.99279E-05 9.99279E-05 9.99279E-05 9.99279E-05 0.604694 0.124349 9.99279E-05 0.0533464
9.99369E-05 0.111254 9.99369E-05 0.0689944 0.135858 9.99369E-05 9.99369E-05 9.99369E-05 9.99369E-05 9.99369E-05 0.0773346 0.045385 0.0631805 0.497295
0.301935 9.99278E-05 9.99278E-05 0.564072 0.0191959 9.99278E-05 0.00735944 9.99278E-05 9.99278E-05 0.024701 0.0819376 9.99278E-05 9.99278E-05 9.99278E-05
0.471074 9.99188E-05 0.191668 9.99188E-05 0.0730291 9.99188E-05 9.99188E-05 9.99188E-05 9.99188E-05 9.99188E-05 0.183691 9.99188E-05 9.99188E-05 0.0796388
9.99369E-05 9.99369E-05 9.99369E-05 9.99369E-05 0.0193025 0.0666628 9.99369E-05 9.99369E-05 0.159893 0.0635146 0.362935 0.0185805 9.99369E-05 0.308411
9.99099E-05 9.99099E-05 0.134665 9.99099E-05 9.99099E-05 0.0758523 9.99099E-05 9.99099E-05 9.99099E-05 0.76966 9.99099E-05 9.99099E-05 0.0188234 9.99099E-05
9.99099E-05 9.99099E-05 0.565637 0.291282 9.99099E-05 9.99099E-05 9.99099E-05 9.99099E-05 9.99099E-05 0.080398 0.0616848 9.99099E-05 9.99099E-05 9.99099E-05
9.9919E-05 0.00361548 0.14162 9.9919E-05 0.178736 0.188719 9.9919E-05 9.9919E-05 9.9919E-05 0.48641 9.9919E-05 9.9919E-05 9.9919E-05 9.9919E-05
9.99278E-05 0.0254234 0.223288 9.99278E-05 0.33717 0.254362 0.00154967 9.99278E-05 9.99278E-05 0.157407 9.99278E-05 9.99278E-05 9.99278E-05 9.99278E-05
9.99279E-05 0.0150968 0.644144 0.145939 0.152043 9.99279E-05 9.99279E-05 9.99279E-05 0.0202059 9.99279E-05 9.99279E-05 9.99279E-05 0.0217715 9.99279E-05
9.9919E-05 9.9919E-05 0.0337134 9.9919E-05 9.9919E-05 9.9919E-05 9.9919E-05 9.9919E-05 9.9919E-05 0.910738 0.0312363 0.0188063 0.00460655 9.9919E-05
0.045483 9.99278E-05 9.99278E-05 9.99278E-05 0.146326 0.133047 9.99278E-05 0.0485508 9.99278E-05 9.99278E-05 0.257001 0.368792 9.99278E-05 9.99278E-05
9.99369E-05 0.0699689 9.99369E-05 9.99369E-05 0.531573 0.0186984 9.99369E-05 9.99369E-05 9.99369E-05 0.273658 0.0320171 0.0565525 9.99369E-05 0.0168328
0.543671 9.99099E-05 9.99099E-05 9.99099E-05 9.99099E-05 9.99099E-05 9.99099E-05 9.99099E-05 9.99099E-05 9.99099E-05 0.394636 0.043146 0.0175479 9.99099E-05
