0.671536 9.9883E-05 9.9883E-05 0.0605048 9.9883E-05 0.209371 9.9883E-05 0.0304816 9.9883E-05 9.9883E-05 9.9883E-05 9.9883E-05 9.9883E-05 9.9883E-05 9.9883E-05 9.9883E-05 9.9883E-05 0.0268085
0.63275 9.98829E-05 9.98829E-05 0.011911 0.107977 0.197576 9.98829E-05 9.98829E-05 9.98829E-05 9.98829E-05 9.98829E-05 9.98829E-05 9.98829E-05 9.98829E-05 9.98829E-05 9.98829E-05 9.98829E-05 0.0484879
9.99188E-05 0.0179364 0.517809 9.99188E-05 0.00176049 9.99188E-05 0.213417 0.0102055 9.99188E-05 9.99188E-05 9.99188E-05 0.190965 9.99188E-05 9.99188E-05 0.031877 0.00787078 9.99188E-05 0.00725925
0.369451 9.99009E-05 9.99009E-05 9.99009E-05 9.99009E-05 0.207951 9.99009E-05 0.0748285 0.268097 9.99009E-05 9.99009E-05 9.99009E-05 0.0442578 9.99009E-05 0.01229 0.0220252 9.99009E-05 9.99009E-05
0.00947508 0.0284341 9.99189E-05 9.99189E-05 0.0048172 0.425098 9.99189E-05 0.0244858 0.161321 9.99189E-05 0.208224 9.99189E-05 9.99189E-05 0.0197655 0.117481 9.99189E-05 9.99189E-05 9.99189E-05
0.278331 0.0484498 0.221851 9.99188E-05 9.99188E-05 9.99188E-05 0.0539433 9.99188E-05 0.0180673 0.0371086 9.99188E-05 9.99188E-05 9.99188E-05 0.310653 9.99188E-05 9.99188E-05 0.000147115 0.03055
0.336297 9.98737E-05 0.0659058 9.98737E-05 9.98737E-05 9.98737E-05 0.374014 9.98737E-05 9.98737E-05 9.98737E-05 9.98737E-05 0.222386 9.98737E-05 9.98737E-05 9.98737E-05 9.98737E-05 9.98737E-05 9.98737E-05
0.2803 9.98919E-05 0.178322 9.98919E-05 9.98919E-05 0.0327805 0.116971 9.98919E-05 9.98919E-05 9.98919E-05 9.98919E-05 9.98919E-05 9.98919E-05 0.204123 9.98919E-05 9.98919E-05 9.98919E-05 0.186305
0.431997 9.98919E-05 9.98919E-05 9.98919E-05 9.98919E-05 0.0833395 9.98919E-05 9.98919E-05 0.395952 0.0137686 9.98919E-05 9.98919E-05 9.98919E-05 9.98919E-05 0.0168692 9.98919E-05 9.98919E-05 0.0568752
9.98827E-05 0.125676 9.98827E-05 0.107849 9.98827E-05 9.98827E-05 0.184674 9.98827E-05 9.98827E-05 9.98827E-05 9.98827E-05 0.279349 9.98827E-05 0.301152 9.98827E-05 9.98827E-05 9.98827E-05 9.98827E-05
0.114693 9.99099E-05 0.0959351 9.99099E-05 0.331569 0.0945496 9.99099E-05 0.0112622 0.29651 9.99099E-05 0.0329199 0.0215615 9.99099E-05 9.99099E-05 9.99099E-05 9.99099E-05 9.99099E-05 9.99099E-05
9.99189E-05 0.0419919 0.0380929 9.99189E-05 0.0676754 0.368585 9.99189E-05 9.99189E-05 0.289619 9.99189E-05 9.99189E-05 0.0289076 9.99189E-05 0.118417 9.99189E-05 0.0328192 9.99189E-05 0.0129925
0.148939 9.99189E-05 9.99189E-05 9.99189E-05 9.99189E-05 9.99189E-05 0.148369 0.0105337 0.356106 9.99189E-05 0.247893 0.0147551 0.0192837 9.99189E-05 0.0411019 9.99189E-05 0.0121192 9.99189E-05
0.293691 0.136087 0.305144 0.0668623 9.99099E-05 9.99099E-05 0.0627503 9.99099E-05 9.99099E-05 9.99099E-05 9.99099E-05 0.123574 9.99099E-05 0.00104718 9.99099E-05 9.99099E-05 9.99099E-05 0.00984503
0.00806612 0.0310004 0.0361116 9.99009E-05 0.4653 0.391271 9.99009E-05 9.99009E-05 0.060683 9.99009E-05 9.99009E-05 9.99009E-05 9.99009E-05 0.00646892 9.99009E-05 9.99009E-05 9.99009E-05 9.99009E-05
9.99098E-05 9.99098E-05 9.99098E-05 0.00938772 9.99098E-05 9.99098E-05 0.365239 0.016895 9.99098E-05 9.99098E-05 9.99098E-05 0.397546 0.014544 0.15266 0.0291461 9.99098E-05 0.0135835 9.99098E-05
0.44331 9.98738E-05 0.106599 9.98738E-05 9.98738E-05 9.98738E-05 0.261006 9.98738E-05 9.98738E-05 9.98738E-05 9.98738E-05 0.187687 9.98738E-05 9.98738E-05 9.98738E-05 9.98738E-05 9.98738E-05 9.98738E-05
0.334514 9.98737E-05 0.332837 9.98737E-05 0.0389508 9.98737E-05 0.2923 9.98737E-05 9.98737E-05 9.98737E-05 9.98737E-05 9.98737E-05 9.98737E-05 9.98737E-05 9.98737E-05 9.98737E-05 9.98737E-05 9.98737E-05
0.246644 9.991E-05 0.128491 9.991E-05 9.991E-05 0.113358 0.042723 9.991E-05 0.319909 0.0191492 0.0154077 9.991E-05 9.991E-05 9.991E-05 9.991E-05 0.113319 9.991E-05 9.991E-05
9.98829E-05 9.98829E-05 9.98829E-05 0.138597 0.137963 9.98829E-05 9.98829E-05 0.66584 9.98829E-05 9.98829E-05 9.98829E-05 9.98829E-05 9.98829E-05 0.00814819 0.0481531 9.98829E-05 9.98829E-05 9.98829E-05
9.9865E-05 9.9865E-05 9.9865E-05 9.9865E-05 9.9865E-05 9.9865E-05 9.9865E-05 0.914856 9.9865E-05 9.9865E-05 9.9865E-05 9.9865E-05 0.0626452 9.9865E-05 9.9865E-05 0.0210011 9.9865E-05 9.9865E-05
0.0527512 9.98827E-05 9.98827E-05 9.98827E-05 9.98827E-05 9.98827E-05 9.98827E-05 0.852922 9.98827E-05 0.0265112 9.98827E-05 9.98827E-05 9.98827E-05 0.0623405 9.98827E-05 9.98827E-05 0.00417681 9.98827E-05
9.98829E-05 9.98829E-05 9.98829E-05 9.98829E-05 9.98829E-05 9.98829E-05 0.0318458 0.679043 0.0216071 9.98829E-05 9.98829E-05 9.98829E-05 9.98829E-05 9.98829E-05 0.014211 0.251994 9.98829E-05 9.98829E-05
9.98828E-05 9.98828E-05 9.98828E-05 0.174867 0.0186763 9.98828E-05 9.98828E-05 0.539447 0.246035 9.98828E-05 9.98828E-05 9.98828E-05 9.98828E-05 9.98828E-05 9.98828E-05 9.98828E-05 9.98828E-05 0.019676
0.0243368 9.99187E-05 0.175299 0.462788 9.99187E-05 9.99187E-05 9.99187E-05 0.102416 9.99187E-05 0.0937177 9.99187E-05 0.0170096 9.99187E-05 0.0198071 9.99187E-05 9.99187E-05 0.0952865 0.00844013
9.99188E-05 0.00411851 9.99188E-05 0.00842998 0.0966596 0.127895 9.99188E-05 0.283615 0.0820335 0.296055 9.99188E-05 9.99188E-05 9.99188E-05 9.99188E-05 0.0251629 9.99188E-05 9.99188E-05 0.0751325
9.98738E-05 9.98738E-05 9.98738E-05 0.475651 9.98738E-05 9.98738E-05 9.98738E-05 9.98738E-05 9.98738E-05 9.98738E-05 9.98738E-05 9.98738E-05 0.374287 9.98738E-05 0.0937439 9.98738E-05 0.0549201 9.98738E-05
9.9928E-05 9.9928E-05 9.9928E-05 9.9928E-05 0.0781311 0.0764621 9.9928E-05 0.327185 9.9928E-05 0.0838607 0.0411437 9.9928E-05 0.0549912 0.024932 0.163181 0.0710293 9.9928E-05 0.0782845
0.0356926 9.99007E-05 9.99007E-05 0.213297 9.99007E-05 9.99007E-05 9.99007E-05 0.633108 9.99007E-05 0.0444772 0.0112925 0.0265804 9.99007E-05 0.0344533 9.99007E-05 9.99007E-05 9.99007E-05 9.99007E-05
9.9865E-05 9.9865E-05 9.9865E-05 9.9865E-05 9.9865E-05 9.9865E-05 9.9865E-05 0.906088 0.0785028 9.9865E-05 9.9865E-05 9.9865E-05 9.9865E-05 9.9865E-05 9.9865E-05 0.0139112 9.9865E-05 9.9865E-05
9.98741E-05 9.98741E-05 9.98741E-05 0.75423 0.000253361 9.98741E-05 9.98741E-05 9.98741E-05 0.170769 9.98741E-05 9.98741E-05 9.98741E-05 9.98741E-05 9.98741E-05 9.98741E-05 0.0733496 9.98741E-05 9.98741E-05
9.98918E-05 9.98918E-05 9.98918E-05 0.0986726 9.98918E-05 9.98918E-05 9.98918E-05 9.98918E-05 9.98918E-05 0.64385 0.0646423 0.0513342 9.98918E-05 0.00209138 9.98918E-05 9.98918E-05 0.138211 9.98918E-05
9.98828E-05 9.98828E-05 9.98828E-05 0.898048 9.98828E-05 9.98828E-05 0.00877362 0.0343905 9.98828E-05 9.98828E-05 9.98828E-05 0.0487681 0.00872111 9.98828E-05 9.98828E-05 9.98828E-05 9.98828E-05 9.98828E-05
0.142437 9.98917E-05 0.0634161 0.443622 9.98917E-05 9.98917E-05 9.98917E-05 0.283219 9.98917E-05 0.0415818 9.98917E-05 9.98917E-05 9.98917E-05 9.98917E-05 9.98917E-05 9.98917E-05 9.98917E-05 0.0245256
9.98738E-05 9.98738E-05 0.00294387 0.113264 9.98738E-05 9.98738E-05 9.98738E-05 0.732528 0.149866 9.98738E-05 9.98738E-05 9.98738E-05 9.98738E-05 9.98738E-05 9.98738E-05 9.98738E-05 9.98738E-05 9.98738E-05
9.98801E-05 9.98801E-05 9.98801E-05 0.0483297 0.15317 0.0552934 9.98801E-05 0.72229 0.00258464 9.98801E-05 9.98801E-05 9.98801E-05 9.98801E-05 9.98801E-05 0.0171341 9.98801E-05 9.98801E-05 9.98801E-05
9.98647E-05 9.98647E-05 9.98647E-05 0.426901 0.289657 9.98647E-05 9.98647E-05 0.281943 9.98647E-05 9.98647E-05 9.98647E-05 9.98647E-05 9.98647E-05 9.98647E-05 9.98647E-05 9.98647E-05 9.98647E-05 9.98647E-05
9.98828E-05 9.98828E-05 9.98828E-05 0.157898 9.98828E-05 0.0636608 9.98828E-05 0.548751 9.98828E-05 9.98828E-05 9.98828E-05 9.98828E-05 9.98828E-05 9.98828E-05 0.0164564 0.211936 9.98828E-05 9.98828E-05
0.131243 9.98736E-05 9.98736E-05 9.98736E-05 9.98736E-05 9.98736E-05 9.98736E-05 9.98736E-05 9.98736E-05 9.98736E-05 9.98736E-05 9.98736E-05 9.98736E-05 0.00503638 0.343136 9.98736E-05 0.519186 9.98736E-05
9.9874E-05 9.9874E-05 9.9874E-05 0.0674802 9.9874E-05 9.9874E-05 9.9874E-05 9.9874E-05 9.9874E-05 9.9874E-05 0.0615836 9.9874E-05 0.120631 9.9874E-05 9.9874E-05 9.9874E-05 0.748906 9.9874E-05
9.99009E-05 0.0747392 9.99009E-05 0.245153 9.99009E-05 9.99009E-05 0.104214 9.99009E-05 9.99009E-05 9.99009E-05 9.99009E-05 0.0844167 0.0245917 9.99009E-05 9.99009E-05 9.99009E-05 0.442894 0.0228923
9.98919E-05 9.98919E-05 9.98919E-05 9.98919E-05 9.98919E-05 9.98919E-05 9.98919E-05 0.0458192 9.98919E-05 0.118431 9.98919E-05 9.98919E-05 0.0720172 9.98919E-05 0.133405 0.31953 0.309599 9.98919E-05
0.0899561 9.99007E-05 9.99007E-05 0.186161 9.99007E-05 9.99007E-05 9.99007E-05 0.130352 9.99007E-05 0.00791329 9.99007E-05 9.99007E-05 9.99007E-05 0.0573262 0.0713317 9.99007E-05 0.455861 9.99007E-05
9.98919E-05 0.0735001 0.117465 0.13229 0.070175 9.98919E-05 9.98919E-05 9.98919E-05 9.98919E-05 0.0105406 9.98919E-05 9.98919E-05 9.98919E-05 9.98919E-05 9.98919E-05 9.98919E-05 0.594831 9.98919E-05
9.98648E-05 9.98648E-05 9.98648E-05 9.98648E-05 9.98648E-05 0.224042 9.98648E-05 9.98648E-05 9.98648E-05 0.610723 9.98648E-05 9.98648E-05 9.98648E-05 9.98648E-05 9.98648E-05 0.163737 9.98648E-05 9.98648E-05
9.98828E-05 9.98828E-05 9.98828E-05 9.98828E-05 0.0255201 0.209601 9.98828E-05 9.98828E-05 0.104364 9.98828E-05 9.98828E-05 9.98828E-05 9.98828E-05 9.98828E-05 0.378307 9.98828E-05 0.280908 9.98828E-05
9.98737E-05 9.98737E-05 0.0911754 0.382587 9.98737E-05 9.98737E-05 9.98737E-05 9.98737E-05 9.98737E-05 9.98737E-05 9.98737E-05 0.0948114 9.98737E-05 9.98737E-05 9.98737E-05 9.98737E-05 0.430028 9.98737E-05
0.0579121 9.98827E-05 9.98827E-05 9.98827E-05 9.98827E-05 9.98827E-05 9.98827E-05 9.98827E-05 9.98827E-05 9.98827E-05 9.98827E-05 9.98827E-05 9.98827E-05 0.0820734 0.255559 9.98827E-05 0.566157 0.0370006
9.98558E-05 9.98558E-05 9.98558E-05 9.98558E-05 9.98558E-05 9.98558E-05 9.98558E-05 9.98558E-05 9.98558E-05 9.98558E-05 9.98558E-05 9.98558E-05 0.637127 9.98558E-05 9.98558E-05 9.98558E-05 0.361276 9.98558E-05
0.0298573 9.9901E-05 9.9901E-05 9.9901E-05 0.0317507 0.0959668 9.9901E-05 9.9901E-05 9.9901E-05 9.9901E-05 9.9901E-05 9.9901E-05 9.9901E-05 9.9901E-05 0.333052 0.0275145 0.382218 0.0985411
9.98739E-05 9.98739E-05 9.98739E-05 9.98739E-05 9.98739E-05 9.98739E-05 9.98739E-05 9.98739E-05 9.98739E-05 9.98739E-05 9.98739E-05 9.98739E-05 0.208128 9.98739E-05 0.0790979 0.0044802 0.706896 9.98739E-05
9.9901E-05 9.9901E-05 9.9901E-05 9.9901E-05 0.0221953 9.9901E-05 9.9901E-05 0.174737 0.0537707 9.9901E-05 9.9901E-05 9.9901E-05 9.9901E-05 0.00388097 0.00491279 0.199195 0.540209 9.9901E-05
9.99188E-05 0.0159165 0.00186472 0.0300779 0.22381 9.99188E-05 9.99188E-05 0.0469321 0.141104 0.246144 9.99188E-05 9.99188E-05 9.99188E-05 9.99188E-05 0.210341 9.99188E-05 0.0829107 9.99188E-05
9.99189E-05 9.99189E-05 0.0645052 9.99189E-05 0.206819 0.0442781 9.99189E-05 0.000716773 0.165905 0.012959 9.99189E-05 9.99189E-05 9.99189E-05 9.99189E-05 0.0911573 9.99189E-05 0.353848 0.0589127
9.98901E-05 9.98901E-05 9.98901E-05 9.98901E-05 9.98901E-05 0.104831 9.98901E-05 0.0522827 9.98901E-05 0.121376 9.98901E-05 9.98901E-05 9.98901E-05 9.98901E-05 0.116049 0.41422 0.17979 0.0103528
9.98828E-05 9.98828E-05 9.98828E-05 0.130393 9.98828E-05 9.98828E-05 9.98828E-05 0.208156 0.0972835 9.98828E-05 9.98828E-05 9.98828E-05 9.98828E-05 9.98828E-05 9.98828E-05 0.328233 9.98828E-05 0.234637
9.98901E-05 9.98901E-05 9.98901E-05 9.98901E-05 9.98901E-05 9.98901E-05 0.0322377 9.98901E-05 9.98901E-05 0.129643 0.0251586 0.0711592 9.98901E-05 0.0175329 0.155691 9.98901E-05 0.567479 9.98901E-05
9.98919E-05 9.98919E-05 9.98919E-05 9.98919E-05 9.98919E-05 9.98919E-05 9.98919E-05 0.0945708 0.0552728 9.98919E-05 9.98919E-05 9.98919E-05 0.146184 9.98919E-05 0.173247 9.98919E-05 0.276919 0.252608
9.98918E-05 9.98918E-05 9.98918E-05 0.0193307 9.98918E-05 9.98918E-05 9.98918E-05 9.98918E-05 9.98918E-05 9.98918E-05 0.0207218 0.103809 0.0464375 9.98918E-05 9.98918E-05 9.98918E-05 0.763687 0.0448157
9.98828E-05 9.98828E-05 9.98828E-05 9.98828E-05 0.0328445 0.0184883 9.98828E-05 0.0469166 9.98828E-05 9.98828E-05 9.98828E-05 9.98828E-05 9.98828E-05 9.98828E-05 0.628726 9.98828E-05 0.271727 9.98828E-05
0.0945033 9.99007E-05 9.99007E-05 9.99007E-05 0.0209255 9.99007E-05 9.99007E-05 0.0461499 0.00536126 0.198514 9.99007E-05 9.99007E-05 9.99007E-05 9.99007E-05 0.408865 9.99007E-05 0.224583 9.99007E-05
0.0210834 9.99008E-05 9.99008E-05 9.99008E-05 0.0762558 0.154039 9.99008E-05 9.99008E-05 9.99008E-05 0.000719383 9.99008E-05 9.99008E-05 9.99008E-05 9.99008E-05 0.260389 9.99008E-05 0.419724 0.0666898
9.98918E-05 9.98918E-05 9.98918E-05 0.10597 9.98918E-05 9.98918E-05 9.98918E-05 9.98918E-05 9.98918E-05 0.468377 0.0846809 0.173624 9.98918E-05 9.98918E-05 0.0888763 9.98918E-05 0.0772729 9.98918E-05
9.98648E-05 9.98648E-05 9.98648E-05 0.0856056 9.98648E-05 9.98648E-05 9.98648E-05 9.98648E-05 9.98648E-05 9.98648E-05 9.98648E-05 9.98648E-05 9.98648E-05 9.98648E-05 0.651651 0.261246 9.98648E-05 9.98648E-05
9.99008E-05 9.99008E-05 0.138908 0.160305 9.99008E-05 9.99008E-05 0.229743 9.99008E-05 9.99008E-05 9.99008E-05 9.99008E-05 0.0673369 9.99008E-05 9.99008E-05 0.240881 9.99008E-05 0.0961181 0.065608
0.0222406 9.99098E-05 9.99098E-05 9.99098E-05 0.127449 9.99098E-05 9.99098E-05 0.0684912 0.193514 0.438605 9.99098E-05 9.99098E-05 9.99098E-05 9.99098E-05 0.0867084 9.99098E-05 0.0452802 0.0167128
9.9856E-05 9.9856E-05 9.9856E-05 9.9856E-05 9.9856E-05 0.0591325 9.9856E-05 9.9856E-05 9.9856E-05 9.9856E-05 9.9856E-05 9.9856E-05 9.9856E-05 9.9856E-05 0.93927 9.9856E-05 9.9856E-05 9.9856E-05
9.9865E-05 9.9865E-05 9.9865E-05 9.9865E-05 0.151789 9.9865E-05 9.9865E-05 9.9865E-05 9.9865E-05 9.9865E-05 9.9865E-05 9.9865E-05 0.0488574 9.9865E-05 0.797855 9.9865E-05 9.9865E-05 9.9865E-05
0.00622694 9.99008E-05 0.0152014 9.99008E-05 0.00682126 0.0228578 0.0420395 9.99008E-05 9.99008E-05 0.857807 9.99008E-05 9.99008E-05 9.99008E-05 9.99008E-05 9.99008E-05 9.99008E-05 9.99008E-05 0.0479468
0.0843356 9.98828E-05 9.98828E-05 0.194217 9.98828E-05 9.98828E-05 9.98828E-05 0.0161506 9.98828E-05 0.624968 9.98828E-05 9.98828E-05 9.98828E-05 0.0790305 9.98828E-05 9.98828E-05 9.98828E-05 9.98828E-05
9.98738E-05 9.98738E-05 9.98738E-05 0.153392 9.98738E-05 9.98738E-05 9.98738E-05 9.98738E-05 9.98738E-05 0.564783 9.98738E-05 0.021863 0.258563 9.98738E-05 9.98738E-05 9.98738E-05 9.98738E-05 9.98738E-05
9.98738E-05 9.98738E-05 9.98738E-05 0.218344 9.98738E-05 9.98738E-05 0.369433 9.98738E-05 9.98738E-05 9.98738E-05 9.98738E-05 9.98738E-05 9.98738E-05 9.98738E-05 0.195565 9.98738E-05 0.215259 9.98738E-05
9.98919E-05 9.98919E-05 9.98919E-05 0.07918 9.98919E-05 0.17167 9.98919E-05 0.588139 9.98919E-05 9.98919E-05 9.98919E-05 9.98919E-05 9.98919E-05 9.98919E-05 0.00448313 0.150539 9.98919E-05 0.0047907
9.98916E-05 9.98916E-05 9.98916E-05 0.133234 9.98916E-05 9.98916E-05 0.0592819 9.98916E-05 9.98916E-05 0.0107272 9.98916E-05 0.181224 9.98916E-05 9.98916E-05 0.38604 9.98916E-05 0.228294 9.98916E-05
9.98648E-05 9.98648E-05 9.98648E-05 9.98648E-05 0.0193492 9.98648E-05 9.98648E-05 9.98648E-05 9.98648E-05 0.440868 9.98648E-05 9.98648E-05 9.98648E-05 9.98648E-05 0.538285 9.98648E-05 9.98648E-05 9.98648E-05
9.98649E-05 9.98649E-05 9.98649E-05 9.98649E-05 9.98649E-05 9.98649E-05 9.98649E-05 0.0131574 0.331102 0.654243 9.98649E-05 9.98649E-05 9.98649E-05 9.98649E-05 9.98649E-05 9.98649E-05 9.98649E-05 9.98649E-05
9.98917E-05 9.98917E-05 9.98917E-05 0.331513 9.98917E-05 9.98917E-05 0.0743383 0.477492 9.98917E-05 0.00155794 9.98917E-05 0.107756 9.98917E-05 9.98917E-05 9.98917E-05 9.98917E-05 0.00614412 9.98917E-05
9.98919E-05 9.98919E-05 9.98919E-05 0.465262 9.98919E-05 9.98919E-05 0.210087 9.98919E-05 9.98919E-05 0.0748469 9.98919E-05 9.98919E-05 0.164401 9.98919E-05 0.0181956 9.98919E-05 0.0660081 9.98919E-05
0.0787532 9.98827E-05 0.0219825 0.655125 9.98827E-05 9.98827E-05 9.98827E-05 0.224402 9.98827E-05 9.98827E-05 9.98827E-05 9.98827E-05 9.98827E-05 9.98827E-05 9.98827E-05 9.98827E-05 0.0184391 9.98827E-05
0.0171866 9.99188E-05 9.99188E-05 0.0954189 9.99188E-05 9.99188E-05 9.99188E-05 0.167818 9.99188E-05 0.475005 0.0537419 9.99188E-05 0.027943 0.0847993 9.99188E-05 9.99188E-05 0.0219663 0.0552219
9.98918E-05 9.98918E-05 9.98918E-05 0.158138 9.98918E-05 9.98918E-05 9.98918E-05 0.0280906 9.98918E-05 0.131185 9.98918E-05 9.98918E-05 0.542312 9.98918E-05 0.035849 9.98918E-05 0.103227 9.98918E-05
9.99009E-05 9.99009E-05 9.99009E-05 0.0494593 9.99009E-05 9.99009E-05 9.99009E-05 0.180939 0.257884 0.0130197 9.99009E-05 9.99009E-05 9.99009E-05 9.99009E-05 0.292751 0.0497597 0.155088 9.99009E-05
9.98919E-05 9.98919E-05 9.98919E-05 9.98919E-05 9.98919E-05 9.98919E-05 0.0315399 0.0393023 0.133604 9.98919E-05 0.00105413 9.98919E-05 9.98919E-05 9.98919E-05 0.340683 9.98919E-05 0.452618 9.98919E-05
9.9892E-05 9.9892E-05 9.9892E-05 9.9892E-05 0.0241679 9.9892E-05 9.9892E-05 0.167835 0.229058 9.9892E-05 9.9892E-05 9.9892E-05 9.9892E-05 9.9892E-05 9.9892E-05 0.0962215 0.455462 0.0260577
9.98918E-05 0.0150122 9.98918E-05 0.0496093 9.98918E-05 9.98918E-05 0.144407 9.98918E-05 9.98918E-05 9.98918E-05 9.98918E-05 0.125051 9.98918E-05 9.98918E-05 0.229159 9.98918E-05 0.435563 9.98918E-05
9.99098E-05 9.99098E-05 9.99098E-05 9.99098E-05 0.00741311 9.99098E-05 9.99098E-05 0.13546 9.99098E-05 0.000187393 0.0503221 9.99098E-05 0.0108015 0.117906 0.500745 9.99098E-05 0.176166 9.99098E-05
9.98738E-05 9.98738E-05 9.98738E-05 9.98738E-05 9.98738E-05 9.98738E-05 9.98738E-05 9.98738E-05 0.125665 0.0287272 9.98738E-05 9.98738E-05 9.98738E-05 9.98738E-05 0.811862 9.98738E-05 9.98738E-05 0.0323475
9.98827E-05 0.00989943 9.98827E-05 9.98827E-05 9.98827E-05 9.98827E-05 0.0519619 0.188905 9.98827E-05 9.98827E-05 9.98827E-05 0.131465 9.98827E-05 9.98827E-05 9.98827E-05 9.98827E-05 9.98827E-05 0.61647
9.98737E-05 9.98737E-05 9.98737E-05 9.98737E-05 9.98737E-05 9.98737E-05 0.216153 9.98737E-05 9.98737E-05 9.98737E-05 9.98737E-05 0.0200727 9.98737E-05 9.98737E-05 9.98737E-05 9.98737E-05 0.38801 0.374366
9.98738E-05 9.98738E-05 9.98738E-05 9.98738E-05 9.98738E-05 0.114981 9.98738E-05 0.162052 9.98738E-05 0.0720332 9.98738E-05 9.98738E-05 9.98738E-05 9.98738E-05 9.98738E-05 9.98738E-05 9.98738E-05 0.649535
9.98737E-05 9.98737E-05 0.097163 9.98737E-05 9.98737E-05 9.98737E-05 0.132586 9.98737E-05 9.98737E-05 9.98737E-05 9.98737E-05 9.98737E-05 9.98737E-05 9.98737E-05 9.98737E-05 9.98737E-05 0.255051 0.513802
9.98647E-05 9.98647E-05 9.98647E-05 9.98647E-05 9.98647E-05 9.98647E-05 0.155579 9.98647E-05 9.98647E-05 9.98647E-05 9.98647E-05 9.98647E-05 9.98647E-05 9.98647E-05 9.98647E-05 9.98647E-05 0.109002 0.733921
9.98648E-05 9.98648E-05 9.98648E-05 9.98648E-05 9.98648E-05 0.225329 9.98648E-05 9.98648E-05 9.98648E-05 9.98648E-05 9.98648E-05 9.98648E-05 9.98648E-05 9.98648E-05 0.0661373 9.98648E-05 9.98648E-05 0.707035
0.0449016 9.98828E-05 0.163268 9.98828E-05 9.98828E-05 9.98828E-05 9.98828E-05 9.98828E-05 9.98828E-05 9.98828E-05 9.98828E-05 9.98828E-05 9.98828E-05 9.98828E-05 0.195313 9.98828E-05 0.24616 0.349059
0.0442038 9.98738E-05 9.98738E-05 9.98738E-05 9.98738E-05 9.98738E-05 9.98738E-05 9.98738E-05 9.98738E-05 9.98738E-05 9.98738E-05 9.98738E-05 9.98738E-05 0.021269 9.98738E-05 9.98738E-05 0.124392 0.808737
9.99008E-05 0.0494322 9.99008E-05 9.99008E-05 9.99008E-05 9.99008E-05 0.0168753 9.99008E-05 9.99008E-05 0.00776151 0.545037 0.0538048 0.313378 9.99008E-05 9.99008E-05 9.99008E-05 0.0126132 9.99008E-05
9.98901E-05 9.98901E-05 9.98901E-05 0.0542607 9.98901E-05 9.98901E-05 0.0920667 9.98901E-05 0.0221671 9.98901E-05 0.601852 9.98901E-05 0.121878 0.0100258 9.98901E-05 9.98901E-05 0.0966507 9.98901E-05
9.9883E-05 9.9883E-05 9.9883E-05 0.023411 9.9883E-05 9.9883E-05 9.9883E-05 9.9883E-05 9.9883E-05 9.9883E-05 0.778273 9.9883E-05 0.0159639 9.9883E-05 9.9883E-05 0.165284 0.0157694 9.9883E-05
9.9874E-05 9.9874E-05 0.443173 9.9874E-05 9.9874E-05 0.234355 9.9874E-05 9.9874E-05 9.9874E-05 9.9874E-05 0.320567 9.9874E-05 9.9874E-05 9.9874E-05 9.9874E-05 0.000506761 9.9874E-05 9.9874E-05
9.98918E-05 0.104882 9.98918E-05 0.022275 9.98918E-05 9.98918E-05 9.98918E-05 9.98918E-05 9.98918E-05 9.98918E-05 0.575035 0.138771 0.153024 9.98918E-05 9.98918E-05 9.98918E-05 9.98918E-05 0.00481557
0.404115 9.99278E-05 0.240623 9.99278E-05 0.0146026 0.0446448 9.99278E-05 9.99278E-05 0.0213129 9.99278E-05 0.111675 0.0387277 9.99278E-05 9.99278E-05 0.00442875 0.0563666 9.99278E-05 0.0627052
9.98737E-05 9.98737E-05 0.151767 9.98737E-05 9.98737E-05 9.98737E-05 0.408894 9.98737E-05 9.98737E-05 9.98737E-05 0.39393 0.0440106 9.98737E-05 9.98737E-05 9.98737E-05 9.98737E-05 9.98737E-05 9.98737E-05
9.98828E-05 9.98828E-05 0.0418767 0.00809777 9.98828E-05 9.98828E-05 9.98828E-05 9.98828E-05 9.98828E-05 9.98828E-05 0.671799 9.98828E-05 0.268944 9.98828E-05 9.98828E-05 9.98828E-05 9.98828E-05 0.00798452
0.019191 9.99098E-05 9.99098E-05 0.0128434 9.99098E-05 9.99098E-05 0.0546348 9.99098E-05 9.99098E-05 0.074705 0.662533 0.0693185 9.99098E-05 0.0918939 9.99098E-05 9.99098E-05 9.99098E-05 0.0138811
9.98919E-05 9.98919E-05 9.98919E-05 9.98919E-05 0.229202 0.0835877 9.98919E-05 0.0597579 9.98919E-05 9.98919E-05 0.519227 9.98919E-05 9.98919E-05 9.98919E-05 0.0869222 0.0201042 9.98919E-05 9.98919E-05
9.98602E-05 0.16716 9.98602E-05 9.98602E-05 9.98602E-05 9.98602E-05 9.98602E-05 9.98602E-05 9.98602E-05 9.98602E-05 0.187629 9.98602E-05 0.626221 9.98602E-05 9.98602E-05 9.98602E-05 0.0175915 9.98602E-05
9.98919E-05 0.0611274 9.98919E-05 9.98919E-05 0.445304 0.012029 0.0575611 9.98919E-05 9.98919E-05 9.98919E-05 0.4011 9.98919E-05 9.98919E-05 9.98919E-05 0.0216792 9.98919E-05 9.98919E-05 9.98919E-05
9.98919E-05 9.98919E-05 0.00582433 0.0170929 9.98919E-05 9.98919E-05 0.0246581 9.98919E-05 9.98919E-05 9.98919E-05 0.729011 0.212405 9.98919E-05 9.98919E-05 9.98919E-05 9.98919E-05 0.00980973 9.98919E-05
0.218707 9.99188E-05 0.0573972 9.99188E-05 0.133168 9.99188E-05 9.99188E-05 9.99188E-05 9.99188E-05 0.0329197 0.489375 0.00798389 9.99188E-05 0.00922624 0.00732694 9.99188E-05 9.99188E-05 0.0429975
0.160962 0.0147331 9.99009E-05 0.0165132 9.99009E-05 9.99009E-05 9.99009E-05 0.0534918 9.99009E-05 9.99009E-05 0.575487 9.99009E-05 0.043616 0.134098 9.99009E-05 9.99009E-05 9.99009E-05 9.99009E-05
0.15028 9.99008E-05 0.299217 9.99008E-05 9.99008E-05 9.99008E-05 0.0811725 0.0196515 9.99008E-05 0.0198764 0.213528 0.215176 9.99008E-05 9.99008E-05 9.99008E-05 9.99008E-05 9.99008E-05 9.99008E-05
9.98801E-05 9.98801E-05 9.98801E-05 9.98801E-05 0.00364419 0.184903 9.98801E-05 9.98801E-05 0.272217 9.98801E-05 0.440195 9.98801E-05 9.98801E-05 9.98801E-05 0.0739767 9.98801E-05 9.98801E-05 0.0238648
9.98827E-05 9.98827E-05 9.98827E-05 9.98827E-05 9.98827E-05 0.0288487 0.0657613 9.98827E-05 0.0114415 9.98827E-05 0.36504 9.98827E-05 9.98827E-05 9.98827E-05 9.98827E-05 0.52761 9.98827E-05 9.98827E-05
0.00521504 9.99008E-05 9.99008E-05 0.161652 9.99008E-05 9.99008E-05 0.0203173 9.99008E-05 9.99008E-05 9.99008E-05 0.575808 9.99008E-05 9.99008E-05 0.17734 9.99008E-05 9.99008E-05 0.0409031 0.017665
9.98828E-05 9.98828E-05 0.212769 0.0102666 9.98828E-05 9.98828E-05 0.00538117 9.98828E-05 9.98828E-05 9.98828E-05 0.593307 0.176977 9.98828E-05 9.98828E-05 9.98828E-05 9.98828E-05 9.98828E-05 9.98828E-05
9.99009E-05 0.00978061 9.99009E-05 9.99009E-05 0.106766 0.0126031 9.99009E-05 0.0624712 9.99009E-05 9.99009E-05 0.681879 9.99009E-05 9.99009E-05 0.109012 0.0163891 9.99009E-05 9.99009E-05 9.99009E-05
9.9874E-05 9.9874E-05 9.9874E-05 9.9874E-05 9.9874E-05 9.9874E-05 9.9874E-05 0.0241669 0.173021 9.9874E-05 0.67791 9.9874E-05 9.9874E-05 9.9874E-05 9.9874E-05 0.123505 9.9874E-05 9.9874E-05
0.381023 0.0791231 9.9901E-05 9.9901E-05 0.122625 0.240054 9.9901E-05 0.024791 9.9901E-05 9.9901E-05 0.0167863 9.9901E-05 9.9901E-05 9.9901E-05 0.134498 9.9901E-05 9.9901E-05 9.9901E-05
9.98917E-05 0.670293 0.105352 9.98917E-05 9.98917E-05 0.0569036 0.10091 9.98917E-05 9.98917E-05 9.98917E-05 9.98917E-05 9.98917E-05 9.98917E-05 0.0585983 9.98917E-05 9.98917E-05 9.98917E-05 0.00674383
0.29571 0.0213515 0.0331494 9.99278E-05 9.99278E-05 0.0209753 9.99278E-05 9.99278E-05 0.0289143 9.99278E-05 9.99278E-05 0.00313713 0.00725182 9.99278E-05 0.0149213 0.571138 9.99278E-05 0.00265144
0.473583 0.02475 9.98738E-05 0.0324852 9.98738E-05 9.98738E-05 9.98738E-05 9.98738E-05 9.98738E-05 9.98738E-05 9.98738E-05 0.467783 9.98738E-05 9.98738E-05 9.98738E-05 9.98738E-05 9.98738E-05 9.98738E-05
9.98647E-05 0.707135 9.98647E-05 9.98647E-05 9.98647E-05 9.98647E-05 9.98647E-05 9.98647E-05 9.98647E-05 9.98647E-05 9.98647E-05 0.00776636 0.283601 9.98647E-05 9.98647E-05 9.98647E-05 9.98647E-05 9.98647E-05
0.245812 9.98828E-05 9.98828E-05 9.98828E-05 0.316466 0.0349672 9.98828E-05 9.98828E-05 0.332338 9.98828E-05 9.98828E-05 9.98828E-05 9.98828E-05 9.98828E-05 9.98828E-05 0.0691184 9.98828E-05 9.98828E-05
9.98738E-05 0.751736 9.98738E-05 9.98738E-05 0.206855 0.00649491 9.98738E-05 0.0335164 9.98738E-05 9.98738E-05 9.98738E-05 9.98738E-05 9.98738E-05 9.98738E-05 9.98738E-05 9.98738E-05 9.98738E-05 9.98738E-05
0.618569 0.0302667 0.0676248 9.99189E-05 9.99189E-05 9.99189E-05 0.0696835 9.99189E-05 0.0375441 9.99189E-05 0.039958 9.99189E-05 9.99189E-05 9.99189E-05 0.0846616 9.99189E-05 0.0232736 0.0275199
9.98829E-05 0.552986 9.98829E-05 9.98829E-05 9.98829E-05 9.98829E-05 9.98829E-05 0.0266085 0.360584 9.98829E-05 9.98829E-05 9.98829E-05 9.98829E-05 0.0331744 9.98829E-05 0.025349 9.98829E-05 9.98829E-05
9.98829E-05 0.308527 9.98829E-05 0.0880976 9.98829E-05 9.98829E-05 0.263833 9.98829E-05 0.0330865 9.98829E-05 9.98829E-05 0.305157 9.98829E-05 9.98829E-05 9.98829E-05 9.98829E-05 9.98829E-05 9.98829E-05
0.149475 0.0438025 9.99098E-05 9.99098E-05 0.241832 0.0781011 9.99098E-05 9.99098E-05 0.278142 9.99098E-05 0.00159609 9.99098E-05 9.99098E-05 0.0990961 0.106956 9.99098E-05 9.99098E-05 9.99098E-05
9.98648E-05 0.543756 9.98648E-05 9.98648E-05 9.98648E-05 0.058283 9.98648E-05 9.98648E-05 9.98648E-05 9.98648E-05 9.98648E-05 9.98648E-05 9.98648E-05 9.98648E-05 9.98648E-05 0.396463 9.98648E-05 9.98648E-05
9.98648E-05 0.645655 9.98648E-05 9.98648E-05 9.98648E-05 9.98648E-05 0.115337 9.98648E-05 9.98648E-05 9.98648E-05 9.98648E-05 9.98648E-05 0.23751 9.98648E-05 9.98648E-05 9.98648E-05 9.98648E-05 9.98648E-05
0.190514 9.98828E-05 9.98828E-05 9.98828E-05 0.241419 0.396945 9.98828E-05 9.98828E-05 0.091305 9.98828E-05 9.98828E-05 9.98828E-05 9.98828E-05 9.98828E-05 9.98828E-05 0.0785177 9.98828E-05 9.98828E-05
9.98738E-05 0.386211 9.98738E-05 9.98738E-05 9.98738E-05 0.0651622 9.98738E-05 9.98738E-05 0.496619 9.98738E-05 9.98738E-05 9.98738E-05 9.98738E-05 9.98738E-05 0.0506096 9.98738E-05 9.98738E-05 9.98738E-05
0.217201 9.98917E-05 9.98917E-05 9.98917E-05 0.0889864 9.98917E-05 0.0762788 9.98917E-05 0.524732 9.98917E-05 9.98917E-05 0.0104786 9.98917E-05 9.98917E-05 9.98917E-05 0.0811249 9.98917E-05 9.98917E-05
9.98739E-05 0.605453 9.98739E-05 0.00875558 9.98739E-05 9.98739E-05 9.98739E-05 9.98739E-05 9.98739E-05 9.98739E-05 9.98739E-05 0.184788 0.199605 9.98739E-05 9.98739E-05 9.98739E-05 9.98739E-05 9.98739E-05
9.98827E-05 0.184421 9.98827E-05 9.98827E-05 9.98827E-05 9.98827E-05 9.98827E-05 9.98827E-05 0.735015 9.98827E-05 9.98827E-05 9.98827E-05 9.98827E-05 9.98827E-05 0.0333702 0.0420682 9.98827E-05 0.00382802
0.258307 9.99009E-05 9.99009E-05 9.99009E-05 0.323974 0.296718 9.99009E-05 9.99009E-05 0.0161475 9.99009E-05 0.0590396 9.99009E-05 9.99009E-05 0.00607465 0.038641 9.99009E-05 9.99009E-05 9.99009E-05
0.478764 0.125662 0.166155 9.98917E-05 0.0168804 9.98917E-05 9.98917E-05 9.98917E-05 9.98917E-05 9.98917E-05 9.98917E-05 0.125599 9.98917E-05 9.98917E-05 9.98917E-05 9.98917E-05 9.98917E-05 0.085741
0.291954 9.99172E-05 9.99172E-05 0.146216 0.0104327 0.0391168 9.99172E-05 9.99172E-05 9.99172E-05 9.99172E-05 0.0650969 9.99172E-05 0.0540798 9.99172E-05 0.00197879 0.390126 9.99172E-05 9.99172E-05
0.277696 0.0452618 9.99009E-05 9.99009E-05 9.99009E-05 9.99009E-05 9.99009E-05 0.0561104 0.2102 9.99009E-05 9.99009E-05 0.143616 9.99009E-05 9.99009E-05 0.020226 0.245792 9.99009E-05 9.99009E-05
9.98738E-05 0.592756 9.98738E-05 0.00638872 9.98738E-05 9.98738E-05 9.98738E-05 9.98738E-05 9.98738E-05 9.98738E-05 9.98738E-05 0.395267 0.00419024 9.98738E-05 9.98738E-05 9.98738E-05 9.98738E-05 9.98738E-05
9.99098E-05 9.99098E-05 0.384785 9.99098E-05 0.0560454 9.99098E-05 9.99098E-05 0.0216935 0.421642 0.000273256 9.99098E-05 9.99098E-05 0.0341915 0.0513501 9.99098E-05 9.99098E-05 0.0290206 9.99098E-05
0.282256 0.594279 9.98916E-05 9.98916E-05 9.98916E-05 0.00894026 9.98916E-05 9.98916E-05 9.98916E-05 0.0319611 9.98916E-05 9.98916E-05 9.98916E-05 0.0264901 9.98916E-05 9.98916E-05 9.98916E-05 0.0548753
0.16054 0.108658 9.99099E-05 0.0844361 9.99099E-05 9.99099E-05 9.99099E-05 9.99099E-05 9.99099E-05 0.0827164 0.210914 0.331878 0.00802714 9.99099E-05 9.99099E-05 9.99099E-05 0.0118303 9.99099E-05
9.99188E-05 9.99188E-05 0.135273 9.99188E-05 0.00434364 9.99188E-05 9.99188E-05 0.0097568 0.573682 0.00299752 0.0987057 0.0522178 9.99188E-05 0.0604067 0.0617181 9.99188E-05 9.99188E-05 9.99188E-05
0.0161351 9.98919E-05 9.98919E-05 9.98919E-05 9.98919E-05 9.98919E-05 9.98919E-05 0.0253624 9.98919E-05 9.98919E-05 0.217532 9.98919E-05 0.0190045 0.663089 0.0576784 9.98919E-05 9.98919E-05 9.98919E-05
9.9892E-05 0.0171564 9.9892E-05 0.0878042 9.9892E-05 9.9892E-05 0.11075 9.9892E-05 0.057468 9.9892E-05 9.9892E-05 0.138725 0.586898 9.9892E-05 9.9892E-05 9.9892E-05 9.9892E-05 9.9892E-05
0.194805 0.118864 0.0359542 9.99097E-05 9.99097E-05 9.99097E-05 0.145816 9.99097E-05 9.99097E-05 0.13148 0.0744643 0.0784262 9.99097E-05 0.219192 9.99097E-05 9.99097E-05 9.99097E-05 9.99097E-05
9.99188E-05 9.99188E-05 0.25951 0.0350743 0.0432802 9.99188E-05 9.99188E-05 9.99188E-05 9.99188E-05 9.99188E-05 0.0632635 0.451029 0.00649024 0.127265 0.00561579 9.99188E-05 0.00757274 9.99188E-05
0.0454143 0.107244 9.99189E-05 9.99189E-05 0.481312 9.99189E-05 9.99189E-05 0.0771561 9.99189E-05 9.99189E-05 9.99189E-05 0.158717 0.0119844 0.0812177 0.0123119 0.0237438 9.99189E-05 9.99189E-05
9.98739E-05 9.98739E-05 9.98739E-05 9.98739E-05 9.98739E-05 9.98739E-05 0.0136412 9.98739E-05 0.00945938 9.98739E-05 9.98739E-05 0.968224 0.00727765 9.98739E-05 9.98739E-05 9.98739E-05 9.98739E-05 9.98739E-05
0.206902 9.98827E-05 9.98827E-05 9.98827E-05 0.134381 9.98827E-05 0.0210938 9.98827E-05 0.494035 9.98827E-05 9.98827E-05 9.98827E-05 9.98827E-05 9.98827E-05 9.98827E-05 0.14229 9.98827E-05 9.98827E-05
9.98702E-05 9.98702E-05 9.98702E-05 9.98702E-05 9.98702E-05 0.0243583 9.98702E-05 0.0192284 9.98702E-05 9.98702E-05 0.0143543 0.880026 9.98702E-05 0.0607347 9.98702E-05 9.98702E-05 9.98702E-05 9.98702E-05
9.98829E-05 0.128702 0.0296358 9.98829E-05 9.98829E-05 9.98829E-05 9.98829E-05 9.98829E-05 9.98829E-05 9.98829E-05 9.98829E-05 9.98829E-05 0.105127 0.335466 9.98829E-05 0.39977 9.98829E-05 9.98829E-05
9.98918E-05 9.98918E-05 9.98918E-05 9.98918E-05 9.98918E-05 0.0206157 0.0669751 9.98918E-05 0.261378 9.98918E-05 0.124429 9.98918E-05 9.98918E-05 0.187441 9.98918E-05 0.337962 9.98918E-05 9.98918E-05
0.294689 9.9928E-05 9.9928E-05 9.9928E-05 9.9928E-05 0.00254297 9.9928E-05 0.0203845 9.9928E-05 0.029336 0.12531 0.0232383 9.9928E-05 0.393749 0.0180156 0.014005 0.0779306 9.9928E-05
0.546727 9.99098E-05 0.078005 9.99098E-05 9.99098E-05 9.99098E-05 0.0759163 9.99098E-05 0.0267402 0.0132692 0.101861 9.99098E-05 9.99098E-05 0.101732 0.0547503 9.99098E-05 9.99098E-05 9.99098E-05
0.346162 9.98918E-05 9.98918E-05 9.98918E-05 9.98918E-05 9.98918E-05 9.98918E-05 0.0595893 9.98918E-05 0.00324526 0.137707 9.98918E-05 0.0489398 0.403157 9.98918E-05 9.98918E-05 9.98918E-05 9.98918E-05
0.129692 9.99099E-05 9.99099E-05 9.99099E-05 0.0176427 9.99099E-05 9.99099E-05 0.00510864 0.187021 9.99099E-05 0.188683 0.160067 0.0203932 9.99099E-05 9.99099E-05 0.290393 9.99099E-05 9.99099E-05
0.122242 0.00964278 9.98919E-05 9.98919E-05 9.98919E-05 9.98919E-05 0.0806788 9.98919E-05 9.98919E-05 9.98919E-05 0.0171515 0.215939 0.553148 9.98919E-05 9.98919E-05 9.98919E-05 9.98919E-05 9.98919E-05
9.98828E-05 0.205366 9.98828E-05 0.00344307 9.98828E-05 9.98828E-05 9.98828E-05 9.98828E-05 9.98828E-05 9.98828E-05 9.98828E-05 0.173215 0.432813 0.183864 9.98828E-05 9.98828E-05 9.98828E-05 9.98828E-05
0.0307068 0.0303138 0.240882 9.99008E-05 9.99008E-05 9.99008E-05 0.256289 9.99008E-05 9.99008E-05 0.0385152 9.99008E-05 0.193105 9.99008E-05 0.20909 9.99008E-05 9.99008E-05 9.99008E-05 9.99008E-05
9.98829E-05 9.98829E-05 9.98829E-05 0.049165 9.98829E-05 9.98829E-05 9.98829E-05 9.98829E-05 9.98829E-05 9.98829E-05 9.98829E-05 0.571341 0.0949578 0.25954 9.98829E-05 9.98829E-05 0.0236977 9.98829E-05
0.117721 9.98648E-05 9.98648E-05 9.98648E-05 0.0338897 9.98648E-05 9.98648E-05 9.98648E-05 9.98648E-05 9.98648E-05 9.98648E-05 9.98648E-05 0.846891 9.98648E-05 9.98648E-05 9.98648E-05 9.98648E-05 9.98648E-05
9.99008E-05 0.126218 0.183436 0.0254687 9.99008E-05 9.99008E-05 0.3243 9.99008E-05 9.99008E-05 9.99008E-05 9.99008E-05 9.99008E-05 9.99008E-05 0.243692 9.99008E-05 9.99008E-05 0.0463494 0.0494362
0.297982 0.0440173 0.0283595 9.99097E-05 0.0312817 9.99097E-05 0.0407485 9.99097E-05 0.0019907 9.99097E-05 9.99097E-05 0.488968 9.99097E-05 9.99097E-05 9.99097E-05 9.99097E-05 9.99097E-05 0.0656534
9.98921E-05 0.00884446 9.98921E-05 9.98921E-05 9.98921E-05 0.840084 9.98921E-05 0.0424435 9.98921E-05 0.0190504 9.98921E-05 0.0812071 9.98921E-05 9.98921E-05 9.98921E-05 9.98921E-05 9.98921E-05 0.00717195
0.0997768 9.99008E-05 9.99008E-05 9.99008E-05 9.99008E-05 0.537111 0.0895263 0.0135886 0.240567 0.0101972 9.99008E-05 9.99008E-05 9.99008E-05 9.99008E-05 9.99008E-05 0.00813428 9.99008E-05 9.99008E-05
0.204559 9.99098E-05 0.436323 9.99098E-05 0.0276525 0.0702781 0.163375 9.99098E-05 9.99098E-05 0.0452373 9.99098E-05 0.0224438 9.99098E-05 9.99098E-05 9.99098E-05 9.99098E-05 9.99098E-05 0.0291322
0.0989872 9.98827E-05 9.98827E-05 9.98827E-05 0.234808 0.344542 0.0677742 9.98827E-05 0.25259 9.98827E-05 9.98827E-05 9.98827E-05 9.98827E-05 9.98827E-05 9.98827E-05 9.98827E-05 9.98827E-05 9.98827E-05
0.0625358 9.98919E-05 9.98919E-05 9.98919E-05 0.000715461 0.776162 0.0914572 9.98919E-05 0.0580571 9.98919E-05 0.0098734 9.98919E-05 9.98919E-05 9.98919E-05 9.98919E-05 9.98919E-05 9.98919E-05 9.98919E-05
0.0839996 9.98827E-05 9.98827E-05 9.98827E-05 9.98827E-05 0.305594 0.123272 0.057155 9.98827E-05 9.98827E-05 9.98827E-05 9.98827E-05 9.98827E-05 9.98827E-05 9.98827E-05 0.428681 9.98827E-05 9.98827E-05
0.0838256 9.98919E-05 9.98919E-05 9.98919E-05 9.98919E-05 0.456624 0.0842506 9.98919E-05 0.237035 9.98919E-05 0.00198132 9.98919E-05 9.98919E-05 9.98919E-05 9.98919E-05 0.135085 9.98919E-05 9.98919E-05
0.0489206 9.99099E-05 0.125582 0.0101681 9.99099E-05 0.165591 0.430354 9.99099E-05 9.99099E-05 0.00124363 9.99099E-05 0.196507 9.99099E-05 9.99099E-05 9.99099E-05 9.99099E-05 9.99099E-05 0.0206343
9.9874E-05 0.237751 9.9874E-05 9.9874E-05 9.9874E-05 9.9874E-05 0.373088 9.9874E-05 9.9874E-05 9.9874E-05 9.9874E-05 0.227671 0.160091 9.9874E-05 9.9874E-05 9.9874E-05 9.9874E-05 9.9874E-05
0.184074 9.99098E-05 0.306955 9.99098E-05 9.99098E-05 0.307055 9.99098E-05 9.99098E-05 0.0520634 0.0574725 0.0302643 9.99098E-05 9.99098E-05 9.99098E-05 0.0217849 9.99098E-05 9.99098E-05 0.0393324
9.98829E-05 9.98829E-05 0.184198 9.98829E-05 9.98829E-05 0.0255086 0.71028 9.98829E-05 9.98829E-05 9.98829E-05 0.0677017 9.98829E-05 9.98829E-05 9.98829E-05 9.98829E-05 9.98829E-05 9.98829E-05 0.0110134
0.151742 9.9901E-05 0.449209 0.0453739 9.9901E-05 9.9901E-05 0.135801 9.9901E-05 9.9901E-05 0.115371 9.9901E-05 0.0167063 9.9901E-05 9.9901E-05 9.9901E-05 9.9901E-05 9.9901E-05 0.0846979
0.279357 9.98918E-05 0.332672 9.98918E-05 0.0607161 0.160924 9.98918E-05 9.98918E-05 9.98918E-05 9.98918E-05 9.98918E-05 0.0641582 9.98918E-05 9.98918E-05 9.98918E-05 9.98918E-05 9.98918E-05 0.100974
9.98739E-05 0.0666602 0.397521 9.98739E-05 9.98739E-05 9.98739E-05 0.237802 9.98739E-05 9.98739E-05 9.98739E-05 9.98739E-05 0.296619 9.98739E-05 9.98739E-05 9.98739E-05 9.98739E-05 9.98739E-05 9.98739E-05
0.00243207 9.99009E-05 0.614283 9.99009E-05 9.99009E-05 0.12118 0.104571 9.99009E-05 9.99009E-05 9.99009E-05 9.99009E-05 0.0344192 0.113709 9.99009E-05 9.99009E-05 0.0083062 9.99009E-05 9.99009E-05
9.99008E-05 9.99008E-05 0.230401 0.0423454 9.99008E-05 0.0244272 9.99008E-05 0.00600143 0.438126 9.99008E-05 9.99008E-05 9.99008E-05 9.99008E-05 0.222103 9.99008E-05 9.99008E-05 9.99008E-05 0.0354975
0.220031 9.99188E-05 0.158483 0.0324125 0.130542 0.0237006 0.29782 9.99188E-05 9.99188E-05 9.99188E-05 9.99188E-05 0.0309689 9.99188E-05 9.99188E-05 0.0304888 9.99188E-05 9.99188E-05 0.0746536
0.100203 9.98918E-05 0.301242 9.98918E-05 9.98918E-05 0.236113 0.245742 9.98918E-05 9.98918E-05 0.0210747 0.0944255 9.98918E-05 9.98918E-05 9.98918E-05 9.98918E-05 9.98918E-05 9.98918E-05 9.98918E-05
9.98919E-05 9.98919E-05 0.111704 9.98919E-05 0.490619 0.318359 9.98919E-05 9.98919E-05 0.0623304 9.98919E-05 9.98919E-05 0.0132492 9.98919E-05 9.98919E-05 9.98919E-05 0.00253948 9.98919E-05 9.98919E-05
0.280758 9.9919E-05 0.312206 9.9919E-05 0.0573917 0.280855 9.9919E-05 9.9919E-05 0.000933256 9.9919E-05 9.9919E-05 9.9919E-05 9.9919E-05 0.024253 0.00308589 0.0273884 9.9919E-05 0.0122294
9.99189E-05 9.99189E-05 0.133834 9.99189E-05 0.0464435 9.99189E-05 0.65271 9.99189E-05 9.99189E-05 9.99189E-05 9.99189E-05 0.0589518 0.0395982 0.0287264 0.0143194 0.021982 0.00253592 9.99189E-05
0.193012 9.98918E-05 0.550922 9.98918E-05 9.98918E-05 9.98918E-05 0.116473 9.98918E-05 9.98918E-05 9.98918E-05 9.98918E-05 0.0956558 9.98918E-05 9.98918E-05 9.98918E-05 0.0108407 9.98918E-05 0.0318986
9.98919E-05 0.0834539 0.0246564 9.98919E-05 9.98919E-05 9.98919E-05 0.467943 9.98919E-05 9.98919E-05 9.98919E-05 9.98919E-05 0.316544 0.0285381 0.0776656 9.98919E-05 9.98919E-05 9.98919E-05 9.98919E-05
0.288499 9.98828E-05 0.0440272 9.98828E-05 0.0283793 0.408646 9.98828E-05 9.98828E-05 0.229149 9.98828E-05 9.98828E-05 9.98828E-05 9.98828E-05 9.98828E-05 9.98828E-05 9.98828E-05 9.98828E-05 9.98828E-05
0.456066 9.9901E-05 0.23682 9.9901E-05 0.0466306 0.155711 9.9901E-05 9.9901E-05 9.9901E-05 0.0182285 9.9901E-05 9.9901E-05 9.9901E-05 0.0201649 9.9901E-05 9.9901E-05 9.9901E-05 0.0652791
9.98918E-05 0.100688 0.178436 9.98918E-05 9.98918E-05 9.98918E-05 0.448633 9.98918E-05 9.98918E-05 0.00733927 9.98918E-05 0.261509 9.98918E-05 9.98918E-05 9.98918E-05 9.98918E-05 0.0021961 9.98918E-05
9.98829E-05 0.033046 9.98829E-05 9.98829E-05 9.98829E-05 0.342418 9.98829E-05 9.98829E-05 0.319245 9.98829E-05 9.98829E-05 9.98829E-05 9.98829E-05 0.240124 0.0638692 9.98829E-05 9.98829E-05 9.98829E-05
9.98918E-05 0.140687 0.0745603 9.98918E-05 0.432525 0.0470911 9.98918E-05 9.98918E-05 0.00572797 9.98918E-05 9.98918E-05 9.98918E-05 9.98918E-05 0.29821 9.98918E-05 9.98918E-05 9.98918E-05 9.98918E-05
0.067812 0.00760567 9.99279E-05 0.083633 9.99279E-05 9.99279E-05 0.0584407 9.99279E-05 9.99279E-05 0.0740708 0.0582549 0.553297 9.99279E-05 0.00252281 9.99279E-05 9.99279E-05 0.0273643 0.0661991
9.98828E-05 0.241327 0.0355498 9.98828E-05 9.98828E-05 9.98828E-05 9.98828E-05 9.98828E-05 9.98828E-05 0.0470241 9.98828E-05 0.14995 9.98828E-05 0.524851 9.98828E-05 9.98828E-05 9.98828E-05 9.98828E-05
9.98901E-05 0.0999661 9.98901E-05 9.98901E-05 0.391962 0.24628 0.0695439 0.0481687 9.98901E-05 9.98901E-05 9.98901E-05 9.98901E-05 9.98901E-05 0.0649227 9.98901E-05 9.98901E-05 9.98901E-05 0.0780573
9.98829E-05 0.15539 9.98829E-05 9.98829E-05 9.98829E-05 0.319241 9.98829E-05 9.98829E-05 0.395797 9.98829E-05 9.98829E-05 9.98829E-05 9.98829E-05 0.0999406 9.98829E-05 9.98829E-05 9.98829E-05 0.0283331
9.98919E-05 0.0817196 9.98919E-05 9.98919E-05 0.0127402 0.262037 9.98919E-05 9.98919E-05 0.445658 0.141417 9.98919E-05 9.98919E-05 9.98919E-05 0.0552294 9.98919E-05 9.98919E-05 9.98919E-05 9.98919E-05
9.98702E-05 0.14177 9.98702E-05 0.0845738 9.98702E-05 9.98702E-05 9.98702E-05 9.98702E-05 9.98702E-05 9.98702E-05 9.98702E-05 0.184808 0.385715 0.201834 9.98702E-05 9.98702E-05 9.98702E-05 9.98702E-05
0.00928355 0.169216 0.325157 0.0287808 9.99009E-05 9.99009E-05 9.99009E-05 9.99009E-05 9.99009E-05 9.99009E-05 9.99009E-05 0.227842 9.99009E-05 0.170739 9.99009E-05 9.99009E-05 9.99009E-05 0.0678824
