9.9928E-05 9.9928E-05 0.400773 9.9928E-05 9.9928E-05 0.466874 0.0347601 9.9928E-05 9.9928E-05 9.9928E-05 9.9928E-05 0.0515399 0.0452531
0.0117419 9.99549E-05 0.282693 0.00141107 0.081377 0.423985 0.00977558 9.99549E-05 9.99549E-05 9.99549E-05 0.175063 9.99549E-05 0.0134545
9.99639E-05 9.99639E-05 9.99639E-05 0.67674 0.0211243 0.0970915 0.0224271 0.0602332 0.00216962 0.0127508 0.100005 0.00705846 9.99639E-05
9.99369E-05 0.0161474 0.536306 9.99369E-05 9.99369E-05 0.280993 9.99369E-05 9.99369E-05 0.059872 0.0708008 9.99369E-05 0.0351815 9.99369E-05
9.99459E-05 9.99459E-05 0.372659 9.99459E-05 0.00370658 9.99459E-05 9.99459E-05 0.0730879 0.174828 0.0570316 0.105314 9.99459E-05 0.212772
0.0580881 9.99459E-05 9.99459E-05 0.102378 9.99459E-05 0.35862 0.0206777 0.290879 9.99459E-05 9.99459E-05 0.126243 9.99459E-05 0.0425133
9.99189E-05 0.00584363 0.0284473 0.58273 9.99189E-05 0.38208 9.99189E-05 9.99189E-05 9.99189E-05 9.99189E-05 9.99189E-05 9.99189E-05 9.99189E-05
0.0350588 9.9937E-05 9.9937E-05 0.224701 9.9937E-05 0.272185 0.0816762 0.161328 9.9937E-05 9.9937E-05 0.224352 9.9937E-05 9.9937E-05
9.99549E-05 9.99549E-05 0.305874 9.99549E-05 0.0284698 0.362331 0.0517911 0.0540072 0.0230656 0.0806923 0.0932688 9.99549E-05 9.99549E-05
9.99189E-05 0.241299 9.99189E-05 0.334395 9.99189E-05 9.99189E-05 9.99189E-05 0.355556 9.99189E-05 9.99189E-05 9.99189E-05 0.0678515 9.99189E-05
9.99459E-05 9.99459E-05 0.12721 9.99459E-05 0.418661 0.190294 9.99459E-05 0.0579659 9.99459E-05 0.00671938 0.179617 9.99459E-05 0.0189327
9.99369E-05 9.99369E-05 0.498814 9.99369E-05 0.112715 0.00993541 9.99369E-05 0.246674 9.99369E-05 0.0459409 0.0852208 9.99369E-05 9.99369E-05
0.00574403 9.99639E-05 0.0127783 0.158742 0.071486 0.225661 9.99639E-05 9.99639E-05 0.0652319 0.237269 9.99639E-05 0.0114286 0.211259
9.99189E-05 9.99189E-05 9.99189E-05 0.368228 9.99189E-05 0.45032 0.0502502 0.130303 9.99189E-05 9.99189E-05 9.99189E-05 9.99189E-05 9.99189E-05
9.99189E-05 9.99189E-05 0.399151 9.99189E-05 0.406896 9.99189E-05 9.99189E-05 0.068739 9.99189E-05 9.99189E-05 0.124315 9.99189E-05 9.99189E-05
0.0373098 0.28359 9.99459E-05 0.421171 9.99459E-05 0.162722 9.99459E-05 0.0349141 0.0211567 9.99459E-05 9.99459E-05 0.038537 9.99459E-05
9.99189E-05 9.99189E-05 0.0252121 0.466389 9.99189E-05 0.500073 9.99189E-05 9.99189E-05 9.99189E-05 0.00742654 9.99189E-05 9.99189E-05 9.99189E-05
9.99188E-05 9.99188E-05 9.99188E-05 0.508763 0.0497395 0.349401 9.99188E-05 9.99188E-05 9.99188E-05 9.99188E-05 0.0911964 9.99188E-05 9.99188E-05
9.9955E-05 9.9955E-05 0.400265 0.11116 9.9955E-05 0.178173 0.0267023 0.0189003 9.9955E-05 0.174628 0.0674102 9.9955E-05 0.0222616
9.99099E-05 9.99099E-05 9.99099E-05 9.99099E-05 0.122668 9.99099E-05 9.99099E-05 9.99099E-05 0.106306 9.99099E-05 9.99099E-05 0.770027 9.99099E-05
9.9901E-05 9.9901E-05 9.9901E-05 9.9901E-05 9.9901E-05 9.9901E-05 9.9901E-05 9.9901E-05 9.9901E-05 0.153615 9.9901E-05 0.845286 9.9901E-05
9.99098E-05 9.99098E-05 9.99098E-05 9.99098E-05 9.99098E-05 0.0988563 9.99098E-05 9.99098E-05 9.99098E-05 9.99098E-05 9.99098E-05 0.873946 0.0261983
9.99279E-05 9.99279E-05 0.0227682 9.99279E-05 9.99279E-05 9.99279E-05 0.000427633 9.99279E-05 0.0405888 0.303522 9.99279E-05 0.631894 9.99279E-05
9.99279E-05 9.99279E-05 0.122569 9.99279E-05 0.0833314 9.99279E-05 0.0332681 9.99279E-05 9.99279E-05 0.0387003 9.99279E-05 0.721332 9.99279E-05
0.200517 9.99368E-05 9.99368E-05 0.205686 9.99368E-05 0.0797055 0.0737546 0.00173428 9.99368E-05 9.99368E-05 9.99368E-05 0.437902 9.99368E-05
9.99459E-05 9.99459E-05 0.144358 9.99459E-05 0.100749 9.99459E-05 0.322898 0.0389941 0.0714654 9.99459E-05 0.0199065 0.301029 9.99459E-05
0.204275 0.492437 9.99189E-05 9.99189E-05 9.99189E-05 9.99189E-05 9.99189E-05 9.99189E-05 0.0629233 9.99189E-05 9.99189E-05 0.239465 9.99189E-05
9.9955E-05 0.0257463 9.9955E-05 9.9955E-05 0.0884385 9.9955E-05 0.188174 9.9955E-05 0.228845 0.0878731 0.0445933 0.242199 0.0936317
0.0219492 0.0107946 9.99278E-05 9.99278E-05 9.99278E-05 0.0950916 9.99278E-05 9.99278E-05 9.99278E-05 9.99278E-05 9.99278E-05 0.83453 0.0368355
9.99099E-05 9.99099E-05 9.99099E-05 9.99099E-05 9.99099E-05 9.99099E-05 9.99099E-05 9.99099E-05 0.0066701 0.124341 9.99099E-05 0.86799 9.99099E-05
0.0711111 0.121473 9.99342E-05 0.117634 9.99342E-05 9.99342E-05 9.99342E-05 9.99342E-05 9.99342E-05 0.135217 9.99342E-05 0.553766 9.99342E-05
0.198923 0.069681 9.99459E-05 9.99459E-05 9.99459E-05 0.0413121 0.47528 9.99459E-05 0.00370244 9.99459E-05 9.99459E-05 0.100403 0.110099
0.0542399 0.215762 9.99188E-05 0.15004 9.99188E-05 9.99188E-05 9.99188E-05 9.99188E-05 9.99188E-05 9.99188E-05 9.99188E-05 0.579059 9.99188E-05
0.0902302 9.99278E-05 9.99278E-05 0.165979 9.99278E-05 0.0951001 0.0482159 9.99278E-05 9.99278E-05 9.99278E-05 9.99278E-05 0.599676 9.99278E-05
9.99189E-05 9.99189E-05 9.99189E-05 9.99189E-05 0.00440643 9.99189E-05 9.99189E-05 0.0383081 9.99189E-05 0.120136 9.99189E-05 0.83625 9.99189E-05
9.99189E-05 9.99189E-05 0.0808199 9.99189E-05 0.124372 9.99189E-05 9.99189E-05 9.99189E-05 0.0586474 9.99189E-05 9.99189E-05 0.735261 9.99189E-05
9.99189E-05 0.000262569 9.99189E-05 9.99189E-05 0.284312 9.99189E-05 9.99189E-05 9.99189E-05 0.0288474 9.99189E-05 9.99189E-05 0.685679 9.99189E-05
9.99189E-05 9.99189E-05 0.0838395 9.99189E-05 9.99189E-05 9.99189E-05 9.99189E-05 9.99189E-05 0.0354191 0.207027 9.99189E-05 0.672815 9.99189E-05
0.45685 9.99097E-05 9.99097E-05 9.99097E-05 9.99097E-05 0.116146 9.99097E-05 9.99097E-05 0.426005 9.99097E-05 9.99097E-05 9.99097E-05 9.99097E-05
0.774805 0.103392 9.9919E-05 9.9919E-05 9.9919E-05 9.9919E-05 9.9919E-05 9.9919E-05 0.0236872 9.9919E-05 9.9919E-05 9.9919E-05 0.0972167
0.570748 0.244989 9.99279E-05 0.0950408 9.99279E-05 9.99279E-05 0.0536653 9.99279E-05 9.99279E-05 9.99279E-05 9.99279E-05 0.0347577 9.99279E-05
0.268453 0.0602599 9.99459E-05 9.99459E-05 9.99459E-05 9.99459E-05 0.066403 9.99459E-05 0.250872 0.322357 9.99459E-05 0.00425495 0.0268001
0.47739 9.99188E-05 9.99188E-05 9.99188E-05 9.99188E-05 0.140208 9.99188E-05 9.99188E-05 0.125713 9.99188E-05 9.99188E-05 0.25579 9.99188E-05
0.672998 9.99459E-05 9.99459E-05 0.0890623 0.100402 9.99459E-05 0.00904741 0.0576305 9.99459E-05 9.99459E-05 0.00294776 0.0673117 9.99459E-05
9.99189E-05 9.99189E-05 0.285393 9.99189E-05 9.99189E-05 9.99189E-05 0.552228 9.99189E-05 0.116092 0.0453878 9.99189E-05 9.99189E-05 9.99189E-05
0.206406 9.99279E-05 0.125517 9.99279E-05 0.0184958 9.99279E-05 9.99279E-05 9.99279E-05 0.486668 9.99279E-05 0.162115 9.99279E-05 9.99279E-05
0.582219 0.0696637 9.99189E-05 0.197975 9.99189E-05 9.99189E-05 9.99189E-05 9.99189E-05 9.99189E-05 9.99189E-05 9.99189E-05 0.149243 9.99189E-05
0.550232 9.99098E-05 9.99098E-05 9.99098E-05 9.99098E-05 0.12451 9.99098E-05 9.99098E-05 0.324258 9.99098E-05 9.99098E-05 9.99098E-05 9.99098E-05
0.433569 0.543885 0.0114408 9.9919E-05 9.9919E-05 9.9919E-05 9.9919E-05 9.9919E-05 9.9919E-05 9.9919E-05 9.9919E-05 9.9919E-05 0.010206
0.375025 9.9919E-05 9.9919E-05 9.9919E-05 9.9919E-05 9.9919E-05 0.00598457 9.9919E-05 0.384998 9.9919E-05 0.233092 9.9919E-05 9.9919E-05
0.676568 0.137172 9.99189E-05 9.99189E-05 9.99189E-05 9.99189E-05 9.99189E-05 9.99189E-05 0.13577 9.99189E-05 9.99189E-05 9.99189E-05 0.0495911
0.420961 9.9946E-05 9.9946E-05 9.9946E-05 0.00211999 9.9946E-05 9.9946E-05 0.0189045 0.177075 0.247708 9.9946E-05 0.0571666 0.0754651
0.0888518 9.99459E-05 0.0643674 9.99459E-05 0.258721 9.99459E-05 0.223986 0.0483604 0.244251 9.99459E-05 9.99459E-05 0.0708626 9.99459E-05
0.342144 9.99459E-05 0.049249 9.99459E-05 0.257709 9.99459E-05 0.0604195 0.013847 0.124734 9.99459E-05 0.151297 9.99459E-05 9.99459E-05
0.167997 0.0030406 0.134534 9.9955E-05 9.9955E-05 9.9955E-05 0.144459 9.9955E-05 0.194711 0.298571 0.0120433 0.0441429 9.9955E-05
9.99189E-05 9.99189E-05 0.108698 9.99189E-05 9.99189E-05 9.99189E-05 0.220008 9.99189E-05 9.99189E-05 0.33355 9.99189E-05 0.336845 9.99189E-05
0.595019 9.99368E-05 9.99368E-05 0.0189898 9.99368E-05 0.0784587 0.0314598 9.99368E-05 0.227801 9.99368E-05 9.99368E-05 9.99368E-05 0.0475716
0.309376 0.0846309 9.99549E-05 9.99549E-05 0.025472 9.99549E-05 0.200768 9.99549E-05 0.218826 0.0870397 9.99549E-05 0.0171643 0.056223
0.796536 0.0852209 9.99278E-05 9.99278E-05 9.99278E-05 0.0241722 0.0355392 9.99278E-05 9.99278E-05 9.99278E-05 9.99278E-05 9.99278E-05 0.0577321
0.213636 9.99369E-05 0.00706591 9.99369E-05 0.00483873 0.0100236 9.99369E-05 9.99369E-05 0.750438 9.99369E-05 9.99369E-05 9.99369E-05 0.0132983
0.198611 9.99458E-05 9.99458E-05 9.99458E-05 0.00215225 0.133595 0.124256 9.99458E-05 0.500304 9.99458E-05 0.00202727 0.0384548 9.99458E-05
0.409378 9.99369E-05 0.0567926 9.99369E-05 0.0499578 9.99369E-05 0.0205717 9.99369E-05 0.307826 9.99369E-05 0.154774 9.99369E-05 9.99369E-05
0.187798 0.131806 9.99369E-05 0.0369562 9.99369E-05 9.99369E-05 0.446327 9.99369E-05 0.0666406 9.99369E-05 9.99369E-05 9.99369E-05 0.129773
0.0203587 9.99279E-05 9.99279E-05 0.0214582 9.99279E-05 9.99279E-05 9.99279E-05 9.99279E-05 0.604966 0.309177 9.99279E-05 0.0432402 9.99279E-05
0.191603 9.99189E-05 9.99189E-05 0.502822 9.99189E-05 9.99189E-05 0.0924157 9.99189E-05 0.212259 9.99189E-05 9.99189E-05 9.99189E-05 9.99189E-05
0.0281681 9.99639E-05 0.0368661 9.99639E-05 0.195566 0.0971563 0.387967 0.00644312 0.163976 9.99639E-05 0.0118464 0.0716116 9.99639E-05
9.9901E-05 9.9901E-05 9.9901E-05 9.9901E-05 9.9901E-05 9.9901E-05 9.9901E-05 9.9901E-05 0.912323 9.9901E-05 0.0865779 9.9901E-05 9.9901E-05
9.9919E-05 0.00212166 9.9919E-05 0.0828709 0.106521 9.9919E-05 9.9919E-05 9.9919E-05 0.807587 9.9919E-05 9.9919E-05 9.9919E-05 9.9919E-05
9.99368E-05 9.99368E-05 0.0826657 0.027507 9.99368E-05 0.039514 0.796294 9.99368E-05 0.0526104 9.99368E-05 9.99368E-05 9.99368E-05 0.000709733
0.0703965 9.99459E-05 9.99459E-05 9.99459E-05 9.99459E-05 0.167989 0.507328 0.00211049 0.0312308 9.99459E-05 9.99459E-05 0.199803 0.0205426
0.0932041 0.394952 9.99278E-05 9.99278E-05 9.99278E-05 9.99278E-05 0.455767 9.99278E-05 9.99278E-05 9.99278E-05 9.99278E-05 0.0542054 0.0010714
0.327766 0.0653331 9.99279E-05 0.388037 9.99279E-05 9.99279E-05 0.0153447 9.99279E-05 0.20272 9.99279E-05 9.99279E-05 9.99279E-05 9.99279E-05
9.99279E-05 9.99279E-05 0.0640769 9.99279E-05 9.99279E-05 9.99279E-05 9.99279E-05 9.99279E-05 0.0345827 0.159645 0.0781276 0.662769 9.99279E-05
0.319866 0.0920947 9.99187E-05 0.210553 9.99187E-05 9.99187E-05 9.99187E-05 9.99187E-05 0.376587 9.99187E-05 9.99187E-05 9.99187E-05 9.99187E-05
9.99188E-05 9.99188E-05 9.99188E-05 9.99188E-05 0.0133499 9.99188E-05 0.373936 9.99188E-05 0.582275 9.99188E-05 9.99188E-05 9.99188E-05 0.0295398
9.99279E-05 9.99279E-05 0.280163 9.99279E-05 0.0740213 9.99279E-05 0.55869 9.99279E-05 9.99279E-05 0.0104317 9.99279E-05 0.0758951 9.99279E-05
0.0734242 0.0713582 9.99188E-05 0.170175 9.99188E-05 9.99188E-05 9.99188E-05 9.99188E-05 9.99188E-05 9.99188E-05 9.99188E-05 0.684143 9.99188E-05
0.225316 0.315089 9.9928E-05 0.227027 9.9928E-05 9.9928E-05 0.0479148 9.9928E-05 9.9928E-05 9.9928E-05 9.9928E-05 0.183854 9.9928E-05
0.145944 9.99188E-05 9.99188E-05 0.144253 9.99188E-05 0.0309748 9.99188E-05 9.99188E-05 9.99188E-05 9.99188E-05 9.99188E-05 0.67793 9.99188E-05
0.0714117 0.0291978 9.99459E-05 9.99459E-05 9.99459E-05 0.0696236 0.414242 9.99459E-05 0.0275617 9.99459E-05 9.99459E-05 0.275681 0.111683
0.201128 0.481156 9.9937E-05 9.9937E-05 9.9937E-05 9.9937E-05 0.0744724 9.9937E-05 0.0609367 9.9937E-05 9.9937E-05 0.135177 0.046431
0.172109 9.99459E-05 0.00900726 9.99459E-05 9.99459E-05 9.99459E-05 0.0513039 0.00185052 0.317868 0.251334 9.99459E-05 0.195928 9.99459E-05
0.446775 9.99279E-05 9.99279E-05 9.99279E-05 9.99279E-05 9.99279E-05 9.99279E-05 9.99279E-05 0.386959 0.15089 9.99279E-05 0.00151861 0.0130585
0.409079 9.99369E-05 9.99369E-05 9.99369E-05 0.107347 9.99369E-05 0.0847252 9.99369E-05 0.0420527 0.283176 9.99369E-05 0.0729201 9.99369E-05
0.480878 0.0924463 9.99188E-05 0.183752 9.99188E-05 9.99188E-05 9.99188E-05 9.99188E-05 0.242024 9.99188E-05 9.99188E-05 9.99188E-05 9.99188E-05
0.140547 0.0131704 9.99369E-05 9.99369E-05 9.99369E-05 0.0141843 9.99369E-05 9.99369E-05 0.611752 9.99369E-05 9.99369E-05 0.109466 0.11018
9.99279E-05 9.99279E-05 0.0799918 0.00495986 9.99279E-05 9.99279E-05 0.142342 9.99279E-05 0.752717 0.0191897 9.99279E-05 9.99279E-05 9.99279E-05
0.0144773 9.99278E-05 9.99278E-05 0.203263 9.99278E-05 0.0794895 0.501243 9.99278E-05 9.99278E-05 9.99278E-05 9.99278E-05 0.200728 9.99278E-05
0.492246 9.99098E-05 9.99098E-05 0.302257 9.99098E-05 9.99098E-05 0.204498 9.99098E-05 9.99098E-05 9.99098E-05 9.99098E-05 9.99098E-05 9.99098E-05
9.99098E-05 9.99098E-05 9.99098E-05 9.99098E-05 9.99098E-05 9.99098E-05 0.626886 9.99098E-05 9.99098E-05 9.99098E-05 0.234148 0.137966 9.99098E-05
0.338125 9.99098E-05 9.99098E-05 0.284702 9.99098E-05 9.99098E-05 0.376174 9.99098E-05 9.99098E-05 9.99098E-05 9.99098E-05 9.99098E-05 9.99098E-05
0.258571 9.99098E-05 9.99098E-05 0.299557 9.99098E-05 9.99098E-05 0.440873 9.99098E-05 9.99098E-05 9.99098E-05 9.99098E-05 9.99098E-05 9.99098E-05
9.99279E-05 9.99279E-05 0.0609018 9.99279E-05 9.99279E-05 9.99279E-05 0.599408 9.99279E-05 0.0933448 0.00264497 0.242901 9.99279E-05 9.99279E-05
0.307705 9.99369E-05 9.99369E-05 0.13273 9.99369E-05 0.00686911 0.318202 9.99369E-05 0.138013 9.99369E-05 0.0957808 9.99369E-05 9.99369E-05
0.255411 9.99279E-05 9.99279E-05 0.0449621 9.99279E-05 0.0702374 0.547968 9.99279E-05 9.99279E-05 9.99279E-05 0.0806225 9.99279E-05 9.99279E-05
0.0240591 0.356233 9.99189E-05 0.0402369 9.99189E-05 9.99189E-05 9.99189E-05 9.99189E-05 9.99189E-05 9.99189E-05 9.99189E-05 9.99189E-05 0.578572
0.140815 0.12683 9.9946E-05 0.0644716 9.9946E-05 9.9946E-05 9.9946E-05 9.9946E-05 9.9946E-05 0.0294895 0.00509299 0.0242319 0.608469
0.0359591 9.99189E-05 9.99189E-05 0.00485055 9.99189E-05 9.99189E-05 9.99189E-05 9.99189E-05 9.99189E-05 0.210838 9.99189E-05 9.99189E-05 0.747453
9.991E-05 9.991E-05 9.991E-05 9.991E-05 9.991E-05 9.991E-05 0.0522855 9.991E-05 9.991E-05 9.991E-05 0.518181 9.991E-05 0.428535
9.99279E-05 0.314535 9.99279E-05 0.07823 9.99279E-05 9.99279E-05 0.011469 0.0084148 9.99279E-05 9.99279E-05 9.99279E-05 9.99279E-05 0.586552
9.99368E-05 9.99368E-05 0.00668388 9.99368E-05 9.99368E-05 0.470264 0.0875409 9.99368E-05 9.99368E-05 0.0375217 0.264114 9.99368E-05 0.133176
9.99008E-05 9.99008E-05 9.99008E-05 0.596822 9.99008E-05 9.99008E-05 9.99008E-05 9.99008E-05 9.99008E-05 9.99008E-05 9.99008E-05 9.99008E-05 0.402079
9.99188E-05 0.254732 9.99188E-05 0.0210499 9.99188E-05 9.99188E-05 0.0180586 9.99188E-05 9.99188E-05 9.99188E-05 9.99188E-05 9.99188E-05 0.705261
0.000639428 9.99459E-05 9.99459E-05 0.0533757 9.99459E-05 0.173561 0.069171 0.0294313 9.99459E-05 9.99459E-05 9.99459E-05 0.0103917 0.66283
9.99201E-05 9.99201E-05 0.0952228 9.99201E-05 0.19912 9.99201E-05 9.99201E-05 9.99201E-05 0.143016 9.99201E-05 9.99201E-05 0.00147252 0.560369
0.0395165 0.61124 9.99189E-05 9.99189E-05 9.99189E-05 9.99189E-05 9.99189E-05 0.0793564 9.99189E-05 9.99189E-05 9.99189E-05 9.99189E-05 0.268988
9.99369E-05 9.99369E-05 0.0517971 0.0325622 0.421138 9.99369E-05 9.99369E-05 0.0368689 0.0241415 9.99369E-05 9.99369E-05 9.99369E-05 0.432793
0.0232514 0.0897334 9.99279E-05 0.135109 9.99279E-05 0.0468707 9.99279E-05 9.99279E-05 9.99279E-05 9.99279E-05 9.99279E-05 9.99279E-05 0.704236
9.99279E-05 9.99279E-05 9.99279E-05 9.99279E-05 0.123253 0.29049 0.0732484 9.99279E-05 9.99279E-05 9.99279E-05 0.0220723 9.99279E-05 0.490137
9.99279E-05 0.0516179 9.99279E-05 9.99279E-05 9.99279E-05 0.219225 9.99279E-05 0.0449017 9.99279E-05 9.99279E-05 9.99279E-05 0.0675579 0.615898
9.99369E-05 0.00852395 9.99369E-05 0.371059 9.99369E-05 0.304086 9.99369E-05 9.99369E-05 9.99369E-05 9.99369E-05 0.0114768 0.0399139 0.264241
9.99458E-05 9.99458E-05 0.155249 9.99458E-05 0.0821501 9.99458E-05 0.0228113 9.99458E-05 0.0733372 0.0526541 0.2189 9.99458E-05 0.394299
9.99278E-05 9.99278E-05 0.069735 0.0298941 9.99278E-05 9.99278E-05 0.0247048 9.99278E-05 9.99278E-05 0.554922 9.99278E-05 9.99278E-05 0.319944
0.154339 0.00521802 9.99369E-05 9.99369E-05 9.99369E-05 0.120747 9.99369E-05 0.0574117 9.99369E-05 9.99369E-05 9.99369E-05 0.0755518 0.586032
0.0112302 9.99189E-05 9.99189E-05 0.32634 9.99189E-05 0.0133272 9.99189E-05 9.99189E-05 9.99189E-05 9.99189E-05 9.99189E-05 9.99189E-05 0.648203
9.99459E-05 9.99459E-05 9.99459E-05 9.99459E-05 0.0832038 0.0277326 9.99459E-05 0.0508271 0.0264875 9.99459E-05 0.0401126 0.053279 0.717758
9.99099E-05 9.99099E-05 0.0369499 9.99099E-05 9.99099E-05 9.99099E-05 9.99099E-05 9.99099E-05 9.99099E-05 0.309433 9.99099E-05 9.99099E-05 0.652618
9.9946E-05 9.9946E-05 9.9946E-05 9.9946E-05 0.104286 0.310537 9.9946E-05 0.0307041 0.152621 0.0356732 0.34899 0.0165886 9.9946E-05
9.99008E-05 9.99008E-05 9.99008E-05 0.321901 9.99008E-05 9.99008E-05 9.99008E-05 0.677001 9.99008E-05 9.99008E-05 9.99008E-05 9.99008E-05 9.99008E-05
0.00379879 0.0271468 0.046864 9.99459E-05 9.99459E-05 0.191341 0.0302986 9.99459E-05 9.99459E-05 0.557508 0.142443 9.99459E-05 9.99459E-05
0.0175712 0.139214 9.99369E-05 0.0728485 9.99369E-05 0.749304 9.99369E-05 0.00179559 9.99369E-05 9.99369E-05 9.99369E-05 0.0185679 9.99369E-05
9.99007E-05 0.540214 9.99007E-05 9.99007E-05 9.99007E-05 9.99007E-05 9.99007E-05 0.458687 9.99007E-05 9.99007E-05 9.99007E-05 9.99007E-05 9.99007E-05
9.99278E-05 9.99278E-05 0.234765 9.99278E-05 0.377122 0.213769 9.99278E-05 9.99278E-05 9.99278E-05 0.152315 0.0212293 9.99278E-05 9.99278E-05
9.99279E-05 0.0382223 0.0144557 9.99279E-05 0.214609 9.99279E-05 9.99279E-05 0.69798 9.99279E-05 9.99279E-05 9.99279E-05 0.0339337 9.99279E-05
0.0304441 9.99549E-05 9.99549E-05 0.118189 9.99549E-05 0.509975 0.0415255 9.99549E-05 0.0704658 0.016981 0.194688 9.99549E-05 0.0172312
9.99008E-05 9.99008E-05 9.99008E-05 9.99008E-05 9.99008E-05 9.99008E-05 9.99008E-05 0.733347 9.99008E-05 0.265554 9.99008E-05 9.99008E-05 9.99008E-05
9.99279E-05 0.208673 9.99279E-05 0.49578 9.99279E-05 0.0423347 9.99279E-05 0.236505 9.99279E-05 0.0159086 9.99279E-05 9.99279E-05 9.99279E-05
9.99459E-05 9.99459E-05 0.0229696 9.99459E-05 0.347031 0.071433 9.99459E-05 0.181955 0.0832698 0.0587731 0.233969 9.99459E-05 9.99459E-05
9.99099E-05 9.99099E-05 9.99099E-05 9.99099E-05 9.99099E-05 9.99099E-05 0.0176978 0.571023 9.99099E-05 0.41028 9.99099E-05 9.99099E-05 9.99099E-05
9.99099E-05 0.476608 9.99099E-05 0.146079 9.99099E-05 9.99099E-05 9.99099E-05 0.376315 9.99099E-05 9.99099E-05 9.99099E-05 9.99099E-05 9.99099E-05
9.99279E-05 9.99279E-05 0.289063 9.99279E-05 0.265258 0.0539472 9.99279E-05 9.99279E-05 9.99279E-05 0.0838097 0.307123 9.99279E-05 9.99279E-05
9.99188E-05 9.99188E-05 0.259938 9.99188E-05 9.99188E-05 9.99188E-05 9.99188E-05 0.552104 0.0288481 0.158211 9.99188E-05 9.99188E-05 9.99188E-05
9.99278E-05 9.99278E-05 0.221516 0.0831183 0.198823 0.20711 9.99278E-05 9.99278E-05 9.99278E-05 0.288633 9.99278E-05 9.99278E-05 9.99278E-05
9.99098E-05 0.547925 9.99098E-05 0.00533995 9.99098E-05 9.99098E-05 9.99098E-05 0.445736 9.99098E-05 9.99098E-05 9.99098E-05 9.99098E-05 9.99098E-05
9.99278E-05 9.99278E-05 0.0529147 9.99278E-05 0.0645158 9.99278E-05 9.99278E-05 0.33796 9.99278E-05 0.338892 0.204918 9.99278E-05 9.99278E-05
9.99369E-05 9.99369E-05 0.0705402 9.99369E-05 0.326339 0.142134 9.99369E-05 9.99369E-05 0.0349553 9.99369E-05 0.393152 9.99369E-05 0.0321808
9.99278E-05 9.99278E-05 9.99278E-05 0.163333 9.99278E-05 0.586318 0.0677644 0.0744264 9.99278E-05 9.99278E-05 0.10736 9.99278E-05 9.99278E-05
9.99551E-05 0.125242 9.99551E-05 0.0110822 9.99551E-05 0.204006 9.99551E-05 9.99551E-05 0.0479819 0.373433 0.145041 0.0535932 0.0391204
9.9955E-05 0.00204107 9.9955E-05 9.9955E-05 0.0253164 0.329347 9.9955E-05 0.0810685 0.01508 0.392889 0.0978412 0.0559172 9.9955E-05
9.99188E-05 0.385093 9.99188E-05 0.10875 9.99188E-05 0.0653402 9.99188E-05 0.439918 9.99188E-05 9.99188E-05 9.99188E-05 9.99188E-05 9.99188E-05
0.0682088 9.99639E-05 0.0369277 0.136266 0.228737 0.124269 0.00387237 0.165561 9.99639E-05 9.99639E-05 0.206847 0.028911 9.99639E-05
9.99187E-05 9.99187E-05 9.99187E-05 9.99187E-05 9.99187E-05 0.293347 0.0781485 0.578315 9.99187E-05 9.99187E-05 0.04929 9.99187E-05 9.99187E-05
0.0578462 0.253085 9.99459E-05 9.99459E-05 9.99459E-05 0.401818 0.0473402 0.0520286 9.99459E-05 9.99459E-05 9.99459E-05 0.0181445 0.169137
0.0189036 9.99639E-05 9.99639E-05 9.99639E-05 0.207461 0.0106037 0.0453839 0.22515 9.99639E-05 0.205593 0.198029 0.00547946 0.082997
9.9946E-05 0.0290172 9.9946E-05 9.9946E-05 9.9946E-05 0.117225 9.9946E-05 0.283351 0.1508 9.9946E-05 0.0102982 0.00933067 0.399378
9.9937E-05 0.775762 0.0902938 0.0626605 9.9937E-05 9.9937E-05 0.0264935 9.9937E-05 0.00824485 9.9937E-05 9.9937E-05 0.0358456 9.9937E-05
9.99459E-05 0.059413 0.0110872 0.143733 9.99459E-05 0.34762 0.0932667 0.219617 9.99459E-05 9.99459E-05 9.99459E-05 9.99459E-05 0.124663
0.0523993 0.189364 9.99639E-05 0.254794 0.0657532 0.270478 9.99639E-05 0.0590628 9.99639E-05 9.99639E-05 0.0201825 0.0192455 0.0683208
9.99459E-05 0.151773 9.99459E-05 9.99459E-05 0.460443 0.147957 9.99459E-05 0.123295 0.0625193 0.00492893 9.99459E-05 0.0484842 9.99459E-05
9.99098E-05 0.481514 9.99098E-05 0.178089 9.99098E-05 0.339398 9.99098E-05 9.99098E-05 9.99098E-05 9.99098E-05 9.99098E-05 9.99098E-05 9.99098E-05
9.99278E-05 9.99278E-05 0.204045 9.99278E-05 0.274329 0.194896 9.99278E-05 9.99278E-05 9.99278E-05 0.319433 0.00649723 9.99278E-05 9.99278E-05
9.99188E-05 0.452356 9.99188E-05 0.0471855 9.99188E-05 0.456875 9.99188E-05 0.0426851 9.99188E-05 9.99188E-05 9.99188E-05 9.99188E-05 9.99188E-05
9.99369E-05 0.172684 9.99369E-05 9.99369E-05 9.99369E-05 0.0174133 9.99369E-05 0.347681 9.99369E-05 0.400832 0.0455943 9.99369E-05 0.015097
9.99549E-05 0.00735895 0.184415 9.99549E-05 0.0587227 0.0275132 9.99549E-05 0.153085 0.00792352 0.415578 9.99549E-05 9.99549E-05 0.144904
0.0571503 9.99371E-05 9.99371E-05 9.99371E-05 9.99371E-05 0.443385 9.99371E-05 0.17689 0.0978506 9.99371E-05 9.99371E-05 0.0341217 0.189903
9.99549E-05 9.99549E-05 0.0448347 0.0842673 9.99549E-05 0.554256 0.00704598 0.00631285 0.0846779 9.99549E-05 0.0602872 9.99549E-05 0.157818
0.00544526 0.0279748 0.0564777 9.9955E-05 9.9955E-05 0.476115 9.9955E-05 0.126571 0.028896 9.9955E-05 9.9955E-05 0.0672006 0.21082
9.99279E-05 0.0674977 9.99279E-05 9.99279E-05 0.0636419 0.275481 9.99279E-05 9.99279E-05 9.99279E-05 0.450338 9.99279E-05 9.99279E-05 0.142242
9.99279E-05 0.695011 0.0467671 0.0510481 9.99279E-05 0.14661 9.99279E-05 9.99279E-05 9.99279E-05 9.99279E-05 9.99279E-05 9.99279E-05 0.0597645
9.99189E-05 0.698931 9.99189E-05 0.00236506 9.99189E-05 9.99189E-05 9.99189E-05 0.27381 9.99189E-05 9.99189E-05 9.99189E-05 9.99189E-05 0.0239944
0.0451423 9.99279E-05 9.99279E-05 0.513912 9.99279E-05 0.200014 0.0145408 0.225591 9.99279E-05 9.99279E-05 9.99279E-05 9.99279E-05 9.99279E-05
0.0999521 0.58276 9.99189E-05 9.99189E-05 9.99189E-05 0.132833 9.99189E-05 0.183555 9.99189E-05 9.99189E-05 9.99189E-05 9.99189E-05 9.99189E-05
9.99189E-05 0.819719 0.119465 9.99189E-05 0.0452934 9.99189E-05 9.99189E-05 9.99189E-05 9.99189E-05 9.99189E-05 9.99189E-05 9.99189E-05 0.0146239
0.132422 9.99279E-05 9.99279E-05 0.489522 9.99279E-05 9.99279E-05 9.99279E-05 0.336283 9.99279E-05 9.99279E-05 0.031363 9.99279E-05 0.00961063
9.99368E-05 0.124757 9.99368E-05 0.256194 0.0434454 0.514188 0.0158152 0.0449016 9.99368E-05 9.99368E-05 9.99368E-05 9.99368E-05 9.99368E-05
9.9937E-05 0.036769 0.49538 9.9937E-05 9.9937E-05 9.9937E-05 0.00781432 9.9937E-05 0.00532127 9.9937E-05 0.403213 0.0508024 9.9937E-05
9.99279E-05 9.99279E-05 0.831401 0.0909887 9.99279E-05 0.0526018 0.00745118 9.99279E-05 9.99279E-05 9.99279E-05 9.99279E-05 0.0167576 9.99279E-05
9.99368E-05 9.99368E-05 0.0946726 0.408238 0.00274964 0.284606 0.11063 9.99368E-05 9.99368E-05 9.99368E-05 0.0984048 9.99368E-05 9.99368E-05
9.99188E-05 9.99188E-05 0.644077 0.07675 0.256278 0.0219957 9.99188E-05 9.99188E-05 9.99188E-05 9.99188E-05 9.99188E-05 9.99188E-05 9.99188E-05
9.99099E-05 9.99099E-05 0.934595 9.99099E-05 9.99099E-05 9.99099E-05 9.99099E-05 9.99099E-05 9.99099E-05 9.99099E-05 0.00190527 9.99099E-05 0.0625005
9.99279E-05 9.99279E-05 0.476854 0.0851562 9.99279E-05 0.000237916 9.99279E-05 9.99279E-05 9.99279E-05 0.374173 9.99279E-05 0.0627787 9.99279E-05
9.99459E-05 9.99459E-05 0.753891 0.0787126 9.99459E-05 0.005979 0.00872575 9.99459E-05 9.99459E-05 0.128134 0.0116589 9.99459E-05 0.0122989
9.9928E-05 9.9928E-05 0.198682 0.653513 9.9928E-05 0.116322 0.020309 9.9928E-05 9.9928E-05 9.9928E-05 9.9928E-05 0.010375 9.9928E-05
9.991E-05 0.398387 9.991E-05 0.433335 9.991E-05 9.991E-05 9.991E-05 0.167279 9.991E-05 9.991E-05 9.991E-05 9.991E-05 9.991E-05
9.99278E-05 9.99278E-05 9.99278E-05 0.0480434 9.99278E-05 0.182867 0.11429 9.99278E-05 9.99278E-05 9.99278E-05 0.630196 9.99278E-05 0.0238043
9.991E-05 9.991E-05 0.122096 0.844342 9.991E-05 9.991E-05 9.991E-05 9.991E-05 9.991E-05 9.991E-05 9.991E-05 9.991E-05 0.0325628
9.9919E-05 9.9919E-05 0.100154 0.496885 9.9919E-05 0.146453 0.255608 9.9919E-05 9.9919E-05 9.9919E-05 9.9919E-05 9.9919E-05 9.9919E-05
9.99369E-05 9.99369E-05 0.177846 0.222795 0.0216303 0.300761 0.0486633 9.99369E-05 9.99369E-05 9.99369E-05 0.227605 9.99369E-05 9.99369E-05
9.99189E-05 0.041973 9.99189E-05 0.692353 9.99189E-05 0.147401 9.99189E-05 0.117374 9.99189E-05 9.99189E-05 9.99189E-05 9.99189E-05 9.99189E-05
0.0339087 0.0561106 0.00289402 0.46937 9.99459E-05 0.0761913 9.99459E-05 9.99459E-05 9.99459E-05 9.99459E-05 0.337278 9.99459E-05 0.0236475
0.100375 9.99459E-05 0.18461 9.99459E-05 0.0273453 0.0717239 9.99459E-05 0.268616 9.99459E-05 9.99459E-05 0.266382 0.0803472 9.99459E-05
9.99549E-05 9.99549E-05 0.00421376 0.456121 0.106076 0.210366 0.0157899 9.99549E-05 0.0647862 9.99549E-05 0.125427 0.0167195 9.99549E-05
0.0140634 9.99459E-05 0.0316024 0.394628 9.99459E-05 0.0675595 0.0132807 9.99459E-05 9.99459E-05 9.99459E-05 0.35857 9.99459E-05 0.119696
9.99099E-05 9.99099E-05 0.14739 9.99099E-05 0.54272 9.99099E-05 9.99099E-05 9.99099E-05 9.99099E-05 9.99099E-05 0.308891 9.99099E-05 9.99099E-05
0.00726379 0.00520396 0.0627973 0.022769 0.0586037 0.273684 0.0361968 9.9955E-05 9.9955E-05 9.9955E-05 0.532982 9.9955E-05 9.9955E-05
0.00257605 0.112963 0.0287395 0.754541 0.054644 9.9955E-05 9.9955E-05 9.9955E-05 0.0439912 9.9955E-05 0.000696608 0.00134858 9.9955E-05
0.0119929 9.99279E-05 9.99279E-05 0.506296 9.99279E-05 0.291588 9.99279E-05 9.99279E-05 9.99279E-05 0.0191519 0.170171 9.99279E-05 9.99279E-05
9.99189E-05 0.263432 9.99189E-05 0.59209 9.99189E-05 0.00680057 9.99189E-05 0.136778 9.99189E-05 9.99189E-05 9.99189E-05 9.99189E-05 9.99189E-05
9.99188E-05 9.99188E-05 0.361328 9.99188E-05 0.0569736 0.226671 9.99188E-05 9.99188E-05 9.99188E-05 9.99188E-05 0.354128 9.99188E-05 9.99188E-05
9.9928E-05 9.9928E-05 9.9928E-05 9.9928E-05 0.0298612 0.457883 0.101307 0.00115992 9.9928E-05 9.9928E-05 0.40899 9.9928E-05 9.9928E-05
0.019634 0.0995069 9.99369E-05 0.720819 9.99369E-05 0.0436451 9.99369E-05 0.114913 9.99369E-05 9.99369E-05 0.000782181 9.99369E-05 9.99369E-05
9.9937E-05 9.9937E-05 0.444235 9.9937E-05 0.041311 9.9937E-05 9.9937E-05 0.284678 0.0747412 9.9937E-05 0.102609 9.9937E-05 0.051727
9.99279E-05 9.99279E-05 0.0578101 9.99279E-05 0.499778 9.99279E-05 9.99279E-05 0.427009 0.000487075 9.99279E-05 0.0141169 9.99279E-05 9.99279E-05
0.0942402 0.275536 9.99369E-05 0.225818 9.99369E-05 0.287049 0.0927181 9.99369E-05 9.99369E-05 9.99369E-05 9.99369E-05 0.0239394 9.99369E-05
0.0301975 0.154353 9.99459E-05 9.99459E-05 9.99459E-05 0.10209 0.00267653 0.566884 9.99459E-05 9.99459E-05 9.99459E-05 0.0276645 0.115535
9.9937E-05 9.9937E-05 0.364958 0.0344785 0.334257 9.9937E-05 0.0369813 0.177245 9.9937E-05 9.9937E-05 9.9937E-05 0.0513814 9.9937E-05
9.99189E-05 9.99189E-05 0.549145 9.99189E-05 9.99189E-05 9.99189E-05 0.0283257 0.385195 9.99189E-05 0.036435 9.99189E-05 9.99189E-05 9.99189E-05
9.9946E-05 9.9946E-05 0.43687 9.9946E-05 0.0855836 9.9946E-05 0.0965276 0.276237 0.0134099 0.0393592 0.0514126 9.9946E-05 9.9946E-05
9.991E-05 0.734355 9.991E-05 9.991E-05 9.991E-05 9.991E-05 9.991E-05 0.252678 9.991E-05 9.991E-05 9.991E-05 0.0119685 9.991E-05
0.00402825 9.99279E-05 9.99279E-05 0.324403 9.99279E-05 0.249764 0.0771899 0.343816 9.99279E-05 9.99279E-05 9.99279E-05 9.99279E-05 9.99279E-05
9.99549E-05 9.99549E-05 0.034548 9.99549E-05 0.131981 0.20764 0.0437279 0.1641 0.0444064 9.99549E-05 0.0465432 9.99549E-05 0.326554
9.99188E-05 9.99188E-05 0.432108 9.99188E-05 0.199144 9.99188E-05 9.99188E-05 0.328279 9.99188E-05 9.99188E-05 9.99188E-05 9.99188E-05 0.0395697
0.0392237 0.527168 9.99369E-05 0.0382977 9.99369E-05 0.134706 9.99369E-05 0.193748 9.99369E-05 9.99369E-05 9.99369E-05 9.99369E-05 0.0661565
9.9946E-05 9.9946E-05 0.0467475 0.194983 9.9946E-05 0.519167 0.00746363 0.147423 9.9946E-05 9.9946E-05 0.0472684 0.036348 9.9946E-05
0.00517949 9.99369E-05 0.131526 0.338797 9.99369E-05 0.243995 0.0515368 0.228266 9.99369E-05 9.99369E-05 9.99369E-05 9.99369E-05 9.99369E-05
9.99369E-05 9.99369E-05 9.99369E-05 9.99369E-05 0.0253392 0.276531 9.99369E-05 0.333365 0.0495721 9.99369E-05 9.99369E-05 0.0179369 0.296556
0.0317612 9.99279E-05 9.99279E-05 0.410358 9.99279E-05 0.375329 9.99279E-05 9.99279E-05 9.99279E-05 9.99279E-05 0.00919102 9.99279E-05 0.172562
9.99459E-05 9.99459E-05 0.0849406 0.0969171 0.196428 0.218051 9.99459E-05 9.99459E-05 0.0493923 9.99459E-05 0.326115 9.99459E-05 0.0275567
9.99459E-05 9.99459E-05 0.0402388 9.99459E-05 0.121997 0.534007 0.0557535 0.14531 0.0129269 9.99459E-05 0.0891666 9.99459E-05 9.99459E-05
9.9937E-05 9.9937E-05 0.448853 9.9937E-05 0.175865 9.9937E-05 9.9937E-05 0.282397 0.0216374 0.0523382 9.9937E-05 0.0182096 9.9937E-05
0.153153 9.99368E-05 9.99368E-05 0.399489 9.99368E-05 0.000996462 9.99368E-05 0.406473 9.99368E-05 9.99368E-05 0.00729486 0.0318938 9.99368E-05
0.0371504 9.99278E-05 0.360998 9.99278E-05 0.0939621 9.99278E-05 9.99278E-05 0.266114 9.99278E-05 9.99278E-05 0.240976 9.99278E-05 9.99278E-05
9.99369E-05 9.99369E-05 0.194062 0.0154838 0.000177888 9.99369E-05 9.99369E-05 0.196078 9.99369E-05 0.361902 0.231597 9.99369E-05 9.99369E-05
9.99189E-05 0.139831 9.99189E-05 0.612498 9.99189E-05 0.0334109 9.99189E-05 0.213361 9.99189E-05 9.99189E-05 9.99189E-05 9.99189E-05 9.99189E-05
9.99279E-05 9.99279E-05 9.99279E-05 0.33138 0.199125 0.288814 0.0525105 9.99279E-05 9.99279E-05 9.99279E-05 0.127371 9.99279E-05 9.99279E-05
0.0511978 9.993E-05 9.993E-05 0.52631 9.993E-05 0.15615 0.0403123 0.147968 9.993E-05 9.993E-05 0.077363 9.993E-05 9.993E-05
9.9946E-05 0.0116991 0.495517 9.9946E-05 0.0131276 9.9946E-05 9.9946E-05 0.0319172 0.0517172 9.9946E-05 0.362622 0.0327998 9.9946E-05
0.166311 0.0184342 0.0396348 0.00968759 0.0113554 9.9973E-05 0.056027 9.9973E-05 0.013509 0.313792 0.312106 0.0588434 9.9973E-05
0.0186063 9.99549E-05 0.192366 0.0153367 0.0318165 0.0287692 9.99549E-05 0.0597373 0.0705446 9.99549E-05 0.582323 9.99549E-05 9.99549E-05
9.99279E-05 0.0760248 0.0102331 0.698467 9.99279E-05 9.99279E-05 9.99279E-05 0.209058 9.99279E-05 9.99279E-05 9.99279E-05 0.00541704 9.99279E-05
0.00407387 9.99639E-05 0.0459326 0.0256536 9.99639E-05 0.113576 0.00108257 0.0124685 0.02492 0.0516315 0.720261 9.99639E-05 9.99639E-05
9.99459E-05 9.99459E-05 0.051059 9.99459E-05 0.0127237 9.99459E-05 9.99459E-05 0.0643878 0.0348941 9.99459E-05 0.778054 0.0460943 0.0121871
9.9946E-05 0.0246454 0.199481 9.9946E-05 0.182392 9.9946E-05 9.9946E-05 0.0209016 0.0220255 9.9946E-05 0.535473 9.9946E-05 0.0144816
9.99279E-05 0.0382357 9.99279E-05 0.806523 0.0141896 9.99279E-05 9.99279E-05 9.99279E-05 9.99279E-05 9.99279E-05 0.0713036 9.99279E-05 0.0689485
0.0336629 9.99459E-05 0.0631535 0.294894 0.0118875 0.261203 9.99459E-05 0.0727509 9.99459E-05 9.99459E-05 0.261848 9.99459E-05 9.99459E-05
9.9973E-05 0.0219501 0.329896 0.0949208 0.356059 9.9973E-05 0.0137092 0.014754 0.00917752 0.030908 0.0937587 0.0345668 9.9973E-05
0.0574916 0.128727 9.9928E-05 0.321068 9.9928E-05 9.9928E-05 9.9928E-05 0.165835 9.9928E-05 9.9928E-05 0.326079 9.9928E-05 9.9928E-05
9.9946E-05 0.02485 0.171622 9.9946E-05 0.00980455 9.9946E-05 9.9946E-05 9.9946E-05 0.039074 0.0210526 0.703569 0.0294284 9.9946E-05
0.0228809 0.130516 9.9937E-05 0.0920332 9.9937E-05 0.202817 9.9937E-05 9.9937E-05 9.9937E-05 0.455628 0.0954251 9.9937E-05 9.9937E-05
0.0123126 9.99459E-05 9.99459E-05 0.237806 9.99459E-05 9.99459E-05 0.0242916 0.11968 9.99459E-05 9.99459E-05 0.575973 0.0122979 0.0170384
9.9919E-05 0.153501 0.00794267 0.752464 9.9919E-05 9.9919E-05 9.9919E-05 0.0851931 9.9919E-05 9.9919E-05 9.9919E-05 9.9919E-05 9.9919E-05
9.99369E-05 9.99369E-05 0.0712506 0.117753 9.99369E-05 0.362777 0.144564 0.0780924 9.99369E-05 9.99369E-05 0.224862 9.99369E-05 9.99369E-05
0.0309511 0.14241 9.99639E-05 0.0398447 0.0159271 0.463046 9.99639E-05 0.0944122 0.00274501 9.99639E-05 9.99639E-05 0.0371476 0.173117
0.0165771 0.643733 0.0132873 0.00913763 9.9937E-05 0.227605 9.9937E-05 9.9937E-05 9.9937E-05 9.9937E-05 9.9937E-05 9.9937E-05 0.0889611
0.058954 9.99459E-05 9.99459E-05 0.149409 9.99459E-05 0.634678 9.99459E-05 0.011055 0.00984759 9.99459E-05 0.132967 9.99459E-05 0.00248924
9.99278E-05 9.99278E-05 9.99278E-05 0.406485 9.99278E-05 9.99278E-05 0.0316523 0.0655197 9.99278E-05 9.99278E-05 0.029842 9.99278E-05 0.465702
9.99369E-05 9.99369E-05 0.0850982 0.251886 0.0895147 0.426293 0.0273792 0.119129 9.99369E-05 9.99369E-05 9.99369E-05 9.99369E-05 9.99369E-05
9.99279E-05 9.99279E-05 0.378724 9.99279E-05 0.0872449 0.327438 9.99279E-05 0.0483025 9.99279E-05 0.157492 9.99279E-05 9.99279E-05 9.99279E-05
0.001598 0.606975 9.99369E-05 9.99369E-05 9.99369E-05 0.0936105 9.99369E-05 0.271961 9.99369E-05 9.99369E-05 9.99369E-05 0.0234175 0.00173795
9.9937E-05 0.00776686 0.0953393 9.9937E-05 9.9937E-05 9.9937E-05 9.9937E-05 0.338739 0.0652268 0.473067 9.9937E-05 0.0191611 9.9937E-05
9.99459E-05 9.99459E-05 0.190022 9.99459E-05 0.0302445 0.062109 0.088024 9.99459E-05 9.99459E-05 0.00902524 0.294654 9.99459E-05 0.325321
9.99369E-05 0.0889728 9.99369E-05 9.99369E-05 0.681433 0.0752108 9.99369E-05 9.99369E-05 9.99369E-05 0.0682292 9.99369E-05 0.00516166 0.0802926
0.014789 0.606292 9.99369E-05 0.00128284 9.99369E-05 0.131228 9.99369E-05 9.99369E-05 9.99369E-05 9.99369E-05 0.0881879 9.99369E-05 0.157521
9.99279E-05 0.526527 9.99279E-05 0.292199 9.99279E-05 0.0534607 9.99279E-05 0.0253482 9.99279E-05 9.99279E-05 9.99279E-05 9.99279E-05 0.101666
9.9937E-05 9.9937E-05 0.136711 0.0553612 0.230191 9.9937E-05 9.9937E-05 0.212251 9.9937E-05 0.290919 0.0738678 9.9937E-05 9.9937E-05
0.0501614 9.99369E-05 9.99369E-05 0.230421 0.0781296 0.510874 0.0346894 9.99369E-05 9.99369E-05 9.99369E-05 0.0950248 9.99369E-05 9.99369E-05
0.0836518 9.99549E-05 0.0339004 0.0141617 9.99549E-05 0.590323 9.99549E-05 0.0154951 9.99549E-05 9.99549E-05 0.00767574 0.0153886 0.238904
9.99189E-05 0.577752 0.0285185 0.282886 9.99189E-05 9.99189E-05 9.99189E-05 9.99189E-05 9.99189E-05 9.99189E-05 9.99189E-05 9.99189E-05 0.109944
9.9946E-05 0.124897 9.9946E-05 9.9946E-05 0.115705 0.423387 9.9946E-05 0.0502369 0.0176916 9.9946E-05 9.9946E-05 0.0172912 0.250192
9.99549E-05 0.0263454 0.0782006 9.99549E-05 0.0489887 0.292064 9.99549E-05 0.157656 9.99549E-05 0.279486 9.99549E-05 0.0644817 0.052278
9.99459E-05 9.99459E-05 0.535701 0.00734688 0.311748 0.127728 0.00629576 0.0030389 0.00754179 9.99459E-05 9.99459E-05 9.99459E-05 9.99459E-05
9.99279E-05 9.99279E-05 9.99279E-05 9.99279E-05 0.54014 0.20852 9.99279E-05 9.99279E-05 0.0149916 9.99279E-05 0.205939 9.99279E-05 0.0296093
9.99459E-05 0.0695333 0.0109823 9.99459E-05 0.0453444 0.238086 9.99459E-05 9.99459E-05 0.0183174 0.365381 9.99459E-05 9.99459E-05 0.251756
9.9937E-05 9.9937E-05 0.0413283 0.797162 9.9937E-05 9.9937E-05 0.0195248 9.9937E-05 9.9937E-05 9.9937E-05 0.068313 0.0252043 0.0477683
0.00505496 9.99369E-05 0.389045 0.0390579 9.99369E-05 9.99369E-05 9.99369E-05 9.99369E-05 9.99369E-05 9.99369E-05 0.49888 0.00423327 0.0630294
9.991E-05 9.991E-05 9.991E-05 0.692588 9.991E-05 9.991E-05 9.991E-05 9.991E-05 9.991E-05 9.991E-05 0.240619 9.991E-05 0.0657934
9.99368E-05 9.99368E-05 9.99368E-05 0.320125 9.99368E-05 0.150668 0.058404 0.0254979 9.99368E-05 9.99368E-05 0.2987 9.99368E-05 0.145906
9.99369E-05 9.99369E-05 0.142459 9.99369E-05 9.99369E-05 0.0534108 0.07436 0.0323033 9.99369E-05 9.99369E-05 0.683997 0.0127698 9.99369E-05
0.000329086 0.143606 0.00740621 0.79553 9.9946E-05 9.9946E-05 9.9946E-05 0.00403924 9.9946E-05 9.9946E-05 0.0135778 0.0349122 9.9946E-05
0.0781999 0.358065 9.99278E-05 9.99278E-05 0.0946855 0.232384 9.99278E-05 9.99278E-05 9.99278E-05 9.99278E-05 9.99278E-05 9.99278E-05 0.235867
9.99549E-05 0.0167922 9.99549E-05 0.472931 0.0192322 0.411048 0.000163655 0.0664632 9.99549E-05 9.99549E-05 9.99549E-05 0.00274864 0.0101215
9.9946E-05 0.0720693 9.9946E-05 9.9946E-05 0.606146 0.103146 9.9946E-05 0.054254 0.00425297 9.9946E-05 9.9946E-05 0.0571985 0.102334
9.99459E-05 0.0832878 9.99459E-05 9.99459E-05 0.286975 0.34094 0.04679 0.154645 9.99459E-05 9.99459E-05 9.99459E-05 0.0281292 0.0586337
9.99369E-05 9.99369E-05 9.99369E-05 0.122366 0.477773 0.0780623 0.130647 0.130284 9.99369E-05 9.99369E-05 0.060168 9.99369E-05 9.99369E-05
9.99188E-05 0.502355 9.99188E-05 0.242036 0.246202 9.99188E-05 9.99188E-05 9.99188E-05 9.99188E-05 0.00850842 9.99188E-05 9.99188E-05 9.99188E-05
9.99369E-05 9.99369E-05 0.071951 0.037664 0.258673 0.0139069 0.0734979 9.99369E-05 9.99369E-05 0.543607 9.99369E-05 9.99369E-05 9.99369E-05
0.0845933 0.0794954 9.99459E-05 0.117325 0.0661432 0.366613 0.190424 9.99459E-05 9.99459E-05 9.99459E-05 9.99459E-05 9.99459E-05 0.0948068
0.0494222 9.99549E-05 0.127221 0.032678 0.55229 9.99549E-05 0.0097412 0.0439243 9.99549E-05 0.0796444 9.99549E-05 9.99549E-05 0.104579
9.99189E-05 9.99189E-05 9.99189E-05 9.99189E-05 0.375301 9.99189E-05 0.131069 9.99189E-05 9.99189E-05 0.41557 0.0771607 9.99189E-05 9.99189E-05
9.99459E-05 9.99459E-05 0.00114583 0.00957793 0.889692 0.0615943 0.0278535 9.99459E-05 9.99459E-05 9.99459E-05 9.99459E-05 0.000838247 0.00869876
9.99279E-05 9.99279E-05 0.173831 9.99279E-05 0.66092 0.0375097 0.0936257 0.0333144 9.99279E-05 9.99279E-05 9.99279E-05 9.99279E-05 9.99279E-05
0.0493235 0.0281367 9.99459E-05 0.0293623 0.852724 9.99459E-05 0.00534409 9.99459E-05 0.027481 9.99459E-05 9.99459E-05 0.00702835 9.99459E-05
0.0141555 9.99369E-05 9.99369E-05 0.185553 0.157265 0.416287 0.16599 9.99369E-05 9.99369E-05 9.99369E-05 9.99369E-05 9.99369E-05 0.0600504
0.0973184 9.993E-05 9.993E-05 0.51885 9.993E-05 0.238111 9.993E-05 0.0905079 9.993E-05 9.993E-05 9.993E-05 0.0182974 0.0362154
9.99549E-05 0.0156362 0.105799 0.0763252 0.0649247 9.99549E-05 9.99549E-05 0.152325 0.0573967 0.515183 0.0119114 9.99549E-05 9.99549E-05
9.9928E-05 0.21526 9.9928E-05 9.9928E-05 0.525925 9.9928E-05 9.9928E-05 9.9928E-05 0.0703893 0.0247265 9.9928E-05 9.9928E-05 0.1629
0.092504 0.197235 9.99729E-05 0.0333534 0.0120658 0.347023 9.99729E-05 0.0840435 9.99729E-05 0.0698399 0.00854201 0.0499428 0.10515
9.99279E-05 0.867702 9.99279E-05 9.99279E-05 0.00603146 9.99279E-05 0.0602067 0.0519768 9.99279E-05 9.99279E-05 9.99279E-05 0.0132835 9.99279E-05
9.9919E-05 0.144255 9.9919E-05 0.782359 0.0363482 0.0361389 9.9919E-05 9.9919E-05 9.9919E-05 9.9919E-05 9.9919E-05 9.9919E-05 9.9919E-05
0.0303635 0.756778 9.99369E-05 0.092456 0.0295662 0.036292 9.99369E-05 9.99369E-05 9.99369E-05 9.99369E-05 0.0538452 9.99369E-05 9.99369E-05
