0.0294609 9.9973E-05 0.11685 0.415315 0.285455 9.9973E-05 9.9973E-05 0.15262
9.9973E-05 9.9973E-05 0.0199246 0.552997 0.32041 0.00988556 9.9973E-05 0.096483
0.0350984 0.0674319 0.0395949 9.9982E-05 0.808196 0.0292281 0.0202509 9.9982E-05
0.126322 0.0337594 0.0310185 0.475465 0.0094176 9.9991E-05 0.258462 0.0654563
0.0727176 9.9973E-05 9.9973E-05 0.436497 9.9973E-05 0.0342621 0.233025 0.223198
0.390557 9.9973E-05 9.9973E-05 0.0874735 0.35711 0.0647233 9.9973E-05 0.0998363
9.99549E-05 0.153022 9.99549E-05 9.99549E-05 0.830166 9.99549E-05 0.0163127 9.99549E-05
0.234011 9.9964E-05 9.9964E-05 0.139359 0.541999 0.0842314 9.9964E-05 9.9964E-05
0.155221 9.9982E-05 0.0167295 0.453186 0.189569 0.032771 0.152323 9.9982E-05
0.389732 0.359832 0.0523916 9.99639E-05 0.197645 9.99639E-05 9.99639E-05 9.99639E-05
0.124512 9.9982E-05 0.0251833 0.652473 0.0792703 9.9982E-05 0.0324906 0.0858707
0.25309 9.9955E-05 9.9955E-05 0.565298 9.9955E-05 9.9955E-05 0.181112 9.9955E-05
0.029172 0.0630303 0.00991416 0.087027 0.218629 0.0625005 0.25468 0.275047
0.277603 9.9955E-05 0.00209825 9.9955E-05 0.719799 9.9955E-05 9.9955E-05 9.9955E-05
0.0830118 0.0298482 9.9955E-05 0.88664 9.9955E-05 9.9955E-05 9.9955E-05 9.9955E-05
0.0804624 0.403454 0.0240912 9.9982E-05 0.439359 0.0430711 9.9982E-05 0.00936193
0.0557683 0.0747581 9.9964E-05 9.9964E-05 0.821424 9.9964E-05 0.0476498 9.9964E-05
9.99549E-05 9.99549E-05 9.99549E-05 0.115787 0.849332 9.99549E-05 9.99549E-05 0.0343811
0.0599074 9.9973E-05 9.9973E-05 0.294517 0.310002 9.9973E-05 0.305507 0.0297663
9.9964E-05 0.0121277 0.854329 0.0912231 9.9964E-05 9.9964E-05 9.9964E-05 0.0419204
9.9946E-05 9.9946E-05 0.837276 9.9946E-05 9.9946E-05 9.9946E-05 0.162124 9.9946E-05
0.0321066 9.99549E-05 0.892815 9.99549E-05 9.99549E-05 9.99549E-05 9.99549E-05 0.0745789
9.99459E-05 9.99459E-05 0.636587 9.99459E-05 9.99459E-05 9.99459E-05 0.362813 9.99459E-05
9.99549E-05 9.99549E-05 0.754055 0.128845 9.99549E-05 9.99549E-05 0.1166 9.99549E-05
0.0224748 0.0317435 0.480751 9.99729E-05 0.273364 0.191367 9.99729E-05 9.99729E-05
0.0324321 9.99639E-05 0.459467 0.380027 9.99639E-05 0.127674 9.99639E-05 9.99639E-05
9.99549E-05 0.5618 0.229623 9.99549E-05 9.99549E-05 0.208077 9.99549E-05 9.99549E-05
9.9973E-05 9.9973E-05 0.385762 0.213311 9.9973E-05 0.110147 0.156803 0.133678
0.018977 0.0171309 0.872273 9.99639E-05 9.99639E-05 9.99639E-05 9.99639E-05 0.0912193
9.99459E-05 9.99459E-05 0.84786 9.99459E-05 9.99459E-05 9.99459E-05 0.15154 9.99459E-05
9.9964E-05 0.225979 0.598967 9.9964E-05 0.0435133 9.9964E-05 0.131141 9.9964E-05
0.0528131 0.0456833 0.261347 9.9982E-05 0.0622784 0.442268 9.9982E-05 0.135409
9.99549E-05 0.361066 0.618959 9.99549E-05 0.0194756 9.99549E-05 9.99549E-05 9.99549E-05
9.99549E-05 9.99549E-05 0.711297 9.99549E-05 0.28213 0.00607352 9.99549E-05 9.99549E-05
0.000451096 9.99549E-05 0.85338 9.99549E-05 9.99549E-05 9.99549E-05 0.145669 9.99549E-05
9.99549E-05 9.99549E-05 0.77623 0.155547 9.99549E-05 9.99549E-05 0.0677239 9.99549E-05
9.9955E-05 0.0928505 0.747738 0.158912 9.9955E-05 9.9955E-05 9.9955E-05 9.9955E-05
9.99459E-05 9.99459E-05 0.667131 9.99459E-05 9.99459E-05 9.99459E-05 0.33227 9.99459E-05
9.99639E-05 9.99639E-05 9.99639E-05 0.0903617 9.99639E-05 0.828055 0.0205893 0.0605941
9.9955E-05 0.273535 9.9955E-05 9.9955E-05 9.9955E-05 0.65198 9.9955E-05 0.073986
9.9955E-05 0.480581 0.087869 9.9955E-05 9.9955E-05 0.43105 9.9955E-05 9.9955E-05
9.9973E-05 0.0865573 0.0186314 9.9973E-05 9.9973E-05 0.517177 0.331794 0.0455398
0.0291614 0.0200862 0.299225 9.9982E-05 0.0441956 0.551075 9.9982E-05 0.056057
0.0265231 0.164476 0.108341 9.9973E-05 0.143695 0.556665 9.9973E-05 9.9973E-05
9.9964E-05 9.9964E-05 0.124383 0.351996 9.9964E-05 0.304985 0.218236 9.9964E-05
9.9955E-05 9.9955E-05 9.9955E-05 0.418255 9.9955E-05 0.577465 0.00378064 9.9955E-05
9.99639E-05 0.290735 0.179826 9.99639E-05 0.13657 0.392469 9.99639E-05 9.99639E-05
0.0640682 9.99639E-05 9.99639E-05 0.0660783 9.99639E-05 0.810094 9.99639E-05 0.0593592
9.9946E-05 0.672952 9.9946E-05 9.9946E-05 9.9946E-05 0.326448 9.9946E-05 9.9946E-05
9.9955E-05 9.9955E-05 9.9955E-05 0.227777 9.9955E-05 0.702563 0.0691597 9.9955E-05
9.9955E-05 0.258173 9.9955E-05 9.9955E-05 9.9955E-05 0.694068 9.9955E-05 0.0472591
0.0103813 9.9973E-05 0.0850763 9.9973E-05 9.9973E-05 0.510268 0.286327 0.107648
0.0133288 9.99639E-05 0.182029 0.400826 9.99639E-05 0.403416 9.99639E-05 9.99639E-05
9.9955E-05 9.9955E-05 0.030568 0.45401 9.9955E-05 0.514922 9.9955E-05 9.9955E-05
9.9964E-05 9.9964E-05 0.0974141 0.112406 9.9964E-05 0.363227 0.426553 9.9964E-05
9.9964E-05 9.9964E-05 0.486878 9.9964E-05 0.0241352 0.0268929 0.461694 9.9964E-05
9.99639E-05 0.104971 9.99639E-05 9.99639E-05 0.0387847 0.771847 9.99639E-05 0.0839974
9.9973E-05 0.12653 0.100343 9.9973E-05 9.9973E-05 0.596549 0.129087 0.0471907
9.99549E-05 0.251512 9.99549E-05 9.99549E-05 9.99549E-05 0.685574 9.99549E-05 0.0624136
9.99549E-05 9.99549E-05 9.99549E-05 0.13124 9.99549E-05 0.737337 0.130923 9.99549E-05
9.99549E-05 9.99549E-05 0.074434 0.240934 9.99549E-05 0.684132 9.99549E-05 9.99549E-05
9.99459E-05 9.99459E-05 9.99459E-05 0.329822 9.99459E-05 0.669578 9.99459E-05 9.99459E-05
9.9973E-05 0.119295 0.0758923 9.9973E-05 0.14762 0.520717 9.9973E-05 0.136176
9.99549E-05 9.99549E-05 0.0253981 9.99549E-05 9.99549E-05 0.49949 0.474612 9.99549E-05
9.99549E-05 0.171284 9.99549E-05 9.99549E-05 0.355179 0.473037 9.99549E-05 9.99549E-05
0.0497282 9.99639E-05 0.21127 0.394556 9.99639E-05 0.344046 9.99639E-05 9.99639E-05
9.9955E-05 9.9955E-05 9.9955E-05 0.185557 9.9955E-05 0.61385 0.200093 9.9955E-05
9.9955E-05 9.9955E-05 9.9955E-05 0.331453 9.9955E-05 0.575674 0.0923732 9.9955E-05
0.00195301 9.99729E-05 0.230196 0.214661 0.137789 0.415101 9.99729E-05 9.99729E-05
0.143864 9.99729E-05 0.371796 9.99729E-05 0.0567601 0.341946 9.99729E-05 0.0853339
9.99639E-05 0.404363 0.270358 9.99639E-05 9.99639E-05 0.287561 9.99639E-05 0.037318
9.99549E-05 0.325629 9.99549E-05 9.99549E-05 0.138939 0.534932 9.99549E-05 9.99549E-05
9.9955E-05 9.9955E-05 0.685319 0.0465435 9.9955E-05 9.9955E-05 0.267637 9.9955E-05
9.99549E-05 0.210478 9.99549E-05 9.99549E-05 0.135933 0.653089 9.99549E-05 9.99549E-05
9.99549E-05 9.99549E-05 0.0690647 0.30506 9.99549E-05 0.625375 9.99549E-05 9.99549E-05
0.00634338 9.9973E-05 0.297375 0.332923 9.9973E-05 0.255138 0.10792 9.9973E-05
9.99549E-05 0.168343 0.754186 9.99549E-05 0.0769718 9.99549E-05 9.99549E-05 9.99549E-05
9.9964E-05 0.533768 0.211641 9.9964E-05 0.0152613 0.23893 9.9964E-05 9.9964E-05
9.99639E-05 0.0574856 0.748171 9.99639E-05 0.181741 0.0122026 9.99639E-05 9.99639E-05
0.0945027 9.99639E-05 0.421311 9.99639E-05 9.99639E-05 0.30057 9.99639E-05 0.183217
9.9964E-05 0.515811 0.172589 9.9964E-05 9.9964E-05 0.263169 9.9964E-05 0.048032
9.99549E-05 9.99549E-05 0.206021 9.99549E-05 9.99549E-05 0.448309 0.34517 9.99549E-05
9.99639E-05 0.0414608 9.99639E-05 9.99639E-05 9.99639E-05 0.731926 0.211146 0.0150666
9.9964E-05 0.100038 0.127158 9.9964E-05 9.9964E-05 0.478307 0.294097 9.9964E-05
9.99549E-05 0.288192 9.99549E-05 9.99549E-05 0.0567927 0.654516 9.99549E-05 9.99549E-05
9.9973E-05 9.9973E-05 0.117765 0.111415 9.9973E-05 0.608053 0.0174388 0.145028
9.99549E-05 9.99549E-05 9.99549E-05 0.169837 9.99549E-05 0.592541 0.237123 9.99549E-05
0.0417276 9.99639E-05 0.405355 9.99639E-05 0.367018 0.185501 9.99639E-05 9.99639E-05
9.9964E-05 0.151715 0.00541062 9.9964E-05 0.323744 0.518731 9.9964E-05 9.9964E-05
9.9964E-05 9.9964E-05 0.433731 0.321416 0.0430184 0.201435 9.9964E-05 9.9964E-05
9.99549E-05 9.99549E-05 0.0140539 9.99549E-05 0.403716 0.58173 9.99549E-05 9.99549E-05
9.9955E-05 9.9955E-05 0.0640284 9.9955E-05 0.440905 0.494566 9.9955E-05 9.9955E-05
9.9964E-05 9.9964E-05 0.176307 0.423006 9.9964E-05 0.323707 0.0765792 9.9964E-05
9.9955E-05 9.9955E-05 9.9955E-05 9.9955E-05 0.348003 0.647634 0.00386297 9.9955E-05
0.0532961 9.9964E-05 0.170298 9.9964E-05 0.310265 0.465741 9.9964E-05 9.9964E-05
9.99549E-05 0.393447 9.99549E-05 9.99549E-05 9.99549E-05 0.0257714 9.99549E-05 0.580282
9.9982E-05 0.201262 0.0320642 9.9982E-05 0.0507579 0.0864854 0.00283537 0.626395
9.9964E-05 0.03515 9.9964E-05 9.9964E-05 9.9964E-05 0.00456426 0.183091 0.776795
0.00824503 9.9982E-05 9.9982E-05 0.374702 0.0859131 0.00710857 0.0366829 0.487149
0.0175382 0.377795 9.99639E-05 9.99639E-05 0.0129712 9.99639E-05 9.99639E-05 0.591295
0.0565347 9.9982E-05 0.00308746 0.285544 0.332848 9.9982E-05 0.0757763 0.24601
9.99549E-05 0.117692 9.99549E-05 9.99549E-05 0.524563 9.99549E-05 9.99549E-05 0.357245
9.99459E-05 0.278373 9.99459E-05 9.99459E-05 9.99459E-05 9.99459E-05 9.99459E-05 0.721027
0.0969677 9.99639E-05 0.0499267 9.99639E-05 0.13525 9.99639E-05 9.99639E-05 0.717456
9.9964E-05 9.9964E-05 0.0571132 0.268285 9.9964E-05 9.9964E-05 0.0915667 0.582635
0.0899881 0.652063 9.9955E-05 9.9955E-05 9.9955E-05 9.9955E-05 9.9955E-05 0.25745
9.9964E-05 0.0870383 0.041781 0.437816 9.9964E-05 9.9964E-05 9.9964E-05 0.432965
9.99549E-05 0.157237 9.99549E-05 9.99549E-05 0.123266 9.99549E-05 9.99549E-05 0.718997
0.0276814 9.99729E-05 9.99729E-05 0.199643 0.148682 0.0471524 9.99729E-05 0.576542
0.140669 0.0688671 0.0665916 9.9973E-05 9.9973E-05 9.9973E-05 0.00608512 0.717487
0.0338829 0.088366 0.0417475 0.0126617 0.54728 9.9982E-05 9.9982E-05 0.275862
9.99639E-05 9.99639E-05 9.99639E-05 0.403846 9.99639E-05 0.0453428 0.145956 0.404455
9.99549E-05 9.99549E-05 9.99549E-05 9.99549E-05 0.0537656 9.99549E-05 0.576593 0.369142
0.109357 0.0474044 0.0844131 9.9982E-05 0.0181132 0.112232 9.9982E-05 0.62828
9.99549E-05 0.0801091 9.99549E-05 9.99549E-05 0.308792 9.99549E-05 9.99549E-05 0.610599
0.0774621 9.9964E-05 0.0745178 0.087665 9.9964E-05 9.9964E-05 9.9964E-05 0.759955
9.99459E-05 9.99459E-05 9.99459E-05 9.99459E-05 9.99459E-05 9.99459E-05 0.330887 0.668513
0.126302 9.9982E-05 0.0365208 0.494082 0.100763 9.9982E-05 0.107464 0.134668
0.675405 0.0655681 9.99549E-05 9.99549E-05 0.258528 9.99549E-05 9.99549E-05 9.99549E-05
0.029586 0.00966314 9.9991E-05 0.062465 0.213668 0.0321217 0.603779 0.048617
0.21658 0.105448 0.00474273 9.99729E-05 0.52238 9.99729E-05 9.99729E-05 0.150549
0.460627 0.538774 9.99459E-05 9.99459E-05 9.99459E-05 9.99459E-05 9.99459E-05 9.99459E-05
0.0817936 0.00504556 9.9982E-05 0.596869 0.0828784 9.9982E-05 0.228832 0.00438186
0.722843 0.0579769 0.0172823 0.172108 9.9973E-05 9.9973E-05 0.0294906 9.9973E-05
0.100163 9.9982E-05 9.9982E-05 0.179529 0.445317 0.102335 0.0275545 0.144901
0.711308 9.99459E-05 9.99459E-05 9.99459E-05 9.99459E-05 9.99459E-05 0.288092 9.99459E-05
0.226629 0.35518 9.9964E-05 9.9964E-05 0.401584 9.9964E-05 0.0162072 9.9964E-05
0.206077 9.99729E-05 9.99729E-05 0.569939 9.99729E-05 0.0406236 0.10694 0.0761208
0.534093 9.99459E-05 9.99459E-05 9.99459E-05 9.99459E-05 9.99459E-05 0.465307 9.99459E-05
0.381426 0.617975 9.99459E-05 9.99459E-05 9.99459E-05 9.99459E-05 9.99459E-05 9.99459E-05
9.9973E-05 0.0257786 9.9973E-05 0.774471 0.00700221 9.9973E-05 0.15841 0.0340381
0.527872 9.99549E-05 9.99549E-05 0.147641 9.99549E-05 9.99549E-05 0.323987 9.99549E-05
0.00860305 9.99639E-05 9.99639E-05 0.30552 0.299026 9.99639E-05 0.386452 9.99639E-05
0.42854 0.57086 9.99459E-05 9.99459E-05 9.99459E-05 9.99459E-05 9.99459E-05 9.99459E-05
0.341173 9.99639E-05 9.99639E-05 0.212913 0.0178236 9.99639E-05 0.42769 9.99639E-05
0.000933234 9.9982E-05 0.00311517 0.777091 0.0137734 0.0208246 9.9982E-05 0.184063
0.224197 9.99639E-05 0.0185326 0.167946 0.588924 9.99639E-05 9.99639E-05 9.99639E-05
9.9982E-05 0.111676 0.0655791 0.0350772 0.209674 9.9982E-05 0.453102 0.124692
0.152534 0.0215584 0.0334736 0.104354 0.177108 9.9991E-05 0.444542 0.0663303
0.490988 0.418735 9.99549E-05 9.99549E-05 0.0897775 9.99549E-05 9.99549E-05 9.99549E-05
0.171155 9.9973E-05 0.0745095 0.414314 0.304714 0.0350079 9.9973E-05 9.9973E-05
0.766155 9.99729E-05 9.99729E-05 0.0339276 0.123705 0.0133441 9.99729E-05 0.0625684
0.2169 0.220189 0.0440366 9.9982E-05 0.218814 0.0457276 9.9982E-05 0.254133
0.202198 9.9991E-05 0.0240939 0.312029 0.0751406 0.0518312 0.21274 0.121867
0.348999 0.0132373 0.000386933 0.093402 9.9982E-05 0.0771321 9.9982E-05 0.466642
0.0188169 0.833534 0.043572 0.0378161 9.9982E-05 0.0160104 0.0500504 9.9982E-05
0.37077 0.0512143 0.0380471 9.9982E-05 0.341299 0.0143195 9.9982E-05 0.18415
0.150857 0.233638 0.0266374 9.9982E-05 0.440074 0.0129687 9.9982E-05 0.135625
0.200733 0.266088 0.0852076 0.364385 9.9982E-05 9.9982E-05 0.0539302 0.0294561
0.0780551 0.540478 9.99549E-05 9.99549E-05 0.380968 9.99549E-05 9.99549E-05 9.99549E-05
0.00744284 9.99639E-05 9.99639E-05 0.43243 0.185311 9.99639E-05 0.374416 9.99639E-05
0.19752 0.414694 9.99639E-05 9.99639E-05 0.310341 9.99639E-05 9.99639E-05 0.0770447
0.393427 0.122462 9.9964E-05 9.9964E-05 9.9964E-05 9.9964E-05 0.407745 0.0759666
0.16028 0.0616718 9.9973E-05 0.130904 9.9973E-05 9.9973E-05 0.495179 0.151665
0.347985 9.9973E-05 0.0143452 0.173929 9.9973E-05 0.116836 9.9973E-05 0.346605
0.128383 9.99729E-05 9.99729E-05 0.180358 0.378608 0.0458491 9.99729E-05 0.266502
0.361395 0.0450043 0.0568271 0.103837 0.0337957 0.00441537 9.9991E-05 0.394626
0.0895195 0.0876227 9.99729E-05 9.99729E-05 0.0950812 9.99729E-05 0.452105 0.275372
9.9964E-05 0.729443 9.9964E-05 0.0518176 0.111458 9.9964E-05 9.9964E-05 0.106882
0.309319 0.684866 9.99549E-05 9.99549E-05 9.99549E-05 9.99549E-05 9.99549E-05 0.00531528
0.251364 0.069091 9.9964E-05 9.9964E-05 0.634349 0.0447959 9.9964E-05 9.9964E-05
0.253533 0.595229 0.00389755 9.9982E-05 0.0810892 0.0484446 9.9982E-05 0.0176061
9.9955E-05 0.850605 9.9955E-05 0.118955 9.9955E-05 9.9955E-05 9.9955E-05 0.029941
0.329746 0.0641891 9.9964E-05 9.9964E-05 0.502278 0.103387 9.9964E-05 9.9964E-05
0.184792 0.166566 9.99639E-05 0.0536427 0.5946 9.99639E-05 9.99639E-05 9.99639E-05
0.0543588 9.9973E-05 0.0697652 0.745878 9.9973E-05 0.00664848 0.123049 9.9973E-05
9.99639E-05 9.99639E-05 0.0246441 0.616401 0.146093 9.99639E-05 0.212463 9.99639E-05
0.0275198 9.99639E-05 0.0533822 0.186738 0.731961 9.99639E-05 9.99639E-05 9.99639E-05
9.99639E-05 0.0205153 9.99639E-05 0.796961 0.123079 9.99639E-05 0.0590449 9.99639E-05
9.9964E-05 9.9964E-05 9.9964E-05 0.7659 0.0398188 9.9964E-05 0.166752 0.0271292
9.99639E-05 9.99639E-05 0.0650687 0.121793 0.210937 9.99639E-05 0.601802 9.99639E-05
9.99549E-05 9.99549E-05 9.99549E-05 0.505939 0.142091 9.99549E-05 0.351471 9.99549E-05
9.9964E-05 0.134291 0.0435812 0.102142 0.719585 9.9964E-05 9.9964E-05 9.9964E-05
0.152108 0.558949 9.9955E-05 9.9955E-05 0.288444 9.9955E-05 9.9955E-05 9.9955E-05
0.0159028 9.9973E-05 9.9973E-05 0.532625 0.278605 0.0703554 9.9973E-05 0.102212
9.9973E-05 0.125031 0.0104874 9.9973E-05 0.834411 9.9973E-05 0.0248541 0.00491696
0.02156 9.9982E-05 0.111845 0.0470954 0.754108 0.0598397 0.00535171 9.9982E-05
9.9964E-05 9.9964E-05 0.0107244 0.402072 0.551434 9.9964E-05 9.9964E-05 0.0353691
0.0805279 0.178031 9.9955E-05 9.9955E-05 0.740941 9.9955E-05 9.9955E-05 9.9955E-05
9.9982E-05 0.0923356 9.9982E-05 0.149776 0.645208 0.0324813 0.0319628 0.0480358
0.286784 9.9973E-05 0.100567 0.430496 0.120257 0.0615962 9.9973E-05 9.9973E-05
9.9973E-05 0.0732829 0.0447106 0.207709 0.621672 0.0523255 9.9973E-05 9.9973E-05
9.9973E-05 9.9973E-05 9.9973E-05 0.189279 0.606337 0.0260923 0.00298558 0.175006
9.9964E-05 0.0711493 9.9964E-05 0.848229 0.0475429 9.9964E-05 0.0326794 9.9964E-05
0.0220351 9.9982E-05 9.9982E-05 0.554423 0.280706 0.0406955 0.0269383 0.0750023
9.9973E-05 0.314211 9.9973E-05 0.000938171 0.623371 0.0273538 0.0338262 9.9973E-05
9.9973E-05 9.9973E-05 9.9973E-05 0.00334553 0.883447 0.0224549 0.0422347 0.0482177
0.0922787 0.438304 9.9955E-05 9.9955E-05 0.468917 9.9955E-05 9.9955E-05 9.9955E-05
0.019885 9.9964E-05 9.9964E-05 0.803226 0.105235 9.9964E-05 0.0712539 9.9964E-05
0.12356 9.9973E-05 0.0178259 0.432147 0.390464 0.0357029 9.9973E-05 9.9973E-05
0.0702824 0.292874 9.99639E-05 9.99639E-05 0.626841 0.0096032 9.99639E-05 9.99639E-05
0.255012 9.9973E-05 9.9973E-05 0.520778 9.9973E-05 0.0465432 0.15461 0.0227558
0.405028 0.0343614 0.0508038 0.509407 9.9964E-05 9.9964E-05 9.9964E-05 9.9964E-05
0.116178 0.335915 0.0697957 9.9982E-05 0.390187 0.0622977 9.9982E-05 0.025427
0.685414 0.150828 0.0223095 9.9982E-05 0.0141581 0.00169787 9.9982E-05 0.125392
0.158648 0.0547117 0.145872 0.640369 9.9964E-05 9.9964E-05 9.9964E-05 9.9964E-05
0.383673 9.99549E-05 9.99549E-05 0.392066 9.99549E-05 9.99549E-05 0.223762 9.99549E-05
0.281436 9.9964E-05 9.9964E-05 0.495337 9.9964E-05 0.0516459 0.171181 9.9964E-05
0.299188 0.700213 9.9946E-05 9.9946E-05 9.9946E-05 9.9946E-05 9.9946E-05 9.9946E-05
0.44622 9.9964E-05 0.0105584 9.9964E-05 0.533883 0.00893798 9.9964E-05 9.9964E-05
0.249147 9.99729E-05 9.99729E-05 0.295436 0.0174137 0.0426319 9.99729E-05 0.395071
0.325144 9.9964E-05 9.9964E-05 0.653364 9.9964E-05 9.9964E-05 0.00765008 0.0134417
0.269609 0.51499 9.99639E-05 9.99639E-05 0.100423 9.99639E-05 9.99639E-05 0.114578
0.288268 9.9964E-05 0.0563529 0.110292 0.544686 9.9964E-05 9.9964E-05 9.9964E-05
0.315595 9.9973E-05 0.0169801 0.070317 0.572672 0.024136 9.9973E-05 9.9973E-05
0.45056 9.99639E-05 0.00833378 0.126511 9.99639E-05 9.99639E-05 9.99639E-05 0.414195
0.0401488 0.0283754 9.9964E-05 9.9964E-05 0.686554 9.9964E-05 9.9964E-05 0.244522
0.00775274 9.99729E-05 9.99729E-05 0.586787 0.24554 0.0497845 9.99729E-05 0.109835
0.328068 9.99729E-05 9.99729E-05 0.390486 0.132331 0.0143206 9.99729E-05 0.134494
0.266742 9.9964E-05 0.0355906 0.464502 9.9964E-05 9.9964E-05 0.232766 9.9964E-05
0.379449 0.1281 0.011292 9.99729E-05 0.342203 0.138656 9.99729E-05 9.99729E-05
0.276429 9.99639E-05 9.99639E-05 0.654546 9.99639E-05 0.0488659 0.0197597 9.99639E-05
0.185266 9.9964E-05 9.9964E-05 0.265835 0.109084 9.9964E-05 0.439415 9.9964E-05
0.202508 0.32205 9.99549E-05 9.99549E-05 0.474942 9.99549E-05 9.99549E-05 9.99549E-05
0.047788 0.055177 9.99639E-05 0.315013 0.581622 9.99639E-05 9.99639E-05 9.99639E-05
0.169895 9.9955E-05 9.9955E-05 9.9955E-05 0.76057 0.0690349 9.9955E-05 9.9955E-05
0.0563812 9.9964E-05 0.059749 0.777536 9.9964E-05 9.9964E-05 0.105934 9.9964E-05
0.0130925 9.9991E-05 0.0826521 0.180302 0.1092 0.187707 0.394331 0.0326154
0.0483049 9.9973E-05 9.9973E-05 0.692768 0.103374 0.103387 0.0518656 9.9973E-05
0.184391 0.274782 9.9955E-05 9.9955E-05 0.540328 9.9955E-05 9.9955E-05 9.9955E-05
0.0400888 9.9982E-05 9.9982E-05 0.573658 0.214256 0.0591829 0.0941346 0.0184802
0.0793033 9.9991E-05 0.0283941 0.697633 0.0290148 0.0392115 0.0237638 0.102579
0.0222661 0.0395809 9.9973E-05 0.76384 9.9973E-05 9.9973E-05 0.0917058 0.0823069
9.9955E-05 0.244599 9.9955E-05 9.9955E-05 0.710669 9.9955E-05 9.9955E-05 0.0442317
0.115603 9.9973E-05 0.0220002 0.303982 0.545034 9.9973E-05 9.9973E-05 0.0130808
9.9973E-05 0.107875 0.0616006 0.653911 0.0512474 9.9973E-05 0.125065 9.9973E-05
0.208856 0.144729 9.9982E-05 0.0412002 0.453658 0.0812606 0.0700957 9.9982E-05
0.0119864 9.9991E-05 0.0283209 0.731774 0.00977723 0.0273562 0.136351 0.0543343
0.00629539 0.161505 9.9982E-05 0.0390884 0.287514 9.9982E-05 0.434406 0.0709911
0.148652 9.9982E-05 0.0237562 0.320403 0.36526 0.0626274 9.9982E-05 0.0791019
0.0412021 0.414641 9.9955E-05 9.9955E-05 0.543657 9.9955E-05 9.9955E-05 9.9955E-05
0.201631 9.9991E-05 0.0261979 0.282674 0.44624 0.019692 0.00924502 0.0142195
0.244385 0.169497 0.0357877 0.00415431 0.251413 9.99819E-05 9.99819E-05 0.294563
0.102927 0.613647 9.9973E-05 0.00836336 0.130258 9.9973E-05 9.9973E-05 0.144505
0.163911 9.99729E-05 9.99729E-05 0.103851 0.561155 0.0372552 9.99729E-05 0.133527
0.0487784 9.99549E-05 9.99549E-05 9.99549E-05 0.502123 9.99549E-05 9.99549E-05 0.448599
0.240246 0.0357856 9.99729E-05 0.182405 0.505254 9.99729E-05 9.99729E-05 0.036009
0.159233 9.99729E-05 9.99729E-05 0.409461 0.124357 9.99729E-05 0.273831 0.0328185
0.377418 0.561552 0.00304479 9.9973E-05 0.0287335 9.9973E-05 9.9973E-05 0.0289521
0.328558 0.0230588 0.0238535 0.0057483 9.9982E-05 0.0110349 0.607547 9.9982E-05
9.99729E-05 9.99729E-05 0.0238028 0.441409 0.0928682 9.99729E-05 0.0791419 0.362478
9.9973E-05 0.243653 0.0389911 0.526 9.9973E-05 9.9973E-05 0.0592993 0.131757
9.99639E-05 0.603195 9.99639E-05 0.0582288 0.108265 9.99639E-05 9.99639E-05 0.229912
0.0343948 0.630594 9.99639E-05 9.99639E-05 0.24408 9.99639E-05 9.99639E-05 0.0905304
0.214951 9.9964E-05 9.9964E-05 0.336823 0.0906223 9.9964E-05 0.357203 9.9964E-05
0.0617745 9.9982E-05 0.0202727 0.136796 0.659058 0.0583439 9.9982E-05 0.0635545
0.178634 0.0104887 0.0137962 0.111025 0.30893 0.0130675 9.9991E-05 0.363959
9.99549E-05 0.732474 9.99549E-05 9.99549E-05 0.143484 9.99549E-05 9.99549E-05 0.123542
0.241212 0.149575 9.99639E-05 0.192255 9.99639E-05 9.99639E-05 9.99639E-05 0.416558
0.296581 0.0483461 0.0404621 0.13568 0.0189513 9.9991E-05 0.305277 0.154603
0.0258675 0.0767227 0.0209658 0.841899 0.034245 9.9973E-05 9.9973E-05 9.9973E-05
0.0189375 0.0230688 9.9973E-05 0.725405 0.0224908 9.9973E-05 9.9973E-05 0.209798
0.0240341 0.105706 9.9982E-05 0.102898 0.0748026 9.9982E-05 0.352515 0.339845
9.9973E-05 0.165182 0.0545556 9.9973E-05 0.765697 9.9973E-05 0.00138255 0.0128831
9.9973E-05 9.9973E-05 9.9973E-05 0.744711 0.102184 0.0155824 0.0416616 0.0955607
9.9964E-05 0.0947297 9.9964E-05 9.9964E-05 0.789614 9.9964E-05 0.0636823 0.0515746
0.0458453 9.9982E-05 9.9982E-05 0.12406 0.597644 0.0219339 0.0182752 0.192042
0.0930565 9.9982E-05 0.0218011 0.673782 0.0964554 0.0277107 0.0869948 9.9982E-05
9.9964E-05 0.419999 0.0245554 9.9964E-05 0.546997 0.00804957 9.9964E-05 9.9964E-05
0.0300539 0.436211 9.9982E-05 0.0443114 0.133243 0.000136471 9.9982E-05 0.355844
0.173826 0.0927657 9.99639E-05 9.99639E-05 0.693285 9.99639E-05 9.99639E-05 0.0397237
0.10398 0.216081 0.0847647 0.44949 9.9973E-05 9.9973E-05 9.9973E-05 0.145384
0.317014 0.131678 0.0604779 0.218815 0.116016 9.9982E-05 9.9982E-05 0.155798
0.155815 0.0840345 0.0681485 0.486193 0.205509 9.9973E-05 9.9973E-05 9.9973E-05
9.99549E-05 0.710507 9.99549E-05 9.99549E-05 0.246023 9.99549E-05 0.0429696 9.99549E-05
0.0163461 0.057448 9.9982E-05 0.162166 0.132975 0.00380863 0.627056 9.9982E-05
0.0891293 0.113539 0.0454067 0.0667472 0.3615 0.163955 9.9991E-05 0.159623
0.0222397 0.0738001 0.0395111 0.561879 0.0648228 0.0395196 0.0971195 0.101108
9.9991E-05 0.0827131 0.0304635 0.327361 0.0659925 0.0111936 0.465112 0.0170639
9.99639E-05 0.20585 0.0549496 0.73546 9.99639E-05 9.99639E-05 9.99639E-05 0.00334121
0.0404031 0.10993 0.0795652 0.768791 9.9973E-05 0.00101027 9.9973E-05 9.9973E-05
9.99639E-05 0.263879 0.0703718 0.630075 9.99639E-05 0.035274 9.99639E-05 9.99639E-05
0.0173513 0.0250022 0.107005 0.0678303 0.55787 0.0576386 9.9991E-05 0.167203
0.135935 0.0363433 0.023348 9.9982E-05 0.673727 0.0651423 9.9982E-05 0.0653045
0.158008 0.0795444 9.9982E-05 0.0920958 0.0424952 0.0290136 0.598643 9.9982E-05
0.0183042 0.316357 0.00138529 0.402895 9.9982E-05 9.9982E-05 0.0403747 0.220484
0.207751 0.199901 0.0514226 9.9991E-05 0.222973 0.0612508 0.0583279 0.198274
0.12688 0.83759 0.031986 9.9964E-05 9.9964E-05 9.9964E-05 9.9964E-05 0.00314428
9.9946E-05 0.356075 9.9946E-05 9.9946E-05 0.643325 9.9946E-05 9.9946E-05 9.9946E-05
0.0326921 0.800333 9.9982E-05 0.0440979 0.101121 0.00484608 9.9982E-05 0.0167102
