9.9991E-05 0.414064 0.0174477 0.430675 0.137713
9.9982E-05 0.512911 0.0479098 0.438979 9.9982E-05
0.0845378 9.9991E-05 0.0363083 0.848909 0.0301454
0.0984135 0.731933 9.9991E-05 0.0647686 0.104785
0.077359 0.780253 0.106137 9.9991E-05 0.0361508
0.0475698 0.198579 0.100263 0.595984 0.0576042
0.124568 9.9973E-05 9.9973E-05 0.875132 9.9973E-05
9.999E-05 0.139957 0.11546 0.739161 0.00532225
9.999E-05 0.568905 0.0310709 0.325086 0.0748385
0.459493 9.9982E-05 9.9982E-05 0.364893 0.175415
0.00625719 0.675276 9.9991E-05 0.243781 0.0745863
9.9982E-05 0.765799 9.9982E-05 0.15975 0.0742509
0.22554 0.384868 0.110098 0.217987 0.0615066
0.0142536 9.9982E-05 9.9982E-05 0.917386 0.0681602
9.9982E-05 0.805261 9.9982E-05 0.161171 0.0333677
0.437018 9.9991E-05 0.0597916 0.475389 0.0277019
0.101787 0.0358778 9.9982E-05 0.862135 9.9982E-05
9.9973E-05 0.0667205 9.9973E-05 0.93298 9.9973E-05
9.9982E-05 0.61323 9.9982E-05 0.362727 0.0238437
0.0457328 0.0631231 0.00442 9.9991E-05 0.886624
0.015702 0.045024 9.9982E-05 9.9982E-05 0.939074
0.0101305 9.9982E-05 9.9982E-05 0.0260967 0.963573
9.9973E-05 0.227766 9.9973E-05 9.9973E-05 0.771935
9.9973E-05 0.191546 9.9973E-05 9.9973E-05 0.808154
9.9982E-05 9.9982E-05 0.185425 0.325433 0.488942
9.9982E-05 0.357834 0.163908 9.9982E-05 0.478058
0.487176 9.9982E-05 0.266694 9.9982E-05 0.24593
0.0660608 0.363373 0.14791 9.9991E-05 0.422557
0.0890943 9.9982E-05 9.9982E-05 0.0138632 0.896842
9.9973E-05 0.0598865 9.9973E-05 9.9973E-05 0.939814
0.217408 0.0014868 0.00358948 0.101489 0.676027
0.11033 9.9991E-05 0.477961 0.126881 0.284728
0.316506 9.9982E-05 9.9982E-05 0.0405588 0.642735
9.9982E-05 9.9982E-05 0.0169881 0.295065 0.687746
9.9973E-05 0.075371 9.9973E-05 9.9973E-05 0.924329
9.9973E-05 0.197539 9.9973E-05 9.9973E-05 0.802161
0.091171 0.119907 9.9982E-05 9.9982E-05 0.788722
9.9973E-05 0.206798 9.9973E-05 9.9973E-05 0.792902
9.99729E-05 0.139746 0.859954 9.99729E-05 9.99729E-05
0.285411 9.9973E-05 0.714289 9.9973E-05 9.9973E-05
0.446848 9.9982E-05 0.443674 9.9982E-05 0.109277
0.133647 0.230161 0.521952 9.9991E-05 0.11414
0.0244174 9.9991E-05 0.582654 0.0964601 0.296368
0.155194 9.9991E-05 0.581786 0.161868 0.101052
9.9982E-05 0.508256 0.311727 9.9982E-05 0.179817
9.9973E-05 0.408247 0.591453 9.9973E-05 9.9973E-05
0.26797 9.9991E-05 0.412123 0.135064 0.184743
0.0151448 0.130281 0.850582 9.9991E-05 0.00389275
0.641314 9.9973E-05 0.358386 9.9973E-05 9.9973E-05
9.9973E-05 0.268002 0.731698 9.9973E-05 9.9973E-05
0.265669 9.9973E-05 0.734031 9.9973E-05 9.9973E-05
0.0888268 0.228054 0.538507 9.9991E-05 0.144512
9.9991E-05 0.361621 0.426401 0.00994805 0.20193
9.9991E-05 0.366799 0.530683 0.0694179 0.0329997
0.00115741 0.459235 0.388866 9.9991E-05 0.150641
9.9982E-05 0.352233 0.0337269 9.9982E-05 0.61384
0.156785 9.99819E-05 0.808683 0.0343313 9.99819E-05
0.185248 0.0455488 0.619805 9.9991E-05 0.149298
0.278578 9.99729E-05 0.721122 9.99729E-05 9.99729E-05
9.9973E-05 0.2399 0.7598 9.9973E-05 9.9973E-05
9.99819E-05 0.234601 0.689782 9.99819E-05 0.0754169
9.9973E-05 0.298535 0.701165 9.9973E-05 9.9973E-05
0.168347 9.9991E-05 0.581301 0.171281 0.0789717
9.9982E-05 0.340072 0.530007 9.9982E-05 0.129721
0.0999362 9.9982E-05 0.510293 0.389571 9.9982E-05
9.9991E-05 0.349931 0.358185 0.0734314 0.218353
9.9973E-05 0.358939 0.640761 9.9973E-05 9.9973E-05
9.9973E-05 0.389697 0.610003 9.9973E-05 9.9973E-05
9.9991E-05 0.0978899 0.429322 0.237579 0.235109
9.9982E-05 9.9982E-05 0.367644 0.198322 0.433834
0.430755 9.9982E-05 0.30855 9.9982E-05 0.260495
0.27401 9.9982E-05 0.589288 0.136502 9.9982E-05
9.9973E-05 0.238543 9.9973E-05 9.9973E-05 0.761157
0.222597 9.99819E-05 0.684824 0.0923785 9.99819E-05
9.9982E-05 0.29974 0.630874 9.9982E-05 0.0691858
9.9991E-05 0.401937 0.249374 0.00312163 0.345468
0.162929 9.99819E-05 9.99819E-05 0.0851856 0.751685
0.489891 9.9991E-05 0.284573 0.0106876 0.214749
0.0341126 9.9991E-05 0.0365597 0.186115 0.743113
0.109352 0.0235966 0.360581 0.024885 0.481585
0.511683 9.9982E-05 0.322819 9.9982E-05 0.165299
9.9982E-05 0.240747 0.451844 9.9982E-05 0.307209
0.0679846 0.14549 0.766347 9.9991E-05 0.0200786
0.111248 0.204459 0.496801 9.9991E-05 0.187391
0.282145 9.9982E-05 0.68287 0.0347848 9.9982E-05
0.00862955 0.189755 0.671796 9.9991E-05 0.129719
9.9973E-05 0.372612 0.627088 9.9973E-05 9.9973E-05
9.9982E-05 9.9982E-05 0.181845 0.411418 0.406536
0.121892 9.9991E-05 0.544345 0.329919 0.00374383
9.9991E-05 0.216671 0.207669 0.136188 0.439372
9.99729E-05 9.99729E-05 0.598396 0.401304 9.99729E-05
9.9982E-05 9.9982E-05 0.508668 0.433066 0.058066
9.9982E-05 0.456189 0.364894 9.9982E-05 0.178717
9.9973E-05 9.9973E-05 0.670887 0.328813 9.9973E-05
9.9982E-05 9.9982E-05 0.461775 0.359976 0.178049
0.688815 0.089158 0.181643 0.0402841 9.9991E-05
0.482597 0.10459 0.232962 0.129333 0.0505188
0.425957 0.345079 0.201966 9.9991E-05 0.026899
0.0260364 0.524485 0.126614 0.322764 9.9991E-05
0.686493 0.0969452 0.0538045 0.10701 0.0557476
9.9991E-05 0.419114 0.0356715 0.505616 0.0394985
0.311337 9.9982E-05 0.01622 0.672244 9.9982E-05
0.61808 0.115981 0.166251 0.0995872 9.9991E-05
0.331605 0.115231 0.126032 0.329087 0.0980453
0.197399 0.565358 0.126926 9.9991E-05 0.110217
0.884551 0.023492 0.0917569 9.9982E-05 9.9982E-05
0.293589 0.575179 0.0841158 9.9991E-05 0.0470161
0.492938 0.107983 0.161389 0.23759 9.9991E-05
0.153815 0.334588 0.181897 0.3296 9.9991E-05
0.443484 0.242067 0.0240497 0.130219 0.16018
0.208688 0.0785965 9.9991E-05 0.650423 0.062193
0.005242 0.704649 0.195713 0.0606364 0.0337595
0.215338 0.609046 0.0578546 9.9991E-05 0.117662
0.37544 0.0743424 0.249274 0.162211 0.138733
0.376664 0.0926255 0.10554 0.425071 9.9991E-05
0.36629 0.366045 0.163165 9.9991E-05 0.104399
0.288289 0.511713 0.0979257 9.9991E-05 0.101972
0.044135 0.636416 0.0430863 0.210673 0.0656904
0.316478 0.0973268 9.9991E-05 0.463423 0.122672
0.146108 0.637183 0.0478597 0.103881 0.0649683
0.22707 0.0508745 9.9991E-05 0.6529 0.069055
0.887197 9.9982E-05 9.9982E-05 0.0849672 0.0276362
0.040958 0.81362 9.9991E-05 0.132786 0.0125364
0.370484 0.44925 9.9982E-05 9.9982E-05 0.180066
9.9982E-05 0.259885 0.151801 0.588115 9.9982E-05
0.296367 0.459761 9.9991E-05 0.00200024 0.241773
0.429343 9.9982E-05 9.9982E-05 0.530642 0.0398149
0.086872 0.76424 0.0795206 0.0346203 0.0347474
0.225246 0.571692 9.9982E-05 9.9982E-05 0.202862
0.835885 9.9991E-05 0.0314976 0.122227 0.0102904
9.9973E-05 0.880957 9.9973E-05 0.118743 9.9973E-05
0.0955712 0.71514 9.9982E-05 9.9982E-05 0.189089
0.00231035 0.658686 9.9991E-05 0.306907 0.0319964
0.852203 9.9982E-05 9.9982E-05 0.0842028 0.0633939
0.0763676 0.734703 0.0154402 0.0688602 0.104629
0.00182284 0.74959 0.0716724 0.176814 9.9991E-05
9.9982E-05 0.158194 9.9982E-05 0.784324 0.0572814
0.233779 0.481401 0.0301199 0.12638 0.128319
0.17471 0.561402 9.9991E-05 0.124109 0.139678
0.68193 9.9982E-05 9.9982E-05 0.275778 0.042092
9.9991E-05 0.366206 0.036444 0.474269 0.122981
0.135904 0.235707 0.03647 0.424564 0.167356
0.430947 9.9991E-05 0.0986202 0.357652 0.112681
0.06671 0.569963 0.0896534 0.161575 0.112099
0.355953 0.372004 0.181021 9.9991E-05 0.0909221
0.827836 0.033349 0.0406521 0.0265508 0.0716124
0.24073 0.0734554 0.0372178 0.524891 0.123706
0.349391 9.9991E-05 0.0462347 0.55326 0.0510141
0.372765 0.474731 9.9982E-05 9.9982E-05 0.152304
0.581839 9.99729E-05 9.99729E-05 0.417861 9.99729E-05
0.0389286 0.783422 9.9982E-05 0.17745 9.9982E-05
0.54247 0.000239364 9.9991E-05 0.431183 0.0260082
0.400645 0.439029 9.9982E-05 9.9982E-05 0.160126
0.245037 0.67442 9.9982E-05 9.9982E-05 0.0803427
0.234792 0.373185 0.176587 0.111338 0.104098
0.0345453 0.290019 0.111179 0.564157 9.9991E-05
0.296135 0.252523 0.0674014 0.219522 0.16442
0.346612 0.521786 9.9991E-05 0.0252147 0.106287
0.782071 0.0392893 9.9991E-05 0.172621 0.00591856
0.877553 0.0268142 9.9991E-05 0.0322508 0.0632818
0.140606 9.9991E-05 0.051284 0.792563 0.0154467
0.696205 9.9991E-05 0.0667123 0.170052 0.0669306
0.871054 0.128646 9.9973E-05 9.9973E-05 9.9973E-05
0.189805 9.9991E-05 0.107728 0.634192 0.0681756
0.185684 0.0571933 9.9991E-05 0.749182 0.007841
9.9991E-05 0.77926 0.0240933 0.111178 0.0853682
9.9982E-05 0.755852 9.9982E-05 0.193071 0.0508775
9.9982E-05 0.119297 9.9982E-05 0.840295 0.0402082
9.99729E-05 0.771224 9.99729E-05 0.228476 9.99729E-05
9.9982E-05 0.865846 9.9982E-05 0.132703 0.00125128
9.9982E-05 0.655078 9.9982E-05 0.156095 0.188627
9.9982E-05 0.798727 9.9982E-05 0.181818 0.0192548
0.0819876 0.00982438 9.9991E-05 0.852871 0.055217
0.608408 9.9973E-05 9.9973E-05 0.391292 9.9973E-05
9.9982E-05 0.479794 0.0984011 0.421605 9.9982E-05
0.117688 9.9991E-05 0.00869963 0.864812 0.00870084
9.9982E-05 9.9982E-05 0.0740689 0.83293 0.0928012
9.9973E-05 0.333775 9.9973E-05 0.665925 9.9973E-05
0.211648 9.9973E-05 9.9973E-05 0.788052 9.9973E-05
0.0880495 0.164856 0.0484182 0.698577 9.9991E-05
9.9991E-05 0.442767 0.0665414 0.316151 0.174441
9.9991E-05 0.110063 0.0739301 0.774023 0.0418839
9.9982E-05 0.209669 0.0788815 0.71125 9.9982E-05
9.9991E-05 0.800602 0.00449426 0.188501 0.00630226
9.9982E-05 0.528998 0.0574872 0.413315 9.9982E-05
0.28965 9.9982E-05 0.0514313 0.658719 9.9982E-05
9.9982E-05 0.028665 0.0480461 0.923089 9.9982E-05
0.496095 9.9973E-05 9.9973E-05 0.503605 9.9973E-05
9.99729E-05 0.804249 9.99729E-05 0.195451 9.99729E-05
9.9991E-05 0.368993 0.0475245 0.552303 0.0310796
0.323133 9.9982E-05 0.00417711 0.67249 9.9982E-05
0.070559 0.768444 0.0791573 0.00431968 0.0775198
0.153917 0.560675 9.9991E-05 0.120035 0.165273
0.375821 9.9991E-05 0.0765762 0.458303 0.0891997
0.453207 0.0901435 0.0109525 0.243911 0.201786
0.0525633 0.615152 9.9991E-05 0.158838 0.173347
9.9982E-05 0.733578 9.9982E-05 0.101136 0.165086
9.9991E-05 0.768626 0.0943763 0.0491653 0.0877321
0.865775 9.9982E-05 9.9982E-05 0.0180323 0.115993
0.107729 9.9991E-05 0.0069822 0.773198 0.111991
0.0701279 0.414677 0.125026 0.302225 0.0879432
0.069186 0.735304 9.9991E-05 0.131945 0.0634652
0.690691 0.000295899 0.0318763 0.215183 0.061953
0.00141755 0.11759 9.9991E-05 0.769854 0.111038
9.9991E-05 0.0702463 0.0254205 0.816229 0.0880045
0.317899 0.379376 0.0423447 0.124044 0.136336
0.144179 0.0101192 0.0552074 0.790395 9.9991E-05
9.9982E-05 0.505165 0.0817685 0.412866 9.9982E-05
9.9991E-05 0.436465 0.0438894 0.457033 0.0625123
0.0733275 0.73586 9.9991E-05 0.0245463 0.166166
0.238512 9.9991E-05 0.144336 0.507441 0.109611
0.016841 0.713478 0.0833007 0.176796 0.00958469
0.0344254 0.741069 0.022583 0.175966 0.0259566
0.4059 9.9982E-05 9.9982E-05 0.580687 0.0132123
0.0143971 0.240046 9.9991E-05 0.738187 0.00726978
0.0505035 9.9982E-05 0.0792786 0.870018 9.9982E-05
9.9991E-05 0.829194 0.0246678 0.0456472 0.100391
0.0504959 0.498366 0.225631 0.104348 0.121159
9.9982E-05 0.686162 0.111186 0.202452 9.9982E-05
0.309718 9.9982E-05 9.9982E-05 0.648498 0.0415839
9.9982E-05 0.619373 0.0795075 0.300919 9.9982E-05
9.9991E-05 0.691065 0.0831532 0.186718 0.0389638
0.0440561 0.814836 0.0442566 0.0865661 0.0102856
0.288004 9.9982E-05 0.00472675 0.70707 9.9982E-05
9.9991E-05 0.206267 0.00117933 0.768153 0.024301
0.0343979 0.693455 9.9991E-05 0.170065 0.101982
0.238762 0.150393 0.102453 0.508292 9.9991E-05
9.9991E-05 0.814797 0.0584027 0.0910755 0.035625
0.294831 0.470781 0.0387478 0.19554 9.9991E-05
9.9991E-05 0.319266 0.0978133 0.547085 0.0357355
0.397833 9.9982E-05 9.9982E-05 0.598313 0.0036543
9.9991E-05 0.293089 0.0182241 0.617002 0.0715849
0.358538 0.134007 0.0417829 0.362306 0.103366
0.735798 0.0197849 9.9991E-05 0.207492 0.036825
0.00724033 0.157334 0.0754737 0.759852 9.9991E-05
0.15517 9.9982E-05 0.0952122 0.749418 9.9982E-05
0.123482 0.217743 9.9991E-05 0.631643 0.0270329
0.069669 0.709276 9.9991E-05 0.172787 0.0481682
0.766966 9.9982E-05 9.9982E-05 0.124883 0.107951
0.203209 0.611204 9.9982E-05 9.9982E-05 0.185388
9.9991E-05 0.588346 0.0975656 0.272629 0.0413603
0.308004 0.603284 0.0109071 0.0137751 0.0640303
0.718688 0.0850795 0.0365688 0.159564 9.9991E-05
0.727883 9.9973E-05 9.9973E-05 0.271817 9.9973E-05
0.0505487 0.688864 9.9991E-05 0.136188 0.1243
9.9991E-05 0.119616 0.0877655 0.777791 0.0147276
0.20144 0.209809 0.0826583 0.454466 0.0516268
0.783003 9.9982E-05 0.0177922 0.199005 9.9982E-05
0.440916 0.397122 9.9991E-05 0.053368 0.108494
0.241555 0.518788 9.9991E-05 0.0634842 0.176073
9.9982E-05 0.751388 9.9982E-05 0.214691 0.0337209
0.0444237 0.697349 0.0555981 0.202529 9.9991E-05
0.332099 0.522993 0.0642092 0.0383155 0.0423831
0.166193 9.9982E-05 9.9982E-05 0.794287 0.0393202
9.9982E-05 0.71666 0.0586093 0.224531 9.9982E-05
0.14481 0.0242061 0.00121663 0.829667 9.9991E-05
9.9982E-05 0.182727 0.0639331 0.75314 9.9982E-05
9.9991E-05 0.704815 0.03852 0.215331 0.0412333
0.410792 9.9991E-05 0.0293769 0.555258 0.00447362
0.586506 0.119582 0.0904554 0.203356 9.9991E-05
0.161781 9.99842E-05 9.99842E-05 0.807296 0.0307228
0.344836 0.513876 9.9982E-05 9.9982E-05 0.141088
0.266512 0.249321 9.9991E-05 0.330301 0.153766
0.0497741 0.419012 0.0024573 0.413631 0.115126
0.639559 9.9991E-05 0.0421683 0.316717 0.00145536
0.121919 0.702572 0.0151128 0.0590142 0.101382
0.177602 0.0749717 0.205766 0.470567 0.0710927
0.0903 0.637469 0.076218 0.137139 0.0588747
0.0962013 0.705761 0.0324072 0.050075 0.115555
0.157741 0.658891 9.9991E-05 0.108231 0.0750371
0.0237658 0.644184 0.0176666 0.209323 0.105061
0.173195 0.561305 0.0948257 0.0842043 0.0864696
0.0403921 0.0408465 0.0823801 0.716206 0.120176
0.0957138 9.9991E-05 0.0867461 0.779463 0.037977
0.209219 0.645557 0.0183805 9.9991E-05 0.126744
0.424193 0.505109 0.0440411 9.9991E-05 0.0265567
0.351875 0.104643 0.0951012 0.33145 0.116931
0.917627 9.9973E-05 9.9973E-05 9.9973E-05 0.0820726
0.325664 9.9973E-05 9.9973E-05 0.674036 9.9973E-05
0.796177 9.9982E-05 0.0328362 0.170786 9.9982E-05
