0.438138 9.9892E-05 9.9892E-05 0.439375 9.9892E-05 0.0649673 9.9892E-05 9.9892E-05 9.9892E-05 0.0233372 9.9892E-05 9.9892E-05 9.9892E-05 9.9892E-05 0.0329842 9.9892E-05 9.9892E-05
0.365294 9.99009E-05 0.00820791 0.492251 9.99009E-05 9.99009E-05 9.99009E-05 9.99009E-05 9.99009E-05 0.0063074 9.99009E-05 9.99009E-05 9.99009E-05 9.99009E-05 0.0355435 0.0912975 9.99009E-05
9.99188E-05 9.99188E-05 0.0251329 0.0602563 9.99188E-05 0.0147733 0.0448195 9.99188E-05 0.00841033 9.99188E-05 0.54803 0.0466852 9.99188E-05 0.250993 9.99188E-05 9.99188E-05 9.99188E-05
0.47917 9.99009E-05 9.99009E-05 0.225828 9.99009E-05 0.0135547 9.99009E-05 9.99009E-05 0.0114143 9.99009E-05 9.99009E-05 0.129129 9.99009E-05 9.99009E-05 9.99009E-05 9.99009E-05 0.139804
0.282059 0.0316032 0.118701 9.99097E-05 9.99097E-05 9.99097E-05 0.0339015 9.99097E-05 9.99097E-05 0.076177 9.99097E-05 0.11483 9.99097E-05 9.99097E-05 9.99097E-05 9.99097E-05 0.341729
9.99188E-05 9.99188E-05 0.0565938 0.331055 9.99188E-05 9.99188E-05 9.99188E-05 0.015365 9.99188E-05 0.0590524 9.99188E-05 0.0557541 0.331691 0.124884 0.0247052 9.99188E-05 9.99188E-05
0.0466281 9.98918E-05 9.98918E-05 0.316549 9.98918E-05 9.98918E-05 9.98918E-05 9.98918E-05 0.0463852 9.98918E-05 0.260874 9.98918E-05 9.98918E-05 0.328364 9.98918E-05 9.98918E-05 9.98918E-05
9.9892E-05 9.9892E-05 0.132134 0.312083 9.9892E-05 9.9892E-05 9.9892E-05 9.9892E-05 9.9892E-05 9.9892E-05 9.9892E-05 9.9892E-05 0.210039 0.205563 0.138982 9.9892E-05 9.9892E-05
0.234349 9.99099E-05 0.00447597 0.378305 9.99099E-05 9.99099E-05 0.0244448 9.99099E-05 9.99099E-05 9.99099E-05 9.99099E-05 0.239479 0.0536038 9.99099E-05 0.0643432 9.99099E-05 9.99099E-05
9.99008E-05 0.0125183 9.99008E-05 9.99008E-05 9.99008E-05 0.0188606 9.99008E-05 9.99008E-05 0.16382 9.99008E-05 0.0543943 9.99008E-05 0.478671 0.270636 9.99008E-05 9.99008E-05 9.99008E-05
0.0730759 9.99279E-05 0.113353 0.0745915 9.99279E-05 9.99279E-05 9.99279E-05 9.99279E-05 9.99279E-05 0.00786053 0.112363 0.236547 0.0301305 9.99279E-05 9.99279E-05 0.347108 0.00417095
0.35093 9.99008E-05 0.0816959 9.99008E-05 0.0839941 9.99008E-05 9.99008E-05 9.99008E-05 9.99008E-05 9.99008E-05 9.99008E-05 0.121033 0.268043 9.99008E-05 9.99008E-05 0.0932051 9.99008E-05
9.99009E-05 9.99009E-05 9.99009E-05 0.187419 9.99009E-05 9.99009E-05 9.99009E-05 9.99009E-05 0.0398195 0.187027 9.99009E-05 0.36504 9.99009E-05 0.142107 9.99009E-05 9.99009E-05 0.0774892
9.98919E-05 9.98919E-05 9.98919E-05 0.254425 9.98919E-05 9.98919E-05 9.98919E-05 9.98919E-05 9.98919E-05 9.98919E-05 0.432545 9.98919E-05 0.185772 0.107731 0.0183279 9.98919E-05 9.98919E-05
0.30656 9.98828E-05 0.158627 9.98828E-05 9.98828E-05 9.98828E-05 9.98828E-05 9.98828E-05 9.98828E-05 9.98828E-05 9.98828E-05 9.98828E-05 0.088358 9.98828E-05 9.98828E-05 0.445156 9.98828E-05
9.99188E-05 9.99188E-05 9.99188E-05 0.152427 9.99188E-05 0.029893 0.00809042 0.00728192 0.306447 9.99188E-05 9.99188E-05 0.0107797 0.0821015 0.40208 9.99188E-05 9.99188E-05 9.99188E-05
0.0417757 9.98918E-05 9.98918E-05 0.384493 9.98918E-05 9.98918E-05 9.98918E-05 9.98918E-05 0.0261173 9.98918E-05 0.340021 9.98918E-05 9.98918E-05 0.206395 9.98918E-05 9.98918E-05 9.98918E-05
9.98918E-05 9.98918E-05 0.0126372 0.383464 9.98918E-05 9.98918E-05 9.98918E-05 9.98918E-05 9.98918E-05 9.98918E-05 0.224778 9.98918E-05 9.98918E-05 0.313232 9.98918E-05 0.0646912 9.98918E-05
0.340097 9.9901E-05 9.9901E-05 0.0867109 0.100438 9.9901E-05 9.9901E-05 9.9901E-05 9.9901E-05 0.0169494 0.23955 0.215156 9.9901E-05 9.9901E-05 9.9901E-05 9.9901E-05 9.9901E-05
9.98918E-05 9.98918E-05 9.98918E-05 9.98918E-05 9.98918E-05 0.694109 0.0147028 9.98918E-05 9.98918E-05 9.98918E-05 9.98918E-05 9.98918E-05 9.98918E-05 9.98918E-05 0.0160807 0.0660629 0.207846
9.98739E-05 9.98739E-05 9.98739E-05 9.98739E-05 9.98739E-05 0.737914 9.98739E-05 9.98739E-05 9.98739E-05 9.98739E-05 9.98739E-05 0.0218926 9.98739E-05 9.98739E-05 9.98739E-05 9.98739E-05 0.238795
9.98918E-05 9.98918E-05 9.98918E-05 0.0432259 9.98918E-05 0.864083 9.98918E-05 9.98918E-05 9.98918E-05 0.0153728 9.98918E-05 9.98918E-05 0.0541086 9.98918E-05 9.98918E-05 9.98918E-05 0.0220108
9.99009E-05 9.99009E-05 9.99009E-05 9.99009E-05 0.256481 0.603152 0.000908451 9.99009E-05 9.99009E-05 9.99009E-05 9.99009E-05 0.0579087 9.99009E-05 9.99009E-05 0.0112819 9.99009E-05 0.0691691
0.0195172 9.98919E-05 9.98919E-05 9.98919E-05 9.98919E-05 0.685791 9.98919E-05 9.98919E-05 9.98919E-05 9.98919E-05 9.98919E-05 0.240619 9.98919E-05 9.98919E-05 0.0148376 0.0380367 9.98919E-05
9.99098E-05 9.99098E-05 9.99098E-05 0.00643806 9.99098E-05 0.456896 0.0428168 0.181451 9.99098E-05 9.99098E-05 0.264593 9.99098E-05 0.0388193 9.99098E-05 0.00798719 9.99098E-05 9.99098E-05
0.109317 9.99188E-05 0.0245218 9.99188E-05 9.99188E-05 0.308441 0.0982581 9.99188E-05 9.99188E-05 9.99188E-05 9.99188E-05 0.0912719 0.0046981 9.99188E-05 0.27657 0.0860226 9.99188E-05
9.99009E-05 0.0909816 9.99009E-05 9.99009E-05 9.99009E-05 0.228531 0.047734 0.242734 0.312316 9.99009E-05 9.99009E-05 9.99009E-05 9.99009E-05 0.0766048 9.99009E-05 9.99009E-05 9.99009E-05
9.98737E-05 9.98737E-05 9.98737E-05 9.98737E-05 9.98737E-05 0.128355 9.98737E-05 9.98737E-05 9.98737E-05 9.98737E-05 9.98737E-05 9.98737E-05 9.98737E-05 9.98737E-05 0.279482 9.98737E-05 0.590765
9.99008E-05 9.99008E-05 9.99008E-05 0.0355102 9.99008E-05 0.840218 9.99008E-05 0.00239 0.0297955 0.0444663 9.99008E-05 9.99008E-05 0.0465207 9.99008E-05 9.99008E-05 9.99008E-05 9.99008E-05
9.98739E-05 9.98739E-05 9.98739E-05 9.98739E-05 9.98739E-05 0.81228 9.98739E-05 9.98739E-05 9.98739E-05 9.98739E-05 9.98739E-05 0.147898 9.98739E-05 9.98739E-05 9.98739E-05 9.98739E-05 0.0384236
9.99281E-05 0.0472223 9.99281E-05 9.99281E-05 0.121434 0.552255 9.99281E-05 0.0706494 0.0868874 9.99281E-05 0.0710011 0.0190482 9.99281E-05 0.025226 9.99281E-05 0.00547685 9.99281E-05
9.99278E-05 9.99278E-05 9.99278E-05 0.024155 9.99278E-05 0.170688 0.128648 0.203318 0.0417161 0.145788 0.00797167 9.99278E-05 0.0313011 9.99278E-05 0.245614 9.99278E-05 9.99278E-05
9.98917E-05 0.105265 9.98917E-05 9.98917E-05 9.98917E-05 0.595002 9.98917E-05 0.0770897 0.0924591 9.98917E-05 9.98917E-05 9.98917E-05 9.98917E-05 0.128985 9.98917E-05 9.98917E-05 9.98917E-05
9.99008E-05 9.99008E-05 9.99008E-05 0.10409 9.99008E-05 0.648045 9.99008E-05 0.0713973 9.99008E-05 9.99008E-05 0.0618299 9.99008E-05 9.99008E-05 0.0882128 0.0253252 9.99008E-05 9.99008E-05
9.98649E-05 9.98649E-05 9.98649E-05 9.98649E-05 9.98649E-05 0.793069 9.98649E-05 9.98649E-05 9.98649E-05 9.98649E-05 9.98649E-05 0.205433 9.98649E-05 9.98649E-05 9.98649E-05 9.98649E-05 9.98649E-05
0.064404 9.99009E-05 9.99009E-05 9.99009E-05 9.99009E-05 0.709792 0.000308647 9.99009E-05 9.99009E-05 9.99009E-05 9.99009E-05 0.0554861 9.99009E-05 9.99009E-05 9.99009E-05 0.0978468 0.0710633
9.98739E-05 9.98739E-05 9.98739E-05 9.98739E-05 9.98739E-05 0.674225 9.98739E-05 9.98739E-05 9.98739E-05 9.98739E-05 9.98739E-05 9.98739E-05 9.98739E-05 9.98739E-05 9.98739E-05 0.26384 0.0605371
0.0700097 9.99009E-05 0.0150739 9.99009E-05 0.234651 0.66444 0.00841322 9.99009E-05 9.99009E-05 9.99009E-05 9.99009E-05 9.99009E-05 9.99009E-05 9.99009E-05 9.99009E-05 9.99009E-05 0.00631341
9.98737E-05 9.98737E-05 9.98737E-05 0.142903 9.98737E-05 9.98737E-05 0.51536 0.340339 9.98737E-05 9.98737E-05 9.98737E-05 9.98737E-05 9.98737E-05 9.98737E-05 9.98737E-05 9.98737E-05 9.98737E-05
0.0250368 9.99099E-05 9.99099E-05 0.00128545 9.99099E-05 9.99099E-05 0.0113455 0.782924 0.034406 0.102033 9.99099E-05 9.99099E-05 9.99099E-05 9.99099E-05 9.99099E-05 9.99099E-05 0.0419696
9.99009E-05 0.217935 9.99009E-05 9.99009E-05 9.99009E-05 0.0253063 9.99009E-05 0.588759 0.0313946 9.99009E-05 9.99009E-05 9.99009E-05 9.99009E-05 0.0728095 0.0626965 9.99009E-05 9.99009E-05
9.99009E-05 9.99009E-05 9.99009E-05 9.99009E-05 0.287174 9.99009E-05 0.254169 0.247789 0.0452067 9.99009E-05 9.99009E-05 9.99009E-05 9.99009E-05 9.99009E-05 0.0393792 9.99009E-05 0.125183
9.98917E-05 9.98917E-05 9.98917E-05 0.142866 9.98917E-05 0.273623 0.187504 0.390422 9.98917E-05 9.98917E-05 9.98917E-05 9.98917E-05 0.00438603 9.98917E-05 9.98917E-05 9.98917E-05 9.98917E-05
9.99009E-05 9.99009E-05 9.99009E-05 9.99009E-05 9.99009E-05 0.0566642 9.99009E-05 0.638415 9.99009E-05 9.99009E-05 0.124246 9.99009E-05 0.0496725 9.99009E-05 0.00603665 0.123867 9.99009E-05
0.243551 9.98829E-05 9.98829E-05 9.98829E-05 0.160712 9.98829E-05 0.198057 9.98829E-05 9.98829E-05 9.98829E-05 9.98829E-05 9.98829E-05 9.98829E-05 9.98829E-05 0.396381 9.98829E-05 9.98829E-05
0.0185119 9.99009E-05 0.190611 9.99009E-05 9.99009E-05 9.99009E-05 0.574632 0.109062 9.99009E-05 9.99009E-05 9.99009E-05 0.0758553 9.99009E-05 9.99009E-05 9.99009E-05 0.0302286 9.99009E-05
9.98828E-05 0.0626746 9.98828E-05 9.98828E-05 9.98828E-05 0.160764 9.98828E-05 0.583249 9.98828E-05 9.98828E-05 0.192014 9.98828E-05 9.98828E-05 9.98828E-05 9.98828E-05 9.98828E-05 9.98828E-05
9.98918E-05 9.98918E-05 9.98918E-05 0.104988 9.98918E-05 9.98918E-05 0.39443 0.45226 9.98918E-05 9.98918E-05 9.98918E-05 9.98918E-05 0.0422125 9.98918E-05 9.98918E-05 0.0049112 9.98918E-05
0.00907076 9.9892E-05 9.9892E-05 9.9892E-05 9.9892E-05 9.9892E-05 9.9892E-05 0.45648 0.492657 9.9892E-05 9.9892E-05 9.9892E-05 9.9892E-05 0.0352676 9.9892E-05 9.9892E-05 0.00532625
9.9919E-05 9.9919E-05 0.176738 0.0211243 0.0102253 9.9919E-05 0.442751 0.274009 9.9919E-05 9.9919E-05 9.9919E-05 9.9919E-05 9.9919E-05 9.9919E-05 0.0294045 0.0174898 0.0273592
9.98918E-05 9.98918E-05 9.98918E-05 9.98918E-05 9.98918E-05 9.98918E-05 0.078688 0.708122 0.0592788 0.00954582 9.98918E-05 9.98918E-05 9.98918E-05 9.98918E-05 9.98918E-05 9.98918E-05 0.143166
9.98828E-05 9.98828E-05 9.98828E-05 9.98828E-05 9.98828E-05 9.98828E-05 0.0594885 0.404811 9.98828E-05 9.98828E-05 9.98828E-05 0.0579164 9.98828E-05 9.98828E-05 9.98828E-05 9.98828E-05 0.476485
0.00819942 9.99098E-05 9.99098E-05 9.99098E-05 9.99098E-05 0.104476 0.358362 0.0474522 9.99098E-05 9.99098E-05 9.99098E-05 0.120548 9.99098E-05 9.99098E-05 0.10433 0.255633 9.99098E-05
9.99009E-05 9.99009E-05 0.0893001 9.99009E-05 9.99009E-05 9.99009E-05 0.180049 0.279431 9.99009E-05 9.99009E-05 9.99009E-05 0.146296 9.99009E-05 9.99009E-05 0.0623546 0.241471 9.99009E-05
0.0575185 9.99099E-05 9.99099E-05 9.99099E-05 0.301946 9.99099E-05 0.176843 0.128027 9.99099E-05 9.99099E-05 0.0228519 9.99099E-05 9.99099E-05 9.99099E-05 0.0907591 9.99099E-05 0.221055
0.0292695 9.98919E-05 9.98919E-05 9.98919E-05 0.414326 0.308339 9.98919E-05 9.98919E-05 9.98919E-05 9.98919E-05 9.98919E-05 0.0187113 9.98919E-05 9.98919E-05 0.228155 9.98919E-05 9.98919E-05
9.98917E-05 9.98917E-05 9.98917E-05 0.0813209 9.98917E-05 9.98917E-05 0.316689 0.503821 9.98917E-05 0.083593 9.98917E-05 9.98917E-05 0.0133768 9.98917E-05 9.98917E-05 9.98917E-05 9.98917E-05
9.99008E-05 9.99008E-05 9.99008E-05 9.99008E-05 9.99008E-05 9.99008E-05 0.0667836 0.307575 0.022945 9.99008E-05 9.99008E-05 0.0363428 9.99008E-05 9.99008E-05 0.262025 9.99008E-05 0.30323
9.99098E-05 9.99098E-05 0.0101621 0.0405063 9.99098E-05 9.99098E-05 9.99098E-05 0.779958 0.0392541 0.0646785 9.99098E-05 9.99098E-05 0.0115219 9.99098E-05 0.0529198 9.99098E-05 9.99098E-05
9.98737E-05 9.98737E-05 9.98737E-05 9.98737E-05 9.98737E-05 9.98737E-05 0.63856 0.150729 9.98737E-05 9.98737E-05 9.98737E-05 9.98737E-05 9.98737E-05 9.98737E-05 9.98737E-05 9.98737E-05 0.209313
9.99098E-05 9.99098E-05 9.99098E-05 0.12538 9.99098E-05 0.0668612 0.626731 0.107836 9.99098E-05 9.99098E-05 9.99098E-05 0.000472071 9.99098E-05 9.99098E-05 0.0595761 0.0121441 9.99098E-05
0.0118126 9.99099E-05 0.133047 0.0327981 9.99099E-05 9.99099E-05 0.413723 0.285953 9.99099E-05 9.99099E-05 9.99099E-05 9.99099E-05 9.99099E-05 9.99099E-05 0.036466 0.0852011 9.99099E-05
9.99099E-05 0.0666669 9.99099E-05 9.99099E-05 9.99099E-05 9.99099E-05 0.210166 0.208371 0.00618416 0.179828 0.122353 9.99099E-05 9.99099E-05 9.99099E-05 0.205432 9.99099E-05 9.99099E-05
9.98739E-05 9.98739E-05 9.98739E-05 9.98739E-05 0.34591 0.0206832 0.632009 9.98739E-05 9.98739E-05 9.98739E-05 9.98739E-05 9.98739E-05 9.98739E-05 9.98739E-05 9.98739E-05 9.98739E-05 9.98739E-05
9.99008E-05 0.0685856 9.99008E-05 9.99008E-05 9.99008E-05 9.99008E-05 0.305228 0.137484 9.99008E-05 9.99008E-05 0.253684 9.99008E-05 9.99008E-05 0.21485 0.0190698 9.99008E-05 9.99008E-05
9.99188E-05 9.99188E-05 9.99188E-05 0.0600327 9.99188E-05 0.116678 0.271784 9.99188E-05 9.99188E-05 9.99188E-05 0.00725944 0.162659 0.0168265 9.99188E-05 0.246035 0.117827 9.99188E-05
9.98829E-05 9.98829E-05 0.0725562 9.98829E-05 0.0111666 9.98829E-05 0.811048 9.98829E-05 9.98829E-05 9.98829E-05 9.98829E-05 9.98829E-05 9.98829E-05 9.98829E-05 9.98829E-05 9.98829E-05 0.10393
9.9892E-05 0.00882618 9.9892E-05 9.9892E-05 9.9892E-05 9.9892E-05 0.704937 9.9892E-05 9.9892E-05 9.9892E-05 9.9892E-05 9.9892E-05 9.9892E-05 0.00777634 9.9892E-05 0.148775 0.128486
0.0616886 9.99278E-05 9.99278E-05 0.0290374 9.99278E-05 0.0596067 0.202154 9.99278E-05 9.99278E-05 0.028713 0.0156159 9.99278E-05 0.0303512 0.0161912 0.555843 9.99278E-05 9.99278E-05
9.99098E-05 9.99098E-05 9.99098E-05 0.119564 9.99098E-05 0.259498 0.121998 0.0690298 9.99098E-05 0.0475183 9.99098E-05 9.99098E-05 0.0944059 9.99098E-05 0.286987 9.99098E-05 9.99098E-05
9.99008E-05 0.0468306 9.99008E-05 9.99008E-05 9.99008E-05 0.137758 9.99008E-05 0.182399 0.314547 0.026711 9.99008E-05 9.99008E-05 9.99008E-05 9.99008E-05 0.290655 9.99008E-05 9.99008E-05
9.98828E-05 0.0744796 9.98828E-05 9.98828E-05 9.98828E-05 9.98828E-05 0.253394 0.281428 9.98828E-05 9.98828E-05 9.98828E-05 9.98828E-05 9.98828E-05 0.3894 9.98828E-05 9.98828E-05 9.98828E-05
0.0496445 9.98919E-05 0.103384 9.98919E-05 0.206871 0.629559 9.98919E-05 9.98919E-05 9.98919E-05 9.98919E-05 9.98919E-05 9.98919E-05 9.98919E-05 9.98919E-05 9.98919E-05 9.98919E-05 0.00934268
9.99097E-05 0.0898816 9.99097E-05 9.99097E-05 9.99097E-05 9.99097E-05 0.433569 0.264053 0.0176357 0.0312749 0.0768649 9.99097E-05 9.99097E-05 0.0857224 9.99097E-05 9.99097E-05 9.99097E-05
9.99009E-05 9.99009E-05 9.99009E-05 9.99009E-05 9.99009E-05 9.99009E-05 0.685778 9.99009E-05 9.99009E-05 0.0376974 9.99009E-05 9.99009E-05 0.0108502 9.99009E-05 0.237872 0.014444 0.0122603
0.150161 9.99009E-05 9.99009E-05 9.99009E-05 9.99009E-05 0.124977 0.115218 9.99009E-05 9.99009E-05 9.99009E-05 9.99009E-05 0.23167 9.99009E-05 9.99009E-05 0.363559 0.0133161 9.99009E-05
9.99007E-05 0.0107222 9.99007E-05 9.99007E-05 9.99007E-05 0.724148 9.99007E-05 0.0623615 0.042948 9.99007E-05 0.00159937 9.99007E-05 9.99007E-05 0.157122 9.99007E-05 9.99007E-05 9.99007E-05
9.9892E-05 0.140347 9.9892E-05 9.9892E-05 9.9892E-05 0.194083 9.9892E-05 0.247299 0.114995 9.9892E-05 9.9892E-05 9.9892E-05 9.9892E-05 0.302077 9.9892E-05 9.9892E-05 9.9892E-05
9.98917E-05 9.98917E-05 9.98917E-05 0.00175347 9.98917E-05 0.693567 9.98917E-05 0.142497 9.98917E-05 9.98917E-05 0.0994133 9.98917E-05 9.98917E-05 0.06157 9.98917E-05 9.98917E-05 9.98917E-05
9.99188E-05 9.99188E-05 9.99188E-05 0.00729859 9.99188E-05 0.309574 0.12485 0.0449941 0.065637 0.112194 9.99188E-05 9.99188E-05 0.0682267 9.99188E-05 0.266327 9.99188E-05 9.99188E-05
9.9901E-05 9.9901E-05 9.9901E-05 9.9901E-05 9.9901E-05 0.151554 0.0840753 0.235429 0.489227 0.0127519 9.9901E-05 9.9901E-05 9.9901E-05 9.9901E-05 0.0258638 9.9901E-05 9.9901E-05
9.98919E-05 9.98919E-05 9.98919E-05 9.98919E-05 0.0687031 0.193044 0.375111 0.105526 9.98919E-05 9.98919E-05 9.98919E-05 0.256417 9.98919E-05 9.98919E-05 9.98919E-05 9.98919E-05 9.98919E-05
9.98918E-05 9.98918E-05 9.98918E-05 9.98918E-05 9.98918E-05 9.98918E-05 0.403011 0.366424 9.98918E-05 9.98918E-05 9.98918E-05 0.140119 9.98918E-05 0.00454614 9.98918E-05 9.98918E-05 0.0847009
9.99099E-05 9.99099E-05 9.99099E-05 9.99099E-05 0.00181492 0.0189307 0.0281078 0.390665 9.99099E-05 9.99099E-05 9.99099E-05 0.285756 9.99099E-05 9.99099E-05 0.0820895 9.99099E-05 0.191637
9.98918E-05 0.0996227 9.98918E-05 9.98918E-05 9.98918E-05 9.98918E-05 0.278669 0.465375 0.0107153 9.98918E-05 9.98918E-05 9.98918E-05 9.98918E-05 0.144419 9.98918E-05 9.98918E-05 9.98918E-05
9.99007E-05 9.99007E-05 9.99007E-05 9.99007E-05 9.99007E-05 0.0549376 0.549629 0.109085 0.00615486 0.00963317 9.99007E-05 9.99007E-05 9.99007E-05 9.99007E-05 9.99007E-05 9.99007E-05 0.269462
0.029113 9.98919E-05 9.98919E-05 9.98919E-05 0.0452626 9.98919E-05 0.801081 9.98919E-05 9.98919E-05 9.98919E-05 9.98919E-05 0.0846868 9.98919E-05 9.98919E-05 0.038658 9.98919E-05 9.98919E-05
9.99097E-05 0.0265661 9.99097E-05 0.00414366 9.99097E-05 0.190866 9.99097E-05 9.99097E-05 9.99097E-05 9.99097E-05 0.0669127 9.99097E-05 0.00490678 0.125918 0.579688 9.99097E-05 9.99097E-05
9.98827E-05 9.98827E-05 9.98827E-05 9.98827E-05 9.98827E-05 9.98827E-05 9.98827E-05 0.470483 9.98827E-05 9.98827E-05 0.0343136 9.98827E-05 9.98827E-05 0.198537 0.295368 9.98827E-05 9.98827E-05
9.98738E-05 9.98738E-05 0.13288 9.98738E-05 9.98738E-05 0.133091 9.98738E-05 9.98738E-05 9.98738E-05 9.98738E-05 9.98738E-05 9.98738E-05 9.98738E-05 9.98738E-05 0.732631 9.98738E-05 9.98738E-05
9.98826E-05 9.98826E-05 9.98826E-05 9.98826E-05 9.98826E-05 9.98826E-05 9.98826E-05 0.301813 9.98826E-05 9.98826E-05 0.0799449 9.98826E-05 9.98826E-05 0.160859 0.456085 9.98826E-05 9.98826E-05
9.98737E-05 9.98737E-05 9.98737E-05 9.98737E-05 9.98737E-05 9.98737E-05 9.98737E-05 0.192315 9.98737E-05 9.98737E-05 9.98737E-05 9.98737E-05 9.98737E-05 0.232406 0.57388 9.98737E-05 9.98737E-05
0.0460772 9.98918E-05 0.149832 9.98918E-05 0.00242108 9.98918E-05 9.98918E-05 9.98918E-05 9.98918E-05 9.98918E-05 9.98918E-05 9.98918E-05 9.98918E-05 9.98918E-05 0.721456 9.98918E-05 0.0790145
9.99008E-05 9.99008E-05 9.99008E-05 0.125771 9.99008E-05 9.99008E-05 0.235408 0.226224 9.99008E-05 9.99008E-05 0.0528164 9.99008E-05 9.99008E-05 0.029591 0.329091 9.99008E-05 9.99008E-05
9.98918E-05 9.98918E-05 9.98918E-05 0.078502 9.98918E-05 9.98918E-05 9.98918E-05 0.189083 9.98918E-05 9.98918E-05 9.98918E-05 9.98918E-05 0.0119804 0.0264443 0.692792 9.98918E-05 9.98918E-05
9.98829E-05 0.0728264 9.98829E-05 9.98829E-05 9.98829E-05 9.98829E-05 9.98829E-05 0.00364891 0.323177 0.599049 9.98829E-05 9.98829E-05 9.98829E-05 9.98829E-05 9.98829E-05 9.98829E-05 9.98829E-05
9.991E-05 9.991E-05 0.00870669 9.991E-05 9.991E-05 0.005996 9.991E-05 0.111576 0.115983 0.615808 9.991E-05 0.034861 9.991E-05 0.10607 9.991E-05 9.991E-05 9.991E-05
9.9874E-05 9.9874E-05 9.9874E-05 9.9874E-05 0.14579 9.9874E-05 9.9874E-05 9.9874E-05 9.9874E-05 0.774583 9.9874E-05 9.9874E-05 9.9874E-05 9.9874E-05 9.9874E-05 9.9874E-05 0.0782283
9.98739E-05 9.98739E-05 0.412012 9.98739E-05 9.98739E-05 9.98739E-05 9.98739E-05 9.98739E-05 9.98739E-05 0.302919 0.283671 9.98739E-05 9.98739E-05 9.98739E-05 9.98739E-05 9.98739E-05 9.98739E-05
9.98828E-05 0.138413 9.98828E-05 9.98828E-05 9.98828E-05 9.98828E-05 9.98828E-05 9.98828E-05 0.181252 0.568053 0.110984 9.98828E-05 9.98828E-05 9.98828E-05 9.98828E-05 9.98828E-05 9.98828E-05
9.99188E-05 9.99188E-05 0.147502 0.342279 0.0177992 9.99188E-05 9.99188E-05 9.99188E-05 9.99188E-05 0.0768953 0.280325 9.99188E-05 9.99188E-05 9.99188E-05 0.0792489 0.000539671 0.0545111
0.0107598 9.98827E-05 9.98827E-05 9.98827E-05 9.98827E-05 9.98827E-05 9.98827E-05 9.98827E-05 9.98827E-05 0.397276 0.226704 9.98827E-05 9.98827E-05 0.363962 9.98827E-05 9.98827E-05 9.98827E-05
9.98649E-05 9.98649E-05 9.98649E-05 9.98649E-05 9.98649E-05 9.98649E-05 9.98649E-05 9.98649E-05 0.260849 0.737653 9.98649E-05 9.98649E-05 9.98649E-05 9.98649E-05 9.98649E-05 9.98649E-05 9.98649E-05
9.99189E-05 9.99189E-05 9.99189E-05 0.0711353 9.99189E-05 0.0234467 9.99189E-05 9.99189E-05 9.99189E-05 0.703526 0.0191036 9.99189E-05 0.107293 0.0338887 0.0306038 0.0101032 9.99189E-05
0.105703 9.98917E-05 9.98917E-05 9.98917E-05 9.98917E-05 9.98917E-05 0.0142172 9.98917E-05 9.98917E-05 0.392623 9.98917E-05 9.98917E-05 9.98917E-05 9.98917E-05 9.98917E-05 0.104739 0.381519
9.98829E-05 0.205303 9.98829E-05 9.98829E-05 9.98829E-05 9.98829E-05 9.98829E-05 0.0455311 0.476848 0.27102 9.98829E-05 9.98829E-05 9.98829E-05 9.98829E-05 9.98829E-05 9.98829E-05 9.98829E-05
0.0602748 0.0357339 9.99009E-05 9.99009E-05 9.99009E-05 9.99009E-05 9.99009E-05 9.99009E-05 9.99009E-05 0.408635 9.99009E-05 9.99009E-05 9.99009E-05 0.0307207 9.99009E-05 0.423574 0.0399622
9.99009E-05 0.00579764 9.99009E-05 0.0273954 9.99009E-05 9.99009E-05 9.99009E-05 0.0194719 0.106095 0.723126 0.117015 9.99009E-05 9.99009E-05 9.99009E-05 9.99009E-05 9.99009E-05 9.99009E-05
9.98918E-05 9.98918E-05 9.98918E-05 0.270016 9.98918E-05 9.98918E-05 0.0156112 9.98918E-05 9.98918E-05 0.510157 9.98918E-05 9.98918E-05 9.98918E-05 9.98918E-05 0.0554061 0.147611 9.98918E-05
9.99008E-05 9.99008E-05 9.99008E-05 0.0869157 9.99008E-05 0.0216345 9.99008E-05 9.99008E-05 0.056155 0.531631 9.99008E-05 9.99008E-05 0.145589 9.99008E-05 9.99008E-05 9.99008E-05 0.156975
0.0267515 9.99188E-05 9.99188E-05 0.137571 9.99188E-05 0.0398901 9.99188E-05 9.99188E-05 0.0795966 0.235626 0.471521 9.99188E-05 9.99188E-05 0.00715631 9.99188E-05 0.000988014 9.99188E-05
0.126366 9.99097E-05 0.129353 9.99097E-05 9.99097E-05 9.99097E-05 0.0565592 9.99097E-05 9.99097E-05 0.414719 9.99097E-05 0.223744 9.99097E-05 9.99097E-05 0.0218672 0.0263919 9.99097E-05
0.0445518 9.98827E-05 9.98827E-05 9.98827E-05 0.572589 9.98827E-05 9.98827E-05 9.98827E-05 9.98827E-05 0.356322 9.98827E-05 9.98827E-05 9.98827E-05 9.98827E-05 9.98827E-05 9.98827E-05 0.0252387
9.99099E-05 9.99099E-05 9.99099E-05 0.0630391 9.99099E-05 0.075156 0.0026914 0.0987886 9.99099E-05 0.612101 9.99099E-05 9.99099E-05 0.10345 0.0437748 9.99099E-05 9.99099E-05 9.99099E-05
9.98738E-05 0.00573267 9.98738E-05 9.98738E-05 9.98738E-05 9.98738E-05 9.98738E-05 9.98738E-05 9.98738E-05 0.616299 0.37657 9.98738E-05 9.98738E-05 9.98738E-05 9.98738E-05 9.98738E-05 9.98738E-05
9.99008E-05 9.99008E-05 0.0480951 9.99008E-05 9.99008E-05 0.0124929 9.99008E-05 9.99008E-05 9.99008E-05 0.600265 9.99008E-05 9.99008E-05 0.0887916 9.99008E-05 9.99008E-05 0.0428982 0.206358
0.00784137 9.98918E-05 9.98918E-05 9.98918E-05 0.0358343 9.98918E-05 9.98918E-05 9.98918E-05 9.98918E-05 0.538039 9.98918E-05 0.113979 9.98918E-05 9.98918E-05 9.98918E-05 9.98918E-05 0.303108
0.0445521 0.0359044 0.255374 0.330346 9.99008E-05 9.99008E-05 9.99008E-05 9.99008E-05 9.99008E-05 9.99008E-05 9.99008E-05 9.99008E-05 9.99008E-05 9.99008E-05 9.99008E-05 0.0119803 0.320744
0.041184 0.295943 0.00954855 9.99097E-05 9.99097E-05 9.99097E-05 9.99097E-05 9.99097E-05 9.99097E-05 9.99097E-05 0.0703021 9.99097E-05 0.463639 0.108215 0.0101691 9.99097E-05 9.99097E-05
9.98918E-05 0.0360372 0.0278714 0.3227 0.595231 9.98918E-05 9.98918E-05 9.98918E-05 9.98918E-05 9.98918E-05 9.98918E-05 0.0169619 9.98918E-05 9.98918E-05 9.98918E-05 9.98918E-05 9.98918E-05
9.99008E-05 0.0968582 9.99008E-05 0.559482 9.99008E-05 0.0270162 9.99008E-05 9.99008E-05 0.0672303 9.99008E-05 0.244335 9.99008E-05 9.99008E-05 9.99008E-05 9.99008E-05 9.99008E-05 0.00397925
9.98828E-05 0.876372 9.98828E-05 9.98828E-05 9.98828E-05 9.98828E-05 9.98828E-05 0.0132911 0.0756857 0.0333526 9.98828E-05 9.98828E-05 9.98828E-05 9.98828E-05 9.98828E-05 9.98828E-05 9.98828E-05
0.161893 9.99008E-05 9.99008E-05 0.2292 0.0442464 9.99008E-05 9.99008E-05 9.99008E-05 9.99008E-05 9.99008E-05 9.99008E-05 0.261509 9.99008E-05 9.99008E-05 9.99008E-05 0.29213 0.00992277
0.0391265 0.485899 9.99007E-05 9.99007E-05 9.99007E-05 9.99007E-05 9.99007E-05 9.99007E-05 9.99007E-05 9.99007E-05 9.99007E-05 0.0786757 0.188412 9.99007E-05 9.99007E-05 0.138789 0.0679984
9.99189E-05 0.0550722 0.0189334 0.687841 9.99189E-05 9.99189E-05 0.0639647 9.99189E-05 9.99189E-05 0.0208095 9.99189E-05 0.0567724 9.99189E-05 0.0582142 0.0374931 9.99189E-05 9.99189E-05
9.98828E-05 0.197192 9.98828E-05 9.98828E-05 0.0199974 9.98828E-05 9.98828E-05 9.98828E-05 9.98828E-05 9.98828E-05 9.98828E-05 0.425565 0.355947 9.98828E-05 9.98828E-05 9.98828E-05 9.98828E-05
9.98919E-05 0.541913 9.98919E-05 0.101384 9.98919E-05 9.98919E-05 9.98919E-05 9.98919E-05 9.98919E-05 9.98919E-05 0.124513 0.0389927 9.98919E-05 0.191998 9.98919E-05 9.98919E-05 9.98919E-05
9.99188E-05 0.0282044 0.142531 0.173287 9.99188E-05 9.99188E-05 0.0399692 9.99188E-05 9.99188E-05 9.99188E-05 9.99188E-05 0.321759 0.0241333 9.99188E-05 9.99188E-05 0.185745 0.0834714
9.98919E-05 0.144463 9.98919E-05 9.98919E-05 0.457179 9.98919E-05 9.98919E-05 9.98919E-05 9.98919E-05 9.98919E-05 9.98919E-05 0.0467673 0.346057 9.98919E-05 9.98919E-05 9.98919E-05 0.00433409
9.98739E-05 0.892507 9.98739E-05 9.98739E-05 9.98739E-05 9.98739E-05 9.98739E-05 9.98739E-05 9.98739E-05 0.048322 9.98739E-05 9.98739E-05 9.98739E-05 0.0577731 9.98739E-05 9.98739E-05 9.98739E-05
0.257393 9.99099E-05 0.237998 0.167176 0.0603071 9.99099E-05 9.99099E-05 9.99099E-05 9.99099E-05 9.99099E-05 9.99099E-05 0.052396 9.99099E-05 9.99099E-05 9.99099E-05 0.214101 0.0096294
0.121445 0.128864 9.98918E-05 9.98918E-05 9.98918E-05 9.98918E-05 0.00574944 9.98918E-05 9.98918E-05 9.98918E-05 9.98918E-05 0.536579 0.206164 9.98918E-05 9.98918E-05 9.98918E-05 9.98918E-05
0.170062 9.99098E-05 9.99098E-05 0.131996 0.0480567 9.99098E-05 9.99098E-05 9.99098E-05 9.99098E-05 9.99098E-05 0.154034 0.408215 9.99098E-05 9.99098E-05 9.99098E-05 0.0740324 0.0126044
9.98739E-05 0.750801 9.98739E-05 9.98739E-05 9.98739E-05 9.98739E-05 9.98739E-05 9.98739E-05 0.14022 9.98739E-05 9.98739E-05 9.98739E-05 0.107581 9.98739E-05 9.98739E-05 9.98739E-05 9.98739E-05
9.98917E-05 0.157572 0.0467051 0.0010072 0.000990351 9.98917E-05 9.98917E-05 9.98917E-05 9.98917E-05 9.98917E-05 9.98917E-05 0.792526 9.98917E-05 9.98917E-05 9.98917E-05 9.98917E-05 9.98917E-05
9.99099E-05 9.99099E-05 0.344212 0.292361 9.99099E-05 9.99099E-05 0.0130586 9.99099E-05 9.99099E-05 0.0180093 9.99099E-05 0.017683 9.99099E-05 9.99099E-05 9.99099E-05 0.283793 0.0298833
9.99098E-05 0.0767037 0.046281 0.523526 9.99098E-05 9.99098E-05 9.99098E-05 9.99098E-05 9.99098E-05 9.99098E-05 0.228036 9.99098E-05 0.0192695 9.99098E-05 0.0936596 0.0115249 9.99098E-05
0.0189003 9.98921E-05 9.98921E-05 0.0683052 0.190793 9.98921E-05 9.98921E-05 9.98921E-05 9.98921E-05 9.98921E-05 0.269542 9.98921E-05 9.98921E-05 9.98921E-05 9.98921E-05 9.98921E-05 0.451261
0.0050955 0.103558 9.99279E-05 0.29793 0.174164 0.0039882 9.99279E-05 9.99279E-05 9.99279E-05 9.99279E-05 0.0113365 0.221752 9.99279E-05 9.99279E-05 0.0046896 9.99279E-05 0.176687
9.98918E-05 0.721228 9.98918E-05 0.106734 9.98918E-05 9.98918E-05 9.98918E-05 9.98918E-05 0.0342184 9.98918E-05 0.094121 9.98918E-05 0.0424993 9.98918E-05 9.98918E-05 9.98918E-05 9.98918E-05
9.99278E-05 9.99278E-05 0.0545329 0.122502 9.99278E-05 0.0472985 9.99278E-05 0.0345353 9.99278E-05 9.99278E-05 0.193829 0.38134 0.0333567 0.0155787 9.99278E-05 0.116228 9.99278E-05
9.98916E-05 0.258932 0.059077 0.240703 9.98916E-05 9.98916E-05 9.98916E-05 9.98916E-05 9.98916E-05 9.98916E-05 9.98916E-05 9.98916E-05 0.348072 9.98916E-05 0.0920174 9.98916E-05 9.98916E-05
9.99189E-05 0.0727237 9.99189E-05 0.201673 9.99189E-05 0.0468513 9.99189E-05 0.0512906 0.173157 0.195045 0.15992 9.99189E-05 0.0984407 9.99189E-05 9.99189E-05 9.99189E-05 9.99189E-05
9.99459E-05 9.99459E-05 0.0654419 0.00064072 9.99459E-05 0.0161204 0.0341716 9.99459E-05 0.00299177 0.117686 0.0829636 0.60063 0.0243114 9.99459E-05 0.0115492 0.0428937 9.99459E-05
9.98917E-05 9.98917E-05 9.98917E-05 0.0407598 9.98917E-05 9.98917E-05 9.98917E-05 0.0187374 9.98917E-05 0.168065 9.98917E-05 9.98917E-05 0.36338 9.98917E-05 9.98917E-05 9.98917E-05 0.407859
0.046806 0.123775 9.9928E-05 9.9928E-05 9.9928E-05 0.0416443 0.000158341 0.00195559 0.627244 9.9928E-05 9.9928E-05 9.9928E-05 9.9928E-05 0.125266 0.00501024 9.9928E-05 0.0273406
0.0333348 9.99278E-05 9.99278E-05 0.156592 9.99278E-05 0.00887692 9.99278E-05 9.99278E-05 0.0699905 0.131561 0.119656 9.99278E-05 0.337833 0.101344 0.0400114 9.99278E-05 9.99278E-05
9.99278E-05 9.99278E-05 9.99278E-05 0.127685 9.99278E-05 0.0252456 9.99278E-05 0.0307069 0.231747 0.061411 0.330288 9.99278E-05 0.129798 0.0264745 9.99278E-05 0.035844 9.99278E-05
9.99098E-05 0.0941888 9.99098E-05 0.112824 9.99098E-05 0.0184216 9.99098E-05 9.99098E-05 0.0774866 9.99098E-05 9.99098E-05 9.99098E-05 0.0851064 9.99098E-05 9.99098E-05 0.386514 0.22446
9.98827E-05 0.136659 9.98827E-05 0.096747 9.98827E-05 9.98827E-05 9.98827E-05 9.98827E-05 0.36032 9.98827E-05 0.404975 9.98827E-05 9.98827E-05 9.98827E-05 9.98827E-05 9.98827E-05 9.98827E-05
0.0941033 9.98917E-05 9.98917E-05 0.229276 0.169565 9.98917E-05 9.98917E-05 9.98917E-05 9.98917E-05 9.98917E-05 9.98917E-05 0.3643 9.98917E-05 9.98917E-05 9.98917E-05 0.141557 9.98917E-05
9.98917E-05 0.0498327 9.98917E-05 0.202236 9.98917E-05 9.98917E-05 9.98917E-05 9.98917E-05 0.391543 9.98917E-05 0.284905 9.98917E-05 0.0702852 9.98917E-05 9.98917E-05 9.98917E-05 9.98917E-05
9.99009E-05 9.99009E-05 0.0157445 9.99009E-05 0.367918 9.99009E-05 9.99009E-05 9.99009E-05 0.192997 9.99009E-05 9.99009E-05 0.065628 0.310317 9.99009E-05 9.99009E-05 9.99009E-05 0.0462971
0.044033 9.99279E-05 9.99279E-05 0.0372039 0.345041 9.99279E-05 9.99279E-05 9.99279E-05 0.0048274 0.11534 9.99279E-05 0.274262 0.0670987 0.0455887 9.99279E-05 9.99279E-05 0.0658067
9.991E-05 9.991E-05 9.991E-05 0.330098 9.991E-05 0.00992001 0.0196364 0.06796 9.991E-05 0.139436 9.991E-05 9.991E-05 0.300326 9.991E-05 9.991E-05 9.991E-05 0.131625
0.0515521 9.99188E-05 9.99188E-05 0.568685 9.99188E-05 9.99188E-05 0.0631466 9.99188E-05 9.99188E-05 0.148696 9.99188E-05 0.00336932 0.0555121 0.0908086 9.99188E-05 9.99188E-05 0.0173301
0.0714299 9.99098E-05 9.99098E-05 0.277085 9.99098E-05 0.0421988 9.99098E-05 9.99098E-05 0.062809 0.188756 9.99098E-05 9.99098E-05 0.31075 9.99098E-05 9.99098E-05 9.99098E-05 0.045973
9.99098E-05 9.99098E-05 9.99098E-05 0.119446 0.179487 9.99098E-05 9.99098E-05 9.99098E-05 0.105679 0.0744783 0.108812 0.189009 9.99098E-05 9.99098E-05 9.99098E-05 9.99098E-05 0.22209
0.0563848 0.0833577 9.99189E-05 0.0282699 9.99189E-05 9.99189E-05 9.99189E-05 9.99189E-05 0.637785 0.0441645 0.0338145 9.99189E-05 9.99189E-05 0.0726685 9.99189E-05 9.99189E-05 0.0426554
9.98919E-05 0.172125 9.98919E-05 9.98919E-05 9.98919E-05 9.98919E-05 9.98919E-05 9.98919E-05 0.578227 9.98919E-05 0.00692096 9.98919E-05 0.231739 0.0097895 9.98919E-05 9.98919E-05 9.98919E-05
9.99009E-05 9.99009E-05 9.99009E-05 0.11239 9.99009E-05 9.99009E-05 9.99009E-05 0.0331442 9.99009E-05 9.99009E-05 0.286674 0.00956392 0.24813 0.308999 9.99009E-05 9.99009E-05 9.99009E-05
9.99099E-05 0.0372905 9.99099E-05 0.0383631 9.99099E-05 9.99099E-05 9.99099E-05 0.105373 0.540422 9.99099E-05 0.0304277 9.99099E-05 0.226099 0.0210259 9.99099E-05 9.99099E-05 9.99099E-05
0.127128 9.9874E-05 9.9874E-05 9.9874E-05 9.9874E-05 9.9874E-05 9.9874E-05 9.9874E-05 0.867858 9.9874E-05 9.9874E-05 9.9874E-05 9.9874E-05 0.0036162 9.9874E-05 9.9874E-05 9.9874E-05
9.99369E-05 0.00320264 0.0245384 0.00894011 9.99369E-05 9.99369E-05 9.99369E-05 0.0907612 9.99369E-05 0.0038451 0.013451 0.0403964 0.340173 0.457388 0.0166046 9.99369E-05 9.99369E-05
9.99098E-05 0.0848559 9.99098E-05 0.413486 9.99098E-05 9.99098E-05 9.99098E-05 9.99098E-05 0.126769 9.99098E-05 0.289682 9.99098E-05 9.99098E-05 0.0321431 0.00912261 0.0429425 9.99098E-05
0.382328 0.00133828 0.493773 9.991E-05 9.991E-05 0.029332 9.991E-05 9.991E-05 9.991E-05 9.991E-05 9.991E-05 9.991E-05 0.0460633 9.991E-05 0.0101872 9.991E-05 0.0359793
0.805421 9.98918E-05 9.98918E-05 9.98918E-05 0.00570357 0.00419468 9.98918E-05 9.98918E-05 9.98918E-05 9.98918E-05 0.0942775 0.0892045 9.98918E-05 9.98918E-05 9.98918E-05 9.98918E-05 9.98918E-05
0.122017 9.99098E-05 0.0809476 0.112514 9.99098E-05 9.99098E-05 9.99098E-05 9.99098E-05 9.99098E-05 9.99098E-05 0.454278 9.99098E-05 0.00993825 0.136707 0.0825989 9.99098E-05 9.99098E-05
0.611521 9.98917E-05 9.98917E-05 0.00814969 9.98917E-05 9.98917E-05 9.98917E-05 9.98917E-05 9.98917E-05 9.98917E-05 0.0421956 0.107833 9.98917E-05 9.98917E-05 9.98917E-05 0.229102 9.98917E-05
0.92747 9.98739E-05 0.0498893 9.98739E-05 9.98739E-05 9.98739E-05 9.98739E-05 9.98739E-05 9.98739E-05 0.0212423 9.98739E-05 9.98739E-05 9.98739E-05 9.98739E-05 9.98739E-05 9.98739E-05 9.98739E-05
0.45183 9.99008E-05 9.99008E-05 9.99008E-05 0.437987 0.0449789 9.99008E-05 9.99008E-05 9.99008E-05 0.0088978 0.0371036 9.99008E-05 9.99008E-05 0.0181042 9.99008E-05 9.99008E-05 9.99008E-05
0.712597 9.98919E-05 9.98919E-05 9.98919E-05 0.11671 9.98919E-05 9.98919E-05 9.98919E-05 9.98919E-05 0.00405379 0.0718146 0.0936261 9.98919E-05 9.98919E-05 9.98919E-05 9.98919E-05 9.98919E-05
0.237007 0.0170959 9.99009E-05 9.99009E-05 9.99009E-05 0.0109681 9.99009E-05 9.99009E-05 9.99009E-05 9.99009E-05 0.359531 9.99009E-05 9.99009E-05 0.360664 0.0136351 9.99009E-05 9.99009E-05
9.9892E-05 0.363648 9.9892E-05 9.9892E-05 9.9892E-05 9.9892E-05 9.9892E-05 9.9892E-05 0.206932 9.9892E-05 0.120164 9.9892E-05 9.9892E-05 0.288352 9.9892E-05 0.0197054 9.9892E-05
9.99098E-05 9.99098E-05 0.512346 0.283082 9.99098E-05 9.99098E-05 0.00699659 9.99098E-05 9.99098E-05 0.0498335 9.99098E-05 0.0222392 9.99098E-05 0.0395411 0.0849631 9.99098E-05 9.99098E-05
0.140374 9.98829E-05 9.98829E-05 9.98829E-05 9.98829E-05 9.98829E-05 9.98829E-05 9.98829E-05 9.98829E-05 0.0238661 0.243352 9.98829E-05 9.98829E-05 0.591109 9.98829E-05 9.98829E-05 9.98829E-05
0.113677 9.99061E-05 9.99061E-05 0.0559222 9.99061E-05 0.0217907 9.99061E-05 9.99061E-05 9.99061E-05 9.99061E-05 0.566507 9.99061E-05 9.99061E-05 0.0478692 0.193134 9.99061E-05 9.99061E-05
0.256052 9.99008E-05 0.078459 0.202451 9.99008E-05 9.99008E-05 9.99008E-05 9.99008E-05 9.99008E-05 9.99008E-05 0.364075 9.99008E-05 9.99008E-05 9.99008E-05 0.0852322 0.0126327 9.99008E-05
9.99099E-05 0.12499 9.99099E-05 0.0747848 9.99099E-05 9.99099E-05 9.99099E-05 9.99099E-05 0.00716741 9.99099E-05 0.570362 0.00530544 9.99099E-05 0.214793 9.99099E-05 0.00159805 9.99099E-05
9.99098E-05 9.99098E-05 0.281437 0.0369495 9.99098E-05 9.99098E-05 9.99098E-05 0.0200538 0.0720152 0.0119388 0.370951 9.99098E-05 9.99098E-05 0.205656 9.99098E-05 9.99098E-05 9.99098E-05
9.99189E-05 9.99189E-05 0.202842 0.119388 9.99189E-05 0.0700041 9.99189E-05 0.0549049 9.99189E-05 9.99189E-05 9.99189E-05 0.3337 0.194205 0.0145313 0.00952548 9.99189E-05 9.99189E-05
9.99098E-05 9.99098E-05 0.0729128 0.256708 9.99098E-05 9.99098E-05 0.0308013 9.99098E-05 9.99098E-05 9.99098E-05 0.0355559 9.99098E-05 9.99098E-05 0.399657 0.0576079 0.145758 9.99098E-05
0.0150775 9.99008E-05 0.324786 0.126833 9.99008E-05 9.99008E-05 9.99008E-05 9.99008E-05 9.99008E-05 0.133937 0.074983 9.99008E-05 9.99008E-05 0.323285 9.99008E-05 9.99008E-05 9.99008E-05
0.0911693 9.99009E-05 0.267568 0.0766361 0.00805486 9.99009E-05 9.99009E-05 9.99009E-05 9.99009E-05 9.99009E-05 9.99009E-05 0.055536 9.99009E-05 9.99009E-05 9.99009E-05 0.499937 9.99009E-05
0.0331937 9.9919E-05 0.436835 0.357506 0.0250062 9.9919E-05 9.9919E-05 9.9919E-05 0.0289625 9.9919E-05 0.0300056 9.9919E-05 9.9919E-05 9.9919E-05 0.0359533 0.0516379 9.9919E-05
9.9919E-05 9.9919E-05 0.0149778 0.0570897 0.0187729 9.9919E-05 0.0174549 9.9919E-05 0.0976119 9.9919E-05 0.0710397 9.9919E-05 9.9919E-05 0.685628 9.9919E-05 0.0365259 9.9919E-05
9.99098E-05 9.99098E-05 0.0576339 0.259467 9.99098E-05 9.99098E-05 9.99098E-05 9.99098E-05 9.99098E-05 0.000829886 0.467169 0.0396653 9.99098E-05 0.167613 0.00662279 9.99098E-05 9.99098E-05
9.99099E-05 0.201372 9.99099E-05 0.0222705 9.99099E-05 9.99099E-05 9.99099E-05 9.99099E-05 0.140151 9.99099E-05 0.154061 9.99099E-05 0.0422882 0.421467 9.99099E-05 0.0173905 9.99099E-05
0.328336 9.98918E-05 0.263853 0.281621 9.98918E-05 9.98918E-05 9.98918E-05 9.98918E-05 9.98918E-05 9.98918E-05 9.98918E-05 0.123169 9.98918E-05 9.98918E-05 9.98918E-05 0.00182238 9.98918E-05
9.99009E-05 9.99009E-05 0.257184 0.470876 9.99009E-05 9.99009E-05 9.99009E-05 9.99009E-05 9.99009E-05 9.99009E-05 0.0630511 9.99009E-05 0.0595471 9.99009E-05 0.0901377 0.0581048 9.99009E-05
9.99098E-05 0.157016 0.0383911 0.0178548 9.99098E-05 9.99098E-05 9.99098E-05 0.00591405 0.0456593 9.99098E-05 0.289209 9.99098E-05 9.99098E-05 0.444957 9.99098E-05 9.99098E-05 9.99098E-05
0.238333 9.99099E-05 0.171132 9.99099E-05 0.024979 9.99099E-05 0.0363852 9.99099E-05 9.99099E-05 0.0165337 9.99099E-05 0.296759 0.214878 9.99099E-05 9.99099E-05 9.99099E-05 9.99099E-05
9.98829E-05 9.98829E-05 0.0801642 9.98829E-05 9.98829E-05 9.98829E-05 9.98829E-05 9.98829E-05 9.98829E-05 9.98829E-05 9.98829E-05 0.0150371 0.435047 9.98829E-05 9.98829E-05 0.468453 9.98829E-05
9.99369E-05 0.0291863 9.99369E-05 0.146301 9.99369E-05 0.0452023 9.99369E-05 0.0810529 0.283763 0.00338638 0.295898 9.99369E-05 0.044908 0.00132374 0.0682794 9.99369E-05 9.99369E-05
9.98918E-05 9.98918E-05 9.98918E-05 9.98918E-05 9.98918E-05 9.98918E-05 9.98918E-05 0.00314083 0.133441 0.0508232 0.0453855 9.98918E-05 0.76601 9.98918E-05 9.98918E-05 9.98918E-05 9.98918E-05
0.341978 9.9901E-05 9.9901E-05 9.9901E-05 9.9901E-05 0.0301909 9.9901E-05 9.9901E-05 9.9901E-05 9.9901E-05 9.9901E-05 9.9901E-05 0.191632 0.0278375 0.0517915 0.355471 9.9901E-05
0.367604 9.98918E-05 9.98918E-05 9.98918E-05 0.0134089 9.98918E-05 9.98918E-05 9.98918E-05 9.98918E-05 9.98918E-05 9.98918E-05 0.285585 0.32029 9.98918E-05 0.0119129 9.98918E-05 9.98918E-05
0.227165 9.99099E-05 0.0706861 9.99099E-05 9.99099E-05 9.99099E-05 0.0380702 9.99099E-05 9.99099E-05 9.99099E-05 9.99099E-05 0.415319 0.177678 9.99099E-05 0.0653809 0.00470164 9.99099E-05
9.98829E-05 0.100282 9.98829E-05 9.98829E-05 9.98829E-05 9.98829E-05 9.98829E-05 9.98829E-05 0.622131 9.98829E-05 9.98829E-05 9.98829E-05 0.275133 0.00115629 9.98829E-05 9.98829E-05 9.98829E-05
9.98919E-05 9.98919E-05 9.98919E-05 0.0197501 9.98919E-05 9.98919E-05 9.98919E-05 9.98919E-05 9.98919E-05 9.98919E-05 0.467065 9.98919E-05 0.411681 0.0567136 0.0435917 9.98919E-05 9.98919E-05
9.99188E-05 9.99188E-05 0.0873124 0.124856 9.99188E-05 9.99188E-05 0.044787 9.99188E-05 9.99188E-05 0.311397 9.99188E-05 0.0218652 0.282986 9.99188E-05 0.00164047 0.124257 9.99188E-05
0.337206 0.00937408 9.99008E-05 9.99008E-05 9.99008E-05 9.99008E-05 9.99008E-05 9.99008E-05 9.99008E-05 9.99008E-05 0.0282391 0.234663 0.256581 9.99008E-05 9.99008E-05 0.132838 9.99008E-05
9.99098E-05 9.99098E-05 9.99098E-05 0.0219665 9.99098E-05 9.99098E-05 9.99098E-05 0.0455956 0.506798 0.0460362 0.0843059 9.99098E-05 0.25499 0.0393082 9.99098E-05 9.99098E-05 9.99098E-05
0.129801 9.99099E-05 9.99099E-05 0.356014 9.99099E-05 0.0475267 9.99099E-05 0.00298712 9.99099E-05 9.99099E-05 0.251787 9.99099E-05 0.193589 0.0172956 9.99099E-05 9.99099E-05 9.99099E-05
0.138764 9.99007E-05 9.99007E-05 0.1108 9.99007E-05 9.99007E-05 9.99007E-05 9.99007E-05 9.99007E-05 9.99007E-05 0.170661 9.99007E-05 0.323279 0.21936 0.0360373 9.99007E-05 9.99007E-05
9.98827E-05 9.98827E-05 9.98827E-05 0.243969 9.98827E-05 9.98827E-05 9.98827E-05 9.98827E-05 9.98827E-05 0.21234 9.98827E-05 9.98827E-05 0.381432 9.98827E-05 9.98827E-05 9.98827E-05 0.160961
9.99008E-05 0.0268625 9.99008E-05 0.358112 9.99008E-05 9.99008E-05 9.99008E-05 0.00902919 9.99008E-05 0.174887 0.258496 9.99008E-05 9.99008E-05 0.171515 9.99008E-05 9.99008E-05 9.99008E-05
0.101097 9.99188E-05 0.241612 0.30812 9.99188E-05 9.99188E-05 0.0554344 9.99188E-05 9.99188E-05 0.0243617 9.99188E-05 9.99188E-05 0.013296 0.0506459 9.99188E-05 0.204533 9.99188E-05
0.00715237 9.99008E-05 0.0637318 0.461947 9.99008E-05 9.99008E-05 9.99008E-05 9.99008E-05 9.99008E-05 9.99008E-05 9.99008E-05 9.99008E-05 0.272299 9.99008E-05 0.0430883 0.150682 9.99008E-05
0.296782 0.0545568 9.991E-05 9.991E-05 9.991E-05 0.0150164 0.00658091 9.991E-05 9.991E-05 9.991E-05 9.991E-05 0.405714 0.0951823 9.991E-05 9.991E-05 0.125169 9.991E-05
9.99278E-05 0.052986 0.0165813 9.99278E-05 9.99278E-05 0.00484772 0.0142797 0.111169 9.99278E-05 9.99278E-05 0.054873 0.0589642 0.351013 0.334486 9.99278E-05 9.99278E-05 9.99278E-05
0.165485 9.99098E-05 0.274776 9.99098E-05 9.99098E-05 9.99098E-05 0.0115096 9.99098E-05 9.99098E-05 9.99098E-05 9.99098E-05 0.216285 0.240844 0.0338856 9.99098E-05 0.0562151 9.99098E-05
