9.9919E-05 0.396104 9.9919E-05 9.9919E-05 9.9919E-05 0.368197 0.0317234 0.065817 9.9919E-05 9.9919E-05 0.058975 9.9919E-05 9.9919E-05 0.0782839 9.9919E-05
0.0893095 0.271745 0.0103811 0.0829503 9.99369E-05 0.46207 0.00684832 9.99369E-05 0.0181383 9.99369E-05 0.0578579 9.99369E-05 9.99369E-05 9.99369E-05 9.99369E-05
0.0197916 9.99369E-05 9.99369E-05 0.00106793 9.99369E-05 0.291128 9.99369E-05 0.0164382 0.0228164 9.99369E-05 0.0559462 0.536172 9.99369E-05 9.99369E-05 0.0559397
9.99189E-05 0.581318 9.99189E-05 9.99189E-05 0.00374742 0.116626 9.99189E-05 0.0345033 9.99189E-05 9.99189E-05 9.99189E-05 9.99189E-05 0.144153 0.118753 9.99189E-05
0.182134 0.281799 9.99188E-05 9.99188E-05 9.99188E-05 9.99188E-05 9.99188E-05 9.99188E-05 0.105291 9.99188E-05 0.0728415 9.99188E-05 0.297465 9.99188E-05 0.0595714
0.109437 9.99369E-05 0.0247519 9.99369E-05 9.99369E-05 0.250248 0.0101243 9.99369E-05 0.00281373 9.99369E-05 9.99369E-05 0.109975 9.99369E-05 0.36639 0.125561
9.99098E-05 0.0419801 0.0125658 9.99098E-05 0.0551895 0.44619 9.99098E-05 9.99098E-05 9.99098E-05 9.99098E-05 9.99098E-05 0.443075 9.99098E-05 9.99098E-05 9.99098E-05
0.164029 9.9919E-05 9.9919E-05 9.9919E-05 9.9919E-05 0.275276 0.116736 9.9919E-05 9.9919E-05 9.9919E-05 9.9919E-05 0.204406 9.9919E-05 0.183728 0.0549246
0.0487021 0.370805 9.9955E-05 0.00248912 9.9955E-05 0.39397 0.0165999 0.0236737 0.0799782 0.0174099 9.9955E-05 9.9955E-05 9.9955E-05 0.0234094 0.0224636
9.99098E-05 9.99098E-05 9.99098E-05 9.99098E-05 0.176087 9.99098E-05 9.99098E-05 0.0390486 9.99098E-05 9.99098E-05 9.99098E-05 0.34044 9.99098E-05 0.242508 0.200917
0.124995 0.175908 9.99369E-05 0.369884 9.99369E-05 0.188781 9.99369E-05 0.00451176 9.99369E-05 9.99369E-05 0.0428098 9.99369E-05 0.00976589 9.99369E-05 0.0826452
0.0960664 0.457997 9.99279E-05 0.0805416 9.99279E-05 0.0287609 9.99279E-05 9.99279E-05 9.99279E-05 0.111814 9.99279E-05 9.99279E-05 9.99279E-05 0.0447403 0.179281
9.99278E-05 0.0895801 9.99278E-05 9.99278E-05 9.99278E-05 0.191749 9.99278E-05 9.99278E-05 0.0500988 9.99278E-05 0.130328 0.177987 0.348553 9.99278E-05 0.0109041
9.99189E-05 9.99189E-05 0.00685871 9.99189E-05 9.99189E-05 0.482679 0.0158431 9.99189E-05 9.99189E-05 9.99189E-05 9.99189E-05 0.26868 9.99189E-05 0.0996939 0.125346
0.198594 0.334032 9.99009E-05 0.41625 9.99009E-05 9.99009E-05 9.99009E-05 9.99009E-05 9.99009E-05 9.99009E-05 9.99009E-05 9.99009E-05 9.99009E-05 9.99009E-05 0.0500248
9.99279E-05 9.99279E-05 0.00697685 9.99279E-05 0.23669 0.0757191 9.99279E-05 0.0131782 0.0177422 9.99279E-05 9.99279E-05 0.44135 9.99279E-05 0.207545 9.99279E-05
9.99099E-05 0.0526348 9.99099E-05 9.99099E-05 0.0219647 0.56171 9.99099E-05 9.99099E-05 9.99099E-05 9.99099E-05 9.99099E-05 0.342982 9.99099E-05 0.0197093 9.99099E-05
0.0132212 9.99188E-05 9.99188E-05 0.0601662 9.99188E-05 0.443144 9.99188E-05 9.99188E-05 9.99188E-05 9.99188E-05 0.0338929 0.420861 9.99188E-05 0.027815 9.99188E-05
9.9919E-05 0.45291 9.9919E-05 9.9919E-05 9.9919E-05 0.242157 9.9919E-05 9.9919E-05 9.9919E-05 0.144798 0.121006 0.0190333 9.9919E-05 9.9919E-05 0.019196
9.99099E-05 9.99099E-05 9.99099E-05 0.117772 9.99099E-05 9.99099E-05 0.0290595 0.726742 0.041317 9.99099E-05 9.99099E-05 9.99099E-05 0.0841108 9.99099E-05 9.99099E-05
9.98828E-05 9.98828E-05 9.98828E-05 9.98828E-05 9.98828E-05 9.98828E-05 9.98828E-05 0.743154 9.98828E-05 9.98828E-05 9.98828E-05 9.98828E-05 0.255548 9.98828E-05 9.98828E-05
9.98827E-05 9.98827E-05 9.98827E-05 9.98827E-05 9.98827E-05 9.98827E-05 9.98827E-05 0.822979 9.98827E-05 9.98827E-05 9.98827E-05 9.98827E-05 9.98827E-05 0.175722 9.98827E-05
9.99189E-05 0.0125237 9.99189E-05 9.99189E-05 9.99189E-05 9.99189E-05 0.0103711 0.608546 0.0139125 0.228491 9.99189E-05 9.99189E-05 0.125257 9.99189E-05 9.99189E-05
9.99279E-05 0.148956 9.99279E-05 0.0796013 9.99279E-05 9.99279E-05 0.00676633 0.735239 0.00509269 0.0189056 9.99279E-05 9.99279E-05 9.99279E-05 9.99279E-05 0.00464006
9.99278E-05 9.99278E-05 0.23838 9.99278E-05 9.99278E-05 0.138497 0.0225728 0.455515 9.99278E-05 9.99278E-05 9.99278E-05 0.118559 9.99278E-05 0.024926 0.000751104
0.021369 0.137362 9.99278E-05 0.0930224 9.99278E-05 9.99278E-05 0.304639 0.309104 0.074181 9.99278E-05 9.99278E-05 9.99278E-05 9.99278E-05 9.99278E-05 0.0595242
9.99099E-05 9.99099E-05 0.220991 9.99099E-05 0.462272 9.99099E-05 9.99099E-05 0.23348 0.0632779 9.99099E-05 9.99099E-05 0.0189802 9.99099E-05 9.99099E-05 9.99099E-05
0.0501177 9.99189E-05 9.99189E-05 0.031486 9.99189E-05 9.99189E-05 0.334809 0.16524 0.0424556 9.99189E-05 9.99189E-05 9.99189E-05 0.374993 9.99189E-05 9.99189E-05
9.99098E-05 9.99098E-05 0.0072796 9.99098E-05 0.00887624 9.99098E-05 9.99098E-05 0.821557 9.99098E-05 9.99098E-05 0.0258613 9.99098E-05 9.99098E-05 0.135427 9.99098E-05
9.99009E-05 0.0190448 9.99009E-05 9.99009E-05 9.99009E-05 9.99009E-05 9.99009E-05 0.861415 9.99009E-05 0.028768 9.99009E-05 9.99009E-05 0.0896733 9.99009E-05 9.99009E-05
9.99281E-05 9.99281E-05 0.0862153 9.99281E-05 0.147772 0.0262588 9.99281E-05 0.562686 9.99281E-05 0.113231 9.99281E-05 0.0617653 9.99281E-05 9.99281E-05 0.00127177
9.99278E-05 9.99278E-05 0.225145 9.99278E-05 0.03092 9.99278E-05 0.34926 0.116339 0.0303007 9.99278E-05 0.0948706 9.99278E-05 9.99278E-05 0.152365 9.99278E-05
9.99007E-05 9.99007E-05 0.0847062 9.99007E-05 0.198574 9.99007E-05 9.99007E-05 0.575156 9.99007E-05 9.99007E-05 9.99007E-05 0.140465 9.99007E-05 9.99007E-05 9.99007E-05
9.99098E-05 9.99098E-05 0.110806 9.99098E-05 9.99098E-05 0.165905 0.00138128 0.627331 9.99098E-05 9.99098E-05 9.99098E-05 0.093577 9.99098E-05 9.99098E-05 9.99098E-05
9.99189E-05 0.0442827 9.99189E-05 9.99189E-05 9.99189E-05 9.99189E-05 9.99189E-05 0.844958 0.0036468 0.0213509 9.99189E-05 9.99189E-05 0.0446574 9.99189E-05 0.0402052
9.99099E-05 0.0746706 9.99099E-05 0.128285 9.99099E-05 9.99099E-05 9.99099E-05 0.740405 0.0405591 9.99099E-05 9.99099E-05 9.99099E-05 0.0150816 9.99099E-05 9.99099E-05
9.98829E-05 9.98829E-05 9.98829E-05 0.314393 9.98829E-05 9.98829E-05 9.98829E-05 0.684308 9.98829E-05 9.98829E-05 9.98829E-05 9.98829E-05 9.98829E-05 9.98829E-05 9.98829E-05
9.99099E-05 0.0806274 9.99099E-05 9.99099E-05 9.99099E-05 9.99099E-05 9.99099E-05 0.686424 0.00910161 0.217463 9.99099E-05 9.99099E-05 0.00538498 9.99099E-05 9.99099E-05
9.99007E-05 9.99007E-05 0.371501 9.99007E-05 9.99007E-05 0.017343 9.99007E-05 9.99007E-05 0.487242 9.99007E-05 9.99007E-05 9.99007E-05 9.99007E-05 0.122815 9.99007E-05
9.99099E-05 9.99099E-05 0.776183 9.99099E-05 0.0649321 9.99099E-05 9.99099E-05 9.99099E-05 0.0185721 9.99099E-05 0.064892 9.99099E-05 0.0744221 9.99099E-05 9.99099E-05
9.99189E-05 9.99189E-05 0.607106 9.99189E-05 0.221381 9.99189E-05 0.034237 0.0255744 9.99189E-05 9.99189E-05 9.99189E-05 0.0549706 9.99189E-05 9.99189E-05 0.0558317
9.99189E-05 9.99189E-05 0.279853 9.99189E-05 0.0107472 9.99189E-05 0.0647423 9.99189E-05 0.213844 0.187496 9.99189E-05 9.99189E-05 0.242418 9.99189E-05 9.99189E-05
9.99097E-05 9.99097E-05 0.415775 9.99097E-05 9.99097E-05 0.00109313 9.99097E-05 0.241861 0.152687 9.99097E-05 9.99097E-05 9.99097E-05 9.99097E-05 0.187585 9.99097E-05
9.99189E-05 9.99189E-05 0.669381 0.128181 9.99189E-05 9.99189E-05 9.99189E-05 0.0527114 9.99189E-05 9.99189E-05 0.0424327 0.0105438 9.99189E-05 9.99189E-05 0.0958506
9.99009E-05 0.182968 9.99009E-05 9.99009E-05 9.99009E-05 9.99009E-05 0.542958 9.99009E-05 0.105398 0.167576 9.99009E-05 9.99009E-05 9.99009E-05 9.99009E-05 9.99009E-05
0.177267 0.0939865 0.148433 0.02106 9.99099E-05 9.99099E-05 9.99099E-05 9.99099E-05 0.558255 9.99099E-05 9.99099E-05 9.99099E-05 9.99099E-05 9.99099E-05 9.99099E-05
9.99189E-05 9.99189E-05 0.6084 9.99189E-05 0.0781216 0.0270881 9.99189E-05 0.169799 9.99189E-05 9.99189E-05 9.99189E-05 0.111512 9.99189E-05 9.99189E-05 0.00417906
9.98917E-05 9.98917E-05 0.467698 9.98917E-05 9.98917E-05 9.98917E-05 9.98917E-05 9.98917E-05 0.372818 9.98917E-05 9.98917E-05 9.98917E-05 9.98917E-05 0.158285 9.98917E-05
9.98919E-05 9.98919E-05 0.420703 9.98919E-05 0.495776 9.98919E-05 9.98919E-05 9.98919E-05 9.98919E-05 9.98919E-05 9.98919E-05 9.98919E-05 0.0823218 9.98919E-05 9.98919E-05
0.187006 9.9937E-05 0.31708 0.00306812 9.9937E-05 0.0172812 0.0096625 0.00191895 0.449823 0.01346 9.9937E-05 9.9937E-05 9.9937E-05 9.9937E-05 9.9937E-05
9.99009E-05 9.99009E-05 0.698977 9.99009E-05 0.0844747 9.99009E-05 9.99009E-05 9.99009E-05 0.0995996 9.99009E-05 9.99009E-05 9.99009E-05 0.11585 9.99009E-05 9.99009E-05
9.99009E-05 9.99009E-05 0.366329 9.99009E-05 9.99009E-05 9.99009E-05 9.99009E-05 0.0275553 0.148176 9.99009E-05 9.99009E-05 9.99009E-05 0.456841 9.99009E-05 9.99009E-05
9.99278E-05 0.0501037 0.0594491 0.239479 9.99278E-05 9.99278E-05 0.133877 0.0850014 0.330607 9.99278E-05 9.99278E-05 9.99278E-05 9.99278E-05 9.99278E-05 0.100683
0.11403 0.0734571 0.304894 0.237968 9.99279E-05 9.99279E-05 0.0519887 9.99279E-05 0.187252 9.99279E-05 9.99279E-05 9.99279E-05 9.99279E-05 9.99279E-05 0.0296112
9.9955E-05 0.0248803 0.129063 0.0236907 0.00261477 0.0148525 0.104655 0.0348352 0.235578 0.376825 9.9955E-05 9.9955E-05 0.052506 9.9955E-05 9.9955E-05
9.99009E-05 0.0373851 9.99009E-05 9.99009E-05 9.99009E-05 9.99009E-05 0.187729 0.345323 9.99009E-05 0.428464 9.99009E-05 9.99009E-05 9.99009E-05 9.99009E-05 9.99009E-05
9.99007E-05 9.99007E-05 0.536359 9.99007E-05 9.99007E-05 9.99007E-05 9.99007E-05 9.99007E-05 0.272646 9.99007E-05 0.0557537 9.99007E-05 9.99007E-05 0.134142 9.99007E-05
9.99007E-05 9.99007E-05 0.276832 9.99007E-05 9.99007E-05 9.99007E-05 0.268799 9.99007E-05 0.100127 9.99007E-05 9.99007E-05 9.99007E-05 0.353143 9.99007E-05 9.99007E-05
9.99098E-05 9.99098E-05 0.777958 9.99098E-05 0.0652978 9.99098E-05 0.0405586 9.99098E-05 9.99098E-05 9.99098E-05 0.0405675 9.99098E-05 9.99098E-05 0.0746186 9.99098E-05
9.99008E-05 9.99008E-05 0.163271 9.99008E-05 9.99008E-05 9.99008E-05 9.99008E-05 9.99008E-05 0.723768 9.99008E-05 9.99008E-05 9.99008E-05 0.0864718 0.0253903 9.99008E-05
9.99188E-05 9.99188E-05 0.140112 9.99188E-05 9.99188E-05 0.07846 0.068429 0.0554137 0.58594 9.99188E-05 9.99188E-05 9.99188E-05 9.99188E-05 0.0707455 9.99188E-05
0.127266 0.068171 0.339379 0.0570233 9.99189E-05 9.99189E-05 0.0210155 9.99189E-05 0.386246 9.99189E-05 9.99189E-05 9.99189E-05 9.99189E-05 9.99189E-05 9.99189E-05
9.99189E-05 9.99189E-05 0.226748 9.99189E-05 0.133598 0.00499456 0.302859 9.99189E-05 0.142536 9.99189E-05 0.188365 9.99189E-05 9.99189E-05 9.99189E-05 9.99189E-05
9.98919E-05 9.98919E-05 9.98919E-05 9.98919E-05 9.98919E-05 9.98919E-05 9.98919E-05 0.0525476 0.62266 0.323594 9.98919E-05 9.98919E-05 9.98919E-05 9.98919E-05 9.98919E-05
9.99009E-05 9.99009E-05 0.190353 9.99009E-05 9.99009E-05 9.99009E-05 0.0509631 9.99009E-05 0.275555 9.99009E-05 9.99009E-05 0.48203 9.99009E-05 9.99009E-05 9.99009E-05
9.99369E-05 0.068612 9.99369E-05 0.140853 9.99369E-05 0.0833254 0.307568 0.103811 0.235892 9.99369E-05 9.99369E-05 9.99369E-05 9.99369E-05 0.0470623 0.0121772
0.0871124 9.9901E-05 9.9901E-05 9.9901E-05 9.9901E-05 9.9901E-05 9.9901E-05 9.9901E-05 0.891115 0.0155963 9.9901E-05 9.9901E-05 0.00507695 9.9901E-05 9.9901E-05
0.022169 9.9919E-05 9.9919E-05 0.161323 0.0492579 9.9919E-05 0.00561963 9.9919E-05 0.750231 9.9919E-05 9.9919E-05 0.0105 9.9919E-05 9.9919E-05 9.9919E-05
9.99368E-05 0.0643944 9.99368E-05 9.99368E-05 9.99368E-05 0.0302808 0.713598 0.00890044 0.101377 9.99368E-05 0.0245327 0.0383476 9.99368E-05 0.0178696 9.99368E-05
9.99188E-05 9.99188E-05 0.0786424 9.99188E-05 9.99188E-05 0.0138912 0.421311 0.202693 0.0465538 9.99188E-05 9.99188E-05 9.99188E-05 9.99188E-05 0.236009 9.99188E-05
9.99008E-05 9.99008E-05 0.153464 9.99008E-05 0.376501 9.99008E-05 0.384868 0.0840675 9.99008E-05 9.99008E-05 9.99008E-05 9.99008E-05 9.99008E-05 9.99008E-05 9.99008E-05
9.99009E-05 9.99009E-05 0.310201 9.99009E-05 0.0523353 9.99009E-05 9.99009E-05 9.99009E-05 0.23922 9.99009E-05 9.99009E-05 0.397145 9.99009E-05 9.99009E-05 9.99009E-05
0.133005 9.98919E-05 9.98919E-05 9.98919E-05 9.98919E-05 9.98919E-05 9.98919E-05 0.659787 9.98919E-05 0.20601 9.98919E-05 9.98919E-05 9.98919E-05 9.98919E-05 9.98919E-05
9.99097E-05 9.99097E-05 0.313592 9.99097E-05 0.131152 9.99097E-05 9.99097E-05 9.99097E-05 0.403609 9.99097E-05 0.0310777 0.11957 9.99097E-05 9.99097E-05 9.99097E-05
9.99098E-05 9.99098E-05 9.99098E-05 0.00795986 9.99098E-05 9.99098E-05 0.303664 9.99098E-05 0.637258 9.99098E-05 0.00687137 9.99098E-05 9.99098E-05 0.0432478 9.99098E-05
9.99099E-05 0.332317 9.99099E-05 0.0231132 9.99099E-05 9.99099E-05 0.481304 0.112861 0.0494063 9.99099E-05 9.99099E-05 9.99099E-05 9.99099E-05 9.99099E-05 9.99099E-05
9.99007E-05 9.99007E-05 0.0822747 9.99007E-05 0.0822099 9.99007E-05 9.99007E-05 0.694513 9.99007E-05 9.99007E-05 9.99007E-05 0.139904 9.99007E-05 9.99007E-05 9.99007E-05
9.991E-05 9.991E-05 0.245381 9.991E-05 0.278151 9.991E-05 9.991E-05 0.211575 0.00733644 9.991E-05 9.991E-05 0.256557 9.991E-05 9.991E-05 9.991E-05
9.99008E-05 9.99008E-05 0.16683 9.99008E-05 9.99008E-05 0.0626136 9.99008E-05 0.673797 9.99008E-05 9.99008E-05 9.99008E-05 0.0956607 9.99008E-05 9.99008E-05 9.99008E-05
9.99279E-05 9.99279E-05 0.0574113 9.99279E-05 0.0136148 9.99279E-05 0.34392 0.271749 0.0494428 9.99279E-05 0.039166 9.99279E-05 9.99279E-05 0.223897 9.99279E-05
9.99189E-05 9.99189E-05 0.227186 9.99189E-05 0.45951 9.99189E-05 0.0633388 0.131534 0.0380254 9.99189E-05 9.99189E-05 9.99189E-05 0.0795066 9.99189E-05 9.99189E-05
9.99279E-05 0.0466313 0.116083 9.99279E-05 9.99279E-05 9.99279E-05 9.99279E-05 0.230153 0.404215 0.16673 9.99279E-05 9.99279E-05 0.0164754 9.99279E-05 0.0189131
9.98918E-05 9.98918E-05 0.377085 9.98918E-05 9.98918E-05 9.98918E-05 9.98918E-05 9.98918E-05 0.40923 9.98918E-05 9.98918E-05 9.98918E-05 0.212487 9.98918E-05 9.98918E-05
9.99279E-05 9.99279E-05 0.346633 0.0453848 9.99279E-05 9.99279E-05 0.102366 0.0547738 0.0746985 9.99279E-05 9.99279E-05 9.99279E-05 0.336894 9.99279E-05 0.0384511
9.99008E-05 9.99008E-05 0.477775 9.99008E-05 0.119833 9.99008E-05 9.99008E-05 9.99008E-05 0.27505 9.99008E-05 9.99008E-05 0.126243 9.99008E-05 9.99008E-05 9.99008E-05
9.99098E-05 9.99098E-05 0.0785891 9.99098E-05 9.99098E-05 9.99098E-05 9.99098E-05 0.0699124 0.578518 9.99098E-05 9.99098E-05 9.99098E-05 0.117833 0.154149 9.99098E-05
9.99099E-05 0.0780768 9.99099E-05 9.99099E-05 9.99099E-05 9.99099E-05 0.0602837 9.99099E-05 0.81501 0.0410747 9.99099E-05 9.99099E-05 9.99099E-05 9.99099E-05 0.00455572
9.99188E-05 9.99188E-05 0.0172162 9.99188E-05 9.99188E-05 0.0927633 0.528381 0.188 9.99188E-05 9.99188E-05 9.99188E-05 0.172172 9.99188E-05 9.99188E-05 0.000567251
9.98918E-05 9.98918E-05 0.51112 9.98918E-05 9.98918E-05 9.98918E-05 0.223197 9.98918E-05 9.98918E-05 9.98918E-05 9.98918E-05 0.264484 9.98918E-05 9.98918E-05 9.98918E-05
0.159152 9.98918E-05 9.98918E-05 9.98918E-05 9.98918E-05 9.98918E-05 0.7125 0.127149 9.98918E-05 9.98918E-05 9.98918E-05 9.98918E-05 9.98918E-05 9.98918E-05 9.98918E-05
9.98917E-05 9.98917E-05 0.323668 9.98917E-05 9.98917E-05 9.98917E-05 0.414258 9.98917E-05 9.98917E-05 9.98917E-05 9.98917E-05 0.260875 9.98917E-05 9.98917E-05 9.98917E-05
9.98917E-05 9.98917E-05 0.244768 9.98917E-05 9.98917E-05 9.98917E-05 0.491202 9.98917E-05 9.98917E-05 9.98917E-05 9.98917E-05 0.262831 9.98917E-05 9.98917E-05 9.98917E-05
0.214689 9.99008E-05 9.99008E-05 9.99008E-05 9.99008E-05 9.99008E-05 0.712068 9.99008E-05 0.0124337 0.0597098 9.99008E-05 9.99008E-05 9.99008E-05 9.99008E-05 9.99008E-05
9.99098E-05 9.99098E-05 0.28583 9.99098E-05 9.99098E-05 0.153764 0.284352 9.99098E-05 0.222165 9.99098E-05 9.99098E-05 0.0528901 9.99098E-05 9.99098E-05 9.99098E-05
9.99008E-05 9.99008E-05 0.239738 9.99008E-05 9.99008E-05 0.120181 0.622473 9.99008E-05 9.99008E-05 9.99008E-05 9.99008E-05 0.0165095 9.99008E-05 9.99008E-05 9.99008E-05
9.99009E-05 9.99009E-05 0.0109768 9.99009E-05 0.371537 9.99009E-05 9.99009E-05 9.99009E-05 0.00902108 9.99009E-05 0.607367 9.99009E-05 9.99009E-05 9.99009E-05 9.99009E-05
0.0174717 9.99369E-05 0.130035 9.99369E-05 0.138491 9.99369E-05 9.99369E-05 0.00642008 9.99369E-05 9.99369E-05 0.555783 0.0204898 0.0821247 0.048486 9.99369E-05
9.99009E-05 9.99009E-05 0.0177489 9.99009E-05 9.99009E-05 9.99009E-05 9.99009E-05 9.99009E-05 9.99009E-05 0.0651524 0.692212 9.99009E-05 0.223788 9.99009E-05 9.99009E-05
0.414833 9.9901E-05 9.9901E-05 9.9901E-05 9.9901E-05 9.9901E-05 0.0161697 9.9901E-05 9.9901E-05 0.020759 0.547139 9.9901E-05 9.9901E-05 9.9901E-05 9.9901E-05
9.98918E-05 9.98918E-05 9.98918E-05 9.98918E-05 0.318707 9.98918E-05 9.98918E-05 9.98918E-05 9.98918E-05 9.98918E-05 0.643954 9.98918E-05 9.98918E-05 9.98918E-05 0.0361408
0.116112 0.0153035 9.99279E-05 9.99279E-05 9.99279E-05 0.550979 0.0598111 9.99279E-05 0.0184859 0.0446919 0.193817 9.99279E-05 9.99279E-05 9.99279E-05 9.99279E-05
9.98828E-05 9.98828E-05 9.98828E-05 9.98828E-05 9.98828E-05 9.98828E-05 9.98828E-05 9.98828E-05 9.98828E-05 9.98828E-05 0.488849 0.509852 9.98828E-05 9.98828E-05 9.98828E-05
9.98829E-05 9.98829E-05 9.98829E-05 9.98829E-05 0.264424 9.98829E-05 9.98829E-05 9.98829E-05 9.98829E-05 9.98829E-05 0.734278 9.98829E-05 9.98829E-05 9.98829E-05 9.98829E-05
9.99099E-05 9.99099E-05 9.99099E-05 9.99099E-05 9.99099E-05 9.99099E-05 0.0203494 0.0168833 9.99099E-05 9.99099E-05 0.686289 0.0306779 9.99099E-05 0.244801 9.99099E-05
0.00202561 0.0314289 9.99188E-05 0.178996 9.99188E-05 9.99188E-05 9.99188E-05 9.99188E-05 0.0997804 9.99188E-05 0.442397 9.99188E-05 0.244472 9.99188E-05 9.99188E-05
9.99009E-05 9.99009E-05 0.0308548 9.99009E-05 0.611011 9.99009E-05 9.99009E-05 9.99009E-05 9.99009E-05 9.99009E-05 0.262412 9.99009E-05 9.99009E-05 9.99009E-05 0.0946239
9.99099E-05 0.03506 9.99099E-05 0.433576 9.99099E-05 9.99099E-05 9.99099E-05 9.99099E-05 9.99099E-05 9.99099E-05 0.415529 9.99099E-05 0.0425959 9.99099E-05 0.0722408
9.99009E-05 9.99009E-05 0.0257959 9.99009E-05 0.162104 0.0426087 9.99009E-05 9.99009E-05 9.99009E-05 9.99009E-05 0.768393 9.99009E-05 9.99009E-05 9.99009E-05 9.99009E-05
9.99188E-05 9.99188E-05 9.99188E-05 0.117394 9.99188E-05 0.200165 0.0140963 9.99188E-05 0.0374028 9.99188E-05 0.528641 9.99188E-05 9.99188E-05 0.101402 9.99188E-05
9.99189E-05 9.99189E-05 9.99189E-05 9.99189E-05 0.0601033 0.0358837 9.99189E-05 0.0347458 9.99189E-05 9.99189E-05 0.517016 9.99189E-05 0.135242 0.21611 9.99189E-05
9.99369E-05 0.0003443 9.99369E-05 0.00390581 0.0571709 0.332319 9.99369E-05 0.0318447 9.99369E-05 9.99369E-05 0.31943 0.207339 9.99369E-05 0.0469469 9.99369E-05
0.143478 0.208286 9.99278E-05 0.0607189 9.99278E-05 9.99278E-05 9.99278E-05 9.99278E-05 0.108519 0.00843783 0.464243 9.99278E-05 0.00551771 9.99278E-05 9.99278E-05
9.99008E-05 0.0459248 9.99008E-05 9.99008E-05 9.99008E-05 9.99008E-05 9.99008E-05 9.99008E-05 9.99008E-05 0.454436 0.343617 9.99008E-05 0.154923 9.99008E-05 9.99008E-05
9.99009E-05 9.99009E-05 0.1106 9.99009E-05 9.99009E-05 9.99009E-05 9.99009E-05 0.0607198 9.99009E-05 9.99009E-05 0.547666 9.99009E-05 9.99009E-05 0.279916 9.99009E-05
9.99099E-05 9.99099E-05 0.00781175 9.99099E-05 0.0609603 0.0613402 9.99099E-05 9.99099E-05 9.99099E-05 9.99099E-05 0.753112 0.115777 9.99099E-05 9.99099E-05 9.99099E-05
0.0438269 9.99279E-05 9.99279E-05 0.0340811 9.99279E-05 9.99279E-05 9.99279E-05 0.0320576 0.00487537 9.99279E-05 0.572807 9.99279E-05 0.176116 0.135437 9.99279E-05
9.98917E-05 0.0340471 9.98917E-05 9.98917E-05 9.98917E-05 9.98917E-05 9.98917E-05 9.98917E-05 9.98917E-05 9.98917E-05 0.450339 9.98917E-05 0.514415 9.98917E-05 9.98917E-05
0.298676 9.99189E-05 9.99189E-05 0.0604147 9.99189E-05 0.307478 9.99189E-05 9.99189E-05 0.0732962 9.99189E-05 9.99189E-05 9.99189E-05 0.212074 9.99189E-05 0.0471611
9.99008E-05 9.99008E-05 9.99008E-05 9.99008E-05 9.99008E-05 9.99008E-05 9.99008E-05 9.99008E-05 9.99008E-05 9.99008E-05 0.00621668 0.270384 9.99008E-05 0.0388155 0.683485
0.0222448 0.00365621 9.99369E-05 9.99369E-05 0.00228481 0.304667 9.99369E-05 9.99369E-05 0.0169518 0.592454 0.000834231 9.99369E-05 0.0562072 9.99369E-05 9.99369E-05
9.99279E-05 9.99279E-05 0.0104462 9.99279E-05 0.183274 0.745975 9.99279E-05 0.020006 9.99279E-05 9.99279E-05 0.00679969 9.99279E-05 9.99279E-05 0.00904029 0.0236589
9.98917E-05 9.98917E-05 0.00696518 9.98917E-05 0.478156 9.98917E-05 9.98917E-05 9.98917E-05 9.98917E-05 9.98917E-05 9.98917E-05 9.98917E-05 9.98917E-05 9.98917E-05 0.51368
9.99188E-05 0.255809 9.99188E-05 0.313692 9.99188E-05 0.263861 9.99188E-05 9.99188E-05 9.99188E-05 0.12837 9.99188E-05 9.99188E-05 0.0122892 9.99188E-05 0.0250786
9.98918E-05 9.98918E-05 9.98918E-05 0.154234 9.98918E-05 9.98918E-05 9.98918E-05 9.98918E-05 9.98918E-05 9.98918E-05 9.98918E-05 9.98918E-05 0.0768978 9.98918E-05 0.767669
0.0725768 9.99528E-05 0.00701414 9.99528E-05 9.99528E-05 0.621589 9.99528E-05 9.99528E-05 0.140926 9.99528E-05 0.0619541 0.0429051 0.0181536 0.00421205 0.0300695
9.99008E-05 0.00601074 9.99008E-05 9.99008E-05 9.99008E-05 9.99008E-05 9.99008E-05 9.99008E-05 9.99008E-05 0.0597701 9.99008E-05 9.99008E-05 0.176099 9.99008E-05 0.757021
9.99009E-05 9.99009E-05 9.99009E-05 9.99009E-05 0.21059 0.173771 9.99009E-05 9.99009E-05 9.99009E-05 9.99009E-05 9.99009E-05 0.339978 9.99009E-05 9.99009E-05 0.274562
0.200215 0.070788 9.99368E-05 0.251061 9.99368E-05 0.0947862 9.99368E-05 9.99368E-05 0.0767828 9.99368E-05 9.99368E-05 9.99368E-05 0.109434 0.0472 0.149034
9.98919E-05 9.98919E-05 9.98919E-05 9.98919E-05 9.98919E-05 9.98919E-05 9.98919E-05 9.98919E-05 9.98919E-05 0.323689 9.98919E-05 9.98919E-05 0.104759 9.98919E-05 0.570354
9.98918E-05 9.98918E-05 9.98918E-05 9.98918E-05 0.455052 9.98918E-05 9.98918E-05 9.98918E-05 9.98918E-05 9.98918E-05 9.98918E-05 0.080316 9.98918E-05 9.98918E-05 0.463433
0.262032 0.288711 9.99189E-05 0.223507 9.99189E-05 0.129145 9.99189E-05 9.99189E-05 9.99189E-05 0.070105 9.99189E-05 9.99189E-05 0.0256011 9.99189E-05 9.99189E-05
9.99098E-05 0.278645 9.99098E-05 9.99098E-05 9.99098E-05 9.99098E-05 9.99098E-05 9.99098E-05 0.0388252 0.0922968 9.99098E-05 9.99098E-05 0.0352099 9.99098E-05 0.554024
9.99188E-05 0.313554 9.99188E-05 0.120033 9.99188E-05 0.298796 9.99188E-05 9.99188E-05 9.99188E-05 0.126222 9.99188E-05 0.0159525 0.124544 9.99188E-05 9.99188E-05
9.98828E-05 9.98828E-05 9.98828E-05 9.98828E-05 0.519576 9.98828E-05 9.98828E-05 9.98828E-05 9.98828E-05 9.98828E-05 9.98828E-05 9.98828E-05 9.98828E-05 9.98828E-05 0.479125
0.105142 0.0919945 9.99368E-05 0.00224797 9.99368E-05 0.105353 9.99368E-05 9.99368E-05 0.0328902 0.239949 9.99368E-05 9.99368E-05 0.0662192 9.99368E-05 0.355504
0.375243 0.0201843 9.99279E-05 0.282786 9.99279E-05 0.191444 9.99279E-05 9.99279E-05 0.0353056 9.99279E-05 9.99279E-05 9.99279E-05 0.0757024 0.0185353 9.99279E-05
0.0372321 9.99188E-05 9.99188E-05 9.99188E-05 9.99188E-05 0.717478 0.0605814 0.00786241 9.99188E-05 9.99188E-05 9.99188E-05 0.0455072 9.99188E-05 9.99188E-05 0.13044
0.0823898 9.99281E-05 9.99281E-05 9.99281E-05 0.0666997 0.295396 9.99281E-05 0.0477931 9.99281E-05 0.181344 9.99281E-05 0.0043035 0.321274 9.99281E-05 9.99281E-05
9.99189E-05 0.000884307 9.99189E-05 9.99189E-05 9.99189E-05 0.41108 9.99189E-05 0.038063 9.99189E-05 0.229498 9.99189E-05 9.99189E-05 0.223721 9.99189E-05 0.0958538
9.98917E-05 9.98917E-05 9.98917E-05 9.98917E-05 0.394041 0.128056 9.98917E-05 9.98917E-05 9.98917E-05 9.98917E-05 9.98917E-05 9.98917E-05 9.98917E-05 9.98917E-05 0.476704
0.115697 0.127132 0.0533398 0.183838 9.99459E-05 0.204015 9.99459E-05 0.0422631 9.99459E-05 9.99459E-05 9.99459E-05 0.0933325 9.99459E-05 0.0505541 0.12923
9.99007E-05 9.99007E-05 9.99007E-05 9.99007E-05 9.99007E-05 0.268547 0.0674293 9.99007E-05 9.99007E-05 9.99007E-05 9.99007E-05 9.99007E-05 9.99007E-05 0.0715936 0.591331
9.99279E-05 9.99279E-05 0.0670177 9.99279E-05 0.249686 0.287703 9.99279E-05 0.0429461 9.99279E-05 9.99279E-05 0.219184 9.99279E-05 9.99279E-05 0.0906462 0.0420175
0.152149 0.0265171 9.99549E-05 0.153496 9.99549E-05 0.111043 9.99549E-05 0.0179803 0.0609911 0.058494 0.0700368 9.99549E-05 0.148386 9.99549E-05 0.200406
0.0301037 9.99099E-05 9.99099E-05 9.99099E-05 9.99099E-05 9.99099E-05 9.99099E-05 9.99099E-05 0.0349902 9.99099E-05 0.0225839 9.99099E-05 0.319372 0.591951 9.99099E-05
9.9928E-05 0.0846327 9.9928E-05 9.9928E-05 0.78216 9.9928E-05 0.0135648 0.0340079 0.0237498 9.9928E-05 9.9928E-05 0.0591241 0.00196106 9.9928E-05 9.9928E-05
9.99368E-05 0.0479784 9.99368E-05 9.99368E-05 0.0173087 0.121168 0.0599378 9.99368E-05 9.99368E-05 9.99368E-05 0.0969368 0.167854 9.99368E-05 0.387825 0.100291
9.99368E-05 9.99368E-05 0.0306397 0.0646102 0.161127 0.205894 9.99368E-05 0.00940436 9.99368E-05 9.99368E-05 0.0859273 0.221368 9.99368E-05 0.220331 9.99368E-05
9.99369E-05 9.99369E-05 9.99369E-05 0.427238 0.129315 0.0500916 9.99369E-05 0.0349543 0.0108643 9.99369E-05 9.99369E-05 9.99369E-05 0.146434 0.0825037 0.1179
9.98918E-05 9.98918E-05 9.98918E-05 9.98918E-05 0.551179 0.392468 9.98918E-05 9.98918E-05 9.98918E-05 9.98918E-05 9.98918E-05 0.0551548 9.98918E-05 9.98918E-05 9.98918E-05
9.99098E-05 0.277015 9.99098E-05 0.197064 9.99098E-05 0.205079 9.99098E-05 9.99098E-05 9.99098E-05 0.222289 9.99098E-05 9.99098E-05 0.0975531 9.99098E-05 9.99098E-05
9.98918E-05 9.98918E-05 9.98918E-05 9.98918E-05 0.462136 0.401612 9.98918E-05 9.98918E-05 9.98918E-05 9.98918E-05 9.98918E-05 9.98918E-05 9.98918E-05 0.135053 9.98918E-05
9.99099E-05 9.99099E-05 9.99099E-05 9.99099E-05 0.101231 9.99099E-05 9.99099E-05 9.99099E-05 9.99099E-05 0.312926 9.99099E-05 9.99099E-05 0.173563 0.197558 0.213722
9.99369E-05 0.186451 9.99369E-05 0.00266205 9.99369E-05 9.99369E-05 9.99369E-05 9.99369E-05 9.99369E-05 0.318765 0.0229284 0.0447954 0.231232 0.136275 0.0561918
0.00769286 0.0323638 0.0338692 9.9955E-05 9.9955E-05 0.176337 9.9955E-05 0.0144805 0.0758554 0.000859127 0.0845543 9.9955E-05 0.0475238 0.525965 9.9955E-05
9.99201E-05 0.0944129 9.99201E-05 9.99201E-05 9.99201E-05 0.408532 9.99201E-05 9.99201E-05 0.0660031 9.99201E-05 0.124172 0.0572166 0.0276292 0.221235 9.99201E-05
9.99279E-05 0.153231 9.99279E-05 9.99279E-05 0.0357456 0.0428082 9.99279E-05 0.0140482 9.99279E-05 9.99279E-05 0.0840716 9.99279E-05 0.00878309 0.660513 9.99279E-05
9.99278E-05 9.99278E-05 9.99278E-05 0.00241351 0.0431262 0.31351 9.99278E-05 9.99278E-05 9.99278E-05 0.16259 0.0553416 9.99278E-05 0.40984 9.99278E-05 0.0123788
9.99189E-05 0.0554466 9.99189E-05 9.99189E-05 0.700862 0.08895 9.99189E-05 9.99189E-05 9.99189E-05 9.99189E-05 0.0392716 0.0652567 0.0493143 9.99189E-05 9.99189E-05
9.99009E-05 9.99009E-05 9.99009E-05 9.99009E-05 0.648576 9.99009E-05 9.99009E-05 9.99009E-05 9.99009E-05 9.99009E-05 9.99009E-05 0.0136293 9.99009E-05 0.159815 0.176881
9.99099E-05 9.99099E-05 0.028989 9.99099E-05 9.99099E-05 0.145168 9.99099E-05 9.99099E-05 9.99099E-05 9.99099E-05 9.99099E-05 0.474188 9.99099E-05 0.237152 0.113505
9.99099E-05 9.99099E-05 0.0973619 9.99099E-05 0.521079 9.99099E-05 9.99099E-05 9.99099E-05 9.99099E-05 9.99099E-05 9.99099E-05 0.0351949 9.99099E-05 0.308274 0.0370907
9.99009E-05 0.0994768 9.99009E-05 0.0263214 0.809542 9.99009E-05 9.99009E-05 9.99009E-05 9.99009E-05 9.99009E-05 9.99009E-05 9.99009E-05 0.0635605 9.99009E-05 9.99009E-05
0.032367 9.99099E-05 0.113322 9.99099E-05 9.99099E-05 9.99099E-05 9.99099E-05 9.99099E-05 9.99099E-05 9.99099E-05 9.99099E-05 0.441721 9.99099E-05 0.202219 0.209373
9.99188E-05 9.99188E-05 0.000341398 0.0353782 0.19037 0.614293 9.99188E-05 9.99188E-05 9.99188E-05 9.99188E-05 9.99188E-05 0.0849355 9.99188E-05 9.99188E-05 0.0737823
0.566423 0.314515 9.9919E-05 9.9919E-05 0.048519 9.9919E-05 0.0524494 0.0122755 9.9919E-05 0.00491856 9.9919E-05 9.9919E-05 9.9919E-05 9.9919E-05 9.9919E-05
9.99279E-05 0.842123 9.99279E-05 9.99279E-05 9.99279E-05 0.0348836 0.00882978 0.0144925 9.99279E-05 0.015266 0.0473862 0.0362195 9.99279E-05 9.99279E-05 9.99279E-05
0.104875 0.0683281 9.99278E-05 0.00625873 9.99278E-05 0.324979 0.0950797 9.99278E-05 9.99278E-05 9.99278E-05 9.99278E-05 0.366904 9.99278E-05 0.0327764 9.99278E-05
9.99008E-05 0.670001 9.99008E-05 0.217808 9.99008E-05 0.0560709 9.99008E-05 9.99008E-05 9.99008E-05 9.99008E-05 9.99008E-05 0.0550218 9.99008E-05 9.99008E-05 9.99008E-05
0.115881 0.811714 9.99009E-05 9.99009E-05 9.99009E-05 9.99009E-05 0.00783207 9.99009E-05 9.99009E-05 9.99009E-05 0.0634744 9.99009E-05 9.99009E-05 9.99009E-05 9.99009E-05
9.99188E-05 0.429235 9.99188E-05 9.99188E-05 9.99188E-05 9.99188E-05 9.99188E-05 0.042857 9.99188E-05 0.395617 0.0326901 0.0805339 0.0181682 9.99188E-05 9.99188E-05
9.99189E-05 0.718032 9.99189E-05 9.99189E-05 9.99189E-05 0.0403209 0.0119487 9.99189E-05 9.99189E-05 0.140882 0.0843032 0.00361389 9.99189E-05 9.99189E-05 9.99189E-05
9.9919E-05 0.179453 9.9919E-05 9.9919E-05 9.9919E-05 0.158854 0.0302514 0.0136956 9.9919E-05 9.9919E-05 9.9919E-05 0.614151 9.9919E-05 9.9919E-05 0.00269556
9.9892E-05 9.9892E-05 9.9892E-05 9.9892E-05 0.384557 9.9892E-05 9.9892E-05 9.9892E-05 9.9892E-05 9.9892E-05 9.9892E-05 0.415685 9.9892E-05 9.9892E-05 0.198559
0.530993 9.99188E-05 9.99188E-05 9.99188E-05 9.99188E-05 0.269766 0.0912897 9.99188E-05 0.0125726 9.99188E-05 0.074792 0.0196869 9.99188E-05 9.99188E-05 9.99188E-05
9.9892E-05 0.107982 9.9892E-05 9.9892E-05 9.9892E-05 9.9892E-05 9.9892E-05 9.9892E-05 9.9892E-05 9.9892E-05 0.111642 0.779177 9.9892E-05 9.9892E-05 9.9892E-05
9.9919E-05 0.0655637 9.9919E-05 9.9919E-05 9.9919E-05 0.320713 0.234622 0.00199598 9.9919E-05 9.9919E-05 0.0220784 0.354127 9.9919E-05 9.9919E-05 9.9919E-05
0.141035 0.141534 9.99279E-05 0.0332215 9.99279E-05 0.451643 0.0651809 9.99279E-05 9.99279E-05 9.99279E-05 0.0581032 0.108482 9.99279E-05 9.99279E-05 9.99279E-05
9.99189E-05 9.99189E-05 0.00452673 9.99189E-05 0.0531895 0.274082 9.99189E-05 9.99189E-05 9.99189E-05 9.99189E-05 0.0332675 0.535341 9.99189E-05 9.99189E-05 0.0986939
0.281786 9.99189E-05 0.037936 9.99189E-05 0.0245996 0.169669 9.99189E-05 9.99189E-05 9.99189E-05 9.99189E-05 0.0790827 0.406027 9.99189E-05 9.99189E-05 9.99189E-05
0.229476 0.217991 0.0661166 9.99279E-05 9.99279E-05 0.0653994 9.99279E-05 0.0801422 9.99279E-05 9.99279E-05 9.99279E-05 9.99279E-05 9.99279E-05 0.209258 0.130818
0.091549 9.99279E-05 9.99279E-05 0.126159 9.99279E-05 0.285045 0.0112242 0.0122299 0.0512934 9.99279E-05 9.99279E-05 0.421701 9.99279E-05 9.99279E-05 9.99279E-05
0.35489 9.99008E-05 9.99008E-05 9.99008E-05 9.99008E-05 0.118002 9.99008E-05 9.99008E-05 9.99008E-05 9.99008E-05 0.150914 0.375095 9.99008E-05 9.99008E-05 9.99008E-05
0.296301 0.0814517 9.99099E-05 0.492558 9.99099E-05 0.0873736 9.99099E-05 9.99099E-05 9.99099E-05 0.0413166 9.99099E-05 9.99099E-05 9.99099E-05 9.99099E-05 9.99099E-05
0.435722 0.0696883 9.9928E-05 0.0501167 9.9928E-05 0.328511 0.0227381 9.9928E-05 9.9928E-05 9.9928E-05 9.9928E-05 9.9928E-05 0.000698998 0.0917255 9.9928E-05
0.0192636 9.9928E-05 9.9928E-05 0.0433741 0.0604913 9.9928E-05 9.9928E-05 9.9928E-05 0.0110998 0.0313867 9.9928E-05 0.77247 9.9928E-05 0.0611152 9.9928E-05
0.0633907 9.99099E-05 0.012638 9.99099E-05 9.99099E-05 0.482183 9.99099E-05 9.99099E-05 9.99099E-05 9.99099E-05 0.0748028 0.365987 9.99099E-05 9.99099E-05 9.99099E-05
9.99099E-05 9.99099E-05 9.99099E-05 9.99099E-05 0.248954 0.0454235 9.99099E-05 9.99099E-05 9.99099E-05 9.99099E-05 9.99099E-05 0.575158 9.99099E-05 0.0375485 0.0919162
0.33984 0.374669 9.99099E-05 0.0247086 9.99099E-05 0.258198 9.99099E-05 9.99099E-05 9.99099E-05 9.99099E-05 9.99099E-05 9.99099E-05 0.00158531 9.99099E-05 9.99099E-05
0.284537 9.9919E-05 9.9919E-05 0.0242532 9.9919E-05 0.550562 0.0763167 9.9919E-05 0.0188971 9.9919E-05 9.9919E-05 9.9919E-05 9.9919E-05 0.0445347 9.9919E-05
9.99189E-05 9.99189E-05 0.0291478 9.99189E-05 0.0938188 0.116223 9.99189E-05 9.99189E-05 9.99189E-05 9.99189E-05 0.0222553 0.622112 9.99189E-05 9.99189E-05 0.115544
0.224752 0.315156 9.99369E-05 0.00601089 9.99369E-05 9.99369E-05 9.99369E-05 9.99369E-05 0.0533399 0.0999629 0.0194177 9.99369E-05 9.99369E-05 0.109105 0.171555
0.0671625 0.0164283 9.99099E-05 0.471252 9.99099E-05 9.99099E-05 9.99099E-05 9.99099E-05 9.99099E-05 9.99099E-05 9.99099E-05 9.99099E-05 9.99099E-05 0.131653 0.312505
9.99459E-05 9.99459E-05 0.105052 9.99459E-05 0.314529 0.306123 0.0647243 0.024747 9.99459E-05 9.99459E-05 0.0402284 0.100239 9.99459E-05 0.0401795 0.00357845
9.99189E-05 9.99189E-05 9.99189E-05 9.99189E-05 0.0908097 9.99189E-05 9.99189E-05 0.00344859 9.99189E-05 9.99189E-05 0.0274057 0.0132691 9.99189E-05 0.51664 0.347528
0.0221696 0.291805 9.9928E-05 0.360612 9.9928E-05 9.9928E-05 0.0836397 0.0478735 9.9928E-05 9.9928E-05 9.9928E-05 0.0318731 9.9928E-05 9.9928E-05 0.161227
0.0340573 0.51741 9.99189E-05 9.99189E-05 9.99189E-05 9.99189E-05 0.0358001 9.99189E-05 9.99189E-05 0.0739609 9.99189E-05 9.99189E-05 9.99189E-05 0.0166446 0.321227
0.128866 0.357052 9.99279E-05 0.0604096 9.99279E-05 9.99279E-05 0.0982079 9.99279E-05 0.0190477 0.0952414 9.99279E-05 9.99279E-05 9.99279E-05 9.99279E-05 0.240376
9.9901E-05 9.9901E-05 9.9901E-05 9.9901E-05 0.69347 9.9901E-05 9.9901E-05 0.00121873 9.9901E-05 9.9901E-05 9.9901E-05 9.9901E-05 9.9901E-05 0.153074 0.151138
9.99189E-05 9.99189E-05 0.00523893 9.99189E-05 9.99189E-05 0.215963 0.044675 9.99189E-05 9.99189E-05 9.99189E-05 9.99189E-05 0.264059 9.99189E-05 0.225416 0.243748
0.103162 0.0472337 9.99278E-05 0.129563 9.99278E-05 9.99278E-05 0.0257653 9.99278E-05 0.0150782 9.99278E-05 0.24877 9.99278E-05 9.99278E-05 0.429629 9.99278E-05
0.0363972 0.446438 9.99188E-05 0.160288 9.99188E-05 9.99188E-05 9.99188E-05 9.99188E-05 9.99188E-05 9.99188E-05 0.0288424 9.99188E-05 9.99188E-05 0.0526535 0.274481
9.99189E-05 9.99189E-05 0.0288881 9.99189E-05 0.450963 9.99189E-05 9.99189E-05 9.99189E-05 9.99189E-05 9.99189E-05 0.0166336 0.105563 9.99189E-05 0.319082 0.077972
9.9928E-05 0.0676117 0.0255273 9.9928E-05 9.9928E-05 0.554198 9.9928E-05 0.0475278 9.9928E-05 9.9928E-05 9.9928E-05 0.0774557 9.9928E-05 0.0714462 0.155434
9.99278E-05 0.124442 0.00174162 9.99278E-05 9.99278E-05 0.216172 0.0333285 9.99278E-05 9.99278E-05 9.99278E-05 9.99278E-05 0.29732 9.99278E-05 0.146897 0.179299
0.0264152 0.0115858 9.99188E-05 9.99188E-05 9.99188E-05 9.99188E-05 9.99188E-05 9.99188E-05 9.99188E-05 9.99188E-05 0.110543 9.99188E-05 0.142046 0.58659 0.12192
9.99099E-05 9.99099E-05 0.0429521 9.99099E-05 9.99099E-05 0.450154 9.99099E-05 9.99099E-05 9.99099E-05 9.99099E-05 0.232854 0.26851 0.00453113 9.99099E-05 9.99099E-05
0.262698 0.0890685 9.99368E-05 0.198807 9.99368E-05 0.262632 9.99368E-05 9.99368E-05 0.0610742 9.99368E-05 0.0492722 0.0528724 9.99368E-05 0.0228761 9.99368E-05
0.0617444 0.0668444 9.99369E-05 0.0955594 9.99369E-05 0.356949 0.0347094 9.99369E-05 0.00925991 9.99369E-05 9.99369E-05 9.99369E-05 9.99369E-05 0.343475 0.0307587
9.9919E-05 0.429874 9.9919E-05 0.14758 9.9919E-05 9.9919E-05 9.9919E-05 0.0316021 0.0201434 0.106372 9.9919E-05 9.9919E-05 9.9919E-05 9.9919E-05 0.263529
0.018909 9.99188E-05 0.134342 9.99188E-05 9.99188E-05 9.99188E-05 9.99188E-05 0.00104359 9.99188E-05 9.99188E-05 9.99188E-05 0.370157 9.99188E-05 0.201476 0.273173
0.310992 0.292869 9.99368E-05 0.0597681 9.99368E-05 9.99368E-05 0.0124214 9.99368E-05 0.00520955 0.00242454 9.99368E-05 9.99368E-05 9.99368E-05 0.203294 0.112321
0.197539 0.0980426 9.99188E-05 9.99188E-05 9.99188E-05 0.0645399 9.99188E-05 9.99188E-05 9.99188E-05 0.474831 9.99188E-05 9.99188E-05 9.99188E-05 0.0621889 0.101959
9.99099E-05 9.99099E-05 9.99099E-05 9.99099E-05 0.115541 0.0360184 9.99099E-05 9.99099E-05 9.99099E-05 9.99099E-05 9.99099E-05 0.60206 9.99099E-05 0.0443871 0.200994
0.0510534 9.99189E-05 9.99189E-05 0.186297 9.99189E-05 0.489302 0.03153 9.99189E-05 9.99189E-05 9.99189E-05 9.99189E-05 0.180729 9.99189E-05 9.99189E-05 0.0601901
0.0360944 9.99279E-05 0.0523561 9.99279E-05 9.99279E-05 0.255202 0.0191502 9.99279E-05 9.99279E-05 9.99279E-05 9.99279E-05 0.442545 9.99279E-05 0.103528 0.090324
0.549046 0.316831 9.9919E-05 0.0359548 0.0214934 9.9919E-05 0.0426174 0.0331583 9.9919E-05 9.9919E-05 9.9919E-05 9.9919E-05 9.9919E-05 9.9919E-05 9.9919E-05
0.259695 9.9937E-05 0.162298 0.0100665 9.9937E-05 0.0557032 9.9937E-05 0.0754105 9.9937E-05 0.374407 0.0320235 9.9937E-05 0.0296967 9.9937E-05 9.9937E-05
0.520852 0.145247 0.00121893 0.0163783 9.99279E-05 0.181771 9.99279E-05 9.99279E-05 0.111011 9.99279E-05 9.99279E-05 9.99279E-05 9.99279E-05 9.99279E-05 0.0227216
9.98919E-05 9.98919E-05 9.98919E-05 9.98919E-05 9.98919E-05 9.98919E-05 9.98919E-05 9.98919E-05 9.98919E-05 9.98919E-05 9.98919E-05 0.733887 9.98919E-05 0.173956 0.0909588
0.607984 0.0380667 9.99189E-05 9.99189E-05 9.99189E-05 0.249801 9.99189E-05 9.99189E-05 0.0423031 9.99189E-05 9.99189E-05 9.99189E-05 0.029214 9.99189E-05 0.0317329
0.815471 9.99189E-05 9.99189E-05 0.0210266 9.99189E-05 9.99189E-05 9.99189E-05 0.0412358 9.99189E-05 9.99189E-05 0.0568557 0.0316153 9.99189E-05 9.99189E-05 0.0328964
0.618017 0.113393 9.9928E-05 0.186903 0.0269281 9.9928E-05 9.9928E-05 9.9928E-05 9.9928E-05 9.9928E-05 0.0227623 0.0114764 0.0197207 9.9928E-05 9.9928E-05
0.0276236 9.99099E-05 9.99099E-05 9.99099E-05 9.99099E-05 0.0267577 9.99099E-05 9.99099E-05 9.99099E-05 9.99099E-05 0.0820501 0.785937 0.0766322 9.99099E-05 9.99099E-05
0.219778 0.0385715 0.0301561 0.0307718 9.99369E-05 0.350301 9.99369E-05 9.99369E-05 9.99369E-05 9.99369E-05 0.0529586 0.20825 9.99369E-05 9.99369E-05 0.0685129
0.11904 0.278198 9.9946E-05 0.347541 9.9946E-05 0.0317999 0.0385536 0.0141092 9.9946E-05 0.0539507 9.9946E-05 0.0833841 9.9946E-05 9.9946E-05 0.0328237
0.252227 9.9928E-05 0.0936943 9.9928E-05 0.091581 0.0945029 9.9928E-05 9.9928E-05 9.9928E-05 9.9928E-05 0.0358038 0.260886 9.9928E-05 9.9928E-05 0.170506
0.819826 0.0530273 9.99189E-05 0.000775657 0.0261851 9.99189E-05 9.99189E-05 0.0178552 9.99189E-05 9.99189E-05 9.99189E-05 9.99189E-05 0.0814314 9.99189E-05 9.99189E-05
9.99099E-05 9.99099E-05 9.99099E-05 9.99099E-05 0.0175379 0.268733 9.99099E-05 9.99099E-05 9.99099E-05 0.192863 9.99099E-05 0.161292 0.358575 9.99099E-05 9.99099E-05
0.531125 9.99099E-05 9.99099E-05 9.99099E-05 9.99099E-05 9.99099E-05 0.0473381 9.99099E-05 9.99099E-05 9.99099E-05 0.0608044 0.256262 9.99099E-05 9.99099E-05 0.103472
9.9901E-05 0.00758966 9.9901E-05 9.9901E-05 0.133546 9.9901E-05 9.9901E-05 9.9901E-05 9.9901E-05 9.9901E-05 9.9901E-05 0.779945 9.9901E-05 9.9901E-05 0.0778212
0.18938 0.058788 9.99279E-05 9.99279E-05 9.99279E-05 0.444414 0.11655 9.99279E-05 9.99279E-05 9.99279E-05 9.99279E-05 0.0493267 9.99279E-05 0.0855596 0.0551821
9.99368E-05 9.99368E-05 9.99368E-05 0.0234612 0.0946327 0.183724 9.99368E-05 0.0271051 9.99368E-05 9.99368E-05 0.0941855 0.149096 0.0186152 0.40848 9.99368E-05
9.99369E-05 0.0163785 0.0310246 9.99369E-05 0.63503 0.195232 9.99369E-05 9.99369E-05 9.99369E-05 9.99369E-05 0.0916047 9.99369E-05 0.000797495 0.0124024 0.0168315
0.045954 9.99279E-05 0.0113856 9.99279E-05 9.99279E-05 0.578989 9.99279E-05 9.99279E-05 0.0296538 9.99279E-05 0.00978474 0.14001 9.99279E-05 0.183423 9.99279E-05
9.99008E-05 9.99008E-05 9.99008E-05 9.99008E-05 9.99008E-05 0.0693666 9.99008E-05 9.99008E-05 9.99008E-05 9.99008E-05 0.640678 0.215032 9.99008E-05 9.99008E-05 0.0738251
9.99459E-05 0.0956484 9.99459E-05 0.0760984 0.00522828 0.370664 0.0130121 9.99459E-05 9.99459E-05 9.99459E-05 0.00592452 0.178334 9.99459E-05 0.158029 0.0964618
9.99008E-05 0.47515 9.99008E-05 9.99008E-05 9.99008E-05 0.258107 9.99008E-05 9.99008E-05 9.99008E-05 9.99008E-05 9.99008E-05 9.99008E-05 0.203759 9.99008E-05 0.0618851
9.99189E-05 9.99189E-05 0.000491793 9.99189E-05 0.555136 0.0171073 9.99189E-05 0.00758526 9.99189E-05 9.99189E-05 9.99189E-05 9.99189E-05 9.99189E-05 0.208807 0.209973
9.98919E-05 9.98919E-05 9.98919E-05 9.98919E-05 9.98919E-05 9.98919E-05 9.98919E-05 9.98919E-05 9.98919E-05 0.625794 9.98919E-05 9.98919E-05 9.98919E-05 0.281202 0.0918049
0.176647 0.178858 9.99368E-05 0.00816066 9.99368E-05 0.136146 0.0698483 9.99368E-05 0.0285213 0.00222315 0.398896 9.99368E-05 9.99368E-05 9.99368E-05 9.99368E-05
9.99098E-05 9.99098E-05 9.99098E-05 0.590822 0.0435596 0.0792928 9.99098E-05 9.99098E-05 9.99098E-05 9.99098E-05 9.99098E-05 9.99098E-05 0.238579 0.0467471 9.99098E-05
