9.9946E-05 9.9946E-05 0.489006 0.0994843 9.9946E-05 0.050236 9.9946E-05 9.9946E-05 0.0287748 9.9946E-05 0.331899
0.0950694 9.99459E-05 0.485001 9.99459E-05 9.99459E-05 0.0545671 9.99459E-05 9.99459E-05 0.0182482 9.99459E-05 0.346515
0.0267541 9.9982E-05 0.216907 0.011001 0.000789747 0.0188311 0.654129 0.0622869 0.000415675 0.00868605 9.9982E-05
0.109186 0.00349191 0.264109 0.0492598 9.99639E-05 9.99639E-05 9.99639E-05 0.0629715 9.99639E-05 0.225806 0.284776
0.111127 9.99549E-05 9.99549E-05 9.99549E-05 0.0430659 9.99549E-05 9.99549E-05 0.0845469 0.203449 0.162494 0.394817
9.99639E-05 9.99639E-05 0.380647 9.99639E-05 0.0689772 0.00379182 0.106689 0.322071 0.0465399 9.99639E-05 0.0708844
9.99369E-05 0.04552 0.417973 9.99369E-05 9.99369E-05 9.99369E-05 0.530069 9.99369E-05 9.99369E-05 0.00573891 9.99369E-05
9.9946E-05 9.9946E-05 0.351279 9.9946E-05 9.9946E-05 0.144371 0.227126 0.167434 9.9946E-05 9.9946E-05 0.109189
0.0613217 9.9973E-05 0.39143 0.00423429 0.00376949 0.0713534 9.9973E-05 0.0834935 9.9973E-05 0.139869 0.244229
9.99369E-05 0.239368 9.99369E-05 0.0594352 9.99369E-05 9.99369E-05 0.324431 0.376066 9.99369E-05 9.99369E-05 9.99369E-05
0.430153 9.99639E-05 0.226608 0.00645511 9.99639E-05 9.99639E-05 9.99639E-05 0.0708971 0.0349899 0.0126327 0.217865
0.164081 9.99459E-05 0.0336969 9.99459E-05 9.99459E-05 9.99459E-05 9.99459E-05 0.244874 9.99459E-05 0.128345 0.428404
0.0889087 0.0215129 0.247949 0.0115817 0.0609113 9.9973E-05 0.115103 9.9973E-05 0.204617 0.249116 9.9973E-05
9.99369E-05 9.99369E-05 0.460388 9.99369E-05 9.99369E-05 0.0240291 0.343798 0.171085 9.99369E-05 9.99369E-05 9.99369E-05
0.473615 9.99369E-05 0.023217 9.99369E-05 9.99369E-05 9.99369E-05 9.99369E-05 0.0681526 9.99369E-05 9.99369E-05 0.434315
9.99549E-05 0.294848 0.193479 0.0234733 0.0576382 9.99549E-05 0.390183 0.0398794 9.99549E-05 9.99549E-05 9.99549E-05
9.99369E-05 0.00285331 0.544892 9.99369E-05 9.99369E-05 9.99369E-05 0.428916 9.99369E-05 9.99369E-05 0.0226395 9.99369E-05
0.0222775 9.99459E-05 0.474931 9.99459E-05 9.99459E-05 9.99459E-05 0.46334 9.99459E-05 0.00298834 9.99459E-05 0.0358636
9.996E-05 9.996E-05 0.249864 9.996E-05 9.996E-05 0.0157473 0.0930317 0.0544105 0.0130341 0.265609 0.307904
0.194264 9.99279E-05 9.99279E-05 0.770773 9.99279E-05 0.0341636 9.99279E-05 9.99279E-05 9.99279E-05 9.99279E-05 9.99279E-05
9.9919E-05 9.9919E-05 9.9919E-05 0.837696 9.9919E-05 9.9919E-05 9.9919E-05 9.9919E-05 9.9919E-05 0.161405 9.9919E-05
9.99278E-05 9.99278E-05 0.0687703 0.892428 9.99278E-05 9.99278E-05 9.99278E-05 9.99278E-05 0.0380021 9.99278E-05 9.99278E-05
9.99279E-05 9.99279E-05 9.99279E-05 0.618534 9.99279E-05 0.0225484 9.99279E-05 9.99279E-05 9.99279E-05 0.358118 9.99279E-05
0.125349 9.99459E-05 9.99459E-05 0.677177 9.99459E-05 0.0438569 9.99459E-05 9.99459E-05 9.99459E-05 0.100846 0.0521717
9.99549E-05 9.99549E-05 0.060419 0.478057 0.160204 0.0234147 0.263413 0.0139928 9.99549E-05 9.99549E-05 9.99549E-05
0.160648 9.99459E-05 9.99459E-05 0.292384 9.99459E-05 0.383315 9.99459E-05 0.0292439 9.99459E-05 9.99459E-05 0.13381
9.99369E-05 0.527707 9.99369E-05 0.244273 0.219369 9.99369E-05 0.0079512 9.99369E-05 9.99369E-05 9.99369E-05 9.99369E-05
0.165109 9.9955E-05 9.9955E-05 0.237447 9.9955E-05 0.335679 9.9955E-05 9.9955E-05 0.137924 0.121191 0.00214995
9.99369E-05 0.0202961 0.0660903 0.860376 9.99369E-05 9.99369E-05 9.99369E-05 9.99369E-05 0.0525377 9.99369E-05 9.99369E-05
0.00718097 9.99279E-05 9.99279E-05 0.832358 9.99279E-05 9.99279E-05 9.99279E-05 9.99279E-05 9.99279E-05 0.159662 9.99279E-05
9.99461E-05 0.165452 9.99461E-05 0.571609 9.99461E-05 0.0166797 0.106015 9.99461E-05 9.99461E-05 0.139645 9.99461E-05
9.995E-05 0.119568 0.0378098 0.146434 0.233317 0.369992 9.995E-05 9.995E-05 0.0923795 9.995E-05 9.995E-05
9.99278E-05 0.212098 9.99278E-05 0.601279 9.99278E-05 9.99278E-05 0.185823 9.99278E-05 9.99278E-05 9.99278E-05 9.99278E-05
9.99369E-05 9.99369E-05 0.115736 0.683339 9.99369E-05 0.0206127 0.179612 9.99369E-05 9.99369E-05 9.99369E-05 9.99369E-05
0.00945213 9.99369E-05 9.99369E-05 0.820832 9.99369E-05 9.99369E-05 9.99369E-05 0.0246664 9.99369E-05 0.14435 9.99369E-05
0.209703 9.99369E-05 9.99369E-05 0.726361 9.99369E-05 9.99369E-05 9.99369E-05 9.99369E-05 9.99369E-05 0.029405 0.0338316
0.329959 9.99189E-05 9.99189E-05 0.669142 9.99189E-05 9.99189E-05 9.99189E-05 9.99189E-05 9.99189E-05 9.99189E-05 9.99189E-05
9.99279E-05 9.99279E-05 9.99279E-05 0.654106 9.99279E-05 9.99279E-05 9.99279E-05 9.99279E-05 9.99279E-05 0.281916 0.063179
9.99278E-05 9.99278E-05 0.121766 9.99278E-05 0.811551 9.99278E-05 9.99278E-05 9.99278E-05 9.99278E-05 9.99278E-05 0.0658826
9.9928E-05 0.272044 9.9928E-05 9.9928E-05 0.680772 9.9928E-05 9.9928E-05 9.9928E-05 0.0463841 9.9928E-05 9.9928E-05
9.9946E-05 0.357655 9.9946E-05 0.0645006 0.345263 0.0672794 0.164702 9.9946E-05 9.9946E-05 9.9946E-05 9.9946E-05
9.9955E-05 0.0941216 9.9955E-05 0.00015916 0.464337 0.0881822 9.9955E-05 9.9955E-05 0.0103579 0.342342 9.9955E-05
9.99278E-05 9.99278E-05 0.138027 0.285613 0.575561 9.99278E-05 9.99278E-05 9.99278E-05 9.99278E-05 9.99278E-05 9.99278E-05
9.99546E-05 0.0453358 9.99546E-05 0.103631 0.542413 9.99546E-05 0.254147 0.0538742 9.99546E-05 9.99546E-05 9.99546E-05
9.99279E-05 9.99279E-05 9.99279E-05 9.99279E-05 9.99279E-05 0.652408 9.99279E-05 9.99279E-05 9.99279E-05 0.182381 0.164411
0.0977703 9.99369E-05 9.99369E-05 9.99369E-05 0.542172 0.019113 9.99369E-05 9.99369E-05 9.99369E-05 9.99369E-05 0.340245
9.99369E-05 0.163033 9.99369E-05 0.186023 0.405048 9.99369E-05 0.245196 9.99369E-05 9.99369E-05 9.99369E-05 9.99369E-05
0.0272142 9.99459E-05 0.105203 9.99459E-05 0.815395 9.99459E-05 9.99459E-05 0.0326414 9.99459E-05 9.99459E-05 0.0189471
9.9919E-05 0.633091 9.9919E-05 9.9919E-05 0.36601 9.9919E-05 9.9919E-05 9.9919E-05 9.9919E-05 9.9919E-05 9.9919E-05
0.0326473 9.9946E-05 9.9946E-05 9.9946E-05 0.631563 0.101264 9.9946E-05 9.9946E-05 9.9946E-05 0.0376716 0.196255
9.99279E-05 0.250061 9.99279E-05 9.99279E-05 0.72323 9.99279E-05 9.99279E-05 9.99279E-05 0.0259089 9.99279E-05 9.99279E-05
0.0141478 9.995E-05 9.995E-05 0.0795875 0.543255 9.995E-05 9.995E-05 0.024313 0.080251 0.257946 9.995E-05
0.347762 9.99549E-05 9.99549E-05 0.0638949 0.268685 0.26015 9.99549E-05 0.0289907 9.99549E-05 9.99549E-05 0.030018
0.260311 9.99459E-05 9.99459E-05 9.99459E-05 0.441005 0.0997261 9.99459E-05 0.0299163 9.99459E-05 9.99459E-05 0.168442
0.018869 0.0113034 9.9964E-05 0.0315177 0.26926 0.186972 9.9964E-05 9.9964E-05 9.9964E-05 0.382757 0.0989206
9.99279E-05 9.99279E-05 9.99279E-05 0.325251 9.99279E-05 0.25975 9.99279E-05 9.99279E-05 9.99279E-05 0.4142 9.99279E-05
9.99549E-05 0.0568943 0.05239 9.99549E-05 0.767656 0.00208834 0.0823663 9.99549E-05 0.0381052 9.99549E-05 9.99549E-05
0.071245 0.136313 9.9964E-05 0.00859314 0.464187 0.209537 9.9964E-05 9.9964E-05 0.0352846 0.07444 9.9964E-05
9.99459E-05 0.257766 0.00672327 9.99459E-05 0.673212 0.031265 9.99459E-05 9.99459E-05 0.0304343 9.99459E-05 9.99459E-05
0.104898 9.99369E-05 9.99369E-05 9.99369E-05 0.734248 9.99369E-05 9.99369E-05 9.99369E-05 9.99369E-05 0.0388842 0.121271
0.101585 9.99549E-05 0.0406297 0.014307 0.582583 0.186434 9.99549E-05 9.99549E-05 9.99549E-05 9.99549E-05 0.0739614
0.0867513 9.99369E-05 9.99369E-05 9.99369E-05 0.600779 0.0920539 9.99369E-05 9.99369E-05 9.99369E-05 9.99369E-05 0.219716
9.99459E-05 0.174209 9.99459E-05 9.99459E-05 0.279183 0.362971 0.0578916 9.99459E-05 0.125146 9.99459E-05 9.99459E-05
9.99369E-05 9.99369E-05 9.99369E-05 0.0308191 0.49496 0.0289709 9.99369E-05 9.99369E-05 9.99369E-05 0.444551 9.99369E-05
9.99279E-05 9.99279E-05 9.99279E-05 9.99279E-05 0.348493 0.109407 0.541301 9.99279E-05 9.99279E-05 9.99279E-05 9.99279E-05
0.224578 9.99639E-05 0.108446 0.0773539 0.148153 0.399505 9.99639E-05 0.0331776 9.99639E-05 9.99639E-05 0.00838608
0.0207564 9.994E-05 9.994E-05 9.994E-05 0.555824 0.0589829 9.994E-05 9.994E-05 9.994E-05 0.133894 0.229943
0.301084 9.9946E-05 9.9946E-05 9.9946E-05 0.463707 0.127129 9.9946E-05 9.9946E-05 9.9946E-05 0.0101383 0.0973417
0.0217874 9.99549E-05 0.0673445 0.0396489 0.0402931 0.781977 0.0484494 9.99549E-05 9.99549E-05 9.99549E-05 9.99549E-05
9.99639E-05 0.0185379 0.129129 0.254584 0.140568 0.405584 9.99639E-05 0.0312122 0.0199853 9.99639E-05 9.99639E-05
9.99369E-05 0.450499 9.99369E-05 0.118237 0.0310325 0.399532 9.99369E-05 9.99369E-05 9.99369E-05 9.99369E-05 9.99369E-05
9.99279E-05 0.0913286 9.99279E-05 9.99279E-05 0.453446 9.99279E-05 0.454426 9.99279E-05 9.99279E-05 9.99279E-05 9.99279E-05
9.99369E-05 9.99369E-05 9.99369E-05 0.63758 9.99369E-05 0.0239204 9.99369E-05 9.99369E-05 9.99369E-05 0.16319 0.17461
9.99278E-05 0.116142 9.99278E-05 9.99278E-05 0.637823 9.99278E-05 0.245236 9.99278E-05 9.99278E-05 9.99278E-05 9.99278E-05
0.149702 9.99459E-05 9.99459E-05 9.99459E-05 0.323038 0.488282 9.99459E-05 9.99459E-05 0.00371769 9.99459E-05 0.0346603
0.167372 9.99549E-05 9.99549E-05 0.104504 9.99549E-05 0.548177 9.99549E-05 0.0323837 9.99549E-05 0.124136 0.022927
9.99278E-05 0.079276 9.99278E-05 0.740039 9.99278E-05 9.99278E-05 0.179885 9.99278E-05 9.99278E-05 9.99278E-05 9.99278E-05
9.9937E-05 0.34946 9.9937E-05 0.214178 0.176296 9.9937E-05 0.259367 9.9937E-05 9.9937E-05 9.9937E-05 9.9937E-05
9.993E-05 9.993E-05 0.0179196 0.74595 0.0428002 9.993E-05 0.19263 9.993E-05 9.993E-05 9.993E-05 9.993E-05
9.996E-05 0.0472878 0.0277254 0.3213 0.139623 0.32707 9.996E-05 0.00898577 0.127608 9.996E-05 9.996E-05
9.9946E-05 0.516574 9.9946E-05 0.144397 0.256225 0.0243855 9.9946E-05 9.9946E-05 0.0578191 9.9946E-05 9.9946E-05
9.99369E-05 9.99369E-05 9.99369E-05 0.181861 0.407268 0.0741573 9.99369E-05 9.99369E-05 9.99369E-05 0.336014 9.99369E-05
0.00981827 9.99549E-05 9.99549E-05 9.99549E-05 0.74964 9.99549E-05 0.0156643 0.00370085 0.0134446 0.207232 9.99549E-05
0.0805405 0.0614585 9.9955E-05 0.0973803 0.444248 0.0536559 9.9955E-05 9.9955E-05 9.9955E-05 0.262217 9.9955E-05
9.99279E-05 0.143119 9.99279E-05 9.99279E-05 0.642614 9.99279E-05 0.213467 9.99279E-05 9.99279E-05 9.99279E-05 9.99279E-05
0.170762 9.99459E-05 9.99459E-05 0.0871947 0.599616 0.0377062 9.99459E-05 9.99459E-05 0.104122 9.99459E-05 9.99459E-05
9.99369E-05 9.99369E-05 9.99369E-05 9.99369E-05 0.398799 0.281926 9.99369E-05 9.99369E-05 9.99369E-05 0.208526 0.11005
9.99368E-05 9.99368E-05 0.06981 0.222091 9.99368E-05 0.48943 0.21797 9.99368E-05 9.99368E-05 9.99368E-05 9.99368E-05
9.99369E-05 0.0244156 9.99369E-05 9.99369E-05 0.323112 0.213871 0.437902 9.99369E-05 9.99369E-05 9.99369E-05 9.99369E-05
9.99369E-05 9.99369E-05 0.0254861 0.147435 9.99369E-05 0.710578 9.99369E-05 9.99369E-05 9.99369E-05 9.99369E-05 0.115801
9.99278E-05 9.99278E-05 9.99278E-05 9.99278E-05 0.289986 0.345144 0.364071 9.99278E-05 9.99278E-05 9.99278E-05 9.99278E-05
9.99278E-05 9.99278E-05 9.99278E-05 9.99278E-05 0.154262 0.465986 0.378952 9.99278E-05 9.99278E-05 9.99278E-05 9.99278E-05
0.00364241 9.99369E-05 9.99369E-05 9.99369E-05 9.99369E-05 0.737995 9.99369E-05 9.99369E-05 9.99369E-05 0.0322217 0.225441
9.99369E-05 9.99369E-05 0.106746 9.99369E-05 0.413108 0.311286 0.168161 9.99369E-05 9.99369E-05 9.99369E-05 9.99369E-05
9.99459E-05 9.99459E-05 0.101414 0.00174701 0.149983 0.614573 0.131684 9.99459E-05 9.99459E-05 9.99459E-05 9.99459E-05
9.99279E-05 0.372891 9.99279E-05 9.99279E-05 9.99279E-05 9.99279E-05 0.047942 9.99279E-05 0.578368 9.99279E-05 9.99279E-05
9.9955E-05 0.182585 9.9955E-05 0.0329565 0.0903555 9.9955E-05 0.0810913 9.9955E-05 0.612367 9.9955E-05 0.000145054
9.99369E-05 0.0291974 9.99369E-05 9.99369E-05 0.0280778 9.99369E-05 9.99369E-05 9.99369E-05 0.757418 0.184607 9.99369E-05
9.9937E-05 9.9937E-05 9.9937E-05 9.9937E-05 9.9937E-05 0.103436 0.0290647 9.9937E-05 0.475511 9.9937E-05 0.391289
9.99459E-05 0.329621 9.99459E-05 9.99459E-05 9.99459E-05 0.0149821 0.0911062 0.00430422 0.559387 9.99459E-05 9.99459E-05
9.99459E-05 9.99459E-05 0.532246 9.99459E-05 9.99459E-05 0.129478 9.99459E-05 9.99459E-05 0.153737 0.0430459 0.140893
9.99188E-05 9.99188E-05 9.99188E-05 9.99188E-05 9.99188E-05 9.99188E-05 0.612045 9.99188E-05 0.387056 9.99188E-05 9.99188E-05
9.99279E-05 0.275319 9.99279E-05 9.99279E-05 9.99279E-05 9.99279E-05 0.0216728 9.99279E-05 0.702209 9.99279E-05 9.99279E-05
9.99639E-05 0.00903897 0.131544 0.0302346 9.99639E-05 0.0545484 0.0674757 0.048889 0.65787 9.99639E-05 9.99639E-05
0.27969 9.9955E-05 9.9955E-05 0.0257934 9.9955E-05 0.0283442 9.9955E-05 9.9955E-05 0.556945 0.0419551 0.0667727
9.99279E-05 0.619396 9.99279E-05 9.99279E-05 9.99279E-05 9.99279E-05 9.99279E-05 0.100546 0.279258 9.99279E-05 9.99279E-05
0.476461 9.99369E-05 9.99369E-05 9.99369E-05 9.99369E-05 9.99369E-05 0.0703585 0.0287316 0.423749 9.99369E-05 9.99369E-05
9.99369E-05 0.132001 0.0578349 9.99369E-05 9.99369E-05 9.99369E-05 0.122658 9.99369E-05 0.686807 9.99369E-05 9.99369E-05
0.0987269 9.99369E-05 0.307047 9.99369E-05 9.99369E-05 0.0911576 9.99369E-05 9.99369E-05 0.502368 9.99369E-05 9.99369E-05
9.99459E-05 0.076306 0.143684 0.0778658 9.99459E-05 9.99459E-05 9.99459E-05 0.0689569 0.632588 9.99459E-05 9.99459E-05
9.995E-05 0.0443273 0.333054 0.0484115 9.995E-05 9.995E-05 0.328014 9.995E-05 0.244054 9.995E-05 0.00163963
0.108703 9.99458E-05 9.99458E-05 9.99458E-05 9.99458E-05 0.0950283 9.99458E-05 9.99458E-05 0.407651 0.0839886 0.304029
9.99368E-05 9.99368E-05 9.99368E-05 9.99368E-05 9.99368E-05 0.0203529 0.0355314 9.99368E-05 0.361434 0.581982 9.99368E-05
9.99639E-05 0.0380338 0.0399051 0.0931203 0.128184 9.99639E-05 0.0451155 0.0749491 0.580292 9.99639E-05 9.99639E-05
9.99369E-05 0.0196347 0.036343 9.99369E-05 9.99369E-05 9.99369E-05 0.322468 9.99369E-05 0.620855 9.99369E-05 9.99369E-05
0.120869 9.99459E-05 9.99459E-05 0.0590539 0.00845504 9.99459E-05 9.99459E-05 0.0678657 0.743157 9.99459E-05 9.99459E-05
9.99189E-05 9.99189E-05 9.99189E-05 9.99189E-05 9.99189E-05 9.99189E-05 9.99189E-05 9.99189E-05 0.669816 0.329284 9.99189E-05
0.181495 9.9973E-05 0.301984 0.0289478 0.0201683 9.9973E-05 9.9973E-05 0.0585847 0.0502455 0.0477126 0.310563
9.99188E-05 9.99188E-05 9.99188E-05 9.99188E-05 9.99188E-05 9.99188E-05 0.328088 0.671013 9.99188E-05 9.99188E-05 9.99188E-05
9.99549E-05 0.0509025 0.244649 9.99549E-05 0.00620337 0.0311467 9.99549E-05 9.99549E-05 9.99549E-05 0.572085 0.094514
9.99369E-05 0.196694 0.737675 0.0505333 9.99369E-05 9.99369E-05 9.99369E-05 0.0143979 9.99369E-05 9.99369E-05 9.99369E-05
9.99278E-05 0.54575 9.99278E-05 9.99278E-05 9.99278E-05 9.99278E-05 0.0058794 0.447571 9.99278E-05 9.99278E-05 9.99278E-05
0.405218 9.99368E-05 0.273188 9.99368E-05 9.99368E-05 9.99368E-05 9.99368E-05 9.99368E-05 9.99368E-05 0.201565 0.119329
0.26006 0.0346268 9.99369E-05 0.00611203 9.99369E-05 9.99369E-05 9.99369E-05 0.698501 9.99369E-05 9.99369E-05 9.99369E-05
9.9973E-05 9.9973E-05 0.635069 9.9973E-05 0.0882176 0.0754363 0.0712238 0.00499419 0.0406248 0.0413499 0.0427847
9.99189E-05 9.99189E-05 9.99189E-05 9.99189E-05 9.99189E-05 9.99189E-05 9.99189E-05 0.714808 9.99189E-05 0.284293 9.99189E-05
9.99459E-05 0.212587 0.0472335 9.99459E-05 9.99459E-05 9.99459E-05 0.484265 0.219208 9.99459E-05 0.0361059 9.99459E-05
0.3697 9.99639E-05 0.105183 9.99639E-05 0.0305777 9.99639E-05 9.99639E-05 0.199252 0.0262841 0.0545431 0.21406
9.99279E-05 9.99279E-05 9.99279E-05 9.99279E-05 9.99279E-05 0.0207642 9.99279E-05 0.556483 9.99279E-05 0.421953 9.99279E-05
9.99279E-05 0.493524 9.99279E-05 9.99279E-05 9.99279E-05 9.99279E-05 0.145684 0.359992 9.99279E-05 9.99279E-05 9.99279E-05
0.292653 9.99369E-05 0.127744 9.99369E-05 9.99369E-05 9.99369E-05 9.99369E-05 9.99369E-05 9.99369E-05 0.0853684 0.493535
0.0059725 9.99368E-05 9.99368E-05 9.99368E-05 9.99368E-05 9.99368E-05 9.99368E-05 0.570412 9.99368E-05 0.279138 0.143778
0.226566 9.99458E-05 0.309938 9.99458E-05 9.99458E-05 9.99458E-05 0.0518664 9.99458E-05 9.99458E-05 0.37386 0.0371702
9.99279E-05 0.55253 9.99279E-05 9.99279E-05 9.99279E-05 9.99279E-05 0.00588296 0.440788 9.99279E-05 9.99279E-05 9.99279E-05
0.0625396 9.99458E-05 0.0619388 9.99458E-05 9.99458E-05 9.99458E-05 9.99458E-05 0.339307 9.99458E-05 0.406989 0.128625
0.31867 9.99459E-05 0.232213 9.99459E-05 0.0127503 9.99459E-05 9.99459E-05 9.99459E-05 0.072798 9.99459E-05 0.362969
0.000414854 9.99549E-05 0.648348 9.99549E-05 9.99549E-05 0.100205 0.144666 0.104669 9.99549E-05 9.99549E-05 0.00119786
9.99641E-05 0.12992 0.226605 0.072088 9.99641E-05 9.99641E-05 0.00494511 9.99641E-05 0.0860091 0.388848 0.0911849
0.0273391 0.017361 0.355831 0.06692 9.9964E-05 0.00586084 9.9964E-05 0.0702737 9.9964E-05 0.456015 9.9964E-05
9.99368E-05 0.422339 0.0531678 9.99368E-05 9.99368E-05 9.99368E-05 0.0938383 0.429955 9.99368E-05 9.99368E-05 9.99368E-05
0.213093 9.9973E-05 0.244307 0.0517751 0.0262039 0.00883626 0.141496 0.174932 9.9973E-05 9.9973E-05 0.139057
9.99278E-05 9.99278E-05 0.277725 9.99278E-05 9.99278E-05 0.107406 9.99278E-05 0.614069 9.99278E-05 9.99278E-05 9.99278E-05
9.99639E-05 0.300701 0.316814 0.0609282 0.0260966 0.0282448 9.99639E-05 0.0920094 0.174806 9.99639E-05 9.99639E-05
0.178228 9.99729E-05 0.123328 9.99729E-05 0.0407342 0.025712 9.99729E-05 0.210703 0.111235 0.231071 0.0786888
0.078847 9.9955E-05 0.0526626 0.0171786 0.116726 9.9955E-05 9.9955E-05 0.316529 0.417556 9.9955E-05 9.9955E-05
0.00822191 0.775783 9.9964E-05 0.0306994 9.9964E-05 0.0239554 0.0691763 9.9964E-05 9.9964E-05 0.0864747 0.00528942
9.996E-05 0.0887172 0.303676 0.027255 9.996E-05 0.058005 0.128708 0.268303 0.124936 9.996E-05 9.996E-05
0.0184702 0.206532 0.319166 0.0396526 0.0236406 9.997E-05 0.247043 0.0654877 0.079707 9.997E-05 9.997E-05
0.556601 0.164257 0.0643442 0.051398 9.99459E-05 9.99459E-05 9.99459E-05 0.1628 9.99459E-05 9.99459E-05 9.99459E-05
9.99278E-05 0.520542 0.349574 9.99278E-05 9.99278E-05 9.99278E-05 0.129084 9.99278E-05 9.99278E-05 9.99278E-05 9.99278E-05
0.253591 9.99368E-05 0.290646 9.99368E-05 9.99368E-05 9.99368E-05 9.99368E-05 9.99368E-05 9.99368E-05 0.378607 0.0764561
9.99368E-05 0.482165 0.439868 9.99368E-05 9.99368E-05 9.99368E-05 0.00963571 0.0676319 9.99368E-05 9.99368E-05 9.99368E-05
9.9955E-05 0.178815 0.0117856 9.9955E-05 9.9955E-05 0.0018127 9.9955E-05 0.355979 0.0694037 0.381704 9.9955E-05
0.0810426 0.00481972 0.0303688 9.9982E-05 0.00134785 9.9982E-05 0.00652181 0.178061 0.160314 0.498507 0.0388178
0.0140355 9.9955E-05 0.350404 0.0485988 0.130296 9.9955E-05 9.9955E-05 0.231369 0.224797 9.9955E-05 9.9955E-05
9.99729E-05 9.99729E-05 0.600032 9.99729E-05 0.0748787 0.0024891 0.0408668 0.0372533 0.154595 0.0126543 0.07693
9.99549E-05 0.0494087 0.374102 0.0728862 0.0504057 9.99549E-05 9.99549E-05 0.211644 0.241054 9.99549E-05 9.99549E-05
0.0094845 0.111396 0.281887 9.99549E-05 9.99549E-05 9.99549E-05 9.99549E-05 0.000418167 0.159342 0.436973 9.99549E-05
9.9946E-05 0.73633 0.139057 9.9946E-05 9.9946E-05 9.9946E-05 0.0352411 9.9946E-05 0.0536994 9.9946E-05 0.0350728
9.99369E-05 0.695901 9.99369E-05 9.99369E-05 9.99369E-05 9.99369E-05 0.0125059 0.273459 0.0174349 9.99369E-05 9.99369E-05
9.99369E-05 9.99369E-05 0.215897 9.99369E-05 0.0303251 9.99369E-05 0.515475 0.237603 9.99369E-05 9.99369E-05 9.99369E-05
9.99459E-05 0.617103 0.117644 0.0143543 0.049023 9.99459E-05 9.99459E-05 0.201276 9.99459E-05 9.99459E-05 9.99459E-05
0.107662 0.813091 9.9937E-05 9.9937E-05 9.9937E-05 9.9937E-05 9.9937E-05 9.9937E-05 0.0247209 9.9937E-05 0.0538266
9.99459E-05 9.99459E-05 9.99459E-05 0.00161593 0.076878 9.99459E-05 0.540878 0.358009 0.0220192 9.99459E-05 9.99459E-05
0.032854 0.160866 0.527534 9.99549E-05 9.99549E-05 0.000750215 0.218024 0.0594715 9.99549E-05 9.99549E-05 9.99549E-05
9.994E-05 0.065633 9.994E-05 0.0562075 9.994E-05 0.0369432 9.994E-05 0.0104857 9.994E-05 9.994E-05 0.830131
0.089395 9.99639E-05 0.104752 0.0356529 9.99639E-05 0.00292271 0.0457662 9.99639E-05 9.99639E-05 0.132909 0.588202
9.99369E-05 9.99369E-05 0.357943 9.99369E-05 9.99369E-05 0.0921772 0.401506 9.99369E-05 9.99369E-05 9.99369E-05 0.147674
0.370751 9.99459E-05 0.078716 9.99459E-05 9.99459E-05 9.99459E-05 0.0745751 9.99459E-05 9.99459E-05 0.0261116 0.449247
0.0789454 0.0554844 9.99639E-05 9.99639E-05 9.99639E-05 0.00501002 0.0141267 9.99639E-05 0.00821381 0.0516236 0.786196
9.99459E-05 9.99459E-05 0.0528211 0.0839964 9.99459E-05 9.99459E-05 0.0765944 9.99459E-05 9.99459E-05 0.501217 0.284772
0.018968 9.99549E-05 0.0708212 9.99549E-05 9.99549E-05 0.0275712 0.0543014 9.99549E-05 9.99549E-05 0.281047 0.546792
9.9955E-05 0.00380321 0.150715 0.0203019 9.9955E-05 0.0306686 0.6509 9.9955E-05 9.9955E-05 9.9955E-05 0.143112
9.9928E-05 0.407354 9.9928E-05 9.9928E-05 9.9928E-05 9.9928E-05 0.428928 0.162919 9.9928E-05 9.9928E-05 9.9928E-05
9.99459E-05 9.99459E-05 0.294651 9.99459E-05 9.99459E-05 0.140433 0.0391219 9.99459E-05 0.0652639 9.99459E-05 0.459931
9.9928E-05 9.9928E-05 9.9928E-05 9.9928E-05 9.9928E-05 9.9928E-05 0.880005 9.9928E-05 0.0494403 9.9928E-05 0.0697552
9.9937E-05 9.9937E-05 0.268572 9.9937E-05 9.9937E-05 0.266924 0.461307 9.9937E-05 9.9937E-05 9.9937E-05 0.00249808
0.0205488 9.99459E-05 0.386534 9.99459E-05 9.99459E-05 0.0864795 0.211305 9.99459E-05 9.99459E-05 9.99459E-05 0.294533
9.99369E-05 0.0393096 0.214189 9.99369E-05 9.99369E-05 9.99369E-05 0.642958 0.102843 9.99369E-05 9.99369E-05 9.99369E-05
9.99549E-05 0.0376985 0.15304 9.99549E-05 0.0111008 9.99549E-05 0.495691 9.99549E-05 0.0522597 9.99549E-05 0.24971
0.0101986 9.9964E-05 0.179082 0.101627 0.0640224 9.9964E-05 0.00834245 0.286362 9.9964E-05 9.9964E-05 0.349966
0.117339 9.99639E-05 0.242473 0.0133762 0.0289387 0.04155 0.458715 9.99639E-05 9.99639E-05 9.99639E-05 0.0972082
9.99459E-05 9.99459E-05 0.113761 9.99459E-05 9.99459E-05 0.0128814 0.39273 9.99459E-05 0.163579 9.99459E-05 0.316449
0.534713 9.99369E-05 0.0762802 9.99369E-05 9.99369E-05 9.99369E-05 0.0134348 9.99369E-05 9.99369E-05 9.99369E-05 0.374873
0.0353614 0.00479437 0.370516 9.9973E-05 0.0148254 0.0550563 0.0196707 9.9973E-05 0.0320709 9.9973E-05 0.467405
0.0774077 0.100709 9.9955E-05 9.9955E-05 0.0133552 9.9955E-05 0.775508 9.9955E-05 9.9955E-05 0.010921 0.0215989
9.995E-05 9.995E-05 0.465504 9.995E-05 0.0140027 9.995E-05 0.482428 9.995E-05 0.0103129 0.0205416 0.00671107
0.00246702 0.252794 0.0134164 9.99459E-05 9.99459E-05 9.99459E-05 0.60151 0.129213 9.99459E-05 9.99459E-05 9.99459E-05
0.119779 9.99369E-05 0.303133 9.99369E-05 9.99369E-05 9.99369E-05 9.99369E-05 9.99369E-05 9.99369E-05 0.00281968 0.573568
9.9946E-05 9.9946E-05 0.557059 0.00450211 9.9946E-05 0.144859 9.9946E-05 0.0264987 9.9946E-05 9.9946E-05 0.266481
9.99369E-05 0.103763 0.0780902 9.99369E-05 9.99369E-05 9.99369E-05 0.710113 0.107335 9.99369E-05 9.99369E-05 9.99369E-05
0.108597 9.9955E-05 9.9955E-05 9.9955E-05 0.0278533 9.9955E-05 9.9955E-05 0.297966 0.0256144 0.0852071 0.454262
0.513654 9.99279E-05 9.99279E-05 9.99279E-05 9.99279E-05 9.99279E-05 9.99279E-05 0.424085 9.99279E-05 9.99279E-05 0.0614613
9.99639E-05 0.3462 0.273999 0.059999 0.00693192 0.0971519 0.19786 0.0174587 9.99639E-05 9.99639E-05 9.99639E-05
9.99549E-05 0.163818 0.0278259 0.050426 9.99549E-05 9.99549E-05 0.0337006 0.613411 0.110319 9.99549E-05 9.99549E-05
0.408295 9.995E-05 9.995E-05 0.0421162 9.995E-05 0.0709622 0.0390914 0.174129 9.995E-05 9.995E-05 0.264906
9.99369E-05 9.99369E-05 9.99369E-05 9.99369E-05 9.99369E-05 0.039267 9.99369E-05 0.394978 9.99369E-05 0.157183 0.407872
0.151838 9.99459E-05 9.99459E-05 9.99459E-05 9.99459E-05 0.109629 9.99459E-05 0.275492 9.99459E-05 0.128881 0.333561
9.9928E-05 0.730419 9.9928E-05 0.00627979 9.9928E-05 9.9928E-05 9.9928E-05 0.262502 9.9928E-05 9.9928E-05 9.9928E-05
9.99369E-05 9.99369E-05 0.218648 9.99369E-05 9.99369E-05 0.0592026 0.345034 0.376415 9.99369E-05 9.99369E-05 9.99369E-05
0.1545 9.99639E-05 0.162597 9.99639E-05 0.0172595 0.0495081 9.99639E-05 0.193527 0.361456 9.99639E-05 0.060752
0.314198 9.99459E-05 0.00721246 9.99459E-05 9.99459E-05 9.99459E-05 9.99459E-05 0.339103 0.0137071 9.99459E-05 0.325179
9.99639E-05 0.52537 0.096779 0.0092188 0.012998 9.99639E-05 0.0565717 0.211724 0.0869392 9.99639E-05 9.99639E-05
9.9955E-05 9.9955E-05 0.515711 0.0650702 9.9955E-05 0.00916292 0.16266 0.176514 9.9955E-05 9.9955E-05 0.0703822
9.99459E-05 9.99459E-05 0.245867 9.99459E-05 9.99459E-05 0.0722554 0.340105 0.280437 9.99459E-05 9.99459E-05 0.0607358
0.0699752 9.99549E-05 0.184914 0.0311082 0.00381164 9.99549E-05 9.99549E-05 0.3779 0.331791 9.99549E-05 9.99549E-05
9.99369E-05 9.99369E-05 0.446554 9.99369E-05 0.0178732 9.99369E-05 0.370361 9.99369E-05 0.164512 9.99369E-05 9.99369E-05
0.209435 9.99639E-05 0.280633 9.99639E-05 0.0418813 0.00757156 0.0701271 9.99639E-05 0.0574074 9.99639E-05 0.332544
0.121984 9.99459E-05 0.549223 9.99459E-05 9.99459E-05 0.0726786 9.99459E-05 0.201282 9.99459E-05 9.99459E-05 0.0542331
0.29193 9.9955E-05 9.9955E-05 0.0112799 9.9955E-05 0.00503084 9.9955E-05 0.295344 9.9955E-05 0.193542 0.202374
9.99459E-05 0.00866041 9.99459E-05 0.0178718 0.120673 9.99459E-05 0.436442 0.415753 9.99459E-05 9.99459E-05 9.99459E-05
0.168645 9.99549E-05 9.99549E-05 9.99549E-05 0.0232619 0.000771922 0.00222231 0.288776 9.99549E-05 9.99549E-05 0.515824
9.99459E-05 9.99459E-05 0.0782168 9.99459E-05 9.99459E-05 9.99459E-05 0.0260446 0.201752 9.99459E-05 0.388901 0.304485
9.99279E-05 0.130909 9.99279E-05 9.99279E-05 9.99279E-05 9.99279E-05 0.634804 0.233488 9.99279E-05 9.99279E-05 9.99279E-05
0.18607 9.99459E-05 0.370131 9.99459E-05 9.99459E-05 0.0633346 0.302044 9.99459E-05 9.99459E-05 9.99459E-05 0.0778206
9.99549E-05 9.99549E-05 0.224172 9.99549E-05 0.0238808 0.0297452 0.526932 0.17097 9.99549E-05 9.99549E-05 0.0237999
0.0801105 0.0148159 9.9955E-05 0.0464359 9.9955E-05 0.0348643 9.9955E-05 0.0486025 9.9955E-05 9.9955E-05 0.774671
9.9982E-05 0.0610429 0.00286719 0.0700601 0.149596 0.0682105 0.0537568 9.9982E-05 0.0115582 0.285058 0.29765
0.0514521 9.99549E-05 0.159155 9.99549E-05 0.0816165 0.0131746 9.99549E-05 0.068329 9.99549E-05 9.99549E-05 0.625773
9.99279E-05 0.0620139 9.99279E-05 9.99279E-05 9.99279E-05 9.99279E-05 0.71846 0.218727 9.99279E-05 9.99279E-05 9.99279E-05
9.9955E-05 9.9955E-05 0.233588 9.9955E-05 0.0582984 0.0172756 0.0149574 0.0167009 9.9955E-05 9.9955E-05 0.65868
9.9955E-05 9.9955E-05 9.9955E-05 0.0361112 0.0190843 9.9955E-05 0.0265708 0.0879385 0.0695522 9.9955E-05 0.760243
0.216312 0.022362 9.9955E-05 9.9955E-05 9.9955E-05 9.9955E-05 0.019218 0.0265401 0.0629761 9.9955E-05 0.652092
0.0280287 0.011628 9.9937E-05 9.9937E-05 9.9937E-05 9.9937E-05 0.846751 9.9937E-05 0.112893 9.9937E-05 9.9937E-05
9.99639E-05 9.99639E-05 0.318061 0.0127034 9.99639E-05 0.0215755 0.296104 0.0896005 0.00542442 9.99639E-05 0.256132
0.43459 0.0182242 9.9964E-05 0.0203036 9.9964E-05 0.0320115 0.0911662 9.9964E-05 9.9964E-05 0.0699856 0.333319
9.9973E-05 0.0820831 0.0242409 9.9973E-05 0.0410829 9.9973E-05 0.429512 0.210406 0.0373745 0.00201773 0.172983
0.000700849 0.0544852 9.9964E-05 0.0525993 0.00630919 9.9964E-05 9.9964E-05 9.9964E-05 0.00234117 0.00261615 0.880548
9.9964E-05 0.15383 0.278178 9.9964E-05 0.00123123 9.9964E-05 0.0860095 9.9964E-05 0.0349222 0.429246 0.016183
9.99459E-05 9.99459E-05 9.99459E-05 9.99459E-05 9.99459E-05 0.0809299 0.299706 0.135575 0.0835481 9.99459E-05 0.399641
9.9928E-05 0.162262 9.9928E-05 9.9928E-05 9.9928E-05 9.9928E-05 0.747745 0.0891931 9.9928E-05 9.9928E-05 9.9928E-05
9.99459E-05 9.99459E-05 0.454604 9.99459E-05 9.99459E-05 0.152975 0.0937902 0.103215 9.99459E-05 9.99459E-05 0.194816
0.01692 0.164325 0.399971 0.0538898 0.0324103 9.997E-05 0.0419336 0.117232 0.173018 9.997E-05 9.997E-05
9.9946E-05 0.668725 0.226393 0.0159189 9.9946E-05 9.9946E-05 9.9946E-05 0.0174787 0.0708847 9.9946E-05 9.9946E-05
9.995E-05 9.995E-05 0.714954 9.995E-05 0.0737659 9.995E-05 0.120182 0.0484016 0.00539532 9.995E-05 0.0368015
9.994E-05 9.994E-05 0.00626619 9.994E-05 9.994E-05 0.0338947 0.437975 0.0615952 0.459669 9.994E-05 9.994E-05
0.115803 0.00559116 0.461445 9.99549E-05 9.99549E-05 0.034807 0.206231 0.175623 9.99549E-05 9.99549E-05 9.99549E-05
0.157209 9.99459E-05 0.343369 9.99459E-05 9.99459E-05 9.99459E-05 9.99459E-05 0.0754251 9.99459E-05 0.28922 0.134178
9.99459E-05 0.61364 0.0571618 0.0292529 9.99459E-05 9.99459E-05 9.99459E-05 0.291268 0.00807754 9.99459E-05 9.99459E-05
9.9955E-05 0.0245067 9.9955E-05 0.024362 0.0239938 9.9955E-05 9.9955E-05 0.343477 9.9955E-05 0.529634 0.053526
0.0451822 9.99549E-05 0.123781 9.99549E-05 9.99549E-05 0.130468 9.99549E-05 9.99549E-05 0.33168 0.0426814 0.325709
0.72009 0.0719671 0.0758417 0.00479973 0.00469406 9.9964E-05 9.9964E-05 9.9964E-05 0.116378 0.00582918 9.9964E-05
9.99459E-05 0.603833 0.196528 9.99459E-05 9.99459E-05 9.99459E-05 0.00309628 9.99459E-05 0.153306 9.99459E-05 0.0426374
9.99459E-05 0.558551 0.0867159 9.99459E-05 9.99459E-05 9.99459E-05 0.255721 0.0155319 0.0828801 9.99459E-05 9.99459E-05
0.252339 9.9946E-05 9.9946E-05 9.9946E-05 9.9946E-05 9.9946E-05 0.0850747 0.213631 9.9946E-05 0.336479 0.111877
0.0491216 9.9964E-05 0.627789 0.012228 0.0600222 0.0358053 0.211274 9.9964E-05 9.9964E-05 0.0033603 9.9964E-05
9.99639E-05 0.034853 0.566784 0.0441353 0.0529332 9.99639E-05 9.99639E-05 0.0550735 0.244496 9.99639E-05 0.00132505
9.99279E-05 0.5739 9.99279E-05 9.99279E-05 9.99279E-05 9.99279E-05 0.302997 9.99279E-05 0.122304 9.99279E-05 9.99279E-05
0.150741 0.135703 0.299598 0.0331542 9.9955E-05 9.9955E-05 9.9955E-05 0.0905044 0.289801 9.9955E-05 9.9955E-05
0.0818214 0.0344828 0.250697 0.0673853 9.99639E-05 9.99639E-05 9.99639E-05 0.195304 0.0596072 0.310303 9.99639E-05
0.438889 9.99549E-05 0.123983 9.99549E-05 9.99549E-05 0.0165672 0.00138652 0.0160092 9.99549E-05 9.99549E-05 0.402665
0.554355 9.99369E-05 0.282701 9.99369E-05 9.99369E-05 9.99369E-05 9.99369E-05 9.99369E-05 0.0761999 9.99369E-05 0.0860443
0.0322533 0.093155 0.242037 9.9955E-05 0.0105991 9.9955E-05 9.9955E-05 9.9955E-05 0.274011 0.347445 9.9955E-05
9.99459E-05 9.99459E-05 9.99459E-05 0.0123115 9.99459E-05 0.0101699 0.807814 9.99459E-05 0.0465106 9.99459E-05 0.122594
9.9964E-05 9.9964E-05 0.0210218 0.00594496 0.00255772 0.0113262 0.0640904 9.9964E-05 0.0803645 9.9964E-05 0.814295
9.9955E-05 9.9955E-05 0.0558948 9.9955E-05 9.9955E-05 9.9955E-05 0.728656 0.00383286 0.110558 0.0113149 0.0892447
9.99549E-05 9.99549E-05 0.273758 9.99549E-05 9.99549E-05 0.0760008 0.323538 0.0229853 0.165598 9.99549E-05 0.13762
9.99369E-05 9.99369E-05 0.149722 9.99369E-05 9.99369E-05 0.11334 9.99369E-05 0.0567951 9.99369E-05 9.99369E-05 0.679443
9.9937E-05 0.137067 9.9937E-05 0.0114211 9.9937E-05 9.9937E-05 0.812278 9.9937E-05 9.9937E-05 9.9937E-05 0.0385337
0.0700365 0.416089 0.239373 9.994E-05 0.0180857 9.994E-05 9.994E-05 9.994E-05 0.255816 9.994E-05 9.994E-05
9.99459E-05 0.0440213 0.421611 0.015069 9.99459E-05 9.99459E-05 0.427337 0.0913625 9.99459E-05 9.99459E-05 9.99459E-05
0.642041 0.0759817 0.051361 0.0443641 9.9955E-05 9.9955E-05 9.9955E-05 0.0826275 0.103125 9.9955E-05 9.9955E-05
0.265331 0.0952996 0.302158 0.0573517 9.99639E-05 0.00971314 9.99639E-05 0.203682 0.0660643 9.99639E-05 9.99639E-05
0.453211 9.99459E-05 0.146325 9.99459E-05 9.99459E-05 0.152909 0.121003 0.125952 9.99459E-05 9.99459E-05 9.99459E-05
0.218879 0.530198 9.99278E-05 9.99278E-05 9.99278E-05 9.99278E-05 0.250123 9.99278E-05 9.99278E-05 9.99278E-05 9.99278E-05
0.209376 9.994E-05 0.0637184 9.994E-05 9.994E-05 0.0651476 0.0719064 9.994E-05 9.994E-05 0.589252 9.994E-05
0.0208749 0.141755 0.376436 0.012906 0.0862576 0.163028 0.105965 9.99729E-05 0.0924769 9.99729E-05 9.99729E-05
0.561722 9.9982E-05 0.0276194 9.9982E-05 0.0293798 0.00929691 0.0809999 0.0449116 0.109856 0.0888379 0.0471764
0.338345 9.99639E-05 0.0520901 9.99639E-05 9.99639E-05 0.125569 0.0242757 9.99639E-05 0.00718838 0.436376 0.0157556
0.87784 9.99459E-05 0.0796374 9.99459E-05 9.99459E-05 0.0117137 0.013196 9.99459E-05 0.0170134 9.99459E-05 9.99459E-05
0.673809 9.99459E-05 0.0909008 9.99459E-05 9.99459E-05 0.0975042 9.99459E-05 0.0390817 9.99459E-05 9.99459E-05 0.098105
0.832558 0.0396923 9.99459E-05 9.99459E-05 0.0557598 0.00230834 0.0690815 9.99459E-05 9.99459E-05 9.99459E-05 9.99459E-05
0.0917918 0.0168154 0.47783 0.0440988 0.00237328 0.126262 0.179648 9.99729E-05 0.0608813 9.99729E-05 9.99729E-05
9.995E-05 9.995E-05 0.227918 0.0232091 0.0540656 9.995E-05 0.534832 0.114807 0.0446684 9.995E-05 9.995E-05
0.091433 0.0186082 9.9973E-05 0.00844128 0.0391565 9.9973E-05 0.0769301 0.159644 9.9973E-05 0.541275 0.0642119
0.581516 0.177332 9.9937E-05 9.9937E-05 9.9937E-05 9.9937E-05 9.9937E-05 0.0251725 0.21528 9.9937E-05 9.9937E-05
9.9973E-05 0.228641 0.345204 0.0788493 0.0894121 9.9973E-05 0.0282516 0.10465 0.0949748 0.0297178 9.9973E-05
0.0166418 0.847779 9.99369E-05 9.99369E-05 9.99369E-05 0.0642891 9.99369E-05 0.0705905 9.99369E-05 9.99369E-05 9.99369E-05
0.0404834 0.14895 0.0538514 9.9937E-05 9.9937E-05 9.9937E-05 0.756016 9.9937E-05 9.9937E-05 9.9937E-05 9.9937E-05
0.00705006 0.79251 0.0757685 9.9955E-05 0.00658397 9.9955E-05 0.0793432 9.9955E-05 9.9955E-05 9.9955E-05 0.0382441
