0.649061 0.211706 0.139233
0.765429 0.191869 0.0427026
0.25259 0.732675 0.0147342
0.831514 0.0825465 0.0859395
0.82483 9.9991E-05 0.17507
0.41799 0.463135 0.118875
0.226659 0.773241 9.9991E-05
0.45243 0.448537 0.0990323
0.802478 0.0851086 0.112414
0.0302548 0.857028 0.112717
0.837197 0.118885 0.0439185
0.938439 0.00292882 0.0586321
0.470267 0.375013 0.15472
0.30418 0.69572 9.9991E-05
0.960776 0.0225746 0.016649
0.0319941 0.887491 0.0805147
0.288038 0.711862 9.9991E-05
0.388509 0.611391 9.9991E-05
0.803662 0.191816 0.00452255
0.185213 0.0230357 0.791751
0.192495 9.9991E-05 0.807405
0.0918487 0.0842522 0.823899
0.32013 9.9991E-05 0.67977
0.355669 9.9991E-05 0.644231
9.9991E-05 0.400972 0.598928
0.439139 9.9991E-05 0.560761
9.9991E-05 0.47763 0.52227
0.411856 9.9991E-05 0.588044
0.0149046 0.209374 0.775722
0.211472 9.9991E-05 0.788428
0.0974922 0.315738 0.58677
9.9991E-05 0.273423 0.726477
9.9991E-05 0.471661 0.528239
0.00769347 0.337647 0.654659
0.236498 9.9991E-05 0.763402
0.328507 9.9991E-05 0.671393
0.24285 0.0670391 0.690111
0.333359 9.9991E-05 0.666541
0.164277 0.00301786 0.832705
9.9991E-05 0.321171 0.678729
9.9991E-05 0.495658 0.504242
0.234474 0.0715268 0.693999
9.9991E-05 0.174019 0.825881
9.9991E-05 0.374869 0.625031
0.521929 9.9991E-05 0.477971
0.426273 9.9991E-05 0.573627
9.9991E-05 0.475955 0.523945
0.119811 0.0558256 0.824363
9.9991E-05 0.623196 0.376704
0.280944 9.9991E-05 0.718956
9.9991E-05 0.253237 0.746663
0.235027 0.0224279 0.742545
0.423144 9.9991E-05 0.576756
0.454483 9.9991E-05 0.545417
0.461957 9.9991E-05 0.537943
0.463042 9.9991E-05 0.536858
9.9991E-05 0.259877 0.740023
0.0268317 0.145156 0.828012
9.9991E-05 0.326069 0.673831
0.20919 9.9991E-05 0.79071
0.256955 9.9991E-05 0.742945
0.356371 9.9991E-05 0.643529
9.9991E-05 0.393524 0.606377
0.331917 9.9991E-05 0.667983
9.9991E-05 0.540555 0.459345
0.458059 9.9991E-05 0.541841
0.344968 9.9991E-05 0.654932
0.381483 9.9991E-05 0.618417
0.312999 0.0591015 0.6279
0.111854 0.169612 0.718534
9.9991E-05 0.44801 0.55189
9.9991E-05 0.464453 0.535447
0.369233 9.9991E-05 0.630667
9.9991E-05 0.405614 0.594286
0.302586 9.9991E-05 0.697314
0.470933 9.9991E-05 0.528967
9.9991E-05 0.356297 0.643603
9.9991E-05 0.555054 0.444846
9.9991E-05 0.319217 0.680683
0.0646856 0.157133 0.778181
9.9991E-05 0.471184 0.528716
0.270273 9.9991E-05 0.729627
0.134121 0.0613975 0.804482
0.207348 0.0857856 0.706866
9.9991E-05 0.431115 0.568785
0.181626 9.9991E-05 0.818274
0.372014 9.9991E-05 0.627886
0.0612237 0.375256 0.563521
9.9991E-05 0.493889 0.506011
0.414141 9.9991E-05 0.585759
9.9991E-05 0.403094 0.596806
0.052538 0.391066 0.556396
0.487935 9.9991E-05 0.511965
0.187456 0.195477 0.617066
0.190821 0.19542 0.613759
0.0106452 0.794743 0.194611
0.0905869 0.622159 0.287254
0.306592 0.433108 0.2603
0.675159 0.215977 0.108865
0.0624568 0.822102 0.115442
0.675904 0.262376 0.0617203
0.153148 0.846752 9.9991E-05
0.0732284 0.737833 0.188939
0.203101 0.581792 0.215108
0.597461 0.123916 0.278623
9.9991E-05 0.873713 0.126187
0.57468 0.282057 0.143264
0.110273 0.728566 0.161161
0.448389 0.39356 0.158051
0.275841 0.533228 0.19093
0.278024 0.709884 0.0120919
0.778988 9.9991E-05 0.220912
0.647965 0.166376 0.185659
0.0939406 0.536945 0.369115
0.184514 0.741777 0.0737097
0.374277 0.346799 0.278924
0.517023 0.241214 0.241763
0.749986 0.149238 0.100776
0.26002 0.688705 0.0512749
0.723574 0.17346 0.102966
0.261858 0.716639 0.0215029
9.9991E-05 0.988316 0.0115843
0.927564 0.0723362 9.9991E-05
0.486987 0.359097 0.153916
0.500688 0.404668 0.094644
0.523013 0.311209 0.165778
0.0903899 0.904739 0.00487164
0.838351 0.0570633 0.104586
0.62341 0.157783 0.218807
9.9991E-05 0.974724 0.0251763
0.9998 9.999E-05 9.999E-05
0.795913 0.00735651 0.19673
0.834709 0.165191 9.9991E-05
9.9991E-05 0.960097 0.0398032
0.821373 0.0700759 0.108551
0.877886 0.0573756 0.0647387
0.489069 0.510831 9.9991E-05
0.539797 0.297797 0.162406
0.645227 0.238831 0.115942
9.999E-05 0.9998 9.999E-05
0.595641 0.289392 0.114967
0.432406 0.406168 0.161425
0.0513662 0.755874 0.19276
0.687957 0.134316 0.177726
0.37668 0.316182 0.307137
9.9991E-05 0.878749 0.121151
0.218761 0.651145 0.130094
0.123864 0.809659 0.0664769
0.49856 0.340032 0.161408
9.999E-05 0.9998 9.999E-05
0.904272 0.0956283 9.9991E-05
0.0832285 0.916671 9.9991E-05
0.453283 0.377392 0.169324
0.699964 0.191456 0.10858
0.408849 0.311934 0.279217
0.495015 0.419407 0.0855774
0.332157 0.450908 0.216935
0.54014 0.358927 0.100933
9.9991E-05 0.983845 0.0160546
9.9991E-05 0.965124 0.0347763
0.20855 0.761419 0.0300311
9.9991E-05 0.877524 0.122376
0.0452581 0.954642 9.9991E-05
0.163905 0.702518 0.133577
0.268615 0.731285 9.9991E-05
0.895346 9.9991E-05 0.104554
0.948423 0.0074213 0.0441562
0.470724 0.52614 0.00313618
0.958749 0.0411509 9.9991E-05
0.9998 9.999E-05 9.999E-05
0.786184 0.046413 0.167403
0.94669 0.0260136 0.0272964
0.301718 0.698182 9.9991E-05
0.00869029 0.99121 9.9991E-05
0.760606 0.157714 0.0816804
0.215623 0.783554 0.000823434
0.317282 0.556632 0.126086
0.636737 0.363163 9.9991E-05
0.142476 0.857424 9.9991E-05
0.390715 0.595634 0.0136507
0.662769 0.124784 0.212447
0.396157 0.534222 0.0696214
0.4935 0.454332 0.0521674
0.927646 0.0670753 0.00527887
0.76284 0.183804 0.0533561
0.150161 0.816761 0.0330777
0.361887 0.638013 9.9991E-05
0.0151349 0.984765 9.9991E-05
0.9998 9.999E-05 9.999E-05
0.685348 0.241925 0.0727265
0.0902443 0.909656 9.9991E-05
0.850889 0.00557822 0.143533
0.660072 0.202388 0.13754
9.9991E-05 0.852751 0.147149
0.14844 0.664193 0.187367
0.739271 0.101153 0.159577
0.866081 9.9991E-05 0.133819
0.848958 9.9991E-05 0.150942
9.9991E-05 0.918705 0.0811946
0.209291 0.706723 0.0839861
0.556731 0.250716 0.192553
0.873369 0.125 0.00163058
0.00116201 0.907288 0.0915499
0.403259 0.545316 0.0514242
0.377639 0.562431 0.0599295
0.434433 0.386877 0.17869
0.25859 0.741311 9.9991E-05
0.742366 0.226949 0.0306849
0.669227 0.254444 0.0763292
0.836284 0.0339925 0.129723
0.09677 0.692968 0.210262
0.845889 0.0704595 0.0836514
0.848389 0.107974 0.0436375
0.0720564 0.927844 9.9991E-05
0.512225 0.487675 9.9991E-05
0.265231 0.711871 0.022898
0.904191 9.9991E-05 0.0957094
0.580814 0.0893881 0.329798
0.890858 0.0356946 0.0734469
0.0860338 0.913866 9.9991E-05
0.863127 0.069841 0.0670317
0.859328 0.0248205 0.115851
0.915072 0.0289917 0.0559363
0.138949 0.860951 9.9991E-05
0.517488 0.482412 9.9991E-05
0.817502 0.115547 0.0669516
0.301433 0.623412 0.0751551
0.912517 9.9991E-05 0.0873832
0.531821 0.428033 0.0401454
0.56599 0.319528 0.114481
0.0663575 0.933542 9.9991E-05
0.602725 0.327661 0.0696146
0.215381 0.652313 0.132306
9.9991E-05 0.956258 0.0436418
0.435262 0.517175 0.0475636
0.216382 0.748354 0.0352643
0.434197 0.565703 9.9991E-05
0.855453 0.144447 9.9991E-05
9.9991E-05 0.916188 0.0837124
0.651903 0.113487 0.234609
0.760835 0.114118 0.125046
0.615981 0.28991 0.0941093
0.0592904 0.915542 0.0251675
9.999E-05 0.9998 9.999E-05
0.808947 0.0958621 0.0951912
0.414588 0.522235 0.0631776
0.371606 0.52961 0.0987839
9.9991E-05 0.992713 0.00718737
0.418857 0.455721 0.125422
0.590335 0.266453 0.143212
0.896792 0.0687547 0.0344534
0.816831 0.134658 0.0485104
0.535781 0.327986 0.136233
0.213691 0.768339 0.0179701
0.929526 0.00298177 0.0674924
0.260913 0.738987 9.9991E-05
0.487583 0.484435 0.0279826
0.913941 9.9991E-05 0.0859588
0.081609 0.889915 0.0284764
0.11802 0.794022 0.0879577
0.229479 0.770421 9.9991E-05
0.540221 0.299055 0.160724
0.37954 0.498499 0.121961
0.596765 0.32201 0.0812248
9.9991E-05 0.959744 0.0401565
0.768159 0.121747 0.110094
0.215097 0.557197 0.227706
0.73574 0.147078 0.117182
0.779995 0.0872378 0.132767
0.74895 0.188401 0.0626492
0.796839 0.100963 0.102198
0.623806 0.207877 0.168317
0.292477 0.551936 0.155587
0.178598 0.729233 0.0921686
0.682698 0.167137 0.150164
0.505583 0.339426 0.154991
0.188712 0.62802 0.183269
9.9991E-05 0.914101 0.0857985
0.0591341 0.940766 9.9991E-05
9.9991E-05 0.976219 0.0236805
