9.98829E-05 0.177697 9.98829E-05 9.98829E-05 9.98829E-05 0.415975 9.98829E-05 9.98829E-05 9.98829E-05 9.98829E-05 9.98829E-05 0.29501 9.98829E-05 9.98829E-05 9.98829E-05 9.98829E-05 0.11002
0.047509 0.341968 9.99189E-05 0.059347 9.99189E-05 0.355827 9.99189E-05 9.99189E-05 9.99189E-05 9.99189E-05 9.99189E-05 0.0336358 0.0494523 9.99189E-05 9.99189E-05 0.0481957 0.0631651
9.99189E-05 0.475794 0.00794052 9.99189E-05 0.0715298 9.99189E-05 0.314717 9.99189E-05 0.0330917 9.99189E-05 9.99189E-05 9.99189E-05 0.0744466 9.99189E-05 9.99189E-05 0.00808305 0.0134974
9.99009E-05 9.99009E-05 0.00401179 9.99009E-05 9.99009E-05 0.528598 9.99009E-05 0.0258622 9.99009E-05 9.99009E-05 0.0372125 0.226952 9.99009E-05 9.99009E-05 9.99009E-05 0.176265 9.99009E-05
0.0997403 9.99099E-05 9.99099E-05 9.99099E-05 9.99099E-05 0.245277 9.99099E-05 9.99099E-05 0.127428 9.99099E-05 0.127351 0.0847189 0.0782943 9.99099E-05 9.99099E-05 0.236192 9.99099E-05
0.0808079 0.195388 9.99278E-05 9.99278E-05 0.176201 9.99278E-05 0.0906834 9.99278E-05 9.99278E-05 0.0139566 9.99278E-05 0.286624 9.99278E-05 0.0240219 9.99278E-05 0.119308 0.0122088
9.99008E-05 0.557542 9.99008E-05 9.99008E-05 9.99008E-05 0.0546237 0.320724 0.0430291 9.99008E-05 0.0169935 9.99008E-05 9.99008E-05 9.99008E-05 9.99008E-05 9.99008E-05 0.00598872 9.99008E-05
0.176482 0.317581 9.9901E-05 9.9901E-05 0.107932 9.9901E-05 0.114252 9.9901E-05 9.9901E-05 9.9901E-05 9.9901E-05 0.13013 9.9901E-05 9.9901E-05 9.9901E-05 9.9901E-05 0.152525
9.9928E-05 0.308265 0.0177463 9.9928E-05 0.017043 0.308422 9.9928E-05 9.9928E-05 0.0454262 9.9928E-05 0.0100735 9.9928E-05 9.9928E-05 0.0513172 9.9928E-05 0.225628 0.0152795
9.99008E-05 0.030789 0.050651 9.99008E-05 0.362117 9.99008E-05 0.287659 0.207067 9.99008E-05 9.99008E-05 9.99008E-05 0.0606179 9.99008E-05 9.99008E-05 9.99008E-05 9.99008E-05 9.99008E-05
0.125083 0.142311 0.0112967 0.351809 0.0472726 0.0926785 9.99189E-05 9.99189E-05 9.99189E-05 9.99189E-05 9.99189E-05 9.99189E-05 0.0477149 9.99189E-05 9.99189E-05 0.180934 9.99189E-05
0.0940971 0.0297919 9.99099E-05 0.0781193 0.225236 0.445688 9.99099E-05 9.99099E-05 9.99099E-05 9.99099E-05 9.99099E-05 9.99099E-05 9.99099E-05 9.99099E-05 0.0933116 0.0327565 9.99099E-05
9.99098E-05 0.0760071 9.99098E-05 9.99098E-05 9.99098E-05 9.99098E-05 0.181663 9.99098E-05 9.99098E-05 9.99098E-05 0.322095 0.00905163 0.0995963 0.0572854 9.99098E-05 0.253303 9.99098E-05
9.991E-05 0.681189 0.00941913 9.991E-05 0.192167 9.991E-05 0.0920071 9.991E-05 9.991E-05 0.000406624 9.991E-05 9.991E-05 9.991E-05 0.00753894 9.991E-05 9.991E-05 0.0162732
0.174443 0.0106231 9.98919E-05 0.400204 0.0583481 0.355183 9.98919E-05 9.98919E-05 9.98919E-05 9.98919E-05 9.98919E-05 9.98919E-05 9.98919E-05 9.98919E-05 9.98919E-05 9.98919E-05 9.98919E-05
9.99098E-05 0.135223 0.00564936 9.99098E-05 9.99098E-05 9.99098E-05 0.360817 0.254596 9.99098E-05 0.0274948 9.99098E-05 0.134014 9.99098E-05 9.99098E-05 9.99098E-05 0.0812063 9.99098E-05
9.9892E-05 0.694524 9.9892E-05 9.9892E-05 9.9892E-05 0.0549927 0.208933 0.0209539 9.9892E-05 9.9892E-05 9.9892E-05 0.019398 9.9892E-05 9.9892E-05 9.9892E-05 9.9892E-05 9.9892E-05
0.0679351 0.60489 9.98919E-05 0.0290854 9.98919E-05 9.98919E-05 0.258912 9.98919E-05 9.98919E-05 9.98919E-05 9.98919E-05 9.98919E-05 0.0379794 9.98919E-05 9.98919E-05 9.98919E-05 9.98919E-05
9.991E-05 0.187286 9.991E-05 9.991E-05 0.0078055 0.335876 9.991E-05 9.991E-05 9.991E-05 9.991E-05 9.991E-05 9.991E-05 0.104031 0.0341851 0.147639 0.182178 9.991E-05
9.98829E-05 9.98829E-05 0.739569 0.131942 9.98829E-05 9.98829E-05 9.98829E-05 9.98829E-05 0.0667254 9.98829E-05 9.98829E-05 0.060465 9.98829E-05 9.98829E-05 9.98829E-05 9.98829E-05 9.98829E-05
9.98648E-05 9.98648E-05 0.752314 9.98648E-05 9.98648E-05 9.98648E-05 9.98648E-05 9.98648E-05 9.98648E-05 9.98648E-05 0.246188 9.98648E-05 9.98648E-05 9.98648E-05 9.98648E-05 9.98648E-05 9.98648E-05
9.98647E-05 9.98647E-05 0.796365 9.98647E-05 9.98647E-05 9.98647E-05 9.98647E-05 9.98647E-05 9.98647E-05 9.98647E-05 9.98647E-05 0.202137 9.98647E-05 9.98647E-05 9.98647E-05 9.98647E-05 9.98647E-05
9.98918E-05 9.98918E-05 0.59468 9.98918E-05 9.98918E-05 9.98918E-05 9.98918E-05 9.98918E-05 0.0339901 9.98918E-05 0.208306 9.98918E-05 9.98918E-05 9.98918E-05 0.154129 9.98918E-05 0.00769634
9.99009E-05 9.99009E-05 0.748943 0.0715017 9.99009E-05 0.104489 9.99009E-05 9.99009E-05 0.00597654 9.99009E-05 9.99009E-05 9.99009E-05 9.99009E-05 0.00114678 9.99009E-05 0.0668446 9.99009E-05
9.99008E-05 0.224459 0.448188 9.99008E-05 0.00927234 9.99008E-05 0.038297 9.99008E-05 9.99008E-05 0.2296 9.99008E-05 9.99008E-05 9.99008E-05 0.0490848 9.99008E-05 9.99008E-05 9.99008E-05
0.0338439 9.99278E-05 0.286133 0.0834608 0.0244464 0.0973617 9.99278E-05 9.99278E-05 0.0578153 9.99278E-05 9.99278E-05 9.99278E-05 9.99278E-05 0.290052 9.99278E-05 0.0565058 0.0695818
9.98919E-05 9.98919E-05 0.239781 9.98919E-05 9.98919E-05 9.98919E-05 0.108483 0.370427 0.0174617 0.262649 9.98919E-05 9.98919E-05 9.98919E-05 9.98919E-05 9.98919E-05 9.98919E-05 9.98919E-05
0.0750512 9.9919E-05 0.205217 0.0707183 9.9919E-05 9.9919E-05 9.9919E-05 9.9919E-05 0.121063 9.9919E-05 0.23279 0.0325872 9.9919E-05 0.115743 9.9919E-05 9.9919E-05 0.14593
9.98918E-05 9.98918E-05 0.779395 9.98918E-05 9.98918E-05 9.98918E-05 9.98918E-05 0.0168311 9.98918E-05 0.013813 9.98918E-05 0.163707 9.98918E-05 0.0250552 9.98918E-05 9.98918E-05 9.98918E-05
9.98829E-05 9.98829E-05 0.841104 9.98829E-05 9.98829E-05 9.98829E-05 9.98829E-05 9.98829E-05 0.00311939 9.98829E-05 0.125568 9.98829E-05 9.98829E-05 9.98829E-05 9.98829E-05 0.0289109 9.98829E-05
9.99281E-05 0.0150397 0.547611 0.000923029 9.99281E-05 9.99281E-05 0.0892683 0.111962 9.99281E-05 0.0929808 0.071319 9.99281E-05 9.99281E-05 9.99281E-05 0.0591826 9.99281E-05 0.0109135
9.99008E-05 9.99008E-05 0.000302337 9.99008E-05 9.99008E-05 9.99008E-05 9.99008E-05 0.033855 9.99008E-05 0.173633 9.99008E-05 0.0849253 0.0340808 0.672105 9.99008E-05 9.99008E-05 9.99008E-05
9.98827E-05 9.98827E-05 0.566537 9.98827E-05 9.98827E-05 9.98827E-05 0.16592 0.168172 9.98827E-05 0.0980728 9.98827E-05 9.98827E-05 9.98827E-05 9.98827E-05 9.98827E-05 9.98827E-05 9.98827E-05
9.98918E-05 0.182575 0.633573 9.98918E-05 9.98918E-05 9.98918E-05 0.0708489 9.98918E-05 9.98918E-05 0.0932411 9.98918E-05 9.98918E-05 9.98918E-05 0.018563 9.98918E-05 9.98918E-05 9.98918E-05
9.98829E-05 9.98829E-05 0.822601 9.98829E-05 0.0177379 9.98829E-05 9.98829E-05 9.98829E-05 9.98829E-05 9.98829E-05 0.10509 9.98829E-05 9.98829E-05 9.98829E-05 9.98829E-05 0.0532722 9.98829E-05
9.98919E-05 9.98919E-05 0.744678 0.133919 9.98919E-05 0.0589335 9.98919E-05 9.98919E-05 0.0515863 9.98919E-05 9.98919E-05 9.98919E-05 9.98919E-05 9.98919E-05 9.98919E-05 0.00968437 9.98919E-05
9.98649E-05 9.98649E-05 0.684883 0.313619 9.98649E-05 9.98649E-05 9.98649E-05 9.98649E-05 9.98649E-05 9.98649E-05 9.98649E-05 9.98649E-05 9.98649E-05 9.98649E-05 9.98649E-05 9.98649E-05 9.98649E-05
9.98919E-05 9.98919E-05 0.675928 9.98919E-05 9.98919E-05 0.0618153 9.98919E-05 9.98919E-05 0.0399274 9.98919E-05 0.0401733 9.98919E-05 9.98919E-05 9.98919E-05 0.180957 9.98919E-05 9.98919E-05
9.98827E-05 9.98827E-05 9.98827E-05 9.98827E-05 9.98827E-05 9.98827E-05 9.98827E-05 9.98827E-05 0.464827 0.359787 9.98827E-05 0.170024 9.98827E-05 9.98827E-05 9.98827E-05 0.00406394 9.98827E-05
9.9901E-05 9.9901E-05 9.9901E-05 9.9901E-05 9.9901E-05 9.9901E-05 9.9901E-05 0.0683792 0.0284282 0.769934 0.0488523 0.0326379 0.0506691 9.9901E-05 9.9901E-05 9.9901E-05 9.9901E-05
9.99009E-05 9.99009E-05 0.0274644 9.99009E-05 0.0653796 9.99009E-05 0.117434 0.145983 9.99009E-05 0.590188 9.99009E-05 9.99009E-05 9.99009E-05 9.99009E-05 9.99009E-05 9.99009E-05 0.0524516
9.99009E-05 9.99009E-05 9.99009E-05 9.99009E-05 9.99009E-05 9.99009E-05 9.99009E-05 9.99009E-05 0.219948 0.238386 0.302741 9.99009E-05 9.99009E-05 0.0615961 0.146888 9.99009E-05 0.029343
9.98827E-05 9.98827E-05 0.229567 9.98827E-05 9.98827E-05 9.98827E-05 9.98827E-05 9.98827E-05 0.134158 0.428975 9.98827E-05 0.206002 9.98827E-05 9.98827E-05 9.98827E-05 9.98827E-05 9.98827E-05
9.99009E-05 9.99009E-05 0.0293404 0.113346 0.102843 9.99009E-05 9.99009E-05 9.99009E-05 9.99009E-05 0.666801 9.99009E-05 9.99009E-05 0.0562374 0.0303331 9.99009E-05 9.99009E-05 9.99009E-05
9.98828E-05 9.98828E-05 9.98828E-05 9.98828E-05 9.98828E-05 0.153987 9.98828E-05 9.98828E-05 0.0369383 9.98828E-05 9.98828E-05 9.98828E-05 9.98828E-05 0.583741 0.224036 9.98828E-05 9.98828E-05
0.150237 9.99009E-05 9.99009E-05 0.0121637 9.99009E-05 0.0916792 9.99009E-05 9.99009E-05 0.569763 0.145586 9.99009E-05 9.99009E-05 9.99009E-05 9.99009E-05 9.99009E-05 0.0294721 9.99009E-05
9.99008E-05 0.102674 0.155026 9.99008E-05 0.0101893 9.99008E-05 0.0641168 0.0257745 9.99008E-05 0.64112 9.99008E-05 9.99008E-05 9.99008E-05 9.99008E-05 9.99008E-05 9.99008E-05 9.99008E-05
9.98827E-05 9.98827E-05 9.98827E-05 9.98827E-05 9.98827E-05 9.98827E-05 9.98827E-05 9.98827E-05 0.350244 0.436853 9.98827E-05 0.194054 9.98827E-05 9.98827E-05 9.98827E-05 9.98827E-05 0.0175504
9.98739E-05 9.98739E-05 9.98739E-05 9.98739E-05 9.98739E-05 9.98739E-05 9.98739E-05 0.475219 9.98739E-05 0.444061 0.0793215 9.98739E-05 9.98739E-05 9.98739E-05 9.98739E-05 9.98739E-05 9.98739E-05
0.141184 9.9901E-05 9.9901E-05 9.9901E-05 9.9901E-05 9.9901E-05 9.9901E-05 9.9901E-05 0.442373 0.291086 9.9901E-05 9.9901E-05 9.9901E-05 9.9901E-05 0.00860282 0.0320098 0.0836452
9.98919E-05 9.98919E-05 9.98919E-05 9.98919E-05 9.98919E-05 9.98919E-05 9.98919E-05 0.0802996 0.122123 0.687003 0.0776663 0.0317088 9.98919E-05 9.98919E-05 9.98919E-05 9.98919E-05 9.98919E-05
9.98829E-05 9.98829E-05 0.0361379 9.98829E-05 9.98829E-05 9.98829E-05 9.98829E-05 9.98829E-05 0.174756 0.357358 0.430449 9.98829E-05 9.98829E-05 9.98829E-05 9.98829E-05 9.98829E-05 9.98829E-05
9.99188E-05 9.99188E-05 0.0584401 0.234027 0.061188 0.0259534 9.99188E-05 9.99188E-05 0.266685 0.0594119 9.99188E-05 9.99188E-05 9.99188E-05 0.261693 9.99188E-05 0.031703 9.99188E-05
0.101505 9.99099E-05 9.99099E-05 0.19579 9.99099E-05 9.99099E-05 9.99099E-05 9.99099E-05 0.174659 0.295242 9.99099E-05 9.99099E-05 9.99099E-05 0.0537631 9.99099E-05 0.160054 0.017988
9.9928E-05 0.000726638 0.0229492 0.0101794 9.9928E-05 0.0284393 9.9928E-05 9.9928E-05 0.19469 0.17029 9.9928E-05 9.9928E-05 9.9928E-05 0.0754449 0.486818 9.9928E-05 0.00966374
9.98829E-05 9.98829E-05 0.362565 9.98829E-05 9.98829E-05 0.036598 9.98829E-05 9.98829E-05 9.98829E-05 9.98829E-05 9.98829E-05 9.98829E-05 9.98829E-05 9.98829E-05 0.406368 9.98829E-05 0.193171
9.98917E-05 9.98917E-05 9.98917E-05 9.98917E-05 9.98917E-05 9.98917E-05 9.98917E-05 9.98917E-05 0.224433 0.522434 9.98917E-05 0.175009 0.0026663 0.0742584 9.98917E-05 9.98917E-05 9.98917E-05
9.98918E-05 9.98918E-05 9.98918E-05 9.98918E-05 9.98918E-05 9.98918E-05 9.98918E-05 0.0138276 0.157298 0.241513 0.320829 9.98918E-05 9.98918E-05 9.98918E-05 9.98918E-05 9.98918E-05 0.265334
9.98918E-05 9.98918E-05 9.98918E-05 9.98918E-05 9.98918E-05 9.98918E-05 9.98918E-05 0.019458 9.98918E-05 0.785944 9.98918E-05 0.125516 0.0218683 9.98918E-05 9.98918E-05 9.98918E-05 0.046015
9.98739E-05 9.98739E-05 9.98739E-05 9.98739E-05 9.98739E-05 9.98739E-05 9.98739E-05 9.98739E-05 0.745254 0.141186 9.98739E-05 0.112161 9.98739E-05 9.98739E-05 9.98739E-05 9.98739E-05 9.98739E-05
9.99121E-05 0.0375184 0.0132374 9.99121E-05 9.99121E-05 9.99121E-05 9.99121E-05 9.99121E-05 0.530604 0.125429 9.99121E-05 0.104637 9.99121E-05 0.184368 9.99121E-05 0.00320683 9.99121E-05
0.0824224 9.99098E-05 9.99098E-05 0.0353637 9.99098E-05 0.044681 9.99098E-05 9.99098E-05 0.355797 0.328557 9.99098E-05 9.99098E-05 9.99098E-05 9.99098E-05 9.99098E-05 0.0876467 0.0645335
9.99009E-05 0.0350741 9.99009E-05 9.99009E-05 9.99009E-05 9.99009E-05 9.99009E-05 0.0597439 0.00666371 0.225978 9.99009E-05 9.99009E-05 0.158499 0.512942 9.99009E-05 9.99009E-05 9.99009E-05
9.98919E-05 9.98919E-05 0.051101 9.98919E-05 9.98919E-05 9.98919E-05 0.0158071 9.98919E-05 0.636946 9.98919E-05 0.0072053 9.98919E-05 9.98919E-05 9.98919E-05 0.287742 9.98919E-05 9.98919E-05
9.99008E-05 0.038019 9.99008E-05 9.99008E-05 9.99008E-05 9.99008E-05 0.414416 9.99008E-05 0.262232 0.205129 9.99008E-05 9.99008E-05 9.99008E-05 0.0320174 9.99008E-05 9.99008E-05 0.047087
0.00367264 0.0751552 0.0381729 0.125754 9.99188E-05 0.0150211 9.99188E-05 9.99188E-05 0.139775 9.99188E-05 9.99188E-05 9.99188E-05 9.99188E-05 0.501634 9.99188E-05 0.0999157 9.99188E-05
0.0725584 9.9874E-05 9.9874E-05 9.9874E-05 9.9874E-05 9.9874E-05 9.9874E-05 9.9874E-05 0.912508 9.9874E-05 9.9874E-05 9.9874E-05 9.9874E-05 9.9874E-05 0.0135358 9.9874E-05 9.9874E-05
9.98831E-05 9.98831E-05 9.98831E-05 0.14619 9.98831E-05 9.98831E-05 0.043313 0.0339557 0.775243 9.98831E-05 9.98831E-05 9.98831E-05 9.98831E-05 9.98831E-05 9.98831E-05 9.98831E-05 9.98831E-05
9.98917E-05 0.0469279 9.98917E-05 9.98917E-05 9.98917E-05 0.0476503 0.0084187 9.98917E-05 9.98917E-05 9.98917E-05 9.98917E-05 9.98917E-05 9.98917E-05 0.834943 9.98917E-05 9.98917E-05 0.0608614
9.98828E-05 9.98828E-05 0.10039 9.98828E-05 9.98828E-05 9.98828E-05 9.98828E-05 9.98828E-05 9.98828E-05 0.0339401 9.98828E-05 0.217464 9.98828E-05 0.646908 9.98828E-05 9.98828E-05 9.98828E-05
9.98738E-05 9.98738E-05 9.98738E-05 9.98738E-05 9.98738E-05 9.98738E-05 9.98738E-05 0.319426 9.98738E-05 0.0948105 9.98738E-05 9.98738E-05 9.98738E-05 0.584365 9.98738E-05 9.98738E-05 9.98738E-05
9.98828E-05 9.98828E-05 9.98828E-05 9.98828E-05 9.98828E-05 9.98828E-05 0.452008 9.98828E-05 0.213038 0.323681 9.98828E-05 9.98828E-05 9.98828E-05 0.00997493 9.98828E-05 9.98828E-05 9.98828E-05
0.100576 9.98829E-05 0.646614 9.98829E-05 9.98829E-05 9.98829E-05 9.98829E-05 9.98829E-05 0.0204037 9.98829E-05 9.98829E-05 9.98829E-05 9.98829E-05 9.98829E-05 0.231108 9.98829E-05 9.98829E-05
9.99097E-05 0.047633 9.99097E-05 9.99097E-05 9.99097E-05 9.99097E-05 0.127589 0.0739539 0.352623 0.33905 9.99097E-05 9.99097E-05 0.0370369 0.021115 9.99097E-05 9.99097E-05 9.99097E-05
9.98738E-05 9.98738E-05 9.98738E-05 0.0100452 9.98738E-05 9.98738E-05 9.98738E-05 9.98738E-05 0.539625 9.98738E-05 9.98738E-05 9.98738E-05 9.98738E-05 0.448931 9.98738E-05 9.98738E-05 9.98738E-05
9.99009E-05 9.99009E-05 0.00739392 0.0395281 9.99009E-05 0.22043 9.99009E-05 9.99009E-05 9.99009E-05 9.99009E-05 0.00130862 9.99009E-05 9.99009E-05 0.69458 9.99009E-05 0.0356609 9.99009E-05
9.98827E-05 9.98827E-05 0.682125 9.98827E-05 9.98827E-05 9.98827E-05 0.136276 0.0776693 9.98827E-05 0.102631 9.98827E-05 9.98827E-05 9.98827E-05 9.98827E-05 9.98827E-05 9.98827E-05 9.98827E-05
9.9892E-05 9.9892E-05 0.130067 9.9892E-05 9.9892E-05 9.9892E-05 0.337915 0.183701 9.9892E-05 0.222704 9.9892E-05 9.9892E-05 9.9892E-05 0.124414 9.9892E-05 9.9892E-05 9.9892E-05
9.98827E-05 0.108871 0.668237 9.98827E-05 9.98827E-05 9.98827E-05 0.040226 9.98827E-05 9.98827E-05 0.181367 9.98827E-05 9.98827E-05 9.98827E-05 9.98827E-05 9.98827E-05 9.98827E-05 9.98827E-05
9.98918E-05 9.98918E-05 0.191296 9.98918E-05 9.98918E-05 9.98918E-05 9.98918E-05 9.98918E-05 9.98918E-05 0.0449689 9.98918E-05 0.252842 9.98918E-05 0.430165 9.98918E-05 9.98918E-05 0.0795294
9.98919E-05 9.98919E-05 0.0807552 9.98919E-05 9.98919E-05 9.98919E-05 9.98919E-05 0.425421 9.98919E-05 0.221328 0.0932908 9.98919E-05 9.98919E-05 0.178007 9.98919E-05 9.98919E-05 9.98919E-05
9.99279E-05 9.99279E-05 0.186449 9.99279E-05 0.00335231 0.000432102 9.99279E-05 9.99279E-05 0.331593 0.113021 0.162302 9.99279E-05 9.99279E-05 0.0965447 0.0706212 0.0348859 9.99279E-05
9.98828E-05 9.98828E-05 9.98828E-05 9.98828E-05 9.98828E-05 9.98828E-05 9.98828E-05 9.98828E-05 0.372059 0.374939 0.228369 9.98828E-05 9.98828E-05 9.98828E-05 9.98828E-05 0.0233339 9.98828E-05
9.99099E-05 9.99099E-05 0.0400385 0.0255711 9.99099E-05 9.99099E-05 9.99099E-05 9.99099E-05 0.0775267 0.305045 0.414545 9.99099E-05 9.99099E-05 0.0562744 9.99099E-05 9.99099E-05 0.0799999
9.98918E-05 9.98918E-05 9.98918E-05 9.98918E-05 0.00759128 9.98918E-05 0.152673 0.0729966 0.260109 0.505431 9.98918E-05 9.98918E-05 9.98918E-05 9.98918E-05 9.98918E-05 9.98918E-05 9.98918E-05
9.99008E-05 9.99008E-05 0.050994 9.99008E-05 9.99008E-05 9.99008E-05 9.99008E-05 9.99008E-05 0.586673 0.0791125 0.0224827 0.254497 9.99008E-05 0.00514177 9.99008E-05 9.99008E-05 9.99008E-05
9.98919E-05 9.98919E-05 9.98919E-05 9.98919E-05 0.011605 0.0839071 9.98919E-05 9.98919E-05 0.820149 9.98919E-05 9.98919E-05 9.98919E-05 9.98919E-05 0.0750427 9.98919E-05 9.98919E-05 0.00809748
9.98917E-05 0.111146 0.200001 9.98917E-05 0.0197726 9.98917E-05 0.0818893 9.98917E-05 9.98917E-05 9.98917E-05 9.98917E-05 9.98917E-05 9.98917E-05 9.98917E-05 9.98917E-05 9.98917E-05 0.585992
9.98737E-05 9.98737E-05 9.98737E-05 9.98737E-05 9.98737E-05 9.98737E-05 0.207462 9.98737E-05 9.98737E-05 0.472186 9.98737E-05 9.98737E-05 9.98737E-05 9.98737E-05 9.98737E-05 9.98737E-05 0.318954
0.126486 9.98828E-05 0.145804 9.98828E-05 9.98828E-05 9.98828E-05 9.98828E-05 9.98828E-05 9.98828E-05 9.98828E-05 9.98828E-05 9.98828E-05 9.98828E-05 0.0759565 9.98828E-05 9.98828E-05 0.650455
9.98737E-05 9.98737E-05 9.98737E-05 9.98737E-05 9.98737E-05 9.98737E-05 0.201281 9.98737E-05 9.98737E-05 0.31845 9.98737E-05 9.98737E-05 9.98737E-05 9.98737E-05 9.98737E-05 9.98737E-05 0.478871
9.98737E-05 9.98737E-05 9.98737E-05 9.98737E-05 9.98737E-05 9.98737E-05 0.166231 9.98737E-05 9.98737E-05 0.15357 9.98737E-05 9.98737E-05 9.98737E-05 9.98737E-05 9.98737E-05 9.98737E-05 0.6788
0.0974335 9.98918E-05 9.98918E-05 9.98918E-05 9.98918E-05 0.038712 9.98918E-05 9.98918E-05 0.0501697 9.98918E-05 9.98918E-05 9.98918E-05 9.98918E-05 9.98918E-05 0.00621857 9.98918E-05 0.806267
9.99098E-05 0.0964057 9.99098E-05 9.99098E-05 9.99098E-05 9.99098E-05 0.000349642 9.99098E-05 0.176306 0.287685 9.99098E-05 9.99098E-05 0.00582649 9.99098E-05 9.99098E-05 0.0883143 0.344114
9.98828E-05 0.0373954 9.98828E-05 9.98828E-05 9.98828E-05 9.98828E-05 9.98828E-05 9.98828E-05 9.98828E-05 0.144885 9.98828E-05 0.024071 9.98828E-05 9.98828E-05 9.98828E-05 9.98828E-05 0.792351
9.98829E-05 9.98829E-05 9.98829E-05 9.98829E-05 9.98829E-05 9.98829E-05 9.98829E-05 0.372415 9.98829E-05 0.0250465 9.98829E-05 9.98829E-05 0.596207 0.00503329 9.98829E-05 9.98829E-05 9.98829E-05
9.99009E-05 9.99009E-05 9.99009E-05 9.99009E-05 9.99009E-05 9.99009E-05 0.0389411 0.125796 9.99009E-05 0.119378 0.0666128 0.178283 0.469889 9.99009E-05 9.99009E-05 9.99009E-05 9.99009E-05
9.98919E-05 9.98919E-05 9.98919E-05 9.98919E-05 9.98919E-05 9.98919E-05 9.98919E-05 9.98919E-05 9.98919E-05 0.0171873 0.274105 0.0149064 0.672825 9.98919E-05 0.0197772 9.98919E-05 9.98919E-05
0.382976 9.98829E-05 9.98829E-05 9.98829E-05 9.98829E-05 9.98829E-05 9.98829E-05 9.98829E-05 9.98829E-05 9.98829E-05 9.98829E-05 9.98829E-05 0.576732 9.98829E-05 0.0270179 9.98829E-05 0.0119754
9.98738E-05 9.98738E-05 9.98738E-05 9.98738E-05 0.031149 9.98738E-05 9.98738E-05 0.313046 9.98738E-05 9.98738E-05 9.98738E-05 9.98738E-05 0.654407 9.98738E-05 9.98738E-05 9.98738E-05 9.98738E-05
0.0732312 0.418745 9.99098E-05 9.99098E-05 9.99098E-05 9.99098E-05 9.99098E-05 9.99098E-05 0.0182388 9.99098E-05 9.99098E-05 9.99098E-05 0.209438 9.99098E-05 0.0374051 0.172104 0.06984
9.98828E-05 0.0834085 9.98828E-05 9.98828E-05 9.98828E-05 0.00442403 0.393977 9.98828E-05 9.98828E-05 9.98828E-05 9.98828E-05 9.98828E-05 0.516892 9.98828E-05 9.98828E-05 9.98828E-05 9.98828E-05
9.98828E-05 9.98828E-05 9.98828E-05 9.98828E-05 9.98828E-05 9.98828E-05 9.98828E-05 0.276075 9.98828E-05 0.0156532 9.98828E-05 0.0154727 0.6915 9.98828E-05 9.98828E-05 9.98828E-05 9.98828E-05
9.99099E-05 0.0252192 0.00994165 9.99099E-05 9.99099E-05 9.99099E-05 0.0155925 9.99099E-05 9.99099E-05 9.99099E-05 9.99099E-05 0.324657 0.575908 0.0452033 9.99099E-05 9.99099E-05 0.00247847
9.99099E-05 9.99099E-05 0.00809119 0.203232 9.99099E-05 0.0473828 9.99099E-05 9.99099E-05 0.123786 9.99099E-05 0.102933 0.0235007 0.490075 9.99099E-05 9.99099E-05 9.99099E-05 9.99099E-05
9.9883E-05 9.9883E-05 9.9883E-05 9.9883E-05 0.0875032 9.9883E-05 9.9883E-05 0.581082 9.9883E-05 0.068449 9.9883E-05 9.9883E-05 0.261668 9.9883E-05 9.9883E-05 9.9883E-05 9.9883E-05
9.99009E-05 9.99009E-05 9.99009E-05 0.413272 0.0587786 0.0406769 0.00039313 9.99009E-05 0.0216378 9.99009E-05 9.99009E-05 9.99009E-05 0.464142 9.99009E-05 9.99009E-05 9.99009E-05 9.99009E-05
9.98919E-05 0.0391219 9.98919E-05 9.98919E-05 9.98919E-05 9.98919E-05 9.98919E-05 0.163078 9.98919E-05 0.0218785 9.98919E-05 0.0267298 0.747993 9.98919E-05 9.98919E-05 9.98919E-05 9.98919E-05
9.99188E-05 0.141157 9.99188E-05 0.0873585 9.99188E-05 9.99188E-05 9.99188E-05 9.99188E-05 0.0236424 9.99188E-05 9.99188E-05 0.186773 0.473861 0.00484072 9.99188E-05 0.0592425 0.0222253
9.99009E-05 9.99009E-05 0.0299821 9.99009E-05 0.00173036 9.99009E-05 9.99009E-05 0.0337574 9.99009E-05 9.99009E-05 0.0651995 0.416299 0.451933 9.99009E-05 9.99009E-05 9.99009E-05 9.99009E-05
9.98919E-05 0.485398 0.0491183 9.98919E-05 9.98919E-05 9.98919E-05 0.0637666 0.0558911 9.98919E-05 9.98919E-05 9.98919E-05 9.98919E-05 0.344627 9.98919E-05 9.98919E-05 9.98919E-05 9.98919E-05
0.0338308 9.99098E-05 9.99098E-05 0.0041523 9.99098E-05 0.131744 9.99098E-05 9.99098E-05 0.0977925 9.99098E-05 9.99098E-05 9.99098E-05 0.465679 9.99098E-05 9.99098E-05 0.25725 0.00855277
9.98827E-05 9.98827E-05 9.98827E-05 9.98827E-05 9.98827E-05 0.0128067 9.98827E-05 9.98827E-05 9.98827E-05 9.98827E-05 0.253933 9.98827E-05 0.305104 9.98827E-05 0.426857 9.98827E-05 9.98827E-05
9.98919E-05 9.98919E-05 0.0397504 9.98919E-05 9.98919E-05 9.98919E-05 0.0161256 9.98919E-05 9.98919E-05 0.113097 9.98919E-05 0.437572 0.392257 9.98919E-05 9.98919E-05 9.98919E-05 9.98919E-05
9.98918E-05 0.134379 9.98918E-05 9.98918E-05 9.98918E-05 9.98918E-05 0.0354632 0.0531622 9.98918E-05 0.0194699 9.98918E-05 9.98918E-05 0.756327 9.98918E-05 9.98918E-05 9.98918E-05 9.98918E-05
0.043359 9.99099E-05 0.01609 0.049575 9.99099E-05 9.99099E-05 9.99099E-05 9.99099E-05 0.00730536 9.99099E-05 0.0544599 0.319314 0.508898 9.99099E-05 9.99099E-05 9.99099E-05 9.99099E-05
9.98737E-05 9.98737E-05 9.98737E-05 9.98737E-05 9.98737E-05 0.00687141 9.98737E-05 9.98737E-05 9.98737E-05 9.98737E-05 0.515215 9.98737E-05 0.476516 9.98737E-05 9.98737E-05 9.98737E-05 9.98737E-05
0.251457 0.152729 0.0116323 0.0988197 9.9919E-05 9.9919E-05 9.9919E-05 9.9919E-05 0.0984321 9.9919E-05 0.034913 0.109317 9.9919E-05 9.9919E-05 9.9919E-05 0.241801 9.9919E-05
9.98918E-05 0.086689 9.98918E-05 9.98918E-05 0.697382 9.98918E-05 0.183078 9.98918E-05 9.98918E-05 9.98918E-05 9.98918E-05 9.98918E-05 0.0288465 9.98918E-05 9.98918E-05 9.98918E-05 0.00280568
9.99189E-05 0.133532 9.99189E-05 9.99189E-05 9.99189E-05 0.00167345 9.99189E-05 0.0396317 9.99189E-05 9.99189E-05 0.0342522 9.99189E-05 0.00680612 9.99189E-05 0.514137 0.261792 0.00727592
9.99099E-05 0.69489 0.0377935 9.99099E-05 0.0010317 9.99099E-05 9.99099E-05 0.133949 9.99099E-05 0.00585783 9.99099E-05 0.0892998 9.99099E-05 9.99099E-05 9.99099E-05 0.0361789 9.99099E-05
9.98827E-05 9.98827E-05 9.98827E-05 9.98827E-05 0.476936 9.98827E-05 0.0587444 0.454866 9.98827E-05 0.00815547 9.98827E-05 9.98827E-05 9.98827E-05 9.98827E-05 9.98827E-05 9.98827E-05 9.98827E-05
9.98918E-05 0.0898537 9.98918E-05 0.278703 9.98918E-05 0.152128 9.98918E-05 9.98918E-05 9.98918E-05 9.98918E-05 9.98918E-05 9.98918E-05 9.98918E-05 9.98918E-05 0.0500649 0.428052 9.98918E-05
9.98918E-05 9.98918E-05 0.00953994 0.190094 0.701181 9.98918E-05 9.98918E-05 9.98918E-05 9.98918E-05 9.98918E-05 0.0618163 9.98918E-05 9.98918E-05 9.98918E-05 9.98918E-05 0.0361707 9.98918E-05
9.99098E-05 0.245185 9.99098E-05 9.99098E-05 9.99098E-05 9.99098E-05 0.106358 9.99098E-05 9.99098E-05 0.00876838 9.99098E-05 0.155037 9.99098E-05 0.0301596 9.99098E-05 0.426509 0.0269843
9.98737E-05 9.98737E-05 9.98737E-05 9.98737E-05 0.708895 9.98737E-05 9.98737E-05 9.98737E-05 9.98737E-05 9.98737E-05 0.275037 9.98737E-05 9.98737E-05 9.98737E-05 9.98737E-05 0.0146696 9.98737E-05
9.98918E-05 0.0246584 9.98918E-05 9.98918E-05 0.149528 9.98918E-05 0.368999 0.200688 9.98918E-05 9.98918E-05 9.98918E-05 9.98918E-05 9.98918E-05 9.98918E-05 9.98918E-05 0.254928 9.98918E-05
0.0426121 9.99008E-05 9.99008E-05 0.202751 0.047883 9.99008E-05 9.99008E-05 9.99008E-05 0.0485832 9.99008E-05 9.99008E-05 0.121269 9.99008E-05 9.99008E-05 9.99008E-05 0.535802 9.99008E-05
9.98738E-05 9.98738E-05 9.98738E-05 9.98738E-05 0.552229 9.98738E-05 9.98738E-05 9.98738E-05 9.98738E-05 9.98738E-05 0.170501 9.98738E-05 9.98738E-05 9.98738E-05 0.275872 9.98738E-05 9.98738E-05
9.98738E-05 9.98738E-05 9.98738E-05 9.98738E-05 0.403734 9.98738E-05 0.203178 0.39169 9.98738E-05 9.98738E-05 9.98738E-05 9.98738E-05 9.98738E-05 9.98738E-05 9.98738E-05 9.98738E-05 9.98738E-05
0.165921 0.0394046 9.99009E-05 0.200787 9.99009E-05 0.306916 9.99009E-05 9.99009E-05 9.99009E-05 9.99009E-05 9.99009E-05 9.99009E-05 9.99009E-05 9.99009E-05 0.0225198 0.263352 9.99009E-05
9.98918E-05 9.98918E-05 9.98918E-05 9.98918E-05 0.455478 0.154854 9.98918E-05 9.98918E-05 0.0284341 9.98918E-05 9.98918E-05 9.98918E-05 9.98918E-05 9.98918E-05 0.00805455 0.351981 9.98918E-05
9.99008E-05 0.223829 9.99008E-05 0.0876674 9.99008E-05 0.205135 9.99008E-05 9.99008E-05 9.99008E-05 9.99008E-05 0.144115 9.99008E-05 9.99008E-05 9.99008E-05 0.0269666 0.311189 9.99008E-05
9.98738E-05 9.98738E-05 9.98738E-05 9.98738E-05 0.48386 9.98738E-05 0.0231433 0.491599 9.98738E-05 9.98738E-05 9.98738E-05 9.98738E-05 9.98738E-05 9.98738E-05 9.98738E-05 9.98738E-05 9.98738E-05
9.98738E-05 9.98738E-05 9.98738E-05 9.98738E-05 0.130219 9.98738E-05 9.98738E-05 9.98738E-05 9.98738E-05 9.98738E-05 9.98738E-05 9.98738E-05 9.98738E-05 9.98738E-05 0.0206432 0.847739 9.98738E-05
0.290839 0.0194019 9.99101E-05 0.267501 9.99101E-05 0.00522452 9.99101E-05 9.99101E-05 0.00974675 9.99101E-05 9.99101E-05 0.137455 0.00286475 9.99101E-05 9.99101E-05 0.266069 9.99101E-05
0.0393561 0.659634 0.00809078 9.99098E-05 0.102319 9.99098E-05 9.99098E-05 9.99098E-05 9.99098E-05 9.99098E-05 9.99098E-05 0.0283227 9.99098E-05 9.99098E-05 9.99098E-05 0.0706637 0.0906139
0.03585 0.251319 0.0445189 9.99281E-05 9.99281E-05 9.99281E-05 9.99281E-05 0.0309544 0.0478112 9.99281E-05 0.253097 9.99281E-05 0.0694047 9.99281E-05 0.26118 9.99281E-05 0.0050652
9.99099E-05 0.0849195 0.0678567 9.99099E-05 9.99099E-05 9.99099E-05 9.99099E-05 0.0957257 9.99099E-05 9.99099E-05 0.0506932 9.99099E-05 9.99099E-05 9.99099E-05 0.0883283 0.605786 0.00569158
9.98827E-05 0.113853 9.98827E-05 9.98827E-05 0.462884 9.98827E-05 0.0308166 0.391148 9.98827E-05 9.98827E-05 9.98827E-05 9.98827E-05 9.98827E-05 9.98827E-05 9.98827E-05 9.98827E-05 9.98827E-05
0.0742324 0.225135 0.0397614 0.130898 0.0919485 9.99279E-05 0.0389311 9.99279E-05 9.99279E-05 0.0431204 9.99279E-05 9.99279E-05 9.99279E-05 0.0675843 9.99279E-05 0.287589 9.99279E-05
0.0446619 0.181486 9.98917E-05 9.98917E-05 0.576897 9.98917E-05 9.98917E-05 9.98917E-05 9.98917E-05 9.98917E-05 9.98917E-05 0.109342 9.98917E-05 9.98917E-05 9.98917E-05 9.98917E-05 0.0864149
9.99189E-05 0.251156 0.0208132 9.99189E-05 0.0657015 9.99189E-05 9.99189E-05 0.228925 9.99189E-05 0.0618194 9.99189E-05 0.153121 0.166996 0.0505682 9.99189E-05 9.99189E-05 9.99189E-05
0.116071 0.0418228 0.00796127 0.0796603 0.119915 9.99278E-05 9.99278E-05 9.99278E-05 9.99278E-05 9.99278E-05 0.189482 9.99278E-05 0.0691948 0.0779531 9.99278E-05 0.297141 9.99278E-05
0.0235885 9.9901E-05 9.9901E-05 9.9901E-05 0.0803666 9.9901E-05 9.9901E-05 9.9901E-05 0.0646701 9.9901E-05 0.134909 0.680628 0.0147397 9.9901E-05 9.9901E-05 9.9901E-05 9.9901E-05
9.991E-05 9.991E-05 0.0203221 9.991E-05 9.991E-05 0.0467541 0.139641 0.726823 0.00216065 9.991E-05 9.991E-05 9.991E-05 9.991E-05 0.0391365 9.991E-05 0.0241632 9.991E-05
9.99188E-05 0.209999 9.99188E-05 9.99188E-05 0.194735 0.0042236 0.104665 0.0224796 9.99188E-05 9.99188E-05 9.99188E-05 0.311089 0.0649061 0.0870034 9.99188E-05 9.99188E-05 9.99188E-05
0.00964182 0.420943 0.0290029 0.0381243 0.0679916 9.99369E-05 0.0173458 0.220212 9.99369E-05 0.0589744 9.99369E-05 0.0161306 0.120934 9.99369E-05 9.99369E-05 9.99369E-05 9.99369E-05
9.99189E-05 9.99189E-05 0.0183558 0.488792 0.121499 9.99189E-05 9.99189E-05 0.118041 0.00938139 9.99189E-05 0.0830057 0.156609 9.99189E-05 9.99189E-05 9.99189E-05 9.99189E-05 0.0034167
9.98738E-05 0.464806 9.98738E-05 9.98738E-05 0.00624881 9.98738E-05 9.98738E-05 0.527547 9.98738E-05 9.98738E-05 9.98738E-05 9.98738E-05 9.98738E-05 9.98738E-05 9.98738E-05 9.98738E-05 9.98738E-05
9.99007E-05 0.120628 9.99007E-05 0.138084 9.99007E-05 0.157453 9.99007E-05 9.99007E-05 9.99007E-05 9.99007E-05 0.136495 9.99007E-05 9.99007E-05 9.99007E-05 0.119607 0.326634 9.99007E-05
9.98828E-05 0.440839 9.98828E-05 9.98828E-05 0.0503815 9.98828E-05 9.98828E-05 0.442769 9.98828E-05 9.98828E-05 9.98828E-05 0.0647124 9.98828E-05 9.98828E-05 9.98828E-05 9.98828E-05 9.98828E-05
0.0312044 9.99099E-05 9.99099E-05 9.99099E-05 0.296239 9.99099E-05 9.99099E-05 0.121965 9.99099E-05 9.99099E-05 0.333828 0.00589472 9.99099E-05 9.99099E-05 0.178801 0.0310704 9.99099E-05
9.99098E-05 9.99098E-05 9.99098E-05 9.99098E-05 0.0781243 0.120716 0.0599979 9.99098E-05 9.99098E-05 9.99098E-05 0.301977 0.0973537 9.99098E-05 9.99098E-05 0.214363 0.12647 9.99098E-05
0.00269557 0.0729503 9.9928E-05 9.9928E-05 0.0660089 9.9928E-05 9.9928E-05 9.9928E-05 0.0316189 0.0533114 9.9928E-05 0.617169 0.0225683 0.0184949 9.9928E-05 0.114383 9.9928E-05
9.99188E-05 0.290461 9.99188E-05 9.99188E-05 9.99188E-05 0.0130155 0.0591764 9.99188E-05 0.0120356 9.99188E-05 9.99188E-05 0.33283 0.0568089 0.0129497 9.99188E-05 0.221823 9.99188E-05
9.99099E-05 0.0535986 0.00166291 9.99099E-05 0.0402973 0.103455 9.99099E-05 0.00943302 9.99099E-05 9.99099E-05 9.99099E-05 0.788551 9.99099E-05 0.00200257 9.99099E-05 9.99099E-05 9.99099E-05
9.99188E-05 0.309761 9.99188E-05 0.00744992 0.0116343 9.99188E-05 9.99188E-05 0.0130698 9.99188E-05 9.99188E-05 0.555437 9.99188E-05 0.0281666 9.99188E-05 0.0552302 0.0183526 9.99188E-05
9.99009E-05 0.0609219 9.99009E-05 9.99009E-05 9.99009E-05 0.061201 0.0916371 0.69097 9.99009E-05 9.99009E-05 9.99009E-05 0.0865489 0.00762208 9.99009E-05 9.99009E-05 9.99009E-05 9.99009E-05
9.98919E-05 9.98919E-05 9.98919E-05 9.98919E-05 0.271261 9.98919E-05 0.0185336 0.66293 9.98919E-05 9.98919E-05 9.98919E-05 0.0274579 0.0186187 9.98919E-05 9.98919E-05 9.98919E-05 9.98919E-05
0.0244546 0.346605 9.99099E-05 9.99099E-05 0.168381 9.99099E-05 0.30304 9.99099E-05 9.99099E-05 0.0328331 9.99099E-05 0.0755241 9.99099E-05 0.0481632 9.99099E-05 9.99099E-05 9.99099E-05
0.00518187 0.0597309 9.99009E-05 9.99009E-05 0.132851 9.99009E-05 9.99009E-05 0.542788 9.99009E-05 0.0922774 9.99009E-05 0.166072 9.99009E-05 9.99009E-05 9.99009E-05 9.99009E-05 9.99009E-05
9.9892E-05 9.9892E-05 9.9892E-05 0.0100238 9.9892E-05 0.135858 0.00464574 0.828278 9.9892E-05 9.9892E-05 0.0199959 9.9892E-05 9.9892E-05 9.9892E-05 9.9892E-05 9.9892E-05 9.9892E-05
0.0482018 0.0634663 9.99188E-05 9.99188E-05 0.284179 9.99188E-05 0.369796 9.99188E-05 9.99188E-05 0.118317 9.99188E-05 0.0969208 0.00921646 9.99188E-05 9.99188E-05 9.99188E-05 0.00900353
9.99188E-05 0.656821 9.99188E-05 0.0222472 0.0692445 9.99188E-05 0.0113751 0.179913 0.00414031 9.99188E-05 9.99188E-05 9.99188E-05 9.99188E-05 9.99188E-05 9.99188E-05 0.0184882 0.0368717
0.55371 9.9901E-05 0.0265945 9.9901E-05 9.9901E-05 0.3115 9.9901E-05 0.0130257 9.9901E-05 9.9901E-05 9.9901E-05 9.9901E-05 9.9901E-05 9.9901E-05 0.0920197 9.9901E-05 0.00205086
9.99098E-05 0.0968575 0.0182281 9.99098E-05 9.99098E-05 0.814732 9.99098E-05 9.99098E-05 9.99098E-05 9.99098E-05 9.99098E-05 9.99098E-05 0.0295146 0.00596518 0.0270516 0.00665163 9.99098E-05
0.138245 0.499296 9.99008E-05 9.99008E-05 9.99008E-05 0.0838876 0.181818 9.99008E-05 9.99008E-05 9.99008E-05 9.99008E-05 9.99008E-05 9.99008E-05 0.0607448 9.99008E-05 9.99008E-05 0.0349099
9.98737E-05 0.13985 9.98737E-05 0.194275 9.98737E-05 0.664477 9.98737E-05 9.98737E-05 9.98737E-05 9.98737E-05 9.98737E-05 9.98737E-05 9.98737E-05 9.98737E-05 9.98737E-05 9.98737E-05 9.98737E-05
0.052486 9.98739E-05 9.98739E-05 9.98739E-05 9.98739E-05 0.888195 9.98739E-05 9.98739E-05 9.98739E-05 9.98739E-05 9.98739E-05 9.98739E-05 0.0579205 9.98739E-05 9.98739E-05 9.98739E-05 9.98739E-05
9.99008E-05 0.0101657 0.0442575 9.99008E-05 9.99008E-05 0.423291 0.0579659 9.99008E-05 9.99008E-05 9.99008E-05 0.0887758 9.99008E-05 9.99008E-05 9.99008E-05 0.374446 9.99008E-05 9.99008E-05
9.98919E-05 0.0489774 9.98919E-05 9.98919E-05 9.98919E-05 0.71882 9.98919E-05 9.98919E-05 9.98919E-05 9.98919E-05 9.98919E-05 9.98919E-05 0.0656781 9.98919E-05 0.118319 0.0470071 9.98919E-05
9.9901E-05 0.334281 0.0207411 9.9901E-05 9.9901E-05 0.205963 0.431347 9.9901E-05 9.9901E-05 9.9901E-05 9.9901E-05 9.9901E-05 9.9901E-05 0.00457638 9.9901E-05 9.9901E-05 0.00199269
9.9883E-05 0.0526162 9.9883E-05 9.9883E-05 0.184485 9.9883E-05 0.420358 0.341243 9.9883E-05 9.9883E-05 9.9883E-05 9.9883E-05 9.9883E-05 9.9883E-05 9.9883E-05 9.9883E-05 9.9883E-05
0.496767 0.206779 9.99008E-05 9.99008E-05 9.99008E-05 9.99008E-05 9.99008E-05 9.99008E-05 9.99008E-05 9.99008E-05 9.99008E-05 9.99008E-05 0.0344376 0.0886925 9.99008E-05 0.146595 0.0256296
9.98919E-05 0.0380142 9.98919E-05 9.98919E-05 9.98919E-05 0.134859 0.699134 9.98919E-05 9.98919E-05 9.98919E-05 9.98919E-05 9.98919E-05 0.125797 9.98919E-05 9.98919E-05 9.98919E-05 0.000996649
9.9901E-05 0.419129 9.9901E-05 9.9901E-05 9.9901E-05 0.0818945 0.201848 9.9901E-05 9.9901E-05 9.9901E-05 9.9901E-05 9.9901E-05 0.0300003 0.156445 9.9901E-05 9.9901E-05 0.109585
0.119198 0.491871 9.99008E-05 0.00354237 9.99008E-05 0.198147 9.99008E-05 9.99008E-05 9.99008E-05 9.99008E-05 9.99008E-05 9.99008E-05 0.0701096 9.99008E-05 9.99008E-05 9.99008E-05 0.116034
9.99009E-05 0.454456 9.99009E-05 9.99009E-05 0.106431 9.99009E-05 0.344521 0.0413825 9.99009E-05 0.0147582 9.99009E-05 9.99009E-05 0.0373521 9.99009E-05 9.99009E-05 9.99009E-05 9.99009E-05
0.292983 0.286119 9.99009E-05 9.99009E-05 9.99009E-05 9.99009E-05 0.266597 0.0196508 9.99009E-05 0.0387943 9.99009E-05 9.99009E-05 0.0947576 9.99009E-05 9.99009E-05 9.99009E-05 9.99009E-05
0.165875 0.0273635 0.0768008 9.99279E-05 0.134884 0.0672348 9.99279E-05 9.99279E-05 9.99279E-05 0.0778202 9.99279E-05 0.0641039 9.99279E-05 0.0291758 9.99279E-05 0.355943 9.99279E-05
0.110814 0.351985 0.00154405 0.119348 9.99098E-05 9.99098E-05 0.306309 9.99098E-05 0.0395672 9.99098E-05 9.99098E-05 9.99098E-05 9.99098E-05 9.99098E-05 9.99098E-05 9.99098E-05 0.0694336
0.392068 0.160747 9.99008E-05 9.99008E-05 9.99008E-05 9.99008E-05 0.300494 9.99008E-05 9.99008E-05 9.99008E-05 9.99008E-05 0.00468964 0.120624 0.0202793 9.99008E-05 9.99008E-05 9.99008E-05
0.229796 0.0649621 9.98918E-05 0.443055 9.98918E-05 0.129992 9.98918E-05 9.98918E-05 9.98918E-05 9.98918E-05 9.98918E-05 9.98918E-05 9.98918E-05 9.98918E-05 9.98918E-05 0.130996 9.98918E-05
0.424324 0.266519 9.9928E-05 0.0186711 9.9928E-05 0.0563217 9.9928E-05 9.9928E-05 9.9928E-05 9.9928E-05 0.0153802 0.109017 9.9928E-05 0.00640086 9.9928E-05 0.0796811 0.0228858
0.0141311 0.0452269 9.991E-05 0.0681774 9.991E-05 9.991E-05 0.768817 0.00180938 9.991E-05 9.991E-05 9.991E-05 0.0793893 9.991E-05 9.991E-05 0.0214499 9.991E-05 9.991E-05
0.00498777 0.617925 9.99099E-05 9.99099E-05 9.99099E-05 9.99099E-05 0.158182 9.99099E-05 0.00069369 9.99099E-05 9.99099E-05 9.99099E-05 0.086923 9.99099E-05 9.99099E-05 0.0862237 0.0440657
9.98829E-05 0.144443 9.98829E-05 9.98829E-05 0.125945 9.98829E-05 0.503415 0.224899 9.98829E-05 9.98829E-05 9.98829E-05 9.98829E-05 9.98829E-05 9.98829E-05 9.98829E-05 9.98829E-05 9.98829E-05
0.199178 0.123236 9.98828E-05 9.98828E-05 9.98828E-05 0.300692 9.98828E-05 9.98828E-05 9.98828E-05 9.98828E-05 9.98828E-05 9.98828E-05 9.98828E-05 9.98828E-05 9.98828E-05 0.375595 9.98828E-05
0.317841 0.49113 0.00174971 0.00654182 9.99279E-05 9.99279E-05 9.99279E-05 9.99279E-05 0.0206955 9.99279E-05 9.99279E-05 0.0355249 9.99279E-05 0.0347352 9.99279E-05 0.0321697 0.0588127
9.99008E-05 0.206044 9.99008E-05 9.99008E-05 0.104133 9.99008E-05 0.563915 0.0786076 9.99008E-05 0.0198313 9.99008E-05 9.99008E-05 0.0263696 9.99008E-05 9.99008E-05 9.99008E-05 9.99008E-05
0.132324 9.9919E-05 9.9919E-05 9.9919E-05 0.188227 0.274628 9.9919E-05 9.9919E-05 0.0574608 9.9919E-05 9.9919E-05 0.0388358 0.0327322 9.9919E-05 0.0727898 0.202102 9.9919E-05
0.129555 9.98739E-05 9.98739E-05 0.478789 0.390258 9.98739E-05 9.98739E-05 9.98739E-05 9.98739E-05 9.98739E-05 9.98739E-05 9.98739E-05 9.98739E-05 9.98739E-05 9.98739E-05 9.98739E-05 9.98739E-05
9.99279E-05 0.354941 0.0428873 9.99279E-05 0.0234452 9.99279E-05 0.038093 0.312744 9.99279E-05 0.0980375 9.99279E-05 9.99279E-05 0.0501265 0.0227513 9.99279E-05 9.99279E-05 0.0561749
9.99098E-05 0.015496 9.99098E-05 9.99098E-05 0.527584 9.99098E-05 9.99098E-05 0.0984555 9.99098E-05 0.020964 9.99098E-05 0.270656 0.0615823 0.00426229 9.99098E-05 9.99098E-05 9.99098E-05
0.00174791 9.991E-05 0.0303702 0.336244 0.176645 0.356045 0.00712937 9.991E-05 9.991E-05 9.991E-05 9.991E-05 9.991E-05 9.991E-05 9.991E-05 9.991E-05 9.991E-05 0.0908189
0.0275121 9.99009E-05 9.99009E-05 9.99009E-05 0.377433 0.477697 9.99009E-05 9.99009E-05 9.99009E-05 9.99009E-05 9.99009E-05 9.99009E-05 9.99009E-05 9.99009E-05 0.0716357 0.0354238 0.00919925
0.0798585 9.99189E-05 9.99189E-05 0.0350579 0.216035 0.329961 9.99189E-05 9.99189E-05 0.0106925 9.99189E-05 9.99189E-05 9.99189E-05 9.99189E-05 0.10964 0.0525419 0.165313 9.99189E-05
9.9892E-05 9.9892E-05 0.0156493 9.9892E-05 0.242666 9.9892E-05 0.00890979 0.720039 9.9892E-05 9.9892E-05 9.9892E-05 0.0115377 9.9892E-05 9.9892E-05 9.9892E-05 9.9892E-05 9.9892E-05
9.9892E-05 0.510097 9.9892E-05 9.9892E-05 0.379708 9.9892E-05 0.0364474 9.9892E-05 9.9892E-05 0.0456935 9.9892E-05 9.9892E-05 9.9892E-05 9.9892E-05 9.9892E-05 9.9892E-05 0.026855
0.137641 9.99188E-05 9.99188E-05 0.126382 0.0818107 0.00388332 9.99188E-05 9.99188E-05 0.0159036 9.99188E-05 9.99188E-05 0.39941 0.211484 0.0225862 9.99188E-05 9.99188E-05 9.99188E-05
0.00373926 9.99008E-05 9.99008E-05 0.151741 0.288551 0.366943 9.99008E-05 9.99008E-05 9.99008E-05 9.99008E-05 9.99008E-05 9.99008E-05 0.0394982 9.99008E-05 9.99008E-05 0.148428 9.99008E-05
9.99099E-05 0.043924 9.99099E-05 9.99099E-05 0.165319 9.99099E-05 0.0712536 0.454277 9.99099E-05 0.0458009 9.99099E-05 0.193939 0.0244868 9.99099E-05 9.99099E-05 9.99099E-05 9.99099E-05
0.00628447 0.619491 0.059279 9.9919E-05 0.169003 0.0934605 9.9919E-05 9.9919E-05 9.9919E-05 0.00559313 9.9919E-05 0.0373378 9.9919E-05 9.9919E-05 9.9919E-05 9.9919E-05 0.00865203
9.99098E-05 0.37385 9.99098E-05 9.99098E-05 0.251538 0.154429 0.12752 9.99098E-05 9.99098E-05 0.0168743 9.99098E-05 0.0423269 9.99098E-05 9.99098E-05 9.99098E-05 9.99098E-05 0.0324626
0.0231193 9.99008E-05 9.99008E-05 9.99008E-05 0.181383 9.99008E-05 9.99008E-05 9.99008E-05 9.99008E-05 9.99008E-05 0.0364462 0.668486 0.03464 9.99008E-05 9.99008E-05 0.0548267 9.99008E-05
9.99008E-05 0.41828 9.99008E-05 9.99008E-05 9.99008E-05 9.99008E-05 0.201696 9.99008E-05 9.99008E-05 0.0393578 9.99008E-05 0.00619173 0.205905 9.99008E-05 9.99008E-05 0.127471 9.99008E-05
0.232781 0.288899 9.99278E-05 0.165317 9.99278E-05 0.127881 9.99278E-05 9.99278E-05 0.068492 9.99278E-05 9.99278E-05 0.0169567 0.0548685 9.99278E-05 9.99278E-05 0.0327923 0.0112131
0.0826278 0.313129 9.99188E-05 0.0882046 0.110769 0.0409939 9.99188E-05 9.99188E-05 9.99188E-05 9.99188E-05 9.99188E-05 0.276205 9.99188E-05 0.0335316 9.99188E-05 0.0536405 9.99188E-05
9.99011E-05 9.99011E-05 0.0430987 0.104847 0.201774 0.30922 9.99011E-05 9.99011E-05 0.000119936 9.99011E-05 9.99011E-05 9.99011E-05 9.99011E-05 9.99011E-05 9.99011E-05 0.339842 9.99011E-05
0.0484759 0.0771142 9.99097E-05 9.99097E-05 0.358459 9.99097E-05 0.295348 9.99097E-05 9.99097E-05 0.148064 9.99097E-05 0.0713559 9.99097E-05 0.000183602 9.99097E-05 9.99097E-05 9.99097E-05
0.220668 9.99098E-05 9.99098E-05 0.0472102 0.155641 0.232711 9.99098E-05 9.99098E-05 9.99098E-05 9.99098E-05 9.99098E-05 0.103774 9.99098E-05 9.99098E-05 9.99098E-05 0.227183 0.0118125
