9.99279E-05 9.99279E-05 0.365216 0.263987 0.0315611 0.113006 9.99279E-05 9.99279E-05 9.99279E-05 0.0826463 0.142784 9.99279E-05 9.99279E-05 9.99279E-05
9.993E-05 0.01885 0.539549 0.224166 0.0179552 0.0471974 9.993E-05 9.993E-05 0.132345 0.0192382 9.993E-05 9.993E-05 9.993E-05 9.993E-05
9.99549E-05 0.0484644 0.197099 9.99549E-05 0.0182317 0.486738 9.99549E-05 0.0102896 0.00929417 0.0122242 9.99549E-05 0.0285889 0.188571 9.99549E-05
0.15504 9.99549E-05 0.17558 0.236932 9.99549E-05 0.0122221 0.124834 9.99549E-05 0.0753763 0.00182737 0.18234 9.99549E-05 9.99549E-05 0.0353478
0.0755245 0.153771 0.0414146 0.44017 9.99549E-05 9.99549E-05 0.0568393 0.0374672 0.0419445 9.99549E-05 0.125814 0.0265549 9.99549E-05 9.99549E-05
9.99369E-05 9.99369E-05 0.281072 9.99369E-05 0.0274884 0.19876 0.160341 0.0267279 9.99369E-05 9.99369E-05 0.251445 9.99369E-05 0.0534666 9.99369E-05
9.99188E-05 9.99188E-05 0.274897 9.99188E-05 9.99188E-05 0.497015 9.99188E-05 9.99188E-05 0.00410045 9.99188E-05 9.99188E-05 9.99188E-05 0.188666 0.0344225
9.9937E-05 9.9937E-05 0.326776 0.0337911 0.167322 0.206664 0.0878898 9.9937E-05 9.9937E-05 9.9937E-05 0.0216531 9.9937E-05 0.155204 9.9937E-05
0.0564435 9.99549E-05 0.41655 0.0880309 0.036427 0.0164354 0.302105 9.99549E-05 0.0596047 0.00452226 9.99549E-05 9.99549E-05 0.0193808 9.99549E-05
9.99279E-05 9.99279E-05 9.99279E-05 0.0291262 9.99279E-05 0.0845852 0.0286062 9.99279E-05 9.99279E-05 0.0408793 9.99279E-05 0.0649509 0.751053 9.99279E-05
9.99369E-05 0.0657697 0.169822 0.0969433 9.99369E-05 0.0150969 0.252036 9.99369E-05 0.375632 9.99369E-05 0.024001 9.99369E-05 9.99369E-05 9.99369E-05
0.0419884 9.99279E-05 0.00225591 0.346798 9.99279E-05 9.99279E-05 0.361671 9.99279E-05 0.0965781 9.99279E-05 9.99279E-05 9.99279E-05 0.14991 9.99279E-05
0.145388 0.205437 0.29181 9.995E-05 9.995E-05 0.0349924 0.115397 0.0210322 0.03915 0.01833 9.995E-05 9.995E-05 9.995E-05 0.127963
9.99279E-05 9.99279E-05 0.170063 9.99279E-05 0.0539356 0.369474 0.0579692 9.99279E-05 9.99279E-05 9.99279E-05 0.0738628 9.99279E-05 0.273895 9.99279E-05
9.99188E-05 9.99188E-05 9.99188E-05 0.354482 9.99188E-05 0.0215436 0.194878 9.99188E-05 0.417562 9.99188E-05 9.99188E-05 9.99188E-05 0.010635 9.99188E-05
9.99189E-05 9.99189E-05 0.108076 9.99189E-05 9.99189E-05 0.235859 9.99189E-05 0.0634947 9.99189E-05 9.99189E-05 9.99189E-05 9.99189E-05 0.442337 0.149334
0.0297004 9.99279E-05 0.300676 9.99279E-05 9.99279E-05 0.454368 9.99279E-05 9.99279E-05 0.00609693 9.99279E-05 0.00611993 9.99279E-05 0.20224 9.99279E-05
9.99098E-05 9.99098E-05 0.338794 9.99098E-05 9.99098E-05 0.593349 9.99098E-05 9.99098E-05 0.0300441 9.99098E-05 0.0368131 9.99098E-05 9.99098E-05 9.99098E-05
0.194003 0.0622125 0.200026 0.148502 9.99279E-05 0.169576 0.224882 9.99279E-05 9.99279E-05 9.99279E-05 9.99279E-05 9.99279E-05 9.99279E-05 9.99279E-05
9.99009E-05 9.99009E-05 9.99009E-05 9.99009E-05 9.99009E-05 9.99009E-05 9.99009E-05 9.99009E-05 0.156088 0.750096 0.0927171 9.99009E-05 9.99009E-05 9.99009E-05
0.110094 9.99009E-05 9.99009E-05 9.99009E-05 9.99009E-05 9.99009E-05 9.99009E-05 9.99009E-05 9.99009E-05 0.786906 0.101901 9.99009E-05 9.99009E-05 9.99009E-05
9.98917E-05 9.98917E-05 9.98917E-05 9.98917E-05 9.98917E-05 9.98917E-05 9.98917E-05 9.98917E-05 9.98917E-05 0.803438 0.195363 9.98917E-05 9.98917E-05 9.98917E-05
0.328605 9.99098E-05 9.99098E-05 0.00337227 9.99098E-05 9.99098E-05 0.0446749 9.99098E-05 9.99098E-05 0.622349 9.99098E-05 9.99098E-05 9.99098E-05 9.99098E-05
0.00637219 9.99098E-05 9.99098E-05 9.99098E-05 9.99098E-05 9.99098E-05 0.238831 9.99098E-05 0.0742777 0.67952 9.99098E-05 9.99098E-05 9.99098E-05 9.99098E-05
9.99188E-05 9.99188E-05 9.99188E-05 9.99188E-05 0.0788388 0.134469 9.99188E-05 0.162382 9.99188E-05 0.430014 9.99188E-05 9.99188E-05 0.193397 9.99188E-05
9.99188E-05 9.99188E-05 9.99188E-05 0.121635 0.290977 9.99188E-05 0.190702 9.99188E-05 0.094113 0.301674 9.99188E-05 9.99188E-05 9.99188E-05 9.99188E-05
9.99099E-05 9.99099E-05 9.99099E-05 9.99099E-05 9.99099E-05 9.99099E-05 9.99099E-05 0.197878 9.99099E-05 0.261448 9.99099E-05 0.195548 9.99099E-05 0.344126
0.0940123 9.9937E-05 9.9937E-05 0.13726 0.237169 9.9937E-05 9.9937E-05 9.9937E-05 0.106262 0.219355 0.19814 9.9937E-05 9.9937E-05 0.00710228
9.99188E-05 0.00807176 9.99188E-05 9.99188E-05 0.000581732 9.99188E-05 9.99188E-05 9.99188E-05 9.99188E-05 0.80611 0.112492 9.99188E-05 0.0718445 9.99188E-05
0.0756674 9.99009E-05 9.99009E-05 9.99009E-05 9.99009E-05 9.99009E-05 0.101988 9.99009E-05 9.99009E-05 0.821245 9.99009E-05 9.99009E-05 9.99009E-05 9.99009E-05
0.116178 9.9946E-05 0.00556284 9.9946E-05 0.0185835 0.0517493 9.9946E-05 9.9946E-05 0.0124442 0.585883 9.9946E-05 0.107013 9.9946E-05 0.101987
9.99369E-05 0.115475 9.99369E-05 9.99369E-05 0.374999 9.99369E-05 9.99369E-05 0.220929 9.99369E-05 0.12637 0.040278 9.99369E-05 0.0940732 0.0271755
9.99188E-05 9.99188E-05 9.99188E-05 9.99188E-05 9.99188E-05 0.0506096 9.99188E-05 9.99188E-05 9.99188E-05 0.620425 9.99188E-05 0.13865 0.148026 0.0413908
9.99188E-05 9.99188E-05 0.0911022 9.99188E-05 0.0646321 0.158766 9.99188E-05 9.99188E-05 9.99188E-05 0.661735 9.99188E-05 9.99188E-05 0.0228654 9.99188E-05
0.0290013 9.99008E-05 9.99008E-05 9.99008E-05 9.99008E-05 9.99008E-05 0.182652 9.99008E-05 9.99008E-05 0.787248 9.99008E-05 9.99008E-05 9.99008E-05 9.99008E-05
9.99099E-05 9.99099E-05 9.99099E-05 0.053338 9.99099E-05 9.99099E-05 0.0613975 9.99099E-05 0.161301 0.722964 9.99099E-05 9.99099E-05 9.99099E-05 9.99099E-05
9.98919E-05 9.98919E-05 9.98919E-05 9.98919E-05 9.98919E-05 9.98919E-05 9.98919E-05 9.98919E-05 0.328275 0.670527 9.98919E-05 9.98919E-05 9.98919E-05 9.98919E-05
0.24466 9.99008E-05 9.99008E-05 0.097703 9.99008E-05 9.99008E-05 9.99008E-05 9.99008E-05 9.99008E-05 0.656538 9.99008E-05 9.99008E-05 9.99008E-05 9.99008E-05
9.99098E-05 9.99098E-05 0.10276 0.0301836 9.99098E-05 9.99098E-05 9.99098E-05 0.789032 9.99098E-05 9.99098E-05 0.0770255 9.99098E-05 9.99098E-05 9.99098E-05
9.9901E-05 0.0173936 9.9901E-05 9.9901E-05 9.9901E-05 9.9901E-05 9.9901E-05 0.668451 9.9901E-05 9.9901E-05 9.9901E-05 9.9901E-05 9.9901E-05 0.313056
9.99369E-05 9.99369E-05 9.99369E-05 9.99369E-05 0.133483 0.0122174 9.99369E-05 0.310367 9.99369E-05 0.049315 9.99369E-05 0.268015 0.0806334 0.145269
0.318845 9.99189E-05 9.99189E-05 9.99189E-05 0.0962031 9.99189E-05 9.99189E-05 0.433125 9.99189E-05 9.99189E-05 0.0498591 9.99189E-05 9.99189E-05 0.101068
9.99188E-05 9.99188E-05 0.0879866 9.99188E-05 9.99188E-05 9.99188E-05 9.99188E-05 0.545228 9.99188E-05 0.256115 0.0448792 9.99188E-05 0.0648917 9.99188E-05
9.9937E-05 0.0378323 9.9937E-05 9.9937E-05 0.0612642 0.12858 9.9937E-05 0.505769 9.9937E-05 0.0861974 9.9937E-05 0.113738 0.0659189 9.9937E-05
0.128203 9.99009E-05 9.99009E-05 0.355134 0.515564 9.99009E-05 9.99009E-05 9.99009E-05 9.99009E-05 9.99009E-05 9.99009E-05 9.99009E-05 9.99009E-05 9.99009E-05
9.99099E-05 9.99099E-05 9.99099E-05 0.270967 9.99099E-05 9.99099E-05 0.120804 0.56545 0.0417793 9.99099E-05 9.99099E-05 9.99099E-05 9.99099E-05 9.99099E-05
9.99279E-05 9.99279E-05 9.99279E-05 9.99279E-05 9.99279E-05 0.103214 9.99279E-05 0.38891 9.99279E-05 0.185001 9.99279E-05 0.111263 0.144558 0.066254
9.99098E-05 9.99098E-05 0.081921 9.99098E-05 9.99098E-05 9.99098E-05 0.0023737 0.791941 9.99098E-05 9.99098E-05 0.122765 9.99098E-05 9.99098E-05 9.99098E-05
9.98918E-05 9.98918E-05 9.98918E-05 9.98918E-05 9.98918E-05 9.98918E-05 9.98918E-05 0.265233 9.98918E-05 9.98918E-05 9.98918E-05 9.98918E-05 9.98918E-05 0.733568
0.0170551 9.9928E-05 0.0832497 0.173356 0.0707068 9.9928E-05 9.9928E-05 0.632051 0.0227821 9.9928E-05 9.9928E-05 9.9928E-05 9.9928E-05 9.9928E-05
9.98919E-05 9.98919E-05 9.98919E-05 9.98919E-05 9.98919E-05 9.98919E-05 9.98919E-05 0.660487 9.98919E-05 9.98919E-05 9.98919E-05 9.98919E-05 9.98919E-05 0.338314
0.221773 9.9928E-05 9.9928E-05 9.9928E-05 9.9928E-05 9.9928E-05 0.00752748 0.513842 9.9928E-05 0.068206 0.167825 9.9928E-05 9.9928E-05 0.020027
9.99188E-05 9.99188E-05 9.99188E-05 9.99188E-05 0.152308 9.99188E-05 0.247035 0.291213 0.245162 0.0633829 9.99188E-05 9.99188E-05 9.99188E-05 9.99188E-05
9.99189E-05 9.99189E-05 0.0912635 9.99189E-05 0.0537205 9.99189E-05 0.273871 0.416714 0.163532 9.99189E-05 9.99189E-05 9.99189E-05 9.99189E-05 9.99189E-05
0.355424 9.9937E-05 9.9937E-05 0.176258 0.135255 9.9937E-05 9.9937E-05 0.277961 0.0246506 0.0228775 9.9937E-05 0.00687448 9.9937E-05 9.9937E-05
0.367277 9.99189E-05 9.99189E-05 0.0284555 0.229783 9.99189E-05 0.0644401 9.99189E-05 9.99189E-05 0.309145 9.99189E-05 9.99189E-05 9.99189E-05 9.99189E-05
9.99458E-05 0.0552953 9.99458E-05 9.99458E-05 0.0276311 0.014188 9.99458E-05 0.735459 9.99458E-05 9.99458E-05 0.0106032 0.00307217 0.148314 0.00483741
0.0544504 9.99459E-05 9.99459E-05 9.99459E-05 0.248088 9.99459E-05 0.0198723 0.418629 0.0286277 0.0043007 0.0371954 9.99459E-05 9.99459E-05 0.188237
9.99188E-05 0.00581275 9.99188E-05 9.99188E-05 0.0900009 9.99188E-05 9.99188E-05 0.595051 9.99188E-05 9.99188E-05 9.99188E-05 9.99188E-05 0.0887453 0.21949
0.012337 9.99188E-05 9.99188E-05 0.199615 9.99188E-05 9.99188E-05 9.99188E-05 0.718183 0.0378128 9.99188E-05 0.0311524 9.99188E-05 9.99188E-05 9.99188E-05
9.99458E-05 9.99458E-05 0.056566 0.0643071 0.104063 9.99458E-05 0.0564906 0.591243 0.0527638 0.0219076 0.0520594 9.99458E-05 9.99458E-05 9.99458E-05
9.99279E-05 9.99279E-05 0.0820858 0.132261 0.0547757 9.99279E-05 0.0665895 0.605335 0.0581534 9.99279E-05 9.99279E-05 9.99279E-05 9.99279E-05 9.99279E-05
9.99279E-05 0.20703 9.99279E-05 9.99279E-05 0.35709 9.99279E-05 9.99279E-05 0.257977 9.99279E-05 9.99279E-05 9.99279E-05 0.0694582 0.0947465 0.0128995
0.3973 9.99098E-05 9.99098E-05 0.0724927 9.99098E-05 9.99098E-05 9.99098E-05 0.506348 9.99098E-05 0.0228602 9.99098E-05 9.99098E-05 9.99098E-05 9.99098E-05
9.99099E-05 9.99099E-05 9.99099E-05 9.99099E-05 0.0984768 0.339178 9.99099E-05 0.389512 9.99099E-05 9.99099E-05 9.99099E-05 0.171834 9.99099E-05 9.99099E-05
9.99278E-05 9.99278E-05 0.059224 9.99278E-05 0.325721 9.99278E-05 0.209519 0.163179 0.180683 0.0608751 9.99278E-05 9.99278E-05 9.99278E-05 9.99278E-05
0.0349863 9.99009E-05 9.99009E-05 0.36743 9.99009E-05 9.99009E-05 9.99009E-05 0.596485 9.99009E-05 9.99009E-05 9.99009E-05 9.99009E-05 9.99009E-05 9.99009E-05
9.9901E-05 9.9901E-05 9.9901E-05 0.236569 9.9901E-05 9.9901E-05 9.9901E-05 0.527936 0.234395 9.9901E-05 9.9901E-05 9.9901E-05 9.9901E-05 9.9901E-05
9.995E-05 0.0143294 9.995E-05 0.0349237 0.718638 0.0412002 0.0713287 0.0509057 0.0326308 0.0156825 0.0198609 9.995E-05 9.995E-05 9.995E-05
9.99188E-05 9.99188E-05 9.99188E-05 9.99188E-05 0.436162 9.99188E-05 9.99188E-05 0.11093 9.99188E-05 0.202472 0.23252 9.99188E-05 0.0170157 9.99188E-05
9.99188E-05 9.99188E-05 9.99188E-05 9.99188E-05 0.437773 9.99188E-05 9.99188E-05 9.99188E-05 9.99188E-05 0.106043 9.99188E-05 0.0520577 0.0287045 0.374522
9.99099E-05 9.99099E-05 9.99099E-05 9.99099E-05 9.99099E-05 0.293103 9.99099E-05 0.498273 9.99099E-05 0.00176271 9.99099E-05 0.205862 9.99099E-05 9.99099E-05
0.131845 9.99009E-05 9.99009E-05 0.227466 9.99009E-05 9.99009E-05 9.99009E-05 9.99009E-05 9.99009E-05 0.63959 9.99009E-05 9.99009E-05 9.99009E-05 9.99009E-05
9.99188E-05 0.0438244 9.99188E-05 9.99188E-05 9.99188E-05 0.0723058 9.99188E-05 0.641787 9.99188E-05 9.99188E-05 9.99188E-05 0.0992489 0.141934 9.99188E-05
9.99278E-05 9.99278E-05 9.99278E-05 0.148949 0.340548 9.99278E-05 0.0259066 0.362468 0.0771902 9.99278E-05 0.0441391 9.99278E-05 9.99278E-05 9.99278E-05
0.0412762 9.99279E-05 9.99279E-05 0.00115661 0.449981 9.99279E-05 0.325979 9.99279E-05 0.0925322 0.0882758 9.99279E-05 9.99279E-05 9.99279E-05 9.99279E-05
9.99188E-05 9.99188E-05 9.99188E-05 9.99188E-05 9.99188E-05 0.10518 9.99188E-05 9.99188E-05 9.99188E-05 0.725871 9.99188E-05 0.00770923 0.140333 0.0200069
9.99279E-05 9.99279E-05 9.99279E-05 9.99279E-05 0.0103691 0.136289 9.99279E-05 0.186302 9.99279E-05 0.20348 9.99279E-05 0.242598 9.99279E-05 0.220162
9.99098E-05 9.99098E-05 9.99098E-05 9.99098E-05 9.99098E-05 0.0912506 9.99098E-05 0.0380486 9.99098E-05 0.716368 9.99098E-05 9.99098E-05 0.153334 9.99098E-05
9.99188E-05 9.99188E-05 9.99188E-05 9.99188E-05 0.364198 9.99188E-05 9.99188E-05 0.0934804 9.99188E-05 0.244985 0.248922 9.99188E-05 9.99188E-05 0.0475152
9.99099E-05 9.99099E-05 9.99099E-05 9.99099E-05 0.0661709 9.99099E-05 9.99099E-05 0.174477 9.99099E-05 0.1539 9.99099E-05 9.99099E-05 9.99099E-05 0.604453
0.212271 9.99098E-05 9.99098E-05 9.99098E-05 9.99098E-05 9.99098E-05 0.187872 0.417032 9.99098E-05 0.181826 9.99098E-05 9.99098E-05 9.99098E-05 9.99098E-05
0.148406 0.00031202 9.99189E-05 9.99189E-05 9.99189E-05 9.99189E-05 0.0781511 0.736368 9.99189E-05 9.99189E-05 9.99189E-05 9.99189E-05 9.99189E-05 0.0358638
0.207626 9.9937E-05 9.9937E-05 9.9937E-05 0.0724132 9.9937E-05 0.10289 0.405347 0.0414854 0.0746051 9.9937E-05 9.9937E-05 9.9937E-05 0.0949338
9.99188E-05 9.99188E-05 9.99188E-05 9.99188E-05 9.99188E-05 0.0784839 9.99188E-05 0.640103 9.99188E-05 9.99188E-05 9.99188E-05 0.112816 0.140639 0.0270585
9.99189E-05 9.99189E-05 9.99189E-05 0.0441121 9.99189E-05 9.99189E-05 9.99189E-05 0.603511 0.0808137 0.0589242 0.21174 9.99189E-05 9.99189E-05 9.99189E-05
0.0951823 9.99188E-05 9.99188E-05 0.205236 0.117952 9.99188E-05 0.106072 0.474658 9.99188E-05 9.99188E-05 9.99188E-05 9.99188E-05 9.99188E-05 9.99188E-05
9.99098E-05 9.99098E-05 9.99098E-05 9.99098E-05 0.578955 0.100159 9.99098E-05 9.99098E-05 9.99098E-05 0.171162 9.99098E-05 9.99098E-05 0.148725 9.99098E-05
9.99188E-05 9.99188E-05 9.99188E-05 9.99188E-05 0.370683 0.244647 9.99188E-05 0.238948 9.99188E-05 9.99188E-05 9.99188E-05 0.112184 9.99188E-05 0.0326387
9.99098E-05 9.99098E-05 0.0412446 0.154406 0.673231 9.99098E-05 9.99098E-05 9.99098E-05 9.99098E-05 0.130119 9.99098E-05 9.99098E-05 9.99098E-05 9.99098E-05
9.99098E-05 9.99098E-05 9.99098E-05 9.99098E-05 0.43968 0.268666 9.99098E-05 0.2689 9.99098E-05 9.99098E-05 9.99098E-05 0.0217551 9.99098E-05 9.99098E-05
9.99098E-05 9.99098E-05 9.99098E-05 9.99098E-05 0.594743 0.23545 9.99098E-05 0.112875 9.99098E-05 9.99098E-05 9.99098E-05 0.0559328 9.99098E-05 9.99098E-05
9.98918E-05 9.98918E-05 9.98918E-05 0.352423 0.646378 9.98918E-05 9.98918E-05 9.98918E-05 9.98918E-05 9.98918E-05 9.98918E-05 9.98918E-05 9.98918E-05 9.98918E-05
9.99099E-05 9.99099E-05 0.192542 9.99099E-05 0.323732 0.0716951 9.99099E-05 0.411032 9.99099E-05 9.99099E-05 9.99099E-05 9.99099E-05 9.99099E-05 9.99099E-05
9.99189E-05 9.99189E-05 0.105967 9.99189E-05 0.729487 0.0519512 9.99189E-05 0.0840182 9.99189E-05 9.99189E-05 9.99189E-05 9.99189E-05 0.0276784 9.99189E-05
9.99008E-05 0.562183 9.99008E-05 9.99008E-05 9.99008E-05 9.99008E-05 9.99008E-05 9.99008E-05 9.99008E-05 9.99008E-05 9.99008E-05 0.0596083 9.99008E-05 0.37711
9.99279E-05 0.564078 0.0172417 9.99279E-05 9.99279E-05 9.99279E-05 0.0368278 0.0543099 9.99279E-05 0.0443655 9.99279E-05 9.99279E-05 9.99279E-05 0.282378
0.179828 0.755604 9.99099E-05 9.99099E-05 9.99099E-05 9.99099E-05 9.99099E-05 0.00211363 9.99099E-05 9.99099E-05 9.99099E-05 9.99099E-05 9.99099E-05 0.0614552
9.991E-05 0.578134 9.991E-05 0.361948 0.0407899 9.991E-05 0.0181287 9.991E-05 9.991E-05 9.991E-05 9.991E-05 9.991E-05 9.991E-05 9.991E-05
9.99188E-05 0.617868 9.99188E-05 9.99188E-05 9.99188E-05 9.99188E-05 9.99188E-05 9.99188E-05 0.0027905 9.99188E-05 9.99188E-05 0.127279 0.0680304 0.183132
0.014663 0.206306 0.485293 0.10951 0.0899484 9.99369E-05 9.99369E-05 9.99369E-05 0.0360433 9.99369E-05 9.99369E-05 9.99369E-05 0.0575368 9.99369E-05
9.99008E-05 0.454998 9.99008E-05 9.99008E-05 9.99008E-05 0.500907 9.99008E-05 9.99008E-05 9.99008E-05 9.99008E-05 9.99008E-05 9.99008E-05 0.0429956 9.99008E-05
9.98918E-05 0.684147 9.98918E-05 9.98918E-05 9.98918E-05 9.98918E-05 9.98918E-05 9.98918E-05 9.98918E-05 9.98918E-05 9.98918E-05 9.98918E-05 9.98918E-05 0.314655
9.99189E-05 0.663325 9.99189E-05 9.99189E-05 0.0360089 0.0547568 9.99189E-05 9.99189E-05 9.99189E-05 9.99189E-05 0.139099 9.99189E-05 0.105911 9.99189E-05
0.014038 0.499287 9.99279E-05 0.155264 9.99279E-05 9.99279E-05 9.99279E-05 9.99279E-05 0.225606 0.0201756 0.0848298 9.99279E-05 9.99279E-05 9.99279E-05
9.99189E-05 0.19327 9.99189E-05 9.99189E-05 9.99189E-05 9.99189E-05 0.00818555 9.99189E-05 9.99189E-05 9.99189E-05 0.00415304 0.211518 9.99189E-05 0.581975
9.99189E-05 0.462735 9.99189E-05 0.0131697 9.99189E-05 9.99189E-05 0.0693928 9.99189E-05 0.413093 9.99189E-05 9.99189E-05 0.0407111 9.99189E-05 9.99189E-05
9.99099E-05 0.793483 0.012031 9.99099E-05 9.99099E-05 9.99099E-05 9.99099E-05 9.99099E-05 9.99099E-05 9.99099E-05 9.99099E-05 9.99099E-05 0.135576 0.0579103
9.99278E-05 0.546163 0.216095 9.99278E-05 0.0519644 9.99278E-05 9.99278E-05 0.000148254 0.127657 9.99278E-05 0.0571727 9.99278E-05 9.99278E-05 9.99278E-05
0.00869839 0.527143 9.99279E-05 9.99279E-05 9.99279E-05 9.99279E-05 9.99279E-05 9.99279E-05 9.99279E-05 0.0269769 0.327242 9.99279E-05 0.0354878 0.0736534
9.994E-05 0.314944 0.0922387 0.0324123 9.994E-05 0.284676 9.994E-05 9.994E-05 0.011387 0.0116902 0.00675508 9.994E-05 0.245297 9.994E-05
0.026733 0.516165 0.00142084 0.218232 0.00657962 9.99368E-05 0.154445 9.99368E-05 0.0757254 9.99368E-05 9.99368E-05 9.99368E-05 9.99368E-05 9.99368E-05
0.577223 0.345271 9.99098E-05 0.0263431 9.99098E-05 0.050163 9.99098E-05 9.99098E-05 9.99098E-05 9.99098E-05 9.99098E-05 9.99098E-05 9.99098E-05 9.99098E-05
9.99189E-05 0.573365 9.99189E-05 9.99189E-05 9.99189E-05 9.99189E-05 9.99189E-05 0.101861 9.99189E-05 0.0713725 0.133513 9.99189E-05 0.118989 9.99189E-05
9.99099E-05 0.739927 9.99099E-05 9.99099E-05 9.99099E-05 0.136012 9.99099E-05 9.99099E-05 9.99099E-05 9.99099E-05 9.99099E-05 0.0286809 0.09438 9.99099E-05
9.99189E-05 0.618829 9.99189E-05 9.99189E-05 9.99189E-05 9.99189E-05 9.99189E-05 0.00450856 0.0749885 0.0294926 0.271282 9.99189E-05 9.99189E-05 9.99189E-05
0.299174 0.653286 9.99279E-05 0.00160413 9.99279E-05 9.99279E-05 9.99279E-05 9.99279E-05 9.99279E-05 0.00125691 0.00310474 9.99279E-05 9.99279E-05 0.0407748
9.9937E-05 0.00324732 0.448874 0.289485 9.9937E-05 9.9937E-05 9.9937E-05 9.9937E-05 0.122276 0.0332278 0.0661084 0.0360826 9.9937E-05 9.9937E-05
9.993E-05 9.993E-05 9.993E-05 0.0158058 0.0277968 0.135985 0.186484 9.993E-05 9.993E-05 9.993E-05 0.155893 0.388615 0.088721 9.993E-05
0.53831 9.99189E-05 0.371009 0.0174025 0.00348915 9.99189E-05 9.99189E-05 9.99189E-05 9.99189E-05 9.99189E-05 9.99189E-05 0.0688906 9.99189E-05 9.99189E-05
9.99098E-05 0.0475912 0.487043 9.99098E-05 9.99098E-05 9.99098E-05 9.99098E-05 9.99098E-05 9.99098E-05 0.0194264 9.99098E-05 9.99098E-05 0.44494 9.99098E-05
9.99098E-05 9.99098E-05 0.0141976 9.99098E-05 9.99098E-05 9.99098E-05 9.99098E-05 9.99098E-05 9.99098E-05 9.99098E-05 0.0582085 0.833212 9.99098E-05 0.0933824
0.138443 9.99188E-05 0.305599 0.041096 9.99188E-05 9.99188E-05 0.141549 9.99188E-05 0.372414 9.99188E-05 9.99188E-05 9.99188E-05 9.99188E-05 9.99188E-05
9.99097E-05 9.99097E-05 9.99097E-05 9.99097E-05 9.99097E-05 9.99097E-05 0.218081 9.99097E-05 0.136737 9.99097E-05 0.204459 0.439724 9.99097E-05 9.99097E-05
9.99189E-05 0.0221216 0.780075 9.99189E-05 0.0382436 9.99189E-05 9.99189E-05 0.0679431 9.99189E-05 9.99189E-05 9.99189E-05 0.0907176 9.99189E-05 9.99189E-05
0.126006 9.99098E-05 9.99098E-05 9.99098E-05 9.99098E-05 9.99098E-05 0.488706 9.99098E-05 9.99098E-05 9.99098E-05 0.107579 0.27671 9.99098E-05 9.99098E-05
0.00654604 9.99279E-05 0.156707 9.99279E-05 9.99279E-05 0.124576 9.99279E-05 9.99279E-05 0.0327406 9.99279E-05 9.99279E-05 0.548647 0.129984 9.99279E-05
0.0176755 9.99459E-05 0.264939 0.0861127 9.99459E-05 9.99459E-05 0.241684 0.0188403 0.279066 9.99459E-05 0.0716548 0.0194273 9.99459E-05 9.99459E-05
0.349093 9.99279E-05 9.99279E-05 0.00128202 0.0120309 9.99279E-05 0.27398 9.99279E-05 9.99279E-05 9.99279E-05 0.141468 0.221346 9.99279E-05 9.99279E-05
9.99098E-05 0.0465981 0.00901903 9.99098E-05 9.99098E-05 9.99098E-05 9.99098E-05 9.99098E-05 9.99098E-05 9.99098E-05 9.99098E-05 0.900819 9.99098E-05 0.0425644
0.0503217 9.99099E-05 0.316984 0.382306 9.99099E-05 9.99099E-05 9.99099E-05 9.99099E-05 0.249389 9.99099E-05 9.99099E-05 9.99099E-05 9.99099E-05 9.99099E-05
0.131141 9.99098E-05 9.99098E-05 0.0430637 9.99098E-05 9.99098E-05 0.681179 9.99098E-05 9.99098E-05 9.99098E-05 9.99098E-05 0.143617 9.99098E-05 9.99098E-05
0.260681 9.99188E-05 0.241042 9.99188E-05 9.99188E-05 0.130217 0.173681 9.99188E-05 0.193479 9.99188E-05 9.99188E-05 9.99188E-05 9.99188E-05 9.99188E-05
9.99189E-05 9.99189E-05 9.99189E-05 9.99189E-05 9.99189E-05 9.99189E-05 0.0148964 9.99189E-05 0.00648762 9.99189E-05 9.99189E-05 0.757884 0.194597 0.0252363
0.190861 9.99097E-05 0.221479 9.99097E-05 9.99097E-05 9.99097E-05 0.488853 9.99097E-05 9.99097E-05 9.99097E-05 9.99097E-05 0.0978086 9.99097E-05 9.99097E-05
9.99369E-05 0.00331292 0.436722 0.247078 9.99369E-05 9.99369E-05 0.00432129 0.00250698 0.272892 9.99369E-05 0.0324677 9.99369E-05 9.99369E-05 9.99369E-05
9.99458E-05 9.99458E-05 0.509927 0.0127555 0.0988442 0.0962995 9.99458E-05 9.99458E-05 0.0203074 9.99458E-05 0.0114457 0.00447233 0.245349 9.99458E-05
0.375599 0.0553861 0.179062 0.104045 9.99551E-05 0.00404094 9.99551E-05 9.99551E-05 0.0581132 0.0565193 9.99551E-05 9.99551E-05 0.0612308 0.105504
0.338996 9.99189E-05 0.436164 9.99189E-05 9.99189E-05 9.99189E-05 9.99189E-05 9.99189E-05 0.028835 0.0666408 9.99189E-05 0.128465 9.99189E-05 9.99189E-05
9.99008E-05 9.99008E-05 0.077259 9.99008E-05 9.99008E-05 9.99008E-05 9.99008E-05 9.99008E-05 9.99008E-05 9.99008E-05 9.99008E-05 0.600415 0.321227 9.99008E-05
9.99279E-05 9.99279E-05 0.261213 9.99279E-05 9.99279E-05 0.160574 0.427408 9.99279E-05 0.0748217 0.0362246 9.99279E-05 9.99279E-05 9.99279E-05 0.0389584
9.99186E-05 9.99186E-05 0.198093 9.99186E-05 0.103827 9.99186E-05 0.100928 9.99186E-05 9.99186E-05 9.99186E-05 0.308772 0.28748 9.99186E-05 9.99186E-05
9.99549E-05 0.252769 0.0694201 9.99549E-05 0.0502219 9.99549E-05 9.99549E-05 0.0157675 9.99549E-05 0.0183519 0.0589558 0.00679181 0.48093 0.0462921
0.0739372 0.189273 0.147278 9.99369E-05 9.99369E-05 9.99369E-05 0.453325 0.0220534 0.11014 9.99369E-05 9.99369E-05 9.99369E-05 0.00329381 9.99369E-05
9.9919E-05 0.097306 0.0276481 9.9919E-05 9.9919E-05 9.9919E-05 9.9919E-05 0.0973305 9.9919E-05 9.9919E-05 0.735347 9.9919E-05 9.9919E-05 0.0414691
0.0371981 9.9946E-05 9.9946E-05 9.9946E-05 0.0060406 0.0215793 9.9946E-05 9.9946E-05 0.0214957 0.0321078 9.9946E-05 0.140214 0.149573 0.591192
9.99368E-05 0.0495225 9.99368E-05 9.99368E-05 0.0907834 0.290533 0.00679875 9.99368E-05 9.99368E-05 9.99368E-05 0.375252 0.0079183 0.178493 9.99368E-05
9.99369E-05 0.153883 0.116021 9.99369E-05 9.99369E-05 0.100053 9.99369E-05 0.0263473 0.0505086 9.99369E-05 9.99369E-05 9.99369E-05 0.545187 0.00730107
0.0437063 9.99279E-05 9.99279E-05 9.99279E-05 9.99279E-05 9.99279E-05 9.99279E-05 9.99279E-05 0.501995 0.0178251 0.225466 0.0302386 0.179969 9.99279E-05
9.99368E-05 0.0397161 0.0939069 9.99368E-05 9.99368E-05 0.0297832 9.99368E-05 9.99368E-05 0.00674886 9.99368E-05 9.99368E-05 0.0622636 0.643281 0.1236
0.276604 9.99188E-05 0.26565 9.99188E-05 9.99188E-05 0.0251156 0.209874 9.99188E-05 0.221858 9.99188E-05 9.99188E-05 9.99188E-05 9.99188E-05 9.99188E-05
9.99101E-05 0.0604127 0.0857449 9.99101E-05 9.99101E-05 9.99101E-05 9.99101E-05 9.99101E-05 0.0301675 9.99101E-05 9.99101E-05 9.99101E-05 0.767402 0.0553739
0.391175 9.9946E-05 0.0438158 9.9946E-05 0.0196732 9.9946E-05 0.0349169 9.9946E-05 9.9946E-05 9.9946E-05 0.250989 0.13429 0.117522 0.00701935
0.479797 0.0983764 0.0390125 9.99549E-05 9.99549E-05 0.0269894 0.136066 9.99549E-05 0.0400022 9.99549E-05 0.15196 0.0204138 0.00688301 9.99549E-05
9.9937E-05 0.0932402 0.191396 9.9937E-05 9.9937E-05 9.9937E-05 0.0108346 0.113233 9.9937E-05 0.00123397 0.503212 9.9937E-05 0.0861507 9.9937E-05
9.99188E-05 0.0681856 0.47118 9.99188E-05 9.99188E-05 0.175002 9.99188E-05 0.0435955 9.99188E-05 9.99188E-05 0.241138 9.99188E-05 9.99188E-05 9.99188E-05
9.99369E-05 0.0577776 0.0221925 9.99369E-05 9.99369E-05 0.149106 9.99369E-05 0.0408179 9.99369E-05 0.00716505 0.65837 9.99369E-05 0.0638711 9.99369E-05
0.411271 0.145373 0.134637 9.99369E-05 9.99369E-05 9.99369E-05 9.99369E-05 9.99369E-05 0.0642124 9.99369E-05 0.119669 9.99369E-05 0.0927415 0.031397
9.99369E-05 9.99369E-05 0.0329492 9.99369E-05 9.99369E-05 0.110653 9.99369E-05 9.99369E-05 0.023413 9.99369E-05 0.0437889 0.0616362 0.128075 0.598785
9.99098E-05 9.99098E-05 9.99098E-05 9.99098E-05 9.99098E-05 9.99098E-05 9.99098E-05 9.99098E-05 9.99098E-05 9.99098E-05 0.154663 0.214797 0.284957 0.344584
9.99369E-05 9.99369E-05 0.0562126 9.99369E-05 0.0157444 0.419007 0.113991 0.0164126 9.99369E-05 9.99369E-05 0.0374773 9.99369E-05 0.340456 9.99369E-05
9.99099E-05 9.99099E-05 9.99099E-05 9.99099E-05 9.99099E-05 9.99099E-05 0.0197773 0.0313741 9.99099E-05 9.99099E-05 9.99099E-05 9.99099E-05 0.746077 0.201773
9.99189E-05 9.99189E-05 0.00694649 0.00126097 9.99189E-05 0.0219921 9.99189E-05 9.99189E-05 0.123107 9.99189E-05 9.99189E-05 9.99189E-05 9.99189E-05 0.845794
9.99459E-05 0.0136036 9.99459E-05 9.99459E-05 0.038577 0.405149 0.169376 0.0693583 9.99459E-05 9.99459E-05 0.0500044 0.120488 0.132845 9.99459E-05
9.99278E-05 9.99278E-05 0.339359 9.99278E-05 0.0110112 0.108198 9.99278E-05 9.99278E-05 0.0753306 9.99278E-05 9.99278E-05 0.0195244 0.445778 9.99278E-05
9.9928E-05 9.9928E-05 9.9928E-05 0.825965 0.03667 0.0110006 9.9928E-05 9.9928E-05 9.9928E-05 0.00620316 0.0398835 9.9928E-05 0.0794788 9.9928E-05
0.0773236 9.99278E-05 0.00611278 0.503321 9.99278E-05 0.21264 0.15468 9.99278E-05 0.0451231 9.99278E-05 9.99278E-05 9.99278E-05 9.99278E-05 9.99278E-05
9.99368E-05 9.99368E-05 0.142878 0.0957124 0.0879622 0.53852 9.99368E-05 9.99368E-05 0.018864 9.99368E-05 0.0763425 9.99368E-05 0.0390209 9.99368E-05
9.99187E-05 9.99187E-05 0.0077578 0.35528 9.99187E-05 0.184748 0.150431 9.99187E-05 0.300884 9.99187E-05 9.99187E-05 9.99187E-05 9.99187E-05 9.99187E-05
9.99189E-05 9.99189E-05 9.99189E-05 0.793974 9.99189E-05 0.141327 0.00757017 9.99189E-05 0.0506256 9.99189E-05 9.99189E-05 9.99189E-05 9.99189E-05 0.00560406
0.472181 9.99098E-05 9.99098E-05 0.298283 9.99098E-05 0.176076 9.99098E-05 9.99098E-05 9.99098E-05 0.0524603 9.99098E-05 9.99098E-05 9.99098E-05 9.99098E-05
0.188701 0.0104196 0.0672404 0.467191 9.99369E-05 0.123966 0.112411 9.99369E-05 0.02937 9.99369E-05 9.99369E-05 9.99369E-05 9.99369E-05 9.99369E-05
9.9928E-05 9.9928E-05 9.9928E-05 0.122394 0.0280292 0.666743 9.9928E-05 9.9928E-05 9.9928E-05 0.00616724 9.9928E-05 0.0173117 0.158556 9.9928E-05
9.9919E-05 9.9919E-05 9.9919E-05 9.9919E-05 9.9919E-05 0.295193 9.9919E-05 9.9919E-05 0.0421035 9.9919E-05 9.9919E-05 0.417948 0.0798466 0.164009
9.99278E-05 0.0484528 0.459099 0.239342 0.100093 0.0681409 0.0840733 9.99278E-05 9.99278E-05 9.99278E-05 9.99278E-05 9.99278E-05 9.99278E-05 9.99278E-05
0.00968195 0.0547093 9.9928E-05 0.00896438 0.0108147 0.896658 9.9928E-05 9.9928E-05 9.9928E-05 9.9928E-05 9.9928E-05 0.0183725 9.9928E-05 9.9928E-05
9.9937E-05 9.9937E-05 0.152438 9.9937E-05 0.250457 0.492218 0.027762 9.9937E-05 0.00761117 9.9937E-05 9.9937E-05 0.0136508 0.0551635 9.9937E-05
9.993E-05 0.0200002 0.333523 0.199197 0.077164 0.283565 9.993E-05 9.993E-05 0.0727306 9.993E-05 9.993E-05 9.993E-05 0.0131203 9.993E-05
9.99189E-05 0.0193922 0.151965 9.99189E-05 9.99189E-05 0.51547 9.99189E-05 9.99189E-05 9.99189E-05 9.99189E-05 9.99189E-05 0.170245 0.142028 9.99189E-05
9.99369E-05 0.0623721 0.147737 0.1874 9.99369E-05 0.47773 9.99369E-05 0.0118624 9.99369E-05 9.99369E-05 9.99369E-05 9.99369E-05 0.0528862 0.0593126
9.99279E-05 9.99279E-05 0.241083 9.99279E-05 9.99279E-05 0.0881497 0.577159 0.0227489 9.99279E-05 0.0676051 9.99279E-05 9.99279E-05 9.99279E-05 0.00245401
9.99459E-05 9.99459E-05 0.282111 0.0170802 0.0373654 0.390842 9.99459E-05 0.0257837 0.119406 0.0233504 9.99459E-05 9.99459E-05 0.103461 9.99459E-05
9.99279E-05 0.138405 0.174817 0.215829 0.00736314 0.456563 9.99279E-05 9.99279E-05 9.99279E-05 9.99279E-05 0.0062231 9.99279E-05 9.99279E-05 9.99279E-05
9.99099E-05 9.99099E-05 0.218435 0.296554 9.99099E-05 9.99099E-05 0.0300313 9.99099E-05 0.453981 9.99099E-05 9.99099E-05 9.99099E-05 9.99099E-05 9.99099E-05
9.9946E-05 9.9946E-05 0.454648 0.317752 0.0430567 0.100336 0.00109258 9.9946E-05 0.00955155 9.9946E-05 0.0583876 9.9946E-05 9.9946E-05 0.0145767
0.0216781 9.9946E-05 0.0109888 9.9946E-05 9.9946E-05 0.663835 9.9946E-05 0.0269481 0.0607982 9.9946E-05 9.9946E-05 0.0621305 0.0504087 0.102613
9.99189E-05 0.0560682 0.417403 9.99189E-05 9.99189E-05 0.463468 9.99189E-05 0.0230983 9.99189E-05 9.99189E-05 9.99189E-05 9.99189E-05 0.0390632 9.99189E-05
9.99279E-05 9.99279E-05 0.0158809 9.99279E-05 9.99279E-05 0.423546 9.99279E-05 9.99279E-05 0.0244992 9.99279E-05 9.99279E-05 0.294036 0.195752 0.0454857
9.99098E-05 9.99098E-05 0.460294 0.408748 9.99098E-05 9.99098E-05 0.0863214 9.99098E-05 0.0436372 9.99098E-05 9.99098E-05 9.99098E-05 9.99098E-05 9.99098E-05
9.99369E-05 9.99369E-05 0.537659 0.153696 0.11766 0.0631924 9.99369E-05 9.99369E-05 0.0383683 9.99369E-05 0.0811192 9.99369E-05 0.00760603 9.99369E-05
9.99279E-05 0.0328974 0.0584537 9.99279E-05 9.99279E-05 0.501624 9.99279E-05 0.00752525 9.99279E-05 9.99279E-05 9.99279E-05 0.194931 0.203769 9.99279E-05
0.000840132 0.119134 9.9937E-05 0.30086 9.9937E-05 9.9937E-05 0.509229 0.0166565 0.031582 9.9937E-05 9.9937E-05 9.9937E-05 9.9937E-05 0.021
9.99189E-05 9.99189E-05 9.99189E-05 9.99189E-05 9.99189E-05 0.0225037 0.379486 9.99189E-05 0.377694 9.99189E-05 0.159737 0.0596804 9.99189E-05 9.99189E-05
9.99279E-05 0.0946475 0.0398351 9.99279E-05 0.150137 0.0680686 9.99279E-05 9.99279E-05 9.99279E-05 9.99279E-05 9.99279E-05 9.99279E-05 0.568664 0.0778488
9.99189E-05 9.99189E-05 9.99189E-05 9.99189E-05 0.0165123 9.99189E-05 0.135345 9.99189E-05 9.99189E-05 9.99189E-05 0.345339 0.031333 0.470571 9.99189E-05
9.99459E-05 9.99459E-05 9.99459E-05 0.211704 0.0379905 0.08974 0.23063 9.99459E-05 0.361828 0.0388996 0.0107159 0.0178925 9.99459E-05 9.99459E-05
0.029844 9.99189E-05 9.99189E-05 0.268966 0.0113822 9.99189E-05 0.587893 9.99189E-05 9.99189E-05 9.99189E-05 9.99189E-05 9.99189E-05 0.101015 9.99189E-05
0.0340262 9.99279E-05 9.99279E-05 0.200724 0.090926 9.99279E-05 0.559988 9.99279E-05 0.0972157 9.99279E-05 9.99279E-05 9.99279E-05 0.0163204 9.99279E-05
9.9919E-05 9.9919E-05 9.9919E-05 9.9919E-05 9.9919E-05 9.9919E-05 0.0162988 9.9919E-05 9.9919E-05 9.9919E-05 0.00963874 0.145781 0.498177 0.329205
9.99189E-05 9.99189E-05 9.99189E-05 9.99189E-05 0.113851 0.184311 0.138671 9.99189E-05 9.99189E-05 9.99189E-05 0.025225 9.99189E-05 0.537043 9.99189E-05
9.99458E-05 0.281035 0.0280851 9.99458E-05 0.0175112 0.0584259 0.159259 0.00659241 0.0939188 9.99458E-05 0.354573 9.99458E-05 9.99458E-05 9.99458E-05
9.99278E-05 0.00541635 9.99278E-05 0.132418 9.99278E-05 0.0918647 0.452868 9.99278E-05 0.176279 9.99278E-05 0.140355 9.99278E-05 9.99278E-05 9.99278E-05
9.99369E-05 0.0565977 9.99369E-05 9.99369E-05 9.99369E-05 0.0239104 9.99369E-05 0.00318969 9.99369E-05 9.99369E-05 0.144151 0.109445 0.38559 0.276417
9.994E-05 9.994E-05 0.320821 0.0915333 0.0340204 0.164652 0.0259476 9.994E-05 9.994E-05 0.033286 0.0347429 9.994E-05 0.294398 9.994E-05
9.99368E-05 9.99368E-05 0.0528425 9.99368E-05 0.0720185 0.487993 0.157526 9.99368E-05 9.99368E-05 9.99368E-05 0.215299 0.00838128 0.00523984 9.99368E-05
9.99278E-05 0.0644558 0.117347 9.99278E-05 9.99278E-05 0.0848236 9.99278E-05 9.99278E-05 0.00190096 9.99278E-05 0.725359 0.00531422 9.99278E-05 9.99278E-05
9.99189E-05 0.21188 0.367302 9.99189E-05 9.99189E-05 0.26547 9.99189E-05 9.99189E-05 9.99189E-05 9.99189E-05 9.99189E-05 0.047597 0.106852 9.99189E-05
9.99459E-05 0.0433482 0.413663 0.219237 9.99459E-05 0.0666804 0.0342562 0.034058 0.182132 9.99459E-05 0.00602593 9.99459E-05 9.99459E-05 9.99459E-05
9.99278E-05 9.99278E-05 0.404629 9.99278E-05 0.0522892 9.99278E-05 0.119363 9.99278E-05 0.088379 9.99278E-05 0.283869 9.99278E-05 0.0506718 9.99278E-05
0.07727 9.9946E-05 0.0884121 0.0858609 9.9946E-05 9.9946E-05 0.515196 9.9946E-05 0.191309 0.00928762 9.9946E-05 0.0146934 9.9946E-05 0.0173719
9.99368E-05 0.0118254 9.99368E-05 9.99368E-05 0.000693114 0.174969 0.196982 0.132608 9.99368E-05 9.99368E-05 9.99368E-05 0.11866 0.363563 9.99368E-05
9.99278E-05 9.99278E-05 0.119419 0.281516 9.99278E-05 9.99278E-05 0.424033 0.0115446 0.0544515 9.99278E-05 9.99278E-05 9.99278E-05 0.108236 9.99278E-05
0.329198 9.99279E-05 0.147708 0.140314 9.99279E-05 0.0151538 0.311141 9.99279E-05 9.99279E-05 9.99279E-05 9.99279E-05 9.99279E-05 0.0556862 9.99279E-05
9.99189E-05 9.99189E-05 9.99189E-05 9.99189E-05 9.99189E-05 0.498402 0.0295036 9.99189E-05 9.99189E-05 9.99189E-05 0.0451736 0.314661 0.111361 9.99189E-05
9.99368E-05 9.99368E-05 0.351557 0.0431196 0.0470993 0.256253 9.99368E-05 9.99368E-05 0.21658 9.99368E-05 9.99368E-05 0.084231 0.000460121 9.99368E-05
9.99459E-05 9.99459E-05 0.166886 9.99459E-05 0.0318871 0.482084 0.0816641 0.0308056 9.99459E-05 9.99459E-05 0.0411804 0.0549286 0.109965 9.99459E-05
9.995E-05 9.995E-05 9.995E-05 0.731135 0.0290406 0.0203403 0.127662 9.995E-05 0.0470504 0.00717289 9.995E-05 0.00126512 0.0182724 0.0175617
0.310235 0.00787658 0.089826 0.235822 0.0651724 0.00934363 9.996E-05 0.14387 9.996E-05 0.0640813 9.996E-05 0.0597083 9.996E-05 0.0136649
9.99099E-05 9.99099E-05 0.386267 0.382826 9.99099E-05 9.99099E-05 0.171916 0.0579917 9.99099E-05 9.99099E-05 9.99099E-05 9.99099E-05 9.99099E-05 9.99099E-05
9.99189E-05 9.99189E-05 9.99189E-05 9.99189E-05 9.99189E-05 0.591761 0.0144585 9.99189E-05 9.99189E-05 9.99189E-05 0.075212 0.183742 0.133927 9.99189E-05
9.99279E-05 9.99279E-05 0.496031 0.440481 0.0018973 9.99279E-05 0.0049445 0.0149667 9.99279E-05 9.99279E-05 9.99279E-05 0.0408807 9.99279E-05 9.99279E-05
9.995E-05 0.104834 0.128588 0.598605 9.995E-05 0.0312055 0.099369 0.01567 9.995E-05 0.0110289 9.995E-05 0.00816676 0.00203388 9.995E-05
9.9928E-05 0.0858073 0.0491873 0.611674 9.9928E-05 9.9928E-05 0.0364997 9.9928E-05 0.176227 9.9928E-05 9.9928E-05 0.0398055 9.9928E-05 9.9928E-05
9.99279E-05 0.114293 0.10306 9.99279E-05 9.99279E-05 0.590615 9.99279E-05 9.99279E-05 0.00333196 9.99279E-05 9.99279E-05 0.164123 9.99279E-05 0.0237781
9.99369E-05 0.0499899 0.286089 0.070438 0.0229555 0.353918 0.187866 9.99369E-05 9.99369E-05 9.99369E-05 9.99369E-05 9.99369E-05 0.0280447 9.99369E-05
0.0320388 9.9946E-05 0.0461621 0.351553 9.9946E-05 0.0756832 0.0407405 9.9946E-05 0.386412 0.0257362 9.9946E-05 0.0410746 9.9946E-05 9.9946E-05
0.000745915 0.0494704 0.173014 0.137694 0.010162 0.240698 9.9964E-05 0.0442293 9.9964E-05 9.9964E-05 0.035496 0.305234 0.0028556 9.9964E-05
9.9928E-05 9.9928E-05 0.151214 0.778168 9.9928E-05 9.9928E-05 9.9928E-05 0.000242138 9.9928E-05 0.0314391 9.9928E-05 0.0216586 9.9928E-05 0.0164789
0.397873 9.9928E-05 0.335287 9.9928E-05 9.9928E-05 0.0747243 9.9928E-05 9.9928E-05 9.9928E-05 9.9928E-05 0.00604139 0.0185981 9.9928E-05 0.166677
9.99369E-05 0.0963076 0.213339 0.276798 0.0813517 0.186726 0.0569631 9.99369E-05 9.99369E-05 9.99369E-05 9.99369E-05 0.0878154 9.99369E-05 9.99369E-05
9.991E-05 9.991E-05 9.991E-05 9.991E-05 9.991E-05 0.604706 9.991E-05 9.991E-05 0.0124724 9.991E-05 9.991E-05 0.309364 0.072458 9.991E-05
9.99279E-05 9.99279E-05 0.313094 0.0282274 0.116717 0.253861 0.196016 9.99279E-05 9.99279E-05 9.99279E-05 0.0912853 9.99279E-05 9.99279E-05 9.99279E-05
9.99459E-05 0.149406 0.266014 9.99459E-05 9.99459E-05 9.99459E-05 9.99459E-05 0.0177501 0.0148034 0.0273669 0.168686 9.99459E-05 0.319838 0.0355365
9.99189E-05 0.0751813 0.0518639 9.99189E-05 9.99189E-05 9.99189E-05 9.99189E-05 9.99189E-05 9.99189E-05 9.99189E-05 9.99189E-05 0.0232066 0.422114 0.426735
9.99278E-05 9.99278E-05 0.644097 9.99278E-05 9.99278E-05 0.171414 9.99278E-05 0.0394283 9.99278E-05 0.00449374 0.0838855 9.99278E-05 0.0558824 9.99278E-05
9.99278E-05 0.609001 9.99278E-05 9.99278E-05 0.0276903 0.257222 0.00623577 9.99278E-05 9.99278E-05 9.99278E-05 9.99278E-05 0.0379545 0.0610964 9.99278E-05
9.99368E-05 9.99368E-05 0.183412 9.99368E-05 0.0164585 0.306027 0.112577 9.99368E-05 0.0755439 9.99368E-05 0.123526 9.99368E-05 0.181757 9.99368E-05
0.198179 9.99278E-05 0.279491 9.99278E-05 9.99278E-05 0.0322123 0.262597 9.99278E-05 0.13127 9.99278E-05 0.095452 9.99278E-05 9.99278E-05 9.99278E-05
9.99099E-05 9.99099E-05 9.99099E-05 9.99099E-05 9.99099E-05 9.99099E-05 9.99099E-05 9.99099E-05 9.99099E-05 9.99099E-05 0.101265 0.198221 0.491267 0.208248
0.49011 9.9928E-05 9.9928E-05 0.0217854 9.9928E-05 9.9928E-05 0.261782 0.0098639 9.9928E-05 9.9928E-05 0.081103 9.9928E-05 0.134557 9.9928E-05
0.0027195 0.407727 0.199102 0.250083 0.0616175 9.99368E-05 0.0494512 9.99368E-05 0.028601 9.99368E-05 9.99368E-05 9.99368E-05 9.99368E-05 9.99368E-05
0.0384024 0.0549551 0.0767932 9.99369E-05 9.99369E-05 9.99369E-05 9.99369E-05 9.99369E-05 0.644577 9.99369E-05 0.107722 9.99369E-05 0.016031 0.0608194
9.99098E-05 0.0976064 0.198599 9.99098E-05 9.99098E-05 9.99098E-05 9.99098E-05 9.99098E-05 9.99098E-05 9.99098E-05 9.99098E-05 9.99098E-05 0.135149 0.567647
9.99278E-05 0.0859135 0.0274275 9.99278E-05 9.99278E-05 0.19401 9.99278E-05 9.99278E-05 9.99278E-05 9.99278E-05 9.99278E-05 0.196535 0.159286 0.336028
0.219762 9.99189E-05 9.99189E-05 9.99189E-05 9.99189E-05 0.170392 0.452895 9.99189E-05 0.134473 9.99189E-05 0.021579 9.99189E-05 9.99189E-05 9.99189E-05
9.99369E-05 0.00465252 0.398083 9.99369E-05 0.022761 0.258926 9.99369E-05 0.0514755 0.0899523 9.99369E-05 9.99369E-05 9.99369E-05 0.173451 9.99369E-05
9.994E-05 0.168724 0.354146 9.994E-05 9.994E-05 0.0745833 9.994E-05 0.0247855 9.994E-05 0.0193168 0.226989 9.994E-05 0.0812858 0.0495703
9.99188E-05 0.0900309 9.99188E-05 9.99188E-05 9.99188E-05 0.237184 9.99188E-05 9.99188E-05 9.99188E-05 9.99188E-05 9.99188E-05 0.177708 0.0388044 0.455374
9.99188E-05 0.032351 0.0896899 9.99188E-05 9.99188E-05 9.99188E-05 9.99188E-05 9.99188E-05 0.114845 9.99188E-05 0.606405 9.99188E-05 9.99188E-05 0.155809
0.214382 0.0174378 0.132877 9.99549E-05 9.99549E-05 9.99549E-05 0.203309 9.99549E-05 0.0525489 0.0332533 0.221952 9.99549E-05 0.0442325 0.0795077
9.99278E-05 9.99278E-05 0.0605798 0.364625 9.99278E-05 0.0873349 0.0664515 9.99278E-05 0.359766 9.99278E-05 0.0604436 9.99278E-05 9.99278E-05 9.99278E-05
9.99189E-05 0.0215549 0.374984 0.0404036 9.99189E-05 9.99189E-05 9.99189E-05 9.99189E-05 0.484913 9.99189E-05 0.0772459 9.99189E-05 9.99189E-05 9.99189E-05
0.33959 0.130444 0.185626 9.99278E-05 9.99278E-05 9.99278E-05 9.99278E-05 9.99278E-05 0.0100772 9.99278E-05 0.203979 9.99278E-05 9.99278E-05 0.129484
9.99369E-05 0.0140805 9.99369E-05 0.101426 0.0108079 0.764193 9.99369E-05 9.99369E-05 9.99369E-05 0.0219378 9.99369E-05 0.082764 9.99369E-05 0.00409098
9.99279E-05 0.0412964 0.0449483 0.643443 9.99279E-05 0.189817 0.0743714 9.99279E-05 9.99279E-05 9.99279E-05 0.0053246 9.99279E-05 9.99279E-05 9.99279E-05
9.9919E-05 0.184554 0.191275 0.00603106 9.9919E-05 0.421936 9.9919E-05 9.9919E-05 9.9919E-05 9.9919E-05 9.9919E-05 0.195305 9.9919E-05 9.9919E-05
9.99278E-05 0.251077 0.399988 9.99278E-05 0.0547473 0.204234 0.051595 9.99278E-05 9.99278E-05 9.99278E-05 9.99278E-05 0.0375598 9.99278E-05 9.99278E-05
9.99189E-05 9.99189E-05 0.262748 0.53666 0.0893042 9.99189E-05 0.0900675 9.99189E-05 9.99189E-05 9.99189E-05 0.0203209 9.99189E-05 9.99189E-05 9.99189E-05
9.99009E-05 9.99009E-05 9.99009E-05 9.99009E-05 9.99009E-05 0.628758 9.99009E-05 9.99009E-05 9.99009E-05 9.99009E-05 9.99009E-05 0.22622 9.99009E-05 0.143923
9.99278E-05 0.18146 0.118904 9.99278E-05 9.99278E-05 9.99278E-05 9.99278E-05 9.99278E-05 0.0746608 9.99278E-05 0.0816346 9.99278E-05 0.143424 0.399118
9.99459E-05 0.0343825 0.217072 9.99459E-05 0.0103577 0.365812 9.99459E-05 9.99459E-05 0.0238352 9.99459E-05 0.0237906 0.0263891 0.297761 9.99459E-05
9.99009E-05 9.99009E-05 9.99009E-05 9.99009E-05 9.99009E-05 9.99009E-05 9.99009E-05 9.99009E-05 0.568821 9.99009E-05 0.381811 9.99009E-05 9.99009E-05 0.0482684
9.99278E-05 9.99278E-05 0.025382 9.99278E-05 0.0669527 0.024295 9.99278E-05 9.99278E-05 0.259879 9.99278E-05 0.325563 9.99278E-05 0.297129 9.99278E-05
