9.9874E-05 9.9874E-05 9.9874E-05 0.0626902 9.9874E-05 9.9874E-05 9.9874E-05 9.9874E-05 9.9874E-05 9.9874E-05 9.9874E-05 0.484878 9.9874E-05 0.0100586 0.325769 9.9874E-05 9.9874E-05 0.115206 9.9874E-05
9.98739E-05 0.0120331 9.98739E-05 9.98739E-05 9.98739E-05 9.98739E-05 9.98739E-05 9.98739E-05 0.00726446 9.98739E-05 9.98739E-05 0.663704 9.98739E-05 9.98739E-05 0.253898 9.98739E-05 9.98739E-05 9.98739E-05 0.0617021
9.99188E-05 0.0481934 9.99188E-05 0.00355015 9.99188E-05 0.167752 0.0450317 0.012232 9.99188E-05 0.00471897 0.510693 0.0485654 0.144826 0.0135375 9.99188E-05 9.99188E-05 9.99188E-05 9.99188E-05 9.99188E-05
9.98919E-05 9.98919E-05 9.98919E-05 0.0172779 9.98919E-05 9.98919E-05 0.0068556 9.98919E-05 9.98919E-05 9.98919E-05 9.98919E-05 0.149125 9.98919E-05 9.98919E-05 0.518365 0.101871 0.0138615 0.191446 9.98919E-05
9.99009E-05 0.0968414 9.99009E-05 9.99009E-05 9.99009E-05 9.99009E-05 0.154777 0.00888238 9.99009E-05 0.158281 9.99009E-05 0.0422409 9.99009E-05 9.99009E-05 0.29067 0.110256 9.99009E-05 0.136952 9.99009E-05
9.98918E-05 9.98918E-05 0.015009 9.98918E-05 9.98918E-05 9.98918E-05 9.98918E-05 0.16975 0.0243754 0.0369864 0.30826 0.175944 9.98918E-05 9.98918E-05 9.98918E-05 9.98918E-05 9.98918E-05 0.268476 9.98918E-05
9.98737E-05 9.98737E-05 9.98737E-05 9.98737E-05 9.98737E-05 0.272372 9.98737E-05 9.98737E-05 9.98737E-05 9.98737E-05 0.315359 0.196955 0.17179 9.98737E-05 0.0421249 9.98737E-05 9.98737E-05 9.98737E-05 9.98737E-05
9.991E-05 9.991E-05 9.991E-05 9.991E-05 9.991E-05 0.0751905 9.991E-05 0.109677 0.00342099 0.100821 0.297676 0.201046 0.0123686 0.127816 9.991E-05 9.991E-05 9.991E-05 0.0709861 9.991E-05
9.99189E-05 9.99189E-05 0.0545459 0.0102298 9.99189E-05 9.99189E-05 9.99189E-05 0.0173098 9.99189E-05 0.0314225 0.0700081 0.332037 0.00213565 0.000919904 0.327011 0.153481 9.99189E-05 9.99189E-05 9.99189E-05
9.98739E-05 9.98739E-05 9.98739E-05 0.0551048 9.98739E-05 0.183805 9.98739E-05 0.241278 9.98739E-05 9.98739E-05 9.98739E-05 9.98739E-05 0.498142 9.98739E-05 0.0202721 9.98739E-05 9.98739E-05 9.98739E-05 9.98739E-05
0.0114045 9.99008E-05 9.99008E-05 9.99008E-05 9.99008E-05 9.99008E-05 9.99008E-05 0.0335815 9.99008E-05 0.138352 0.181645 0.0191044 9.99008E-05 9.99008E-05 0.0976268 0.190764 9.99008E-05 9.99008E-05 0.326423
9.99009E-05 9.99009E-05 9.99009E-05 9.99009E-05 0.0940943 9.99009E-05 0.00284382 0.16249 9.99009E-05 0.0948419 0.0665 9.99009E-05 0.00875301 9.99009E-05 0.494025 9.99009E-05 9.99009E-05 9.99009E-05 0.0753534
9.98828E-05 0.15367 0.0459857 9.98828E-05 9.98828E-05 0.141003 9.98828E-05 9.98828E-05 9.98828E-05 9.98828E-05 9.98828E-05 0.185584 9.98828E-05 9.98828E-05 9.98828E-05 0.47144 0.00101875 9.98828E-05 9.98828E-05
9.9892E-05 9.9892E-05 9.9892E-05 0.0124389 9.9892E-05 9.9892E-05 9.9892E-05 0.133753 9.9892E-05 9.9892E-05 0.719484 0.0111315 0.094708 0.018226 9.9892E-05 9.9892E-05 9.9892E-05 0.0090603 9.9892E-05
9.98739E-05 9.98739E-05 9.98739E-05 9.98739E-05 9.98739E-05 9.98739E-05 9.98739E-05 0.040119 9.98739E-05 0.14593 0.0511559 9.98739E-05 9.98739E-05 9.98739E-05 0.374925 9.98739E-05 9.98739E-05 9.98739E-05 0.386472
9.99188E-05 9.99188E-05 9.99188E-05 9.99188E-05 9.99188E-05 0.341276 0.0133282 9.99188E-05 0.0266754 0.0548634 0.0138658 0.0215452 0.418914 9.99188E-05 9.99188E-05 0.0146463 0.00212425 0.0918626 9.99188E-05
9.98739E-05 9.98739E-05 9.98739E-05 9.98739E-05 9.98739E-05 0.129759 9.98739E-05 9.98739E-05 9.98739E-05 9.98739E-05 0.438143 0.231776 0.163165 9.98739E-05 0.035759 9.98739E-05 9.98739E-05 9.98739E-05 9.98739E-05
9.98828E-05 0.0125186 9.98828E-05 9.98828E-05 9.98828E-05 0.132767 9.98828E-05 9.98828E-05 9.98828E-05 9.98828E-05 0.658597 0.158868 9.98828E-05 9.98828E-05 9.98828E-05 0.00681494 9.98828E-05 9.98828E-05 0.0291365
0.0166126 0.077941 0.0123709 9.9901E-05 0.099016 9.9901E-05 9.9901E-05 9.9901E-05 9.9901E-05 9.9901E-05 0.177823 0.118731 9.9901E-05 9.9901E-05 0.385568 0.110839 9.9901E-05 9.9901E-05 9.9901E-05
9.98649E-05 9.98649E-05 9.98649E-05 0.743373 9.98649E-05 9.98649E-05 0.0738702 9.98649E-05 9.98649E-05 9.98649E-05 9.98649E-05 9.98649E-05 9.98649E-05 9.98649E-05 9.98649E-05 9.98649E-05 9.98649E-05 0.0326971 0.148562
9.9865E-05 9.9865E-05 9.9865E-05 0.805074 9.9865E-05 9.9865E-05 9.9865E-05 9.9865E-05 9.9865E-05 9.9865E-05 9.9865E-05 9.9865E-05 9.9865E-05 9.9865E-05 9.9865E-05 0.158574 0.0289288 0.0059254 9.9865E-05
9.98467E-05 9.98467E-05 9.98467E-05 0.809788 9.98467E-05 9.98467E-05 9.98467E-05 9.98467E-05 9.98467E-05 9.98467E-05 9.98467E-05 9.98467E-05 9.98467E-05 9.98467E-05 9.98467E-05 9.98467E-05 9.98467E-05 0.188515 9.98467E-05
9.98648E-05 9.98648E-05 9.98648E-05 0.593609 0.247433 9.98648E-05 0.0412766 9.98648E-05 9.98648E-05 9.98648E-05 9.98648E-05 9.98648E-05 9.98648E-05 9.98648E-05 9.98648E-05 0.116183 9.98648E-05 9.98648E-05 9.98648E-05
9.98739E-05 9.98739E-05 9.98739E-05 0.717189 9.98739E-05 9.98739E-05 9.98739E-05 9.98739E-05 9.98739E-05 9.98739E-05 9.98739E-05 9.98739E-05 9.98739E-05 0.0200342 0.115298 0.0826139 9.98739E-05 9.98739E-05 0.0634666
9.98737E-05 9.98737E-05 0.0782965 0.427827 9.98737E-05 9.98737E-05 9.98737E-05 9.98737E-05 0.192686 9.98737E-05 0.219764 9.98737E-05 0.0800276 9.98737E-05 9.98737E-05 9.98737E-05 9.98737E-05 9.98737E-05 9.98737E-05
9.99008E-05 9.99008E-05 0.288244 0.282721 9.99008E-05 9.99008E-05 0.056429 0.0370924 9.99008E-05 0.0495142 9.99008E-05 9.99008E-05 9.99008E-05 0.0628753 0.130914 9.99008E-05 9.99008E-05 9.99008E-05 0.0911114
9.98739E-05 9.98739E-05 9.98739E-05 0.241051 9.98739E-05 0.197914 0.0313172 9.98739E-05 0.187123 9.98739E-05 9.98739E-05 9.98739E-05 9.98739E-05 9.98739E-05 9.98739E-05 9.98739E-05 0.341196 9.98739E-05 9.98739E-05
9.991E-05 9.991E-05 0.029167 0.230015 0.0671955 9.991E-05 0.170656 9.991E-05 9.991E-05 0.0796964 9.991E-05 9.991E-05 9.991E-05 0.173167 9.991E-05 9.991E-05 0.0504594 0.105751 0.0928935
9.98737E-05 9.98737E-05 0.032054 0.790161 9.98737E-05 9.98737E-05 9.98737E-05 9.98737E-05 0.00906136 9.98737E-05 9.98737E-05 9.98737E-05 0.0601514 9.98737E-05 9.98737E-05 9.98737E-05 9.98737E-05 0.107174 9.98737E-05
9.98469E-05 9.98469E-05 9.98469E-05 0.844351 9.98469E-05 9.98469E-05 9.98469E-05 9.98469E-05 9.98469E-05 9.98469E-05 9.98469E-05 9.98469E-05 9.98469E-05 9.98469E-05 9.98469E-05 0.153952 9.98469E-05 9.98469E-05 9.98469E-05
0.100415 9.99101E-05 9.99101E-05 0.579708 0.038439 0.126862 9.99101E-05 9.99101E-05 0.0130393 9.99101E-05 9.99101E-05 0.0052461 0.0202191 9.99101E-05 9.99101E-05 0.0101494 0.104922 9.99101E-05 9.99101E-05
9.98828E-05 0.0490516 0.695917 0.00880236 9.98828E-05 9.98828E-05 9.98828E-05 9.98828E-05 0.137008 9.98828E-05 9.98828E-05 9.98828E-05 0.0694814 9.98828E-05 9.98828E-05 9.98828E-05 9.98828E-05 0.038441 9.98828E-05
9.98737E-05 9.98737E-05 9.98737E-05 0.572007 9.98737E-05 0.222369 9.98737E-05 9.98737E-05 0.0543844 9.98737E-05 9.98737E-05 9.98737E-05 0.136474 9.98737E-05 9.98737E-05 9.98737E-05 0.013367 9.98737E-05 9.98737E-05
9.98828E-05 9.98828E-05 0.037607 0.626957 9.98828E-05 0.0555105 9.98828E-05 9.98828E-05 0.0723746 9.98828E-05 0.16926 0.036993 9.98828E-05 9.98828E-05 9.98828E-05 9.98828E-05 9.98828E-05 9.98828E-05 9.98828E-05
9.98469E-05 9.98469E-05 9.98469E-05 0.807258 9.98469E-05 9.98469E-05 9.98469E-05 9.98469E-05 9.98469E-05 9.98469E-05 9.98469E-05 9.98469E-05 9.98469E-05 9.98469E-05 9.98469E-05 0.191045 9.98469E-05 9.98469E-05 9.98469E-05
9.98649E-05 9.98649E-05 9.98649E-05 0.724892 9.98649E-05 9.98649E-05 0.0664734 9.98649E-05 9.98649E-05 9.98649E-05 9.98649E-05 9.98649E-05 9.98649E-05 9.98649E-05 0.0717622 9.98649E-05 9.98649E-05 9.98649E-05 0.135375
9.98559E-05 9.98559E-05 9.98559E-05 0.674765 9.98559E-05 9.98559E-05 0.00398593 9.98559E-05 9.98559E-05 9.98559E-05 9.98559E-05 9.98559E-05 9.98559E-05 9.98559E-05 9.98559E-05 9.98559E-05 9.98559E-05 9.98559E-05 0.319652
9.98649E-05 9.98649E-05 9.98649E-05 0.682473 0.215754 9.98649E-05 0.0375782 9.98649E-05 9.98649E-05 9.98649E-05 9.98649E-05 9.98649E-05 9.98649E-05 9.98649E-05 0.062697 9.98649E-05 9.98649E-05 9.98649E-05 9.98649E-05
9.98646E-05 9.98646E-05 9.98646E-05 9.98646E-05 9.98646E-05 9.98646E-05 0.403114 9.98646E-05 0.423735 9.98646E-05 9.98646E-05 0.0675892 9.98646E-05 9.98646E-05 9.98646E-05 9.98646E-05 9.98646E-05 0.104064 9.98646E-05
0.000652092 0.0585712 9.9883E-05 9.9883E-05 9.9883E-05 9.9883E-05 0.0431556 9.9883E-05 0.734762 9.9883E-05 9.9883E-05 0.00900847 9.9883E-05 9.9883E-05 9.9883E-05 9.9883E-05 0.152552 9.9883E-05 9.9883E-05
9.99009E-05 9.99009E-05 0.0122264 0.0234502 9.99009E-05 0.1849 9.99009E-05 0.0591831 0.566278 9.99009E-05 9.99009E-05 9.99009E-05 0.109931 0.0166954 9.99009E-05 9.99009E-05 0.0262377 9.99009E-05 9.99009E-05
0.0462179 9.99099E-05 0.0627859 9.99099E-05 0.241667 9.99099E-05 0.223653 9.99099E-05 0.234468 9.99099E-05 9.99099E-05 9.99099E-05 9.99099E-05 0.0100043 9.99099E-05 0.0703816 0.0998631 0.00995969 9.99099E-05
9.98737E-05 9.98737E-05 9.98737E-05 0.233568 9.98737E-05 9.98737E-05 0.103569 9.98737E-05 0.465328 9.98737E-05 9.98737E-05 0.0693366 9.98737E-05 9.98737E-05 9.98737E-05 9.98737E-05 9.98737E-05 0.1268 9.98737E-05
9.99009E-05 0.013373 0.0501117 0.0206806 9.99009E-05 0.0221324 9.99009E-05 0.0830066 0.676199 9.99009E-05 0.00898604 9.99009E-05 9.99009E-05 9.99009E-05 9.99009E-05 9.99009E-05 9.99009E-05 9.99009E-05 0.124412
9.98739E-05 9.98739E-05 0.554632 9.98739E-05 0.19283 9.98739E-05 0.0449579 9.98739E-05 9.98739E-05 0.0305988 9.98739E-05 9.98739E-05 9.98739E-05 9.98739E-05 0.175583 9.98739E-05 9.98739E-05 9.98739E-05 9.98739E-05
9.98739E-05 9.98739E-05 9.98739E-05 9.98739E-05 9.98739E-05 9.98739E-05 0.471971 9.98739E-05 0.214803 0.173608 9.98739E-05 9.98739E-05 9.98739E-05 9.98739E-05 0.136317 9.98739E-05 9.98739E-05 9.98739E-05 0.00190258
9.98738E-05 9.98738E-05 9.98738E-05 0.153657 9.98738E-05 0.0945603 9.98738E-05 9.98738E-05 0.572478 9.98738E-05 0.0192577 9.98738E-05 0.158648 9.98738E-05 9.98738E-05 9.98738E-05 9.98738E-05 9.98738E-05 9.98738E-05
9.98647E-05 9.98647E-05 9.98647E-05 9.98647E-05 9.98647E-05 9.98647E-05 0.296155 9.98647E-05 0.506491 9.98647E-05 9.98647E-05 9.98647E-05 9.98647E-05 0.0324157 9.98647E-05 9.98647E-05 9.98647E-05 0.16344 9.98647E-05
9.98468E-05 9.98468E-05 9.98468E-05 9.98468E-05 9.98468E-05 9.98468E-05 9.98468E-05 9.98468E-05 0.339306 9.98468E-05 9.98468E-05 9.98468E-05 9.98468E-05 9.98468E-05 9.98468E-05 9.98468E-05 0.658997 9.98468E-05 9.98468E-05
9.9883E-05 9.9883E-05 9.9883E-05 9.9883E-05 9.9883E-05 9.9883E-05 0.381514 9.9883E-05 0.331103 0.124407 9.9883E-05 0.102554 9.9883E-05 0.0542959 9.9883E-05 9.9883E-05 9.9883E-05 9.9883E-05 0.00482706
9.98559E-05 9.98559E-05 9.98559E-05 9.98559E-05 9.98559E-05 9.98559E-05 0.14848 9.98559E-05 0.626983 9.98559E-05 9.98559E-05 9.98559E-05 9.98559E-05 9.98559E-05 9.98559E-05 9.98559E-05 0.222939 9.98559E-05 9.98559E-05
9.98831E-05 9.98831E-05 9.98831E-05 0.0613391 0.0275921 9.98831E-05 0.156508 9.98831E-05 0.427745 9.98831E-05 9.98831E-05 9.98831E-05 9.98831E-05 9.98831E-05 9.98831E-05 0.31789 9.98831E-05 0.0076264 9.98831E-05
9.98918E-05 9.98918E-05 0.268822 0.0406395 9.98918E-05 9.98918E-05 0.238032 0.0494233 0.0732054 9.98918E-05 9.98918E-05 9.98918E-05 9.98918E-05 9.98918E-05 0.0717495 9.98918E-05 9.98918E-05 9.98918E-05 0.256929
0.109686 9.99099E-05 0.0544601 9.99099E-05 9.99099E-05 9.99099E-05 0.124681 9.99099E-05 0.30371 0.0712032 9.99099E-05 0.00219898 9.99099E-05 0.0263248 0.0878756 9.99099E-05 9.99099E-05 9.99099E-05 0.21886
0.0368325 9.991E-05 0.10592 0.0186803 0.42739 9.991E-05 0.179021 9.991E-05 0.159783 9.991E-05 9.991E-05 9.991E-05 9.991E-05 0.00821339 0.0440179 9.991E-05 9.991E-05 9.991E-05 0.0191427
9.98649E-05 9.98649E-05 9.98649E-05 0.322753 0.389786 9.98649E-05 9.98649E-05 9.98649E-05 9.98649E-05 9.98649E-05 9.98649E-05 9.98649E-05 9.98649E-05 0.234175 0.0517886 9.98649E-05 9.98649E-05 9.98649E-05 9.98649E-05
9.98917E-05 0.0129467 0.0748404 9.98917E-05 9.98917E-05 0.00660098 0.205581 9.98917E-05 0.542327 9.98917E-05 9.98917E-05 9.98917E-05 0.0549077 9.98917E-05 9.98917E-05 9.98917E-05 9.98917E-05 0.101597 9.98917E-05
9.98738E-05 9.98738E-05 9.98738E-05 9.98738E-05 9.98738E-05 9.98738E-05 0.214863 9.98738E-05 0.19896 9.98738E-05 9.98738E-05 9.98738E-05 9.98738E-05 0.284773 9.98738E-05 0.159767 0.140239 9.98738E-05 9.98738E-05
9.98828E-05 0.0185651 9.98828E-05 9.98828E-05 9.98828E-05 9.98828E-05 9.98828E-05 9.98828E-05 0.775627 9.98828E-05 9.98828E-05 9.98828E-05 0.0508062 0.0389298 9.98828E-05 9.98828E-05 0.0684808 0.0462927 9.98828E-05
9.98558E-05 9.98558E-05 9.98558E-05 9.98558E-05 9.98558E-05 9.98558E-05 0.733528 9.98558E-05 0.182775 9.98558E-05 9.98558E-05 9.98558E-05 9.98558E-05 9.98558E-05 9.98558E-05 9.98558E-05 9.98558E-05 0.0820992 9.98558E-05
9.98917E-05 9.98917E-05 0.183988 0.0102586 9.98917E-05 9.98917E-05 0.459674 9.98917E-05 0.178356 9.98917E-05 9.98917E-05 0.0804407 9.98917E-05 9.98917E-05 9.98917E-05 9.98917E-05 9.98917E-05 0.0744871 0.0115959
9.98918E-05 9.98918E-05 9.98918E-05 9.98918E-05 9.98918E-05 9.98918E-05 0.304168 9.98918E-05 0.387101 0.0696352 9.98918E-05 0.0776957 9.98918E-05 0.0445648 0.0593031 9.98918E-05 9.98918E-05 9.98918E-05 0.0563333
9.98739E-05 0.137008 0.575533 9.98739E-05 9.98739E-05 9.98739E-05 0.0228022 9.98739E-05 0.136555 9.98739E-05 9.98739E-05 9.98739E-05 0.126703 9.98739E-05 9.98739E-05 9.98739E-05 9.98739E-05 9.98739E-05 9.98739E-05
9.98649E-05 9.98649E-05 9.98649E-05 0.0546638 0.275848 0.0336718 0.634318 9.98649E-05 9.98649E-05 9.98649E-05 9.98649E-05 9.98649E-05 9.98649E-05 9.98649E-05 9.98649E-05 9.98649E-05 9.98649E-05 9.98649E-05 9.98649E-05
9.98918E-05 9.98918E-05 0.0257986 9.98918E-05 9.98918E-05 0.340221 0.244362 9.98918E-05 0.171326 9.98918E-05 0.0973953 9.98918E-05 0.0529216 0.0667775 9.98918E-05 9.98918E-05 9.98918E-05 9.98918E-05 9.98918E-05
9.99188E-05 9.99188E-05 0.44698 0.0204798 9.99188E-05 9.99188E-05 0.12583 9.99188E-05 9.99188E-05 0.0318414 0.0432758 0.00369596 9.99188E-05 0.0429454 0.0102926 0.136908 9.99188E-05 9.99188E-05 0.136852
9.9847E-05 9.9847E-05 9.9847E-05 9.9847E-05 9.9847E-05 9.9847E-05 0.9082 9.9847E-05 9.9847E-05 0.0901027 9.9847E-05 9.9847E-05 9.9847E-05 9.9847E-05 9.9847E-05 9.9847E-05 9.9847E-05 9.9847E-05 9.9847E-05
9.9865E-05 9.9865E-05 9.9865E-05 9.9865E-05 9.9865E-05 0.0408546 0.7664 9.9865E-05 9.9865E-05 9.9865E-05 9.9865E-05 9.9865E-05 9.9865E-05 9.9865E-05 9.9865E-05 9.9865E-05 0.026465 9.9865E-05 0.164782
9.98737E-05 9.98737E-05 0.818103 9.98737E-05 9.98737E-05 9.98737E-05 9.98737E-05 9.98737E-05 9.98737E-05 9.98737E-05 0.0239414 0.0206459 9.98737E-05 0.0656802 0.0702316 9.98737E-05 9.98737E-05 9.98737E-05 9.98737E-05
9.98828E-05 9.98828E-05 0.66348 0.108416 0.0233871 9.98828E-05 9.98828E-05 9.98828E-05 0.0219322 9.98828E-05 9.98828E-05 0.0128742 9.98828E-05 9.98828E-05 9.98828E-05 9.98828E-05 9.98828E-05 0.168613 9.98828E-05
9.98648E-05 9.98648E-05 0.630552 9.98648E-05 9.98648E-05 9.98648E-05 9.98648E-05 9.98648E-05 0.0356748 9.98648E-05 9.98648E-05 9.98648E-05 0.0350806 9.98648E-05 9.98648E-05 9.98648E-05 0.297194 9.98648E-05 9.98648E-05
9.98648E-05 9.98648E-05 0.0477616 9.98648E-05 9.98648E-05 0.484296 0.186268 9.98648E-05 0.280176 9.98648E-05 9.98648E-05 9.98648E-05 9.98648E-05 9.98648E-05 9.98648E-05 9.98648E-05 9.98648E-05 9.98648E-05 9.98648E-05
0.00427665 9.98829E-05 9.98829E-05 0.629144 0.238266 9.98829E-05 0.00190944 9.98829E-05 9.98829E-05 0.109518 9.98829E-05 9.98829E-05 9.98829E-05 0.0155877 9.98829E-05 9.98829E-05 9.98829E-05 9.98829E-05 9.98829E-05
9.98826E-05 0.00314891 0.0434516 9.98826E-05 9.98826E-05 0.147713 0.358187 9.98826E-05 0.293729 9.98826E-05 9.98826E-05 9.98826E-05 0.152471 9.98826E-05 9.98826E-05 9.98826E-05 9.98826E-05 9.98826E-05 9.98826E-05
9.98648E-05 9.98648E-05 0.437407 9.98648E-05 9.98648E-05 9.98648E-05 0.540459 9.98648E-05 9.98648E-05 9.98648E-05 9.98648E-05 9.98648E-05 9.98648E-05 9.98648E-05 9.98648E-05 9.98648E-05 9.98648E-05 0.0064821 0.014154
9.98648E-05 9.98648E-05 0.653079 9.98648E-05 9.98648E-05 9.98648E-05 9.98648E-05 9.98648E-05 9.98648E-05 9.98648E-05 9.98648E-05 9.98648E-05 9.98648E-05 9.98648E-05 0.261465 0.0819107 9.98648E-05 9.98648E-05 0.00204808
9.98647E-05 9.98647E-05 9.98647E-05 0.677907 9.98647E-05 0.131173 9.98647E-05 9.98647E-05 0.0613393 9.98647E-05 9.98647E-05 9.98647E-05 0.128082 9.98647E-05 9.98647E-05 9.98647E-05 9.98647E-05 9.98647E-05 9.98647E-05
9.98739E-05 9.98739E-05 0.157128 0.124163 9.98739E-05 0.433937 9.98739E-05 9.98739E-05 0.168812 9.98739E-05 9.98739E-05 9.98739E-05 9.98739E-05 9.98739E-05 9.98739E-05 9.98739E-05 0.114562 9.98739E-05 9.98739E-05
9.98737E-05 9.98737E-05 9.98737E-05 0.665893 9.98737E-05 0.0448979 9.98737E-05 9.98737E-05 0.14237 9.98737E-05 0.0610943 9.98737E-05 0.084346 9.98737E-05 9.98737E-05 9.98737E-05 9.98737E-05 9.98737E-05 9.98737E-05
9.98918E-05 9.98918E-05 0.455303 0.203835 9.98918E-05 9.98918E-05 0.00154692 9.98918E-05 0.0201756 9.98918E-05 9.98918E-05 9.98918E-05 9.98918E-05 0.0746711 9.98918E-05 9.98918E-05 0.0231218 0.220149 9.98918E-05
9.98738E-05 9.98738E-05 0.152682 0.122387 9.98738E-05 9.98738E-05 0.0397932 9.98738E-05 0.124153 9.98738E-05 9.98738E-05 9.98738E-05 9.98738E-05 9.98738E-05 9.98738E-05 9.98738E-05 0.559587 9.98738E-05 9.98738E-05
9.98829E-05 9.98829E-05 0.0759931 0.1714 0.0320726 9.98829E-05 0.319292 9.98829E-05 0.120669 9.98829E-05 9.98829E-05 9.98829E-05 9.98829E-05 9.98829E-05 9.98829E-05 0.279275 9.98829E-05 9.98829E-05 9.98829E-05
9.98558E-05 9.98558E-05 9.98558E-05 9.98558E-05 9.98558E-05 9.98558E-05 0.359094 9.98558E-05 0.400139 9.98558E-05 9.98558E-05 9.98558E-05 9.98558E-05 9.98558E-05 9.98558E-05 0.23917 9.98558E-05 9.98558E-05 9.98558E-05
9.9883E-05 9.9883E-05 0.0144736 0.0309525 9.9883E-05 9.9883E-05 0.0700167 9.9883E-05 0.348391 9.9883E-05 9.9883E-05 9.9883E-05 9.9883E-05 0.104679 9.9883E-05 0.430189 9.9883E-05 9.9883E-05 9.9883E-05
9.98647E-05 9.98647E-05 9.98647E-05 9.98647E-05 9.98647E-05 0.167349 0.25392 9.98647E-05 0.466247 9.98647E-05 9.98647E-05 9.98647E-05 0.110987 9.98647E-05 9.98647E-05 9.98647E-05 9.98647E-05 9.98647E-05 9.98647E-05
9.98738E-05 9.98738E-05 9.98738E-05 0.0707522 9.98738E-05 9.98738E-05 0.584801 9.98738E-05 0.107929 9.98738E-05 9.98738E-05 9.98738E-05 9.98738E-05 9.98738E-05 9.98738E-05 9.98738E-05 0.0148443 0.220274 9.98738E-05
9.98739E-05 9.98739E-05 0.0475185 9.98739E-05 9.98739E-05 9.98739E-05 0.806445 9.98739E-05 9.98739E-05 9.98739E-05 0.017845 9.98739E-05 9.98739E-05 0.029737 0.0970559 9.98739E-05 9.98739E-05 9.98739E-05 9.98739E-05
9.98737E-05 9.98737E-05 9.98737E-05 0.169837 9.98737E-05 0.036728 9.98737E-05 9.98737E-05 9.98737E-05 9.98737E-05 0.0360379 9.98737E-05 0.13816 0.617839 9.98737E-05 9.98737E-05 9.98737E-05 9.98737E-05 9.98737E-05
9.98647E-05 9.98647E-05 9.98647E-05 9.98647E-05 9.98647E-05 0.208079 9.98647E-05 9.98647E-05 0.45732 9.98647E-05 9.98647E-05 9.98647E-05 0.00204265 0.331061 9.98647E-05 9.98647E-05 9.98647E-05 9.98647E-05 9.98647E-05
9.98648E-05 9.98648E-05 0.056982 0.142274 9.98648E-05 9.98648E-05 9.98648E-05 9.98648E-05 9.98648E-05 0.119768 9.98648E-05 9.98648E-05 9.98648E-05 0.679478 9.98648E-05 9.98648E-05 9.98648E-05 9.98648E-05 9.98648E-05
9.98647E-05 9.98647E-05 9.98647E-05 9.98647E-05 9.98647E-05 0.149332 9.98647E-05 9.98647E-05 0.296618 9.98647E-05 0.0805104 9.98647E-05 9.98647E-05 0.472042 9.98647E-05 9.98647E-05 9.98647E-05 9.98647E-05 9.98647E-05
9.98556E-05 9.98556E-05 9.98556E-05 9.98556E-05 9.98556E-05 0.179502 9.98556E-05 9.98556E-05 0.154226 9.98556E-05 9.98556E-05 9.98556E-05 9.98556E-05 0.664674 9.98556E-05 9.98556E-05 9.98556E-05 9.98556E-05 9.98556E-05
9.98558E-05 9.98558E-05 9.98558E-05 9.98558E-05 9.98558E-05 9.98558E-05 0.0588888 9.98558E-05 9.98558E-05 0.126433 9.98558E-05 9.98558E-05 9.98558E-05 0.81308 9.98558E-05 9.98558E-05 9.98558E-05 9.98558E-05 9.98558E-05
9.98828E-05 9.98828E-05 0.00874469 9.98828E-05 9.98828E-05 9.98828E-05 0.190149 9.98828E-05 0.291227 9.98828E-05 0.113639 0.102136 9.98828E-05 0.292805 9.98828E-05 9.98828E-05 9.98828E-05 9.98828E-05 9.98828E-05
9.98648E-05 9.98648E-05 9.98648E-05 9.98648E-05 9.98648E-05 9.98648E-05 9.98648E-05 9.98648E-05 0.165066 9.98648E-05 9.98648E-05 0.0272816 9.98648E-05 0.781875 9.98648E-05 9.98648E-05 9.98648E-05 0.0242793 9.98648E-05
9.98738E-05 0.579298 0.0145494 9.98738E-05 9.98738E-05 9.98738E-05 9.98738E-05 0.00603307 0.0173459 9.98738E-05 9.98738E-05 9.98738E-05 9.98738E-05 9.98738E-05 9.98738E-05 9.98738E-05 0.381376 9.98738E-05 9.98738E-05
9.99009E-05 0.519216 9.99009E-05 0.0102625 9.99009E-05 0.0528582 9.99009E-05 9.99009E-05 0.106385 0.0145442 9.99009E-05 9.99009E-05 9.99009E-05 9.99009E-05 9.99009E-05 0.00327761 0.171013 0.121344 9.99009E-05
9.9874E-05 0.758358 9.9874E-05 9.9874E-05 0.109842 9.9874E-05 9.9874E-05 9.9874E-05 0.00169814 9.9874E-05 9.9874E-05 9.9874E-05 9.9874E-05 9.9874E-05 9.9874E-05 0.0704048 0.058299 9.9874E-05 9.9874E-05
0.00384578 0.504534 9.9883E-05 9.9883E-05 0.000786445 9.9883E-05 9.9883E-05 9.9883E-05 9.9883E-05 0.420914 0.0418568 9.9883E-05 9.9883E-05 0.0267648 9.9883E-05 9.9883E-05 9.9883E-05 9.9883E-05 9.9883E-05
9.98648E-05 0.627768 9.98648E-05 9.98648E-05 9.98648E-05 9.98648E-05 9.98648E-05 0.0622434 9.98648E-05 9.98648E-05 9.98648E-05 9.98648E-05 0.115431 9.98648E-05 9.98648E-05 9.98648E-05 0.193059 9.98648E-05 9.98648E-05
9.99098E-05 0.197317 9.99098E-05 9.99098E-05 0.0296703 9.99098E-05 9.99098E-05 9.99098E-05 9.99098E-05 0.0712727 0.119861 0.367605 0.0731886 0.0644573 0.0663493 9.99098E-05 9.99098E-05 9.99098E-05 0.00927888
9.98647E-05 0.473107 9.98647E-05 9.98647E-05 9.98647E-05 0.271978 9.98647E-05 9.98647E-05 9.98647E-05 9.98647E-05 0.23514 9.98647E-05 0.0182772 9.98647E-05 9.98647E-05 9.98647E-05 9.98647E-05 9.98647E-05 9.98647E-05
9.98558E-05 0.698639 9.98558E-05 9.98558E-05 9.98558E-05 9.98558E-05 9.98558E-05 9.98558E-05 9.98558E-05 9.98558E-05 9.98558E-05 9.98558E-05 9.98558E-05 9.98558E-05 9.98558E-05 9.98558E-05 0.292886 0.00687791 9.98558E-05
9.98829E-05 0.582416 0.0372105 9.98829E-05 9.98829E-05 9.98829E-05 9.98829E-05 9.98829E-05 9.98829E-05 9.98829E-05 0.0862729 9.98829E-05 0.038077 0.0132476 9.98829E-05 9.98829E-05 9.98829E-05 0.241477 9.98829E-05
9.98739E-05 0.537339 9.98739E-05 9.98739E-05 9.98739E-05 9.98739E-05 0.139862 9.98739E-05 9.98739E-05 9.98739E-05 9.98739E-05 9.98739E-05 9.98739E-05 9.98739E-05 0.0533507 9.98739E-05 9.98739E-05 0.0361226 0.231927
9.98648E-05 0.186816 9.98648E-05 9.98648E-05 9.98648E-05 9.98648E-05 9.98648E-05 0.13865 0.0163323 9.98648E-05 9.98648E-05 9.98648E-05 9.98648E-05 9.98648E-05 9.98648E-05 9.98648E-05 0.656703 9.98648E-05 9.98648E-05
9.98828E-05 0.43159 9.98828E-05 9.98828E-05 9.98828E-05 0.0399743 0.0114208 0.0522715 9.98828E-05 9.98828E-05 9.98828E-05 9.98828E-05 9.98828E-05 9.98828E-05 0.050504 9.98828E-05 9.98828E-05 9.98828E-05 0.412941
9.98649E-05 0.791461 9.98649E-05 9.98649E-05 9.98649E-05 9.98649E-05 9.98649E-05 9.98649E-05 0.00613497 9.98649E-05 9.98649E-05 0.0185445 0.182362 9.98649E-05 9.98649E-05 9.98649E-05 9.98649E-05 9.98649E-05 9.98649E-05
9.98918E-05 0.473793 0.0176868 9.98918E-05 9.98918E-05 9.98918E-05 9.98918E-05 9.98918E-05 9.98918E-05 9.98918E-05 0.0381756 0.179628 9.98918E-05 0.0257623 9.98918E-05 9.98918E-05 9.98918E-05 0.137387 0.126369
9.98829E-05 0.498926 9.98829E-05 0.0377668 9.98829E-05 9.98829E-05 9.98829E-05 0.000109313 9.98829E-05 9.98829E-05 9.98829E-05 0.0297887 9.98829E-05 9.98829E-05 9.98829E-05 9.98829E-05 0.0599826 0.372128 9.98829E-05
9.98815E-05 0.322292 9.98815E-05 0.0290743 9.98815E-05 9.98815E-05 9.98815E-05 9.98815E-05 9.98815E-05 9.98815E-05 0.406368 9.98815E-05 0.232637 9.98815E-05 0.00822978 9.98815E-05 9.98815E-05 9.98815E-05 9.98815E-05
9.98917E-05 0.449151 9.98917E-05 9.98917E-05 9.98917E-05 9.98917E-05 0.0790606 9.98917E-05 9.98917E-05 0.114856 9.98917E-05 9.98917E-05 9.98917E-05 0.0236111 0.166834 0.149988 9.98917E-05 9.98917E-05 0.0153009
9.98558E-05 0.35744 9.98558E-05 9.98558E-05 0.475633 9.98558E-05 9.98558E-05 9.98558E-05 9.98558E-05 9.98558E-05 9.98558E-05 9.98558E-05 9.98558E-05 9.98558E-05 9.98558E-05 0.16533 9.98558E-05 9.98558E-05 9.98558E-05
9.98739E-05 0.452456 9.98739E-05 0.0511085 9.98739E-05 0.0673814 9.98739E-05 9.98739E-05 0.107455 9.98739E-05 9.98739E-05 9.98739E-05 9.98739E-05 9.98739E-05 9.98739E-05 9.98739E-05 9.98739E-05 0.320201 9.98739E-05
9.98648E-05 0.749521 9.98648E-05 9.98648E-05 9.98648E-05 0.0121099 9.98648E-05 9.98648E-05 9.98648E-05 9.98648E-05 0.102239 9.98648E-05 0.134633 9.98648E-05 9.98648E-05 9.98648E-05 9.98648E-05 9.98648E-05 9.98648E-05
9.98829E-05 0.533569 9.98829E-05 0.0214413 9.98829E-05 9.98829E-05 0.0149354 9.98829E-05 9.98829E-05 0.0532358 9.98829E-05 9.98829E-05 9.98829E-05 9.98829E-05 9.98829E-05 9.98829E-05 9.98829E-05 0.302508 0.0730121
9.9856E-05 0.60381 9.9856E-05 9.9856E-05 0.0215386 9.9856E-05 9.9856E-05 9.9856E-05 9.9856E-05 9.9856E-05 9.9856E-05 9.9856E-05 9.9856E-05 9.9856E-05 9.9856E-05 0.373054 9.9856E-05 9.9856E-05 9.9856E-05
9.9892E-05 9.9892E-05 9.9892E-05 0.00695146 9.9892E-05 9.9892E-05 0.097757 0.0406695 9.9892E-05 0.210605 9.9892E-05 0.517317 9.9892E-05 9.9892E-05 9.9892E-05 0.00766622 9.9892E-05 9.9892E-05 0.117836
9.98647E-05 9.98647E-05 9.98647E-05 9.98647E-05 9.98647E-05 0.127415 9.98647E-05 0.681725 9.98647E-05 9.98647E-05 0.186542 9.98647E-05 9.98647E-05 0.00281974 9.98647E-05 9.98647E-05 9.98647E-05 9.98647E-05 9.98647E-05
9.98738E-05 9.98738E-05 9.98738E-05 9.98738E-05 0.536066 0.0122801 9.98738E-05 9.98738E-05 9.98738E-05 9.98738E-05 9.98738E-05 0.374164 9.98738E-05 9.98738E-05 9.98738E-05 0.0709867 0.00510554 9.98738E-05 9.98738E-05
9.98738E-05 0.00726614 9.98738E-05 0.0135259 9.98738E-05 9.98738E-05 9.98738E-05 9.98738E-05 9.98738E-05 9.98738E-05 0.015841 0.466006 0.495963 9.98738E-05 9.98738E-05 9.98738E-05 9.98738E-05 9.98738E-05 9.98738E-05
9.98646E-05 9.98646E-05 9.98646E-05 9.98646E-05 9.98646E-05 0.13588 9.98646E-05 0.553157 9.98646E-05 9.98646E-05 9.98646E-05 9.98646E-05 0.00861412 9.98646E-05 9.98646E-05 9.98646E-05 0.30085 9.98646E-05 9.98646E-05
9.98827E-05 9.98827E-05 9.98827E-05 9.98827E-05 0.0590258 9.98827E-05 9.98827E-05 0.00232378 9.98827E-05 9.98827E-05 9.98827E-05 0.273196 9.98827E-05 9.98827E-05 0.228299 0.13814 9.98827E-05 9.98827E-05 0.297717
9.98558E-05 9.98558E-05 9.98558E-05 9.98558E-05 9.98558E-05 9.98558E-05 9.98558E-05 0.741318 9.98558E-05 9.98558E-05 9.98558E-05 0.0505468 9.98558E-05 9.98558E-05 9.98558E-05 9.98558E-05 9.98558E-05 9.98558E-05 0.206537
9.98738E-05 9.98738E-05 0.0484334 9.98738E-05 9.98738E-05 0.111269 9.98738E-05 9.98738E-05 0.0163857 9.98738E-05 9.98738E-05 0.787822 9.98738E-05 9.98738E-05 9.98738E-05 9.98738E-05 9.98738E-05 0.0346923 9.98738E-05
9.98468E-05 9.98468E-05 9.98468E-05 9.98468E-05 9.98468E-05 9.98468E-05 9.98468E-05 0.646235 9.98468E-05 9.98468E-05 9.98468E-05 9.98468E-05 9.98468E-05 9.98468E-05 9.98468E-05 0.352068 9.98468E-05 9.98468E-05 9.98468E-05
9.98649E-05 9.98649E-05 9.98649E-05 9.98649E-05 9.98649E-05 0.423301 9.98649E-05 0.229402 9.98649E-05 9.98649E-05 9.98649E-05 0.126636 0.219163 9.98649E-05 9.98649E-05 9.98649E-05 9.98649E-05 9.98649E-05 9.98649E-05
9.99008E-05 9.99008E-05 9.99008E-05 9.99008E-05 9.99008E-05 9.99008E-05 0.0650786 0.125379 9.99008E-05 0.13317 9.99008E-05 0.205164 9.99008E-05 9.99008E-05 0.0313045 0.157093 9.99008E-05 0.0431733 0.238539
9.98559E-05 9.98559E-05 9.98559E-05 9.98559E-05 0.404593 9.98559E-05 9.98559E-05 0.55872 9.98559E-05 9.98559E-05 9.98559E-05 9.98559E-05 9.98559E-05 9.98559E-05 9.98559E-05 0.0350897 9.98559E-05 9.98559E-05 9.98559E-05
9.98557E-05 9.98557E-05 9.98557E-05 9.98557E-05 9.98557E-05 0.315417 9.98557E-05 0.465672 9.98557E-05 9.98557E-05 9.98557E-05 9.98557E-05 9.98557E-05 9.98557E-05 9.98557E-05 9.98557E-05 0.217313 9.98557E-05 9.98557E-05
9.98829E-05 9.98829E-05 9.98829E-05 9.98829E-05 0.0406993 9.98829E-05 9.98829E-05 9.98829E-05 9.98829E-05 0.152945 9.98829E-05 0.257206 9.98829E-05 9.98829E-05 0.338862 0.0236519 9.98829E-05 9.98829E-05 0.185337
9.98738E-05 9.98738E-05 9.98738E-05 9.98738E-05 0.0351492 9.98738E-05 0.0522888 0.504589 9.98738E-05 9.98738E-05 9.98738E-05 9.98738E-05 9.98738E-05 9.98738E-05 0.244926 0.161649 9.98738E-05 9.98738E-05 9.98738E-05
9.98827E-05 9.98827E-05 9.98827E-05 9.98827E-05 0.0163891 9.98827E-05 9.98827E-05 9.98827E-05 9.98827E-05 9.98827E-05 0.141138 0.126026 9.98827E-05 9.98827E-05 0.212798 0.43987 9.98827E-05 9.98827E-05 0.0624806
9.98648E-05 9.98648E-05 9.98648E-05 9.98648E-05 9.98648E-05 0.121059 9.98648E-05 0.486644 9.98648E-05 9.98648E-05 9.98648E-05 9.98648E-05 0.200373 9.98648E-05 9.98648E-05 9.98648E-05 0.190426 9.98648E-05 9.98648E-05
9.98917E-05 9.98917E-05 9.98917E-05 9.98917E-05 0.0662791 9.98917E-05 0.00135058 0.25798 9.98917E-05 0.0765222 9.98917E-05 0.141033 9.98917E-05 9.98917E-05 0.0282589 0.427378 9.98917E-05 9.98917E-05 9.98917E-05
9.98829E-05 9.98829E-05 9.98829E-05 9.98829E-05 9.98829E-05 9.98829E-05 0.000767403 9.98829E-05 9.98829E-05 0.264406 9.98829E-05 0.351306 9.98829E-05 9.98829E-05 0.053877 9.98829E-05 9.98829E-05 0.061499 0.266846
9.98737E-05 9.98737E-05 9.98737E-05 9.98737E-05 9.98737E-05 9.98737E-05 9.98737E-05 0.103045 9.98737E-05 9.98737E-05 0.275705 0.429912 0.134164 0.0557763 9.98737E-05 9.98737E-05 9.98737E-05 9.98737E-05 9.98737E-05
0.0422041 0.0755748 9.99013E-05 0.0577872 0.313656 9.99013E-05 0.00527812 9.99013E-05 9.99013E-05 9.99013E-05 9.99013E-05 0.342305 9.99013E-05 9.99013E-05 9.99013E-05 9.99013E-05 0.134707 9.99013E-05 0.0273898
0.0615849 9.98919E-05 9.98919E-05 0.0331006 0.161072 9.98919E-05 9.98919E-05 0.0472975 9.98919E-05 9.98919E-05 9.98919E-05 0.452893 0.0451316 9.98919E-05 9.98919E-05 0.197722 9.98919E-05 9.98919E-05 9.98919E-05
9.98647E-05 9.98647E-05 9.98647E-05 9.98647E-05 9.98647E-05 0.0784811 9.98647E-05 0.473848 9.98647E-05 9.98647E-05 9.98647E-05 9.98647E-05 0.390068 9.98647E-05 9.98647E-05 9.98647E-05 0.0561051 9.98647E-05 9.98647E-05
9.99098E-05 9.99098E-05 0.0430348 0.0347111 9.99098E-05 9.99098E-05 9.99098E-05 0.0687299 0.0219567 0.0748246 0.36783 9.99098E-05 9.99098E-05 9.99098E-05 0.04306 0.250356 9.99098E-05 9.99098E-05 0.0944972
9.98645E-05 9.98645E-05 9.98645E-05 9.98645E-05 9.98645E-05 9.98645E-05 9.98645E-05 0.592842 9.98645E-05 9.98645E-05 9.98645E-05 0.269918 9.98645E-05 0.063189 9.98645E-05 9.98645E-05 9.98645E-05 0.0725531 9.98645E-05
9.99009E-05 0.202818 0.0939586 9.99009E-05 9.99009E-05 9.99009E-05 9.99009E-05 0.0623812 0.0361767 9.99009E-05 9.99009E-05 0.0984523 0.414642 9.99009E-05 9.99009E-05 9.99009E-05 0.0244085 0.0660635 9.99009E-05
9.99098E-05 0.0330464 0.0742391 9.99098E-05 9.99098E-05 9.99098E-05 0.017403 0.0614935 9.99098E-05 0.181275 0.0158876 9.99098E-05 0.0797487 9.99098E-05 9.99098E-05 0.504384 9.99098E-05 9.99098E-05 0.0315243
0.0267607 0.000199291 9.9892E-05 9.9892E-05 9.9892E-05 9.9892E-05 0.0813907 0.0279495 9.9892E-05 0.026875 9.9892E-05 9.9892E-05 9.9892E-05 9.9892E-05 9.9892E-05 9.9892E-05 0.0283849 0.807241 9.9892E-05
9.9892E-05 9.9892E-05 0.00979248 0.0433463 0.000392356 0.202471 9.9892E-05 9.9892E-05 9.9892E-05 9.9892E-05 9.9892E-05 9.9892E-05 0.176186 9.9892E-05 0.0264344 9.9892E-05 0.540179 9.9892E-05 9.9892E-05
9.98918E-05 0.0266455 0.0758865 9.98918E-05 9.98918E-05 0.0271982 9.98918E-05 0.139775 9.98918E-05 9.98918E-05 0.329883 9.98918E-05 0.0814343 9.98918E-05 9.98918E-05 9.98918E-05 9.98918E-05 0.317978 9.98918E-05
9.99188E-05 0.104979 9.99188E-05 0.0108687 9.99188E-05 9.99188E-05 0.0171259 0.00624032 0.0278833 0.0552274 0.208666 9.99188E-05 0.518398 9.99188E-05 9.99188E-05 9.99188E-05 0.00791878 9.99188E-05 0.0417936
9.99009E-05 9.99009E-05 9.99009E-05 0.0293786 9.99009E-05 9.99009E-05 0.036252 0.103071 9.99009E-05 9.99009E-05 9.99009E-05 0.0545155 0.201471 9.99009E-05 9.99009E-05 0.0163296 9.99009E-05 0.107621 0.450262
9.98829E-05 0.0144986 9.98829E-05 9.98829E-05 9.98829E-05 0.0405011 9.98829E-05 9.98829E-05 9.98829E-05 9.98829E-05 0.017749 9.98829E-05 0.883086 9.98829E-05 9.98829E-05 0.0294006 0.0134667 9.98829E-05 9.98829E-05
9.98827E-05 9.98827E-05 9.98827E-05 9.98827E-05 0.0966745 9.98827E-05 9.98827E-05 9.98827E-05 9.98827E-05 9.98827E-05 0.0681633 0.086998 9.98827E-05 9.98827E-05 0.203414 0.431413 9.98827E-05 9.98827E-05 0.112039
9.98738E-05 0.00232992 9.98738E-05 9.98738E-05 9.98738E-05 9.98738E-05 9.98738E-05 9.98738E-05 9.98738E-05 0.0252027 9.98738E-05 9.98738E-05 0.911959 9.98738E-05 9.98738E-05 0.0341689 9.98738E-05 0.0249417 9.98738E-05
0.0110444 9.98919E-05 9.98919E-05 9.98919E-05 0.298271 9.98919E-05 9.98919E-05 0.276203 9.98919E-05 9.98919E-05 9.98919E-05 0.055376 9.98919E-05 9.98919E-05 9.98919E-05 0.14193 0.171082 0.0448951 9.98919E-05
9.98919E-05 0.00521487 9.98919E-05 9.98919E-05 0.257081 0.0693129 9.98919E-05 0.00133629 9.98919E-05 9.98919E-05 9.98919E-05 9.98919E-05 9.98919E-05 9.98919E-05 0.102512 0.366881 9.98919E-05 0.196464 9.98919E-05
9.9928E-05 0.0116834 0.032099 9.9928E-05 0.00708397 9.9928E-05 0.00649349 0.0268946 0.0797469 0.0486335 9.9928E-05 0.0987162 0.0885583 9.9928E-05 0.0294747 9.9928E-05 9.9928E-05 0.569817 9.9928E-05
9.99008E-05 0.0230769 9.99008E-05 9.99008E-05 9.99008E-05 0.0325203 0.02944 9.99008E-05 9.99008E-05 9.99008E-05 0.240229 0.321998 9.99008E-05 9.99008E-05 0.0244965 0.012751 9.99008E-05 0.314389 9.99008E-05
9.98829E-05 9.98829E-05 9.98829E-05 0.0146388 9.98829E-05 9.98829E-05 9.98829E-05 9.98829E-05 0.00386792 9.98829E-05 0.0931221 9.98829E-05 0.0523424 9.98829E-05 0.0872118 9.98829E-05 9.98829E-05 0.747518 9.98829E-05
9.98919E-05 0.154484 9.98919E-05 9.98919E-05 0.129719 9.98919E-05 9.98919E-05 9.98919E-05 9.98919E-05 9.98919E-05 9.98919E-05 0.0236986 0.179424 9.98919E-05 9.98919E-05 0.504374 0.00572872 0.00137345 9.98919E-05
9.98829E-05 9.98829E-05 9.98829E-05 9.98829E-05 9.98829E-05 0.0295864 9.98829E-05 9.98829E-05 9.98829E-05 9.98829E-05 0.129913 9.98829E-05 0.179932 9.98829E-05 0.0288067 9.98829E-05 0.606335 0.0241284 9.98829E-05
9.98648E-05 9.98648E-05 9.98648E-05 9.98648E-05 9.98648E-05 9.98648E-05 9.98648E-05 0.262865 9.98648E-05 9.98648E-05 9.98648E-05 9.98648E-05 0.244315 9.98648E-05 9.98648E-05 9.98648E-05 0.476252 0.0150699 9.98648E-05
0.015069 9.99009E-05 0.0243425 9.99009E-05 9.99009E-05 0.142221 9.99009E-05 0.109812 0.0134219 9.99009E-05 0.469493 9.99009E-05 0.150693 9.99009E-05 9.99009E-05 9.99009E-05 9.99009E-05 0.0738486 9.99009E-05
9.9883E-05 9.9883E-05 9.9883E-05 9.9883E-05 9.9883E-05 9.9883E-05 9.9883E-05 0.0351085 0.0807833 0.0223338 9.9883E-05 9.9883E-05 0.708625 9.9883E-05 9.9883E-05 9.9883E-05 0.112771 0.0390806 9.9883E-05
9.98648E-05 9.98648E-05 9.98648E-05 9.98648E-05 9.98648E-05 9.98648E-05 9.98648E-05 9.98648E-05 9.98648E-05 9.98648E-05 9.98648E-05 0.0611101 9.98648E-05 9.98648E-05 0.0540015 9.98648E-05 0.842011 9.98648E-05 0.0413798
9.98918E-05 9.98918E-05 9.98918E-05 9.98918E-05 9.98918E-05 0.283476 9.98918E-05 0.24587 0.111671 0.0330113 0.239759 9.98918E-05 9.98918E-05 0.0107741 9.98918E-05 9.98918E-05 9.98918E-05 0.0742398 9.98918E-05
9.98917E-05 9.98917E-05 9.98917E-05 9.98917E-05 9.98917E-05 0.0250109 9.98917E-05 0.0231464 9.98917E-05 9.98917E-05 0.159324 0.28385 0.475702 0.018584 9.98917E-05 9.98917E-05 9.98917E-05 9.98917E-05 0.0131846
9.9883E-05 9.9883E-05 9.9883E-05 0.0244141 0.0356658 9.9883E-05 9.9883E-05 9.9883E-05 9.9883E-05 0.571035 9.9883E-05 9.9883E-05 0.0402096 0.0255029 0.301874 9.9883E-05 9.9883E-05 9.9883E-05 9.9883E-05
9.98738E-05 0.0197554 9.98738E-05 0.0165434 0.0241517 9.98738E-05 9.98738E-05 9.98738E-05 9.98738E-05 9.98738E-05 0.106627 9.98738E-05 9.98738E-05 9.98738E-05 0.831525 9.98738E-05 9.98738E-05 9.98738E-05 9.98738E-05
9.99279E-05 9.99279E-05 0.00273594 0.0181037 9.99279E-05 0.00620272 9.99279E-05 9.99279E-05 9.99279E-05 0.0813587 0.754902 9.99279E-05 0.00758236 0.0589557 0.0379865 0.00184264 9.99279E-05 0.0259658 0.00356428
9.98647E-05 9.98647E-05 9.98647E-05 9.98647E-05 9.98647E-05 9.98647E-05 9.98647E-05 9.98647E-05 9.98647E-05 9.98647E-05 0.105267 9.98647E-05 9.98647E-05 9.98647E-05 0.670431 0.0615813 9.98647E-05 9.98647E-05 0.161222
0.00281529 0.0612984 9.98649E-05 9.98649E-05 9.98649E-05 9.98649E-05 9.98649E-05 9.98649E-05 9.98649E-05 0.0570328 9.98649E-05 9.98649E-05 9.98649E-05 9.98649E-05 0.877355 9.98649E-05 9.98649E-05 9.98649E-05 9.98649E-05
9.98828E-05 0.0320256 9.98828E-05 0.0590454 0.44195 0.0348115 9.98828E-05 9.98828E-05 9.98828E-05 9.98828E-05 0.0323635 9.98828E-05 9.98828E-05 9.98828E-05 0.398506 9.98828E-05 9.98828E-05 9.98828E-05 9.98828E-05
0.00222607 0.0842164 9.98919E-05 9.98919E-05 0.117012 0.00377026 9.98919E-05 9.98919E-05 9.98919E-05 9.98919E-05 0.0104348 0.0312211 9.98919E-05 9.98919E-05 0.74992 9.98919E-05 9.98919E-05 9.98919E-05 9.98919E-05
9.98739E-05 9.98739E-05 9.98739E-05 9.98739E-05 9.98739E-05 0.301703 9.98739E-05 9.98739E-05 9.98739E-05 9.98739E-05 0.373973 9.98739E-05 0.128675 0.0166872 0.177563 9.98739E-05 9.98739E-05 9.98739E-05 9.98739E-05
9.9874E-05 9.9874E-05 9.9874E-05 9.9874E-05 9.9874E-05 0.450237 9.9874E-05 0.166807 9.9874E-05 9.9874E-05 9.9874E-05 9.9874E-05 0.22907 9.9874E-05 9.9874E-05 0.0239029 0.128585 9.9874E-05 9.9874E-05
9.98828E-05 0.0103532 0.0632383 9.98828E-05 9.98828E-05 9.98828E-05 9.98828E-05 9.98828E-05 9.98828E-05 0.46131 0.216755 0.234166 9.98828E-05 0.0128783 9.98828E-05 9.98828E-05 9.98828E-05 9.98828E-05 9.98828E-05
0.00542266 0.0724215 9.98739E-05 9.98739E-05 9.98739E-05 0.503831 9.98739E-05 9.98739E-05 9.98739E-05 9.98739E-05 0.342865 9.98739E-05 9.98739E-05 9.98739E-05 0.0740613 9.98739E-05 9.98739E-05 9.98739E-05 9.98739E-05
0.00219017 9.99101E-05 0.129695 0.0157939 0.00111044 0.075497 9.99101E-05 9.99101E-05 9.99101E-05 9.99101E-05 0.622203 0.0292802 9.99101E-05 0.0958067 0.0274242 9.99101E-05 9.99101E-05 9.99101E-05 9.99101E-05
0.00739562 0.0244912 9.99098E-05 9.99098E-05 9.99098E-05 9.99098E-05 9.99098E-05 9.99098E-05 9.99098E-05 0.044629 0.3518 0.254071 0.0216987 0.109999 0.171998 9.99098E-05 9.99098E-05 9.99098E-05 0.0129193
9.98739E-05 9.98739E-05 9.98739E-05 9.98739E-05 9.98739E-05 0.159156 9.98739E-05 0.0574856 9.98739E-05 9.98739E-05 0.583913 9.98739E-05 0.151593 9.98739E-05 9.98739E-05 9.98739E-05 0.0464541 9.98739E-05 9.98739E-05
9.98919E-05 0.052995 9.98919E-05 9.98919E-05 9.98919E-05 0.109913 9.98919E-05 9.98919E-05 0.0128155 0.240635 0.493634 9.98919E-05 0.0198349 9.98919E-05 9.98919E-05 9.98919E-05 0.0689747 9.98919E-05 9.98919E-05
0.0181117 9.99189E-05 0.0100283 0.0767573 9.99189E-05 9.99189E-05 9.99189E-05 0.139894 0.051983 0.202625 0.204314 9.99189E-05 9.99189E-05 9.99189E-05 0.163124 0.0796695 9.99189E-05 0.0525947 9.99189E-05
9.99098E-05 9.99098E-05 9.99098E-05 0.00535929 9.99098E-05 0.277805 0.00971686 9.99098E-05 9.99098E-05 0.0242602 0.183801 0.293881 0.0383157 0.0536228 9.99098E-05 9.99098E-05 9.99098E-05 9.99098E-05 0.112239
0.011594 0.132203 9.98828E-05 9.98828E-05 9.98828E-05 0.187245 9.98828E-05 9.98828E-05 9.98828E-05 0.271952 0.322912 0.0727947 9.98828E-05 9.98828E-05 9.98828E-05 9.98828E-05 9.98828E-05 9.98828E-05 9.98828E-05
0.00265039 9.98918E-05 9.98918E-05 9.98918E-05 9.98918E-05 9.98918E-05 9.98918E-05 9.98918E-05 9.98918E-05 0.232314 9.98918E-05 0.12874 0.00694763 9.98918E-05 0.159095 0.0325667 9.98918E-05 9.98918E-05 0.436487
0.0101922 9.9928E-05 0.00132477 9.9928E-05 9.9928E-05 9.9928E-05 9.9928E-05 9.9928E-05 9.9928E-05 0.329457 0.240794 0.26715 9.9928E-05 0.000449877 0.0679744 0.00181711 0.0035452 0.0571284 0.0193674
9.99009E-05 9.99009E-05 9.99009E-05 9.99009E-05 0.0347511 0.615619 9.99009E-05 9.99009E-05 9.99009E-05 0.0100045 0.169068 9.99009E-05 0.0672867 9.99009E-05 0.0199511 9.99009E-05 9.99009E-05 0.0240433 0.0581775
9.98919E-05 0.0625364 9.98919E-05 9.98919E-05 9.98919E-05 0.0419239 9.98919E-05 9.98919E-05 0.00458035 9.98919E-05 0.6656 0.146855 9.98919E-05 0.0197892 9.98919E-05 0.0575162 9.98919E-05 9.98919E-05 9.98919E-05
9.98829E-05 9.98829E-05 9.98829E-05 9.98829E-05 9.98829E-05 0.476884 9.98829E-05 0.0882224 9.98829E-05 9.98829E-05 0.0817008 9.98829E-05 0.296265 9.98829E-05 9.98829E-05 0.0305932 0.0250355 9.98829E-05 9.98829E-05
