9.9982E-05 0.0658974 0.590253 0.144957 0.0843309 9.9982E-05 0.114361
9.9973E-05 0.144676 0.505489 0.25928 9.9973E-05 9.9973E-05 0.0902556
0.022665 0.728365 0.194004 0.010182 0.0419403 9.9991E-05 0.00274379
9.9982E-05 9.9982E-05 0.337967 0.509439 0.038903 0.0419961 0.0714948
0.0599568 9.9982E-05 0.117617 0.583386 9.9982E-05 0.000673775 0.238166
0.0763741 0.0827282 0.690421 9.9982E-05 9.9982E-05 0.11006 0.0402172
9.99639E-05 0.763595 0.223798 9.99639E-05 0.0122077 9.99639E-05 9.99639E-05
0.0813489 0.264383 0.651166 9.9973E-05 9.9973E-05 0.00280229 9.9973E-05
0.0268432 0.0256159 0.595374 0.316137 0.03583 9.9982E-05 9.9982E-05
9.99729E-05 0.343787 0.0854327 9.99729E-05 0.109503 0.460978 9.99729E-05
9.9982E-05 0.00746672 0.458959 0.410363 0.0175623 9.9982E-05 0.105449
9.9964E-05 9.9964E-05 0.427712 0.512708 9.9964E-05 0.0591802 9.9964E-05
0.0562142 0.216613 0.107056 0.266727 0.0325644 9.9991E-05 0.320725
9.9973E-05 0.426355 0.489041 9.9973E-05 0.0201183 0.0641864 9.9973E-05
9.99549E-05 9.99549E-05 0.465127 0.534373 9.99549E-05 9.99549E-05 9.99549E-05
0.0365664 0.538669 0.0632373 9.9991E-05 0.0391806 0.243051 0.0791956
9.9964E-05 0.637578 0.330434 9.9964E-05 9.9964E-05 9.9964E-05 0.0315887
9.99639E-05 0.549413 0.421091 9.99639E-05 9.99639E-05 9.99639E-05 0.0290965
9.9973E-05 0.177694 0.344196 0.434167 9.9973E-05 9.9973E-05 0.0436432
9.9964E-05 9.9964E-05 9.9964E-05 0.098632 0.851916 9.9964E-05 0.0490524
9.9964E-05 9.9964E-05 9.9964E-05 0.114612 0.878139 9.9964E-05 0.00684911
9.99639E-05 9.99639E-05 0.0773025 9.99639E-05 0.90224 9.99639E-05 0.020058
9.9955E-05 9.9955E-05 9.9955E-05 0.311478 0.688022 9.9955E-05 9.9955E-05
9.99549E-05 9.99549E-05 9.99549E-05 0.270467 0.729034 9.99549E-05 9.99549E-05
0.197874 0.239284 0.066004 9.99819E-05 0.479525 0.0171133 9.99819E-05
0.13154 9.99729E-05 0.184587 0.260923 0.42265 9.99729E-05 9.99729E-05
0.27694 0.125463 9.9973E-05 9.9973E-05 0.238511 0.358786 9.9973E-05
0.106664 9.9982E-05 9.9982E-05 0.341327 0.388358 0.0104395 0.153012
9.99729E-05 9.99729E-05 0.0265284 9.99729E-05 0.896042 0.00791788 0.0692115
9.99549E-05 9.99549E-05 9.99549E-05 0.139217 0.860283 9.99549E-05 9.99549E-05
0.000243662 0.212659 9.9982E-05 0.0847013 0.622998 0.0791981 9.9982E-05
0.458477 9.9982E-05 0.121544 9.9982E-05 0.263855 0.0561781 0.0997454
9.99639E-05 0.260025 9.99639E-05 9.99639E-05 0.615443 0.124132 9.99639E-05
0.00481351 0.206626 0.0806721 9.99729E-05 0.707589 9.99729E-05 9.99729E-05
9.99549E-05 9.99549E-05 9.99549E-05 0.14198 0.85752 9.99549E-05 9.99549E-05
9.99549E-05 9.99549E-05 9.99549E-05 0.261601 0.737899 9.99549E-05 9.99549E-05
9.9964E-05 9.9964E-05 9.9964E-05 0.209143 0.742459 0.0479981 9.9964E-05
9.99549E-05 9.99549E-05 9.99549E-05 0.305334 0.694166 9.99549E-05 9.99549E-05
0.811783 9.99639E-05 0.152116 0.0357005 9.99639E-05 9.99639E-05 9.99639E-05
0.705949 9.9964E-05 9.9964E-05 9.9964E-05 9.9964E-05 0.115388 0.178263
0.442567 0.201065 9.9973E-05 9.9973E-05 0.0663725 0.289696 9.9973E-05
0.521893 9.9982E-05 9.9982E-05 0.266927 0.0428117 0.0752492 0.0929184
0.55926 9.99729E-05 0.129838 9.99729E-05 0.28808 9.99729E-05 0.0225219
0.568547 0.224998 0.00498257 9.9982E-05 0.103085 0.0981871 9.9982E-05
0.334409 9.9964E-05 9.9964E-05 0.550124 0.115067 9.9964E-05 9.9964E-05
0.583418 9.99639E-05 0.00433041 0.411852 9.99639E-05 9.99639E-05 9.99639E-05
0.412881 0.253696 9.99729E-05 9.99729E-05 0.18741 0.145713 9.99729E-05
0.797948 9.99639E-05 0.184311 9.99639E-05 9.99639E-05 9.99639E-05 0.0173413
0.360783 0.0685801 9.9973E-05 9.9973E-05 9.9973E-05 0.376474 0.193863
0.696808 9.9964E-05 0.0862001 0.216592 9.9964E-05 9.9964E-05 9.9964E-05
0.726352 9.9964E-05 9.9964E-05 9.9964E-05 9.9964E-05 0.127048 0.146201
0.508805 9.9982E-05 9.9982E-05 0.225197 0.109536 0.0292064 0.127055
0.416365 9.99729E-05 0.114931 0.317347 0.151057 9.99729E-05 9.99729E-05
0.489933 9.9973E-05 0.306337 0.190042 0.0133875 9.9973E-05 9.9973E-05
0.387241 9.9973E-05 9.9973E-05 0.505196 0.0849707 0.0222932 9.9973E-05
0.0478011 0.00520863 9.9973E-05 0.449046 0.497644 9.9973E-05 9.9973E-05
0.79479 0.0442139 9.99729E-05 9.99729E-05 9.99729E-05 0.0715037 0.0891922
0.597847 9.9982E-05 9.9982E-05 0.0880882 0.102083 0.107787 0.103994
0.713428 0.00964558 9.99729E-05 9.99729E-05 9.99729E-05 0.152487 0.124139
0.726815 9.99549E-05 9.99549E-05 0.272685 9.99549E-05 9.99549E-05 9.99549E-05
0.653716 9.99729E-05 0.194067 0.106549 0.0453689 9.99729E-05 9.99729E-05
0.639448 9.99639E-05 0.219083 0.141069 9.99639E-05 9.99639E-05 9.99639E-05
0.54218 0.179583 9.9982E-05 9.9982E-05 0.0887105 0.0337094 0.155616
0.515151 9.9964E-05 9.9964E-05 0.435658 0.0487913 9.9964E-05 9.9964E-05
0.473665 0.506001 9.9964E-05 9.9964E-05 9.9964E-05 0.0199338 9.9964E-05
0.322443 9.99729E-05 0.327831 0.167095 0.182332 9.99729E-05 9.99729E-05
0.595522 9.99549E-05 9.99549E-05 0.403978 9.99549E-05 9.99549E-05 9.99549E-05
0.58232 9.9955E-05 9.9955E-05 0.417181 9.9955E-05 9.9955E-05 9.9955E-05
0.423615 0.00819957 0.347497 0.0278282 0.19266 9.9982E-05 9.9982E-05
0.341199 9.9982E-05 0.256116 9.9982E-05 0.37855 0.0115146 0.0124209
0.304307 0.0318562 9.9982E-05 9.9982E-05 0.249897 0.282017 0.131723
0.533926 0.392531 9.99639E-05 9.99639E-05 9.99639E-05 0.0731431 9.99639E-05
9.9955E-05 9.9955E-05 9.9955E-05 0.314232 0.685268 9.9955E-05 9.9955E-05
0.671033 0.254064 9.99729E-05 9.99729E-05 9.99729E-05 0.0730283 0.00157412
0.61504 9.99729E-05 0.07955 0.25532 0.049791 9.99729E-05 9.99729E-05
0.264856 9.9973E-05 0.105483 0.366404 0.262958 9.9973E-05 9.9973E-05
9.99639E-05 0.192242 9.99639E-05 9.99639E-05 0.75885 0.0485081 9.99639E-05
0.242252 0.323786 9.9973E-05 9.9973E-05 0.205344 0.228318 9.9973E-05
0.0357452 0.211147 9.99639E-05 9.99639E-05 0.752708 9.99639E-05 9.99639E-05
0.301597 9.9982E-05 0.143158 9.9982E-05 0.435112 0.00636826 0.113564
0.292434 0.0274143 9.9982E-05 9.9982E-05 0.176886 0.277857 0.225209
0.454477 9.9964E-05 9.9964E-05 0.307516 0.237607 9.9964E-05 9.9964E-05
0.74693 9.9982E-05 9.9982E-05 0.17181 0.0158061 0.0225635 0.0426897
0.49522 9.9982E-05 9.9982E-05 0.268143 0.14156 0.0741999 0.0206763
0.659586 0.194813 9.99639E-05 9.99639E-05 9.99639E-05 0.145202 9.99639E-05
0.613033 9.9973E-05 9.9973E-05 0.151589 0.116828 9.9973E-05 0.118249
0.573739 9.99549E-05 9.99549E-05 0.425761 9.99549E-05 9.99549E-05 9.99549E-05
0.188482 0.265099 0.141292 9.99729E-05 0.404827 9.99729E-05 9.99729E-05
0.530977 0.429657 9.9973E-05 9.9973E-05 0.000762011 0.0383046 9.9973E-05
0.170082 9.9973E-05 0.367647 0.083407 0.378564 9.9973E-05 9.9973E-05
0.599089 0.396016 9.99639E-05 9.99639E-05 0.00449529 9.99639E-05 9.99639E-05
0.493583 0.442419 9.99639E-05 9.99639E-05 0.0635974 9.99639E-05 9.99639E-05
0.332856 9.9973E-05 0.0804448 0.43387 0.152529 9.9973E-05 9.9973E-05
0.64048 0.1583 0.20082 9.9964E-05 9.9964E-05 9.9964E-05 9.9964E-05
0.444579 0.125389 0.274777 9.9973E-05 0.154956 9.9973E-05 9.9973E-05
0.0316485 0.10452 9.99729E-05 9.99729E-05 9.99729E-05 0.187065 0.676467
0.102771 0.0947751 9.9982E-05 9.9982E-05 0.0495633 0.0857415 0.666949
0.0397222 9.9973E-05 9.9973E-05 0.119313 0.0100916 9.9973E-05 0.830573
9.9973E-05 0.00486419 0.314856 0.252561 9.9973E-05 9.9973E-05 0.427419
9.99639E-05 0.146591 9.99639E-05 9.99639E-05 9.99639E-05 0.206263 0.646745
9.99729E-05 0.0969045 0.541852 0.14373 9.99729E-05 9.99729E-05 0.217214
9.99549E-05 0.606149 9.99549E-05 9.99549E-05 9.99549E-05 9.99549E-05 0.393351
0.0154987 0.0888984 9.99729E-05 9.99729E-05 9.99729E-05 0.100476 0.794827
9.9982E-05 0.0418442 0.211381 9.9982E-05 0.0801194 0.0025025 0.663952
9.99639E-05 9.99639E-05 9.99639E-05 0.346692 0.0791687 9.99639E-05 0.57374
0.00854839 0.0325217 9.9973E-05 9.9973E-05 9.9973E-05 0.501882 0.456748
9.9982E-05 0.107719 9.9982E-05 0.397535 0.0375469 0.0153267 0.441672
0.0197056 0.203937 9.9973E-05 9.9973E-05 9.9973E-05 0.000116948 0.77594
0.0398238 0.0220361 0.380439 0.0107674 9.9982E-05 9.9982E-05 0.546734
9.9973E-05 9.9973E-05 0.189926 9.9973E-05 0.0884061 0.0693307 0.652037
9.99729E-05 0.443296 0.231483 9.99729E-05 0.0314423 9.99729E-05 0.293479
0.0498758 9.99729E-05 0.0982092 0.455917 9.99729E-05 9.99729E-05 0.395698
9.9973E-05 0.0461097 9.9973E-05 0.514247 0.0366199 9.9973E-05 0.402723
0.118966 9.9982E-05 0.109012 9.9982E-05 0.121393 0.0740756 0.576353
9.99639E-05 0.348853 0.0065629 9.99639E-05 9.99639E-05 9.99639E-05 0.644184
9.9964E-05 9.9964E-05 0.199225 9.9964E-05 0.100456 9.9964E-05 0.699919
9.9964E-05 9.9964E-05 9.9964E-05 0.282083 0.00252748 9.9964E-05 0.714989
9.9982E-05 9.9982E-05 0.441021 0.380291 0.0274159 0.00378085 0.147291
9.9982E-05 0.155471 0.381525 0.0196546 0.00537371 0.437776 9.9982E-05
0.0411039 0.148235 0.0681743 0.59514 0.000749117 0.0471956 0.0994021
9.9982E-05 0.295872 0.419692 9.9982E-05 0.0183813 0.12506 0.140795
9.99729E-05 0.150033 0.0293831 9.99729E-05 9.99729E-05 0.791334 0.0289503
9.99729E-05 0.034307 0.307743 0.598677 9.99729E-05 9.99729E-05 0.0589731
9.99729E-05 9.99729E-05 0.262982 0.231874 0.0505552 0.45429 9.99729E-05
0.0955639 0.189376 0.563186 0.0277201 9.9982E-05 9.9982E-05 0.123953
9.9973E-05 9.9973E-05 0.200666 0.303392 0.072216 0.423426 9.9973E-05
9.9973E-05 0.570664 0.0288328 0.0322395 9.9973E-05 0.367964 9.9973E-05
0.0363875 9.9982E-05 0.390419 0.453249 9.9982E-05 0.0634605 0.0562839
9.9973E-05 9.9973E-05 0.0605195 0.526116 0.0630993 0.349965 9.9973E-05
0.0108723 0.302456 9.9973E-05 9.9973E-05 9.9973E-05 0.679987 0.00638452
9.99729E-05 0.0413966 0.235021 0.641915 9.99729E-05 9.99729E-05 0.0813676
9.99729E-05 9.99729E-05 0.174084 0.539651 0.0273725 0.258592 9.99729E-05
9.99729E-05 0.259127 0.176477 0.554165 9.99729E-05 9.99729E-05 0.00993095
9.99549E-05 0.18293 9.99549E-05 9.99549E-05 9.99549E-05 0.816571 9.99549E-05
0.00598393 9.99729E-05 0.22843 0.597884 9.99729E-05 0.167403 9.99729E-05
9.99639E-05 9.99639E-05 0.446035 0.394872 9.99639E-05 9.99639E-05 0.158692
9.99639E-05 0.307395 0.666442 9.99639E-05 0.0257634 9.99639E-05 9.99639E-05
9.9991E-05 0.205447 0.00643406 0.437943 0.111005 0.0298679 0.209203
9.9991E-05 0.137209 0.136327 0.473038 0.0749905 0.0859312 0.0924042
9.99639E-05 0.245793 0.111392 9.99639E-05 9.99639E-05 0.642415 9.99639E-05
0.0263885 0.162917 0.582597 0.12521 0.0913464 0.0114404 9.9991E-05
9.99639E-05 9.99639E-05 0.679099 9.99639E-05 0.0398091 0.280692 9.99639E-05
0.0575623 0.175052 0.173388 9.9991E-05 0.0679072 0.235693 0.290298
0.0564315 9.9991E-05 0.322629 0.38746 0.0624809 0.0493623 0.121536
0.0636413 9.9982E-05 0.330203 9.9982E-05 0.0584976 0.171651 0.375808
0.0145145 0.310393 9.9991E-05 0.0112907 0.0358774 0.479766 0.148058
0.00968485 0.135718 0.42797 9.9991E-05 0.0758018 0.205843 0.144883
0.0206285 0.3728 0.221414 9.9991E-05 0.028171 0.185187 0.171699
9.9982E-05 9.9982E-05 0.151524 0.358849 0.087788 0.288887 0.112751
9.99729E-05 0.496594 0.0437366 9.99729E-05 9.99729E-05 0.353481 0.105888
9.99729E-05 0.102382 0.25117 0.5885 9.99729E-05 9.99729E-05 0.0576475
9.99729E-05 0.314672 0.164064 9.99729E-05 9.99729E-05 0.348561 0.172403
9.9982E-05 9.9982E-05 0.128321 0.347621 0.039898 0.372885 0.111075
9.9982E-05 9.9982E-05 0.0322725 0.59852 0.0121374 0.158378 0.198492
0.0908291 9.9982E-05 0.489288 9.9982E-05 0.0639087 0.111661 0.244113
0.0374393 0.134655 0.57764 9.99729E-05 9.99729E-05 9.99729E-05 0.249966
9.9973E-05 9.9973E-05 0.464864 9.9973E-05 0.100488 0.148836 0.285512
9.9991E-05 0.0405328 0.089326 0.379578 0.0319204 0.115361 0.343181
9.9964E-05 0.301251 9.9964E-05 9.9964E-05 9.9964E-05 0.423538 0.274811
9.9973E-05 0.161129 9.9973E-05 9.9973E-05 0.000148818 0.673413 0.165009
0.0482585 0.453521 0.353867 9.9973E-05 9.9973E-05 0.144054 9.9973E-05
0.06005 0.183118 0.0518481 9.9991E-05 0.0229131 0.538102 0.143869
9.9973E-05 0.2774 9.9973E-05 0.0222621 9.9973E-05 0.423417 0.276622
0.115928 0.385582 0.278525 9.9982E-05 0.0262796 0.193485 9.9982E-05
9.99729E-05 0.50089 0.336134 0.00356116 9.99729E-05 0.159114 9.99729E-05
0.0146897 9.9973E-05 0.372833 0.573698 0.0384799 9.9973E-05 9.9973E-05
9.99729E-05 0.104248 0.271259 0.622438 0.00175473 9.99729E-05 9.99729E-05
9.9973E-05 0.481046 0.488918 0.0127463 0.0169901 9.9973E-05 9.9973E-05
9.99639E-05 0.130822 0.284321 0.584457 9.99639E-05 9.99639E-05 9.99639E-05
9.9973E-05 0.074848 0.196843 0.685668 9.9973E-05 9.9973E-05 0.0423417
9.9982E-05 0.180994 0.0294666 0.642654 0.0959325 9.9982E-05 0.0507529
9.99639E-05 0.171445 0.135315 0.69284 9.99639E-05 9.99639E-05 9.99639E-05
9.9982E-05 0.704702 0.225809 0.0289037 0.0350918 0.00529356 9.9982E-05
9.9964E-05 0.570283 0.000139217 9.9964E-05 9.9964E-05 0.429178 9.9964E-05
0.0371404 0.0384011 0.672185 0.175383 9.9982E-05 9.9982E-05 0.0766905
9.9973E-05 0.929901 9.9973E-05 0.0506409 0.00486487 9.9973E-05 0.014293
0.0596753 0.532037 0.32784 9.9973E-05 0.0801477 9.9973E-05 9.9973E-05
9.99729E-05 0.330804 0.474971 0.161768 9.99729E-05 9.99729E-05 0.0321568
9.9964E-05 0.6873 0.194913 9.9964E-05 9.9964E-05 0.117387 9.9964E-05
0.0145797 0.543868 0.251163 0.0964777 9.9982E-05 9.9982E-05 0.0937124
0.0433676 9.9982E-05 0.660494 0.154392 0.120445 0.0211015 9.9982E-05
0.0556093 0.533276 0.3081 0.0744563 0.0283586 9.9982E-05 9.9982E-05
0.00820821 0.382539 0.38363 0.071776 9.9982E-05 9.9982E-05 0.153647
9.99729E-05 0.124205 0.254797 0.602218 9.99729E-05 9.99729E-05 0.0184804
0.00121665 0.0611593 0.631968 0.228076 9.9982E-05 9.9982E-05 0.0773797
0.042909 0.806825 9.9973E-05 0.0674276 9.9973E-05 0.0825387 9.9973E-05
0.0121606 0.622068 0.294947 9.9973E-05 9.9973E-05 9.9973E-05 0.0705242
9.9955E-05 0.683133 9.9955E-05 9.9955E-05 9.9955E-05 0.316367 9.9955E-05
9.99549E-05 9.99549E-05 0.50871 0.490791 9.99549E-05 9.99549E-05 9.99549E-05
0.0253609 0.0993524 0.783467 0.0827162 0.00890346 9.9982E-05 9.9982E-05
0.0243663 0.707315 0.0889222 9.99729E-05 9.99729E-05 0.179097 9.99729E-05
0.0549513 9.9982E-05 0.293307 0.550461 9.9982E-05 0.0843929 0.0166872
9.9973E-05 9.9973E-05 0.415559 0.298798 0.0587005 0.226642 9.9973E-05
0.0686104 0.444036 0.0742638 9.9991E-05 0.0913123 0.207459 0.114219
0.00973002 9.9982E-05 0.379456 9.9982E-05 0.0908392 0.454766 0.0650089
9.9982E-05 0.0394751 0.309314 0.449715 0.121794 0.0795025 9.9982E-05
9.9973E-05 9.9973E-05 0.313657 0.520801 0.0204064 0.144835 9.9973E-05
0.0568571 9.9973E-05 0.340027 0.533239 9.9973E-05 0.0695775 9.9973E-05
9.9982E-05 0.184596 9.9982E-05 0.00954875 0.046951 0.726221 0.0324828
9.9973E-05 0.284125 0.443445 9.9973E-05 0.0404443 0.231686 9.9973E-05
0.0264008 9.9973E-05 0.598044 9.9973E-05 0.0574879 9.9973E-05 0.317768
9.99639E-05 9.99639E-05 0.472721 0.424634 9.99639E-05 0.102245 9.99639E-05
0.00662628 0.185585 0.0807916 9.9991E-05 0.0141226 0.488511 0.224263
9.9973E-05 0.253819 0.622836 9.9973E-05 0.0615709 0.0614735 9.9973E-05
0.00466229 0.341773 0.556259 9.9982E-05 0.0398646 0.0572407 9.9982E-05
9.99729E-05 9.99729E-05 0.492084 9.99729E-05 0.0654795 0.161548 0.280589
9.99639E-05 0.504919 0.256145 9.99639E-05 9.99639E-05 9.99639E-05 0.238536
0.0217448 0.122304 0.531803 0.22892 9.9982E-05 9.9982E-05 0.0950286
9.9982E-05 9.9982E-05 0.888715 0.00377709 0.00901087 0.0208691 0.0774281
9.9973E-05 9.9973E-05 0.207197 0.594659 0.0499621 0.147881 9.9973E-05
0.141545 0.276639 0.257484 9.99819E-05 0.0493097 0.274822 9.99819E-05
0.0205893 9.99729E-05 0.497891 0.40584 9.99729E-05 0.0753799 9.99729E-05
9.9973E-05 0.0488716 0.259053 0.610378 9.9973E-05 0.0813973 9.9973E-05
9.99639E-05 0.618338 0.0949729 9.99639E-05 9.99639E-05 0.28629 9.99639E-05
9.99639E-05 0.448879 0.412293 0.138428 9.99639E-05 9.99639E-05 9.99639E-05
0.0634844 0.538522 0.355067 9.9973E-05 9.9973E-05 0.0426268 9.9973E-05
9.9973E-05 9.9973E-05 0.312271 0.633117 0.0532003 0.00111124 9.9973E-05
0.208502 0.0878213 0.0643951 0.478175 0.0865182 0.0136931 0.0608944
0.0835392 0.0121266 0.480721 0.423313 9.9973E-05 9.9973E-05 9.9973E-05
9.9973E-05 0.624418 0.123869 9.9973E-05 0.0182706 0.233143 9.9973E-05
0.0284531 0.0573458 0.514872 0.378377 9.9982E-05 9.9982E-05 0.0207515
0.0260084 9.9982E-05 0.47518 0.428306 0.012015 9.9982E-05 0.0582906
9.9973E-05 0.0377718 0.256574 0.598862 9.9973E-05 9.9973E-05 0.106492
9.9982E-05 0.844823 0.0113035 0.00853543 9.9982E-05 0.0311042 0.104034
9.9973E-05 0.333277 0.654473 9.9973E-05 0.00868223 9.9973E-05 0.0032685
9.9982E-05 0.177911 0.130492 0.619605 0.0462714 0.0255212 9.9982E-05
0.088428 0.414559 0.234019 0.0851778 9.9991E-05 0.163555 0.0141611
0.017811 9.9973E-05 0.337406 0.580656 9.9973E-05 9.9973E-05 0.0638273
9.9982E-05 0.280602 0.0389609 0.400886 9.9982E-05 0.103713 0.175638
0.0533361 0.244321 0.502844 0.131693 0.0232159 9.9991E-05 0.0444904
9.9973E-05 0.749092 9.9973E-05 0.0099021 0.00587689 0.234829 9.9973E-05
0.000260885 0.161463 0.741248 0.0487352 0.0480928 9.9982E-05 9.9982E-05
9.99819E-05 0.151259 0.328543 9.99819E-05 0.0674115 0.170041 0.282545
9.9964E-05 0.289204 9.9964E-05 9.9964E-05 9.9964E-05 0.421258 0.289138
0.025239 0.253865 0.624272 9.99729E-05 9.99729E-05 9.99729E-05 0.0963238
9.99639E-05 0.413781 0.173335 9.99639E-05 9.99639E-05 9.99639E-05 0.412484
9.9991E-05 0.284402 0.542172 0.0213493 0.0028759 0.107132 0.0419687
9.9982E-05 0.0528896 0.384735 0.470745 9.9982E-05 0.0332503 0.0581801
9.9982E-05 0.101166 0.0973302 9.9982E-05 0.0448344 0.629989 0.12648
0.0155689 9.9982E-05 0.0356183 0.594233 0.086656 0.267723 9.9982E-05
0.00310754 9.99729E-05 0.341189 0.327375 9.99729E-05 9.99729E-05 0.328029
9.9991E-05 0.086502 0.0862646 0.437978 0.0388368 0.0866376 0.263681
9.99639E-05 0.287395 9.99639E-05 9.99639E-05 9.99639E-05 0.290687 0.421518
9.99639E-05 0.414214 9.99639E-05 9.99639E-05 9.99639E-05 0.356931 0.228456
9.9982E-05 0.0578578 0.264164 0.544727 0.0528974 0.0801539 9.9982E-05
0.0529051 0.374431 0.512654 9.9973E-05 9.9973E-05 9.9973E-05 0.05971
0.011874 0.0855628 0.503363 9.9991E-05 0.0392445 0.0318087 0.328047
9.99639E-05 0.40688 9.99639E-05 9.99639E-05 9.99639E-05 0.374756 0.217964
9.9982E-05 9.9982E-05 0.358412 0.0321604 0.0330119 0.165918 0.410299
9.9982E-05 9.9982E-05 0.283221 0.30126 0.0990064 0.160027 0.156285
9.99639E-05 0.0774288 0.382049 0.540122 9.99639E-05 9.99639E-05 9.99639E-05
9.99639E-05 9.99639E-05 0.444333 0.335806 9.99639E-05 9.99639E-05 0.219461
9.9991E-05 0.0165787 0.155883 0.305899 0.0102121 0.076858 0.43447
9.9982E-05 0.813196 0.0607265 0.0320585 0.0560478 9.9982E-05 0.0377711
9.9964E-05 9.9964E-05 0.482234 0.439893 9.9964E-05 9.9964E-05 0.0774733
9.9973E-05 0.771022 0.0794947 0.0604924 9.9973E-05 9.9973E-05 0.0886914
0.00918721 0.368708 0.442208 0.0238588 9.9982E-05 9.9982E-05 0.155838
0.00217277 9.9964E-05 0.610781 0.386646 9.9964E-05 9.9964E-05 9.9964E-05
0.00192813 0.792747 9.9982E-05 0.0235748 0.0268607 0.15469 9.9982E-05
0.0189149 0.197311 0.0914039 9.9982E-05 9.9982E-05 0.223352 0.468819
9.9982E-05 0.533217 0.345316 9.9982E-05 0.0010466 0.0811471 0.0390736
9.9982E-05 9.9982E-05 0.236036 0.272052 0.0908567 0.173949 0.226906
9.9982E-05 0.0084647 0.530269 9.9982E-05 0.103562 0.183949 0.173555
9.9982E-05 0.170175 0.435944 0.259731 0.0609721 0.0729781 9.9982E-05
0.000151501 0.647447 9.9982E-05 0.015018 9.9982E-05 0.240959 0.0962245
0.0163537 0.178327 9.9991E-05 0.710945 0.0180204 0.0550133 0.0212408
0.167535 0.264047 0.282709 9.9991E-05 0.0595305 0.0508151 0.175264
0.0450069 0.107817 0.213587 0.458614 0.0242723 9.9991E-05 0.150603
0.00373083 0.162742 9.9982E-05 0.671444 0.0673731 9.9982E-05 0.0945093
9.9991E-05 0.111881 0.221931 0.48736 0.0342864 0.0306928 0.113749
0.00321487 0.0673013 0.381507 0.442984 0.0652352 0.0120481 0.0277099
0.0754849 0.212006 0.0792767 0.482095 0.061364 0.0502168 0.0395566
0.0559608 0.350318 0.351174 9.9982E-05 0.0852336 9.9982E-05 0.157114
0.0651738 0.550323 0.264069 9.9991E-05 0.0425257 0.0227836 0.0550245
0.0356672 0.0739234 9.9991E-05 0.648728 0.0251753 0.172986 0.0434202
0.00187328 9.9982E-05 9.9982E-05 0.382928 0.00537554 0.22051 0.389113
0.0585502 0.146434 0.270627 9.9991E-05 0.0839161 0.201561 0.238811
9.9973E-05 0.133539 9.9973E-05 9.9973E-05 0.0178744 0.638792 0.209495
9.9955E-05 0.879558 9.9955E-05 9.9955E-05 9.9955E-05 0.119942 9.9955E-05
0.0104075 0.332576 9.9973E-05 9.9973E-05 9.9973E-05 0.480936 0.175781
