9.9982E-05 9.9982E-05 0.451386 0.308187 0.127135 0.111061 0.00203134
9.9982E-05 0.0170245 0.53787 0.349807 0.003255 0.0918434 9.9982E-05
0.073635 0.0262256 9.9982E-05 0.830034 0.0400316 9.9982E-05 0.0298736
0.0314454 9.9991E-05 0.502262 0.052454 0.0367565 0.0973698 0.279612
9.9973E-05 0.0323881 0.488019 9.9973E-05 9.9973E-05 0.225949 0.253343
0.112046 0.0819171 0.293329 0.421272 0.0376261 0.0537094 9.9991E-05
0.0920937 0.00495476 9.9982E-05 0.882133 0.0138293 9.9982E-05 0.00678929
0.0277587 0.104541 0.249564 0.603669 0.0142678 9.9982E-05 9.9982E-05
9.9982E-05 0.0115899 0.508974 0.264831 0.0407691 9.9982E-05 0.173636
0.593837 9.9973E-05 0.0396171 0.249655 0.116591 9.9973E-05 9.9973E-05
9.9982E-05 9.9982E-05 0.687229 0.116016 0.0417306 0.108124 0.0466999
0.0870671 9.9973E-05 0.700282 0.0056275 9.9973E-05 9.9973E-05 0.206724
9.999E-05 0.0529112 0.0697111 0.266842 0.0170926 0.312968 0.280375
0.120418 9.9973E-05 0.0778917 0.746385 0.0550056 9.9973E-05 9.9973E-05
0.061678 9.9955E-05 0.937822 9.9955E-05 9.9955E-05 9.9955E-05 9.9955E-05
0.343035 0.058438 9.9982E-05 0.492538 0.0214365 0.0843523 9.9982E-05
0.0576241 9.9973E-05 9.9973E-05 0.853617 9.9973E-05 0.0368115 0.0516475
9.99639E-05 9.99639E-05 0.0966294 0.865799 9.99639E-05 0.0371715 9.99639E-05
9.9973E-05 9.9973E-05 0.309919 0.317264 9.9973E-05 0.0339346 0.338583
9.9964E-05 9.9964E-05 0.0929947 9.9964E-05 0.859515 0.0470908 9.9964E-05
9.9964E-05 9.9964E-05 9.9964E-05 9.9964E-05 0.8298 0.00684627 0.162954
9.99549E-05 9.99549E-05 9.99549E-05 9.99549E-05 0.935757 0.0637435 9.99549E-05
9.99549E-05 9.99549E-05 9.99549E-05 9.99549E-05 0.620109 9.99549E-05 0.379391
9.99639E-05 9.99639E-05 0.108931 9.99639E-05 0.737417 9.99639E-05 0.153252
0.0546964 0.174304 9.99729E-05 0.27236 0.49834 9.99729E-05 9.99729E-05
9.99639E-05 0.114353 0.435739 9.99639E-05 0.449508 9.99639E-05 9.99639E-05
0.484803 0.293718 9.9964E-05 9.9964E-05 0.221079 9.9964E-05 9.9964E-05
9.9982E-05 0.117127 0.227591 9.9982E-05 0.373188 0.141356 0.140538
0.0199494 9.99639E-05 9.99639E-05 9.99639E-05 0.899911 0.0797397 9.99639E-05
9.99549E-05 9.99549E-05 9.99549E-05 9.99549E-05 0.84131 9.99549E-05 0.15819
0.154662 0.0154334 9.9982E-05 0.0960099 0.593535 9.9982E-05 0.14016
0.053213 0.442367 9.9982E-05 0.0817769 0.299668 0.122775 9.9982E-05
0.292806 9.99639E-05 9.99639E-05 0.064988 0.641806 9.99639E-05 9.99639E-05
9.99639E-05 0.00024597 9.99639E-05 0.278411 0.720944 9.99639E-05 9.99639E-05
9.99549E-05 9.99549E-05 9.99549E-05 9.99549E-05 0.836229 9.99549E-05 0.163271
9.9964E-05 9.9964E-05 0.175864 9.9964E-05 0.763694 9.9964E-05 0.0600423
0.0660405 9.9964E-05 0.160017 9.9964E-05 0.773543 9.9964E-05 9.9964E-05
9.99549E-05 9.99549E-05 9.99549E-05 9.99549E-05 0.659899 9.99549E-05 0.339601
9.99729E-05 0.820249 0.125689 9.99729E-05 9.99729E-05 0.0292579 0.0245047
0.13529 0.695672 9.9964E-05 9.9964E-05 9.9964E-05 0.168638 9.9964E-05
0.46033 0.46719 9.9964E-05 9.9964E-05 0.0720806 9.9964E-05 9.9964E-05
0.0302528 0.516516 9.9982E-05 9.9982E-05 0.0219396 0.0949562 0.336135
9.99729E-05 0.555108 9.99729E-05 0.0794086 0.316493 0.0486903 9.99729E-05
0.145861 0.579397 9.9973E-05 0.163131 0.11131 9.9973E-05 9.9973E-05
9.9973E-05 0.288171 0.363174 9.9973E-05 0.111396 9.9973E-05 0.236959
9.9964E-05 0.557624 0.439305 9.9964E-05 9.9964E-05 9.9964E-05 0.00267141
0.231973 0.431512 9.99729E-05 0.155681 0.180535 9.99729E-05 9.99729E-05
9.99729E-05 0.804394 0.143538 9.99729E-05 0.00618438 0.0455847 9.99729E-05
0.45136 0.353537 9.9964E-05 9.9964E-05 9.9964E-05 0.194703 9.9964E-05
9.9964E-05 0.693949 0.2327 9.9964E-05 9.9964E-05 9.9964E-05 0.0729509
0.125355 0.726193 9.9964E-05 9.9964E-05 9.9964E-05 0.148052 9.9964E-05
9.9973E-05 0.510453 9.9973E-05 9.9973E-05 0.0749772 0.133931 0.280339
9.99639E-05 0.398584 0.438035 9.99639E-05 0.162981 9.99639E-05 9.99639E-05
9.9964E-05 0.493925 0.480667 9.9964E-05 0.0250079 9.9964E-05 9.9964E-05
9.9973E-05 0.382248 0.121481 9.9973E-05 0.0720245 9.9973E-05 0.423946
9.9973E-05 0.0337793 9.9973E-05 0.0113244 0.449048 9.9973E-05 0.505548
0.0937776 0.780739 9.99729E-05 0.0459728 9.99729E-05 0.0792107 9.99729E-05
0.0692454 0.604325 9.9982E-05 9.9982E-05 0.0945752 0.115024 0.11663
0.175496 0.703041 9.99639E-05 9.99639E-05 9.99639E-05 0.121063 9.99639E-05
9.99639E-05 0.729933 0.152749 9.99639E-05 9.99639E-05 9.99639E-05 0.116918
9.99639E-05 0.650315 0.277059 9.99639E-05 0.0722266 9.99639E-05 9.99639E-05
9.99549E-05 0.641848 0.357652 9.99549E-05 9.99549E-05 9.99549E-05 9.99549E-05
0.0578096 0.526278 9.9982E-05 0.172245 0.101861 0.141607 9.9982E-05
9.99639E-05 0.500509 9.99639E-05 9.99639E-05 0.0079801 9.99639E-05 0.491111
0.144459 0.497957 9.9964E-05 0.357184 9.9964E-05 9.9964E-05 9.9964E-05
9.99639E-05 0.332249 0.455438 9.99639E-05 0.211913 9.99639E-05 9.99639E-05
9.9964E-05 0.601547 0.197218 9.9964E-05 9.9964E-05 9.9964E-05 0.200835
9.9964E-05 0.578524 0.364372 9.9964E-05 9.9964E-05 9.9964E-05 0.0567037
9.99729E-05 0.397374 0.247321 0.120671 0.234334 9.99729E-05 9.99729E-05
0.0209991 0.333256 0.0559365 0.117771 0.431933 0.0400044 9.9991E-05
0.323474 0.290311 9.9973E-05 9.9973E-05 0.261369 0.124546 9.9973E-05
0.249401 0.582891 9.99639E-05 0.167309 9.99639E-05 9.99639E-05 9.99639E-05
9.9964E-05 9.9964E-05 0.0363259 9.9964E-05 0.670914 9.9964E-05 0.29236
0.14081 0.686154 9.99729E-05 0.147932 9.99729E-05 0.0248037 9.99729E-05
9.99639E-05 0.581828 0.352612 9.99639E-05 0.0651603 9.99639E-05 9.99639E-05
9.9973E-05 0.241208 0.361475 9.9973E-05 0.278905 9.9973E-05 0.118112
0.134749 9.99639E-05 9.99639E-05 0.0980241 0.766827 9.99639E-05 9.99639E-05
0.425225 0.286579 9.9973E-05 0.0852248 0.202671 9.9973E-05 9.9973E-05
0.0345756 0.0272129 9.99729E-05 0.180043 0.757868 9.99729E-05 9.99729E-05
0.0109151 0.308268 0.0360882 9.9982E-05 0.478196 0.166333 9.9982E-05
0.326242 0.294708 9.9973E-05 9.9973E-05 0.15359 0.22516 9.9973E-05
9.99639E-05 0.44679 9.99639E-05 9.99639E-05 0.198193 9.99639E-05 0.354616
9.99639E-05 0.732668 9.99639E-05 9.99639E-05 9.99639E-05 0.0471655 0.219766
0.0406974 0.502863 9.9982E-05 9.9982E-05 0.105706 0.0271909 0.323343
0.233212 0.685257 9.99639E-05 0.0811309 9.99639E-05 9.99639E-05 9.99639E-05
9.9982E-05 0.606106 0.148227 9.9982E-05 0.116651 0.122217 0.00659877
9.99639E-05 0.572892 0.182927 9.99639E-05 9.99639E-05 9.99639E-05 0.243781
9.99639E-05 0.181025 9.99639E-05 0.395255 0.423321 9.99639E-05 9.99639E-05
0.148771 0.540313 9.9973E-05 0.309574 0.00104216 9.9973E-05 9.9973E-05
9.9973E-05 0.177315 0.353049 0.038226 0.43111 9.9973E-05 9.9973E-05
9.99549E-05 0.599868 9.99549E-05 0.399632 9.99549E-05 9.99549E-05 9.99549E-05
9.9964E-05 0.496645 9.9964E-05 0.438617 0.0643377 9.9964E-05 9.9964E-05
9.9973E-05 0.321382 0.449822 9.9973E-05 0.160783 9.9973E-05 0.0677126
9.9973E-05 0.651125 0.0148028 0.31063 9.9973E-05 9.9973E-05 0.0231421
9.9973E-05 0.451787 0.0501265 0.31248 0.185307 9.9973E-05 9.9973E-05
0.242302 0.0522113 9.99639E-05 9.99639E-05 9.99639E-05 0.705087 9.99639E-05
0.101352 0.104077 9.9982E-05 0.0754514 0.0544491 0.66447 9.9982E-05
9.9964E-05 0.0337248 9.9964E-05 9.9964E-05 9.9964E-05 0.798746 0.167129
9.9973E-05 9.9973E-05 0.387222 0.102829 9.9973E-05 0.46835 0.0412989
0.295931 9.99729E-05 9.99729E-05 0.0306784 0.0084024 0.664688 9.99729E-05
9.9982E-05 9.9982E-05 0.326321 0.352621 0.0261389 0.227656 0.0670633
0.0245049 9.99639E-05 9.99639E-05 0.573204 9.99639E-05 0.401891 9.99639E-05
0.137795 0.0311371 9.99729E-05 0.029264 9.99729E-05 0.801504 9.99729E-05
0.00944927 9.9973E-05 9.9973E-05 0.193985 0.110598 0.685668 9.9973E-05
9.9973E-05 9.9973E-05 0.295502 9.9973E-05 0.0731815 0.58625 0.0447666
0.557869 0.00316941 9.9964E-05 9.9964E-05 9.9964E-05 0.438561 9.9964E-05
0.029779 9.9973E-05 0.454317 9.9973E-05 0.0383813 0.477223 9.9973E-05
0.0442388 0.0173057 9.9973E-05 0.174851 9.9973E-05 0.763305 9.9973E-05
9.99729E-05 0.0499619 0.227263 0.174235 9.99729E-05 0.54824 9.99729E-05
0.109867 9.9982E-05 0.0765939 0.00838938 0.106735 0.698215 9.9982E-05
0.048095 9.9982E-05 0.021099 0.593939 0.0558092 0.280858 9.9982E-05
9.99729E-05 0.0513317 0.403182 9.99729E-05 9.99729E-05 0.387149 0.158038
9.99639E-05 9.99639E-05 9.99639E-05 0.0313797 9.99639E-05 0.384985 0.583235
0.0784019 0.123892 9.9982E-05 0.0421744 0.142071 0.61326 9.9982E-05
0.00748404 9.99639E-05 9.99639E-05 0.362018 9.99639E-05 0.630098 9.99639E-05
9.9973E-05 0.00104627 0.170758 9.9973E-05 0.107331 0.720565 9.9973E-05
9.9955E-05 9.9955E-05 9.9955E-05 9.9955E-05 9.9955E-05 0.692824 0.306676
9.9982E-05 9.9982E-05 0.533686 0.142008 0.0397189 0.166415 0.117973
0.505468 9.99729E-05 0.247454 0.211621 0.0351573 9.99729E-05 9.99729E-05
9.9982E-05 0.0162961 0.0270306 0.236412 9.9982E-05 0.0714608 0.648601
0.165789 9.9991E-05 0.0412053 0.574126 0.0635224 0.152476 0.00278158
0.907634 0.00325804 9.9973E-05 0.0360655 9.9973E-05 0.0527422 9.9973E-05
9.99729E-05 9.99729E-05 0.596658 0.100664 9.99729E-05 0.0656527 0.236726
0.46286 9.9973E-05 0.457417 9.9973E-05 0.0712952 9.9973E-05 0.00812787
9.9982E-05 0.102157 0.233195 0.506029 9.9982E-05 0.114092 0.0443277
0.379759 9.99729E-05 0.153421 9.99729E-05 0.0631604 9.99729E-05 0.40336
0.502192 9.9964E-05 9.9964E-05 0.42618 9.9964E-05 9.9964E-05 0.0712283
0.0555557 0.0326132 0.678284 9.9982E-05 9.9982E-05 0.106781 0.126566
0.270167 9.9973E-05 0.125976 9.9973E-05 0.0346598 9.9973E-05 0.568897
0.847545 0.0268933 9.9973E-05 0.0914052 9.9973E-05 0.0338563 9.9973E-05
9.9973E-05 9.9973E-05 0.704554 0.0405638 9.9973E-05 0.0956294 0.158952
0.189201 9.99729E-05 0.380761 9.99729E-05 0.0282707 9.99729E-05 0.401467
9.99729E-05 9.99729E-05 0.266348 0.316552 9.99729E-05 0.000246115 0.416555
0.957361 9.9955E-05 9.9955E-05 9.9955E-05 9.9955E-05 9.9955E-05 0.042139
0.11096 0.000231233 0.314333 0.0628853 9.99819E-05 9.99819E-05 0.511391
9.9973E-05 0.0102936 0.759843 0.0251848 9.9973E-05 0.204378 9.9973E-05
0.0166257 9.99729E-05 0.249566 0.677306 0.0562027 9.99729E-05 9.99729E-05
0.00620613 0.00767823 0.010643 0.242119 0.070537 0.214043 0.448773
0.0590051 9.9991E-05 0.127451 0.200616 0.0366332 0.0975048 0.478689
0.759994 9.99639E-05 9.99639E-05 0.222509 9.99639E-05 9.99639E-05 0.0170971
0.0374143 0.0303926 0.470372 0.347812 0.113809 9.9982E-05 9.9982E-05
0.320038 0.0235398 0.391264 0.156916 0.108042 9.9982E-05 9.9982E-05
0.286294 0.0583809 9.9982E-05 0.277827 0.0840481 0.293251 9.9982E-05
0.0166119 0.063755 0.365851 0.112402 0.0516939 0.123803 0.265883
0.160464 0.070774 0.276317 9.9982E-05 0.0717943 0.420451 9.9982E-05
0.664844 0.0269785 9.9991E-05 0.0514845 0.0276092 0.196333 0.0326507
0.235108 0.0135996 0.130352 0.364954 0.101412 0.154475 9.9991E-05
0.256267 0.0141837 0.0125103 0.489585 0.0486263 0.178728 9.9991E-05
0.291351 9.9982E-05 0.418735 9.9982E-05 0.0936034 0.124993 0.0711186
0.474798 9.99639E-05 9.99639E-05 0.415149 9.99639E-05 0.109652 9.99639E-05
9.99729E-05 9.99729E-05 0.367786 0.180083 9.99729E-05 0.045047 0.406784
0.438778 9.99639E-05 9.99639E-05 0.375862 9.99639E-05 0.184961 9.99639E-05
0.330763 9.9982E-05 0.0588637 9.9982E-05 0.030543 0.109783 0.469848
0.0928814 9.9982E-05 0.155477 0.0111026 9.9982E-05 0.19578 0.544558
0.128381 0.104314 0.35213 9.9982E-05 0.0876 0.327375 9.9982E-05
9.9991E-05 0.0506411 0.260282 0.43338 0.00635314 0.240928 0.00831561
0.178962 0.00319613 0.243808 0.0839385 0.142677 0.347318 9.9991E-05
0.065954 9.99729E-05 9.99729E-05 0.110239 9.99729E-05 0.329666 0.493841
0.544675 9.9964E-05 9.9964E-05 0.159775 9.9964E-05 0.29515 9.9964E-05
0.786581 9.9973E-05 0.0293988 9.9973E-05 0.00399879 0.179721 9.9973E-05
0.203595 0.0554659 0.0435983 0.689137 0.00800416 9.9982E-05 9.9982E-05
0.613783 0.0553599 9.9982E-05 0.152243 0.038397 0.140017 9.9982E-05
0.600021 9.9973E-05 0.0127234 0.0369489 9.9973E-05 0.350007 9.9973E-05
0.241595 0.11709 0.0521942 0.535539 0.0533816 9.9982E-05 9.9982E-05
0.223674 9.99729E-05 0.0791659 0.67124 9.99729E-05 9.99729E-05 0.02562
9.9982E-05 0.012754 0.758667 0.0239265 0.0579352 9.9982E-05 0.146517
9.99639E-05 9.99639E-05 0.604072 0.164267 9.99639E-05 9.99639E-05 0.231262
9.9964E-05 9.9964E-05 0.201358 0.750098 0.0481443 9.9964E-05 9.9964E-05
9.99729E-05 9.99729E-05 0.770889 0.154281 9.99729E-05 0.00304784 0.0714821
9.9973E-05 9.9973E-05 0.753723 0.0304239 9.9973E-05 0.0668136 0.14874
9.9982E-05 9.9982E-05 0.0810768 0.2246 0.0486064 0.00945977 0.636057
9.9973E-05 9.9973E-05 0.466764 0.149498 9.9973E-05 0.00145341 0.381985
0.113726 9.9973E-05 0.0807264 0.755191 0.0500573 9.9973E-05 9.9973E-05
0.617791 9.9955E-05 9.9955E-05 0.381709 9.9955E-05 9.9955E-05 9.9955E-05
9.9973E-05 0.0591194 0.540159 0.313447 9.9973E-05 0.0869746 9.9973E-05
0.0431359 0.00369493 9.9982E-05 0.880554 0.0277623 0.0446533 9.9982E-05
0.00471426 0.0650201 0.050139 0.765516 0.110497 9.9991E-05 0.00401387
9.9973E-05 9.9973E-05 0.381662 0.574795 0.000848033 0.0423944 9.9973E-05
0.209147 9.9955E-05 9.9955E-05 0.790353 9.9955E-05 9.9955E-05 9.9955E-05
0.016163 0.0389387 0.134096 0.680842 9.9991E-05 0.091694 0.0381659
0.0340896 0.0623044 0.540407 0.186236 0.143884 9.9991E-05 0.0329785
0.017733 0.0610561 0.179819 0.688692 0.0525002 9.9982E-05 9.9982E-05
9.9973E-05 0.0289801 0.204214 0.618204 9.9973E-05 0.148302 9.9973E-05
9.9973E-05 9.9973E-05 0.790682 0.103317 9.9973E-05 0.0563459 0.0493555
9.9982E-05 0.0212405 0.533159 0.306281 9.9982E-05 0.0968174 0.0423019
0.224853 0.0617538 9.9973E-05 0.692643 9.9973E-05 9.9973E-05 0.0204497
9.9973E-05 0.0335907 9.9973E-05 0.883845 9.9973E-05 0.0506625 0.0316022
0.476872 9.9955E-05 9.9955E-05 0.522628 9.9955E-05 9.9955E-05 9.9955E-05
9.9973E-05 9.9973E-05 0.760287 0.129599 9.9973E-05 0.0201241 0.0896897
9.9973E-05 0.0219197 0.490955 0.439088 0.0477379 9.9973E-05 9.9973E-05
0.307647 0.0168776 9.9964E-05 0.675076 9.9964E-05 9.9964E-05 9.9964E-05
0.0601505 0.0551028 0.642633 9.9991E-05 0.0097969 0.0337768 0.19844
0.240038 9.9964E-05 0.686367 9.9964E-05 0.0731954 9.9964E-05 9.9964E-05
0.311514 0.0714052 9.9982E-05 0.428838 0.0904442 0.0975984 9.9982E-05
0.511804 0.0141358 0.217752 0.0240573 0.127358 0.104793 9.9991E-05
0.130303 9.9964E-05 0.743378 9.9964E-05 0.125919 9.9964E-05 9.9964E-05
0.129049 9.9973E-05 0.581851 9.9973E-05 0.0236076 9.9973E-05 0.265192
0.0744694 0.0623344 0.640051 9.9973E-05 9.9973E-05 9.9973E-05 0.222845
0.866112 9.9973E-05 0.0271204 9.9973E-05 0.0511812 0.0552864 9.9973E-05
0.267864 0.00826947 0.0814733 0.557656 0.0845373 9.9982E-05 9.9982E-05
9.9982E-05 0.0362678 0.437121 0.0855065 0.0736679 0.367237 9.9982E-05
0.140333 9.9982E-05 0.819894 9.9982E-05 0.00828629 0.0173255 0.013961
0.567593 0.00684815 9.9982E-05 0.15003 0.0229606 0.252368 9.9982E-05
0.0954242 9.9973E-05 0.244373 0.561966 0.0979372 9.9973E-05 9.9973E-05
0.115736 0.00795025 0.209313 0.596075 0.0707252 9.9982E-05 9.9982E-05
0.180143 9.99729E-05 0.361084 9.99729E-05 0.0894583 0.369015 9.99729E-05
0.00871118 0.0130583 9.9973E-05 0.730715 9.9973E-05 0.247215 9.9973E-05
9.99729E-05 0.0340032 0.599581 0.261917 9.99729E-05 0.104199 9.99729E-05
0.0465479 0.00345127 0.563343 0.230621 0.0489303 0.107007 9.9991E-05
0.126054 9.9973E-05 0.57938 9.9973E-05 0.0442436 9.9973E-05 0.250023
0.347162 0.14083 0.0697783 0.365435 0.076595 9.9982E-05 9.9982E-05
0.121859 0.0480172 0.771986 0.00535334 9.9982E-05 9.9982E-05 0.0525851
0.0119922 9.9973E-05 0.30533 0.17729 9.9973E-05 9.9973E-05 0.505088
0.454639 9.9964E-05 9.9964E-05 0.541635 9.9964E-05 9.9964E-05 0.0033258
0.0594619 9.9973E-05 0.315937 0.62255 0.00175068 9.9973E-05 9.9973E-05
0.112981 0.0806722 0.0264284 0.779618 9.9973E-05 9.9973E-05 9.9973E-05
0.00330228 0.00401297 0.799263 9.9982E-05 0.0598082 9.9982E-05 0.133414
9.9991E-05 0.212349 0.174994 0.112406 0.0496408 0.0603037 0.390206
9.9982E-05 0.0886463 0.684707 0.136183 9.9982E-05 0.00707601 0.0831872
0.364674 9.9964E-05 9.9964E-05 0.60332 0.0316058 9.9964E-05 9.9964E-05
9.9982E-05 0.0445786 0.558494 0.247275 9.9982E-05 0.00692097 0.142532
9.9991E-05 0.0413073 0.70297 0.0971388 0.0254409 0.0753282 0.0577151
9.9964E-05 9.9964E-05 0.738067 9.9964E-05 9.9964E-05 0.139647 0.121886
0.154916 9.9964E-05 9.9964E-05 0.73687 9.9964E-05 0.107814 9.9964E-05
9.99687E-05 9.99687E-05 0.353362 0.606429 0.0398091 9.99687E-05 9.99687E-05
0.0574459 9.9982E-05 0.621484 0.114863 0.0501622 9.9982E-05 0.155844
0.242221 0.080051 0.106459 0.457641 9.9991E-05 0.0252678 0.0882601
9.9982E-05 0.0176499 0.694111 0.00486164 9.9982E-05 0.0911662 0.192011
0.0723313 9.9973E-05 9.9973E-05 0.32872 9.9973E-05 0.145966 0.452682
9.9982E-05 0.064641 0.39407 0.452028 0.0482821 0.0407793 9.9982E-05
0.431589 9.9955E-05 9.9955E-05 0.567911 9.9955E-05 9.9955E-05 9.9955E-05
9.9982E-05 0.000790033 0.360857 0.532412 0.0825085 9.9982E-05 0.0232332
0.21835 9.9982E-05 0.0811955 0.28913 0.0949713 0.316152 9.9982E-05
0.528414 9.9964E-05 9.9964E-05 0.172759 9.9964E-05 0.298427 9.9964E-05
9.9982E-05 0.0461449 0.180681 0.661346 0.00311788 0.10851 9.9982E-05
9.9964E-05 0.00546713 9.9964E-05 0.569903 9.9964E-05 0.42423 9.9964E-05
0.14867 9.9982E-05 0.276455 0.512788 0.0186556 0.0432314 9.9982E-05
9.9973E-05 9.9973E-05 0.445065 0.154221 9.9973E-05 0.0863564 0.314058
0.712006 9.9973E-05 9.9973E-05 0.0706993 0.0575019 0.159492 9.9973E-05
0.192431 0.0261442 0.117418 9.9982E-05 0.0297265 9.9982E-05 0.63408
9.9982E-05 9.9982E-05 0.471082 0.100826 0.0210505 0.333124 0.0737172
0.106841 9.9991E-05 0.473043 0.0186455 0.0366653 0.291321 0.0733842
0.374934 9.9964E-05 9.9964E-05 0.188191 9.9964E-05 0.436475 9.9964E-05
0.499468 9.99639E-05 9.99639E-05 0.245555 9.99639E-05 0.254577 9.99639E-05
0.0303581 9.9982E-05 0.351877 0.150888 0.0367059 9.9982E-05 0.429972
9.9982E-05 0.0652125 0.139946 0.70159 0.0387733 0.0542789 9.9982E-05
0.0518957 0.007547 0.161765 0.361756 0.0738561 0.34308 9.9991E-05
0.566041 9.99639E-05 9.99639E-05 0.165267 9.99639E-05 0.268292 9.99639E-05
0.179496 9.9973E-05 0.308339 9.9973E-05 0.0465878 0.465278 9.9973E-05
0.145931 9.9991E-05 0.231906 0.0468443 0.0840829 0.172155 0.318981
0.0255334 9.9982E-05 0.856892 0.0901132 0.0105801 0.0166812 9.9982E-05
9.9964E-05 9.9964E-05 0.709054 0.0398392 9.9964E-05 0.250707 9.9964E-05
0.0468394 9.9982E-05 0.0889124 0.0910712 9.9982E-05 0.422983 0.349994
0.126665 9.9973E-05 9.9973E-05 0.778891 0.0543451 0.0397993 9.9973E-05
9.9982E-05 0.00282996 0.733225 0.127978 9.9982E-05 0.0927392 0.0430277
0.0693378 9.9973E-05 9.9973E-05 0.79405 9.9973E-05 0.0691475 0.0671646
9.9982E-05 0.013913 0.167996 0.637905 9.9982E-05 0.156292 0.0236936
9.9982E-05 0.0247362 0.729245 0.121605 0.0324479 9.9982E-05 0.0917657
0.35719 0.0375684 9.9982E-05 0.585647 0.00509918 0.0142953 9.9982E-05
0.267615 0.0253763 9.99729E-05 0.214771 9.99729E-05 0.491938 9.99729E-05
0.154742 9.9982E-05 0.0298326 0.736018 0.0391226 0.040085 9.9982E-05
0.184647 9.9973E-05 0.482441 9.9973E-05 0.096803 0.235809 9.9973E-05
0.218382 9.9982E-05 0.323951 0.161684 0.122288 0.173496 9.9982E-05
0.112035 9.9982E-05 0.544315 0.247068 0.0912471 0.00513432 9.9982E-05
0.455671 0.0252903 9.9982E-05 0.376557 9.9982E-05 0.136702 0.00557986
0.00840606 0.00463609 0.096398 0.210669 9.9991E-05 0.000936053 0.678855
0.0844217 0.161944 0.0844181 0.407335 0.0802385 0.181543 9.9991E-05
9.9991E-05 0.040121 0.533046 0.0989292 0.0342247 0.179941 0.113638
9.9991E-05 0.00255022 0.255821 0.114093 0.0213669 0.107206 0.498862
0.0841245 9.9982E-05 0.695956 0.0201753 0.0560325 0.143512 9.9982E-05
0.0408679 9.9982E-05 0.758 0.066693 0.0869709 0.0472687 9.9982E-05
0.117082 0.0785021 0.606766 0.0583017 0.0683053 0.0709432 9.9991E-05
9.9982E-05 0.0483378 0.048855 0.597303 0.14098 0.164324 9.9982E-05
0.0796497 0.0842861 9.9982E-05 0.739458 0.0517882 0.0446183 9.9982E-05
0.0932284 0.0218366 0.0690969 0.110906 0.000671398 0.0425825 0.661678
0.19147 9.9973E-05 0.374237 9.9973E-05 9.9973E-05 0.390211 0.0437824
0.220958 0.0467745 9.9991E-05 0.312865 0.0959024 0.237731 0.0856694
0.760148 9.9964E-05 9.9964E-05 9.9964E-05 0.0170521 0.2224 9.9964E-05
0.286384 9.9955E-05 9.9955E-05 0.713117 9.9955E-05 9.9955E-05 9.9955E-05
0.621952 0.00411171 9.9973E-05 0.157746 9.9973E-05 0.21589 9.9973E-05
