9.9991E-05 0.11286 0.448093 0.438947
9.999E-05 0.0141782 0.501288 0.484434
0.1106 0.0340235 0.855276 9.9991E-05
0.0998324 0.0211713 0.101973 0.777024
0.0830027 0.104115 9.9991E-05 0.812783
0.0567108 0.127342 0.613526 0.202421
0.135087 9.9982E-05 0.864713 9.9982E-05
9.999E-05 0.104204 0.754753 0.140944
9.999E-05 0.063165 0.334922 0.601813
0.552135 0.0975137 0.331517 0.0188336
0.0264628 9.9991E-05 0.266288 0.707149
9.999E-05 0.00460394 0.178782 0.816514
0.185604 0.130842 0.304755 0.378799
0.0720763 0.0308344 0.893828 0.00326166
9.9982E-05 9.9982E-05 0.182525 0.817275
0.450755 0.0675585 0.481586 9.9991E-05
0.118037 9.9991E-05 0.864233 0.0176296
9.9982E-05 9.9982E-05 0.969985 0.029815
9.9982E-05 9.9982E-05 0.395945 0.603855
0.0819987 0.664264 9.9991E-05 0.253638
0.0668993 0.669253 9.9991E-05 0.263747
0.0702944 0.761456 9.9991E-05 0.168149
9.9982E-05 0.583649 9.9982E-05 0.416151
9.9982E-05 0.581177 9.9982E-05 0.418623
0.0436391 0.614683 0.341578 9.9991E-05
9.9982E-05 0.519389 9.9982E-05 0.480411
0.50465 0.49515 9.9982E-05 9.9982E-05
0.0678178 0.456923 9.9991E-05 0.475159
0.170607 0.723975 0.0132015 0.0922166
9.9982E-05 0.700577 9.9982E-05 0.299223
0.265679 0.547926 0.0207559 0.165639
0.103285 0.734174 0.16244 9.9991E-05
0.385891 0.556585 0.0574237 9.9991E-05
0.011405 0.644185 0.34431 9.9991E-05
0.00522567 0.684174 9.9991E-05 0.3105
9.9982E-05 0.572107 9.9982E-05 0.427693
0.139174 0.548578 9.9991E-05 0.312148
9.9982E-05 0.56642 9.9982E-05 0.433381
9.9991E-05 0.801064 0.0714543 0.127382
0.291823 0.707978 9.9982E-05 9.9982E-05
0.439168 0.560632 9.9982E-05 9.9982E-05
0.130763 0.594039 9.9991E-05 0.275098
0.0221015 0.828444 0.149354 9.9991E-05
0.144993 0.664051 0.190856 9.9991E-05
9.9982E-05 0.432053 9.9982E-05 0.567747
9.9982E-05 0.548964 9.9982E-05 0.450836
0.271907 0.573966 0.154027 9.9991E-05
9.9991E-05 0.815435 0.0654309 0.119034
0.671204 0.328596 9.9982E-05 9.9982E-05
9.9982E-05 0.70172 9.9982E-05 0.29808
0.273013 0.726787 9.9982E-05 9.9982E-05
0.0803329 0.633724 9.9991E-05 0.285843
9.9991E-05 0.543664 0.0276903 0.428545
9.9991E-05 0.50664 0.133086 0.360174
0.0240519 0.476128 9.9991E-05 0.49972
9.9982E-05 0.494318 9.9982E-05 0.505482
0.100875 0.786886 0.112139 9.9991E-05
0.17757 0.717663 9.9991E-05 0.104667
0.251932 0.727592 0.0203764 9.9991E-05
9.9982E-05 0.712337 9.9982E-05 0.287463
9.99819E-05 0.721419 9.99819E-05 0.278381
9.9991E-05 0.632561 0.0371407 0.330198
0.132189 0.622881 0.24483 9.9991E-05
9.9982E-05 0.599958 9.9982E-05 0.399842
0.0962813 0.497758 0.405861 9.9991E-05
9.9991E-05 0.509854 0.0850138 0.405032
9.9982E-05 0.589203 9.9982E-05 0.410597
9.9982E-05 0.564811 9.9982E-05 0.434989
9.9991E-05 0.606686 0.238331 0.154884
0.0172429 0.718172 0.182643 0.081943
0.44258 0.55722 9.9982E-05 9.9982E-05
0.232207 0.601368 0.166325 9.9991E-05
9.9982E-05 0.548022 9.9982E-05 0.451778
0.197442 0.646153 0.156305 9.9991E-05
9.9982E-05 0.662304 9.9982E-05 0.337496
9.9991E-05 0.504784 0.00320562 0.49191
0.249999 0.659263 0.0906381 9.9991E-05
0.479818 0.485481 0.0346014 9.9991E-05
0.110565 0.684801 0.204534 9.9991E-05
0.109229 0.754243 0.0102529 0.126274
0.510937 0.488863 9.9982E-05 9.9982E-05
9.9982E-05 0.674261 9.9982E-05 0.325539
0.0509779 0.772211 9.9991E-05 0.176712
0.113442 0.627621 9.9991E-05 0.258838
0.262047 0.622635 0.115218 9.9991E-05
9.9982E-05 0.750445 9.9982E-05 0.249355
9.9982E-05 0.589439 9.9982E-05 0.410362
9.9982E-05 0.554691 0.445109 9.9982E-05
0.10505 0.556891 0.337959 9.9991E-05
9.9991E-05 0.549161 0.127615 0.323124
9.9982E-05 0.579818 0.419982 9.9982E-05
9.9982E-05 0.559126 0.440674 9.9982E-05
9.9982E-05 0.494611 9.9982E-05 0.505189
9.9982E-05 0.596016 0.403784 9.9982E-05
9.9991E-05 0.599378 0.380865 0.0196567
0.653466 0.151386 0.142687 0.0524609
0.430857 0.271699 0.215534 0.0819099
0.349832 0.198718 0.147163 0.304286
9.9991E-05 0.0900532 0.419118 0.490729
0.66518 0.0815502 0.177691 0.0755794
9.9991E-05 0.04102 0.537816 0.421064
0.283518 0.00628253 0.7101 9.9991E-05
0.557393 0.155651 0.20538 0.0815761
0.286655 0.208115 0.401579 0.103651
0.191675 0.196956 0.00214314 0.609226
0.900061 0.0705189 9.9991E-05 0.0293198
0.278313 0.0887555 0.0672881 0.565644
0.441381 0.138352 0.363308 0.0569587
0.110634 0.144871 0.449671 0.294824
0.411126 0.143916 0.18191 0.263049
0.212365 0.0300904 0.691875 0.06567
9.9991E-05 0.165541 0.140288 0.694071
0.198623 0.112233 0.0348011 0.654343
0.341897 0.35514 0.247614 0.055349
0.34615 0.0856941 0.524602 0.0435539
0.330657 0.231598 0.0737175 0.364027
0.262845 0.154054 0.0338866 0.549215
0.0463336 0.0567127 0.251494 0.64546
0.379699 0.0476959 0.412395 0.16021
0.131795 0.0486673 0.160528 0.65901
0.249253 0.0254158 0.656803 0.0685287
0.930343 0.014711 0.0548456 9.9991E-05
0.0297058 9.9991E-05 0.157611 0.812583
0.421904 0.0600894 9.9991E-05 0.517906
9.9991E-05 0.109643 0.65887 0.231387
0.342336 0.0897854 9.9991E-05 0.567778
0.462805 0.0284338 0.508661 9.9991E-05
0.0781654 0.054929 0.102511 0.764394
0.265884 0.0984051 9.9991E-05 0.635611
0.8591 0.0282769 0.112523 9.9991E-05
9.9982E-05 9.9982E-05 0.169086 0.830714
0.129378 0.0929166 9.9991E-05 0.777606
0.00624049 9.9991E-05 0.335739 0.657921
0.934115 0.0201932 0.0290129 0.016679
0.0855654 0.0551625 0.0805936 0.778679
9.9991E-05 0.01498 0.232857 0.752063
9.9991E-05 0.0127167 0.80863 0.178553
0.205184 0.121556 0.168584 0.504676
0.184329 0.0641768 0.138623 0.612871
0.733345 9.9982E-05 0.266455 9.9982E-05
0.000999541 0.109691 0.49558 0.393729
0.185699 0.135721 0.372103 0.306477
0.437251 0.180339 0.38231 9.9991E-05
0.0653977 0.133158 0.185723 0.615721
0.373216 0.217783 9.9991E-05 0.4089
0.832027 0.0854307 0.0265202 0.0560224
0.273155 0.14003 0.4962 0.0906153
0.359017 0.0743537 0.566529 9.9991E-05
0.399067 0.0665938 9.9991E-05 0.534239
0.598671 9.9982E-05 0.401129 9.9982E-05
0.00558665 9.9991E-05 0.223584 0.77073
0.568983 9.9991E-05 0.425837 0.00508001
0.434089 0.0792249 9.9991E-05 0.486586
0.273426 0.0328232 9.9991E-05 0.693651
0.231591 0.240542 0.138365 0.389501
0.023339 0.0956549 0.616141 0.264865
0.312618 0.18619 0.204347 0.296844
0.351001 0.0182041 0.0858781 0.544916
0.785616 9.9991E-05 0.182469 0.0318149
0.929953 0.00910217 0.000404469 0.06054
0.179664 0.0561353 0.764101 9.9991E-05
0.717307 0.113281 0.169312 9.9991E-05
0.87841 9.9991E-05 0.00383224 0.117658
0.21006 0.152703 0.637137 9.9991E-05
0.230861 9.9991E-05 0.718206 0.0508324
9.9991E-05 0.066313 0.124822 0.808765
9.9982E-05 9.9982E-05 0.239681 0.760119
9.9991E-05 0.00678003 0.859232 0.133888
9.9982E-05 9.9982E-05 0.237974 0.761826
9.9982E-05 9.9982E-05 0.14553 0.85427
0.00976642 0.112744 0.168004 0.709485
9.9982E-05 9.9982E-05 0.204556 0.795244
0.138974 9.9991E-05 0.818208 0.0427183
0.631015 9.9982E-05 0.368785 9.9982E-05
9.9991E-05 0.0528493 0.487094 0.459957
0.121353 0.0102489 0.868299 9.9991E-05
9.9991E-05 0.154787 0.82835 0.0167632
9.9982E-05 9.9982E-05 0.684224 0.315576
0.232998 9.9982E-05 0.766802 9.9982E-05
0.0917199 0.0206164 0.752189 0.135475
9.9991E-05 0.187668 0.324704 0.487529
0.0188697 0.093359 0.755737 0.132034
9.9991E-05 0.0491054 0.767114 0.183681
9.9982E-05 9.9982E-05 0.222929 0.776871
9.9991E-05 0.0290486 0.466372 0.50448
0.29121 0.0443339 0.664356 9.9991E-05
9.9991E-05 0.0109073 0.977288 0.0117043
0.50936 9.9982E-05 0.49044 9.9982E-05
9.9982E-05 9.9982E-05 0.237382 0.762418
9.9991E-05 0.045667 0.574725 0.379508
0.33295 9.9982E-05 0.66685 9.9982E-05
0.0560771 0.0983098 0.0448922 0.800721
0.201189 0.0978581 0.0706887 0.630264
0.391663 0.155968 0.452269 9.9991E-05
0.495245 0.157892 0.195618 0.151245
0.0779746 0.10635 0.131087 0.684588
0.0322165 0.0906642 0.0678759 0.809243
0.00743879 0.116045 0.0535782 0.822938
0.905338 0.0598724 9.9991E-05 0.0346893
0.161129 0.11753 0.721241 9.9991E-05
0.0511897 0.169514 0.360324 0.418972
0.0929074 9.9991E-05 0.146188 0.760805
0.710474 0.0715594 0.212672 0.0052945
0.0481297 0.0675624 0.743514 0.140794
0.0279919 0.0880712 0.791164 0.0927731
0.327548 0.126329 0.13943 0.406694
0.141995 0.0273428 0.830563 9.9991E-05
9.9991E-05 0.0135671 0.497012 0.48932
0.00773562 0.0658102 0.47508 0.451374
0.10775 0.0590699 0.0159687 0.817211
0.275698 0.224235 0.499966 9.9991E-05
0.0220932 0.0527112 0.206042 0.719154
0.0567575 0.00192389 0.176769 0.76455
0.446232 9.9982E-05 0.553568 9.9982E-05
0.0213007 9.9991E-05 0.736631 0.241969
0.0566208 0.064797 0.878482 9.9991E-05
9.9991E-05 0.0625236 0.0750313 0.862345
0.049027 0.302795 0.112394 0.535783
9.9991E-05 0.0191259 0.296639 0.684135
0.360088 0.00231769 0.637494 9.9991E-05
9.9991E-05 0.0188151 0.370559 0.610526
9.9991E-05 0.0615685 0.239612 0.698719
0.0150423 0.0170518 0.154899 0.813007
0.274852 9.9982E-05 0.724948 9.9982E-05
9.9991E-05 0.00814172 0.78787 0.203888
0.059618 0.0301694 0.186492 0.723721
0.229331 0.088329 0.544187 0.138153
9.9991E-05 0.0418529 0.143625 0.814422
0.278637 9.9991E-05 0.2517 0.469563
9.9991E-05 0.103324 0.59048 0.306095
0.420335 9.9982E-05 0.579465 9.9982E-05
9.9991E-05 0.0549864 0.639528 0.305386
0.357907 0.11749 0.396128 0.128475
0.7595 0.0104825 0.206505 0.0235118
9.9991E-05 0.0622993 0.797484 0.140117
0.14128 0.05921 0.79941 9.9991E-05
0.140873 9.9991E-05 0.650916 0.208111
0.0661818 9.9991E-05 0.203637 0.730082
0.806811 0.0797119 0.113377 9.9991E-05
0.223583 0.10477 9.9991E-05 0.671547
9.9991E-05 0.0894717 0.32944 0.580988
0.29707 0.024441 0.0760744 0.602415
0.70452 9.9991E-05 0.23928 0.0561003
0.719758 9.9982E-05 0.280042 9.9982E-05
0.0766717 0.0285679 0.157623 0.737137
9.9991E-05 0.0872446 0.805335 0.107321
0.186649 0.0984669 0.501793 0.213092
0.786698 9.9982E-05 0.213102 9.9982E-05
0.443795 0.0584338 0.0734326 0.424339
0.279764 0.0815881 0.0540158 0.584632
9.9982E-05 9.9982E-05 0.247132 0.752668
0.0276932 0.00782637 0.269067 0.695413
0.309656 0.0708785 0.0955705 0.523895
0.18087 0.033005 0.786025 9.9991E-05
9.9991E-05 0.0156872 0.274885 0.709327
0.138274 9.9982E-05 0.861526 9.9982E-05
9.9991E-05 0.038887 0.801082 0.159931
9.9991E-05 0.0393156 0.242565 0.718019
0.410686 0.0295213 0.559693 9.9991E-05
0.580448 0.0664519 0.270481 0.0826192
0.196543 0.00262932 0.800579 0.000248535
0.365471 0.0644802 9.9991E-05 0.569949
0.290698 0.0937594 0.329507 0.286036
0.0957254 0.0597261 0.387633 0.456915
0.659043 0.0277706 0.313086 9.9991E-05
0.137028 0.0511628 0.0717438 0.740065
0.156005 0.265336 0.514651 0.0640082
0.0713027 0.0884574 0.201886 0.638354
0.0848315 0.0780476 0.108754 0.728367
0.159257 0.0135694 0.13817 0.689004
0.0410174 0.0640643 0.214017 0.680901
0.185014 0.118655 0.105123 0.591209
0.0499797 0.183225 0.716229 0.0505665
0.109076 0.119867 0.770958 9.9991E-05
0.22763 0.0826494 9.9991E-05 0.689621
0.444425 0.0346131 9.9991E-05 0.520862
0.358888 0.173656 0.346989 0.120467
0.94382 0.0497026 9.9991E-05 0.00637789
0.342106 9.9982E-05 0.657694 9.9982E-05
0.812964 0.00638551 0.180551 9.9991E-05
