9.9856E-05 9.9856E-05 0.00254669 9.9856E-05 9.9856E-05 9.9856E-05 9.9856E-05 9.9856E-05 9.9856E-05 0.03913 0.288163 9.9856E-05 0.668562 9.9856E-05 9.9856E-05 9.9856E-05 9.9856E-05 9.9856E-05 9.9856E-05 9.9856E-05
9.98829E-05 9.98829E-05 9.98829E-05 9.98829E-05 0.0775402 9.98829E-05 9.98829E-05 9.98829E-05 0.110935 9.98829E-05 0.260134 9.98829E-05 0.43912 9.98829E-05 9.98829E-05 9.98829E-05 0.0916358 0.0131669 9.98829E-05 0.00617007
0.0284568 0.0601679 9.99008E-05 9.99008E-05 0.572581 0.069696 9.99008E-05 0.180919 9.99008E-05 9.99008E-05 9.99008E-05 0.0077092 9.99008E-05 9.99008E-05 9.99008E-05 9.99008E-05 0.0340386 0.0272784 9.99008E-05 0.0180534
9.98739E-05 9.98739E-05 0.0809929 9.98739E-05 9.98739E-05 9.98739E-05 0.0118173 9.98739E-05 9.98739E-05 0.0319411 0.438762 9.98739E-05 0.313062 9.98739E-05 9.98739E-05 9.98739E-05 9.98739E-05 9.98739E-05 0.122026 9.98739E-05
0.0226996 0.127173 0.268767 9.98828E-05 9.98828E-05 9.98828E-05 9.98828E-05 9.98828E-05 9.98828E-05 9.98828E-05 0.346255 9.98828E-05 9.98828E-05 9.98828E-05 9.98828E-05 9.98828E-05 0.108432 0.0316257 0.0937487 9.98828E-05
9.98918E-05 9.98918E-05 0.0470789 0.0155525 0.0794051 0.0227999 9.98918E-05 0.037571 9.98918E-05 9.98918E-05 9.98918E-05 9.98918E-05 0.437952 0.311333 9.98918E-05 9.98918E-05 9.98918E-05 0.0471081 9.98918E-05 9.98918E-05
9.98738E-05 9.98738E-05 9.98738E-05 9.98738E-05 0.408967 0.0916829 0.000994875 0.261077 9.98738E-05 9.98738E-05 0.025698 9.98738E-05 0.210182 9.98738E-05 9.98738E-05 9.98738E-05 9.98738E-05 9.98738E-05 9.98738E-05 9.98738E-05
9.98829E-05 9.98829E-05 9.98829E-05 9.98829E-05 0.0808892 0.0392549 9.98829E-05 0.11441 9.98829E-05 9.98829E-05 9.98829E-05 9.98829E-05 0.343165 0.24075 9.98829E-05 9.98829E-05 0.0586739 9.98829E-05 9.98829E-05 0.121558
9.98829E-05 9.98829E-05 9.98829E-05 9.98829E-05 9.98829E-05 9.98829E-05 9.98829E-05 9.98829E-05 0.0210691 9.98829E-05 0.173917 9.98829E-05 0.399281 0.169135 9.98829E-05 0.0400399 0.0128244 9.98829E-05 0.182436 9.98829E-05
9.98558E-05 9.98558E-05 9.98558E-05 9.98558E-05 9.98558E-05 0.637103 9.98558E-05 0.15767 9.98558E-05 0.0109891 9.98558E-05 9.98558E-05 9.98558E-05 0.19264 9.98558E-05 9.98558E-05 9.98558E-05 9.98558E-05 9.98558E-05 9.98558E-05
9.99008E-05 9.99008E-05 0.0348822 9.99008E-05 0.226411 9.99008E-05 9.99008E-05 9.99008E-05 0.274908 0.00985257 0.0535413 9.99008E-05 9.99008E-05 0.0510805 9.99008E-05 0.000868848 0.173236 9.99008E-05 0.17412 9.99008E-05
9.98739E-05 9.98739E-05 9.98739E-05 9.98739E-05 0.0801682 9.98739E-05 9.98739E-05 9.98739E-05 0.0904187 9.98739E-05 0.387443 9.98739E-05 9.98739E-05 0.345148 0.0829466 9.98739E-05 0.0124767 9.98739E-05 9.98739E-05 9.98739E-05
9.98828E-05 0.010272 9.98828E-05 0.0151034 9.98828E-05 9.98828E-05 0.0322174 0.0982183 9.98828E-05 9.98828E-05 9.98828E-05 9.98828E-05 0.195815 9.98828E-05 9.98828E-05 9.98828E-05 9.98828E-05 0.176573 0.470503 9.98828E-05
0.0291211 9.98649E-05 9.98649E-05 9.98649E-05 0.647885 9.98649E-05 9.98649E-05 9.98649E-05 9.98649E-05 9.98649E-05 9.98649E-05 0.0870293 0.113392 0.121074 9.98649E-05 9.98649E-05 9.98649E-05 9.98649E-05 9.98649E-05 9.98649E-05
9.98648E-05 9.98648E-05 9.98648E-05 9.98648E-05 0.0114982 9.98648E-05 9.98648E-05 9.98648E-05 0.40354 9.98648E-05 0.298073 9.98648E-05 9.98648E-05 0.150092 9.98648E-05 9.98648E-05 0.135299 9.98648E-05 9.98648E-05 9.98648E-05
9.98918E-05 0.0096805 9.98918E-05 0.0134825 0.0152327 0.47498 0.00649294 0.3245 9.98918E-05 9.98918E-05 9.98918E-05 9.98918E-05 0.113267 9.98918E-05 9.98918E-05 9.98918E-05 9.98918E-05 9.98918E-05 0.0411656 9.98918E-05
9.98829E-05 9.98829E-05 9.98829E-05 9.98829E-05 0.51095 0.044463 0.0111078 0.142178 9.98829E-05 9.98829E-05 0.00515498 9.98829E-05 0.282304 9.98829E-05 0.00254385 9.98829E-05 9.98829E-05 9.98829E-05 9.98829E-05 9.98829E-05
9.98738E-05 9.98738E-05 9.98738E-05 9.98738E-05 0.528241 9.98738E-05 9.98738E-05 0.234184 0.0261459 9.98738E-05 9.98738E-05 9.98738E-05 0.180376 0.00920112 9.98738E-05 9.98738E-05 0.020453 9.98738E-05 9.98738E-05 9.98738E-05
9.9892E-05 9.9892E-05 9.9892E-05 9.9892E-05 0.139654 9.9892E-05 9.9892E-05 9.9892E-05 9.9892E-05 9.9892E-05 0.254796 9.9892E-05 0.225934 0.0964343 0.129336 0.0037045 9.9892E-05 0.0382813 0.110661 9.9892E-05
9.98559E-05 0.040903 0.106783 9.98559E-05 9.98559E-05 9.98559E-05 9.98559E-05 9.98559E-05 0.101268 0.749448 9.98559E-05 9.98559E-05 9.98559E-05 9.98559E-05 9.98559E-05 9.98559E-05 9.98559E-05 9.98559E-05 9.98559E-05 9.98559E-05
9.9856E-05 9.9856E-05 0.0596421 9.9856E-05 9.9856E-05 9.9856E-05 0.0490508 9.9856E-05 9.9856E-05 0.83483 9.9856E-05 9.9856E-05 9.9856E-05 9.9856E-05 9.9856E-05 9.9856E-05 9.9856E-05 9.9856E-05 0.0548798 9.9856E-05
9.98647E-05 9.98647E-05 0.136835 0.00489766 9.98647E-05 9.98647E-05 9.98647E-05 9.98647E-05 9.98647E-05 0.837408 9.98647E-05 9.98647E-05 0.00972044 9.98647E-05 9.98647E-05 0.00964105 9.98647E-05 9.98647E-05 9.98647E-05 9.98647E-05
9.98559E-05 0.0393899 9.98559E-05 9.98559E-05 9.98559E-05 9.98559E-05 9.98559E-05 9.98559E-05 9.98559E-05 0.642669 9.98559E-05 9.98559E-05 9.98559E-05 9.98559E-05 0.242555 9.98559E-05 9.98559E-05 9.98559E-05 0.073789 9.98559E-05
9.98829E-05 0.00914309 9.98829E-05 9.98829E-05 9.98829E-05 9.98829E-05 9.98829E-05 9.98829E-05 0.0755943 0.737974 0.0333466 9.98829E-05 9.98829E-05 0.0468118 9.98829E-05 0.0160093 9.98829E-05 9.98829E-05 0.0798222 9.98829E-05
9.99007E-05 9.99007E-05 9.99007E-05 0.0691219 0.212178 0.00371676 9.99007E-05 9.99007E-05 9.99007E-05 0.347976 9.99007E-05 0.309712 0.009521 0.0215738 9.99007E-05 0.0224794 9.99007E-05 9.99007E-05 9.99007E-05 0.00262177
9.98918E-05 0.0522321 9.98918E-05 9.98918E-05 9.98918E-05 9.98918E-05 9.98918E-05 9.98918E-05 0.0705087 0.312851 0.0930443 9.98918E-05 9.98918E-05 0.0980729 9.98918E-05 0.305442 0.0246603 9.98918E-05 9.98918E-05 0.0419893
9.98649E-05 0.0425881 9.98649E-05 9.98649E-05 9.98649E-05 9.98649E-05 0.259615 0.0144064 9.98649E-05 0.104546 9.98649E-05 0.577347 9.98649E-05 9.98649E-05 9.98649E-05 9.98649E-05 9.98649E-05 9.98649E-05 9.98649E-05 9.98649E-05
9.9883E-05 0.141839 0.300522 9.9883E-05 9.9883E-05 9.9883E-05 9.9883E-05 9.9883E-05 0.0333367 0.211588 9.9883E-05 9.9883E-05 9.9883E-05 9.9883E-05 0.0965569 0.13251 9.9883E-05 9.9883E-05 9.9883E-05 0.0823486
9.98737E-05 9.98737E-05 0.0291341 9.98737E-05 9.98737E-05 0.12204 9.98737E-05 9.98737E-05 9.98737E-05 0.764906 9.98737E-05 0.0378118 9.98737E-05 9.98737E-05 9.98737E-05 0.0170675 9.98737E-05 0.0276425 9.98737E-05 9.98737E-05
9.9847E-05 9.9847E-05 9.9847E-05 9.9847E-05 9.9847E-05 9.9847E-05 9.9847E-05 9.9847E-05 9.9847E-05 0.88944 9.9847E-05 9.9847E-05 9.9847E-05 9.9847E-05 0.00201306 9.9847E-05 9.9847E-05 9.9847E-05 0.10685 9.9847E-05
9.98651E-05 9.98651E-05 9.98651E-05 9.98651E-05 9.98651E-05 9.98651E-05 9.98651E-05 9.98651E-05 0.038413 0.352689 9.98651E-05 0.433921 9.98651E-05 9.98651E-05 0.0997003 9.98651E-05 9.98651E-05 9.98651E-05 0.0737785 9.98651E-05
9.98647E-05 9.98647E-05 9.98647E-05 0.0858402 9.98647E-05 0.0668827 9.98647E-05 9.98647E-05 9.98647E-05 9.98647E-05 9.98647E-05 0.201228 9.98647E-05 9.98647E-05 9.98647E-05 0.569682 9.98647E-05 0.074869 9.98647E-05 9.98647E-05
9.98556E-05 9.98556E-05 9.98556E-05 9.98556E-05 9.98556E-05 0.0843184 9.98556E-05 0.0126032 9.98556E-05 0.379035 9.98556E-05 0.522445 9.98556E-05 9.98556E-05 9.98556E-05 9.98556E-05 9.98556E-05 9.98556E-05 9.98556E-05 9.98556E-05
9.98557E-05 9.98557E-05 9.98557E-05 9.98557E-05 0.0270903 9.98557E-05 9.98557E-05 9.98557E-05 9.98557E-05 0.498723 9.98557E-05 0.261812 0.210778 9.98557E-05 9.98557E-05 9.98557E-05 9.98557E-05 9.98557E-05 9.98557E-05 9.98557E-05
9.98649E-05 9.98649E-05 9.98649E-05 9.98649E-05 9.98649E-05 9.98649E-05 9.98649E-05 9.98649E-05 9.98649E-05 0.826399 9.98649E-05 0.00111529 9.98649E-05 0.0337411 9.98649E-05 9.98649E-05 9.98649E-05 0.00287751 0.134369 9.98649E-05
9.98559E-05 0.0476026 9.98559E-05 9.98559E-05 9.98559E-05 9.98559E-05 9.98559E-05 9.98559E-05 0.126131 0.760228 0.0644401 9.98559E-05 9.98559E-05 9.98559E-05 9.98559E-05 9.98559E-05 9.98559E-05 9.98559E-05 9.98559E-05 9.98559E-05
9.98469E-05 9.98469E-05 9.98469E-05 9.98469E-05 9.98469E-05 9.98469E-05 9.98469E-05 9.98469E-05 0.29988 0.620277 9.98469E-05 0.0781459 9.98469E-05 9.98469E-05 9.98469E-05 9.98469E-05 9.98469E-05 9.98469E-05 9.98469E-05 9.98469E-05
9.98559E-05 0.059885 9.98559E-05 9.98559E-05 9.98559E-05 9.98559E-05 9.98559E-05 9.98559E-05 9.98559E-05 0.687857 0.0571289 9.98559E-05 9.98559E-05 9.98559E-05 0.193532 9.98559E-05 9.98559E-05 9.98559E-05 9.98559E-05 9.98559E-05
9.98466E-05 0.147458 9.98466E-05 0.714642 9.98466E-05 9.98466E-05 9.98466E-05 9.98466E-05 9.98466E-05 9.98466E-05 9.98466E-05 9.98466E-05 0.136203 9.98466E-05 9.98466E-05 9.98466E-05 9.98466E-05 9.98466E-05 9.98466E-05 9.98466E-05
9.98559E-05 9.98559E-05 9.98559E-05 0.538305 9.98559E-05 9.98559E-05 0.118527 9.98559E-05 9.98559E-05 9.98559E-05 9.98559E-05 0.306973 9.98559E-05 9.98559E-05 9.98559E-05 9.98559E-05 9.98559E-05 0.0345966 9.98559E-05 9.98559E-05
0.103577 9.98649E-05 9.98649E-05 0.151733 9.98649E-05 9.98649E-05 0.043756 9.98649E-05 9.98649E-05 9.98649E-05 9.98649E-05 0.603962 9.98649E-05 9.98649E-05 9.98649E-05 9.98649E-05 9.98649E-05 9.98649E-05 9.98649E-05 0.0954734
9.98739E-05 0.0575495 9.98739E-05 0.388223 9.98739E-05 9.98739E-05 0.101156 9.98739E-05 9.98739E-05 9.98739E-05 9.98739E-05 9.98739E-05 9.98739E-05 9.98739E-05 0.342541 0.0737044 9.98739E-05 9.98739E-05 9.98739E-05 0.0354279
9.98647E-05 9.98647E-05 9.98647E-05 0.568695 9.98647E-05 0.0721866 9.98647E-05 9.98647E-05 9.98647E-05 0.210225 9.98647E-05 0.0534982 0.0938972 9.98647E-05 9.98647E-05 9.98647E-05 9.98647E-05 9.98647E-05 9.98647E-05 9.98647E-05
0.035566 9.98919E-05 9.98919E-05 0.507051 0.0633759 9.98919E-05 9.98919E-05 0.0051673 0.0448687 9.98919E-05 9.98919E-05 0.295299 9.98919E-05 0.031592 9.98919E-05 9.98919E-05 9.98919E-05 0.0158815 9.98919E-05 9.98919E-05
9.98468E-05 9.98468E-05 9.98468E-05 9.98468E-05 9.98468E-05 9.98468E-05 9.98468E-05 9.98468E-05 9.98468E-05 9.98468E-05 0.111893 9.98468E-05 9.98468E-05 9.98468E-05 0.175177 0.711232 9.98468E-05 9.98468E-05 9.98468E-05 9.98468E-05
9.98738E-05 0.259436 9.98738E-05 0.424621 9.98738E-05 9.98738E-05 9.98738E-05 9.98738E-05 0.0107308 9.98738E-05 0.11318 9.98738E-05 9.98738E-05 9.98738E-05 9.98738E-05 0.00611478 0.18452 9.98738E-05 9.98738E-05 9.98738E-05
9.98648E-05 9.98648E-05 9.98648E-05 0.210363 0.116843 9.98648E-05 9.98648E-05 9.98648E-05 9.98648E-05 0.00697402 9.98648E-05 0.664091 9.98648E-05 0.000230679 9.98648E-05 9.98648E-05 9.98648E-05 9.98648E-05 9.98648E-05 9.98648E-05
9.98738E-05 0.106733 0.0525637 0.715927 9.98738E-05 0.0280571 9.98738E-05 9.98738E-05 9.98738E-05 9.98738E-05 9.98738E-05 9.98738E-05 0.0362827 9.98738E-05 9.98738E-05 9.98738E-05 9.98738E-05 9.98738E-05 9.98738E-05 0.0590384
9.98378E-05 9.98378E-05 9.98378E-05 0.289615 9.98378E-05 9.98378E-05 0.708588 9.98378E-05 9.98378E-05 9.98378E-05 9.98378E-05 9.98378E-05 9.98378E-05 9.98378E-05 9.98378E-05 9.98378E-05 9.98378E-05 9.98378E-05 9.98378E-05 9.98378E-05
9.9874E-05 0.180173 9.9874E-05 0.548224 9.9874E-05 9.9874E-05 9.9874E-05 9.9874E-05 0.0182209 9.9874E-05 9.9874E-05 9.9874E-05 9.9874E-05 9.9874E-05 0.0171989 9.9874E-05 0.1846 9.9874E-05 9.9874E-05 0.0501849
9.98469E-05 9.98469E-05 9.98469E-05 0.616454 9.98469E-05 9.98469E-05 0.238938 9.98469E-05 9.98469E-05 9.98469E-05 9.98469E-05 0.14291 9.98469E-05 9.98469E-05 9.98469E-05 9.98469E-05 9.98469E-05 9.98469E-05 9.98469E-05 9.98469E-05
9.98651E-05 9.98651E-05 0.0837465 0.605501 9.98651E-05 9.98651E-05 9.98651E-05 9.98651E-05 9.98651E-05 0.0524803 9.98651E-05 9.98651E-05 9.98651E-05 9.98651E-05 0.0906007 9.98651E-05 9.98651E-05 9.98651E-05 0.166174 9.98651E-05
9.98918E-05 0.183065 9.98918E-05 0.132561 9.98918E-05 9.98918E-05 9.98918E-05 9.98918E-05 0.24292 0.0691608 0.01428 0.0205749 9.98918E-05 0.108928 9.98918E-05 0.227312 9.98918E-05 9.98918E-05 9.98918E-05 9.98918E-05
9.98919E-05 0.0287686 9.98919E-05 0.417816 0.00940198 9.98919E-05 9.98919E-05 9.98919E-05 0.202866 9.98919E-05 9.98919E-05 9.98919E-05 9.98919E-05 0.169546 9.98919E-05 0.0633019 0.0805702 9.98919E-05 9.98919E-05 0.0265309
0.00434639 0.075436 9.9901E-05 0.254781 0.00339061 9.9901E-05 9.9901E-05 9.9901E-05 9.9901E-05 0.0220054 0.0869814 9.9901E-05 9.9901E-05 9.9901E-05 0.432281 0.115015 9.9901E-05 9.9901E-05 9.9901E-05 0.00466483
9.98559E-05 9.98559E-05 9.98559E-05 9.98559E-05 9.98559E-05 9.98559E-05 9.98559E-05 9.98559E-05 9.98559E-05 0.356955 0.0701049 9.98559E-05 9.98559E-05 9.98559E-05 0.377777 9.98559E-05 9.98559E-05 9.98559E-05 9.98559E-05 0.193566
9.98917E-05 0.0591315 9.98917E-05 0.576543 9.98917E-05 0.0783853 9.98917E-05 9.98917E-05 9.98917E-05 9.98917E-05 9.98917E-05 0.166752 0.0265488 9.98917E-05 9.98917E-05 0.0378648 9.98917E-05 0.0440334 9.98917E-05 0.00954236
9.98829E-05 0.0983073 0.000919873 0.316488 9.98829E-05 9.98829E-05 0.153125 9.98829E-05 9.98829E-05 0.0142246 9.98829E-05 9.98829E-05 9.98829E-05 9.98829E-05 9.98829E-05 9.98829E-05 9.98829E-05 9.98829E-05 0.127345 0.288291
9.98647E-05 9.98647E-05 9.98647E-05 0.641167 9.98647E-05 0.100703 0.0741732 9.98647E-05 9.98647E-05 9.98647E-05 9.98647E-05 0.150246 9.98647E-05 9.98647E-05 9.98647E-05 9.98647E-05 9.98647E-05 9.98647E-05 9.98647E-05 0.0322126
9.98738E-05 0.508725 0.0660166 0.402051 9.98738E-05 9.98738E-05 9.98738E-05 9.98738E-05 0.00553538 9.98738E-05 0.0143043 9.98738E-05 9.98738E-05 9.98738E-05 0.00196858 9.98738E-05 9.98738E-05 9.98738E-05 9.98738E-05 9.98738E-05
9.98827E-05 0.27573 9.98827E-05 0.392398 9.98827E-05 9.98827E-05 9.98827E-05 9.98827E-05 0.0225031 0.0344569 9.98827E-05 9.98827E-05 0.0866749 9.98827E-05 9.98827E-05 0.180387 0.0065521 9.98827E-05 9.98827E-05 9.98827E-05
9.99008E-05 0.139367 9.99008E-05 0.558337 9.99008E-05 9.99008E-05 9.99008E-05 9.99008E-05 0.0486941 9.99008E-05 0.0233129 9.99008E-05 0.0549407 0.0404296 9.99008E-05 0.0207035 0.0976787 9.99008E-05 9.99008E-05 0.0154374
9.98648E-05 0.101556 9.98648E-05 9.98648E-05 0.00904041 9.98648E-05 9.98648E-05 9.98648E-05 9.98648E-05 9.98648E-05 9.98648E-05 0.413996 9.98648E-05 9.98648E-05 9.98648E-05 0.312135 9.98648E-05 0.161775 9.98648E-05 9.98648E-05
9.98648E-05 0.652824 9.98648E-05 9.98648E-05 9.98648E-05 9.98648E-05 9.98648E-05 9.98648E-05 9.98648E-05 0.031135 9.98648E-05 0.0527527 9.98648E-05 9.98648E-05 0.252928 9.98648E-05 9.98648E-05 9.98648E-05 0.00886224 9.98648E-05
9.98648E-05 0.239015 9.98648E-05 9.98648E-05 0.186585 9.98648E-05 9.98648E-05 0.105119 9.98648E-05 9.98648E-05 9.98648E-05 0.369469 9.98648E-05 9.98648E-05 9.98648E-05 9.98648E-05 9.98648E-05 9.98648E-05 9.98648E-05 0.0983146
9.99008E-05 0.0103725 9.99008E-05 0.129562 0.0433997 9.99008E-05 9.99008E-05 9.99008E-05 0.101593 0.0488291 9.99008E-05 9.99008E-05 9.99008E-05 0.00648734 9.99008E-05 0.49474 0.0331031 9.99008E-05 0.130815 9.99008E-05
9.9838E-05 0.940256 9.9838E-05 9.9838E-05 9.9838E-05 9.9838E-05 9.9838E-05 9.9838E-05 9.9838E-05 9.9838E-05 9.9838E-05 9.9838E-05 9.9838E-05 9.9838E-05 9.9838E-05 9.9838E-05 0.0579467 9.9838E-05 9.9838E-05 9.9838E-05
9.9856E-05 0.781676 0.0275271 9.9856E-05 9.9856E-05 9.9856E-05 9.9856E-05 9.9856E-05 0.15207 9.9856E-05 9.9856E-05 0.03713 9.9856E-05 9.9856E-05 9.9856E-05 9.9856E-05 9.9856E-05 9.9856E-05 9.9856E-05 9.9856E-05
9.98647E-05 9.98647E-05 9.98647E-05 9.98647E-05 0.0398063 9.98647E-05 9.98647E-05 0.0594108 9.98647E-05 9.98647E-05 9.98647E-05 9.98647E-05 0.000421216 9.98647E-05 9.98647E-05 0.895231 9.98647E-05 9.98647E-05 9.98647E-05 0.00363307
9.98647E-05 9.98647E-05 0.104947 9.98647E-05 9.98647E-05 9.98647E-05 9.98647E-05 9.98647E-05 9.98647E-05 0.0658128 9.98647E-05 0.224883 0.089792 9.98647E-05 9.98647E-05 0.513067 9.98647E-05 9.98647E-05 9.98647E-05 9.98647E-05
9.98557E-05 9.98557E-05 9.98557E-05 9.98557E-05 9.98557E-05 0.028776 0.189857 9.98557E-05 9.98557E-05 9.98557E-05 9.98557E-05 0.360977 9.98557E-05 9.98557E-05 9.98557E-05 0.418792 9.98557E-05 9.98557E-05 9.98557E-05 9.98557E-05
9.98557E-05 0.20585 9.98557E-05 0.0127629 9.98557E-05 9.98557E-05 9.98557E-05 0.211095 9.98557E-05 9.98557E-05 9.98557E-05 0.568695 9.98557E-05 9.98557E-05 9.98557E-05 9.98557E-05 9.98557E-05 9.98557E-05 9.98557E-05 9.98557E-05
9.98649E-05 0.00534509 9.98649E-05 9.98649E-05 9.98649E-05 9.98649E-05 9.98649E-05 9.98649E-05 9.98649E-05 0.662749 0.0123382 9.98649E-05 9.98649E-05 9.98649E-05 0.228056 9.98649E-05 0.0900139 9.98649E-05 9.98649E-05 9.98649E-05
9.98826E-05 0.384517 9.98826E-05 0.0670687 0.0461685 0.0421279 9.98826E-05 9.98826E-05 9.98826E-05 9.98826E-05 9.98826E-05 0.415431 0.000815768 9.98826E-05 9.98826E-05 9.98826E-05 9.98826E-05 0.0425724 9.98826E-05 9.98826E-05
9.98468E-05 0.518677 0.0364298 9.98468E-05 9.98468E-05 9.98468E-05 9.98468E-05 9.98468E-05 9.98468E-05 9.98468E-05 9.98468E-05 9.98468E-05 9.98468E-05 9.98468E-05 9.98468E-05 0.443196 9.98468E-05 9.98468E-05 9.98468E-05 9.98468E-05
9.98829E-05 9.98829E-05 9.98829E-05 9.98829E-05 9.98829E-05 9.98829E-05 9.98829E-05 0.0206398 0.001708 0.0245106 0.122409 9.98829E-05 9.98829E-05 0.0673964 9.98829E-05 0.652702 9.98829E-05 9.98829E-05 0.109336 9.98829E-05
9.98556E-05 9.98556E-05 9.98556E-05 9.98556E-05 9.98556E-05 0.114799 9.98556E-05 0.0729498 9.98556E-05 0.597297 9.98556E-05 0.213357 9.98556E-05 9.98556E-05 9.98556E-05 9.98556E-05 9.98556E-05 9.98556E-05 9.98556E-05 9.98556E-05
9.98469E-05 9.98469E-05 9.98469E-05 9.98469E-05 9.98469E-05 9.98469E-05 9.98469E-05 0.133075 9.98469E-05 9.98469E-05 9.98469E-05 0.79072 9.98469E-05 9.98469E-05 9.98469E-05 9.98469E-05 9.98469E-05 9.98469E-05 0.0745071 9.98469E-05
9.98556E-05 9.98556E-05 9.98556E-05 9.98556E-05 0.0632291 9.98556E-05 9.98556E-05 9.98556E-05 9.98556E-05 0.532888 9.98556E-05 0.360845 0.0414402 9.98556E-05 9.98556E-05 9.98556E-05 9.98556E-05 9.98556E-05 9.98556E-05 9.98556E-05
9.98647E-05 9.98647E-05 0.229329 9.98647E-05 9.98647E-05 9.98647E-05 9.98647E-05 9.98647E-05 9.98647E-05 0.155485 9.98647E-05 0.204236 9.98647E-05 9.98647E-05 9.98647E-05 0.332028 9.98647E-05 9.98647E-05 9.98647E-05 0.0774231
9.98739E-05 0.0291441 0.0828841 9.98739E-05 9.98739E-05 9.98739E-05 0.391987 9.98739E-05 9.98739E-05 0.029495 9.98739E-05 0.410177 9.98739E-05 9.98739E-05 9.98739E-05 0.0549147 9.98739E-05 9.98739E-05 9.98739E-05 9.98739E-05
9.98738E-05 0.295966 9.98738E-05 0.103101 9.98738E-05 9.98738E-05 9.98738E-05 9.98738E-05 9.98738E-05 0.17367 9.98738E-05 0.144418 9.98738E-05 9.98738E-05 9.98738E-05 9.98738E-05 9.98738E-05 9.98738E-05 0.279141 0.00230598
9.98648E-05 0.201895 9.98648E-05 0.491305 9.98648E-05 9.98648E-05 9.98648E-05 0.00946564 9.98648E-05 9.98648E-05 9.98648E-05 0.102622 9.98648E-05 9.98648E-05 9.98648E-05 9.98648E-05 9.98648E-05 9.98648E-05 0.193214 9.98648E-05
9.9865E-05 9.9865E-05 9.9865E-05 0.340411 9.9865E-05 9.9865E-05 9.9865E-05 9.9865E-05 9.9865E-05 0.0601852 9.9865E-05 0.116461 9.9865E-05 9.9865E-05 9.9865E-05 9.9865E-05 9.9865E-05 9.9865E-05 0.377776 0.103669
0.016078 0.261891 9.98827E-05 0.182647 0.00494129 0.0674663 9.98827E-05 0.0385021 9.98827E-05 9.98827E-05 9.98827E-05 0.427175 9.98827E-05 9.98827E-05 9.98827E-05 9.98827E-05 9.98827E-05 9.98827E-05 9.98827E-05 9.98827E-05
9.98648E-05 0.344709 0.238977 0.327923 9.98648E-05 9.98648E-05 9.98648E-05 9.98648E-05 9.98648E-05 0.0602133 9.98648E-05 9.98648E-05 9.98648E-05 9.98648E-05 9.98648E-05 0.0266799 9.98648E-05 9.98648E-05 9.98648E-05 9.98648E-05
9.98829E-05 0.862584 9.98829E-05 9.98829E-05 0.00242852 9.98829E-05 9.98829E-05 9.98829E-05 9.98829E-05 9.98829E-05 0.0367688 9.98829E-05 9.98829E-05 0.00536862 9.98829E-05 0.0542722 9.98829E-05 9.98829E-05 0.0131904 0.0240889
9.98557E-05 9.98557E-05 9.98557E-05 9.98557E-05 0.0974226 0.0994205 9.98557E-05 9.98557E-05 9.98557E-05 0.194724 9.98557E-05 9.98557E-05 9.98557E-05 9.98557E-05 9.98557E-05 9.98557E-05 9.98557E-05 9.98557E-05 9.98557E-05 0.606835
9.98557E-05 9.98557E-05 9.98557E-05 0.163044 9.98557E-05 9.98557E-05 9.98557E-05 0.160064 9.98557E-05 9.98557E-05 9.98557E-05 0.218885 9.98557E-05 9.98557E-05 9.98557E-05 9.98557E-05 9.98557E-05 9.98557E-05 9.98557E-05 0.45641
9.98558E-05 9.98558E-05 9.98558E-05 9.98558E-05 9.98558E-05 9.98558E-05 9.98558E-05 9.98558E-05 9.98558E-05 0.162944 9.98558E-05 9.98558E-05 9.98558E-05 9.98558E-05 9.98558E-05 0.166769 0.150091 9.98558E-05 9.98558E-05 0.518598
9.98647E-05 9.98647E-05 9.98647E-05 0.178872 0.0406702 9.98647E-05 9.98647E-05 0.147339 9.98647E-05 9.98647E-05 9.98647E-05 0.0784251 9.98647E-05 9.98647E-05 9.98647E-05 9.98647E-05 9.98647E-05 9.98647E-05 9.98647E-05 0.553196
9.98467E-05 9.98467E-05 9.98467E-05 9.98467E-05 9.98467E-05 9.98467E-05 9.98467E-05 0.119605 9.98467E-05 9.98467E-05 9.98467E-05 0.0847178 9.98467E-05 9.98467E-05 9.98467E-05 9.98467E-05 9.98467E-05 9.98467E-05 9.98467E-05 0.79398
9.98558E-05 0.0703215 9.98558E-05 9.98558E-05 9.98558E-05 9.98558E-05 9.98558E-05 9.98558E-05 9.98558E-05 9.98558E-05 0.0996832 9.98558E-05 9.98558E-05 9.98558E-05 9.98558E-05 9.98558E-05 0.145872 9.98558E-05 9.98558E-05 0.682525
9.98738E-05 0.18162 9.98738E-05 0.177765 0.0580076 9.98738E-05 9.98738E-05 9.98738E-05 9.98738E-05 9.98738E-05 9.98738E-05 0.0614081 0.149736 9.98738E-05 9.98738E-05 9.98738E-05 9.98738E-05 9.98738E-05 9.98738E-05 0.370065
9.98558E-05 9.98558E-05 0.0107512 0.0621868 9.98558E-05 9.98558E-05 9.98558E-05 9.98558E-05 9.98558E-05 9.98558E-05 9.98558E-05 9.98558E-05 0.0764502 9.98558E-05 9.98558E-05 9.98558E-05 9.98558E-05 9.98558E-05 9.98558E-05 0.849014
0.0491106 9.98468E-05 9.98468E-05 9.98468E-05 9.98468E-05 9.98468E-05 0.399803 9.98468E-05 9.98468E-05 9.98468E-05 9.98468E-05 9.98468E-05 9.98468E-05 9.98468E-05 9.98468E-05 9.98468E-05 9.98468E-05 0.549389 9.98468E-05 9.98468E-05
9.9874E-05 9.9874E-05 9.9874E-05 0.0733557 9.9874E-05 9.9874E-05 0.213487 0.0665169 9.9874E-05 0.0336961 9.9874E-05 9.9874E-05 0.0654785 9.9874E-05 9.9874E-05 9.9874E-05 9.9874E-05 0.546068 9.9874E-05 9.9874E-05
9.9865E-05 9.9865E-05 9.9865E-05 0.0237836 9.9865E-05 9.9865E-05 0.035111 9.9865E-05 9.9865E-05 9.9865E-05 9.9865E-05 9.9865E-05 9.9865E-05 9.9865E-05 0.13921 9.9865E-05 9.9865E-05 0.761192 0.0392055 9.9865E-05
9.98473E-05 9.98473E-05 9.98473E-05 9.98473E-05 9.98473E-05 9.98473E-05 9.98473E-05 9.98473E-05 9.98473E-05 9.98473E-05 9.98473E-05 9.98473E-05 9.98473E-05 0.030339 9.98473E-05 9.98473E-05 0.451874 0.516089 9.98473E-05 9.98473E-05
0.135549 9.98558E-05 9.98558E-05 9.98558E-05 9.98558E-05 0.0473896 0.196161 9.98558E-05 9.98558E-05 9.98558E-05 9.98558E-05 9.98558E-05 9.98558E-05 9.98558E-05 9.98558E-05 9.98558E-05 9.98558E-05 0.619303 9.98558E-05 9.98558E-05
9.99098E-05 9.99098E-05 9.99098E-05 9.99098E-05 0.258117 9.99098E-05 9.99098E-05 9.99098E-05 0.0142693 9.99098E-05 0.0346796 9.99098E-05 0.232522 9.99098E-05 0.0355297 0.0375789 0.172427 0.19532 0.0108467 0.00771101
9.98557E-05 9.98557E-05 9.98557E-05 9.98557E-05 0.19052 0.00285587 9.98557E-05 0.327732 9.98557E-05 9.98557E-05 9.98557E-05 9.98557E-05 9.98557E-05 9.98557E-05 9.98557E-05 9.98557E-05 9.98557E-05 0.477294 9.98557E-05 9.98557E-05
9.98378E-05 9.98378E-05 9.98378E-05 9.98378E-05 9.98378E-05 9.98378E-05 0.308189 9.98378E-05 9.98378E-05 9.98378E-05 9.98378E-05 9.98378E-05 9.98378E-05 9.98378E-05 9.98378E-05 9.98378E-05 9.98378E-05 0.690014 9.98378E-05 9.98378E-05
9.98829E-05 9.98829E-05 0.0580813 9.98829E-05 0.040313 0.102777 9.98829E-05 9.98829E-05 9.98829E-05 0.00685389 9.98829E-05 9.98829E-05 0.0405351 9.98829E-05 9.98829E-05 0.0618367 9.98829E-05 0.688304 9.98829E-05 9.98829E-05
9.98829E-05 0.0744288 0.168415 9.98829E-05 9.98829E-05 9.98829E-05 9.98829E-05 9.98829E-05 0.16773 0.0150644 0.105094 9.98829E-05 9.98829E-05 9.98829E-05 0.0135554 9.98829E-05 9.98829E-05 0.454414 9.98829E-05 9.98829E-05
0.153344 9.98558E-05 9.98558E-05 9.98558E-05 9.98558E-05 9.98558E-05 0.630029 9.98558E-05 9.98558E-05 9.98558E-05 9.98558E-05 9.98558E-05 9.98558E-05 0.0422975 9.98558E-05 9.98558E-05 9.98558E-05 0.172732 9.98558E-05 9.98558E-05
0.00672373 0.0218693 9.98828E-05 9.98828E-05 9.98828E-05 9.98828E-05 9.98828E-05 0.0453011 0.391291 9.98828E-05 0.0553513 9.98828E-05 9.98828E-05 0.0395581 9.98828E-05 9.98828E-05 9.98828E-05 0.438607 9.98828E-05 9.98828E-05
9.98559E-05 9.98559E-05 9.98559E-05 9.98559E-05 9.98559E-05 0.176854 9.98559E-05 9.98559E-05 9.98559E-05 9.98559E-05 9.98559E-05 0.010129 0.0124897 9.98559E-05 9.98559E-05 9.98559E-05 9.98559E-05 0.798929 9.98559E-05 9.98559E-05
9.98918E-05 9.98918E-05 0.0352055 9.98918E-05 0.0117252 9.98918E-05 9.98918E-05 9.98918E-05 0.136382 9.98918E-05 9.98918E-05 9.98918E-05 0.225 9.98918E-05 9.98918E-05 0.0324543 9.98918E-05 0.538488 0.0167843 0.00276175
9.98739E-05 9.98739E-05 0.3842 9.98739E-05 9.98739E-05 0.0238082 0.0326755 9.98739E-05 9.98739E-05 0.0254141 9.98739E-05 9.98739E-05 0.0724922 9.98739E-05 9.98739E-05 9.98739E-05 9.98739E-05 0.460011 9.98739E-05 9.98739E-05
9.98829E-05 9.98829E-05 9.98829E-05 9.98829E-05 0.49762 0.122156 9.98829E-05 0.00664616 9.98829E-05 0.0346749 0.027068 9.98829E-05 9.98829E-05 9.98829E-05 9.98829E-05 0.00214825 9.98829E-05 0.308388 9.98829E-05 9.98829E-05
9.98827E-05 0.0769265 9.98827E-05 9.98827E-05 9.98827E-05 9.98827E-05 9.98827E-05 9.98827E-05 0.0109706 9.98827E-05 0.13358 9.98827E-05 9.98827E-05 9.98827E-05 9.98827E-05 0.00685305 0.157966 0.421987 0.190417 9.98827E-05
9.98647E-05 9.98647E-05 9.98647E-05 9.98647E-05 9.98647E-05 9.98647E-05 9.98647E-05 0.00704696 9.98647E-05 9.98647E-05 0.0252989 9.98647E-05 9.98647E-05 9.98647E-05 0.510969 9.98647E-05 9.98647E-05 0.338838 0.116349 9.98647E-05
9.98829E-05 9.98829E-05 0.126387 0.04734 9.98829E-05 0.0555248 9.98829E-05 9.98829E-05 9.98829E-05 0.0218837 9.98829E-05 0.112307 0.129048 9.98829E-05 9.98829E-05 9.98829E-05 9.98829E-05 0.506211 9.98829E-05 9.98829E-05
9.98558E-05 9.98558E-05 9.98558E-05 9.98558E-05 0.187617 0.0220715 9.98558E-05 9.98558E-05 9.98558E-05 9.98558E-05 9.98558E-05 0.080574 9.98558E-05 9.98558E-05 9.98558E-05 9.98558E-05 9.98558E-05 0.70814 9.98558E-05 9.98558E-05
9.98649E-05 9.98649E-05 0.448852 9.98649E-05 9.98649E-05 9.98649E-05 9.98649E-05 9.98649E-05 0.0170011 0.0187745 9.98649E-05 9.98649E-05 9.98649E-05 9.98649E-05 9.98649E-05 9.98649E-05 0.0364773 0.477397 9.98649E-05 9.98649E-05
9.9865E-05 9.9865E-05 0.00624576 9.9865E-05 9.9865E-05 9.9865E-05 0.0273844 9.9865E-05 9.9865E-05 9.9865E-05 9.9865E-05 9.9865E-05 9.9865E-05 9.9865E-05 0.0473734 9.9865E-05 9.9865E-05 0.570219 0.34728 9.9865E-05
0.0697457 0.075982 0.0864845 9.98919E-05 9.98919E-05 9.98919E-05 9.98919E-05 9.98919E-05 0.111702 9.98919E-05 0.0194479 9.98919E-05 0.265212 9.98919E-05 9.98919E-05 9.98919E-05 0.313933 9.98919E-05 0.0562944 9.98919E-05
0.443995 9.98737E-05 9.98737E-05 9.98737E-05 0.156934 9.98737E-05 9.98737E-05 0.063082 9.98737E-05 9.98737E-05 0.00177124 9.98737E-05 9.98737E-05 0.312987 9.98737E-05 9.98737E-05 9.98737E-05 9.98737E-05 9.98737E-05 0.0198331
0.0398466 9.98648E-05 9.98648E-05 9.98648E-05 9.98648E-05 9.98648E-05 9.98648E-05 9.98648E-05 9.98648E-05 9.98648E-05 9.98648E-05 9.98648E-05 0.283118 9.98648E-05 0.49584 9.98648E-05 0.0488525 9.98648E-05 0.130845 9.98648E-05
0.0498302 9.98648E-05 0.0557493 9.98648E-05 0.359223 0.228866 9.98648E-05 9.98648E-05 9.98648E-05 9.98648E-05 9.98648E-05 9.98648E-05 0.304833 9.98648E-05 9.98648E-05 9.98648E-05 9.98648E-05 9.98648E-05 9.98648E-05 9.98648E-05
0.841605 9.98467E-05 9.98467E-05 9.98467E-05 9.98467E-05 9.98467E-05 0.133791 9.98467E-05 9.98467E-05 9.98467E-05 9.98467E-05 0.0229064 9.98467E-05 9.98467E-05 9.98467E-05 9.98467E-05 9.98467E-05 9.98467E-05 9.98467E-05 9.98467E-05
0.0156558 9.98827E-05 9.98827E-05 9.98827E-05 0.0235168 9.98827E-05 9.98827E-05 9.98827E-05 0.296335 9.98827E-05 0.230191 9.98827E-05 0.155813 9.98827E-05 0.00829616 9.98827E-05 9.98827E-05 9.98827E-05 0.268895 9.98827E-05
0.620742 9.98827E-05 0.00224167 9.98827E-05 9.98827E-05 9.98827E-05 9.98827E-05 9.98827E-05 0.15649 0.0495216 0.045712 9.98827E-05 9.98827E-05 0.119551 9.98827E-05 0.00444301 9.98827E-05 9.98827E-05 9.98827E-05 9.98827E-05
0.0736352 0.0227018 9.98918E-05 0.00827767 9.98918E-05 9.98918E-05 9.98918E-05 0.0237197 9.98918E-05 9.98918E-05 9.98918E-05 9.98918E-05 0.798411 9.98918E-05 9.98918E-05 9.98918E-05 0.0256634 0.0149669 0.0314251 9.98918E-05
0.33892 9.98558E-05 9.98558E-05 9.98558E-05 9.98558E-05 9.98558E-05 9.98558E-05 9.98558E-05 9.98558E-05 0.0209062 9.98558E-05 9.98558E-05 9.98558E-05 0.338631 9.98558E-05 9.98558E-05 9.98558E-05 9.98558E-05 0.299945 9.98558E-05
0.489341 9.98738E-05 9.98738E-05 9.98738E-05 0.143005 9.98738E-05 9.98738E-05 0.148721 9.98738E-05 9.98738E-05 9.98738E-05 0.125607 0.0679044 9.98738E-05 9.98738E-05 9.98738E-05 9.98738E-05 9.98738E-05 0.0240229 9.98738E-05
0.0484183 0.0407906 0.128887 9.98917E-05 9.98917E-05 9.98917E-05 9.98917E-05 9.98917E-05 0.205566 9.98917E-05 9.98917E-05 9.98917E-05 0.082284 0.0992743 9.98917E-05 9.98917E-05 0.183386 9.98917E-05 0.210195 9.98917E-05
0.28529 9.98468E-05 9.98468E-05 9.98468E-05 9.98468E-05 9.98468E-05 9.98468E-05 9.98468E-05 9.98468E-05 9.98468E-05 9.98468E-05 9.98468E-05 9.98468E-05 0.302363 0.41065 9.98468E-05 9.98468E-05 9.98468E-05 9.98468E-05 9.98468E-05
0.78314 9.98558E-05 9.98558E-05 9.98558E-05 9.98558E-05 9.98558E-05 0.0717836 0.0908743 9.98558E-05 9.98558E-05 9.98558E-05 0.0526047 9.98558E-05 9.98558E-05 9.98558E-05 9.98558E-05 9.98558E-05 9.98558E-05 9.98558E-05 9.98558E-05
9.98738E-05 9.98738E-05 9.98738E-05 9.98738E-05 9.98738E-05 9.98738E-05 9.98738E-05 9.98738E-05 0.206938 9.98738E-05 0.347063 9.98738E-05 0.0843505 9.98738E-05 0.000247235 9.98738E-05 0.247828 9.98738E-05 0.112175 9.98738E-05
0.215729 0.0419469 9.98737E-05 9.98737E-05 9.98737E-05 9.98737E-05 9.98737E-05 9.98737E-05 9.98737E-05 9.98737E-05 0.163283 9.98737E-05 9.98737E-05 0.350141 0.0158177 9.98737E-05 9.98737E-05 9.98737E-05 0.211684 9.98737E-05
9.98557E-05 9.98557E-05 9.98557E-05 9.98557E-05 0.275558 9.98557E-05 9.98557E-05 9.98557E-05 0.0428812 9.98557E-05 0.173606 9.98557E-05 9.98557E-05 9.98557E-05 9.98557E-05 9.98557E-05 9.98557E-05 9.98557E-05 0.506357 9.98557E-05
0.727971 9.98559E-05 9.98559E-05 9.98559E-05 9.98559E-05 0.184659 0.0461297 9.98559E-05 9.98559E-05 9.98559E-05 9.98559E-05 0.0396431 9.98559E-05 9.98559E-05 9.98559E-05 9.98559E-05 9.98559E-05 9.98559E-05 9.98559E-05 9.98559E-05
0.186481 0.0196663 9.98737E-05 9.98737E-05 9.98737E-05 9.98737E-05 9.98737E-05 9.98737E-05 9.98737E-05 9.98737E-05 9.98737E-05 9.98737E-05 9.98737E-05 0.131235 0.00255654 9.98737E-05 0.123063 9.98737E-05 0.535599 9.98737E-05
9.98738E-05 9.98738E-05 0.118267 9.98738E-05 9.98738E-05 9.98738E-05 9.98738E-05 9.98738E-05 0.257906 9.98738E-05 0.0492967 9.98738E-05 0.159741 9.98738E-05 9.98738E-05 9.98738E-05 0.374919 9.98738E-05 0.0384715 9.98738E-05
0.113967 9.98752E-05 9.98752E-05 9.98752E-05 0.409287 9.98752E-05 9.98752E-05 9.98752E-05 9.98752E-05 0.0120859 9.98752E-05 9.98752E-05 0.369662 9.98752E-05 9.98752E-05 9.98752E-05 0.0533978 9.98752E-05 9.98752E-05 0.0402017
9.99101E-05 9.99101E-05 0.0586658 9.99101E-05 0.124855 9.99101E-05 0.0884887 9.99101E-05 0.0301759 0.0294223 9.99101E-05 0.0405963 0.121564 9.99101E-05 0.408745 9.99101E-05 0.0882116 0.00827604 9.99101E-05 9.99101E-05
0.148462 9.98829E-05 9.98829E-05 9.98829E-05 9.98829E-05 9.98829E-05 9.98829E-05 9.98829E-05 9.98829E-05 0.0321774 0.0252482 9.98829E-05 0.258907 9.98829E-05 0.170201 9.98829E-05 0.0325008 9.98829E-05 0.331205 9.98829E-05
0.685194 9.98557E-05 9.98557E-05 9.98557E-05 0.072904 0.215421 9.98557E-05 9.98557E-05 9.98557E-05 9.98557E-05 9.98557E-05 9.98557E-05 0.0248833 9.98557E-05 9.98557E-05 9.98557E-05 9.98557E-05 9.98557E-05 9.98557E-05 9.98557E-05
9.99008E-05 9.99008E-05 9.99008E-05 0.0175348 0.279748 9.99008E-05 0.0289585 9.99008E-05 0.0562649 0.0221578 9.99008E-05 9.99008E-05 9.99008E-05 0.324693 9.99008E-05 0.0281785 0.0321393 9.99008E-05 0.209226 9.99008E-05
0.416324 9.98825E-05 0.0667738 9.98825E-05 9.98825E-05 9.98825E-05 9.98825E-05 9.98825E-05 9.98825E-05 9.98825E-05 9.98825E-05 9.98825E-05 0.226772 0.169437 9.98825E-05 0.0279868 0.0511133 9.98825E-05 9.98825E-05 0.0402943
0.0765602 9.98829E-05 9.98829E-05 9.98829E-05 0.0409546 0.311771 9.98829E-05 9.98829E-05 9.98829E-05 9.98829E-05 9.98829E-05 0.0775415 0.233511 9.98829E-05 9.98829E-05 0.03101 9.98829E-05 0.227352 9.98829E-05 9.98829E-05
9.99007E-05 0.00687847 9.99007E-05 9.99007E-05 9.99007E-05 0.0660249 9.99007E-05 9.99007E-05 0.000735811 9.99007E-05 9.99007E-05 9.99007E-05 9.99007E-05 0.192307 9.99007E-05 0.043962 0.112724 0.0803152 0.491817 0.00413649
9.9847E-05 9.9847E-05 0.835778 0.0467427 9.9847E-05 9.9847E-05 9.9847E-05 9.9847E-05 9.9847E-05 9.9847E-05 9.9847E-05 9.9847E-05 9.9847E-05 0.115782 9.9847E-05 9.9847E-05 9.9847E-05 9.9847E-05 9.9847E-05 9.9847E-05
0.0774225 9.9901E-05 9.9901E-05 9.9901E-05 9.9901E-05 0.167583 0.526882 0.141695 9.9901E-05 0.0165076 0.00885314 0.0319125 9.9901E-05 9.9901E-05 0.0251864 0.00285951 9.9901E-05 9.9901E-05 9.9901E-05 9.9901E-05
0.0623337 9.99098E-05 0.0698161 9.99098E-05 0.203035 0.151337 0.021567 0.0100508 9.99098E-05 9.99098E-05 9.99098E-05 9.99098E-05 0.166826 0.122861 9.99098E-05 0.0871935 9.99098E-05 0.10398 9.99098E-05 9.99098E-05
9.98738E-05 9.98738E-05 9.98738E-05 0.0291881 0.259286 0.498878 9.98738E-05 9.98738E-05 0.0325502 9.98738E-05 9.98738E-05 9.98738E-05 9.98738E-05 9.98738E-05 9.98738E-05 9.98738E-05 0.0653614 0.113339 9.98738E-05 9.98738E-05
0.0771303 0.0143599 0.0985839 9.98919E-05 9.98919E-05 0.179247 9.98919E-05 9.98919E-05 0.457989 0.0354225 9.98919E-05 9.98919E-05 0.135365 9.98919E-05 0.000704873 9.98919E-05 9.98919E-05 9.98919E-05 9.98919E-05 9.98919E-05
0.0806083 9.98648E-05 9.98648E-05 9.98648E-05 0.330512 0.559178 0.0225224 9.98648E-05 9.98648E-05 9.98648E-05 9.98648E-05 9.98648E-05 9.98648E-05 9.98648E-05 9.98648E-05 9.98648E-05 9.98648E-05 9.98648E-05 0.00568137 9.98648E-05
9.98917E-05 9.98917E-05 9.98917E-05 9.98917E-05 0.0185294 9.98917E-05 9.98917E-05 0.00240367 0.14409 9.98917E-05 0.135353 9.98917E-05 0.132446 0.0201119 0.0450456 9.98917E-05 9.98917E-05 9.98917E-05 0.500822 9.98917E-05
9.98557E-05 9.98557E-05 0.00798145 9.98557E-05 0.235783 0.704921 9.98557E-05 9.98557E-05 9.98557E-05 9.98557E-05 9.98557E-05 9.98557E-05 9.98557E-05 9.98557E-05 9.98557E-05 9.98557E-05 9.98557E-05 9.98557E-05 0.0497174 9.98557E-05
0.0758946 9.98919E-05 0.0423551 9.98919E-05 9.98919E-05 0.141328 0.0782187 9.98919E-05 9.98919E-05 9.98919E-05 9.98919E-05 9.98919E-05 0.00451941 0.214198 0.31721 9.98919E-05 9.98919E-05 9.98919E-05 0.125078 9.98919E-05
9.98738E-05 9.98738E-05 0.254017 9.98738E-05 9.98738E-05 9.98738E-05 9.98738E-05 0.0713094 9.98738E-05 9.98738E-05 0.120395 9.98738E-05 9.98738E-05 0.0400027 0.246635 9.98738E-05 9.98738E-05 9.98738E-05 0.266243 9.98738E-05
9.9901E-05 9.9901E-05 0.508876 0.053077 0.0159144 0.0100037 9.9901E-05 9.9901E-05 9.9901E-05 9.9901E-05 9.9901E-05 0.0890326 0.16537 0.123968 9.9901E-05 0.00250569 9.9901E-05 0.0301535 9.9901E-05 9.9901E-05
9.99188E-05 0.0167204 0.20088 0.0041609 0.160594 9.99188E-05 9.99188E-05 0.0275243 9.99188E-05 9.99188E-05 0.0138838 9.99188E-05 0.464015 0.00610608 9.99188E-05 0.000918603 9.99188E-05 0.0709171 0.0333799 9.99188E-05
9.98918E-05 9.98918E-05 0.45948 0.0290785 9.98918E-05 0.137558 9.98918E-05 9.98918E-05 9.98918E-05 0.0204895 0.0604669 9.98918E-05 0.192932 0.061403 9.98918E-05 9.98918E-05 9.98918E-05 0.0373934 9.98918E-05 9.98918E-05
9.98828E-05 9.98828E-05 0.0874336 9.98828E-05 0.107076 0.0834712 0.0145929 9.98828E-05 9.98828E-05 9.98828E-05 9.98828E-05 9.98828E-05 9.98828E-05 9.98828E-05 0.152791 9.98828E-05 9.98828E-05 0.102461 0.450875 9.98828E-05
0.0592034 9.98829E-05 0.0106898 9.98829E-05 0.188673 0.0993137 0.616533 9.98829E-05 9.98829E-05 9.98829E-05 0.00555898 9.98829E-05 0.0187299 9.98829E-05 9.98829E-05 9.98829E-05 9.98829E-05 9.98829E-05 9.98829E-05 9.98829E-05
0.179932 9.98558E-05 9.98558E-05 9.98558E-05 9.98558E-05 0.365548 0.355758 9.98558E-05 9.98558E-05 9.98558E-05 9.98558E-05 9.98558E-05 9.98558E-05 0.0971652 9.98558E-05 9.98558E-05 9.98558E-05 9.98558E-05 9.98558E-05 9.98558E-05
9.98738E-05 9.98738E-05 9.98738E-05 9.98738E-05 0.390055 0.162105 9.98738E-05 0.186909 9.98738E-05 9.98738E-05 9.98738E-05 0.0338515 9.98738E-05 0.209353 9.98738E-05 0.0163294 9.98738E-05 9.98738E-05 9.98738E-05 9.98738E-05
9.9865E-05 9.9865E-05 9.9865E-05 0.0315699 9.9865E-05 0.887809 9.9865E-05 9.9865E-05 9.9865E-05 9.9865E-05 9.9865E-05 0.0384992 9.9865E-05 0.0253146 9.9865E-05 9.9865E-05 0.0153089 9.9865E-05 9.9865E-05 9.9865E-05
9.98648E-05 9.98648E-05 9.98648E-05 9.98648E-05 0.00248158 9.98648E-05 0.89663 9.98648E-05 0.0424438 9.98648E-05 0.0176262 9.98648E-05 0.0393203 9.98648E-05 9.98648E-05 9.98648E-05 9.98648E-05 9.98648E-05 9.98648E-05 9.98648E-05
0.00743 9.99008E-05 9.99008E-05 9.99008E-05 0.0866181 0.020643 9.99008E-05 0.308981 9.99008E-05 9.99008E-05 9.99008E-05 0.128588 0.0683731 0.332416 9.99008E-05 9.99008E-05 9.99008E-05 0.0281259 9.99008E-05 0.0177257
0.0492342 9.98827E-05 9.98827E-05 9.98827E-05 0.379175 0.269263 9.98827E-05 9.98827E-05 0.0618671 9.98827E-05 9.98827E-05 9.98827E-05 0.206211 9.98827E-05 9.98827E-05 9.98827E-05 9.98827E-05 9.98827E-05 0.00174039 0.0312105
9.9874E-05 9.9874E-05 9.9874E-05 9.9874E-05 9.9874E-05 0.0428922 9.9874E-05 9.9874E-05 9.9874E-05 0.0332967 0.398744 9.9874E-05 9.9874E-05 9.9874E-05 0.0246444 0.018476 0.480548 9.9874E-05 9.9874E-05 9.9874E-05
9.98558E-05 9.98558E-05 9.98558E-05 9.98558E-05 0.159509 9.98558E-05 9.98558E-05 9.98558E-05 9.98558E-05 0.0165561 0.801993 9.98558E-05 9.98558E-05 9.98558E-05 9.98558E-05 0.0203446 9.98558E-05 9.98558E-05 9.98558E-05 9.98558E-05
9.98828E-05 9.98828E-05 0.00603985 9.98828E-05 0.639126 9.98828E-05 9.98828E-05 0.0904816 9.98828E-05 9.98828E-05 0.0556426 9.98828E-05 9.98828E-05 9.98828E-05 9.98828E-05 0.0786005 0.0852432 9.98828E-05 9.98828E-05 0.043568
9.98557E-05 9.98557E-05 9.98557E-05 9.98557E-05 0.155136 9.98557E-05 9.98557E-05 9.98557E-05 0.162156 9.98557E-05 0.613517 9.98557E-05 9.98557E-05 9.98557E-05 9.98557E-05 9.98557E-05 9.98557E-05 9.98557E-05 0.0675934 9.98557E-05
9.98559E-05 9.98559E-05 9.98559E-05 9.98559E-05 9.98559E-05 9.98559E-05 9.98559E-05 0.00574402 9.98559E-05 9.98559E-05 0.95206 9.98559E-05 9.98559E-05 9.98559E-05 9.98559E-05 9.98559E-05 0.00258303 0.0380154 9.98559E-05 9.98559E-05
9.98648E-05 9.98648E-05 9.98648E-05 9.98648E-05 0.0772055 9.98648E-05 9.98648E-05 0.0369229 9.98648E-05 0.04274 0.433185 9.98648E-05 9.98648E-05 9.98648E-05 0.408449 9.98648E-05 9.98648E-05 9.98648E-05 9.98648E-05 9.98648E-05
0.000149197 9.98829E-05 9.98829E-05 9.98829E-05 0.081468 9.98829E-05 9.98829E-05 9.98829E-05 9.98829E-05 9.98829E-05 0.775976 9.98829E-05 9.98829E-05 9.98829E-05 0.0574106 9.98829E-05 9.98829E-05 0.00985923 0.0664857 0.00735277
9.9892E-05 9.9892E-05 9.9892E-05 9.9892E-05 0.441344 0.0462823 9.9892E-05 0.304416 9.9892E-05 0.0132072 0.169056 0.00508414 9.9892E-05 9.9892E-05 9.9892E-05 0.00918353 9.9892E-05 9.9892E-05 9.9892E-05 0.0102284
0.348211 9.9865E-05 9.9865E-05 9.9865E-05 0.153683 0.0510127 0.16188 0.283716 9.9865E-05 9.9865E-05 9.9865E-05 9.9865E-05 9.9865E-05 9.9865E-05 9.9865E-05 9.9865E-05 9.9865E-05 9.9865E-05 9.9865E-05 9.9865E-05
9.98737E-05 9.98737E-05 9.98737E-05 9.98737E-05 0.0754892 9.98737E-05 9.98737E-05 0.0401702 9.98737E-05 9.98737E-05 9.98737E-05 9.98737E-05 0.256576 9.98737E-05 9.98737E-05 0.104783 0.51816 0.0034228 9.98737E-05 9.98737E-05
9.98649E-05 9.98649E-05 9.98649E-05 9.98649E-05 0.251206 9.98649E-05 9.98649E-05 0.606356 9.98649E-05 9.98649E-05 0.0981617 9.98649E-05 9.98649E-05 9.98649E-05 9.98649E-05 9.98649E-05 9.98649E-05 0.0359156 9.98649E-05 0.00686281
9.9901E-05 9.9901E-05 9.9901E-05 9.9901E-05 0.511906 9.9901E-05 9.9901E-05 0.128247 9.9901E-05 9.9901E-05 0.0445113 0.0163657 0.0190011 0.0190304 9.9901E-05 0.131924 9.9901E-05 0.00125878 9.9901E-05 0.126656
9.98828E-05 9.98828E-05 9.98828E-05 9.98828E-05 0.435953 9.98828E-05 9.98828E-05 9.98828E-05 0.0233556 9.98828E-05 0.196363 9.98828E-05 0.100649 9.98828E-05 9.98828E-05 9.98828E-05 0.134354 0.00394899 9.98828E-05 0.104078
