9.98741E-05 9.98741E-05 0.00210065 9.98741E-05 9.98741E-05 9.98741E-05 0.0461437 9.98741E-05 0.7232 9.98741E-05 9.98741E-05 9.98741E-05 0.0387149 9.98741E-05 9.98741E-05 9.98741E-05 9.98741E-05 0.0132726 0.175169 9.98741E-05
9.98739E-05 9.98739E-05 9.98739E-05 9.98739E-05 9.98739E-05 9.98739E-05 9.98739E-05 9.98739E-05 0.538843 9.98739E-05 9.98739E-05 0.0267567 9.98739E-05 0.0135017 0.296302 9.98739E-05 9.98739E-05 0.0259559 0.0972426 9.98739E-05
0.113922 9.99098E-05 9.99098E-05 0.669111 0.00289898 0.0385503 9.99098E-05 9.99098E-05 9.99098E-05 9.99098E-05 0.00651279 0.051279 0.0409113 9.99098E-05 0.00343259 9.99098E-05 0.029798 0.0425842 9.99098E-05 9.99098E-05
9.98829E-05 9.98829E-05 9.98829E-05 9.98829E-05 9.98829E-05 9.98829E-05 9.98829E-05 9.98829E-05 0.410503 9.98829E-05 0.160829 9.98829E-05 0.0224573 9.98829E-05 0.0332432 0.0389292 9.98829E-05 9.98829E-05 0.303926 0.0288135
9.98829E-05 9.98829E-05 0.196378 9.98829E-05 0.0628435 9.98829E-05 9.98829E-05 9.98829E-05 9.98829E-05 0.00160191 0.16973 9.98829E-05 0.0262358 9.98829E-05 0.423016 9.98829E-05 9.98829E-05 9.98829E-05 0.118897 9.98829E-05
0.0153933 0.0416109 0.00818458 0.185696 9.98918E-05 9.98918E-05 9.98918E-05 9.98918E-05 0.211966 9.98918E-05 0.0489269 0.0103491 9.98918E-05 9.98918E-05 9.98918E-05 9.98918E-05 0.476674 9.98918E-05 9.98918E-05 9.98918E-05
0.0527236 9.98828E-05 9.98828E-05 0.536391 9.98828E-05 0.0226285 9.98828E-05 9.98828E-05 0.321839 9.98828E-05 9.98828E-05 9.98828E-05 9.98828E-05 0.0293194 9.98828E-05 0.0104141 9.98828E-05 9.98828E-05 0.0253857 9.98828E-05
0.0479587 9.98829E-05 9.98829E-05 0.174078 9.98829E-05 9.98829E-05 0.0583522 9.98829E-05 0.21754 9.98829E-05 9.98829E-05 0.166689 9.98829E-05 9.98829E-05 0.0186335 9.98829E-05 0.31545 9.98829E-05 9.98829E-05 9.98829E-05
9.98829E-05 9.98829E-05 9.98829E-05 9.98829E-05 0.0362311 9.98829E-05 9.98829E-05 9.98829E-05 0.505993 9.98829E-05 0.157923 9.98829E-05 9.98829E-05 9.98829E-05 0.0974761 9.98829E-05 9.98829E-05 0.0274571 0.157653 0.0159682
0.828578 9.98829E-05 9.98829E-05 0.0187645 9.98829E-05 9.98829E-05 9.98829E-05 9.98829E-05 9.98829E-05 0.0203531 9.98829E-05 0.0101304 0.00094084 0.0141223 9.98829E-05 9.98829E-05 9.98829E-05 9.98829E-05 0.105813 9.98829E-05
9.98918E-05 9.98918E-05 9.98918E-05 0.02804 9.98918E-05 9.98918E-05 0.00979533 0.353806 0.121183 9.98918E-05 0.181856 9.98918E-05 9.98918E-05 9.98918E-05 0.18057 9.98918E-05 9.98918E-05 0.115964 0.00758592 9.98918E-05
0.0895778 9.98918E-05 9.98918E-05 9.98918E-05 9.98918E-05 9.98918E-05 9.98918E-05 0.0590067 0.0315224 9.98918E-05 0.066423 9.98918E-05 9.98918E-05 9.98918E-05 9.98918E-05 9.98918E-05 0.133109 0.0859651 0.46351 0.0696871
9.99009E-05 9.99009E-05 0.212144 0.20758 0.0307366 0.0342548 9.99009E-05 9.99009E-05 0.0661164 9.99009E-05 0.26455 9.99009E-05 0.00674854 9.99009E-05 0.13109 0.0456805 9.99009E-05 9.99009E-05 9.99009E-05 9.99009E-05
0.145418 9.98919E-05 9.98919E-05 0.268777 9.98919E-05 9.98919E-05 9.98919E-05 9.98919E-05 0.418192 0.0425621 9.98919E-05 0.0482068 9.98919E-05 0.00152667 9.98919E-05 9.98919E-05 0.073645 9.98919E-05 0.000473222 9.98919E-05
9.98828E-05 9.98828E-05 9.98828E-05 9.98828E-05 9.98828E-05 9.98828E-05 0.012515 0.359467 0.089275 9.98828E-05 9.98828E-05 9.98828E-05 9.98828E-05 9.98828E-05 0.0438759 9.98828E-05 0.0180507 0.0838945 0.391623 9.98828E-05
0.320794 9.98918E-05 9.98918E-05 0.435026 0.0484138 9.98918E-05 9.98918E-05 9.98918E-05 9.98918E-05 9.98918E-05 0.00388787 9.98918E-05 0.021636 0.0297887 0.016141 0.123114 9.98918E-05 9.98918E-05 9.98918E-05 9.98918E-05
0.0472844 9.98558E-05 9.98558E-05 0.485966 9.98558E-05 0.0698237 9.98558E-05 9.98558E-05 0.395328 9.98558E-05 9.98558E-05 9.98558E-05 9.98558E-05 9.98558E-05 9.98558E-05 9.98558E-05 9.98558E-05 9.98558E-05 9.98558E-05 9.98558E-05
9.98737E-05 9.98737E-05 9.98737E-05 0.537712 9.98737E-05 9.98737E-05 0.0710031 0.0126468 0.267519 9.98737E-05 9.98737E-05 9.98737E-05 9.98737E-05 9.98737E-05 0.00598595 9.98737E-05 0.103736 9.98737E-05 9.98737E-05 9.98737E-05
9.99099E-05 9.99099E-05 0.00788972 0.0723422 9.99099E-05 0.00676206 9.99099E-05 9.99099E-05 0.309653 9.99099E-05 0.0650693 9.99099E-05 9.99099E-05 9.99099E-05 0.0167112 9.99099E-05 0.0123696 0.0937715 0.277733 0.1367
0.0340658 0.0429295 9.98739E-05 9.98739E-05 0.00635908 9.98739E-05 9.98739E-05 0.153215 9.98739E-05 9.98739E-05 9.98739E-05 9.98739E-05 0.745409 9.98739E-05 9.98739E-05 9.98739E-05 9.98739E-05 0.0166233 9.98739E-05 9.98739E-05
9.9856E-05 9.9856E-05 9.9856E-05 9.9856E-05 9.9856E-05 0.0215689 9.9856E-05 9.9856E-05 9.9856E-05 9.9856E-05 0.0011427 9.9856E-05 0.871036 9.9856E-05 9.9856E-05 0.104654 9.9856E-05 9.9856E-05 9.9856E-05 9.9856E-05
0.0194613 0.052776 0.0283559 9.98737E-05 9.98737E-05 9.98737E-05 9.98737E-05 9.98737E-05 0.0353954 9.98737E-05 9.98737E-05 9.98737E-05 0.826289 9.98737E-05 9.98737E-05 9.98737E-05 0.0363244 9.98737E-05 9.98737E-05 9.98737E-05
9.98649E-05 9.98649E-05 9.98649E-05 9.98649E-05 0.0164565 9.98649E-05 9.98649E-05 9.98649E-05 9.98649E-05 9.98649E-05 0.0208334 9.98649E-05 0.669112 9.98649E-05 9.98649E-05 0.00240431 9.98649E-05 9.98649E-05 9.98649E-05 0.289696
9.98649E-05 9.98649E-05 9.98649E-05 9.98649E-05 9.98649E-05 9.98649E-05 9.98649E-05 0.018696 9.98649E-05 9.98649E-05 0.0915631 0.0250552 0.724325 9.98649E-05 9.98649E-05 9.98649E-05 9.98649E-05 9.98649E-05 0.138863 9.98649E-05
0.0806575 0.086255 9.98917E-05 0.0898142 9.98917E-05 9.98917E-05 9.98917E-05 9.98917E-05 0.0432819 9.98917E-05 9.98917E-05 0.0395226 0.302603 0.319222 9.98917E-05 9.98917E-05 0.0374442 9.98917E-05 9.98917E-05 9.98917E-05
9.98918E-05 0.269156 9.98918E-05 9.98918E-05 9.98918E-05 9.98918E-05 9.98918E-05 0.0404736 9.98918E-05 9.98918E-05 0.00369501 0.0970808 0.31749 9.98918E-05 0.0844422 9.98918E-05 0.0242823 9.98918E-05 0.162182 9.98918E-05
9.98649E-05 9.98649E-05 9.98649E-05 9.98649E-05 0.0164669 9.98649E-05 9.98649E-05 9.98649E-05 9.98649E-05 0.0999432 9.98649E-05 9.98649E-05 0.120859 0.541335 9.98649E-05 0.219898 9.98649E-05 9.98649E-05 9.98649E-05 9.98649E-05
9.9892E-05 0.155148 9.9892E-05 9.9892E-05 0.0588951 9.9892E-05 9.9892E-05 0.114281 9.9892E-05 9.9892E-05 9.9892E-05 0.00461323 0.292881 9.9892E-05 9.9892E-05 0.0827757 9.9892E-05 0.26884 9.9892E-05 0.0213671
0.103842 0.0794266 0.0226911 9.98737E-05 9.98737E-05 9.98737E-05 9.98737E-05 9.98737E-05 0.0167782 9.98737E-05 9.98737E-05 9.98737E-05 0.687467 0.0883967 9.98737E-05 9.98737E-05 9.98737E-05 9.98737E-05 9.98737E-05 9.98737E-05
9.9856E-05 9.9856E-05 9.9856E-05 9.9856E-05 9.9856E-05 9.9856E-05 9.9856E-05 9.9856E-05 9.9856E-05 9.9856E-05 0.0496811 0.0136858 0.899178 9.9856E-05 9.9856E-05 9.9856E-05 9.9856E-05 9.9856E-05 9.9856E-05 0.0358579
9.9892E-05 9.9892E-05 9.9892E-05 9.9892E-05 9.9892E-05 0.205375 9.9892E-05 0.0124706 9.9892E-05 0.0063888 9.9892E-05 9.9892E-05 0.379499 0.359541 9.9892E-05 9.9892E-05 0.00757105 9.9892E-05 0.00751806 0.0204382
0.0313072 0.703446 0.0566886 9.98648E-05 9.98648E-05 9.98648E-05 0.00922348 9.98648E-05 9.98648E-05 9.98648E-05 9.98648E-05 9.98648E-05 9.98648E-05 0.197837 9.98648E-05 9.98648E-05 9.98648E-05 9.98648E-05 9.98648E-05 9.98648E-05
0.0668051 9.98556E-05 9.98556E-05 9.98556E-05 9.98556E-05 9.98556E-05 9.98556E-05 9.98556E-05 9.98556E-05 0.0546901 9.98556E-05 9.98556E-05 0.347921 0.528986 9.98556E-05 9.98556E-05 9.98556E-05 9.98556E-05 9.98556E-05 9.98556E-05
9.98737E-05 0.0538976 9.98737E-05 0.0575826 9.98737E-05 9.98737E-05 9.98737E-05 9.98737E-05 0.135283 9.98737E-05 9.98737E-05 9.98737E-05 0.471607 0.256035 9.98737E-05 9.98737E-05 0.0241961 9.98737E-05 9.98737E-05 9.98737E-05
9.98649E-05 9.98649E-05 0.000382395 0.0270269 9.98649E-05 9.98649E-05 9.98649E-05 9.98649E-05 9.98649E-05 9.98649E-05 0.122006 9.98649E-05 0.826445 0.0226415 9.98649E-05 9.98649E-05 9.98649E-05 9.98649E-05 9.98649E-05 9.98649E-05
9.98649E-05 9.98649E-05 9.98649E-05 9.98649E-05 0.000885667 9.98649E-05 9.98649E-05 0.124733 9.98649E-05 9.98649E-05 9.98649E-05 9.98649E-05 0.781153 9.98649E-05 0.0121731 9.98649E-05 9.98649E-05 9.98649E-05 0.0795571 9.98649E-05
9.98469E-05 9.98469E-05 9.98469E-05 9.98469E-05 9.98469E-05 9.98469E-05 9.98469E-05 0.303065 9.98469E-05 9.98469E-05 9.98469E-05 9.98469E-05 0.589742 0.105496 9.98469E-05 9.98469E-05 9.98469E-05 9.98469E-05 9.98469E-05 9.98469E-05
9.98649E-05 9.98649E-05 9.98649E-05 9.98649E-05 9.98649E-05 0.0234767 9.98649E-05 9.98649E-05 9.98649E-05 9.98649E-05 9.98649E-05 9.98649E-05 0.721973 9.98649E-05 0.0277616 9.98649E-05 9.98649E-05 9.98649E-05 0.0224227 0.202868
9.98647E-05 9.98647E-05 9.98647E-05 9.98647E-05 0.79184 9.98647E-05 9.98647E-05 9.98647E-05 0.144903 9.98647E-05 9.98647E-05 0.0177817 9.98647E-05 0.0213672 9.98647E-05 9.98647E-05 0.0226105 9.98647E-05 9.98647E-05 9.98647E-05
9.9856E-05 9.9856E-05 0.0729786 9.9856E-05 0.334159 9.9856E-05 9.9856E-05 9.9856E-05 9.9856E-05 9.9856E-05 9.9856E-05 9.9856E-05 9.9856E-05 0.488279 9.9856E-05 0.102985 9.9856E-05 9.9856E-05 9.9856E-05 9.9856E-05
9.9856E-05 9.9856E-05 9.9856E-05 9.9856E-05 9.9856E-05 9.9856E-05 9.9856E-05 9.9856E-05 9.9856E-05 0.138613 9.9856E-05 0.147085 9.9856E-05 0.690764 9.9856E-05 0.0219398 9.9856E-05 9.9856E-05 9.9856E-05 9.9856E-05
9.9883E-05 0.0596212 9.9883E-05 9.9883E-05 0.417841 0.00416129 9.9883E-05 9.9883E-05 9.9883E-05 9.9883E-05 9.9883E-05 0.0680068 0.0246354 9.9883E-05 9.9883E-05 0.164353 9.9883E-05 9.9883E-05 9.9883E-05 0.260083
9.98647E-05 9.98647E-05 9.98647E-05 9.98647E-05 0.388255 9.98647E-05 9.98647E-05 9.98647E-05 0.140646 9.98647E-05 9.98647E-05 9.98647E-05 0.15476 0.298092 9.98647E-05 9.98647E-05 0.016749 9.98647E-05 9.98647E-05 9.98647E-05
9.98919E-05 0.0201188 9.98919E-05 0.00261782 0.167617 9.98919E-05 9.98919E-05 0.0632891 9.98919E-05 9.98919E-05 9.98919E-05 0.0711299 9.98919E-05 0.564616 9.98919E-05 9.98919E-05 0.0904685 0.0189442 9.98919E-05 9.98919E-05
9.98559E-05 0.509719 9.98559E-05 9.98559E-05 9.98559E-05 9.98559E-05 9.98559E-05 9.98559E-05 9.98559E-05 9.98559E-05 9.98559E-05 9.98559E-05 9.98559E-05 9.98559E-05 9.98559E-05 9.98559E-05 9.98559E-05 0.007656 0.350702 0.130325
9.98649E-05 9.98649E-05 9.98649E-05 9.98649E-05 0.638642 9.98649E-05 9.98649E-05 9.98649E-05 9.98649E-05 9.98649E-05 9.98649E-05 0.00296599 9.98649E-05 9.98649E-05 0.216546 9.98649E-05 9.98649E-05 0.00144321 0.138905 9.98649E-05
9.99008E-05 9.99008E-05 9.99008E-05 0.000549078 0.0178073 9.99008E-05 9.99008E-05 0.00468131 0.0502741 9.99008E-05 0.0272409 9.99008E-05 9.99008E-05 0.838807 0.00655731 9.99008E-05 0.050968 0.00201576 9.99008E-05 9.99008E-05
9.98647E-05 9.98647E-05 9.98647E-05 9.98647E-05 0.646679 9.98647E-05 9.98647E-05 9.98647E-05 0.0951735 9.98647E-05 9.98647E-05 0.0615659 9.98647E-05 0.160687 9.98647E-05 9.98647E-05 0.0343969 9.98647E-05 9.98647E-05 9.98647E-05
9.98468E-05 9.98468E-05 9.98468E-05 9.98468E-05 0.149402 9.98468E-05 9.98468E-05 9.98468E-05 9.98468E-05 9.98468E-05 9.98468E-05 9.98468E-05 9.98468E-05 0.184202 9.98468E-05 0.664698 9.98468E-05 9.98468E-05 9.98468E-05 9.98468E-05
9.9883E-05 9.9883E-05 9.9883E-05 9.9883E-05 0.585502 0.012092 9.9883E-05 9.9883E-05 0.0330753 9.9883E-05 9.9883E-05 0.117296 9.9883E-05 0.0543321 0.0199581 9.9883E-05 9.9883E-05 0.176447 9.9883E-05 9.9883E-05
9.98469E-05 9.98469E-05 9.98469E-05 9.98469E-05 0.445373 9.98469E-05 9.98469E-05 9.98469E-05 9.98469E-05 9.98469E-05 9.98469E-05 9.98469E-05 9.98469E-05 0.328035 9.98469E-05 0.224895 9.98469E-05 9.98469E-05 9.98469E-05 9.98469E-05
9.99011E-05 9.99011E-05 0.0389939 9.99011E-05 0.527434 0.169594 9.99011E-05 9.99011E-05 9.99011E-05 9.99011E-05 0.0567592 9.99011E-05 0.109804 0.0033903 9.99011E-05 0.0866836 0.0033521 9.99011E-05 9.99011E-05 0.00289033
9.99008E-05 0.179317 9.99008E-05 9.99008E-05 0.283832 9.99008E-05 9.99008E-05 0.208172 9.99008E-05 0.000283473 0.0324576 0.048758 0.0681415 0.00643674 9.99008E-05 9.99008E-05 9.99008E-05 9.99008E-05 0.171503 9.99008E-05
9.98919E-05 9.98919E-05 9.98919E-05 9.98919E-05 0.355069 9.98919E-05 0.00542302 0.144171 9.98919E-05 9.98919E-05 9.98919E-05 0.125126 9.98919E-05 0.042608 0.0271165 9.98919E-05 0.194653 9.98919E-05 0.104635 9.98919E-05
9.9901E-05 0.049395 9.9901E-05 9.9901E-05 0.286221 0.0691781 9.9901E-05 9.9901E-05 9.9901E-05 9.9901E-05 9.9901E-05 0.0311717 0.0274893 0.0299418 9.9901E-05 9.9901E-05 9.9901E-05 0.130001 0.027439 0.348065
9.98559E-05 9.98559E-05 9.98559E-05 9.98559E-05 9.98559E-05 9.98559E-05 9.98559E-05 9.98559E-05 9.98559E-05 9.98559E-05 9.98559E-05 0.199534 0.329528 9.98559E-05 9.98559E-05 9.98559E-05 9.98559E-05 9.98559E-05 0.0477741 0.421567
0.0611369 0.0703709 0.0577618 0.036432 0.519126 9.98827E-05 9.98827E-05 9.98827E-05 9.98827E-05 9.98827E-05 9.98827E-05 0.0252327 9.98827E-05 0.228642 9.98827E-05 9.98827E-05 9.98827E-05 9.98827E-05 9.98827E-05 9.98827E-05
9.98739E-05 9.98739E-05 0.00418761 9.98739E-05 0.383486 9.98739E-05 9.98739E-05 9.98739E-05 9.98739E-05 9.98739E-05 0.0576181 0.295332 0.047765 9.98739E-05 9.98739E-05 0.210213 9.98739E-05 9.98739E-05 9.98739E-05 9.98739E-05
9.98647E-05 9.98647E-05 0.0497408 9.98647E-05 0.282673 9.98647E-05 9.98647E-05 9.98647E-05 9.98647E-05 9.98647E-05 9.98647E-05 0.110568 9.98647E-05 0.466036 9.98647E-05 0.0894838 9.98647E-05 9.98647E-05 9.98647E-05 9.98647E-05
9.98698E-05 9.98698E-05 9.98698E-05 9.98698E-05 0.836876 9.98698E-05 9.98698E-05 0.0300948 9.98698E-05 9.98698E-05 9.98698E-05 9.98698E-05 0.023305 9.98698E-05 9.98698E-05 9.98698E-05 9.98698E-05 0.10125 0.00697599 9.98698E-05
9.99008E-05 0.180534 9.99008E-05 9.99008E-05 0.607412 9.99008E-05 0.0101443 0.0172133 0.11457 9.99008E-05 9.99008E-05 0.000621734 0.034117 9.99008E-05 9.99008E-05 9.99008E-05 0.0171182 0.0171711 9.99008E-05 9.99008E-05
9.98828E-05 9.98828E-05 9.98828E-05 9.98828E-05 0.556834 9.98828E-05 9.98828E-05 0.00519485 9.98828E-05 9.98828E-05 9.98828E-05 0.154498 9.98828E-05 0.0162109 0.0984324 9.98828E-05 0.134475 9.98828E-05 0.033057 9.98828E-05
9.98559E-05 0.618667 0.0632939 0.099976 9.98559E-05 9.98559E-05 9.98559E-05 9.98559E-05 9.98559E-05 9.98559E-05 9.98559E-05 9.98559E-05 9.98559E-05 0.216465 9.98559E-05 9.98559E-05 9.98559E-05 9.98559E-05 9.98559E-05 9.98559E-05
9.98469E-05 9.98469E-05 9.98469E-05 9.98469E-05 0.531924 9.98469E-05 9.98469E-05 9.98469E-05 9.98469E-05 9.98469E-05 9.98469E-05 9.98469E-05 0.0517444 9.98469E-05 9.98469E-05 9.98469E-05 9.98469E-05 9.98469E-05 9.98469E-05 0.414634
9.98649E-05 9.98649E-05 9.98649E-05 0.326887 0.255983 9.98649E-05 9.98649E-05 9.98649E-05 9.98649E-05 0.0952071 9.98649E-05 0.138889 9.98649E-05 0.181536 9.98649E-05 9.98649E-05 9.98649E-05 9.98649E-05 9.98649E-05 9.98649E-05
9.99008E-05 0.406764 9.99008E-05 9.99008E-05 0.111879 9.99008E-05 9.99008E-05 0.140905 0.00325891 9.99008E-05 0.0421315 0.0647539 0.0616094 9.99008E-05 0.140601 9.99008E-05 9.99008E-05 9.99008E-05 0.0269987 9.99008E-05
9.98649E-05 9.98649E-05 9.98649E-05 9.98649E-05 0.716023 9.98649E-05 9.98649E-05 9.98649E-05 9.98649E-05 9.98649E-05 9.98649E-05 9.98649E-05 9.98649E-05 9.98649E-05 0.0948089 9.98649E-05 9.98649E-05 0.162547 0.000231078 0.024892
9.9874E-05 0.00035036 9.9874E-05 9.9874E-05 0.593199 9.9874E-05 9.9874E-05 0.1818 9.9874E-05 0.00542542 9.9874E-05 9.9874E-05 9.9874E-05 9.9874E-05 9.9874E-05 9.9874E-05 9.9874E-05 0.12623 0.0915975 9.9874E-05
9.98556E-05 0.73039 9.98556E-05 0.0143247 9.98556E-05 9.98556E-05 9.98556E-05 9.98556E-05 9.98556E-05 9.98556E-05 9.98556E-05 0.10419 9.98556E-05 9.98556E-05 9.98556E-05 9.98556E-05 9.98556E-05 9.98556E-05 0.149498 9.98556E-05
9.98648E-05 0.700065 9.98648E-05 9.98648E-05 9.98648E-05 9.98648E-05 9.98648E-05 9.98648E-05 0.114364 9.98648E-05 9.98648E-05 9.98648E-05 0.0774614 0.0914583 9.98648E-05 9.98648E-05 9.98648E-05 9.98648E-05 9.98648E-05 0.0151534
9.98557E-05 0.560541 9.98557E-05 9.98557E-05 9.98557E-05 9.98557E-05 9.98557E-05 9.98557E-05 9.98557E-05 0.0227087 9.98557E-05 9.98557E-05 9.98557E-05 0.207354 9.98557E-05 0.207799 9.98557E-05 9.98557E-05 9.98557E-05 9.98557E-05
9.98648E-05 9.98648E-05 9.98648E-05 0.165456 0.24738 9.98648E-05 9.98648E-05 9.98648E-05 9.98648E-05 0.112566 9.98648E-05 0.00629276 9.98648E-05 0.466808 9.98648E-05 9.98648E-05 9.98648E-05 9.98648E-05 9.98648E-05 9.98648E-05
9.98469E-05 9.98469E-05 9.98469E-05 9.98469E-05 9.98469E-05 9.98469E-05 9.98469E-05 9.98469E-05 9.98469E-05 9.98469E-05 9.98469E-05 9.98469E-05 0.648304 9.98469E-05 9.98469E-05 9.98469E-05 9.98469E-05 0.155641 9.98469E-05 0.194357
0.0155904 0.0751221 9.98736E-05 0.173323 0.446043 9.98736E-05 9.98736E-05 9.98736E-05 9.98736E-05 0.0629101 9.98736E-05 9.98736E-05 9.98736E-05 0.225613 9.98736E-05 9.98736E-05 9.98736E-05 9.98736E-05 9.98736E-05 9.98736E-05
9.98738E-05 0.50487 9.98738E-05 9.98738E-05 0.350544 9.98738E-05 9.98738E-05 0.0343538 9.98738E-05 9.98738E-05 9.98738E-05 9.98738E-05 9.98738E-05 9.98738E-05 0.00610526 9.98738E-05 9.98738E-05 0.0181621 0.084567 9.98738E-05
9.98648E-05 0.545359 9.98648E-05 9.98648E-05 9.98648E-05 9.98648E-05 9.98648E-05 9.98648E-05 9.98648E-05 9.98648E-05 0.0574361 0.0184324 0.0536772 9.98648E-05 9.98648E-05 9.98648E-05 9.98648E-05 9.98648E-05 0.323598 9.98648E-05
0.102893 9.98556E-05 9.98556E-05 0.0611751 9.98556E-05 9.98556E-05 9.98556E-05 9.98556E-05 9.98556E-05 9.98556E-05 9.98556E-05 9.98556E-05 0.561734 0.272601 9.98556E-05 9.98556E-05 9.98556E-05 9.98556E-05 9.98556E-05 9.98556E-05
9.98829E-05 0.0981494 9.98829E-05 0.0328591 9.98829E-05 9.98829E-05 9.98829E-05 9.98829E-05 9.98829E-05 0.116202 9.98829E-05 9.98829E-05 9.98829E-05 0.671697 0.00171222 0.0578269 9.98829E-05 9.98829E-05 9.98829E-05 0.0202556
0.0413961 9.98556E-05 9.98556E-05 9.98556E-05 9.98556E-05 9.98556E-05 9.98556E-05 9.98556E-05 0.0725762 9.98556E-05 9.98556E-05 9.98556E-05 0.482787 0.401643 9.98556E-05 9.98556E-05 9.98556E-05 9.98556E-05 9.98556E-05 9.98556E-05
9.98828E-05 0.612202 0.0341974 9.98828E-05 9.98828E-05 9.98828E-05 9.98828E-05 9.98828E-05 0.0239556 9.98828E-05 9.98828E-05 0.0364015 0.196363 0.0217608 9.98828E-05 0.073821 9.98828E-05 9.98828E-05 9.98828E-05 9.98828E-05
9.98649E-05 0.191834 9.98649E-05 9.98649E-05 0.0249057 9.98649E-05 9.98649E-05 9.98649E-05 9.98649E-05 9.98649E-05 9.98649E-05 9.98649E-05 0.0532076 0.243244 9.98649E-05 0.48531 9.98649E-05 9.98649E-05 9.98649E-05 9.98649E-05
9.98829E-05 0.0489961 9.98829E-05 9.98829E-05 0.366726 9.98829E-05 9.98829E-05 9.98829E-05 9.98829E-05 9.98829E-05 0.183927 0.00429231 0.176909 0.0816118 9.98829E-05 9.98829E-05 9.98829E-05 9.98829E-05 9.98829E-05 0.136239
9.98829E-05 9.98829E-05 0.0445404 0.0147768 0.648345 9.98829E-05 9.98829E-05 9.98829E-05 9.98829E-05 9.98829E-05 0.119032 9.98829E-05 9.98829E-05 0.165567 9.98829E-05 0.00105927 9.98829E-05 9.98829E-05 9.98829E-05 0.00538161
9.9892E-05 9.9892E-05 9.9892E-05 9.9892E-05 0.326632 0.0767061 9.9892E-05 9.9892E-05 9.9892E-05 9.9892E-05 0.187876 0.154667 0.077497 0.058525 9.9892E-05 0.108603 9.9892E-05 9.9892E-05 9.9892E-05 0.00829603
0.0311942 9.98647E-05 9.98647E-05 0.0976376 0.424961 9.98647E-05 9.98647E-05 9.98647E-05 9.98647E-05 0.0922652 9.98647E-05 9.98647E-05 9.98647E-05 0.352444 9.98647E-05 9.98647E-05 9.98647E-05 9.98647E-05 9.98647E-05 9.98647E-05
0.00409247 0.0565384 0.0350337 9.98919E-05 0.643495 9.98919E-05 9.98919E-05 0.0723344 9.98919E-05 9.98919E-05 9.98919E-05 9.98919E-05 0.0998149 9.98919E-05 9.98919E-05 0.0480106 9.98919E-05 0.0394821 9.98919E-05 9.98919E-05
9.98828E-05 0.0616439 9.98828E-05 9.98828E-05 0.598982 9.98828E-05 9.98828E-05 9.98828E-05 9.98828E-05 9.98828E-05 0.0351591 0.0130947 9.98828E-05 9.98828E-05 9.98828E-05 9.98828E-05 9.98828E-05 0.0074809 0.233798 0.0485422
0.105931 0.0157585 9.98737E-05 0.0337865 9.98737E-05 9.98737E-05 9.98737E-05 9.98737E-05 0.0675577 9.98737E-05 9.98737E-05 0.593574 0.181993 9.98737E-05 9.98737E-05 9.98737E-05 9.98737E-05 9.98737E-05 9.98737E-05 9.98737E-05
9.98468E-05 9.98468E-05 9.98468E-05 0.0998195 9.98468E-05 9.98468E-05 9.98468E-05 9.98468E-05 9.98468E-05 9.98468E-05 9.98468E-05 0.535464 9.98468E-05 0.363019 9.98468E-05 9.98468E-05 9.98468E-05 9.98468E-05 9.98468E-05 9.98468E-05
9.98738E-05 0.100564 9.98738E-05 9.98738E-05 9.98738E-05 9.98738E-05 9.98738E-05 9.98738E-05 9.98738E-05 9.98738E-05 9.98738E-05 0.509431 0.204082 9.98738E-05 0.0327901 9.98738E-05 0.00227915 0.149455 9.98738E-05 9.98738E-05
9.98557E-05 9.98557E-05 9.98557E-05 0.204203 0.0999066 9.98557E-05 9.98557E-05 9.98557E-05 9.98557E-05 9.98557E-05 9.98557E-05 0.600528 9.98557E-05 0.0937645 9.98557E-05 9.98557E-05 9.98557E-05 9.98557E-05 9.98557E-05 9.98557E-05
9.98467E-05 9.98467E-05 9.98467E-05 0.0965454 9.98467E-05 9.98467E-05 9.98467E-05 9.98467E-05 9.98467E-05 9.98467E-05 9.98467E-05 0.817879 9.98467E-05 0.0838781 9.98467E-05 9.98467E-05 9.98467E-05 9.98467E-05 9.98467E-05 9.98467E-05
9.98557E-05 9.98557E-05 9.98557E-05 9.98557E-05 9.98557E-05 9.98557E-05 9.98557E-05 9.98557E-05 9.98557E-05 9.98557E-05 9.98557E-05 0.647412 9.98557E-05 9.98557E-05 0.0170294 9.98557E-05 9.98557E-05 0.307358 0.0266024 9.98557E-05
9.98738E-05 0.0128981 9.98738E-05 0.152163 0.327733 9.98738E-05 9.98738E-05 9.98738E-05 9.98738E-05 9.98738E-05 9.98738E-05 0.406928 9.98738E-05 9.98738E-05 0.0119978 9.98738E-05 0.0868815 9.98738E-05 9.98738E-05 9.98738E-05
0.0038085 9.98649E-05 0.00322917 9.98649E-05 9.98649E-05 9.98649E-05 9.98649E-05 9.98649E-05 0.108477 9.98649E-05 9.98649E-05 0.88175 9.98649E-05 9.98649E-05 9.98649E-05 9.98649E-05 0.00123668 9.98649E-05 9.98649E-05 9.98649E-05
9.98648E-05 0.0236302 0.535257 0.0750036 9.98648E-05 9.98648E-05 9.98648E-05 9.98648E-05 9.98648E-05 0.0755008 9.98648E-05 9.98648E-05 9.98648E-05 9.98648E-05 9.98648E-05 0.289111 9.98648E-05 9.98648E-05 9.98648E-05 9.98648E-05
9.98739E-05 9.98739E-05 0.573221 9.98739E-05 9.98739E-05 9.98739E-05 0.143136 9.98739E-05 9.98739E-05 9.98739E-05 0.0211159 9.98739E-05 9.98739E-05 0.139806 9.98739E-05 0.120755 0.000568114 9.98739E-05 9.98739E-05 9.98739E-05
9.9865E-05 9.9865E-05 0.765421 9.9865E-05 9.9865E-05 0.0306245 0.070694 9.9865E-05 9.9865E-05 9.9865E-05 9.9865E-05 9.9865E-05 9.9865E-05 0.00647154 9.9865E-05 9.9865E-05 9.9865E-05 9.9865E-05 9.9865E-05 0.125291
9.98465E-05 9.98465E-05 0.151745 0.0312299 9.98465E-05 9.98465E-05 9.98465E-05 9.98465E-05 9.98465E-05 9.98465E-05 9.98465E-05 9.98465E-05 9.98465E-05 9.98465E-05 9.98465E-05 9.98465E-05 9.98465E-05 0.815328 9.98465E-05 9.98465E-05
0.0967378 9.98828E-05 0.557848 0.0242329 9.98828E-05 9.98828E-05 9.98828E-05 9.98828E-05 9.98828E-05 0.144183 9.98828E-05 0.007064 9.98828E-05 9.98828E-05 9.98828E-05 0.125791 9.98828E-05 0.0428454 9.98828E-05 9.98828E-05
9.98827E-05 0.0205254 0.0777417 0.0616146 9.98827E-05 0.0215374 9.98827E-05 9.98827E-05 0.417876 9.98827E-05 9.98827E-05 9.98827E-05 9.98827E-05 9.98827E-05 0.09061 9.98827E-05 9.98827E-05 0.308797 9.98827E-05 9.98827E-05
0.0458651 9.98558E-05 0.357642 0.559037 9.98558E-05 9.98558E-05 9.98558E-05 9.98558E-05 9.98558E-05 9.98558E-05 9.98558E-05 9.98558E-05 9.98558E-05 9.98558E-05 9.98558E-05 9.98558E-05 9.98558E-05 9.98558E-05 0.0358582 9.98558E-05
9.98717E-05 0.010916 0.654778 0.0942717 9.98717E-05 9.98717E-05 9.98717E-05 9.98717E-05 9.98717E-05 9.98717E-05 9.98717E-05 0.0189075 9.98717E-05 9.98717E-05 9.98717E-05 0.219629 9.98717E-05 9.98717E-05 9.98717E-05 9.98717E-05
0.112303 0.0596937 0.630233 9.98738E-05 9.98738E-05 9.98738E-05 0.0954194 9.98738E-05 0.0989577 9.98738E-05 9.98738E-05 0.00199532 9.98738E-05 9.98738E-05 9.98738E-05 9.98738E-05 9.98738E-05 9.98738E-05 9.98738E-05 9.98738E-05
9.98828E-05 9.98828E-05 0.467989 9.98828E-05 0.0271549 9.98828E-05 9.98828E-05 0.219026 9.98828E-05 9.98828E-05 9.98828E-05 9.98828E-05 0.0441062 9.98828E-05 0.0149098 9.98828E-05 9.98828E-05 0.214766 0.0107496 9.98828E-05
9.98655E-05 9.98655E-05 0.187102 9.98655E-05 9.98655E-05 9.98655E-05 9.98655E-05 9.98655E-05 9.98655E-05 0.21787 9.98655E-05 9.98655E-05 9.98655E-05 9.98655E-05 9.98655E-05 0.552599 0.0354904 0.00544031 9.98655E-05 9.98655E-05
9.98558E-05 9.98558E-05 0.42131 9.98558E-05 9.98558E-05 9.98558E-05 9.98558E-05 0.357251 9.98558E-05 0.049048 9.98558E-05 9.98558E-05 9.98558E-05 9.98558E-05 9.98558E-05 9.98558E-05 9.98558E-05 9.98558E-05 0.170794 9.98558E-05
0.0717021 9.98648E-05 0.691831 0.174748 9.98648E-05 9.98648E-05 9.98648E-05 9.98648E-05 9.98648E-05 9.98648E-05 9.98648E-05 9.98648E-05 9.98648E-05 0.03157 0.0286501 9.98648E-05 9.98648E-05 9.98648E-05 9.98648E-05 9.98648E-05
9.99008E-05 0.0301892 0.453052 0.0144595 9.99008E-05 9.99008E-05 9.99008E-05 0.117748 0.251952 9.99008E-05 9.99008E-05 0.0287243 9.99008E-05 9.99008E-05 0.0109747 9.99008E-05 0.0193224 0.0724794 9.99008E-05 9.99008E-05
0.0917977 9.98828E-05 0.550228 9.98828E-05 9.98828E-05 0.0329472 9.98828E-05 9.98828E-05 0.18312 9.98828E-05 9.98828E-05 9.98828E-05 0.0225239 9.98828E-05 9.98828E-05 0.0309148 9.98828E-05 0.0871699 9.98828E-05 9.98828E-05
0.165176 0.0492163 0.19425 0.388092 9.99008E-05 0.00118688 9.99008E-05 9.99008E-05 0.110162 9.99008E-05 9.99008E-05 9.99008E-05 0.0099207 9.99008E-05 0.0341994 9.99008E-05 9.99008E-05 0.0466979 9.99008E-05 9.99008E-05
9.98827E-05 9.98827E-05 0.383669 9.98827E-05 0.00859844 9.98827E-05 9.98827E-05 9.98827E-05 9.98827E-05 9.98827E-05 0.073769 0.0405446 9.98827E-05 9.98827E-05 0.399154 9.98827E-05 9.98827E-05 0.0508327 0.0421343 9.98827E-05
9.98648E-05 9.98648E-05 0.365298 9.98648E-05 9.98648E-05 0.0217881 0.0340435 9.98648E-05 9.98648E-05 9.98648E-05 9.98648E-05 9.98648E-05 9.98648E-05 9.98648E-05 9.98648E-05 9.98648E-05 9.98648E-05 9.98648E-05 0.0183632 0.559009
0.0760385 9.98828E-05 0.593431 9.98828E-05 0.00703688 9.98828E-05 0.0651335 9.98828E-05 0.0169092 9.98828E-05 9.98828E-05 9.98828E-05 9.98828E-05 0.154273 9.98828E-05 9.98828E-05 0.0858793 9.98828E-05 9.98828E-05 9.98828E-05
0.0202517 9.98647E-05 0.546388 0.27746 9.98647E-05 9.98647E-05 9.98647E-05 9.98647E-05 9.98647E-05 9.98647E-05 9.98647E-05 9.98647E-05 9.98647E-05 0.0598404 9.98647E-05 9.98647E-05 9.98647E-05 0.0945614 9.98647E-05 9.98647E-05
9.98738E-05 9.98738E-05 0.626801 9.98738E-05 0.0128196 9.98738E-05 9.98738E-05 0.117767 9.98738E-05 9.98738E-05 9.98738E-05 9.98738E-05 0.0416399 9.98738E-05 9.98738E-05 9.98738E-05 0.0784652 0.12111 9.98738E-05 9.98738E-05
9.9874E-05 9.9874E-05 0.666179 9.9874E-05 9.9874E-05 0.0681771 9.9874E-05 9.9874E-05 9.9874E-05 9.9874E-05 0.055257 9.9874E-05 0.0188789 9.9874E-05 0.0904752 9.9874E-05 9.9874E-05 9.9874E-05 9.9874E-05 0.099635
9.98919E-05 9.98919E-05 9.98919E-05 9.98919E-05 0.0244717 9.98919E-05 9.98919E-05 0.104426 0.306569 0.0107 0.0606015 9.98919E-05 0.0100642 9.98919E-05 0.254587 9.98919E-05 9.98919E-05 0.227382 9.98919E-05 9.98919E-05
0.164419 9.98917E-05 9.98917E-05 0.0321414 9.98917E-05 9.98917E-05 0.00202721 9.98917E-05 9.98917E-05 0.402193 0.0718195 0.0584695 9.98917E-05 9.98917E-05 9.98917E-05 9.98917E-05 0.1841 9.98917E-05 0.0836317 9.98917E-05
9.98558E-05 9.98558E-05 9.98558E-05 9.98558E-05 9.98558E-05 9.98558E-05 9.98558E-05 9.98558E-05 0.127757 0.0492013 9.98558E-05 9.98558E-05 9.98558E-05 9.98558E-05 0.221396 9.98558E-05 9.98558E-05 9.98558E-05 9.98558E-05 0.600048
0.237373 9.98827E-05 0.0299881 0.0373283 9.98827E-05 0.0704399 9.98827E-05 9.98827E-05 0.560421 0.025457 9.98827E-05 9.98827E-05 9.98827E-05 0.0376942 9.98827E-05 9.98827E-05 9.98827E-05 9.98827E-05 9.98827E-05 9.98827E-05
0.00595273 9.98648E-05 0.0106806 9.98648E-05 9.98648E-05 9.98648E-05 9.98648E-05 9.98648E-05 9.98648E-05 0.854187 9.98648E-05 9.98648E-05 9.98648E-05 9.98648E-05 9.98648E-05 0.104425 0.023256 9.98648E-05 9.98648E-05 9.98648E-05
9.98827E-05 9.98827E-05 9.98827E-05 9.98827E-05 9.98827E-05 0.100763 9.98827E-05 0.276112 0.129735 9.98827E-05 0.0701695 9.98827E-05 9.98827E-05 9.98827E-05 0.292675 9.98827E-05 9.98827E-05 9.98827E-05 0.092464 0.0367829
9.98737E-05 9.98737E-05 9.98737E-05 9.98737E-05 9.98737E-05 9.98737E-05 9.98737E-05 0.182666 9.98737E-05 0.483715 0.215755 9.98737E-05 0.0300977 9.98737E-05 9.98737E-05 9.98737E-05 0.0579872 9.98737E-05 0.0283812 9.98737E-05
9.98918E-05 9.98918E-05 0.0455248 0.0959293 0.0570115 9.98918E-05 9.98918E-05 9.98918E-05 0.430474 0.0655925 9.98918E-05 0.0287006 9.98918E-05 9.98918E-05 0.172733 9.98918E-05 0.102836 9.98918E-05 9.98918E-05 9.98918E-05
0.132443 9.98468E-05 9.98468E-05 9.98468E-05 9.98468E-05 9.98468E-05 9.98468E-05 9.98468E-05 9.98468E-05 0.110857 0.755003 9.98468E-05 9.98468E-05 9.98468E-05 9.98468E-05 9.98468E-05 9.98468E-05 9.98468E-05 9.98468E-05 9.98468E-05
0.033861 9.98828E-05 9.98828E-05 0.206836 9.98828E-05 0.0865209 9.98828E-05 9.98828E-05 0.0821672 0.538103 9.98828E-05 0.031934 9.98828E-05 0.0192789 9.98828E-05 9.98828E-05 9.98828E-05 9.98828E-05 9.98828E-05 9.98828E-05
9.99008E-05 9.99008E-05 0.00084607 9.99008E-05 0.0330743 9.99008E-05 9.99008E-05 0.233963 0.0305653 0.00225027 0.237841 9.99008E-05 9.99008E-05 9.99008E-05 0.335296 9.99008E-05 0.107175 0.01789 9.99008E-05 9.99008E-05
9.98559E-05 9.98559E-05 9.98559E-05 9.98559E-05 9.98559E-05 9.98559E-05 9.98559E-05 9.98559E-05 9.98559E-05 0.164957 0.519375 9.98559E-05 9.98559E-05 9.98559E-05 9.98559E-05 9.98559E-05 9.98559E-05 0.0805538 9.98559E-05 0.233517
9.98559E-05 9.98559E-05 0.0295531 9.98559E-05 9.98559E-05 9.98559E-05 9.98559E-05 9.98559E-05 9.98559E-05 0.933386 9.98559E-05 9.98559E-05 9.98559E-05 9.98559E-05 0.00327357 0.0321895 9.98559E-05 9.98559E-05 9.98559E-05 9.98559E-05
9.98739E-05 9.98739E-05 9.98739E-05 9.98739E-05 9.98739E-05 0.00803693 9.98739E-05 0.0870805 9.98739E-05 9.98739E-05 9.98739E-05 9.98739E-05 9.98739E-05 9.98739E-05 0.864723 0.0161161 9.98739E-05 9.98739E-05 0.000904173 0.0217412
9.98558E-05 9.98558E-05 9.98558E-05 9.98558E-05 9.98558E-05 9.98558E-05 9.98558E-05 9.98558E-05 9.98558E-05 0.0706222 0.76323 9.98558E-05 9.98558E-05 9.98558E-05 0.037061 9.98558E-05 9.98558E-05 9.98558E-05 0.127489 9.98558E-05
9.98916E-05 9.98916E-05 9.98916E-05 0.17992 9.98916E-05 0.221752 9.98916E-05 0.0760586 0.0424288 9.98916E-05 0.180223 9.98916E-05 9.98916E-05 9.98916E-05 0.179245 9.98916E-05 9.98916E-05 9.98916E-05 0.108989 0.0101838
0.264825 9.9856E-05 9.9856E-05 9.9856E-05 9.9856E-05 9.9856E-05 9.9856E-05 9.9856E-05 9.9856E-05 0.712358 0.0138543 9.9856E-05 9.9856E-05 9.9856E-05 9.9856E-05 0.00736524 9.9856E-05 9.9856E-05 9.9856E-05 9.9856E-05
9.98737E-05 9.98737E-05 9.98737E-05 0.023627 9.98737E-05 0.0344908 9.98737E-05 9.98737E-05 9.98737E-05 0.044565 0.643054 9.98737E-05 9.98737E-05 9.98737E-05 0.241473 9.98737E-05 9.98737E-05 9.98737E-05 9.98737E-05 0.0113912
9.98739E-05 9.98739E-05 0.0566905 9.98739E-05 9.98739E-05 9.98739E-05 0.0102295 0.189369 9.98739E-05 9.98739E-05 9.98739E-05 9.98739E-05 0.0023318 9.98739E-05 0.635555 9.98739E-05 0.104426 9.98739E-05 9.98739E-05 9.98739E-05
0.0533481 9.99007E-05 9.99007E-05 0.085921 9.99007E-05 9.99007E-05 0.0185267 0.0171324 0.611429 0.0738747 0.0266816 0.0667679 9.99007E-05 9.99007E-05 9.99007E-05 9.99007E-05 9.99007E-05 0.0452197 9.99007E-05 9.99007E-05
9.98286E-05 9.98286E-05 9.98286E-05 9.98286E-05 9.98286E-05 0.998103 9.98286E-05 9.98286E-05 9.98286E-05 9.98286E-05 9.98286E-05 9.98286E-05 9.98286E-05 9.98286E-05 9.98286E-05 9.98286E-05 9.98286E-05 9.98286E-05 9.98286E-05 9.98286E-05
9.98828E-05 9.98828E-05 9.98828E-05 9.98828E-05 9.98828E-05 0.472068 9.98828E-05 9.98828E-05 0.115287 0.0579261 0.149078 9.98828E-05 0.0181735 9.98828E-05 0.183203 9.98828E-05 9.98828E-05 9.98828E-05 9.98828E-05 0.00296524
0.269761 9.98467E-05 9.98467E-05 9.98467E-05 9.98467E-05 9.98467E-05 9.98467E-05 9.98467E-05 0.120207 0.608334 9.98467E-05 9.98467E-05 9.98467E-05 9.98467E-05 9.98467E-05 9.98467E-05 9.98467E-05 9.98467E-05 9.98467E-05 9.98467E-05
9.98828E-05 9.98828E-05 9.98828E-05 0.258653 9.98828E-05 9.98828E-05 9.98828E-05 0.079808 9.98828E-05 9.98828E-05 0.0524598 9.98828E-05 0.061364 9.98828E-05 0.0945437 9.98828E-05 0.393547 9.98828E-05 0.058326 9.98828E-05
9.98825E-05 0.0381419 9.98825E-05 9.98825E-05 9.98825E-05 9.98825E-05 9.98825E-05 9.98825E-05 0.267539 0.301627 0.0944504 0.0117393 9.98825E-05 9.98825E-05 9.98825E-05 9.98825E-05 0.225364 0.0598394 9.98825E-05 9.98825E-05
0.300422 0.0753725 0.198065 9.98918E-05 9.98918E-05 0.0812651 9.98918E-05 9.98918E-05 0.217606 0.0379332 9.98918E-05 9.98918E-05 9.98918E-05 0.0693556 9.98918E-05 0.018782 9.98918E-05 9.98918E-05 9.98918E-05 9.98918E-05
9.98828E-05 0.057257 0.0888904 0.0989418 9.98828E-05 9.98828E-05 9.98828E-05 0.0911139 9.98828E-05 9.98828E-05 0.445897 9.98828E-05 0.0109295 9.98828E-05 0.205672 9.98828E-05 9.98828E-05 9.98828E-05 9.98828E-05 9.98828E-05
9.98739E-05 9.98739E-05 0.243703 9.98739E-05 0.0743929 0.00927365 9.98739E-05 9.98739E-05 9.98739E-05 9.98739E-05 9.98739E-05 9.98739E-05 0.022376 9.98739E-05 9.98739E-05 0.133367 0.515489 9.98739E-05 9.98739E-05 9.98739E-05
0.0822373 9.99099E-05 9.99099E-05 0.00345054 9.99099E-05 0.0239102 0.0170943 9.99099E-05 0.0409081 0.164961 9.99099E-05 9.99099E-05 9.99099E-05 0.0756865 9.99099E-05 0.56917 9.99099E-05 9.99099E-05 0.00867146 0.0129112
0.191093 0.125916 0.0913939 0.116569 9.98917E-05 9.98917E-05 9.98917E-05 9.98917E-05 0.227308 0.0556011 9.98917E-05 9.98917E-05 9.98917E-05 9.98917E-05 9.98917E-05 0.0272489 0.163671 9.98917E-05 9.98917E-05 9.98917E-05
0.492905 0.0136621 0.0825338 0.258595 0.0109678 9.98918E-05 9.98918E-05 0.0288204 9.98918E-05 9.98918E-05 9.98918E-05 9.98918E-05 9.98918E-05 0.00728831 0.104029 9.98918E-05 9.98918E-05 9.98918E-05 9.98918E-05 9.98918E-05
0.146795 9.99009E-05 9.99009E-05 9.99009E-05 0.0188936 0.0678154 9.99009E-05 0.495887 0.0919465 0.0259267 0.0637186 9.99009E-05 0.0421857 9.99009E-05 9.99009E-05 0.0457333 9.99009E-05 9.99009E-05 9.99009E-05 9.99009E-05
0.495828 9.98828E-05 9.98828E-05 0.279848 9.98828E-05 0.0194442 9.98828E-05 9.98828E-05 0.0463362 0.0510941 9.98828E-05 9.98828E-05 9.98828E-05 9.98828E-05 0.000181388 0.105969 9.98828E-05 9.98828E-05 9.98828E-05 9.98828E-05
9.98827E-05 9.98827E-05 9.98827E-05 0.057263 9.98827E-05 9.98827E-05 9.98827E-05 0.157562 0.107661 9.98827E-05 0.181584 9.98827E-05 9.98827E-05 9.98827E-05 0.290223 9.98827E-05 9.98827E-05 9.98827E-05 0.00232091 0.202087
0.65304 9.98737E-05 0.037484 0.0842244 9.98737E-05 9.98737E-05 9.98737E-05 9.98737E-05 0.0885167 9.98737E-05 9.98737E-05 9.98737E-05 9.98737E-05 9.98737E-05 0.0667802 0.0685564 9.98737E-05 9.98737E-05 9.98737E-05 9.98737E-05
0.0914446 9.98739E-05 9.98739E-05 9.98739E-05 9.98739E-05 0.102198 9.98739E-05 9.98739E-05 9.98739E-05 9.98739E-05 0.126023 9.98739E-05 9.98739E-05 9.98739E-05 9.98739E-05 0.148074 0.250016 9.98739E-05 9.98739E-05 0.280847
0.00768671 9.99009E-05 0.157634 9.99009E-05 9.99009E-05 9.99009E-05 0.00131281 0.0131933 9.99009E-05 9.99009E-05 0.266034 9.99009E-05 9.99009E-05 9.99009E-05 0.141865 0.038066 9.99009E-05 9.99009E-05 0.0264791 0.34663
0.123084 0.0583842 0.191496 9.991E-05 0.0698387 0.0486914 9.991E-05 0.00958678 0.147971 9.991E-05 9.991E-05 9.991E-05 0.00832025 9.991E-05 0.0393629 9.991E-05 0.302265 9.991E-05 9.991E-05 9.991E-05
9.98827E-05 0.0163051 0.117128 0.145134 0.0403311 9.98827E-05 9.98827E-05 9.98827E-05 0.403644 9.98827E-05 9.98827E-05 9.98827E-05 9.98827E-05 9.98827E-05 0.112851 9.98827E-05 0.163309 9.98827E-05 9.98827E-05 9.98827E-05
0.0727409 0.0200505 0.183629 9.99008E-05 0.0198328 9.99008E-05 9.99008E-05 9.99008E-05 0.356332 9.99008E-05 9.99008E-05 9.99008E-05 0.0414603 9.99008E-05 9.99008E-05 0.0968968 0.203499 9.99008E-05 0.00445986 9.99008E-05
0.00775255 9.98917E-05 0.158922 9.98917E-05 9.98917E-05 0.340175 9.98917E-05 0.0716462 0.0914053 9.98917E-05 0.176659 9.98917E-05 9.98917E-05 9.98917E-05 9.98917E-05 0.0417519 9.98917E-05 9.98917E-05 9.98917E-05 0.11049
0.0686966 9.99009E-05 0.00294692 0.0639918 9.99009E-05 0.0112957 0.0031246 9.99009E-05 0.14276 0.100235 9.99009E-05 9.99009E-05 9.99009E-05 0.0104849 9.99009E-05 0.595365 9.99009E-05 9.99009E-05 9.99009E-05 9.99009E-05
0.338016 9.98648E-05 9.98648E-05 9.98648E-05 9.98648E-05 9.98648E-05 9.98648E-05 9.98648E-05 9.98648E-05 0.180356 9.98648E-05 9.98648E-05 9.98648E-05 9.98648E-05 9.98648E-05 0.409208 0.0704126 9.98648E-05 0.000509361 9.98648E-05
0.292895 0.045436 9.98828E-05 0.349703 9.98828E-05 9.98828E-05 0.127251 9.98828E-05 0.0715234 9.98828E-05 0.0531252 9.98828E-05 9.98828E-05 9.98828E-05 9.98828E-05 9.98828E-05 0.0587687 9.98828E-05 9.98828E-05 9.98828E-05
0.702591 9.98649E-05 9.98649E-05 9.98649E-05 9.98649E-05 9.98649E-05 9.98649E-05 9.98649E-05 9.98649E-05 9.98649E-05 0.0080109 9.98649E-05 9.98649E-05 0.130819 0.0196339 0.137447 9.98649E-05 9.98649E-05 9.98649E-05 9.98649E-05
9.98648E-05 9.98648E-05 9.98648E-05 0.00592253 9.98648E-05 9.98648E-05 9.98648E-05 9.98648E-05 0.0926098 0.00217391 9.98648E-05 9.98648E-05 9.98648E-05 9.98648E-05 9.98648E-05 0.856791 9.98648E-05 9.98648E-05 0.0410049 9.98648E-05
0.0740429 9.98918E-05 9.98918E-05 0.290782 9.98918E-05 9.98918E-05 0.0569767 9.98918E-05 9.98918E-05 0.0698192 0.0179431 0.0569421 9.98918E-05 0.138625 9.98918E-05 9.98918E-05 0.29367 9.98918E-05 9.98918E-05 9.98918E-05
0.256829 9.98827E-05 9.98827E-05 0.181954 9.98827E-05 9.98827E-05 9.98827E-05 0.0284 0.38547 0.0544937 9.98827E-05 0.0407102 9.98827E-05 9.98827E-05 0.0508438 9.98827E-05 9.98827E-05 9.98827E-05 9.98827E-05 9.98827E-05
0.0132948 9.98829E-05 9.98829E-05 9.98829E-05 9.98829E-05 9.98829E-05 0.209995 9.98829E-05 0.0422575 9.98829E-05 9.98829E-05 9.98829E-05 9.98829E-05 9.98829E-05 0.04727 9.98829E-05 9.98829E-05 0.37185 0.311909 0.00212529
9.98737E-05 9.98737E-05 0.0214179 0.0123845 9.98737E-05 9.98737E-05 9.98737E-05 9.98737E-05 0.0979536 9.98737E-05 9.98737E-05 9.98737E-05 9.98737E-05 9.98737E-05 0.157719 9.98737E-05 9.98737E-05 9.98737E-05 0.666219 0.0429074
0.064059 0.0260242 9.99007E-05 0.353151 9.99007E-05 9.99007E-05 0.163526 0.00988366 0.243762 9.99007E-05 9.99007E-05 0.0483342 9.99007E-05 9.99007E-05 9.99007E-05 9.99007E-05 9.99007E-05 0.0433934 0.0467673 9.99007E-05
9.98646E-05 9.98646E-05 9.98646E-05 0.0454219 9.98646E-05 9.98646E-05 9.98646E-05 0.127047 0.0784563 9.98646E-05 9.98646E-05 9.98646E-05 9.98646E-05 9.98646E-05 0.221461 9.98646E-05 9.98646E-05 9.98646E-05 0.526116 9.98646E-05
9.98648E-05 9.98648E-05 0.0336543 9.98648E-05 9.98648E-05 9.98648E-05 0.0667235 9.98648E-05 0.0162676 9.98648E-05 9.98648E-05 9.98648E-05 9.98648E-05 9.98648E-05 0.152021 9.98648E-05 9.98648E-05 9.98648E-05 0.729836 9.98648E-05
9.98737E-05 9.98737E-05 0.0142696 9.98737E-05 9.98737E-05 9.98737E-05 0.141542 9.98737E-05 0.0611584 9.98737E-05 9.98737E-05 9.98737E-05 0.032795 9.98737E-05 9.98737E-05 9.98737E-05 9.98737E-05 9.98737E-05 0.266088 0.482749
9.98828E-05 9.98828E-05 0.022667 0.0288622 9.98828E-05 0.0240634 9.98828E-05 9.98828E-05 0.0216408 9.98828E-05 9.98828E-05 9.98828E-05 9.98828E-05 9.98828E-05 0.239585 9.98828E-05 9.98828E-05 9.98828E-05 0.54015 0.121733
0.118979 9.98918E-05 9.98918E-05 0.368597 9.98918E-05 9.98918E-05 0.17147 9.98918E-05 0.154645 0.0209657 9.98918E-05 0.00521011 9.98918E-05 0.0216298 9.98918E-05 9.98918E-05 9.98918E-05 9.98918E-05 0.137306 9.98918E-05
0.0909986 9.9874E-05 9.9874E-05 0.322469 9.9874E-05 0.0175594 9.9874E-05 9.9874E-05 9.9874E-05 0.399483 9.9874E-05 9.9874E-05 9.9874E-05 9.9874E-05 9.9874E-05 0.158994 9.9874E-05 9.9874E-05 0.00909757 9.9874E-05
9.98917E-05 0.0491071 9.98917E-05 0.0447049 9.98917E-05 9.98917E-05 0.253707 9.98917E-05 0.0926417 9.98917E-05 9.98917E-05 0.02007 9.98917E-05 9.98917E-05 0.259785 9.98917E-05 0.208073 0.0707128 9.98917E-05 9.98917E-05
9.98649E-05 9.98649E-05 9.98649E-05 0.670564 9.98649E-05 9.98649E-05 0.224758 9.98649E-05 9.98649E-05 0.0294109 9.98649E-05 0.0124312 9.98649E-05 9.98649E-05 9.98649E-05 9.98649E-05 9.98649E-05 9.98649E-05 0.0613372 9.98649E-05
0.0216453 0.125183 9.9892E-05 0.445137 9.9892E-05 9.9892E-05 9.9892E-05 9.9892E-05 0.147312 0.00451744 9.9892E-05 0.135332 9.9892E-05 9.9892E-05 9.9892E-05 9.9892E-05 9.9892E-05 0.0211181 0.0985565 9.9892E-05
9.98827E-05 9.98827E-05 9.98827E-05 0.149848 9.98827E-05 9.98827E-05 0.0994433 9.98827E-05 0.391299 9.98827E-05 9.98827E-05 0.0894601 9.98827E-05 9.98827E-05 0.0793491 9.98827E-05 9.98827E-05 0.130717 0.0585852 9.98827E-05
0.0984562 9.98919E-05 9.98919E-05 0.663366 9.98919E-05 9.98919E-05 0.0136957 0.00529471 0.0242325 0.121927 0.00651332 9.98919E-05 9.98919E-05 9.98919E-05 9.98919E-05 9.98919E-05 0.0653159 9.98919E-05 9.98919E-05 9.98919E-05
