0.0973517 0.497304 0.0549599 9.9946E-05 9.9946E-05 9.9946E-05 9.9946E-05 9.9946E-05 9.9946E-05 0.310744 0.039041
0.00566798 0.497384 0.0451301 9.9955E-05 9.9955E-05 9.9955E-05 9.9955E-05 9.9955E-05 0.0968692 0.347777 0.0066713
0.0118079 0.249717 0.0190548 9.99639E-05 0.0437642 0.0174897 0.633658 9.99639E-05 0.0241086 9.99639E-05 9.99639E-05
0.0557032 0.246516 9.99639E-05 0.00995853 0.0606271 0.214475 9.99639E-05 9.99639E-05 0.0970198 0.3153 9.99639E-05
9.99549E-05 9.99549E-05 9.99549E-05 9.99549E-05 0.0876281 0.130566 9.99549E-05 0.045631 0.12344 0.408117 0.204118
9.99639E-05 0.361054 0.00511958 9.99639E-05 0.325058 9.99639E-05 0.108553 0.0677217 9.99639E-05 0.0653569 0.066738
9.99279E-05 0.44743 9.99279E-05 0.0521037 9.99279E-05 9.99279E-05 0.499667 9.99279E-05 9.99279E-05 9.99279E-05 9.99279E-05
9.9955E-05 0.353767 0.131639 9.9955E-05 0.18072 9.9955E-05 0.217973 0.00575333 9.9955E-05 0.109648 9.9955E-05
9.9955E-05 0.407981 0.0860554 9.9955E-05 0.0779446 0.133994 9.9955E-05 9.9955E-05 0.0340874 0.259438 9.9955E-05
0.0557042 9.99369E-05 9.99369E-05 0.224229 0.38021 9.99369E-05 0.339157 9.99369E-05 9.99369E-05 9.99369E-05 9.99369E-05
0.00385712 0.233901 9.99639E-05 9.99639E-05 0.0747542 0.0147515 9.99639E-05 9.99639E-05 0.42338 0.21519 0.0337653
9.99549E-05 0.0383663 0.00677679 9.99549E-05 0.245493 0.135926 9.99549E-05 9.99549E-05 0.126798 0.44614 9.99549E-05
0.0196698 0.237962 9.9973E-05 0.01346 9.9973E-05 0.237208 0.124358 0.0649073 0.0947222 9.9973E-05 0.207413
9.99369E-05 0.484225 0.0217698 9.99369E-05 0.17171 9.99369E-05 0.321595 9.99369E-05 9.99369E-05 9.99369E-05 9.99369E-05
9.99369E-05 0.0113957 9.99369E-05 9.99369E-05 0.0687442 9.99369E-05 9.99369E-05 9.99369E-05 0.45984 0.45932 9.99369E-05
0.0435892 0.19518 9.99549E-05 0.291671 0.0375974 9.99549E-05 0.37943 0.0520326 9.99549E-05 9.99549E-05 9.99549E-05
9.99369E-05 0.549806 9.99369E-05 0.00979737 9.99369E-05 0.0292641 0.410433 9.99369E-05 9.99369E-05 9.99369E-05 9.99369E-05
9.99459E-05 0.47949 9.99459E-05 9.99459E-05 9.99459E-05 9.99459E-05 0.448275 9.99459E-05 0.0229166 0.0477095 0.00100841
9.9964E-05 0.270136 0.0232246 9.9964E-05 0.0402488 0.262803 0.079266 9.9964E-05 9.9964E-05 0.309435 0.014486
0.769205 9.99279E-05 0.0327221 9.99279E-05 9.99279E-05 9.99279E-05 9.99279E-05 9.99279E-05 0.197274 9.99279E-05 9.99279E-05
0.835005 9.9919E-05 9.9919E-05 9.9919E-05 9.9919E-05 0.164096 9.9919E-05 9.9919E-05 9.9919E-05 9.9919E-05 9.9919E-05
0.890161 0.0624931 9.99369E-05 9.99369E-05 0.00416842 9.99369E-05 9.99369E-05 9.99369E-05 9.99369E-05 9.99369E-05 0.0424779
0.618418 9.99279E-05 0.0164735 9.99279E-05 9.99279E-05 0.364309 9.99279E-05 9.99279E-05 9.99279E-05 9.99279E-05 9.99279E-05
0.683567 9.99459E-05 0.0546126 9.99459E-05 9.99459E-05 0.102456 9.99459E-05 9.99459E-05 0.108359 0.0504061 9.99459E-05
0.46939 0.085599 0.0203975 9.99549E-05 0.0173751 9.99549E-05 0.244901 0.161837 9.99549E-05 9.99549E-05 9.99549E-05
0.294462 9.994E-05 0.383496 9.994E-05 0.0344525 9.994E-05 9.994E-05 9.994E-05 0.1529 0.13409 9.994E-05
0.236249 9.99369E-05 9.99369E-05 0.490831 9.99369E-05 9.99369E-05 0.0640335 0.208187 9.99369E-05 9.99369E-05 9.99369E-05
0.251098 9.9946E-05 0.329162 9.9946E-05 9.9946E-05 0.0872585 9.9946E-05 9.9946E-05 0.209013 9.9946E-05 0.122869
0.861036 0.0691819 9.99369E-05 0.0242926 9.99369E-05 9.99369E-05 9.99369E-05 9.99369E-05 9.99369E-05 9.99369E-05 0.0447902
0.835503 9.99279E-05 9.99279E-05 9.99279E-05 9.99279E-05 0.148303 9.99279E-05 9.99279E-05 0.0153949 9.99279E-05 9.99279E-05
0.572329 9.99461E-05 0.0138673 0.155493 9.99461E-05 0.13077 0.126941 9.99461E-05 9.99461E-05 9.99461E-05 9.99461E-05
0.155048 0.0409789 0.364171 0.120138 9.99549E-05 9.99549E-05 9.99549E-05 0.232613 9.99549E-05 9.99549E-05 0.0865506
0.605558 9.99278E-05 9.99278E-05 0.215217 9.99278E-05 9.99278E-05 0.178426 9.99278E-05 9.99278E-05 9.99278E-05 9.99278E-05
0.67548 0.110374 0.0179014 9.99369E-05 9.99369E-05 9.99369E-05 0.195545 9.99369E-05 9.99369E-05 9.99369E-05 9.99369E-05
0.814357 9.99369E-05 9.99369E-05 9.99369E-05 0.0307306 0.128538 9.99369E-05 9.99369E-05 0.0256746 9.99369E-05 9.99369E-05
0.725137 9.99369E-05 9.99369E-05 9.99369E-05 9.99369E-05 0.0339671 9.99369E-05 9.99369E-05 0.213812 0.0263845 9.99369E-05
0.666629 9.99189E-05 9.99189E-05 9.99189E-05 9.99189E-05 9.99189E-05 9.99189E-05 9.99189E-05 0.332472 9.99189E-05 9.99189E-05
0.66735 9.99279E-05 9.99279E-05 9.99279E-05 9.99279E-05 0.278131 9.99279E-05 9.99279E-05 9.99279E-05 0.053719 9.99279E-05
9.99278E-05 0.102739 9.99278E-05 9.99278E-05 9.99278E-05 9.99278E-05 9.99278E-05 0.832695 9.99278E-05 0.0637665 9.99278E-05
9.9928E-05 9.9928E-05 9.9928E-05 0.259365 9.9928E-05 9.9928E-05 9.9928E-05 0.698018 9.9928E-05 9.9928E-05 0.0418175
0.07979 9.9946E-05 0.0455072 0.332706 9.9946E-05 9.9946E-05 0.189911 0.351486 9.9946E-05 9.9946E-05 9.9946E-05
0.0034473 9.9955E-05 0.114841 0.0940502 9.9955E-05 0.330102 9.9955E-05 0.441159 9.9955E-05 9.9955E-05 0.0159
0.287724 0.138983 9.99278E-05 9.99278E-05 9.99278E-05 9.99278E-05 9.99278E-05 0.572494 9.99278E-05 9.99278E-05 9.99278E-05
0.105936 9.9955E-05 0.0042745 0.0300975 0.0487554 9.9955E-05 0.273728 0.536709 9.9955E-05 9.9955E-05 9.9955E-05
9.99279E-05 9.99279E-05 0.652773 9.99279E-05 9.99279E-05 0.183957 9.99279E-05 9.99279E-05 9.99279E-05 0.162471 9.99279E-05
9.99369E-05 9.99369E-05 0.034708 9.99369E-05 9.99369E-05 9.99369E-05 9.99369E-05 0.542544 0.0794409 0.342607 9.99369E-05
0.190746 9.99369E-05 9.99369E-05 0.152864 9.99369E-05 9.99369E-05 0.264699 0.390991 9.99369E-05 9.99369E-05 9.99369E-05
9.99459E-05 0.0969803 9.99459E-05 9.99459E-05 0.0410278 9.99459E-05 9.99459E-05 0.825666 0.0219405 0.0137859 9.99459E-05
9.9919E-05 9.9919E-05 9.9919E-05 0.637264 9.9919E-05 9.9919E-05 9.9919E-05 0.361837 9.9919E-05 9.9919E-05 9.9919E-05
9.9946E-05 9.9946E-05 0.115915 9.9946E-05 9.9946E-05 0.0408384 9.9946E-05 0.628809 0.0396235 0.174214 9.9946E-05
9.99279E-05 9.99279E-05 9.99279E-05 0.263584 9.99279E-05 9.99279E-05 9.99279E-05 0.70958 9.99279E-05 9.99279E-05 0.0260369
0.0849583 9.9955E-05 9.9955E-05 9.9955E-05 0.0155885 0.263678 9.9955E-05 0.539904 0.0168427 9.9955E-05 0.0785289
0.0574406 9.99549E-05 0.269262 9.99549E-05 0.0358924 9.99549E-05 9.99549E-05 0.255826 0.342768 0.0383116 9.99549E-05
9.99459E-05 9.99459E-05 0.0979927 9.99459E-05 0.0331302 9.99459E-05 9.99459E-05 0.437368 0.251791 0.179119 9.99459E-05
0.0329553 9.9964E-05 0.209619 0.0188561 9.9964E-05 0.372093 9.9964E-05 0.259232 0.0150611 0.0917835 9.9964E-05
0.323307 9.99279E-05 0.260283 9.99279E-05 9.99279E-05 0.41561 9.99279E-05 9.99279E-05 9.99279E-05 9.99279E-05 9.99279E-05
0.00818308 0.0391232 0.0123055 0.0559294 9.99639E-05 9.99639E-05 0.0902399 0.76029 9.99639E-05 9.99639E-05 0.033529
0.0137106 9.9964E-05 0.226351 0.139891 9.9964E-05 0.0642944 9.9964E-05 0.468567 0.0684625 9.9964E-05 0.0183236
9.99459E-05 9.99459E-05 0.0212464 0.268979 9.99459E-05 9.99459E-05 0.0012772 0.683565 9.99459E-05 9.99459E-05 0.024333
9.99369E-05 9.99369E-05 9.99369E-05 9.99369E-05 9.99369E-05 0.0591278 9.99369E-05 0.734218 0.119861 0.0860934 9.99369E-05
0.0106613 0.0489122 0.193714 9.99549E-05 9.99549E-05 9.99549E-05 9.99549E-05 0.580781 0.107955 0.0574769 9.99549E-05
9.99369E-05 9.99369E-05 0.0922082 9.99369E-05 9.99369E-05 9.99369E-05 9.99369E-05 0.601313 0.0865708 0.219208 9.99369E-05
9.99459E-05 9.99459E-05 0.386026 0.181412 9.99459E-05 9.99459E-05 0.0632751 0.262516 9.99459E-05 9.99459E-05 0.10617
0.0259698 9.99369E-05 0.0434891 9.99369E-05 9.99369E-05 0.452221 9.99369E-05 0.477621 9.99369E-05 9.99369E-05 9.99369E-05
9.99279E-05 9.99279E-05 0.115307 9.99279E-05 9.99279E-05 9.99279E-05 0.537591 0.346302 9.99279E-05 9.99279E-05 9.99279E-05
0.0889362 0.102731 0.383726 9.99639E-05 0.0164727 9.99639E-05 9.99639E-05 0.145024 0.229041 0.0336701 9.99639E-05
9.99459E-05 9.99459E-05 0.0738203 9.99459E-05 9.99459E-05 0.124816 9.99459E-05 0.552519 0.00441376 0.243831 9.99459E-05
9.9946E-05 9.9946E-05 0.143708 9.9946E-05 9.9946E-05 0.0239332 9.9946E-05 0.435791 0.312136 0.0838316 9.9946E-05
0.0416811 0.0789991 0.767639 9.99729E-05 0.00652278 9.99729E-05 0.0485035 0.0454057 0.00220356 9.99729E-05 0.0087456
0.261753 0.135259 0.400341 0.0213973 0.0332659 9.99639E-05 9.99639E-05 0.127261 9.99639E-05 9.99639E-05 0.0203229
0.115334 9.99369E-05 0.406693 0.443591 9.99369E-05 9.99369E-05 9.99369E-05 0.0336828 9.99369E-05 9.99369E-05 9.99369E-05
9.99279E-05 9.99279E-05 9.99279E-05 0.0654005 9.99279E-05 9.99279E-05 0.470065 0.463735 9.99279E-05 9.99279E-05 9.99279E-05
0.648928 9.9937E-05 0.0165095 9.9937E-05 9.9937E-05 0.173848 9.9937E-05 9.9937E-05 9.9937E-05 0.160015 9.9937E-05
9.99278E-05 9.99278E-05 9.99278E-05 0.110111 9.99278E-05 9.99278E-05 0.250711 0.638379 9.99278E-05 9.99278E-05 9.99278E-05
9.99459E-05 9.99459E-05 0.509996 9.99459E-05 9.99459E-05 9.99459E-05 9.99459E-05 0.31044 0.16679 0.0108028 0.00137095
0.118434 9.99549E-05 0.546489 9.99549E-05 0.0202967 0.110959 9.99549E-05 9.99549E-05 0.152511 0.0508106 9.99549E-05
0.743691 9.99278E-05 9.99278E-05 0.0678968 9.99278E-05 9.99278E-05 0.187613 9.99278E-05 9.99278E-05 9.99278E-05 9.99278E-05
0.200556 9.9937E-05 9.9937E-05 0.326887 9.9937E-05 9.9937E-05 0.289354 0.182504 9.9937E-05 9.9937E-05 9.9937E-05
0.73869 0.0292924 9.993E-05 9.993E-05 9.993E-05 9.993E-05 0.189285 0.0420327 9.993E-05 9.993E-05 9.993E-05
0.324283 0.0333066 0.336367 0.0605614 9.99549E-05 9.99549E-05 9.99549E-05 0.128114 9.99549E-05 9.99549E-05 0.116868
0.151447 9.9946E-05 0.0262375 0.522051 9.9946E-05 9.9946E-05 9.9946E-05 0.247861 9.9946E-05 9.9946E-05 0.0518044
0.193645 9.99369E-05 0.0743132 9.99369E-05 9.99369E-05 0.330352 9.99369E-05 0.40099 9.99369E-05 9.99369E-05 9.99369E-05
0.00713769 9.99549E-05 9.99549E-05 9.99549E-05 9.99549E-05 0.194258 0.0315163 0.753985 0.0109746 9.99549E-05 0.00162813
0.113076 9.9955E-05 0.0573824 0.0563852 9.9955E-05 0.273669 9.9955E-05 0.432138 0.0668496 9.9955E-05 9.9955E-05
9.99279E-05 9.99279E-05 9.99279E-05 0.146176 9.99279E-05 9.99279E-05 0.219022 0.634003 9.99279E-05 9.99279E-05 9.99279E-05
0.0899102 9.99549E-05 0.0553878 9.99549E-05 9.99549E-05 9.99549E-05 9.99549E-05 0.587309 0.179318 0.00183843 0.0857372
9.99459E-05 9.99459E-05 0.298377 9.99459E-05 9.99459E-05 0.201318 9.99459E-05 0.386452 0.00509877 0.108155 9.99459E-05
0.23138 0.0699817 0.472696 9.99458E-05 0.00584501 9.99458E-05 0.219497 9.99458E-05 9.99458E-05 9.99458E-05 9.99458E-05
9.99279E-05 9.99279E-05 0.223592 9.99279E-05 9.99279E-05 9.99279E-05 0.473219 0.30239 9.99279E-05 9.99279E-05 9.99279E-05
0.154205 0.0189554 0.713737 9.99369E-05 9.99369E-05 9.99369E-05 9.99369E-05 9.99369E-05 9.99369E-05 0.112402 9.99369E-05
9.99278E-05 9.99278E-05 0.359831 9.99278E-05 9.99278E-05 9.99278E-05 0.36563 0.27374 9.99278E-05 9.99278E-05 9.99278E-05
9.99278E-05 9.99278E-05 0.459432 9.99278E-05 9.99278E-05 9.99278E-05 0.385791 0.153978 9.99278E-05 9.99278E-05 9.99278E-05
9.99279E-05 9.99279E-05 0.743655 9.99279E-05 9.99279E-05 0.0354788 9.99279E-05 9.99279E-05 9.99279E-05 0.220066 9.99279E-05
9.99369E-05 0.0983194 0.314804 9.99369E-05 9.99369E-05 9.99369E-05 0.166072 0.420105 9.99369E-05 9.99369E-05 9.99369E-05
0.0166735 0.0980451 0.602031 9.99549E-05 0.00730986 9.99549E-05 0.141176 0.134264 9.99549E-05 9.99549E-05 9.99549E-05
9.99369E-05 9.99369E-05 0.00410128 0.385852 9.99369E-05 9.99369E-05 0.0361772 9.99369E-05 9.99369E-05 9.99369E-05 0.57317
0.0377776 9.9946E-05 9.9946E-05 0.17343 9.9946E-05 9.9946E-05 0.0885449 0.0872575 9.9946E-05 9.9946E-05 0.612391
9.99459E-05 9.99459E-05 9.99459E-05 0.02546 9.99459E-05 0.179981 0.0102721 0.0124685 9.99459E-05 9.99459E-05 0.771218
9.9937E-05 9.9937E-05 0.128963 9.9937E-05 9.9937E-05 9.9937E-05 0.0259303 9.9937E-05 9.9937E-05 0.36621 0.478196
9.99549E-05 9.99549E-05 0.00598029 0.322351 0.0154104 9.99549E-05 0.0864054 9.99549E-05 0.0020945 9.99549E-05 0.567258
9.99459E-05 0.536962 0.128301 9.99459E-05 9.99459E-05 0.0552443 9.99459E-05 9.99459E-05 9.99459E-05 0.114061 0.164832
9.99188E-05 9.99188E-05 9.99188E-05 9.99188E-05 9.99188E-05 9.99188E-05 0.613621 9.99188E-05 9.99188E-05 9.99188E-05 0.38548
9.99369E-05 9.99369E-05 0.00164003 0.275853 9.99369E-05 9.99369E-05 0.0311531 9.99369E-05 9.99369E-05 9.99369E-05 0.690655
0.0428104 0.126687 0.0277137 0.00125036 0.0521679 9.99639E-05 0.0781802 9.99639E-05 9.99639E-05 9.99639E-05 0.670791
0.0299341 9.99549E-05 0.0353631 9.99549E-05 9.99549E-05 0.0505809 9.99549E-05 9.99549E-05 0.284443 0.0448377 0.554341
9.99279E-05 9.99279E-05 9.99279E-05 0.642463 0.0822597 9.99279E-05 9.99279E-05 9.99279E-05 9.99279E-05 9.99279E-05 0.274478
9.99369E-05 9.99369E-05 9.99369E-05 9.99369E-05 0.0236386 9.99369E-05 0.0777952 9.99369E-05 0.492879 9.99369E-05 0.404988
9.99369E-05 0.051725 9.99369E-05 0.134682 9.99369E-05 9.99369E-05 0.121888 9.99369E-05 9.99369E-05 9.99369E-05 0.691006
9.99459E-05 0.302217 0.0832956 9.99459E-05 9.99459E-05 9.99459E-05 9.99459E-05 0.00266475 0.10265 9.99459E-05 0.508572
0.0660185 0.12853 9.99459E-05 0.0743229 0.0803132 9.99459E-05 9.99459E-05 9.99459E-05 9.99459E-05 9.99459E-05 0.650216
0.0466009 0.33684 9.99549E-05 0.04747 9.99549E-05 9.99549E-05 0.314356 9.99549E-05 9.99549E-05 0.00647179 0.247762
9.99458E-05 9.99458E-05 0.100189 9.99458E-05 9.99458E-05 0.0957582 9.99458E-05 9.99458E-05 0.0951595 0.288794 0.4195
9.99368E-05 9.99368E-05 0.0311641 9.99368E-05 9.99368E-05 0.568138 0.0460361 9.99368E-05 9.99368E-05 9.99368E-05 0.353962
0.0914919 0.0288722 9.99639E-05 0.0374903 0.0941835 9.99639E-05 0.0334173 0.120029 9.99639E-05 9.99639E-05 0.594116
9.99369E-05 0.0301294 9.99369E-05 0.0184184 9.99369E-05 9.99369E-05 0.337757 9.99369E-05 9.99369E-05 9.99369E-05 0.612996
0.0547279 9.99459E-05 9.99459E-05 9.99459E-05 0.0782153 9.99459E-05 9.99459E-05 0.0142508 0.108768 9.99459E-05 0.743439
9.99189E-05 9.99189E-05 9.99189E-05 9.99189E-05 9.99189E-05 0.322002 9.99189E-05 9.99189E-05 9.99189E-05 9.99189E-05 0.677099
0.0329637 0.292837 9.9973E-05 9.9973E-05 0.0601424 0.0450542 9.9973E-05 0.0139564 0.174576 0.315042 0.0651289
9.99188E-05 9.99188E-05 9.99188E-05 9.99188E-05 0.667278 9.99188E-05 0.331822 9.99188E-05 9.99188E-05 9.99188E-05 9.99188E-05
9.996E-05 0.245938 0.0413025 0.0427485 9.996E-05 0.562065 0.00533257 0.0135334 9.996E-05 0.0886806 9.996E-05
0.0480321 0.7436 9.99369E-05 0.190379 0.0172895 9.99369E-05 9.99369E-05 9.99369E-05 9.99369E-05 9.99369E-05 9.99369E-05
9.99278E-05 9.99278E-05 9.99278E-05 0.536199 0.451777 9.99278E-05 0.0112242 9.99278E-05 9.99278E-05 9.99278E-05 9.99278E-05
9.99369E-05 0.279927 9.99369E-05 9.99369E-05 9.99369E-05 0.202275 9.99369E-05 9.99369E-05 0.378955 0.138144 9.99369E-05
0.0116795 9.99459E-05 9.99459E-05 0.0326725 0.692361 0.000101127 9.99459E-05 9.99459E-05 0.262586 9.99459E-05 9.99459E-05
9.9973E-05 0.636155 0.0734361 9.9973E-05 0.00707959 0.043514 0.0600468 0.0924844 9.9973E-05 0.0372609 0.0497231
9.99189E-05 9.99189E-05 9.99189E-05 9.99189E-05 0.726695 0.272406 9.99189E-05 9.99189E-05 9.99189E-05 9.99189E-05 9.99189E-05
9.9946E-05 0.087379 9.9946E-05 0.207232 0.220995 0.0157738 0.468021 9.9946E-05 9.9946E-05 9.9946E-05 9.9946E-05
9.99639E-05 0.0948503 9.99639E-05 9.99639E-05 0.199916 0.0628864 9.99639E-05 0.0289767 0.368185 0.21821 0.0265757
9.99279E-05 9.99279E-05 0.020784 9.99279E-05 0.550394 0.428022 9.99279E-05 9.99279E-05 9.99279E-05 9.99279E-05 9.99279E-05
9.99279E-05 9.99279E-05 9.99279E-05 0.470226 0.357343 9.99279E-05 0.171632 9.99279E-05 9.99279E-05 9.99279E-05 9.99279E-05
9.99369E-05 0.119359 9.99369E-05 9.99369E-05 9.99369E-05 0.0973227 9.99369E-05 9.99369E-05 0.272322 0.510296 9.99369E-05
9.99368E-05 9.99368E-05 9.99368E-05 9.99368E-05 0.563674 0.292679 9.99368E-05 9.99368E-05 0.0106359 0.132311 9.99368E-05
9.99458E-05 0.322261 9.99458E-05 9.99458E-05 9.99458E-05 0.388087 0.049018 9.99458E-05 0.195213 0.0448209 9.99458E-05
9.99279E-05 9.99279E-05 9.99279E-05 0.532758 0.437343 9.99279E-05 0.0291 9.99279E-05 9.99279E-05 9.99279E-05 9.99279E-05
9.99458E-05 0.067644 9.99458E-05 9.99458E-05 0.335347 0.407877 9.99458E-05 9.99458E-05 0.0399279 0.148605 9.99458E-05
9.99459E-05 0.228705 9.99459E-05 9.99459E-05 9.99459E-05 9.99459E-05 9.99459E-05 0.0168574 0.329308 0.356576 0.0679535
9.99369E-05 0.674823 0.0967414 9.99369E-05 0.10722 9.99369E-05 0.120515 9.99369E-05 9.99369E-05 9.99369E-05 9.99369E-05
0.0608108 0.220397 0.038495 0.120181 9.997E-05 0.42436 0.0101068 9.997E-05 9.997E-05 0.031136 0.0942139
0.0677192 0.367278 9.9955E-05 0.0134403 0.091778 0.442169 9.9955E-05 9.9955E-05 0.017115 9.9955E-05 9.9955E-05
9.99368E-05 0.0678588 9.99368E-05 0.426796 0.428067 9.99368E-05 0.0765785 9.99368E-05 9.99368E-05 9.99368E-05 9.99368E-05
0.0538191 0.240491 0.0167928 9.9973E-05 0.166163 9.9973E-05 0.138224 0.0233369 0.191248 0.169625 9.9973E-05
9.99278E-05 0.276739 0.107401 9.99278E-05 0.61506 9.99278E-05 9.99278E-05 9.99278E-05 9.99278E-05 9.99278E-05 9.99278E-05
0.0550905 0.327203 0.0252 0.311061 0.0979637 9.99639E-05 9.99639E-05 0.0282609 9.99639E-05 9.99639E-05 0.15482
0.00296695 0.11663 0.0405455 9.9982E-05 0.200624 0.212558 9.9982E-05 0.0374556 0.179683 0.113078 0.0962596
9.9955E-05 0.0280909 9.9955E-05 0.00364232 0.330365 9.9955E-05 9.9955E-05 0.119457 0.0753853 9.9955E-05 0.44256
0.0376005 9.9964E-05 0.0142505 0.767941 9.9964E-05 0.0627982 0.0922081 9.9964E-05 0.0190589 0.00574303 9.9964E-05
0.034435 0.283641 0.0505771 0.0745889 0.276348 9.99639E-05 0.144113 9.99639E-05 9.99639E-05 9.99639E-05 0.135897
0.0376011 0.314064 9.997E-05 0.212328 0.0722683 9.997E-05 0.226686 0.0289356 0.0331351 9.997E-05 0.0746825
0.0525501 0.0783839 9.99549E-05 0.148284 0.158384 0.00296933 9.99549E-05 9.99549E-05 0.558929 9.99549E-05 9.99549E-05
9.99278E-05 0.348019 9.99278E-05 0.526274 9.99278E-05 9.99278E-05 0.124908 9.99278E-05 9.99278E-05 9.99278E-05 9.99278E-05
9.99368E-05 0.266244 9.99368E-05 9.99368E-05 9.99368E-05 0.362834 9.99368E-05 9.99368E-05 0.255817 0.114406 9.99368E-05
9.99278E-05 0.439905 9.99278E-05 0.503739 0.0555565 9.99278E-05 9.99278E-05 9.99278E-05 9.99278E-05 9.99278E-05 9.99278E-05
9.9946E-05 0.0123936 9.9946E-05 0.190154 0.356355 0.375212 9.9946E-05 9.9946E-05 9.9946E-05 9.9946E-05 0.0652854
9.99639E-05 0.0256867 9.99639E-05 9.99639E-05 0.198133 0.477215 0.0124839 9.99639E-05 0.0860948 0.0488207 0.151166
0.041192 0.352368 9.9955E-05 9.9955E-05 0.225081 9.9955E-05 9.9955E-05 0.145371 0.0131099 9.9955E-05 0.222379
9.99639E-05 0.571471 9.99639E-05 9.99639E-05 0.0401543 0.0060657 0.0490567 0.072096 9.99639E-05 0.0833471 0.177409
0.0814763 0.364036 9.99549E-05 0.0531101 0.215495 9.99549E-05 9.99549E-05 0.0436124 9.99549E-05 9.99549E-05 0.24177
9.99459E-05 0.277916 9.99459E-05 0.105577 9.99459E-05 0.430798 9.99459E-05 9.99459E-05 0.0240715 9.99459E-05 0.161037
9.9946E-05 0.129872 9.9946E-05 0.73057 9.9946E-05 9.9946E-05 0.0329398 9.9946E-05 9.9946E-05 0.035765 0.070253
9.99369E-05 9.99369E-05 9.99369E-05 0.689028 0.280099 9.99369E-05 0.0134381 9.99369E-05 9.99369E-05 9.99369E-05 0.0167356
9.99369E-05 0.233037 9.99369E-05 9.99369E-05 0.244683 9.99369E-05 0.506278 0.0153024 9.99369E-05 9.99369E-05 9.99369E-05
0.0138546 0.105544 9.99459E-05 0.629611 0.198388 9.99459E-05 9.99459E-05 0.0520021 9.99459E-05 9.99459E-05 9.99459E-05
9.9937E-05 9.9937E-05 9.9937E-05 0.835265 9.9937E-05 9.9937E-05 9.9937E-05 9.9937E-05 0.0763637 0.0803689 0.0073031
0.00794393 0.000463738 9.99549E-05 9.99549E-05 0.345794 9.99549E-05 0.537178 0.0872048 9.99549E-05 9.99549E-05 0.0209158
9.99459E-05 0.537378 9.99459E-05 0.153038 0.0646448 9.99459E-05 0.208787 9.99459E-05 0.0355519 9.99459E-05 9.99459E-05
0.0474794 9.9946E-05 0.0652197 0.0528586 0.0163178 9.9946E-05 9.9946E-05 9.9946E-05 9.9946E-05 0.817525 9.9946E-05
0.0431449 0.115645 9.99549E-05 9.99549E-05 9.99549E-05 0.128036 0.0402203 9.99549E-05 0.0657457 0.606708 9.99549E-05
9.99369E-05 0.373588 0.0880039 9.99369E-05 9.99369E-05 9.99369E-05 0.37831 9.99369E-05 9.99369E-05 0.159398 9.99369E-05
9.994E-05 0.0749557 9.994E-05 9.994E-05 9.994E-05 0.00292438 0.0643284 9.994E-05 0.362092 0.4951 9.994E-05
9.99549E-05 9.99549E-05 0.0185569 0.0479283 9.99549E-05 0.0418224 9.99549E-05 9.99549E-05 0.0618917 0.815075 0.014226
0.0907102 0.0458972 9.99459E-05 9.99459E-05 9.99459E-05 0.493256 0.0772329 9.99459E-05 9.99459E-05 0.292304 9.99459E-05
9.99549E-05 0.0671413 0.0305332 9.99549E-05 9.99549E-05 0.274025 0.0591887 9.99549E-05 0.00904222 0.55957 9.99549E-05
0.0219573 0.180008 0.0199144 0.00230518 9.9955E-05 9.9955E-05 0.642989 9.9955E-05 9.9955E-05 0.132327 9.9955E-05
9.9928E-05 9.9928E-05 9.9928E-05 0.395942 0.158555 9.9928E-05 0.444704 9.9928E-05 9.9928E-05 9.9928E-05 9.9928E-05
9.99459E-05 0.296868 0.150949 9.99459E-05 9.99459E-05 9.99459E-05 0.0215975 9.99459E-05 9.99459E-05 0.445698 0.0842869
9.9928E-05 9.9928E-05 9.9928E-05 9.9928E-05 9.9928E-05 9.9928E-05 0.876719 9.9928E-05 9.9928E-05 0.0680311 0.0544501
9.9937E-05 0.277817 0.26132 9.9937E-05 9.9937E-05 9.9937E-05 0.459063 9.9937E-05 9.9937E-05 0.00110142 9.9937E-05
9.99459E-05 0.387694 0.0846904 9.99459E-05 9.99459E-05 9.99459E-05 0.204712 9.99459E-05 0.0345301 0.287774 9.99459E-05
9.99369E-05 0.228626 9.99369E-05 0.0571731 0.0925308 9.99369E-05 0.62097 9.99369E-05 9.99369E-05 9.99369E-05 9.99369E-05
9.995E-05 0.155143 9.995E-05 0.0280167 9.995E-05 9.995E-05 0.479292 0.00725415 9.995E-05 0.267526 0.0622679
0.107723 0.161301 9.9955E-05 9.9955E-05 0.284408 9.9955E-05 0.00187829 0.0578771 9.9955E-05 0.386312 9.9955E-05
0.0124129 0.286456 0.0283149 9.99639E-05 9.99639E-05 9.99639E-05 0.42787 0.030745 0.123043 0.0907588 9.99639E-05
9.99459E-05 0.135647 0.00068136 9.99459E-05 9.99459E-05 9.99459E-05 0.370837 9.99459E-05 9.99459E-05 0.326202 0.166033
9.99369E-05 0.0836723 9.99369E-05 9.99369E-05 9.99369E-05 9.99369E-05 0.00434377 9.99369E-05 0.505335 0.405949 9.99369E-05
9.9973E-05 0.373257 0.0525096 0.00449421 9.9973E-05 9.9973E-05 0.0225663 0.016527 0.0015653 0.488938 0.0398434
9.9964E-05 0.0276105 9.9964E-05 0.077289 9.9964E-05 0.0180466 0.763293 0.029094 0.058647 0.0256202 9.9964E-05
9.99549E-05 0.468175 9.99549E-05 9.99549E-05 9.99549E-05 0.0310285 0.460237 0.0135226 9.99549E-05 0.00787472 0.0186627
9.99369E-05 0.0296212 9.99369E-05 0.245137 0.124645 9.99369E-05 0.599897 9.99369E-05 9.99369E-05 9.99369E-05 9.99369E-05
9.99369E-05 0.266883 9.99369E-05 9.99369E-05 9.99369E-05 0.00780998 9.99369E-05 9.99369E-05 0.0942593 0.630349 9.99369E-05
9.9937E-05 0.571394 0.14812 9.9937E-05 0.0238972 9.9937E-05 9.9937E-05 9.9937E-05 9.9937E-05 0.255889 9.9937E-05
9.99459E-05 0.0945098 9.99459E-05 0.10933 0.104505 9.99459E-05 0.687239 9.99459E-05 9.99459E-05 9.99459E-05 0.00381647
9.9955E-05 9.9955E-05 9.9955E-05 9.9955E-05 0.295381 0.0846937 9.9955E-05 0.0302736 0.114851 0.446314 0.0279868
9.99279E-05 9.99279E-05 9.99279E-05 9.99279E-05 0.413085 9.99279E-05 9.99279E-05 9.99279E-05 0.51751 0.0686064 9.99279E-05
0.0636097 0.282943 0.0873955 0.353356 0.0129336 9.99639E-05 0.190831 0.00853097 9.99639E-05 9.99639E-05 9.99639E-05
0.0485902 0.0228458 9.996E-05 0.167737 0.616148 9.996E-05 0.0249919 0.00831347 9.996E-05 9.996E-05 0.110974
0.0538322 9.9955E-05 0.0483462 9.9955E-05 0.181615 9.9955E-05 0.0452781 9.9955E-05 0.411511 0.258918 9.9955E-05
9.99369E-05 9.99369E-05 0.0440391 9.99369E-05 0.385956 0.159565 9.99369E-05 9.99369E-05 9.99369E-05 0.40974 9.99369E-05
9.994E-05 9.994E-05 0.139251 9.994E-05 0.266274 0.122289 9.994E-05 9.994E-05 0.132279 0.339307 9.994E-05
9.9919E-05 9.9919E-05 9.9919E-05 0.725303 0.273798 9.9919E-05 9.9919E-05 9.9919E-05 9.9919E-05 9.9919E-05 9.9919E-05
9.99369E-05 0.253691 0.0652348 9.99369E-05 0.371368 9.99369E-05 0.309007 9.99369E-05 9.99369E-05 9.99369E-05 9.99369E-05
9.99639E-05 0.171159 0.0480277 9.99639E-05 0.192137 9.99639E-05 9.99639E-05 0.0157455 0.140426 0.0679178 0.364188
9.99459E-05 0.0063107 9.99459E-05 9.99459E-05 0.335446 9.99459E-05 9.99459E-05 9.99459E-05 0.291564 0.359009 0.00707057
0.00847201 0.103513 9.99639E-05 0.528747 0.2063 9.99639E-05 0.0422171 0.023466 9.99639E-05 9.99639E-05 0.0868857
0.0599896 0.522505 0.00542107 9.9955E-05 0.173657 9.9955E-05 0.160734 9.9955E-05 9.9955E-05 0.0771928 9.9955E-05
9.99459E-05 0.278742 0.0555201 9.99459E-05 0.271952 9.99459E-05 0.3208 9.99459E-05 9.99459E-05 0.0723863 9.99459E-05
0.0263031 0.174786 9.99465E-05 9.99465E-05 0.389389 9.99465E-05 9.99465E-05 9.99465E-05 0.0748498 9.99465E-05 0.334073
9.99369E-05 0.458593 9.99369E-05 9.99369E-05 9.99369E-05 9.99369E-05 0.353594 0.0160968 9.99369E-05 9.99369E-05 0.171017
9.99639E-05 0.289867 0.013308 9.99639E-05 9.99639E-05 9.99639E-05 0.0583149 0.0348847 0.217374 0.331428 0.0544242
9.99549E-05 0.544787 0.0745347 9.99549E-05 0.189722 9.99549E-05 9.99549E-05 9.99549E-05 0.107554 0.0671576 0.0157437
0.0163083 9.9946E-05 9.9946E-05 9.9946E-05 0.284361 0.206196 9.9946E-05 9.9946E-05 0.2482 0.244334 9.9946E-05
0.0219448 9.99459E-05 9.99459E-05 0.0181399 0.403426 9.99459E-05 0.425552 0.130337 9.99459E-05 9.99459E-05 9.99459E-05
9.99459E-05 9.99459E-05 9.99459E-05 9.99459E-05 0.299554 9.99459E-05 0.00355175 0.0297587 0.134497 0.532039 9.99459E-05
9.99459E-05 0.0448946 9.99459E-05 9.99459E-05 0.201892 0.387253 0.0299817 9.99459E-05 9.99459E-05 0.335378 9.99459E-05
9.99369E-05 0.00606037 9.99369E-05 0.112883 0.225614 9.99369E-05 0.654743 9.99369E-05 9.99369E-05 9.99369E-05 9.99369E-05
9.99459E-05 0.388541 0.0502514 9.99459E-05 9.99459E-05 9.99459E-05 0.297552 9.99459E-05 0.185951 0.0771051 9.99459E-05
9.99549E-05 0.234927 0.0224793 9.99549E-05 0.171162 9.99549E-05 0.516563 0.0276916 9.99549E-05 0.0266774 9.99549E-05
0.0281172 9.995E-05 0.0623855 0.0257254 0.0471396 9.995E-05 9.995E-05 9.995E-05 0.0781939 0.757939 9.995E-05
0.0390108 0.0134301 0.0941678 0.036198 0.0136338 0.292244 0.0523467 0.141575 9.9991E-05 0.267839 0.0494557
9.99549E-05 0.15279 0.0176191 9.99549E-05 0.0601085 9.99549E-05 9.99549E-05 0.0893944 0.0412068 0.638381 9.99549E-05
9.99279E-05 9.99279E-05 9.99279E-05 0.0384051 0.228323 9.99279E-05 0.732473 9.99279E-05 9.99279E-05 9.99279E-05 9.99279E-05
9.9964E-05 0.223971 0.0465246 9.9964E-05 0.0205095 0.0222525 0.0132423 0.0345049 9.9964E-05 0.638596 9.9964E-05
0.0339815 9.9955E-05 9.9955E-05 9.9955E-05 0.0910576 9.9955E-05 0.0356038 0.0231805 9.9955E-05 0.738596 0.0770806
9.9955E-05 9.9955E-05 9.9955E-05 0.0132741 0.0295809 9.9955E-05 0.0184379 9.9955E-05 0.210364 0.659526 0.068318
9.99459E-05 0.0142718 9.99459E-05 0.00270993 9.99459E-05 9.99459E-05 0.8389 9.99459E-05 0.0352356 9.99459E-05 0.108283
0.00500429 0.332929 0.0174994 9.99639E-05 0.0933086 9.99639E-05 0.281039 9.99639E-05 9.99639E-05 0.252984 0.0168364
0.0275156 0.0110532 0.03608 0.00882194 9.9973E-05 0.080659 0.102759 9.9973E-05 0.413562 0.319249 9.9973E-05
9.997E-05 0.0455692 9.997E-05 0.0828268 0.203777 0.00713361 0.429544 0.0450679 9.997E-05 0.16062 0.0251616
0.0543691 9.9955E-05 9.9955E-05 0.0411623 9.9955E-05 9.9955E-05 9.9955E-05 0.0211054 0.0278829 0.845382 0.00959858
9.9964E-05 0.263413 9.9964E-05 0.161793 9.9964E-05 0.42217 0.0752993 0.0124639 9.9964E-05 0.0345912 0.0298701
9.99459E-05 9.99459E-05 0.0755936 9.99459E-05 0.139744 9.99459E-05 0.296456 9.99459E-05 9.99459E-05 0.407276 0.0803312
9.9928E-05 9.9928E-05 9.9928E-05 0.15549 0.0870138 9.9928E-05 0.756697 9.9928E-05 9.9928E-05 9.9928E-05 9.9928E-05
9.99459E-05 0.460536 0.165962 9.99459E-05 0.106629 9.99459E-05 0.0806456 9.99459E-05 9.99459E-05 0.185628 9.99459E-05
0.0539222 0.373689 9.997E-05 0.176822 0.121918 9.997E-05 0.0276283 0.0300352 0.0409769 9.997E-05 0.174708
0.0121468 0.230936 9.9946E-05 0.685062 0.00939619 9.9946E-05 9.9946E-05 9.9946E-05 9.9946E-05 9.9946E-05 0.061859
9.99549E-05 0.709013 9.99549E-05 9.99549E-05 0.0510773 9.99549E-05 0.113195 0.0681042 9.99549E-05 0.0300612 0.0280495
9.99459E-05 0.024024 0.0303616 9.99459E-05 0.0683374 9.99459E-05 0.419737 9.99459E-05 9.99459E-05 9.99459E-05 0.45694
9.99549E-05 0.46681 0.0264383 0.0196022 0.17077 9.99549E-05 0.203589 9.99549E-05 0.11229 9.99549E-05 9.99549E-05
9.99459E-05 0.339957 9.99459E-05 9.99459E-05 0.0841867 0.271863 9.99459E-05 9.99459E-05 0.15002 0.153374 9.99459E-05
0.0256156 0.0512429 9.99369E-05 0.637154 0.285288 9.99369E-05 9.99369E-05 9.99369E-05 9.99369E-05 9.99369E-05 9.99369E-05
0.0268343 9.9955E-05 9.9955E-05 0.0216988 0.328638 0.529044 9.9955E-05 0.0313729 9.9955E-05 0.0619127 9.9955E-05
9.99549E-05 0.133854 0.137559 9.99549E-05 9.99549E-05 0.047025 9.99549E-05 9.99549E-05 0.0358353 0.307847 0.33738
0.000700552 0.093496 9.99549E-05 0.082346 9.99549E-05 0.0255002 9.99549E-05 9.99549E-05 0.700276 9.99549E-05 0.0971815
9.99369E-05 0.167567 9.99369E-05 0.616335 9.99369E-05 9.99369E-05 9.99369E-05 9.99369E-05 9.99369E-05 0.0367762 0.178622
9.99459E-05 0.0726672 9.99459E-05 0.540933 0.0189952 9.99459E-05 0.273892 9.99459E-05 9.99459E-05 9.99459E-05 0.0929125
9.9946E-05 9.9946E-05 9.9946E-05 9.9946E-05 0.218752 0.311624 0.0976656 9.9946E-05 0.234772 0.136587 9.9946E-05
0.010536 0.646343 0.0405613 9.9955E-05 9.9955E-05 9.9955E-05 0.193303 0.0550741 0.0536821 9.9955E-05 9.9955E-05
0.0509584 0.55435 9.99639E-05 0.0491247 0.0442018 9.99639E-05 9.99639E-05 0.0495198 9.99639E-05 0.0163468 0.235098
9.99279E-05 9.99279E-05 9.99279E-05 0.564891 9.99279E-05 9.99279E-05 0.312305 9.99279E-05 9.99279E-05 9.99279E-05 0.122004
0.0237016 0.293521 9.9955E-05 0.145321 0.102576 9.9955E-05 9.9955E-05 9.9955E-05 0.142074 9.9955E-05 0.292307
0.056619 0.255731 9.996E-05 0.0431848 0.196627 0.30089 9.996E-05 9.996E-05 0.0665419 9.996E-05 0.0800069
9.99459E-05 0.116509 0.01761 9.99459E-05 0.0229915 9.99459E-05 9.99459E-05 9.99459E-05 0.42346 0.41883 9.99459E-05
9.99369E-05 0.268182 9.99369E-05 9.99369E-05 9.99369E-05 9.99369E-05 9.99369E-05 9.99369E-05 0.546968 0.107725 0.0764253
9.99549E-05 0.221705 9.99549E-05 0.0847836 9.99549E-05 0.341243 9.99549E-05 0.00387054 0.0592819 9.99549E-05 0.288616
0.00352085 9.99459E-05 0.0196698 9.99459E-05 9.99459E-05 9.99459E-05 0.797317 9.99459E-05 9.99459E-05 0.119474 0.0594186
0.000705651 9.99639E-05 0.0267139 9.99639E-05 9.99639E-05 9.99639E-05 0.0613641 0.0028272 0.00138801 0.810737 0.0958645
9.9946E-05 0.0846847 9.9946E-05 9.9946E-05 9.9946E-05 0.0176417 0.702441 9.9946E-05 9.9946E-05 0.0985732 0.0960601
9.99549E-05 0.296686 0.0794245 9.99549E-05 0.0170853 9.99549E-05 0.297476 9.99549E-05 9.99549E-05 0.130472 0.178356
9.99369E-05 0.178453 0.117065 9.99369E-05 0.0391608 9.99369E-05 9.99369E-05 9.99369E-05 9.99369E-05 0.664622 9.99369E-05
0.0106674 9.9937E-05 9.9937E-05 0.096636 9.9937E-05 9.9937E-05 0.857183 9.9937E-05 9.9937E-05 0.0348142 9.9937E-05
9.99459E-05 0.235893 9.99459E-05 0.421061 9.99459E-05 9.99459E-05 9.99459E-05 0.02667 0.0664252 9.99459E-05 0.249351
0.00724405 0.441129 9.99639E-05 0.04593 0.0895461 9.99639E-05 0.402204 9.99639E-05 0.00836249 9.99639E-05 0.00518411
0.0465217 0.0217063 9.9955E-05 0.0779914 0.0896751 9.9955E-05 9.9955E-05 9.9955E-05 0.660451 9.9955E-05 0.103154
0.0593354 0.283146 0.00842382 0.0942212 0.203615 9.99639E-05 9.99639E-05 9.99639E-05 0.274206 9.99639E-05 0.0766532
9.99549E-05 0.172638 0.138471 9.99549E-05 0.134916 9.99549E-05 0.100452 9.99549E-05 0.45027 0.00275393 9.99549E-05
9.99279E-05 9.99279E-05 9.99279E-05 0.490618 9.99279E-05 9.99279E-05 0.264915 9.99279E-05 0.243667 9.99279E-05 9.99279E-05
9.99459E-05 0.0591635 0.0648626 9.99459E-05 9.99459E-05 0.598587 0.065087 9.99459E-05 0.2117 9.99459E-05 9.99459E-05
0.00865483 0.363805 0.15446 0.131266 9.997E-05 9.997E-05 0.112994 0.0939977 0.0321018 9.997E-05 0.102421
9.9982E-05 0.0231869 0.0029683 9.9982E-05 0.0492375 0.0903677 0.0691571 0.0309059 0.545482 0.0855563 0.102938
9.99639E-05 0.0506352 0.125899 9.99639E-05 9.99639E-05 0.43299 0.024484 9.99639E-05 0.355078 0.00866294 0.0018517
9.99369E-05 0.099776 0.0154119 9.99369E-05 9.99369E-05 9.99369E-05 0.00740392 9.99369E-05 0.876709 9.99369E-05 9.99369E-05
9.99459E-05 0.0848174 0.0903837 9.99459E-05 0.034423 9.99459E-05 9.99459E-05 9.99459E-05 0.681959 0.107817 9.99459E-05
9.99369E-05 9.99369E-05 9.99369E-05 0.006898 9.99369E-05 9.99369E-05 0.0960849 0.0477217 0.848596 9.99369E-05 9.99369E-05
0.0513678 0.500839 0.111346 0.000559111 9.99729E-05 9.99729E-05 0.155923 0.00103395 0.106032 9.99729E-05 0.0725999
0.0250238 0.247714 9.995E-05 9.995E-05 0.109781 9.995E-05 0.511646 0.0642148 9.995E-05 9.995E-05 0.0411211
0.00412219 9.9982E-05 9.9982E-05 0.0237854 0.162515 0.559069 0.0889617 0.0288138 0.0514982 0.0761902 0.00484529
9.9946E-05 9.9946E-05 9.9946E-05 0.179012 0.0171649 9.9946E-05 9.9946E-05 0.00791867 0.602022 9.9946E-05 0.193283
0.0632353 0.352366 9.9973E-05 0.251904 0.0933223 0.0389212 0.00024251 0.0938855 9.9973E-05 9.9973E-05 0.105822
9.99369E-05 9.99369E-05 0.0524044 0.857654 0.0595959 9.99369E-05 9.99369E-05 9.99369E-05 0.0296459 9.99369E-05 9.99369E-05
9.9937E-05 0.0702818 9.9937E-05 0.140227 9.9937E-05 9.9937E-05 0.748754 9.9937E-05 0.0400374 9.9937E-05 9.9937E-05
9.9955E-05 0.059536 9.9955E-05 0.778225 9.9955E-05 9.9955E-05 0.0929308 0.00870224 0.0227749 0.0373315 9.9955E-05
