9.9973E-05 0.290828 0.40005 9.9973E-05 0.0484599 9.9973E-05 0.11528 0.145082
0.0170118 0.361649 0.527165 9.9973E-05 9.9973E-05 9.9973E-05 0.00478943 0.0890858
0.029482 0.810552 9.9982E-05 0.0188864 0.0293455 0.0805489 0.0309853 9.9982E-05
9.999E-05 0.0127828 0.482749 0.245259 0.14152 0.0265348 0.0265848 0.064469
0.0315579 9.997E-05 0.459288 0.212866 0.0735346 9.997E-05 9.997E-05 0.222453
0.0717379 0.381128 0.0768485 9.9973E-05 0.384053 9.9973E-05 9.9973E-05 0.0859327
9.99639E-05 0.811454 0.000256634 0.0173904 9.99639E-05 0.170499 9.99639E-05 9.99639E-05
0.0896364 0.556209 0.121968 9.9964E-05 0.231786 9.9964E-05 9.9964E-05 9.9964E-05
0.0335248 0.213945 0.420418 0.147165 0.161419 9.9982E-05 0.0233286 9.9982E-05
9.99639E-05 0.183519 9.99639E-05 9.99639E-05 0.383705 0.372985 0.0593909 9.99639E-05
9.999E-05 0.0988465 0.630473 0.0195642 0.123337 0.00214953 0.0376904 0.0878393
9.9955E-05 9.9955E-05 0.580837 0.147585 0.271078 9.9955E-05 9.9955E-05 9.9955E-05
0.0450368 0.238505 0.0790316 0.264554 0.0203959 0.0699766 0.0183143 0.264185
9.9955E-05 0.728982 9.9955E-05 9.9955E-05 0.260858 9.9955E-05 0.00966011 9.9955E-05
9.9964E-05 9.9964E-05 0.88939 9.9964E-05 0.0829736 0.0227155 0.00452137 9.9964E-05
0.0421694 0.432974 9.9982E-05 9.9982E-05 0.0716708 0.428161 0.0235185 0.00130593
9.9964E-05 0.810525 9.9964E-05 0.0459154 0.0430375 0.100122 9.9964E-05 9.9964E-05
9.99639E-05 0.864961 0.0863225 9.99639E-05 0.00438756 9.99639E-05 9.99639E-05 0.0439291
9.9973E-05 0.31847 0.287996 0.299392 0.069916 9.9973E-05 9.9973E-05 0.0239257
9.9955E-05 9.9955E-05 0.0875619 9.9955E-05 9.9955E-05 9.9955E-05 0.856564 0.0553739
9.9946E-05 9.9946E-05 9.9946E-05 0.164261 9.9946E-05 9.9946E-05 0.835139 9.9946E-05
9.99549E-05 9.99549E-05 9.99549E-05 9.99549E-05 0.0202334 9.99549E-05 0.901502 0.0777647
9.99459E-05 9.99459E-05 9.99459E-05 0.364606 9.99459E-05 9.99459E-05 0.634795 9.99459E-05
9.99549E-05 9.99549E-05 0.137781 0.104488 9.99549E-05 9.99549E-05 0.757231 9.99549E-05
0.182235 0.274171 9.99729E-05 9.99729E-05 0.0195068 0.0343259 0.489461 9.99729E-05
0.142877 9.99639E-05 0.374334 9.99639E-05 0.0379768 9.99639E-05 0.444412 9.99639E-05
0.202505 9.99549E-05 9.99549E-05 9.99549E-05 9.99549E-05 0.571964 0.225031 9.99549E-05
0.118515 9.9973E-05 0.244423 0.124408 9.9973E-05 9.9973E-05 0.376992 0.135362
9.99639E-05 9.99639E-05 9.99639E-05 9.99639E-05 0.0246294 0.0166736 0.868491 0.0898067
9.99459E-05 9.99459E-05 9.99459E-05 0.148665 9.99459E-05 9.99459E-05 0.850735 9.99459E-05
9.9964E-05 0.0463886 9.9964E-05 0.131235 9.9964E-05 0.216227 0.605749 9.9964E-05
0.439457 0.0584327 9.9982E-05 9.9982E-05 0.0562326 0.0656763 0.250312 0.12969
9.99459E-05 9.99459E-05 9.99459E-05 9.99459E-05 9.99459E-05 0.370718 0.628683 9.99459E-05
0.00625947 0.288214 9.99549E-05 9.99549E-05 9.99549E-05 9.99549E-05 0.705027 9.99549E-05
9.99549E-05 9.99549E-05 9.99549E-05 0.136504 0.0172119 9.99549E-05 0.845784 9.99549E-05
9.99549E-05 9.99549E-05 0.159726 0.0653677 9.99549E-05 9.99549E-05 0.774406 9.99549E-05
9.9955E-05 9.9955E-05 0.156613 9.9955E-05 9.9955E-05 0.085787 0.7571 9.9955E-05
9.99459E-05 9.99459E-05 9.99459E-05 0.328395 9.99459E-05 9.99459E-05 0.671005 9.99459E-05
0.834304 9.99639E-05 0.0812681 0.0220084 9.99639E-05 9.99639E-05 9.99639E-05 0.0620194
0.6461 9.9955E-05 9.9955E-05 9.9955E-05 9.9955E-05 0.270853 9.9955E-05 0.0825472
0.409371 9.9955E-05 9.9955E-05 9.9955E-05 9.9955E-05 0.48846 0.101669 9.9955E-05
0.509077 9.9973E-05 9.9973E-05 0.345389 9.9973E-05 0.0880245 0.0253879 0.0318214
0.555902 0.053416 9.9982E-05 9.9982E-05 0.0394007 0.014817 0.273329 0.062935
0.564436 0.131953 9.997E-05 9.997E-05 0.0190649 0.183741 0.100505 9.997E-05
0.30154 9.9964E-05 0.373887 0.20009 9.9964E-05 9.9964E-05 0.124083 9.9964E-05
0.57893 9.9946E-05 0.42047 9.9946E-05 9.9946E-05 9.9946E-05 9.9946E-05 9.9946E-05
0.390068 0.115769 9.99639E-05 9.99639E-05 9.99639E-05 0.30644 0.187323 9.99639E-05
0.796418 9.99639E-05 0.0558875 9.99639E-05 0.0690318 9.99639E-05 9.99639E-05 0.0782627
0.329381 9.9955E-05 9.9955E-05 9.9955E-05 9.9955E-05 0.664362 9.9955E-05 0.0057575
0.71466 9.9955E-05 0.203359 0.081482 9.9955E-05 9.9955E-05 9.9955E-05 9.9955E-05
0.668476 9.9955E-05 9.9955E-05 9.9955E-05 9.9955E-05 0.273331 9.9955E-05 0.0576933
0.516784 9.9973E-05 9.9973E-05 0.283695 0.0168478 9.9973E-05 0.066557 0.115816
0.414296 9.99639E-05 0.391184 9.99639E-05 0.0203984 9.99639E-05 0.173721 9.99639E-05
0.521744 9.9955E-05 0.440235 9.9955E-05 9.9955E-05 9.9955E-05 0.0375212 9.9955E-05
0.385514 9.9964E-05 0.116501 0.430299 9.9964E-05 9.9964E-05 0.0672854 9.9964E-05
0.0413246 0.0120501 9.9964E-05 0.463981 9.9964E-05 9.9964E-05 0.482244 9.9964E-05
0.772644 0.0308673 9.99639E-05 9.99639E-05 9.99639E-05 0.123786 9.99639E-05 0.0723032
0.592095 9.9982E-05 9.9982E-05 0.117862 0.0136083 0.125151 0.0904614 0.0606231
0.679516 9.99549E-05 9.99549E-05 9.99549E-05 9.99549E-05 0.260183 9.99549E-05 0.0598007
0.734989 9.99549E-05 0.164637 0.0998743 9.99549E-05 9.99549E-05 9.99549E-05 9.99549E-05
0.694874 9.99549E-05 0.240931 9.99549E-05 9.99549E-05 9.99549E-05 0.0636954 9.99549E-05
0.683822 9.99459E-05 0.315579 9.99459E-05 9.99459E-05 9.99459E-05 9.99459E-05 9.99459E-05
0.510335 0.145796 9.9973E-05 9.9973E-05 9.9973E-05 0.134474 0.0793184 0.129777
0.506952 9.99549E-05 9.99549E-05 0.472714 9.99549E-05 9.99549E-05 0.0198339 9.99549E-05
0.47581 0.341346 9.99549E-05 9.99549E-05 9.99549E-05 0.182344 9.99549E-05 9.99549E-05
0.330497 9.99639E-05 0.389749 9.99639E-05 0.0633619 9.99639E-05 0.215992 9.99639E-05
0.618391 9.9955E-05 0.200711 0.180398 9.9955E-05 9.9955E-05 9.9955E-05 9.9955E-05
0.579448 9.9955E-05 0.374698 0.0453543 9.9955E-05 9.9955E-05 9.9955E-05 9.9955E-05
0.41974 0.145383 0.193684 9.99729E-05 0.0125225 9.99729E-05 0.22837 9.99729E-05
0.335241 0.0690068 9.99729E-05 9.99729E-05 0.145012 9.99729E-05 0.369436 0.0810042
0.284284 9.9964E-05 9.9964E-05 9.9964E-05 9.9964E-05 0.40348 0.265683 0.046153
0.524824 0.111531 9.99549E-05 9.99549E-05 9.99549E-05 0.363145 9.99549E-05 9.99549E-05
9.9955E-05 9.9955E-05 0.0579186 0.256532 9.9955E-05 9.9955E-05 0.68505 9.9955E-05
0.64998 0.112163 9.99549E-05 9.99549E-05 9.99549E-05 0.237357 9.99549E-05 9.99549E-05
0.626418 9.99549E-05 0.307921 9.99549E-05 9.99549E-05 9.99549E-05 0.065161 9.99549E-05
0.254265 9.9973E-05 0.357808 0.0785372 0.0210755 9.9973E-05 0.288015 9.9973E-05
9.99549E-05 0.0650279 9.99549E-05 9.99549E-05 9.99549E-05 0.185098 0.749374 9.99549E-05
0.22328 0.00779555 9.9964E-05 9.9964E-05 9.9964E-05 0.549717 0.218808 9.9964E-05
0.0198803 0.156309 9.99639E-05 9.99639E-05 9.99639E-05 0.0699528 0.753458 9.99639E-05
0.294069 9.99639E-05 9.99639E-05 9.99639E-05 0.103966 9.99639E-05 0.411724 0.189841
0.259204 9.996E-05 9.996E-05 9.996E-05 9.996E-05 0.508954 0.167384 0.0640584
0.448998 9.99549E-05 9.99549E-05 0.339512 9.99549E-05 9.99549E-05 0.21099 9.99549E-05
0.728233 9.99639E-05 9.99639E-05 0.211975 9.99639E-05 0.0414364 9.99639E-05 0.0179564
0.471387 9.9964E-05 9.9964E-05 0.289461 9.9964E-05 0.103507 0.135245 9.9964E-05
0.655326 0.0330091 9.99549E-05 9.99549E-05 9.99549E-05 0.311165 9.99549E-05 9.99549E-05
0.619915 9.9973E-05 0.100764 0.0273004 9.9973E-05 9.9973E-05 0.104114 0.147607
0.603506 9.99549E-05 0.188256 0.207738 9.99549E-05 9.99549E-05 9.99549E-05 9.99549E-05
0.195349 0.362547 9.99639E-05 9.99639E-05 0.037036 9.99639E-05 0.404668 9.99639E-05
0.513781 0.292447 9.9964E-05 9.9964E-05 9.9964E-05 0.178714 0.0146582 9.9964E-05
0.191325 0.0777949 0.297284 9.9964E-05 9.9964E-05 9.9964E-05 0.433197 9.9964E-05
0.587432 0.411969 9.99459E-05 9.99459E-05 9.99459E-05 9.99459E-05 9.99459E-05 9.99459E-05
0.486681 0.444403 9.9955E-05 9.9955E-05 9.9955E-05 9.9955E-05 0.0684169 9.9955E-05
0.333605 9.996E-05 0.445529 0.0539447 9.996E-05 9.996E-05 0.166521 9.996E-05
0.64827 0.342815 9.99549E-05 0.00841522 9.99549E-05 9.99549E-05 9.99549E-05 9.99549E-05
0.475242 0.323284 9.9964E-05 9.9964E-05 0.0435196 9.9964E-05 0.157555 9.9964E-05
0.0124074 9.99549E-05 9.99549E-05 9.99549E-05 9.99549E-05 0.396169 9.99549E-05 0.590924
0.0813902 0.0412488 9.9973E-05 9.9973E-05 9.9973E-05 0.214479 0.0354771 0.627105
0.0103263 9.9964E-05 9.9964E-05 0.171287 9.9964E-05 0.0318044 9.9964E-05 0.786183
0.0093562 0.118795 0.373371 0.00571264 9.9973E-05 9.9973E-05 9.9973E-05 0.492464
9.99549E-05 9.99549E-05 9.99549E-05 9.99549E-05 0.0176078 0.383383 9.99549E-05 0.59851
9.9982E-05 0.349782 0.279517 0.0557227 0.0561792 9.9982E-05 0.0102274 0.248372
9.99549E-05 0.516126 9.99549E-05 9.99549E-05 9.99549E-05 0.127282 9.99549E-05 0.356092
9.99459E-05 9.99459E-05 9.99459E-05 9.99459E-05 9.99459E-05 0.27461 9.99459E-05 0.72479
9.99639E-05 0.140054 9.99639E-05 9.99639E-05 0.100751 9.99639E-05 0.057982 0.700814
9.9964E-05 9.9964E-05 0.307121 0.0405122 9.9964E-05 9.9964E-05 0.0670322 0.584935
9.9955E-05 9.9955E-05 9.9955E-05 9.9955E-05 0.0769859 0.640589 9.9955E-05 0.281926
9.9964E-05 9.9964E-05 0.438428 9.9964E-05 9.9964E-05 0.0807566 0.0433988 0.437017
9.99549E-05 0.118484 9.99549E-05 9.99549E-05 9.99549E-05 0.162781 9.99549E-05 0.718235
0.0496544 0.182359 0.176323 9.99729E-05 0.0210808 9.99729E-05 9.99729E-05 0.570284
9.9973E-05 0.00864378 9.9973E-05 9.9973E-05 0.162244 0.0674747 0.0487525 0.712586
9.9982E-05 0.548946 0.00740404 9.9982E-05 0.0310453 0.100746 0.0450607 0.266598
0.0449362 9.99639E-05 0.431282 0.108961 9.99639E-05 9.99639E-05 9.99639E-05 0.414421
9.99639E-05 0.0540592 9.99639E-05 0.587888 9.99639E-05 9.99639E-05 0.00085223 0.356801
0.103014 0.00183116 9.9982E-05 9.9982E-05 0.108744 0.0633308 0.0859 0.63698
9.99549E-05 0.307761 9.99549E-05 9.99549E-05 9.99549E-05 0.0953461 9.99549E-05 0.596394
9.9964E-05 9.9964E-05 0.0727684 9.9964E-05 0.0967358 9.9964E-05 0.0669061 0.76319
9.99459E-05 9.99459E-05 9.99459E-05 0.335365 9.99459E-05 9.99459E-05 9.99459E-05 0.664036
0.00906641 0.108426 0.491322 0.0854407 0.145578 9.9991E-05 0.0170377 0.143028
9.99549E-05 0.252174 9.99549E-05 9.99549E-05 0.660424 0.0869027 9.99549E-05 9.99549E-05
0.0252835 0.23188 0.0822222 0.609217 0.0265686 0.00153796 9.9991E-05 0.0231912
9.99729E-05 0.519807 9.99729E-05 9.99729E-05 0.215095 0.110715 0.0156728 0.13841
9.99459E-05 9.99459E-05 9.99459E-05 9.99459E-05 0.438448 0.560953 9.99459E-05 9.99459E-05
9.9982E-05 0.0628487 0.616454 0.205958 0.0852934 0.0129703 9.9982E-05 0.0162754
9.9973E-05 9.9973E-05 0.176053 0.0145002 0.719659 0.0669579 0.0225297 9.9973E-05
0.10702 0.479404 0.149684 0.0273422 0.103998 9.9982E-05 9.9982E-05 0.132351
9.99459E-05 9.99459E-05 9.99459E-05 0.285417 0.713983 9.99459E-05 9.99459E-05 9.99459E-05
9.9964E-05 0.400781 9.9964E-05 0.0138087 0.209894 0.375116 9.9964E-05 9.9964E-05
0.0291778 9.997E-05 0.57125 0.089365 0.233888 9.997E-05 9.997E-05 0.0760202
9.99459E-05 9.99459E-05 9.99459E-05 0.455252 0.544149 9.99459E-05 9.99459E-05 9.99459E-05
9.99459E-05 9.99459E-05 9.99459E-05 9.99459E-05 0.349661 0.649739 9.99459E-05 9.99459E-05
9.9973E-05 0.0248732 0.788008 0.127508 9.9973E-05 0.00315325 9.9973E-05 0.0561575
9.99549E-05 9.99549E-05 0.163371 0.302847 0.533282 9.99549E-05 9.99549E-05 9.99549E-05
9.99639E-05 0.297101 0.294984 0.382261 0.0252529 9.99639E-05 9.99639E-05 9.99639E-05
9.99459E-05 9.99459E-05 9.99459E-05 9.99459E-05 0.407977 0.591424 9.99459E-05 9.99459E-05
9.99639E-05 0.033271 0.229243 0.414721 0.322365 9.99639E-05 9.99639E-05 9.99639E-05
0.0244705 0.0321732 0.756446 9.9973E-05 0.0117306 9.9973E-05 9.9973E-05 0.174879
9.99639E-05 0.618225 0.132969 9.99639E-05 0.226725 9.99639E-05 0.0216809 9.99639E-05
0.00779989 0.193579 0.0734889 0.441094 9.9991E-05 0.125734 0.035838 0.122366
9.9991E-05 0.178439 0.0939975 0.44252 0.167712 0.0198369 0.0342328 0.0631617
9.99549E-05 0.0758548 9.99549E-05 9.99549E-05 0.468586 0.45506 9.99549E-05 9.99549E-05
0.0332123 0.30851 0.392762 9.9973E-05 0.177415 9.9973E-05 0.0878007 9.9973E-05
0.0365775 0.146742 0.021386 9.99729E-05 0.741038 9.99729E-05 9.99729E-05 0.0539566
0.0498053 0.196465 9.9982E-05 9.9982E-05 0.211175 0.248345 0.0302868 0.263724
0.0573052 0.0739516 0.293243 0.224624 0.206342 9.999E-05 0.0253992 0.119035
0.0845541 9.9973E-05 0.0573848 9.9973E-05 0.370005 9.9973E-05 0.0033254 0.484431
0.0122886 9.9982E-05 0.0403251 0.0520536 0.0140027 0.828484 0.0526464 9.9982E-05
0.0143667 0.329499 9.9982E-05 9.9982E-05 0.362475 0.0787444 0.0371142 0.177601
0.0117446 0.439691 9.9982E-05 9.9982E-05 0.126319 0.246445 0.0342392 0.141361
9.9982E-05 9.9982E-05 0.370081 0.0375898 0.225547 0.259963 0.0764404 0.0301787
9.99549E-05 0.368277 9.99549E-05 9.99549E-05 0.0769688 0.554254 9.99549E-05 9.99549E-05
9.99729E-05 0.185941 0.433994 0.365739 0.011148 9.99729E-05 9.99729E-05 0.00287734
9.99639E-05 0.289848 9.99639E-05 9.99639E-05 0.194788 0.437262 9.99639E-05 0.0777026
9.9964E-05 9.9964E-05 9.9964E-05 0.41503 0.390663 0.128726 9.9964E-05 0.0651814
9.9982E-05 0.00171731 0.116012 0.508174 0.175419 0.0406168 9.9982E-05 0.157861
0.121652 9.9973E-05 0.143154 9.9973E-05 0.378735 9.9973E-05 0.00370589 0.352453
0.0516936 0.392592 0.161245 0.00104809 0.132472 9.9982E-05 9.9982E-05 0.26075
0.010854 0.0485997 0.0723365 9.9991E-05 0.369697 0.0485769 0.0613526 0.388483
9.99729E-05 0.0821599 9.99729E-05 0.468863 0.104581 0.0836509 9.99729E-05 0.260445
9.9964E-05 0.1009 0.0486481 9.9964E-05 9.9964E-05 0.730599 9.9964E-05 0.119454
9.99549E-05 9.99549E-05 9.99549E-05 9.99549E-05 0.291404 0.687488 9.99549E-05 0.020608
0.0384385 0.634775 9.9964E-05 9.9964E-05 0.231827 0.0945594 9.9964E-05 9.9964E-05
0.0362155 0.0634542 9.9982E-05 9.9982E-05 0.241168 0.606298 0.0130996 0.0395647
9.9955E-05 9.9955E-05 0.114885 9.9955E-05 9.9955E-05 0.836659 9.9955E-05 0.0479558
0.103376 0.481876 9.9973E-05 9.9973E-05 0.308654 0.0995635 0.00623106 9.9973E-05
9.99729E-05 0.610622 0.0295356 0.00620861 0.173461 0.179873 9.99729E-05 9.99729E-05
0.0142977 9.9973E-05 0.760303 0.0997892 0.0710043 9.9973E-05 0.0543059 9.9973E-05
9.99639E-05 0.141272 0.663053 0.165416 9.99639E-05 9.99639E-05 0.0298597 9.99639E-05
9.99639E-05 0.75314 0.168015 9.99639E-05 0.0261896 9.99639E-05 0.052256 9.99639E-05
9.99639E-05 0.118456 0.82567 0.0349692 9.99639E-05 0.0205055 9.99639E-05 9.99639E-05
9.9964E-05 0.0288561 0.817144 0.123669 9.9964E-05 9.9964E-05 9.9964E-05 0.0299308
9.99639E-05 0.19825 0.13813 0.594626 9.99639E-05 9.99639E-05 0.0685947 9.99639E-05
9.99549E-05 0.135739 0.544962 0.318798 9.99549E-05 9.99549E-05 9.99549E-05 9.99549E-05
9.9964E-05 0.710559 0.102423 9.9964E-05 9.9964E-05 0.144327 0.0422918 9.9964E-05
9.9955E-05 0.267215 9.9955E-05 9.9955E-05 0.143486 0.588799 9.9955E-05 9.9955E-05
0.0718685 0.312396 0.490405 9.9973E-05 0.0354704 9.9973E-05 9.9973E-05 0.0895598
9.9973E-05 0.819115 9.9973E-05 0.0235413 9.9973E-05 0.143502 0.00746498 0.00607702
0.0618492 0.759777 0.0269385 0.00968824 0.0247544 9.9982E-05 0.116792 9.9982E-05
9.9964E-05 0.565101 0.382826 9.9964E-05 9.9964E-05 9.9964E-05 0.0213261 0.0303463
9.9955E-05 0.721623 9.9955E-05 9.9955E-05 0.072978 0.204899 9.9955E-05 9.9955E-05
0.025013 0.630834 0.171157 0.0124058 9.9982E-05 0.108721 9.9982E-05 0.051669
0.0682391 0.11867 0.402662 9.9973E-05 0.303696 9.9973E-05 0.106433 9.9973E-05
0.0623943 0.619811 0.195064 9.9973E-05 9.9973E-05 0.0852893 0.0371419 9.9973E-05
0.0348647 0.616476 0.180032 9.9964E-05 9.9964E-05 9.9964E-05 9.9964E-05 0.168228
9.9973E-05 0.0436078 0.862944 0.0176116 9.9973E-05 0.0724615 0.00307498 9.9973E-05
0.0394579 0.300753 0.516428 0.0313159 0.0298217 9.9982E-05 9.9982E-05 0.0820236
0.0238184 0.594352 0.0250921 0.0224493 9.9973E-05 0.333988 9.9973E-05 9.9973E-05
0.0308629 0.88037 9.9964E-05 0.0407378 9.9964E-05 9.9964E-05 9.9964E-05 0.0476296
9.9955E-05 0.445644 9.9955E-05 9.9955E-05 0.0900262 0.46383 9.9955E-05 9.9955E-05
9.9964E-05 0.116582 0.799817 0.0591032 0.0240982 9.9964E-05 9.9964E-05 9.9964E-05
0.0437855 0.416581 0.409162 9.997E-05 0.112929 9.997E-05 0.0172423 9.997E-05
0.000943784 0.62149 9.99639E-05 9.99639E-05 0.0629686 0.314198 9.99639E-05 9.99639E-05
0.0523421 9.9973E-05 0.541722 0.138151 0.257059 9.9973E-05 9.9973E-05 0.0104259
9.9964E-05 9.9964E-05 0.505163 9.9964E-05 0.409317 0.0404566 0.0446633 9.9964E-05
0.0584095 0.374255 9.9982E-05 9.9982E-05 0.0967451 0.346823 0.0837993 0.0397682
0.00892999 0.0117883 9.9982E-05 9.9982E-05 0.660048 0.16362 0.0267364 0.128677
9.9964E-05 9.9964E-05 0.648361 9.9964E-05 0.168313 0.0514492 0.131477 9.9964E-05
9.99549E-05 9.99549E-05 0.400558 0.199436 0.399505 9.99549E-05 9.99549E-05 9.99549E-05
0.0548365 9.9964E-05 0.508101 0.14399 0.292672 9.9964E-05 9.9964E-05 9.9964E-05
9.9946E-05 9.9946E-05 9.9946E-05 9.9946E-05 0.278614 0.720786 9.9946E-05 9.9946E-05
0.0201211 0.531803 9.9973E-05 9.9973E-05 0.433571 0.00192973 0.0122754 9.9973E-05
0.0465593 0.0368454 0.263859 9.99729E-05 0.261485 9.99729E-05 9.99729E-05 0.390951
9.99549E-05 9.99549E-05 0.642377 9.99549E-05 0.342507 9.99549E-05 9.99549E-05 0.0146167
9.99639E-05 0.102734 9.99639E-05 9.99639E-05 0.255249 0.521525 9.99639E-05 0.120092
9.9964E-05 0.552782 0.0936266 9.9964E-05 0.293102 9.9964E-05 0.0600897 9.9964E-05
0.016093 0.593397 0.0575031 9.9973E-05 0.312271 9.9973E-05 0.020436 9.9973E-05
9.99639E-05 9.99639E-05 0.115748 9.99639E-05 0.467574 9.99639E-05 0.00452116 0.411757
0.010412 0.684068 9.9973E-05 9.9973E-05 0.0325958 0.0516565 9.9973E-05 0.220968
0.049568 0.27554 0.564111 9.99729E-05 0.0162554 9.99729E-05 9.99729E-05 0.0942251
0.0129521 0.165819 0.359694 9.99729E-05 0.336929 9.99729E-05 9.99729E-05 0.124306
9.9964E-05 9.9964E-05 0.477646 0.210109 0.27565 9.9964E-05 0.0361956 9.9964E-05
0.136959 0.325748 9.99729E-05 9.99729E-05 0.380242 0.14368 0.0130702 9.99729E-05
0.054816 9.99639E-05 0.652304 0.00462249 0.287858 9.99639E-05 9.99639E-05 9.99639E-05
9.9964E-05 0.104676 0.275103 0.425096 0.194725 9.9964E-05 9.9964E-05 9.9964E-05
9.99549E-05 0.453556 9.99549E-05 9.99549E-05 0.207414 0.338531 9.99549E-05 9.99549E-05
9.9973E-05 0.591721 0.300381 9.9973E-05 0.0486433 0.0533717 0.0055831 9.9973E-05
0.0697858 0.76012 9.9964E-05 9.9964E-05 0.163803 0.00589161 9.9964E-05 9.9964E-05
0.00162343 9.9973E-05 0.790717 0.0841642 0.0607524 9.9973E-05 0.0624432 9.9973E-05
0.205121 0.123334 0.19045 0.371769 0.00598316 0.0122674 0.0749951 0.0160804
0.111968 0.134162 0.672095 0.0368762 0.0445993 9.9973E-05 9.9973E-05 9.9973E-05
9.9955E-05 0.54856 9.9955E-05 9.9955E-05 0.161797 0.289143 9.9955E-05 9.9955E-05
0.0677895 0.242969 0.557048 0.0994872 0.0324063 9.9973E-05 9.9973E-05 9.9973E-05
0.0470469 0.0616612 0.683052 9.9982E-05 0.0912077 9.9982E-05 0.0267425 0.0900897
0.00733273 9.9982E-05 0.793437 0.051166 0.0227786 0.0413886 9.9982E-05 0.0836976
9.9955E-05 0.686317 9.9955E-05 9.9955E-05 9.9955E-05 0.261058 9.9955E-05 0.0521247
9.9973E-05 0.579211 0.262556 9.9973E-05 0.116708 9.9973E-05 0.0287753 0.0124502
9.9973E-05 0.0559858 0.676744 0.0827745 9.9973E-05 0.111251 0.072945 9.9973E-05
0.069144 0.472578 0.0462101 0.0706017 0.180909 0.160357 9.9982E-05 9.9982E-05
0.034423 0.00295311 0.750559 0.112805 0.0182793 9.9991E-05 0.0272112 0.0536695
9.9973E-05 0.283919 0.0202392 0.455306 9.9973E-05 0.175319 9.9973E-05 0.064917
0.0635507 0.402284 0.294268 9.9982E-05 0.131251 9.9982E-05 0.0320864 0.0763592
9.9955E-05 0.523164 9.9955E-05 9.9955E-05 0.0421841 0.434152 9.9955E-05 9.9955E-05
0.032122 0.46639 0.262015 0.0061585 0.203567 9.9982E-05 0.0295477 9.9982E-05
0.00115328 0.254283 9.99819E-05 9.99819E-05 0.242033 0.165443 0.036405 0.300482
9.9973E-05 0.107833 0.00781864 9.9973E-05 0.104339 0.632737 9.9973E-05 0.146972
0.0411131 0.604417 0.0845517 9.99729E-05 0.158278 9.99729E-05 9.99729E-05 0.11134
9.99549E-05 0.522264 9.99549E-05 9.99549E-05 0.0426794 9.99549E-05 9.99549E-05 0.434557
9.9973E-05 0.521686 0.157363 9.9973E-05 0.250628 0.0350253 9.9973E-05 0.0349976
9.99729E-05 0.111334 0.418363 0.274904 0.163458 9.99729E-05 9.99729E-05 0.0316419
9.9964E-05 9.9964E-05 9.9964E-05 9.9964E-05 0.354151 0.590385 0.0212068 0.0338582
0.0191683 9.9982E-05 0.0406747 0.569811 0.338666 0.0196655 0.0118141 9.9982E-05
0.0111904 0.104993 0.421822 0.0698346 9.9982E-05 9.9982E-05 0.0192674 0.372693
9.9973E-05 9.9973E-05 0.524056 0.0491873 9.9973E-05 0.232815 0.041365 0.152276
9.99639E-05 0.109979 0.0508311 9.99639E-05 9.99639E-05 0.595354 9.99639E-05 0.243436
9.99639E-05 0.232089 9.99639E-05 9.99639E-05 0.00404375 0.649828 9.99639E-05 0.11364
9.9964E-05 0.101915 0.312953 0.365475 0.219257 9.9964E-05 9.9964E-05 9.9964E-05
0.0639851 0.691208 0.113883 9.9982E-05 0.0636633 9.9982E-05 0.0111385 0.055922
0.0166854 0.331554 0.0741601 9.9991E-05 0.188392 0.011375 0.0123276 0.365406
9.99549E-05 0.140685 9.99549E-05 9.99549E-05 9.99549E-05 0.738463 9.99549E-05 0.120352
9.9964E-05 9.9964E-05 0.175307 9.9964E-05 0.256367 0.132345 9.9964E-05 0.435581
9.9991E-05 0.037095 0.124214 0.302728 0.303887 0.0354428 0.0455426 0.15099
9.9973E-05 0.040115 0.838469 9.9973E-05 0.033156 0.0734993 0.0144604 9.9973E-05
0.000712084 0.0526277 0.69756 9.9982E-05 0.0261228 0.00550641 9.9982E-05 0.217271
9.9982E-05 0.0900775 0.0722043 0.369059 0.029909 0.081863 9.9982E-05 0.356688
9.9973E-05 0.741414 9.9973E-05 0.00372163 9.9973E-05 0.185949 0.0541344 0.0144808
0.0199246 0.118717 0.751122 0.0185413 9.9973E-05 9.9973E-05 9.9973E-05 0.0913951
9.9964E-05 0.787034 9.9964E-05 0.0520723 9.9964E-05 0.10762 9.9964E-05 0.052874
0.0123151 0.625565 0.113547 0.0133231 0.0505279 9.9982E-05 9.9982E-05 0.184521
0.0324756 0.100868 0.696295 0.0509618 0.0998961 9.9982E-05 0.0193036 9.9982E-05
9.9964E-05 0.5108 0.00830472 9.9964E-05 9.9964E-05 0.458059 0.0224366 9.9964E-05
0.00323409 0.135508 0.041116 9.9982E-05 0.0160948 0.446004 9.9982E-05 0.357843
9.9973E-05 0.681639 9.9973E-05 9.9973E-05 0.161842 0.121849 0.00200694 0.0323633
9.9973E-05 9.9973E-05 0.443075 9.9973E-05 0.119606 0.201351 0.0802558 0.155412
9.9982E-05 0.137922 0.188995 9.9982E-05 0.319782 0.136785 0.0643765 0.15194
9.99729E-05 0.192102 0.480622 9.99729E-05 0.165858 0.0842139 0.0769042 9.99729E-05
9.99639E-05 0.220113 0.00402394 0.0502474 9.99639E-05 0.725216 9.99639E-05 9.99639E-05
9.9973E-05 0.140072 0.189326 0.60555 0.00459447 0.0601582 9.9973E-05 9.9973E-05
0.172958 0.362077 0.0601993 9.9991E-05 0.0775325 0.121879 0.0502063 0.155048
0.042262 0.0583714 0.562401 0.0860115 0.0293405 0.0746087 0.0375471 0.109457
0.00169944 0.0663034 0.354488 0.434567 9.9991E-05 0.0804109 0.044027 0.0184043
9.99639E-05 9.99639E-05 0.722303 9.99639E-05 9.99639E-05 0.191319 0.0637257 0.0222523
9.9973E-05 0.00193963 0.75239 9.9973E-05 0.0449968 0.114127 0.0862465 9.9973E-05
0.0318958 9.99639E-05 0.640131 9.99639E-05 9.99639E-05 0.258607 0.0689662 9.99639E-05
0.0559256 0.568007 0.0525179 9.9991E-05 0.0157241 0.0348742 0.111504 0.161347
0.0576112 0.695275 9.9982E-05 9.9982E-05 0.126681 0.0409225 0.0296897 0.0496214
0.0353126 0.0434701 0.121895 0.569564 0.148568 0.0809905 9.9982E-05 9.9982E-05
9.9973E-05 9.9973E-05 0.398435 0.0258251 0.037962 0.296131 9.9973E-05 0.241347
0.0494509 0.232608 9.9991E-05 0.0577779 0.207662 0.194132 0.0556863 0.202583
9.9964E-05 9.9964E-05 9.9964E-05 9.9964E-05 0.112917 0.850535 0.0189613 0.0171871
9.9946E-05 0.634325 9.9946E-05 9.9946E-05 9.9946E-05 0.365075 9.9946E-05 9.9946E-05
0.0102122 0.0931915 0.0484333 9.9982E-05 0.00968746 0.815022 9.9982E-05 0.0232533
