0.38283 0.398485 9.991E-05 9.991E-05 9.991E-05 9.991E-05 0.069536 9.991E-05 0.0119475 9.991E-05 9.991E-05 9.991E-05 0.0336725 9.991E-05 9.991E-05 0.10253
0.391003 0.313965 9.99189E-05 0.0357241 9.99189E-05 9.99189E-05 0.0642906 9.99189E-05 9.99189E-05 0.0857682 9.99189E-05 9.99189E-05 9.99189E-05 0.0858732 9.99189E-05 0.0224767
0.210892 9.99278E-05 9.99278E-05 0.229397 0.451951 0.0319157 0.0124737 9.99278E-05 9.99278E-05 9.99278E-05 0.0282928 9.99278E-05 0.017361 0.0169172 9.99278E-05 9.99278E-05
0.230023 0.517014 9.99189E-05 9.99189E-05 9.99189E-05 9.99189E-05 9.99189E-05 9.99189E-05 0.106904 9.99189E-05 0.0308331 0.0639892 0.0249265 9.99189E-05 9.99189E-05 0.0254102
9.99098E-05 0.313773 9.99098E-05 9.99098E-05 9.99098E-05 0.0293095 9.99098E-05 9.99098E-05 0.296982 0.160444 0.0522086 9.99098E-05 9.99098E-05 9.99098E-05 9.99098E-05 0.146284
0.346832 9.99369E-05 0.0171529 9.99369E-05 0.0670489 0.0218534 0.00522083 0.0214011 9.99369E-05 0.129355 0.286678 9.99369E-05 9.99369E-05 9.99369E-05 9.99369E-05 0.103757
0.442969 0.048219 0.00891764 9.98918E-05 0.498695 9.98918E-05 9.98918E-05 9.98918E-05 9.98918E-05 9.98918E-05 9.98918E-05 9.98918E-05 9.98918E-05 9.98918E-05 9.98918E-05 9.98918E-05
0.308738 9.991E-05 0.00433021 9.991E-05 0.166532 9.991E-05 0.170388 9.991E-05 9.991E-05 0.211632 0.137381 9.991E-05 9.991E-05 9.991E-05 9.991E-05 9.991E-05
0.363654 0.264598 9.99279E-05 9.99279E-05 9.99279E-05 0.0757691 0.027852 9.99279E-05 9.99279E-05 0.0982632 0.0595075 0.0856754 9.99279E-05 0.0238818 9.99279E-05 9.99279E-05
9.98918E-05 9.98918E-05 9.98918E-05 9.98918E-05 0.337465 9.98918E-05 9.98918E-05 9.98918E-05 9.98918E-05 9.98918E-05 0.358125 9.98918E-05 0.0623815 9.98918E-05 0.240829 9.98918E-05
0.155353 0.127643 9.99279E-05 0.074456 9.99279E-05 0.0129785 9.99279E-05 9.99279E-05 9.99279E-05 0.129077 0.0598601 9.99279E-05 0.0104881 0.429345 9.99279E-05 9.99279E-05
0.022916 0.458034 9.99279E-05 0.00715167 9.99279E-05 9.99279E-05 0.0127784 9.99279E-05 9.99279E-05 0.0580672 0.245721 0.0716353 9.99279E-05 0.122897 9.99279E-05 9.99279E-05
0.181548 9.99369E-05 9.99369E-05 9.99369E-05 0.123832 0.0468275 9.99369E-05 0.0184435 9.99369E-05 0.0527652 9.99369E-05 0.233452 0.00153914 0.0696908 9.99369E-05 0.271202
0.50715 9.99009E-05 9.99009E-05 0.0623372 0.250923 9.99009E-05 0.0304785 9.99009E-05 9.99009E-05 9.99009E-05 0.148012 9.99009E-05 9.99009E-05 9.99009E-05 9.99009E-05 9.99009E-05
9.98919E-05 0.341127 9.98919E-05 9.98919E-05 9.98919E-05 9.98919E-05 9.98919E-05 9.98919E-05 9.98919E-05 0.152804 0.0726925 9.98919E-05 9.98919E-05 0.432177 9.98919E-05 9.98919E-05
0.183222 9.99369E-05 0.0334091 9.99369E-05 0.390798 0.0112917 9.99369E-05 9.99369E-05 9.99369E-05 0.035831 0.0145288 9.99369E-05 0.0379765 9.99369E-05 0.267247 0.024997
0.568865 0.0170144 9.99009E-05 0.0592256 0.340878 9.99009E-05 9.99009E-05 9.99009E-05 9.99009E-05 9.99009E-05 9.99009E-05 0.0129188 9.99009E-05 9.99009E-05 9.99009E-05 9.99009E-05
0.413862 9.99098E-05 9.99098E-05 0.0814712 0.373519 9.99098E-05 9.99098E-05 9.99098E-05 9.99098E-05 0.0829052 9.99098E-05 9.99098E-05 9.99098E-05 0.0344969 9.99098E-05 0.0127468
0.205697 0.395857 9.991E-05 0.182996 9.991E-05 9.991E-05 9.991E-05 0.0198251 9.991E-05 9.991E-05 0.00660152 0.188024 9.991E-05 9.991E-05 9.991E-05 9.991E-05
9.98828E-05 9.98828E-05 9.98828E-05 9.98828E-05 9.98828E-05 9.98828E-05 9.98828E-05 9.98828E-05 0.237022 9.98828E-05 9.98828E-05 9.98828E-05 0.701079 0.0605998 9.98828E-05 9.98828E-05
9.98829E-05 9.98829E-05 9.98829E-05 9.98829E-05 9.98829E-05 9.98829E-05 9.98829E-05 9.98829E-05 0.164044 9.98829E-05 9.98829E-05 0.0652823 0.769375 9.98829E-05 9.98829E-05 9.98829E-05
0.0449858 9.99008E-05 9.99008E-05 9.99008E-05 9.99008E-05 9.99008E-05 9.99008E-05 0.00285475 0.0133627 9.99008E-05 9.99008E-05 9.99008E-05 0.870041 9.99008E-05 9.99008E-05 0.0676567
9.99009E-05 9.99009E-05 9.99009E-05 9.99009E-05 9.99009E-05 0.0278392 0.00705832 9.99009E-05 0.0408805 9.99009E-05 9.99009E-05 0.298017 0.625106 9.99009E-05 9.99009E-05 9.99009E-05
9.99099E-05 0.0911068 9.99099E-05 9.99099E-05 9.99099E-05 0.0108866 0.0166654 9.99099E-05 9.99099E-05 9.99099E-05 9.99099E-05 0.0577862 0.736247 0.0863092 9.99099E-05 9.99099E-05
0.129538 9.99368E-05 0.192288 0.0822412 0.0891482 0.00630333 0.00335227 0.0565228 9.99368E-05 9.99368E-05 0.000634928 9.99368E-05 0.439272 9.99368E-05 9.99368E-05 9.99368E-05
9.99201E-05 0.127589 9.99201E-05 9.99201E-05 9.99201E-05 0.0675879 0.0808916 0.23758 9.99201E-05 0.0632611 0.0326548 9.99201E-05 0.305148 0.0844884 9.99201E-05 9.99201E-05
9.99009E-05 9.99009E-05 0.226816 9.99009E-05 0.0543627 0.0622633 9.99009E-05 9.99009E-05 9.99009E-05 9.99009E-05 9.99009E-05 9.99009E-05 0.23115 9.99009E-05 0.424308 9.99009E-05
9.98916E-05 9.98916E-05 9.98916E-05 9.98916E-05 9.98916E-05 9.98916E-05 0.120781 0.125513 0.647226 9.98916E-05 9.98916E-05 9.98916E-05 0.105282 9.98916E-05 9.98916E-05 9.98916E-05
0.0624364 9.99098E-05 0.0179744 9.99098E-05 9.99098E-05 9.99098E-05 9.99098E-05 0.0366016 9.99098E-05 9.99098E-05 9.99098E-05 9.99098E-05 0.803537 9.99098E-05 0.0205349 0.0579163
9.9883E-05 9.9883E-05 9.9883E-05 9.9883E-05 9.9883E-05 9.9883E-05 9.9883E-05 9.9883E-05 0.00162585 9.9883E-05 9.9883E-05 0.122677 0.874399 9.9883E-05 9.9883E-05 9.9883E-05
9.99191E-05 9.99191E-05 0.0914878 0.01508 0.0798069 9.99191E-05 0.0026728 9.99191E-05 9.99191E-05 9.99191E-05 9.99191E-05 0.128405 0.541976 9.99191E-05 0.139672 9.99191E-05
0.0519966 9.99098E-05 0.170325 9.99098E-05 9.99098E-05 9.99098E-05 9.99098E-05 0.689128 9.99098E-05 9.99098E-05 9.99098E-05 9.99098E-05 0.0125718 9.99098E-05 0.000584418 0.0743955
9.98917E-05 9.98917E-05 0.0764682 9.98917E-05 0.17139 9.98917E-05 9.98917E-05 9.98917E-05 9.98917E-05 9.98917E-05 9.98917E-05 9.98917E-05 0.571719 9.98917E-05 0.179224 9.98917E-05
0.119608 9.99014E-05 0.0752982 9.99014E-05 0.132977 9.99014E-05 9.99014E-05 0.053176 9.99014E-05 9.99014E-05 9.99014E-05 9.99014E-05 0.617842 9.99014E-05 9.99014E-05 9.99014E-05
9.99009E-05 9.99009E-05 9.99009E-05 9.99009E-05 9.99009E-05 0.0083316 9.99009E-05 9.99009E-05 9.99009E-05 9.99009E-05 0.0233219 0.110204 0.84935 9.99009E-05 9.99009E-05 0.00769439
9.99009E-05 0.080532 9.99009E-05 9.99009E-05 9.99009E-05 0.00748231 9.99009E-05 9.99009E-05 0.0599363 9.99009E-05 9.99009E-05 9.99009E-05 0.736558 0.114392 9.99009E-05 9.99009E-05
9.98829E-05 9.98829E-05 9.98829E-05 9.98829E-05 9.98829E-05 9.98829E-05 9.98829E-05 9.98829E-05 0.100046 9.98829E-05 9.98829E-05 9.98829E-05 0.662416 0.23624 9.98829E-05 9.98829E-05
9.99009E-05 0.0770503 9.99009E-05 9.99009E-05 9.99009E-05 0.0122416 9.99009E-05 9.99009E-05 0.0059612 9.99009E-05 9.99009E-05 0.223685 0.679963 9.99009E-05 9.99009E-05 9.99009E-05
0.103478 9.98917E-05 0.324417 9.98917E-05 9.98917E-05 0.553878 9.98917E-05 9.98917E-05 9.98917E-05 9.98917E-05 9.98917E-05 9.98917E-05 9.98917E-05 9.98917E-05 9.98917E-05 0.0170282
0.00333492 0.016662 0.811899 9.99009E-05 9.99009E-05 9.99009E-05 9.99009E-05 9.99009E-05 0.0532809 9.99009E-05 9.99009E-05 9.99009E-05 9.99009E-05 9.99009E-05 9.99009E-05 0.113724
9.99099E-05 9.99099E-05 0.58615 9.99099E-05 0.123188 9.99099E-05 0.0839438 9.99099E-05 9.99099E-05 9.99099E-05 0.0117536 9.99099E-05 0.0377649 9.99099E-05 0.156201 9.99099E-05
9.99279E-05 9.99279E-05 0.239005 9.99279E-05 9.99279E-05 0.220435 0.0146664 0.0802877 0.15807 9.99279E-05 9.99279E-05 0.237934 9.99279E-05 9.99279E-05 0.0362951 0.0125076
0.117953 9.99007E-05 0.384948 9.99007E-05 9.99007E-05 0.207719 9.99007E-05 9.99007E-05 9.99007E-05 9.99007E-05 9.99007E-05 9.99007E-05 0.268029 9.99007E-05 9.99007E-05 0.020253
9.99099E-05 9.99099E-05 0.634565 0.163984 9.99099E-05 9.99099E-05 9.99099E-05 0.0327189 9.99099E-05 9.99099E-05 0.0328445 9.99099E-05 0.048021 0.0868678 9.99099E-05 9.99099E-05
9.99009E-05 0.272009 9.99009E-05 9.99009E-05 9.99009E-05 0.0279825 9.99009E-05 0.602497 0.00531409 9.99009E-05 9.99009E-05 0.0910984 9.99009E-05 9.99009E-05 9.99009E-05 9.99009E-05
9.99009E-05 0.0715764 0.0850945 9.99009E-05 9.99009E-05 0.640172 9.99009E-05 9.99009E-05 9.99009E-05 0.147455 9.99009E-05 9.99009E-05 9.99009E-05 0.0546032 9.99009E-05 9.99009E-05
0.022087 9.99098E-05 0.60292 0.08334 0.119267 9.99098E-05 9.99098E-05 9.99098E-05 9.99098E-05 9.99098E-05 9.99098E-05 9.99098E-05 0.158435 9.99098E-05 0.0129511 9.99098E-05
0.0929422 9.99098E-05 0.424006 9.99098E-05 9.99098E-05 0.447563 0.0106822 9.99098E-05 9.99098E-05 9.99098E-05 0.00280738 9.99098E-05 9.99098E-05 9.99098E-05 9.99098E-05 0.0209992
9.9892E-05 0.0226008 0.474934 9.9892E-05 9.9892E-05 9.9892E-05 9.9892E-05 9.9892E-05 9.9892E-05 9.9892E-05 9.9892E-05 9.9892E-05 9.9892E-05 9.9892E-05 0.449009 0.0522567
9.991E-05 9.991E-05 0.245323 9.991E-05 9.991E-05 0.45994 0.0831285 9.991E-05 0.0644543 0.139669 9.991E-05 9.991E-05 9.991E-05 0.00648589 9.991E-05 9.991E-05
9.99008E-05 9.99008E-05 0.729514 9.99008E-05 9.99008E-05 0.0525922 9.99008E-05 9.99008E-05 0.161505 9.99008E-05 9.99008E-05 9.99008E-05 9.99008E-05 9.99008E-05 0.0109315 0.0443582
9.99008E-05 9.99008E-05 0.429541 9.99008E-05 9.99008E-05 0.0574221 9.99008E-05 9.99008E-05 0.438503 9.99008E-05 9.99008E-05 0.0720267 0.00140791 9.99008E-05 9.99008E-05 9.99008E-05
9.99278E-05 0.0224542 0.0185411 0.0121286 9.99278E-05 0.368657 9.99278E-05 0.159261 9.99278E-05 9.99278E-05 0.0447725 9.99278E-05 0.0936971 0.279689 9.99278E-05 9.99278E-05
9.99189E-05 9.99189E-05 0.251294 9.99189E-05 9.99189E-05 0.247954 0.0226303 9.99189E-05 9.99189E-05 0.193584 0.0135418 9.99189E-05 0.0242067 0.24589 9.99189E-05 9.99189E-05
9.99279E-05 0.0857114 0.131593 0.0505193 9.99279E-05 0.11263 0.0380668 0.0709542 0.336073 9.99279E-05 9.99279E-05 0.173653 9.99279E-05 9.99279E-05 9.99279E-05 9.99279E-05
9.98919E-05 0.0687252 9.98919E-05 9.98919E-05 9.98919E-05 9.98919E-05 0.23408 9.98919E-05 9.98919E-05 9.98919E-05 9.98919E-05 0.349535 0.346461 9.98919E-05 9.98919E-05 9.98919E-05
0.0712077 9.99007E-05 0.489402 9.99007E-05 9.99007E-05 0.295199 9.99007E-05 0.0726617 9.99007E-05 9.99007E-05 9.99007E-05 9.99007E-05 9.99007E-05 9.99007E-05 9.99007E-05 0.0704306
9.99189E-05 9.99189E-05 0.287529 9.99189E-05 9.99189E-05 0.163343 0.256568 9.99189E-05 0.204773 9.99189E-05 9.99189E-05 9.99189E-05 9.99189E-05 0.00915422 0.055577 0.0221562
0.064954 9.98918E-05 0.793772 9.98918E-05 9.98918E-05 9.98918E-05 0.0602898 9.98918E-05 9.98918E-05 9.98918E-05 9.98918E-05 9.98918E-05 9.98918E-05 9.98918E-05 9.98918E-05 0.0797854
9.98827E-05 9.98827E-05 0.148169 9.98827E-05 9.98827E-05 0.621881 9.98827E-05 9.98827E-05 0.228651 9.98827E-05 9.98827E-05 9.98827E-05 9.98827E-05 9.98827E-05 9.98827E-05 9.98827E-05
0.121113 9.99098E-05 0.0835449 9.99098E-05 9.99098E-05 0.621374 9.99098E-05 0.119224 9.99098E-05 9.99098E-05 9.99098E-05 9.99098E-05 0.0535218 0.00022299 9.99098E-05 9.99098E-05
9.99009E-05 9.99009E-05 0.265663 9.99009E-05 9.99009E-05 0.453654 0.0463168 9.99009E-05 9.99009E-05 0.177701 9.99009E-05 9.99009E-05 9.99009E-05 0.0555659 9.99009E-05 9.99009E-05
9.99189E-05 9.99189E-05 0.185774 0.0787016 0.0389714 0.0325127 9.99189E-05 0.570065 9.99189E-05 9.99189E-05 9.99189E-05 9.99189E-05 9.99189E-05 9.99189E-05 0.0462731 0.0468029
9.98829E-05 9.98829E-05 9.98829E-05 9.98829E-05 9.98829E-05 0.648641 9.98829E-05 9.98829E-05 9.98829E-05 9.98829E-05 9.98829E-05 0.311751 0.0383094 9.98829E-05 9.98829E-05 9.98829E-05
9.99099E-05 9.99099E-05 0.140571 0.0525552 0.439327 0.299573 0.0599051 9.99099E-05 9.99099E-05 9.99099E-05 9.99099E-05 9.99099E-05 9.99099E-05 9.99099E-05 0.00706972 9.99099E-05
0.0684216 9.99278E-05 9.99278E-05 9.99278E-05 9.99278E-05 0.197415 0.0129199 0.393513 9.99278E-05 0.0743684 0.00928465 9.99278E-05 0.060819 0.182458 9.99278E-05 9.99278E-05
9.98829E-05 9.98829E-05 9.98829E-05 9.98829E-05 9.98829E-05 0.813472 9.98829E-05 9.98829E-05 0.168381 0.0168484 9.98829E-05 9.98829E-05 9.98829E-05 9.98829E-05 9.98829E-05 9.98829E-05
9.98919E-05 9.98919E-05 9.98919E-05 9.98919E-05 0.0380863 0.643441 9.98919E-05 9.98919E-05 0.222933 9.98919E-05 9.98919E-05 9.98919E-05 9.98919E-05 0.0943409 9.98919E-05 9.98919E-05
9.99007E-05 0.0869606 9.99007E-05 9.99007E-05 0.0260939 0.0187995 0.0837789 0.783268 9.99007E-05 9.99007E-05 9.99007E-05 9.99007E-05 9.99007E-05 9.99007E-05 9.99007E-05 9.99007E-05
0.131487 9.99009E-05 0.0193045 9.99009E-05 9.99009E-05 9.99009E-05 9.99009E-05 0.703937 9.99009E-05 9.99009E-05 9.99009E-05 9.99009E-05 0.135111 9.99009E-05 9.99009E-05 0.00906223
9.98828E-05 9.98828E-05 0.0836456 9.98828E-05 9.98828E-05 9.98828E-05 9.98828E-05 0.622746 9.98828E-05 9.98828E-05 9.98828E-05 9.98828E-05 9.98828E-05 9.98828E-05 0.292309 9.98828E-05
9.98919E-05 9.98919E-05 0.291606 9.98919E-05 0.454432 0.226086 9.98919E-05 0.0266773 9.98919E-05 9.98919E-05 9.98919E-05 9.98919E-05 9.98919E-05 9.98919E-05 9.98919E-05 9.98919E-05
9.99099E-05 0.105188 9.99099E-05 9.99099E-05 9.99099E-05 9.99099E-05 0.0245004 9.99099E-05 0.11902 0.0306024 9.99099E-05 0.10348 0.61621 9.99099E-05 9.99099E-05 9.99099E-05
9.99097E-05 9.99097E-05 0.278818 9.99097E-05 0.174591 0.409315 9.99097E-05 0.0396704 9.99097E-05 9.99097E-05 9.99097E-05 9.99097E-05 9.99097E-05 9.99097E-05 0.0946436 0.00196326
9.98918E-05 9.98918E-05 9.98918E-05 9.98918E-05 9.98918E-05 0.53012 9.98918E-05 0.419872 0.0345208 9.98918E-05 9.98918E-05 9.98918E-05 9.98918E-05 0.0142881 9.98918E-05 9.98918E-05
9.99008E-05 0.207761 9.99008E-05 9.99008E-05 9.99008E-05 9.99008E-05 9.99008E-05 0.654412 9.99008E-05 9.99008E-05 9.99008E-05 0.0630483 0.0018349 0.0718444 9.99008E-05 9.99008E-05
9.98917E-05 9.98917E-05 0.0811953 9.98917E-05 0.162769 9.98917E-05 9.98917E-05 9.98917E-05 9.98917E-05 9.98917E-05 9.98917E-05 9.98917E-05 0.695354 9.98917E-05 0.0594828 9.98917E-05
9.9901E-05 9.9901E-05 0.212975 9.9901E-05 0.310512 9.9901E-05 9.9901E-05 0.147545 9.9901E-05 9.9901E-05 9.9901E-05 9.9901E-05 0.126826 9.9901E-05 0.201044 9.9901E-05
0.0656281 9.98918E-05 0.148231 9.98918E-05 0.100113 9.98918E-05 9.98918E-05 9.98918E-05 9.98918E-05 9.98918E-05 9.98918E-05 9.98918E-05 0.68483 9.98918E-05 9.98918E-05 9.98918E-05
0.0271699 9.99188E-05 0.0440795 9.99188E-05 9.99188E-05 9.99188E-05 0.0508481 0.51632 0.0414082 9.99188E-05 9.99188E-05 9.99188E-05 0.206889 9.99188E-05 9.99188E-05 0.112386
9.99099E-05 9.99099E-05 0.255428 9.99099E-05 9.99099E-05 9.99099E-05 9.99099E-05 0.188822 0.0632436 9.99099E-05 9.99099E-05 9.99099E-05 0.0640732 9.99099E-05 0.383256 0.0441787
9.99009E-05 9.99009E-05 0.0918681 9.99009E-05 9.99009E-05 0.41406 9.99009E-05 0.0237663 9.99009E-05 9.99009E-05 9.99009E-05 0.249839 0.219368 9.99009E-05 9.99009E-05 9.99009E-05
9.98919E-05 9.98919E-05 0.359662 9.98919E-05 9.98919E-05 0.449552 9.98919E-05 9.98919E-05 9.98919E-05 9.98919E-05 9.98919E-05 0.129919 9.98919E-05 9.98919E-05 9.98919E-05 0.0596686
9.9928E-05 9.9928E-05 0.395637 9.9928E-05 9.9928E-05 0.0700441 0.059099 0.014866 0.0103479 9.9928E-05 9.9928E-05 0.254019 0.0848556 0.110332 9.9928E-05 9.9928E-05
9.98918E-05 9.98918E-05 0.46921 9.98918E-05 0.18209 0.284991 9.98918E-05 9.98918E-05 9.98918E-05 9.98918E-05 9.98918E-05 9.98918E-05 9.98918E-05 9.98918E-05 0.0625103 9.98918E-05
9.99097E-05 9.99097E-05 0.102392 9.99097E-05 9.99097E-05 0.487945 9.99097E-05 0.0279806 0.292744 9.99097E-05 9.99097E-05 9.99097E-05 0.0291914 9.99097E-05 9.99097E-05 0.0587484
9.98919E-05 0.0660486 9.98919E-05 9.98919E-05 9.98919E-05 0.853296 0.0177459 9.98919E-05 9.98919E-05 9.98919E-05 9.98919E-05 0.0617113 9.98919E-05 9.98919E-05 9.98919E-05 9.98919E-05
0.0955517 9.99007E-05 9.99007E-05 9.99007E-05 0.0969738 9.99007E-05 0.590387 9.99007E-05 9.99007E-05 9.99007E-05 0.00366819 9.99007E-05 0.212321 9.99007E-05 9.99007E-05 9.99007E-05
9.98827E-05 9.98827E-05 0.448418 9.98827E-05 0.208218 9.98827E-05 0.342065 9.98827E-05 9.98827E-05 9.98827E-05 9.98827E-05 9.98827E-05 9.98827E-05 9.98827E-05 9.98827E-05 9.98827E-05
9.98918E-05 9.98918E-05 9.98918E-05 9.98918E-05 9.98918E-05 9.98918E-05 0.677167 0.0366197 9.98918E-05 0.125356 9.98918E-05 9.98918E-05 0.159658 9.98918E-05 9.98918E-05 9.98918E-05
9.98917E-05 9.98917E-05 0.280682 9.98917E-05 0.195636 0.0375937 0.48489 9.98917E-05 9.98917E-05 9.98917E-05 9.98917E-05 9.98917E-05 9.98917E-05 9.98917E-05 9.98917E-05 9.98917E-05
9.98827E-05 9.98827E-05 0.146984 9.98827E-05 0.165199 9.98827E-05 0.686519 9.98827E-05 9.98827E-05 9.98827E-05 9.98827E-05 9.98827E-05 9.98827E-05 9.98827E-05 9.98827E-05 9.98827E-05
9.98827E-05 0.0852102 9.98827E-05 9.98827E-05 9.98827E-05 9.98827E-05 0.786168 9.98827E-05 0.127324 9.98827E-05 9.98827E-05 9.98827E-05 9.98827E-05 9.98827E-05 9.98827E-05 9.98827E-05
0.0871651 9.99188E-05 0.209538 0.0262737 0.0388098 0.275384 0.342369 9.99188E-05 9.99188E-05 0.0195605 9.99188E-05 9.99188E-05 9.99188E-05 9.99188E-05 9.99188E-05 9.99188E-05
0.0683886 9.98828E-05 0.145612 9.98828E-05 9.98828E-05 9.98828E-05 0.784701 9.98828E-05 9.98828E-05 9.98828E-05 9.98828E-05 9.98828E-05 9.98828E-05 9.98828E-05 9.98828E-05 9.98828E-05
9.99009E-05 9.99009E-05 0.0213507 0.0347415 9.99009E-05 9.99009E-05 9.99009E-05 0.00473118 9.99009E-05 9.99009E-05 9.99009E-05 9.99009E-05 9.99009E-05 9.99009E-05 0.352477 0.585601
9.991E-05 9.991E-05 0.124969 9.991E-05 0.0454534 9.991E-05 9.991E-05 9.991E-05 9.991E-05 0.0468024 9.991E-05 0.00837714 9.991E-05 9.991E-05 0.0966609 0.676738
9.9883E-05 9.9883E-05 9.9883E-05 0.0401923 9.9883E-05 9.9883E-05 9.9883E-05 9.9883E-05 9.9883E-05 9.9883E-05 9.9883E-05 0.188054 9.9883E-05 9.9883E-05 9.9883E-05 0.770455
9.98829E-05 9.98829E-05 9.98829E-05 0.912991 9.98829E-05 9.98829E-05 9.98829E-05 9.98829E-05 0.0334072 0.0523034 9.98829E-05 9.98829E-05 9.98829E-05 9.98829E-05 9.98829E-05 9.98829E-05
9.98918E-05 9.98918E-05 9.98918E-05 0.235921 9.98918E-05 9.98918E-05 0.00143999 9.98918E-05 9.98918E-05 9.98918E-05 9.98918E-05 9.98918E-05 9.98918E-05 9.98918E-05 0.334378 0.427062
0.425077 0.0319012 9.99278E-05 0.349739 9.99278E-05 0.033431 0.0417041 9.99278E-05 0.045119 0.0413687 9.99278E-05 0.0308606 9.99278E-05 9.99278E-05 9.99278E-05 9.99278E-05
9.98827E-05 9.98827E-05 9.98827E-05 0.180636 0.478291 9.98827E-05 9.98827E-05 9.98827E-05 9.98827E-05 9.98827E-05 9.98827E-05 9.98827E-05 9.98827E-05 9.98827E-05 9.98827E-05 0.339775
9.98828E-05 9.98828E-05 9.98828E-05 0.0872724 9.98828E-05 9.98828E-05 9.98828E-05 9.98828E-05 9.98828E-05 9.98828E-05 9.98828E-05 9.98828E-05 9.98828E-05 9.98828E-05 0.237029 0.674401
0.147836 9.99189E-05 9.99189E-05 0.0529982 9.99189E-05 9.99189E-05 0.0169402 0.0373784 9.99189E-05 9.99189E-05 0.0487238 9.99189E-05 0.00559969 9.99189E-05 9.99189E-05 0.689624
9.99007E-05 0.069516 9.99007E-05 0.098303 9.99007E-05 9.99007E-05 9.99007E-05 9.99007E-05 0.337909 9.99007E-05 9.99007E-05 9.99007E-05 9.99007E-05 0.121598 9.99007E-05 0.371575
9.99009E-05 9.99009E-05 0.0570194 0.0196601 9.99009E-05 9.99009E-05 9.99009E-05 9.99009E-05 9.99009E-05 9.99009E-05 0.0661821 9.99009E-05 9.99009E-05 9.99009E-05 0.588642 0.267397
9.99189E-05 0.0561503 9.99189E-05 0.0102018 0.0248522 0.00311426 9.99189E-05 9.99189E-05 9.99189E-05 9.99189E-05 0.0543579 9.99189E-05 9.99189E-05 0.439212 9.99189E-05 0.411213
0.025974 9.99008E-05 0.0249869 0.193344 9.99008E-05 9.99008E-05 9.99008E-05 9.99008E-05 9.99008E-05 9.99008E-05 9.99008E-05 9.99008E-05 9.99008E-05 9.99008E-05 0.148338 0.606258
0.233755 9.99098E-05 9.99098E-05 0.164581 9.99098E-05 0.051659 0.00933999 9.99098E-05 9.99098E-05 9.99098E-05 9.99098E-05 9.99098E-05 9.99098E-05 0.118717 9.99098E-05 0.420948
0.1571 9.99188E-05 9.99188E-05 0.0592391 9.99188E-05 9.99188E-05 9.99188E-05 9.99188E-05 0.141433 9.99188E-05 0.0484079 9.99188E-05 0.0199039 9.99188E-05 0.0341229 0.538893
0.335616 9.99278E-05 0.0020176 0.248901 0.149255 9.99278E-05 9.99278E-05 0.0131879 9.99278E-05 9.99278E-05 9.99278E-05 9.99278E-05 0.0246381 9.99278E-05 0.0700194 0.155566
9.99278E-05 0.163587 9.99278E-05 0.0808289 9.99278E-05 0.103285 0.0190076 9.99278E-05 9.99278E-05 0.157645 9.99278E-05 0.0516103 9.99278E-05 0.0695051 9.99278E-05 0.353732
9.99008E-05 0.0430788 9.99008E-05 0.00794894 9.99008E-05 9.99008E-05 0.036659 9.99008E-05 9.99008E-05 9.99008E-05 9.99008E-05 0.559266 9.99008E-05 9.99008E-05 9.99008E-05 0.351948
0.0391549 9.99189E-05 0.102738 9.99189E-05 0.00456497 9.99189E-05 0.0146244 9.99189E-05 9.99189E-05 9.99189E-05 0.0851214 9.99189E-05 0.0582486 9.99189E-05 9.99189E-05 0.694648
0.00705352 9.99098E-05 0.0215608 0.395117 0.0698136 9.99098E-05 9.99098E-05 9.99098E-05 9.99098E-05 9.99098E-05 9.99098E-05 9.99098E-05 9.99098E-05 9.99098E-05 0.0731856 0.432271
9.99098E-05 9.99098E-05 9.99098E-05 0.106245 9.99098E-05 9.99098E-05 9.99098E-05 9.99098E-05 0.197347 9.99098E-05 0.0429228 9.99098E-05 0.00615869 0.0625777 9.99098E-05 0.583749
9.98919E-05 0.0204199 9.98919E-05 9.98919E-05 9.98919E-05 9.98919E-05 9.98919E-05 9.98919E-05 0.110857 9.98919E-05 9.98919E-05 0.248082 9.98919E-05 9.98919E-05 9.98919E-05 0.619442
0.293144 0.0453773 9.99278E-05 0.00138716 9.99278E-05 0.0107934 9.99278E-05 9.99278E-05 0.34718 0.270567 0.00917902 9.99278E-05 9.99278E-05 0.0215725 9.99278E-05 9.99278E-05
9.98918E-05 9.98918E-05 9.98918E-05 0.0190196 0.301607 9.98918E-05 0.0117838 9.98918E-05 9.98918E-05 9.98918E-05 0.666391 9.98918E-05 9.98918E-05 9.98918E-05 9.98918E-05 9.98918E-05
0.190514 9.99279E-05 0.00286499 9.99279E-05 9.99279E-05 0.00428734 0.0183177 9.99279E-05 9.99279E-05 0.170822 9.99279E-05 0.577137 9.99279E-05 9.99279E-05 0.0275883 0.00766961
0.764201 9.99099E-05 0.0139941 0.0277698 9.99099E-05 9.99099E-05 9.99099E-05 9.99099E-05 0.000237338 9.99099E-05 9.99099E-05 9.99099E-05 0.0338424 9.99099E-05 0.158957 9.99099E-05
9.98918E-05 9.98918E-05 0.00788918 9.98918E-05 0.0239852 9.98918E-05 9.98918E-05 9.98918E-05 9.98918E-05 9.98918E-05 0.444579 9.98918E-05 9.98918E-05 9.98918E-05 0.522348 9.98918E-05
0.213599 0.217033 9.99008E-05 9.99008E-05 9.99008E-05 9.99008E-05 9.99008E-05 9.99008E-05 9.99008E-05 0.03548 9.99008E-05 0.153755 9.99008E-05 0.379035 9.99008E-05 9.99008E-05
9.99099E-05 0.00490367 9.99099E-05 9.99099E-05 9.99099E-05 9.99099E-05 9.99099E-05 9.99099E-05 0.0785516 9.99099E-05 0.698981 9.99099E-05 0.000632784 0.209072 0.00685971 9.99099E-05
0.486942 9.99099E-05 9.99099E-05 9.99099E-05 0.0775872 0.107358 0.0242134 9.99099E-05 9.99099E-05 0.186384 9.99099E-05 9.99099E-05 9.99099E-05 9.99099E-05 9.99099E-05 0.116516
9.98918E-05 9.98918E-05 9.98918E-05 9.98918E-05 9.98918E-05 9.98918E-05 9.98918E-05 9.98918E-05 9.98918E-05 9.98918E-05 0.733643 0.258045 0.00221936 9.98918E-05 9.98918E-05 0.00489399
0.0959236 9.99099E-05 9.99099E-05 9.99099E-05 0.469497 9.99099E-05 0.0210559 9.99099E-05 9.99099E-05 9.99099E-05 0.210688 0.0251004 9.99099E-05 9.99099E-05 0.176736 9.99099E-05
0.0470718 9.99278E-05 9.99278E-05 9.99278E-05 9.99278E-05 0.0432564 9.99278E-05 9.99278E-05 0.0848875 0.287802 0.180877 0.0713193 9.99278E-05 0.275461 9.99278E-05 0.00852543
9.98919E-05 9.98919E-05 9.98919E-05 9.98919E-05 9.98919E-05 9.98919E-05 0.00750034 9.98919E-05 0.0643621 9.98919E-05 0.530158 0.396781 9.98919E-05 9.98919E-05 9.98919E-05 9.98919E-05
9.98829E-05 9.98829E-05 9.98829E-05 9.98829E-05 0.192896 9.98829E-05 9.98829E-05 9.98829E-05 9.98829E-05 9.98829E-05 0.355461 9.98829E-05 9.98829E-05 9.98829E-05 0.450344 9.98829E-05
0.058321 0.263734 9.99099E-05 9.99099E-05 9.99099E-05 9.99099E-05 9.99099E-05 9.99099E-05 0.0133593 0.334061 9.99099E-05 0.100122 9.99099E-05 0.229404 9.99099E-05 9.99099E-05
9.98918E-05 0.211779 9.98918E-05 9.98918E-05 9.98918E-05 0.0284853 9.98918E-05 9.98918E-05 9.98918E-05 9.98918E-05 0.562711 0.195826 9.98918E-05 9.98918E-05 9.98918E-05 9.98918E-05
0.260256 0.223036 9.99008E-05 9.99008E-05 0.0164272 9.99008E-05 9.99008E-05 9.99008E-05 9.99008E-05 9.99008E-05 9.99008E-05 0.299181 9.99008E-05 0.200001 9.99008E-05 9.99008E-05
9.98828E-05 9.98828E-05 9.98828E-05 9.98828E-05 0.0198229 9.98828E-05 9.98828E-05 9.98828E-05 9.98828E-05 9.98828E-05 0.428276 9.98828E-05 9.98828E-05 9.98828E-05 0.550602 9.98828E-05
9.99007E-05 9.99007E-05 9.99007E-05 9.99007E-05 9.99007E-05 0.028904 9.99007E-05 9.99007E-05 9.99007E-05 0.232821 0.318056 0.371919 9.99007E-05 0.0472015 9.99007E-05 9.99007E-05
0.0977588 9.99099E-05 9.99099E-05 9.99099E-05 9.99099E-05 0.015142 9.99099E-05 9.99099E-05 0.0343065 0.490163 9.99099E-05 9.99099E-05 9.99099E-05 0.284709 9.99099E-05 0.0769212
0.646162 9.99098E-05 9.99098E-05 0.0238931 0.0609977 9.99098E-05 0.113753 9.99098E-05 9.99098E-05 0.0698225 0.0843729 9.99098E-05 9.99098E-05 9.99098E-05 9.99098E-05 9.99098E-05
0.211031 9.9901E-05 9.9901E-05 0.0986209 0.0674052 9.9901E-05 9.9901E-05 9.9901E-05 0.42738 9.9901E-05 9.9901E-05 0.194464 9.9901E-05 9.9901E-05 9.9901E-05 9.9901E-05
0.324725 0.0527355 9.99369E-05 0.0379633 9.99369E-05 9.99369E-05 0.0210047 9.99369E-05 0.139012 0.00115022 0.0610624 0.338196 0.0234519 9.99369E-05 9.99369E-05 9.99369E-05
0.0854971 9.98917E-05 9.98917E-05 9.98917E-05 0.0706181 9.98917E-05 9.98917E-05 9.98917E-05 9.98917E-05 9.98917E-05 0.422212 9.98917E-05 9.98917E-05 9.98917E-05 0.420474 9.98917E-05
0.148809 9.99369E-05 0.0423836 0.0331764 0.0551202 9.99369E-05 9.99369E-05 0.0110632 9.99369E-05 0.284289 0.132325 9.99369E-05 0.0647828 0.227351 9.99369E-05 9.99369E-05
0.286771 9.99007E-05 9.99007E-05 9.99007E-05 9.99007E-05 9.99007E-05 0.0934933 0.000608939 9.99007E-05 0.0122639 0.605764 9.99007E-05 9.99007E-05 9.99007E-05 9.99007E-05 9.99007E-05
0.333651 9.99279E-05 0.0547882 0.0641478 9.99279E-05 9.99279E-05 9.99279E-05 0.0674917 9.99279E-05 9.99279E-05 0.0580652 9.99279E-05 0.018718 9.99279E-05 0.250811 0.151527
0.00236497 9.99459E-05 9.99459E-05 0.0385839 9.99459E-05 0.0335749 9.99459E-05 0.0276886 9.99459E-05 0.24754 0.177235 0.213502 0.0238044 0.165539 9.99459E-05 0.0695672
0.0494464 9.99098E-05 0.0224595 9.99098E-05 9.99098E-05 9.99098E-05 9.99098E-05 9.99098E-05 0.373407 0.0162371 0.235191 9.99098E-05 9.99098E-05 9.99098E-05 9.99098E-05 0.30226
9.9919E-05 0.0567135 0.00338959 9.9919E-05 0.140704 9.9919E-05 9.9919E-05 0.0353502 0.0429418 9.9919E-05 9.9919E-05 9.9919E-05 0.0296688 9.9919E-05 0.690333 9.9919E-05
0.319981 0.0101771 9.99278E-05 0.00572257 0.131701 9.99278E-05 9.99278E-05 0.100536 9.99278E-05 9.99278E-05 0.246242 9.99278E-05 9.99278E-05 9.99278E-05 0.0340691 0.150771
0.299829 9.99459E-05 0.0482457 0.122982 0.101072 9.99459E-05 9.99459E-05 9.99459E-05 9.99459E-05 0.0011059 0.0453372 9.99459E-05 0.0380919 0.0592772 0.236373 0.047087
0.13446 9.99098E-05 9.99098E-05 9.99098E-05 9.99098E-05 9.99098E-05 9.99098E-05 9.99098E-05 0.201991 9.99098E-05 0.119693 9.99098E-05 0.0203363 0.408116 0.114403 9.99098E-05
0.341205 9.98918E-05 9.98918E-05 0.0969044 0.0216828 9.98918E-05 9.98918E-05 9.98918E-05 9.98918E-05 9.98918E-05 9.98918E-05 9.98918E-05 9.98918E-05 9.98918E-05 0.539009 9.98918E-05
0.199538 0.116613 9.99007E-05 9.99007E-05 9.99007E-05 9.99007E-05 9.99007E-05 9.99007E-05 9.99007E-05 0.0711499 9.99007E-05 0.375087 9.99007E-05 0.236514 9.99007E-05 9.99007E-05
0.454713 9.99008E-05 9.99008E-05 0.0324388 9.99008E-05 9.99008E-05 9.99008E-05 9.99008E-05 9.99008E-05 9.99008E-05 0.0227606 9.99008E-05 0.00509239 9.99008E-05 0.483897 9.99008E-05
0.00467968 9.99099E-05 9.99099E-05 0.0453015 9.99099E-05 9.99099E-05 9.99099E-05 9.99099E-05 0.124606 9.99099E-05 0.304963 0.346763 9.99099E-05 9.99099E-05 0.172688 9.99099E-05
0.0246644 0.0975119 9.99189E-05 9.99189E-05 9.99189E-05 9.99189E-05 9.99189E-05 9.99189E-05 9.99189E-05 0.0356899 0.150746 0.451408 9.99189E-05 0.0557447 9.99189E-05 0.183336
0.352869 9.9919E-05 0.0701584 9.9919E-05 9.9919E-05 9.9919E-05 9.9919E-05 0.0486293 0.192639 0.00831637 0.164751 9.9919E-05 9.9919E-05 9.9919E-05 9.9919E-05 0.161737
0.525394 0.0630062 9.99189E-05 9.99189E-05 0.0415241 0.0823949 9.99189E-05 9.99189E-05 9.99189E-05 0.0546392 0.0112705 9.99189E-05 9.99189E-05 9.99189E-05 9.99189E-05 0.220871
0.378124 0.0470179 9.99189E-05 9.99189E-05 9.99189E-05 9.99189E-05 9.99189E-05 0.0110118 0.0770579 9.99189E-05 0.161175 9.99189E-05 0.0344102 9.99189E-05 9.99189E-05 0.290304
0.251108 9.99098E-05 9.99098E-05 9.99098E-05 9.99098E-05 9.99098E-05 9.99098E-05 9.99098E-05 0.0739087 9.99098E-05 9.99098E-05 0.416228 9.99098E-05 0.043459 0.0801047 0.134192
0.0830762 0.0574944 9.99009E-05 9.99009E-05 0.0848682 9.99009E-05 9.99009E-05 9.99009E-05 9.99009E-05 9.99009E-05 9.99009E-05 9.99009E-05 9.99009E-05 9.99009E-05 0.667464 0.105999
9.98919E-05 9.98919E-05 9.98919E-05 0.0255111 0.0222391 9.98919E-05 9.98919E-05 9.98919E-05 9.98919E-05 9.98919E-05 0.249673 9.98919E-05 9.98919E-05 9.98919E-05 0.701378 9.98919E-05
0.246121 9.99189E-05 0.0332636 0.0352113 0.431206 9.99189E-05 9.99189E-05 0.0449526 9.99189E-05 0.018957 0.189389 9.99189E-05 9.99189E-05 9.99189E-05 9.99189E-05 9.99189E-05
0.110576 9.99099E-05 0.109759 9.99099E-05 9.99099E-05 9.99099E-05 9.99099E-05 9.99099E-05 9.99099E-05 0.0395881 0.144745 9.99099E-05 0.00519887 9.99099E-05 0.589134 9.99099E-05
9.9892E-05 0.137465 9.9892E-05 9.9892E-05 9.9892E-05 9.9892E-05 9.9892E-05 9.9892E-05 9.9892E-05 9.9892E-05 9.9892E-05 9.9892E-05 9.9892E-05 0.0152791 0.813718 0.0323386
0.020931 9.99189E-05 0.112347 9.99189E-05 0.440762 9.99189E-05 0.0151047 9.99189E-05 9.99189E-05 0.0767257 0.302082 9.99189E-05 9.99189E-05 9.99189E-05 9.99189E-05 0.0311478
0.563427 9.99188E-05 9.99188E-05 0.0036995 0.130866 9.99188E-05 0.0532822 9.99188E-05 9.99188E-05 9.99188E-05 0.0324027 9.99188E-05 9.99188E-05 0.043238 0.172186 9.99188E-05
9.9919E-05 0.438166 9.9919E-05 0.0240564 9.9919E-05 9.9919E-05 0.0307196 0.0235146 0.142609 0.336688 9.9919E-05 9.9919E-05 9.9919E-05 9.9919E-05 0.00334682 9.9919E-05
0.0804517 0.831454 9.99188E-05 9.99188E-05 0.039552 0.00326945 9.99188E-05 9.99188E-05 9.99188E-05 9.99188E-05 9.99188E-05 0.00374194 0.0195583 9.99188E-05 9.99188E-05 0.0210731
0.312877 0.083524 9.99278E-05 0.162424 0.271101 9.99278E-05 0.0621354 0.0322087 9.99278E-05 0.0678844 9.99278E-05 9.99278E-05 9.99278E-05 0.00704572 9.99278E-05 9.99278E-05
0.0605287 0.641436 9.98918E-05 9.98918E-05 0.0308015 9.98918E-05 9.98918E-05 9.98918E-05 9.98918E-05 9.98918E-05 9.98918E-05 9.98918E-05 9.98918E-05 0.266035 9.98918E-05 9.98918E-05
9.98739E-05 0.938007 9.98739E-05 9.98739E-05 9.98739E-05 9.98739E-05 9.98739E-05 9.98739E-05 9.98739E-05 9.98739E-05 9.98739E-05 9.98739E-05 9.98739E-05 9.98739E-05 9.98739E-05 0.060595
9.99008E-05 0.457113 9.99008E-05 9.99008E-05 0.0681994 9.99008E-05 9.99008E-05 9.99008E-05 9.99008E-05 9.99008E-05 9.99008E-05 0.37725 0.0610094 9.99008E-05 9.99008E-05 0.0353298
0.0382637 0.740729 9.99189E-05 0.0568061 0.0069526 9.99189E-05 0.00239369 9.99189E-05 9.99189E-05 9.99189E-05 9.99189E-05 0.142509 9.99189E-05 9.99189E-05 0.011447 9.99189E-05
0.175321 0.186994 9.99189E-05 0.0512816 0.55586 9.99189E-05 0.0132103 0.00575868 9.99189E-05 9.99189E-05 9.99189E-05 9.99189E-05 0.0106753 9.99189E-05 9.99189E-05 9.99189E-05
9.9883E-05 9.9883E-05 9.9883E-05 9.9883E-05 0.469356 9.9883E-05 9.9883E-05 9.9883E-05 9.9883E-05 9.9883E-05 0.165673 9.9883E-05 9.9883E-05 9.9883E-05 0.363672 9.9883E-05
0.15499 9.99278E-05 9.99278E-05 0.0373647 0.00280667 0.00529659 0.0425128 0.0552323 9.99278E-05 0.640436 9.99278E-05 9.99278E-05 9.99278E-05 9.99278E-05 9.99278E-05 0.0605618
9.98919E-05 0.116795 9.98919E-05 0.114204 0.745475 9.98919E-05 9.98919E-05 9.98919E-05 9.98919E-05 9.98919E-05 9.98919E-05 9.98919E-05 9.98919E-05 9.98919E-05 9.98919E-05 0.0223279
0.206759 0.0523901 9.991E-05 0.268275 0.247525 9.991E-05 0.106985 0.117067 9.991E-05 9.991E-05 9.991E-05 9.991E-05 9.991E-05 9.991E-05 9.991E-05 9.991E-05
0.336559 0.235248 9.99188E-05 0.224531 0.0346514 9.99188E-05 0.120747 9.99188E-05 9.99188E-05 0.0337575 9.99188E-05 9.99188E-05 9.99188E-05 0.0136062 9.99188E-05 9.99188E-05
0.230287 9.99009E-05 9.99009E-05 0.144297 0.485803 9.99009E-05 9.99009E-05 9.99009E-05 9.99009E-05 9.99009E-05 0.0818281 9.99009E-05 9.99009E-05 9.99009E-05 0.0566856 9.99009E-05
0.1135 9.99099E-05 0.0331203 0.260451 0.303978 9.99099E-05 9.99099E-05 9.99099E-05 9.99099E-05 0.243071 9.99099E-05 9.99099E-05 9.99099E-05 9.99099E-05 0.0448806 9.99099E-05
0.0773608 0.0522311 0.063131 9.99279E-05 9.99279E-05 9.99279E-05 9.99279E-05 0.00626267 9.99279E-05 0.433403 0.241429 9.99279E-05 0.113762 0.0116209 9.99279E-05 9.99279E-05
0.240398 9.99188E-05 9.99188E-05 9.99188E-05 0.392389 0.0435416 0.0800874 9.99188E-05 9.99188E-05 0.128469 9.99188E-05 9.99188E-05 0.000906905 0.11331 9.99188E-05 9.99188E-05
0.065534 9.99098E-05 9.99098E-05 0.0744072 0.321535 9.99098E-05 9.99098E-05 0.00453523 9.99098E-05 0.374529 9.99098E-05 9.99098E-05 9.99098E-05 9.99098E-05 9.99098E-05 0.158461
0.0129912 0.102842 9.99092E-05 9.99092E-05 9.99092E-05 9.99092E-05 9.99092E-05 9.99092E-05 9.99092E-05 0.336066 9.99092E-05 0.023685 9.99092E-05 0.523317 9.99092E-05 9.99092E-05
0.240465 9.9937E-05 9.9937E-05 0.0778594 9.9937E-05 9.9937E-05 0.0114563 0.0451034 9.9937E-05 0.550458 9.9937E-05 0.0342522 9.9937E-05 0.0252695 0.0134671 0.000969826
0.0332091 9.9928E-05 0.00617965 0.0101473 0.792745 9.9928E-05 9.9928E-05 9.9928E-05 0.0723192 0.0318586 9.9928E-05 9.9928E-05 9.9928E-05 0.0303061 0.0224354 9.9928E-05
0.36293 9.99098E-05 9.99098E-05 0.205425 0.296232 9.99098E-05 0.0411902 9.99098E-05 9.99098E-05 0.0833583 9.99098E-05 0.00986523 9.99098E-05 9.99098E-05 9.99098E-05 9.99098E-05
0.0706593 9.99009E-05 9.99009E-05 9.99009E-05 0.573337 9.99009E-05 9.99009E-05 9.99009E-05 9.99009E-05 9.99009E-05 0.111846 9.99009E-05 9.99009E-05 0.00638412 0.236674 9.99009E-05
0.214983 0.368398 9.98919E-05 9.98919E-05 9.98919E-05 9.98919E-05 9.98919E-05 9.98919E-05 9.98919E-05 0.358653 9.98919E-05 9.98919E-05 9.98919E-05 0.0567676 9.98919E-05 9.98919E-05
0.469847 9.9928E-05 9.9928E-05 0.0259637 9.9928E-05 0.00981976 0.0839595 0.0194006 9.9928E-05 0.362799 9.9928E-05 9.9928E-05 0.00506805 0.0223422 9.9928E-05 9.9928E-05
0.0840974 9.99189E-05 0.0214819 0.0567026 0.634826 9.99189E-05 9.99189E-05 9.99189E-05 9.99189E-05 0.0294065 0.0923622 9.99189E-05 9.99189E-05 9.99189E-05 0.0802242 9.99189E-05
9.9928E-05 0.350102 9.9928E-05 9.9928E-05 9.9928E-05 0.0495539 9.9928E-05 9.9928E-05 0.00887434 0.191445 0.271113 0.0496987 9.9928E-05 0.0322372 9.9928E-05 0.0461763
9.99009E-05 0.0263262 9.99009E-05 0.00723944 9.99009E-05 9.99009E-05 9.99009E-05 9.99009E-05 9.99009E-05 0.0373943 0.422872 9.99009E-05 9.99009E-05 0.505069 9.99009E-05 9.99009E-05
0.327158 9.99279E-05 0.0774 0.0318932 0.126124 9.99279E-05 0.0540705 0.0564743 9.99279E-05 9.99279E-05 9.99279E-05 9.99279E-05 0.0243195 9.99279E-05 0.301762 9.99279E-05
0.0413283 9.99279E-05 0.0239491 0.0817154 9.99279E-05 9.99279E-05 9.99279E-05 0.0340148 9.99279E-05 9.99279E-05 0.566435 9.99279E-05 0.0179101 9.99279E-05 0.166162 0.0676851
9.991E-05 0.338706 9.991E-05 9.991E-05 0.0075676 9.991E-05 0.0904463 9.991E-05 9.991E-05 9.991E-05 0.178493 9.991E-05 0.0395764 0.344212 9.991E-05 9.991E-05
9.99009E-05 0.509965 9.99009E-05 9.99009E-05 9.99009E-05 0.00987411 0.0219129 9.99009E-05 9.99009E-05 9.99009E-05 0.393247 0.0639021 9.99009E-05 9.99009E-05 9.99009E-05 9.99009E-05
9.99189E-05 0.320088 9.99189E-05 9.99189E-05 9.99189E-05 0.0435312 9.99189E-05 0.0730072 9.99189E-05 0.128282 0.265373 0.095261 9.99189E-05 0.0735591 9.99189E-05 9.99189E-05
9.9883E-05 9.9883E-05 9.9883E-05 9.9883E-05 9.9883E-05 9.9883E-05 9.9883E-05 9.9883E-05 9.9883E-05 9.9883E-05 0.228575 9.9883E-05 0.0150169 9.9883E-05 0.755109 9.9883E-05
0.315279 9.99099E-05 0.0182087 0.108526 0.187605 9.99099E-05 0.0489196 9.99099E-05 9.99099E-05 9.99099E-05 0.320462 9.99099E-05 9.99099E-05 9.99099E-05 9.99099E-05 9.99099E-05
0.136348 9.99188E-05 9.99188E-05 0.0630575 9.99188E-05 0.0784878 9.99188E-05 9.99188E-05 9.99188E-05 0.0851155 0.166334 9.99188E-05 9.99188E-05 0.146309 9.99188E-05 0.323449
9.98918E-05 0.414538 9.98918E-05 0.0600518 9.98918E-05 9.98918E-05 9.98918E-05 9.98918E-05 9.98918E-05 9.98918E-05 0.319027 9.98918E-05 9.98918E-05 0.205185 9.98918E-05 9.98918E-05
0.112768 9.99099E-05 0.058711 0.0871495 9.99099E-05 9.99099E-05 9.99099E-05 9.99099E-05 9.99099E-05 9.99099E-05 0.168383 9.99099E-05 9.99099E-05 9.99099E-05 0.518364 0.053625
0.558672 0.0988062 0.00503037 0.0457441 0.0690306 9.99279E-05 0.036265 9.99279E-05 9.99279E-05 9.99279E-05 0.142842 9.99279E-05 0.042811 9.99279E-05 9.99279E-05 9.99279E-05
0.273725 0.121876 9.99188E-05 0.0420531 0.258362 9.99188E-05 0.061792 0.00410317 9.99188E-05 9.99188E-05 0.23719 9.99188E-05 9.99188E-05 9.99188E-05 9.99188E-05 9.99188E-05
0.208301 9.98917E-05 9.98917E-05 9.98917E-05 9.98917E-05 9.98917E-05 9.98917E-05 9.98917E-05 0.152871 9.98917E-05 0.327601 9.98917E-05 9.98917E-05 9.98917E-05 9.98917E-05 0.310029
0.413545 9.99099E-05 0.0267479 0.0645194 0.277249 9.99099E-05 9.99099E-05 9.99099E-05 9.99099E-05 0.0173931 9.99099E-05 9.99099E-05 9.99099E-05 9.99099E-05 9.99099E-05 0.199546
0.206105 0.0605639 9.99368E-05 0.00784849 0.042043 0.0553864 0.0132132 9.99368E-05 9.99368E-05 0.347975 9.99368E-05 9.99368E-05 9.99368E-05 0.198668 9.99368E-05 0.0674979
0.480031 0.0125456 9.99279E-05 9.99279E-05 9.99279E-05 0.0380828 9.99279E-05 0.0313911 9.99279E-05 0.132899 0.168063 9.99279E-05 9.99279E-05 0.114856 9.99279E-05 0.0213329
9.991E-05 0.406106 9.991E-05 9.991E-05 9.991E-05 0.00698343 9.991E-05 9.991E-05 9.991E-05 9.991E-05 0.267434 0.0984783 0.027358 0.192641 9.991E-05 9.991E-05
9.99188E-05 9.99188E-05 0.125372 9.99188E-05 0.370948 9.99188E-05 9.99188E-05 0.0189769 9.99188E-05 0.0727909 0.388776 9.99188E-05 0.00564173 9.99188E-05 9.99188E-05 0.0165951
9.99098E-05 0.226848 0.0117276 9.99098E-05 9.99098E-05 0.0273386 9.99098E-05 9.99098E-05 9.99098E-05 0.377222 0.250006 9.99098E-05 9.99098E-05 0.105859 9.99098E-05 9.99098E-05
0.00486831 0.0875521 9.99098E-05 0.0828763 9.99098E-05 9.99098E-05 9.99098E-05 9.99098E-05 9.99098E-05 0.23873 0.169804 0.41517 9.99098E-05 9.99098E-05 9.99098E-05 9.99098E-05
0.0435485 9.98919E-05 9.98919E-05 9.98919E-05 0.660791 9.98919E-05 9.98919E-05 9.98919E-05 9.98919E-05 9.98919E-05 0.218662 9.98919E-05 9.98919E-05 9.98919E-05 0.0757992 9.98919E-05
0.381648 0.0341217 9.99189E-05 0.0591644 0.193711 9.99189E-05 0.0820696 9.99189E-05 9.99189E-05 0.0569145 9.99189E-05 9.99189E-05 9.99189E-05 0.191471 9.99189E-05 9.99189E-05
0.211669 9.99099E-05 0.0602207 0.185155 0.358316 9.99099E-05 9.99099E-05 9.99099E-05 9.99099E-05 0.0532766 0.130363 9.99099E-05 9.99099E-05 9.99099E-05 9.99099E-05 9.99099E-05
9.991E-05 0.418527 9.991E-05 9.991E-05 9.991E-05 9.991E-05 0.0208999 0.0146617 0.145897 0.368739 0.0302768 9.991E-05 9.991E-05 9.991E-05 9.991E-05 9.991E-05
9.9928E-05 0.0874257 0.138781 0.115062 9.9928E-05 9.9928E-05 0.0548588 9.9928E-05 0.158058 0.139679 9.9928E-05 0.258493 0.0468438 9.9928E-05 9.9928E-05 9.9928E-05
0.0389085 0.103016 9.99189E-05 0.0958714 9.99189E-05 0.105185 9.99189E-05 9.99189E-05 9.99189E-05 0.591226 0.0232796 9.99189E-05 9.99189E-05 0.0416132 9.99189E-05 9.99189E-05
0.0179539 0.00238121 9.99009E-05 9.99009E-05 0.766187 9.99009E-05 9.99009E-05 9.99009E-05 9.99009E-05 9.99009E-05 0.211495 9.99009E-05 0.00088449 9.99009E-05 9.99009E-05 9.99009E-05
0.0955734 9.99099E-05 9.99099E-05 9.99099E-05 0.0230811 0.0335651 0.0533451 9.99099E-05 9.99099E-05 0.743995 9.99099E-05 0.0494408 9.99099E-05 9.99099E-05 9.99099E-05 9.99099E-05
9.99099E-05 9.99099E-05 9.99099E-05 0.0850261 9.99099E-05 0.00695729 9.99099E-05 9.99099E-05 0.03206 0.788907 0.0390835 9.99099E-05 0.0469669 9.99099E-05 9.99099E-05 9.99099E-05
9.9901E-05 0.197709 9.9901E-05 0.133048 9.9901E-05 9.9901E-05 9.9901E-05 9.9901E-05 0.0623285 0.446318 9.9901E-05 9.9901E-05 9.9901E-05 0.159497 9.9901E-05 9.9901E-05
9.98919E-05 9.98919E-05 9.98919E-05 9.98919E-05 0.772702 9.98919E-05 9.98919E-05 9.98919E-05 9.98919E-05 0.0891776 9.98919E-05 9.98919E-05 9.98919E-05 0.0028731 9.98919E-05 0.134049
0.284985 0.0272805 0.0286154 0.15268 0.169425 9.99369E-05 9.99369E-05 9.99369E-05 9.99369E-05 0.25165 0.0549184 9.99369E-05 0.000401183 0.029344 9.99369E-05 9.99369E-05
9.9946E-05 0.404445 9.9946E-05 0.0630381 0.0563754 9.9946E-05 0.0453662 9.9946E-05 0.0637279 9.9946E-05 0.00970394 0.000546287 0.00893287 0.341027 0.00623843 9.9946E-05
9.9919E-05 9.9919E-05 0.0556012 0.508245 0.127471 9.9919E-05 9.9919E-05 9.9919E-05 0.0389525 0.0526152 0.132003 9.9919E-05 9.9919E-05 9.9919E-05 0.0842129 9.9919E-05
