9.9973E-05 0.0295025 9.9973E-05 9.9973E-05 0.3643 0.126411 0.270734 0.0892871 0.119466
9.99549E-05 9.99549E-05 9.99549E-05 9.99549E-05 0.285519 0.0732506 0.319219 9.99549E-05 0.321511
0.024895 0.0494482 0.0237659 0.0452562 9.9973E-05 9.9973E-05 0.811636 0.0446985 9.9973E-05
9.9982E-05 0.11639 0.253345 9.9982E-05 0.175515 0.058545 0.0130052 0.0258033 0.357196
0.017922 0.0599462 0.185742 9.9973E-05 0.292366 0.193157 9.9973E-05 9.9973E-05 0.250567
0.0568829 0.383006 9.99729E-05 9.99729E-05 0.0681225 0.0881734 0.363528 9.99729E-05 0.0399875
9.99639E-05 9.99639E-05 0.012677 0.12646 9.99639E-05 9.99639E-05 0.821143 0.00592814 0.033392
0.0544493 0.226912 9.9955E-05 9.9955E-05 0.191467 9.9955E-05 0.526671 9.9955E-05 9.9955E-05
0.0259842 0.137525 0.142141 9.9982E-05 0.220962 9.9982E-05 0.187576 0.00225563 0.283356
9.99549E-05 0.361691 9.99549E-05 0.358288 9.99549E-05 9.99549E-05 0.215324 0.0641973 9.99549E-05
9.9982E-05 0.103155 0.0130359 9.9982E-05 0.132683 0.0560061 0.0794709 0.0221301 0.593319
9.99549E-05 0.230532 0.119378 9.99549E-05 0.337424 9.99549E-05 9.99549E-05 9.99549E-05 0.312166
0.069277 9.9982E-05 0.261244 0.0279062 9.9982E-05 0.241818 0.220914 0.00117751 0.177464
9.9946E-05 0.265194 9.9946E-05 9.9946E-05 9.9946E-05 9.9946E-05 0.72487 0.00933665 9.9946E-05
9.99459E-05 0.053629 9.99459E-05 9.99459E-05 0.318486 9.99459E-05 9.99459E-05 9.99459E-05 0.627285
0.043549 0.0592116 9.9982E-05 0.371304 9.9982E-05 0.000179475 0.481357 0.0378434 0.00635503
9.9964E-05 0.0302723 0.0464603 0.0411888 9.9964E-05 9.9964E-05 0.805975 9.9964E-05 0.0757035
9.99459E-05 9.99459E-05 9.99459E-05 9.99459E-05 9.99459E-05 0.0347346 0.840641 9.99459E-05 0.124024
9.9973E-05 0.0477874 0.275592 9.9973E-05 0.286326 0.0150568 0.289139 9.9973E-05 0.0857994
9.9946E-05 9.9946E-05 9.9946E-05 9.9946E-05 9.9946E-05 0.0357089 9.9946E-05 0.816987 0.146705
9.99369E-05 9.99369E-05 0.188875 9.99369E-05 9.99369E-05 9.99369E-05 9.99369E-05 0.810426 9.99369E-05
9.99459E-05 0.0335976 9.99459E-05 9.99459E-05 9.99459E-05 0.0787776 9.99459E-05 0.887025 9.99459E-05
9.99369E-05 9.99369E-05 0.377763 9.99369E-05 9.99369E-05 9.99369E-05 9.99369E-05 0.621537 9.99369E-05
9.99549E-05 9.99549E-05 0.0990558 9.99549E-05 0.03662 9.99549E-05 9.99549E-05 0.747155 0.11667
0.192212 0.0303016 9.99639E-05 0.0108617 9.99639E-05 9.99639E-05 0.290582 0.475644 9.99639E-05
0.109668 0.0368794 9.99639E-05 9.99639E-05 0.266524 9.99639E-05 9.99639E-05 0.425452 0.161077
0.197078 9.99459E-05 9.99459E-05 0.560315 9.99459E-05 9.99459E-05 9.99459E-05 0.242008 9.99459E-05
0.0883288 9.9973E-05 0.101571 9.9973E-05 0.237068 0.125965 9.9973E-05 0.371309 0.0754586
9.99549E-05 0.0208302 9.99549E-05 0.0113033 9.99549E-05 0.0955915 9.99549E-05 0.871775 9.99549E-05
9.99369E-05 9.99369E-05 0.161552 9.99369E-05 9.99369E-05 9.99369E-05 9.99369E-05 0.837749 9.99369E-05
9.99551E-05 9.99551E-05 0.143233 0.198771 9.99551E-05 9.99551E-05 0.0682262 0.58927 9.99551E-05
0.440891 0.0592016 9.99729E-05 0.0374667 9.99729E-05 0.137148 0.064002 0.260991 9.99729E-05
9.99459E-05 9.99459E-05 9.99459E-05 0.350072 9.99459E-05 9.99459E-05 0.027845 0.621483 9.99459E-05
0.00212843 9.99459E-05 9.99459E-05 9.99459E-05 9.99459E-05 9.99459E-05 0.283972 0.7133 9.99459E-05
9.99549E-05 0.00714217 0.148368 9.99549E-05 9.99549E-05 9.99549E-05 9.99549E-05 0.835845 0.00814552
9.99549E-05 9.99549E-05 0.0527374 9.99549E-05 0.00136619 9.99549E-05 9.99549E-05 0.762876 0.182521
9.9946E-05 9.9946E-05 9.9946E-05 0.0445146 9.9946E-05 9.9946E-05 9.9946E-05 0.725688 0.229198
9.99459E-05 9.99459E-05 0.303969 9.99459E-05 0.0444834 9.99459E-05 9.99459E-05 0.650948 9.99459E-05
0.829162 0.00084734 0.0270931 9.99729E-05 0.0398964 0.0513671 9.99729E-05 9.99729E-05 0.0513339
0.656845 9.9946E-05 9.9946E-05 0.262189 9.9946E-05 0.0803671 9.9946E-05 9.9946E-05 9.9946E-05
0.42971 9.99459E-05 9.99459E-05 0.477918 9.99459E-05 9.99459E-05 9.99459E-05 0.0917724 9.99459E-05
0.509238 9.9964E-05 0.367994 0.0765858 9.9964E-05 0.0386406 9.9964E-05 0.00714157 9.9964E-05
0.56102 0.0209004 9.99639E-05 9.99639E-05 9.99639E-05 0.0603252 0.0667849 0.290569 9.99639E-05
0.561942 0.0364863 9.9964E-05 0.129893 9.9964E-05 9.9964E-05 0.162293 0.108985 9.9964E-05
0.219298 9.9955E-05 0.102961 9.9955E-05 0.563956 9.9955E-05 9.9955E-05 0.113286 9.9955E-05
0.552222 9.99459E-05 9.99459E-05 9.99459E-05 0.233613 9.99459E-05 9.99459E-05 9.99459E-05 0.213565
0.400754 9.99549E-05 9.99549E-05 0.270922 9.99549E-05 9.99549E-05 0.15219 0.175634 9.99549E-05
0.81101 0.0466001 9.99549E-05 9.99549E-05 9.99549E-05 0.0438995 9.99549E-05 9.99549E-05 0.0979906
0.336656 9.9946E-05 9.9946E-05 0.650959 9.9946E-05 0.0117853 9.9946E-05 9.9946E-05 9.9946E-05
0.674916 9.9955E-05 0.0581774 9.9955E-05 0.189561 9.9955E-05 9.9955E-05 9.9955E-05 0.0768451
0.677268 9.9946E-05 9.9946E-05 0.261925 9.9946E-05 0.0602071 9.9946E-05 9.9946E-05 9.9946E-05
0.531085 0.00927662 0.285601 9.9973E-05 9.9973E-05 0.107581 9.9973E-05 0.0636275 0.00252815
0.412771 0.000661547 9.99639E-05 9.99639E-05 0.0790309 9.99639E-05 9.99639E-05 0.152022 0.355115
0.509297 9.9955E-05 9.9955E-05 9.9955E-05 0.0613324 9.9955E-05 9.9955E-05 0.0225458 0.406325
0.343154 9.9964E-05 0.350241 0.0257655 0.221668 9.9964E-05 9.9964E-05 0.0587716 9.9964E-05
0.000551577 9.9955E-05 0.393583 9.9955E-05 0.150809 9.9955E-05 9.9955E-05 0.454557 9.9955E-05
0.778421 9.99549E-05 9.99549E-05 0.0853241 9.99549E-05 0.0825181 0.0532375 9.99549E-05 9.99549E-05
0.613414 9.9973E-05 0.123727 0.0984832 9.9973E-05 0.0570214 9.9973E-05 0.0903699 0.0166845
0.690275 9.99459E-05 9.99459E-05 0.23834 9.99459E-05 0.0707848 9.99459E-05 9.99459E-05 9.99459E-05
0.715364 9.99549E-05 0.0859886 9.99549E-05 0.0985322 9.99549E-05 9.99549E-05 9.99549E-05 0.0996159
0.672535 9.99549E-05 9.99549E-05 9.99549E-05 0.102117 9.99549E-05 9.99549E-05 0.0506051 0.174243
0.655997 9.99459E-05 9.99459E-05 9.99459E-05 0.146936 9.99459E-05 9.99459E-05 9.99459E-05 0.196467
0.517635 9.9964E-05 9.9964E-05 0.101953 9.9964E-05 0.134354 0.163585 0.0820736 9.9964E-05
0.504414 9.99549E-05 0.461922 9.99549E-05 0.0115032 9.99549E-05 9.99549E-05 0.0216617 9.99549E-05
0.471944 9.9955E-05 9.9955E-05 0.150946 9.9955E-05 9.9955E-05 0.373993 0.00261806 9.9955E-05
0.343238 0.0510854 9.99639E-05 9.99639E-05 0.132242 9.99639E-05 9.99639E-05 0.184434 0.2886
0.575675 9.99549E-05 0.143024 9.99549E-05 0.274636 9.99549E-05 9.99549E-05 9.99549E-05 0.00616552
0.556686 9.9955E-05 0.0406313 9.9955E-05 0.175236 9.9955E-05 9.9955E-05 9.9955E-05 0.226947
0.377483 0.0285956 9.99639E-05 9.99639E-05 0.279916 9.99639E-05 0.108566 0.20504 9.99639E-05
0.321695 0.140973 9.99729E-05 9.99729E-05 0.0646315 0.0700792 0.046864 0.355457 9.99729E-05
0.278631 0.0109952 9.99639E-05 0.390746 9.99639E-05 0.0607959 9.99639E-05 0.258432 9.99639E-05
0.538099 9.99459E-05 9.99459E-05 0.32903 9.99459E-05 9.99459E-05 0.132271 9.99459E-05 9.99459E-05
9.99459E-05 9.99459E-05 0.172376 9.99459E-05 0.180691 9.99459E-05 9.99459E-05 0.646334 9.99459E-05
0.657989 9.99458E-05 9.99458E-05 0.179241 9.99458E-05 9.99458E-05 0.162171 9.99458E-05 9.99458E-05
0.588424 0.00621975 9.99639E-05 9.99639E-05 0.236173 9.99639E-05 9.99639E-05 0.0493336 0.11945
0.241508 0.00873179 0.0716404 9.9973E-05 0.221182 9.9973E-05 9.9973E-05 0.263217 0.193421
9.99458E-05 9.99458E-05 9.99458E-05 0.15597 9.99458E-05 9.99458E-05 0.0926882 0.750743 9.99458E-05
0.221155 9.9955E-05 9.9955E-05 0.543416 9.9955E-05 9.9955E-05 0.0227888 0.21214 9.9955E-05
0.0181059 9.99549E-05 9.99549E-05 0.0396963 9.99549E-05 9.99549E-05 0.185116 0.756582 9.99549E-05
0.288201 0.114819 9.99639E-05 9.99639E-05 0.0257891 0.178411 9.99639E-05 0.392379 9.99639E-05
0.251636 9.9955E-05 9.9955E-05 0.512884 9.9955E-05 0.0673451 9.9955E-05 0.167635 9.9955E-05
0.447389 9.99459E-05 0.347929 9.99459E-05 9.99459E-05 9.99459E-05 9.99459E-05 0.204082 9.99459E-05
0.733295 9.99639E-05 0.23047 0.0100153 9.99639E-05 0.0143349 9.99639E-05 9.99639E-05 0.0114849
0.488279 9.9964E-05 0.286765 0.0589884 9.9964E-05 9.9964E-05 9.9964E-05 0.109126 0.0564421
0.654941 9.99459E-05 9.99459E-05 0.261935 9.99459E-05 9.99459E-05 0.0825246 9.99459E-05 9.99459E-05
0.604401 9.9973E-05 0.021663 9.9973E-05 0.0243576 0.121798 9.9973E-05 0.116372 0.111109
0.556513 9.99459E-05 0.187728 9.99459E-05 0.25516 9.99459E-05 9.99459E-05 9.99459E-05 9.99459E-05
0.176598 0.042393 9.99639E-05 9.99639E-05 0.0202715 9.99639E-05 0.3578 0.402538 9.99639E-05
0.514649 9.9955E-05 9.9955E-05 0.153198 9.9955E-05 9.9955E-05 0.323266 0.00838759 9.9955E-05
0.132576 9.99549E-05 9.99549E-05 9.99549E-05 0.459986 9.99549E-05 0.0157117 0.391227 9.99549E-05
0.581017 9.99459E-05 9.99459E-05 9.99459E-05 9.99459E-05 9.99459E-05 0.409492 0.00889116 9.99459E-05
0.471386 9.9955E-05 9.9955E-05 9.9955E-05 0.0377239 9.9955E-05 0.42438 0.0660106 9.9955E-05
0.229121 9.99459E-05 9.99459E-05 9.99459E-05 0.635872 9.99459E-05 9.99459E-05 0.134407 9.99459E-05
0.61247 9.99459E-05 9.99459E-05 9.99459E-05 0.107749 9.99459E-05 0.279181 9.99459E-05 9.99459E-05
0.420142 0.0358697 9.99639E-05 9.99639E-05 0.185956 9.99639E-05 0.21773 0.139903 9.99639E-05
0.0241917 9.99459E-05 9.99459E-05 0.384097 9.99459E-05 0.591112 9.99459E-05 9.99459E-05 9.99459E-05
0.0809311 9.9964E-05 9.9964E-05 0.206373 9.9964E-05 0.631579 0.0500272 0.03069 9.9964E-05
0.00520782 9.9955E-05 0.195832 0.0229941 9.9955E-05 0.775467 9.9955E-05 9.9955E-05 9.9955E-05
9.9946E-05 9.9946E-05 9.9946E-05 9.9946E-05 0.490905 0.457059 0.0514366 9.9946E-05 9.9946E-05
9.99639E-05 0.0360546 9.99639E-05 0.361232 9.99639E-05 0.589128 0.0111102 0.0020747 9.99639E-05
9.99729E-05 0.0424991 0.0249977 9.99729E-05 0.239375 0.236246 0.306853 9.99729E-05 0.149729
9.99459E-05 9.99459E-05 9.99459E-05 0.0809148 9.99459E-05 0.374288 0.544197 9.99459E-05 9.99459E-05
9.99369E-05 9.99369E-05 9.99369E-05 0.264305 9.99369E-05 0.734996 9.99369E-05 9.99369E-05 9.99369E-05
9.99549E-05 0.102527 9.99549E-05 9.99549E-05 9.99549E-05 0.703031 0.137643 0.0562997 9.99549E-05
9.9964E-05 9.9964E-05 0.0507879 9.9964E-05 0.126451 0.56313 9.9964E-05 0.0521227 0.207108
9.9946E-05 0.068228 9.9946E-05 0.655333 9.9946E-05 0.27584 9.9946E-05 9.9946E-05 9.9946E-05
9.9973E-05 0.000939642 9.9973E-05 0.0227984 0.00801763 0.44299 9.9973E-05 0.0388335 0.486121
9.99459E-05 9.99459E-05 9.99459E-05 0.127535 9.99459E-05 0.732179 0.139687 9.99459E-05 9.99459E-05
0.0551804 0.0159019 9.99729E-05 9.99729E-05 0.0081556 0.5585 0.149319 9.99729E-05 0.212644
9.99639E-05 0.139756 9.99639E-05 0.0749694 0.0301818 0.705854 9.99639E-05 0.0488396 9.99639E-05
9.9982E-05 0.0472562 9.9982E-05 0.057609 0.00550072 0.273809 0.545038 0.0429125 0.027674
0.0223334 9.99639E-05 0.109567 9.99639E-05 0.272396 0.397024 9.99639E-05 9.99639E-05 0.198279
9.99549E-05 9.99549E-05 0.551316 9.99549E-05 0.0634363 0.358703 0.0260449 9.99549E-05 9.99549E-05
0.100066 0.115563 9.9973E-05 0.0587037 9.9973E-05 0.62911 0.0113623 0.0848954 9.9973E-05
9.99459E-05 9.99459E-05 9.99459E-05 0.0716695 9.99459E-05 0.606794 0.320937 9.99459E-05 9.99459E-05
9.9964E-05 0.0783754 9.9964E-05 9.9964E-05 0.00903844 0.750464 9.9964E-05 0.0671549 0.0945675
9.99369E-05 9.99369E-05 0.342118 9.99369E-05 9.99369E-05 0.657183 9.99369E-05 9.99369E-05 9.99369E-05
9.9982E-05 0.113084 0.0569083 9.9982E-05 0.293779 0.116073 0.08485 0.0127599 0.322346
9.99549E-05 0.653326 9.99549E-05 0.102525 0.031088 9.99549E-05 0.212561 9.99549E-05 9.99549E-05
0.0200994 0.0227146 0.583934 0.00559037 0.0958504 0.0189604 0.185929 9.9991E-05 0.066822
9.99729E-05 0.184443 9.99729E-05 0.0702348 9.99729E-05 0.122508 0.534888 0.0220239 0.065603
9.99368E-05 0.443863 9.99368E-05 0.555437 9.99368E-05 9.99368E-05 9.99368E-05 9.99368E-05 9.99368E-05
9.99639E-05 0.0452342 0.209955 9.99639E-05 0.0512488 9.99639E-05 0.047389 9.99639E-05 0.645773
9.9964E-05 0.673741 0.00829644 0.053997 9.9964E-05 9.9964E-05 9.9964E-05 0.02015 0.243416
0.115348 0.0862197 0.0526055 9.9982E-05 0.0396853 0.108784 0.442657 9.9982E-05 0.1545
9.99369E-05 0.686917 0.312383 9.99369E-05 9.99369E-05 9.99369E-05 9.99369E-05 9.99369E-05 9.99369E-05
9.9955E-05 0.203491 0.0279209 0.349778 9.9955E-05 9.9955E-05 0.418311 9.9955E-05 9.9955E-05
0.0365174 0.191521 0.0985093 9.99729E-05 0.0725796 0.0486202 9.99729E-05 9.99729E-05 0.551952
9.99459E-05 0.521684 0.429208 9.99459E-05 0.0485082 9.99459E-05 9.99459E-05 9.99459E-05 9.99459E-05
9.99369E-05 0.359839 9.99369E-05 0.639462 9.99369E-05 9.99369E-05 9.99369E-05 9.99369E-05 9.99369E-05
9.99639E-05 9.99639E-05 0.113871 9.99639E-05 0.286202 0.0153539 0.0132202 9.99639E-05 0.570954
9.99549E-05 0.51823 0.308354 9.99549E-05 0.0962043 9.99549E-05 9.99549E-05 9.99549E-05 0.0767117
9.99459E-05 9.99459E-05 0.369115 9.99459E-05 9.99459E-05 9.99459E-05 0.234923 9.99459E-05 0.395362
9.99369E-05 0.403942 9.99369E-05 0.595359 9.99369E-05 9.99369E-05 9.99369E-05 9.99369E-05 9.99369E-05
9.99639E-05 0.297802 0.42286 9.99639E-05 0.0463403 9.99639E-05 0.00757026 9.99639E-05 0.225028
0.00752648 9.9964E-05 9.9964E-05 9.9964E-05 0.236728 0.132667 0.0131195 9.9964E-05 0.60956
9.99639E-05 0.222208 9.99639E-05 9.99639E-05 0.078495 9.99639E-05 0.595241 0.0095557 0.0941005
9.99731E-05 9.99731E-05 0.372248 0.139416 0.186644 0.133794 0.129863 0.0377361 9.99731E-05
9.9991E-05 0.132445 0.451394 0.00055092 0.00766707 0.0398636 0.193873 0.0417694 0.132336
9.99458E-05 0.459257 9.99458E-05 0.432904 9.99458E-05 9.99458E-05 0.10724 9.99458E-05 9.99458E-05
0.0524383 0.156597 9.9964E-05 9.9964E-05 9.9964E-05 9.9964E-05 0.281811 0.071551 0.437203
9.99548E-05 0.72622 9.99548E-05 9.99548E-05 0.133846 0.0485594 0.0908752 9.99548E-05 9.99548E-05
0.038963 0.211048 9.9973E-05 0.2119 9.9973E-05 0.265021 0.229881 0.0428874 9.9973E-05
0.0740768 0.190454 0.234817 9.9991E-05 0.00029611 0.0932871 0.0677133 0.0202553 0.319
0.0858067 0.339555 9.9964E-05 9.9964E-05 9.9964E-05 0.442862 9.9964E-05 0.00381411 0.127563
9.9973E-05 9.9973E-05 0.0492487 0.831238 0.0335643 9.9973E-05 0.0102363 0.0535906 0.0218218
0.0152041 0.359095 9.99729E-05 0.0475006 9.99729E-05 0.177008 0.350413 0.0504793 9.99729E-05
0.0232527 0.134098 9.9982E-05 0.194147 9.9982E-05 0.121686 0.444956 0.0343446 0.0473154
9.9964E-05 0.171391 0.0320671 0.200675 9.9964E-05 9.9964E-05 9.9964E-05 0.0806248 0.514842
9.99549E-05 0.0556071 9.99549E-05 0.502918 9.99549E-05 9.99549E-05 0.412248 9.99549E-05 0.0287273
9.99459E-05 9.99459E-05 0.377626 9.99459E-05 9.99459E-05 9.99459E-05 0.144441 9.99459E-05 0.477333
9.99639E-05 0.157141 9.99639E-05 0.380362 9.99639E-05 0.0678008 0.335108 9.99639E-05 0.0591882
9.9955E-05 0.346015 0.436873 0.149186 9.9955E-05 0.0674267 9.9955E-05 9.9955E-05 9.9955E-05
9.99639E-05 0.149479 0.517678 0.0146155 9.99639E-05 0.138489 9.99639E-05 9.99639E-05 0.179338
0.110377 0.354287 9.9964E-05 9.9964E-05 9.9964E-05 0.329036 9.9964E-05 0.0121134 0.193787
0.044998 0.122294 0.0293816 9.9982E-05 0.0125315 0.244728 0.396112 9.9982E-05 0.149755
0.0104076 0.351072 9.9982E-05 0.0380847 9.9982E-05 0.376434 0.0554662 0.0652097 0.103126
9.99729E-05 0.060294 0.445246 0.0652275 9.99729E-05 0.242753 0.0766443 9.99729E-05 0.109536
9.9964E-05 9.9964E-05 9.9964E-05 0.701642 0.0153807 0.128624 0.109895 9.9964E-05 0.044058
9.99459E-05 0.285668 9.99459E-05 0.689112 9.99459E-05 0.0246199 9.99459E-05 9.99459E-05 9.99459E-05
0.0439069 0.242299 9.9955E-05 0.0633773 9.9955E-05 9.9955E-05 0.649917 9.9955E-05 9.9955E-05
0.0407757 0.229463 9.9973E-05 0.574092 9.9973E-05 0.0195505 0.114728 0.0210907 9.9973E-05
9.9946E-05 9.9946E-05 9.9946E-05 0.79986 9.9946E-05 0.0556051 9.9946E-05 9.9946E-05 0.143936
0.107974 0.314658 9.9964E-05 0.0810088 9.9964E-05 9.9964E-05 0.478082 0.0178776 9.9964E-05
9.99549E-05 0.153087 9.99549E-05 0.136224 9.99549E-05 9.99549E-05 0.600114 9.99549E-05 0.110075
9.9955E-05 0.00395618 9.9955E-05 0.0604811 0.794074 9.9955E-05 9.9955E-05 9.9955E-05 0.140989
9.99549E-05 9.99549E-05 0.151938 9.99549E-05 0.431613 9.99549E-05 0.122026 9.99549E-05 0.293924
9.99639E-05 0.0204649 9.99639E-05 9.99639E-05 0.171382 9.99639E-05 0.716881 0.0329585 0.0579138
9.99549E-05 9.99549E-05 0.0354715 9.99549E-05 0.254325 9.99549E-05 0.106555 9.99549E-05 0.603149
9.99639E-05 9.99639E-05 0.0509337 0.0228994 0.634437 0.0105324 9.99639E-05 9.99639E-05 0.280798
9.99549E-05 9.99549E-05 0.51699 9.99549E-05 0.294422 9.99549E-05 0.134505 0.0535826 9.99549E-05
9.99549E-05 9.99549E-05 0.277067 9.99549E-05 0.413855 9.99549E-05 0.100701 9.99549E-05 0.207877
9.9955E-05 9.9955E-05 9.9955E-05 0.136765 0.158689 9.9955E-05 0.677389 0.026658 9.9955E-05
9.9946E-05 0.126292 9.9946E-05 0.573409 9.9946E-05 9.9946E-05 0.299699 9.9946E-05 9.9946E-05
0.025147 0.0279595 9.99729E-05 9.99729E-05 0.45659 0.0866855 0.271046 9.99729E-05 0.132271
9.9955E-05 9.9955E-05 9.9955E-05 0.152557 0.117174 0.00309993 0.726668 9.9955E-05 9.9955E-05
0.051562 0.0200834 9.9964E-05 9.9964E-05 0.131872 9.9964E-05 0.704903 0.0911799 9.9964E-05
9.99549E-05 9.99549E-05 9.99549E-05 9.99549E-05 0.29744 0.0197444 0.514286 9.99549E-05 0.16803
9.9946E-05 0.0768755 9.9946E-05 0.152949 9.9946E-05 9.9946E-05 0.769575 9.9946E-05 9.9946E-05
9.9955E-05 9.9955E-05 9.9955E-05 0.126217 0.239137 0.0429527 0.591194 9.9955E-05 9.9955E-05
0.0472827 0.264278 9.9973E-05 9.9973E-05 0.18898 9.9973E-05 0.150545 0.0948096 0.253806
0.0522934 9.9973E-05 9.9973E-05 0.0504568 0.114735 9.9973E-05 0.616321 0.0382766 0.127617
9.99459E-05 9.99459E-05 9.99459E-05 9.99459E-05 0.32484 0.144684 0.529876 9.99459E-05 9.99459E-05
9.9955E-05 9.9955E-05 0.00725436 9.9955E-05 0.219254 9.9955E-05 0.0555469 9.9955E-05 0.717445
9.9973E-05 0.00148305 0.00238257 9.9973E-05 0.407422 0.0852798 0.270101 9.9973E-05 0.233031
0.0166043 9.9973E-05 0.0192047 0.314468 0.0418508 9.9973E-05 0.604346 9.9973E-05 0.00322666
0.0300648 9.9964E-05 0.0452343 9.9964E-05 9.9964E-05 0.0517518 0.844283 9.9964E-05 0.0282665
9.9946E-05 0.0855826 9.9946E-05 0.430369 9.9946E-05 9.9946E-05 0.483449 9.9946E-05 9.9946E-05
9.99549E-05 9.99549E-05 0.0294234 9.99549E-05 0.406815 9.99549E-05 0.0744119 9.99549E-05 0.48885
0.0141747 0.101849 9.9973E-05 9.9973E-05 0.313957 9.9973E-05 0.392039 0.00659313 0.171087
0.00650046 0.0728165 9.99549E-05 0.265331 9.99549E-05 9.99549E-05 0.654853 9.99549E-05 9.99549E-05
0.0145849 0.238751 0.102093 9.9973E-05 0.365201 0.019997 9.9973E-05 9.9973E-05 0.259073
9.9955E-05 0.406661 9.9955E-05 9.9955E-05 0.00634146 9.9955E-05 9.9955E-05 0.0439662 0.542531
0.0642262 0.0904784 9.9973E-05 0.290805 9.9973E-05 0.0469148 0.428224 0.079051 9.9973E-05
0.00422262 0.653758 9.99729E-05 0.152722 9.99729E-05 0.112997 0.0372829 0.0387174 9.99729E-05
9.9964E-05 0.144933 9.9964E-05 0.0273532 0.275646 9.9964E-05 9.9964E-05 0.10157 0.450098
9.99549E-05 0.363429 0.182754 9.99549E-05 0.34253 9.99549E-05 9.99549E-05 9.99549E-05 0.110787
0.0169444 0.25779 0.124534 9.9964E-05 0.34268 9.9964E-05 9.9964E-05 9.9964E-05 0.257651
9.9937E-05 0.274943 9.9937E-05 0.724357 9.9937E-05 9.9937E-05 9.9937E-05 9.9937E-05 9.9937E-05
0.0144874 0.43695 9.9955E-05 9.9955E-05 9.9955E-05 9.9955E-05 0.536558 0.0115049 9.9955E-05
0.0505767 0.243295 9.99729E-05 9.99729E-05 0.051367 0.383706 0.0182128 9.99729E-05 0.252542
9.99459E-05 0.297275 9.99459E-05 9.99459E-05 0.175483 9.99459E-05 9.99459E-05 9.99459E-05 0.526642
9.99549E-05 0.237303 9.99549E-05 0.515534 9.99549E-05 0.125512 0.121152 9.99549E-05 9.99549E-05
9.9964E-05 0.284454 9.9964E-05 9.9964E-05 0.110875 9.9964E-05 0.53605 0.0487227 0.0194986
0.0123175 0.317177 9.9973E-05 9.9973E-05 0.0733497 9.9973E-05 0.578705 0.013097 0.00505416
9.99549E-05 0.430212 9.99549E-05 9.99549E-05 9.99549E-05 0.378512 9.99549E-05 0.0171007 0.173676
0.0162819 0.0227253 9.9964E-05 9.9964E-05 9.9964E-05 0.22599 0.690562 9.9964E-05 0.0440406
0.0383265 0.000218168 9.99729E-05 9.99729E-05 0.228782 0.0773736 0.237926 9.99729E-05 0.417074
0.00210188 0.325902 9.99729E-05 9.99729E-05 0.0639167 0.114526 0.141218 9.99729E-05 0.352036
9.9964E-05 0.249082 0.200993 9.9964E-05 0.133584 9.9964E-05 9.9964E-05 0.0239185 0.392022
0.123469 0.372555 9.99639E-05 0.118742 9.99639E-05 9.99639E-05 0.351948 0.0328858 9.99639E-05
0.0112404 0.257131 9.99549E-05 9.99549E-05 0.35789 9.99549E-05 9.99549E-05 9.99549E-05 0.37324
9.99639E-05 0.160204 0.421984 9.99639E-05 0.19658 9.99639E-05 0.101062 9.99639E-05 0.11977
9.99459E-05 0.196788 9.99459E-05 0.327697 9.99459E-05 9.99459E-05 0.474915 9.99459E-05 9.99459E-05
9.99639E-05 0.0435714 9.99639E-05 0.0174252 0.104704 9.99639E-05 0.568491 9.99639E-05 0.265409
0.0647352 0.187269 9.9955E-05 9.9955E-05 0.0204875 9.9955E-05 0.727009 9.9955E-05 9.9955E-05
9.9955E-05 0.0177437 9.9955E-05 0.0458139 0.716139 9.9955E-05 9.9955E-05 9.9955E-05 0.219804
0.157239 9.9991E-05 0.312312 0.0849493 0.304891 0.0104644 0.0657648 0.0540145 0.0102649
0.0589455 0.0391142 0.00324538 9.9973E-05 0.487662 9.9973E-05 0.112997 9.9973E-05 0.297736
9.9955E-05 0.167513 9.9955E-05 0.268612 9.9955E-05 9.9955E-05 0.556253 0.00712175 9.9955E-05
0.00511425 0.0242742 0.0559609 9.9982E-05 0.56139 0.0037496 0.212946 9.9982E-05 0.136365
9.9964E-05 0.069143 9.9964E-05 9.9964E-05 0.656485 0.0787665 0.0395671 9.9964E-05 0.155638
9.9964E-05 9.9964E-05 0.00539394 0.0419769 0.544783 0.0572456 9.9964E-05 9.9964E-05 0.3502
9.9946E-05 9.9946E-05 9.9946E-05 0.238428 9.9946E-05 0.0651993 0.695773 9.9946E-05 9.9946E-05
9.99729E-05 0.117459 9.99729E-05 9.99729E-05 0.165807 0.0141601 0.541085 0.00837778 0.152811
9.9973E-05 9.9973E-05 0.0725828 0.06471 0.281548 9.9973E-05 0.0598136 0.0429003 0.478145
0.0384425 0.174159 0.00337494 0.208288 0.195991 9.9973E-05 0.379445 9.9973E-05 9.9973E-05
9.9964E-05 9.9964E-05 0.0259099 0.0372497 0.70454 0.0196306 9.9964E-05 9.9964E-05 0.21227
9.9964E-05 9.9964E-05 0.457918 0.146026 9.9964E-05 0.061219 0.273523 9.9964E-05 0.0609137
0.00420403 0.122534 9.9973E-05 9.9973E-05 0.475335 0.0621647 0.335036 0.000426326 9.9973E-05
9.9955E-05 0.0361686 9.9955E-05 0.413198 0.0265797 9.9955E-05 0.523554 9.9955E-05 9.9955E-05
9.9973E-05 0.19245 9.9973E-05 9.9973E-05 0.271924 0.0103812 0.43838 0.0154932 0.0710715
0.00438652 0.212407 9.99819E-05 0.137529 9.99819E-05 0.264562 0.251262 0.0357112 0.0939425
9.9964E-05 0.0769209 9.9964E-05 0.596762 9.9964E-05 0.145112 0.147313 9.9964E-05 0.0334932
0.0438302 0.154125 9.99729E-05 9.99729E-05 0.0306285 0.111959 0.570572 9.99729E-05 0.0885851
9.99459E-05 0.0633419 9.99459E-05 9.99459E-05 9.99459E-05 0.443613 0.492445 9.99459E-05 9.99459E-05
9.99549E-05 0.234469 9.99549E-05 9.99549E-05 9.99549E-05 0.029143 0.520374 9.99549E-05 0.215514
9.99729E-05 0.125968 0.299335 9.99729E-05 0.0107138 0.0260636 0.116084 9.99729E-05 0.421535
9.99639E-05 0.347403 9.99639E-05 0.584081 9.99639E-05 0.0532865 0.010165 0.0046646 9.99639E-05
9.9964E-05 0.306358 0.573148 0.0247223 0.0640174 9.9964E-05 9.9964E-05 0.031354 9.9964E-05
9.99639E-05 9.99639E-05 0.0287934 9.99639E-05 0.378452 0.360967 0.0786975 9.99639E-05 0.152691
9.9964E-05 9.9964E-05 0.012966 0.132653 9.9964E-05 0.108014 9.9964E-05 0.0331507 0.712816
9.99549E-05 9.99549E-05 9.99549E-05 0.559395 9.99549E-05 0.23244 0.120446 9.99549E-05 0.0872191
9.99549E-05 0.0131237 9.99549E-05 0.607123 9.99549E-05 0.107781 0.271472 9.99549E-05 9.99549E-05
9.9973E-05 0.18392 0.371718 9.9973E-05 0.00419305 9.9973E-05 0.0766686 0.0077486 0.355451
0.0727796 0.0428143 9.9973E-05 9.9973E-05 9.9973E-05 0.0489597 0.643677 0.00926639 0.182203
0.0226499 0.159622 9.99729E-05 9.99729E-05 9.99729E-05 0.335365 0.321106 0.00602384 0.154933
9.99459E-05 9.99459E-05 9.99459E-05 0.723956 9.99459E-05 0.125638 0.149806 9.99459E-05 9.99459E-05
9.9964E-05 0.215924 9.9964E-05 0.108292 9.9964E-05 0.403608 9.9964E-05 0.0073823 0.264394
9.9982E-05 0.269826 0.294388 0.0259774 9.9982E-05 0.128431 0.0261299 0.0528428 0.202205
9.99729E-05 0.0201078 9.99729E-05 0.00944822 0.286289 9.99729E-05 0.0424714 0.000638142 0.640746
0.0216999 9.9955E-05 9.9955E-05 9.9955E-05 9.9955E-05 0.161329 0.0262943 9.9955E-05 0.790177
9.9973E-05 0.0112524 0.348785 0.0696502 9.9973E-05 0.337892 0.0783798 9.9973E-05 0.153741
9.99549E-05 9.99549E-05 9.99549E-05 0.209846 0.216887 9.99549E-05 0.572255 0.000511899 9.99549E-05
9.99549E-05 9.99549E-05 9.99549E-05 9.99549E-05 0.671276 0.0545605 0.0881972 9.99549E-05 0.185467
9.9964E-05 9.9964E-05 0.00820924 0.107061 0.131191 0.0449874 0.708151 9.9964E-05 9.9964E-05
9.99549E-05 0.0448932 9.99549E-05 9.99549E-05 0.199967 0.182895 0.571745 9.99549E-05 9.99549E-05
9.99549E-05 0.0726154 9.99549E-05 9.99549E-05 0.678181 9.99549E-05 0.0680413 9.99549E-05 0.180663
9.9955E-05 9.9955E-05 9.9955E-05 0.441951 0.0860045 9.9955E-05 0.468234 0.00331033 9.9955E-05
0.00414357 9.99639E-05 9.99639E-05 0.38765 9.99639E-05 0.326019 0.1444 9.99639E-05 0.137387
9.9973E-05 0.141919 9.9973E-05 0.0811079 9.9973E-05 0.0235837 0.701367 0.0113566 0.0403662
9.9964E-05 0.0773761 9.9964E-05 0.112921 9.9964E-05 0.105445 9.9964E-05 0.0813757 0.622482
9.99729E-05 0.290719 9.99729E-05 0.0788038 9.99729E-05 0.129858 0.128241 0.0635576 0.30852
0.00277203 0.160372 9.9982E-05 0.0114466 0.0596062 9.9982E-05 0.214625 0.0727941 0.478184
9.99459E-05 9.99459E-05 9.99459E-05 0.621296 9.99459E-05 9.99459E-05 0.228236 9.99459E-05 0.149869
0.00690103 0.00979574 0.596225 0.0161954 0.0240486 9.9982E-05 0.114029 9.9982E-05 0.232605
0.162139 0.0849464 9.9982E-05 0.0721263 9.9982E-05 0.162346 0.381253 0.0555138 0.0814757
0.0659673 0.00509111 0.0825773 9.9982E-05 9.9982E-05 0.0889165 0.0664326 0.0286701 0.662145
9.9982E-05 9.9982E-05 0.415325 0.0379036 0.113842 0.0184662 0.0659238 0.0404693 0.30787
9.99549E-05 9.99549E-05 9.99549E-05 0.0625811 9.99549E-05 0.00869495 9.99549E-05 0.0648812 0.863343
0.00726914 0.0382428 9.9982E-05 0.00314438 0.0484407 9.9982E-05 0.00999085 0.0922481 0.800464
0.0688002 9.9955E-05 9.9955E-05 0.118305 9.9955E-05 9.9955E-05 9.9955E-05 0.0572336 0.755161
0.0614383 0.0127374 9.9973E-05 9.9973E-05 9.9973E-05 0.140554 0.539365 0.106549 0.139056
0.0709998 0.128125 9.996E-05 9.996E-05 9.996E-05 0.0606864 0.713775 0.0260147 9.996E-05
0.00817408 0.125336 0.556594 0.0808798 0.0750768 9.9991E-05 0.0541072 0.0194447 0.0802877
9.9973E-05 0.00291796 0.0148184 0.230687 9.9973E-05 0.220356 9.9973E-05 0.00024591 0.530675
0.0577584 0.177469 0.0655219 0.166319 9.9991E-05 0.180773 0.259304 0.0583705 0.034385
9.9973E-05 0.100239 9.9973E-05 0.839352 0.0106194 0.0208162 9.9973E-05 0.0273005 0.00137294
9.9937E-05 9.9937E-05 9.9937E-05 0.312959 9.9937E-05 9.9937E-05 0.686341 9.9937E-05 9.9937E-05
0.00203806 0.0101978 9.9973E-05 0.78672 9.9973E-05 0.014962 0.123426 9.9973E-05 0.0623562
