0.105769 9.9991E-05 0.485197 0.408934
0.0215936 9.9991E-05 0.525724 0.452582
0.0459083 0.127704 0.826287 9.9991E-05
0.0197631 0.10142 0.10449 0.774327
0.108344 0.0692251 9.9991E-05 0.822331
0.120471 0.0666191 0.613606 0.199304
9.9982E-05 0.165257 0.834543 9.9982E-05
0.116685 9.9991E-05 0.748735 0.134481
0.0635134 9.9991E-05 0.350066 0.586321
0.0932859 0.607004 0.253453 0.046257
9.9991E-05 0.0148005 0.30029 0.68481
9.999E-05 0.00598443 0.163011 0.830904
0.132225 0.168503 0.324969 0.374303
0.0371469 0.0991529 0.848623 0.0150777
9.9982E-05 9.9982E-05 0.178313 0.821487
0.0700801 0.465714 0.464106 9.9991E-05
9.9991E-05 0.137628 0.847947 0.0143248
9.9982E-05 9.9982E-05 0.992355 0.00744491
9.9982E-05 9.9982E-05 0.410747 0.589053
0.657587 0.0786635 9.9991E-05 0.263649
0.667184 0.0537352 9.9991E-05 0.278981
0.753321 0.0701231 9.9991E-05 0.176456
0.587195 9.9982E-05 9.9982E-05 0.412605
0.567845 9.9982E-05 9.9982E-05 0.431955
0.62406 0.07871 0.29713 9.9991E-05
0.508974 9.9982E-05 9.9982E-05 0.490826
0.472823 0.526977 9.9982E-05 9.9982E-05
0.463162 0.0545127 9.9991E-05 0.482226
0.73871 0.170689 9.9998E-05 0.0905014
0.676182 9.9982E-05 9.9982E-05 0.323618
0.539123 0.26209 0.0157188 0.183068
0.727579 0.106754 0.165567 9.9991E-05
0.549758 0.426922 0.0232195 9.9991E-05
0.638548 0.0282565 0.333095 9.9991E-05
0.683732 9.9982E-05 9.9982E-05 0.316068
0.562028 9.9982E-05 9.9982E-05 0.437772
0.540929 0.141774 9.9991E-05 0.317197
0.554678 9.9982E-05 9.9982E-05 0.445122
0.804868 9.9991E-05 0.0829188 0.112113
0.718653 0.281147 9.9982E-05 9.9982E-05
0.538532 0.461268 9.9982E-05 9.9982E-05
0.592996 0.122785 9.9991E-05 0.284119
0.832661 0.0258767 0.141362 9.9991E-05
0.650013 0.158598 0.191289 9.9991E-05
0.42343 9.9982E-05 9.9982E-05 0.57637
0.536224 9.9982E-05 9.9982E-05 0.463576
0.572383 0.280656 0.146861 9.9991E-05
0.82609 9.9991E-05 0.0718027 0.102007
0.341162 0.658638 9.9982E-05 9.9982E-05
0.716764 9.9982E-05 9.9982E-05 0.283036
0.749722 0.250078 9.9982E-05 9.9982E-05
0.634667 0.0718681 9.9991E-05 0.293365
0.548339 9.9991E-05 0.0259196 0.425642
0.515704 9.9991E-05 0.121008 0.363189
0.48665 0.0151364 9.9991E-05 0.498114
0.49017 9.9982E-05 9.9982E-05 0.50963
0.787452 0.0953938 0.117054 9.9991E-05
0.721205 0.170025 9.9991E-05 0.10867
0.729685 0.235566 0.0346493 9.9991E-05
0.710183 9.9982E-05 9.9982E-05 0.289617
0.73518 9.99819E-05 9.99819E-05 0.26462
0.629054 9.9991E-05 0.0500329 0.320813
0.628378 0.12476 0.246762 9.9991E-05
0.594966 9.9982E-05 9.9982E-05 0.404834
0.497155 0.134759 0.367986 9.9991E-05
0.502456 9.9991E-05 0.103965 0.393479
0.590655 9.9982E-05 9.9982E-05 0.409145
0.560255 9.9982E-05 9.9982E-05 0.439545
0.60272 9.9991E-05 0.240605 0.156575
0.719102 0.0193094 0.173103 0.0884857
0.551773 0.448027 9.9982E-05 9.9982E-05
0.593571 0.286921 0.119408 9.9991E-05
0.548106 9.9982E-05 9.9982E-05 0.451694
0.644128 0.187927 0.167845 9.9991E-05
0.664207 9.9982E-05 9.9982E-05 0.335593
0.499929 9.9982E-05 9.9982E-05 0.499871
0.661231 0.255026 0.0836433 9.9991E-05
0.491749 0.504178 0.00397287 9.9991E-05
0.691469 0.127329 0.181102 9.9991E-05
0.748865 0.106538 0.0298698 0.114728
0.487384 0.512416 9.9982E-05 9.9982E-05
0.682099 9.9982E-05 9.9982E-05 0.317701
0.77173 0.0430903 9.9991E-05 0.185079
0.641 0.101346 9.9991E-05 0.257554
0.629339 0.275805 0.0947553 9.9991E-05
0.746665 9.9982E-05 9.9982E-05 0.253136
0.584482 9.9982E-05 9.9982E-05 0.415318
0.579627 9.9982E-05 0.420173 9.9982E-05
0.56316 0.123471 0.313268 9.9991E-05
0.551752 9.9991E-05 0.119795 0.328353
0.598133 9.9982E-05 0.401667 9.9982E-05
0.571332 9.9982E-05 0.428468 9.9982E-05
0.48641 9.9982E-05 9.9982E-05 0.51339
0.602272 9.9982E-05 0.397528 9.9982E-05
0.623676 9.9991E-05 0.368763 0.00746105
0.163972 0.586827 0.219759 0.0294418
0.266827 0.380888 0.305454 0.0468306
0.219787 0.263642 0.260282 0.25629
0.0791243 9.9991E-05 0.460545 0.460231
0.086477 0.60993 0.241031 0.0625616
0.0431139 9.9991E-05 0.581101 0.375686
0.00459657 0.258643 0.736661 9.9991E-05
0.166261 0.483301 0.321159 0.0292787
0.213076 0.239765 0.486079 0.0610798
0.206715 0.12427 0.0990324 0.569982
0.0649685 0.885349 9.9991E-05 0.0495823
0.077575 0.24517 0.126689 0.550567
0.148542 0.376592 0.456571 0.0182953
0.159217 0.0590708 0.535474 0.246238
0.145214 0.364383 0.265987 0.224416
0.0372678 0.209978 0.706974 0.04578
0.157402 9.9991E-05 0.194536 0.647962
0.117893 0.155777 0.100519 0.625811
0.353152 0.29957 0.315632 0.0316455
0.0974335 0.300044 0.594887 0.00763475
0.235165 0.259723 0.17446 0.330652
0.165829 0.191285 0.132478 0.510407
0.0525019 0.0326703 0.286349 0.628479
0.033181 0.423018 0.356939 0.186862
0.0650106 0.122497 0.161087 0.651405
0.0355806 0.258708 0.657554 0.0481573
0.0054374 0.96178 0.0326823 9.9991E-05
9.9991E-05 0.023204 0.194096 0.7826
0.0413068 0.432599 9.9991E-05 0.525994
0.121887 9.9991E-05 0.663187 0.214825
0.060083 0.368426 9.9991E-05 0.57139
0.016347 0.540994 0.434815 0.00784351
0.0621256 0.0663506 0.116904 0.75462
0.0894827 0.265064 9.9991E-05 0.645353
0.0189569 0.897159 0.0837842 9.9991E-05
9.9982E-05 9.9982E-05 0.192619 0.807182
0.0644903 0.150393 9.9991E-05 0.785017
9.9991E-05 0.00772858 0.342808 0.649364
0.00693926 0.964078 9.9991E-05 0.0288824
0.0380813 0.0948629 0.0824373 0.784619
0.0201786 9.9991E-05 0.266979 0.712743
0.0165242 0.0112212 0.787288 0.184966
0.118134 0.191477 0.210589 0.4798
0.0663129 0.173755 0.152133 0.607798
9.9982E-05 0.774941 0.224859 9.9982E-05
0.117485 0.00324524 0.481442 0.397828
0.140329 0.198884 0.342206 0.31858
0.18873 0.4325 0.378671 9.9991E-05
0.134146 0.050464 0.209416 0.605974
0.23032 0.36022 9.9991E-05 0.40936
0.0854971 0.842515 0.0161507 0.0558375
0.136561 0.285798 0.490306 0.0873352
0.0762511 0.368956 0.554693 9.9991E-05
0.0616802 0.397075 9.9991E-05 0.541145
9.9982E-05 0.60836 0.39144 9.9982E-05
9.9982E-05 9.9982E-05 0.254041 0.745759
9.9991E-05 0.574108 0.413585 0.0122066
0.075208 0.427158 9.9991E-05 0.497534
0.0284265 0.25972 0.00250426 0.709349
0.227412 0.217521 0.180885 0.374182
0.101519 0.000647512 0.663615 0.234218
0.175446 0.306038 0.240436 0.278079
0.0236919 0.305082 0.140712 0.530514
9.9991E-05 0.784066 0.20328 0.0125543
9.9982E-05 0.935843 9.9982E-05 0.063957
0.0592132 0.217777 0.72291 9.9991E-05
0.107479 0.730788 0.161634 9.9991E-05
9.9991E-05 0.856303 0.0415244 0.102073
0.154612 0.249205 0.596083 9.9991E-05
9.9991E-05 0.263021 0.673301 0.0635777
0.0550462 9.9991E-05 0.132545 0.812309
9.9982E-05 9.9982E-05 0.241393 0.758407
0.0187571 9.9991E-05 0.85804 0.123103
9.9982E-05 9.9982E-05 0.253788 0.746012
9.9982E-05 9.9982E-05 0.176402 0.823398
0.104437 0.0154849 0.18108 0.698998
9.9982E-05 9.9982E-05 0.216161 0.783639
9.9991E-05 0.172681 0.777984 0.0492353
9.9982E-05 0.657184 0.342616 9.9982E-05
0.0497391 9.9991E-05 0.512883 0.437278
0.012062 0.145274 0.842564 9.9991E-05
0.16407 0.00655933 0.818666 0.0107051
9.9982E-05 9.9982E-05 0.699791 0.300009
9.9982E-05 0.251004 0.748796 9.9982E-05
0.0261117 0.0907208 0.757617 0.12555
0.18279 9.9991E-05 0.322963 0.494147
0.104284 0.0462299 0.730062 0.119425
0.0504386 9.9991E-05 0.794553 0.154909
9.9982E-05 9.9982E-05 0.233037 0.766763
0.0232281 9.9991E-05 0.486371 0.490301
0.0418294 0.334746 0.623324 9.9991E-05
0.0204939 9.9982E-05 0.979306 9.9982E-05
9.9982E-05 0.545088 0.454712 9.9982E-05
9.9982E-05 9.9982E-05 0.257213 0.742587
0.0513273 9.9991E-05 0.589071 0.359502
9.9982E-05 0.363365 0.636435 9.9982E-05
0.0844453 0.0678662 0.0453577 0.802331
0.0734886 0.234647 0.0416661 0.650198
0.154245 0.409405 0.43625 9.9991E-05
0.149725 0.532134 0.143816 0.174325
0.101452 0.0964291 0.116604 0.685515
0.0630939 0.0578737 0.0421841 0.836848
0.0999112 0.019245 0.0538368 0.827007
0.0369975 0.919046 9.9991E-05 0.0438567
0.108026 0.217737 0.671393 0.00284372
0.179795 0.0234984 0.396752 0.399955
9.9991E-05 0.0870054 0.155306 0.757589
0.066468 0.72451 0.201328 0.0076945
0.0643288 0.071964 0.716433 0.147274
0.0875994 0.0715259 0.739297 0.101577
0.118528 0.301662 0.184487 0.395323
0.0284433 0.125133 0.846324 9.9991E-05
0.00884586 9.9991E-05 0.517222 0.473833
0.0722522 0.000314869 0.484331 0.443102
0.0447472 0.124892 9.9991E-05 0.83026
0.222333 0.318878 0.452073 0.00671473
0.0383826 0.0465748 0.186051 0.728992
9.9991E-05 0.0618368 0.200632 0.737431
9.9982E-05 0.501404 0.498396 9.9982E-05
9.9991E-05 0.0453356 0.71568 0.238884
0.0613617 0.0969429 0.841595 9.9991E-05
0.0546855 9.9991E-05 0.0913185 0.853896
0.298707 0.0318583 0.139028 0.530407
0.0187864 9.9991E-05 0.313729 0.667384
0.0048467 0.413472 0.581582 9.9991E-05
0.0168418 9.9991E-05 0.391059 0.591999
0.0550995 9.9991E-05 0.265648 0.679153
0.00652084 0.00478027 0.182143 0.806556
9.9982E-05 0.289667 0.710133 9.9982E-05
0.017649 9.9991E-05 0.78189 0.200361
0.00783013 0.0690897 0.192223 0.730857
0.0724505 0.26392 0.521688 0.141942
0.0228092 9.9991E-05 0.178515 0.798576
0.00147842 0.279342 0.273998 0.445182
0.107537 9.9991E-05 0.587087 0.305276
9.9982E-05 0.490431 0.509369 9.9982E-05
0.0675739 9.9991E-05 0.640333 0.291994
0.117699 0.356195 0.410112 0.115994
0.00410051 0.745637 0.221813 0.0284497
0.0597882 0.014771 0.783888 0.141552
0.0555895 0.1271 0.81721 9.9991E-05
9.9991E-05 0.148233 0.643151 0.208516
9.9991E-05 0.0460436 0.233223 0.720633
0.0706687 0.816715 0.112516 9.9991E-05
0.100306 0.223735 9.9991E-05 0.675859
0.0825331 9.9991E-05 0.376122 0.541245
0.0348668 0.274241 0.0915014 0.599391
9.9991E-05 0.670783 0.289302 0.0398149
9.9982E-05 0.711634 0.288166 9.9982E-05
0.0279675 0.0819243 0.144007 0.746101
0.0860987 9.9991E-05 0.817732 0.0960697
0.10952 0.166327 0.54809 0.176063
9.9982E-05 0.792965 0.206835 9.9982E-05
0.0507899 0.405708 0.143786 0.399715
0.0698652 0.274755 0.0797236 0.575656
9.9982E-05 9.9982E-05 0.248818 0.750982
0.010069 0.00463566 0.335248 0.650047
0.0626196 0.276573 0.15284 0.507968
0.0328719 0.206847 0.760181 9.9991E-05
0.00342094 9.9991E-05 0.316195 0.680284
9.9982E-05 0.161952 0.837848 9.9982E-05
0.0380606 9.9991E-05 0.820743 0.141096
0.0441812 9.9991E-05 0.258094 0.697624
0.0272706 0.451371 0.521258 9.9991E-05
0.0631375 0.546106 0.327231 0.0635259
0.00401915 0.216802 0.779079 9.9991E-05
0.076637 0.350166 9.9991E-05 0.573097
0.0918972 0.292496 0.337494 0.278113
0.057233 0.0985651 0.391617 0.452585
0.027031 0.664816 0.308053 9.9991E-05
0.0260686 0.148547 0.0817937 0.74359
0.251098 0.165 0.541422 0.0424791
0.0819479 0.0589985 0.23079 0.628263
0.0685619 0.0775604 0.128688 0.72519
9.9991E-05 0.158346 0.151111 0.690443
0.0592638 0.0424869 0.212834 0.685415
0.125549 0.161477 0.139824 0.57315
0.186309 0.0535241 0.729822 0.0303447
0.118941 0.123417 0.757542 9.9991E-05
0.0771239 0.212093 9.9991E-05 0.710683
0.041449 0.417734 9.9991E-05 0.540717
0.175451 0.352466 0.359103 0.112981
0.0512857 0.940303 9.9991E-05 0.0083109
9.9982E-05 0.370752 0.629048 9.9982E-05
9.9982E-05 0.820184 0.179616 9.9982E-05
