0.344279 0.0239991 9.991E-05 9.991E-05 0.484909 9.991E-05 9.991E-05 0.0726506 9.991E-05 0.0266518 9.991E-05 9.991E-05 9.991E-05 0.0307351 9.991E-05 0.0157761 9.991E-05
0.28777 0.0311466 9.99099E-05 0.0102649 0.53304 9.99099E-05 0.0772885 9.99099E-05 0.0276977 0.0317934 9.99099E-05 9.99099E-05 9.99099E-05 9.99099E-05 9.99099E-05 9.99099E-05 9.99099E-05
9.99368E-05 0.0336439 0.0240296 9.99368E-05 0.149004 0.000463678 0.000695222 9.99368E-05 0.0449345 0.00485543 0.0284988 0.527486 9.99368E-05 9.99368E-05 0.18569 9.99368E-05 9.99368E-05
0.464366 9.99189E-05 0.138553 9.99189E-05 0.220335 0.0153506 9.99189E-05 0.0282387 9.99189E-05 9.99189E-05 0.0255258 9.99189E-05 0.0758263 0.0309053 9.99189E-05 9.99189E-05 9.99189E-05
0.371988 9.99189E-05 0.118642 9.99189E-05 9.99189E-05 0.0190606 9.99189E-05 9.99189E-05 0.0979668 0.200641 0.156776 9.99189E-05 9.99189E-05 0.0154977 9.99189E-05 9.99189E-05 0.0185286
9.99188E-05 0.00875543 0.137769 0.0217362 0.328259 9.99188E-05 9.99188E-05 9.99188E-05 0.00148731 9.99188E-05 9.99188E-05 0.176318 9.99188E-05 0.302018 9.99188E-05 0.0227587 9.99188E-05
0.032641 9.98918E-05 9.98918E-05 0.00110949 0.334481 9.98918E-05 9.98918E-05 9.98918E-05 9.98918E-05 9.98918E-05 9.98918E-05 0.439142 9.98918E-05 9.98918E-05 0.191428 9.98918E-05 9.98918E-05
9.991E-05 0.17235 9.991E-05 0.000875957 0.267227 9.991E-05 9.991E-05 9.991E-05 0.101471 9.991E-05 9.991E-05 0.243307 9.991E-05 0.196435 0.017335 9.991E-05 9.991E-05
0.190161 0.0330853 0.281871 9.9901E-05 0.44963 9.9901E-05 9.9901E-05 0.00549302 9.9901E-05 9.9901E-05 0.0386601 9.9901E-05 9.9901E-05 9.9901E-05 9.9901E-05 9.9901E-05 9.9901E-05
9.98918E-05 9.98918E-05 9.98918E-05 9.98918E-05 9.98918E-05 9.98918E-05 9.98918E-05 0.0284038 9.98918E-05 9.98918E-05 9.98918E-05 0.213647 9.98918E-05 0.280762 0.362973 9.98918E-05 0.113016
0.0647468 9.99009E-05 0.22001 9.99009E-05 0.224977 9.99009E-05 0.360409 9.99009E-05 0.080102 0.0486566 9.99009E-05 9.99009E-05 9.99009E-05 9.99009E-05 9.99009E-05 9.99009E-05 9.99009E-05
0.462137 0.0331414 0.162767 9.99189E-05 9.99189E-05 0.0384259 0.0591157 9.99189E-05 0.0704014 9.99189E-05 9.99189E-05 9.99189E-05 9.99189E-05 0.152997 0.0201154 9.99189E-05 9.99189E-05
9.99099E-05 9.99099E-05 0.2762 9.99099E-05 0.251097 0.0383718 9.99099E-05 9.99099E-05 9.99099E-05 0.209091 0.0406607 0.0622953 0.121284 9.99099E-05 9.99099E-05 9.99099E-05 9.99099E-05
9.99099E-05 0.0108002 9.99099E-05 9.99099E-05 0.362699 9.99099E-05 9.99099E-05 9.99099E-05 9.99099E-05 9.99099E-05 9.99099E-05 0.338234 9.99099E-05 0.110022 0.0566961 0.0522963 0.068253
0.349572 9.98919E-05 0.0410783 9.98919E-05 9.98919E-05 9.98919E-05 0.410925 9.98919E-05 0.175422 9.98919E-05 9.98919E-05 9.98919E-05 9.98919E-05 0.0218036 9.98919E-05 9.98919E-05 9.98919E-05
9.99098E-05 9.99098E-05 0.0474434 9.99098E-05 9.99098E-05 9.99098E-05 9.99098E-05 0.0263074 0.015283 9.99098E-05 0.0402894 0.33578 0.0450439 9.99098E-05 0.488854 9.99098E-05 9.99098E-05
0.0265448 9.98829E-05 9.98829E-05 9.98829E-05 0.453487 9.98829E-05 9.98829E-05 9.98829E-05 9.98829E-05 9.98829E-05 9.98829E-05 0.3784 9.98829E-05 9.98829E-05 0.14027 9.98829E-05 9.98829E-05
9.98828E-05 9.98828E-05 9.98828E-05 9.98828E-05 0.431832 9.98828E-05 0.0407812 9.98828E-05 9.98828E-05 9.98828E-05 9.98828E-05 0.512551 9.98828E-05 0.0135377 9.98828E-05 9.98828E-05 9.98828E-05
0.302234 9.991E-05 0.13095 9.991E-05 0.278952 0.149268 9.991E-05 9.991E-05 9.991E-05 0.0365359 9.991E-05 0.082009 9.991E-05 9.991E-05 9.991E-05 0.0190521 9.991E-05
9.98829E-05 9.98829E-05 9.98829E-05 9.98829E-05 9.98829E-05 9.98829E-05 0.130029 0.757772 9.98829E-05 9.98829E-05 0.0785696 9.98829E-05 9.98829E-05 0.03233 9.98829E-05 9.98829E-05 9.98829E-05
9.98919E-05 9.98919E-05 0.0254033 9.98919E-05 9.98919E-05 0.088582 9.98919E-05 0.825777 9.98919E-05 9.98919E-05 9.98919E-05 9.98919E-05 0.0437305 0.0153086 9.98919E-05 9.98919E-05 9.98919E-05
9.98827E-05 9.98827E-05 9.98827E-05 9.98827E-05 0.00228261 9.98827E-05 9.98827E-05 0.844224 9.98827E-05 9.98827E-05 9.98827E-05 9.98827E-05 9.98827E-05 0.151777 9.98827E-05 0.000417984 9.98827E-05
9.98919E-05 0.016855 0.0487299 9.98919E-05 9.98919E-05 0.273639 9.98919E-05 0.621034 9.98919E-05 9.98919E-05 0.0385432 9.98919E-05 9.98919E-05 9.98919E-05 9.98919E-05 9.98919E-05 9.98919E-05
0.0266118 0.0333743 0.239853 9.98918E-05 9.98918E-05 9.98918E-05 0.0247908 0.674172 9.98918E-05 9.98918E-05 9.98918E-05 9.98918E-05 9.98918E-05 9.98918E-05 9.98918E-05 9.98918E-05 9.98918E-05
9.99098E-05 0.00226827 9.99098E-05 0.159837 0.0392119 9.99098E-05 9.99098E-05 0.407457 9.99098E-05 9.99098E-05 9.99098E-05 0.149413 9.99098E-05 9.99098E-05 0.0928402 0.147973 9.99098E-05
0.141965 0.158411 0.118961 9.99188E-05 9.99188E-05 9.99188E-05 0.0554306 0.276358 0.00161706 9.99188E-05 0.08142 9.99188E-05 9.99188E-05 9.99188E-05 9.99188E-05 0.164938 9.99188E-05
9.99098E-05 9.99098E-05 9.99098E-05 0.234951 9.99098E-05 9.99098E-05 9.99098E-05 0.22749 9.99098E-05 9.99098E-05 0.0157261 0.0192345 0.372537 9.99098E-05 9.99098E-05 0.00573352 0.123329
9.9928E-05 0.18363 9.9928E-05 9.9928E-05 9.9928E-05 0.086298 0.0888869 0.234828 0.0402273 9.9928E-05 0.191827 9.9928E-05 0.0740533 0.0863739 9.9928E-05 0.0130763 9.9928E-05
9.99008E-05 9.99008E-05 9.99008E-05 0.00131725 9.99008E-05 9.99008E-05 9.99008E-05 0.782723 9.99008E-05 0.0148912 9.99008E-05 9.99008E-05 9.99008E-05 0.0720033 0.0590343 0.0689318 9.99008E-05
9.98739E-05 9.98739E-05 0.126293 9.98739E-05 9.98739E-05 0.0444472 9.98739E-05 0.827862 9.98739E-05 9.98739E-05 9.98739E-05 9.98739E-05 9.98739E-05 9.98739E-05 9.98739E-05 9.98739E-05 9.98739E-05
9.99281E-05 0.0124729 0.00313409 0.0526572 9.99281E-05 0.111984 9.99281E-05 0.5526 9.99281E-05 9.99281E-05 9.99281E-05 0.0887762 0.102101 9.99281E-05 9.99281E-05 0.0256874 0.0497879
9.99099E-05 9.99099E-05 0.00258464 0.073534 9.99099E-05 0.0222735 9.99099E-05 0.0207676 9.99099E-05 0.0610174 9.99099E-05 9.99099E-05 9.99099E-05 9.99099E-05 0.0388589 0.779965 9.99099E-05
9.99008E-05 9.99008E-05 9.99008E-05 0.0780757 9.99008E-05 9.99008E-05 9.99008E-05 0.568608 9.99008E-05 9.99008E-05 9.99008E-05 0.108714 0.0106805 9.99008E-05 0.160092 9.99008E-05 0.0727318
9.98918E-05 9.98918E-05 9.98918E-05 0.0486653 0.0991699 9.98918E-05 9.98918E-05 0.580038 9.98918E-05 9.98918E-05 9.98918E-05 0.149535 9.98918E-05 9.98918E-05 9.98918E-05 0.121393 9.98918E-05
9.98649E-05 9.98649E-05 0.198155 9.98649E-05 9.98649E-05 9.98649E-05 9.98649E-05 0.800347 9.98649E-05 9.98649E-05 9.98649E-05 9.98649E-05 9.98649E-05 9.98649E-05 9.98649E-05 9.98649E-05 9.98649E-05
0.0642353 9.98919E-05 0.0283268 9.98919E-05 9.98919E-05 9.98919E-05 0.118951 0.71786 9.98919E-05 9.98919E-05 0.0694282 9.98919E-05 9.98919E-05 9.98919E-05 9.98919E-05 9.98919E-05 9.98919E-05
9.98739E-05 9.98739E-05 9.98739E-05 9.98739E-05 9.98739E-05 9.98739E-05 0.30803 0.685286 9.98739E-05 9.98739E-05 0.00528599 9.98739E-05 9.98739E-05 9.98739E-05 9.98739E-05 9.98739E-05 9.98739E-05
0.084397 9.98829E-05 9.98829E-05 9.98829E-05 9.98829E-05 0.204955 9.98829E-05 0.664025 9.98829E-05 9.98829E-05 0.0453241 9.98829E-05 9.98829E-05 9.98829E-05 9.98829E-05 9.98829E-05 9.98829E-05
9.98826E-05 9.98826E-05 9.98826E-05 0.437947 0.110556 9.98826E-05 9.98826E-05 9.98826E-05 9.98826E-05 9.98826E-05 0.426479 9.98826E-05 9.98826E-05 0.0237199 9.98826E-05 9.98826E-05 9.98826E-05
9.9892E-05 9.9892E-05 9.9892E-05 0.764908 9.9892E-05 0.0213054 9.9892E-05 9.9892E-05 9.9892E-05 0.0694002 0.0357053 9.9892E-05 0.107483 9.9892E-05 9.9892E-05 9.9892E-05 9.9892E-05
9.99189E-05 0.0244755 9.99189E-05 0.558784 9.99189E-05 9.99189E-05 9.99189E-05 0.019898 9.99189E-05 9.99189E-05 9.99189E-05 0.0606875 0.0515401 9.99189E-05 0.0166325 0.0416009 0.225482
9.99099E-05 0.0271775 9.99099E-05 0.232018 9.99099E-05 0.312732 9.99099E-05 9.99099E-05 9.99099E-05 9.99099E-05 0.258068 9.99099E-05 0.0994548 0.0166156 9.99099E-05 0.0529351 9.99099E-05
9.98917E-05 9.98917E-05 9.98917E-05 0.470833 0.0911257 9.98917E-05 9.98917E-05 0.256919 9.98917E-05 9.98917E-05 0.118658 9.98917E-05 9.98917E-05 0.0612651 9.98917E-05 9.98917E-05 9.98917E-05
9.99099E-05 9.99099E-05 9.99099E-05 0.640399 9.99099E-05 9.99099E-05 0.117415 0.0235055 0.0245937 9.99099E-05 9.99099E-05 0.0435212 9.99099E-05 9.99099E-05 9.99099E-05 0.0800049 0.0695611
0.317837 0.101037 9.98919E-05 9.98919E-05 9.98919E-05 0.0923604 9.98919E-05 9.98919E-05 9.98919E-05 9.98919E-05 0.141623 9.98919E-05 9.98919E-05 9.98919E-05 9.98919E-05 0.345944 9.98919E-05
0.0907631 9.98918E-05 0.0811321 0.193326 9.98918E-05 9.98918E-05 9.98918E-05 9.98918E-05 0.158002 9.98918E-05 0.475578 9.98918E-05 9.98918E-05 9.98918E-05 9.98918E-05 9.98918E-05 9.98918E-05
9.98918E-05 9.98918E-05 9.98918E-05 0.566923 9.98918E-05 9.98918E-05 9.98918E-05 0.14127 9.98918E-05 9.98918E-05 9.98918E-05 0.0970751 9.98918E-05 9.98918E-05 0.1253 9.98918E-05 0.0682337
9.99007E-05 0.000931118 0.000188201 0.526843 0.0615538 9.99007E-05 9.99007E-05 9.99007E-05 9.99007E-05 9.99007E-05 0.324209 9.99007E-05 9.99007E-05 0.0851758 9.99007E-05 9.99007E-05 9.99007E-05
9.98648E-05 9.98648E-05 9.98648E-05 0.381325 9.98648E-05 9.98648E-05 9.98648E-05 9.98648E-05 9.98648E-05 9.98648E-05 9.98648E-05 9.98648E-05 0.617177 9.98648E-05 9.98648E-05 9.98648E-05 9.98648E-05
9.98919E-05 0.0682605 9.98919E-05 0.3339 0.0311302 9.98919E-05 9.98919E-05 9.98919E-05 0.166796 9.98919E-05 0.398714 9.98919E-05 9.98919E-05 9.98919E-05 9.98919E-05 9.98919E-05 9.98919E-05
9.98829E-05 9.98829E-05 9.98829E-05 0.669281 9.98829E-05 0.0169042 9.98829E-05 9.98829E-05 9.98829E-05 9.98829E-05 0.13334 9.98829E-05 0.179176 9.98829E-05 9.98829E-05 9.98829E-05 9.98829E-05
9.991E-05 9.991E-05 0.0101386 0.410221 9.991E-05 0.238066 0.0012888 0.0461436 9.991E-05 9.991E-05 0.164781 9.991E-05 9.991E-05 0.128361 9.991E-05 9.991E-05 9.991E-05
0.0196741 0.0334476 0.184477 0.0519476 9.99188E-05 9.99188E-05 0.200086 0.0572789 9.99188E-05 9.99188E-05 0.252318 9.99188E-05 9.99188E-05 9.99188E-05 9.99188E-05 0.199872 9.99188E-05
9.99099E-05 0.0760681 0.245752 0.301231 0.0149889 9.99099E-05 0.194143 9.99099E-05 0.0180104 9.99099E-05 0.148807 9.99099E-05 9.99099E-05 9.99099E-05 9.99099E-05 9.99099E-05 9.99099E-05
0.123851 0.0814432 9.9919E-05 0.153816 9.9919E-05 0.357124 9.9919E-05 0.0320196 0.0149209 9.9919E-05 0.203261 9.9919E-05 9.9919E-05 9.9919E-05 9.9919E-05 0.0326646 9.9919E-05
0.0670317 0.257683 0.0444329 9.98919E-05 9.98919E-05 0.314097 9.98919E-05 0.315557 9.98919E-05 9.98919E-05 9.98919E-05 9.98919E-05 9.98919E-05 9.98919E-05 9.98919E-05 9.98919E-05 9.98919E-05
9.99097E-05 9.99097E-05 9.99097E-05 0.517788 0.0115018 9.99097E-05 9.99097E-05 9.99097E-05 9.99097E-05 0.0280159 0.229087 9.99097E-05 9.99097E-05 0.0267406 0.0527078 0.13316 9.99097E-05
9.99009E-05 0.295693 0.0510467 0.214877 9.99009E-05 9.99009E-05 9.99009E-05 0.00119748 9.99009E-05 9.99009E-05 0.239792 9.99009E-05 0.196295 9.99009E-05 9.99009E-05 9.99009E-05 9.99009E-05
9.99098E-05 0.0543072 9.99098E-05 0.774571 9.99098E-05 9.99098E-05 9.99098E-05 9.99098E-05 0.00955069 0.0408452 9.99098E-05 9.99098E-05 0.0220181 9.99098E-05 0.088463 0.00924541 9.99098E-05
0.00828973 9.98918E-05 9.98918E-05 0.203551 9.98918E-05 9.98918E-05 0.00378908 9.98918E-05 9.98918E-05 9.98918E-05 0.740786 9.98918E-05 9.98918E-05 0.0423853 9.98918E-05 9.98918E-05 9.98918E-05
9.99097E-05 0.0125237 0.0190168 0.170124 0.116382 9.99097E-05 9.99097E-05 0.0295681 9.99097E-05 9.99097E-05 0.513206 9.99097E-05 9.99097E-05 9.99097E-05 9.99097E-05 0.13818 9.99097E-05
0.058022 0.07404 0.00930928 0.343419 0.0570222 9.99188E-05 0.030356 9.99188E-05 0.0754139 9.99188E-05 0.351518 9.99188E-05 9.99188E-05 9.99188E-05 9.99188E-05 9.99188E-05 9.99188E-05
9.98919E-05 9.98919E-05 9.98919E-05 0.0506478 9.98919E-05 9.98919E-05 9.98919E-05 9.98919E-05 9.98919E-05 0.0906799 0.0521782 9.98919E-05 9.98919E-05 9.98919E-05 0.102613 0.702682 9.98919E-05
9.98918E-05 9.98918E-05 9.98918E-05 0.0140735 9.98918E-05 0.290611 9.98918E-05 0.0484546 9.98918E-05 9.98918E-05 0.620523 0.0251399 9.98918E-05 9.98918E-05 9.98918E-05 9.98918E-05 9.98918E-05
9.99008E-05 0.0411225 9.99008E-05 0.164986 9.99008E-05 9.99008E-05 9.99008E-05 9.99008E-05 9.99008E-05 9.99008E-05 0.238999 0.42982 9.99008E-05 9.99008E-05 9.99008E-05 0.046555 0.0774189
9.99098E-05 0.0823553 0.177837 9.99098E-05 0.106309 9.99098E-05 0.105783 0.0411237 9.99098E-05 9.99098E-05 0.15867 9.99098E-05 9.99098E-05 9.99098E-05 9.99098E-05 0.326922 9.99098E-05
9.9865E-05 9.9865E-05 9.9865E-05 9.9865E-05 9.9865E-05 9.9865E-05 9.9865E-05 9.9865E-05 0.0954974 9.9865E-05 0.903005 9.9865E-05 9.9865E-05 9.9865E-05 9.9865E-05 9.9865E-05 9.9865E-05
9.9892E-05 9.9892E-05 9.9892E-05 9.9892E-05 9.9892E-05 9.9892E-05 0.139913 9.9892E-05 9.9892E-05 9.9892E-05 0.77374 0.0398352 0.0242124 9.9892E-05 9.9892E-05 9.9892E-05 0.021101
0.124761 0.191826 9.98917E-05 9.98917E-05 0.0213947 9.98917E-05 9.98917E-05 9.98917E-05 9.98917E-05 9.98917E-05 0.0536438 9.98917E-05 9.98917E-05 9.98917E-05 9.98917E-05 0.607176 9.98917E-05
9.99098E-05 0.00516698 9.99098E-05 9.99098E-05 0.0641372 0.0132196 9.99098E-05 0.115896 9.99098E-05 9.99098E-05 0.00335289 9.99098E-05 9.99098E-05 0.0882947 9.99098E-05 0.708934 9.99098E-05
9.98828E-05 9.98828E-05 9.98828E-05 9.98828E-05 9.98828E-05 9.98828E-05 9.98828E-05 9.98828E-05 9.98828E-05 9.98828E-05 9.98828E-05 9.98828E-05 0.220442 9.98828E-05 0.00183777 0.722831 0.05359
9.98918E-05 9.98918E-05 9.98918E-05 0.287664 9.98918E-05 9.98918E-05 9.98918E-05 9.98918E-05 9.98918E-05 9.98918E-05 0.175882 0.356454 9.98918E-05 9.98918E-05 9.98918E-05 0.106846 0.0719552
0.0462673 0.017859 9.99009E-05 9.99009E-05 9.99009E-05 0.178252 9.99009E-05 0.632742 0.115912 9.99009E-05 0.00786907 9.99009E-05 9.99009E-05 9.99009E-05 9.99009E-05 9.99009E-05 9.99009E-05
9.99007E-05 9.99007E-05 9.99007E-05 0.262495 9.99007E-05 9.99007E-05 9.99007E-05 9.99007E-05 9.99007E-05 9.99007E-05 0.33677 0.0944779 9.99007E-05 9.99007E-05 0.169463 0.130691 0.00500441
0.00914701 0.0227788 0.0109857 9.99008E-05 9.99008E-05 9.99008E-05 0.0085094 9.99008E-05 9.99008E-05 9.99008E-05 0.579326 9.99008E-05 9.99008E-05 9.99008E-05 9.99008E-05 0.368155 9.99008E-05
0.215163 0.0227242 0.226578 9.98828E-05 9.98828E-05 9.98828E-05 9.98828E-05 9.98828E-05 9.98828E-05 9.98828E-05 9.98828E-05 9.98828E-05 9.98828E-05 9.98828E-05 9.98828E-05 0.534237 9.98828E-05
9.98917E-05 9.98917E-05 9.98917E-05 0.0541596 9.98917E-05 9.98917E-05 9.98917E-05 0.667919 9.98917E-05 9.98917E-05 9.98917E-05 0.114085 9.98917E-05 9.98917E-05 0.119211 0.0434265 9.98917E-05
9.99099E-05 9.99099E-05 9.99099E-05 0.168578 9.99099E-05 9.99099E-05 9.99099E-05 0.101486 9.99099E-05 9.99099E-05 9.99099E-05 0.194576 0.17241 9.99099E-05 0.0211238 0.236415 0.104411
9.98917E-05 9.98917E-05 9.98917E-05 0.125876 9.98917E-05 9.98917E-05 9.98917E-05 0.646964 9.98917E-05 9.98917E-05 9.98917E-05 0.0899711 9.98917E-05 9.98917E-05 0.0782426 0.0577477 9.98917E-05
9.99098E-05 0.0784104 9.99098E-05 9.99098E-05 9.99098E-05 9.99098E-05 9.99098E-05 0.198602 9.99098E-05 0.00625274 0.0269637 9.99098E-05 0.0448166 0.137927 9.99098E-05 0.506028 9.99098E-05
9.98919E-05 9.98919E-05 9.98919E-05 0.131694 9.98919E-05 9.98919E-05 9.98919E-05 0.0971118 9.98919E-05 9.98919E-05 0.000396797 9.98919E-05 0.543048 9.98919E-05 9.98919E-05 0.226551 9.98919E-05
9.99008E-05 9.99008E-05 0.2371 0.125512 9.99008E-05 0.108183 9.99008E-05 0.153888 9.99008E-05 9.99008E-05 0.281674 9.99008E-05 9.99008E-05 9.99008E-05 9.99008E-05 0.0925447 9.99008E-05
9.98919E-05 9.98919E-05 0.144206 0.428797 9.98919E-05 0.0472419 9.98919E-05 9.98919E-05 9.98919E-05 0.00155104 0.377005 9.98919E-05 9.98919E-05 9.98919E-05 9.98919E-05 9.98919E-05 9.98919E-05
9.9928E-05 0.0585146 0.16468 0.390806 9.9928E-05 0.176219 0.0618644 0.0800595 9.9928E-05 9.9928E-05 0.0631536 9.9928E-05 0.0018193 9.9928E-05 9.9928E-05 0.00208342 9.9928E-05
9.98918E-05 9.98918E-05 9.98918E-05 0.476201 9.98918E-05 9.98918E-05 9.98918E-05 9.98918E-05 9.98918E-05 9.98918E-05 0.23876 0.112461 9.98918E-05 9.98918E-05 0.0972392 9.98918E-05 0.0741401
9.99008E-05 9.99008E-05 9.99008E-05 0.114351 9.99008E-05 9.99008E-05 9.99008E-05 0.0949516 9.99008E-05 0.021473 0.587053 9.99008E-05 0.0477968 0.133276 9.99008E-05 9.99008E-05 9.99008E-05
0.0465663 0.0824142 0.05915 9.99009E-05 9.99009E-05 9.99009E-05 9.99009E-05 9.99009E-05 9.99009E-05 9.99009E-05 0.790478 0.0165536 9.99009E-05 9.99009E-05 9.99009E-05 0.0037388 9.99009E-05
9.99007E-05 0.587878 9.99007E-05 9.99007E-05 9.99007E-05 9.99007E-05 9.99007E-05 0.171512 9.99007E-05 9.99007E-05 9.99007E-05 0.0823777 9.99007E-05 9.99007E-05 0.142098 0.0129588 0.00207602
9.98737E-05 0.308931 9.98737E-05 0.457482 9.98737E-05 9.98737E-05 9.98737E-05 9.98737E-05 9.98737E-05 9.98737E-05 9.98737E-05 0.232189 9.98737E-05 9.98737E-05 9.98737E-05 9.98737E-05 9.98737E-05
9.98828E-05 0.746003 9.98828E-05 9.98828E-05 0.00159126 9.98828E-05 9.98828E-05 0.159951 0.0911562 9.98828E-05 9.98828E-05 9.98828E-05 9.98828E-05 9.98828E-05 9.98828E-05 9.98828E-05 9.98828E-05
9.98736E-05 0.460309 9.98736E-05 0.282206 9.98736E-05 9.98736E-05 9.98736E-05 9.98736E-05 9.98736E-05 9.98736E-05 9.98736E-05 0.256086 9.98736E-05 9.98736E-05 9.98736E-05 9.98736E-05 9.98736E-05
9.98737E-05 0.611018 9.98737E-05 0.194104 9.98737E-05 9.98737E-05 9.98737E-05 9.98737E-05 9.98737E-05 9.98737E-05 9.98737E-05 0.19348 9.98737E-05 9.98737E-05 9.98737E-05 9.98737E-05 9.98737E-05
0.0525654 0.793207 9.98828E-05 9.98828E-05 9.98828E-05 9.98828E-05 9.98828E-05 9.98828E-05 0.0906084 9.98828E-05 0.062321 9.98828E-05 9.98828E-05 9.98828E-05 9.98828E-05 9.98828E-05 9.98828E-05
9.99008E-05 0.311633 9.99008E-05 0.268406 0.133087 9.99008E-05 9.99008E-05 9.99008E-05 9.99008E-05 9.99008E-05 0.189553 0.0835738 9.99008E-05 9.99008E-05 9.99008E-05 0.0126485 9.99008E-05
9.98827E-05 0.727973 9.98827E-05 0.200842 0.0639049 9.98827E-05 9.98827E-05 9.98827E-05 9.98827E-05 9.98827E-05 9.98827E-05 9.98827E-05 9.98827E-05 0.00598119 9.98827E-05 9.98827E-05 9.98827E-05
9.99008E-05 9.99008E-05 9.99008E-05 0.00990134 9.99008E-05 9.99008E-05 9.99008E-05 9.99008E-05 9.99008E-05 0.562483 9.99008E-05 9.99008E-05 0.3079 9.99008E-05 0.00973612 0.0154971 0.0933833
9.99009E-05 9.99009E-05 0.0644778 0.130314 9.99009E-05 9.99009E-05 9.99009E-05 0.0125854 9.99009E-05 0.569399 9.99009E-05 0.0408316 0.181293 9.99009E-05 9.99009E-05 9.99009E-05 9.99009E-05
9.98829E-05 9.98829E-05 9.98829E-05 0.0242126 9.98829E-05 0.168069 9.98829E-05 9.98829E-05 9.98829E-05 0.765587 9.98829E-05 9.98829E-05 0.0408332 9.98829E-05 9.98829E-05 9.98829E-05 9.98829E-05
9.98739E-05 0.0764807 9.98739E-05 9.98739E-05 9.98739E-05 9.98739E-05 9.98739E-05 9.98739E-05 0.446108 0.476013 9.98739E-05 9.98739E-05 9.98739E-05 9.98739E-05 9.98739E-05 9.98739E-05 9.98739E-05
9.98918E-05 0.00625615 9.98918E-05 9.98918E-05 9.98918E-05 9.98918E-05 9.98918E-05 9.98918E-05 9.98918E-05 0.601858 9.98918E-05 9.98918E-05 0.170642 9.98918E-05 0.0600961 9.98918E-05 0.159949
0.00799209 0.112356 9.99188E-05 9.99188E-05 0.513378 0.030644 9.99188E-05 9.99188E-05 0.100267 0.184218 0.00569892 9.99188E-05 9.99188E-05 9.99188E-05 0.0445463 9.99188E-05 9.99188E-05
9.98738E-05 9.98738E-05 9.98738E-05 9.98738E-05 9.98738E-05 9.98738E-05 9.98738E-05 9.98738E-05 9.98738E-05 0.431949 9.98738E-05 0.538426 9.98738E-05 9.98738E-05 0.028226 9.98738E-05 9.98738E-05
9.98828E-05 9.98828E-05 9.98828E-05 9.98828E-05 9.98828E-05 9.98828E-05 9.98828E-05 9.98828E-05 9.98828E-05 0.668421 9.98828E-05 9.98828E-05 0.260874 9.98828E-05 0.0338957 0.0355106 9.98828E-05
9.99099E-05 0.00900755 9.99099E-05 9.99099E-05 9.99099E-05 9.99099E-05 9.99099E-05 0.0081752 9.99099E-05 0.656666 9.99099E-05 0.0734189 9.99099E-05 0.111833 0.0728284 0.0670719 9.99099E-05
0.0917012 9.98919E-05 9.98919E-05 9.98919E-05 9.98919E-05 9.98919E-05 0.19446 0.0274707 9.98919E-05 0.549456 0.135713 9.98919E-05 9.98919E-05 9.98919E-05 9.98919E-05 9.98919E-05 9.98919E-05
9.98828E-05 9.98828E-05 9.98828E-05 0.0295421 9.98828E-05 9.98828E-05 9.98828E-05 9.98828E-05 9.98828E-05 0.224473 9.98828E-05 9.98828E-05 0.50547 9.98828E-05 9.98828E-05 9.98828E-05 0.239215
0.0770803 9.99008E-05 0.00236953 9.99008E-05 9.99008E-05 9.99008E-05 0.42342 9.99008E-05 9.99008E-05 0.418215 0.0232546 9.99008E-05 9.99008E-05 9.99008E-05 9.99008E-05 9.99008E-05 0.0545619
9.98739E-05 9.98739E-05 9.98739E-05 0.023377 9.98739E-05 9.98739E-05 9.98739E-05 9.98739E-05 9.98739E-05 0.743711 9.98739E-05 9.98739E-05 9.98739E-05 9.98739E-05 0.231513 9.98739E-05 9.98739E-05
9.99188E-05 0.0497254 9.99188E-05 9.99188E-05 0.238474 9.99188E-05 0.119908 9.99188E-05 9.99188E-05 0.525968 0.0208073 9.99188E-05 9.99188E-05 0.0223288 0.00908555 0.012804 9.99188E-05
9.98919E-05 9.98919E-05 9.98919E-05 9.98919E-05 0.0732597 9.98919E-05 9.98919E-05 0.0424249 9.98919E-05 0.553651 9.98919E-05 9.98919E-05 0.087801 0.241665 9.98919E-05 9.98919E-05 9.98919E-05
0.0321494 9.99098E-05 9.99098E-05 9.99098E-05 0.213808 9.99098E-05 9.99098E-05 9.99098E-05 9.99098E-05 0.252725 9.99098E-05 0.22025 9.99098E-05 0.00829657 0.214621 0.0571512 9.99098E-05
0.168029 0.0326618 0.173207 9.99098E-05 9.99098E-05 9.99098E-05 0.0147438 9.99098E-05 0.0489874 0.475918 0.0854538 9.99098E-05 9.99098E-05 9.99098E-05 9.99098E-05 9.99098E-05 9.99098E-05
0.079002 0.0196658 9.98917E-05 9.98917E-05 9.98917E-05 0.535138 9.98917E-05 9.98917E-05 9.98917E-05 0.344464 9.98917E-05 0.020532 9.98917E-05 9.98917E-05 9.98917E-05 9.98917E-05 9.98917E-05
9.99009E-05 9.99009E-05 9.99009E-05 0.139135 9.99009E-05 9.99009E-05 9.99009E-05 0.0721712 9.99009E-05 0.570594 9.99009E-05 9.99009E-05 9.99009E-05 0.148524 0.0527291 9.99009E-05 0.0157481
9.98918E-05 9.98918E-05 9.98918E-05 9.98918E-05 9.98918E-05 9.98918E-05 9.98918E-05 9.98918E-05 9.98918E-05 0.697318 9.98918E-05 0.132035 9.98918E-05 9.98918E-05 0.159171 0.00808241 0.00219524
9.99099E-05 9.99099E-05 9.99099E-05 9.99099E-05 9.99099E-05 9.99099E-05 0.0597016 0.0551851 0.069387 0.631966 0.00839157 9.99099E-05 0.00100223 0.173367 9.99099E-05 9.99099E-05 9.99099E-05
0.0126814 9.98919E-05 0.0744119 9.98919E-05 9.98919E-05 0.197571 9.98919E-05 9.98919E-05 9.98919E-05 0.661881 9.98919E-05 9.98919E-05 0.0522563 9.98919E-05 9.98919E-05 9.98919E-05 9.98919E-05
0.0299909 9.9919E-05 9.9919E-05 9.9919E-05 0.36491 0.00623294 0.122674 0.0207779 0.262161 9.9919E-05 0.129467 9.9919E-05 9.9919E-05 9.9919E-05 9.9919E-05 9.9919E-05 0.062887
0.0605433 0.0580055 9.99007E-05 9.99007E-05 9.99007E-05 9.99007E-05 9.99007E-05 9.99007E-05 0.0174571 9.99007E-05 9.99007E-05 0.147708 9.99007E-05 0.228878 9.99007E-05 9.99007E-05 0.486309
0.0375092 9.99098E-05 0.0362141 9.99098E-05 0.303108 0.538611 9.99098E-05 9.99098E-05 0.0320489 9.99098E-05 0.0203505 9.99098E-05 9.99098E-05 9.99098E-05 9.99098E-05 9.99098E-05 0.0311585
9.98918E-05 9.98918E-05 9.98918E-05 9.98918E-05 0.535827 9.98918E-05 9.98918E-05 0.0113962 9.98918E-05 9.98918E-05 9.98918E-05 9.98918E-05 9.98918E-05 9.98918E-05 0.410125 0.0174478 0.0240057
9.98827E-05 9.98827E-05 9.98827E-05 0.0207808 9.98827E-05 9.98827E-05 9.98827E-05 9.98827E-05 9.98827E-05 0.00871011 9.98827E-05 9.98827E-05 0.127752 9.98827E-05 9.98827E-05 9.98827E-05 0.841459
0.160803 9.98918E-05 0.127642 9.98918E-05 0.302225 0.0880459 0.320086 9.98918E-05 9.98918E-05 9.98918E-05 9.98918E-05 9.98918E-05 9.98918E-05 9.98918E-05 9.98918E-05 9.98918E-05 9.98918E-05
0.0463995 9.99098E-05 0.101827 9.99098E-05 9.99098E-05 9.99098E-05 0.1775 0.00655427 9.99098E-05 9.99098E-05 0.00842703 9.99098E-05 9.99098E-05 0.0809622 9.99098E-05 9.99098E-05 0.577331
9.99189E-05 0.00441003 0.0506472 0.0403385 0.687997 9.99189E-05 9.99189E-05 9.99189E-05 9.99189E-05 0.0409309 0.0819019 0.036788 9.99189E-05 9.99189E-05 9.99189E-05 9.99189E-05 0.0560876
9.98828E-05 9.98828E-05 0.444018 9.98828E-05 9.98828E-05 0.075109 9.98828E-05 9.98828E-05 9.98828E-05 9.98828E-05 9.98828E-05 9.98828E-05 9.98828E-05 0.138719 9.98828E-05 9.98828E-05 0.340855
9.98919E-05 9.98919E-05 9.98919E-05 9.98919E-05 0.133175 0.0135819 9.98919E-05 9.98919E-05 9.98919E-05 9.98919E-05 9.98919E-05 0.2369 9.98919E-05 9.98919E-05 0.121962 9.98919E-05 0.493183
9.99188E-05 9.99188E-05 0.300167 9.99188E-05 0.213044 9.99188E-05 0.254536 9.99188E-05 0.102502 0.00118749 0.0912692 9.99188E-05 9.99188E-05 0.0268616 9.99188E-05 9.99188E-05 0.00953419
0.0478544 0.0336348 0.120027 9.99008E-05 9.99008E-05 0.360674 9.99008E-05 9.99008E-05 9.99008E-05 9.99008E-05 9.99008E-05 9.99008E-05 9.99008E-05 0.136317 9.99008E-05 9.99008E-05 0.300395
9.98828E-05 9.98828E-05 9.98828E-05 9.98828E-05 9.98828E-05 9.98828E-05 9.98828E-05 9.98828E-05 9.98828E-05 0.0393836 9.98828E-05 0.0152588 0.103736 9.98828E-05 9.98828E-05 9.98828E-05 0.840323
0.308268 9.98919E-05 9.98919E-05 9.98919E-05 0.181791 0.061239 0.239972 9.98919E-05 0.207531 9.98919E-05 9.98919E-05 9.98919E-05 9.98919E-05 9.98919E-05 9.98919E-05 9.98919E-05 9.98919E-05
0.162308 9.98918E-05 0.578467 9.98918E-05 9.98918E-05 0.00143817 9.98918E-05 9.98918E-05 9.98918E-05 9.98918E-05 0.028721 9.98918E-05 9.98918E-05 9.98918E-05 9.98918E-05 9.98918E-05 0.227868
0.137838 9.99007E-05 0.197029 9.99007E-05 0.296761 0.174173 0.138156 9.99007E-05 9.99007E-05 9.99007E-05 9.99007E-05 0.0549437 9.99007E-05 9.99007E-05 9.99007E-05 9.99007E-05 9.99007E-05
9.98739E-05 9.98739E-05 9.98739E-05 9.98739E-05 9.98739E-05 9.98739E-05 9.98739E-05 9.98739E-05 9.98739E-05 9.98739E-05 9.98739E-05 9.98739E-05 0.0826942 9.98739E-05 0.171726 9.98739E-05 0.744181
9.98827E-05 9.98827E-05 0.664284 9.98827E-05 0.126077 0.106565 9.98827E-05 9.98827E-05 9.98827E-05 9.98827E-05 9.98827E-05 9.98827E-05 9.98827E-05 9.98827E-05 9.98827E-05 9.98827E-05 0.101774
0.0229523 9.99099E-05 0.00442042 9.99099E-05 0.273849 9.99099E-05 0.296846 9.99099E-05 0.340163 0.0110743 0.0496957 9.99099E-05 9.99099E-05 9.99099E-05 9.99099E-05 9.99099E-05 9.99099E-05
9.99008E-05 0.104272 9.99008E-05 9.99008E-05 0.619282 9.99008E-05 9.99008E-05 9.99008E-05 0.0319156 9.99008E-05 9.99008E-05 0.0513319 9.99008E-05 9.99008E-05 0.0918763 9.99008E-05 0.100224
9.99191E-05 9.99191E-05 9.99191E-05 9.99191E-05 0.29354 0.38499 0.0075521 0.063362 0.0469369 0.0476272 0.0282546 9.99191E-05 0.126837 9.99191E-05 9.99191E-05 9.99191E-05 9.99191E-05
0.00941121 9.99189E-05 0.0518286 9.99189E-05 0.40338 0.32393 0.0265992 0.0680755 9.99189E-05 9.99189E-05 0.0140274 9.99189E-05 9.99189E-05 9.99189E-05 9.99189E-05 9.99189E-05 0.101849
9.98737E-05 9.98737E-05 9.98737E-05 9.98737E-05 0.071452 9.98737E-05 9.98737E-05 9.98737E-05 9.98737E-05 9.98737E-05 9.98737E-05 9.98737E-05 9.98737E-05 9.98737E-05 0.274648 9.98737E-05 0.652501
9.99098E-05 9.99098E-05 0.494269 0.0278116 0.190585 9.99098E-05 0.0781839 9.99098E-05 9.99098E-05 9.99098E-05 9.99098E-05 0.167421 0.00905462 9.99098E-05 9.99098E-05 0.0316754 9.99098E-05
9.98916E-05 0.0949258 9.98916E-05 9.98916E-05 0.261208 9.98916E-05 9.98916E-05 9.98916E-05 0.0341932 9.98916E-05 9.98916E-05 9.98916E-05 9.98916E-05 0.220408 9.98916E-05 9.98916E-05 0.388067
9.99279E-05 9.99279E-05 9.99279E-05 0.0158437 0.180491 9.99279E-05 9.99279E-05 0.00243951 9.99279E-05 0.181129 9.99279E-05 9.99279E-05 0.00734774 0.0572716 0.334678 0.133451 0.0865484
9.99098E-05 9.99098E-05 0.578571 9.99098E-05 0.01228 9.99098E-05 0.0486248 9.99098E-05 0.0559635 0.151221 0.0276079 9.99098E-05 9.99098E-05 9.99098E-05 0.124732 9.99098E-05 9.99098E-05
9.98829E-05 9.98829E-05 9.98829E-05 9.98829E-05 9.98829E-05 9.98829E-05 9.98829E-05 9.98829E-05 9.98829E-05 0.194302 0.089505 9.98829E-05 0.061012 0.653882 9.98829E-05 9.98829E-05 9.98829E-05
0.00963399 9.9928E-05 9.9928E-05 9.9928E-05 0.0114293 0.00163309 9.9928E-05 0.0400764 9.9928E-05 9.9928E-05 0.00608269 0.0594968 0.597742 9.9928E-05 0.162583 9.9928E-05 0.110523
0.0115905 9.99188E-05 9.99188E-05 9.99188E-05 0.149533 9.99188E-05 9.99188E-05 9.99188E-05 9.99188E-05 0.0583132 9.99188E-05 0.229284 9.99188E-05 0.337203 0.0342383 0.124025 0.0549138
9.99459E-05 9.99459E-05 9.99459E-05 0.00343809 0.0414953 9.99459E-05 0.022837 0.00601986 0.089988 0.0828693 0.00150458 0.128908 9.99459E-05 0.0453471 0.5584 0.0185929 9.99459E-05
9.99189E-05 9.99189E-05 9.99189E-05 9.99189E-05 0.0235688 0.0238121 0.497104 0.0410265 9.99189E-05 9.99189E-05 0.0455996 9.99189E-05 9.99189E-05 0.150992 0.134316 9.99189E-05 0.0826826
9.98919E-05 9.98919E-05 9.98919E-05 9.98919E-05 0.10026 9.98919E-05 9.98919E-05 9.98919E-05 9.98919E-05 0.00180037 9.98919E-05 0.030126 9.98919E-05 9.98919E-05 0.809083 9.98919E-05 0.0575313
0.087812 9.98917E-05 0.287468 9.98917E-05 0.256084 0.185708 0.18173 9.98917E-05 9.98917E-05 9.98917E-05 9.98917E-05 9.98917E-05 9.98917E-05 9.98917E-05 9.98917E-05 9.98917E-05 9.98917E-05
0.00739212 9.99009E-05 9.99009E-05 9.99009E-05 0.0923683 9.99009E-05 9.99009E-05 9.99009E-05 0.00334118 0.0181723 9.99009E-05 9.99009E-05 9.99009E-05 0.00458625 0.873041 9.99009E-05 9.99009E-05
9.99189E-05 9.99189E-05 0.0297016 9.99189E-05 0.0100803 0.431726 9.99189E-05 9.99189E-05 0.0301949 9.99189E-05 9.99189E-05 9.99189E-05 0.0723018 0.300968 0.00167245 9.99189E-05 0.122456
0.136046 9.99369E-05 0.184892 9.99369E-05 0.00123632 0.368217 0.0438205 9.99369E-05 9.99369E-05 0.109403 9.99369E-05 0.0143161 0.0109936 0.10669 0.023686 9.99369E-05 9.99369E-05
9.9919E-05 9.9919E-05 9.9919E-05 0.0949545 0.261569 0.0236089 9.9919E-05 9.9919E-05 0.0147769 0.119984 0.0295213 9.9919E-05 9.9919E-05 0.442754 9.9919E-05 0.0119316 9.9919E-05
9.98918E-05 9.98918E-05 9.98918E-05 9.98918E-05 0.552958 9.98918E-05 9.98918E-05 9.98918E-05 9.98918E-05 0.116917 0.0680242 0.11218 9.98918E-05 0.148722 9.98918E-05 9.98918E-05 9.98918E-05
0.0501175 9.99188E-05 9.99188E-05 0.00255255 0.217827 9.99188E-05 9.99188E-05 0.0304133 9.99188E-05 0.116726 0.00348338 9.99188E-05 0.0897888 0.488192 9.99188E-05 9.99188E-05 9.99188E-05
9.99188E-05 9.99188E-05 0.0596631 9.99188E-05 0.216299 0.366292 0.0485458 9.99188E-05 9.99188E-05 0.168703 9.99188E-05 9.99188E-05 0.0359327 0.0170365 0.0866286 9.99188E-05 9.99188E-05
9.98918E-05 9.98918E-05 9.98918E-05 9.98918E-05 0.127293 9.98918E-05 9.98918E-05 9.98918E-05 9.98918E-05 9.98918E-05 9.98918E-05 0.0675636 0.573591 9.98918E-05 0.15145 9.98918E-05 0.0789041
9.98918E-05 9.98918E-05 9.98918E-05 9.98918E-05 9.98918E-05 9.98918E-05 9.98918E-05 9.98918E-05 9.98918E-05 9.98918E-05 9.98918E-05 0.0022974 0.356798 0.194084 0.194014 9.98918E-05 0.251608
9.99098E-05 9.99098E-05 0.0745208 9.99098E-05 0.0588116 9.99098E-05 9.99098E-05 9.99098E-05 0.00835384 9.99098E-05 9.99098E-05 0.431174 9.99098E-05 0.151616 0.200797 0.0737277 9.99098E-05
9.9892E-05 9.9892E-05 0.0621113 0.035714 9.9892E-05 9.9892E-05 9.9892E-05 9.9892E-05 9.9892E-05 9.9892E-05 9.9892E-05 9.9892E-05 0.0208704 0.0570658 0.82304 9.9892E-05 9.9892E-05
0.00546727 9.98828E-05 9.98828E-05 9.98828E-05 0.104065 9.98828E-05 0.020285 9.98828E-05 9.98828E-05 9.98828E-05 9.98828E-05 9.98828E-05 0.868884 9.98828E-05 9.98828E-05 9.98828E-05 9.98828E-05
9.99098E-05 0.0330667 0.0936949 0.0932747 9.99098E-05 9.99098E-05 9.99098E-05 9.99098E-05 0.00652542 9.99098E-05 9.99098E-05 0.458661 9.99098E-05 0.216289 9.99098E-05 9.99098E-05 0.0974894
9.99008E-05 0.0433611 9.99008E-05 9.99008E-05 0.384008 9.99008E-05 0.0366126 9.99008E-05 9.99008E-05 9.99008E-05 9.99008E-05 0.0768776 9.99008E-05 9.99008E-05 0.425766 9.99008E-05 0.0322762
0.397494 0.0255033 9.9892E-05 9.9892E-05 9.9892E-05 9.9892E-05 9.9892E-05 0.0286749 0.518651 9.9892E-05 9.9892E-05 9.9892E-05 9.9892E-05 0.0284783 9.9892E-05 9.9892E-05 9.9892E-05
0.850917 9.98918E-05 0.0172947 9.98918E-05 0.0621949 9.98918E-05 9.98918E-05 0.0216303 9.98918E-05 9.98918E-05 9.98918E-05 0.0467646 9.98918E-05 9.98918E-05 9.98918E-05 9.98918E-05 9.98918E-05
0.0668918 0.0593064 9.99188E-05 9.99188E-05 0.261804 9.99188E-05 9.99188E-05 9.99188E-05 0.093113 9.99188E-05 9.99188E-05 0.426009 9.99188E-05 0.0439199 0.0107813 0.0372755 9.99188E-05
0.6482 9.98917E-05 0.0403993 9.98917E-05 0.0624995 9.98917E-05 0.200449 9.98917E-05 9.98917E-05 9.98917E-05 9.98917E-05 0.0472539 9.98917E-05 9.98917E-05 9.98917E-05 9.98917E-05 9.98917E-05
0.908237 9.98739E-05 9.98739E-05 9.98739E-05 9.98739E-05 9.98739E-05 9.98739E-05 9.98739E-05 0.0441632 0.0462015 9.98739E-05 9.98739E-05 9.98739E-05 9.98739E-05 9.98739E-05 9.98739E-05 9.98739E-05
0.471913 9.98918E-05 9.98918E-05 9.98918E-05 9.98918E-05 0.390771 9.98918E-05 0.0570394 9.98918E-05 0.00554635 9.98918E-05 0.0735318 9.98918E-05 9.98918E-05 9.98918E-05 9.98918E-05 9.98918E-05
0.786609 9.99009E-05 9.99009E-05 9.99009E-05 0.0682654 0.0998003 9.99009E-05 9.99009E-05 9.99009E-05 0.0311465 9.99009E-05 0.0070035 9.99009E-05 9.99009E-05 9.99009E-05 9.99009E-05 0.00607624
0.221581 0.0383839 9.98919E-05 9.98919E-05 0.0162686 9.98919E-05 9.98919E-05 9.98919E-05 9.98919E-05 9.98919E-05 9.98919E-05 0.552269 9.98919E-05 9.98919E-05 0.170298 9.98919E-05 9.98919E-05
9.9901E-05 9.9901E-05 9.9901E-05 9.9901E-05 0.0107554 9.9901E-05 0.00889552 9.9901E-05 9.9901E-05 9.9901E-05 9.9901E-05 0.327005 0.180101 9.9901E-05 0.134183 9.9901E-05 0.337961
9.99098E-05 0.0593486 0.084337 9.99098E-05 0.292137 9.99098E-05 9.99098E-05 9.99098E-05 0.448521 0.0190164 9.99098E-05 0.0588245 9.99098E-05 9.99098E-05 9.99098E-05 0.0368167 9.99098E-05
0.0947546 0.00384824 9.9883E-05 9.9883E-05 9.9883E-05 9.9883E-05 9.9883E-05 9.9883E-05 9.9883E-05 0.050385 9.9883E-05 0.849714 9.9883E-05 9.9883E-05 9.9883E-05 9.9883E-05 9.9883E-05
0.0615588 0.123942 9.9892E-05 9.9892E-05 0.233638 9.9892E-05 9.9892E-05 9.9892E-05 9.9892E-05 9.9892E-05 9.9892E-05 0.430097 9.9892E-05 9.9892E-05 9.9892E-05 0.149566 9.9892E-05
0.188219 0.143065 9.99188E-05 9.99188E-05 0.344329 9.99188E-05 0.0266123 9.99188E-05 0.0745483 0.0219792 9.99188E-05 0.149054 9.99188E-05 9.99188E-05 0.0512937 9.99188E-05 9.99188E-05
9.98919E-05 9.98919E-05 0.00875221 9.98919E-05 0.17042 9.98919E-05 9.98919E-05 9.98919E-05 9.98919E-05 9.98919E-05 9.98919E-05 0.534223 9.98919E-05 9.98919E-05 0.174428 9.98919E-05 0.110978
9.99099E-05 9.99099E-05 9.99099E-05 0.0157786 0.071902 9.99099E-05 9.99099E-05 9.99099E-05 0.314277 0.0375511 9.99099E-05 0.450951 0.00845768 9.99099E-05 0.100084 9.99099E-05 9.99099E-05
9.99189E-05 0.00729741 0.544166 0.043238 0.149126 9.99189E-05 9.99189E-05 0.0507999 0.0728548 9.99189E-05 9.99189E-05 0.0667594 9.99189E-05 0.0648584 9.99189E-05 9.99189E-05 9.99189E-05
9.99188E-05 0.0723483 9.99188E-05 9.99188E-05 0.200924 9.99188E-05 0.124073 0.00363623 0.0708936 9.99188E-05 0.0322456 0.395295 9.99188E-05 9.99188E-05 0.0996857 9.99188E-05 9.99188E-05
9.98918E-05 9.98918E-05 9.98918E-05 9.98918E-05 0.137041 9.98918E-05 9.98918E-05 9.98918E-05 0.329903 0.100036 9.98918E-05 0.402818 9.98918E-05 9.98918E-05 9.98918E-05 0.029003 9.98918E-05
0.168632 9.99008E-05 0.0325558 9.99008E-05 0.0511576 9.99008E-05 0.481031 9.99008E-05 0.264689 9.99008E-05 9.99008E-05 9.99008E-05 9.99008E-05 9.99008E-05 0.000835033 9.99008E-05 9.99008E-05
0.038175 0.0189767 0.00240206 9.9946E-05 0.395762 0.00710514 0.0246854 9.9946E-05 0.412529 9.9946E-05 9.9946E-05 0.0391308 0.0322432 0.00465402 9.9946E-05 0.0237374 9.9946E-05
0.00462117 9.9919E-05 9.9919E-05 9.9919E-05 9.9919E-05 0.0151066 0.0482669 9.9919E-05 0.0241826 9.9919E-05 0.0242448 0.720654 0.0690629 9.9919E-05 0.0929616 9.9919E-05 9.9919E-05
9.99099E-05 0.0454762 0.00784313 9.99099E-05 0.378134 9.99099E-05 9.99099E-05 9.99099E-05 0.0463982 0.0329515 9.99099E-05 0.421435 9.99099E-05 9.99099E-05 0.0667633 9.99099E-05 9.99099E-05
9.9901E-05 9.9901E-05 9.9901E-05 9.9901E-05 9.9901E-05 9.9901E-05 0.00702261 9.9901E-05 9.9901E-05 9.9901E-05 9.9901E-05 0.514015 0.0124027 0.021787 0.259814 9.9901E-05 0.183859
0.319842 9.98918E-05 0.0819209 9.98918E-05 0.352948 9.98918E-05 0.0318717 9.98918E-05 0.212219 9.98918E-05 9.98918E-05 9.98918E-05 9.98918E-05 9.98918E-05 9.98918E-05 9.98918E-05 9.98918E-05
9.99009E-05 0.0909653 9.99009E-05 9.99009E-05 0.55418 9.99009E-05 0.0197748 9.99009E-05 0.245682 9.99009E-05 9.99009E-05 9.99009E-05 9.99009E-05 0.0697583 9.99009E-05 0.0185408 9.99009E-05
9.99099E-05 9.99099E-05 0.0119701 9.99099E-05 0.00477209 9.99099E-05 9.99099E-05 9.99099E-05 0.032127 9.99099E-05 9.99099E-05 0.589439 9.99099E-05 9.99099E-05 0.226597 0.0205835 0.113512
0.318719 9.99009E-05 0.353362 9.99009E-05 9.99009E-05 9.99009E-05 9.99009E-05 9.99009E-05 0.109825 0.0460854 0.0394438 9.99009E-05 9.99009E-05 0.131466 9.99009E-05 9.99009E-05 9.99009E-05
9.99008E-05 9.99008E-05 0.18663 9.99008E-05 9.99008E-05 9.99008E-05 0.38606 9.99008E-05 0.0563399 9.99008E-05 9.99008E-05 0.00516273 9.99008E-05 0.308152 9.99008E-05 9.99008E-05 0.0565569
9.99279E-05 0.0571443 9.99279E-05 0.043263 0.104976 9.99279E-05 9.99279E-05 0.0228845 9.99279E-05 0.0381147 9.99279E-05 0.11106 9.99279E-05 9.99279E-05 0.509639 0.103045 0.00907396
9.98918E-05 9.98918E-05 9.98918E-05 9.98918E-05 9.98918E-05 9.98918E-05 9.98918E-05 9.98918E-05 9.98918E-05 9.98918E-05 9.98918E-05 0.0298324 9.98918E-05 0.634839 0.184252 0.0299133 0.119964
0.360735 0.107584 0.0257358 9.99099E-05 9.99099E-05 9.99099E-05 0.309196 0.0323637 9.99099E-05 9.99099E-05 9.99099E-05 9.99099E-05 9.99099E-05 0.097511 9.99099E-05 9.99099E-05 0.0658757
0.414143 0.051068 0.347044 9.98918E-05 9.98918E-05 9.98918E-05 9.98918E-05 9.98918E-05 9.98918E-05 9.98918E-05 9.98918E-05 9.98918E-05 9.98918E-05 0.142137 9.98918E-05 9.98918E-05 0.04441
0.309872 0.0636388 0.473767 9.99189E-05 9.99189E-05 9.99189E-05 0.0190641 9.99189E-05 0.036933 9.99189E-05 0.000614382 9.99189E-05 9.99189E-05 0.0418731 9.99189E-05 0.0533376 9.99189E-05
9.98829E-05 9.98829E-05 9.98829E-05 9.98829E-05 9.98829E-05 9.98829E-05 9.98829E-05 9.98829E-05 9.98829E-05 9.98829E-05 9.98829E-05 9.98829E-05 0.326203 0.173459 0.303182 9.98829E-05 0.195857
9.99009E-05 0.108715 9.99009E-05 9.99009E-05 0.087792 9.99009E-05 9.99009E-05 9.99009E-05 9.99009E-05 9.99009E-05 9.99009E-05 0.253542 9.99009E-05 0.261623 0.200494 9.99009E-05 0.0867349
9.99188E-05 0.0314827 0.106177 9.99188E-05 0.057986 9.99188E-05 0.106216 9.99188E-05 0.0465239 0.294411 0.0102303 9.99188E-05 9.99188E-05 0.346073 9.99188E-05 9.99188E-05 9.99188E-05
0.360215 9.99098E-05 0.25948 9.99098E-05 0.0300981 9.99098E-05 0.117045 9.99098E-05 9.99098E-05 0.00207769 9.99098E-05 9.99098E-05 9.99098E-05 0.1796 9.99098E-05 9.99098E-05 0.0504852
9.99189E-05 9.99189E-05 9.99189E-05 0.0219699 9.99189E-05 9.99189E-05 9.99189E-05 9.99189E-05 9.99189E-05 0.0300348 9.99189E-05 0.072073 0.218171 0.221302 0.335358 0.00278275 0.0974088
0.104469 0.0450289 9.99189E-05 9.99189E-05 0.436277 9.99189E-05 9.99189E-05 0.0297394 9.99189E-05 9.99189E-05 9.99189E-05 0.116322 9.99189E-05 0.0935826 0.111223 9.99189E-05 0.062458
0.0982532 0.0562355 9.99098E-05 9.99098E-05 0.176872 9.99098E-05 9.99098E-05 9.99098E-05 9.99098E-05 9.99098E-05 9.99098E-05 0.36912 9.99098E-05 0.245047 9.99098E-05 0.00355628 0.0499176
9.99098E-05 9.99098E-05 9.99098E-05 9.99098E-05 0.155958 9.99098E-05 0.00677726 9.99098E-05 0.0149372 0.152191 0.0249326 9.99098E-05 0.0536316 0.590573 9.99098E-05 9.99098E-05 9.99098E-05
9.98918E-05 9.98918E-05 9.98918E-05 0.0279579 0.367639 9.98918E-05 9.98918E-05 9.98918E-05 9.98918E-05 0.180528 9.98918E-05 0.272873 9.98918E-05 9.98918E-05 0.149804 9.98918E-05 9.98918E-05
0.110763 0.011141 9.99278E-05 9.99278E-05 0.297958 9.99278E-05 0.191216 9.99278E-05 0.220115 0.0478423 0.0495634 0.0611368 9.99278E-05 0.0094651 9.99278E-05 9.99278E-05 9.99278E-05
0.0105536 0.0368764 0.0666445 9.99188E-05 0.468774 9.99188E-05 0.0962965 9.99188E-05 0.0193958 9.99188E-05 9.99188E-05 9.99188E-05 9.99188E-05 0.298516 9.99188E-05 0.00204458 9.99188E-05
0.397085 9.991E-05 0.339855 9.991E-05 0.0100719 9.991E-05 0.120586 0.0192978 9.991E-05 9.991E-05 0.00573602 9.991E-05 9.991E-05 9.991E-05 9.991E-05 9.991E-05 0.106369
9.99187E-05 9.99187E-05 0.168263 0.0943811 9.99187E-05 9.99187E-05 9.99187E-05 9.99187E-05 0.0181008 9.99187E-05 9.99187E-05 0.252578 9.99187E-05 0.126743 0.207524 0.0427364 0.0887748
0.249507 0.00352063 0.3324 9.99188E-05 9.99188E-05 9.99188E-05 0.00439727 9.99188E-05 0.201476 9.99188E-05 9.99188E-05 0.0141336 9.99188E-05 0.145695 0.0479721 9.99188E-05 9.99188E-05
0.0826584 9.99098E-05 0.301551 9.99098E-05 0.0194419 0.311781 9.99098E-05 9.99098E-05 0.178522 9.99098E-05 9.99098E-05 9.99098E-05 9.99098E-05 0.00552337 0.0995233 9.99098E-05 9.99098E-05
