0.0543154 9.9883E-05 9.9883E-05 9.9883E-05 0.0450313 9.9883E-05 9.9883E-05 9.9883E-05 0.045907 0.454823 9.9883E-05 9.9883E-05 9.9883E-05 9.9883E-05 9.9883E-05 9.9883E-05 0.342868 9.9883E-05 0.0557565
0.0337125 9.98829E-05 9.98829E-05 9.98829E-05 9.98829E-05 0.0097046 9.98829E-05 9.98829E-05 9.98829E-05 0.571065 0.0723314 9.98829E-05 9.98829E-05 0.0434254 9.98829E-05 9.98829E-05 0.268463 9.98829E-05 9.98829E-05
0.00563455 0.112076 9.99188E-05 0.0298874 0.0224253 9.99188E-05 0.239438 9.99188E-05 0.00205424 0.0918967 0.00215124 9.99188E-05 9.99188E-05 0.0880765 0.405461 9.99188E-05 9.99188E-05 9.99188E-05 9.99188E-05
9.98919E-05 9.98919E-05 0.0147458 9.98919E-05 9.98919E-05 9.98919E-05 9.98919E-05 0.0246988 0.0224524 0.192733 9.98919E-05 9.98919E-05 0.085766 9.98919E-05 9.98919E-05 9.98919E-05 0.501739 9.98919E-05 0.156666
9.99008E-05 9.99008E-05 0.206865 0.0669386 0.150488 9.99008E-05 9.99008E-05 9.99008E-05 9.99008E-05 0.0045042 9.99008E-05 9.99008E-05 9.99008E-05 9.99008E-05 9.99008E-05 0.161593 0.284942 0.0475728 0.075997
0.0101997 9.99098E-05 9.99098E-05 9.99098E-05 9.99098E-05 0.0149167 0.0465374 9.99098E-05 9.99098E-05 0.27355 9.99098E-05 0.0151919 9.99098E-05 9.99098E-05 0.214735 0.0814642 9.99098E-05 0.0986891 0.243717
9.98737E-05 0.174904 9.98737E-05 9.98737E-05 9.98737E-05 9.98737E-05 0.311264 9.98737E-05 9.98737E-05 0.310545 9.98737E-05 9.98737E-05 9.98737E-05 9.98737E-05 0.164319 9.98737E-05 0.0375706 9.98737E-05 9.98737E-05
0.145497 9.9892E-05 9.9892E-05 9.9892E-05 9.9892E-05 9.9892E-05 0.100602 9.9892E-05 9.9892E-05 0.236509 9.9892E-05 9.9892E-05 9.9892E-05 9.9892E-05 0.255299 0.147783 9.9892E-05 0.0104316 0.102678
9.99189E-05 9.99189E-05 9.99189E-05 0.0310973 9.99189E-05 9.99189E-05 9.99189E-05 9.99189E-05 0.0270087 0.40779 0.0126763 0.0294259 0.107095 9.99189E-05 0.0718191 0.0968059 0.212941 0.00244138 9.99189E-05
9.98828E-05 0.434613 9.98828E-05 9.98828E-05 9.98828E-05 9.98828E-05 0.158597 9.98828E-05 0.0331966 9.98828E-05 9.98828E-05 9.98828E-05 9.98828E-05 9.98828E-05 0.0545448 9.98828E-05 9.98828E-05 0.171129 0.146622
9.99189E-05 9.99189E-05 9.99189E-05 0.00258271 9.99189E-05 9.99189E-05 9.99189E-05 9.99189E-05 0.00652011 0.116099 0.378485 9.99189E-05 0.0125088 0.0682868 0.128084 0.110984 0.130144 0.0454056 9.99189E-05
9.98919E-05 9.98919E-05 9.98919E-05 0.000253317 9.98919E-05 9.98919E-05 9.98919E-05 9.98919E-05 9.98919E-05 9.98919E-05 0.0445718 9.98919E-05 0.113984 9.98919E-05 0.157589 0.114784 0.467106 0.100513 9.98919E-05
9.99189E-05 9.99189E-05 9.99189E-05 0.0402238 0.280374 9.99189E-05 0.104865 0.0126219 0.0118438 0.278208 0.0538589 0.012392 0.204403 9.99189E-05 9.99189E-05 9.99189E-05 9.99189E-05 0.000310676 9.99189E-05
9.9874E-05 0.00314615 0.0035155 9.9874E-05 9.9874E-05 9.9874E-05 9.9874E-05 9.9874E-05 9.9874E-05 0.105002 9.9874E-05 9.9874E-05 9.9874E-05 9.9874E-05 0.854435 9.9874E-05 9.9874E-05 0.0325028 9.9874E-05
9.98649E-05 9.98649E-05 9.98649E-05 9.98649E-05 9.98649E-05 9.98649E-05 9.98649E-05 9.98649E-05 9.98649E-05 9.98649E-05 0.36162 9.98649E-05 9.98649E-05 9.98649E-05 0.132683 0.170656 0.333543 9.98649E-05 9.98649E-05
9.99188E-05 0.387121 9.99188E-05 0.0219799 0.0450579 0.0105887 0.291338 0.0113253 0.000104262 9.99188E-05 9.99188E-05 9.99188E-05 9.99188E-05 9.99188E-05 0.0787296 0.0494056 9.99188E-05 9.99188E-05 0.103451
9.98738E-05 0.154947 9.98738E-05 9.98738E-05 9.98738E-05 9.98738E-05 0.175863 9.98738E-05 9.98738E-05 0.375187 9.98738E-05 9.98738E-05 9.98738E-05 9.98738E-05 0.257702 9.98738E-05 0.0349038 9.98738E-05 9.98738E-05
9.98737E-05 9.98737E-05 9.98737E-05 9.98737E-05 0.0285474 9.98737E-05 0.203213 9.98737E-05 9.98737E-05 0.28276 0.0386598 9.98737E-05 9.98737E-05 9.98737E-05 0.445421 9.98737E-05 9.98737E-05 9.98737E-05 9.98737E-05
9.9883E-05 9.9883E-05 9.9883E-05 9.9883E-05 9.9883E-05 9.9883E-05 9.9883E-05 9.9883E-05 9.9883E-05 0.222208 9.9883E-05 0.0251744 0.187377 0.149448 0.0729739 9.9883E-05 0.34152 9.9883E-05 9.9883E-05
9.98738E-05 9.98738E-05 0.102947 0.0213286 9.98738E-05 9.98738E-05 9.98738E-05 9.98738E-05 0.717552 9.98738E-05 0.113528 9.98738E-05 9.98738E-05 9.98738E-05 9.98738E-05 9.98738E-05 9.98738E-05 9.98738E-05 0.0432463
9.98739E-05 9.98739E-05 0.118258 9.98739E-05 9.98739E-05 9.98739E-05 9.98739E-05 0.00789129 0.76724 9.98739E-05 9.98739E-05 9.98739E-05 0.0484872 9.98739E-05 9.98739E-05 9.98739E-05 9.98739E-05 9.98739E-05 0.0567252
9.98467E-05 9.98467E-05 9.98467E-05 9.98467E-05 9.98467E-05 9.98467E-05 9.98467E-05 9.98467E-05 0.823906 9.98467E-05 9.98467E-05 9.98467E-05 9.98467E-05 9.98467E-05 9.98467E-05 9.98467E-05 9.98467E-05 9.98467E-05 0.174397
0.000875225 9.98739E-05 0.0568792 0.0277924 9.98739E-05 9.98739E-05 9.98739E-05 9.98739E-05 0.610353 9.98739E-05 9.98739E-05 9.98739E-05 0.302702 9.98739E-05 9.98739E-05 9.98739E-05 9.98739E-05 9.98739E-05 9.98739E-05
9.98739E-05 9.98739E-05 9.98739E-05 0.00545987 9.98739E-05 9.98739E-05 9.98739E-05 9.98739E-05 0.722515 9.98739E-05 0.0842649 9.98739E-05 0.090188 9.98739E-05 9.98739E-05 9.98739E-05 0.0961743 9.98739E-05 9.98739E-05
0.00210035 0.066952 9.99008E-05 0.00371294 9.99008E-05 0.193788 9.99008E-05 9.99008E-05 0.437522 9.99008E-05 9.99008E-05 0.0426817 9.99008E-05 0.00119084 0.250954 9.99008E-05 9.99008E-05 9.99008E-05 9.99008E-05
0.0479517 9.99008E-05 9.99008E-05 0.035033 9.99008E-05 9.99008E-05 9.99008E-05 9.99008E-05 0.299982 9.99008E-05 0.0884571 0.288252 9.99008E-05 9.99008E-05 9.99008E-05 0.0810803 0.108158 0.0499874 9.99008E-05
9.98739E-05 9.98739E-05 9.98739E-05 0.0311705 9.98739E-05 0.205297 0.12952 0.3902 0.242415 9.98739E-05 9.98739E-05 9.98739E-05 9.98739E-05 9.98739E-05 9.98739E-05 9.98739E-05 9.98739E-05 9.98739E-05 9.98739E-05
0.0986347 9.98917E-05 0.446822 0.0126116 9.98917E-05 9.98917E-05 9.98917E-05 9.98917E-05 0.140064 9.98917E-05 0.0333749 0.15868 9.98917E-05 9.98917E-05 9.98917E-05 9.98917E-05 9.98917E-05 9.98917E-05 0.108614
9.98828E-05 0.0406055 9.98828E-05 9.98828E-05 0.0339596 0.00552815 9.98828E-05 9.98828E-05 0.803587 9.98828E-05 9.98828E-05 0.0239625 9.98828E-05 9.98828E-05 9.98828E-05 9.98828E-05 9.98828E-05 9.98828E-05 0.091059
9.98559E-05 9.98559E-05 0.0199438 9.98559E-05 9.98559E-05 9.98559E-05 9.98559E-05 9.98559E-05 0.850494 9.98559E-05 9.98559E-05 9.98559E-05 0.127964 9.98559E-05 9.98559E-05 9.98559E-05 9.98559E-05 9.98559E-05 9.98559E-05
9.98921E-05 0.0572036 0.0365657 9.98921E-05 9.98921E-05 0.0596681 0.0861153 0.0958762 0.550902 9.98921E-05 9.98921E-05 9.98921E-05 0.112471 9.98921E-05 9.98921E-05 9.98921E-05 9.98921E-05 9.98921E-05 9.98921E-05
9.98828E-05 0.0429637 9.98828E-05 9.98828E-05 0.100693 0.169753 9.98828E-05 9.98828E-05 0.0111152 9.98828E-05 9.98828E-05 0.665923 9.98828E-05 9.98828E-05 9.98828E-05 9.98828E-05 9.98828E-05 9.98828E-05 0.00825418
9.98738E-05 0.191728 9.98738E-05 9.98738E-05 9.98738E-05 0.0571091 0.150976 0.0221872 0.576602 9.98738E-05 9.98738E-05 9.98738E-05 9.98738E-05 9.98738E-05 9.98738E-05 9.98738E-05 9.98738E-05 9.98738E-05 9.98738E-05
9.98828E-05 9.98828E-05 9.98828E-05 9.98828E-05 9.98828E-05 0.0719525 0.0868806 9.98828E-05 0.630889 0.083785 9.98828E-05 0.0288117 9.98828E-05 9.98828E-05 0.0963823 9.98828E-05 9.98828E-05 9.98828E-05 9.98828E-05
9.98739E-05 9.98739E-05 9.98739E-05 9.98739E-05 0.00376352 9.98739E-05 9.98739E-05 9.98739E-05 0.836255 9.98739E-05 0.00396893 9.98739E-05 0.144304 9.98739E-05 9.98739E-05 9.98739E-05 9.98739E-05 0.0103103 9.98739E-05
9.98739E-05 9.98739E-05 0.0468765 0.0350265 9.98739E-05 9.98739E-05 9.98739E-05 9.98739E-05 0.718025 9.98739E-05 0.146004 9.98739E-05 9.98739E-05 9.98739E-05 9.98739E-05 9.98739E-05 0.0526698 9.98739E-05 9.98739E-05
9.98559E-05 9.98559E-05 0.0432251 9.98559E-05 9.98559E-05 9.98559E-05 9.98559E-05 9.98559E-05 0.662605 9.98559E-05 0.292572 9.98559E-05 9.98559E-05 9.98559E-05 9.98559E-05 9.98559E-05 9.98559E-05 9.98559E-05 9.98559E-05
9.98738E-05 9.98738E-05 0.119185 0.00130255 9.98738E-05 9.98738E-05 9.98738E-05 9.98738E-05 0.654348 9.98738E-05 9.98738E-05 9.98738E-05 0.168992 9.98738E-05 9.98738E-05 9.98738E-05 0.0547734 9.98738E-05 9.98738E-05
9.98646E-05 9.98646E-05 9.98646E-05 0.468765 9.98646E-05 0.367453 9.98646E-05 9.98646E-05 9.98646E-05 0.0938247 9.98646E-05 9.98646E-05 9.98646E-05 9.98646E-05 9.98646E-05 9.98646E-05 9.98646E-05 9.98646E-05 0.0684598
9.98829E-05 9.98829E-05 0.0612832 0.00484384 0.0814209 0.753181 9.98829E-05 0.0931451 9.98829E-05 0.00482725 9.98829E-05 9.98829E-05 9.98829E-05 9.98829E-05 9.98829E-05 9.98829E-05 9.98829E-05 9.98829E-05 9.98829E-05
0.0442287 0.178165 9.98829E-05 9.98829E-05 9.98829E-05 0.577278 0.132963 9.98829E-05 0.0203913 9.98829E-05 9.98829E-05 9.98829E-05 9.98829E-05 9.98829E-05 9.98829E-05 9.98829E-05 9.98829E-05 0.0456749 9.98829E-05
0.0364326 9.98918E-05 0.130074 0.229467 9.98918E-05 0.239571 9.98918E-05 0.101591 9.98918E-05 9.98918E-05 9.98918E-05 0.0435809 0.218085 9.98918E-05 9.98918E-05 9.98918E-05 9.98918E-05 9.98918E-05 9.98918E-05
9.98737E-05 9.98737E-05 9.98737E-05 0.136245 9.98737E-05 0.433119 9.98737E-05 9.98737E-05 0.265759 0.0732928 9.98737E-05 9.98737E-05 9.98737E-05 9.98737E-05 9.98737E-05 9.98737E-05 9.98737E-05 9.98737E-05 0.0901858
9.98918E-05 9.98918E-05 9.98918E-05 9.98918E-05 9.98918E-05 0.654399 0.00956667 9.98918E-05 0.0398828 9.98918E-05 0.0909473 0.0118717 9.98918E-05 0.128416 9.98918E-05 9.98918E-05 9.98918E-05 0.0637176 9.98918E-05
9.98648E-05 9.98648E-05 0.149252 9.98648E-05 9.98648E-05 9.98648E-05 9.98648E-05 9.98648E-05 9.98648E-05 9.98648E-05 9.98648E-05 0.628699 0.0284593 9.98648E-05 9.98648E-05 9.98648E-05 0.192092 9.98648E-05 9.98648E-05
9.98739E-05 9.98739E-05 9.98739E-05 0.526628 9.98739E-05 0.159245 9.98739E-05 9.98739E-05 9.98739E-05 9.98739E-05 0.0249337 9.98739E-05 9.98739E-05 9.98739E-05 9.98739E-05 0.214335 0.0734602 9.98739E-05 9.98739E-05
9.98828E-05 0.160455 9.98828E-05 9.98828E-05 9.98828E-05 0.583143 0.0601319 9.98828E-05 0.143564 9.98828E-05 9.98828E-05 9.98828E-05 9.98828E-05 0.0352389 0.0161685 9.98828E-05 9.98828E-05 9.98828E-05 9.98828E-05
0.0195821 9.98737E-05 9.98737E-05 0.370387 9.98737E-05 0.464682 9.98737E-05 9.98737E-05 9.98737E-05 0.0231372 9.98737E-05 9.98737E-05 9.98737E-05 9.98737E-05 9.98737E-05 9.98737E-05 9.98737E-05 9.98737E-05 0.120814
9.98468E-05 9.98468E-05 9.98468E-05 9.98468E-05 9.98468E-05 0.357969 9.98468E-05 0.640334 9.98468E-05 9.98468E-05 9.98468E-05 9.98468E-05 9.98468E-05 9.98468E-05 9.98468E-05 9.98468E-05 9.98468E-05 9.98468E-05 9.98468E-05
0.0642036 9.98919E-05 0.0922819 0.374311 9.98919E-05 0.301416 9.98919E-05 9.98919E-05 9.98919E-05 0.0385511 9.98919E-05 9.98919E-05 9.98919E-05 0.0113704 9.98919E-05 0.116667 9.98919E-05 9.98919E-05 9.98919E-05
9.98648E-05 9.98648E-05 0.0709419 0.0964098 9.98648E-05 0.665947 9.98648E-05 0.165203 9.98648E-05 9.98648E-05 9.98648E-05 9.98648E-05 9.98648E-05 9.98648E-05 9.98648E-05 9.98648E-05 9.98648E-05 9.98648E-05 9.98648E-05
9.98647E-05 9.98647E-05 0.472126 0.0208626 9.98647E-05 0.448253 9.98647E-05 9.98647E-05 9.98647E-05 9.98647E-05 9.98647E-05 9.98647E-05 9.98647E-05 9.98647E-05 9.98647E-05 9.98647E-05 9.98647E-05 9.98647E-05 0.05726
9.99008E-05 9.99008E-05 9.99008E-05 0.297303 9.99008E-05 0.0554931 9.99008E-05 9.99008E-05 0.0683658 9.99008E-05 0.250689 0.21049 9.99008E-05 9.99008E-05 0.00348745 9.99008E-05 0.0484299 0.064643 9.99008E-05
0.0421063 9.99009E-05 9.99009E-05 0.163911 9.99009E-05 0.302655 9.99009E-05 9.99009E-05 0.00448641 9.99009E-05 0.235293 0.0137991 9.99009E-05 9.99009E-05 0.00658021 0.23007 9.99009E-05 9.99009E-05 9.99009E-05
0.00209384 9.98917E-05 0.626503 0.0384801 9.98917E-05 0.140783 9.98917E-05 9.98917E-05 9.98917E-05 9.98917E-05 9.98917E-05 0.108463 9.98917E-05 9.98917E-05 0.0695943 9.98917E-05 0.0128839 9.98917E-05 9.98917E-05
0.226452 9.98649E-05 9.98649E-05 9.98649E-05 9.98649E-05 9.98649E-05 9.98649E-05 9.98649E-05 0.344388 9.98649E-05 9.98649E-05 9.98649E-05 0.375639 9.98649E-05 9.98649E-05 9.98649E-05 0.0520221 9.98649E-05 9.98649E-05
9.98827E-05 0.0397528 9.98827E-05 0.255518 0.0789992 0.499344 9.98827E-05 9.98827E-05 9.98827E-05 9.98827E-05 9.98827E-05 0.0735579 9.98827E-05 9.98827E-05 9.98827E-05 9.98827E-05 9.98827E-05 9.98827E-05 0.0515299
0.278763 9.99009E-05 0.0657149 0.236821 9.99009E-05 0.207188 9.99009E-05 0.154427 0.00412449 9.99009E-05 0.0127038 9.99009E-05 9.99009E-05 9.99009E-05 9.99009E-05 9.99009E-05 9.99009E-05 9.99009E-05 0.0391594
0.0558408 0.0581179 9.98828E-05 9.98828E-05 0.0838513 0.76824 9.98828E-05 0.0153409 9.98828E-05 9.98828E-05 9.98828E-05 9.98828E-05 9.98828E-05 9.98828E-05 9.98828E-05 9.98828E-05 9.98828E-05 9.98828E-05 0.0173104
9.98647E-05 9.98647E-05 0.130857 0.667887 9.98647E-05 0.155544 9.98647E-05 9.98647E-05 9.98647E-05 9.98647E-05 9.98647E-05 9.98647E-05 9.98647E-05 9.98647E-05 9.98647E-05 9.98647E-05 9.98647E-05 9.98647E-05 0.0442137
9.98917E-05 9.98917E-05 9.98917E-05 0.53933 9.98917E-05 0.134055 9.98917E-05 9.98917E-05 0.0452211 0.0947606 0.00948448 0.145927 9.98917E-05 9.98917E-05 9.98917E-05 9.98917E-05 9.98917E-05 9.98917E-05 0.0300234
0.0415274 9.98918E-05 9.98918E-05 0.373325 9.98918E-05 0.318008 9.98918E-05 9.98918E-05 9.98918E-05 0.0362616 0.0413128 9.98918E-05 9.98918E-05 9.98918E-05 9.98918E-05 0.169603 0.018764 9.98918E-05 9.98918E-05
9.98738E-05 0.165862 9.98738E-05 0.0595141 0.113311 0.142918 9.98738E-05 9.98738E-05 9.98738E-05 9.98738E-05 9.98738E-05 0.516996 9.98738E-05 9.98738E-05 9.98738E-05 9.98738E-05 9.98738E-05 9.98738E-05 9.98738E-05
9.98559E-05 9.98559E-05 9.98559E-05 0.640878 9.98559E-05 9.98559E-05 9.98559E-05 9.98559E-05 0.036186 9.98559E-05 9.98559E-05 9.98559E-05 0.321338 9.98559E-05 9.98559E-05 9.98559E-05 9.98559E-05 9.98559E-05 9.98559E-05
0.0683103 0.115646 9.98828E-05 0.301772 9.98828E-05 0.128365 0.273534 9.98828E-05 9.98828E-05 9.98828E-05 9.98828E-05 9.98828E-05 9.98828E-05 9.98828E-05 0.111074 9.98828E-05 9.98828E-05 9.98828E-05 9.98828E-05
9.98918E-05 9.98918E-05 9.98918E-05 0.156256 9.98918E-05 9.98918E-05 9.98918E-05 9.98918E-05 0.0625617 0.0642913 0.17178 0.435517 9.98918E-05 9.98918E-05 0.0246886 0.0837062 9.98918E-05 9.98918E-05 9.98918E-05
9.98559E-05 9.98559E-05 0.126254 0.840046 9.98559E-05 9.98559E-05 9.98559E-05 9.98559E-05 9.98559E-05 9.98559E-05 9.98559E-05 9.98559E-05 9.98559E-05 9.98559E-05 9.98559E-05 0.032103 9.98559E-05 9.98559E-05 9.98559E-05
9.9874E-05 9.9874E-05 0.0977089 0.71232 9.9874E-05 9.9874E-05 0.00412602 0.0455464 9.9874E-05 9.9874E-05 0.1389 9.9874E-05 9.9874E-05 9.9874E-05 9.9874E-05 9.9874E-05 9.9874E-05 9.9874E-05 9.9874E-05
0.0414456 9.98737E-05 9.98737E-05 9.98737E-05 9.98737E-05 9.98737E-05 0.0175961 9.98737E-05 9.98737E-05 0.0425054 9.98737E-05 0.851975 9.98737E-05 9.98737E-05 9.98737E-05 9.98737E-05 0.0450794 9.98737E-05 9.98737E-05
9.98738E-05 9.98738E-05 9.98738E-05 9.98738E-05 9.98738E-05 0.0441248 9.98738E-05 9.98738E-05 0.135417 0.0464596 9.98738E-05 0.637081 9.98738E-05 9.98738E-05 9.98738E-05 9.98738E-05 9.98738E-05 9.98738E-05 0.135519
9.98647E-05 0.0581304 9.98647E-05 9.98647E-05 9.98647E-05 0.0847226 9.98647E-05 0.275733 9.98647E-05 9.98647E-05 9.98647E-05 0.579916 9.98647E-05 9.98647E-05 9.98647E-05 9.98647E-05 9.98647E-05 9.98647E-05 9.98647E-05
9.98738E-05 0.00236913 9.98738E-05 0.227157 9.98738E-05 0.289632 0.451771 9.98738E-05 9.98738E-05 9.98738E-05 9.98738E-05 0.0276716 9.98738E-05 9.98738E-05 9.98738E-05 9.98738E-05 9.98738E-05 9.98738E-05 9.98738E-05
9.98738E-05 9.98738E-05 0.192528 9.98738E-05 9.98738E-05 9.98738E-05 9.98738E-05 9.98738E-05 0.619945 9.98738E-05 9.98738E-05 9.98738E-05 0.0712466 9.98738E-05 9.98738E-05 0.0780405 0.0368426 9.98738E-05 9.98738E-05
9.98826E-05 0.193968 9.98826E-05 0.403552 0.0263718 0.264873 0.0970229 9.98826E-05 9.98826E-05 9.98826E-05 9.98826E-05 0.0129133 9.98826E-05 9.98826E-05 9.98826E-05 9.98826E-05 9.98826E-05 9.98826E-05 9.98826E-05
9.98648E-05 9.98648E-05 9.98648E-05 0.552622 9.98648E-05 9.98648E-05 9.98648E-05 9.98648E-05 9.98648E-05 9.98648E-05 0.0307655 0.410742 9.98648E-05 9.98648E-05 9.98648E-05 9.98648E-05 9.98648E-05 9.98648E-05 0.00437241
9.98738E-05 9.98738E-05 9.98738E-05 9.98738E-05 9.98738E-05 9.98738E-05 9.98738E-05 9.98738E-05 0.00803452 9.98738E-05 0.0433077 0.667588 0.0881924 9.98738E-05 9.98738E-05 9.98738E-05 0.191479 9.98738E-05 9.98738E-05
9.98647E-05 0.119824 9.98647E-05 9.98647E-05 9.98647E-05 0.0609043 0.118655 9.98647E-05 0.699119 9.98647E-05 9.98647E-05 9.98647E-05 9.98647E-05 9.98647E-05 9.98647E-05 9.98647E-05 9.98647E-05 9.98647E-05 9.98647E-05
9.98829E-05 0.034562 9.98829E-05 9.98829E-05 9.98829E-05 0.211947 0.357047 0.134098 0.140354 9.98829E-05 9.98829E-05 0.120693 9.98829E-05 9.98829E-05 9.98829E-05 9.98829E-05 9.98829E-05 9.98829E-05 9.98829E-05
9.98737E-05 0.0777704 9.98737E-05 9.98737E-05 9.98737E-05 0.134344 0.0427942 9.98737E-05 0.677881 9.98737E-05 9.98737E-05 9.98737E-05 9.98737E-05 9.98737E-05 0.0658118 9.98737E-05 9.98737E-05 9.98737E-05 9.98737E-05
0.0639816 9.99008E-05 9.99008E-05 0.00737876 0.0401341 0.0294363 9.99008E-05 0.0387147 0.231258 9.99008E-05 9.99008E-05 0.433808 9.99008E-05 9.99008E-05 9.99008E-05 9.99008E-05 9.99008E-05 9.99008E-05 0.15419
9.98738E-05 9.98738E-05 9.98738E-05 0.0205182 9.98738E-05 0.158524 9.98738E-05 0.574931 0.104979 9.98738E-05 9.98738E-05 0.13965 9.98738E-05 9.98738E-05 9.98738E-05 9.98738E-05 9.98738E-05 9.98738E-05 9.98738E-05
9.98738E-05 9.98738E-05 9.98738E-05 0.346839 9.98738E-05 0.122033 9.98738E-05 9.98738E-05 0.203337 9.98738E-05 9.98738E-05 0.0344671 0.291926 9.98738E-05 9.98738E-05 9.98738E-05 9.98738E-05 9.98738E-05 9.98738E-05
9.98829E-05 9.98829E-05 9.98829E-05 0.401842 0.0169155 0.392826 0.0116281 9.98829E-05 9.98829E-05 9.98829E-05 9.98829E-05 9.98829E-05 0.14326 9.98829E-05 9.98829E-05 9.98829E-05 9.98829E-05 9.98829E-05 0.0322296
0.0543286 9.991E-05 0.0377277 0.0519721 9.991E-05 0.398609 9.991E-05 9.991E-05 0.0745297 9.991E-05 0.109813 0.0257239 0.240618 9.991E-05 9.991E-05 9.991E-05 9.991E-05 0.00567912 9.991E-05
9.98648E-05 0.154289 9.98648E-05 0.289816 9.98648E-05 0.443938 0.110459 9.98648E-05 9.98648E-05 9.98648E-05 9.98648E-05 9.98648E-05 9.98648E-05 9.98648E-05 9.98648E-05 9.98648E-05 9.98648E-05 9.98648E-05 9.98648E-05
9.98828E-05 9.98828E-05 0.0756846 0.548499 9.98828E-05 0.0925352 9.98828E-05 0.0100834 0.0652594 9.98828E-05 9.98828E-05 9.98828E-05 9.98828E-05 9.98828E-05 9.98828E-05 9.98828E-05 9.98828E-05 9.98828E-05 0.206639
0.00173487 9.98739E-05 9.98739E-05 0.843783 9.98739E-05 9.98739E-05 9.98739E-05 9.98739E-05 9.98739E-05 9.98739E-05 9.98739E-05 0.0162857 0.0577799 9.98739E-05 9.98739E-05 9.98739E-05 0.0790188 9.98739E-05 9.98739E-05
0.604918 0.104002 9.98737E-05 9.98737E-05 9.98737E-05 9.98737E-05 0.00120075 9.98737E-05 0.194548 9.98737E-05 9.98737E-05 9.98737E-05 9.98737E-05 9.98737E-05 0.0939333 9.98737E-05 9.98737E-05 9.98737E-05 9.98737E-05
0.360155 0.0132221 9.98737E-05 9.98737E-05 9.98737E-05 0.434816 0.173602 9.98737E-05 9.98737E-05 9.98737E-05 9.98737E-05 9.98737E-05 9.98737E-05 9.98737E-05 0.0168068 9.98737E-05 9.98737E-05 9.98737E-05 9.98737E-05
0.633276 9.98648E-05 9.98648E-05 9.98648E-05 9.98648E-05 9.98648E-05 9.98648E-05 9.98648E-05 0.154955 9.98648E-05 9.98648E-05 0.0762456 9.98648E-05 9.98648E-05 9.98648E-05 0.134026 9.98648E-05 9.98648E-05 9.98648E-05
0.490089 9.98737E-05 9.98737E-05 0.0222278 9.98737E-05 0.263632 0.138019 9.98737E-05 9.98737E-05 9.98737E-05 9.98737E-05 9.98737E-05 9.98737E-05 9.98737E-05 0.0846345 9.98737E-05 9.98737E-05 9.98737E-05 9.98737E-05
0.716505 9.98557E-05 9.98557E-05 9.98557E-05 9.98557E-05 0.132962 0.148935 9.98557E-05 9.98557E-05 9.98557E-05 9.98557E-05 9.98557E-05 9.98557E-05 9.98557E-05 9.98557E-05 9.98557E-05 9.98557E-05 9.98557E-05 9.98557E-05
0.778628 9.98737E-05 0.145477 0.0154384 9.98737E-05 9.98737E-05 9.98737E-05 9.98737E-05 9.98737E-05 9.98737E-05 9.98737E-05 9.98737E-05 9.98737E-05 9.98737E-05 9.98737E-05 0.0162537 0.0428047 9.98737E-05 9.98737E-05
0.337355 9.98828E-05 9.98828E-05 0.240971 9.98828E-05 0.220712 0.030747 9.98828E-05 9.98828E-05 0.14286 9.98828E-05 9.98828E-05 9.98828E-05 9.98828E-05 0.0260571 9.98828E-05 9.98828E-05 9.98828E-05 9.98828E-05
0.810998 9.98648E-05 9.98648E-05 9.98648E-05 9.98648E-05 0.13793 9.98648E-05 9.98648E-05 9.98648E-05 0.025359 9.98648E-05 9.98648E-05 9.98648E-05 9.98648E-05 9.98648E-05 9.98648E-05 9.98648E-05 9.98648E-05 0.0242151
9.98739E-05 0.0160741 9.98739E-05 9.98739E-05 0.603693 9.98739E-05 9.98739E-05 0.341147 9.98739E-05 9.98739E-05 9.98739E-05 0.00929771 9.98739E-05 9.98739E-05 9.98739E-05 9.98739E-05 9.98739E-05 0.0283902 9.98739E-05
9.9883E-05 9.9883E-05 9.9883E-05 9.9883E-05 0.701735 0.10626 0.030141 0.100433 9.9883E-05 9.9883E-05 9.9883E-05 9.9883E-05 0.00676083 9.9883E-05 9.9883E-05 0.0533719 9.9883E-05 9.9883E-05 9.9883E-05
9.9865E-05 9.9865E-05 0.0542243 9.9865E-05 0.795962 9.9865E-05 9.9865E-05 0.00279467 9.9865E-05 9.9865E-05 9.9865E-05 9.9865E-05 0.145521 9.9865E-05 9.9865E-05 9.9865E-05 9.9865E-05 9.9865E-05 9.9865E-05
9.98378E-05 9.98378E-05 9.98378E-05 9.98378E-05 9.98378E-05 9.98378E-05 9.98378E-05 9.98378E-05 9.98378E-05 9.98378E-05 9.98378E-05 9.98378E-05 9.98378E-05 0.998203 9.98378E-05 9.98378E-05 9.98378E-05 9.98378E-05 9.98378E-05
9.98738E-05 0.142852 9.98738E-05 9.98738E-05 0.494328 9.98738E-05 9.98738E-05 0.184311 9.98738E-05 9.98738E-05 9.98738E-05 9.98738E-05 9.98738E-05 0.130499 9.98738E-05 9.98738E-05 9.98738E-05 0.0466111 9.98738E-05
0.0433394 0.0534046 9.99098E-05 0.00277495 9.99098E-05 9.99098E-05 9.99098E-05 9.99098E-05 0.0164677 0.488318 0.00147008 9.99098E-05 0.00775319 0.349169 9.99098E-05 9.99098E-05 0.0363038 9.99098E-05 9.99098E-05
9.98737E-05 0.00296532 9.98737E-05 9.98737E-05 0.432477 9.98737E-05 0.280774 9.98737E-05 9.98737E-05 9.98737E-05 9.98737E-05 9.98737E-05 9.98737E-05 0.0509467 0.231438 9.98737E-05 9.98737E-05 9.98737E-05 9.98737E-05
0.000346965 9.98648E-05 9.98648E-05 9.98648E-05 0.70985 9.98648E-05 9.98648E-05 0.263871 9.98648E-05 9.98648E-05 9.98648E-05 9.98648E-05 9.98648E-05 0.0244334 9.98648E-05 9.98648E-05 9.98648E-05 9.98648E-05 9.98648E-05
0.0100707 9.98829E-05 9.98829E-05 9.98829E-05 0.714083 9.98829E-05 9.98829E-05 9.98829E-05 0.00255728 9.98829E-05 9.98829E-05 0.0253499 9.98829E-05 9.98829E-05 0.182589 9.98829E-05 9.98829E-05 9.98829E-05 0.0640516
9.98827E-05 9.98827E-05 0.314628 0.0242693 0.413026 9.98827E-05 9.98827E-05 9.98827E-05 9.98827E-05 9.98827E-05 0.180452 9.98827E-05 9.98827E-05 0.0572723 9.98827E-05 9.98827E-05 0.00905372 9.98827E-05 9.98827E-05
9.98738E-05 9.98738E-05 9.98738E-05 9.98738E-05 0.125951 0.0192666 9.98738E-05 0.6714 9.98738E-05 9.98738E-05 9.98738E-05 9.98738E-05 9.98738E-05 0.0660605 9.98738E-05 9.98738E-05 9.98738E-05 0.115924 9.98738E-05
9.98828E-05 9.98828E-05 9.98828E-05 9.98828E-05 0.395395 9.98828E-05 0.0185496 9.98828E-05 9.98828E-05 9.98828E-05 0.425228 9.98828E-05 9.98828E-05 0.0130192 9.98828E-05 9.98828E-05 0.0532485 0.0932617 9.98828E-05
9.98559E-05 0.201647 9.98559E-05 9.98559E-05 0.737926 9.98559E-05 9.98559E-05 9.98559E-05 9.98559E-05 9.98559E-05 9.98559E-05 9.98559E-05 9.98559E-05 0.0588297 9.98559E-05 9.98559E-05 9.98559E-05 9.98559E-05 9.98559E-05
0.0173163 9.99098E-05 9.99098E-05 0.024812 0.400516 9.99098E-05 9.99098E-05 9.99098E-05 9.99098E-05 0.191797 0.122578 0.0054599 9.99098E-05 0.168821 0.00494534 9.99098E-05 9.99098E-05 9.99098E-05 0.0627553
9.99008E-05 0.0155988 0.0721657 9.99008E-05 0.498346 9.99008E-05 9.99008E-05 0.0261765 0.0317939 0.0488477 9.99008E-05 9.99008E-05 9.99008E-05 0.0605486 9.99008E-05 9.99008E-05 9.99008E-05 9.99008E-05 0.245424
9.99098E-05 0.195503 9.99098E-05 9.99098E-05 0.258225 9.99098E-05 0.0926395 9.99098E-05 0.0154379 0.153583 9.99098E-05 0.00614925 9.99098E-05 0.0961361 0.161598 9.99098E-05 0.01973 9.99098E-05 9.99098E-05
0.000934381 9.99008E-05 9.99008E-05 0.096676 0.401196 9.99008E-05 9.99008E-05 9.99008E-05 9.99008E-05 9.99008E-05 0.0898863 9.99008E-05 0.0470039 0.0724918 9.99008E-05 0.131764 0.158949 9.99008E-05 9.99008E-05
9.98647E-05 9.98647E-05 0.121971 9.98647E-05 0.377847 9.98647E-05 9.98647E-05 9.98647E-05 9.98647E-05 9.98647E-05 9.98647E-05 9.98647E-05 0.449755 9.98647E-05 9.98647E-05 9.98647E-05 0.0489293 9.98647E-05 9.98647E-05
0.0189438 0.00315226 9.99099E-05 0.010329 0.657828 0.0836388 9.99099E-05 9.99099E-05 0.0511455 9.99099E-05 9.99099E-05 9.99099E-05 9.99099E-05 9.99099E-05 9.99099E-05 0.00780799 9.99099E-05 0.0314438 0.134712
9.98648E-05 0.184751 9.98648E-05 9.98648E-05 0.541802 9.98648E-05 0.0129258 9.98648E-05 9.98648E-05 9.98648E-05 9.98648E-05 9.98648E-05 9.98648E-05 0.259023 9.98648E-05 9.98648E-05 9.98648E-05 9.98648E-05 9.98648E-05
9.98828E-05 9.98828E-05 0.0922709 9.98828E-05 0.509839 9.98828E-05 9.98828E-05 9.98828E-05 0.0254216 9.98828E-05 0.0693059 9.98828E-05 9.98828E-05 0.106952 9.98828E-05 9.98828E-05 9.98828E-05 9.98828E-05 0.194912
9.98648E-05 9.98648E-05 0.211535 9.98648E-05 0.629347 9.98648E-05 9.98648E-05 9.98648E-05 9.98648E-05 9.98648E-05 9.98648E-05 9.98648E-05 0.154138 9.98648E-05 9.98648E-05 9.98648E-05 0.00348256 9.98648E-05 9.98648E-05
9.98828E-05 9.98828E-05 0.250738 0.0346977 9.98828E-05 9.98828E-05 9.98828E-05 9.98828E-05 9.98828E-05 0.418761 0.0760905 9.98828E-05 9.98828E-05 9.98828E-05 9.98828E-05 0.146114 9.98828E-05 0.0723002 9.98828E-05
0.00125782 9.98648E-05 9.98648E-05 9.98648E-05 9.98648E-05 9.98648E-05 0.110906 9.98648E-05 9.98648E-05 9.98648E-05 9.98648E-05 9.98648E-05 9.98648E-05 9.98648E-05 0.248287 9.98648E-05 9.98648E-05 0.638052 9.98648E-05
0.0231447 9.99009E-05 0.0301282 9.99009E-05 9.99009E-05 9.99009E-05 0.0115549 0.0386186 9.99009E-05 0.337304 9.99009E-05 9.99009E-05 0.539875 0.00743807 9.99009E-05 0.0108378 9.99009E-05 9.99009E-05 9.99009E-05
9.98828E-05 0.447947 9.98828E-05 9.98828E-05 0.0131024 9.98828E-05 9.98828E-05 9.98828E-05 0.0148683 0.500866 9.98828E-05 9.98828E-05 9.98828E-05 9.98828E-05 0.0146486 9.98828E-05 9.98828E-05 0.00726959 9.98828E-05
9.98646E-05 0.0896697 9.98646E-05 9.98646E-05 9.98646E-05 9.98646E-05 0.0784106 0.271173 9.98646E-05 9.98646E-05 9.98646E-05 9.98646E-05 9.98646E-05 9.98646E-05 9.98646E-05 9.98646E-05 9.98646E-05 0.559249 9.98646E-05
9.98737E-05 9.98737E-05 9.98737E-05 9.98737E-05 9.98737E-05 9.98737E-05 9.98737E-05 9.98737E-05 9.98737E-05 0.283874 0.350566 9.98737E-05 0.140575 9.98737E-05 9.98737E-05 9.98737E-05 0.190148 0.0334392 9.98737E-05
9.98648E-05 9.98648E-05 0.0256479 9.98648E-05 9.98648E-05 9.98648E-05 9.98648E-05 9.98648E-05 9.98648E-05 0.0106328 0.175383 9.98648E-05 9.98648E-05 9.98648E-05 9.98648E-05 9.98648E-05 9.98648E-05 0.786838 9.98648E-05
9.99008E-05 9.99008E-05 9.99008E-05 0.0662824 0.0566821 0.00878339 0.101233 9.99008E-05 9.99008E-05 0.718538 9.99008E-05 0.0110036 9.99008E-05 9.99008E-05 9.99008E-05 0.0216474 9.99008E-05 0.0147308 9.99008E-05
9.98558E-05 9.98558E-05 9.98558E-05 9.98558E-05 9.98558E-05 9.98558E-05 9.98558E-05 9.98558E-05 0.00481336 9.98558E-05 9.98558E-05 9.98558E-05 0.279547 9.98558E-05 9.98558E-05 9.98558E-05 9.98558E-05 0.714042 9.98558E-05
9.98649E-05 0.346948 9.98649E-05 9.98649E-05 9.98649E-05 9.98649E-05 0.345582 9.98649E-05 9.98649E-05 0.0635286 9.98649E-05 9.98649E-05 9.98649E-05 9.98649E-05 9.98649E-05 9.98649E-05 9.98649E-05 0.242443 9.98649E-05
9.98918E-05 9.98918E-05 9.98918E-05 0.0609554 9.98918E-05 9.98918E-05 9.98918E-05 9.98918E-05 9.98918E-05 0.179936 0.275528 9.98918E-05 0.0863577 9.98918E-05 9.98918E-05 0.208681 9.98918E-05 0.110249 0.0770945
9.98558E-05 9.98558E-05 0.131787 9.98558E-05 9.98558E-05 9.98558E-05 9.98558E-05 9.98558E-05 9.98558E-05 9.98558E-05 9.98558E-05 9.98558E-05 0.313179 9.98558E-05 9.98558E-05 9.98558E-05 9.98558E-05 0.553436 9.98558E-05
9.98647E-05 0.0523038 9.98647E-05 9.98647E-05 9.98647E-05 9.98647E-05 0.222187 0.222533 9.98647E-05 9.98647E-05 9.98647E-05 9.98647E-05 9.98647E-05 9.98647E-05 9.98647E-05 9.98647E-05 9.98647E-05 0.501479 9.98647E-05
9.98829E-05 9.98829E-05 0.0403935 9.98829E-05 9.98829E-05 9.98829E-05 9.98829E-05 9.98829E-05 9.98829E-05 0.246455 0.216933 9.98829E-05 0.0369797 9.98829E-05 9.98829E-05 0.169618 0.288323 9.98829E-05 9.98829E-05
9.98738E-05 9.98738E-05 9.98738E-05 0.0364488 9.98738E-05 9.98738E-05 9.98738E-05 9.98738E-05 9.98738E-05 9.98738E-05 9.98738E-05 9.98738E-05 0.196724 9.98738E-05 9.98738E-05 0.0277264 0.210858 0.526844 9.98738E-05
9.98738E-05 9.98738E-05 9.98738E-05 9.98738E-05 9.98738E-05 9.98738E-05 0.0350868 9.98738E-05 9.98738E-05 0.312171 0.172435 9.98738E-05 0.256302 9.98738E-05 9.98738E-05 9.98738E-05 0.222606 9.98738E-05 9.98738E-05
9.98648E-05 0.311874 9.98648E-05 9.98648E-05 9.98648E-05 9.98648E-05 0.0236247 0.179318 9.98648E-05 9.98648E-05 9.98648E-05 9.98648E-05 9.98648E-05 9.98648E-05 9.98648E-05 9.98648E-05 9.98648E-05 0.483685 9.98648E-05
9.98827E-05 9.98827E-05 9.98827E-05 0.00958628 9.98827E-05 9.98827E-05 9.98827E-05 9.98827E-05 9.98827E-05 0.153727 0.00896759 9.98827E-05 0.37704 9.98827E-05 9.98827E-05 0.163609 9.98827E-05 0.285772 9.98827E-05
9.98829E-05 9.98829E-05 0.00780327 0.0114881 0.0630736 9.98829E-05 9.98829E-05 9.98829E-05 9.98829E-05 0.278663 0.284396 9.98829E-05 9.98829E-05 9.98829E-05 9.98829E-05 0.353277 9.98829E-05 9.98829E-05 9.98829E-05
0.0705303 0.0891984 9.98737E-05 9.98737E-05 9.98737E-05 9.98737E-05 9.98737E-05 9.98737E-05 9.98737E-05 0.499888 9.98737E-05 9.98737E-05 9.98737E-05 9.98737E-05 0.243722 9.98737E-05 9.98737E-05 0.0952625 9.98737E-05
9.98739E-05 0.0739059 0.635131 9.98739E-05 9.98739E-05 9.98739E-05 0.0655304 9.98739E-05 9.98739E-05 0.213533 9.98739E-05 9.98739E-05 9.98739E-05 9.98739E-05 0.0105015 9.98739E-05 9.98739E-05 9.98739E-05 9.98739E-05
9.98828E-05 0.0809277 0.19714 9.98828E-05 9.98828E-05 9.98828E-05 9.98828E-05 9.98828E-05 0.0196312 0.422183 9.98828E-05 9.98828E-05 0.190527 9.98828E-05 9.98828E-05 9.98828E-05 9.98828E-05 0.0882924 9.98828E-05
9.98647E-05 0.478462 9.98647E-05 9.98647E-05 9.98647E-05 9.98647E-05 0.0353981 0.00514522 9.98647E-05 9.98647E-05 9.98647E-05 9.98647E-05 9.98647E-05 9.98647E-05 9.98647E-05 9.98647E-05 9.98647E-05 0.479496 9.98647E-05
9.99099E-05 9.99099E-05 9.99099E-05 9.99099E-05 9.99099E-05 0.0353227 9.99099E-05 0.0129432 0.0487728 0.0839929 0.182525 9.99099E-05 0.0163262 9.99099E-05 0.325247 0.269789 9.99099E-05 0.0240824 9.99099E-05
0.0624789 9.98826E-05 9.98826E-05 9.98826E-05 9.98826E-05 9.98826E-05 9.98826E-05 9.98826E-05 9.98826E-05 0.285407 9.98826E-05 0.00515933 9.98826E-05 0.00277284 9.98826E-05 9.98826E-05 9.98826E-05 0.612991 0.0298922
9.99279E-05 0.367497 9.99279E-05 9.99279E-05 0.221931 0.0432669 9.99279E-05 0.00406043 0.0125687 0.143347 9.99279E-05 0.0879493 9.99279E-05 0.00231203 9.99279E-05 9.99279E-05 0.00444101 0.0685154 0.043312
9.99368E-05 0.0293272 9.99368E-05 0.0120706 0.113357 9.99368E-05 9.99368E-05 9.99368E-05 0.00983645 0.0295118 0.155885 0.04636 0.229387 0.00131214 0.0246691 0.231956 9.99368E-05 0.115628 9.99368E-05
9.98739E-05 9.98739E-05 0.0976909 0.0203195 0.0946972 9.98739E-05 9.98739E-05 9.98739E-05 9.98739E-05 9.98739E-05 9.98739E-05 9.98739E-05 9.98739E-05 9.98739E-05 9.98739E-05 0.00365885 9.98739E-05 9.98739E-05 0.782235
9.9892E-05 0.220891 0.030215 9.9892E-05 9.9892E-05 9.9892E-05 0.16783 0.528556 0.0308723 9.9892E-05 9.9892E-05 0.00347835 9.9892E-05 9.9892E-05 9.9892E-05 9.9892E-05 0.0169591 9.9892E-05 9.9892E-05
0.0101899 0.033211 9.99278E-05 9.99278E-05 0.114464 9.99278E-05 0.0152339 0.00808087 9.99278E-05 0.00978938 9.99278E-05 0.0643051 9.99278E-05 9.99278E-05 0.397607 9.99278E-05 0.0286261 0.104803 0.21289
9.99098E-05 0.413836 9.99098E-05 0.00753764 0.16076 0.0142641 9.99098E-05 9.99098E-05 0.00659147 9.99098E-05 0.0304043 9.99098E-05 9.99098E-05 9.99098E-05 0.276409 0.0664708 9.99098E-05 9.99098E-05 0.0227278
9.99009E-05 0.184392 0.0663331 0.00940423 9.99009E-05 9.99009E-05 9.99009E-05 9.99009E-05 0.0162892 0.0262003 0.434751 9.99009E-05 9.99009E-05 9.99009E-05 9.99009E-05 9.99009E-05 9.99009E-05 0.106832 0.154699
9.98829E-05 0.917462 9.98829E-05 9.98829E-05 0.00409976 9.98829E-05 9.98829E-05 9.98829E-05 9.98829E-05 0.00644164 9.98829E-05 9.98829E-05 9.98829E-05 0.0583627 0.00466769 9.98829E-05 0.0076676 9.98829E-05 9.98829E-05
9.98737E-05 9.98737E-05 9.98737E-05 9.98737E-05 9.98737E-05 9.98737E-05 9.98737E-05 9.98737E-05 9.98737E-05 0.242207 0.211427 9.98737E-05 0.387792 9.98737E-05 9.98737E-05 0.0291946 0.127981 9.98737E-05 9.98737E-05
9.98738E-05 0.825906 9.98738E-05 9.98738E-05 0.0440194 9.98738E-05 9.98738E-05 9.98738E-05 9.98738E-05 0.0139213 9.98738E-05 9.98738E-05 9.98738E-05 9.98738E-05 9.98738E-05 0.0410557 9.98738E-05 9.98738E-05 0.073699
0.00167391 9.98919E-05 0.00684501 9.98919E-05 9.98919E-05 9.98919E-05 9.98919E-05 0.162746 9.98919E-05 9.98919E-05 9.98919E-05 9.98919E-05 0.386889 0.0565276 9.98919E-05 9.98919E-05 9.98919E-05 0.178177 0.205943
9.98918E-05 9.98918E-05 9.98918E-05 9.98918E-05 0.10822 9.98918E-05 0.037718 9.98918E-05 9.98918E-05 9.98918E-05 0.0151867 9.98918E-05 0.468736 9.98918E-05 9.98918E-05 9.98918E-05 0.149836 0.000797225 0.218308
9.9919E-05 0.0387056 9.9919E-05 0.0138488 0.0223948 0.0744151 9.9919E-05 9.9919E-05 0.0226246 0.217307 9.9919E-05 0.0311777 9.9919E-05 0.0721328 9.9919E-05 9.9919E-05 0.0284789 9.9919E-05 0.478016
9.99008E-05 9.99008E-05 9.99008E-05 0.0511714 0.119619 9.99008E-05 0.0364259 9.99008E-05 9.99008E-05 0.466868 9.99008E-05 0.00602698 9.99008E-05 9.99008E-05 0.127882 9.99008E-05 0.0181328 9.99008E-05 0.172775
9.98918E-05 0.0151736 9.98918E-05 9.98918E-05 0.120122 9.98918E-05 9.98918E-05 9.98918E-05 0.0187796 0.0725454 9.98918E-05 9.98918E-05 9.98918E-05 9.98918E-05 0.101592 9.98918E-05 0.0971054 9.98918E-05 0.573484
9.99008E-05 0.12637 0.113676 9.99008E-05 0.169065 9.99008E-05 9.99008E-05 0.0174477 9.99008E-05 0.168347 0.0515666 9.99008E-05 0.334296 9.99008E-05 9.99008E-05 9.99008E-05 9.99008E-05 9.99008E-05 0.0181329
9.98919E-05 0.236504 9.98919E-05 9.98919E-05 0.0734443 9.98919E-05 0.035002 0.53369 9.98919E-05 0.0321543 9.98919E-05 9.98919E-05 9.98919E-05 9.98919E-05 0.0419117 9.98919E-05 0.046095 9.98919E-05 9.98919E-05
9.98738E-05 0.243616 9.98738E-05 9.98738E-05 9.98738E-05 9.98738E-05 0.0123969 0.436124 9.98738E-05 9.98738E-05 9.98738E-05 9.98738E-05 9.98738E-05 9.98738E-05 9.98738E-05 9.98738E-05 9.98738E-05 0.18452 0.121945
9.98919E-05 0.0913594 9.98919E-05 9.98919E-05 9.98919E-05 0.0277174 0.0808406 9.98919E-05 9.98919E-05 9.98919E-05 9.98919E-05 9.98919E-05 9.98919E-05 9.98919E-05 0.688368 0.039228 9.98919E-05 0.0220323 0.0492556
9.98739E-05 0.670679 9.98739E-05 9.98739E-05 9.98739E-05 0.0696707 9.98739E-05 0.0524051 9.98739E-05 9.98739E-05 9.98739E-05 9.98739E-05 9.98739E-05 9.98739E-05 9.98739E-05 0.0602364 9.98739E-05 9.98739E-05 0.145611
9.98648E-05 9.98648E-05 9.98648E-05 9.98648E-05 9.98648E-05 9.98648E-05 9.98648E-05 0.862149 9.98648E-05 0.0670213 0.010068 9.98648E-05 9.98648E-05 9.98648E-05 9.98648E-05 9.98648E-05 0.059264 9.98648E-05 9.98648E-05
0.0164097 9.98918E-05 9.98918E-05 9.98918E-05 9.98918E-05 0.0953997 0.253066 9.98918E-05 9.98918E-05 9.98918E-05 9.98918E-05 9.98918E-05 9.98918E-05 9.98918E-05 0.347522 0.0474077 9.98918E-05 0.16204 0.0769564
0.0435353 0.441126 9.98917E-05 9.98917E-05 9.98917E-05 9.98917E-05 0.00851364 9.98917E-05 9.98917E-05 0.309855 0.0328284 9.98917E-05 9.98917E-05 9.98917E-05 0.153797 9.98917E-05 9.98917E-05 0.00914563 9.98917E-05
0.017357 0.0224366 0.159331 9.98829E-05 9.98829E-05 9.98829E-05 9.98829E-05 9.98829E-05 9.98829E-05 9.98829E-05 9.98829E-05 9.98829E-05 9.98829E-05 0.0494332 9.98829E-05 0.407218 0.342926 9.98829E-05 9.98829E-05
9.98738E-05 9.98738E-05 9.98738E-05 9.98738E-05 0.0334891 9.98738E-05 9.98738E-05 9.98738E-05 0.00313948 9.98738E-05 9.98738E-05 9.98738E-05 0.00256924 9.98738E-05 0.0886125 9.98738E-05 0.870791 9.98738E-05 9.98738E-05
0.0563829 9.99098E-05 9.99098E-05 9.99098E-05 9.99098E-05 9.99098E-05 0.110336 9.99098E-05 9.99098E-05 0.137872 0.0125282 0.0122443 9.99098E-05 0.0654781 0.489133 0.0269102 0.088117 9.99098E-05 9.99098E-05
9.98647E-05 9.98647E-05 9.98647E-05 9.98647E-05 9.98647E-05 9.98647E-05 9.98647E-05 9.98647E-05 9.98647E-05 0.0251308 0.227755 9.98647E-05 9.98647E-05 9.98647E-05 0.0932497 9.98647E-05 0.652366 9.98647E-05 9.98647E-05
9.98559E-05 9.98559E-05 9.98559E-05 9.98559E-05 0.0702365 9.98559E-05 9.98559E-05 9.98559E-05 9.98559E-05 9.98559E-05 9.98559E-05 9.98559E-05 9.98559E-05 9.98559E-05 9.98559E-05 0.0209062 0.90726 9.98559E-05 9.98559E-05
9.98828E-05 9.98828E-05 0.0183813 9.98828E-05 0.0660536 9.98828E-05 0.0432487 9.98828E-05 0.040762 9.98828E-05 9.98828E-05 9.98828E-05 0.36193 9.98828E-05 9.98828E-05 9.98828E-05 0.468326 9.98828E-05 9.98828E-05
0.00417449 9.98919E-05 9.98919E-05 9.98919E-05 0.0492883 9.98919E-05 0.0180238 9.98919E-05 9.98919E-05 0.0288527 9.98919E-05 9.98919E-05 0.0996204 0.0332905 9.98919E-05 9.98919E-05 0.765551 9.98919E-05 9.98919E-05
0.00933845 0.115088 9.98739E-05 9.98739E-05 9.98739E-05 9.98739E-05 0.284476 9.98739E-05 9.98739E-05 9.98739E-05 9.98739E-05 9.98739E-05 9.98739E-05 9.98739E-05 0.38641 9.98739E-05 0.203289 9.98739E-05 9.98739E-05
9.9865E-05 0.26485 9.9865E-05 9.9865E-05 9.9865E-05 9.9865E-05 0.400414 0.135126 9.9865E-05 9.9865E-05 9.9865E-05 9.9865E-05 9.9865E-05 9.9865E-05 9.9865E-05 9.9865E-05 9.9865E-05 0.198112 9.9865E-05
0.0322868 9.98917E-05 9.98917E-05 9.98917E-05 0.0891423 9.98917E-05 9.98917E-05 9.98917E-05 9.98917E-05 0.23277 9.98917E-05 0.0511001 9.98917E-05 0.0267662 0.0688284 0.497907 9.98917E-05 9.98917E-05 9.98917E-05
0.00571841 9.98828E-05 9.98828E-05 9.98828E-05 0.0661829 9.98828E-05 0.632599 9.98828E-05 9.98828E-05 9.98828E-05 9.98828E-05 9.98828E-05 9.98828E-05 0.0786884 0.114404 9.98828E-05 0.101109 9.98828E-05 9.98828E-05
0.102685 9.9892E-05 9.9892E-05 9.9892E-05 9.9892E-05 9.9892E-05 0.129313 9.9892E-05 9.9892E-05 0.128581 9.9892E-05 0.0970763 9.9892E-05 0.129466 0.378964 9.9892E-05 0.0327176 9.9892E-05 9.9892E-05
0.102598 0.045438 9.98917E-05 9.98917E-05 9.98917E-05 9.98917E-05 9.98917E-05 9.98917E-05 9.98917E-05 0.272706 0.0215374 9.98917E-05 9.98917E-05 0.192873 0.167748 9.98917E-05 0.195901 9.98917E-05 9.98917E-05
9.99009E-05 0.190459 9.99009E-05 9.99009E-05 0.0180544 9.99009E-05 0.199034 0.0019888 9.99009E-05 0.0233585 9.99009E-05 9.99009E-05 9.99009E-05 0.0429831 0.521047 9.99009E-05 9.99009E-05 0.00197648 9.99009E-05
9.99008E-05 0.0350429 9.99008E-05 9.99008E-05 9.99008E-05 0.00824326 0.274647 0.0426276 9.99008E-05 0.0524295 9.99008E-05 9.99008E-05 9.99008E-05 0.227634 0.182499 0.175778 9.99008E-05 9.99008E-05 9.99008E-05
9.99099E-05 9.99099E-05 9.99099E-05 9.99099E-05 9.99099E-05 0.030962 9.99099E-05 9.99099E-05 0.109518 0.0377428 9.99099E-05 9.99099E-05 0.041811 9.99099E-05 0.229642 0.410367 0.0114444 0.0392059 0.0883071
0.0571707 0.0431509 9.99008E-05 0.0378823 9.99008E-05 9.99008E-05 0.278294 9.99008E-05 9.99008E-05 0.23642 0.0993764 9.99008E-05 9.99008E-05 9.99008E-05 0.170449 0.0761584 9.99008E-05 9.99008E-05 9.99008E-05
9.98917E-05 9.98917E-05 9.98917E-05 9.98917E-05 0.183875 9.98917E-05 0.266817 9.98917E-05 9.98917E-05 0.11526 9.98917E-05 0.00510909 9.98917E-05 0.0294372 0.117701 0.280602 9.98917E-05 9.98917E-05 9.98917E-05
9.98829E-05 0.00255811 9.98829E-05 9.98829E-05 9.98829E-05 9.98829E-05 9.98829E-05 9.98829E-05 9.98829E-05 0.107813 0.482905 9.98829E-05 0.00771733 9.98829E-05 9.98829E-05 0.275668 0.122041 9.98829E-05 9.98829E-05
0.0114074 9.9937E-05 9.9937E-05 9.9937E-05 9.9937E-05 9.9937E-05 0.00797646 0.0199242 9.9937E-05 0.385399 0.0328235 0.0124006 0.00824988 0.0856982 0.0113301 0.370648 0.015914 9.9937E-05 0.0375289
9.98829E-05 0.0474397 9.98829E-05 9.98829E-05 9.98829E-05 9.98829E-05 0.734158 9.98829E-05 9.98829E-05 0.0327181 0.0605553 9.98829E-05 9.98829E-05 0.0335626 9.98829E-05 9.98829E-05 9.98829E-05 9.98829E-05 0.0902676
0.0280591 9.98918E-05 9.98918E-05 9.98918E-05 0.0298985 9.98918E-05 0.154923 9.98918E-05 9.98918E-05 0.292349 9.98918E-05 9.98918E-05 0.00373413 0.0895374 0.400301 9.98918E-05 9.98918E-05 9.98918E-05 9.98918E-05
9.98829E-05 0.347322 9.98829E-05 9.98829E-05 9.98829E-05 9.98829E-05 0.458543 0.00194341 9.98829E-05 9.98829E-05 9.98829E-05 9.98829E-05 9.98829E-05 9.98829E-05 0.0702886 9.98829E-05 9.98829E-05 0.0518009 0.0688034
