9.99279E-05 9.99279E-05 9.99279E-05 0.0834533 0.400834 0.0461495 9.99279E-05 0.0189019 0.0144445 9.99279E-05 9.99279E-05 0.0568442 9.99279E-05 9.99279E-05 0.375212 0.00336124
9.99188E-05 0.0931265 9.99188E-05 0.12868 0.328236 9.99188E-05 9.99188E-05 0.00638102 9.99188E-05 0.0238877 9.99188E-05 9.99188E-05 0.0281694 9.99188E-05 0.39062 9.99188E-05
0.264833 0.00360606 0.00141129 0.014128 9.99549E-05 9.99549E-05 9.99549E-05 0.0345542 9.99549E-05 0.11173 0.0247142 0.0125048 0.0634339 9.99549E-05 0.467693 0.000891564
9.99098E-05 9.99098E-05 9.99098E-05 9.99098E-05 0.385859 0.187663 0.273794 9.99098E-05 9.99098E-05 9.99098E-05 9.99098E-05 0.0244052 9.99098E-05 9.99098E-05 0.119992 0.00728827
9.99188E-05 9.99188E-05 9.99188E-05 0.0514908 0.373007 0.255846 0.0875374 0.0510227 9.99188E-05 9.99188E-05 9.99188E-05 9.99188E-05 0.0704783 9.99188E-05 9.99188E-05 0.109718
9.99189E-05 9.99189E-05 9.99189E-05 9.99189E-05 9.99189E-05 9.99189E-05 0.0263975 0.0245273 9.99189E-05 0.0189082 0.215794 9.99189E-05 0.214773 9.99189E-05 0.428485 0.0702156
0.270831 9.99008E-05 9.99008E-05 0.0385567 0.0341842 9.99008E-05 9.99008E-05 9.99008E-05 9.99008E-05 9.99008E-05 9.99008E-05 9.99008E-05 9.99008E-05 0.0286659 0.626664 9.99008E-05
9.98921E-05 9.98921E-05 9.98921E-05 9.98921E-05 9.98921E-05 9.98921E-05 9.98921E-05 9.98921E-05 9.98921E-05 0.168528 0.106393 9.98921E-05 0.29595 9.98921E-05 0.427931 9.98921E-05
9.99369E-05 0.00104219 9.99369E-05 0.0248069 0.110626 9.99369E-05 0.365583 9.99369E-05 0.0507051 9.99369E-05 9.99369E-05 0.00365196 0.0881368 9.99369E-05 0.308249 0.0464994
0.289689 9.99008E-05 9.99008E-05 9.99008E-05 9.99008E-05 9.99008E-05 9.99008E-05 9.99008E-05 9.99008E-05 0.0112523 0.466323 0.0721856 9.99008E-05 9.99008E-05 0.159452 9.99008E-05
9.99279E-05 0.319732 9.99279E-05 9.99279E-05 0.0249803 0.0241503 0.286438 0.0527693 9.99279E-05 9.99279E-05 9.99279E-05 0.00189796 0.134003 9.99279E-05 0.155229 9.99279E-05
9.99189E-05 0.116291 0.0564179 9.99189E-05 0.308797 9.99189E-05 0.215327 9.99189E-05 9.99189E-05 9.99189E-05 0.14197 9.99189E-05 0.11863 9.99189E-05 0.0416674 9.99189E-05
0.0997072 9.99279E-05 9.99279E-05 0.135279 9.99279E-05 0.0246798 0.372343 0.24819 9.99279E-05 9.99279E-05 9.99279E-05 9.99279E-05 9.99279E-05 0.0270909 0.0677833 0.0241273
9.9883E-05 9.9883E-05 9.9883E-05 9.9883E-05 9.9883E-05 9.9883E-05 9.9883E-05 9.9883E-05 9.9883E-05 0.0615952 0.164009 9.9883E-05 9.9883E-05 9.9883E-05 0.773097 9.9883E-05
9.99099E-05 0.465124 9.99099E-05 9.99099E-05 0.28535 9.99099E-05 0.0171123 9.99099E-05 9.99099E-05 9.99099E-05 0.0357727 9.99099E-05 0.18991 9.99099E-05 0.00573177 9.99099E-05
0.360115 9.99369E-05 9.99369E-05 0.0037183 9.99369E-05 0.0208554 9.99369E-05 9.99369E-05 9.99369E-05 9.99369E-05 0.0972329 0.0124291 0.00741017 0.147977 0.331268 0.0182947
0.172039 9.98919E-05 9.98919E-05 0.105276 9.98919E-05 9.98919E-05 0.0168671 9.98919E-05 9.98919E-05 9.98919E-05 9.98919E-05 9.98919E-05 9.98919E-05 9.98919E-05 0.704618 9.98919E-05
0.140134 0.0253009 0.006642 9.99189E-05 9.99189E-05 9.99189E-05 9.99189E-05 0.00964012 9.99189E-05 0.0356274 9.99189E-05 9.99189E-05 0.0958829 9.99189E-05 0.685873 9.99189E-05
9.9928E-05 9.9928E-05 0.110733 0.0584321 0.185164 9.9928E-05 0.268108 0.0639717 0.012569 9.9928E-05 9.9928E-05 9.9928E-05 0.0585032 9.9928E-05 0.241719 9.9928E-05
9.99009E-05 0.0723716 9.99009E-05 9.99009E-05 9.99009E-05 0.126613 9.99009E-05 9.99009E-05 0.0390105 9.99009E-05 9.99009E-05 0.754037 9.99009E-05 9.99009E-05 9.99009E-05 0.00686931
9.9883E-05 9.9883E-05 9.9883E-05 9.9883E-05 9.9883E-05 0.174038 0.0134031 9.9883E-05 9.9883E-05 9.9883E-05 9.9883E-05 0.81126 9.9883E-05 9.9883E-05 9.9883E-05 9.9883E-05
9.98917E-05 9.98917E-05 9.98917E-05 9.98917E-05 9.98917E-05 0.101834 9.98917E-05 9.98917E-05 0.0223073 9.98917E-05 9.98917E-05 0.858375 9.98917E-05 9.98917E-05 0.016285 9.98917E-05
9.98919E-05 9.98919E-05 0.314134 9.98919E-05 9.98919E-05 0.00649385 0.0313759 9.98919E-05 9.98919E-05 9.98919E-05 9.98919E-05 0.646798 9.98919E-05 9.98919E-05 9.98919E-05 9.98919E-05
9.98829E-05 0.0635419 9.98829E-05 9.98829E-05 9.98829E-05 9.98829E-05 0.217314 9.98829E-05 9.98829E-05 9.98829E-05 9.98829E-05 0.717846 9.98829E-05 9.98829E-05 9.98829E-05 9.98829E-05
9.99188E-05 9.99188E-05 9.99188E-05 9.99188E-05 9.99188E-05 9.99188E-05 9.99188E-05 9.99188E-05 0.027497 0.0812488 0.0254013 0.413099 9.99188E-05 0.170711 0.255928 0.0252144
9.99188E-05 0.108157 9.99188E-05 9.99188E-05 0.0728102 9.99188E-05 0.0445511 9.99188E-05 0.375866 0.00147695 9.99188E-05 0.309697 0.086542 9.99188E-05 9.99188E-05 9.99188E-05
0.344222 9.98919E-05 9.98919E-05 9.98919E-05 9.98919E-05 9.98919E-05 9.98919E-05 9.98919E-05 9.98919E-05 9.98919E-05 9.98919E-05 0.218023 9.98919E-05 0.402423 9.98919E-05 0.0341324
9.9919E-05 9.9919E-05 0.0277903 9.9919E-05 0.0938293 0.32272 9.9919E-05 9.9919E-05 0.258023 0.0548515 9.9919E-05 0.226804 9.9919E-05 9.9919E-05 9.9919E-05 0.0150831
9.99098E-05 9.99098E-05 9.99098E-05 9.99098E-05 9.99098E-05 0.000529148 9.99098E-05 0.0451158 9.99098E-05 9.99098E-05 0.0300898 0.793586 9.99098E-05 0.077318 0.0523621 9.99098E-05
9.98829E-05 9.98829E-05 0.00444981 9.98829E-05 9.98829E-05 9.98829E-05 0.131456 9.98829E-05 9.98829E-05 9.98829E-05 9.98829E-05 0.862795 9.98829E-05 9.98829E-05 9.98829E-05 9.98829E-05
0.0940978 9.99011E-05 0.0313633 0.185839 9.99011E-05 9.99011E-05 9.99011E-05 9.99011E-05 9.99011E-05 9.99011E-05 9.99011E-05 0.509707 9.99011E-05 0.177894 9.99011E-05 9.99011E-05
9.99008E-05 9.99008E-05 9.99008E-05 9.99008E-05 9.99008E-05 9.99008E-05 9.99008E-05 0.0650873 0.593693 9.99008E-05 9.99008E-05 0.0304982 9.99008E-05 0.26204 0.0475833 9.99008E-05
0.235492 9.98827E-05 9.98827E-05 9.98827E-05 9.98827E-05 9.98827E-05 9.98827E-05 9.98827E-05 9.98827E-05 9.98827E-05 9.98827E-05 0.54628 9.98827E-05 0.216929 9.98827E-05 9.98827E-05
0.014863 9.99008E-05 9.99008E-05 9.99008E-05 9.99008E-05 9.99008E-05 9.99008E-05 9.99008E-05 9.99008E-05 0.0207523 9.99008E-05 0.627206 9.99008E-05 0.0964705 0.23961 9.99008E-05
9.98739E-05 9.98739E-05 9.98739E-05 9.98739E-05 9.98739E-05 9.98739E-05 0.170671 9.98739E-05 9.98739E-05 9.98739E-05 9.98739E-05 0.827931 9.98739E-05 9.98739E-05 9.98739E-05 9.98739E-05
9.98919E-05 0.147549 9.98919E-05 9.98919E-05 0.0912948 9.98919E-05 0.0143459 9.98919E-05 9.98919E-05 9.98919E-05 9.98919E-05 0.745611 9.98919E-05 9.98919E-05 9.98919E-05 9.98919E-05
9.9874E-05 0.31806 9.9874E-05 9.9874E-05 9.9874E-05 9.9874E-05 9.9874E-05 9.9874E-05 9.9874E-05 9.9874E-05 9.9874E-05 0.680542 9.9874E-05 9.9874E-05 9.9874E-05 9.9874E-05
9.98829E-05 9.98829E-05 0.219885 9.98829E-05 0.0795212 9.98829E-05 9.98829E-05 9.98829E-05 9.98829E-05 9.98829E-05 9.98829E-05 0.699295 9.98829E-05 9.98829E-05 9.98829E-05 9.98829E-05
9.98827E-05 9.98827E-05 9.98827E-05 9.98827E-05 9.98827E-05 9.98827E-05 9.98827E-05 9.98827E-05 9.98827E-05 9.98827E-05 9.98827E-05 9.98827E-05 9.98827E-05 0.101398 0.128802 0.768502
9.98919E-05 9.98919E-05 9.98919E-05 0.0283666 9.98919E-05 9.98919E-05 9.98919E-05 0.0252273 9.98919E-05 9.98919E-05 9.98919E-05 9.98919E-05 9.98919E-05 0.731043 9.98919E-05 0.214165
0.117684 9.99009E-05 9.99009E-05 9.99009E-05 9.99009E-05 9.99009E-05 9.99009E-05 9.99009E-05 9.99009E-05 0.249814 0.0763154 0.0083296 9.99009E-05 0.546758 9.99009E-05 9.99009E-05
9.99099E-05 9.99099E-05 0.278811 9.99099E-05 9.99099E-05 0.115548 9.99099E-05 9.99099E-05 0.0288869 0.0609865 9.99099E-05 9.99099E-05 9.99099E-05 0.166666 9.99099E-05 0.348102
9.98917E-05 9.98917E-05 9.98917E-05 9.98917E-05 9.98917E-05 9.98917E-05 9.98917E-05 9.98917E-05 9.98917E-05 9.98917E-05 9.98917E-05 0.245037 9.98917E-05 0.289414 0.113673 0.350677
9.99369E-05 0.0862422 9.99369E-05 9.99369E-05 9.99369E-05 9.99369E-05 9.99369E-05 9.99369E-05 0.00187253 0.174618 0.0349648 0.042938 0.0397995 0.498144 0.00130045 0.119421
9.98828E-05 9.98828E-05 0.134946 9.98828E-05 0.175764 9.98828E-05 9.98828E-05 9.98828E-05 0.687992 9.98828E-05 9.98828E-05 9.98828E-05 9.98828E-05 9.98828E-05 9.98828E-05 9.98828E-05
9.99009E-05 0.0334037 9.99009E-05 9.99009E-05 0.0388771 9.99009E-05 0.0592417 9.99009E-05 9.99009E-05 9.99009E-05 9.99009E-05 9.99009E-05 0.209553 9.99009E-05 9.99009E-05 0.657826
9.98918E-05 9.98918E-05 9.98918E-05 9.98918E-05 9.98918E-05 9.98918E-05 9.98918E-05 9.98918E-05 9.98918E-05 0.0821256 9.98918E-05 0.135228 9.98918E-05 0.652582 0.128866 9.98918E-05
9.99008E-05 9.99008E-05 9.99008E-05 9.99008E-05 9.99008E-05 9.99008E-05 9.99008E-05 9.99008E-05 9.99008E-05 0.0792822 9.99008E-05 9.99008E-05 0.0212285 0.253372 0.0397857 0.605233
0.169159 9.98829E-05 9.98829E-05 9.98829E-05 9.98829E-05 0.175747 9.98829E-05 9.98829E-05 9.98829E-05 9.98829E-05 9.98829E-05 9.98829E-05 9.98829E-05 0.653795 9.98829E-05 9.98829E-05
9.9901E-05 9.9901E-05 9.9901E-05 0.100092 9.9901E-05 9.9901E-05 9.9901E-05 9.9901E-05 9.9901E-05 0.111414 9.9901E-05 9.9901E-05 0.131293 0.053922 9.9901E-05 0.60218
9.98829E-05 9.98829E-05 9.98829E-05 9.98829E-05 9.98829E-05 0.0238434 9.98829E-05 9.98829E-05 9.98829E-05 9.98829E-05 9.98829E-05 9.98829E-05 9.98829E-05 0.689425 9.98829E-05 0.285433
9.99101E-05 9.99101E-05 0.0471222 9.99101E-05 9.99101E-05 0.18697 0.107921 9.99101E-05 9.99101E-05 9.99101E-05 9.99101E-05 0.0689114 9.99101E-05 0.2174 9.99101E-05 0.370676
9.99098E-05 0.283725 9.99098E-05 9.99098E-05 9.99098E-05 9.99098E-05 0.107154 9.99098E-05 0.213502 0.0232376 9.99098E-05 0.0737636 9.99098E-05 9.99098E-05 9.99098E-05 0.29762
9.99099E-05 0.165719 9.99099E-05 9.99099E-05 9.99099E-05 9.99099E-05 0.0915866 9.99099E-05 9.99099E-05 0.124079 9.99099E-05 9.99099E-05 0.213 0.0720591 9.99099E-05 0.332558
9.9937E-05 0.00615345 0.324338 0.103628 0.108041 9.9937E-05 9.9937E-05 9.9937E-05 0.119498 0.0222624 9.9937E-05 0.00983958 9.9937E-05 0.0795179 9.9937E-05 0.226022
9.99009E-05 9.99009E-05 0.431134 9.99009E-05 0.0413099 9.99009E-05 0.00144271 9.99009E-05 9.99009E-05 0.158071 9.99009E-05 0.366944 9.99009E-05 9.99009E-05 9.99009E-05 9.99009E-05
9.99007E-05 9.99007E-05 9.99007E-05 9.99007E-05 9.99007E-05 9.99007E-05 9.99007E-05 0.026889 9.99007E-05 0.076126 9.99007E-05 9.99007E-05 9.99007E-05 0.327989 0.0867247 0.481173
9.99099E-05 9.99099E-05 9.99099E-05 9.99099E-05 9.99099E-05 0.223791 0.0164645 9.99099E-05 9.99099E-05 0.355371 9.99099E-05 0.00773578 9.99099E-05 0.109243 9.99099E-05 0.286395
9.99097E-05 9.99097E-05 9.99097E-05 9.99097E-05 9.99097E-05 9.99097E-05 9.99097E-05 0.012136 9.99097E-05 0.141567 9.99097E-05 9.99097E-05 0.000610566 0.689373 0.00403418 0.151281
9.99009E-05 9.99009E-05 9.99009E-05 9.99009E-05 0.0752638 0.0872641 9.99009E-05 9.99009E-05 9.99009E-05 9.99009E-05 9.99009E-05 0.00126117 9.99009E-05 0.0124298 9.99009E-05 0.822682
9.99098E-05 0.0259689 9.99098E-05 9.99098E-05 9.99098E-05 9.99098E-05 9.99098E-05 9.99098E-05 0.158792 9.99098E-05 9.99098E-05 0.0410839 0.0481278 9.99098E-05 0.0781442 0.646884
9.99009E-05 0.0476217 9.99009E-05 9.99009E-05 9.99009E-05 9.99009E-05 9.99009E-05 9.99009E-05 9.99009E-05 0.118247 9.99009E-05 9.99009E-05 0.200618 0.0608238 9.99009E-05 0.571591
0.0273312 9.99189E-05 9.99189E-05 0.00541777 9.99189E-05 9.99189E-05 9.99189E-05 0.124069 0.483425 9.99189E-05 9.99189E-05 9.99189E-05 9.99189E-05 0.307123 0.0417676 0.00996701
9.98829E-05 9.98829E-05 0.394279 9.98829E-05 9.98829E-05 9.98829E-05 9.98829E-05 9.98829E-05 9.98829E-05 9.98829E-05 9.98829E-05 0.0283715 9.98829E-05 9.98829E-05 9.98829E-05 0.576051
0.420476 9.98828E-05 9.98828E-05 9.98828E-05 9.98828E-05 9.98828E-05 9.98828E-05 9.98828E-05 9.98828E-05 0.248983 9.98828E-05 9.98828E-05 9.98828E-05 9.98828E-05 9.98828E-05 0.329242
9.99188E-05 0.0976962 9.99188E-05 9.99188E-05 9.99188E-05 9.99188E-05 0.172877 9.99188E-05 0.447358 9.99188E-05 9.99188E-05 0.0531173 0.0401535 9.99188E-05 0.0536826 0.134216
9.9883E-05 9.9883E-05 0.0479026 9.9883E-05 0.170447 9.9883E-05 9.9883E-05 9.9883E-05 9.9883E-05 9.9883E-05 9.9883E-05 9.9883E-05 9.9883E-05 9.9883E-05 9.9883E-05 0.780352
0.010666 0.212601 9.9901E-05 9.9901E-05 0.124655 9.9901E-05 9.9901E-05 9.9901E-05 0.0148577 9.9901E-05 9.9901E-05 9.9901E-05 9.9901E-05 9.9901E-05 9.9901E-05 0.636121
0.0108234 9.98917E-05 9.98917E-05 9.98917E-05 9.98917E-05 9.98917E-05 9.98917E-05 9.98917E-05 0.876095 0.0179821 9.98917E-05 9.98917E-05 9.98917E-05 9.98917E-05 0.0939009 9.98917E-05
9.99008E-05 9.99008E-05 9.99008E-05 9.99008E-05 9.99008E-05 9.99008E-05 9.99008E-05 9.99008E-05 0.598209 9.99008E-05 0.0337273 0.134852 9.99008E-05 0.139135 0.0929784 9.99008E-05
0.0419821 9.98918E-05 9.98918E-05 9.98918E-05 9.98918E-05 9.98918E-05 9.98918E-05 9.98918E-05 0.474383 9.98918E-05 0.0506604 9.98918E-05 9.98918E-05 0.431775 9.98918E-05 9.98918E-05
0.437478 9.98918E-05 9.98918E-05 9.98918E-05 9.98918E-05 9.98918E-05 9.98918E-05 9.98918E-05 9.98918E-05 0.0739958 9.98918E-05 9.98918E-05 9.98918E-05 0.145634 9.98918E-05 0.341693
9.98919E-05 9.98919E-05 0.168686 9.98919E-05 0.154083 9.98919E-05 9.98919E-05 9.98919E-05 9.98919E-05 9.98919E-05 9.98919E-05 0.668749 0.00728226 9.98919E-05 9.98919E-05 9.98919E-05
0.177225 9.99007E-05 9.99007E-05 9.99007E-05 9.99007E-05 9.99007E-05 9.99007E-05 0.0107743 9.99007E-05 9.99007E-05 9.99007E-05 9.99007E-05 9.99007E-05 0.240135 0.0798046 0.490962
9.99008E-05 0.0230905 9.99008E-05 9.99008E-05 0.0218902 0.00626828 9.99008E-05 9.99008E-05 0.534846 9.99008E-05 9.99008E-05 9.99008E-05 9.99008E-05 9.99008E-05 9.99008E-05 0.412806
9.99009E-05 0.0154806 9.99009E-05 9.99009E-05 0.00532759 9.99009E-05 0.296941 9.99009E-05 0.668323 9.99009E-05 9.99009E-05 0.0128286 9.99009E-05 9.99009E-05 9.99009E-05 9.99009E-05
0.15264 9.98917E-05 9.98917E-05 9.98917E-05 9.98917E-05 9.98917E-05 9.98917E-05 9.98917E-05 9.98917E-05 9.98917E-05 9.98917E-05 0.675455 9.98917E-05 0.154174 0.0165324 9.98917E-05
0.372844 9.98919E-05 9.98919E-05 9.98919E-05 9.98919E-05 9.98919E-05 9.98919E-05 9.98919E-05 0.0831925 9.98919E-05 9.98919E-05 0.137327 9.98919E-05 0.405438 9.98919E-05 9.98919E-05
9.98827E-05 9.98827E-05 9.98827E-05 9.98827E-05 9.98827E-05 9.98827E-05 9.98827E-05 9.98827E-05 9.98827E-05 9.98827E-05 9.98827E-05 0.655864 9.98827E-05 0.197828 0.14501 9.98827E-05
9.99098E-05 9.99098E-05 9.99098E-05 9.99098E-05 9.99098E-05 0.0881032 9.99098E-05 0.0368286 0.441573 9.99098E-05 0.014822 0.231217 9.99098E-05 0.186457 9.99098E-05 9.99098E-05
0.108215 9.99009E-05 9.99009E-05 9.99009E-05 9.99009E-05 0.170933 9.99009E-05 9.99009E-05 0.101483 9.99009E-05 9.99009E-05 0.0688511 9.99009E-05 0.54942 9.99009E-05 9.99009E-05
9.99099E-05 9.99099E-05 0.0958379 9.99099E-05 9.99099E-05 9.99099E-05 0.249586 9.99099E-05 9.99099E-05 0.0367941 9.99099E-05 0.193324 9.99099E-05 0.0400887 9.99099E-05 0.383371
9.98919E-05 9.98919E-05 0.00205393 9.98919E-05 9.98919E-05 9.98919E-05 0.159327 9.98919E-05 9.98919E-05 9.98919E-05 9.98919E-05 9.98919E-05 9.98919E-05 0.252575 9.98919E-05 0.584846
9.991E-05 9.991E-05 0.000690214 9.991E-05 9.991E-05 9.991E-05 0.319477 9.991E-05 9.991E-05 0.134559 9.991E-05 0.0764388 9.991E-05 0.254302 9.991E-05 0.213534
0.166514 9.99098E-05 9.99098E-05 9.99098E-05 9.99098E-05 9.99098E-05 9.99098E-05 9.99098E-05 9.99098E-05 0.0331745 0.0191855 9.99098E-05 9.99098E-05 0.360584 0.0184695 0.401073
9.98918E-05 9.98918E-05 9.98918E-05 9.98918E-05 9.98918E-05 0.231764 9.98918E-05 9.98918E-05 0.034238 9.98918E-05 9.98918E-05 0.0828452 9.98918E-05 9.98918E-05 9.98918E-05 0.649954
9.99009E-05 9.99009E-05 0.0255605 9.99009E-05 0.110443 9.99009E-05 0.090476 9.99009E-05 0.116149 9.99009E-05 9.99009E-05 9.99009E-05 9.99009E-05 9.99009E-05 9.99009E-05 0.656273
9.99007E-05 9.99007E-05 9.99007E-05 9.99007E-05 9.99007E-05 9.99007E-05 9.99007E-05 9.99007E-05 0.0322442 0.572257 0.0332048 0.222947 9.99007E-05 9.99007E-05 0.138249 9.99007E-05
0.0758652 9.98827E-05 9.98827E-05 9.98827E-05 9.98827E-05 9.98827E-05 9.98827E-05 9.98827E-05 9.98827E-05 0.651574 9.98827E-05 9.98827E-05 9.98827E-05 0.271262 9.98827E-05 9.98827E-05
9.99008E-05 9.99008E-05 9.99008E-05 9.99008E-05 0.0200178 9.99008E-05 9.99008E-05 9.99008E-05 0.239688 0.388705 9.99008E-05 0.174717 0.175773 9.99008E-05 9.99008E-05 9.99008E-05
0.0749711 9.99008E-05 9.99008E-05 9.99008E-05 9.99008E-05 9.99008E-05 9.99008E-05 9.99008E-05 9.99008E-05 0.715873 9.99008E-05 9.99008E-05 9.99008E-05 0.0899562 0.0313964 0.0867045
0.0882906 9.98738E-05 9.98738E-05 9.98738E-05 9.98738E-05 9.98738E-05 9.98738E-05 9.98738E-05 9.98738E-05 0.910311 9.98738E-05 9.98738E-05 9.98738E-05 9.98738E-05 9.98738E-05 9.98738E-05
9.98828E-05 9.98828E-05 9.98828E-05 9.98828E-05 0.337463 9.98828E-05 9.98828E-05 9.98828E-05 0.0953631 0.565875 9.98828E-05 9.98828E-05 9.98828E-05 9.98828E-05 9.98828E-05 9.98828E-05
9.99099E-05 9.99099E-05 9.99099E-05 9.99099E-05 9.99099E-05 9.99099E-05 9.99099E-05 0.0136877 9.99099E-05 0.445303 9.99099E-05 9.99099E-05 0.0337057 0.0051976 0.147704 0.353404
9.99279E-05 9.99279E-05 9.99279E-05 0.0266866 0.00420862 0.0457325 9.99279E-05 9.99279E-05 0.000314794 0.882656 9.99279E-05 0.0140332 0.0187141 9.99279E-05 0.0068548 9.99279E-05
0.182885 9.99009E-05 9.99009E-05 9.99009E-05 9.99009E-05 0.06771 9.99009E-05 0.579124 9.99009E-05 9.99009E-05 0.0161007 9.99009E-05 9.99009E-05 0.153082 9.99009E-05 9.99009E-05
0.0472346 9.99099E-05 9.99099E-05 9.99099E-05 9.99099E-05 0.0230178 0.0249967 0.582552 9.99099E-05 9.99099E-05 9.99099E-05 9.99099E-05 0.0447185 0.276482 9.99099E-05 9.99099E-05
9.9892E-05 9.9892E-05 0.153813 9.9892E-05 9.9892E-05 0.038296 9.9892E-05 0.769766 9.9892E-05 9.9892E-05 9.9892E-05 9.9892E-05 9.9892E-05 0.0369267 9.9892E-05 9.9892E-05
9.9892E-05 9.9892E-05 9.9892E-05 9.9892E-05 0.0891972 9.9892E-05 9.9892E-05 0.525886 9.9892E-05 0.0163411 9.9892E-05 9.9892E-05 0.367377 9.9892E-05 9.9892E-05 9.9892E-05
0.192377 9.98918E-05 9.98918E-05 9.98918E-05 9.98918E-05 9.98918E-05 9.98918E-05 0.675582 9.98918E-05 9.98918E-05 0.11963 9.98918E-05 9.98918E-05 0.0112117 9.98918E-05 9.98918E-05
9.99278E-05 0.00742556 0.00475172 0.202314 0.0128124 9.99278E-05 9.99278E-05 0.18446 0.0700819 9.99278E-05 9.99278E-05 9.99278E-05 0.208427 9.99278E-05 0.308928 9.99278E-05
0.332095 9.99008E-05 9.99008E-05 9.99008E-05 0.00111937 9.99008E-05 9.99008E-05 0.466753 9.99008E-05 0.00143089 9.99008E-05 9.99008E-05 9.99008E-05 9.99008E-05 0.197503 9.99008E-05
0.0856188 9.98918E-05 9.98918E-05 9.98918E-05 9.98918E-05 0.0532401 9.98918E-05 0.712767 9.98918E-05 9.98918E-05 9.98918E-05 9.98918E-05 9.98918E-05 0.147175 9.98918E-05 9.98918E-05
9.99099E-05 9.99099E-05 9.99099E-05 9.99099E-05 9.99099E-05 9.99099E-05 9.99099E-05 0.702884 0.0389412 9.99099E-05 0.065734 0.0170304 9.99099E-05 0.00893737 0.165474 9.99099E-05
9.99099E-05 0.108991 9.99099E-05 9.99099E-05 0.189026 0.173969 9.99099E-05 0.458991 9.99099E-05 9.99099E-05 9.99099E-05 0.0126151 9.99099E-05 9.99099E-05 9.99099E-05 0.0554086
0.214774 9.99008E-05 9.99008E-05 9.99008E-05 9.99008E-05 0.149549 9.99008E-05 0.190917 9.99008E-05 9.99008E-05 0.172606 9.99008E-05 9.99008E-05 0.271056 9.99008E-05 9.99008E-05
0.00299235 0.425992 9.99099E-05 9.99099E-05 0.0693711 9.99099E-05 0.0271186 0.464936 9.99099E-05 9.99099E-05 0.00859104 9.99099E-05 9.99099E-05 9.99099E-05 9.99099E-05 9.99099E-05
0.113441 9.99009E-05 9.99009E-05 0.00977795 9.99009E-05 9.99009E-05 9.99009E-05 0.77579 9.99009E-05 9.99009E-05 9.99009E-05 9.99009E-05 9.99009E-05 0.0729678 0.026924 9.99009E-05
9.99278E-05 0.115638 9.99278E-05 0.0464134 9.99278E-05 0.00539601 9.99278E-05 0.539361 0.0438809 9.99278E-05 9.99278E-05 9.99278E-05 0.0246211 9.99278E-05 0.199404 0.0244862
9.99189E-05 9.99189E-05 9.99189E-05 0.0176805 0.00724143 0.224871 9.99189E-05 0.556786 9.99189E-05 9.99189E-05 0.100303 0.044781 9.99189E-05 9.99189E-05 0.0474378 9.99189E-05
0.112902 9.99189E-05 9.99189E-05 9.99189E-05 0.0168762 9.99189E-05 9.99189E-05 0.303285 9.99189E-05 9.99189E-05 0.0201344 0.0244807 9.99189E-05 0.018579 0.502843 9.99189E-05
9.99098E-05 0.0199161 9.99098E-05 9.99098E-05 0.158401 9.99098E-05 0.214876 0.460048 9.99098E-05 9.99098E-05 9.99098E-05 9.99098E-05 0.0982411 9.99098E-05 9.99098E-05 0.0475191
9.98918E-05 9.98918E-05 0.580567 9.98918E-05 0.0206281 9.98918E-05 0.010963 0.386644 9.98918E-05 9.98918E-05 9.98918E-05 9.98918E-05 9.98918E-05 9.98918E-05 9.98918E-05 9.98918E-05
9.99099E-05 9.99099E-05 9.99099E-05 9.99099E-05 9.99099E-05 9.99099E-05 9.99099E-05 0.607312 9.99099E-05 9.99099E-05 0.0986785 0.0725866 9.99099E-05 0.112919 0.0540267 0.0534786
0.153038 9.99009E-05 9.99009E-05 0.0240641 9.99009E-05 9.99009E-05 9.99009E-05 0.702719 9.99009E-05 9.99009E-05 9.99009E-05 9.99009E-05 9.99009E-05 0.0143367 0.104743 9.99009E-05
9.99099E-05 9.99099E-05 9.99099E-05 9.99099E-05 9.99099E-05 0.26889 9.99099E-05 0.567295 9.99099E-05 9.99099E-05 0.00198013 0.0560586 0.0828122 9.99099E-05 9.99099E-05 0.0219648
9.99009E-05 9.99009E-05 0.110476 9.99009E-05 0.0236738 0.183153 0.128315 0.553283 9.99009E-05 9.99009E-05 9.99009E-05 9.99009E-05 9.99009E-05 9.99009E-05 9.99009E-05 9.99009E-05
9.99278E-05 0.0673067 9.99278E-05 0.31495 0.167062 0.113378 9.99278E-05 9.99278E-05 9.99278E-05 9.99278E-05 0.0129455 9.99278E-05 0.204567 9.99278E-05 0.069029 0.0499623
0.0969579 9.99098E-05 9.99098E-05 9.99098E-05 0.0519811 9.99098E-05 9.99098E-05 9.99098E-05 9.99098E-05 0.0787798 0.612489 9.99098E-05 0.0335246 9.99098E-05 0.125269 9.99098E-05
9.99188E-05 9.99188E-05 0.589551 0.187249 9.99188E-05 0.0118214 0.0218588 9.99188E-05 0.000761927 9.99188E-05 9.99188E-05 9.99188E-05 0.0803616 9.99188E-05 0.107497 9.99188E-05
9.99007E-05 9.99007E-05 9.99007E-05 0.302434 9.99007E-05 0.0128255 9.99007E-05 9.99007E-05 9.99007E-05 9.99007E-05 0.0908078 9.99007E-05 9.99007E-05 0.0520632 0.540771 9.99007E-05
0.308869 9.98827E-05 9.98827E-05 9.98827E-05 9.98827E-05 9.98827E-05 9.98827E-05 9.98827E-05 9.98827E-05 9.98827E-05 0.59956 9.98827E-05 9.98827E-05 0.0902733 9.98827E-05 9.98827E-05
9.99097E-05 0.304522 9.99097E-05 0.19072 0.102799 0.0047966 0.346132 9.99097E-05 9.99097E-05 9.99097E-05 9.99097E-05 9.99097E-05 9.99097E-05 9.99097E-05 0.050031 9.99097E-05
9.99008E-05 0.187618 9.99008E-05 0.0597653 0.0429236 9.99008E-05 0.0768217 9.99008E-05 9.99008E-05 9.99008E-05 0.631772 9.99008E-05 9.99008E-05 9.99008E-05 9.99008E-05 9.99008E-05
0.00958444 9.99278E-05 9.99278E-05 0.259877 9.99278E-05 9.99278E-05 0.00368906 0.026469 9.99278E-05 0.00880532 9.99278E-05 9.99278E-05 0.169821 9.99278E-05 0.409442 0.111512
9.98919E-05 9.98919E-05 0.0138575 9.98919E-05 9.98919E-05 9.98919E-05 0.438937 9.98919E-05 9.98919E-05 9.98919E-05 0.544644 0.00136315 9.98919E-05 9.98919E-05 9.98919E-05 9.98919E-05
0.485711 9.98917E-05 9.98917E-05 0.26894 9.98917E-05 9.98917E-05 9.98917E-05 9.98917E-05 9.98917E-05 0.041876 0.202275 9.98917E-05 9.98917E-05 9.98917E-05 9.98917E-05 9.98917E-05
9.99188E-05 0.17424 9.99188E-05 0.107691 9.99188E-05 0.145632 0.266701 9.99188E-05 9.99188E-05 9.99188E-05 0.0284068 9.99188E-05 0.219295 9.99188E-05 9.99188E-05 0.0571357
9.98919E-05 9.98919E-05 0.398997 9.98919E-05 0.0702838 9.98919E-05 0.0612269 9.98919E-05 9.98919E-05 9.98919E-05 0.468293 9.98919E-05 9.98919E-05 9.98919E-05 9.98919E-05 9.98919E-05
0.50924 9.98829E-05 9.98829E-05 9.98829E-05 9.98829E-05 9.98829E-05 9.98829E-05 9.98829E-05 9.98829E-05 9.98829E-05 0.480656 9.98829E-05 9.98829E-05 0.00880549 9.98829E-05 9.98829E-05
9.99188E-05 0.213885 0.0265862 0.105622 0.28379 0.0681056 0.0948193 9.99188E-05 9.99188E-05 9.99188E-05 9.99188E-05 9.99188E-05 0.206293 9.99188E-05 9.99188E-05 9.99188E-05
9.98918E-05 9.98918E-05 9.98918E-05 9.98918E-05 0.096556 9.98918E-05 0.545835 9.98918E-05 9.98918E-05 9.98918E-05 0.329041 9.98918E-05 9.98918E-05 9.98918E-05 9.98918E-05 0.0273689
0.0191658 0.0583139 0.00975892 0.145869 0.0320357 9.99188E-05 0.546372 9.99188E-05 9.99188E-05 9.99188E-05 9.99188E-05 9.99188E-05 9.99188E-05 9.99188E-05 0.187585 9.99188E-05
0.380584 9.98828E-05 9.98828E-05 9.98828E-05 9.98828E-05 9.98828E-05 9.98828E-05 9.98828E-05 9.98828E-05 9.98828E-05 0.613409 9.98828E-05 9.98828E-05 0.00470832 9.98828E-05 9.98828E-05
9.98917E-05 9.98917E-05 9.98917E-05 0.195327 9.98917E-05 9.98917E-05 0.688079 9.98917E-05 9.98917E-05 9.98917E-05 0.0481754 9.98917E-05 0.06722 9.98917E-05 9.98917E-05 9.98917E-05
9.99188E-05 0.270443 9.99188E-05 0.072166 0.0565061 0.18052 9.99188E-05 9.99188E-05 9.99188E-05 9.99188E-05 9.99188E-05 9.99188E-05 0.411004 9.99188E-05 0.000878454 0.00758279
9.99188E-05 0.0177192 9.99188E-05 0.176785 9.99188E-05 9.99188E-05 9.99188E-05 9.99188E-05 0.0322596 0.0392731 0.0674521 9.99188E-05 0.0716641 9.99188E-05 0.593948 9.99188E-05
9.98831E-05 9.98831E-05 9.98831E-05 0.939633 0.0570645 9.98831E-05 9.98831E-05 9.98831E-05 9.98831E-05 9.98831E-05 9.98831E-05 9.98831E-05 9.98831E-05 0.00200403 9.98831E-05 9.98831E-05
9.98737E-05 9.98737E-05 9.98737E-05 0.820833 9.98737E-05 9.98737E-05 0.177769 9.98737E-05 9.98737E-05 9.98737E-05 9.98737E-05 9.98737E-05 9.98737E-05 9.98737E-05 9.98737E-05 9.98737E-05
0.227293 9.99007E-05 9.99007E-05 0.0722917 9.99007E-05 9.99007E-05 9.99007E-05 9.99007E-05 9.99007E-05 9.99007E-05 0.563038 9.99007E-05 9.99007E-05 0.055355 0.0809234 9.99007E-05
9.99189E-05 0.06483 9.99189E-05 9.99189E-05 9.99189E-05 9.99189E-05 0.352406 9.99189E-05 9.99189E-05 0.00796318 9.99189E-05 0.0396199 0.256527 0.0627183 0.215036 9.99189E-05
9.99096E-05 9.99096E-05 9.99096E-05 0.101664 9.99096E-05 9.99096E-05 9.99096E-05 9.99096E-05 0.0711616 0.0252338 0.519384 9.99096E-05 0.144041 9.99096E-05 0.137517 9.99096E-05
9.99008E-05 9.99008E-05 9.99008E-05 0.143113 9.99008E-05 9.99008E-05 9.99008E-05 0.216801 9.99008E-05 9.99008E-05 0.183666 9.99008E-05 9.99008E-05 0.174425 0.280895 9.99008E-05
9.99279E-05 0.0187177 9.99279E-05 9.99279E-05 9.99279E-05 9.99279E-05 0.545314 0.159161 9.99279E-05 0.0139427 0.0244151 0.0348827 0.182126 9.99279E-05 9.99279E-05 0.0206425
9.99098E-05 9.99098E-05 9.99098E-05 9.99098E-05 9.99098E-05 0.597608 9.99098E-05 0.0386541 9.99098E-05 9.99098E-05 0.151105 0.00149687 0.0991783 9.99098E-05 9.99098E-05 0.110959
0.53472 9.9901E-05 9.9901E-05 0.0215757 9.9901E-05 0.172323 9.9901E-05 9.9901E-05 9.9901E-05 9.9901E-05 0.0838329 9.9901E-05 9.9901E-05 0.18645 9.9901E-05 9.9901E-05
9.99098E-05 9.99098E-05 9.99098E-05 9.99098E-05 9.99098E-05 0.0299302 9.99098E-05 0.128398 0.102674 9.99098E-05 0.273405 0.00629403 9.99098E-05 9.99098E-05 0.4583 9.99098E-05
0.0726706 0.0670273 9.99188E-05 9.99188E-05 9.99188E-05 9.99188E-05 9.99188E-05 0.128552 9.99188E-05 9.99188E-05 0.154244 0.00454052 9.99188E-05 0.12779 0.444276 9.99188E-05
9.99008E-05 0.449334 9.99008E-05 0.153773 9.99008E-05 0.169442 9.99008E-05 9.99008E-05 9.99008E-05 9.99008E-05 0.211481 0.0148711 9.99008E-05 9.99008E-05 9.99008E-05 9.99008E-05
0.345789 9.99098E-05 9.99098E-05 0.0524681 9.99098E-05 0.0501839 9.99098E-05 9.99098E-05 9.99098E-05 9.99098E-05 0.147494 9.99098E-05 9.99098E-05 0.07567 0.327395 9.99098E-05
9.99007E-05 0.102455 0.162205 9.99007E-05 9.99007E-05 0.0593278 0.52832 9.99007E-05 9.99007E-05 9.99007E-05 9.99007E-05 9.99007E-05 9.99007E-05 9.99007E-05 0.146594 9.99007E-05
0.142103 9.99098E-05 9.99098E-05 0.000950834 9.99098E-05 0.14611 9.99098E-05 9.99098E-05 9.99098E-05 9.99098E-05 0.214218 9.99098E-05 9.99098E-05 0.0956071 0.400013 9.99098E-05
9.99009E-05 9.99009E-05 0.321818 0.20829 9.99009E-05 0.088334 9.99009E-05 9.99009E-05 9.99009E-05 9.99009E-05 0.335833 9.99009E-05 0.0446261 9.99009E-05 9.99009E-05 9.99009E-05
0.0481086 9.99098E-05 0.361265 9.99098E-05 9.99098E-05 0.21468 0.289893 0.0650137 9.99098E-05 9.99098E-05 0.0200399 9.99098E-05 9.99098E-05 9.99098E-05 9.99098E-05 9.99098E-05
9.9937E-05 9.9937E-05 9.9937E-05 0.000652533 9.9937E-05 0.30615 9.9937E-05 0.0903384 0.0440535 9.9937E-05 0.169801 0.00793924 0.0822119 9.9937E-05 0.169634 0.128519
9.99278E-05 9.99278E-05 9.99278E-05 0.0254971 9.99278E-05 0.177396 0.020062 0.0822676 0.00647162 9.99278E-05 9.99278E-05 9.99278E-05 0.0825431 9.99278E-05 0.512568 0.0923956
9.99278E-05 9.99278E-05 9.99278E-05 9.99278E-05 0.0330217 0.328522 9.99278E-05 0.0740786 0.0340225 9.99278E-05 0.160884 0.0415905 9.99278E-05 9.99278E-05 0.275036 0.052045
9.99098E-05 9.99098E-05 0.129174 0.275149 9.99098E-05 0.180481 0.218398 0.132054 9.99098E-05 9.99098E-05 9.99098E-05 9.99098E-05 9.99098E-05 9.99098E-05 0.0637462 9.99098E-05
0.402323 9.99008E-05 9.99008E-05 9.99008E-05 9.99008E-05 0.275142 9.99008E-05 9.99008E-05 9.99008E-05 9.99008E-05 0.069736 9.99008E-05 9.99008E-05 0.198266 0.0534334 9.99008E-05
0.338295 9.98918E-05 9.98918E-05 9.98918E-05 9.98918E-05 0.131437 9.98918E-05 9.98918E-05 9.98918E-05 9.98918E-05 0.433432 9.98918E-05 9.98918E-05 0.0956372 9.98918E-05 9.98918E-05
0.15683 9.99189E-05 9.99189E-05 9.99189E-05 9.99189E-05 9.99189E-05 9.99189E-05 9.99189E-05 0.0245897 0.0540044 0.161114 9.99189E-05 0.0411838 0.0293913 0.531988 9.99189E-05
0.116514 9.99008E-05 9.99008E-05 9.99008E-05 9.99008E-05 0.0801707 9.99008E-05 9.99008E-05 9.99008E-05 9.99008E-05 0.300224 9.99008E-05 9.99008E-05 0.345905 0.156087 9.99008E-05
0.560496 9.98829E-05 9.98829E-05 9.98829E-05 9.98829E-05 0.355055 9.98829E-05 9.98829E-05 9.98829E-05 9.98829E-05 9.98829E-05 9.98829E-05 9.98829E-05 0.0831503 9.98829E-05 9.98829E-05
0.185865 9.99189E-05 9.99189E-05 9.99189E-05 9.99189E-05 9.99189E-05 0.00321362 9.99189E-05 9.99189E-05 0.161227 0.230756 9.99189E-05 0.128602 0.0485522 0.240885 9.99189E-05
0.10895 0.0771318 9.99098E-05 0.0984778 9.99098E-05 9.99098E-05 9.99098E-05 9.99098E-05 9.99098E-05 0.0577235 0.107934 9.99098E-05 9.99098E-05 9.99098E-05 0.548783 9.99098E-05
9.9919E-05 9.9919E-05 0.0228383 9.9919E-05 0.578241 9.9919E-05 9.9919E-05 9.9919E-05 0.0220255 9.9919E-05 0.0669128 0.0122514 0.294472 0.0023601 9.9919E-05 9.9919E-05
9.98827E-05 9.98827E-05 9.98827E-05 9.98827E-05 0.624669 9.98827E-05 0.187881 9.98827E-05 9.98827E-05 9.98827E-05 9.98827E-05 9.98827E-05 9.98827E-05 9.98827E-05 0.186152 9.98827E-05
0.0775707 9.99189E-05 9.99189E-05 9.99189E-05 0.0785991 9.99189E-05 0.0024384 9.99189E-05 0.0473738 0.076173 9.99189E-05 9.99189E-05 0.106716 9.99189E-05 0.61023 9.99189E-05
9.98917E-05 0.197179 9.98917E-05 9.98917E-05 0.411058 9.98917E-05 0.246376 9.98917E-05 9.98917E-05 9.98917E-05 9.98917E-05 9.98917E-05 9.98917E-05 9.98917E-05 0.144189 9.98917E-05
9.98918E-05 9.98918E-05 9.98918E-05 9.98918E-05 0.8705 9.98918E-05 0.0340378 0.00861473 9.98918E-05 9.98918E-05 9.98918E-05 9.98918E-05 9.98918E-05 9.98918E-05 0.0856492 9.98918E-05
9.98918E-05 9.98918E-05 0.458653 9.98918E-05 0.372297 9.98918E-05 9.98918E-05 9.98918E-05 9.98918E-05 9.98918E-05 9.98918E-05 0.04562 9.98918E-05 9.98918E-05 0.122232 9.98918E-05
0.0230831 9.99098E-05 0.0424565 9.99098E-05 0.605907 9.99098E-05 0.222741 0.00705603 9.99098E-05 9.99098E-05 9.99098E-05 9.99098E-05 9.99098E-05 9.99098E-05 0.0977578 9.99098E-05
0.363157 9.98919E-05 9.98919E-05 9.98919E-05 0.183744 9.98919E-05 9.98919E-05 9.98919E-05 9.98919E-05 0.0699897 9.98919E-05 9.98919E-05 9.98919E-05 9.98919E-05 0.381911 9.98919E-05
0.666374 0.00880467 9.9919E-05 9.9919E-05 9.9919E-05 0.00077149 9.9919E-05 9.9919E-05 9.9919E-05 9.9919E-05 0.260675 9.9919E-05 0.00479804 0.0122835 0.0453934 9.9919E-05
0.0087788 9.99098E-05 0.0196947 9.99098E-05 9.99098E-05 9.99098E-05 9.99098E-05 0.0540688 0.0920258 9.99098E-05 9.99098E-05 9.99098E-05 0.634012 9.99098E-05 0.19042 9.99098E-05
0.532986 9.99008E-05 9.99008E-05 9.99008E-05 0.163454 9.99008E-05 9.99008E-05 0.0424537 9.99008E-05 0.0830122 9.99008E-05 9.99008E-05 9.99008E-05 9.99008E-05 0.176994 9.99008E-05
0.160646 9.991E-05 0.000563733 9.991E-05 0.067914 9.991E-05 9.991E-05 9.991E-05 0.145556 0.154162 9.991E-05 9.991E-05 9.991E-05 9.991E-05 0.47016 9.991E-05
9.99188E-05 0.0567269 9.99188E-05 0.0327721 0.214074 9.99188E-05 9.99188E-05 0.015354 9.99188E-05 0.12876 9.99188E-05 9.99188E-05 0.0995308 9.99188E-05 0.451882 9.99188E-05
0.367179 9.99009E-05 9.99009E-05 9.99009E-05 9.99009E-05 9.99009E-05 9.99009E-05 9.99009E-05 9.99009E-05 0.0402719 0.0867369 9.99009E-05 0.0154699 9.99009E-05 0.489244 9.99009E-05
0.250657 9.99189E-05 9.99189E-05 9.99189E-05 0.0374407 9.99189E-05 9.99189E-05 0.0573357 9.99189E-05 0.00183655 9.99189E-05 9.99189E-05 0.30158 0.0678027 0.282448 9.99189E-05
9.99189E-05 9.99189E-05 9.99189E-05 9.99189E-05 9.99189E-05 9.99189E-05 0.300193 9.99189E-05 9.99189E-05 0.0219095 0.0536263 0.0957391 0.410859 0.0432406 0.0735335 9.99189E-05
0.175565 0.190624 9.99279E-05 9.99279E-05 0.0225513 9.99279E-05 9.99279E-05 9.99279E-05 9.99279E-05 0.113339 9.99279E-05 0.00315529 0.0836738 9.99279E-05 0.392231 0.0180613
0.172421 9.99098E-05 9.99098E-05 9.99098E-05 0.088319 9.99098E-05 9.99098E-05 0.130869 9.99098E-05 0.0203538 9.99098E-05 9.99098E-05 0.317321 9.99098E-05 0.269718 9.99098E-05
9.99008E-05 0.474201 9.99008E-05 0.0621524 0.150875 9.99008E-05 0.0702113 9.99008E-05 9.99008E-05 9.99008E-05 9.99008E-05 9.99008E-05 0.241461 9.99008E-05 9.99008E-05 9.99008E-05
9.9928E-05 0.0439154 0.0199881 0.095599 0.0674081 0.0371584 9.9928E-05 9.9928E-05 0.032382 9.9928E-05 9.9928E-05 9.9928E-05 0.493631 9.9928E-05 0.209119 9.9928E-05
0.633631 0.0272164 0.00236125 9.99279E-05 0.0281511 9.99279E-05 9.99279E-05 9.99279E-05 9.99279E-05 0.0454868 9.99279E-05 9.99279E-05 0.0512039 9.99279E-05 0.163386 0.0477638
0.107641 9.99189E-05 9.99189E-05 0.0455132 9.99189E-05 9.99189E-05 0.0170671 0.0495469 9.99189E-05 0.105735 9.99189E-05 9.99189E-05 0.0663799 9.99189E-05 0.607218 9.99189E-05
0.618743 9.99009E-05 9.99009E-05 9.99009E-05 9.99009E-05 9.99009E-05 0.0126168 9.99009E-05 9.99009E-05 0.0491791 0.169401 9.99009E-05 9.99009E-05 9.99009E-05 0.14896 9.99009E-05
9.99007E-05 9.99007E-05 9.99007E-05 9.99007E-05 0.277981 0.0926324 0.211959 9.99007E-05 9.99007E-05 9.99007E-05 9.99007E-05 9.99007E-05 0.284872 9.99007E-05 0.131457 9.99007E-05
9.99009E-05 0.048684 9.99009E-05 0.164121 9.99009E-05 9.99009E-05 9.99009E-05 9.99009E-05 0.0738454 9.99009E-05 9.99009E-05 9.99009E-05 0.34829 9.99009E-05 0.363961 9.99009E-05
0.499522 9.99098E-05 9.99098E-05 9.99098E-05 9.99098E-05 9.99098E-05 9.99098E-05 9.99098E-05 9.99098E-05 0.000621661 0.0920787 9.99098E-05 0.0795241 0.0355547 0.2917 9.99098E-05
9.9928E-05 0.019917 0.0292868 9.9928E-05 0.233466 9.9928E-05 0.295744 0.0242545 9.9928E-05 9.9928E-05 0.137708 9.9928E-05 0.207561 9.9928E-05 9.9928E-05 0.0512628
9.98919E-05 0.446866 9.98919E-05 9.98919E-05 9.98919E-05 9.98919E-05 0.0183899 9.98919E-05 9.98919E-05 9.98919E-05 0.307538 9.98919E-05 0.226008 9.98919E-05 9.98919E-05 9.98919E-05
0.144166 9.99369E-05 9.99369E-05 0.0497822 9.99369E-05 9.99369E-05 9.99369E-05 0.0519067 0.00440899 0.036715 0.136393 0.0176359 9.99369E-05 0.18639 0.371902 9.99369E-05
9.99189E-05 9.99189E-05 9.99189E-05 9.99189E-05 9.99189E-05 0.00844122 9.99189E-05 0.10023 0.0432666 9.99189E-05 0.653385 0.0104529 9.99189E-05 9.99189E-05 0.168596 0.014729
9.99099E-05 0.396324 9.99099E-05 9.99099E-05 0.325779 9.99099E-05 9.99099E-05 9.99099E-05 9.99099E-05 0.0585511 0.170748 0.0341789 0.0134202 9.99099E-05 9.99099E-05 9.99099E-05
9.99098E-05 9.99098E-05 9.99098E-05 9.99098E-05 0.316845 9.99098E-05 0.359454 9.99098E-05 0.0141837 0.00779157 0.257021 9.99098E-05 0.0437057 9.99098E-05 9.99098E-05 9.99098E-05
9.99099E-05 0.0285225 9.99099E-05 9.99099E-05 0.143895 9.99099E-05 0.462516 9.99099E-05 0.123662 9.99099E-05 0.0960885 9.99099E-05 0.144317 9.99099E-05 9.99099E-05 9.99099E-05
0.323808 9.98919E-05 9.98919E-05 9.98919E-05 9.98919E-05 0.0676549 9.98919E-05 9.98919E-05 9.98919E-05 9.98919E-05 0.442085 9.98919E-05 9.98919E-05 0.165254 9.98919E-05 9.98919E-05
9.9883E-05 9.9883E-05 9.9883E-05 9.9883E-05 9.9883E-05 9.9883E-05 9.9883E-05 9.9883E-05 9.9883E-05 0.121548 0.354723 9.9883E-05 9.9883E-05 9.9883E-05 0.522431 9.9883E-05
9.99368E-05 0.0639885 9.99368E-05 9.99368E-05 9.99368E-05 0.104716 0.0532522 0.275518 0.0393824 9.99368E-05 0.0699503 9.99368E-05 0.200814 9.99368E-05 0.138267 0.0534121
9.99188E-05 0.103277 9.99188E-05 9.99188E-05 0.168597 0.0291729 0.334182 9.99188E-05 9.99188E-05 9.99188E-05 0.182799 9.99188E-05 0.174751 9.99188E-05 0.00632263 9.99188E-05
0.175554 9.99098E-05 9.99098E-05 9.99098E-05 9.99098E-05 0.105439 9.99098E-05 0.0428438 9.99098E-05 9.99098E-05 0.308936 9.99098E-05 9.99098E-05 0.215983 0.150245 9.99098E-05
9.99099E-05 9.99099E-05 9.99099E-05 0.0236201 0.109199 9.99099E-05 9.99099E-05 9.99099E-05 9.99099E-05 0.0219708 0.187041 0.0423347 9.99099E-05 9.99099E-05 0.614835 9.99099E-05
9.98919E-05 9.98919E-05 9.98919E-05 9.98919E-05 0.108507 9.98919E-05 9.98919E-05 9.98919E-05 9.98919E-05 0.107476 0.210181 9.98919E-05 9.98919E-05 9.98919E-05 0.572638 9.98919E-05
9.99278E-05 9.99278E-05 9.99278E-05 9.99278E-05 9.99278E-05 0.336999 9.99278E-05 0.11456 0.0533976 9.99278E-05 0.257548 0.00779901 0.107696 9.99278E-05 0.0978497 0.0233516
0.12124 9.99099E-05 9.99099E-05 0.0679185 9.99099E-05 9.99099E-05 9.99099E-05 0.182025 9.99099E-05 9.99099E-05 9.99099E-05 9.99099E-05 0.0175477 0.049562 0.560708 9.99099E-05
9.99278E-05 0.189287 9.99278E-05 9.99278E-05 0.0878504 0.0632444 9.99278E-05 0.0233769 9.99278E-05 0.00836534 9.99278E-05 9.99278E-05 0.321007 9.99278E-05 0.267246 0.0388245
9.99278E-05 0.076283 9.99278E-05 9.99278E-05 9.99278E-05 0.136311 0.0126028 9.99278E-05 0.0816785 9.99278E-05 0.110441 9.99278E-05 0.208255 9.99278E-05 0.367931 0.00569932
9.991E-05 0.167728 9.991E-05 0.0731445 0.195005 9.991E-05 0.429435 9.991E-05 9.991E-05 9.991E-05 0.128904 0.00478434 9.991E-05 9.991E-05 9.991E-05 9.991E-05
0.12435 9.99278E-05 9.99278E-05 9.99278E-05 9.99278E-05 9.99278E-05 9.99278E-05 9.99278E-05 9.99278E-05 0.0704263 0.313714 0.00746236 0.137577 0.117106 0.213058 0.0155076
9.99188E-05 0.0621739 9.99188E-05 9.99188E-05 0.121333 9.99188E-05 0.240357 9.99188E-05 9.99188E-05 0.00893356 0.129692 9.99188E-05 0.410942 9.99188E-05 9.99188E-05 0.0256696
9.99008E-05 9.99008E-05 0.481517 9.99008E-05 9.99008E-05 9.99008E-05 0.146764 9.99008E-05 9.99008E-05 9.99008E-05 0.0708718 9.99008E-05 0.250907 9.99008E-05 0.0488409 9.99008E-05
0.521447 9.99008E-05 9.99008E-05 9.99008E-05 9.99008E-05 9.99008E-05 0.0263281 9.99008E-05 9.99008E-05 0.0372002 0.217846 9.99008E-05 9.99008E-05 9.99008E-05 0.196079 9.99008E-05
0.0672344 0.228568 9.99278E-05 0.0812633 0.0701107 9.99278E-05 9.99278E-05 9.99278E-05 9.99278E-05 0.0706172 0.0220308 9.99278E-05 0.020682 9.99278E-05 0.438694 9.99278E-05
0.158362 9.99099E-05 9.99099E-05 9.99099E-05 9.99099E-05 9.99099E-05 9.99099E-05 9.99099E-05 9.99099E-05 0.113463 0.0814007 9.99099E-05 0.114153 0.0220214 0.509601 9.99099E-05
9.991E-05 0.0519756 9.991E-05 9.991E-05 0.560213 9.991E-05 9.991E-05 9.991E-05 0.0109689 9.991E-05 0.0613608 0.0131703 0.301312 9.991E-05 9.991E-05 9.991E-05
9.9928E-05 9.9928E-05 0.234442 0.297966 0.106029 9.9928E-05 9.9928E-05 9.9928E-05 9.9928E-05 0.0831536 9.9928E-05 0.024715 0.126323 0.0857122 9.9928E-05 0.0408592
9.99279E-05 0.0516349 0.0203757 0.0758845 0.0988007 9.99279E-05 0.0541 9.99279E-05 9.99279E-05 9.99279E-05 9.99279E-05 9.99279E-05 0.585695 9.99279E-05 0.0258733 0.086836
0.466964 9.99099E-05 9.99099E-05 9.99099E-05 0.0179747 9.99099E-05 9.99099E-05 9.99099E-05 9.99099E-05 0.037993 0.181057 0.00392661 9.99099E-05 9.99099E-05 0.291085 9.99099E-05
0.00510731 9.99261E-05 9.99261E-05 0.159679 0.11915 9.99261E-05 0.0228239 9.99261E-05 9.99261E-05 9.99261E-05 9.99261E-05 9.99261E-05 0.601177 9.99261E-05 0.0627376 0.0284257
0.012449 0.0115237 0.0156915 9.99189E-05 0.163503 9.99189E-05 9.99189E-05 0.0571547 9.99189E-05 9.99189E-05 9.99189E-05 0.0464813 0.692298 9.99189E-05 9.99189E-05 9.99189E-05
0.0389375 0.183128 0.00504104 9.991E-05 0.311278 9.991E-05 9.991E-05 0.0133636 9.991E-05 9.991E-05 9.991E-05 9.991E-05 0.447252 9.991E-05 9.991E-05 9.991E-05
0.599675 9.99008E-05 9.99008E-05 9.99008E-05 9.99008E-05 9.99008E-05 9.99008E-05 0.0661218 9.99008E-05 0.0774808 9.99008E-05 9.99008E-05 0.126451 9.99008E-05 0.129172 9.99008E-05
0.055699 0.0204383 9.99459E-05 9.99459E-05 0.0268178 9.99459E-05 9.99459E-05 0.00402887 9.99459E-05 0.0599433 0.0115108 0.0101463 0.324305 0.0136754 0.472835 9.99459E-05
0.0386282 0.3447 9.99369E-05 0.167046 0.35237 9.99369E-05 0.0490401 9.99369E-05 9.99369E-05 0.0175202 0.0157878 9.99369E-05 0.00788415 9.99369E-05 0.00632375 9.99369E-05
