9.9928E-05 0.0478551 0.320368 0.0569283 9.9928E-05 9.9928E-05 0.040423 9.9928E-05 9.9928E-05 9.9928E-05 9.9928E-05 9.9928E-05 0.443167 0.0904596
9.99369E-05 0.0282885 0.28983 9.99369E-05 9.99369E-05 9.99369E-05 0.0481093 9.99369E-05 9.99369E-05 9.99369E-05 0.0949536 0.0200734 0.514025 0.00402093
9.99369E-05 9.99369E-05 9.99369E-05 9.99369E-05 0.0528337 9.99369E-05 0.06161 9.99369E-05 0.565691 9.99369E-05 0.00325182 0.0263748 0.268151 0.0213879
9.99549E-05 9.99549E-05 0.378767 0.0519096 0.0517253 0.223835 9.99549E-05 9.99549E-05 9.99549E-05 0.0437081 0.0284407 0.00553806 0.181853 0.0337228
9.99188E-05 9.99188E-05 0.400156 9.99188E-05 0.0995327 0.289165 0.093212 9.99188E-05 9.99188E-05 9.99188E-05 9.99188E-05 0.117036 9.99188E-05 9.99188E-05
0.015927 0.0136363 0.0593767 0.333357 0.117634 9.99549E-05 0.0260853 9.99549E-05 0.10596 9.99549E-05 9.99549E-05 0.0242631 0.303261 9.99549E-05
0.0133497 9.99189E-05 9.99189E-05 9.99189E-05 9.99189E-05 9.99189E-05 9.99189E-05 0.080661 0.47886 9.99189E-05 0.00400969 9.99189E-05 0.42222 9.99189E-05
0.00577908 0.130567 0.0854698 0.200739 0.0484082 9.9937E-05 9.9937E-05 9.9937E-05 0.223385 9.9937E-05 9.9937E-05 9.9937E-05 0.304951 9.9937E-05
9.9955E-05 0.026504 0.287312 0.0375542 0.0478212 9.9955E-05 9.9955E-05 9.9955E-05 9.9955E-05 0.0740121 0.0518392 0.0491814 0.39394 0.0313363
9.99188E-05 9.99188E-05 9.99188E-05 0.369013 0.112409 9.99188E-05 9.99188E-05 0.148521 0.350537 9.99188E-05 9.99188E-05 9.99188E-05 9.99188E-05 0.0186204
9.99459E-05 9.99459E-05 0.198865 9.99459E-05 0.100447 0.00847886 0.0557384 9.99459E-05 9.99459E-05 9.99459E-05 0.427905 0.0124442 0.185142 0.0103807
9.99279E-05 9.99279E-05 0.431556 0.113878 0.148165 9.99279E-05 9.99279E-05 9.99279E-05 9.99279E-05 0.150808 0.137706 9.99279E-05 0.0170875 9.99279E-05
9.99459E-05 9.99459E-05 9.99459E-05 9.99459E-05 0.0481132 0.349757 0.114202 9.99459E-05 0.177137 9.99459E-05 0.0101208 0.0560352 0.240343 0.00369167
0.00102336 0.00799616 9.99279E-05 0.161324 0.0914904 9.99279E-05 9.99279E-05 9.99279E-05 0.345795 9.99279E-05 9.99279E-05 9.99279E-05 0.391571 9.99279E-05
9.99099E-05 9.99099E-05 0.462436 0.030938 0.0466055 9.99099E-05 9.99099E-05 9.99099E-05 9.99099E-05 9.99099E-05 0.459021 9.99099E-05 9.99099E-05 9.99099E-05
0.0152907 9.99369E-05 9.99369E-05 0.185745 9.99369E-05 9.99369E-05 9.99369E-05 0.26408 0.416575 9.99369E-05 9.99369E-05 0.0192021 0.0946824 0.00372522
9.99189E-05 9.99189E-05 9.99189E-05 0.0370987 9.99189E-05 9.99189E-05 9.99189E-05 0.0380114 0.385634 0.0277294 9.99189E-05 9.99189E-05 0.510627 9.99189E-05
9.99189E-05 9.99189E-05 9.99189E-05 0.0191342 9.99189E-05 9.99189E-05 0.0414966 9.99189E-05 0.433614 9.99189E-05 0.057457 9.99189E-05 0.447399 9.99189E-05
9.9937E-05 9.9937E-05 0.31322 9.9937E-05 0.0295119 0.000756693 0.0722815 9.9937E-05 0.0488067 0.240824 9.9937E-05 9.9937E-05 0.2939 9.9937E-05
9.99189E-05 0.0208613 9.99189E-05 9.99189E-05 9.99189E-05 0.0854843 9.99189E-05 9.99189E-05 9.99189E-05 9.99189E-05 0.0987909 0.0517688 9.99189E-05 0.742195
9.98918E-05 9.98918E-05 9.98918E-05 9.98918E-05 9.98918E-05 0.243048 9.98918E-05 9.98918E-05 9.98918E-05 9.98918E-05 9.98918E-05 9.98918E-05 9.98918E-05 0.755753
9.98918E-05 9.98918E-05 9.98918E-05 0.163818 9.98918E-05 9.98918E-05 9.98918E-05 9.98918E-05 9.98918E-05 9.98918E-05 9.98918E-05 9.98918E-05 9.98918E-05 0.834983
9.99189E-05 0.0226787 9.99189E-05 9.99189E-05 9.99189E-05 0.110033 9.99189E-05 9.99189E-05 9.99189E-05 0.241776 9.99189E-05 0.0119431 9.99189E-05 0.612669
9.99279E-05 0.0243849 0.0468159 9.99279E-05 0.0494097 9.99279E-05 9.99279E-05 9.99279E-05 9.99279E-05 0.0441582 0.111245 9.99279E-05 9.99279E-05 0.723187
0.242606 0.00268962 9.99278E-05 0.0486968 9.99278E-05 9.99278E-05 9.99278E-05 9.99278E-05 0.144833 9.99278E-05 9.99278E-05 9.99278E-05 0.114604 0.445771
9.99278E-05 0.311317 0.126462 9.99278E-05 0.0745663 9.99278E-05 9.99278E-05 9.99278E-05 9.99278E-05 9.99278E-05 0.109229 0.0684688 9.99278E-05 0.309157
0.223527 9.99099E-05 9.99099E-05 9.99099E-05 9.99099E-05 9.99099E-05 9.99099E-05 0.48284 9.99099E-05 9.99099E-05 9.99099E-05 0.0622909 9.99099E-05 0.230343
9.99189E-05 0.335025 9.99189E-05 9.99189E-05 9.99189E-05 0.372817 9.99189E-05 9.99189E-05 9.99189E-05 9.99189E-05 0.0353982 0.0814658 9.99189E-05 0.174394
0.012078 9.99188E-05 9.99188E-05 0.138003 9.99188E-05 9.99188E-05 0.0323117 0.00936446 9.99188E-05 9.99188E-05 9.99188E-05 9.99188E-05 9.99188E-05 0.807343
9.99189E-05 9.99189E-05 9.99189E-05 9.99189E-05 0.0244819 0.0664641 9.99189E-05 9.99189E-05 9.99189E-05 0.0523136 9.99189E-05 0.00162582 9.99189E-05 0.854215
0.0819181 9.99371E-05 9.99371E-05 9.99371E-05 0.0130588 0.0150481 9.99371E-05 0.144924 0.0808612 0.111721 9.99371E-05 9.99371E-05 9.99371E-05 0.551769
0.236554 0.353324 9.99368E-05 0.125425 9.99368E-05 9.99368E-05 0.0879475 0.0433362 9.99368E-05 9.99368E-05 9.99368E-05 0.0336682 9.99368E-05 0.119045
0.0825489 9.99098E-05 9.99098E-05 9.99098E-05 9.99098E-05 9.99098E-05 9.99098E-05 0.217591 0.122799 9.99098E-05 9.99098E-05 9.99098E-05 9.99098E-05 0.576062
0.105216 9.99098E-05 9.99098E-05 9.99098E-05 9.99098E-05 9.99098E-05 9.99098E-05 9.99098E-05 0.103396 9.99098E-05 9.99098E-05 9.99098E-05 0.151234 0.639155
9.99189E-05 9.99189E-05 9.99189E-05 9.99189E-05 0.0893957 0.0433014 0.000437781 9.99189E-05 9.99189E-05 0.0350258 9.99189E-05 9.99189E-05 9.99189E-05 0.83094
9.99189E-05 9.99189E-05 0.0550786 9.99189E-05 9.99189E-05 0.0172174 9.99189E-05 9.99189E-05 9.99189E-05 9.99189E-05 0.141666 0.0506759 9.99189E-05 0.734463
9.99099E-05 9.99099E-05 9.99099E-05 9.99099E-05 9.99099E-05 9.99099E-05 9.99099E-05 0.0134999 9.99099E-05 9.99099E-05 0.289011 0.00415392 9.99099E-05 0.692336
9.99099E-05 9.99099E-05 0.0597213 9.99099E-05 9.99099E-05 9.99099E-05 9.99099E-05 9.99099E-05 9.99099E-05 0.237018 9.99099E-05 0.0138606 9.99099E-05 0.688401
0.353661 9.99097E-05 9.99097E-05 0.0766719 9.99097E-05 9.99097E-05 9.99097E-05 9.99097E-05 9.99097E-05 9.99097E-05 9.99097E-05 0.513045 0.0556227 9.99097E-05
0.770171 9.9919E-05 9.9919E-05 9.9919E-05 9.9919E-05 0.0788184 0.0646812 0.0611502 9.9919E-05 9.9919E-05 9.9919E-05 0.0242804 9.9919E-05 9.9919E-05
0.619691 0.0106135 9.99279E-05 9.99279E-05 0.0522475 9.99279E-05 9.99279E-05 0.208351 0.0772237 9.99279E-05 9.99279E-05 9.99279E-05 9.99279E-05 0.0310738
0.264271 0.0789869 9.99279E-05 9.99279E-05 9.99279E-05 0.236777 9.99279E-05 0.0118277 9.99279E-05 0.17315 9.99279E-05 0.234189 9.99279E-05 9.99279E-05
0.427662 9.99188E-05 9.99188E-05 0.126717 9.99188E-05 9.99188E-05 9.99188E-05 9.99188E-05 9.99188E-05 9.99188E-05 9.99188E-05 0.166927 0.0428718 0.234923
0.6748 9.99279E-05 9.99279E-05 9.99279E-05 0.0849054 9.99279E-05 0.0446502 9.99279E-05 0.0129339 9.99279E-05 0.135416 9.99279E-05 9.99279E-05 0.0464949
9.99099E-05 0.58162 0.139734 9.99099E-05 9.99099E-05 9.99099E-05 9.99099E-05 9.99099E-05 9.99099E-05 0.196621 9.99099E-05 0.0810255 9.99099E-05 9.99099E-05
0.160644 9.99099E-05 0.249359 9.99099E-05 9.99099E-05 9.99099E-05 9.99099E-05 9.99099E-05 9.99099E-05 9.99099E-05 0.0308763 0.558122 9.99099E-05 9.99099E-05
0.613012 9.99278E-05 9.99278E-05 9.99278E-05 0.00373773 9.99278E-05 9.99278E-05 0.0835925 0.111424 9.99278E-05 9.99278E-05 9.99278E-05 0.022163 0.165272
0.465588 9.99098E-05 9.99098E-05 0.142674 9.99098E-05 9.99098E-05 9.99098E-05 9.99098E-05 9.99098E-05 9.99098E-05 9.99098E-05 0.387069 0.00366923 9.99098E-05
0.429072 9.99009E-05 9.99009E-05 9.99009E-05 9.99009E-05 0.115821 9.99009E-05 0.454008 9.99009E-05 9.99009E-05 9.99009E-05 9.99009E-05 9.99009E-05 9.99009E-05
0.291043 0.0292288 0.0587846 9.9937E-05 9.9937E-05 9.9937E-05 9.9937E-05 9.9937E-05 9.9937E-05 0.0326523 0.00045528 0.509868 0.077269 9.9937E-05
0.692607 9.99099E-05 9.99099E-05 9.99099E-05 9.99099E-05 0.130504 9.99099E-05 0.0739755 9.99099E-05 9.99099E-05 9.99099E-05 0.101915 9.99099E-05 9.99099E-05
0.374433 9.99189E-05 9.99189E-05 9.99189E-05 0.0136016 0.418652 9.99189E-05 9.99189E-05 9.99189E-05 9.99189E-05 9.99189E-05 0.148694 9.99189E-05 0.0437208
0.0622448 0.13247 9.99278E-05 9.99278E-05 0.11469 9.99278E-05 9.99278E-05 9.99278E-05 9.99278E-05 9.99278E-05 0.265428 0.3327 9.99278E-05 0.091668
0.309012 0.0388682 0.13797 9.99279E-05 0.0595645 9.99279E-05 9.99279E-05 9.99279E-05 9.99279E-05 9.99279E-05 0.255758 0.198028 9.99279E-05 9.99279E-05
0.145974 0.10383 0.0276569 9.9946E-05 9.9946E-05 0.0179301 9.9946E-05 9.9946E-05 9.9946E-05 0.41058 0.0350895 0.1973 9.9946E-05 0.0610387
9.99009E-05 0.198253 9.99009E-05 9.99009E-05 9.99009E-05 9.99009E-05 9.99009E-05 9.99009E-05 9.99009E-05 0.460357 9.99009E-05 9.99009E-05 9.99009E-05 0.340291
0.520367 9.99188E-05 9.99188E-05 0.122086 9.99188E-05 9.99188E-05 0.0497043 0.00922245 9.99188E-05 9.99188E-05 9.99188E-05 0.297721 9.99188E-05 9.99188E-05
0.310041 0.235597 9.99098E-05 9.99098E-05 9.99098E-05 0.345409 9.99098E-05 9.99098E-05 9.99098E-05 9.99098E-05 9.99098E-05 0.107955 9.99098E-05 9.99098E-05
0.785261 0.0403349 9.99278E-05 0.0626891 9.99278E-05 0.000632223 0.0524081 0.0578756 9.99278E-05 9.99278E-05 9.99278E-05 9.99278E-05 9.99278E-05 9.99278E-05
0.153073 9.99099E-05 9.99099E-05 0.00407824 9.99099E-05 0.103213 9.99099E-05 9.99099E-05 9.99099E-05 9.99099E-05 9.99099E-05 0.738637 9.99099E-05 9.99099E-05
0.145608 0.0693538 9.99278E-05 0.0352633 9.99278E-05 9.99278E-05 9.99278E-05 9.99278E-05 9.99278E-05 9.99278E-05 9.99278E-05 0.584603 0.110085 0.054287
0.325435 0.0349345 0.158109 9.99279E-05 9.99279E-05 9.99279E-05 9.99279E-05 9.99279E-05 9.99279E-05 9.99279E-05 0.0629426 0.404356 0.0134235 9.99279E-05
0.268628 0.291034 9.99279E-05 9.99279E-05 9.99279E-05 9.99279E-05 0.175431 0.136198 9.99279E-05 9.99279E-05 9.99279E-05 0.119424 0.00848544 9.99279E-05
9.99009E-05 9.99009E-05 9.99009E-05 9.99009E-05 9.99009E-05 9.99009E-05 9.99009E-05 9.99009E-05 9.99009E-05 0.323458 9.99009E-05 0.635364 9.99009E-05 0.0400792
0.213874 0.0438059 9.99172E-05 9.99172E-05 9.99172E-05 9.99172E-05 9.99172E-05 9.99172E-05 0.488424 9.99172E-05 9.99172E-05 0.252897 9.99172E-05 9.99172E-05
0.00751684 0.327767 9.99459E-05 0.00688593 0.0421775 9.99459E-05 9.99459E-05 9.99459E-05 9.99459E-05 9.99459E-05 0.178025 0.22922 0.111839 0.095969
9.9901E-05 9.9901E-05 0.066091 9.9901E-05 9.9901E-05 9.9901E-05 9.9901E-05 9.9901E-05 9.9901E-05 0.0437566 9.9901E-05 0.889054 9.9901E-05 9.9901E-05
9.991E-05 9.991E-05 9.991E-05 9.991E-05 9.991E-05 9.991E-05 9.991E-05 0.0515022 0.0135688 9.991E-05 0.144797 0.789133 9.991E-05 9.991E-05
9.99278E-05 0.73224 9.99278E-05 0.0475865 9.99278E-05 9.99278E-05 9.99278E-05 9.99278E-05 0.070837 9.99278E-05 9.99278E-05 0.0989212 0.0406354 0.00898022
0.109834 0.391023 9.99369E-05 0.228067 9.99369E-05 9.99369E-05 0.000465487 9.99369E-05 9.99369E-05 9.99369E-05 9.99369E-05 0.042264 0.0269372 0.200709
0.165927 0.362557 9.99098E-05 9.99098E-05 9.99098E-05 9.99098E-05 9.99098E-05 0.384658 9.99098E-05 9.99098E-05 9.99098E-05 9.99098E-05 9.99098E-05 0.0858579
0.329319 9.99099E-05 9.99099E-05 9.99099E-05 9.99099E-05 9.99099E-05 9.99099E-05 0.0636593 0.386706 9.99099E-05 9.99099E-05 0.219317 9.99099E-05 9.99099E-05
9.9901E-05 9.9901E-05 0.126028 9.9901E-05 9.9901E-05 9.9901E-05 9.9901E-05 9.9901E-05 9.9901E-05 0.202402 9.9901E-05 9.9901E-05 9.9901E-05 0.67047
0.304822 9.99187E-05 9.99187E-05 9.99187E-05 9.99187E-05 9.99187E-05 0.00518336 0.149017 0.12561 9.99187E-05 9.99187E-05 0.414469 9.99187E-05 9.99187E-05
9.99189E-05 0.326513 9.99189E-05 0.0129578 9.99189E-05 9.99189E-05 0.0230318 9.99189E-05 9.99189E-05 9.99189E-05 0.0194734 0.617125 9.99189E-05 9.99189E-05
9.99369E-05 0.524259 0.0803056 9.99369E-05 0.0329117 9.99369E-05 9.99369E-05 9.99369E-05 9.99369E-05 0.0716353 0.134855 0.0371534 9.99369E-05 0.118181
0.083965 9.99097E-05 9.99097E-05 9.99097E-05 9.99097E-05 9.99097E-05 9.99097E-05 0.0975535 0.124022 9.99097E-05 9.99097E-05 9.99097E-05 9.99097E-05 0.693461
0.267266 9.991E-05 9.991E-05 9.991E-05 9.991E-05 9.991E-05 9.991E-05 0.304299 0.223928 9.991E-05 9.991E-05 9.991E-05 9.991E-05 0.203509
0.181183 9.99188E-05 9.99188E-05 0.00383327 9.99188E-05 9.99188E-05 9.99188E-05 9.99188E-05 0.113276 9.99188E-05 9.99188E-05 9.99188E-05 0.0280599 0.672748
0.0788025 0.336641 9.99369E-05 0.198131 9.99369E-05 9.99369E-05 0.0445115 0.0179316 9.99369E-05 9.99369E-05 9.99369E-05 0.053386 9.99369E-05 0.269897
0.228976 0.0498589 9.99279E-05 9.99279E-05 9.99279E-05 0.085613 9.99279E-05 0.438237 9.99279E-05 9.99279E-05 9.99279E-05 0.0429439 9.99279E-05 0.153572
0.134117 9.99279E-05 9.99279E-05 9.99279E-05 0.0405653 0.0130977 9.99279E-05 9.99279E-05 9.99279E-05 0.203167 9.99279E-05 0.381006 9.99279E-05 0.227248
0.372664 9.99008E-05 9.99008E-05 9.99008E-05 9.99008E-05 0.202124 9.99008E-05 9.99008E-05 9.99008E-05 9.99008E-05 9.99008E-05 0.424113 9.99008E-05 9.99008E-05
0.362733 0.0935066 9.99459E-05 9.99459E-05 0.057022 0.292059 9.99459E-05 9.99459E-05 9.99459E-05 0.042022 0.0454932 0.0627044 9.99459E-05 0.0438604
0.470876 9.99098E-05 9.99098E-05 9.99098E-05 9.99098E-05 9.99098E-05 9.99098E-05 0.129644 0.129002 9.99098E-05 9.99098E-05 0.269479 9.99098E-05 9.99098E-05
0.080715 9.99188E-05 9.99188E-05 0.109118 9.99188E-05 0.134218 9.99188E-05 9.99188E-05 9.99188E-05 9.99188E-05 9.99188E-05 0.60559 9.99188E-05 0.0694599
9.99099E-05 0.106168 9.99099E-05 9.99099E-05 0.0211553 9.99099E-05 9.99099E-05 9.99099E-05 9.99099E-05 0.104421 9.99099E-05 0.767256 9.99099E-05 9.99099E-05
0.0428021 0.504264 9.99278E-05 0.00792485 9.99278E-05 9.99278E-05 9.99278E-05 9.99278E-05 0.186934 9.99278E-05 9.99278E-05 9.99278E-05 0.059802 0.197474
0.539087 0.191765 9.99008E-05 9.99008E-05 9.99008E-05 9.99008E-05 9.99008E-05 9.99008E-05 0.268049 9.99008E-05 9.99008E-05 9.99008E-05 9.99008E-05 9.99008E-05
9.99099E-05 0.748209 0.0815393 9.99099E-05 9.99099E-05 9.99099E-05 9.99099E-05 9.99099E-05 9.99099E-05 9.99099E-05 9.99099E-05 9.99099E-05 0.0339595 0.135293
0.35767 0.380367 9.99007E-05 9.99007E-05 9.99007E-05 9.99007E-05 9.99007E-05 9.99007E-05 0.260865 9.99007E-05 9.99007E-05 9.99007E-05 9.99007E-05 9.99007E-05
0.265441 0.463087 9.99008E-05 9.99008E-05 9.99008E-05 9.99008E-05 9.99008E-05 9.99008E-05 0.270373 9.99008E-05 9.99008E-05 9.99008E-05 9.99008E-05 9.99008E-05
9.99099E-05 0.764719 0.171405 9.99099E-05 9.99099E-05 9.99099E-05 9.99099E-05 9.99099E-05 9.99099E-05 0.0480621 9.99099E-05 0.0148146 9.99099E-05 9.99099E-05
0.30477 0.266519 9.99189E-05 9.99189E-05 9.99189E-05 9.99189E-05 9.99189E-05 9.99189E-05 0.046133 9.99189E-05 9.99189E-05 0.210123 0.171557 9.99189E-05
0.26474 0.586454 9.99098E-05 9.99098E-05 9.99098E-05 9.99098E-05 9.99098E-05 9.99098E-05 0.0329836 9.99098E-05 9.99098E-05 9.99098E-05 0.114823 9.99098E-05
0.00956778 9.99099E-05 9.99099E-05 9.99099E-05 9.99099E-05 9.99099E-05 0.599917 0.389133 9.99099E-05 9.99099E-05 9.99099E-05 0.000383827 9.99099E-05 9.99099E-05
0.142182 9.99279E-05 9.99279E-05 9.99279E-05 9.99279E-05 0.109171 0.561714 0.146871 0.0241013 9.99279E-05 9.99279E-05 9.99279E-05 9.99279E-05 0.0151603
0.0135325 9.99189E-05 9.99189E-05 9.99189E-05 9.99189E-05 0.228356 0.697013 0.00144329 9.99189E-05 0.0587554 9.99189E-05 9.99189E-05 9.99189E-05 9.99189E-05
9.991E-05 0.0630314 0.282334 9.991E-05 9.991E-05 9.991E-05 0.616534 9.991E-05 9.991E-05 0.0371022 9.991E-05 9.991E-05 9.991E-05 9.991E-05
9.99009E-05 9.99009E-05 9.99009E-05 9.99009E-05 0.0274787 9.99009E-05 0.620726 0.350697 9.99009E-05 9.99009E-05 9.99009E-05 9.99009E-05 9.99009E-05 9.99009E-05
9.99279E-05 0.0932824 0.0713649 9.99279E-05 9.99279E-05 9.99279E-05 0.211206 9.99279E-05 9.99279E-05 0.0654831 0.00349985 9.99279E-05 0.554365 9.99279E-05
9.98918E-05 9.98918E-05 9.98918E-05 9.98918E-05 9.98918E-05 9.98918E-05 0.467392 9.98918E-05 0.531409 9.98918E-05 9.98918E-05 9.98918E-05 9.98918E-05 9.98918E-05
0.000690066 9.99009E-05 9.99009E-05 9.99009E-05 9.99009E-05 9.99009E-05 0.710109 0.288102 9.99009E-05 9.99009E-05 9.99009E-05 9.99009E-05 9.99009E-05 9.99009E-05
9.99189E-05 0.00600369 9.99189E-05 0.230404 9.99189E-05 9.99189E-05 0.702436 9.99189E-05 0.0424256 9.99189E-05 9.99189E-05 9.99189E-05 9.99189E-05 0.0178317
9.99278E-05 9.99278E-05 0.0345768 9.99278E-05 9.99278E-05 0.242908 0.444799 9.99278E-05 9.99278E-05 9.99278E-05 0.178036 0.088118 9.99278E-05 0.0107629
0.0390035 9.991E-05 9.991E-05 9.991E-05 0.0834242 9.991E-05 0.274393 0.602181 9.991E-05 9.991E-05 9.991E-05 9.991E-05 9.991E-05 9.991E-05
9.99189E-05 9.99189E-05 9.99189E-05 9.99189E-05 0.0875917 0.040803 0.42821 9.99189E-05 9.99189E-05 9.99189E-05 0.422812 0.0196846 9.99189E-05 9.99189E-05
0.022928 9.99099E-05 9.99099E-05 9.99099E-05 9.99099E-05 9.99099E-05 0.742125 0.181893 9.99099E-05 9.99099E-05 9.99099E-05 9.99099E-05 0.0520557 9.99099E-05
9.99279E-05 0.0188042 9.99279E-05 0.0703849 9.99279E-05 9.99279E-05 0.553076 9.99279E-05 9.99279E-05 9.99279E-05 0.128027 0.0312728 0.197636 9.99279E-05
9.99279E-05 9.99279E-05 9.99279E-05 0.230181 9.99279E-05 0.143412 0.531931 0.0477393 9.99279E-05 9.99279E-05 9.99279E-05 9.99279E-05 0.0148068 0.03113
9.99369E-05 9.99369E-05 9.99369E-05 0.0738212 9.99369E-05 9.99369E-05 0.297168 0.0501373 0.252915 9.99369E-05 0.00468939 9.99369E-05 0.294588 0.0259806
9.99368E-05 0.0131463 0.275866 9.99368E-05 0.000579852 9.99368E-05 0.487918 9.99368E-05 9.99368E-05 0.0415926 0.0830499 0.0971483 9.99368E-05 9.99368E-05
9.99098E-05 9.99098E-05 9.99098E-05 9.99098E-05 9.99098E-05 0.165458 0.331036 9.99098E-05 0.0120673 0.490439 9.99098E-05 9.99098E-05 9.99098E-05 9.99098E-05
0.0992174 9.99279E-05 9.99279E-05 0.262905 9.99279E-05 9.99279E-05 0.556336 0.00574371 9.99279E-05 9.99279E-05 9.99279E-05 0.0103139 9.99279E-05 0.0646846
0.0119023 9.99189E-05 9.99189E-05 9.99189E-05 9.99189E-05 9.99189E-05 0.723184 0.0812106 0.130062 9.99189E-05 9.99189E-05 9.99189E-05 0.0527411 9.99189E-05
9.99279E-05 9.99279E-05 9.99279E-05 0.112462 9.99279E-05 0.156947 0.61492 9.99279E-05 9.99279E-05 9.99279E-05 0.047633 0.0228779 9.99279E-05 0.0443609
9.98917E-05 9.98917E-05 9.98917E-05 9.98917E-05 9.98917E-05 0.548803 0.449999 9.98917E-05 9.98917E-05 9.98917E-05 9.98917E-05 9.98917E-05 9.98917E-05 9.98917E-05
9.99279E-05 9.99279E-05 0.213166 9.99279E-05 0.0786264 0.184067 9.99279E-05 9.99279E-05 9.99279E-05 9.99279E-05 0.0466429 0.121109 0.35559 9.99279E-05
9.99008E-05 9.99008E-05 9.99008E-05 0.102891 0.605854 9.99008E-05 9.99008E-05 9.99008E-05 0.290156 9.99008E-05 9.99008E-05 9.99008E-05 9.99008E-05 9.99008E-05
9.99279E-05 9.99279E-05 0.0487724 9.99279E-05 9.99279E-05 9.99279E-05 0.0105393 0.0340276 9.99279E-05 0.597325 9.99279E-05 0.0171479 0.291389 9.99279E-05
0.0117003 9.99279E-05 9.99279E-05 0.00867308 0.0218424 9.99279E-05 9.99279E-05 0.215491 9.99279E-05 9.99279E-05 9.99279E-05 9.99279E-05 0.714769 0.0267251
9.98917E-05 9.98917E-05 9.98917E-05 9.98917E-05 0.486077 9.98917E-05 9.98917E-05 0.512724 9.98917E-05 9.98917E-05 9.98917E-05 9.98917E-05 9.98917E-05 9.98917E-05
9.99188E-05 9.99188E-05 0.124578 9.99188E-05 0.0545256 9.99188E-05 9.99188E-05 9.99188E-05 9.99188E-05 0.174861 0.388125 9.99188E-05 0.257012 9.99188E-05
9.99188E-05 9.99188E-05 9.99188E-05 9.99188E-05 0.749708 0.0416535 9.99188E-05 0.0260959 9.99188E-05 9.99188E-05 0.173595 9.99188E-05 9.99188E-05 0.00804739
0.00314363 0.0189216 9.99369E-05 9.99369E-05 0.0554204 9.99369E-05 0.0679748 9.99369E-05 0.0296704 9.99369E-05 9.99369E-05 0.137668 0.686501 9.99369E-05
9.99008E-05 9.99008E-05 9.99008E-05 9.99008E-05 0.76792 0.180442 9.99008E-05 9.99008E-05 9.99008E-05 0.0505392 9.99008E-05 9.99008E-05 9.99008E-05 9.99008E-05
9.99099E-05 9.99099E-05 9.99099E-05 9.99099E-05 0.266545 9.99099E-05 9.99099E-05 0.260419 0.32363 9.99099E-05 9.99099E-05 9.99099E-05 0.148407 9.99099E-05
9.99368E-05 9.99368E-05 0.192254 0.00524499 0.187057 0.085796 9.99368E-05 9.99368E-05 9.99368E-05 9.99368E-05 0.275722 0.109751 0.143476 9.99368E-05
9.99099E-05 0.0045891 9.99099E-05 9.99099E-05 0.576954 0.109424 9.99099E-05 9.99099E-05 9.99099E-05 0.308034 9.99099E-05 9.99099E-05 9.99099E-05 9.99099E-05
9.99008E-05 9.99008E-05 9.99008E-05 9.99008E-05 0.445847 9.99008E-05 9.99008E-05 0.515735 0.0373182 9.99008E-05 9.99008E-05 9.99008E-05 9.99008E-05 9.99008E-05
9.99189E-05 9.99189E-05 0.489206 9.99189E-05 9.99189E-05 0.0164713 9.99189E-05 9.99189E-05 9.99189E-05 0.0648498 0.244381 9.99189E-05 0.184193 9.99189E-05
9.99188E-05 9.99188E-05 0.176326 9.99188E-05 0.620471 0.0358522 9.99188E-05 9.99188E-05 9.99188E-05 0.124748 9.99188E-05 0.0417035 9.99188E-05 9.99188E-05
9.99368E-05 9.99368E-05 0.0633849 9.99368E-05 0.0349915 0.11133 9.99368E-05 9.99368E-05 0.0256206 0.234257 0.21207 9.99368E-05 0.317646 9.99368E-05
9.98918E-05 9.98918E-05 9.98918E-05 9.98918E-05 0.437947 9.98918E-05 9.98918E-05 0.560854 9.98918E-05 9.98918E-05 9.98918E-05 9.98918E-05 9.98918E-05 9.98918E-05
9.99347E-05 9.99347E-05 0.096022 9.99347E-05 0.402918 9.99347E-05 9.99347E-05 9.99347E-05 9.99347E-05 0.286934 0.032937 0.0353691 0.14502 9.99347E-05
9.99279E-05 9.99279E-05 0.312315 9.99279E-05 9.99279E-05 0.0493516 0.0417955 9.99279E-05 9.99279E-05 9.99279E-05 0.284079 0.066292 0.245367 9.99279E-05
9.99188E-05 0.076658 9.99188E-05 9.99188E-05 0.131817 9.99188E-05 9.99188E-05 9.99188E-05 0.089481 9.99188E-05 9.99188E-05 9.99188E-05 0.688821 0.0123241
9.99461E-05 9.99461E-05 9.99461E-05 9.99461E-05 9.99461E-05 0.27204 0.0374409 0.0490064 0.0514412 0.258945 9.99461E-05 0.00965569 0.259284 0.0615877
9.99279E-05 9.99279E-05 9.99279E-05 9.99279E-05 0.112639 0.176878 9.99279E-05 9.99279E-05 9.99279E-05 0.270215 9.99279E-05 0.0085088 0.391445 0.0395151
9.99097E-05 9.99097E-05 9.99097E-05 9.99097E-05 0.45308 9.99097E-05 9.99097E-05 0.447548 0.00122539 9.99097E-05 9.99097E-05 9.99097E-05 0.0971475 9.99097E-05
0.0670841 9.99459E-05 0.142394 0.016539 0.158402 9.99459E-05 9.99459E-05 9.99459E-05 0.0768977 9.99459E-05 0.221935 9.99459E-05 0.257038 0.0591111
9.99097E-05 0.0738155 9.99097E-05 0.096298 0.570547 9.99097E-05 9.99097E-05 9.99097E-05 9.99097E-05 9.99097E-05 9.99097E-05 9.99097E-05 0.25834 9.99097E-05
0.0765675 9.99369E-05 9.99369E-05 0.166781 0.0168683 9.99369E-05 0.19764 0.269287 9.99369E-05 9.99369E-05 9.99369E-05 9.99369E-05 0.247725 0.0244317
9.99549E-05 9.99549E-05 0.0981548 9.99549E-05 0.245782 0.123888 0.102989 9.99549E-05 9.99549E-05 0.0665357 0.13869 0.0626122 0.144271 0.016577
9.99098E-05 9.99098E-05 9.99098E-05 0.553943 9.99098E-05 0.32384 0.0578444 9.99098E-05 9.99098E-05 9.99098E-05 9.99098E-05 0.0633736 9.99098E-05 9.99098E-05
9.9928E-05 0.0237087 0.018639 9.9928E-05 9.9928E-05 0.072281 9.9928E-05 0.735897 0.0973025 9.9928E-05 9.9928E-05 9.9928E-05 9.9928E-05 0.0513724
9.99368E-05 0.0631193 9.99368E-05 0.409782 0.09013 9.99368E-05 0.0948685 0.0305633 0.195612 9.99368E-05 9.99368E-05 9.99368E-05 0.115225 9.99368E-05
0.0331814 9.99368E-05 9.99368E-05 0.232971 9.99368E-05 9.99368E-05 0.0843834 0.191472 0.19937 9.99368E-05 0.0436489 9.99368E-05 0.214274 9.99368E-05
9.99369E-05 9.99369E-05 9.99369E-05 0.0853899 0.105253 0.167597 9.99369E-05 0.136291 9.99369E-05 9.99369E-05 0.452396 9.99369E-05 0.027595 0.0247789
9.99008E-05 9.99008E-05 9.99008E-05 9.99008E-05 9.99008E-05 9.99008E-05 9.99008E-05 0.575428 0.0689665 9.99008E-05 9.99008E-05 9.99008E-05 0.354506 9.99008E-05
9.99188E-05 9.99188E-05 0.131141 9.99188E-05 9.99188E-05 0.0879108 9.99188E-05 9.99188E-05 9.99188E-05 0.279607 0.266108 9.99188E-05 0.234334 9.99188E-05
9.99008E-05 9.99008E-05 9.99008E-05 0.18312 9.99008E-05 9.99008E-05 9.99008E-05 0.475894 9.99008E-05 9.99008E-05 9.99008E-05 9.99008E-05 0.339887 9.99008E-05
9.99279E-05 9.99279E-05 9.99279E-05 0.236841 0.179671 0.148775 9.99279E-05 0.124238 9.99279E-05 0.306185 9.99279E-05 9.99279E-05 0.00349157 9.99279E-05
9.99459E-05 9.99459E-05 0.0992273 0.0887162 0.104697 0.264336 0.028902 9.99459E-05 0.0487845 0.32159 0.0431479 9.99459E-05 9.99459E-05 9.99459E-05
0.0297057 9.9946E-05 0.000468397 0.503495 9.9946E-05 0.0801002 0.0869213 9.9946E-05 9.9946E-05 0.00114503 9.9946E-05 0.0789773 0.218588 9.9946E-05
9.993E-05 9.993E-05 0.0230839 0.145578 9.993E-05 0.0658232 0.115359 9.993E-05 0.0521458 9.993E-05 9.993E-05 0.0801605 0.51715 9.993E-05
9.99459E-05 9.99459E-05 0.0360443 0.584703 9.99459E-05 0.100959 0.0829701 0.0229268 9.99459E-05 9.99459E-05 9.99459E-05 0.00772939 0.142837 0.021231
9.99368E-05 9.99368E-05 9.99368E-05 9.99368E-05 0.0271654 0.377238 0.046244 0.0648706 9.99368E-05 0.183763 0.0183279 9.99368E-05 0.281691 9.99368E-05
9.99279E-05 9.99279E-05 0.0032016 9.99279E-05 9.99279E-05 0.105423 0.00664012 0.686865 0.0868008 9.99279E-05 9.99279E-05 9.99279E-05 0.110269 9.99279E-05
9.99099E-05 9.99099E-05 9.99099E-05 0.220289 0.115866 9.99099E-05 9.99099E-05 0.654876 0.0079702 9.99099E-05 9.99099E-05 9.99099E-05 9.99099E-05 9.99099E-05
0.0382589 9.99189E-05 9.99189E-05 0.24243 0.0888364 9.99189E-05 9.99189E-05 9.99189E-05 0.490475 9.99189E-05 9.99189E-05 9.99189E-05 0.1391 9.99189E-05
0.0910044 9.99189E-05 9.99189E-05 0.349603 0.00312059 9.99189E-05 9.99189E-05 0.534319 0.0210537 9.99189E-05 9.99189E-05 9.99189E-05 9.99189E-05 9.99189E-05
9.99189E-05 9.99189E-05 0.0394356 9.99189E-05 9.99189E-05 0.121533 9.99189E-05 0.782722 0.0165725 9.99189E-05 0.0388375 9.99189E-05 9.99189E-05 9.99189E-05
0.120859 9.99099E-05 9.99099E-05 0.218346 0.187587 9.99099E-05 9.99099E-05 9.99099E-05 0.472208 9.99099E-05 9.99099E-05 9.99099E-05 9.99099E-05 9.99099E-05
9.99188E-05 9.99188E-05 9.99188E-05 9.99188E-05 0.0633493 9.99188E-05 9.99188E-05 0.229296 0.11938 9.99188E-05 0.0265212 9.99188E-05 0.560554 9.99188E-05
9.9919E-05 0.0734567 0.816348 0.0308068 9.9919E-05 9.9919E-05 9.9919E-05 0.0517191 9.9919E-05 9.9919E-05 9.9919E-05 9.9919E-05 9.9919E-05 0.0267697
9.99278E-05 9.99278E-05 0.617401 9.99278E-05 9.99278E-05 9.99278E-05 9.99278E-05 9.99278E-05 0.0660422 0.124754 0.0540506 9.99278E-05 0.0982189 0.0387335
9.99278E-05 0.0958302 0.128155 0.0346122 9.99278E-05 9.99278E-05 9.99278E-05 9.99278E-05 0.397321 9.99278E-05 0.00748156 9.99278E-05 0.335801 9.99278E-05
9.99188E-05 9.99188E-05 0.521131 9.99188E-05 9.99188E-05 0.00507142 9.99188E-05 9.99188E-05 0.0671667 9.99188E-05 0.328262 9.99188E-05 0.0774694 9.99188E-05
9.99369E-05 0.0029041 0.837798 9.99369E-05 9.99369E-05 9.99369E-05 0.0341934 0.0358172 0.0247139 0.0312197 0.0326545 9.99369E-05 9.99369E-05 9.99369E-05
9.99278E-05 9.99278E-05 0.302318 9.99278E-05 9.99278E-05 0.0370969 9.99278E-05 9.99278E-05 0.0963817 0.470287 9.99278E-05 9.99278E-05 0.0231023 0.0700146
9.99369E-05 0.0157577 0.527629 9.99369E-05 9.99369E-05 9.99369E-05 0.0230876 9.99369E-05 0.0486366 0.252827 0.0309663 9.99369E-05 0.100396 9.99369E-05
9.9946E-05 0.0315893 0.116335 9.9946E-05 0.00299512 9.9946E-05 9.9946E-05 0.00114265 0.674989 9.9946E-05 0.00255584 9.9946E-05 0.148312 0.0214816
9.991E-05 9.991E-05 9.991E-05 9.991E-05 0.178726 9.991E-05 9.991E-05 0.424896 0.394632 9.991E-05 9.991E-05 9.991E-05 0.000746783 9.991E-05
9.99279E-05 0.125034 0.369707 9.99279E-05 9.99279E-05 9.99279E-05 0.122193 9.99279E-05 0.00257769 9.99279E-05 9.99279E-05 0.0456654 0.334024 9.99279E-05
9.991E-05 0.00452369 0.0348302 9.991E-05 9.991E-05 9.991E-05 0.0991423 9.991E-05 0.860505 9.991E-05 9.991E-05 9.991E-05 9.991E-05 9.991E-05
0.0040376 0.243263 9.9955E-05 0.00253851 0.00524685 9.9955E-05 0.0132897 9.9955E-05 0.400552 9.9955E-05 0.00906731 9.9955E-05 0.315719 0.00578508
9.99279E-05 0.0877323 0.226478 9.99279E-05 9.99279E-05 9.99279E-05 0.0489977 9.99279E-05 0.158793 9.99279E-05 0.0364097 9.99279E-05 0.44079 9.99279E-05
0.00451013 9.99279E-05 9.99279E-05 9.99279E-05 0.093985 9.99279E-05 0.0149291 0.0846218 0.536854 9.99279E-05 9.99279E-05 9.99279E-05 0.264301 9.99279E-05
0.0349413 9.99279E-05 0.206672 9.99279E-05 9.99279E-05 9.99279E-05 0.111556 0.00954831 0.447352 9.99279E-05 9.99279E-05 9.99279E-05 0.189132 9.99279E-05
0.0743104 9.99279E-05 0.359707 0.17416 0.154923 9.99279E-05 9.99279E-05 9.99279E-05 9.99279E-05 9.99279E-05 9.99279E-05 9.99279E-05 0.151107 0.0849926
9.99369E-05 0.0222239 0.0319667 9.99369E-05 9.99369E-05 9.99369E-05 9.99369E-05 9.99369E-05 0.425428 9.99369E-05 0.121415 0.0718202 0.306241 0.020206
0.00226706 0.0132879 0.272299 9.99279E-05 9.99279E-05 9.99279E-05 0.194252 9.99279E-05 0.366506 9.99279E-05 9.99279E-05 9.99279E-05 0.150589 9.99279E-05
9.99099E-05 9.99099E-05 0.351429 9.99099E-05 9.99099E-05 9.99099E-05 9.99099E-05 9.99099E-05 9.99099E-05 0.0208059 0.52656 9.99099E-05 0.100207 9.99099E-05
0.00617599 0.0564828 0.407762 0.038651 9.9946E-05 0.0336299 0.0265404 9.9946E-05 9.9946E-05 9.9946E-05 0.0105533 9.9946E-05 0.419605 9.9946E-05
9.9946E-05 9.9946E-05 9.9946E-05 0.0223167 9.9946E-05 0.0161549 9.9946E-05 0.0906833 0.765272 0.0261241 0.0419405 0.026556 0.0103525 9.9946E-05
0.00244791 9.99279E-05 9.99279E-05 9.99279E-05 9.99279E-05 9.99279E-05 0.0932065 9.99279E-05 0.401986 0.00441835 9.99279E-05 0.0147327 0.482409 9.99279E-05
9.99189E-05 9.99189E-05 9.99189E-05 0.0411976 0.0834707 9.99189E-05 9.99189E-05 0.283041 0.565565 9.99189E-05 9.99189E-05 9.99189E-05 0.0258263 9.99189E-05
9.99099E-05 9.99099E-05 0.579273 9.99099E-05 9.99099E-05 0.0209193 9.99099E-05 9.99099E-05 9.99099E-05 9.99099E-05 0.0661216 9.99099E-05 0.332687 9.99099E-05
9.9937E-05 0.109622 0.190714 0.032141 9.9937E-05 9.9937E-05 9.9937E-05 9.9937E-05 9.9937E-05 9.9937E-05 0.00489467 0.0297381 0.619358 0.0128317
0.0210806 9.99189E-05 9.99189E-05 9.99189E-05 0.100078 9.99189E-05 9.99189E-05 0.141551 0.62614 9.99189E-05 9.99189E-05 9.99189E-05 0.110252 9.99189E-05
9.9937E-05 9.9937E-05 0.470631 0.102296 0.19267 9.9937E-05 0.0455475 9.9937E-05 9.9937E-05 0.0858612 0.0456695 0.0566257 9.9937E-05 9.9937E-05
9.99099E-05 9.99099E-05 0.086748 0.198729 0.281474 9.99099E-05 9.99099E-05 9.99099E-05 9.99099E-05 9.99099E-05 0.432049 9.99099E-05 9.99099E-05 9.99099E-05
0.104346 0.060383 9.99459E-05 0.0848901 9.99459E-05 9.99459E-05 0.0340487 0.311591 0.140455 9.99459E-05 9.99459E-05 9.99459E-05 0.23878 0.024906
9.99189E-05 9.99189E-05 9.99189E-05 0.644552 0.22009 9.99189E-05 0.00435281 0.0700002 0.0601057 9.99189E-05 9.99189E-05 9.99189E-05 9.99189E-05 9.99189E-05
9.9937E-05 0.0693999 0.284409 0.0404549 0.128265 9.9937E-05 9.9937E-05 9.9937E-05 0.0505005 9.9937E-05 0.377623 9.9937E-05 9.9937E-05 0.0486472
9.99189E-05 0.0303744 0.425785 0.0799428 0.33475 9.99189E-05 9.99189E-05 9.99189E-05 9.99189E-05 0.128248 9.99189E-05 9.99189E-05 9.99189E-05 9.99189E-05
9.99369E-05 0.103637 0.356319 0.00975389 0.276536 9.99369E-05 9.99369E-05 9.99369E-05 9.99369E-05 0.119926 0.115315 0.0178148 9.99369E-05 9.99369E-05
9.9901E-05 9.9901E-05 9.9901E-05 0.241615 0.067581 9.9901E-05 9.9901E-05 0.689705 9.9901E-05 9.9901E-05 9.9901E-05 9.9901E-05 9.9901E-05 9.9901E-05
9.99189E-05 0.0421153 9.99189E-05 0.328203 0.170803 9.99189E-05 9.99189E-05 9.99189E-05 0.314719 9.99189E-05 9.99189E-05 9.99189E-05 0.143261 9.99189E-05
9.99278E-05 0.0229845 0.0995119 0.398029 9.99278E-05 9.99278E-05 0.293606 9.99278E-05 9.99278E-05 9.99278E-05 0.144649 0.0404205 9.99278E-05 9.99278E-05
9.99188E-05 9.99188E-05 0.369434 0.0887974 0.274752 9.99188E-05 0.0091471 9.99188E-05 9.99188E-05 9.99188E-05 0.256971 9.99188E-05 9.99188E-05 9.99188E-05
0.0203778 9.99369E-05 9.99369E-05 0.341914 0.0249433 9.99369E-05 0.0386307 0.466272 0.0874109 9.99369E-05 9.99369E-05 9.99369E-05 0.0197515 9.99369E-05
0.0231192 9.99369E-05 0.0426368 0.124836 0.116745 9.99369E-05 9.99369E-05 9.99369E-05 0.143024 9.99369E-05 9.99369E-05 9.99369E-05 0.500904 0.0480367
9.99278E-05 0.0664982 0.0609269 0.201221 0.136013 9.99278E-05 9.99278E-05 9.99278E-05 0.353328 9.99278E-05 9.99278E-05 9.99278E-05 0.181213 9.99278E-05
9.99368E-05 9.99368E-05 0.0242196 0.501666 0.112928 0.161173 0.127106 9.99368E-05 9.99368E-05 9.99368E-05 9.99368E-05 0.0219101 0.0502987 9.99368E-05
0.0441064 9.99189E-05 9.99189E-05 9.99189E-05 9.99189E-05 9.99189E-05 0.212286 0.00929026 0.27745 9.99189E-05 9.99189E-05 9.99189E-05 0.455968 9.99189E-05
9.99278E-05 9.99278E-05 0.291106 9.99278E-05 9.99278E-05 9.99278E-05 0.0765794 9.99278E-05 0.044861 9.99278E-05 0.1909 0.0832974 0.312456 9.99278E-05
9.99369E-05 0.0400645 0.103932 0.328295 0.0159612 9.99369E-05 9.99369E-05 9.99369E-05 9.99369E-05 9.99369E-05 0.117019 0.0145195 0.379509 9.99369E-05
9.9928E-05 9.9928E-05 0.264415 9.9928E-05 0.304082 9.9928E-05 9.9928E-05 9.9928E-05 9.9928E-05 0.15599 0.235268 0.00537231 9.9928E-05 0.0340745
0.13386 9.99188E-05 9.99188E-05 0.238378 0.252379 9.99188E-05 9.99188E-05 9.99188E-05 0.368492 9.99188E-05 9.99188E-05 0.00599127 9.99188E-05 9.99188E-05
0.00212112 9.99368E-05 0.532144 0.227258 0.122687 9.99368E-05 9.99368E-05 9.99368E-05 9.99368E-05 0.00352716 0.0959614 0.0156015 9.99368E-05 9.99368E-05
9.99188E-05 9.99188E-05 0.284423 0.110363 0.0954565 9.99188E-05 9.99188E-05 9.99188E-05 9.99188E-05 0.452499 9.99188E-05 9.99188E-05 0.0563589 9.99188E-05
9.99099E-05 9.99099E-05 9.99099E-05 0.0786551 0.169017 9.99099E-05 9.99099E-05 0.122225 0.629104 9.99099E-05 9.99099E-05 9.99099E-05 9.99099E-05 9.99099E-05
9.99279E-05 0.0530358 0.0194954 9.99279E-05 0.0494344 9.99279E-05 9.99279E-05 9.99279E-05 0.243076 9.99279E-05 0.203056 9.99279E-05 0.431103 9.99279E-05
0.0606624 0.0110081 0.0125616 0.147732 0.0666876 9.99369E-05 9.99369E-05 9.99369E-05 0.466541 9.99369E-05 9.99369E-05 9.99369E-05 0.234109 9.99369E-05
9.9937E-05 0.0625803 0.794852 0.032751 0.00328848 9.9937E-05 9.9937E-05 0.0242244 9.9937E-05 9.9937E-05 0.0483458 9.9937E-05 9.9937E-05 0.0332585
0.185654 0.00223754 0.233612 9.9973E-05 0.00298027 0.00238829 0.072997 9.9973E-05 9.9973E-05 0.361422 0.0112463 0.0192249 0.0427677 0.0651695
9.99279E-05 9.99279E-05 0.527091 9.99279E-05 0.0513713 9.99279E-05 0.0189309 9.99279E-05 9.99279E-05 9.99279E-05 0.0178627 0.128038 0.255907 9.99279E-05
9.99099E-05 9.99099E-05 9.99099E-05 0.204548 0.0562098 9.99099E-05 9.99099E-05 0.00885138 0.729392 9.99099E-05 9.99099E-05 9.99099E-05 9.99099E-05 9.99099E-05
9.99358E-05 0.0170397 0.511477 9.99358E-05 0.06173 9.99358E-05 0.0179976 9.99358E-05 9.99358E-05 9.99358E-05 9.99358E-05 0.0741566 0.316799 9.99358E-05
9.9946E-05 0.0100477 0.677385 9.9946E-05 0.0774807 9.9946E-05 0.143243 9.9946E-05 0.012835 9.9946E-05 9.9946E-05 0.0422293 0.00768282 0.0284968
9.9928E-05 9.9928E-05 0.617338 9.9928E-05 0.0464073 9.9928E-05 0.113922 9.9928E-05 0.0121863 9.9928E-05 0.179292 0.0300551 9.9928E-05 9.9928E-05
9.99099E-05 9.99099E-05 9.99099E-05 9.99099E-05 9.99099E-05 0.0514713 0.105156 9.99099E-05 0.805758 9.99099E-05 9.99099E-05 9.99099E-05 0.0366153 9.99099E-05
0.0503134 9.99459E-05 0.217759 9.99459E-05 0.0646563 9.99459E-05 0.0557476 9.99459E-05 0.236878 9.99459E-05 0.0350865 9.99459E-05 0.338206 0.000753704
9.9955E-05 0.0143966 0.339203 9.9955E-05 0.0512909 9.9955E-05 9.9955E-05 0.000202219 0.0957924 0.0579074 0.388171 9.9955E-05 0.00916352 0.043373
0.0895259 9.9955E-05 0.0646168 0.0217664 0.198834 9.9955E-05 0.0953364 0.0382258 0.327388 0.0289977 9.9955E-05 9.9955E-05 0.13481 9.9955E-05
9.9928E-05 9.9928E-05 0.756423 9.9928E-05 9.9928E-05 0.0795486 9.9928E-05 0.0240566 9.9928E-05 9.9928E-05 9.9928E-05 0.0544265 0.0513507 0.0333949
9.99189E-05 9.99189E-05 9.99189E-05 9.99189E-05 9.99189E-05 0.336293 9.99189E-05 0.0517519 0.147176 0.199959 9.99189E-05 9.99189E-05 0.263921 9.99189E-05
9.99279E-05 0.0857011 0.311884 9.99279E-05 0.159072 9.99279E-05 0.147743 9.99279E-05 0.234221 9.99279E-05 9.99279E-05 9.99279E-05 0.0605788 9.99279E-05
9.9901E-05 9.9901E-05 9.9901E-05 9.9901E-05 0.0878617 9.9901E-05 9.9901E-05 0.145135 0.765904 9.9901E-05 9.9901E-05 9.9901E-05 9.9901E-05 9.9901E-05
9.99279E-05 0.143228 0.167756 0.0983877 0.0570113 9.99279E-05 9.99279E-05 9.99279E-05 0.0992951 9.99279E-05 9.99279E-05 9.99279E-05 0.433523 9.99279E-05
0.0104667 9.99549E-05 9.99549E-05 0.322305 9.99549E-05 0.0138543 0.132646 0.115511 0.106519 9.99549E-05 0.0183837 9.99549E-05 0.240832 0.0389819
0.0341105 9.99369E-05 9.99369E-05 0.0420054 9.99369E-05 0.0133109 0.0684558 0.668939 9.99369E-05 9.99369E-05 0.00241348 9.99369E-05 0.170065 9.99369E-05
0.0203168 9.99456E-05 0.00430998 0.139736 9.99456E-05 9.99456E-05 0.00651411 9.99456E-05 0.132844 9.99456E-05 9.99456E-05 0.0465052 0.649074 9.99456E-05
9.99098E-05 9.99098E-05 9.99098E-05 9.99098E-05 0.0609658 9.99098E-05 0.644091 9.99098E-05 0.265782 9.99098E-05 9.99098E-05 9.99098E-05 0.0281616 9.99098E-05
9.99279E-05 0.0193799 9.99279E-05 0.207638 0.0730628 9.99279E-05 9.99279E-05 9.99279E-05 0.231669 9.99279E-05 0.122968 9.99279E-05 0.344482 9.99279E-05
9.99278E-05 9.99278E-05 0.232714 9.99278E-05 0.102365 0.218618 9.99278E-05 9.99278E-05 9.99278E-05 0.0443739 0.114218 9.99278E-05 0.286912 9.99278E-05
9.99009E-05 9.99009E-05 9.99009E-05 0.304608 0.120076 9.99009E-05 9.99009E-05 0.574217 9.99009E-05 9.99009E-05 9.99009E-05 9.99009E-05 9.99009E-05 9.99009E-05
9.99099E-05 9.99099E-05 0.0154403 0.317423 0.067651 9.99099E-05 9.99099E-05 9.99099E-05 9.99099E-05 0.598487 9.99099E-05 9.99099E-05 9.99099E-05 9.99099E-05
9.99368E-05 0.0814737 0.266403 9.99368E-05 9.99368E-05 9.99368E-05 0.404642 9.99368E-05 9.99368E-05 0.0384549 0.0353765 0.0201891 0.152761 9.99368E-05
9.99279E-05 9.99279E-05 9.99279E-05 0.046335 9.99279E-05 0.234876 0.00134558 0.0509306 9.99279E-05 9.99279E-05 0.60104 9.99279E-05 0.0646734 9.99279E-05
0.00873389 9.99279E-05 0.0106649 9.99279E-05 9.99279E-05 0.0538918 0.150265 0.61228 9.99279E-05 9.99279E-05 9.99279E-05 9.99279E-05 0.163365 9.99279E-05
9.99189E-05 9.99189E-05 9.99189E-05 0.0911905 9.99189E-05 9.99189E-05 0.0832283 0.518348 0.279755 9.99189E-05 9.99189E-05 9.99189E-05 0.0265794 9.99189E-05
9.99369E-05 9.99369E-05 0.185105 0.0280463 0.180222 0.200024 9.99369E-05 9.99369E-05 0.10464 0.123747 0.177516 9.99369E-05 9.99369E-05 9.99369E-05
0.0821184 9.99369E-05 9.99369E-05 0.050971 9.99369E-05 9.99369E-05 0.0240348 9.99369E-05 0.138639 0.00426777 0.103645 9.99369E-05 0.595624 9.99369E-05
0.0627117 9.99368E-05 0.000618767 0.258141 9.99368E-05 0.101011 0.152736 9.99368E-05 0.0213803 9.99368E-05 9.99368E-05 9.99368E-05 0.402701 9.99368E-05
9.99009E-05 9.99009E-05 9.99009E-05 9.99009E-05 9.99009E-05 9.99009E-05 0.108136 0.573288 0.317477 9.99009E-05 9.99009E-05 9.99009E-05 9.99009E-05 9.99009E-05
9.99278E-05 9.99278E-05 9.99278E-05 0.354258 9.99278E-05 0.30116 0.0473603 0.0767212 9.99278E-05 9.99278E-05 0.0519723 9.99278E-05 0.167729 9.99278E-05
9.99549E-05 9.99549E-05 0.0385744 0.113461 0.159959 0.337681 9.99549E-05 0.00586837 9.99549E-05 0.0613505 0.0208637 9.99549E-05 0.210992 0.0507509
9.99549E-05 0.0100036 0.447085 0.0438021 0.00163229 0.00276379 9.99549E-05 9.99549E-05 0.0350201 9.99549E-05 0.398019 0.000519392 0.0606555 9.99549E-05
9.99279E-05 9.99279E-05 0.0747694 9.99279E-05 9.99279E-05 0.106389 0.0263484 9.99279E-05 9.99279E-05 9.99279E-05 0.488594 0.0297765 0.273324 9.99279E-05
9.99278E-05 9.99278E-05 9.99278E-05 0.105155 9.99278E-05 0.504664 0.0609243 9.99278E-05 0.0752145 0.0724304 9.99278E-05 9.99278E-05 0.180812 9.99278E-05
9.99189E-05 0.0383803 0.0933688 9.99189E-05 9.99189E-05 9.99189E-05 0.0719616 9.99189E-05 0.793766 9.99189E-05 9.99189E-05 9.99189E-05 9.99189E-05 0.0016237
9.99279E-05 0.0228974 0.772265 0.0245964 9.99279E-05 9.99279E-05 0.0909891 9.99279E-05 0.0837469 9.99279E-05 9.99279E-05 0.00470577 9.99279E-05 9.99279E-05
9.9919E-05 9.9919E-05 9.9919E-05 9.9919E-05 0.0495474 9.9919E-05 0.21229 9.9919E-05 0.523919 0.0229107 9.9919E-05 9.9919E-05 0.190434 9.9919E-05
9.99369E-05 0.0389915 0.0351092 9.99369E-05 0.0647209 9.99369E-05 0.288292 9.99369E-05 0.169673 0.0106449 9.99369E-05 9.99369E-05 0.391869 9.99369E-05
9.99279E-05 0.133605 0.587439 0.0217352 0.0309624 9.99279E-05 9.99279E-05 9.99279E-05 9.99279E-05 0.0114351 9.99279E-05 9.99279E-05 0.214023 9.99279E-05
0.00399667 9.9937E-05 0.0131072 9.9937E-05 0.0141188 0.00195579 9.9937E-05 0.108511 0.844673 9.9937E-05 9.9937E-05 9.9937E-05 9.9937E-05 0.0129379
0.0564885 9.99368E-05 9.99368E-05 0.167912 9.99368E-05 0.00974008 0.205413 0.368874 9.99368E-05 9.99368E-05 0.0940746 9.99368E-05 0.0967976 9.99368E-05
9.99369E-05 9.99369E-05 9.99369E-05 0.129782 0.0249892 9.99369E-05 0.0103438 0.0533554 0.413561 9.99369E-05 0.0170688 9.99369E-05 0.3502 9.99369E-05
9.99098E-05 9.99098E-05 9.99098E-05 0.265228 9.99098E-05 0.211696 9.99098E-05 0.00719829 9.99098E-05 9.99098E-05 0.514878 9.99098E-05 9.99098E-05 9.99098E-05
