0.265127 9.991E-05 9.991E-05 9.991E-05 0.248266 9.991E-05 9.991E-05 9.991E-05 9.991E-05 0.0147176 0.0825827 9.991E-05 9.991E-05 0.388307 9.991E-05
0.404878 9.99369E-05 9.99369E-05 9.99369E-05 0.0198973 0.139255 0.0777077 9.99369E-05 0.0440217 9.99369E-05 0.0351859 9.99369E-05 0.00105098 0.277304 9.99369E-05
0.446872 9.99369E-05 9.99369E-05 0.0391983 9.99369E-05 0.0074961 0.00127097 9.99369E-05 0.06558 0.0199136 9.99369E-05 0.0735799 9.99369E-05 9.99369E-05 0.34539
0.0285842 0.0231099 0.0553182 0.00805202 0.261919 9.99279E-05 9.99279E-05 0.0175686 9.99279E-05 9.99279E-05 9.99279E-05 9.99279E-05 9.99279E-05 0.604649 9.99279E-05
9.99279E-05 9.99279E-05 0.0685765 0.148235 0.202513 0.194639 9.99279E-05 9.99279E-05 0.0946408 9.99279E-05 9.99279E-05 0.000828425 9.99279E-05 0.289768 9.99279E-05
0.295572 9.99279E-05 9.99279E-05 9.99279E-05 0.275919 0.0699762 9.99279E-05 9.99279E-05 9.99279E-05 9.99279E-05 0.0268629 0.224372 0.0416554 9.99279E-05 0.0648432
0.528311 9.99098E-05 9.99098E-05 9.99098E-05 9.99098E-05 9.99098E-05 9.99098E-05 0.064878 9.99098E-05 0.01465 9.99098E-05 9.99098E-05 9.99098E-05 0.0469963 0.344166
0.331268 9.9928E-05 9.9928E-05 9.9928E-05 0.0673757 0.162964 9.9928E-05 9.9928E-05 9.9928E-05 9.9928E-05 0.129809 0.140051 0.0141237 9.9928E-05 0.153609
0.344891 0.0242917 0.0390318 0.0388419 9.9946E-05 0.028628 9.9946E-05 9.9946E-05 9.9946E-05 9.9946E-05 0.0493072 0.0496616 0.0119025 0.412845 9.9946E-05
0.0191831 0.0562715 9.99279E-05 9.99279E-05 0.00920431 9.99279E-05 9.99279E-05 0.213235 9.99279E-05 0.0512352 9.99279E-05 0.353075 9.99279E-05 9.99279E-05 0.296997
0.177859 0.0200442 9.99369E-05 9.99369E-05 0.00231438 0.151662 0.365255 9.99369E-05 0.0417128 9.99369E-05 9.99369E-05 0.0604584 9.99369E-05 0.179994 9.99369E-05
0.0454751 9.9937E-05 0.0200044 0.00826937 9.9937E-05 0.0850743 0.0976886 9.9937E-05 9.9937E-05 9.9937E-05 0.00266587 0.222144 9.9937E-05 0.517979 9.9937E-05
0.184604 0.0158762 0.206392 0.0498125 0.0984092 9.995E-05 0.0407581 9.995E-05 0.212458 9.995E-05 9.995E-05 9.995E-05 0.0031623 0.0627611 0.125267
0.658461 9.991E-05 9.991E-05 9.991E-05 9.991E-05 9.991E-05 9.991E-05 9.991E-05 9.991E-05 0.0901336 9.991E-05 0.170572 9.991E-05 0.00219242 0.0776421
9.99009E-05 9.99009E-05 9.99009E-05 9.99009E-05 9.99009E-05 0.167931 0.395191 9.99009E-05 9.99009E-05 9.99009E-05 9.99009E-05 0.0646508 9.99009E-05 0.371128 9.99009E-05
0.190299 0.00580762 9.99369E-05 0.00748 0.119558 9.99369E-05 9.99369E-05 0.234264 9.99369E-05 0.0788267 9.99369E-05 0.00927301 9.99369E-05 9.99369E-05 0.353792
0.652362 9.99009E-05 9.99009E-05 9.99009E-05 9.99009E-05 9.99009E-05 9.99009E-05 0.0513101 9.99009E-05 9.99009E-05 9.99009E-05 9.99009E-05 9.99009E-05 0.0573442 0.237885
0.549002 9.99189E-05 9.99189E-05 9.99189E-05 0.00629721 0.0437929 0.0444864 9.99189E-05 0.0358781 9.99189E-05 9.99189E-05 9.99189E-05 9.99189E-05 9.99189E-05 0.319644
0.211966 9.9919E-05 0.116034 9.9919E-05 9.9919E-05 9.9919E-05 9.9919E-05 9.9919E-05 0.109989 9.9919E-05 9.9919E-05 0.0298708 9.9919E-05 0.516502 0.0147393
9.99099E-05 0.768965 9.99099E-05 0.0566039 0.0596871 9.99099E-05 0.0845059 0.0292391 9.99099E-05 9.99099E-05 9.99099E-05 9.99099E-05 9.99099E-05 9.99099E-05 9.99099E-05
9.9901E-05 0.856673 0.0828939 9.9901E-05 0.0376345 9.9901E-05 9.9901E-05 0.0216996 9.9901E-05 9.9901E-05 9.9901E-05 9.9901E-05 9.9901E-05 9.9901E-05 9.9901E-05
9.98827E-05 0.827739 9.98827E-05 9.98827E-05 0.170963 9.98827E-05 9.98827E-05 9.98827E-05 9.98827E-05 9.98827E-05 9.98827E-05 9.98827E-05 9.98827E-05 9.98827E-05 9.98827E-05
9.99099E-05 0.657374 0.290832 0.0247832 9.99099E-05 9.99099E-05 9.99099E-05 9.99099E-05 9.99099E-05 9.99099E-05 0.024201 9.99099E-05 9.99099E-05 0.00181024 9.99099E-05
9.99009E-05 0.75778 9.99009E-05 9.99009E-05 9.99009E-05 9.99009E-05 0.0813082 9.99009E-05 9.99009E-05 9.99009E-05 0.0337259 9.99009E-05 9.99009E-05 0.126086 9.99009E-05
0.22733 0.324653 9.99188E-05 9.99188E-05 9.99188E-05 9.99188E-05 9.99188E-05 9.99188E-05 9.99188E-05 0.345463 0.0135148 0.00944745 0.0786927 9.99188E-05 9.99188E-05
9.99278E-05 0.325557 9.99278E-05 0.0988107 9.99278E-05 0.0037461 0.0761208 9.99278E-05 9.99278E-05 9.99278E-05 0.299496 0.0588543 9.99278E-05 0.136616 9.99278E-05
9.99189E-05 0.0839676 9.99189E-05 0.046815 9.99189E-05 9.99189E-05 9.99189E-05 0.244766 9.99189E-05 0.556451 9.99189E-05 9.99189E-05 0.00918607 9.99189E-05 0.0579154
9.9937E-05 0.239715 0.0884148 0.133252 0.147489 0.0308065 0.0647184 0.0421057 9.9937E-05 9.9937E-05 0.2528 9.9937E-05 9.9937E-05 9.9937E-05 9.9937E-05
0.0244342 0.727081 9.99098E-05 9.99098E-05 0.101027 9.99098E-05 9.99098E-05 9.99098E-05 0.00140164 0.145058 9.99098E-05 9.99098E-05 9.99098E-05 9.99098E-05 9.99098E-05
9.9883E-05 0.910882 0.0878197 9.9883E-05 9.9883E-05 9.9883E-05 9.9883E-05 9.9883E-05 9.9883E-05 9.9883E-05 9.9883E-05 9.9883E-05 9.9883E-05 9.9883E-05 9.9883E-05
0.0436577 0.368556 0.139449 9.99101E-05 9.99101E-05 9.99101E-05 0.0374267 9.99101E-05 9.99101E-05 0.409912 9.99101E-05 9.99101E-05 9.99101E-05 9.99101E-05 9.99101E-05
9.99188E-05 9.99188E-05 9.99188E-05 0.0260301 0.130947 9.99188E-05 9.99188E-05 9.99188E-05 0.0629233 0.427895 0.296677 9.99188E-05 0.0546275 9.99188E-05 9.99188E-05
9.99007E-05 0.347793 9.99007E-05 9.99007E-05 9.99007E-05 9.99007E-05 9.99007E-05 0.0374445 9.99007E-05 0.532521 9.99007E-05 9.99007E-05 9.99007E-05 9.99007E-05 0.0811427
0.204065 0.487767 9.99098E-05 9.99098E-05 9.99098E-05 9.99098E-05 9.99098E-05 9.99098E-05 9.99098E-05 0.287936 0.0182572 9.99098E-05 9.99098E-05 9.99098E-05 0.000975794
9.99099E-05 0.860444 0.0737205 9.99099E-05 9.99099E-05 9.99099E-05 9.99099E-05 9.99099E-05 0.0320032 9.99099E-05 9.99099E-05 0.029539 9.99099E-05 0.00329435 9.99099E-05
9.99009E-05 0.780575 9.99009E-05 0.0437984 9.99009E-05 9.99009E-05 0.125637 9.99009E-05 9.99009E-05 9.99009E-05 9.99009E-05 9.99009E-05 9.99009E-05 0.0488907 9.99009E-05
9.98919E-05 0.593019 9.98919E-05 9.98919E-05 9.98919E-05 9.98919E-05 0.282377 9.98919E-05 9.98919E-05 0.123405 9.98919E-05 9.98919E-05 9.98919E-05 9.98919E-05 9.98919E-05
9.99099E-05 0.692729 0.213548 0.038555 9.99099E-05 0.00111559 9.99099E-05 9.99099E-05 9.99099E-05 9.99099E-05 9.99099E-05 9.99099E-05 9.99099E-05 0.0530528 9.99099E-05
9.98917E-05 9.98917E-05 9.98917E-05 0.337986 0.124091 9.98917E-05 9.98917E-05 9.98917E-05 9.98917E-05 9.98917E-05 9.98917E-05 9.98917E-05 0.536724 9.98917E-05 9.98917E-05
9.99009E-05 9.99009E-05 9.99009E-05 9.99009E-05 9.99009E-05 9.99009E-05 9.99009E-05 0.075118 0.0429784 0.254861 9.99009E-05 9.99009E-05 0.625944 9.99009E-05 9.99009E-05
9.99099E-05 9.99099E-05 9.99099E-05 9.99099E-05 9.99099E-05 9.99099E-05 9.99099E-05 0.105269 9.99099E-05 0.345469 9.99099E-05 0.0355903 0.396377 9.99099E-05 0.116295
9.99369E-05 0.00528701 0.305175 0.198191 0.0523371 9.99369E-05 9.99369E-05 0.0399748 9.99369E-05 0.073641 0.0490593 9.99369E-05 0.275635 9.99369E-05 9.99369E-05
0.0102565 0.20047 9.99187E-05 0.0595555 0.13561 9.99187E-05 9.99187E-05 9.99187E-05 9.99187E-05 0.119167 9.99187E-05 9.99187E-05 0.474042 9.99187E-05 9.99187E-05
9.99279E-05 0.00296397 9.99279E-05 9.99279E-05 9.99279E-05 9.99279E-05 0.0634728 9.99279E-05 0.0380463 0.195114 9.99279E-05 0.0847769 0.595061 9.99279E-05 0.0197656
9.99009E-05 9.99009E-05 0.0776574 0.164132 9.99009E-05 9.99009E-05 9.99009E-05 9.99009E-05 9.99009E-05 9.99009E-05 0.527664 9.99009E-05 9.99009E-05 0.229448 9.99009E-05
9.99008E-05 9.99008E-05 9.99008E-05 0.43611 9.99008E-05 0.164735 9.99008E-05 9.99008E-05 9.99008E-05 9.99008E-05 9.99008E-05 9.99008E-05 0.282426 0.11563 9.99008E-05
0.083375 0.0036533 9.99188E-05 9.99188E-05 9.99188E-05 9.99188E-05 9.99188E-05 9.99188E-05 9.99188E-05 0.497157 9.99188E-05 0.0218001 0.368878 9.99188E-05 0.0242373
9.98917E-05 9.98917E-05 9.98917E-05 0.257045 0.146962 9.98917E-05 9.98917E-05 9.98917E-05 9.98917E-05 9.98917E-05 9.98917E-05 9.98917E-05 0.594795 9.98917E-05 9.98917E-05
9.98829E-05 9.98829E-05 9.98829E-05 9.98829E-05 9.98829E-05 9.98829E-05 9.98829E-05 0.563285 9.98829E-05 9.98829E-05 9.98829E-05 9.98829E-05 0.435417 9.98829E-05 9.98829E-05
9.99189E-05 0.00421006 0.0080153 0.331498 9.99189E-05 0.173932 9.99189E-05 9.99189E-05 9.99189E-05 9.99189E-05 0.0324111 9.99189E-05 0.449034 9.99189E-05 9.99189E-05
9.99099E-05 9.99099E-05 9.99099E-05 0.0693249 0.00386478 9.99099E-05 9.99099E-05 0.134084 9.99099E-05 0.190125 9.99099E-05 9.99099E-05 0.601602 9.99099E-05 9.99099E-05
9.991E-05 0.091348 0.251352 0.0574799 0.0375976 9.991E-05 9.991E-05 9.991E-05 9.991E-05 9.991E-05 9.991E-05 9.991E-05 0.561224 9.991E-05 9.991E-05
9.99368E-05 0.0959781 9.99368E-05 0.285655 9.99368E-05 9.99368E-05 0.221112 9.99368E-05 9.99368E-05 0.0386364 0.115087 0.0839726 0.0913263 0.0675333 9.99368E-05
9.99369E-05 0.0346373 9.99369E-05 0.0993376 9.99369E-05 0.0702257 0.201157 9.99369E-05 9.99369E-05 9.99369E-05 0.0325698 0.0112296 0.424694 0.125449 9.99369E-05
9.9937E-05 0.0394273 0.325918 0.181053 9.9937E-05 0.0370399 9.9937E-05 0.016925 9.9937E-05 9.9937E-05 0.135509 9.9937E-05 0.199632 0.0637962 9.9937E-05
9.99009E-05 0.331702 0.313795 9.99009E-05 9.99009E-05 9.99009E-05 9.99009E-05 9.99009E-05 9.99009E-05 9.99009E-05 0.279193 9.99009E-05 9.99009E-05 0.0742104 9.99009E-05
0.0152804 9.99187E-05 9.99187E-05 0.179191 0.0970833 9.99187E-05 9.99187E-05 9.99187E-05 0.0026435 0.213089 9.99187E-05 9.99187E-05 0.491813 9.99187E-05 9.99187E-05
9.99189E-05 0.0661562 0.051382 0.159588 9.99189E-05 9.99189E-05 9.99189E-05 0.146854 9.99189E-05 9.99189E-05 0.186135 9.99189E-05 0.388985 9.99189E-05 9.99189E-05
9.99007E-05 9.99007E-05 9.99007E-05 9.99007E-05 9.99007E-05 9.99007E-05 9.99007E-05 0.129663 9.99007E-05 0.106468 0.00636345 9.99007E-05 0.756406 9.99007E-05 9.99007E-05
9.99009E-05 0.00378985 9.99009E-05 0.643055 0.0873745 9.99009E-05 9.99009E-05 9.99009E-05 9.99009E-05 9.99009E-05 9.99009E-05 9.99009E-05 0.264682 9.99009E-05 9.99009E-05
0.0531108 0.0623866 9.99278E-05 0.469498 0.0837869 9.99278E-05 9.99278E-05 9.99278E-05 9.99278E-05 9.99278E-05 0.0743393 9.99278E-05 0.24675 0.00932918 9.99278E-05
9.99188E-05 9.99188E-05 9.99188E-05 0.264467 9.99188E-05 0.103437 0.0323348 9.99188E-05 9.99188E-05 9.99188E-05 0.0270671 9.99188E-05 0.492423 0.0793712 9.99188E-05
0.049251 9.99098E-05 9.99098E-05 0.142987 9.99098E-05 9.99098E-05 9.99098E-05 9.99098E-05 0.155017 0.496428 0.155318 9.99098E-05 9.99098E-05 9.99098E-05 9.99098E-05
9.98918E-05 9.98918E-05 0.283323 0.618726 9.98918E-05 9.98918E-05 9.98918E-05 9.98918E-05 9.98918E-05 0.0967529 9.98918E-05 9.98918E-05 9.98918E-05 9.98918E-05 9.98918E-05
0.0136362 9.99188E-05 9.99188E-05 0.252039 9.99188E-05 9.99188E-05 9.99188E-05 9.99188E-05 9.99188E-05 0.232524 0.0278509 9.99188E-05 0.0991448 9.99188E-05 0.373906
0.0979656 0.126089 9.99459E-05 0.187358 0.0102021 9.99459E-05 0.123753 9.99459E-05 9.99459E-05 9.99459E-05 0.270384 0.0141396 0.0825248 0.0869849 9.99459E-05
9.9883E-05 9.9883E-05 9.9883E-05 0.918002 9.9883E-05 0.0807 9.9883E-05 9.9883E-05 9.9883E-05 9.9883E-05 9.9883E-05 9.9883E-05 9.9883E-05 9.9883E-05 9.9883E-05
9.9901E-05 9.9901E-05 9.9901E-05 0.806194 9.9901E-05 9.9901E-05 0.140964 0.0354245 9.9901E-05 9.9901E-05 9.9901E-05 9.9901E-05 9.9901E-05 9.9901E-05 0.0163186
0.050724 0.00026529 9.99278E-05 0.0969062 9.99278E-05 9.99278E-05 9.99278E-05 9.99278E-05 0.0222398 0.111712 0.636036 9.99278E-05 9.99278E-05 0.0813172 9.99278E-05
9.99097E-05 0.0324025 9.99097E-05 0.000566183 0.227428 9.99097E-05 9.99097E-05 9.99097E-05 9.99097E-05 0.375816 0.362788 9.99097E-05 9.99097E-05 9.99097E-05 9.99097E-05
9.99008E-05 9.99008E-05 9.99008E-05 9.99008E-05 9.99008E-05 9.99008E-05 9.99008E-05 0.168887 0.0287925 0.547396 0.253825 9.99008E-05 9.99008E-05 9.99008E-05 9.99008E-05
9.99008E-05 9.99008E-05 9.99008E-05 0.176312 9.99008E-05 9.99008E-05 9.99008E-05 9.99008E-05 9.99008E-05 0.466675 9.99008E-05 9.99008E-05 0.080946 9.99008E-05 0.274968
9.991E-05 0.672647 0.1549 0.00138222 9.991E-05 0.140606 9.991E-05 9.991E-05 9.991E-05 9.991E-05 0.0294651 9.991E-05 9.991E-05 9.991E-05 9.991E-05
0.0700213 9.99187E-05 9.99187E-05 0.365888 9.99187E-05 9.99187E-05 9.99187E-05 9.99187E-05 0.0242446 0.39791 9.99187E-05 9.99187E-05 0.107942 9.99187E-05 0.033095
9.99008E-05 9.99008E-05 9.99008E-05 0.639899 0.0679803 9.99008E-05 9.99008E-05 9.99008E-05 0.0218204 9.99008E-05 0.269201 9.99008E-05 9.99008E-05 9.99008E-05 9.99008E-05
9.99189E-05 0.07732 9.99189E-05 0.0456395 9.99189E-05 9.99189E-05 0.0238551 9.99189E-05 9.99189E-05 0.129548 0.383598 9.99189E-05 9.99189E-05 0.33914 9.99189E-05
9.99007E-05 0.58519 9.99007E-05 9.99007E-05 9.99007E-05 9.99007E-05 9.99007E-05 0.0228523 9.99007E-05 0.263741 9.99007E-05 9.99007E-05 9.99007E-05 9.99007E-05 0.127118
9.98919E-05 9.98919E-05 0.0372656 9.98919E-05 9.98919E-05 9.98919E-05 9.98919E-05 9.98919E-05 9.98919E-05 0.776285 9.98919E-05 9.98919E-05 9.98919E-05 9.98919E-05 0.185251
0.120528 0.499392 9.98917E-05 9.98917E-05 9.98917E-05 9.98917E-05 9.98917E-05 9.98917E-05 9.98917E-05 0.378881 9.98917E-05 9.98917E-05 9.98917E-05 9.98917E-05 9.98917E-05
9.99007E-05 0.104665 9.99007E-05 9.99007E-05 0.259512 9.99007E-05 9.99007E-05 9.99007E-05 9.99007E-05 0.323816 0.310908 9.99007E-05 9.99007E-05 9.99007E-05 9.99007E-05
9.99279E-05 9.99279E-05 0.0286427 0.00693145 0.104546 0.0370748 9.99279E-05 0.221675 9.99279E-05 0.585617 9.99279E-05 9.99279E-05 0.0147134 9.99279E-05 9.99279E-05
9.99188E-05 0.18678 0.211271 0.333282 9.99188E-05 9.99188E-05 9.99188E-05 9.99188E-05 9.99188E-05 0.127715 9.99188E-05 9.99188E-05 0.109368 0.0306854 9.99188E-05
9.99098E-05 9.99098E-05 0.108839 0.3441 0.0569178 9.99098E-05 9.99098E-05 9.99098E-05 9.99098E-05 0.110413 9.99098E-05 9.99098E-05 0.378731 9.99098E-05 9.99098E-05
9.9919E-05 0.14062 0.255274 0.0425159 9.9919E-05 9.9919E-05 0.078778 9.9919E-05 9.9919E-05 9.9919E-05 0.0271351 9.9919E-05 0.454778 9.9919E-05 9.9919E-05
9.99098E-05 9.99098E-05 9.99098E-05 0.231602 9.99098E-05 9.99098E-05 9.99098E-05 0.0438574 9.99098E-05 0.261253 9.99098E-05 9.99098E-05 0.329457 9.99098E-05 0.132832
9.99098E-05 0.0858829 9.99098E-05 0.504249 0.251977 9.99098E-05 9.99098E-05 9.99098E-05 9.99098E-05 0.00390825 9.99098E-05 9.99098E-05 0.152984 9.99098E-05 9.99098E-05
9.99009E-05 9.99009E-05 0.0107858 0.84025 9.99009E-05 9.99009E-05 9.99009E-05 9.99009E-05 9.99009E-05 9.99009E-05 0.0829882 9.99009E-05 9.99009E-05 0.0648775 9.99009E-05
0.126075 0.186141 9.99188E-05 9.99188E-05 9.99188E-05 9.99188E-05 9.99188E-05 9.99188E-05 9.99188E-05 9.99188E-05 0.501676 0.00246322 0.0258812 9.99188E-05 0.156865
9.98917E-05 9.98917E-05 9.98917E-05 9.98917E-05 9.98917E-05 9.98917E-05 9.98917E-05 9.98917E-05 9.98917E-05 9.98917E-05 0.195715 9.98917E-05 0.478629 9.98917E-05 0.324458
9.98918E-05 0.135457 9.98918E-05 9.98918E-05 9.98918E-05 0.111645 9.98918E-05 9.98918E-05 9.98918E-05 9.98918E-05 0.7517 9.98918E-05 9.98918E-05 9.98918E-05 9.98918E-05
9.98917E-05 9.98917E-05 9.98917E-05 9.98917E-05 9.98917E-05 9.98917E-05 9.98917E-05 9.98917E-05 9.98917E-05 9.98917E-05 0.36408 9.98917E-05 0.361003 9.98917E-05 0.273719
9.98917E-05 9.98917E-05 9.98917E-05 9.98917E-05 9.98917E-05 9.98917E-05 9.98917E-05 9.98917E-05 9.98917E-05 9.98917E-05 0.46535 9.98917E-05 0.243203 9.98917E-05 0.290248
9.99099E-05 9.99099E-05 0.0300446 0.0204818 9.99099E-05 0.183799 0.00239748 9.99099E-05 9.99099E-05 9.99099E-05 0.762278 9.99099E-05 9.99099E-05 9.99099E-05 9.99099E-05
0.160046 9.99098E-05 9.99098E-05 0.173546 9.99098E-05 9.99098E-05 9.99098E-05 9.99098E-05 9.99098E-05 9.99098E-05 0.274102 9.99098E-05 0.331204 9.99098E-05 0.0601016
0.0800855 9.99008E-05 9.99008E-05 9.99008E-05 9.99008E-05 9.99008E-05 9.99008E-05 9.99008E-05 9.99008E-05 9.99008E-05 0.598287 9.99008E-05 0.266265 9.99008E-05 0.0542628
9.99009E-05 9.99009E-05 9.99009E-05 0.00608125 9.99009E-05 9.99009E-05 9.99009E-05 0.385861 0.59332 9.99009E-05 9.99009E-05 9.99009E-05 0.0136385 9.99009E-05 9.99009E-05
9.99279E-05 9.99279E-05 0.018857 9.99279E-05 0.16713 9.99279E-05 9.99279E-05 0.076446 0.512461 0.124881 9.99279E-05 9.99279E-05 0.050114 9.99279E-05 0.0493114
9.99099E-05 9.99099E-05 0.199447 9.99099E-05 0.0481526 9.99099E-05 9.99099E-05 9.99099E-05 0.721064 0.0273638 9.99099E-05 9.99099E-05 0.00297366 9.99099E-05 9.99099E-05
9.9892E-05 9.9892E-05 9.9892E-05 9.9892E-05 9.9892E-05 0.398905 9.9892E-05 9.9892E-05 0.543991 9.9892E-05 0.0559052 9.9892E-05 9.9892E-05 9.9892E-05 9.9892E-05
9.98918E-05 9.98918E-05 9.98918E-05 9.98918E-05 9.98918E-05 9.98918E-05 9.98918E-05 0.321661 0.646778 9.98918E-05 9.98918E-05 0.0303625 9.98918E-05 9.98918E-05 9.98918E-05
0.471194 9.99188E-05 0.0216953 9.99188E-05 9.99188E-05 0.105299 9.99188E-05 9.99188E-05 0.214925 9.99188E-05 0.0980342 9.99188E-05 9.99188E-05 0.087953 9.99188E-05
0.0295576 9.98918E-05 9.98918E-05 9.98918E-05 9.98918E-05 9.98918E-05 9.98918E-05 9.98918E-05 0.507338 9.98918E-05 9.98918E-05 9.98918E-05 9.98918E-05 9.98918E-05 0.461905
9.98919E-05 9.98919E-05 9.98919E-05 9.98919E-05 9.98919E-05 9.98919E-05 9.98919E-05 0.269663 0.717052 0.012087 9.98919E-05 9.98919E-05 9.98919E-05 9.98919E-05 9.98919E-05
0.042164 9.99279E-05 9.99279E-05 9.99279E-05 0.236006 9.99279E-05 9.99279E-05 9.99279E-05 0.61321 0.0165198 0.0436902 0.00819262 9.99279E-05 9.99279E-05 0.0394186
9.99279E-05 0.0308857 0.026963 0.110598 0.0592745 9.99279E-05 0.205061 9.99279E-05 0.525726 9.99279E-05 9.99279E-05 9.99279E-05 9.99279E-05 0.0406917 9.99279E-05
9.99099E-05 9.99099E-05 9.99099E-05 9.99099E-05 9.99099E-05 9.99099E-05 9.99099E-05 0.602659 0.243982 0.00904832 9.99099E-05 0.0946862 0.0486255 9.99099E-05 9.99099E-05
9.99189E-05 9.99189E-05 9.99189E-05 0.0365917 9.99189E-05 9.99189E-05 0.409911 9.99189E-05 0.454485 9.99189E-05 9.99189E-05 0.0490818 9.99189E-05 0.0312881 0.0177426
0.067303 9.99009E-05 9.99009E-05 9.99009E-05 9.99009E-05 9.99009E-05 9.99009E-05 0.110903 0.77251 0.0481853 9.99009E-05 9.99009E-05 9.99009E-05 9.99009E-05 9.99009E-05
0.200956 9.99188E-05 9.99188E-05 0.0274981 0.134074 9.99188E-05 0.10273 9.99188E-05 0.494869 9.99188E-05 0.0389744 9.99188E-05 9.99188E-05 9.99188E-05 9.99188E-05
0.00494084 0.041152 9.99099E-05 9.99099E-05 0.388885 9.99099E-05 9.99099E-05 0.0794308 0.484592 9.99099E-05 9.99099E-05 9.99099E-05 9.99099E-05 9.99099E-05 9.99099E-05
0.458968 0.00913772 9.99279E-05 9.99279E-05 9.99279E-05 9.99279E-05 9.99279E-05 0.0617453 0.318301 0.0686407 9.99279E-05 9.99279E-05 9.99279E-05 0.0143778 0.0680301
9.99278E-05 9.99278E-05 0.0237633 0.0914592 9.99278E-05 0.132162 0.0415591 9.99278E-05 0.483707 9.99278E-05 0.0237574 9.99278E-05 9.99278E-05 0.202792 9.99278E-05
9.99098E-05 9.99098E-05 0.530477 9.99098E-05 9.99098E-05 9.99098E-05 9.99098E-05 9.99098E-05 0.34703 9.99098E-05 0.0384709 9.99098E-05 9.99098E-05 0.0604725 0.0225509
9.99099E-05 9.99099E-05 9.99099E-05 9.99099E-05 0.349438 9.99099E-05 9.99099E-05 9.99099E-05 0.431039 0.189328 9.99099E-05 9.99099E-05 0.0280287 9.99099E-05 0.00116785
0.121119 9.99008E-05 9.99008E-05 9.99008E-05 9.99008E-05 9.99008E-05 9.99008E-05 9.99008E-05 0.732792 0.0794323 9.99008E-05 9.99008E-05 9.99008E-05 9.99008E-05 0.0655578
9.99099E-05 0.0319406 9.99099E-05 9.99099E-05 0.341764 0.0343616 0.0423108 9.99099E-05 0.548624 9.99099E-05 9.99099E-05 9.99099E-05 9.99099E-05 9.99099E-05 9.99099E-05
9.99099E-05 0.00200122 0.301342 9.99099E-05 0.0214614 9.99099E-05 9.99099E-05 9.99099E-05 0.631822 9.99099E-05 9.99099E-05 9.99099E-05 9.99099E-05 0.0423747 9.99099E-05
0.232362 0.0276228 0.0343596 0.104528 0.142822 0.347403 0.0979325 9.9937E-05 9.9937E-05 9.9937E-05 9.9937E-05 0.0122709 9.9937E-05 9.9937E-05 9.9937E-05
0.0394866 9.99098E-05 9.99098E-05 9.99098E-05 9.99098E-05 9.99098E-05 9.99098E-05 9.99098E-05 0.0196421 9.99098E-05 0.00272521 0.714514 9.99098E-05 9.99098E-05 0.222633
0.258711 9.99279E-05 0.555358 0.0146593 9.99279E-05 0.0873555 9.99279E-05 9.99279E-05 9.99279E-05 9.99279E-05 0.0369848 0.0021169 9.99279E-05 0.0440148 9.99279E-05
0.722027 9.99099E-05 9.99099E-05 9.99099E-05 0.0792792 9.99099E-05 9.99099E-05 0.103662 9.99099E-05 0.0708168 9.99099E-05 0.0232164 9.99099E-05 9.99099E-05 9.99099E-05
9.99007E-05 9.99007E-05 9.99007E-05 9.99007E-05 9.99007E-05 9.99007E-05 9.99007E-05 0.409988 9.99007E-05 0.0539683 9.99007E-05 0.524775 9.99007E-05 9.99007E-05 0.010169
0.190799 9.99098E-05 0.112779 9.99098E-05 9.99098E-05 9.99098E-05 0.343073 9.99098E-05 9.99098E-05 9.99098E-05 9.99098E-05 0.0142382 9.99098E-05 0.338112 9.99098E-05
9.99009E-05 0.0549379 9.99009E-05 9.99009E-05 9.99009E-05 9.99009E-05 0.208679 9.99009E-05 9.99009E-05 9.99009E-05 9.99009E-05 0.712447 9.99009E-05 0.0228369 9.99009E-05
0.533628 9.99369E-05 0.0101218 0.100346 0.176405 0.0791963 9.99369E-05 9.99369E-05 9.99369E-05 9.99369E-05 0.0325119 9.99369E-05 0.015541 9.99369E-05 0.0515505
9.98918E-05 0.0280971 0.251331 9.98918E-05 9.98918E-05 9.98918E-05 9.98918E-05 9.98918E-05 9.98918E-05 9.98918E-05 9.98918E-05 0.719374 9.98918E-05 9.98918E-05 9.98918E-05
0.180947 9.99189E-05 0.00573853 9.99189E-05 9.99189E-05 9.99189E-05 9.99189E-05 0.0852141 9.99189E-05 0.127899 9.99189E-05 0.267252 9.99189E-05 9.99189E-05 0.332051
0.0161751 9.99368E-05 0.0394395 0.0685335 0.147022 0.179241 0.294848 9.99368E-05 9.99368E-05 9.99368E-05 9.99368E-05 0.159219 9.99368E-05 0.0948218 9.99368E-05
9.98918E-05 9.98918E-05 0.411349 9.98918E-05 9.98918E-05 9.98918E-05 9.98918E-05 9.98918E-05 9.98918E-05 9.98918E-05 0.04152 0.545933 9.98918E-05 9.98918E-05 9.98918E-05
9.99008E-05 9.99008E-05 9.99008E-05 9.99008E-05 9.99008E-05 9.99008E-05 9.99008E-05 0.323977 9.99008E-05 0.0765617 9.99008E-05 0.440298 9.99008E-05 9.99008E-05 0.158064
0.0947837 9.99099E-05 0.085994 9.99099E-05 9.99099E-05 0.257138 0.244798 9.99099E-05 9.99099E-05 9.99099E-05 9.99099E-05 9.99099E-05 9.99099E-05 0.316288 9.99099E-05
9.99008E-05 9.99008E-05 0.134317 0.0473187 9.99008E-05 9.99008E-05 9.99008E-05 9.99008E-05 9.99008E-05 9.99008E-05 9.99008E-05 0.519058 9.99008E-05 0.298207 9.99008E-05
0.296679 9.99008E-05 0.237622 9.99008E-05 9.99008E-05 9.99008E-05 0.149262 9.99008E-05 9.99008E-05 9.99008E-05 9.99008E-05 9.99008E-05 9.99008E-05 0.315338 9.99008E-05
9.98918E-05 9.98918E-05 9.98918E-05 9.98918E-05 9.98918E-05 9.98918E-05 9.98918E-05 0.415739 9.98918E-05 0.0712334 9.98918E-05 0.511829 9.98918E-05 9.98918E-05 9.98918E-05
0.0521316 9.99278E-05 0.286286 0.0315441 9.99278E-05 0.120766 0.0142461 9.99278E-05 9.99278E-05 9.99278E-05 9.99278E-05 0.329546 9.99278E-05 0.164681 9.99278E-05
0.0880549 9.99189E-05 9.99189E-05 0.00557334 0.161104 0.387785 0.296 9.99189E-05 9.99189E-05 9.99189E-05 9.99189E-05 9.99189E-05 9.99189E-05 0.0605824 9.99189E-05
0.719281 0.0222885 9.99098E-05 9.99098E-05 9.99098E-05 0.0548847 9.99098E-05 9.99098E-05 9.99098E-05 9.99098E-05 0.0791789 0.123368 9.99098E-05 9.99098E-05 9.99098E-05
0.234135 0.00373117 0.382936 9.99371E-05 9.99371E-05 0.144485 0.0242109 0.0506814 0.0553431 0.103777 9.99371E-05 9.99371E-05 9.99371E-05 9.99371E-05 9.99371E-05
0.316114 0.0634442 0.374762 0.0304918 0.0266305 0.0181566 0.000908555 9.99459E-05 9.99459E-05 9.99459E-05 9.99459E-05 0.0935696 9.99459E-05 0.0753229 9.99459E-05
0.13664 9.99007E-05 9.99007E-05 9.99007E-05 9.99007E-05 9.99007E-05 9.99007E-05 0.287391 9.99007E-05 0.0774492 9.99007E-05 0.497422 9.99007E-05 9.99007E-05 9.99007E-05
0.277912 0.0733225 9.99369E-05 9.99369E-05 9.99369E-05 0.0667981 0.152344 9.99369E-05 9.99369E-05 9.99369E-05 9.99369E-05 0.144975 0.0912646 0.182223 0.0104615
0.183876 9.99097E-05 9.99097E-05 9.99097E-05 0.10412 0.0311069 9.99097E-05 9.99097E-05 9.99097E-05 9.99097E-05 0.106027 0.573872 9.99097E-05 9.99097E-05 9.99097E-05
0.310918 9.99189E-05 9.99189E-05 9.99189E-05 0.0918326 9.99189E-05 9.99189E-05 0.166026 0.175871 0.173737 9.99189E-05 0.0807159 9.99189E-05 9.99189E-05 9.99189E-05
0.0902322 0.0524875 0.164246 0.0495327 9.99549E-05 0.148552 0.132199 9.99549E-05 0.122714 9.99549E-05 9.99549E-05 0.194787 0.00900219 0.0357474 9.99549E-05
9.9919E-05 9.9919E-05 9.9919E-05 0.053337 0.793524 0.00688924 9.9919E-05 9.9919E-05 0.0411139 9.9919E-05 9.9919E-05 0.0864718 0.0177646 9.9919E-05 9.9919E-05
9.9928E-05 0.0309291 0.0143229 9.9928E-05 9.9928E-05 9.9928E-05 9.9928E-05 0.661823 9.9928E-05 0.0908942 0.00216564 9.9928E-05 9.9928E-05 0.0621514 0.136914
0.218492 9.99458E-05 9.99458E-05 9.99458E-05 0.253446 9.99458E-05 9.99458E-05 0.0501256 0.0713621 0.0129282 0.0658928 0.199574 9.99458E-05 0.011058 0.116522
0.418495 9.99369E-05 9.99369E-05 9.99369E-05 9.99369E-05 9.99369E-05 0.0570434 0.196663 0.120577 0.111833 9.99369E-05 0.0807524 0.00587223 9.99369E-05 0.00806465
9.99279E-05 0.0447514 0.0358973 0.00851314 0.175722 9.99279E-05 0.473977 0.138008 9.99279E-05 9.99279E-05 9.99279E-05 0.122332 9.99279E-05 9.99279E-05 9.99279E-05
0.453819 9.98918E-05 9.98918E-05 9.98918E-05 9.98918E-05 9.98918E-05 9.98918E-05 0.519817 9.98918E-05 9.98918E-05 9.98918E-05 0.0251651 9.98918E-05 9.98918E-05 9.98918E-05
0.194303 9.99098E-05 0.27784 9.99098E-05 0.0302484 9.99098E-05 0.206129 9.99098E-05 9.99098E-05 9.99098E-05 9.99098E-05 9.99098E-05 9.99098E-05 0.290481 9.99098E-05
0.451072 0.0107726 9.99098E-05 9.99098E-05 0.0167706 9.99098E-05 9.99098E-05 0.455196 9.99098E-05 9.99098E-05 9.99098E-05 0.0651895 9.99098E-05 9.99098E-05 9.99098E-05
9.99189E-05 9.99189E-05 0.404542 9.99189E-05 0.10068 0.0393282 9.99189E-05 0.13511 9.99189E-05 9.99189E-05 0.00751367 0.311926 9.99189E-05 9.99189E-05 9.99189E-05
9.99369E-05 9.99369E-05 0.413816 0.000824455 0.244014 9.99369E-05 0.0246329 9.99369E-05 0.0203991 9.99369E-05 9.99369E-05 0.0668509 9.99369E-05 0.177723 0.0510402
0.123919 9.9937E-05 9.9937E-05 0.0150867 0.590071 9.9937E-05 9.9937E-05 9.9937E-05 0.0177437 0.0260215 9.9937E-05 0.0875465 0.0816905 0.0572221 9.9937E-05
0.381919 9.99278E-05 9.99278E-05 0.0402425 0.333443 9.99278E-05 9.99278E-05 9.99278E-05 0.0662935 9.99278E-05 0.0187761 9.99278E-05 9.99278E-05 0.105196 0.0533304
0.0890891 9.99279E-05 9.99279E-05 9.99279E-05 0.71873 9.99279E-05 9.99279E-05 0.0108883 9.99279E-05 0.049714 9.99279E-05 0.0334246 9.99279E-05 0.0933581 0.00399606
0.225408 9.99188E-05 0.434322 9.99188E-05 0.103772 9.99188E-05 0.0466151 0.0797409 0.109244 9.99188E-05 9.99188E-05 9.99188E-05 9.99188E-05 9.99188E-05 9.99188E-05
0.0728353 9.99279E-05 9.99279E-05 9.99279E-05 0.0661681 9.99279E-05 9.99279E-05 0.694906 0.0164116 0.00121141 9.99279E-05 9.99279E-05 9.99279E-05 0.0470441 0.100625
9.99099E-05 0.014315 9.99099E-05 9.99099E-05 0.00779825 9.99099E-05 9.99099E-05 0.676574 9.99099E-05 9.99099E-05 9.99099E-05 0.280444 9.99099E-05 9.99099E-05 0.0198698
0.328381 9.99099E-05 9.99099E-05 9.99099E-05 0.0792367 9.99099E-05 9.99099E-05 9.99099E-05 9.99099E-05 0.0636161 9.99099E-05 0.212301 9.99099E-05 9.99099E-05 0.315467
0.0898355 9.99099E-05 9.99099E-05 9.99099E-05 0.090205 9.99099E-05 9.99099E-05 0.451542 9.99099E-05 0.210734 9.99099E-05 0.156685 9.99099E-05 9.99099E-05 9.99099E-05
9.9901E-05 9.9901E-05 9.9901E-05 9.9901E-05 9.9901E-05 9.9901E-05 0.0242905 0.854285 9.9901E-05 9.9901E-05 9.9901E-05 9.9901E-05 9.9901E-05 0.100208 0.0201176
0.0767195 9.99369E-05 9.99369E-05 9.99369E-05 0.0551994 0.0248164 9.99369E-05 9.99369E-05 0.0140789 0.00370594 9.99369E-05 0.294241 0.119054 9.99369E-05 0.411486
0.657623 9.99188E-05 9.99188E-05 0.0164626 9.99188E-05 9.99188E-05 0.0246223 0.178499 9.99188E-05 9.99188E-05 9.99188E-05 0.0892686 9.99188E-05 9.99188E-05 0.0326246
9.9919E-05 0.0365285 9.9919E-05 9.9919E-05 9.9919E-05 0.540847 9.9919E-05 0.040701 9.9919E-05 0.00799796 0.039655 9.9919E-05 9.9919E-05 0.333371 9.9919E-05
0.0616485 0.015873 9.99189E-05 9.99189E-05 9.99189E-05 9.99189E-05 9.99189E-05 9.99189E-05 0.0303278 9.99189E-05 0.0108379 9.99189E-05 9.99189E-05 0.845287 0.0351271
0.447884 9.99188E-05 9.99188E-05 9.99188E-05 0.00484621 0.0794254 9.99188E-05 9.99188E-05 9.99188E-05 9.99188E-05 0.123998 9.99188E-05 9.99188E-05 0.0749234 0.268024
0.0660606 9.99008E-05 9.99008E-05 9.99008E-05 9.99008E-05 9.99008E-05 0.223555 9.99008E-05 9.99008E-05 9.99008E-05 9.99008E-05 9.99008E-05 9.99008E-05 0.676812 0.0324738
9.99099E-05 9.99099E-05 9.99099E-05 9.99099E-05 9.99099E-05 0.116401 9.99099E-05 9.99099E-05 0.0388941 9.99099E-05 0.00932535 9.99099E-05 9.99099E-05 0.808306 0.0260743
9.99098E-05 0.0303678 0.389047 9.99098E-05 9.99098E-05 9.99098E-05 9.99098E-05 9.99098E-05 9.99098E-05 0.0404836 9.99098E-05 9.99098E-05 9.99098E-05 0.439521 0.0995813
0.0407704 9.99189E-05 0.109743 9.99189E-05 9.99189E-05 9.99189E-05 9.99189E-05 9.99189E-05 0.0602885 9.99189E-05 0.0288005 9.99189E-05 9.99189E-05 0.744444 0.0150544
0.259742 0.00739105 9.9937E-05 9.9937E-05 9.9937E-05 9.9937E-05 9.9937E-05 0.0110331 9.9937E-05 0.0053445 0.0401973 0.000944428 9.9937E-05 0.168673 0.505976
0.0114798 9.9901E-05 9.9901E-05 9.9901E-05 9.9901E-05 9.9901E-05 9.9901E-05 0.362949 9.9901E-05 9.9901E-05 9.9901E-05 0.194099 9.9901E-05 9.9901E-05 0.430374
0.276933 9.99278E-05 9.99278E-05 0.0114813 0.0195662 0.532357 9.99278E-05 9.99278E-05 0.038555 9.99278E-05 0.107791 9.99278E-05 9.99278E-05 9.99278E-05 0.0125172
0.0190851 9.99099E-05 9.99099E-05 9.99099E-05 9.99099E-05 9.99099E-05 9.99099E-05 9.99099E-05 0.108018 9.99099E-05 0.00619543 9.99099E-05 9.99099E-05 0.100836 0.764867
0.383263 9.9919E-05 9.9919E-05 9.9919E-05 9.9919E-05 9.9919E-05 9.9919E-05 9.9919E-05 0.0335656 0.0153082 0.228579 9.9919E-05 9.9919E-05 0.0623337 0.276051
0.481857 9.99279E-05 9.99279E-05 9.99279E-05 9.99279E-05 0.140352 0.0209725 9.99279E-05 0.0473387 9.99279E-05 0.0895849 9.99279E-05 9.99279E-05 0.183155 0.0359412
0.421716 9.99189E-05 9.99189E-05 9.99189E-05 9.99189E-05 9.99189E-05 9.99189E-05 0.0855785 0.0175901 9.99189E-05 9.99189E-05 0.107792 0.00281776 9.99189E-05 0.363606
0.249425 9.99189E-05 9.99189E-05 9.99189E-05 9.99189E-05 0.28286 9.99189E-05 0.0140548 0.0884724 0.0422982 9.99189E-05 9.99189E-05 9.99189E-05 9.99189E-05 0.32199
0.104136 0.0996338 9.99279E-05 9.99279E-05 0.0210989 0.150116 9.99279E-05 9.99279E-05 9.99279E-05 9.99279E-05 9.99279E-05 0.215552 0.114231 0.294434 9.99279E-05
0.361012 0.0110685 9.99279E-05 0.0663078 9.99279E-05 0.0675675 0.11794 9.99279E-05 9.99279E-05 9.99279E-05 0.0416145 9.99279E-05 9.99279E-05 9.99279E-05 0.33369
0.157246 9.99188E-05 9.99188E-05 9.99188E-05 0.0140742 0.341459 9.99188E-05 9.99188E-05 0.127467 9.99188E-05 0.0184925 9.99188E-05 9.99188E-05 9.99188E-05 0.340362
0.0758076 9.99099E-05 0.00104341 9.99099E-05 9.99099E-05 0.29563 0.50624 9.99099E-05 9.99099E-05 9.99099E-05 9.99099E-05 9.99099E-05 9.99099E-05 0.12028 9.99099E-05
0.291375 9.9928E-05 9.9928E-05 9.9928E-05 0.114989 0.415688 0.0367251 9.9928E-05 9.9928E-05 0.00248187 0.044007 9.9928E-05 9.9928E-05 0.0939343 9.9928E-05
0.0062908 9.9928E-05 0.00920511 9.9928E-05 0.0756179 0.00500597 0.0895977 9.9928E-05 9.9928E-05 0.0286807 9.9928E-05 9.9928E-05 9.9928E-05 9.9928E-05 0.784802
0.639276 9.99189E-05 0.00768956 9.99189E-05 9.99189E-05 0.0533089 9.99189E-05 9.99189E-05 0.0709839 9.99189E-05 9.99189E-05 9.99189E-05 0.0313268 9.99189E-05 0.196516
0.107996 9.99009E-05 9.99009E-05 9.99009E-05 9.99009E-05 9.99009E-05 9.99009E-05 0.235113 9.99009E-05 9.99009E-05 9.99009E-05 0.1366 9.99009E-05 9.99009E-05 0.519192
0.20165 9.99098E-05 9.99098E-05 9.99098E-05 0.0389955 0.308038 0.0110815 9.99098E-05 9.99098E-05 9.99098E-05 9.99098E-05 9.99098E-05 9.99098E-05 0.439235 9.99098E-05
0.505646 9.9919E-05 9.9919E-05 0.00166524 0.0526412 0.300338 0.0252039 9.9919E-05 9.9919E-05 9.9919E-05 0.113606 9.9919E-05 9.9919E-05 9.9919E-05 9.9919E-05
0.181557 9.99188E-05 9.99188E-05 9.99188E-05 9.99188E-05 9.99188E-05 9.99188E-05 0.0612765 0.0283474 0.0470536 9.99188E-05 0.11815 9.99188E-05 9.99188E-05 0.562716
9.9937E-05 0.000306665 9.9937E-05 0.081994 0.0593282 0.168564 0.0232851 9.9937E-05 0.0209854 9.9937E-05 9.9937E-05 0.215079 9.9937E-05 0.429758 9.9937E-05
9.99189E-05 0.0167717 9.99189E-05 9.99189E-05 0.0024866 0.0921709 0.472112 9.99189E-05 9.99189E-05 9.99189E-05 9.99189E-05 0.385946 9.99189E-05 0.029613 9.99189E-05
0.373249 9.99369E-05 9.99369E-05 9.99369E-05 9.99369E-05 9.99369E-05 9.99369E-05 0.248753 0.0664851 0.177346 0.0515926 0.0441224 0.0132917 9.99369E-05 0.0244604
9.99189E-05 0.00218328 9.99189E-05 9.99189E-05 0.214271 9.99189E-05 9.99189E-05 0.113301 0.0797524 0.0561692 9.99189E-05 0.533423 9.99189E-05 9.99189E-05 9.99189E-05
9.99101E-05 0.0368228 9.99101E-05 9.99101E-05 9.99101E-05 9.99101E-05 0.334726 9.99101E-05 9.99101E-05 9.99101E-05 0.0948903 0.158412 9.99101E-05 0.325984 0.0482665
9.99189E-05 0.00969688 0.0264991 9.99189E-05 9.99189E-05 0.0213746 9.99189E-05 9.99189E-05 9.99189E-05 9.99189E-05 0.0502783 0.34157 9.99189E-05 0.549682 9.99189E-05
9.9928E-05 9.9928E-05 0.0213505 0.051549 9.9928E-05 0.0984478 0.0628162 9.9928E-05 9.9928E-05 9.9928E-05 0.0851989 0.238495 9.9928E-05 0.441343 9.9928E-05
9.9892E-05 9.9892E-05 9.9892E-05 9.9892E-05 9.9892E-05 9.9892E-05 9.9892E-05 0.639213 9.9892E-05 0.0993906 9.9892E-05 0.260197 9.9892E-05 9.9892E-05 9.9892E-05
0.456393 9.991E-05 9.991E-05 9.991E-05 9.991E-05 9.991E-05 9.991E-05 9.991E-05 9.991E-05 0.0895726 0.0330633 0.36598 9.991E-05 9.991E-05 0.0539912
0.0325539 9.99459E-05 9.99459E-05 0.00823365 0.398922 0.0683635 0.112866 9.99459E-05 0.214113 9.99459E-05 0.0671914 0.0768374 9.99459E-05 0.0203196 9.99459E-05
9.99098E-05 9.99098E-05 9.99098E-05 9.99098E-05 0.0116619 9.99098E-05 0.132116 9.99098E-05 0.0396887 9.99098E-05 9.99098E-05 0.29481 9.99098E-05 0.520725 9.99098E-05
0.0842642 9.99279E-05 9.99279E-05 9.99279E-05 0.135785 9.99279E-05 9.99279E-05 0.439257 0.0226599 0.121068 9.99279E-05 0.164506 9.99279E-05 9.99279E-05 0.031661
0.60782 0.0382903 9.9928E-05 9.9928E-05 9.9928E-05 0.0237972 9.9928E-05 9.9928E-05 9.9928E-05 0.0625174 0.00719077 0.179675 9.9928E-05 0.07991 9.9928E-05
0.323143 9.99279E-05 9.99279E-05 9.99279E-05 0.0517514 9.99279E-05 9.99279E-05 9.99279E-05 9.99279E-05 9.99279E-05 0.0436448 0.222049 0.00930952 0.134826 0.214477
9.99098E-05 9.99098E-05 9.99098E-05 9.99098E-05 0.695975 0.0212632 0.0103194 9.99098E-05 0.0586375 9.99098E-05 9.99098E-05 0.212805 9.99098E-05 9.99098E-05 9.99098E-05
0.528456 9.99189E-05 9.99189E-05 9.99189E-05 0.00293756 9.99189E-05 9.99189E-05 9.99189E-05 0.237771 0.00607086 9.99189E-05 9.99189E-05 0.0287806 9.99189E-05 0.195085
0.306807 9.99458E-05 9.99458E-05 0.0542119 0.0505101 0.272186 0.166598 9.99458E-05 0.0298928 9.99458E-05 9.99458E-05 9.99458E-05 0.0209893 0.0830645 0.0151412
0.346441 9.99278E-05 9.99278E-05 9.99278E-05 0.280791 0.0442994 0.0846273 9.99278E-05 9.99278E-05 9.99278E-05 0.0570729 0.106175 9.99278E-05 0.0797937 9.99278E-05
9.9919E-05 0.031643 0.0440235 0.0195396 9.9919E-05 9.9919E-05 0.165503 9.9919E-05 9.9919E-05 9.9919E-05 9.9919E-05 0.256848 9.9919E-05 0.481544 9.9919E-05
0.0692101 9.99278E-05 9.99278E-05 9.99278E-05 0.0398822 0.0293893 9.99278E-05 9.99278E-05 9.99278E-05 0.103279 9.99278E-05 0.369956 0.0997601 9.99278E-05 0.287724
9.99188E-05 9.99188E-05 9.99188E-05 9.99188E-05 0.086071 0.257469 0.0431952 9.99188E-05 9.99188E-05 9.99188E-05 9.99188E-05 0.207571 0.0315628 0.373231 9.99188E-05
0.0791382 9.99099E-05 0.347337 9.99099E-05 9.99099E-05 0.213826 9.99099E-05 9.99099E-05 9.99099E-05 9.99099E-05 9.99099E-05 0.158389 9.99099E-05 0.20031 9.99099E-05
0.0501501 9.99189E-05 9.99189E-05 9.99189E-05 0.00664514 9.99189E-05 9.99189E-05 0.0852397 9.99189E-05 9.99189E-05 9.99189E-05 0.231353 9.99189E-05 0.0221297 0.603583
0.518986 9.99189E-05 9.99189E-05 9.99189E-05 9.99189E-05 0.0730737 0.206229 9.99189E-05 9.99189E-05 9.99189E-05 0.060843 0.0324349 9.99189E-05 9.99189E-05 0.107534
0.407064 9.99189E-05 9.99189E-05 9.99189E-05 9.99189E-05 0.0229275 9.99189E-05 9.99189E-05 9.99189E-05 9.99189E-05 0.0183949 0.163829 0.0693073 9.99189E-05 0.317579
9.9946E-05 0.0182423 9.9946E-05 0.0186057 9.9946E-05 0.471305 0.0353888 9.9946E-05 9.9946E-05 0.00855183 0.0515941 0.00473157 9.9946E-05 0.382765 0.00821624
0.0147726 0.0226505 0.305861 9.9937E-05 9.9937E-05 0.3229 0.0275258 9.9937E-05 9.9937E-05 0.118858 0.0400482 9.9937E-05 0.146684 9.9937E-05 9.9937E-05
0.152288 9.99189E-05 9.99189E-05 0.0899403 9.99189E-05 0.460062 9.99189E-05 9.99189E-05 9.99189E-05 9.99189E-05 9.99189E-05 0.0292347 0.0300952 0.23748 9.99189E-05
0.0173465 9.99189E-05 9.99189E-05 9.99189E-05 0.0909689 9.99189E-05 9.99189E-05 9.99189E-05 9.99189E-05 0.0437915 9.99189E-05 0.172483 9.99189E-05 0.000244905 0.674266
0.215366 9.99369E-05 0.0327345 0.0291576 9.99369E-05 0.629689 9.99369E-05 9.99369E-05 9.99369E-05 9.99369E-05 0.00650904 0.0178098 0.0177061 0.0503285 9.99369E-05
9.99279E-05 0.0456392 9.99279E-05 0.000109199 9.99279E-05 0.808748 0.0225419 9.99279E-05 0.0485219 9.99279E-05 9.99279E-05 0.0493101 9.99279E-05 9.99279E-05 0.0243302
9.9928E-05 9.9928E-05 9.9928E-05 0.00425744 9.9928E-05 0.615469 0.208043 9.9928E-05 0.0399633 9.9928E-05 9.9928E-05 0.0151995 9.9928E-05 0.0873815 0.0288865
0.062057 9.99189E-05 9.99189E-05 9.99189E-05 9.99189E-05 0.068647 0.014479 0.000789115 0.102165 9.99189E-05 9.99189E-05 9.99189E-05 9.99189E-05 9.99189E-05 0.750964
0.423905 0.00885875 9.99369E-05 9.99369E-05 9.99369E-05 0.213966 9.99369E-05 9.99369E-05 0.0350343 9.99369E-05 9.99369E-05 0.0812227 0.0466065 0.061916 0.127792
0.0162986 0.0220713 0.0260111 9.9955E-05 9.9955E-05 0.122419 0.375085 0.009675 9.9955E-05 9.9955E-05 0.0434975 0.0192358 9.9955E-05 0.281337 0.0838695
0.13206 9.9937E-05 0.00770624 9.9937E-05 9.9937E-05 0.274038 9.9937E-05 0.0226609 0.0228197 0.144163 9.9937E-05 0.189397 9.9937E-05 9.9937E-05 0.206457
9.99279E-05 0.0313447 0.0400465 9.99279E-05 0.00776374 0.84607 0.0194722 0.0215693 9.99279E-05 9.99279E-05 9.99279E-05 9.99279E-05 9.99279E-05 0.0329343 9.99279E-05
0.242392 9.9928E-05 0.446166 9.9928E-05 0.0511173 0.0493245 9.9928E-05 0.0939551 9.9928E-05 9.9928E-05 9.9928E-05 9.9928E-05 0.0219193 9.9928E-05 0.094327
9.99098E-05 9.99098E-05 9.99098E-05 9.99098E-05 9.99098E-05 0.525511 9.99098E-05 9.99098E-05 0.0416585 9.99098E-05 0.0592324 0.103026 9.99098E-05 9.99098E-05 0.269572
9.9901E-05 0.00368044 9.9901E-05 9.9901E-05 9.9901E-05 9.9901E-05 9.9901E-05 0.0794211 9.9901E-05 9.9901E-05 9.9901E-05 0.0990944 9.9901E-05 9.9901E-05 0.816705
0.47393 9.99279E-05 9.99279E-05 9.99279E-05 0.0151316 0.145946 9.99279E-05 9.99279E-05 9.99279E-05 9.99279E-05 0.152006 0.0935359 9.99279E-05 0.117163 0.00148716
0.187917 9.99368E-05 9.99368E-05 9.99368E-05 0.474069 9.99368E-05 0.0242249 0.0468154 0.0149431 0.0399118 9.99368E-05 0.0460625 9.99368E-05 9.99368E-05 0.165357
0.218996 0.00969325 9.993E-05 9.993E-05 9.993E-05 9.993E-05 9.993E-05 0.649385 0.0691415 0.0208177 9.993E-05 0.0221595 0.00873136 0.000376259 9.993E-05
0.600007 9.99279E-05 9.99279E-05 0.0135176 0.219818 0.0595734 9.99279E-05 9.99279E-05 9.99279E-05 9.99279E-05 9.99279E-05 0.00604712 0.0271121 9.99279E-05 0.0731246
0.176812 9.99008E-05 9.99008E-05 9.99008E-05 9.99008E-05 9.99008E-05 9.99008E-05 9.99008E-05 0.621055 9.99008E-05 9.99008E-05 0.0975483 9.99008E-05 9.99008E-05 0.103486
0.467616 9.99459E-05 9.99459E-05 9.99459E-05 0.0541471 9.99459E-05 0.048448 0.0544103 0.00401139 9.99459E-05 0.0214944 0.131918 9.99459E-05 0.135774 0.0815813
0.184375 9.99189E-05 0.108399 9.99189E-05 0.129863 9.99189E-05 0.0407785 9.99189E-05 9.99189E-05 9.99189E-05 9.99189E-05 0.0313616 9.99189E-05 0.504324 9.99189E-05
0.0546908 9.99099E-05 9.99099E-05 9.99099E-05 0.00799599 9.99099E-05 9.99099E-05 0.539955 9.99099E-05 0.0995185 9.99099E-05 0.29684 9.99099E-05 9.99099E-05 9.99099E-05
9.99279E-05 0.025549 0.497029 0.0265369 0.111104 0.0157483 9.99279E-05 9.99279E-05 9.99279E-05 9.99279E-05 9.99279E-05 0.260486 9.99279E-05 0.062748 9.99279E-05
0.0956225 9.99249E-05 9.99249E-05 0.0016191 9.99249E-05 0.127809 9.99249E-05 9.99249E-05 0.408222 9.99249E-05 0.118036 9.99249E-05 9.99249E-05 0.247792 9.99249E-05
0.0411047 0.00289804 0.063263 9.99279E-05 0.123955 9.99279E-05 0.643909 0.0764429 0.0476288 9.99279E-05 9.99279E-05 9.99279E-05 9.99279E-05 9.99279E-05 9.99279E-05
0.146018 9.99099E-05 9.99099E-05 9.99099E-05 9.99099E-05 0.0578919 9.99099E-05 0.618521 0.139977 9.99099E-05 9.99099E-05 9.99099E-05 0.0365931 9.99099E-05 9.99099E-05
0.0130992 9.99279E-05 9.99279E-05 9.99279E-05 0.0639723 9.99279E-05 9.99279E-05 0.472368 0.0802807 0.0114226 9.99279E-05 0.0226796 9.99279E-05 9.99279E-05 0.335379
