9.991E-05 9.991E-05 9.991E-05 9.991E-05 0.0574605 0.317666 0.284985 9.991E-05 9.991E-05 9.991E-05 0.0257229 9.991E-05 0.272979 9.991E-05 9.991E-05 0.0401876
9.99009E-05 9.99009E-05 9.99009E-05 9.99009E-05 0.0469215 0.36267 0.0938967 9.99009E-05 9.99009E-05 0.121877 9.99009E-05 9.99009E-05 0.373535 9.99009E-05 9.99009E-05 9.99009E-05
0.3176 9.99369E-05 0.076349 0.0463115 0.0086569 9.99369E-05 9.99369E-05 0.0654713 0.0190097 9.99369E-05 9.99369E-05 9.99369E-05 0.46446 0.000242985 9.99369E-05 0.00119968
9.99279E-05 0.0478122 9.99279E-05 0.00376146 9.99279E-05 0.216781 0.261376 9.99279E-05 9.99279E-05 0.00966287 9.99279E-05 9.99279E-05 0.00917348 9.99279E-05 0.426588 0.0240465
9.99099E-05 9.99099E-05 0.0451564 0.122552 9.99099E-05 0.321836 0.260832 9.99099E-05 0.0225098 9.99099E-05 9.99099E-05 9.99099E-05 9.99099E-05 9.99099E-05 0.226114 9.99099E-05
0.0733207 9.99369E-05 9.99369E-05 9.99369E-05 0.0281015 0.0243353 0.236654 0.304865 9.99369E-05 9.99369E-05 0.0162122 0.0222746 0.258239 9.99369E-05 0.035298 9.99369E-05
0.316567 0.0591433 9.99008E-05 9.99008E-05 9.99008E-05 9.99008E-05 9.99008E-05 9.99008E-05 9.99008E-05 9.99008E-05 9.99008E-05 0.0218087 0.579441 9.99008E-05 0.0219408 9.99008E-05
0.122362 9.991E-05 9.991E-05 9.991E-05 0.145665 0.102976 0.0436941 0.274276 9.991E-05 9.991E-05 9.991E-05 9.991E-05 0.310027 9.991E-05 9.991E-05 9.991E-05
9.99189E-05 9.99189E-05 9.99189E-05 0.054837 0.0209681 0.117544 9.99189E-05 0.116615 9.99189E-05 9.99189E-05 0.0188548 9.99189E-05 0.292783 9.99189E-05 0.377499 9.99189E-05
0.230399 0.233113 9.99008E-05 9.99008E-05 9.99008E-05 9.99008E-05 9.99008E-05 0.455738 0.0541356 9.99008E-05 9.99008E-05 9.99008E-05 9.99008E-05 9.99008E-05 9.99008E-05 0.0255162
9.99279E-05 9.99279E-05 0.050442 0.0100834 9.99279E-05 0.124535 0.000624397 0.0648347 9.99279E-05 0.319702 9.99279E-05 9.99279E-05 0.171845 9.99279E-05 0.257135 9.99279E-05
9.99008E-05 9.99008E-05 9.99008E-05 9.99008E-05 9.99008E-05 0.275733 9.99008E-05 0.339324 9.99008E-05 0.0950538 9.99008E-05 9.99008E-05 9.99008E-05 0.0953993 0.193391 9.99008E-05
0.161232 0.0389159 0.181275 0.0271448 9.99279E-05 9.99279E-05 0.142004 9.99279E-05 9.99279E-05 9.99279E-05 0.00904159 9.99279E-05 0.0536038 9.99279E-05 0.385983 9.99279E-05
0.0970624 9.99009E-05 9.99009E-05 9.99009E-05 9.99009E-05 9.99009E-05 9.99009E-05 0.243758 0.0316386 9.99009E-05 0.0158683 9.99009E-05 0.610574 9.99009E-05 9.99009E-05 9.99009E-05
9.98918E-05 9.98918E-05 9.98918E-05 9.98918E-05 9.98918E-05 0.380542 9.98918E-05 0.155234 9.98918E-05 0.455762 9.98918E-05 9.98918E-05 9.98918E-05 9.98918E-05 0.00726361 9.98918E-05
0.352889 0.259804 9.99278E-05 0.00206405 9.99278E-05 9.99278E-05 0.0838571 0.0638028 9.99278E-05 9.99278E-05 9.99278E-05 0.029449 0.185946 9.99278E-05 9.99278E-05 0.0213891
0.21648 0.0373968 9.99009E-05 9.99009E-05 9.99009E-05 9.99009E-05 0.0229546 9.99009E-05 9.99009E-05 9.99009E-05 9.99009E-05 9.99009E-05 0.674894 9.99009E-05 0.0471752 9.99009E-05
0.27004 9.99189E-05 0.0302989 9.99189E-05 9.99189E-05 0.053095 0.00429618 0.032078 9.99189E-05 0.0346845 9.99189E-05 9.99189E-05 0.574608 9.99189E-05 9.99189E-05 9.99189E-05
0.00600226 9.99279E-05 0.0850378 9.99279E-05 9.99279E-05 0.176835 9.99279E-05 0.0719532 9.99279E-05 9.99279E-05 0.025232 9.99279E-05 0.195232 0.109619 0.32929 9.99279E-05
9.98919E-05 9.98919E-05 9.98919E-05 0.0754814 9.98919E-05 9.98919E-05 0.068696 9.98919E-05 9.98919E-05 0.108925 9.98919E-05 9.98919E-05 9.98919E-05 9.98919E-05 9.98919E-05 0.745699
9.9892E-05 9.9892E-05 9.9892E-05 9.9892E-05 9.9892E-05 9.9892E-05 0.0733496 9.9892E-05 9.9892E-05 9.9892E-05 9.9892E-05 9.9892E-05 9.9892E-05 0.0614836 0.0526199 0.811348
9.98737E-05 9.98737E-05 9.98737E-05 9.98737E-05 9.98737E-05 9.98737E-05 0.162286 9.98737E-05 9.98737E-05 9.98737E-05 9.98737E-05 9.98737E-05 9.98737E-05 9.98737E-05 9.98737E-05 0.836316
9.98918E-05 9.98918E-05 9.98918E-05 0.0453138 9.98918E-05 9.98918E-05 9.98918E-05 9.98918E-05 9.98918E-05 9.98918E-05 9.98918E-05 9.98918E-05 9.98918E-05 0.286243 0.0519269 0.615318
9.99009E-05 9.99009E-05 9.99009E-05 0.0109019 0.0150679 9.99009E-05 9.99009E-05 9.99009E-05 9.99009E-05 0.0418017 9.99009E-05 9.99009E-05 9.99009E-05 9.99009E-05 0.21865 0.71248
0.038647 9.99098E-05 9.99098E-05 9.99098E-05 9.99098E-05 9.99098E-05 9.99098E-05 0.0617127 9.99098E-05 9.99098E-05 0.0761825 0.198448 0.196245 9.99098E-05 9.99098E-05 0.427766
9.99278E-05 9.99278E-05 9.99278E-05 0.0552768 0.084029 0.097234 9.99278E-05 0.0265589 9.99278E-05 0.0775992 0.283007 9.99278E-05 9.99278E-05 9.99278E-05 0.0903607 0.285135
0.134658 0.320923 9.99099E-05 0.0483386 9.99099E-05 9.99099E-05 9.99099E-05 9.99099E-05 0.0322176 9.99099E-05 9.99099E-05 0.233001 9.99099E-05 9.99099E-05 9.99099E-05 0.229862
9.9937E-05 0.0175028 9.9937E-05 0.139608 0.138087 0.0117841 0.1568 9.9937E-05 9.9937E-05 0.0925873 0.0990842 9.9937E-05 9.9937E-05 0.127676 9.9937E-05 0.216171
9.99101E-05 0.0123284 0.00597491 9.99101E-05 9.99101E-05 9.99101E-05 0.0920432 9.99101E-05 9.99101E-05 9.99101E-05 0.0338106 0.0111579 0.0338217 9.99101E-05 9.99101E-05 0.809964
9.98829E-05 9.98829E-05 9.98829E-05 9.98829E-05 9.98829E-05 9.98829E-05 9.98829E-05 9.98829E-05 9.98829E-05 9.98829E-05 9.98829E-05 9.98829E-05 9.98829E-05 0.0169794 0.132357 0.849365
0.0869102 0.0747575 9.99371E-05 9.99371E-05 0.0192098 9.99371E-05 9.99371E-05 9.99371E-05 0.0321995 0.0048223 9.99371E-05 0.0830261 0.0184724 0.1395 9.99371E-05 0.540402
9.99098E-05 9.99098E-05 0.0511865 9.99098E-05 9.99098E-05 9.99098E-05 0.0757826 9.99098E-05 0.00345886 9.99098E-05 0.658645 0.181357 9.99098E-05 9.99098E-05 9.99098E-05 0.0285706
0.155978 0.104808 9.99007E-05 9.99007E-05 9.99007E-05 9.99007E-05 9.99007E-05 9.99007E-05 0.0680893 9.99007E-05 9.99007E-05 0.0972621 9.99007E-05 9.99007E-05 9.99007E-05 0.572764
0.0598845 9.99008E-05 9.99008E-05 9.99008E-05 9.99008E-05 9.99008E-05 9.99008E-05 9.99008E-05 9.99008E-05 9.99008E-05 0.0475363 0.0937957 0.193412 9.99008E-05 9.99008E-05 0.604273
9.98739E-05 9.98739E-05 9.98739E-05 9.98739E-05 9.98739E-05 9.98739E-05 9.98739E-05 9.98739E-05 9.98739E-05 9.98739E-05 9.98739E-05 9.98739E-05 9.98739E-05 9.98739E-05 0.170586 0.828016
9.98919E-05 9.98919E-05 9.98919E-05 0.0571093 9.98919E-05 9.98919E-05 9.98919E-05 9.98919E-05 9.98919E-05 0.135969 9.98919E-05 9.98919E-05 9.98919E-05 9.98919E-05 0.0831126 0.72261
9.98829E-05 9.98829E-05 9.98829E-05 0.00503199 9.98829E-05 9.98829E-05 9.98829E-05 9.98829E-05 9.98829E-05 0.322605 9.98829E-05 9.98829E-05 9.98829E-05 9.98829E-05 9.98829E-05 0.671064
9.99009E-05 9.99009E-05 9.99009E-05 0.0395108 9.99009E-05 0.0386673 9.99009E-05 9.99009E-05 9.99009E-05 9.99009E-05 9.99009E-05 9.99009E-05 9.99009E-05 0.215741 0.0405478 0.664435
9.98827E-05 9.98827E-05 9.98827E-05 0.485535 9.98827E-05 9.98827E-05 0.150827 9.98827E-05 9.98827E-05 9.98827E-05 9.98827E-05 0.36234 9.98827E-05 9.98827E-05 9.98827E-05 9.98827E-05
9.9919E-05 0.0417709 0.0396575 0.024036 9.9919E-05 0.0142414 0.0782417 9.9919E-05 9.9919E-05 9.9919E-05 9.9919E-05 0.792258 9.9919E-05 0.00889573 9.9919E-05 9.9919E-05
0.111088 0.0497175 9.99189E-05 9.99189E-05 0.0366989 9.99189E-05 9.99189E-05 9.99189E-05 0.161242 9.99189E-05 0.0113387 0.59233 9.99189E-05 9.99189E-05 9.99189E-05 0.0366859
9.99189E-05 0.0497829 9.99189E-05 0.236457 0.0427647 9.99189E-05 0.0610884 9.99189E-05 9.99189E-05 9.99189E-05 0.0580034 0.228828 9.99189E-05 0.322176 9.99189E-05 9.99189E-05
9.99007E-05 9.99007E-05 9.99007E-05 0.15755 9.99007E-05 9.99007E-05 0.155867 9.99007E-05 9.99007E-05 9.99007E-05 9.99007E-05 0.423102 0.0181582 9.99007E-05 9.99007E-05 0.244224
9.99099E-05 9.99099E-05 0.0366238 9.99099E-05 9.99099E-05 9.99099E-05 9.99099E-05 0.109612 9.99099E-05 0.106017 0.0400719 0.665233 9.99099E-05 9.99099E-05 9.99099E-05 0.0414431
9.98918E-05 9.98918E-05 9.98918E-05 0.0128107 9.98918E-05 0.16642 9.98918E-05 9.98918E-05 9.98918E-05 9.98918E-05 0.629658 9.98918E-05 9.98918E-05 0.189913 9.98918E-05 9.98918E-05
9.98919E-05 9.98919E-05 9.98919E-05 0.567285 9.98919E-05 0.197319 9.98919E-05 9.98919E-05 9.98919E-05 9.98919E-05 9.98919E-05 0.150215 9.98919E-05 9.98919E-05 0.0839828 9.98919E-05
0.0544989 9.99008E-05 9.99008E-05 9.99008E-05 9.99008E-05 9.99008E-05 9.99008E-05 9.99008E-05 0.0703362 9.99008E-05 9.99008E-05 0.632633 0.0903751 9.99008E-05 9.99008E-05 0.151058
9.98917E-05 9.98917E-05 9.98917E-05 0.361344 0.0420728 9.98917E-05 0.154886 9.98917E-05 9.98917E-05 9.98917E-05 9.98917E-05 0.440498 9.98917E-05 9.98917E-05 9.98917E-05 9.98917E-05
0.0124087 0.546837 9.98829E-05 9.98829E-05 9.98829E-05 9.98829E-05 9.98829E-05 9.98829E-05 9.98829E-05 9.98829E-05 9.98829E-05 0.439456 9.98829E-05 9.98829E-05 9.98829E-05 9.98829E-05
9.991E-05 9.991E-05 9.991E-05 0.450902 0.100698 0.116881 9.991E-05 9.991E-05 9.991E-05 0.0171121 9.991E-05 0.299514 9.991E-05 0.0138938 9.991E-05 9.991E-05
9.99009E-05 0.117635 9.99009E-05 0.138112 9.99009E-05 9.99009E-05 0.0625121 9.99009E-05 9.99009E-05 9.99009E-05 9.99009E-05 0.664664 9.99009E-05 0.0159785 9.99009E-05 9.99009E-05
9.991E-05 9.991E-05 9.991E-05 0.185358 9.991E-05 9.991E-05 0.0891353 9.991E-05 9.991E-05 9.991E-05 9.991E-05 0.40233 9.991E-05 0.178274 0.0969267 0.0469761
9.99188E-05 9.99188E-05 9.99188E-05 0.28436 9.99188E-05 9.99188E-05 9.99188E-05 0.0559529 9.99188E-05 0.218775 0.226697 0.0540539 9.99188E-05 9.99188E-05 0.103411 0.0558513
9.99279E-05 9.99279E-05 9.99279E-05 0.201262 0.0516082 0.084423 9.99279E-05 0.055285 9.99279E-05 0.177963 0.0123404 0.284599 9.99279E-05 9.99279E-05 0.13172 9.99279E-05
9.991E-05 9.991E-05 9.991E-05 0.156719 9.991E-05 0.0823584 9.991E-05 9.991E-05 9.991E-05 0.0265114 0.155654 0.156348 9.991E-05 0.42141 9.991E-05 9.991E-05
9.98919E-05 9.98919E-05 9.98919E-05 9.98919E-05 0.230515 9.98919E-05 9.98919E-05 9.98919E-05 9.98919E-05 9.98919E-05 9.98919E-05 9.98919E-05 9.98919E-05 0.385342 0.0480005 0.334944
9.99007E-05 9.99007E-05 9.99007E-05 0.236072 9.99007E-05 9.99007E-05 0.109622 9.99007E-05 9.99007E-05 9.99007E-05 0.0867101 0.536186 0.0303108 9.99007E-05 9.99007E-05 9.99007E-05
9.99189E-05 0.16636 9.99189E-05 0.255847 0.287874 9.99189E-05 0.000146367 9.99189E-05 9.99189E-05 9.99189E-05 9.99189E-05 0.217085 9.99189E-05 9.99189E-05 0.0513471 0.0204414
9.99098E-05 0.0421987 0.00786571 9.99098E-05 0.0686939 9.99098E-05 0.0906059 9.99098E-05 9.99098E-05 9.99098E-05 0.00388263 0.785754 9.99098E-05 9.99098E-05 9.99098E-05 9.99098E-05
9.98829E-05 9.98829E-05 9.98829E-05 0.76018 9.98829E-05 9.98829E-05 0.090856 9.98829E-05 9.98829E-05 9.98829E-05 9.98829E-05 0.147666 9.98829E-05 9.98829E-05 9.98829E-05 9.98829E-05
9.99278E-05 9.99278E-05 9.99278E-05 0.539553 0.0073784 9.99278E-05 0.0821761 9.99278E-05 9.99278E-05 9.99278E-05 0.153584 0.138215 0.0560661 9.99278E-05 0.00044145 0.0217866
9.99188E-05 9.99188E-05 9.99188E-05 0.366591 0.0736251 0.163457 9.99188E-05 0.00831799 9.99188E-05 0.051808 9.99188E-05 0.33482 9.99188E-05 9.99188E-05 0.00048171 9.99188E-05
9.99001E-05 9.99001E-05 0.147619 0.0165061 9.99001E-05 9.99001E-05 9.99001E-05 9.99001E-05 0.0482928 9.99001E-05 0.51609 0.219752 0.0507409 9.99001E-05 9.99001E-05 9.99001E-05
0.0255475 9.98919E-05 9.98919E-05 0.620209 9.98919E-05 9.98919E-05 9.98919E-05 9.98919E-05 9.98919E-05 9.98919E-05 9.98919E-05 9.98919E-05 9.98919E-05 0.306702 9.98919E-05 0.0463424
0.37156 9.99188E-05 9.99188E-05 0.251734 0.0629699 9.99188E-05 9.99188E-05 9.99188E-05 0.0615305 9.99188E-05 0.0174921 0.202703 0.0311119 9.99188E-05 9.99188E-05 9.99188E-05
9.99278E-05 9.99278E-05 9.99278E-05 0.186986 0.0252061 9.99278E-05 9.99278E-05 0.0044704 9.99278E-05 0.095758 0.414041 9.99278E-05 0.0615807 9.99278E-05 0.163763 0.0473953
9.9883E-05 9.9883E-05 9.9883E-05 0.900951 9.9883E-05 0.0812248 9.9883E-05 9.9883E-05 9.9883E-05 9.9883E-05 9.9883E-05 9.9883E-05 9.9883E-05 0.0165255 9.9883E-05 9.9883E-05
0.043869 0.0192665 9.9892E-05 0.778222 9.9892E-05 9.9892E-05 9.9892E-05 9.9892E-05 9.9892E-05 0.157444 9.9892E-05 9.9892E-05 9.9892E-05 9.9892E-05 9.9892E-05 9.9892E-05
9.99007E-05 9.99007E-05 9.99007E-05 0.00429872 0.064753 0.0197611 9.99007E-05 9.99007E-05 9.99007E-05 9.99007E-05 0.854883 9.99007E-05 0.0552054 9.99007E-05 9.99007E-05 9.99007E-05
9.99098E-05 9.99098E-05 9.99098E-05 9.99098E-05 9.99098E-05 9.99098E-05 0.170617 9.99098E-05 0.00916642 9.99098E-05 0.671336 0.0291977 0.00466433 9.99098E-05 9.99098E-05 0.11402
9.98918E-05 0.264765 9.98918E-05 9.98918E-05 9.98918E-05 9.98918E-05 9.98918E-05 9.98918E-05 0.0426799 9.98918E-05 0.586386 0.10497 9.98918E-05 9.98918E-05 9.98918E-05 9.98918E-05
0.406832 9.99008E-05 9.99008E-05 0.192927 9.99008E-05 9.99008E-05 9.99008E-05 9.99008E-05 0.0183622 9.99008E-05 0.0473685 0.333411 9.99008E-05 9.99008E-05 9.99008E-05 9.99008E-05
9.98919E-05 9.98919E-05 9.98919E-05 0.00743219 9.98919E-05 0.143033 9.98919E-05 9.98919E-05 9.98919E-05 9.98919E-05 9.98919E-05 9.98919E-05 9.98919E-05 0.202127 9.98919E-05 0.646209
0.108382 0.00121287 0.0273844 0.364234 9.99277E-05 9.99277E-05 9.99277E-05 9.99277E-05 0.0785432 9.99277E-05 0.0231219 0.346267 0.0500556 9.99277E-05 9.99277E-05 9.99277E-05
9.98918E-05 9.98918E-05 9.98918E-05 0.551184 9.98918E-05 9.98918E-05 0.00134707 9.98918E-05 9.98918E-05 0.00835407 0.437916 9.98918E-05 9.98918E-05 9.98918E-05 9.98918E-05 9.98918E-05
9.98829E-05 9.98829E-05 9.98829E-05 9.98829E-05 9.98829E-05 9.98829E-05 9.98829E-05 9.98829E-05 9.98829E-05 0.0058359 0.676935 9.98829E-05 9.98829E-05 9.98829E-05 0.315931 9.98829E-05
0.148975 0.0546527 9.99007E-05 9.99007E-05 9.99007E-05 9.99007E-05 9.99007E-05 9.99007E-05 0.00654367 9.99007E-05 9.99007E-05 0.0904126 9.99007E-05 9.99007E-05 9.99007E-05 0.698317
0.327384 0.117651 9.99099E-05 9.99099E-05 9.99099E-05 9.99099E-05 9.99099E-05 9.99099E-05 0.0672482 9.99099E-05 0.108485 0.242035 9.99099E-05 9.99099E-05 9.99099E-05 0.136198
0.0509663 9.98917E-05 9.98917E-05 9.98917E-05 9.98917E-05 9.98917E-05 9.98917E-05 9.98917E-05 9.98917E-05 9.98917E-05 9.98917E-05 0.155721 0.12104 9.98917E-05 9.98917E-05 0.671074
9.99098E-05 0.00897718 9.99098E-05 9.99098E-05 0.0888833 9.99098E-05 0.210825 9.99098E-05 9.99098E-05 9.99098E-05 0.447652 0.0420743 9.99098E-05 9.99098E-05 9.99098E-05 0.200588
9.991E-05 0.483159 9.991E-05 0.0397723 9.991E-05 9.991E-05 0.00712602 9.991E-05 9.991E-05 9.991E-05 0.14937 0.207886 9.991E-05 9.991E-05 9.991E-05 0.111688
9.99099E-05 9.99099E-05 9.99099E-05 0.359774 9.99099E-05 9.99099E-05 9.99099E-05 9.99099E-05 9.99099E-05 9.99099E-05 0.0125768 0.133853 9.99099E-05 0.0731688 0.216237 0.203391
9.99009E-05 9.99009E-05 9.99009E-05 0.413532 9.99009E-05 9.99009E-05 0.0784465 9.99009E-05 9.99009E-05 9.99009E-05 9.99009E-05 0.38573 9.99009E-05 0.00146496 0.119727 9.99009E-05
9.9919E-05 9.9919E-05 9.9919E-05 0.0877135 0.0702645 9.9919E-05 9.9919E-05 9.9919E-05 9.9919E-05 0.0231548 9.9919E-05 0.381676 9.9919E-05 0.0709019 0.268307 0.0970831
0.139709 0.00959969 9.99008E-05 0.261108 9.99008E-05 9.99008E-05 9.99008E-05 9.99008E-05 0.0901797 9.99008E-05 9.99008E-05 0.498305 9.99008E-05 9.99008E-05 9.99008E-05 9.99008E-05
9.99008E-05 0.0144632 9.99008E-05 0.59905 9.99008E-05 9.99008E-05 0.230823 9.99008E-05 9.99008E-05 9.99008E-05 9.99008E-05 0.0771117 9.99008E-05 9.99008E-05 9.99008E-05 0.0774524
9.98919E-05 9.98919E-05 9.98919E-05 0.834033 0.0298355 9.98919E-05 9.98919E-05 9.98919E-05 9.98919E-05 9.98919E-05 0.0403456 9.98919E-05 9.98919E-05 9.98919E-05 0.0945868 9.98919E-05
0.0632301 9.99007E-05 9.99007E-05 9.99007E-05 0.565769 9.99007E-05 9.99007E-05 9.99007E-05 0.0335078 9.99007E-05 9.99007E-05 9.99007E-05 0.125844 9.99007E-05 9.99007E-05 0.21055
0.215426 9.98827E-05 9.98827E-05 9.98827E-05 0.32295 9.98827E-05 9.98827E-05 9.98827E-05 9.98827E-05 9.98827E-05 9.98827E-05 0.460325 9.98827E-05 9.98827E-05 9.98827E-05 9.98827E-05
9.98918E-05 9.98918E-05 9.98918E-05 9.98918E-05 0.718171 0.0950465 9.98918E-05 9.98918E-05 9.98918E-05 9.98918E-05 0.0393116 9.98918E-05 9.98918E-05 9.98918E-05 9.98918E-05 0.146272
0.204082 9.98917E-05 9.98917E-05 0.00737751 0.477988 9.98917E-05 9.98917E-05 9.98917E-05 9.98917E-05 9.98917E-05 9.98917E-05 0.309354 9.98917E-05 9.98917E-05 9.98917E-05 9.98917E-05
0.182821 9.98827E-05 9.98827E-05 9.98827E-05 0.65079 9.98827E-05 9.98827E-05 9.98827E-05 9.98827E-05 9.98827E-05 9.98827E-05 0.165091 9.98827E-05 9.98827E-05 9.98827E-05 9.98827E-05
9.98828E-05 9.98828E-05 9.98828E-05 0.027438 0.798022 0.173241 9.98828E-05 9.98828E-05 9.98828E-05 9.98828E-05 9.98828E-05 9.98828E-05 9.98828E-05 9.98828E-05 9.98828E-05 9.98828E-05
0.00896026 9.99008E-05 9.99008E-05 0.225429 0.340575 9.99008E-05 9.99008E-05 9.99008E-05 9.99008E-05 9.99008E-05 9.99008E-05 0.265889 0.158048 9.99008E-05 9.99008E-05 9.99008E-05
9.98918E-05 9.98918E-05 9.98918E-05 9.98918E-05 0.787531 9.98918E-05 9.98918E-05 0.01351 9.98918E-05 9.98918E-05 9.98918E-05 0.158961 0.0387993 9.98918E-05 9.98918E-05 9.98918E-05
9.98919E-05 0.331952 0.596204 9.98919E-05 9.98919E-05 9.98919E-05 9.98919E-05 9.98919E-05 0.0477193 9.98919E-05 9.98919E-05 0.0229264 9.98919E-05 9.98919E-05 9.98919E-05 9.98919E-05
0.0739853 0.102384 0.476341 9.99099E-05 9.99099E-05 9.99099E-05 0.211294 9.99099E-05 9.99099E-05 9.99099E-05 9.99099E-05 0.125531 9.99099E-05 9.99099E-05 9.99099E-05 0.00946553
9.99009E-05 0.00689557 0.703185 9.99009E-05 9.99009E-05 9.99009E-05 0.108527 9.99009E-05 9.99009E-05 9.99009E-05 9.99009E-05 0.000967717 9.99009E-05 0.179326 9.99009E-05 9.99009E-05
9.98919E-05 9.98919E-05 0.558209 9.98919E-05 0.0306449 0.31773 9.98919E-05 0.092217 9.98919E-05 9.98919E-05 9.98919E-05 9.98919E-05 9.98919E-05 9.98919E-05 9.98919E-05 9.98919E-05
9.98828E-05 0.23729 0.642686 9.98828E-05 9.98828E-05 9.98828E-05 9.98828E-05 9.98828E-05 0.118725 9.98828E-05 9.98828E-05 9.98828E-05 9.98828E-05 9.98828E-05 9.98828E-05 9.98828E-05
9.99188E-05 9.99188E-05 0.20839 0.0269515 0.0902151 0.120699 9.99188E-05 9.99188E-05 9.99188E-05 9.99188E-05 9.99188E-05 9.99188E-05 0.458981 0.0177286 0.0761358 9.99188E-05
0.406092 9.98827E-05 0.511793 9.98827E-05 9.98827E-05 9.98827E-05 9.98827E-05 9.98827E-05 9.98827E-05 9.98827E-05 9.98827E-05 9.98827E-05 0.0808162 9.98827E-05 9.98827E-05 9.98827E-05
9.98828E-05 0.285295 0.712811 9.98828E-05 9.98828E-05 9.98828E-05 9.98828E-05 9.98828E-05 9.98828E-05 9.98828E-05 9.98828E-05 0.000594983 9.98828E-05 9.98828E-05 9.98828E-05 9.98828E-05
0.0445151 9.99189E-05 0.595254 9.99189E-05 9.99189E-05 9.99189E-05 0.221117 0.026652 9.99189E-05 9.99189E-05 0.0732872 9.99189E-05 0.0339131 9.99189E-05 9.99189E-05 0.00436228
9.99189E-05 9.99189E-05 0.468003 0.108059 9.99189E-05 0.0652147 0.113817 9.99189E-05 9.99189E-05 0.221375 9.99189E-05 9.99189E-05 9.99189E-05 0.0176358 9.99189E-05 0.00499568
9.98919E-05 0.496648 0.26157 9.98919E-05 9.98919E-05 9.98919E-05 9.98919E-05 9.98919E-05 0.195869 9.98919E-05 9.98919E-05 0.0447142 9.98919E-05 9.98919E-05 9.98919E-05 9.98919E-05
0.0335492 9.99099E-05 0.460322 0.0209902 9.99099E-05 9.99099E-05 9.99099E-05 9.99099E-05 0.0159198 0.435844 9.99099E-05 9.99099E-05 9.99099E-05 9.99099E-05 0.0323757 9.99099E-05
9.99009E-05 0.102043 0.760875 9.99009E-05 9.99009E-05 9.99009E-05 0.0135401 9.99009E-05 9.99009E-05 9.99009E-05 9.99009E-05 0.03231 0.0901337 9.99009E-05 9.99009E-05 9.99009E-05
9.99188E-05 9.99188E-05 0.481497 0.0155476 0.0445373 9.99188E-05 0.157611 9.99188E-05 9.99188E-05 0.118804 0.00831289 9.99188E-05 0.172791 9.99188E-05 9.99188E-05 9.99188E-05
9.99009E-05 0.0786364 0.444388 9.99009E-05 9.99009E-05 9.99009E-05 0.387446 0.0412374 9.99009E-05 9.99009E-05 9.99009E-05 9.99009E-05 9.99009E-05 9.99009E-05 9.99009E-05 0.0471937
0.0385756 0.0775904 0.315316 9.99279E-05 9.99279E-05 0.00553271 9.99279E-05 0.0275321 9.99279E-05 9.99279E-05 0.0136689 9.99279E-05 0.479668 9.99279E-05 9.99279E-05 0.0413173
9.99007E-05 9.99007E-05 0.461862 0.0966464 0.0176637 0.132656 9.99007E-05 9.99007E-05 9.99007E-05 9.99007E-05 9.99007E-05 9.99007E-05 9.99007E-05 9.99007E-05 0.290073 9.99007E-05
0.0107092 9.99188E-05 0.360685 9.99188E-05 0.000330628 0.00173797 9.99188E-05 9.99188E-05 9.99188E-05 9.99188E-05 0.00188864 9.99188E-05 9.99188E-05 0.554739 0.0690098 9.99188E-05
0.050719 9.99099E-05 0.404827 9.99099E-05 9.99099E-05 9.99099E-05 0.357057 9.99099E-05 0.0065715 9.99099E-05 9.99099E-05 0.119185 9.99099E-05 9.99099E-05 9.99099E-05 0.0606404
0.0437798 9.99008E-05 0.750876 9.99008E-05 9.99008E-05 9.99008E-05 9.99008E-05 9.99008E-05 0.0243031 9.99008E-05 9.99008E-05 0.028261 0.151681 9.99008E-05 9.99008E-05 9.99008E-05
9.99009E-05 9.99009E-05 0.518051 0.01512 9.99009E-05 9.99009E-05 0.380199 9.99009E-05 9.99009E-05 0.0416056 9.99009E-05 9.99009E-05 9.99009E-05 9.99009E-05 9.99009E-05 0.0439251
9.98919E-05 9.98919E-05 0.590339 9.98919E-05 9.98919E-05 9.98919E-05 0.0692928 9.98919E-05 9.98919E-05 9.98919E-05 9.98919E-05 9.98919E-05 9.98919E-05 0.140692 0.198478 9.98919E-05
9.99189E-05 9.99189E-05 9.99189E-05 0.100567 9.99189E-05 0.339054 0.219487 9.99189E-05 0.0902797 0.102745 9.99189E-05 9.99189E-05 0.135556 9.99189E-05 0.0114126 9.99189E-05
0.103984 9.99098E-05 9.99098E-05 9.99098E-05 0.0187733 0.0338706 9.99098E-05 0.449902 0.362358 9.99098E-05 9.99098E-05 9.99098E-05 0.0301126 9.99098E-05 9.99098E-05 9.99098E-05
9.99098E-05 9.99098E-05 9.99098E-05 9.99098E-05 9.99098E-05 0.0706569 0.0616861 9.99098E-05 0.0438196 9.99098E-05 9.99098E-05 9.99098E-05 0.196538 0.521263 0.105037 9.99098E-05
9.99099E-05 0.0110801 9.99099E-05 9.99099E-05 9.99099E-05 9.99099E-05 0.138969 9.99099E-05 0.149 9.99099E-05 9.99099E-05 0.0138059 0.669469 9.99099E-05 9.99099E-05 0.016677
0.0153424 0.0765453 9.98918E-05 9.98918E-05 9.98918E-05 9.98918E-05 9.98918E-05 9.98918E-05 0.889876 9.98918E-05 9.98918E-05 0.0170376 9.98918E-05 9.98918E-05 9.98918E-05 9.98918E-05
9.99098E-05 9.99098E-05 9.99098E-05 9.99098E-05 9.99098E-05 0.0455605 0.0101366 9.99098E-05 9.99098E-05 0.294954 9.99098E-05 9.99098E-05 0.154652 0.0131974 0.480501 9.99098E-05
9.99188E-05 9.99188E-05 9.99188E-05 9.99188E-05 9.99188E-05 0.0112267 0.00658512 0.105284 0.58332 0.173166 9.99188E-05 9.99188E-05 9.99188E-05 9.99188E-05 0.10605 0.0134689
0.0465999 9.99188E-05 9.99188E-05 0.0807664 0.0579893 9.99188E-05 0.251792 9.99188E-05 0.0329522 9.99188E-05 9.99188E-05 9.99188E-05 0.420678 9.99188E-05 0.108323 9.99188E-05
9.98918E-05 9.98918E-05 9.98918E-05 9.98918E-05 9.98918E-05 9.98918E-05 9.98918E-05 0.33115 0.30758 9.98918E-05 9.98918E-05 9.98918E-05 9.98918E-05 0.073156 0.286915 9.98918E-05
0.259492 9.98919E-05 9.98919E-05 9.98919E-05 9.98919E-05 9.98919E-05 9.98919E-05 9.98919E-05 0.515622 9.98919E-05 9.98919E-05 9.98919E-05 0.175112 9.98919E-05 0.0485753 9.98919E-05
9.99188E-05 9.99188E-05 9.99188E-05 0.0777275 9.99188E-05 0.0969439 0.18701 0.0266701 0.0643738 0.22273 9.99188E-05 9.99188E-05 9.99188E-05 9.99188E-05 0.323645 9.99188E-05
9.98918E-05 9.98918E-05 9.98918E-05 9.98918E-05 0.00525862 9.98918E-05 9.98918E-05 0.315799 0.216976 9.98918E-05 9.98918E-05 9.98918E-05 9.98918E-05 0.460767 9.98918E-05 9.98918E-05
0.126856 9.98919E-05 0.0236229 9.98919E-05 9.98919E-05 9.98919E-05 9.98919E-05 9.98919E-05 0.838203 9.98919E-05 9.98919E-05 0.0101191 9.98919E-05 9.98919E-05 9.98919E-05 9.98919E-05
9.99009E-05 9.99009E-05 9.99009E-05 9.99009E-05 9.99009E-05 0.41994 9.99009E-05 9.99009E-05 9.99009E-05 0.231689 9.99009E-05 9.99009E-05 0.0895385 0.031904 0.22583 9.99009E-05
9.99008E-05 9.99008E-05 9.99008E-05 0.0579079 9.99008E-05 9.99008E-05 9.99008E-05 0.204369 0.215428 9.99008E-05 9.99008E-05 9.99008E-05 9.99008E-05 0.00122835 0.519968 9.99008E-05
0.0166916 9.99008E-05 9.99008E-05 9.99008E-05 9.99008E-05 9.99008E-05 9.99008E-05 9.99008E-05 9.99008E-05 0.0580272 9.99008E-05 9.99008E-05 0.267643 0.0546017 0.601938 9.99008E-05
0.00339666 0.171025 9.98919E-05 9.98919E-05 9.98919E-05 9.98919E-05 9.98919E-05 0.0408889 0.783491 9.98919E-05 9.98919E-05 9.98919E-05 9.98919E-05 9.98919E-05 9.98919E-05 9.98919E-05
9.98918E-05 9.98918E-05 9.98918E-05 0.0264107 0.0191823 9.98918E-05 9.98918E-05 9.98918E-05 0.221281 9.98918E-05 9.98918E-05 9.98918E-05 9.98918E-05 9.98918E-05 0.731927 9.98918E-05
9.99099E-05 9.99099E-05 9.99099E-05 0.0186303 9.99099E-05 0.353454 0.212851 9.99099E-05 9.99099E-05 0.273634 9.99099E-05 9.99099E-05 0.0721295 9.99099E-05 0.068302 9.99099E-05
9.99368E-05 9.99368E-05 9.99368E-05 0.000510063 0.100853 0.0760122 0.0351979 0.00853153 0.130286 9.99368E-05 9.99368E-05 9.99368E-05 0.642506 9.99368E-05 0.000941979 0.00446187
9.99461E-05 0.0957591 0.0649607 0.0171435 0.000193542 0.0749725 0.0423786 9.99461E-05 9.99461E-05 0.0188097 9.99461E-05 9.99461E-05 0.233001 0.393593 9.99461E-05 0.0585884
9.99189E-05 9.99189E-05 9.99189E-05 9.99189E-05 0.0408581 9.99189E-05 0.111159 9.99189E-05 0.116787 9.99189E-05 9.99189E-05 9.99189E-05 0.172638 0.183185 0.356235 0.0182381
9.98828E-05 0.00400277 9.98828E-05 9.98828E-05 9.98828E-05 9.98828E-05 9.98828E-05 9.98828E-05 0.80075 9.98828E-05 9.98828E-05 9.98828E-05 0.193949 9.98828E-05 9.98828E-05 9.98828E-05
0.04142 9.99459E-05 0.00647578 9.99459E-05 9.99459E-05 0.00446844 9.99459E-05 0.214042 9.99459E-05 0.0777504 0.0240142 0.0584762 0.208494 9.99459E-05 0.337287 0.0269718
9.99096E-05 9.99096E-05 9.99096E-05 9.99096E-05 0.113973 0.0562194 0.127623 0.253399 0.362957 9.99096E-05 9.99096E-05 9.99096E-05 0.0848295 9.99096E-05 9.99096E-05 9.99096E-05
9.99279E-05 0.144992 0.171524 9.99279E-05 9.99279E-05 9.99279E-05 0.101973 9.99279E-05 0.154184 9.99279E-05 0.083671 0.0510742 0.283665 9.99279E-05 9.99279E-05 0.00811777
9.99279E-05 9.99279E-05 0.163341 0.0717522 9.99279E-05 9.99279E-05 9.99279E-05 0.182314 0.00138709 0.0317231 9.99279E-05 9.99279E-05 0.0280188 9.99279E-05 0.487826 0.0328376
9.9901E-05 0.0167193 0.00577177 0.0723742 9.9901E-05 9.9901E-05 0.703243 0.200793 9.9901E-05 9.9901E-05 9.9901E-05 9.9901E-05 9.9901E-05 9.9901E-05 9.9901E-05 9.9901E-05
0.150483 0.645407 9.9919E-05 9.9919E-05 9.9919E-05 9.9919E-05 9.9919E-05 9.9919E-05 0.086838 9.9919E-05 0.0259552 0.000422409 9.9919E-05 9.9919E-05 0.0608978 0.0290976
0.0760921 0.0718973 0.0638476 9.99278E-05 9.99278E-05 9.99278E-05 0.172872 0.238376 0.0381988 9.99278E-05 0.118974 9.99278E-05 0.218944 9.99278E-05 9.99278E-05 9.99278E-05
0.011018 0.235747 0.123953 9.99278E-05 9.99278E-05 9.99278E-05 9.99278E-05 0.160136 9.99278E-05 0.00560722 9.99278E-05 0.0502814 0.396381 9.99278E-05 9.99278E-05 0.0160763
9.99189E-05 0.0414823 9.99189E-05 0.00231713 9.99189E-05 9.99189E-05 0.22861 9.99189E-05 0.152906 0.527625 9.99189E-05 9.99189E-05 9.99189E-05 0.0113827 9.99189E-05 0.0347769
9.98828E-05 0.339836 9.98828E-05 9.98828E-05 9.98828E-05 9.98828E-05 9.98828E-05 9.98828E-05 0.204999 9.98828E-05 9.98828E-05 9.98828E-05 0.453867 9.98828E-05 9.98828E-05 9.98828E-05
0.0145788 9.99098E-05 9.99098E-05 9.99098E-05 9.99098E-05 9.99098E-05 0.0596136 9.99098E-05 9.99098E-05 0.130486 9.99098E-05 9.99098E-05 0.141597 0.122699 0.530026 9.99098E-05
9.99098E-05 0.352017 9.99098E-05 9.99098E-05 9.99098E-05 9.99098E-05 0.0230778 0.0124752 0.147485 9.99098E-05 9.99098E-05 9.99098E-05 0.4592 9.99098E-05 9.99098E-05 0.00474605
9.99009E-05 0.108303 9.99009E-05 9.99009E-05 9.99009E-05 9.99009E-05 0.124306 0.278457 0.0907562 9.99009E-05 9.99009E-05 9.99009E-05 9.99009E-05 0.397079 9.99009E-05 9.99009E-05
0.0526342 9.99189E-05 0.018009 9.99189E-05 9.99189E-05 9.99189E-05 0.271795 0.0303582 0.0226505 9.99189E-05 9.99189E-05 9.99189E-05 9.99189E-05 0.317108 0.286545 9.99189E-05
9.9928E-05 9.9928E-05 0.00702987 0.0193595 9.9928E-05 9.9928E-05 0.542303 0.160244 9.9928E-05 9.9928E-05 0.0462824 0.0751852 0.110052 9.9928E-05 0.0387436 9.9928E-05
0.0571764 9.99278E-05 0.0436138 0.0436526 0.0120781 9.99278E-05 0.361321 9.99278E-05 9.99278E-05 9.99278E-05 0.0242313 9.99278E-05 0.347416 9.99278E-05 0.109712 9.99278E-05
9.99099E-05 0.0538362 9.99099E-05 9.99099E-05 9.99099E-05 9.99099E-05 0.624324 0.147884 9.99099E-05 9.99099E-05 0.057423 9.99099E-05 0.0860653 9.99099E-05 9.99099E-05 0.0294688
9.99099E-05 0.121903 0.101989 9.99099E-05 9.99099E-05 9.99099E-05 0.121039 9.99099E-05 9.99099E-05 9.99099E-05 9.99099E-05 9.99099E-05 0.158279 0.254519 0.241272 9.99099E-05
0.0923228 0.632304 9.99099E-05 9.99099E-05 9.99099E-05 0.00408303 0.0986867 9.99099E-05 0.0636306 9.99099E-05 9.99099E-05 9.99099E-05 0.107973 9.99099E-05 9.99099E-05 9.99099E-05
9.98828E-05 0.594186 9.98828E-05 9.98828E-05 9.98828E-05 9.98828E-05 9.98828E-05 0.211563 0.192952 9.98828E-05 9.98828E-05 9.98828E-05 9.98828E-05 9.98828E-05 9.98828E-05 9.98828E-05
0.309382 9.99099E-05 9.99099E-05 9.99099E-05 9.99099E-05 9.99099E-05 0.0431099 0.292937 9.99099E-05 9.99099E-05 0.0238077 0.0400068 0.289757 9.99099E-05 9.99099E-05 9.99099E-05
9.99098E-05 0.479149 9.99098E-05 9.99098E-05 9.99098E-05 9.99098E-05 0.0297207 0.181943 0.112039 9.99098E-05 9.99098E-05 0.108162 0.0879863 9.99098E-05 9.99098E-05 9.99098E-05
0.0301167 0.865796 9.99009E-05 9.99009E-05 9.99009E-05 0.0458357 9.99009E-05 9.99009E-05 9.99009E-05 0.0326023 9.99009E-05 9.99009E-05 9.99009E-05 9.99009E-05 0.0245505 9.99009E-05
0.374814 9.99279E-05 0.0219551 9.99279E-05 0.00779593 9.99279E-05 0.0150362 0.388343 0.00272853 9.99279E-05 9.99279E-05 0.114975 0.0735528 9.99279E-05 9.99279E-05 9.99279E-05
0.00222288 0.107046 9.99369E-05 0.0134507 0.0289292 9.99369E-05 9.99369E-05 0.00189201 0.131248 0.0424374 9.99369E-05 9.99369E-05 0.670083 9.99369E-05 0.00199156 9.99369E-05
9.9919E-05 0.0141363 9.9919E-05 9.9919E-05 9.9919E-05 0.791263 9.9919E-05 0.0430543 0.028869 9.9919E-05 0.0202105 9.9919E-05 9.9919E-05 0.0549323 9.9919E-05 0.0466358
0.0335597 0.00362214 9.99369E-05 9.99369E-05 9.99369E-05 0.452975 9.99369E-05 0.00186806 9.99369E-05 9.99369E-05 0.0563991 9.99369E-05 0.0951588 0.00620646 0.337867 0.0116438
0.206097 9.99098E-05 9.99098E-05 9.99098E-05 0.0488493 0.151979 9.99098E-05 0.0496762 9.99098E-05 9.99098E-05 0.0708436 9.99098E-05 0.471555 9.99098E-05 9.99098E-05 9.99098E-05
0.0213319 9.99098E-05 9.99098E-05 9.99098E-05 9.99098E-05 0.318741 9.99098E-05 9.99098E-05 9.99098E-05 0.231161 0.0164387 9.99098E-05 0.0815275 9.99098E-05 0.3298 9.99098E-05
0.0343885 0.029195 9.99099E-05 9.99099E-05 9.99099E-05 0.719457 9.99099E-05 9.99099E-05 9.99099E-05 0.0329231 0.0190148 9.99099E-05 9.99099E-05 9.99099E-05 0.164023 9.99099E-05
0.0936933 9.99188E-05 9.99188E-05 9.99188E-05 9.99188E-05 0.275038 0.0105058 9.99188E-05 9.99188E-05 9.99188E-05 9.99188E-05 9.99188E-05 0.0435524 0.454785 0.0636816 0.0578452
0.0221908 9.99189E-05 0.00910797 9.99189E-05 9.99189E-05 0.41814 9.99189E-05 9.99189E-05 9.99189E-05 9.99189E-05 0.0257634 9.99189E-05 0.0685231 0.125564 0.329811 9.99189E-05
0.445499 0.00491423 9.9937E-05 9.9937E-05 0.000121098 0.130267 9.9937E-05 0.0391057 0.016546 9.9937E-05 0.0267329 9.9937E-05 0.319052 9.9937E-05 9.9937E-05 0.0170631
0.372715 0.189321 9.9901E-05 9.9901E-05 9.9901E-05 9.9901E-05 9.9901E-05 9.9901E-05 0.345061 0.0083317 9.9901E-05 9.9901E-05 0.0834723 9.9901E-05 9.9901E-05 9.9901E-05
0.00599189 9.99459E-05 0.0606094 0.0356743 0.0722865 0.448276 0.0312967 0.0040876 9.99459E-05 9.99459E-05 0.0514828 9.99459E-05 0.26914 9.99459E-05 0.0205554 9.99459E-05
0.728842 9.99099E-05 0.0958394 9.99099E-05 0.00982672 0.0574009 9.99099E-05 9.99099E-05 9.99099E-05 9.99099E-05 0.000789372 9.99099E-05 0.106302 9.99099E-05 9.99099E-05 9.99099E-05
0.216977 9.9919E-05 0.0172507 9.9919E-05 0.109159 9.9919E-05 9.9919E-05 0.0657698 9.9919E-05 9.9919E-05 0.164161 9.9919E-05 0.41947 0.00631329 9.9919E-05 9.9919E-05
9.99009E-05 9.99009E-05 0.049964 9.99009E-05 0.118524 0.278726 9.99009E-05 9.99009E-05 9.99009E-05 0.0403338 9.99009E-05 9.99009E-05 0.511353 9.99009E-05 9.99009E-05 9.99009E-05
0.306315 9.99099E-05 0.0295468 9.99099E-05 9.99099E-05 9.99099E-05 9.99099E-05 0.0402104 0.155919 9.99099E-05 9.99099E-05 0.00732138 0.459688 9.99099E-05 9.99099E-05 9.99099E-05
0.275855 0.0358598 0.114604 9.99099E-05 9.99099E-05 0.256702 9.99099E-05 9.99099E-05 9.99099E-05 9.99099E-05 9.99099E-05 0.0329423 0.283037 9.99099E-05 9.99099E-05 9.99099E-05
9.99099E-05 9.99099E-05 9.99099E-05 9.99099E-05 9.99099E-05 0.135733 9.99099E-05 0.364285 9.99099E-05 9.99099E-05 9.99099E-05 0.0811596 0.0395621 9.99099E-05 0.31992 0.0583414
0.310584 9.99188E-05 9.99188E-05 0.0653094 0.0437181 0.0583052 9.99188E-05 0.046584 9.99188E-05 0.126069 9.99188E-05 9.99188E-05 0.348531 9.99188E-05 9.99188E-05 9.99188E-05
0.316699 9.99098E-05 0.129323 9.99098E-05 9.99098E-05 0.340289 0.021094 9.99098E-05 9.99098E-05 9.99098E-05 0.0276506 9.99098E-05 0.163945 9.99098E-05 9.99098E-05 9.99098E-05
9.98919E-05 9.98919E-05 9.98919E-05 9.98919E-05 9.98919E-05 0.349482 9.98919E-05 9.98919E-05 9.98919E-05 0.489387 9.98919E-05 9.98919E-05 0.0815574 9.98919E-05 0.078375 9.98919E-05
9.9946E-05 9.9946E-05 0.00685733 9.9946E-05 0.0441308 0.464527 0.103009 9.9946E-05 9.9946E-05 0.0432355 0.0208464 0.00929132 0.293851 0.00138553 0.0122671 9.9946E-05
0.711368 0.0629269 9.9928E-05 0.0183965 9.9928E-05 0.0147914 0.020922 9.9928E-05 9.9928E-05 0.0620194 9.9928E-05 9.9928E-05 0.102497 0.00627943 9.9928E-05 9.9928E-05
0.180951 9.99099E-05 0.0957764 0.0226419 0.0435138 9.99099E-05 9.99099E-05 9.99099E-05 9.99099E-05 9.99099E-05 9.99099E-05 9.99099E-05 0.638075 9.99099E-05 0.0180427 9.99099E-05
0.467128 0.12631 9.99009E-05 9.99009E-05 9.99009E-05 9.99009E-05 9.99009E-05 0.037204 0.204316 9.99009E-05 9.99009E-05 9.99009E-05 0.163943 9.99009E-05 9.99009E-05 9.99009E-05
9.98918E-05 9.98918E-05 9.98918E-05 9.98918E-05 9.98918E-05 0.455368 0.0559258 9.98918E-05 9.98918E-05 9.98918E-05 9.98918E-05 9.98918E-05 0.17624 9.98918E-05 0.311268 9.98918E-05
9.9928E-05 9.9928E-05 9.9928E-05 0.0246885 0.0777379 0.281297 0.0604768 0.0617303 9.9928E-05 0.00722626 0.0145167 9.9928E-05 0.471527 9.9928E-05 9.9928E-05 9.9928E-05
0.516636 0.0064259 0.0311678 9.99189E-05 9.99189E-05 9.99189E-05 9.99189E-05 0.0270036 0.165848 9.99189E-05 9.99189E-05 0.0229579 0.229062 9.99189E-05 9.99189E-05 9.99189E-05
9.9919E-05 9.9919E-05 0.0201052 0.0754307 9.9919E-05 0.266691 9.9919E-05 0.335204 9.9919E-05 0.00408699 9.9919E-05 9.9919E-05 9.9919E-05 0.00488337 0.2927 9.9919E-05
9.98829E-05 9.98829E-05 9.98829E-05 9.98829E-05 9.98829E-05 0.0362615 9.98829E-05 0.528076 9.98829E-05 0.434364 9.98829E-05 9.98829E-05 9.98829E-05 9.98829E-05 9.98829E-05 9.98829E-05
9.99369E-05 0.244967 0.0440319 9.99369E-05 0.0305048 9.99369E-05 9.99369E-05 0.0281619 0.0863293 9.99369E-05 0.0493059 0.108501 0.382154 9.99369E-05 9.99369E-05 0.0253448
9.98917E-05 0.20762 0.0695989 9.98917E-05 9.98917E-05 9.98917E-05 0.0136501 0.707933 9.98917E-05 9.98917E-05 9.98917E-05 9.98917E-05 9.98917E-05 9.98917E-05 9.98917E-05 9.98917E-05
0.0253859 9.99099E-05 9.99099E-05 9.99099E-05 0.0640818 0.210767 9.99099E-05 0.262423 9.99099E-05 0.406371 9.99099E-05 9.99099E-05 9.99099E-05 9.99099E-05 9.99099E-05 0.0299721
9.99008E-05 9.99008E-05 9.99008E-05 9.99008E-05 0.0117083 0.193577 9.99008E-05 0.412997 9.99008E-05 9.99008E-05 9.99008E-05 9.99008E-05 9.99008E-05 0.0566486 0.323971 9.99008E-05
9.99189E-05 9.99189E-05 9.99189E-05 0.0316581 0.00515175 0.179116 9.99189E-05 0.268961 9.99189E-05 0.019961 0.0956925 9.99189E-05 9.99189E-05 9.99189E-05 0.398561 9.99189E-05
9.98829E-05 0.616103 9.98829E-05 9.98829E-05 9.98829E-05 9.98829E-05 9.98829E-05 0.240007 0.142591 9.98829E-05 9.98829E-05 9.98829E-05 9.98829E-05 9.98829E-05 9.98829E-05 9.98829E-05
0.047001 0.00802421 9.99189E-05 9.99189E-05 0.0146706 9.99189E-05 9.99189E-05 0.4831 0.0347132 9.99189E-05 9.99189E-05 0.0277537 0.383838 9.99189E-05 9.99189E-05 9.99189E-05
9.99188E-05 9.99188E-05 0.224471 0.0361443 0.0163288 0.0474421 0.312437 0.261193 9.99188E-05 0.101085 9.99188E-05 9.99188E-05 9.99188E-05 9.99188E-05 9.99188E-05 9.99188E-05
9.99008E-05 9.99008E-05 0.0241593 9.99008E-05 9.99008E-05 0.138474 9.99008E-05 0.33637 9.99008E-05 0.112152 9.99008E-05 9.99008E-05 9.99008E-05 9.99008E-05 0.387746 9.99008E-05
0.015656 0.461793 0.0365101 9.99279E-05 9.99279E-05 9.99279E-05 0.0704708 0.167096 0.110095 9.99279E-05 9.99279E-05 0.0556529 0.0819268 9.99279E-05 9.99279E-05 9.99279E-05
9.99189E-05 0.00173595 9.99189E-05 9.99189E-05 0.00907932 0.100641 9.99189E-05 0.197305 0.0366427 9.99189E-05 9.99189E-05 9.99189E-05 0.581111 9.99189E-05 9.99189E-05 0.0725858
0.189631 9.99098E-05 9.99098E-05 9.99098E-05 0.0142654 0.0267858 9.99098E-05 0.406103 9.99098E-05 9.99098E-05 0.0254772 9.99098E-05 0.336738 9.99098E-05 9.99098E-05 9.99098E-05
9.99098E-05 9.99098E-05 0.033375 9.99098E-05 9.99098E-05 9.99098E-05 0.667863 0.224943 0.026805 9.99098E-05 0.0453004 9.99098E-05 9.99098E-05 9.99098E-05 0.000713837 9.99098E-05
0.162011 9.99189E-05 0.199854 9.99189E-05 9.99189E-05 9.99189E-05 0.0468261 9.99189E-05 0.0419704 9.99189E-05 9.99189E-05 0.036131 0.496982 9.99189E-05 0.015326 9.99189E-05
9.99278E-05 9.99278E-05 0.0309181 0.0647519 0.00683227 0.31673 0.0735936 0.0513234 9.99278E-05 0.179921 9.99278E-05 9.99278E-05 0.27513 9.99278E-05 9.99278E-05 9.99278E-05
9.99368E-05 9.99368E-05 9.99368E-05 0.00607692 0.0065844 0.0647768 0.255885 0.223496 9.99368E-05 0.0930225 0.0239915 9.99368E-05 0.305473 9.99368E-05 0.0199946 9.99368E-05
9.9919E-05 9.9919E-05 9.9919E-05 0.0248044 9.9919E-05 0.0371949 9.9919E-05 0.236554 0.0201134 0.14669 9.9919E-05 9.9919E-05 9.9919E-05 9.9919E-05 0.514648 0.0190951
0.289757 9.99278E-05 9.99278E-05 0.00515031 9.99278E-05 9.99278E-05 0.0135508 0.388373 0.0958284 9.99278E-05 9.99278E-05 0.131909 0.0593002 9.99278E-05 9.99278E-05 0.0153326
0.00930646 9.99278E-05 9.99278E-05 0.0240104 0.00300984 0.332958 0.0220787 0.339931 9.99278E-05 0.0355094 9.99278E-05 9.99278E-05 9.99278E-05 9.99278E-05 0.232396 9.99278E-05
9.99008E-05 9.99008E-05 9.99008E-05 9.99008E-05 9.99008E-05 0.158962 9.99008E-05 0.276719 9.99008E-05 9.99008E-05 9.99008E-05 9.99008E-05 0.0241103 0.374346 0.164763 9.99008E-05
0.527312 9.99009E-05 9.99009E-05 9.99009E-05 9.99009E-05 9.99009E-05 9.99009E-05 0.113067 0.246025 9.99009E-05 9.99009E-05 9.99009E-05 0.107601 9.99009E-05 0.00489677 9.99009E-05
0.038223 9.99099E-05 9.99099E-05 9.99099E-05 0.0496779 0.112212 9.99099E-05 9.99099E-05 0.0809252 0.198111 9.99099E-05 9.99099E-05 0.519853 9.99099E-05 9.99099E-05 9.99099E-05
0.262775 9.99009E-05 0.00866794 9.99009E-05 9.99009E-05 9.99009E-05 9.99009E-05 0.279656 9.99009E-05 9.99009E-05 9.99009E-05 0.0654739 0.382329 9.99009E-05 9.99009E-05 9.99009E-05
9.9937E-05 9.9937E-05 9.9937E-05 0.0169818 0.00307605 0.715648 9.9937E-05 0.106571 9.9937E-05 0.0809185 0.00352393 9.9937E-05 9.9937E-05 0.0217217 0.00899629 0.0418636
9.9937E-05 9.9937E-05 9.9937E-05 9.9937E-05 0.0345453 0.302826 9.9937E-05 0.0152093 0.0103084 0.0178759 9.9937E-05 0.195195 0.0203505 0.345101 9.9937E-05 0.0578897
9.99046E-05 9.99046E-05 9.99046E-05 0.1279 9.99046E-05 0.472798 9.99046E-05 0.0989382 9.99046E-05 9.99046E-05 9.99046E-05 9.99046E-05 0.141501 9.99046E-05 0.157764 9.99046E-05
0.64086 0.00446812 9.99098E-05 9.99098E-05 9.99098E-05 9.99098E-05 0.0287314 0.244541 0.0476893 9.99098E-05 9.99098E-05 9.99098E-05 0.0327113 9.99098E-05 9.99098E-05 9.99098E-05
9.99099E-05 9.99099E-05 9.99099E-05 0.0363177 0.0645377 0.595363 9.99099E-05 9.99099E-05 0.0695956 9.99099E-05 9.99099E-05 9.99099E-05 0.163756 9.99099E-05 0.0694309 9.99099E-05
9.99189E-05 9.99189E-05 0.0709536 0.0277219 0.0279729 0.733501 9.99189E-05 0.0766517 0.0365897 9.99189E-05 9.99189E-05 9.99189E-05 9.99189E-05 9.99189E-05 9.99189E-05 0.0257096
0.00180835 9.9928E-05 0.0605834 0.00907758 9.9928E-05 0.646096 9.9928E-05 0.0625348 0.0191795 0.191944 9.9928E-05 9.9928E-05 9.9928E-05 0.00797692 9.9928E-05 9.9928E-05
0.722198 9.99189E-05 0.0982737 9.99189E-05 9.99189E-05 9.99189E-05 0.0414413 9.99189E-05 0.0238562 0.0155159 9.99189E-05 9.99189E-05 0.0870785 9.99189E-05 0.0107368 9.99189E-05
0.0855932 9.99098E-05 0.0406218 9.99098E-05 9.99098E-05 0.239668 9.99098E-05 0.178705 9.99098E-05 9.99098E-05 9.99098E-05 0.0345644 0.419849 9.99098E-05 9.99098E-05 9.99098E-05
0.057337 9.9937E-05 9.9937E-05 9.9937E-05 0.0333768 0.293304 9.9937E-05 9.9937E-05 0.0395435 0.398779 9.9937E-05 9.9937E-05 0.0164145 0.0369525 0.0970381 0.0265548
0.190983 9.9928E-05 0.0630046 9.9928E-05 9.9928E-05 0.173022 9.9928E-05 0.104387 0.178454 9.9928E-05 9.9928E-05 0.0762032 0.162235 0.0509128 9.9928E-05 9.9928E-05
