9.9955E-05 9.9955E-05 0.0672931 0.115511 9.9955E-05 9.9955E-05 9.9955E-05 0.235058 0.581638
0.00850025 0.00708683 0.03839 0.00513005 9.9973E-05 9.9973E-05 9.9973E-05 0.406393 0.534199
0.646317 0.0133376 0.00508983 0.0137112 0.0549175 0.0191551 9.9982E-05 9.9982E-05 0.247271
9.9982E-05 9.9982E-05 0.00964619 0.0333208 0.0792801 0.253399 0.0176508 0.347964 0.25854
9.99639E-05 0.0244768 0.232222 9.99639E-05 0.0902229 0.206123 9.99639E-05 0.446555 9.99639E-05
0.0954505 0.0743466 0.0536029 9.996E-05 0.326261 9.996E-05 9.996E-05 9.996E-05 0.449939
0.464264 9.99459E-05 9.99459E-05 9.99459E-05 9.99459E-05 9.99459E-05 0.108298 9.99459E-05 0.426838
0.242915 0.0812478 9.9964E-05 9.9964E-05 0.17123 9.9964E-05 9.9964E-05 0.0612039 0.443003
9.997E-05 0.0267084 9.997E-05 0.0167575 0.0768102 0.157392 9.997E-05 0.274816 0.447216
0.324127 9.99549E-05 9.99549E-05 0.0510841 0.386737 9.99549E-05 0.237552 9.99549E-05 9.99549E-05
9.9982E-05 9.9982E-05 0.0566706 0.0289789 0.0844254 0.030114 0.00336982 0.538575 0.257666
9.99549E-05 9.99549E-05 9.99549E-05 9.99549E-05 0.237462 0.142853 9.99549E-05 0.557708 0.0614766
0.102261 0.0581971 0.227598 0.00420891 9.9991E-05 0.263754 0.0752917 0.0345808 0.234008
0.332285 9.99459E-05 9.99459E-05 9.99459E-05 0.179249 9.99459E-05 9.99459E-05 9.99459E-05 0.487867
9.9955E-05 9.9955E-05 9.9955E-05 9.9955E-05 0.070663 9.9955E-05 0.0334462 0.846905 0.0484864
0.364109 0.0360336 9.99729E-05 0.0193747 0.072986 9.99729E-05 0.34134 9.99729E-05 0.165857
0.375216 9.99549E-05 9.99549E-05 9.99549E-05 9.99549E-05 0.00698952 0.0564627 9.99549E-05 0.560832
0.451831 9.99549E-05 0.0107864 9.99549E-05 9.99549E-05 9.99549E-05 9.99549E-05 0.0383133 0.49857
0.0942185 9.9973E-05 0.00882728 9.9973E-05 0.0441273 0.320543 9.9973E-05 0.215438 0.316546
9.9955E-05 9.9955E-05 0.0405041 0.843291 9.9955E-05 9.9955E-05 0.00786869 0.107836 9.9955E-05
9.9937E-05 9.9937E-05 9.9937E-05 0.83052 9.9937E-05 0.16878 9.9937E-05 9.9937E-05 9.9937E-05
9.99459E-05 9.99459E-05 0.0517177 0.896396 9.99459E-05 9.99459E-05 9.99459E-05 9.99459E-05 0.0512865
9.99369E-05 9.99369E-05 9.99369E-05 0.635775 9.99369E-05 0.363525 9.99369E-05 9.99369E-05 9.99369E-05
9.99459E-05 9.99459E-05 9.99459E-05 0.732526 9.99459E-05 0.0922718 9.99459E-05 0.174602 9.99459E-05
0.251736 0.172619 9.99639E-05 0.492833 0.00678044 9.99639E-05 9.99639E-05 9.99639E-05 0.0756319
9.99549E-05 0.133159 9.99549E-05 0.427068 0.0348619 9.99549E-05 9.99549E-05 0.404411 9.99549E-05
0.0327632 0.223357 9.9955E-05 0.248299 9.9955E-05 9.9955E-05 0.495081 9.9955E-05 9.9955E-05
9.9973E-05 0.114907 0.156606 0.370038 9.9973E-05 0.103021 0.00152546 0.253603 9.9973E-05
9.99549E-05 9.99549E-05 0.0547566 0.864021 9.99549E-05 9.99549E-05 0.0418937 9.99549E-05 0.038829
9.99369E-05 9.99369E-05 9.99369E-05 0.842443 9.99369E-05 0.156858 9.99369E-05 9.99369E-05 9.99369E-05
0.110164 9.99551E-05 9.99551E-05 0.582913 9.99551E-05 0.140095 0.166327 9.99551E-05 9.99551E-05
0.00359915 0.449663 0.0904793 0.258409 0.0200763 9.9982E-05 0.0601768 9.9982E-05 0.117396
0.181095 9.99459E-05 9.99459E-05 0.594523 9.99459E-05 9.99459E-05 0.223783 9.99459E-05 9.99459E-05
0.175713 9.99459E-05 9.99459E-05 0.693905 9.99459E-05 9.99459E-05 9.99459E-05 9.99459E-05 0.129782
9.99459E-05 9.99459E-05 9.99459E-05 0.828914 0.0174562 0.15303 9.99459E-05 9.99459E-05 9.99459E-05
9.99459E-05 9.99459E-05 9.99459E-05 0.760527 9.99459E-05 0.0435468 9.99459E-05 0.195326 9.99459E-05
9.9946E-05 9.9946E-05 9.9946E-05 0.731351 9.9946E-05 9.9946E-05 0.0836279 0.184421 9.9946E-05
9.99369E-05 9.99369E-05 9.99369E-05 0.656838 9.99369E-05 0.342462 9.99369E-05 9.99369E-05 9.99369E-05
9.99549E-05 0.833953 9.99549E-05 9.99549E-05 9.99549E-05 0.0154953 9.99549E-05 0.00667737 0.143374
9.9946E-05 0.662508 0.0553053 9.9946E-05 9.9946E-05 9.9946E-05 0.281587 9.9946E-05 9.9946E-05
0.184619 0.400552 9.995E-05 0.0797447 9.995E-05 9.995E-05 0.334585 9.995E-05 9.995E-05
9.9964E-05 0.529941 0.0125375 0.00720361 9.9964E-05 0.344291 0.105627 9.9964E-05 9.9964E-05
9.99549E-05 0.561832 9.99549E-05 0.287857 9.99549E-05 9.99549E-05 0.025891 9.99549E-05 0.12392
0.228652 0.550681 9.9964E-05 0.0922528 0.0418974 9.9964E-05 0.0861167 9.9964E-05 9.9964E-05
9.995E-05 0.280185 9.995E-05 0.117263 9.995E-05 0.157067 9.995E-05 0.444985 9.995E-05
9.99369E-05 0.552403 9.99369E-05 9.99369E-05 9.99369E-05 9.99369E-05 9.99369E-05 0.446897 9.99369E-05
0.247224 0.386544 9.99549E-05 0.181618 9.99549E-05 9.99549E-05 0.184113 9.99549E-05 9.99549E-05
9.99639E-05 0.813762 0.0249629 9.99639E-05 0.0275953 9.99639E-05 9.99639E-05 0.0244799 0.1088
9.9937E-05 0.353098 9.9937E-05 9.9937E-05 9.9937E-05 9.9937E-05 0.646202 9.9937E-05 9.9937E-05
9.9955E-05 0.700493 9.9955E-05 9.9955E-05 9.9955E-05 0.0730102 9.9955E-05 0.204939 0.0210589
9.9946E-05 0.698943 0.0209925 9.9946E-05 9.9946E-05 9.9946E-05 0.279465 9.9946E-05 9.9946E-05
9.9973E-05 0.514579 0.116787 0.0651448 0.0309225 0.26305 0.00921703 9.9973E-05 9.9973E-05
9.99549E-05 0.389406 9.99549E-05 0.15942 0.0333986 9.99549E-05 9.99549E-05 0.417275 9.99549E-05
0.0168254 0.509764 9.9973E-05 0.0184188 0.0242749 9.9973E-05 9.9973E-05 0.429992 0.000425743
9.9964E-05 0.35964 9.9964E-05 0.0829511 9.9964E-05 0.394016 0.00733432 0.155659 9.9964E-05
0.0242594 0.0380524 9.9964E-05 0.464742 9.9964E-05 0.448005 9.9964E-05 0.024541 9.9964E-05
0.0413098 0.773493 0.0367531 9.99639E-05 9.99639E-05 9.99639E-05 0.109005 9.99639E-05 0.0390394
9.9973E-05 0.599142 0.0452932 0.0808373 0.00866795 0.117229 0.148531 9.9973E-05 9.9973E-05
9.99459E-05 0.698833 0.0334669 9.99459E-05 9.99459E-05 9.99459E-05 0.267101 9.99459E-05 9.99459E-05
9.99459E-05 0.742227 9.99459E-05 9.99459E-05 9.99459E-05 0.0734745 9.99459E-05 0.183698 9.99459E-05
9.99549E-05 0.680853 9.99549E-05 0.0515592 9.99549E-05 9.99549E-05 9.99549E-05 0.208022 0.0590666
9.99369E-05 0.670329 9.99369E-05 9.99369E-05 9.99369E-05 9.99369E-05 9.99369E-05 0.328971 9.99369E-05
0.12964 0.523346 0.134594 0.0690739 9.9973E-05 9.9973E-05 0.0950174 9.9973E-05 0.0480288
9.99459E-05 0.511172 9.99459E-05 0.0252795 9.99459E-05 0.462949 9.99459E-05 9.99459E-05 9.99459E-05
0.550011 0.449289 9.99369E-05 9.99369E-05 9.99369E-05 9.99369E-05 9.99369E-05 9.99369E-05 9.99369E-05
9.99639E-05 0.330912 9.99639E-05 0.194564 0.0335531 9.99639E-05 9.99639E-05 0.307022 0.133549
9.9946E-05 0.606731 9.9946E-05 9.9946E-05 9.9946E-05 0.151854 9.9946E-05 0.240815 9.9946E-05
9.9946E-05 0.561426 9.9946E-05 9.9946E-05 9.9946E-05 0.0175119 9.9946E-05 0.420462 9.9946E-05
0.0561199 0.393732 9.99729E-05 0.229722 0.00282419 9.99729E-05 9.99729E-05 0.200681 0.116621
9.99639E-05 0.347742 0.00402212 0.373843 0.0616962 9.99639E-05 9.99639E-05 9.99639E-05 0.212296
9.99549E-05 0.288515 0.0309784 0.275347 9.99549E-05 9.99549E-05 0.40466 9.99549E-05 9.99549E-05
0.419897 0.479225 9.99459E-05 9.99459E-05 9.99459E-05 9.99459E-05 0.100278 9.99459E-05 9.99459E-05
9.9946E-05 9.9946E-05 9.9946E-05 0.667802 9.9946E-05 0.244443 9.9946E-05 0.0871553 9.9946E-05
0.198543 0.641002 9.99458E-05 9.99458E-05 9.99458E-05 9.99458E-05 0.159856 9.99458E-05 9.99458E-05
9.99549E-05 0.608805 9.99549E-05 0.0581899 0.00197365 9.99549E-05 9.99549E-05 0.330531 9.99549E-05
9.9964E-05 0.23451 9.9964E-05 0.272242 0.0371179 0.0894086 9.9964E-05 0.366322 9.9964E-05
0.154318 9.99458E-05 9.99458E-05 0.747671 9.99458E-05 9.99458E-05 0.0974117 9.99458E-05 9.99458E-05
0.273625 0.186891 9.9955E-05 0.212172 9.9955E-05 9.9955E-05 0.326812 9.9955E-05 9.9955E-05
0.178358 0.0273765 9.99639E-05 0.754592 9.99639E-05 9.99639E-05 0.0300457 9.99639E-05 0.00922723
9.99639E-05 0.323268 0.118653 0.418838 0.0415438 9.99639E-05 9.99639E-05 9.99639E-05 0.0972977
9.9955E-05 0.277143 0.0457297 0.170445 9.9955E-05 9.9955E-05 0.506183 9.9955E-05 9.9955E-05
9.99459E-05 0.45309 9.99459E-05 0.20659 9.99459E-05 0.339721 9.99459E-05 9.99459E-05 9.99459E-05
9.99549E-05 0.730618 0.0170919 9.99549E-05 9.99549E-05 0.216535 0.0352554 9.99549E-05 9.99549E-05
9.9955E-05 0.474536 9.9955E-05 0.124062 9.9955E-05 0.305313 0.0955897 9.9955E-05 9.9955E-05
0.18285 0.635809 9.99459E-05 9.99459E-05 9.99459E-05 9.99459E-05 0.180742 9.99459E-05 9.99459E-05
9.9964E-05 0.616246 0.131699 0.106115 9.9964E-05 0.0135377 9.9964E-05 0.132003 9.9964E-05
9.99459E-05 0.576171 9.99459E-05 9.99459E-05 9.99459E-05 0.193248 9.99459E-05 0.229981 9.99459E-05
0.265793 0.186008 9.99639E-05 0.391144 0.0161292 9.99639E-05 9.99639E-05 9.99639E-05 0.140526
0.510218 0.489083 9.99369E-05 9.99369E-05 9.99369E-05 9.99369E-05 9.99369E-05 9.99369E-05 9.99369E-05
9.9955E-05 0.180181 9.9955E-05 0.414918 9.9955E-05 9.9955E-05 9.9955E-05 0.265581 0.13882
0.447059 0.552241 9.99368E-05 9.99368E-05 9.99368E-05 9.99368E-05 9.99368E-05 9.99368E-05 9.99368E-05
0.489965 0.458265 9.99459E-05 0.0511697 9.99459E-05 9.99459E-05 9.99459E-05 9.99459E-05 9.99459E-05
9.9955E-05 0.309118 9.9955E-05 0.163898 9.9955E-05 0.0231923 9.9955E-05 0.503292 9.9955E-05
0.186176 0.628461 9.99549E-05 9.99549E-05 9.99549E-05 0.0081095 9.99549E-05 9.99549E-05 0.176755
0.160823 0.456994 9.9964E-05 0.151123 0.0148359 9.9964E-05 9.9964E-05 9.9964E-05 0.215824
0.0586893 0.00655673 0.568995 9.99549E-05 9.99549E-05 9.99549E-05 0.365259 9.99549E-05 9.99549E-05
0.0955017 0.0778588 0.616909 0.0355636 9.9964E-05 9.9964E-05 0.173767 9.9964E-05 9.9964E-05
0.00467108 0.0044084 0.780186 9.9964E-05 9.9964E-05 0.176919 0.0334151 9.9964E-05 9.9964E-05
0.0904902 9.9955E-05 0.513072 9.9955E-05 0.00999088 9.9955E-05 9.9955E-05 0.385948 9.9955E-05
0.0980427 9.99549E-05 0.554342 9.99549E-05 0.0299348 9.99549E-05 0.317181 9.99549E-05 9.99549E-05
9.99639E-05 9.99639E-05 0.180003 0.00951968 9.99639E-05 0.073608 9.99639E-05 0.125275 0.611195
0.610676 9.99368E-05 0.388624 9.99368E-05 9.99368E-05 9.99368E-05 9.99368E-05 9.99368E-05 9.99368E-05
0.0465986 9.99459E-05 0.683642 9.99459E-05 9.99459E-05 9.99459E-05 0.269159 9.99459E-05 9.99459E-05
0.101565 9.9973E-05 0.664515 0.0503998 0.0593973 9.9973E-05 0.00587432 9.9973E-05 0.11795
9.9955E-05 9.9955E-05 0.593771 0.0546358 9.9955E-05 0.0440756 9.9955E-05 0.307017 9.9955E-05
9.9946E-05 9.9946E-05 0.281613 9.9946E-05 0.120488 9.9946E-05 0.597299 9.9946E-05 9.9946E-05
0.0911039 9.99549E-05 0.460355 9.99549E-05 0.0497734 9.99549E-05 9.99549E-05 0.398268 9.99549E-05
0.125364 9.99549E-05 0.696752 9.99549E-05 9.99549E-05 9.99549E-05 0.140612 9.99549E-05 0.0367719
9.99549E-05 0.0531633 0.510517 9.99549E-05 9.99549E-05 9.99549E-05 9.99549E-05 0.0964804 0.33934
9.99639E-05 9.99639E-05 0.646353 0.061467 0.07909 9.99639E-05 0.0772961 9.99639E-05 0.135394
0.299732 9.996E-05 0.256398 0.0347202 9.996E-05 9.996E-05 0.0787694 9.996E-05 0.32998
9.99549E-05 0.0322364 0.432474 9.99549E-05 9.99549E-05 0.109418 9.99549E-05 0.425372 9.99549E-05
0.0484127 9.99459E-05 0.36715 9.99459E-05 9.99459E-05 0.583837 9.99459E-05 9.99459E-05 9.99459E-05
0.0496614 0.119134 0.595231 0.0795255 0.0888036 9.9982E-05 0.0329138 9.9982E-05 0.0345312
0.328867 9.99549E-05 0.617242 9.99549E-05 9.99549E-05 9.99549E-05 0.0183514 9.99549E-05 0.0350398
9.9964E-05 9.9964E-05 0.77075 0.0565176 0.082608 9.9964E-05 9.9964E-05 0.0811426 0.00858189
9.99369E-05 9.99369E-05 0.662237 9.99369E-05 9.99369E-05 0.337064 9.99369E-05 9.99369E-05 9.99369E-05
9.997E-05 9.997E-05 0.0924245 0.0350623 0.0739083 0.0815036 9.997E-05 0.396233 0.320568
0.331551 9.99369E-05 9.99369E-05 9.99369E-05 0.667749 9.99369E-05 9.99369E-05 9.99369E-05 9.99369E-05
0.0235422 0.0353184 9.9973E-05 9.9973E-05 9.9973E-05 0.611239 0.0379606 0.00449283 0.287147
9.99549E-05 9.99549E-05 9.99549E-05 0.0310102 0.0436543 9.99549E-05 0.220202 9.99549E-05 0.704633
0.0447654 9.994E-05 9.994E-05 9.994E-05 0.505604 9.994E-05 0.449031 9.994E-05 9.994E-05
9.99639E-05 9.99639E-05 9.99639E-05 9.99639E-05 0.0227055 0.221192 0.00210693 0.439441 0.314155
9.99639E-05 9.99639E-05 9.99639E-05 0.0245383 0.724772 0.0151617 0.0389432 0.196185 9.99639E-05
0.0633174 0.124977 0.0562285 9.9982E-05 0.013501 0.0455455 9.9982E-05 0.00571087 0.690519
9.99369E-05 9.99369E-05 9.99369E-05 9.99369E-05 0.714225 0.285076 9.99369E-05 9.99369E-05 9.99369E-05
0.493484 9.9964E-05 9.9964E-05 9.9964E-05 0.228193 0.0241431 0.205038 9.9964E-05 0.0487422
9.997E-05 0.0286791 0.0568606 9.997E-05 0.20963 0.0841228 9.997E-05 0.488317 0.13209
9.99369E-05 9.99369E-05 9.99369E-05 9.99369E-05 0.558624 0.440677 9.99369E-05 9.99369E-05 9.99369E-05
0.20162 9.99459E-05 9.99459E-05 9.99459E-05 0.390983 9.99459E-05 0.406797 9.99459E-05 9.99459E-05
9.99639E-05 9.99639E-05 0.00632041 9.99639E-05 9.99639E-05 0.132831 0.00807254 0.675027 0.17735
9.99459E-05 9.99459E-05 9.99459E-05 9.99459E-05 0.540417 0.283673 9.99459E-05 0.17531 9.99459E-05
0.0611052 9.99549E-05 9.99549E-05 9.99549E-05 9.99549E-05 0.389796 9.99549E-05 0.209149 0.33945
0.0520761 9.994E-05 9.994E-05 9.994E-05 0.477677 9.994E-05 0.469647 9.994E-05 9.994E-05
9.99549E-05 9.99549E-05 9.99549E-05 9.99549E-05 0.317854 0.424163 9.99549E-05 0.175838 0.0816448
9.9955E-05 0.0055485 0.119263 9.9955E-05 9.9955E-05 9.9955E-05 9.9955E-05 0.604989 0.2697
0.13484 9.99639E-05 9.99639E-05 0.0283712 0.116372 9.99639E-05 9.99639E-05 0.0107423 0.709275
9.9982E-05 0.00448013 0.0900295 0.0696911 9.9982E-05 0.415827 0.138601 0.0286949 0.252477
9.9964E-05 9.9964E-05 9.9964E-05 0.0531583 0.0829529 0.460865 0.0491867 9.9964E-05 0.353437
0.136977 9.99549E-05 9.99549E-05 9.99549E-05 0.478305 9.99549E-05 0.36739 9.99549E-05 0.0168273
0.16001 0.0281663 9.9973E-05 0.0715246 0.156918 9.9973E-05 9.9973E-05 0.32196 0.261121
9.99459E-05 0.0196506 9.99459E-05 9.99459E-05 0.642706 9.99459E-05 9.99459E-05 9.99459E-05 0.337044
9.9973E-05 0.057135 0.161079 0.0517111 0.139795 9.9973E-05 0.289047 9.9973E-05 0.300933
0.00501222 0.0519393 0.119893 0.0121653 0.21472 0.225263 9.9991E-05 0.256316 0.114592
9.9982E-05 0.0893098 0.440446 0.00920266 0.328361 9.9982E-05 0.0331907 0.069209 0.0300814
0.107663 0.00899858 9.9973E-05 0.0502832 0.0268629 0.0669505 0.738942 9.9973E-05 9.9973E-05
0.120757 0.0267731 0.128461 0.031148 0.290147 9.998E-05 0.087241 9.998E-05 0.315272
0.242998 0.0211528 0.0882719 0.0304193 0.0911236 9.9982E-05 0.240025 9.9982E-05 0.28581
9.9973E-05 9.9973E-05 9.9973E-05 0.0784309 0.178645 0.0275282 0.288849 0.335942 0.090304
0.132405 9.995E-05 9.995E-05 9.995E-05 0.0200874 9.995E-05 0.54145 9.995E-05 0.305558
9.99459E-05 9.99459E-05 9.99459E-05 9.99459E-05 9.99459E-05 0.395206 9.99459E-05 0.293918 0.310276
0.0282042 9.99549E-05 9.99549E-05 9.99549E-05 0.0994339 9.99549E-05 0.494716 9.99549E-05 0.377146
9.9964E-05 9.9964E-05 0.0532601 9.9964E-05 0.378447 0.396962 0.153353 9.9964E-05 0.0175779
0.00889109 9.9982E-05 0.165445 9.9982E-05 0.181014 0.499641 0.0265352 0.11297 0.00530371
9.9973E-05 0.104373 0.252431 0.0432107 0.253556 9.9973E-05 9.9973E-05 0.00200245 0.344127
0.0239365 0.0741163 0.179114 9.9973E-05 0.0395393 0.034052 9.9973E-05 9.9973E-05 0.648942
9.997E-05 0.00816664 0.264917 0.0813729 0.236214 9.997E-05 0.0599174 9.997E-05 0.349113
9.99639E-05 9.99639E-05 0.165934 9.99639E-05 0.0146444 0.42491 0.145313 9.99639E-05 0.248798
0.0565141 9.9964E-05 0.0669984 9.9964E-05 9.9964E-05 9.9964E-05 0.735919 0.00854839 0.13162
0.027561 9.99549E-05 0.00755182 9.99549E-05 0.3249 9.99549E-05 0.639487 9.99549E-05 9.99549E-05
0.503228 0.0361362 9.99549E-05 9.99549E-05 0.237498 9.99549E-05 9.99549E-05 9.99549E-05 0.222638
0.0285034 0.0452436 9.997E-05 0.0193839 0.227063 9.997E-05 0.608447 9.997E-05 0.071059
9.9946E-05 9.9946E-05 0.0232815 9.9946E-05 9.9946E-05 9.9946E-05 0.848857 0.127262 9.9946E-05
0.544505 0.0870826 0.0108969 9.99639E-05 0.350891 9.99639E-05 9.99639E-05 9.99639E-05 0.00622487
0.189392 9.99549E-05 9.99549E-05 9.99549E-05 0.0716334 9.99549E-05 0.197034 9.99549E-05 0.54144
0.0132174 9.9973E-05 9.9973E-05 0.0543221 0.0669497 0.0774592 9.9973E-05 0.755088 0.032664
0.0619778 9.99639E-05 9.99639E-05 0.0144777 9.99639E-05 0.178838 9.99639E-05 0.622601 0.121706
0.419548 9.99549E-05 9.99549E-05 0.0251195 9.99549E-05 9.99549E-05 9.99549E-05 0.160799 0.394034
0.0855278 9.99549E-05 9.99549E-05 9.99549E-05 9.99549E-05 0.0444969 9.99549E-05 0.762114 0.107361
0.0570737 9.9955E-05 0.0411831 9.9955E-05 9.9955E-05 0.0965568 9.9955E-05 0.804687 9.9955E-05
0.115858 9.99729E-05 0.00736622 0.0639445 9.99729E-05 0.587654 9.99729E-05 0.1181 0.106778
0.069625 9.99549E-05 9.99549E-05 9.99549E-05 9.99549E-05 0.318606 9.99549E-05 0.51416 0.0971092
0.671348 9.9964E-05 9.9964E-05 0.0323136 9.9964E-05 9.9964E-05 0.00775181 0.132855 0.155331
0.45092 9.9946E-05 9.9946E-05 9.9946E-05 0.174526 9.9946E-05 0.373954 9.9946E-05 9.9946E-05
0.0361477 0.0683903 0.0850826 9.9964E-05 9.9964E-05 9.9964E-05 9.9964E-05 0.411705 0.398274
0.895726 9.9955E-05 0.060177 9.9955E-05 9.9955E-05 0.000264535 9.9955E-05 0.0433322 9.9955E-05
0.485676 0.0462223 9.9964E-05 0.0926568 9.9964E-05 9.9964E-05 9.9964E-05 0.0442593 0.330785
0.237845 9.99549E-05 0.0137962 9.99549E-05 9.99549E-05 9.99549E-05 9.99549E-05 0.303091 0.444769
0.622176 9.99549E-05 9.99549E-05 9.99549E-05 0.0861493 9.99549E-05 0.0679018 9.99549E-05 0.223273
0.52605 9.9973E-05 0.089317 9.9973E-05 9.9973E-05 0.00647141 0.0123138 0.182799 0.182748
0.00129116 0.064978 9.9973E-05 0.0943597 0.272339 9.9973E-05 9.9973E-05 0.334925 0.231807
0.447165 0.0374216 9.99729E-05 0.0319674 9.99729E-05 9.99729E-05 0.0195646 0.178677 0.284905
0.413263 0.00165599 0.175184 9.99639E-05 9.99639E-05 9.99639E-05 9.99639E-05 0.197583 0.211915
9.99459E-05 9.99459E-05 9.99459E-05 9.99459E-05 9.99459E-05 9.99459E-05 0.0721323 0.82207 0.105198
0.0266789 0.0275557 0.0473646 9.9973E-05 9.9973E-05 0.0358994 9.9973E-05 0.392793 0.469408
0.7401 0.0069867 9.9973E-05 9.9973E-05 9.9973E-05 0.0129406 0.15805 0.0718522 0.00977138
0.477497 0.00353367 0.0292397 9.99639E-05 9.99639E-05 0.0181948 9.99639E-05 9.99639E-05 0.471135
0.591782 9.99459E-05 9.99459E-05 9.99459E-05 0.142967 9.99459E-05 0.264651 9.99459E-05 9.99459E-05
9.99459E-05 9.99459E-05 9.99459E-05 9.99459E-05 9.99459E-05 0.0646767 9.99459E-05 0.589254 0.34547
9.9964E-05 0.0409142 9.9964E-05 0.0349966 0.032207 9.9964E-05 9.9964E-05 0.260077 0.631406
0.695344 9.99549E-05 9.99549E-05 9.99549E-05 0.0960767 9.99549E-05 0.131531 9.99549E-05 0.0765479
9.9964E-05 0.00551435 0.052366 9.9964E-05 0.289899 0.104606 9.9964E-05 0.547215 9.9964E-05
9.99549E-05 9.99549E-05 9.99549E-05 0.0276223 0.433862 9.99549E-05 0.00506179 0.532955 9.99549E-05
0.196206 0.0645606 9.997E-05 0.0870457 0.0395367 9.997E-05 0.345605 9.997E-05 0.266746
0.0328354 0.00119864 0.111079 0.0449225 0.645358 9.9982E-05 0.140949 9.9982E-05 0.0234572
0.0658766 9.9955E-05 9.9955E-05 0.10125 0.183874 9.9955E-05 9.9955E-05 0.648499 9.9955E-05
9.99459E-05 9.99459E-05 9.99459E-05 9.99459E-05 0.393209 0.190353 9.99459E-05 0.415838 9.99459E-05
9.9955E-05 0.0365878 9.9955E-05 9.9955E-05 0.285835 0.145052 9.9955E-05 0.532025 9.9955E-05
9.9946E-05 9.9946E-05 9.9946E-05 0.00395381 0.303989 9.9946E-05 0.691458 9.9946E-05 9.9946E-05
0.341387 0.0112576 9.9964E-05 0.00048593 0.399778 9.9964E-05 9.9964E-05 9.9964E-05 0.246692
9.99639E-05 0.0418406 0.365244 9.99639E-05 0.213332 9.99639E-05 9.99639E-05 0.207491 0.171692
9.99549E-05 9.99549E-05 0.0269953 9.99549E-05 0.354838 9.99549E-05 9.99549E-05 0.601637 0.0160306
0.0924309 9.9973E-05 0.0962351 0.000707604 0.262419 9.9973E-05 0.505432 9.9973E-05 0.0424751
0.173667 9.9955E-05 9.9955E-05 0.0623246 0.184192 9.9955E-05 9.9955E-05 9.9955E-05 0.579317
0.345748 0.0094919 9.99729E-05 0.0112477 0.282944 9.99729E-05 9.99729E-05 0.0613199 0.288949
9.99639E-05 9.99639E-05 0.357085 0.0161752 0.409751 9.99639E-05 9.99639E-05 0.0311764 0.185412
0.380534 9.99549E-05 0.186933 9.99549E-05 9.99549E-05 9.99549E-05 0.000276006 9.99549E-05 0.431757
0.0709166 0.0421286 0.0870731 9.996E-05 9.996E-05 9.996E-05 9.996E-05 0.494568 0.304914
9.99639E-05 0.00469161 0.0253337 9.99639E-05 0.217642 9.99639E-05 9.99639E-05 0.175335 0.576598
9.9955E-05 9.9955E-05 9.9955E-05 0.0331132 0.286762 0.188266 9.9955E-05 0.49136 9.9955E-05
0.437705 0.124972 9.99639E-05 0.0154656 0.41415 9.99639E-05 0.0073071 9.99639E-05 9.99639E-05
0.010878 0.0236563 9.99729E-05 9.99729E-05 0.280623 0.00571209 9.99729E-05 0.63134 0.0474904
0.0348062 9.99639E-05 9.99639E-05 9.99639E-05 0.201454 0.430833 9.99639E-05 0.250233 0.0822746
0.623355 9.99459E-05 9.99459E-05 9.99459E-05 0.242371 9.99459E-05 0.133675 9.99459E-05 9.99459E-05
0.273636 9.99549E-05 9.99549E-05 9.99549E-05 9.99549E-05 9.99549E-05 0.0480317 0.234459 0.443374
0.523901 0.0512333 9.9955E-05 9.9955E-05 0.151785 9.9955E-05 9.9955E-05 9.9955E-05 0.272581
0.0076934 9.9964E-05 9.9964E-05 0.0486407 0.0781406 0.0403227 9.9964E-05 0.824803 9.9964E-05
0.100674 0.192069 0.0481842 0.0648222 0.0297376 0.330195 9.9991E-05 0.21347 0.0207477
9.9964E-05 0.0852873 9.9964E-05 9.9964E-05 0.054518 0.0309603 9.9964E-05 0.603828 0.225007
0.733212 9.99459E-05 9.99459E-05 9.99459E-05 0.212558 9.99459E-05 0.0536303 9.99459E-05 9.99459E-05
0.0347544 0.0618493 9.9973E-05 9.9973E-05 0.00573382 0.0955876 9.9973E-05 0.474056 0.327719
0.0654541 0.0184244 0.109107 0.00425394 0.100316 9.9973E-05 9.9973E-05 0.702145 9.9973E-05
0.0555596 9.9964E-05 0.10952 9.9964E-05 0.0355875 0.0270415 9.9964E-05 0.771892 9.9964E-05
0.845099 9.9946E-05 0.116278 9.9946E-05 9.9946E-05 9.9946E-05 0.0380232 9.9946E-05 9.9946E-05
0.307015 9.997E-05 0.0172207 0.0130312 0.0825673 9.997E-05 9.997E-05 0.230538 0.349328
0.0726503 9.9982E-05 9.9982E-05 0.0478928 0.00522133 0.0795369 0.0897356 0.693535 0.0112283
0.445343 0.0531694 0.0462765 9.9991E-05 0.212564 0.0527682 0.0526247 0.0648934 0.0722615
0.00986393 0.00639243 0.0739896 0.00757641 0.0328137 0.0994506 9.9991E-05 0.731123 0.0386908
0.0853531 9.9964E-05 0.0359551 9.9964E-05 9.9964E-05 0.431412 0.183096 9.9964E-05 0.263784
0.374106 0.0269409 0.116106 9.9973E-05 0.146577 9.9973E-05 9.9973E-05 0.329112 0.00685748
0.751121 9.9946E-05 9.9946E-05 9.9946E-05 0.0777896 9.9946E-05 0.170489 9.9946E-05 9.9946E-05
0.0970291 0.0220724 9.9982E-05 0.0318738 0.109314 0.00346562 9.9982E-05 0.158918 0.577127
0.0449589 0.00725806 0.19796 0.046632 0.152156 9.99819E-05 0.188857 9.99819E-05 0.361977
9.9964E-05 9.9964E-05 0.0692682 0.010071 0.048301 9.9964E-05 0.674142 9.9964E-05 0.197818
0.127787 0.0625806 0.0225149 9.99639E-05 0.055567 9.99639E-05 9.99639E-05 9.99639E-05 0.731151
0.455969 9.99549E-05 0.457376 9.99549E-05 0.0509071 9.99549E-05 9.99549E-05 9.99549E-05 0.035248
0.178037 9.99639E-05 9.99639E-05 9.99639E-05 0.178177 9.99639E-05 0.0584643 0.104172 0.48075
9.99549E-05 9.99549E-05 9.99549E-05 9.99549E-05 0.0959017 0.304318 9.99549E-05 0.244066 0.355215
9.99639E-05 9.99639E-05 0.00109484 0.0261482 0.340342 9.99639E-05 0.594389 9.99639E-05 0.037626
9.9973E-05 0.0176698 9.9973E-05 0.0191851 0.350572 0.575047 0.0147367 0.0224888 9.9973E-05
9.99729E-05 0.00068293 0.359131 0.000359251 9.99729E-05 0.0608283 9.99729E-05 0.373323 0.205375
9.9973E-05 9.9973E-05 0.115892 0.0350439 9.9973E-05 0.0473588 0.254823 0.469753 0.0768295
0.00735109 9.99639E-05 0.187035 9.99639E-05 9.99639E-05 9.99639E-05 0.617862 0.00673146 0.18062
0.283102 9.996E-05 0.0927005 9.996E-05 0.0497404 9.996E-05 0.541133 9.996E-05 0.0329244
0.0982718 9.9964E-05 9.9964E-05 9.9964E-05 0.223486 0.340167 9.9964E-05 0.332994 0.00468114
0.193502 0.0758503 9.9973E-05 0.020548 9.9973E-05 0.0109042 0.00130459 9.9973E-05 0.697591
9.997E-05 0.0199866 0.264989 0.0402096 0.0672748 9.997E-05 0.0552503 9.997E-05 0.55199
0.3264 9.99549E-05 0.116895 9.99549E-05 0.00177926 9.99549E-05 0.554427 9.99549E-05 9.99549E-05
9.997E-05 9.997E-05 0.315175 0.0251118 0.12726 9.997E-05 0.176639 0.0496265 0.305888
9.998E-05 9.998E-05 0.0713743 0.0709021 0.21742 0.311134 0.0562082 0.0209971 0.251765
9.99639E-05 9.99639E-05 9.99639E-05 0.00424083 0.0195383 9.99639E-05 0.0620175 0.771416 0.142388
9.9946E-05 9.9946E-05 0.147775 9.9946E-05 9.9946E-05 9.9946E-05 9.9946E-05 0.537306 0.31432
9.99549E-05 9.99549E-05 0.302967 9.99549E-05 9.99549E-05 0.353708 0.120426 9.99549E-05 0.222399
0.855389 9.9955E-05 0.0690051 0.017214 9.9955E-05 9.9955E-05 9.9955E-05 0.0578923 9.9955E-05
0.0867429 9.9955E-05 0.118334 9.9955E-05 9.9955E-05 9.9955E-05 9.9955E-05 0.747493 0.0469302
0.735148 9.995E-05 0.10894 9.995E-05 9.995E-05 0.0507675 9.995E-05 9.995E-05 0.104644
0.333438 0.000802507 0.180927 9.9982E-05 0.0221191 0.00398736 9.9982E-05 0.0885552 0.36997
9.9973E-05 0.0166678 9.9973E-05 0.0191539 0.0498861 0.0376699 9.9973E-05 0.621231 0.255092
0.840095 9.9964E-05 9.9964E-05 0.00834716 0.00544833 9.9964E-05 0.141762 0.00394717 9.9964E-05
9.99549E-05 0.015559 0.274472 9.99549E-05 9.99549E-05 9.99549E-05 0.477511 9.99549E-05 0.231958
0.393169 9.99549E-05 9.99549E-05 9.99549E-05 0.0927991 9.99549E-05 0.0906096 9.99549E-05 0.422923
9.9973E-05 9.9973E-05 0.112384 0.0842748 0.0889883 9.9973E-05 0.237665 0.419944 0.0564445
9.99729E-05 9.99729E-05 0.0790628 0.0821277 0.22334 9.99729E-05 0.176074 0.108318 0.330777
0.0828861 9.99729E-05 9.99729E-05 0.0609602 0.137461 9.99729E-05 0.0858603 0.431741 0.200791
0.230262 9.99549E-05 9.99549E-05 9.99549E-05 9.99549E-05 0.0561586 0.65984 9.99549E-05 0.0532393
0.0175831 0.00871421 9.9973E-05 9.9973E-05 9.9973E-05 0.610126 0.0889076 0.157507 0.116862
0.117687 0.163809 0.103832 0.0622491 9.99729E-05 9.99729E-05 0.132115 9.99729E-05 0.420008
0.0476518 0.0233492 0.125836 0.0213686 0.0485417 0.0983712 0.0440547 0.507558 0.0832696
9.99639E-05 9.99639E-05 9.99639E-05 0.0343315 9.99639E-05 0.436559 0.111546 0.339258 0.0779059
9.99549E-05 9.99549E-05 9.99549E-05 0.0331037 9.99549E-05 9.99549E-05 0.212714 0.666936 0.0867461
9.99639E-05 9.99639E-05 9.99639E-05 0.0496322 0.030137 9.99639E-05 0.115357 0.70116 0.103314
9.99549E-05 0.038688 9.99549E-05 0.0441345 9.99549E-05 9.99549E-05 0.270134 0.646543 9.99549E-05
0.144822 0.063629 0.0794976 0.0920457 9.99729E-05 9.99729E-05 0.0665408 9.99729E-05 0.553165
0.530365 0.0449111 0.0556871 0.0161542 0.120061 9.997E-05 9.997E-05 9.997E-05 0.232522
0.0627686 0.0272639 9.9982E-05 0.00567563 0.168931 0.562677 0.0501006 0.122383 9.9982E-05
9.9964E-05 9.9964E-05 0.219859 9.9964E-05 0.0437664 0.01234 0.324312 0.399323 9.9964E-05
0.0201119 0.0669443 0.103191 0.0777545 0.122799 0.0348232 0.254492 9.9991E-05 0.319785
9.9946E-05 9.9946E-05 9.9946E-05 0.0413967 0.124395 9.9946E-05 0.833608 9.9946E-05 9.9946E-05
0.739915 9.9946E-05 9.9946E-05 9.9946E-05 9.9946E-05 9.9946E-05 0.198683 9.9946E-05 0.0608022
0.106527 0.0166144 9.997E-05 9.997E-05 0.0345008 9.997E-05 0.771369 0.0245588 0.0461303
