0.408587 0.10935 0.481962 9.9991E-05
0.45828 0.014496 0.527124 9.9991E-05
9.999E-05 0.0407902 0.824945 0.134165
0.765876 0.0128242 0.116854 0.104445
0.819617 0.0979623 9.9991E-05 0.0823204
0.203203 0.116561 0.599003 0.0812325
9.9982E-05 9.9982E-05 0.832099 0.167701
0.149828 0.110177 0.739894 9.9991E-05
0.593837 0.060856 0.345207 9.9991E-05
0.0531397 0.0951462 0.24125 0.610464
0.685574 9.9991E-05 0.303105 0.0112208
0.847434 9.9991E-05 0.143867 0.00859839
0.372617 0.125332 0.330566 0.171486
0.0274026 0.0333171 0.825352 0.113928
0.819183 9.9982E-05 0.180617 9.9982E-05
9.9991E-05 0.0712237 0.457807 0.470869
0.00601588 9.9991E-05 0.857382 0.136502
0.0157934 9.9982E-05 0.984007 9.9982E-05
0.581337 9.9982E-05 0.418463 9.9982E-05
0.259108 0.660246 9.9991E-05 0.0805456
0.282208 0.663304 9.9991E-05 0.0543873
0.188104 0.753306 9.9991E-05 0.05849
0.427271 0.572529 9.9982E-05 9.9982E-05
0.444088 0.555712 9.9982E-05 9.9982E-05
9.9991E-05 0.612944 0.30463 0.0823254
0.494937 0.504863 9.9982E-05 9.9982E-05
9.9982E-05 0.490886 9.9982E-05 0.508914
0.478658 0.456151 9.9991E-05 0.0650904
0.107076 0.728036 9.9991E-05 0.164788
0.323476 0.676324 9.9982E-05 9.9982E-05
0.20138 0.53554 9.9991E-05 0.262979
9.9991E-05 0.728072 0.170324 0.101504
9.9991E-05 0.550596 0.0373465 0.411957
9.9991E-05 0.647962 0.33143 0.0205071
0.323099 0.671865 9.9991E-05 0.00493555
0.446942 0.552858 9.9982E-05 9.9982E-05
0.315016 0.545205 9.9991E-05 0.139679
0.445609 0.554191 9.9982E-05 9.9982E-05
0.107981 0.80401 0.0879092 9.9991E-05
9.9982E-05 0.722746 9.9982E-05 0.277054
9.9982E-05 0.549349 9.9982E-05 0.450451
0.289784 0.582752 9.9991E-05 0.127365
9.9991E-05 0.840035 0.133016 0.0268484
9.9991E-05 0.65894 0.197701 0.143259
0.588213 0.411587 9.9982E-05 9.9982E-05
0.471023 0.528778 9.9982E-05 9.9982E-05
9.9991E-05 0.588019 0.143988 0.267893
0.115305 0.818545 0.0660499 9.9991E-05
9.9982E-05 0.35114 9.9982E-05 0.64866
0.302278 0.697522 9.9982E-05 9.9982E-05
9.9982E-05 0.753096 9.9982E-05 0.246704
0.298455 0.633027 9.9991E-05 0.0684184
0.429616 0.548478 0.0218064 9.9991E-05
0.36203 0.509445 0.128425 9.9991E-05
0.518222 0.475736 9.9991E-05 0.00594145
0.513628 0.486172 9.9982E-05 9.9982E-05
9.9991E-05 0.784694 0.128179 0.0870273
0.112491 0.719621 9.9991E-05 0.167788
9.9991E-05 0.720679 0.0527683 0.226453
0.287507 0.712293 9.9982E-05 9.9982E-05
0.277143 0.722657 9.99819E-05 9.99819E-05
0.344341 0.614318 0.0412414 9.9991E-05
9.9991E-05 0.638295 0.252441 0.109163
0.403384 0.596416 9.9982E-05 9.9982E-05
9.9991E-05 0.507615 0.364404 0.127881
0.405807 0.494633 0.0994599 9.9991E-05
0.417747 0.582053 9.9982E-05 9.9982E-05
0.441274 0.558526 9.9982E-05 9.9982E-05
0.171111 0.592499 0.23629 9.9991E-05
0.0962388 0.712233 0.16953 0.0219984
9.9982E-05 0.557296 9.9982E-05 0.442504
9.9991E-05 0.592287 0.137632 0.269981
0.452992 0.546808 9.9982E-05 9.9982E-05
9.9991E-05 0.645902 0.178771 0.175227
0.349044 0.650756 9.9982E-05 9.9982E-05
0.509766 0.490034 9.9982E-05 9.9982E-05
9.9991E-05 0.671357 0.0685709 0.259972
9.9991E-05 0.486843 0.00667396 0.506383
9.9991E-05 0.702421 0.167902 0.129576
0.115942 0.750355 0.0360895 0.0976136
9.9982E-05 0.485426 9.9982E-05 0.514374
0.335272 0.664528 9.9982E-05 9.9982E-05
0.198681 0.76379 9.9991E-05 0.0374289
0.268382 0.617845 9.9991E-05 0.113672
9.9991E-05 0.625679 0.105674 0.268546
0.251563 0.748237 9.9982E-05 9.9982E-05
0.422945 0.576855 9.9982E-05 9.9982E-05
9.9982E-05 0.569138 0.430662 9.9982E-05
9.9991E-05 0.568675 0.30211 0.129115
0.327161 0.545045 0.127694 9.9991E-05
9.9982E-05 0.603026 0.396774 9.9982E-05
9.9982E-05 0.569636 0.430164 9.9982E-05
0.515391 0.484409 9.9982E-05 9.9982E-05
9.9982E-05 0.594121 0.405679 9.9982E-05
0.00913934 0.614711 0.37605 9.9991E-05
0.00475661 0.160822 0.250794 0.583627
0.0408936 0.275542 0.314767 0.368797
0.249173 0.228499 0.266934 0.255394
0.439289 0.0814379 0.479173 9.9991E-05
0.0438539 0.0999255 0.251087 0.605133
0.377649 0.0400534 0.582197 9.9991E-05
9.9991E-05 0.0122392 0.747537 0.240124
0.00975123 0.177595 0.332406 0.480248
0.0612034 0.22166 0.490123 0.227013
0.566403 0.202311 0.12907 0.102216
0.0498046 0.0859883 9.9991E-05 0.864107
0.538458 0.0809414 0.15814 0.22246
9.9991E-05 0.156674 0.484621 0.358605
0.245138 0.161161 0.542051 0.0516502
0.226192 0.152646 0.277191 0.343971
0.0484591 0.0374133 0.701333 0.212795
0.641632 0.16016 0.198108 9.9991E-05
0.612292 0.113267 0.125556 0.148884
0.0347314 0.359558 0.325525 0.280186
9.9991E-05 0.104796 0.615735 0.279369
0.317618 0.237715 0.198327 0.246339
0.498434 0.174836 0.155432 0.171299
0.629721 0.0534649 0.291377 0.0254369
0.194093 0.0328594 0.332395 0.440652
0.646543 0.0483939 0.174033 0.13103
0.0419878 0.0349283 0.65301 0.270074
9.9991E-05 0.00467658 0.0315863 0.963637
0.79448 9.9991E-05 0.193709 0.0117107
0.530855 0.0290698 9.9991E-05 0.439975
0.222692 0.111929 0.665279 9.9991E-05
0.579078 0.0530519 9.9991E-05 0.36777
0.0160262 0.00806781 0.439195 0.536711
0.747997 0.0519675 0.127406 0.0726303
0.652884 0.0764261 9.9991E-05 0.27059
9.9991E-05 0.0138067 0.08297 0.903123
0.79953 9.9982E-05 0.20027 9.9982E-05
0.786187 0.0607547 9.9991E-05 0.152959
0.655333 9.9991E-05 0.339923 0.00464361
0.0299454 0.0109287 9.9991E-05 0.959026
0.789559 0.0340653 0.0628158 0.11356
0.705527 0.0114536 0.282919 9.9991E-05
0.185679 0.0206181 0.769993 0.0237091
0.492731 0.119153 0.197676 0.190441
0.598384 0.0642023 0.162005 0.175408
9.9982E-05 9.9982E-05 0.207265 0.792535
0.391329 0.105234 0.480987 0.0224502
0.312894 0.130449 0.344493 0.212163
9.9991E-05 0.188123 0.379291 0.432486
0.589216 0.122294 0.221381 0.0671103
0.410419 0.22765 9.9991E-05 0.361831
0.0676892 0.0773304 0.0095128 0.845468
0.0929334 0.135716 0.477759 0.293592
9.9991E-05 0.0738749 0.570428 0.355597
0.532407 0.0589354 9.9991E-05 0.408557
9.9982E-05 9.9982E-05 0.398962 0.600839
0.745911 9.9991E-05 0.24941 0.00457929
0.00962013 9.9991E-05 0.416638 0.573642
0.507134 0.0658118 9.9991E-05 0.426955
0.7156 0.0194536 0.00556547 0.259381
0.383976 0.229771 0.166796 0.219457
0.22851 0.0980392 0.664657 0.00879437
0.268522 0.188821 0.23817 0.304488
0.533346 0.0118869 0.139276 0.315491
0.00968453 9.9991E-05 0.203985 0.78623
0.0656466 9.9991E-05 0.00421506 0.930038
9.9991E-05 0.0638813 0.718146 0.217872
9.9991E-05 0.108776 0.157464 0.73366
0.0773256 9.9991E-05 0.076512 0.846062
9.9991E-05 0.16022 0.577842 0.261837
0.0661553 9.9991E-05 0.672976 0.260768
0.808342 0.0561186 0.135439 9.9991E-05
0.755331 9.9982E-05 0.244469 9.9982E-05
0.130236 0.0137684 0.855895 9.9991E-05
0.735135 9.9982E-05 0.264665 9.9982E-05
0.806611 9.9982E-05 0.193189 9.9982E-05
0.708318 0.102635 0.188947 9.9991E-05
0.785165 9.9982E-05 0.214635 9.9982E-05
0.0550266 0.0074352 0.783869 0.153669
9.9982E-05 9.9982E-05 0.336336 0.663464
0.437364 0.0482555 0.514281 9.9991E-05
9.9991E-05 0.0197007 0.841596 0.138603
0.0214796 0.166526 0.811894 9.9991E-05
0.288905 9.9982E-05 0.710895 9.9982E-05
9.9982E-05 9.9982E-05 0.741553 0.258247
0.129999 0.0410552 0.728022 0.100924
0.495752 0.183517 0.32063 9.9991E-05
0.114704 0.0956763 0.744392 0.0452278
0.166063 0.0546904 0.779146 9.9991E-05
0.75014 9.9982E-05 0.24966 9.9982E-05
0.491475 0.0254858 0.482939 9.9991E-05
9.9991E-05 0.0423368 0.63485 0.322713
0.000136556 0.0159296 0.983834 9.9991E-05
9.9982E-05 9.9982E-05 0.461383 0.538417
0.744017 9.9982E-05 0.255783 9.9982E-05
0.356876 0.0573258 0.585699 9.9991E-05
9.9982E-05 9.9982E-05 0.626432 0.373368
0.812903 0.070721 0.0491813 0.0671948
0.652462 0.0720876 0.0423631 0.233087
9.9991E-05 0.151333 0.432199 0.416368
0.170156 0.146343 0.147672 0.535829
0.688195 0.092069 0.12932 0.0904168
0.835318 0.0520223 0.0301904 0.082469
0.840619 0.101429 0.0263454 0.0316065
0.0297273 0.04402 9.9991E-05 0.926153
0.0174772 0.103121 0.653081 0.22632
0.401897 0.17162 0.39602 0.0304619
0.747973 9.9991E-05 0.165942 0.0859847
0.0211163 0.0700796 0.189319 0.719485
0.135508 0.073546 0.704777 0.0861692
0.130266 0.0862728 0.702319 0.0811416
0.378827 0.132467 0.187717 0.300989
9.9991E-05 0.0262933 0.841313 0.132293
0.469528 0.0132502 0.517121 9.9991E-05
0.445879 0.0573216 0.477048 0.0197516
0.819314 0.042309 9.9991E-05 0.138277
9.9991E-05 0.216858 0.454731 0.328311
0.731272 0.0309375 0.187432 0.0503578
0.743681 9.9991E-05 0.187943 0.0682756
9.9982E-05 9.9982E-05 0.499102 0.500698
0.237205 9.9991E-05 0.710188 0.0525069
9.9991E-05 0.0589066 0.832438 0.108555
0.86207 0.0584771 0.079353 9.9991E-05
0.532584 0.293929 0.140063 0.0334241
0.665048 0.0197445 0.315108 9.9991E-05
9.9982E-05 9.9982E-05 0.58913 0.41067
0.590652 0.0085266 0.400722 9.9991E-05
0.685759 0.0445967 0.269545 9.9991E-05
0.79507 9.9991E-05 0.191598 0.0132324
9.9982E-05 9.9982E-05 0.704692 0.295108
0.206514 0.0164214 0.776965 9.9991E-05
0.744119 0.0131297 0.181632 0.0611187
0.139105 0.0846775 0.502733 0.273484
0.799106 0.0257636 0.175031 9.9991E-05
0.439449 9.9991E-05 0.289434 0.271017
0.303894 0.109467 0.586539 9.9991E-05
9.9982E-05 9.9982E-05 0.525084 0.474716
0.296381 0.0571106 0.646409 9.9991E-05
0.117727 0.120244 0.416003 0.346025
0.0244029 0.0140004 0.213416 0.748181
0.129093 0.0583082 0.789745 0.0228539
9.9991E-05 0.0559907 0.830769 0.11314
0.219514 9.9991E-05 0.610944 0.169442
0.718624 9.9991E-05 0.218793 0.0624835
0.00344405 0.0668181 0.118948 0.81079
0.69512 0.0818642 9.9991E-05 0.222916
0.542191 0.0797242 0.377985 9.9991E-05
0.589959 0.0299203 0.104373 0.275748
0.0265746 9.9991E-05 0.316215 0.65711
9.9982E-05 9.9982E-05 0.283586 0.716214
0.734117 0.0201996 0.151259 0.0944244
0.0955737 0.0954151 0.808911 9.9991E-05
0.17391 0.106345 0.55102 0.168726
9.9982E-05 9.9982E-05 0.221982 0.777818
0.395415 0.0615577 0.135662 0.407366
0.574153 0.076234 0.0836849 0.265929
0.752199 9.9982E-05 0.247601 9.9982E-05
0.663178 0.00731856 0.329404 9.9991E-05
0.494383 0.073314 0.165416 0.266888
9.9991E-05 0.0433137 0.760556 0.19603
0.687148 9.9982E-05 0.312652 9.9982E-05
0.00657223 9.9991E-05 0.831613 0.161715
0.133195 0.0429216 0.823783 9.9991E-05
0.708292 0.0226735 0.268934 9.9991E-05
9.9991E-05 0.0331399 0.527027 0.439733
0.0615099 0.0749902 0.318793 0.544707
9.9991E-05 0.0119492 0.758233 0.229718
0.566388 0.0712019 0.00509667 0.357313
0.285112 0.0881141 0.331705 0.295069
0.463664 0.0565923 0.365064 0.11468
9.9991E-05 0.0398739 0.302301 0.657725
0.747146 0.0351334 0.0668943 0.150826
0.0528386 0.25471 0.528812 0.16364
0.634405 0.0651039 0.244474 0.0560172
0.716175 0.0814854 0.145712 0.056628
0.667144 9.9991E-05 0.184706 0.14805
0.686946 0.04909 0.224528 0.0394359
0.580341 0.11054 0.137159 0.17196
0.041399 0.184552 0.717841 0.0562075
9.9991E-05 0.11448 0.765118 0.120303
0.705042 0.079246 9.9991E-05 0.215612
0.543052 0.0357028 9.9991E-05 0.421145
0.115843 0.182908 0.355802 0.345447
0.00993026 0.0590856 9.9991E-05 0.930884
9.9982E-05 9.9982E-05 0.627883 0.371917
9.9991E-05 0.00988921 0.182861 0.80715
