9.9874E-05 9.9874E-05 9.9874E-05 0.0211762 9.9874E-05 9.9874E-05 0.200848 9.9874E-05 0.0327106 0.321318 9.9874E-05 9.9874E-05 9.9874E-05 9.9874E-05 0.00757495 9.9874E-05 9.9874E-05 9.9874E-05 9.9874E-05 0.414975
9.98828E-05 9.98828E-05 9.98828E-05 9.98828E-05 9.98828E-05 9.98828E-05 9.98828E-05 9.98828E-05 0.0170124 0.513158 0.0174075 9.98828E-05 9.98828E-05 0.063572 0.0119307 9.98828E-05 9.98828E-05 9.98828E-05 0.0140837 0.361538
9.98918E-05 9.98918E-05 9.98918E-05 9.98918E-05 9.98918E-05 9.98918E-05 9.98918E-05 0.204361 0.0245367 0.0602134 0.0620503 9.98918E-05 9.98918E-05 9.98918E-05 0.0251907 0.0332434 9.98918E-05 0.0439965 0.545209 9.98918E-05
9.98828E-05 0.0842521 9.98828E-05 0.00377407 0.092084 0.0662887 0.153043 9.98828E-05 9.98828E-05 0.130521 9.98828E-05 9.98828E-05 9.98828E-05 9.98828E-05 9.98828E-05 9.98828E-05 9.98828E-05 9.98828E-05 9.98828E-05 0.468738
9.98647E-05 0.142774 9.98647E-05 9.98647E-05 0.466973 9.98647E-05 9.98647E-05 9.98647E-05 9.98647E-05 0.125423 0.0263679 9.98647E-05 9.98647E-05 9.98647E-05 9.98647E-05 9.98647E-05 9.98647E-05 9.98647E-05 9.98647E-05 0.236965
9.98828E-05 0.210513 9.98828E-05 9.98828E-05 9.98828E-05 9.98828E-05 0.362524 0.091868 0.0544513 0.18108 9.98828E-05 9.98828E-05 9.98828E-05 9.98828E-05 9.98828E-05 0.0187339 9.98828E-05 9.98828E-05 0.0795316 9.98828E-05
0.0529355 9.98738E-05 9.98738E-05 9.98738E-05 9.98738E-05 9.98738E-05 9.98738E-05 0.302185 9.98738E-05 0.179185 9.98738E-05 0.00770294 9.98738E-05 9.98738E-05 9.98738E-05 9.98738E-05 9.98738E-05 9.98738E-05 0.417244 0.039349
9.9892E-05 0.0416643 9.9892E-05 9.9892E-05 9.9892E-05 9.9892E-05 0.154836 0.0839695 0.174309 0.158892 9.9892E-05 9.9892E-05 9.9892E-05 9.9892E-05 9.9892E-05 0.0264056 0.14647 9.9892E-05 0.212255 9.9892E-05
9.99099E-05 0.221447 0.0452557 0.0269475 9.99099E-05 0.0172405 0.00951979 9.99099E-05 9.99099E-05 0.260165 9.99099E-05 9.99099E-05 9.99099E-05 0.0130841 9.99099E-05 9.99099E-05 9.99099E-05 0.0155999 0.152006 0.237736
0.0898369 9.98828E-05 9.98828E-05 0.013811 9.98828E-05 9.98828E-05 0.148653 0.170008 9.98828E-05 9.98828E-05 9.98828E-05 9.98828E-05 9.98828E-05 9.98828E-05 0.129094 0.315906 9.98828E-05 9.98828E-05 0.131392 9.98828E-05
9.99098E-05 0.103605 9.99098E-05 0.0196438 9.99098E-05 0.0500641 9.99098E-05 9.99098E-05 9.99098E-05 0.0020215 0.0260144 9.99098E-05 9.99098E-05 0.379958 9.99098E-05 9.99098E-05 0.132597 0.0113502 0.191081 0.0826659
9.98829E-05 0.21551 9.98829E-05 9.98829E-05 9.98829E-05 9.98829E-05 9.98829E-05 9.98829E-05 9.98829E-05 9.98829E-05 9.98829E-05 9.98829E-05 0.0735394 0.103129 9.98829E-05 0.0812299 0.103362 9.98829E-05 0.0930011 0.32893
0.00189027 0.0343331 0.00887697 0.0122129 9.99098E-05 0.343385 9.99098E-05 0.134153 9.99098E-05 0.326468 0.109955 9.99098E-05 9.99098E-05 0.00871781 9.99098E-05 9.99098E-05 9.99098E-05 0.0190092 9.99098E-05 9.99098E-05
9.9874E-05 9.9874E-05 9.9874E-05 9.9874E-05 9.9874E-05 9.9874E-05 0.0617902 9.9874E-05 0.0302241 9.9874E-05 9.9874E-05 9.9874E-05 9.9874E-05 9.9874E-05 0.06579 0.100831 9.9874E-05 9.9874E-05 0.721855 0.0181115
9.98739E-05 0.0320508 9.98739E-05 9.98739E-05 9.98739E-05 9.98739E-05 9.98739E-05 9.98739E-05 9.98739E-05 9.98739E-05 9.98739E-05 9.98739E-05 9.98739E-05 0.428132 9.98739E-05 0.0334313 0.17613 9.98739E-05 0.0321571 0.2967
0.247865 0.016712 9.98828E-05 9.98828E-05 9.98828E-05 9.98828E-05 0.127084 0.268699 9.98828E-05 0.128601 9.98828E-05 9.98828E-05 9.98828E-05 9.98828E-05 0.0956339 9.98828E-05 9.98828E-05 9.98828E-05 0.114108 9.98828E-05
0.0261884 9.98829E-05 9.98829E-05 9.98829E-05 9.98829E-05 0.0113121 0.0234032 0.172444 9.98829E-05 0.155418 9.98829E-05 9.98829E-05 9.98829E-05 9.98829E-05 9.98829E-05 9.98829E-05 9.98829E-05 9.98829E-05 0.576002 0.0339344
9.98918E-05 9.98918E-05 9.98918E-05 9.98918E-05 9.98918E-05 0.000801693 0.0284368 0.2442 9.98918E-05 0.100049 0.0178455 9.98918E-05 9.98918E-05 0.0528255 9.98918E-05 9.98918E-05 0.0406926 9.98918E-05 0.513951 9.98918E-05
9.9892E-05 0.124186 0.00593008 9.9892E-05 9.9892E-05 0.0696159 9.9892E-05 9.9892E-05 9.9892E-05 0.0637084 0.0804081 9.9892E-05 0.0982592 9.9892E-05 9.9892E-05 9.9892E-05 9.9892E-05 9.9892E-05 0.203512 0.353182
9.98648E-05 9.98648E-05 0.00281313 0.676718 0.30171 9.98648E-05 9.98648E-05 9.98648E-05 9.98648E-05 9.98648E-05 9.98648E-05 9.98648E-05 9.98648E-05 0.0114082 0.00585232 9.98648E-05 9.98648E-05 9.98648E-05 9.98648E-05 9.98648E-05
9.98469E-05 9.98469E-05 9.98469E-05 0.800286 0.00109678 0.19692 9.98469E-05 9.98469E-05 9.98469E-05 9.98469E-05 9.98469E-05 9.98469E-05 9.98469E-05 9.98469E-05 9.98469E-05 9.98469E-05 9.98469E-05 9.98469E-05 9.98469E-05 9.98469E-05
9.98377E-05 9.98377E-05 9.98377E-05 0.821584 9.98377E-05 9.98377E-05 0.176619 9.98377E-05 9.98377E-05 9.98377E-05 9.98377E-05 9.98377E-05 9.98377E-05 9.98377E-05 9.98377E-05 9.98377E-05 9.98377E-05 9.98377E-05 9.98377E-05 9.98377E-05
9.98559E-05 9.98559E-05 9.98559E-05 0.625753 9.98559E-05 0.162887 9.98559E-05 9.98559E-05 9.98559E-05 9.98559E-05 9.98559E-05 9.98559E-05 0.184832 9.98559E-05 9.98559E-05 9.98559E-05 9.98559E-05 0.0249293 9.98559E-05 9.98559E-05
9.98739E-05 0.134335 9.98739E-05 0.754059 9.98739E-05 9.98739E-05 9.98739E-05 9.98739E-05 0.00446252 9.98739E-05 9.98739E-05 9.98739E-05 9.98739E-05 0.0841336 9.98739E-05 9.98739E-05 9.98739E-05 0.00310705 9.98739E-05 0.0185046
9.98827E-05 9.98827E-05 0.00964511 0.36912 9.98827E-05 9.98827E-05 9.98827E-05 9.98827E-05 0.0304554 9.98827E-05 9.98827E-05 0.107238 9.98827E-05 9.98827E-05 0.241184 9.98827E-05 9.98827E-05 0.00297173 0.238087 9.98827E-05
9.99008E-05 0.0390347 0.34961 0.306236 9.99008E-05 9.99008E-05 9.99008E-05 9.99008E-05 0.0266042 9.99008E-05 9.99008E-05 9.99008E-05 9.99008E-05 0.0931454 9.99008E-05 0.0335634 0.030532 0.0315589 9.99008E-05 0.088617
0.197928 9.98649E-05 9.98649E-05 0.0915678 9.98649E-05 9.98649E-05 9.98649E-05 9.98649E-05 9.98649E-05 9.98649E-05 9.98649E-05 0.0114146 9.98649E-05 9.98649E-05 0.624025 9.98649E-05 9.98649E-05 0.0735661 9.98649E-05 9.98649E-05
9.98557E-05 9.98557E-05 0.156994 0.0767421 0.703825 9.98557E-05 9.98557E-05 9.98557E-05 0.0608414 9.98557E-05 9.98557E-05 9.98557E-05 9.98557E-05 9.98557E-05 9.98557E-05 9.98557E-05 9.98557E-05 9.98557E-05 9.98557E-05 9.98557E-05
0.0291467 9.98647E-05 9.98647E-05 0.75749 9.98647E-05 9.98647E-05 0.149197 9.98647E-05 9.98647E-05 9.98647E-05 9.98647E-05 0.00671046 9.98647E-05 9.98647E-05 0.0559577 9.98647E-05 9.98647E-05 9.98647E-05 9.98647E-05 9.98647E-05
9.9847E-05 0.0214274 9.9847E-05 0.88177 9.9847E-05 0.0951049 9.9847E-05 9.9847E-05 9.9847E-05 9.9847E-05 9.9847E-05 9.9847E-05 9.9847E-05 9.9847E-05 9.9847E-05 9.9847E-05 9.9847E-05 9.9847E-05 9.9847E-05 9.9847E-05
9.98741E-05 0.0107454 9.98741E-05 0.358984 9.98741E-05 0.138052 9.98741E-05 9.98741E-05 9.98741E-05 9.98741E-05 9.98741E-05 9.98741E-05 9.98741E-05 0.0326178 0.442331 9.98741E-05 9.98741E-05 9.98741E-05 9.98741E-05 0.0158716
9.98737E-05 9.98737E-05 0.552117 9.98737E-05 9.98737E-05 9.98737E-05 0.0742836 9.98737E-05 9.98737E-05 9.98737E-05 0.0359233 0.12471 9.98737E-05 9.98737E-05 0.201546 9.98737E-05 9.98737E-05 9.98737E-05 0.010022 9.98737E-05
9.98376E-05 9.98376E-05 9.98376E-05 0.375405 9.98376E-05 9.98376E-05 9.98376E-05 9.98376E-05 9.98376E-05 9.98376E-05 9.98376E-05 9.98376E-05 9.98376E-05 9.98376E-05 0.622798 9.98376E-05 9.98376E-05 9.98376E-05 9.98376E-05 9.98376E-05
9.98828E-05 9.98828E-05 9.98828E-05 0.540357 9.98828E-05 9.98828E-05 0.0174976 9.98828E-05 0.0215733 0.0456992 9.98828E-05 0.00640332 9.98828E-05 9.98828E-05 0.247813 9.98828E-05 9.98828E-05 9.98828E-05 0.119358 9.98828E-05
9.98559E-05 0.0521025 9.98559E-05 0.842433 9.98559E-05 0.101302 9.98559E-05 9.98559E-05 9.98559E-05 9.98559E-05 0.00256498 9.98559E-05 9.98559E-05 9.98559E-05 9.98559E-05 9.98559E-05 9.98559E-05 9.98559E-05 9.98559E-05 9.98559E-05
9.98649E-05 0.0262593 9.98649E-05 0.753892 0.0942733 9.98649E-05 9.98649E-05 9.98649E-05 9.98649E-05 9.98649E-05 9.98649E-05 9.98649E-05 9.98649E-05 0.106525 9.98649E-05 9.98649E-05 9.98649E-05 9.98649E-05 9.98649E-05 0.0175519
9.98558E-05 9.98558E-05 9.98558E-05 0.551227 0.143937 9.98558E-05 9.98558E-05 9.98558E-05 9.98558E-05 9.98558E-05 9.98558E-05 9.98558E-05 9.98558E-05 0.182491 0.120747 9.98558E-05 9.98558E-05 9.98558E-05 9.98558E-05 9.98558E-05
9.98649E-05 9.98649E-05 9.98649E-05 0.692987 9.98649E-05 0.0240295 9.98649E-05 9.98649E-05 9.98649E-05 9.98649E-05 9.98649E-05 9.98649E-05 0.195681 9.98649E-05 9.98649E-05 9.98649E-05 9.98649E-05 0.0299812 9.98649E-05 0.0558226
9.98556E-05 9.98556E-05 9.98556E-05 9.98556E-05 9.98556E-05 9.98556E-05 0.0936525 9.98556E-05 9.98556E-05 0.0566157 9.98556E-05 0.444478 9.98556E-05 9.98556E-05 9.98556E-05 9.98556E-05 9.98556E-05 0.403656 9.98556E-05 9.98556E-05
0.0626557 9.9856E-05 9.9856E-05 9.9856E-05 9.9856E-05 9.9856E-05 9.9856E-05 9.9856E-05 9.9856E-05 9.9856E-05 0.0513432 0.722156 9.9856E-05 9.9856E-05 0.162248 9.9856E-05 9.9856E-05 9.9856E-05 9.9856E-05 9.9856E-05
0.0232813 9.98738E-05 9.98738E-05 9.98738E-05 9.98738E-05 9.98738E-05 9.98738E-05 0.0217033 0.0935288 9.98738E-05 9.98738E-05 0.346636 9.98738E-05 9.98738E-05 0.419401 0.0940516 9.98738E-05 9.98738E-05 9.98738E-05 9.98738E-05
0.0133269 9.98919E-05 0.0539746 9.98919E-05 9.98919E-05 0.291189 9.98919E-05 9.98919E-05 0.0307871 9.98919E-05 9.98919E-05 0.239116 0.112247 9.98919E-05 0.0289262 9.98919E-05 9.98919E-05 0.229234 9.98919E-05 9.98919E-05
9.98736E-05 9.98736E-05 9.98736E-05 0.229121 9.98736E-05 9.98736E-05 0.154556 9.98736E-05 9.98736E-05 0.0261093 9.98736E-05 0.444849 9.98736E-05 9.98736E-05 0.0303938 9.98736E-05 9.98736E-05 0.113573 9.98736E-05 9.98736E-05
9.99008E-05 9.99008E-05 0.00829143 0.0103898 9.99008E-05 9.99008E-05 9.99008E-05 0.0319106 9.99008E-05 9.99008E-05 0.0207571 0.639759 9.99008E-05 0.0801682 0.0754353 0.0983996 9.99008E-05 9.99008E-05 0.0337898 9.99008E-05
9.98468E-05 9.98468E-05 0.696616 9.98468E-05 9.98468E-05 9.98468E-05 9.98468E-05 9.98468E-05 9.98468E-05 9.98468E-05 9.98468E-05 9.98468E-05 0.200966 9.98468E-05 9.98468E-05 9.98468E-05 9.98468E-05 9.98468E-05 9.98468E-05 0.100721
9.98739E-05 0.000958537 9.98739E-05 9.98739E-05 9.98739E-05 9.98739E-05 9.98739E-05 9.98739E-05 9.98739E-05 9.98739E-05 9.98739E-05 0.17404 9.98739E-05 0.0674853 9.98739E-05 9.98739E-05 0.174944 0.540812 9.98739E-05 0.0403609
9.98557E-05 9.98557E-05 9.98557E-05 0.0264237 9.98557E-05 9.98557E-05 9.98557E-05 9.98557E-05 9.98557E-05 9.98557E-05 9.98557E-05 0.386385 9.98557E-05 9.98557E-05 0.450598 9.98557E-05 9.98557E-05 9.98557E-05 0.134995 9.98557E-05
9.98557E-05 9.98557E-05 9.98557E-05 9.98557E-05 9.98557E-05 9.98557E-05 0.155805 9.98557E-05 0.0332876 9.98557E-05 9.98557E-05 0.479336 9.98557E-05 9.98557E-05 9.98557E-05 9.98557E-05 9.98557E-05 0.329974 9.98557E-05 9.98557E-05
0.474148 9.98469E-05 9.98469E-05 9.98469E-05 9.98469E-05 9.98469E-05 9.98469E-05 0.0840623 9.98469E-05 9.98469E-05 9.98469E-05 0.440092 9.98469E-05 9.98469E-05 9.98469E-05 9.98469E-05 9.98469E-05 9.98469E-05 9.98469E-05 9.98469E-05
9.98919E-05 9.98919E-05 9.98919E-05 0.00421725 0.0411752 9.98919E-05 9.98919E-05 9.98919E-05 0.0291237 0.0808931 9.98919E-05 0.356478 0.0215698 9.98919E-05 9.98919E-05 9.98919E-05 0.115728 0.349616 9.98919E-05 9.98919E-05
0.139283 9.98739E-05 9.98739E-05 9.98739E-05 0.0470121 9.98739E-05 9.98739E-05 9.98739E-05 9.98739E-05 9.98739E-05 9.98739E-05 0.73026 0.00132773 9.98739E-05 0.0460131 9.98739E-05 9.98739E-05 0.0347052 9.98739E-05 9.98739E-05
9.98649E-05 9.98649E-05 9.98649E-05 0.0185256 0.189127 0.242205 9.98649E-05 9.98649E-05 9.98649E-05 9.98649E-05 9.98649E-05 0.547164 9.98649E-05 9.98649E-05 9.98649E-05 9.98649E-05 9.98649E-05 0.00148011 9.98649E-05 9.98649E-05
9.98828E-05 0.0254456 0.19812 0.0945468 9.98828E-05 9.98828E-05 9.98828E-05 9.98828E-05 9.98828E-05 9.98828E-05 9.98828E-05 0.0657653 9.98828E-05 0.274306 9.98828E-05 0.0523004 9.98828E-05 0.288217 9.98828E-05 9.98828E-05
9.98919E-05 0.172615 0.0518867 0.0107252 9.98919E-05 9.98919E-05 9.98919E-05 9.98919E-05 0.0379429 0.00130319 9.98919E-05 0.330742 9.98919E-05 0.257913 9.98919E-05 9.98919E-05 9.98919E-05 0.135673 9.98919E-05 9.98919E-05
9.98739E-05 9.98739E-05 0.115659 9.98739E-05 0.165897 9.98739E-05 9.98739E-05 9.98739E-05 9.98739E-05 9.98739E-05 9.98739E-05 0.220172 0.43163 9.98739E-05 9.98739E-05 9.98739E-05 9.98739E-05 0.0449191 9.98739E-05 0.0203244
9.98649E-05 0.024512 9.98649E-05 0.347083 9.98649E-05 9.98649E-05 9.98649E-05 9.98649E-05 0.176964 9.98649E-05 9.98649E-05 9.98649E-05 0.421972 9.98649E-05 9.98649E-05 9.98649E-05 9.98649E-05 9.98649E-05 9.98649E-05 0.0279704
9.98736E-05 9.98736E-05 9.98736E-05 9.98736E-05 9.98736E-05 9.98736E-05 0.155395 9.98736E-05 0.0221251 9.98736E-05 0.01013 0.4304 9.98736E-05 9.98736E-05 0.11907 9.98736E-05 9.98736E-05 0.261482 9.98736E-05 9.98736E-05
0.0304019 9.98738E-05 9.98738E-05 9.98738E-05 0.0950295 0.208228 9.98738E-05 9.98738E-05 0.281862 9.98738E-05 9.98738E-05 0.27361 9.98738E-05 9.98738E-05 9.98738E-05 9.98738E-05 9.98738E-05 0.109471 9.98738E-05 9.98738E-05
0.109745 9.98737E-05 9.98737E-05 9.98737E-05 9.98737E-05 9.98737E-05 0.0155992 9.98737E-05 0.0508792 9.98737E-05 9.98737E-05 0.798977 9.98737E-05 9.98737E-05 0.00030774 9.98737E-05 9.98737E-05 9.98737E-05 0.0230932 9.98737E-05
9.98467E-05 9.98467E-05 9.98467E-05 9.98467E-05 0.203244 9.98467E-05 9.98467E-05 9.98467E-05 9.98467E-05 9.98467E-05 9.98467E-05 0.235193 9.98467E-05 9.98467E-05 9.98467E-05 9.98467E-05 9.98467E-05 0.559866 9.98467E-05 9.98467E-05
9.98827E-05 9.98827E-05 0.144426 0.0497843 9.98827E-05 9.98827E-05 0.0949967 9.98827E-05 9.98827E-05 0.0358133 9.98827E-05 0.153845 9.98827E-05 0.0147535 9.98827E-05 9.98827E-05 9.98827E-05 0.505083 9.98827E-05 9.98827E-05
9.98901E-05 0.0276197 0.0134167 9.98901E-05 9.98901E-05 9.98901E-05 9.98901E-05 9.98901E-05 0.0231682 0.0795393 9.98901E-05 0.375862 9.98901E-05 0.0723016 9.98901E-05 9.98901E-05 0.046568 0.335062 9.98901E-05 0.0253636
9.98738E-05 9.98738E-05 0.390281 9.98738E-05 9.98738E-05 9.98738E-05 9.98738E-05 9.98738E-05 9.98738E-05 9.98738E-05 0.163456 0.0187074 9.98738E-05 9.98738E-05 0.346433 9.98738E-05 9.98738E-05 0.0568991 0.022826 9.98738E-05
9.98559E-05 9.98559E-05 9.98559E-05 9.98559E-05 9.98559E-05 0.0506982 9.98559E-05 9.98559E-05 9.98559E-05 9.98559E-05 9.98559E-05 9.98559E-05 0.259916 9.98559E-05 0.0354236 9.98559E-05 9.98559E-05 0.652365 9.98559E-05 9.98559E-05
9.98648E-05 9.98648E-05 9.98648E-05 9.98648E-05 9.98648E-05 9.98648E-05 9.98648E-05 0.134526 0.0926267 9.98648E-05 9.98648E-05 9.98648E-05 9.98648E-05 9.98648E-05 0.319359 9.98648E-05 9.98648E-05 0.293487 0.158503 9.98648E-05
9.98918E-05 0.0582934 0.448571 0.0774459 9.98918E-05 0.00833729 9.98918E-05 9.98918E-05 9.98918E-05 9.98918E-05 9.98918E-05 0.0167872 9.98918E-05 0.138744 9.98918E-05 9.98918E-05 9.98918E-05 0.139552 0.111071 9.98918E-05
9.98469E-05 9.98469E-05 9.98469E-05 9.98469E-05 0.160698 9.98469E-05 9.98469E-05 9.98469E-05 9.98469E-05 9.98469E-05 9.98469E-05 9.98469E-05 9.98469E-05 9.98469E-05 9.98469E-05 9.98469E-05 0.0220591 0.815545 9.98469E-05 9.98469E-05
9.98559E-05 9.98559E-05 9.98559E-05 9.98559E-05 0.286897 9.98559E-05 9.98559E-05 9.98559E-05 9.98559E-05 9.98559E-05 9.98559E-05 9.98559E-05 9.98559E-05 0.0702664 0.0256832 9.98559E-05 9.98559E-05 0.615556 9.98559E-05 9.98559E-05
9.98466E-05 9.98466E-05 0.881726 9.98466E-05 9.98466E-05 9.98466E-05 9.98466E-05 0.0620625 9.98466E-05 9.98466E-05 9.98466E-05 9.98466E-05 9.98466E-05 9.98466E-05 9.98466E-05 9.98466E-05 9.98466E-05 9.98466E-05 0.0545144 9.98466E-05
9.98557E-05 9.98557E-05 0.532718 0.0553305 9.98557E-05 9.98557E-05 0.206723 9.98557E-05 9.98557E-05 9.98557E-05 9.98557E-05 9.98557E-05 9.98557E-05 9.98557E-05 0.203631 9.98557E-05 9.98557E-05 9.98557E-05 9.98557E-05 9.98557E-05
0.205743 9.98467E-05 0.483978 9.98467E-05 9.98467E-05 9.98467E-05 9.98467E-05 9.98467E-05 9.98467E-05 9.98467E-05 9.98467E-05 9.98467E-05 9.98467E-05 9.98467E-05 0.308582 9.98467E-05 9.98467E-05 9.98467E-05 9.98467E-05 9.98467E-05
9.98647E-05 9.98647E-05 9.98647E-05 9.98647E-05 9.98647E-05 9.98647E-05 9.98647E-05 0.17445 0.0127074 9.98647E-05 9.98647E-05 0.0272359 9.98647E-05 9.98647E-05 0.548647 9.98647E-05 9.98647E-05 0.235461 9.98647E-05 9.98647E-05
9.98649E-05 9.98649E-05 9.98649E-05 0.633349 0.0541176 9.98649E-05 9.98649E-05 9.98649E-05 9.98649E-05 9.98649E-05 9.98649E-05 9.98649E-05 0.233409 9.98649E-05 9.98649E-05 9.98649E-05 0.0747453 9.98649E-05 9.98649E-05 0.00288165
9.98645E-05 9.98645E-05 9.98645E-05 9.98645E-05 9.98645E-05 9.98645E-05 9.98645E-05 9.98645E-05 9.98645E-05 9.98645E-05 0.0591509 0.117579 9.98645E-05 9.98645E-05 0.358466 9.98645E-05 9.98645E-05 0.397707 0.0655996 9.98645E-05
9.98467E-05 9.98467E-05 0.45024 9.98467E-05 0.0847391 9.98467E-05 9.98467E-05 9.98467E-05 9.98467E-05 9.98467E-05 9.98467E-05 9.98467E-05 9.98467E-05 9.98467E-05 9.98467E-05 9.98467E-05 9.98467E-05 0.463323 9.98467E-05 9.98467E-05
9.98829E-05 0.150123 0.659987 0.0249717 9.98829E-05 0.00270593 9.98829E-05 0.0191514 9.98829E-05 9.98829E-05 9.98829E-05 9.98829E-05 9.98829E-05 0.0465319 9.98829E-05 9.98829E-05 9.98829E-05 9.98829E-05 9.98829E-05 0.0952306
0.0381372 9.98647E-05 9.98647E-05 0.624063 9.98647E-05 9.98647E-05 9.98647E-05 0.0724341 9.98647E-05 9.98647E-05 9.98647E-05 9.98647E-05 9.98647E-05 9.98647E-05 0.231851 9.98647E-05 9.98647E-05 9.98647E-05 0.0320173 9.98647E-05
9.98738E-05 0.0295436 0.0171395 9.98738E-05 9.98738E-05 0.0337027 9.98738E-05 0.032025 9.98738E-05 9.98738E-05 9.98738E-05 9.98738E-05 9.98738E-05 9.98738E-05 0.885982 9.98738E-05 0.000209307 9.98738E-05 9.98738E-05 9.98738E-05
9.98646E-05 9.98646E-05 9.98646E-05 0.550914 9.98646E-05 9.98646E-05 0.0119077 9.98646E-05 9.98646E-05 9.98646E-05 9.98646E-05 0.0227219 9.98646E-05 9.98646E-05 0.333555 9.98646E-05 9.98646E-05 9.98646E-05 0.0794039 9.98646E-05
9.98738E-05 9.98738E-05 0.372875 0.175477 9.98738E-05 9.98738E-05 0.238183 9.98738E-05 0.0475198 9.98738E-05 9.98738E-05 0.0339338 9.98738E-05 9.98738E-05 0.130613 9.98738E-05 9.98738E-05 9.98738E-05 9.98738E-05 9.98738E-05
0.258731 9.98739E-05 0.108016 9.98739E-05 0.0237091 0.0864443 9.98739E-05 9.98739E-05 9.98739E-05 9.98739E-05 9.98739E-05 0.121104 9.98739E-05 9.98739E-05 0.400597 9.98739E-05 9.98739E-05 9.98739E-05 9.98739E-05 9.98739E-05
9.98738E-05 0.0554914 9.98738E-05 0.183235 9.98738E-05 0.20683 9.98738E-05 9.98738E-05 0.00929819 9.98738E-05 9.98738E-05 9.98738E-05 9.98738E-05 9.98738E-05 0.114882 9.98738E-05 9.98738E-05 0.428866 9.98738E-05 9.98738E-05
9.98606E-05 9.98606E-05 9.98606E-05 9.98606E-05 9.98606E-05 0.200363 9.98606E-05 9.98606E-05 9.98606E-05 9.98606E-05 9.98606E-05 0.351587 9.98606E-05 9.98606E-05 0.050926 9.98606E-05 9.98606E-05 0.395526 9.98606E-05 9.98606E-05
9.98829E-05 9.98829E-05 0.00468222 0.0734679 9.98829E-05 0.35301 9.98829E-05 9.98829E-05 0.116638 9.98829E-05 9.98829E-05 0.342816 9.98829E-05 0.0410639 9.98829E-05 9.98829E-05 9.98829E-05 0.0670236 9.98829E-05 9.98829E-05
0.0325436 9.98737E-05 9.98737E-05 9.98737E-05 9.98737E-05 9.98737E-05 9.98737E-05 0.0466746 9.98737E-05 9.98737E-05 9.98737E-05 0.275797 9.98737E-05 9.98737E-05 0.309715 9.98737E-05 9.98737E-05 0.301655 0.0322159 9.98737E-05
9.98737E-05 9.98737E-05 0.0141244 0.0204406 0.288703 9.98737E-05 0.0932166 9.98737E-05 9.98737E-05 9.98737E-05 9.98737E-05 0.180047 9.98737E-05 9.98737E-05 9.98737E-05 9.98737E-05 9.98737E-05 0.40207 9.98737E-05 9.98737E-05
9.98559E-05 9.98559E-05 0.0273648 9.98559E-05 9.98559E-05 9.98559E-05 9.98559E-05 9.98559E-05 9.98559E-05 9.98559E-05 9.98559E-05 9.98559E-05 0.0115632 9.98559E-05 9.98559E-05 9.98559E-05 9.98559E-05 0.884943 9.98559E-05 0.0745318
9.98647E-05 9.98647E-05 9.98647E-05 0.197341 9.98647E-05 9.98647E-05 0.0447536 9.98647E-05 0.632555 9.98647E-05 9.98647E-05 9.98647E-05 9.98647E-05 9.98647E-05 9.98647E-05 0.0151962 9.98647E-05 9.98647E-05 0.108657 9.98647E-05
9.98557E-05 9.98557E-05 9.98557E-05 9.98557E-05 9.98557E-05 9.98557E-05 9.98557E-05 0.192785 0.450578 9.98557E-05 9.98557E-05 0.324834 9.98557E-05 9.98557E-05 0.0302049 9.98557E-05 9.98557E-05 9.98557E-05 9.98557E-05 9.98557E-05
9.98558E-05 9.98558E-05 0.157371 0.176676 9.98558E-05 9.98558E-05 9.98558E-05 9.98558E-05 0.50243 9.98558E-05 9.98558E-05 9.98558E-05 9.98558E-05 9.98558E-05 9.98558E-05 9.98558E-05 0.161924 9.98558E-05 9.98558E-05 9.98558E-05
9.98647E-05 9.98647E-05 9.98647E-05 9.98647E-05 9.98647E-05 9.98647E-05 9.98647E-05 0.150885 0.576881 9.98647E-05 9.98647E-05 0.200043 9.98647E-05 9.98647E-05 9.98647E-05 9.98647E-05 9.98647E-05 0.0442907 0.026402 9.98647E-05
9.98558E-05 9.98558E-05 9.98558E-05 9.98558E-05 9.98558E-05 9.98558E-05 9.98558E-05 0.0993001 0.838839 9.98558E-05 9.98558E-05 0.0158214 9.98558E-05 9.98558E-05 0.0444421 9.98558E-05 9.98558E-05 9.98558E-05 9.98558E-05 9.98558E-05
9.98557E-05 9.98557E-05 9.98557E-05 9.98557E-05 0.15181 9.98557E-05 9.98557E-05 9.98557E-05 0.658328 9.98557E-05 9.98557E-05 9.98557E-05 9.98557E-05 9.98557E-05 9.98557E-05 9.98557E-05 0.120639 9.98557E-05 9.98557E-05 0.0676248
9.98828E-05 9.98828E-05 9.98828E-05 9.98828E-05 9.98828E-05 9.98828E-05 9.98828E-05 0.000739102 0.391938 0.162157 0.0230081 0.175879 9.98828E-05 9.98828E-05 9.98828E-05 9.98828E-05 9.98828E-05 0.241739 0.00324178 9.98828E-05
9.98468E-05 9.98468E-05 9.98468E-05 9.98468E-05 9.98468E-05 9.98468E-05 0.0920442 9.98468E-05 0.860762 9.98468E-05 9.98468E-05 0.0454968 9.98468E-05 9.98468E-05 9.98468E-05 9.98468E-05 9.98468E-05 9.98468E-05 9.98468E-05 9.98468E-05
0.390911 9.98559E-05 0.0104994 9.98559E-05 9.98559E-05 9.98559E-05 9.98559E-05 9.98559E-05 9.98559E-05 9.98559E-05 0.578271 0.0187208 9.98559E-05 9.98559E-05 9.98559E-05 9.98559E-05 9.98559E-05 9.98559E-05 9.98559E-05 9.98559E-05
0.140936 0.0145624 9.99009E-05 0.00624846 9.99009E-05 0.029048 0.101557 0.0677724 9.99009E-05 9.99009E-05 0.493872 0.117077 9.99009E-05 9.99009E-05 0.0278282 9.99009E-05 9.99009E-05 9.99009E-05 9.99009E-05 9.99009E-05
9.98739E-05 9.98739E-05 9.98739E-05 9.98739E-05 0.013144 0.258779 9.98739E-05 9.98739E-05 9.98739E-05 9.98739E-05 0.686199 0.00801142 0.00630075 9.98739E-05 0.0261681 9.98739E-05 9.98739E-05 9.98739E-05 9.98739E-05 9.98739E-05
9.9847E-05 9.9847E-05 9.9847E-05 9.9847E-05 9.9847E-05 9.9847E-05 9.9847E-05 9.9847E-05 9.9847E-05 9.9847E-05 0.538692 9.9847E-05 0.0197155 9.9847E-05 9.9847E-05 9.9847E-05 0.439895 9.9847E-05 9.9847E-05 9.9847E-05
0.276115 9.98468E-05 9.98468E-05 9.98468E-05 9.98468E-05 9.98468E-05 9.98468E-05 9.98468E-05 9.98468E-05 9.98468E-05 0.632022 9.98468E-05 9.98468E-05 9.98468E-05 9.98468E-05 0.0901658 9.98468E-05 9.98468E-05 9.98468E-05 9.98468E-05
9.98978E-05 9.98978E-05 0.0417777 9.98978E-05 0.0540211 9.98978E-05 9.98978E-05 9.98978E-05 9.98978E-05 0.284747 0.177381 9.98978E-05 0.0303266 9.98978E-05 9.98978E-05 9.98978E-05 0.113684 9.98978E-05 0.288186 0.00867722
9.98467E-05 9.98467E-05 9.98467E-05 9.98467E-05 9.98467E-05 9.98467E-05 9.98467E-05 0.344238 9.98467E-05 9.98467E-05 0.474613 9.98467E-05 9.98467E-05 9.98467E-05 9.98467E-05 9.98467E-05 9.98467E-05 9.98467E-05 0.179451 9.98467E-05
0.294707 9.98379E-05 9.98379E-05 9.98379E-05 9.98379E-05 9.98379E-05 9.98379E-05 9.98379E-05 9.98379E-05 9.98379E-05 0.703496 9.98379E-05 9.98379E-05 9.98379E-05 9.98379E-05 9.98379E-05 9.98379E-05 9.98379E-05 9.98379E-05 9.98379E-05
9.98829E-05 9.98829E-05 0.00956314 0.006265 9.98829E-05 9.98829E-05 0.383575 0.0167933 0.00431639 9.98829E-05 0.568213 9.98829E-05 9.98829E-05 9.98829E-05 9.98829E-05 9.98829E-05 9.98829E-05 9.98829E-05 0.00997587 9.98829E-05
9.98556E-05 9.98556E-05 9.98556E-05 9.98556E-05 0.521549 9.98556E-05 9.98556E-05 9.98556E-05 9.98556E-05 9.98556E-05 0.373113 9.98556E-05 9.98556E-05 0.0323334 9.98556E-05 9.98556E-05 9.98556E-05 9.98556E-05 9.98556E-05 0.0714064
0.5792 9.98559E-05 9.98559E-05 9.98559E-05 9.98559E-05 9.98559E-05 9.98559E-05 9.98559E-05 9.98559E-05 9.98559E-05 0.244462 0.0591962 9.98559E-05 9.98559E-05 9.98559E-05 0.115545 9.98559E-05 9.98559E-05 9.98559E-05 9.98559E-05
9.98738E-05 9.98738E-05 9.98738E-05 9.98738E-05 0.136069 9.98738E-05 9.98738E-05 0.0672036 9.98738E-05 9.98738E-05 0.380129 9.98738E-05 9.98738E-05 0.345592 9.98738E-05 0.0539706 9.98738E-05 9.98738E-05 9.98738E-05 0.0156377
0.130838 9.98648E-05 9.98648E-05 9.98648E-05 9.98648E-05 9.98648E-05 0.00475714 9.98648E-05 9.98648E-05 0.068549 0.744907 9.98648E-05 9.98648E-05 9.98648E-05 0.049451 9.98648E-05 9.98648E-05 9.98648E-05 9.98648E-05 9.98648E-05
9.98918E-05 9.98918E-05 0.0195025 9.98918E-05 9.98918E-05 9.98918E-05 0.190386 9.98918E-05 0.0067066 0.143192 0.482707 9.98918E-05 9.98918E-05 0.136559 9.98918E-05 9.98918E-05 9.98918E-05 0.00620805 0.01354 9.98918E-05
0.0414377 9.98738E-05 9.98738E-05 0.000744361 0.172215 0.0203799 0.337177 9.98738E-05 9.98738E-05 9.98738E-05 0.426648 9.98738E-05 9.98738E-05 9.98738E-05 9.98738E-05 9.98738E-05 9.98738E-05 9.98738E-05 9.98738E-05 9.98738E-05
0.0248694 9.98919E-05 9.98919E-05 0.033706 9.98919E-05 0.0145998 0.0286373 0.0592149 9.98919E-05 9.98919E-05 0.325481 9.98919E-05 9.98919E-05 9.98919E-05 9.98919E-05 9.98919E-05 9.98919E-05 9.98919E-05 0.502666 0.00962667
9.98827E-05 0.066917 9.98827E-05 9.98827E-05 9.98827E-05 0.0195835 9.98827E-05 9.98827E-05 9.98827E-05 9.98827E-05 0.488366 9.98827E-05 9.98827E-05 0.0644151 9.98827E-05 9.98827E-05 0.0796313 0.0904641 9.98827E-05 0.189324
9.98557E-05 9.98557E-05 9.98557E-05 9.98557E-05 9.98557E-05 0.281854 9.98557E-05 9.98557E-05 9.98557E-05 9.98557E-05 0.296556 9.98557E-05 0.385777 9.98557E-05 9.98557E-05 9.98557E-05 9.98557E-05 9.98557E-05 9.98557E-05 0.0342151
9.98649E-05 9.98649E-05 9.98649E-05 9.98649E-05 9.98649E-05 9.98649E-05 0.418195 9.98649E-05 9.98649E-05 9.98649E-05 0.413342 0.027152 9.98649E-05 9.98649E-05 0.134092 9.98649E-05 9.98649E-05 0.00572056 9.98649E-05 9.98649E-05
9.98468E-05 9.98468E-05 9.98468E-05 9.98468E-05 9.98468E-05 9.98468E-05 9.98468E-05 9.98468E-05 9.98468E-05 9.98468E-05 0.735474 9.98468E-05 9.98468E-05 9.98468E-05 0.0908026 9.98468E-05 9.98468E-05 9.98468E-05 0.172026 9.98468E-05
9.98558E-05 9.98558E-05 9.98558E-05 9.98558E-05 0.260911 9.98558E-05 0.20986 9.98558E-05 9.98558E-05 9.98558E-05 0.499136 9.98558E-05 9.98558E-05 9.98558E-05 9.98558E-05 9.98558E-05 0.0284956 9.98558E-05 9.98558E-05 9.98558E-05
9.98557E-05 9.98557E-05 9.98557E-05 9.98557E-05 0.0651586 0.433183 9.98557E-05 9.98557E-05 9.98557E-05 9.98557E-05 0.474679 9.98557E-05 9.98557E-05 9.98557E-05 9.98557E-05 9.98557E-05 9.98557E-05 9.98557E-05 9.98557E-05 0.0253813
9.98647E-05 9.98647E-05 9.98647E-05 9.98647E-05 0.398808 9.98647E-05 9.98647E-05 9.98647E-05 9.98647E-05 0.453156 9.98647E-05 9.98647E-05 9.98647E-05 9.98647E-05 9.98647E-05 0.00688822 0.108613 9.98647E-05 9.98647E-05 0.0310367
9.98828E-05 9.98828E-05 9.98828E-05 9.98828E-05 9.98828E-05 9.98828E-05 0.00247919 0.0830929 0.0132765 9.98828E-05 9.98828E-05 9.98828E-05 9.98828E-05 9.98828E-05 9.98828E-05 0.712681 0.0019263 9.98828E-05 0.1475 0.0377457
9.98558E-05 0.0164903 9.98558E-05 9.98558E-05 9.98558E-05 0.0529608 9.98558E-05 9.98558E-05 9.98558E-05 0.422249 9.98558E-05 9.98558E-05 0.506703 9.98558E-05 9.98558E-05 9.98558E-05 9.98558E-05 9.98558E-05 9.98558E-05 9.98558E-05
0.104932 9.98738E-05 9.98738E-05 9.98738E-05 9.98738E-05 9.98738E-05 0.054895 9.98738E-05 9.98738E-05 0.350601 9.98738E-05 9.98738E-05 9.98738E-05 9.98738E-05 0.0561347 0.00856624 9.98738E-05 9.98738E-05 0.423472 9.98738E-05
0.27429 9.98556E-05 9.98556E-05 9.98556E-05 9.98556E-05 9.98556E-05 9.98556E-05 0.0253775 9.98556E-05 9.98556E-05 9.98556E-05 9.98556E-05 9.98556E-05 9.98556E-05 0.0986683 0.600066 9.98556E-05 9.98556E-05 9.98556E-05 9.98556E-05
9.98737E-05 0.0817958 9.98737E-05 9.98737E-05 9.98737E-05 0.044347 9.98737E-05 9.98737E-05 9.98737E-05 0.288087 9.98737E-05 9.98737E-05 0.0786233 0.335974 9.98737E-05 9.98737E-05 9.98737E-05 9.98737E-05 9.98737E-05 0.169774
9.98648E-05 9.98648E-05 9.98648E-05 0.000802023 0.0726356 9.98648E-05 9.98648E-05 9.98648E-05 9.98648E-05 0.0410243 9.98648E-05 9.98648E-05 9.98648E-05 0.149048 9.98648E-05 0.734992 9.98648E-05 9.98648E-05 9.98648E-05 9.98648E-05
9.98828E-05 9.98828E-05 0.0330232 9.98828E-05 9.98828E-05 9.98828E-05 0.0289339 0.0936219 9.98828E-05 0.822869 9.98828E-05 0.00828172 9.98828E-05 9.98828E-05 0.00583335 9.98828E-05 9.98828E-05 0.00613837 9.98828E-05 9.98828E-05
9.98467E-05 0.18401 9.98467E-05 9.98467E-05 9.98467E-05 0.235199 9.98467E-05 9.98467E-05 9.98467E-05 9.98467E-05 9.98467E-05 9.98467E-05 9.98467E-05 9.98467E-05 9.98467E-05 0.579093 9.98467E-05 9.98467E-05 9.98467E-05 9.98467E-05
0.00492022 9.98738E-05 9.98738E-05 9.98738E-05 9.98738E-05 9.98738E-05 9.98738E-05 0.150486 9.98738E-05 0.218446 9.98738E-05 9.98738E-05 9.98738E-05 9.98738E-05 0.282998 0.256749 9.98738E-05 9.98738E-05 0.0850027 9.98738E-05
9.98647E-05 0.338152 9.98647E-05 9.98647E-05 0.188671 9.98647E-05 9.98647E-05 9.98647E-05 9.98647E-05 0.251303 9.98647E-05 9.98647E-05 9.98647E-05 0.190103 9.98647E-05 9.98647E-05 0.030273 9.98647E-05 9.98647E-05 9.98647E-05
9.98648E-05 9.98648E-05 9.98648E-05 9.98648E-05 9.98648E-05 0.144101 9.98648E-05 9.98648E-05 9.98648E-05 9.98648E-05 9.98648E-05 9.98648E-05 0.313448 9.98648E-05 9.98648E-05 0.51937 0.00313295 9.98648E-05 9.98648E-05 0.0184506
0.185929 9.98558E-05 9.98558E-05 9.98558E-05 9.98558E-05 9.98558E-05 9.98558E-05 0.15151 9.98558E-05 9.98558E-05 9.98558E-05 9.98558E-05 9.98558E-05 9.98558E-05 0.121425 0.539538 9.98558E-05 9.98558E-05 9.98558E-05 9.98558E-05
9.98739E-05 9.98739E-05 9.98739E-05 9.98739E-05 9.98739E-05 0.0319977 9.98739E-05 9.98739E-05 9.98739E-05 0.25689 9.98739E-05 9.98739E-05 0.00504456 0.241047 9.98739E-05 9.98739E-05 0.147034 9.98739E-05 9.98739E-05 0.316588
9.98828E-05 0.566792 9.98828E-05 0.00226377 9.98828E-05 0.0137744 9.98828E-05 9.98828E-05 9.98828E-05 9.98828E-05 9.98828E-05 9.98828E-05 0.0134841 9.98828E-05 9.98828E-05 0.270999 9.98828E-05 0.0113684 9.98828E-05 0.120019
9.98737E-05 0.0912121 9.98737E-05 9.98737E-05 9.98737E-05 0.257635 9.98737E-05 9.98737E-05 9.98737E-05 0.12379 9.98737E-05 9.98737E-05 9.98737E-05 0.145708 9.98737E-05 9.98737E-05 9.98737E-05 9.98737E-05 0.16792 0.212336
0.281636 9.98468E-05 9.98468E-05 9.98468E-05 9.98468E-05 9.98468E-05 9.98468E-05 9.98468E-05 9.98468E-05 9.98468E-05 9.98468E-05 9.98468E-05 9.98468E-05 9.98468E-05 0.144235 0.572432 9.98468E-05 9.98468E-05 9.98468E-05 9.98468E-05
9.98647E-05 0.625068 9.98647E-05 9.98647E-05 9.98647E-05 0.0372952 9.98647E-05 9.98647E-05 9.98647E-05 0.262325 9.98647E-05 9.98647E-05 0.0649774 9.98647E-05 9.98647E-05 0.00883638 9.98647E-05 9.98647E-05 9.98647E-05 9.98647E-05
9.98829E-05 0.0168342 9.98829E-05 9.98829E-05 0.0532314 9.98829E-05 0.0169396 9.98829E-05 9.98829E-05 0.363113 9.98829E-05 9.98829E-05 9.98829E-05 0.28216 9.98829E-05 9.98829E-05 0.230527 9.98829E-05 9.98829E-05 0.0358971
9.98918E-05 9.98918E-05 0.00383866 0.0280715 9.98918E-05 9.98918E-05 0.0124294 9.98918E-05 0.0230945 0.357808 9.98918E-05 9.98918E-05 9.98918E-05 9.98918E-05 9.98918E-05 0.10788 0.0226688 9.98918E-05 0.44301 9.98918E-05
9.98921E-05 9.98921E-05 9.98921E-05 9.98921E-05 0.195415 0.206569 9.98921E-05 9.98921E-05 9.98921E-05 0.162938 9.98921E-05 9.98921E-05 0.163099 9.98921E-05 0.113791 9.98921E-05 0.00778036 9.98921E-05 0.112918 0.0362906
9.98919E-05 0.0158238 9.98919E-05 0.0232119 0.100141 0.134481 9.98919E-05 9.98919E-05 9.98919E-05 0.514927 9.98919E-05 9.98919E-05 0.136683 9.98919E-05 0.0113105 0.0622227 9.98919E-05 9.98919E-05 9.98919E-05 9.98919E-05
0.193729 9.98646E-05 9.98646E-05 9.98646E-05 9.98646E-05 9.98646E-05 9.98646E-05 9.98646E-05 9.98646E-05 0.0637505 9.98646E-05 9.98646E-05 9.98646E-05 9.98646E-05 0.126142 0.548631 9.98646E-05 9.98646E-05 0.0662493 9.98646E-05
9.99008E-05 0.376699 0.0260177 0.0470273 9.99008E-05 9.99008E-05 9.99008E-05 0.015576 9.99008E-05 0.0175326 0.0135534 0.0267624 9.99008E-05 0.173382 9.99008E-05 9.99008E-05 9.99008E-05 9.99008E-05 0.30235 9.99008E-05
9.98736E-05 9.98736E-05 0.037824 9.98736E-05 9.98736E-05 9.98736E-05 0.112542 9.98736E-05 0.0127058 0.202074 9.98736E-05 9.98736E-05 9.98736E-05 9.98736E-05 9.98736E-05 0.567042 0.0664135 9.98736E-05 9.98736E-05 9.98736E-05
0.139203 9.98919E-05 0.00759864 9.98919E-05 9.98919E-05 9.98919E-05 0.193547 9.98919E-05 9.98919E-05 0.120318 0.181228 9.98919E-05 9.98919E-05 9.98919E-05 0.136768 0.0827594 9.98919E-05 9.98919E-05 0.137379 9.98919E-05
9.99007E-05 0.407114 0.0200661 0.00754531 9.99007E-05 0.188223 9.99007E-05 9.99007E-05 9.99007E-05 9.99007E-05 0.120071 9.99007E-05 9.99007E-05 0.0881648 9.99007E-05 9.99007E-05 0.0354168 0.0336905 0.0986101 9.99007E-05
9.98649E-05 0.0769714 9.98649E-05 9.98649E-05 0.352735 9.98649E-05 0.48928 9.98649E-05 9.98649E-05 9.98649E-05 0.0206734 0.0588428 9.98649E-05 9.98649E-05 9.98649E-05 9.98649E-05 9.98649E-05 9.98649E-05 9.98649E-05 9.98649E-05
0.602142 9.98741E-05 0.0273602 0.0176172 0.0580956 9.98741E-05 9.98741E-05 0.199679 9.98741E-05 9.98741E-05 9.98741E-05 9.98741E-05 9.98741E-05 9.98741E-05 0.0937075 9.98741E-05 9.98741E-05 9.98741E-05 9.98741E-05 9.98741E-05
9.98917E-05 9.98917E-05 0.0516737 9.98917E-05 9.98917E-05 9.98917E-05 0.421398 0.0936628 0.0175711 9.98917E-05 0.0444793 9.98917E-05 9.98917E-05 9.98917E-05 9.98917E-05 0.142187 9.98917E-05 9.98917E-05 0.205134 0.0226945
0.175238 9.99279E-05 9.99279E-05 0.0051572 9.99279E-05 9.99279E-05 0.118348 9.99279E-05 9.99279E-05 0.0012076 0.102824 0.0126531 9.99279E-05 0.0443014 0.0761344 0.0220072 0.00156091 0.00816044 0.431608 9.99279E-05
0.11584 9.98918E-05 9.98918E-05 0.0255048 0.140986 0.0714441 0.0588993 9.98918E-05 9.98918E-05 0.0684389 9.98918E-05 9.98918E-05 9.98918E-05 0.383595 9.98918E-05 0.134092 9.98918E-05 9.98918E-05 9.98918E-05 9.98918E-05
0.461926 9.98558E-05 9.98558E-05 9.98558E-05 9.98558E-05 9.98558E-05 9.98558E-05 9.98558E-05 9.98558E-05 9.98558E-05 9.98558E-05 9.98558E-05 9.98558E-05 9.98558E-05 0.0200219 0.0211132 9.98558E-05 9.98558E-05 0.495341 9.98558E-05
9.98826E-05 0.195929 9.98826E-05 9.98826E-05 9.98826E-05 0.223287 9.98826E-05 9.98826E-05 9.98826E-05 0.127681 9.98826E-05 9.98826E-05 0.0710804 0.207213 9.98826E-05 9.98826E-05 9.98826E-05 9.98826E-05 0.0486825 0.124829
0.397078 9.98558E-05 9.98558E-05 9.98558E-05 9.98558E-05 9.98558E-05 0.123058 9.98558E-05 9.98558E-05 9.98558E-05 9.98558E-05 9.98558E-05 9.98558E-05 9.98558E-05 9.98558E-05 0.0324404 9.98558E-05 9.98558E-05 0.445825 9.98558E-05
0.0675977 9.98829E-05 9.98829E-05 9.98829E-05 9.98829E-05 0.397315 0.00882078 9.98829E-05 9.98829E-05 0.0398536 9.98829E-05 9.98829E-05 0.116968 9.98829E-05 9.98829E-05 0.289552 0.0785951 9.98829E-05 9.98829E-05 9.98829E-05
9.99008E-05 0.206109 9.99008E-05 9.99008E-05 9.99008E-05 0.372202 0.0680997 0.0821248 9.99008E-05 0.040209 0.00385086 9.99008E-05 0.156313 0.00527906 9.99008E-05 9.99008E-05 9.99008E-05 9.99008E-05 9.99008E-05 0.064714
9.9901E-05 0.0675608 9.9901E-05 9.9901E-05 0.0995119 9.9901E-05 0.588371 9.9901E-05 9.9901E-05 0.0713891 0.0213916 0.0856834 0.000584786 9.9901E-05 9.9901E-05 9.9901E-05 0.0278916 9.9901E-05 0.0365166 9.9901E-05
9.98918E-05 9.98918E-05 0.00109751 9.98918E-05 9.98918E-05 9.98918E-05 0.296233 0.0706049 9.98918E-05 0.393036 0.0692528 9.98918E-05 9.98918E-05 9.98918E-05 9.98918E-05 9.98918E-05 9.98918E-05 0.0228027 0.0746547 0.0711195
9.9847E-05 9.9847E-05 9.9847E-05 9.9847E-05 9.9847E-05 9.9847E-05 0.865548 9.9847E-05 9.9847E-05 9.9847E-05 9.9847E-05 9.9847E-05 9.9847E-05 9.9847E-05 9.9847E-05 9.9847E-05 9.9847E-05 9.9847E-05 0.00644027 0.126314
9.98918E-05 9.98918E-05 9.98918E-05 9.98918E-05 9.98918E-05 0.643685 0.0116269 9.98918E-05 9.98918E-05 0.00490419 0.0584076 9.98918E-05 0.00925217 0.0236541 9.98918E-05 0.0275354 9.98918E-05 9.98918E-05 0.219736 9.98918E-05
0.667559 9.98829E-05 9.98829E-05 9.98829E-05 0.0380483 9.98829E-05 0.0323172 0.101507 9.98829E-05 9.98829E-05 9.98829E-05 9.98829E-05 9.98829E-05 9.98829E-05 0.0318072 9.98829E-05 9.98829E-05 9.98829E-05 0.0622583 0.0652041
0.588786 9.98649E-05 9.98649E-05 9.98649E-05 9.98649E-05 9.98649E-05 0.0569782 0.0324305 9.98649E-05 9.98649E-05 9.98649E-05 9.98649E-05 9.98649E-05 9.98649E-05 0.0214568 0.298851 9.98649E-05 9.98649E-05 9.98649E-05 9.98649E-05
9.98739E-05 0.108904 9.98739E-05 9.98739E-05 9.98739E-05 9.98739E-05 0.0932989 0.163408 9.98739E-05 9.98739E-05 9.98739E-05 9.98739E-05 9.98739E-05 9.98739E-05 0.0868761 0.0500102 9.98739E-05 9.98739E-05 0.496104 9.98739E-05
0.455506 0.127231 9.98648E-05 9.98648E-05 9.98648E-05 9.98648E-05 0.133278 9.98648E-05 9.98648E-05 9.98648E-05 9.98648E-05 9.98648E-05 9.98648E-05 9.98648E-05 0.212762 9.98648E-05 9.98648E-05 9.98648E-05 0.0697258 9.98648E-05
0.852547 9.9847E-05 9.9847E-05 9.9847E-05 9.9847E-05 9.9847E-05 9.9847E-05 0.0229376 9.9847E-05 9.9847E-05 9.9847E-05 9.9847E-05 9.9847E-05 9.9847E-05 9.9847E-05 9.9847E-05 9.9847E-05 9.9847E-05 9.9847E-05 0.122818
9.98918E-05 0.127156 9.98918E-05 9.98918E-05 9.98918E-05 9.98918E-05 0.127251 0.331259 0.064211 9.98918E-05 9.98918E-05 0.061892 9.98918E-05 9.98918E-05 0.00672193 0.153762 9.98918E-05 9.98918E-05 0.126549 9.98918E-05
0.17255 9.98827E-05 9.98827E-05 9.98827E-05 9.98827E-05 9.98827E-05 9.98827E-05 9.98827E-05 0.0415921 0.224543 9.98827E-05 9.98827E-05 9.98827E-05 0.0132022 0.0082205 0.0563819 9.98827E-05 9.98827E-05 0.482212 9.98827E-05
9.9874E-05 9.9874E-05 0.000289547 9.9874E-05 0.0980736 9.9874E-05 9.9874E-05 9.9874E-05 9.9874E-05 9.9874E-05 9.9874E-05 9.9874E-05 0.0269748 9.9874E-05 0.0259218 9.9874E-05 0.530888 9.9874E-05 9.9874E-05 0.316454
9.98738E-05 0.00720708 9.98738E-05 0.0178844 9.98738E-05 9.98738E-05 9.98738E-05 9.98738E-05 9.98738E-05 9.98738E-05 9.98738E-05 9.98738E-05 0.020076 9.98738E-05 9.98738E-05 9.98738E-05 9.98738E-05 0.0122639 0.107331 0.83384
9.98828E-05 9.98828E-05 0.0507969 9.98828E-05 9.98828E-05 9.98828E-05 0.0155898 0.152089 0.0435135 9.98828E-05 9.98828E-05 9.98828E-05 9.98828E-05 9.98828E-05 9.98828E-05 9.98828E-05 0.122028 9.98828E-05 0.531841 0.0828433
9.98647E-05 0.0078517 9.98647E-05 9.98647E-05 9.98647E-05 0.0161724 9.98647E-05 9.98647E-05 9.98647E-05 9.98647E-05 9.98647E-05 9.98647E-05 9.98647E-05 0.248505 9.98647E-05 9.98647E-05 9.98647E-05 9.98647E-05 0.0971017 0.628871
9.98559E-05 9.98559E-05 9.98559E-05 9.98559E-05 0.0199031 9.98559E-05 9.98559E-05 9.98559E-05 9.98559E-05 9.98559E-05 0.00558823 9.98559E-05 9.98559E-05 9.98559E-05 9.98559E-05 9.98559E-05 0.0599905 9.98559E-05 9.98559E-05 0.91292
9.98828E-05 9.98828E-05 9.98828E-05 0.0309051 9.98828E-05 0.0828821 0.00900753 0.0265201 9.98828E-05 9.98828E-05 9.98828E-05 9.98828E-05 0.370766 9.98828E-05 9.98828E-05 9.98828E-05 9.98828E-05 9.98828E-05 0.0138072 0.464814
9.98649E-05 9.98649E-05 9.98649E-05 9.98649E-05 9.98649E-05 9.98649E-05 9.98649E-05 9.98649E-05 9.98649E-05 0.0131981 0.0300839 9.98649E-05 0.123783 9.98649E-05 9.98649E-05 9.98649E-05 9.98649E-05 9.98649E-05 0.0445079 0.786929
9.9874E-05 9.9874E-05 9.9874E-05 9.9874E-05 9.9874E-05 9.9874E-05 9.9874E-05 0.291084 0.00141331 9.9874E-05 9.9874E-05 9.9874E-05 9.9874E-05 9.9874E-05 0.0495512 0.0071825 9.9874E-05 9.9874E-05 0.441918 0.207453
0.26761 9.9874E-05 9.9874E-05 9.9874E-05 9.9874E-05 0.000766889 9.9874E-05 0.354686 9.9874E-05 9.9874E-05 9.9874E-05 9.9874E-05 9.9874E-05 9.9874E-05 0.0276735 0.244241 9.9874E-05 9.9874E-05 0.103625 9.9874E-05
9.98827E-05 0.0341427 0.0833091 9.98827E-05 9.98827E-05 9.98827E-05 9.98827E-05 0.0410343 9.98827E-05 0.283719 0.0405696 9.98827E-05 9.98827E-05 9.98827E-05 9.98827E-05 9.98827E-05 0.465097 9.98827E-05 0.0508296 9.98827E-05
9.98649E-05 9.98649E-05 9.98649E-05 9.98649E-05 9.98649E-05 9.98649E-05 9.98649E-05 0.663489 0.0122946 9.98649E-05 0.0633037 9.98649E-05 9.98649E-05 9.98649E-05 9.98649E-05 9.98649E-05 9.98649E-05 9.98649E-05 0.135619 0.123796
9.98741E-05 9.98741E-05 0.134471 9.98741E-05 9.98741E-05 9.98741E-05 9.98741E-05 0.159549 0.123272 9.98741E-05 0.0261026 9.98741E-05 9.98741E-05 9.98741E-05 9.98741E-05 9.98741E-05 9.98741E-05 9.98741E-05 0.474521 0.0806866
9.98828E-05 9.98828E-05 9.98828E-05 9.98828E-05 0.0340259 9.98828E-05 9.98828E-05 9.98828E-05 0.101342 0.147131 0.00949102 9.98828E-05 9.98828E-05 9.98828E-05 9.98828E-05 9.98828E-05 0.0730009 9.98828E-05 0.404902 0.228809
