0.0560918 0.0358889 9.9901E-05 0.4101 9.9901E-05 9.9901E-05 9.9901E-05 0.0249009 9.9901E-05 0.026483 0.445437 9.9901E-05 9.9901E-05 9.9901E-05 9.9901E-05 9.9901E-05 9.9901E-05
9.99009E-05 0.036085 9.99009E-05 0.457993 9.99009E-05 9.99009E-05 0.0583724 9.99009E-05 9.99009E-05 0.0248627 0.341707 9.99009E-05 9.99009E-05 0.0798811 9.99009E-05 9.99009E-05 9.99009E-05
0.0123496 0.0393856 0.0140106 0.248323 0.0153556 0.509421 0.0554339 9.99369E-05 9.99369E-05 0.0412072 9.99369E-05 0.0130442 9.99369E-05 9.99369E-05 9.99369E-05 0.05077 9.99369E-05
0.0229644 9.99099E-05 0.0148858 0.156653 0.104946 9.99099E-05 9.99099E-05 0.1655 9.99099E-05 9.99099E-05 0.521978 9.99099E-05 0.0120732 9.99099E-05 9.99099E-05 9.99099E-05 9.99099E-05
9.99098E-05 9.99098E-05 0.0591997 9.99098E-05 0.0256556 9.99098E-05 0.115573 0.3779 9.99098E-05 0.0178259 0.329231 0.073616 9.99098E-05 9.99098E-05 9.99098E-05 9.99098E-05 9.99098E-05
9.99459E-05 0.0241996 0.000909984 0.29587 0.0760324 0.0490816 0.0718426 9.99459E-05 9.99459E-05 0.0494974 9.99459E-05 0.0263588 9.99459E-05 9.99459E-05 0.00932213 0.387417 0.00886902
9.98918E-05 9.98918E-05 9.98918E-05 0.459719 9.98918E-05 0.446538 9.98918E-05 9.98918E-05 9.98918E-05 9.98918E-05 0.0454641 9.98918E-05 0.0179711 9.98918E-05 9.98918E-05 9.98918E-05 0.0291095
9.9892E-05 0.160986 9.9892E-05 0.259378 9.9892E-05 0.118198 0.165653 9.9892E-05 9.9892E-05 9.9892E-05 9.9892E-05 9.9892E-05 9.9892E-05 9.9892E-05 9.9892E-05 0.294586 9.9892E-05
0.00878492 0.0294393 9.99189E-05 0.331675 0.279695 9.99189E-05 9.99189E-05 9.99189E-05 9.99189E-05 9.99189E-05 0.227578 0.0566191 9.99189E-05 9.99189E-05 0.00692344 0.0583861 9.99189E-05
0.029545 9.98918E-05 0.0568392 9.98918E-05 9.98918E-05 0.271312 9.98918E-05 9.98918E-05 9.98918E-05 9.98918E-05 9.98918E-05 9.98918E-05 0.146464 9.98918E-05 9.98918E-05 0.494641 9.98918E-05
0.00796998 9.99279E-05 0.0159365 0.163601 0.253157 9.99279E-05 0.102987 9.99279E-05 9.99279E-05 0.0530039 0.0826493 0.00890951 9.99279E-05 0.310986 9.99279E-05 9.99279E-05 9.99279E-05
9.99009E-05 9.99009E-05 9.99009E-05 9.99009E-05 0.119009 9.99009E-05 0.0328083 9.99009E-05 0.0889457 9.99009E-05 0.433071 9.99009E-05 9.99009E-05 0.0718264 9.99009E-05 0.25324 9.99009E-05
0.00254098 9.99189E-05 9.99189E-05 0.119491 0.387198 0.111102 9.99189E-05 0.114948 9.99189E-05 0.202048 9.99189E-05 0.0205218 0.0412516 9.99189E-05 9.99189E-05 9.99189E-05 9.99189E-05
9.98919E-05 0.0251313 0.0735722 0.479958 9.98919E-05 0.227909 9.98919E-05 9.98919E-05 9.98919E-05 9.98919E-05 9.98919E-05 9.98919E-05 9.98919E-05 9.98919E-05 9.98919E-05 0.192231 9.98919E-05
9.98829E-05 9.98829E-05 9.98829E-05 9.98829E-05 9.98829E-05 9.98829E-05 0.138954 9.98829E-05 9.98829E-05 9.98829E-05 0.356089 9.98829E-05 9.98829E-05 0.419637 9.98829E-05 0.0840216 9.98829E-05
0.00807128 9.99188E-05 9.99188E-05 0.106604 0.0143192 0.376393 9.99188E-05 9.99188E-05 9.99188E-05 9.99188E-05 9.99188E-05 0.013399 0.257968 9.99188E-05 9.99188E-05 0.190401 0.0319452
9.98919E-05 9.98919E-05 9.98919E-05 0.601728 9.98919E-05 0.347569 9.98919E-05 9.98919E-05 9.98919E-05 9.98919E-05 0.0395278 9.98919E-05 0.00879225 9.98919E-05 9.98919E-05 0.00118402 9.98919E-05
9.99008E-05 9.99008E-05 9.99008E-05 0.464548 9.99008E-05 0.385874 0.0587881 9.99008E-05 9.99008E-05 0.0317054 9.99008E-05 9.99008E-05 9.99008E-05 0.0415903 9.99008E-05 0.0163957 9.99008E-05
9.9919E-05 9.9919E-05 9.9919E-05 0.21065 0.176617 0.0444322 9.9919E-05 9.9919E-05 0.151877 0.072848 0.317499 9.9919E-05 9.9919E-05 9.9919E-05 0.0196485 0.00552879 9.9919E-05
0.735142 9.98829E-05 9.98829E-05 9.98829E-05 9.98829E-05 9.98829E-05 9.98829E-05 0.143621 9.98829E-05 9.98829E-05 9.98829E-05 0.0379199 9.98829E-05 0.082019 9.98829E-05 9.98829E-05 9.98829E-05
0.768281 9.98654E-05 9.98654E-05 9.98654E-05 9.98654E-05 9.98654E-05 9.98654E-05 0.230221 9.98654E-05 9.98654E-05 9.98654E-05 9.98654E-05 9.98654E-05 9.98654E-05 9.98654E-05 9.98654E-05 9.98654E-05
0.858518 9.99008E-05 9.99008E-05 0.0230794 9.99008E-05 9.99008E-05 9.99008E-05 0.0346714 9.99008E-05 0.0188212 9.99008E-05 9.99008E-05 9.99008E-05 9.99008E-05 0.0124852 0.0513255 9.99008E-05
0.614976 9.99009E-05 9.99009E-05 9.99009E-05 0.0405661 9.99009E-05 9.99009E-05 0.0952675 0.223597 9.99009E-05 0.00682315 0.0176712 9.99009E-05 9.99009E-05 9.99009E-05 9.99009E-05 9.99009E-05
0.716783 0.00982519 9.98919E-05 9.98919E-05 0.203304 9.98919E-05 9.98919E-05 9.98919E-05 9.98919E-05 9.98919E-05 0.0276915 9.98919E-05 9.98919E-05 0.041198 9.98919E-05 9.98919E-05 9.98919E-05
0.411426 0.00737307 9.99097E-05 0.111643 9.99097E-05 0.102422 9.99097E-05 9.99097E-05 9.99097E-05 9.99097E-05 9.99097E-05 9.99097E-05 9.99097E-05 9.99097E-05 0.0515807 0.103155 0.211401
0.28416 0.0502821 0.00213813 9.99278E-05 0.0650754 9.99278E-05 0.0546769 9.99278E-05 9.99278E-05 9.99278E-05 0.111173 0.0651908 9.99278E-05 0.064661 0.301842 9.99278E-05 9.99278E-05
0.229114 9.98919E-05 9.98919E-05 9.98919E-05 9.98919E-05 0.0707247 9.98919E-05 9.98919E-05 9.98919E-05 9.98919E-05 9.98919E-05 0.0472772 0.407358 9.98919E-05 9.98919E-05 9.98919E-05 0.244328
0.144232 0.150661 9.99008E-05 9.99008E-05 9.99008E-05 9.99008E-05 0.0203656 0.467688 9.99008E-05 9.99008E-05 9.99008E-05 0.0473445 9.99008E-05 9.99008E-05 0.16861 9.99008E-05 9.99008E-05
0.804842 9.99098E-05 9.99098E-05 0.0394651 9.99098E-05 9.99098E-05 9.99098E-05 9.99098E-05 9.99098E-05 0.0481476 9.99098E-05 9.99098E-05 0.0180139 9.99098E-05 0.0355968 0.0416783 0.0112568
0.852702 9.98829E-05 9.98829E-05 9.98829E-05 0.135828 9.98829E-05 9.98829E-05 0.00381282 0.00635939 9.98829E-05 9.98829E-05 9.98829E-05 9.98829E-05 9.98829E-05 9.98829E-05 9.98829E-05 9.98829E-05
0.560893 9.99011E-05 9.99011E-05 9.99011E-05 0.00964288 0.0892201 9.99011E-05 9.99011E-05 0.136778 9.99011E-05 9.99011E-05 9.99011E-05 0.123593 9.99011E-05 9.99011E-05 9.99011E-05 0.0787742
0.0183161 9.99008E-05 9.99008E-05 0.0261439 9.99008E-05 9.99008E-05 9.99008E-05 9.99008E-05 9.99008E-05 0.082522 9.99008E-05 9.99008E-05 0.0196497 9.99008E-05 0.668565 9.99008E-05 0.183704
0.577523 9.98827E-05 9.98827E-05 9.98827E-05 9.98827E-05 0.164382 9.98827E-05 9.98827E-05 9.98827E-05 9.98827E-05 9.98827E-05 9.98827E-05 0.153325 9.98827E-05 9.98827E-05 9.98827E-05 0.103471
0.617377 9.98918E-05 9.98918E-05 0.170111 9.98918E-05 0.0847649 9.98918E-05 9.98918E-05 9.98918E-05 9.98918E-05 9.98918E-05 9.98918E-05 9.98918E-05 9.98918E-05 0.0257095 9.98918E-05 0.100839
0.828395 9.98649E-05 9.98649E-05 9.98649E-05 0.170107 9.98649E-05 9.98649E-05 9.98649E-05 9.98649E-05 9.98649E-05 9.98649E-05 9.98649E-05 9.98649E-05 9.98649E-05 9.98649E-05 9.98649E-05 9.98649E-05
0.73015 9.99009E-05 9.99009E-05 9.99009E-05 0.00237478 9.99009E-05 9.99009E-05 0.0074605 9.99009E-05 9.99009E-05 0.0875162 0.0535179 9.99009E-05 0.117882 9.99009E-05 9.99009E-05 9.99009E-05
0.689412 9.9865E-05 9.9865E-05 9.9865E-05 9.9865E-05 9.9865E-05 9.9865E-05 9.9865E-05 9.9865E-05 9.9865E-05 9.9865E-05 9.9865E-05 9.9865E-05 0.30909 9.9865E-05 9.9865E-05 9.9865E-05
0.6814 9.98829E-05 9.98829E-05 9.98829E-05 9.98829E-05 9.98829E-05 9.98829E-05 9.98829E-05 0.212534 9.98829E-05 0.0762596 0.0285078 9.98829E-05 9.98829E-05 9.98829E-05 9.98829E-05 9.98829E-05
9.98827E-05 9.98827E-05 9.98827E-05 0.107448 9.98827E-05 9.98827E-05 9.98827E-05 9.98827E-05 9.98827E-05 9.98827E-05 9.98827E-05 0.532035 9.98827E-05 9.98827E-05 9.98827E-05 0.00205898 0.357159
9.99009E-05 9.99009E-05 9.99009E-05 9.99009E-05 9.99009E-05 9.99009E-05 0.000767229 0.117776 9.99009E-05 0.0598702 0.00482499 9.99009E-05 0.00699501 9.99009E-05 9.99009E-05 9.99009E-05 0.808667
0.0200352 0.0639486 0.101352 9.99009E-05 9.99009E-05 0.108623 9.99009E-05 9.99009E-05 9.99009E-05 9.99009E-05 9.99009E-05 9.99009E-05 0.117352 9.99009E-05 9.99009E-05 9.99009E-05 0.587591
9.99009E-05 0.0296608 9.99009E-05 9.99009E-05 9.99009E-05 9.99009E-05 9.99009E-05 0.184805 0.251669 9.99009E-05 9.99009E-05 0.201705 9.99009E-05 9.99009E-05 0.0831101 9.99009E-05 0.247951
0.240506 9.98917E-05 9.98917E-05 0.0881458 9.98917E-05 9.98917E-05 9.98917E-05 9.98917E-05 9.98917E-05 9.98917E-05 9.98917E-05 0.178074 9.98917E-05 9.98917E-05 9.98917E-05 0.0568004 0.435275
0.0386617 9.99279E-05 0.0672658 9.99279E-05 9.99279E-05 0.0134508 0.0188524 9.99279E-05 9.99279E-05 0.0145847 9.99279E-05 9.99279E-05 9.99279E-05 0.129191 0.0335802 0.0199504 0.663664
9.98828E-05 9.98828E-05 9.98828E-05 9.98828E-05 9.98828E-05 9.98828E-05 9.98828E-05 9.98828E-05 0.193646 9.98828E-05 0.181803 0.00330806 9.98828E-05 9.98828E-05 0.619945 9.98828E-05 9.98828E-05
9.98919E-05 9.98919E-05 9.98919E-05 9.98919E-05 0.103715 9.98919E-05 0.163928 9.98919E-05 9.98919E-05 9.98919E-05 0.0300179 0.590826 9.98919E-05 9.98919E-05 9.98919E-05 9.98919E-05 0.110314
0.154574 9.99008E-05 0.00712454 0.035238 9.99008E-05 0.172147 9.99008E-05 9.99008E-05 9.99008E-05 9.99008E-05 9.99008E-05 9.99008E-05 9.99008E-05 9.99008E-05 9.99008E-05 0.00637894 0.623438
9.98918E-05 0.013704 9.98918E-05 0.052859 9.98918E-05 9.98918E-05 9.98918E-05 9.98918E-05 9.98918E-05 9.98918E-05 9.98918E-05 0.407803 9.98918E-05 9.98918E-05 9.98918E-05 0.0695815 0.454853
9.98739E-05 9.98739E-05 9.98739E-05 9.98739E-05 9.98739E-05 9.98739E-05 9.98739E-05 0.0847158 9.98739E-05 9.98739E-05 9.98739E-05 9.98739E-05 0.484254 9.98739E-05 9.98739E-05 9.98739E-05 0.429632
9.9901E-05 0.0930493 9.9901E-05 0.00645235 9.9901E-05 9.9901E-05 0.164123 9.9901E-05 0.00339782 9.9901E-05 9.9901E-05 0.468799 9.9901E-05 9.9901E-05 9.9901E-05 9.9901E-05 0.26308
9.98828E-05 9.98828E-05 9.98828E-05 9.98828E-05 9.98828E-05 9.98828E-05 9.98828E-05 0.154466 9.98828E-05 9.98828E-05 9.98828E-05 0.069858 0.0470064 9.98828E-05 9.98828E-05 9.98828E-05 0.727372
0.0165883 9.99009E-05 9.99009E-05 9.99009E-05 0.0658268 9.99009E-05 9.99009E-05 0.424955 0.001169 9.99009E-05 9.99009E-05 0.123495 9.99009E-05 9.99009E-05 9.99009E-05 9.99009E-05 0.366867
0.0590988 9.99098E-05 0.0278177 9.99098E-05 0.111292 9.99098E-05 9.99098E-05 9.99098E-05 9.99098E-05 9.99098E-05 9.99098E-05 0.303776 9.99098E-05 0.236906 0.205715 9.99098E-05 0.0543952
9.99044E-05 0.0672858 9.99044E-05 9.99044E-05 0.201506 9.99044E-05 0.0770083 9.99044E-05 9.99044E-05 9.99044E-05 9.99044E-05 0.218883 9.99044E-05 0.175691 9.99044E-05 9.99044E-05 0.258527
0.00534902 0.0396076 9.9928E-05 9.9928E-05 9.9928E-05 9.9928E-05 9.9928E-05 0.0740508 0.366754 9.9928E-05 0.0755131 0.184139 9.9928E-05 0.000815691 0.108442 9.9928E-05 0.144529
0.35039 0.208614 9.98919E-05 9.98919E-05 0.00348229 9.98919E-05 9.98919E-05 9.98919E-05 0.396692 9.98919E-05 0.0396227 9.98919E-05 9.98919E-05 9.98919E-05 9.98919E-05 9.98919E-05 9.98919E-05
9.99007E-05 9.99007E-05 9.99007E-05 0.0585725 9.99007E-05 9.99007E-05 9.99007E-05 9.99007E-05 9.99007E-05 0.0574211 9.99007E-05 0.256975 9.99007E-05 9.99007E-05 0.0663279 0.0299676 0.529637
9.98918E-05 0.320469 9.98918E-05 9.98918E-05 9.98918E-05 9.98918E-05 9.98918E-05 0.294006 9.98918E-05 9.98918E-05 9.98918E-05 0.138328 0.0237224 9.98918E-05 9.98918E-05 9.98918E-05 0.222276
9.99368E-05 0.0468489 9.99368E-05 0.0276476 9.99368E-05 9.99368E-05 0.00595264 0.0302853 9.99368E-05 0.0524805 9.99368E-05 9.99368E-05 0.0244266 0.00133477 0.0137711 0.00743011 0.789123
9.98738E-05 9.98738E-05 9.98738E-05 9.98738E-05 9.98738E-05 9.98738E-05 9.98738E-05 0.141146 9.98738E-05 9.98738E-05 9.98738E-05 0.719542 9.98738E-05 9.98738E-05 9.98738E-05 9.98738E-05 0.137914
0.0350723 9.99008E-05 9.99008E-05 0.106772 0.0178358 9.99008E-05 9.99008E-05 9.99008E-05 9.99008E-05 9.99008E-05 9.99008E-05 0.568923 9.99008E-05 9.99008E-05 0.144989 9.99008E-05 0.125309
9.99008E-05 0.0598323 9.99008E-05 9.99008E-05 9.99008E-05 9.99008E-05 0.103974 9.99008E-05 9.99008E-05 9.99008E-05 0.0601391 0.423061 9.99008E-05 0.0476488 9.99008E-05 9.99008E-05 0.304246
9.99099E-05 9.99099E-05 9.99099E-05 0.0176383 9.99099E-05 0.0516049 9.99099E-05 9.99099E-05 9.99099E-05 0.129777 9.99099E-05 0.0224169 0.0452138 9.99099E-05 0.51217 9.99099E-05 0.22018
0.0464338 9.98739E-05 9.98739E-05 9.98739E-05 9.98739E-05 9.98739E-05 9.98739E-05 9.98739E-05 0.330661 9.98739E-05 9.98739E-05 0.621507 9.98739E-05 9.98739E-05 9.98739E-05 9.98739E-05 9.98739E-05
9.98828E-05 0.0841594 9.98828E-05 9.98828E-05 9.98828E-05 0.471396 9.98828E-05 9.98828E-05 9.98828E-05 9.98828E-05 9.98828E-05 0.282766 9.98828E-05 9.98828E-05 9.98828E-05 9.98828E-05 0.16038
0.0424802 0.0115378 9.99098E-05 0.0552111 0.208641 9.99098E-05 9.99098E-05 9.99098E-05 9.99098E-05 9.99098E-05 9.99098E-05 0.161024 9.99098E-05 0.0876584 0.432448 9.99098E-05 9.99098E-05
9.9883E-05 9.9883E-05 9.9883E-05 9.9883E-05 9.9883E-05 9.9883E-05 0.0482973 0.0353314 0.029585 9.9883E-05 9.9883E-05 0.885488 9.9883E-05 9.9883E-05 9.9883E-05 9.9883E-05 9.9883E-05
9.98921E-05 9.98921E-05 9.98921E-05 9.98921E-05 9.98921E-05 0.0234616 9.98921E-05 0.0204976 9.98921E-05 9.98921E-05 9.98921E-05 0.769213 0.0275231 0.158106 9.98921E-05 9.98921E-05 9.98921E-05
9.99007E-05 0.0458091 9.99007E-05 0.0322459 9.99007E-05 0.0287291 9.99007E-05 9.99007E-05 9.99007E-05 9.99007E-05 0.0446553 0.00804943 9.99007E-05 9.99007E-05 0.839412 9.99007E-05 9.99007E-05
0.133529 9.99008E-05 0.0144006 0.106573 9.99008E-05 9.99008E-05 9.99008E-05 9.99008E-05 9.99008E-05 9.99008E-05 9.99008E-05 9.99008E-05 9.99008E-05 9.99008E-05 0.662873 0.0233747 0.0581504
9.98738E-05 9.98738E-05 9.98738E-05 9.98738E-05 9.98738E-05 9.98738E-05 9.98738E-05 9.98738E-05 9.98738E-05 9.98738E-05 9.98738E-05 9.98738E-05 0.290027 9.98738E-05 0.595305 9.98738E-05 0.113269
9.98829E-05 9.98829E-05 9.98829E-05 9.98829E-05 9.98829E-05 0.441804 9.98829E-05 9.98829E-05 9.98829E-05 9.98829E-05 9.98829E-05 0.229623 9.98829E-05 9.98829E-05 0.00249784 9.98829E-05 0.324777
0.653405 9.98829E-05 9.98829E-05 9.98829E-05 9.98829E-05 9.98829E-05 0.0875544 9.98829E-05 0.203413 9.98829E-05 0.05433 9.98829E-05 9.98829E-05 9.98829E-05 9.98829E-05 9.98829E-05 9.98829E-05
9.99007E-05 9.99007E-05 9.99007E-05 0.0157609 9.99007E-05 0.15072 9.99007E-05 9.99007E-05 9.99007E-05 0.0455382 9.99007E-05 0.391759 0.0652293 9.99007E-05 9.99007E-05 9.99007E-05 0.329893
9.98828E-05 9.98828E-05 9.98828E-05 9.98828E-05 9.98828E-05 9.98828E-05 9.98828E-05 0.00190923 9.98828E-05 9.98828E-05 9.98828E-05 0.546109 9.98828E-05 0.0118289 0.438854 9.98828E-05 9.98828E-05
9.98738E-05 9.98738E-05 9.98738E-05 9.98738E-05 0.220346 9.98738E-05 9.98738E-05 9.98738E-05 9.98738E-05 9.98738E-05 0.132795 9.98738E-05 9.98738E-05 9.98738E-05 0.645462 9.98738E-05 9.98738E-05
0.697098 9.98827E-05 9.98827E-05 9.98827E-05 9.98827E-05 0.143707 9.98827E-05 9.98827E-05 9.98827E-05 9.98827E-05 9.98827E-05 9.98827E-05 0.062715 9.98827E-05 9.98827E-05 9.98827E-05 0.0951824
0.133317 9.9892E-05 9.9892E-05 9.9892E-05 9.9892E-05 0.287354 9.9892E-05 9.9892E-05 9.9892E-05 9.9892E-05 9.9892E-05 9.9892E-05 0.213583 9.9892E-05 0.110173 9.9892E-05 0.254374
0.678383 9.98827E-05 9.98827E-05 0.0866123 9.98827E-05 0.0637839 9.98827E-05 9.98827E-05 9.98827E-05 9.98827E-05 9.98827E-05 9.98827E-05 9.98827E-05 9.98827E-05 9.98827E-05 9.98827E-05 0.169922
0.227743 0.0499292 9.99278E-05 0.0153999 9.99278E-05 9.99278E-05 9.99278E-05 0.0993215 9.99278E-05 0.0378113 9.99278E-05 9.99278E-05 0.00738493 9.99278E-05 0.482633 0.0106609 0.0683171
0.0833349 9.98919E-05 9.98919E-05 9.98919E-05 9.98919E-05 9.98919E-05 9.98919E-05 0.0962764 9.98919E-05 9.98919E-05 9.98919E-05 9.98919E-05 0.425033 9.98919E-05 0.168809 9.98919E-05 0.225348
0.213923 9.99009E-05 9.99009E-05 9.99009E-05 0.242221 9.99009E-05 9.99009E-05 9.99009E-05 0.0693975 9.99009E-05 9.99009E-05 0.34245 9.99009E-05 9.99009E-05 0.00576559 9.99009E-05 0.125144
9.98828E-05 9.98828E-05 9.98828E-05 9.98828E-05 0.130104 9.98828E-05 9.98828E-05 0.10705 9.98828E-05 9.98828E-05 9.98828E-05 0.377087 9.98828E-05 9.98828E-05 9.98828E-05 9.98828E-05 0.384461
0.0697049 0.101974 9.9919E-05 9.9919E-05 0.287333 9.9919E-05 9.9919E-05 0.130896 0.00036858 9.9919E-05 9.9919E-05 0.0485039 9.9919E-05 9.9919E-05 0.00182524 9.9919E-05 0.358495
9.98918E-05 9.98918E-05 0.0220459 9.98918E-05 9.98918E-05 0.169888 9.98918E-05 9.98918E-05 9.98918E-05 9.98918E-05 9.98918E-05 0.273032 0.0479022 9.98918E-05 9.98918E-05 9.98918E-05 0.485932
0.0619168 9.99008E-05 9.99008E-05 9.99008E-05 9.99008E-05 9.99008E-05 9.99008E-05 0.241804 9.99008E-05 9.99008E-05 9.99008E-05 0.548655 9.99008E-05 9.99008E-05 0.0383979 0.00762723 0.1005
9.99009E-05 0.0187265 9.99009E-05 9.99009E-05 0.0515433 9.99009E-05 9.99009E-05 9.99009E-05 0.0294789 9.99009E-05 0.0515178 0.827796 9.99009E-05 9.99009E-05 0.0198386 9.99009E-05 9.99009E-05
0.208377 0.594867 0.00246871 0.0855838 9.99007E-05 0.0598481 9.99007E-05 9.99007E-05 9.99007E-05 9.99007E-05 9.99007E-05 9.99007E-05 9.99007E-05 9.99007E-05 9.99007E-05 0.0477568 9.99007E-05
9.98737E-05 0.37862 9.98737E-05 9.98737E-05 9.98737E-05 0.201321 9.98737E-05 9.98737E-05 9.98737E-05 9.98737E-05 9.98737E-05 9.98737E-05 9.98737E-05 9.98737E-05 9.98737E-05 9.98737E-05 0.418661
0.160608 0.620275 9.98828E-05 9.98828E-05 9.98828E-05 9.98828E-05 0.141716 9.98828E-05 9.98828E-05 9.98828E-05 9.98828E-05 9.98828E-05 9.98828E-05 9.98828E-05 0.0761022 9.98828E-05 9.98828E-05
9.98827E-05 0.534867 9.98827E-05 9.98827E-05 9.98827E-05 0.201039 9.98827E-05 9.98827E-05 9.98827E-05 9.98827E-05 9.98827E-05 0.00156364 9.98827E-05 9.98827E-05 9.98827E-05 9.98827E-05 0.261232
9.98737E-05 0.714682 9.98737E-05 9.98737E-05 9.98737E-05 0.160182 9.98737E-05 9.98737E-05 9.98737E-05 9.98737E-05 9.98737E-05 9.98737E-05 9.98737E-05 9.98737E-05 9.98737E-05 9.98737E-05 0.123738
9.99008E-05 0.761776 9.99008E-05 9.99008E-05 9.99008E-05 9.99008E-05 0.0814506 0.00384821 0.0024522 9.99008E-05 0.115053 0.0343212 9.99008E-05 9.99008E-05 9.99008E-05 9.99008E-05 9.99008E-05
9.98918E-05 0.355297 9.98918E-05 0.148636 9.98918E-05 0.0158582 9.98918E-05 9.98918E-05 9.98918E-05 9.98918E-05 9.98918E-05 0.244976 9.98918E-05 9.98918E-05 9.98918E-05 9.98918E-05 0.234035
9.98828E-05 0.80481 9.98828E-05 0.0445589 9.98828E-05 9.98828E-05 9.98828E-05 9.98828E-05 9.98828E-05 9.98828E-05 9.98828E-05 9.98828E-05 9.98828E-05 9.98828E-05 9.98828E-05 0.0375619 0.11177
9.98829E-05 9.98829E-05 9.98829E-05 9.98829E-05 9.98829E-05 9.98829E-05 9.98829E-05 9.98829E-05 9.98829E-05 0.596861 9.98829E-05 9.98829E-05 0.383014 9.98829E-05 0.00305872 9.98829E-05 0.0157679
0.00607151 9.9919E-05 9.9919E-05 9.9919E-05 0.0318865 0.00472696 0.00317081 0.0870727 9.9919E-05 0.564955 9.9919E-05 9.9919E-05 0.156495 9.9919E-05 9.9919E-05 9.9919E-05 0.144723
9.98919E-05 9.98919E-05 9.98919E-05 9.98919E-05 9.98919E-05 9.98919E-05 9.98919E-05 0.178665 0.108382 0.704662 9.98919E-05 9.98919E-05 0.00554298 9.98919E-05 9.98919E-05 9.98919E-05 0.00155
9.9883E-05 0.0291055 9.9883E-05 9.9883E-05 9.9883E-05 9.9883E-05 0.435143 9.9883E-05 0.0155354 0.518917 9.9883E-05 9.9883E-05 9.9883E-05 9.9883E-05 9.9883E-05 9.9883E-05 9.9883E-05
9.98828E-05 0.00603342 0.0651642 9.98828E-05 9.98828E-05 9.98828E-05 9.98828E-05 9.98828E-05 9.98828E-05 0.633358 9.98828E-05 9.98828E-05 0.294146 9.98828E-05 9.98828E-05 9.98828E-05 9.98828E-05
9.99188E-05 0.0606421 9.99188E-05 0.494713 0.0147728 9.99188E-05 0.148742 9.99188E-05 0.0453306 0.18805 0.0177407 0.0291094 9.99188E-05 9.99188E-05 9.99188E-05 9.99188E-05 9.99188E-05
9.98648E-05 9.98648E-05 9.98648E-05 9.98648E-05 9.98648E-05 0.499789 9.98648E-05 9.98648E-05 9.98648E-05 0.498713 9.98648E-05 9.98648E-05 9.98648E-05 9.98648E-05 9.98648E-05 9.98648E-05 9.98648E-05
9.98739E-05 9.98739E-05 9.98739E-05 9.98739E-05 9.98739E-05 9.98739E-05 9.98739E-05 9.98739E-05 9.98739E-05 0.725822 9.98739E-05 9.98739E-05 0.263851 9.98739E-05 9.98739E-05 9.98739E-05 0.00892944
0.0260136 9.99099E-05 9.99099E-05 0.0435095 9.99099E-05 9.99099E-05 9.99099E-05 9.99099E-05 9.99099E-05 0.760183 9.99099E-05 9.99099E-05 0.0110031 0.012698 0.0315438 0.11405 9.99099E-05
9.98918E-05 9.98918E-05 9.98918E-05 9.98918E-05 9.98918E-05 9.98918E-05 9.98918E-05 0.317717 9.98918E-05 0.393242 0.0939586 0.063219 9.98918E-05 0.130665 9.98918E-05 9.98918E-05 9.98918E-05
9.98919E-05 9.98919E-05 0.124244 9.98919E-05 9.98919E-05 9.98919E-05 9.98919E-05 0.00924913 9.98919E-05 0.230147 9.98919E-05 9.98919E-05 0.577493 9.98919E-05 9.98919E-05 9.98919E-05 0.0576677
9.99009E-05 9.99009E-05 0.0658852 9.99009E-05 9.99009E-05 0.00120557 9.99009E-05 0.0595827 9.99009E-05 0.415872 0.0802492 9.99009E-05 9.99009E-05 0.376106 9.99009E-05 9.99009E-05 9.99009E-05
9.98829E-05 9.98829E-05 9.98829E-05 0.0424878 9.98829E-05 9.98829E-05 9.98829E-05 9.98829E-05 9.98829E-05 0.769339 9.98829E-05 9.98829E-05 0.160046 9.98829E-05 9.98829E-05 9.98829E-05 0.0268282
9.99099E-05 0.00597951 9.99099E-05 0.216781 0.0261021 9.99099E-05 9.99099E-05 9.99099E-05 9.99099E-05 0.563937 9.99099E-05 0.0455226 9.99099E-05 0.127912 0.0127668 9.99099E-05 9.99099E-05
0.0244617 9.99098E-05 0.0275469 0.0860267 9.99098E-05 9.99098E-05 9.99098E-05 0.227969 9.99098E-05 0.528392 9.99098E-05 9.99098E-05 0.0361163 9.99098E-05 9.99098E-05 0.0684885 9.99098E-05
0.036848 9.99279E-05 9.99279E-05 0.357431 9.99279E-05 0.204241 9.99279E-05 9.99279E-05 9.99279E-05 0.310502 0.00176732 9.99279E-05 0.0329924 0.005327 0.00422961 0.0458631 9.99279E-05
9.99008E-05 0.00253002 9.99008E-05 9.99008E-05 0.261261 9.99008E-05 0.0609151 9.99008E-05 9.99008E-05 0.449702 0.135096 0.0893973 9.99008E-05 9.99008E-05 9.99008E-05 9.99008E-05 9.99008E-05
9.98917E-05 9.98917E-05 9.98917E-05 9.98917E-05 0.00432785 9.98917E-05 9.98917E-05 0.101275 0.516837 0.337344 0.0390175 9.98917E-05 9.98917E-05 9.98917E-05 9.98917E-05 9.98917E-05 9.98917E-05
0.0839179 9.99099E-05 9.99099E-05 9.99099E-05 9.99099E-05 9.99099E-05 9.99099E-05 0.00826074 9.99099E-05 0.630882 9.99099E-05 0.00334291 0.000920039 9.99099E-05 9.99099E-05 0.155843 0.115834
9.99009E-05 9.99009E-05 9.99009E-05 0.0578645 9.99009E-05 0.16996 9.99009E-05 9.99009E-05 0.00794062 0.730579 9.99009E-05 9.99009E-05 0.0201248 9.99009E-05 9.99009E-05 9.99009E-05 0.0124318
0.0336363 9.99098E-05 0.00149779 9.99098E-05 9.99098E-05 9.99098E-05 0.0518829 0.284396 9.99098E-05 0.549267 9.99098E-05 9.99098E-05 9.99098E-05 0.037029 9.99098E-05 0.0412923 9.99098E-05
9.98828E-05 9.98828E-05 9.98828E-05 9.98828E-05 0.106061 9.98828E-05 9.98828E-05 0.413411 0.040953 0.438277 9.98828E-05 9.98828E-05 9.98828E-05 9.98828E-05 9.98828E-05 9.98828E-05 9.98828E-05
9.99099E-05 9.99099E-05 0.0962038 0.240805 9.99099E-05 9.99099E-05 0.272841 0.209045 9.99099E-05 9.99099E-05 0.0665659 0.0610129 9.99099E-05 0.0525275 9.99099E-05 9.99099E-05 9.99099E-05
9.98917E-05 0.000396223 0.622889 9.98917E-05 9.98917E-05 0.196612 9.98917E-05 9.98917E-05 9.98917E-05 9.98917E-05 0.030148 9.98917E-05 9.98917E-05 9.98917E-05 9.98917E-05 0.148756 9.98917E-05
9.99008E-05 9.99008E-05 0.0149861 0.25466 0.098823 9.99008E-05 0.0392736 0.0283234 0.562835 9.99008E-05 9.99008E-05 9.99008E-05 9.99008E-05 9.99008E-05 9.99008E-05 9.99008E-05 9.99008E-05
0.0244547 9.99009E-05 0.0788586 0.743647 9.99009E-05 9.99009E-05 9.99009E-05 0.00851673 9.99009E-05 9.99009E-05 9.99009E-05 9.99009E-05 0.125072 9.99009E-05 9.99009E-05 9.99009E-05 0.0183525
9.98737E-05 9.98737E-05 0.635615 9.98737E-05 9.98737E-05 9.98737E-05 9.98737E-05 9.98737E-05 9.98737E-05 9.98737E-05 9.98737E-05 9.98737E-05 0.352366 9.98737E-05 9.98737E-05 9.98737E-05 0.0106202
9.98918E-05 9.98918E-05 9.98918E-05 0.202304 0.29897 9.98918E-05 9.98918E-05 9.98918E-05 0.0509419 9.98918E-05 0.175315 9.98918E-05 9.98918E-05 0.27127 9.98918E-05 9.98918E-05 9.98918E-05
9.98828E-05 9.98828E-05 0.788746 9.98828E-05 9.98828E-05 9.98828E-05 9.98828E-05 0.0531194 9.98828E-05 9.98828E-05 0.0100856 9.98828E-05 9.98828E-05 0.146751 9.98828E-05 9.98828E-05 9.98828E-05
9.99279E-05 0.0249624 0.0225289 0.564804 0.123858 0.0434601 0.0387615 0.0107649 9.99279E-05 0.0522262 9.99279E-05 0.117834 9.99279E-05 9.99279E-05 9.99279E-05 9.99279E-05 9.99279E-05
0.00464289 9.99009E-05 0.647157 9.99009E-05 0.302089 9.99009E-05 9.99009E-05 0.020105 0.017642 9.99009E-05 9.99009E-05 9.99009E-05 9.99009E-05 9.99009E-05 9.99009E-05 0.00726528 9.99009E-05
9.98829E-05 9.98829E-05 0.32258 0.134681 9.98829E-05 0.436609 9.98829E-05 9.98829E-05 9.98829E-05 9.98829E-05 9.98829E-05 9.98829E-05 0.104832 9.98829E-05 9.98829E-05 9.98829E-05 9.98829E-05
9.99278E-05 9.99278E-05 0.0870922 0.0645334 0.323356 9.99278E-05 0.132832 0.116865 9.99278E-05 9.99278E-05 0.00531527 0.0690148 9.99278E-05 0.180169 9.99278E-05 0.0200231 9.99278E-05
9.98829E-05 9.98829E-05 0.579092 9.98829E-05 9.98829E-05 9.98829E-05 9.98829E-05 0.020534 0.349267 9.98829E-05 0.0498081 9.98829E-05 9.98829E-05 9.98829E-05 9.98829E-05 9.98829E-05 9.98829E-05
9.98738E-05 9.98738E-05 0.572428 9.98738E-05 9.98738E-05 0.135494 9.98738E-05 9.98738E-05 9.98738E-05 9.98738E-05 9.98738E-05 9.98738E-05 0.29068 9.98738E-05 9.98738E-05 9.98738E-05 9.98738E-05
9.99098E-05 9.99098E-05 9.99098E-05 0.112057 0.131571 9.99098E-05 0.23242 0.0186345 0.0417987 9.99098E-05 0.275607 9.99098E-05 9.99098E-05 0.186913 9.99098E-05 9.99098E-05 9.99098E-05
9.98828E-05 9.98828E-05 0.449589 9.98828E-05 0.35631 9.98828E-05 9.98828E-05 9.98828E-05 9.98828E-05 9.98828E-05 0.164019 0.0287835 9.98828E-05 9.98828E-05 9.98828E-05 9.98828E-05 9.98828E-05
9.99008E-05 9.99008E-05 9.99008E-05 0.255525 0.477826 0.0343114 9.99008E-05 9.99008E-05 0.0700885 9.99008E-05 0.125347 9.99008E-05 9.99008E-05 0.0358035 9.99008E-05 9.99008E-05 9.99008E-05
9.98738E-05 9.98738E-05 0.551146 9.98738E-05 9.98738E-05 0.0231292 9.98738E-05 9.98738E-05 9.98738E-05 9.98738E-05 9.98738E-05 9.98738E-05 0.424326 9.98738E-05 9.98738E-05 9.98738E-05 9.98738E-05
9.99008E-05 0.00720796 0.193659 9.99008E-05 0.717346 9.99008E-05 0.0126769 9.99008E-05 0.064545 9.99008E-05 9.99008E-05 0.00346625 9.99008E-05 9.99008E-05 9.99008E-05 9.99008E-05 9.99008E-05
9.99098E-05 9.99098E-05 9.99098E-05 0.168401 0.073884 9.99098E-05 0.36646 0.11297 9.99098E-05 9.99098E-05 0.0144783 0.0246115 9.99098E-05 0.238196 9.99098E-05 9.99098E-05 9.99098E-05
9.98918E-05 0.0831522 0.146693 0.686044 9.98918E-05 9.98918E-05 0.0652293 9.98918E-05 9.98918E-05 9.98918E-05 9.98918E-05 9.98918E-05 9.98918E-05 0.0176829 9.98918E-05 9.98918E-05 9.98918E-05
0.0270278 9.99371E-05 9.99371E-05 0.266534 9.99371E-05 0.0387381 0.0330032 0.212328 0.338658 9.99371E-05 0.0172338 0.00681643 0.057223 9.99371E-05 9.99371E-05 9.99371E-05 0.0017382
0.0303966 9.99009E-05 0.113903 0.313623 0.180374 9.99009E-05 9.99009E-05 0.105293 0.255312 9.99009E-05 9.99009E-05 9.99009E-05 9.99009E-05 9.99009E-05 9.99009E-05 9.99009E-05 9.99009E-05
9.98827E-05 9.98827E-05 0.569388 0.118266 9.98827E-05 0.0272192 9.98827E-05 9.98827E-05 9.98827E-05 9.98827E-05 9.98827E-05 9.98827E-05 0.283827 9.98827E-05 9.98827E-05 9.98827E-05 9.98827E-05
0.0172687 9.99278E-05 9.99278E-05 0.109326 0.469973 0.0927254 0.0455651 9.99278E-05 9.99278E-05 9.99278E-05 9.99278E-05 9.99278E-05 9.99278E-05 0.0546395 0.035418 0.151254 0.0230304
9.99007E-05 0.0269044 0.620608 0.244073 9.99007E-05 9.99007E-05 0.0723945 9.99007E-05 9.99007E-05 9.99007E-05 9.99007E-05 9.99007E-05 9.99007E-05 9.99007E-05 0.0265823 0.00833846 9.99007E-05
0.00982378 9.99189E-05 0.0853092 0.295444 9.99189E-05 9.99189E-05 9.99189E-05 9.99189E-05 9.99189E-05 0.211887 9.99189E-05 9.99189E-05 0.206661 9.99189E-05 0.0464235 0.0564659 0.0870871
0.0223413 0.000108853 0.0168515 9.99279E-05 0.61991 9.99279E-05 0.0567393 9.99279E-05 9.99279E-05 0.138829 9.99279E-05 0.041279 9.99279E-05 9.99279E-05 0.00623502 0.096907 9.99279E-05
9.98827E-05 9.98827E-05 9.98827E-05 9.98827E-05 9.98827E-05 9.98827E-05 9.98827E-05 0.557313 9.98827E-05 0.0181652 9.98827E-05 9.98827E-05 9.98827E-05 9.98827E-05 9.98827E-05 0.408714 0.0145089
0.0382314 9.991E-05 9.991E-05 9.991E-05 9.991E-05 0.129455 9.991E-05 0.0232708 9.991E-05 9.991E-05 0.0544641 9.991E-05 0.719026 9.991E-05 0.0263818 9.991E-05 0.00817246
9.99188E-05 9.99188E-05 0.0849237 0.208647 9.99188E-05 0.108846 9.99188E-05 9.99188E-05 9.99188E-05 0.140086 0.0341518 9.99188E-05 0.0416355 9.99188E-05 0.0917782 0.289033 9.99188E-05
9.99098E-05 9.99098E-05 9.99098E-05 0.217242 9.99098E-05 0.127173 9.99098E-05 9.99098E-05 9.99098E-05 0.123722 9.99098E-05 9.99098E-05 0.19554 0.0462264 9.99098E-05 0.261488 0.0276096
0.0244086 9.99008E-05 0.179724 0.0821486 9.99008E-05 9.99008E-05 9.99008E-05 0.216491 9.99008E-05 9.99008E-05 9.99008E-05 9.99008E-05 0.0640612 0.432068 9.99008E-05 9.99008E-05 9.99008E-05
9.98918E-05 9.98918E-05 0.0252106 0.370085 9.98918E-05 0.0908441 9.98918E-05 9.98918E-05 9.98918E-05 9.98918E-05 9.98918E-05 9.98918E-05 0.503558 9.98918E-05 9.98918E-05 0.00910409 9.98918E-05
9.98917E-05 9.98917E-05 9.98917E-05 0.154717 0.52638 9.98917E-05 9.98917E-05 9.98917E-05 0.122256 9.98917E-05 0.0792197 9.98917E-05 9.98917E-05 0.116229 9.98917E-05 9.98917E-05 9.98917E-05
9.98828E-05 9.98828E-05 0.00694762 0.377905 9.98828E-05 9.98828E-05 9.98828E-05 9.98828E-05 9.98828E-05 9.98828E-05 9.98828E-05 9.98828E-05 0.466348 9.98828E-05 9.98828E-05 0.1475 9.98828E-05
9.99009E-05 9.99009E-05 0.128181 9.99009E-05 0.00952003 9.99009E-05 9.99009E-05 0.124022 0.365755 9.99009E-05 9.99009E-05 9.99009E-05 0.0914728 9.99009E-05 9.99009E-05 0.27995 9.99009E-05
9.99188E-05 9.99188E-05 0.0135566 9.99188E-05 0.225927 0.0484607 9.99188E-05 0.226312 0.276088 0.0341055 0.0742799 9.99188E-05 9.99188E-05 9.99188E-05 9.99188E-05 0.100371 9.99188E-05
9.991E-05 9.991E-05 9.991E-05 0.224355 9.991E-05 9.991E-05 9.991E-05 0.260487 9.991E-05 0.0741828 9.991E-05 0.0234743 9.991E-05 9.991E-05 0.0398206 0.325586 0.0510944
9.99278E-05 9.99278E-05 9.99278E-05 0.499931 0.0443712 0.034786 0.00166609 0.111144 9.99278E-05 0.127528 0.0230927 0.0724469 9.99278E-05 9.99278E-05 9.99278E-05 0.0842356 9.99278E-05
0.0203979 9.99188E-05 9.99188E-05 0.217018 9.99188E-05 9.99188E-05 9.99188E-05 0.21596 9.99188E-05 0.105693 0.0706096 9.99188E-05 0.0147473 9.99188E-05 0.0286831 0.325993 9.99188E-05
9.99008E-05 9.99008E-05 9.99008E-05 0.221078 0.195212 9.99008E-05 9.99008E-05 0.215064 0.196988 0.0800783 9.99008E-05 9.99008E-05 0.0904798 9.99008E-05 9.99008E-05 9.99008E-05 9.99008E-05
9.99099E-05 9.99099E-05 9.99099E-05 0.11426 9.99099E-05 0.0686144 9.99099E-05 0.0515743 9.99099E-05 0.0186323 0.0669341 9.99099E-05 0.677781 9.99099E-05 9.99099E-05 9.99099E-05 0.00120432
9.98738E-05 9.98738E-05 0.135217 9.98738E-05 9.98738E-05 9.98738E-05 9.98738E-05 9.98738E-05 9.98738E-05 9.98738E-05 9.98738E-05 9.98738E-05 0.625579 9.98738E-05 9.98738E-05 0.237806 9.98738E-05
9.98919E-05 9.98919E-05 9.98919E-05 0.171942 9.98919E-05 0.425928 9.98919E-05 9.98919E-05 9.98919E-05 9.98919E-05 9.98919E-05 9.98919E-05 9.98919E-05 9.98919E-05 0.0347011 0.351492 0.0147381
9.98828E-05 9.98828E-05 9.98828E-05 0.0161849 9.98828E-05 9.98828E-05 9.98828E-05 9.98828E-05 9.98828E-05 9.98828E-05 9.98828E-05 9.98828E-05 0.522073 9.98828E-05 9.98828E-05 0.372376 0.0880678
9.9883E-05 9.9883E-05 9.9883E-05 9.9883E-05 9.9883E-05 9.9883E-05 9.9883E-05 0.00180526 9.9883E-05 9.9883E-05 0.13038 9.9883E-05 0.851318 0.0151987 9.9883E-05 9.9883E-05 9.9883E-05
9.99188E-05 0.0374795 0.0644076 9.99188E-05 0.0313657 0.397994 0.0174313 9.99188E-05 9.99188E-05 0.00803029 9.99188E-05 9.99188E-05 9.99188E-05 9.99188E-05 9.99188E-05 0.358359 0.0840333
9.99008E-05 0.040979 0.0698983 0.578881 9.99008E-05 0.0875551 9.99008E-05 9.99008E-05 9.99008E-05 9.99008E-05 9.99008E-05 9.99008E-05 0.170098 0.0514896 9.99008E-05 9.99008E-05 9.99008E-05
0.0246477 9.991E-05 9.991E-05 9.991E-05 9.991E-05 9.991E-05 0.508263 9.991E-05 0.0432631 9.991E-05 0.376281 9.991E-05 0.0205339 9.991E-05 0.0225929 0.00341957 9.991E-05
0.0134952 9.99008E-05 9.99008E-05 0.0906743 0.0542772 0.0209801 9.99008E-05 9.99008E-05 0.0104934 9.99008E-05 0.808981 9.99008E-05 9.99008E-05 9.99008E-05 9.99008E-05 9.99008E-05 9.99008E-05
9.99098E-05 0.0574116 9.99098E-05 0.341855 9.99098E-05 0.312513 0.138108 9.99098E-05 9.99098E-05 9.99098E-05 0.06104 9.99098E-05 9.99098E-05 9.99098E-05 0.062739 0.0253341 9.99098E-05
9.98917E-05 9.98917E-05 9.98917E-05 0.0652402 0.139977 0.021159 9.98917E-05 9.98917E-05 9.98917E-05 9.98917E-05 0.583047 9.98917E-05 9.98917E-05 0.189378 9.98917E-05 9.98917E-05 9.98917E-05
9.98739E-05 9.98739E-05 9.98739E-05 9.98739E-05 9.98739E-05 9.98739E-05 0.0196974 9.98739E-05 9.98739E-05 0.0415764 0.937328 9.98739E-05 9.98739E-05 9.98739E-05 9.98739E-05 9.98739E-05 9.98739E-05
0.047717 9.99008E-05 9.99008E-05 0.0468728 9.99008E-05 0.0437707 9.99008E-05 0.00717845 0.430969 9.99008E-05 0.422394 9.99008E-05 9.99008E-05 9.99008E-05 9.99008E-05 9.99008E-05 9.99008E-05
9.98919E-05 9.98919E-05 9.98919E-05 0.066479 0.0732051 9.98919E-05 9.98919E-05 9.98919E-05 0.125105 0.0350133 0.698999 9.98919E-05 9.98919E-05 9.98919E-05 9.98919E-05 9.98919E-05 9.98919E-05
0.00942018 0.00832084 0.0141817 0.169443 9.99099E-05 0.576334 9.99099E-05 9.99099E-05 9.99099E-05 9.99099E-05 0.204023 9.99099E-05 9.99099E-05 9.99099E-05 0.0172786 9.99099E-05 9.99099E-05
9.9874E-05 9.9874E-05 0.238423 9.9874E-05 9.9874E-05 0.457892 9.9874E-05 9.9874E-05 9.9874E-05 9.9874E-05 9.9874E-05 9.9874E-05 0.302287 9.9874E-05 9.9874E-05 9.9874E-05 9.9874E-05
9.99188E-05 0.03156 9.99188E-05 0.224103 0.0845018 0.0117868 0.51309 9.99188E-05 9.99188E-05 0.0572134 9.99188E-05 0.00103102 9.99188E-05 9.99188E-05 0.0758143 9.99188E-05 9.99188E-05
9.98829E-05 0.00497665 9.98829E-05 9.98829E-05 9.98829E-05 0.783323 9.98829E-05 9.98829E-05 9.98829E-05 0.0748455 0.135556 9.98829E-05 9.98829E-05 9.98829E-05 9.98829E-05 9.98829E-05 9.98829E-05
9.9901E-05 0.119994 9.9901E-05 0.290537 9.9901E-05 0.342691 9.9901E-05 9.9901E-05 9.9901E-05 9.9901E-05 0.0735571 9.9901E-05 9.9901E-05 9.9901E-05 0.157145 0.014977 9.9901E-05
9.99098E-05 0.130992 9.99098E-05 0.391348 9.99098E-05 0.0969643 0.125536 9.99098E-05 9.99098E-05 0.0176714 0.204055 9.99098E-05 9.99098E-05 0.0324345 9.99098E-05 9.99098E-05 9.99098E-05
9.99099E-05 9.99099E-05 0.07792 0.266968 9.99099E-05 0.567275 9.99099E-05 9.99099E-05 9.99099E-05 0.00225563 9.99099E-05 9.99099E-05 0.0284321 0.00381023 9.99099E-05 0.0523397 9.99099E-05
9.99009E-05 9.99009E-05 9.99009E-05 0.111313 9.99009E-05 0.410563 0.336336 9.99009E-05 9.99009E-05 0.074281 9.99009E-05 9.99009E-05 0.0318925 9.99009E-05 9.99009E-05 9.99009E-05 0.0345165
0.054665 0.0159849 9.99188E-05 9.99188E-05 0.394009 9.99188E-05 0.141699 9.99188E-05 9.99188E-05 9.99188E-05 0.0246326 9.99188E-05 9.99188E-05 9.99188E-05 0.0187996 0.318121 0.03119
9.99188E-05 0.0602333 9.99188E-05 0.258464 9.99188E-05 0.350798 0.0886783 9.99188E-05 9.99188E-05 9.99188E-05 0.00113955 0.0567336 9.99188E-05 0.148813 9.99188E-05 0.0342407 9.99188E-05
9.99008E-05 9.99008E-05 9.99008E-05 0.148009 9.99008E-05 0.322874 0.364908 9.99008E-05 9.99008E-05 0.129098 0.01071 9.99008E-05 9.99008E-05 9.99008E-05 0.0233033 9.99008E-05 9.99008E-05
9.98918E-05 9.98918E-05 9.98918E-05 0.0322522 0.143445 9.98918E-05 0.294479 9.98918E-05 9.98918E-05 9.98918E-05 0.0871612 9.98918E-05 9.98918E-05 0.441464 9.98918E-05 9.98918E-05 9.98918E-05
9.9937E-05 9.9937E-05 9.9937E-05 0.314982 0.0469521 9.9937E-05 0.483763 0.0104749 0.00130809 0.0134152 0.026438 9.9937E-05 0.00363195 0.0498856 0.0484496 9.9937E-05 9.9937E-05
9.9928E-05 9.9928E-05 9.9928E-05 0.0255913 9.9928E-05 0.753999 0.0481354 0.0231535 9.9928E-05 9.9928E-05 0.00101981 0.0307364 0.0597578 0.0430209 9.9928E-05 0.0137867 9.9928E-05
9.99008E-05 0.0623601 9.99008E-05 0.420416 0.0775117 0.322223 0.0614756 9.99008E-05 9.99008E-05 0.0549146 9.99008E-05 9.99008E-05 9.99008E-05 9.99008E-05 9.99008E-05 9.99008E-05 9.99008E-05
9.99009E-05 9.99009E-05 0.0468945 0.0235225 0.00121643 0.584132 9.99009E-05 9.99009E-05 9.99009E-05 9.99009E-05 9.99009E-05 9.99009E-05 0.203857 9.99009E-05 9.99009E-05 0.139278 9.99009E-05
9.98828E-05 9.98828E-05 9.98828E-05 0.215359 0.206791 9.98828E-05 0.255602 9.98828E-05 9.98828E-05 9.98828E-05 0.32095 9.98828E-05 9.98828E-05 9.98828E-05 9.98828E-05 9.98828E-05 9.98828E-05
9.991E-05 0.0388217 9.991E-05 0.51517 9.991E-05 9.991E-05 0.325683 9.991E-05 9.991E-05 9.991E-05 9.991E-05 0.0126185 9.991E-05 0.0465627 0.0448333 0.0153117 9.991E-05
9.99189E-05 9.99189E-05 0.124567 0.101778 9.99189E-05 0.641664 0.0196197 9.99189E-05 9.99189E-05 0.018089 9.99189E-05 9.99189E-05 0.0437674 9.99189E-05 9.99189E-05 0.0235137 0.0261011
9.9919E-05 9.9919E-05 0.0197862 9.9919E-05 0.201524 9.9919E-05 0.119236 9.9919E-05 0.021671 0.00175323 0.331203 0.0675785 9.9919E-05 9.9919E-05 9.9919E-05 0.236349 9.9919E-05
9.98919E-05 9.98919E-05 0.104839 9.98919E-05 0.0287858 9.98919E-05 0.0855036 9.98919E-05 9.98919E-05 9.98919E-05 9.98919E-05 9.98919E-05 9.98919E-05 0.412288 9.98919E-05 0.367385 9.98919E-05
0.0178994 0.0548766 9.99279E-05 0.296705 9.99279E-05 0.0977583 9.99279E-05 9.99279E-05 9.99279E-05 0.0445087 9.99279E-05 9.99279E-05 0.263177 9.99279E-05 0.0242175 0.105256 0.0948024
9.98918E-05 9.98918E-05 0.142438 9.98918E-05 9.98918E-05 9.98918E-05 9.98918E-05 9.98918E-05 9.98918E-05 0.0659471 9.98918E-05 9.98918E-05 0.0803076 9.98918E-05 0.0110446 0.699064 9.98918E-05
0.0328943 0.064897 0.0908839 9.99009E-05 9.99009E-05 9.99009E-05 9.99009E-05 9.99009E-05 9.99009E-05 9.99009E-05 0.378965 9.99009E-05 9.99009E-05 0.316529 9.99009E-05 0.114732 9.99009E-05
9.99008E-05 0.0151852 0.131417 9.99008E-05 0.187741 9.99008E-05 9.99008E-05 9.99008E-05 0.0353525 9.99008E-05 0.40472 9.99008E-05 9.99008E-05 9.99008E-05 9.99008E-05 0.224485 9.99008E-05
9.99189E-05 9.99189E-05 0.0986114 9.99189E-05 0.329264 9.99189E-05 0.0689706 9.99189E-05 9.99189E-05 9.99189E-05 0.297719 0.0148406 9.99189E-05 0.00123768 0.0889824 0.0994749 9.99189E-05
9.9874E-05 9.9874E-05 0.0288695 9.9874E-05 9.9874E-05 9.9874E-05 9.9874E-05 9.9874E-05 9.9874E-05 9.9874E-05 9.9874E-05 9.9874E-05 0.645645 9.9874E-05 9.9874E-05 0.324088 9.9874E-05
9.98919E-05 0.0799067 0.069586 0.212758 9.98919E-05 0.181828 9.98919E-05 9.98919E-05 9.98919E-05 9.98919E-05 9.98919E-05 9.98919E-05 9.98919E-05 9.98919E-05 9.98919E-05 0.454722 9.98919E-05
9.99278E-05 9.99278E-05 9.99278E-05 0.00389411 0.0791531 9.99278E-05 0.0539786 0.036865 9.99278E-05 0.3206 0.021655 0.0491964 9.99278E-05 0.101947 9.99278E-05 0.331911 9.99278E-05
9.99008E-05 9.99008E-05 0.131309 9.99008E-05 0.253117 9.99008E-05 0.00638497 9.99008E-05 9.99008E-05 9.99008E-05 0.355057 9.99008E-05 9.99008E-05 0.0740178 9.99008E-05 0.179015 9.99008E-05
9.99099E-05 9.99099E-05 0.0234833 0.0415082 9.99099E-05 0.028299 9.99099E-05 9.99099E-05 9.99099E-05 0.0656682 9.99099E-05 9.99099E-05 0.464455 9.99099E-05 9.99099E-05 0.329885 0.0457018
0.0405461 0.0170061 0.122142 0.536427 9.99189E-05 0.0286141 9.99189E-05 9.99189E-05 9.99189E-05 9.99189E-05 0.119758 9.99189E-05 9.99189E-05 9.99189E-05 9.99189E-05 0.12561 0.00899678
9.99008E-05 0.0489469 0.0707404 0.243157 9.99008E-05 0.219522 9.99008E-05 9.99008E-05 9.99008E-05 9.99008E-05 0.152505 9.99008E-05 9.99008E-05 9.99008E-05 9.99008E-05 0.26403 9.99008E-05
9.99097E-05 9.99097E-05 0.0977833 0.0970703 9.99097E-05 9.99097E-05 0.00726364 0.292512 9.99097E-05 0.128848 9.99097E-05 9.99097E-05 9.99097E-05 9.99097E-05 0.0311205 0.344404 9.99097E-05
9.98919E-05 9.98919E-05 9.98919E-05 0.450921 0.0362279 0.26849 9.98919E-05 9.98919E-05 9.98919E-05 0.194103 9.98919E-05 9.98919E-05 9.98919E-05 9.98919E-05 9.98919E-05 9.98919E-05 0.0490585
9.99201E-05 0.00223868 9.99201E-05 0.276528 9.99201E-05 0.0183462 0.28237 9.99201E-05 9.99201E-05 0.0468552 0.0964557 0.0678547 9.99201E-05 0.181847 9.99201E-05 0.026706 9.99201E-05
9.99278E-05 9.99278E-05 9.99278E-05 0.382854 0.0190159 9.99278E-05 0.0594152 0.0475644 9.99278E-05 9.99278E-05 0.0480708 0.0273824 9.99278E-05 0.0995541 0.0360729 0.279271 9.99278E-05
0.0161204 9.9919E-05 0.164591 9.9919E-05 0.256304 9.9919E-05 9.9919E-05 9.9919E-05 0.00832336 9.9919E-05 0.369221 0.00684659 9.9919E-05 0.133479 9.9919E-05 0.0442144 9.9919E-05
0.00608453 9.99188E-05 0.152974 9.99188E-05 0.0138701 0.311666 0.0313354 9.99188E-05 9.99188E-05 9.99188E-05 9.99188E-05 9.99188E-05 9.99188E-05 9.99188E-05 0.00711008 0.347547 0.128513
9.99007E-05 9.99007E-05 9.99007E-05 9.99007E-05 0.207601 9.99007E-05 0.20272 9.99007E-05 9.99007E-05 9.99007E-05 0.237682 0.0168946 9.99007E-05 0.012349 9.99007E-05 0.321654 9.99007E-05
