0.644612 0.137079 0.218309
0.769846 0.0490038 0.18115
0.250352 0.00189967 0.747748
0.821265 0.0772433 0.101492
0.820699 0.179201 9.9991E-05
0.422097 0.114827 0.463075
0.228627 9.9991E-05 0.771273
0.456054 0.085758 0.458188
0.802254 0.109141 0.0886052
0.0261771 0.119378 0.854445
0.839149 0.0383287 0.122522
0.931081 0.0577067 0.011212
0.468383 0.168926 0.362692
0.308571 9.9991E-05 0.691329
0.968883 0.0119384 0.0191782
0.0366219 0.0732255 0.890153
0.289232 9.9991E-05 0.710668
0.400034 9.9991E-05 0.599866
0.804894 0.001516 0.19359
0.189666 0.788644 0.0216897
0.188394 0.811506 9.9991E-05
0.101983 0.82108 0.0769376
0.329027 0.670873 9.9991E-05
0.350967 0.648933 9.9991E-05
9.9991E-05 0.597901 0.401999
0.449663 0.550237 9.9991E-05
9.9991E-05 0.530622 0.469278
0.416794 0.583106 9.9991E-05
0.0136282 0.777184 0.209188
0.218602 0.781298 9.9991E-05
0.100594 0.5889 0.310506
9.9991E-05 0.723421 0.276479
9.9991E-05 0.524256 0.475644
0.0101758 0.650184 0.33964
0.236534 0.763366 9.9991E-05
0.324426 0.675474 9.9991E-05
0.254965 0.688078 0.0569571
0.343328 0.656572 9.9991E-05
0.18001 0.814183 0.00580749
9.9991E-05 0.688554 0.311346
9.9991E-05 0.510078 0.489822
0.228435 0.682051 0.0895142
9.9991E-05 0.824965 0.174935
9.9991E-05 0.621678 0.378222
0.521798 0.478102 9.9991E-05
0.437519 0.562381 9.9991E-05
9.9991E-05 0.530853 0.469047
0.124087 0.811078 0.0648345
9.9991E-05 0.373635 0.626265
0.286494 0.713406 9.9991E-05
9.9991E-05 0.750079 0.249821
0.257993 0.727712 0.0142956
0.427021 0.572879 9.9991E-05
0.462645 0.537255 9.9991E-05
0.470831 0.529069 9.9991E-05
0.461758 0.538142 9.9991E-05
9.9991E-05 0.746143 0.253757
0.0293031 0.833891 0.136806
9.9991E-05 0.677136 0.322764
0.220411 0.779489 9.9991E-05
0.256517 0.743383 9.9991E-05
0.365103 0.634797 9.9991E-05
9.9991E-05 0.60807 0.39183
0.334356 0.665544 9.9991E-05
9.9991E-05 0.47494 0.52496
0.465677 0.534223 9.9991E-05
0.346553 0.653347 9.9991E-05
0.389033 0.610867 9.9991E-05
0.29024 0.637061 0.0726988
0.114921 0.710711 0.174367
9.9991E-05 0.555717 0.444183
9.9991E-05 0.537244 0.462656
0.369446 0.630454 9.9991E-05
9.9991E-05 0.590749 0.409151
0.306796 0.693105 9.9991E-05
0.45827 0.54163 9.9991E-05
9.9991E-05 0.647042 0.352858
9.9991E-05 0.450603 0.549297
9.9991E-05 0.682551 0.317349
0.0867436 0.774257 0.138999
9.9991E-05 0.524918 0.474982
0.275442 0.724458 9.9991E-05
0.137711 0.8044 0.0578889
0.199677 0.713511 0.0868127
9.9991E-05 0.564459 0.435441
0.193119 0.806781 9.9991E-05
0.377878 0.622022 9.9991E-05
0.0709872 0.562856 0.366157
9.9991E-05 0.498326 0.501574
0.429019 0.570881 9.9991E-05
9.9991E-05 0.596095 0.403805
0.0485657 0.568255 0.383179
0.487664 0.512236 9.9991E-05
0.193791 0.615237 0.190973
0.214628 0.606281 0.179091
0.0169042 0.193904 0.789192
0.0937145 0.293207 0.613078
0.300352 0.253071 0.446578
0.681607 0.103811 0.214582
0.0535429 0.12169 0.824767
0.669584 0.0606758 0.26974
0.163056 9.9991E-05 0.836844
0.0696058 0.190929 0.739465
0.205314 0.211611 0.583074
0.593304 0.274138 0.132559
9.9991E-05 0.128981 0.870919
0.58449 0.141283 0.274227
0.120808 0.154561 0.72463
0.45619 0.156422 0.387388
0.291581 0.189586 0.518833
0.28169 0.0100167 0.708293
0.784421 0.210834 0.00474425
0.648412 0.175598 0.17599
0.101736 0.363653 0.534611
0.176594 0.0745932 0.748813
0.357028 0.287123 0.355848
0.521916 0.233643 0.244441
0.761791 0.0962838 0.141925
0.263828 0.0490253 0.687146
0.721853 0.114985 0.163162
0.268437 0.0145437 0.717019
9.9991E-05 0.00762975 0.99227
0.933609 9.9991E-05 0.0662914
0.485672 0.151073 0.363255
0.493849 0.102618 0.403532
0.517551 0.173158 0.309291
0.0668408 0.0106922 0.922467
0.834835 0.109787 0.0553786
0.623031 0.225953 0.151016
9.9991E-05 0.0243171 0.975583
0.9998 9.999E-05 9.999E-05
0.792842 0.195247 0.0119107
0.827584 9.9991E-05 0.172316
9.9991E-05 0.040145 0.959755
0.834624 0.083909 0.0814669
0.877123 0.0637634 0.059114
0.494162 9.9991E-05 0.505738
0.556185 0.160387 0.283427
0.646319 0.117351 0.23633
9.999E-05 9.999E-05 0.9998
0.591791 0.115779 0.29243
0.431263 0.154692 0.414045
0.0614864 0.185037 0.753477
0.678492 0.179565 0.141943
0.374165 0.306277 0.319558
9.9991E-05 0.114512 0.885388
0.217597 0.134878 0.647525
0.130385 0.068543 0.801072
0.504815 0.165281 0.329903
9.999E-05 9.999E-05 0.9998
0.905899 9.9991E-05 0.0940012
0.0768033 9.9991E-05 0.923097
0.448034 0.179052 0.372914
0.69258 0.112372 0.195048
0.434107 0.272322 0.293571
0.499646 0.0757781 0.424576
0.340446 0.208356 0.451198
0.543645 0.0911544 0.365201
9.9991E-05 0.033584 0.966316
9.9991E-05 0.0444803 0.95542
0.205516 0.0313372 0.763147
9.9991E-05 0.122252 0.877648
0.0425847 9.9991E-05 0.957315
0.161121 0.134315 0.704564
0.26537 9.9991E-05 0.73453
0.907839 0.0920608 9.9991E-05
0.948887 0.0379276 0.0131859
0.484251 9.9991E-05 0.515649
0.941202 9.9991E-05 0.0586979
0.9998 9.999E-05 9.999E-05
0.776762 0.157241 0.065997
0.952562 0.0139072 0.0335305
0.303079 9.9991E-05 0.696821
0.00393808 9.9991E-05 0.995962
0.756563 0.0824969 0.16094
0.210033 9.9991E-05 0.789867
0.317853 0.126289 0.555858
0.637384 9.9991E-05 0.362516
0.137562 9.9991E-05 0.862338
0.396957 0.00288721 0.600156
0.671545 0.206685 0.121769
0.394084 0.0688315 0.537084
0.506679 0.0336691 0.459652
0.940507 0.000385065 0.059108
0.761336 0.0479593 0.190704
0.151672 0.0340753 0.814253
0.356002 9.9991E-05 0.643898
0.0129695 9.9991E-05 0.986931
0.9998 9.999E-05 9.999E-05
0.690066 0.061772 0.248162
0.0840067 9.9991E-05 0.915893
0.837203 0.146363 0.0164335
0.657301 0.154022 0.188677
9.9991E-05 0.152133 0.847767
0.139319 0.183114 0.677567
0.73793 0.159207 0.102864
0.866398 0.133502 9.9991E-05
0.851582 0.148318 9.9991E-05
9.9991E-05 0.0885136 0.911386
0.2089 0.0898713 0.701228
0.567075 0.189324 0.243601
0.868978 9.9991E-05 0.130922
9.9991E-05 0.0999529 0.899947
0.404586 0.0387497 0.556665
0.390689 0.0499526 0.559358
0.422644 0.185249 0.392107
0.250542 9.9991E-05 0.749358
0.740024 0.0290993 0.230877
0.647096 0.0818352 0.271068
0.827521 0.120829 0.0516496
0.0951109 0.208226 0.696663
0.847519 0.0684635 0.0840172
0.855547 0.0352497 0.109203
0.0615774 9.9991E-05 0.938323
0.514802 9.9991E-05 0.485098
0.26521 0.0202203 0.71457
0.909306 0.0905937 9.9991E-05
0.57912 0.33796 0.0829194
0.890908 0.0713921 0.0376999
0.0837969 9.9991E-05 0.916103
0.875336 0.0501783 0.0744859
0.866876 0.104955 0.028169
0.908104 0.0563228 0.035573
0.130313 9.9991E-05 0.869587
0.519552 9.9991E-05 0.480348
0.813531 0.0706468 0.115822
0.29818 0.0719971 0.629823
0.911604 0.0882959 9.9991E-05
0.533606 0.0323662 0.434028
0.583039 0.107926 0.309035
0.0601819 9.9991E-05 0.939718
0.599161 0.0722017 0.328638
0.227099 0.126235 0.646666
0.000478098 0.0514711 0.948051
0.444532 0.0327356 0.522732
0.221829 0.0287749 0.749396
0.439185 9.9991E-05 0.560715
0.851583 9.9991E-05 0.148317
9.9991E-05 0.0926818 0.907218
0.660916 0.233555 0.105528
0.770169 0.119789 0.110042
0.609365 0.0999093 0.290726
0.0715805 0.0167702 0.911649
9.999E-05 9.999E-05 0.9998
0.802489 0.0952409 0.10227
0.404675 0.0712584 0.524067
0.368548 0.102677 0.528775
9.9991E-05 0.00272621 0.997174
0.425135 0.130394 0.444471
0.576679 0.140172 0.283149
0.903009 0.0199751 0.0770163
0.812204 0.0446675 0.143129
0.545503 0.129089 0.325408
0.204585 0.023831 0.771584
0.927534 0.0636389 0.00882723
0.26611 9.9991E-05 0.73379
0.488725 0.0245208 0.486755
0.915834 0.0840656 9.9991E-05
0.0815992 0.0331693 0.885232
0.116268 0.0885118 0.79522
0.237868 9.9991E-05 0.762032
0.535022 0.170395 0.294583
0.371025 0.123578 0.505397
0.606745 0.0868926 0.306362
9.9991E-05 0.0581213 0.941779
0.76605 0.116161 0.117789
0.202956 0.245957 0.551088
0.721622 0.127593 0.150785
0.777311 0.132613 0.0900761
0.751034 0.065531 0.183435
0.787023 0.0966506 0.116326
0.631546 0.162122 0.206332
0.298766 0.152264 0.54897
0.171082 0.0907061 0.738212
0.677526 0.15589 0.166584
0.50447 0.163667 0.331863
0.187467 0.192561 0.619972
9.9991E-05 0.0933707 0.906529
0.0506965 9.9991E-05 0.949204
9.9991E-05 0.0222384 0.977662
