9.99369E-05 0.0557756 9.99369E-05 0.325072 0.393826 9.99369E-05 9.99369E-05 9.99369E-05 0.0680682 0.0199271 9.99369E-05 9.99369E-05 0.136632
0.0253827 0.0931439 9.99459E-05 0.201649 0.132117 0.105084 9.99459E-05 9.99459E-05 0.0208706 9.99459E-05 9.99459E-05 9.99459E-05 0.421153
0.0220488 0.543844 0.00342989 9.99549E-05 9.99549E-05 9.99549E-05 9.99549E-05 9.99549E-05 0.0225382 0.00946353 0.178371 0.0353992 0.184406
9.99279E-05 9.99279E-05 9.99279E-05 0.42743 0.36782 0.0263519 0.169165 9.99279E-05 9.99279E-05 9.99279E-05 9.99279E-05 0.00843344 9.99279E-05
0.216471 9.99459E-05 0.0565135 0.436921 9.99459E-05 0.0405225 0.0983863 9.99459E-05 9.99459E-05 9.99459E-05 9.99459E-05 0.10096 0.049626
9.99369E-05 0.189305 0.020352 9.99369E-05 0.292226 9.99369E-05 9.99369E-05 9.99369E-05 0.0396557 9.99369E-05 9.99369E-05 0.239695 0.218067
9.99369E-05 0.558019 9.99369E-05 9.99369E-05 0.140083 0.00902526 0.0173317 9.99369E-05 9.99369E-05 9.99369E-05 0.202734 9.99369E-05 0.0721068
9.9928E-05 0.278741 9.9928E-05 9.9928E-05 0.105859 9.9928E-05 9.9928E-05 9.9928E-05 0.14165 9.9928E-05 9.9928E-05 0.135992 0.336959
9.99729E-05 0.0181896 0.0158218 0.202307 0.175304 0.0420394 0.125814 9.99729E-05 0.0352371 0.00870186 9.99729E-05 0.0601801 0.316105
9.99369E-05 0.158997 9.99369E-05 0.00321888 0.0888914 9.99369E-05 9.99369E-05 9.99369E-05 9.99369E-05 0.0517824 0.442346 0.254065 9.99369E-05
0.0367398 0.00259855 9.99639E-05 0.126078 0.111845 0.409086 0.00634143 9.99639E-05 9.99639E-05 0.00137477 9.99639E-05 0.0817926 0.223744
9.99369E-05 9.99369E-05 9.99369E-05 0.459909 0.040155 0.107803 0.0744159 9.99369E-05 9.99369E-05 9.99369E-05 9.99369E-05 0.228882 0.0881352
0.17807 0.149063 0.0513018 9.99639E-05 0.0903435 0.0630349 0.245568 0.0706857 9.99639E-05 0.0107911 9.99639E-05 9.99639E-05 0.140742
9.99369E-05 0.446103 9.99369E-05 9.99369E-05 0.30832 9.99369E-05 9.99369E-05 9.99369E-05 0.0750772 9.99369E-05 0.0648122 0.10409 0.00089735
9.99279E-05 9.99279E-05 9.99279E-05 0.418415 0.0228462 0.421779 9.99279E-05 9.99279E-05 9.99279E-05 9.99279E-05 9.99279E-05 0.0728208 0.0633395
9.99459E-05 0.353861 0.0485959 9.99459E-05 0.154522 9.99459E-05 9.99459E-05 0.133762 9.99459E-05 0.0105544 0.28002 9.99459E-05 0.018085
9.99279E-05 0.505788 9.99279E-05 9.99279E-05 0.259709 9.99279E-05 0.0475104 9.99279E-05 9.99279E-05 9.99279E-05 0.119452 9.99279E-05 0.0667417
9.99188E-05 0.617326 9.99188E-05 9.99188E-05 0.104776 0.0334786 9.99188E-05 9.99188E-05 9.99188E-05 9.99188E-05 9.99188E-05 9.99188E-05 0.243519
0.0263255 0.168342 9.99459E-05 0.249559 0.104037 9.99459E-05 0.240436 9.99459E-05 9.99459E-05 9.99459E-05 9.99459E-05 0.0358908 0.17481
0.00517665 9.9928E-05 9.9928E-05 9.9928E-05 0.013001 0.183038 9.9928E-05 9.9928E-05 0.00117708 0.796808 9.9928E-05 9.9928E-05 9.9928E-05
9.99099E-05 9.99099E-05 9.99099E-05 9.99099E-05 9.99099E-05 9.99099E-05 0.129245 0.049726 9.99099E-05 0.82003 9.99099E-05 9.99099E-05 9.99099E-05
9.99008E-05 9.99008E-05 9.99008E-05 9.99008E-05 0.164721 9.99008E-05 9.99008E-05 9.99008E-05 9.99008E-05 0.83418 9.99008E-05 9.99008E-05 9.99008E-05
9.99099E-05 9.99099E-05 9.99099E-05 0.0250321 9.99099E-05 9.99099E-05 0.320424 9.99099E-05 9.99099E-05 0.653545 9.99099E-05 9.99099E-05 9.99099E-05
9.99279E-05 9.99279E-05 9.99279E-05 0.10382 9.99279E-05 0.109789 0.0354413 9.99279E-05 9.99279E-05 0.733988 9.99279E-05 0.0161629 9.99279E-05
9.99278E-05 0.173368 0.12686 9.99278E-05 9.99278E-05 9.99278E-05 9.99278E-05 9.99278E-05 0.100337 0.446592 0.152043 9.99278E-05 9.99278E-05
9.99368E-05 9.99368E-05 9.99368E-05 0.210867 9.99368E-05 0.116197 9.99368E-05 9.99368E-05 0.278404 0.323709 9.99368E-05 0.0692432 0.000880977
9.99189E-05 9.99189E-05 0.177573 9.99189E-05 9.99189E-05 9.99189E-05 9.99189E-05 0.359051 9.99189E-05 0.237051 0.225426 9.99189E-05 9.99189E-05
0.0858499 9.9946E-05 9.9946E-05 0.165803 9.9946E-05 0.127154 0.0562006 0.0543954 0.223886 0.286112 9.9946E-05 9.9946E-05 9.9946E-05
0.0104036 9.99188E-05 9.99188E-05 9.99188E-05 0.162709 9.99188E-05 9.99188E-05 0.0064842 9.99188E-05 0.819504 9.99188E-05 9.99188E-05 9.99188E-05
9.99189E-05 9.99189E-05 9.99189E-05 9.99189E-05 9.99189E-05 0.00156012 0.131712 9.99189E-05 9.99189E-05 0.858394 9.99189E-05 0.00743477 9.99189E-05
9.99371E-05 9.99371E-05 9.99371E-05 9.99371E-05 9.99371E-05 9.99371E-05 0.110904 0.071545 0.020806 0.570849 0.217256 9.99371E-05 0.00794014
0.0764487 9.99459E-05 0.205753 9.99459E-05 0.130394 9.99459E-05 9.99459E-05 0.0421846 0.380944 0.125093 0.0385831 9.99459E-05 9.99459E-05
9.99188E-05 0.012174 9.99188E-05 9.99188E-05 9.99188E-05 9.99188E-05 9.99188E-05 0.000579932 9.99188E-05 0.595138 0.391209 9.99188E-05 9.99188E-05
9.99369E-05 0.216895 9.99369E-05 9.99369E-05 0.0104707 9.99369E-05 9.99369E-05 9.99369E-05 0.0781595 0.644913 0.0320406 9.99369E-05 0.0168218
9.99099E-05 9.99099E-05 9.99099E-05 9.99099E-05 9.99099E-05 9.99099E-05 0.110189 9.99099E-05 9.99099E-05 0.832054 9.99099E-05 0.0567577 9.99099E-05
9.99099E-05 9.99099E-05 9.99099E-05 0.105416 9.99099E-05 0.150211 9.99099E-05 9.99099E-05 9.99099E-05 0.743374 9.99099E-05 9.99099E-05 9.99099E-05
9.99099E-05 9.99099E-05 9.99099E-05 9.99099E-05 9.99099E-05 0.313939 9.99099E-05 9.99099E-05 9.99099E-05 0.6848 0.000261474 9.99099E-05 9.99099E-05
9.99099E-05 9.99099E-05 9.99099E-05 0.0916099 9.99099E-05 9.99099E-05 0.22355 9.99099E-05 9.99099E-05 0.683841 9.99099E-05 9.99099E-05 9.99099E-05
9.99098E-05 9.99098E-05 0.807391 9.99098E-05 0.143098 9.99098E-05 9.99098E-05 9.99098E-05 9.99098E-05 9.99098E-05 9.99098E-05 9.99098E-05 0.048512
0.000870753 9.99279E-05 0.622893 9.99279E-05 9.99279E-05 9.99279E-05 9.99279E-05 0.325702 0.0134262 9.99279E-05 0.0363092 9.99279E-05 9.99279E-05
9.99279E-05 9.99279E-05 0.236013 9.99279E-05 9.99279E-05 9.99279E-05 9.99279E-05 0.141383 0.22578 0.0199482 0.376077 9.99279E-05 9.99279E-05
9.99189E-05 9.99189E-05 0.433593 9.99189E-05 9.99189E-05 9.99189E-05 0.316894 0.14926 0.0993534 9.99189E-05 9.99189E-05 9.99189E-05 9.99189E-05
9.99188E-05 0.00417288 0.546248 9.99188E-05 0.19288 9.99188E-05 9.99188E-05 9.99188E-05 9.99188E-05 0.2558 9.99188E-05 9.99188E-05 9.99188E-05
0.016971 0.127296 0.462228 9.99549E-05 9.99549E-05 9.99549E-05 9.99549E-05 0.0635747 0.110471 0.0714544 0.0947216 0.0527841 9.99549E-05
9.99099E-05 9.99099E-05 9.99099E-05 0.483386 9.99099E-05 9.99099E-05 0.050088 9.99099E-05 0.465527 9.99099E-05 9.99099E-05 9.99099E-05 9.99099E-05
9.99189E-05 9.99189E-05 0.594704 0.246749 9.99189E-05 0.0391258 9.99189E-05 9.99189E-05 9.99189E-05 9.99189E-05 9.99189E-05 9.99189E-05 0.118522
9.99279E-05 0.104665 0.364029 9.99279E-05 9.99279E-05 9.99279E-05 9.99279E-05 0.06654 9.99279E-05 0.181671 0.282296 9.99279E-05 9.99279E-05
9.99189E-05 9.99189E-05 0.79794 9.99189E-05 0.168887 9.99189E-05 9.99189E-05 9.99189E-05 0.0031408 9.99189E-05 9.99189E-05 9.99189E-05 0.0291331
9.99008E-05 9.99008E-05 0.246648 9.99008E-05 9.99008E-05 9.99008E-05 9.99008E-05 0.752253 9.99008E-05 9.99008E-05 9.99008E-05 9.99008E-05 9.99008E-05
9.9928E-05 9.9928E-05 0.64331 0.0201057 9.9928E-05 9.9928E-05 0.0330169 9.9928E-05 0.068835 9.9928E-05 9.9928E-05 9.9928E-05 0.233933
9.99009E-05 9.99009E-05 0.625303 9.99009E-05 9.99009E-05 9.99009E-05 9.99009E-05 0.373599 9.99009E-05 9.99009E-05 9.99009E-05 9.99009E-05 9.99009E-05
0.0403708 9.9937E-05 0.518119 9.9937E-05 9.9937E-05 9.9937E-05 0.227195 0.0883078 9.9937E-05 0.088507 9.9937E-05 0.0368011 9.9937E-05
9.99368E-05 9.99368E-05 0.311358 0.0687232 9.99368E-05 0.288315 9.99368E-05 9.99368E-05 0.156946 0.083116 9.99368E-05 0.0908424 9.99368E-05
9.99369E-05 9.99369E-05 0.440179 9.99369E-05 9.99369E-05 0.200209 9.99369E-05 9.99369E-05 0.0408931 0.0202807 9.99369E-05 0.0553469 0.242392
9.9937E-05 9.9937E-05 0.284205 0.21153 9.9937E-05 9.9937E-05 0.291809 9.9937E-05 0.14073 0.0448086 0.0262181 9.9937E-05 9.9937E-05
9.99189E-05 9.99189E-05 9.99189E-05 0.101886 9.99189E-05 9.99189E-05 0.346209 9.99189E-05 0.229941 0.321064 9.99189E-05 9.99189E-05 9.99189E-05
0.00278812 0.0519232 0.701002 9.99458E-05 0.0927067 9.99458E-05 9.99458E-05 0.0218366 0.060241 9.99458E-05 0.0689028 9.99458E-05 9.99458E-05
9.99363E-05 9.99363E-05 0.407903 9.99363E-05 9.99363E-05 0.0394586 0.0845946 0.188479 0.278765 9.99363E-05 9.99363E-05 9.99363E-05 9.99363E-05
0.0056354 9.99368E-05 0.541021 9.99368E-05 0.0236967 9.99368E-05 9.99368E-05 0.240803 0.135429 9.99368E-05 0.0527157 9.99368E-05 9.99368E-05
9.99099E-05 9.99099E-05 0.774631 0.180209 9.99099E-05 0.0441607 9.99099E-05 9.99099E-05 9.99099E-05 9.99099E-05 9.99099E-05 9.99099E-05 9.99099E-05
9.99458E-05 9.99458E-05 0.629037 0.0483816 0.0485203 0.0506439 9.99458E-05 9.99458E-05 0.0801749 0.0356398 9.99458E-05 9.99458E-05 0.107003
9.99279E-05 9.99279E-05 0.61865 0.0756718 9.99279E-05 0.0461419 9.99279E-05 9.99279E-05 0.0481563 9.99279E-05 9.99279E-05 9.99279E-05 0.210581
0.178093 9.99189E-05 0.23792 9.99189E-05 9.99189E-05 9.99189E-05 9.99189E-05 9.99189E-05 0.361581 9.99189E-05 0.221508 9.99189E-05 9.99189E-05
9.99189E-05 9.99189E-05 0.547621 0.0417181 9.99189E-05 9.99189E-05 0.37317 9.99189E-05 9.99189E-05 0.0365921 9.99189E-05 9.99189E-05 9.99189E-05
9.99189E-05 0.252957 0.351275 9.99189E-05 9.99189E-05 9.99189E-05 9.99189E-05 9.99189E-05 0.124793 9.99189E-05 0.270075 9.99189E-05 9.99189E-05
9.99549E-05 9.99549E-05 0.159651 0.0387358 0.0127699 0.218343 9.99549E-05 9.99549E-05 0.283988 0.124237 9.99549E-05 0.0270187 0.134755
9.99099E-05 9.99099E-05 0.659714 0.308833 9.99099E-05 9.99099E-05 0.0304541 9.99099E-05 9.99099E-05 9.99099E-05 9.99099E-05 9.99099E-05 9.99099E-05
9.991E-05 9.991E-05 0.576608 0.205002 9.991E-05 0.217391 9.991E-05 9.991E-05 9.991E-05 9.991E-05 9.991E-05 9.991E-05 9.991E-05
9.99549E-05 0.0250274 0.0566809 0.150308 0.0367208 0.0323605 9.99549E-05 9.99549E-05 0.648323 0.0470115 9.99549E-05 0.00306739 9.99549E-05
9.99189E-05 9.99189E-05 0.107489 9.99189E-05 0.255704 9.99189E-05 9.99189E-05 9.99189E-05 0.429634 0.206274 9.99189E-05 9.99189E-05 9.99189E-05
0.00231561 9.99278E-05 9.99278E-05 9.99278E-05 9.99278E-05 9.99278E-05 9.99278E-05 0.355143 0.437274 0.118282 0.0861859 9.99278E-05 9.99278E-05
9.99189E-05 0.218538 0.455437 9.99189E-05 9.99189E-05 9.99189E-05 9.99189E-05 9.99189E-05 0.0346935 9.99189E-05 0.290432 9.99189E-05 9.99189E-05
9.991E-05 9.991E-05 9.991E-05 0.198556 9.991E-05 9.991E-05 0.127505 9.991E-05 9.991E-05 0.67294 9.991E-05 9.991E-05 9.991E-05
0.0217806 0.0660781 0.625262 9.99187E-05 9.99187E-05 9.99187E-05 9.99187E-05 9.99187E-05 9.99187E-05 9.99187E-05 0.28598 9.99187E-05 9.99187E-05
9.99278E-05 9.99278E-05 0.435138 0.185512 9.99278E-05 0.0824248 9.99278E-05 9.99278E-05 0.28625 9.99278E-05 9.99278E-05 0.00987572 9.99278E-05
9.99459E-05 9.99459E-05 0.00973966 0.229906 9.99459E-05 0.1126 0.0514303 9.99459E-05 0.43354 0.118649 9.99459E-05 0.0435352 9.99459E-05
9.99188E-05 0.129804 9.99188E-05 9.99188E-05 9.99188E-05 9.99188E-05 9.99188E-05 0.0155005 9.99188E-05 0.719956 0.13384 9.99188E-05 9.99188E-05
9.99369E-05 0.07046 0.132512 9.99369E-05 9.99369E-05 9.99369E-05 9.99369E-05 0.232018 0.0737951 0.18581 0.304705 9.99369E-05 9.99369E-05
9.99278E-05 0.124833 0.0177541 9.99278E-05 9.99278E-05 9.99278E-05 9.99278E-05 9.99278E-05 0.00491045 0.721952 0.129751 9.99278E-05 9.99278E-05
9.99278E-05 9.99278E-05 0.0960495 9.99278E-05 0.201145 9.99278E-05 9.99278E-05 0.0771685 0.35629 0.268547 9.99278E-05 9.99278E-05 9.99278E-05
9.99189E-05 9.99189E-05 0.146717 9.99189E-05 9.99189E-05 9.99189E-05 9.99189E-05 0.634676 0.0835288 0.134179 9.99189E-05 9.99189E-05 9.99189E-05
9.99279E-05 9.99279E-05 0.422823 9.99279E-05 9.99279E-05 9.99279E-05 0.309553 9.99279E-05 0.0436408 0.203298 9.99279E-05 0.0198857 9.99279E-05
9.99189E-05 9.99189E-05 0.744765 9.99189E-05 9.99189E-05 9.99189E-05 0.185423 0.0599449 9.99189E-05 9.99189E-05 9.99189E-05 0.00896722 9.99189E-05
9.9937E-05 9.9937E-05 0.386105 9.9937E-05 9.9937E-05 0.0590656 0.255791 0.0908871 0.117628 0.0898235 9.9937E-05 9.9937E-05 9.9937E-05
9.99188E-05 0.0829921 0.624051 9.99188E-05 9.99188E-05 9.99188E-05 9.99188E-05 0.0169851 9.99188E-05 9.99188E-05 0.275073 9.99188E-05 9.99188E-05
0.0506995 9.99459E-05 0.634005 0.00226633 0.0877842 0.10978 9.99459E-05 0.0108449 9.99459E-05 0.10402 9.99459E-05 9.99459E-05 9.99459E-05
9.99189E-05 9.99189E-05 0.535669 0.285565 9.99189E-05 9.99189E-05 0.0792754 9.99189E-05 0.0985914 9.99189E-05 9.99189E-05 9.99189E-05 9.99189E-05
9.99278E-05 0.131978 9.99278E-05 9.99278E-05 0.0431423 9.99278E-05 9.99278E-05 9.99278E-05 0.583822 0.175561 0.064698 9.99278E-05 9.99278E-05
9.99279E-05 0.231527 0.160307 9.99279E-05 9.99279E-05 9.99279E-05 9.99279E-05 0.069141 0.457744 9.99279E-05 0.080482 9.99279E-05 9.99279E-05
9.99188E-05 9.99188E-05 9.99188E-05 0.0637276 9.99188E-05 9.99188E-05 9.99188E-05 9.99188E-05 0.591753 0.154237 9.99188E-05 9.99188E-05 0.189383
9.99098E-05 0.27905 0.214044 9.99098E-05 9.99098E-05 9.99098E-05 9.99098E-05 9.99098E-05 0.505907 9.99098E-05 9.99098E-05 9.99098E-05 9.99098E-05
9.99098E-05 0.274893 0.0637973 9.99098E-05 9.99098E-05 9.99098E-05 9.99098E-05 9.99098E-05 0.660311 9.99098E-05 9.99098E-05 9.99098E-05 9.99098E-05
9.99008E-05 9.99008E-05 9.99008E-05 0.355974 9.99008E-05 9.99008E-05 9.99008E-05 9.99008E-05 0.642927 9.99008E-05 9.99008E-05 9.99008E-05 9.99008E-05
9.99189E-05 0.0874496 0.360792 9.99189E-05 9.99189E-05 9.99189E-05 9.99189E-05 9.99189E-05 0.346951 9.99189E-05 9.99189E-05 9.99189E-05 0.203908
9.99279E-05 0.0631528 0.0365444 9.99279E-05 0.0381435 9.99279E-05 9.99279E-05 9.99279E-05 0.759719 9.99279E-05 9.99279E-05 9.99279E-05 0.101641
0.568051 9.99098E-05 9.99098E-05 9.99098E-05 9.99098E-05 9.99098E-05 9.99098E-05 0.365881 9.99098E-05 9.99098E-05 0.0650685 9.99098E-05 9.99098E-05
0.539645 0.0605303 0.0442198 9.99369E-05 9.99369E-05 9.99369E-05 9.99369E-05 0.287573 9.99369E-05 0.0406262 9.99369E-05 9.99369E-05 0.0267055
0.731607 9.99189E-05 0.00570851 9.99189E-05 9.99189E-05 9.99189E-05 0.183062 0.0787234 9.99189E-05 9.99189E-05 9.99189E-05 9.99189E-05 9.99189E-05
0.564249 9.9928E-05 9.9928E-05 0.194671 9.9928E-05 9.9928E-05 9.9928E-05 9.9928E-05 0.0174631 9.9928E-05 9.9928E-05 0.0218157 0.201001
0.634353 9.99098E-05 9.99098E-05 9.99098E-05 9.99098E-05 9.99098E-05 9.99098E-05 0.104248 9.99098E-05 9.99098E-05 0.260399 9.99098E-05 9.99098E-05
0.179992 9.99458E-05 9.99458E-05 0.0353301 0.172177 9.99458E-05 0.0407503 9.99458E-05 0.0535595 9.99458E-05 0.0595751 9.99458E-05 0.458017
0.404149 0.594752 9.99008E-05 9.99008E-05 9.99008E-05 9.99008E-05 9.99008E-05 9.99008E-05 9.99008E-05 9.99008E-05 9.99008E-05 9.99008E-05 9.99008E-05
0.677265 0.0238752 9.99098E-05 9.99098E-05 9.99098E-05 9.99098E-05 9.99098E-05 0.297861 9.99098E-05 9.99098E-05 9.99098E-05 9.99098E-05 9.99098E-05
0.595669 0.0660385 9.99189E-05 9.99189E-05 0.278927 9.99189E-05 9.99189E-05 9.99189E-05 0.0584658 9.99189E-05 9.99189E-05 9.99189E-05 9.99189E-05
0.568365 9.99279E-05 9.99279E-05 0.172535 9.99279E-05 0.219449 0.00321908 9.99279E-05 9.99279E-05 0.0356336 9.99279E-05 9.99279E-05 9.99279E-05
0.188388 9.99188E-05 9.99188E-05 9.99188E-05 9.99188E-05 9.99188E-05 9.99188E-05 0.630595 9.99188E-05 9.99188E-05 0.0466948 0.133424 9.99188E-05
0.464518 9.99189E-05 9.99189E-05 0.0338402 9.99189E-05 0.422667 9.99189E-05 9.99189E-05 9.99189E-05 9.99189E-05 9.99189E-05 0.0780751 9.99189E-05
0.761731 9.99099E-05 9.99099E-05 9.99099E-05 0.0109839 9.99099E-05 9.99099E-05 9.99099E-05 9.99099E-05 9.99099E-05 0.226286 9.99099E-05 9.99099E-05
0.494652 9.99278E-05 9.99278E-05 9.99278E-05 0.213093 0.102329 9.99278E-05 9.99278E-05 0.0511989 9.99278E-05 9.99278E-05 9.99278E-05 0.137927
0.536883 9.99189E-05 9.99189E-05 9.99189E-05 0.37499 9.99189E-05 9.99189E-05 0.0477306 9.99189E-05 0.0394974 9.99189E-05 9.99189E-05 9.99189E-05
0.265606 0.342773 9.99549E-05 0.00766276 0.180694 0.00537746 9.99549E-05 9.99549E-05 9.99549E-05 0.0151807 0.138491 9.99549E-05 0.0437165
0.486418 9.99459E-05 0.00218966 0.220252 9.99459E-05 0.0660206 0.0396544 9.99459E-05 0.00936737 9.99459E-05 9.99459E-05 9.99459E-05 0.175499
0.374297 0.0220182 9.99188E-05 0.0229861 9.99188E-05 9.99188E-05 0.579799 9.99188E-05 9.99188E-05 9.99188E-05 9.99188E-05 9.99188E-05 9.99188E-05
0.541195 9.99459E-05 0.117205 9.99459E-05 0.227559 9.99459E-05 9.99459E-05 0.0213912 9.99459E-05 0.071499 0.0163184 0.00423224 9.99459E-05
0.694265 0.114271 9.99098E-05 9.99098E-05 9.99098E-05 9.99098E-05 9.99098E-05 9.99098E-05 9.99098E-05 9.99098E-05 0.190464 9.99098E-05 9.99098E-05
0.68632 9.9937E-05 0.00556119 9.9937E-05 0.151193 0.0759755 9.9937E-05 9.9937E-05 9.9937E-05 0.0612887 9.9937E-05 0.0189621 9.9937E-05
0.644709 9.99099E-05 9.99099E-05 9.99099E-05 9.99099E-05 9.99099E-05 0.338217 0.0160749 9.99099E-05 9.99099E-05 9.99099E-05 9.99099E-05 9.99099E-05
0.0358683 9.9973E-05 0.00629573 0.193435 0.147887 0.118636 0.0160653 9.9973E-05 9.9973E-05 0.0328386 0.0221084 0.0329463 0.393619
9.99098E-05 0.267499 9.99098E-05 9.99098E-05 9.99098E-05 9.99098E-05 9.99098E-05 9.99098E-05 9.99098E-05 9.99098E-05 0.094691 0.636811 9.99098E-05
9.99369E-05 9.99369E-05 9.99369E-05 0.0312682 9.99369E-05 9.99369E-05 0.543027 0.0103887 0.0453792 9.99369E-05 0.102837 9.99369E-05 0.266401
9.99097E-05 9.99097E-05 9.99097E-05 9.99097E-05 0.361565 9.99097E-05 9.99097E-05 9.99097E-05 9.99097E-05 9.99097E-05 0.412721 9.99097E-05 0.224715
9.99097E-05 9.99097E-05 9.99097E-05 9.99097E-05 9.99097E-05 9.99097E-05 9.99097E-05 0.219629 9.99097E-05 9.99097E-05 0.368412 0.410961 9.99097E-05
9.99368E-05 9.99368E-05 9.99368E-05 0.122491 0.08178 0.37499 0.19201 9.99368E-05 9.99368E-05 9.99368E-05 9.99368E-05 0.0123181 0.215712
9.99279E-05 9.99279E-05 9.99279E-05 9.99279E-05 0.0156521 0.202238 9.99279E-05 9.99279E-05 9.99279E-05 0.0192885 0.0778772 0.684144 9.99279E-05
0.00692149 0.0729332 0.0749419 9.99459E-05 0.160779 9.99459E-05 9.99459E-05 9.99459E-05 0.0187724 9.99459E-05 0.087338 9.99459E-05 0.577714
9.99008E-05 9.99008E-05 9.99008E-05 9.99008E-05 9.99008E-05 9.99008E-05 0.262809 9.99008E-05 9.99008E-05 9.99008E-05 9.99008E-05 0.736092 9.99008E-05
9.99279E-05 0.053739 9.99279E-05 9.99279E-05 9.99279E-05 9.99279E-05 9.99279E-05 9.99279E-05 0.00352224 9.99279E-05 0.732265 0.116361 0.0933138
9.99369E-05 9.99369E-05 0.0402339 0.0370933 9.99369E-05 0.317311 0.0759816 9.99369E-05 9.99369E-05 9.99369E-05 9.99369E-05 0.20473 0.32395
9.99189E-05 9.99189E-05 9.99189E-05 0.00355949 9.99189E-05 9.99189E-05 0.383155 9.99189E-05 0.0323104 9.99189E-05 9.99189E-05 0.580076 9.99189E-05
9.99098E-05 9.99098E-05 9.99098E-05 9.99098E-05 9.99098E-05 9.99098E-05 9.99098E-05 0.159411 9.99098E-05 9.99098E-05 0.493668 0.345922 9.99098E-05
9.99189E-05 9.99189E-05 9.99189E-05 0.298609 9.99189E-05 0.222103 0.0781357 9.99189E-05 9.99189E-05 9.99189E-05 9.99189E-05 9.99189E-05 0.400253
9.99098E-05 9.99098E-05 9.99098E-05 0.199974 9.99098E-05 9.99098E-05 0.198167 9.99098E-05 9.99098E-05 9.99098E-05 9.99098E-05 0.60086 9.99098E-05
9.99368E-05 0.164264 9.99368E-05 0.0524335 0.0463634 0.213076 0.374748 9.99368E-05 9.99368E-05 9.99368E-05 9.99368E-05 9.99368E-05 0.148416
9.99098E-05 9.99098E-05 9.99098E-05 9.99098E-05 9.99098E-05 9.99098E-05 9.99098E-05 0.0817465 9.99098E-05 9.99098E-05 0.548942 0.368313 9.99098E-05
9.99097E-05 9.99097E-05 9.99097E-05 9.99097E-05 9.99097E-05 9.99097E-05 0.339133 9.99097E-05 9.99097E-05 9.99097E-05 9.99097E-05 0.335482 0.324386
0.0503829 9.99459E-05 0.00218309 0.103642 0.0139943 0.287217 9.99459E-05 9.99459E-05 9.99459E-05 0.00655624 9.99459E-05 9.99459E-05 0.535425
9.99368E-05 0.126253 9.99368E-05 9.99368E-05 0.280068 9.99368E-05 9.99368E-05 9.99368E-05 0.0651808 9.99368E-05 0.163385 0.0235133 0.3409
0.0960006 9.99551E-05 9.99551E-05 0.0890509 0.0564803 9.99551E-05 0.370246 0.0682811 9.99551E-05 0.0563161 0.125278 9.99551E-05 0.137847
9.99279E-05 9.99279E-05 9.99279E-05 9.99279E-05 0.0523599 9.99279E-05 0.385873 9.99279E-05 9.99279E-05 0.0473655 0.204892 9.99279E-05 0.30871
9.99007E-05 9.99007E-05 9.99007E-05 9.99007E-05 9.99007E-05 9.99007E-05 9.99007E-05 9.99007E-05 9.99007E-05 9.99007E-05 0.648392 0.350509 9.99007E-05
9.99369E-05 0.157531 9.99369E-05 9.99369E-05 9.99369E-05 0.1519 9.99369E-05 0.0265575 9.99369E-05 0.0833043 9.99369E-05 0.181226 0.398782
9.99187E-05 9.99187E-05 9.99187E-05 9.99187E-05 0.228425 9.99187E-05 9.99187E-05 9.99187E-05 0.102517 9.99187E-05 9.99187E-05 0.534608 0.133551
0.176473 9.99369E-05 9.99369E-05 9.99369E-05 0.415176 9.99369E-05 9.99369E-05 0.00158032 0.0827233 0.00102332 0.322325 9.99369E-05 9.99369E-05
0.115679 9.99459E-05 0.0247101 9.99459E-05 9.99459E-05 0.142862 0.194293 9.99459E-05 9.99459E-05 0.0233823 9.99459E-05 0.226812 0.271662
0.195103 9.9946E-05 0.0972142 9.9946E-05 0.299508 9.9946E-05 9.9946E-05 0.130692 9.9946E-05 0.00766079 9.9946E-05 0.193501 0.07572
9.99279E-05 9.99279E-05 9.99279E-05 0.0608345 9.99279E-05 9.99279E-05 0.0267017 0.519634 9.99279E-05 0.0263184 0.365712 9.99279E-05 9.99279E-05
0.0484515 0.239344 9.99458E-05 9.99458E-05 0.44174 9.99458E-05 9.99458E-05 0.0089245 0.0910219 9.99458E-05 0.00333937 0.166579 9.99458E-05
0.107715 0.221412 0.0212555 9.99729E-05 0.160123 0.0317418 9.99729E-05 0.0410081 9.99729E-05 0.0158729 0.274263 0.0255458 0.100762
9.99369E-05 9.99369E-05 9.99369E-05 9.99369E-05 0.2049 0.486517 0.0194302 9.99369E-05 9.99369E-05 0.0365842 0.16268 0.0891903 9.99369E-05
0.0410394 9.99188E-05 9.99188E-05 9.99188E-05 0.176756 9.99188E-05 9.99188E-05 9.99188E-05 9.99188E-05 9.99188E-05 0.764676 9.99188E-05 0.0166288
9.99368E-05 0.046833 9.99368E-05 0.0383535 0.08012 0.255911 0.381464 9.99368E-05 9.99368E-05 9.99368E-05 9.99368E-05 9.99368E-05 0.196619
0.0456614 9.99278E-05 9.99278E-05 9.99278E-05 0.320779 0.0129771 9.99278E-05 9.99278E-05 9.99278E-05 9.99278E-05 0.601908 9.99278E-05 0.0178751
9.99279E-05 9.99279E-05 9.99279E-05 9.99279E-05 0.032513 9.99279E-05 0.365421 0.223501 9.99279E-05 9.99279E-05 9.99279E-05 0.333646 0.0441202
0.119106 0.00496455 0.00888915 0.0814043 0.0717574 0.0431256 0.490586 0.0192008 9.99639E-05 9.99639E-05 9.99639E-05 0.160566 9.99639E-05
0.11817 9.99371E-05 0.135402 9.99371E-05 0.551914 9.99371E-05 9.99371E-05 9.99371E-05 9.99371E-05 0.0128698 9.99371E-05 0.107231 0.0737132
0.072116 0.180645 0.0566871 9.99369E-05 0.401096 9.99369E-05 0.00864469 9.99369E-05 9.99369E-05 9.99369E-05 9.99369E-05 9.99369E-05 0.280112
0.0499146 9.99459E-05 0.0507837 0.037001 0.765278 9.99459E-05 9.99459E-05 0.0411242 9.99459E-05 0.0217352 9.99459E-05 0.0335636 9.99459E-05
0.15268 9.99369E-05 9.99369E-05 9.99369E-05 0.26163 0.0506541 0.465357 0.00413313 9.99369E-05 9.99369E-05 0.0648464 9.99369E-05 9.99369E-05
9.99279E-05 0.0603227 9.99279E-05 0.0129931 0.169634 9.99279E-05 9.99279E-05 0.492923 9.99279E-05 9.99279E-05 0.263328 9.99279E-05 9.99279E-05
9.99188E-05 9.99188E-05 9.99188E-05 9.99188E-05 0.0448238 9.99188E-05 9.99188E-05 0.442577 9.99188E-05 9.99188E-05 0.276721 0.234979 9.99188E-05
9.99459E-05 0.52122 0.0143496 9.99459E-05 0.118358 9.99459E-05 9.99459E-05 9.99459E-05 0.0531571 9.99459E-05 0.0902512 0.197213 0.00485181
9.99279E-05 9.99279E-05 0.0180168 9.99279E-05 0.150241 9.99279E-05 9.99279E-05 0.247271 9.99279E-05 9.99279E-05 0.464471 0.119202 9.99279E-05
9.99369E-05 0.0396439 9.99369E-05 0.012362 0.0256919 0.111174 9.99369E-05 0.729326 9.99369E-05 9.99369E-05 0.0811031 9.99369E-05 9.99369E-05
9.99279E-05 0.520765 0.0498869 9.99279E-05 9.99279E-05 9.99279E-05 9.99279E-05 0.0458738 0.052743 9.99279E-05 9.99279E-05 0.329932 9.99279E-05
9.99368E-05 0.113924 9.99368E-05 9.99368E-05 0.199604 0.0373022 9.99368E-05 9.99368E-05 0.0242228 9.99368E-05 0.429429 9.99368E-05 0.194818
9.9946E-05 9.9946E-05 9.9946E-05 0.757587 0.0494589 9.9946E-05 9.9946E-05 9.9946E-05 0.0311206 0.0172421 0.0485996 0.00259305 0.0927994
9.99278E-05 0.168584 9.99278E-05 0.68543 0.0776402 0.0117994 0.0557475 9.99278E-05 9.99278E-05 9.99278E-05 9.99278E-05 9.99278E-05 9.99278E-05
9.99368E-05 0.529141 9.99368E-05 0.0794181 0.172075 0.0139877 9.99368E-05 9.99368E-05 0.0841211 9.99368E-05 9.99368E-05 9.99368E-05 0.120557
9.99278E-05 0.157055 9.99278E-05 0.496103 0.000306278 0.299906 9.99278E-05 9.99278E-05 9.99278E-05 9.99278E-05 9.99278E-05 9.99278E-05 0.0458309
0.0215748 0.0806844 9.99189E-05 0.873201 0.0236408 9.99189E-05 9.99189E-05 9.99189E-05 9.99189E-05 9.99189E-05 9.99189E-05 9.99189E-05 9.99189E-05
9.99278E-05 0.139943 9.99278E-05 0.371703 0.027604 9.99278E-05 0.415663 9.99278E-05 9.99278E-05 0.0442878 9.99278E-05 9.99278E-05 9.99278E-05
0.0089447 0.0794005 9.99369E-05 0.636686 9.99369E-05 9.99369E-05 0.17282 9.99369E-05 9.99369E-05 9.99369E-05 0.0459081 9.99369E-05 0.0555415
9.99279E-05 0.637534 9.99279E-05 0.16221 0.027632 9.99279E-05 9.99279E-05 9.99279E-05 0.0328908 9.99279E-05 0.138934 9.99279E-05 9.99279E-05
9.9919E-05 0.248568 9.9919E-05 9.9919E-05 9.9919E-05 9.9919E-05 9.9919E-05 0.122129 9.9919E-05 9.9919E-05 0.501308 0.127096 9.9919E-05
0.039894 0.0675059 9.99459E-05 0.106682 0.00992114 9.99459E-05 9.99459E-05 0.0343584 0.0741904 9.99459E-05 9.99459E-05 9.99459E-05 0.666849
0.0369858 0.904 9.9919E-05 0.0542946 9.9919E-05 9.9919E-05 9.9919E-05 9.9919E-05 0.00381996 9.9919E-05 9.9919E-05 9.9919E-05 9.9919E-05
9.9937E-05 0.474885 9.9937E-05 0.065035 0.000384864 9.9937E-05 9.9937E-05 9.9937E-05 0.268098 9.9937E-05 0.0897659 9.9937E-05 0.101131
0.0170136 0.278118 9.99549E-05 0.154226 0.0481566 0.0437438 9.99549E-05 9.99549E-05 0.0611208 9.99549E-05 0.0506488 9.99549E-05 0.346473
0.00292012 0.561872 9.99279E-05 9.99279E-05 9.99279E-05 9.99279E-05 9.99279E-05 9.99279E-05 9.99279E-05 9.99279E-05 0.252815 0.0889892 0.0926047
0.0380334 0.502159 9.99369E-05 0.0635053 9.99369E-05 9.99369E-05 9.99369E-05 0.124484 9.99369E-05 0.0151 9.99369E-05 9.99369E-05 0.256019
9.99369E-05 0.0460825 0.0242988 0.0617689 9.99369E-05 9.99369E-05 9.99369E-05 9.99369E-05 9.99369E-05 0.131116 9.99369E-05 0.292311 0.443724
9.99459E-05 0.463631 0.0318477 9.99459E-05 9.99459E-05 0.111609 9.99459E-05 9.99459E-05 0.0305825 0.0227279 0.080572 9.99459E-05 0.258429
0.136973 0.468603 9.99279E-05 0.0887867 9.99279E-05 9.99279E-05 9.99279E-05 9.99279E-05 0.0068416 9.99279E-05 9.99279E-05 9.99279E-05 0.297996
9.99099E-05 9.99099E-05 9.99099E-05 0.195343 9.99099E-05 0.472728 9.99099E-05 9.99099E-05 9.99099E-05 9.99099E-05 9.99099E-05 9.99099E-05 0.33093
9.9955E-05 0.0189408 9.9955E-05 0.120406 0.088563 0.00251185 9.9955E-05 0.080059 0.00709232 0.0109165 9.9955E-05 9.9955E-05 0.671011
9.9937E-05 0.687264 0.0235843 9.9937E-05 9.9937E-05 0.0377093 0.0319645 0.115963 9.9937E-05 9.9937E-05 0.102815 9.9937E-05 9.9937E-05
0.0337264 0.540773 0.00156121 9.99549E-05 0.0154174 9.99549E-05 0.00970493 9.99549E-05 0.00633742 9.99549E-05 0.0433725 9.99549E-05 0.348607
9.99189E-05 0.406455 9.99189E-05 9.99189E-05 9.99189E-05 9.99189E-05 9.99189E-05 0.047899 9.99189E-05 9.99189E-05 0.456293 0.0884539 9.99189E-05
9.99189E-05 9.99189E-05 9.99189E-05 0.36118 0.0994582 0.0598733 9.99189E-05 9.99189E-05 9.99189E-05 9.99189E-05 9.99189E-05 9.99189E-05 0.47859
9.9955E-05 0.05911 9.9955E-05 0.00343788 0.162983 0.0244301 9.9955E-05 9.9955E-05 0.0793006 0.0168706 9.9955E-05 0.00152582 0.651842
0.0152476 0.555383 0.00822609 9.99369E-05 9.99369E-05 9.99369E-05 9.99369E-05 9.99369E-05 9.99369E-05 9.99369E-05 0.32754 0.0747344 0.0181691
0.0712973 9.9946E-05 0.0382359 0.455476 9.9946E-05 0.0607025 0.0207637 9.9946E-05 9.9946E-05 9.9946E-05 9.9946E-05 0.333654 0.0192707
9.99279E-05 0.0024897 9.99279E-05 0.050672 9.99279E-05 0.474943 9.99279E-05 9.99279E-05 9.99279E-05 0.00697253 9.99279E-05 0.464123 9.99279E-05
0.0676766 0.102904 9.99369E-05 9.99369E-05 0.198765 9.99369E-05 9.99369E-05 9.99369E-05 0.153048 0.00561947 0.471288 9.99369E-05 9.99369E-05
0.0503281 9.99459E-05 9.99459E-05 9.99459E-05 0.307691 9.99459E-05 9.99459E-05 0.0352521 0.0137082 0.0122879 0.113281 0.466853 9.99459E-05
9.99369E-05 0.0734452 9.99369E-05 0.3297 9.99369E-05 0.338591 9.99369E-05 9.99369E-05 0.0168266 0.0449136 9.99369E-05 0.195823 9.99369E-05
9.99279E-05 9.99279E-05 9.99279E-05 0.474392 9.99279E-05 9.99279E-05 0.094022 9.99279E-05 0.0191854 9.99279E-05 9.99279E-05 0.409255 0.00234674
9.99369E-05 9.99369E-05 9.99369E-05 0.392377 9.99369E-05 0.109752 0.0775073 9.99369E-05 0.0707514 9.99369E-05 9.99369E-05 0.308736 0.0401769
9.99189E-05 9.99189E-05 9.99189E-05 9.99189E-05 0.0374517 9.99189E-05 9.99189E-05 0.358727 9.99189E-05 9.99189E-05 0.422861 0.180061 9.99189E-05
9.99279E-05 0.302343 9.99279E-05 9.99279E-05 0.174312 9.99279E-05 9.99279E-05 9.99279E-05 0.109094 9.99279E-05 0.145571 0.267881 9.99279E-05
0.292157 9.99549E-05 0.0277519 0.0449958 0.327259 0.127476 9.99549E-05 9.99549E-05 0.0231563 9.99549E-05 9.99549E-05 0.135784 0.0209207
0.0158894 0.0138358 9.99459E-05 0.322604 0.016497 0.225424 9.99459E-05 9.99459E-05 9.99459E-05 9.99459E-05 9.99459E-05 0.345134 0.0600156
0.00611856 0.0701115 9.99369E-05 9.99369E-05 0.205321 9.99369E-05 9.99369E-05 0.377892 9.99369E-05 9.99369E-05 0.184468 0.155389 9.99369E-05
9.99549E-05 0.238808 9.99549E-05 0.0159165 0.312233 9.99549E-05 9.99549E-05 9.99549E-05 0.0355365 0.0203023 0.0634497 0.114037 0.199217
9.99278E-05 0.453284 9.99278E-05 0.0639725 0.206729 9.99278E-05 9.99278E-05 9.99278E-05 0.0592331 9.99278E-05 9.99278E-05 0.215982 9.99278E-05
0.160687 9.99459E-05 0.0101194 9.99459E-05 0.491036 9.99459E-05 9.99459E-05 0.0582838 9.99459E-05 0.000116189 9.99459E-05 0.268876 0.0102817
0.168142 0.363303 9.99278E-05 9.99278E-05 0.0994095 9.99278E-05 9.99278E-05 9.99278E-05 9.99278E-05 9.99278E-05 0.169068 9.99278E-05 0.199278
0.0605141 0.117335 0.0400813 0.108111 0.00791674 0.199109 9.99549E-05 9.99549E-05 9.99549E-05 9.99549E-05 9.99549E-05 0.00107721 0.465356
9.99279E-05 9.99279E-05 9.99279E-05 9.99279E-05 0.428181 0.113374 9.99279E-05 9.99279E-05 0.0331788 9.99279E-05 9.99279E-05 0.128886 0.29558
9.9937E-05 9.9937E-05 9.9937E-05 0.317521 9.9937E-05 0.204247 0.118139 9.9937E-05 9.9937E-05 0.0203093 9.9937E-05 0.329811 0.00927328
9.99278E-05 0.336381 0.128356 9.99278E-05 9.99278E-05 9.99278E-05 9.99278E-05 9.99278E-05 9.99278E-05 0.0148655 0.14753 0.372068 9.99278E-05
9.99369E-05 9.99369E-05 0.0192754 0.349522 0.0156067 0.0774086 9.99369E-05 9.99369E-05 9.99369E-05 9.99369E-05 9.99369E-05 0.273604 0.263884
9.99279E-05 0.0426778 9.99279E-05 0.185168 9.99279E-05 9.99279E-05 0.377683 9.99279E-05 9.99279E-05 9.99279E-05 9.99279E-05 0.211481 0.182191
9.99189E-05 0.483813 9.99189E-05 9.99189E-05 0.0312289 9.99189E-05 9.99189E-05 9.99189E-05 9.99189E-05 9.99189E-05 0.313622 0.170437 9.99189E-05
9.99369E-05 0.285472 9.99369E-05 9.99369E-05 0.00818811 0.199586 9.99369E-05 9.99369E-05 0.0487441 9.99369E-05 0.127177 9.99369E-05 0.330133
9.99459E-05 0.543688 0.0174684 9.99459E-05 0.0300219 9.99459E-05 9.99459E-05 9.99459E-05 0.0515432 9.99459E-05 0.0728781 0.144329 0.139471
9.9946E-05 9.9946E-05 9.9946E-05 0.764412 9.9946E-05 0.017083 9.9946E-05 0.0271897 0.0252852 0.0196799 9.9946E-05 0.0798612 0.0658897
9.9973E-05 0.00376997 0.119569 0.134682 9.9973E-05 9.9973E-05 0.256659 0.0929048 0.0710154 0.0757383 0.000393504 0.00779616 0.237172
9.99189E-05 9.99189E-05 0.0625186 0.247954 9.99189E-05 9.99189E-05 9.99189E-05 9.99189E-05 9.99189E-05 9.99189E-05 9.99189E-05 0.0685557 0.620073
9.99189E-05 0.653963 9.99189E-05 9.99189E-05 9.99189E-05 9.99189E-05 9.99189E-05 0.0732697 9.99189E-05 9.99189E-05 0.101912 0.169956 9.99189E-05
9.9928E-05 9.9928E-05 0.0278776 0.190582 9.9928E-05 9.9928E-05 0.00651964 9.9928E-05 9.9928E-05 9.9928E-05 9.9928E-05 0.0189648 0.755256
0.0849858 9.9928E-05 9.9928E-05 0.379349 9.9928E-05 9.9928E-05 9.9928E-05 9.9928E-05 9.9928E-05 0.0279694 9.9928E-05 0.0890185 0.417878
0.0735065 9.9937E-05 9.9937E-05 0.439062 9.9937E-05 0.15168 9.9937E-05 0.0399114 9.9937E-05 9.9937E-05 9.9937E-05 0.05854 0.236601
0.0794412 0.676617 9.99279E-05 9.99279E-05 9.99279E-05 9.99279E-05 9.99279E-05 0.0493532 9.99279E-05 9.99279E-05 0.142503 9.99279E-05 0.0512859
0.0125932 0.369338 9.99639E-05 0.0399626 0.0580378 0.0120563 9.99639E-05 9.99639E-05 0.00900648 0.0305698 9.99639E-05 0.0957158 0.37232
9.9964E-05 0.0886455 9.9964E-05 0.390441 9.9964E-05 0.358935 0.0246265 9.9964E-05 0.0100743 0.0169775 0.0295779 0.0265432 0.0537792
0.0143123 0.222995 0.0179131 9.9955E-05 9.9955E-05 9.9955E-05 9.9955E-05 0.127052 0.0208765 9.9955E-05 0.115107 0.189573 0.29167
9.9919E-05 9.9919E-05 9.9919E-05 0.531012 9.9919E-05 9.9919E-05 9.9919E-05 0.0755723 9.9919E-05 0.0128668 9.9919E-05 9.9919E-05 0.379649
9.9937E-05 0.102262 9.9937E-05 9.9937E-05 0.0176406 9.9937E-05 0.420648 0.1619 9.9937E-05 9.9937E-05 0.0641429 9.9937E-05 0.232708
0.0817119 0.226448 9.9946E-05 0.0697318 9.9946E-05 9.9946E-05 9.9946E-05 9.9946E-05 0.0557028 0.00236623 9.9946E-05 0.156149 0.407292
9.9919E-05 0.552851 9.9919E-05 0.021156 9.9919E-05 9.9919E-05 9.9919E-05 9.9919E-05 9.9919E-05 9.9919E-05 0.377129 0.0479652 9.9919E-05
9.99369E-05 0.206655 9.99369E-05 0.0609448 0.218839 9.99369E-05 9.99369E-05 9.99369E-05 0.119906 9.99369E-05 9.99369E-05 0.0651082 0.327848
0.124464 0.10067 0.0400269 9.99729E-05 0.476063 0.026647 9.99729E-05 0.0179862 9.99729E-05 0.0129452 0.148637 0.0445683 0.00769221
0.0567735 9.99369E-05 9.99369E-05 0.00426288 0.181556 0.005965 9.99369E-05 0.322074 9.99369E-05 9.99369E-05 0.428669 9.99369E-05 9.99369E-05
9.99188E-05 0.260162 0.0222929 9.99188E-05 0.36055 9.99188E-05 9.99188E-05 9.99188E-05 9.99188E-05 9.99188E-05 9.99188E-05 9.99188E-05 0.356096
0.551219 0.330024 9.99278E-05 9.99278E-05 9.99278E-05 9.99278E-05 9.99278E-05 9.99278E-05 0.0270468 9.99278E-05 0.0321758 0.0587352 9.99278E-05
9.99459E-05 0.362034 9.99459E-05 0.00376366 0.34733 0.106838 9.99459E-05 9.99459E-05 0.0310909 9.99459E-05 9.99459E-05 0.104592 0.0437521
9.99459E-05 0.000719859 9.99459E-05 0.189536 0.319748 0.101561 0.263543 9.99459E-05 9.99459E-05 9.99459E-05 9.99459E-05 0.0320054 0.0922871
9.99189E-05 9.99189E-05 9.99189E-05 9.99189E-05 0.175378 9.99189E-05 9.99189E-05 0.298177 9.99189E-05 9.99189E-05 0.333995 0.191551 9.99189E-05
9.9937E-05 9.9937E-05 0.021529 0.0873437 9.9937E-05 9.9937E-05 0.483981 0.0541699 9.9937E-05 0.0225084 9.9937E-05 0.329769 9.9937E-05
0.39471 9.99368E-05 9.99368E-05 0.20321 9.99368E-05 0.00235637 0.0259461 9.99368E-05 0.0523553 9.99368E-05 9.99368E-05 9.99368E-05 0.320723
0.07661 9.99459E-05 9.99459E-05 9.99459E-05 0.0821365 0.672876 0.0604844 0.0789655 9.99459E-05 9.99459E-05 0.00640294 9.99459E-05 0.0219245
0.110645 0.00241426 9.99368E-05 9.99368E-05 0.0397747 9.99368E-05 9.99368E-05 0.473082 9.99368E-05 9.99368E-05 0.217705 9.99368E-05 0.15568
0.0650008 0.243992 9.99369E-05 9.99369E-05 0.0383321 9.99369E-05 9.99369E-05 0.355513 9.99369E-05 9.99369E-05 0.291595 0.00486761 9.99369E-05
9.9946E-05 0.140762 9.9946E-05 0.0595818 0.000890207 0.203047 0.335569 9.9946E-05 9.9946E-05 9.9946E-05 9.9946E-05 0.233913 0.0256374
9.99459E-05 0.290141 0.00688411 9.99459E-05 0.249077 0.0602929 9.99459E-05 9.99459E-05 0.0625821 9.99459E-05 0.0637503 9.99459E-05 0.266673
0.159571 0.137736 0.0328865 9.99459E-05 0.485383 9.99459E-05 9.99459E-05 0.0144405 9.99459E-05 0.000733049 9.99459E-05 9.99459E-05 0.168651
0.0852485 0.247604 9.99279E-05 9.99279E-05 0.00365566 9.99279E-05 9.99279E-05 0.418722 9.99279E-05 9.99279E-05 0.243971 9.99279E-05 9.99279E-05
0.105888 9.9928E-05 9.9928E-05 9.9928E-05 0.646592 0.119336 0.00133089 0.126054 9.9928E-05 9.9928E-05 9.9928E-05 9.9928E-05 9.9928E-05
0.0039724 9.99639E-05 9.99639E-05 0.00434261 0.378297 0.0635084 0.313287 0.0262707 9.99639E-05 0.0550774 9.99639E-05 0.145831 0.00901311
9.99278E-05 0.0676647 9.99278E-05 0.440074 0.137074 0.340304 9.99278E-05 9.99278E-05 9.99278E-05 9.99278E-05 9.99278E-05 9.99278E-05 0.0140844
0.0432185 9.99189E-05 9.99189E-05 9.99189E-05 0.0957705 0.505634 9.99189E-05 9.99189E-05 9.99189E-05 9.99189E-05 9.99189E-05 9.99189E-05 0.354478
0.148575 9.99369E-05 9.99369E-05 9.99369E-05 0.233589 0.0139389 0.362579 0.158542 9.99369E-05 9.99369E-05 9.99369E-05 9.99369E-05 0.0820759
0.0148709 0.823813 9.9937E-05 0.0650422 9.9937E-05 9.9937E-05 9.9937E-05 0.0356973 0.0347016 0.0251756 9.9937E-05 9.9937E-05 9.9937E-05
0.048986 0.133566 9.99279E-05 0.55728 9.99279E-05 9.99279E-05 9.99279E-05 0.0110761 9.99279E-05 9.99279E-05 9.99279E-05 9.99279E-05 0.248292
0.147079 0.369077 9.99189E-05 9.99189E-05 9.99189E-05 9.99189E-05 9.99189E-05 9.99189E-05 9.99189E-05 9.99189E-05 0.241155 9.99189E-05 0.24179
0.216551 0.263162 9.99368E-05 9.99368E-05 9.99368E-05 9.99368E-05 9.99368E-05 9.99368E-05 0.0338947 9.99368E-05 0.0211336 0.0310892 0.43347
9.99279E-05 9.99279E-05 9.99279E-05 0.35405 9.99279E-05 9.99279E-05 9.99279E-05 9.99279E-05 0.0444601 0.0172283 9.99279E-05 0.0400963 0.543366
9.9928E-05 0.719443 9.9928E-05 9.9928E-05 9.9928E-05 9.9928E-05 9.9928E-05 0.220902 9.9928E-05 0.00518628 0.0209594 0.0327101 9.9928E-05
0.156336 0.0581876 9.99368E-05 9.99368E-05 0.268873 0.0997246 9.99368E-05 0.356737 9.99368E-05 9.99368E-05 0.0594423 9.99368E-05 9.99368E-05
9.99459E-05 0.421604 9.99459E-05 9.99459E-05 0.242031 0.0220738 9.99459E-05 9.99459E-05 0.0117386 9.99459E-05 0.223073 0.0174523 0.0614282
9.9928E-05 9.9928E-05 9.9928E-05 9.9928E-05 0.303063 0.600129 9.9928E-05 0.0618732 9.9928E-05 0.0281003 9.9928E-05 0.00603507 9.9928E-05
9.99369E-05 0.0409391 9.99369E-05 9.99369E-05 0.502173 0.276185 9.99369E-05 0.0210835 0.0671901 9.99369E-05 9.99369E-05 0.0917302 9.99369E-05
9.99459E-05 0.0643812 9.99459E-05 9.99459E-05 0.0280128 0.45524 9.99459E-05 9.99459E-05 0.119717 9.99459E-05 0.0661589 0.120141 0.14575
9.99188E-05 0.00660718 9.99188E-05 9.99188E-05 9.99188E-05 0.269512 9.99188E-05 0.0966013 9.99188E-05 9.99188E-05 0.62638 9.99188E-05 9.99188E-05
9.99369E-05 0.0242149 9.99369E-05 0.01985 9.99369E-05 0.241968 0.593058 9.99369E-05 0.09045 9.99369E-05 0.0297595 9.99369E-05 9.99369E-05
0.0868801 0.15327 0.0458645 9.995E-05 0.277723 0.0759992 9.995E-05 9.995E-05 0.190549 9.995E-05 0.132768 9.995E-05 0.0364463
0.101952 0.0819249 0.0371102 0.00273679 9.99549E-05 0.531269 0.0943529 9.99549E-05 9.99549E-05 9.99549E-05 9.99549E-05 0.0676047 0.0825503
0.00756951 9.99279E-05 9.99279E-05 0.0619967 9.99279E-05 0.38165 0.42202 9.99279E-05 0.125964 9.99279E-05 9.99279E-05 9.99279E-05 9.99279E-05
0.0108503 0.0191136 9.99369E-05 9.99369E-05 0.0435152 0.896803 9.99369E-05 9.99369E-05 0.0176048 9.99369E-05 0.0114131 9.99369E-05 9.99369E-05
9.99459E-05 9.99459E-05 9.99459E-05 0.127137 0.00516955 0.668907 9.99459E-05 9.99459E-05 0.069896 9.99459E-05 0.0172305 0.0470329 0.0640278
9.99189E-05 9.99189E-05 0.0622566 9.99189E-05 9.99189E-05 0.844928 9.99189E-05 9.99189E-05 0.0164585 9.99189E-05 0.0754577 9.99189E-05 9.99189E-05
0.0588075 0.15069 9.99458E-05 9.99458E-05 0.221858 0.168601 9.99458E-05 9.99458E-05 0.167365 9.99458E-05 0.160379 9.99458E-05 0.0717
0.0268012 0.641569 0.0667559 9.99369E-05 0.143703 9.99369E-05 9.99369E-05 9.99369E-05 9.99369E-05 0.0158703 9.99369E-05 0.104601 9.99369E-05
9.9973E-05 0.0433265 0.0428886 0.119931 0.00449357 0.0613993 0.521788 0.0275253 9.9973E-05 0.00385774 0.0265194 0.147971 9.9973E-05
0.0903017 9.9937E-05 9.9937E-05 9.9937E-05 0.0708228 0.559811 0.0144033 0.241731 9.9937E-05 9.9937E-05 9.9937E-05 0.0222305 9.9937E-05
0.0464794 0.0662979 0.0757835 9.99729E-05 0.31446 9.99729E-05 0.0389755 0.103023 9.99729E-05 0.0462276 0.164644 0.0436325 0.100177
9.99369E-05 9.99369E-05 9.99369E-05 9.99369E-05 0.0396061 0.0188045 9.99369E-05 0.54704 0.0190818 9.99369E-05 0.329397 0.045371 9.99369E-05
9.991E-05 0.561808 9.991E-05 9.991E-05 9.991E-05 0.0361416 9.991E-05 9.991E-05 9.991E-05 9.991E-05 0.401051 9.991E-05 9.991E-05
9.99369E-05 0.0183512 9.99369E-05 9.99369E-05 0.00392628 0.0503147 9.99369E-05 0.460814 9.99369E-05 9.99369E-05 0.440977 9.99369E-05 0.0249173
