0.114029 0.40717 0.478701 9.9991E-05
0.00965622 0.459771 0.530473 9.9991E-05
0.0491132 9.9991E-05 0.827036 0.123751
0.0248439 0.770862 0.101009 0.103284
0.0935156 0.824197 9.9991E-05 0.0821875
0.130928 0.186734 0.620203 0.0621348
9.9982E-05 9.9982E-05 0.85393 0.14587
0.114992 0.136643 0.748265 9.9991E-05
0.0636739 0.588107 0.34812 9.9991E-05
0.10384 0.0316616 0.287065 0.577433
0.00809126 0.700154 0.279673 0.0120818
0.00878893 0.838115 0.150266 0.00282915
0.130647 0.382634 0.315793 0.170926
0.0345091 0.0125967 0.855217 0.0976773
9.9982E-05 0.827664 0.172136 9.9982E-05
0.0748982 9.9991E-05 0.472424 0.452578
9.9991E-05 0.00946489 0.869073 0.121363
9.9982E-05 0.0119533 0.987847 9.9982E-05
9.9982E-05 0.589401 0.410399 9.9982E-05
0.674864 0.246684 9.9991E-05 0.0783518
0.677871 0.263265 9.9991E-05 0.0587639
0.770721 0.160553 9.9991E-05 0.0686256
0.583896 0.415904 9.9982E-05 9.9982E-05
0.572951 0.426849 9.9982E-05 9.9982E-05
0.616513 9.9991E-05 0.315042 0.0683448
0.512938 0.486862 9.9982E-05 9.9982E-05
0.481931 9.9982E-05 9.9982E-05 0.517869
0.461463 0.465065 9.9991E-05 0.0733729
0.732207 0.0906224 9.9991E-05 0.177071
0.697472 0.302328 9.9982E-05 9.9982E-05
0.543953 0.173635 0.00989147 0.272521
0.725604 9.9991E-05 0.174607 0.0996888
0.564318 9.9991E-05 0.023857 0.411725
0.646517 9.9991E-05 0.326338 0.0270451
0.680165 0.311507 9.9991E-05 0.0082277
0.569262 0.430538 9.9982E-05 9.9982E-05
0.557078 0.311197 9.9991E-05 0.131625
0.579531 0.420269 9.9982E-05 9.9982E-05
0.803129 0.112244 0.0845271 9.9991E-05
0.71574 9.9982E-05 9.9982E-05 0.284061
0.548178 9.9982E-05 9.9982E-05 0.451622
0.592249 0.285555 9.9991E-05 0.122096
0.836187 9.9991E-05 0.140882 0.0228305
0.652624 9.9991E-05 0.210454 0.136822
0.420271 0.579529 9.9982E-05 9.9982E-05
0.541559 0.458241 9.9982E-05 9.9982E-05
0.571897 9.9991E-05 0.15412 0.273883
0.819088 0.117887 0.0629253 9.9991E-05
0.34256 9.9982E-05 9.9982E-05 0.65724
0.694634 0.305166 9.9982E-05 9.9982E-05
0.735021 9.9982E-05 9.9982E-05 0.264779
0.645512 0.280432 9.9991E-05 0.0739564
0.556846 0.428832 0.014222 9.9991E-05
0.511198 0.37267 0.116032 9.9991E-05
0.461063 0.51879 9.9991E-05 0.0200471
0.49076 0.50904 9.9982E-05 9.9982E-05
0.786438 9.9991E-05 0.107596 0.105866
0.72637 0.102243 9.9991E-05 0.171287
0.722423 9.9991E-05 0.0486068 0.22887
0.722137 0.277663 9.9982E-05 9.9982E-05
0.728593 0.271207 9.99819E-05 9.99819E-05
0.63698 0.331124 0.0317958 9.9991E-05
0.636452 9.9991E-05 0.248146 0.115303
0.602135 0.397665 9.9982E-05 9.9982E-05
0.492064 9.9991E-05 0.383123 0.124714
0.511054 0.416438 0.0724086 9.9991E-05
0.593506 0.406294 9.9982E-05 9.9982E-05
0.561953 0.437847 9.9982E-05 9.9982E-05
0.59586 0.166088 0.237952 9.9991E-05
0.716943 0.0857753 0.166775 0.0305066
0.55236 9.9982E-05 9.9982E-05 0.44744
0.594232 9.9991E-05 0.142649 0.263019
0.545085 0.454715 9.9982E-05 9.9982E-05
0.631351 9.9991E-05 0.175784 0.192765
0.657027 0.342773 9.9982E-05 9.9982E-05
0.505688 0.494112 9.9982E-05 9.9982E-05
0.673057 9.9991E-05 0.0703766 0.256466
0.481275 9.9991E-05 0.0101472 0.508478
0.693167 9.9991E-05 0.182625 0.124108
0.749701 0.111477 0.0206762 0.118146
0.485772 9.9982E-05 9.9982E-05 0.514028
0.681962 0.317838 9.9982E-05 9.9982E-05
0.770664 0.177054 9.9991E-05 0.0521819
0.632327 0.26053 9.9991E-05 0.107044
0.624209 9.9991E-05 0.0990619 0.276629
0.756244 0.240323 9.9991E-05 0.00333258
0.585033 0.414767 9.9982E-05 9.9982E-05
0.566221 9.9982E-05 0.433579 9.9982E-05
0.56343 9.9991E-05 0.317362 0.119108
0.557693 0.320856 0.121352 9.9991E-05
0.598999 9.9982E-05 0.400801 9.9982E-05
0.553003 9.9982E-05 0.446797 9.9982E-05
0.49389 0.50591 9.9982E-05 9.9982E-05
0.600534 9.9982E-05 0.399266 9.9982E-05
0.61143 0.00424716 0.384223 9.9991E-05
0.159666 0.0330755 0.200849 0.606409
0.266517 0.0533436 0.274032 0.406107
0.214011 0.26998 0.222987 0.293022
0.079277 0.491071 0.429552 9.9991E-05
0.0826028 0.0597592 0.235428 0.62221
0.042792 0.389702 0.567406 9.9991E-05
9.9982E-05 9.9982E-05 0.736652 0.263148
0.162541 0.0511332 0.278524 0.507801
0.210752 0.076566 0.463031 0.249651
0.206516 0.594489 0.0541695 0.144825
0.0684012 0.0504544 9.9991E-05 0.881044
0.0750853 0.567697 0.102565 0.254653
0.150906 0.0332823 0.418741 0.39707
0.157854 0.25975 0.518047 0.0643499
0.150583 0.230448 0.24634 0.372629
0.0307218 0.0480627 0.714336 0.20688
0.164297 0.660863 0.174741 9.9991E-05
0.10293 0.653968 0.068321 0.17478
0.357027 0.0381756 0.288176 0.316622
0.0954185 0.0286271 0.577585 0.29837
0.228064 0.343662 0.140128 0.288147
0.159778 0.523549 0.0908214 0.225851
0.0539264 0.629822 0.282168 0.0340837
0.038983 0.178558 0.360636 0.421823
0.0504422 0.654706 0.162051 0.132801
0.0286376 0.0586314 0.659396 0.253335
0.00871191 9.9991E-05 0.0535714 0.937617
9.9991E-05 0.805043 0.175472 0.0193848
0.0484738 0.524652 9.9991E-05 0.426774
0.112306 0.214296 0.673299 9.9991E-05
0.0721969 0.557025 9.9991E-05 0.370678
0.0145846 9.9991E-05 0.490884 0.494431
0.0487457 0.772006 0.09287 0.0863784
0.0897186 0.642755 9.9991E-05 0.267426
0.0133282 9.9991E-05 0.110432 0.87614
9.9982E-05 0.828266 0.171534 9.9982E-05
0.0714904 0.785796 9.9991E-05 0.142614
9.9991E-05 0.66919 0.326327 0.00438281
0.0171141 0.0258197 9.9991E-05 0.956966
0.0482701 0.773957 0.089127 0.0886462
0.0214553 0.725558 0.252887 9.9991E-05
0.00866159 0.182691 0.807833 0.000815249
0.120661 0.480907 0.212341 0.186091
0.0665926 0.607264 0.153807 0.172337
9.9982E-05 9.9982E-05 0.238754 0.761046
0.111177 0.394515 0.487263 0.00704489
0.137541 0.311124 0.350723 0.200611
0.175116 9.9991E-05 0.392364 0.43242
0.141502 0.604038 0.197889 0.0565702
0.222077 0.401781 9.9991E-05 0.376042
0.0789533 0.0548026 0.0363349 0.829909
0.137746 0.0834551 0.499108 0.279691
0.0793404 9.9991E-05 0.566937 0.353622
0.0698594 0.536741 9.9991E-05 0.3933
9.9982E-05 9.9982E-05 0.41351 0.58629
9.9982E-05 0.755561 0.244239 9.9982E-05
9.9991E-05 0.00870656 0.433287 0.557906
0.0620976 0.494049 9.9991E-05 0.443753
0.0283099 0.715107 9.9991E-05 0.256483
0.245327 0.359873 0.166994 0.227806
0.0950519 0.250605 0.644847 0.00949689
0.175609 0.267927 0.255184 0.30128
0.0244337 0.53107 0.111344 0.333153
9.9991E-05 0.0111415 0.193348 0.79541
9.9991E-05 0.0726203 0.00433692 0.922943
0.0607328 9.9991E-05 0.747811 0.191356
0.109937 9.9991E-05 0.163676 0.726288
9.9991E-05 0.109148 0.0328535 0.857899
0.159048 9.9991E-05 0.605365 0.235488
9.9991E-05 0.0621826 0.69879 0.238928
0.0601866 0.810506 0.129207 9.9991E-05
9.9982E-05 0.764041 0.235759 9.9982E-05
0.0234916 0.136136 0.840273 9.9991E-05
9.99819E-05 0.762393 0.237408 9.99819E-05
9.9982E-05 0.842091 0.157709 9.9982E-05
0.107107 0.714698 0.172408 0.00578661
9.9982E-05 0.790549 0.209251 9.9982E-05
0.00302338 0.0494631 0.801846 0.145667
9.9982E-05 9.9982E-05 0.363766 0.636034
0.0469546 0.456228 0.496718 9.9991E-05
0.0217263 9.9991E-05 0.839406 0.138768
0.15862 0.0248274 0.816453 9.9991E-05
9.9982E-05 0.30815 0.69165 9.9982E-05
9.9982E-05 9.9982E-05 0.779841 0.219959
0.0292935 0.131991 0.740267 0.0984493
0.186943 0.498084 0.314874 9.9991E-05
0.0960902 0.123574 0.756722 0.0236135
0.0532446 0.172951 0.773704 9.9991E-05
9.9982E-05 0.758383 0.241417 9.9982E-05
0.0292765 0.508814 0.46181 9.9991E-05
0.0422829 9.9991E-05 0.649349 0.308268
0.024452 9.9982E-05 0.975348 9.9982E-05
9.9982E-05 9.9982E-05 0.478282 0.521518
9.9982E-05 0.756176 0.243624 9.9982E-05
0.051719 0.364673 0.583508 9.9991E-05
9.9982E-05 9.9982E-05 0.653135 0.346665
0.0855463 0.818824 0.0275273 0.0681023
0.0791769 0.645696 0.0413242 0.233803
0.146143 9.9991E-05 0.451495 0.402262
0.150918 0.170418 0.153406 0.525258
0.108797 0.677181 0.11841 0.0956124
0.0789225 0.829677 0.0314651 0.0599354
0.119259 0.816193 0.0484746 0.0160731
0.0464745 0.0297735 9.9991E-05 0.923652
0.111653 9.9991E-05 0.700883 0.187365
0.179663 0.401895 0.379696 0.0387466
9.9991E-05 0.753592 0.148314 0.0979942
0.0625534 0.0213795 0.203412 0.712655
0.0715097 0.142196 0.724292 0.0620026
0.0915715 0.103654 0.745868 0.0589064
0.128645 0.401082 0.159103 0.31117
0.0257353 9.9991E-05 0.848137 0.126028
0.00686904 0.501014 0.492017 9.9991E-05
0.0652457 0.442359 0.492296 9.9991E-05
0.0522036 0.81676 9.9991E-05 0.130936
0.224847 9.9991E-05 0.483405 0.291648
0.0389145 0.742081 0.17277 0.0462343
0.00582821 0.758846 0.163769 0.0715568
9.9982E-05 9.9982E-05 0.523929 0.475871
9.9991E-05 0.238005 0.724159 0.0377358
0.0603482 9.9991E-05 0.853392 0.0861596
0.060852 0.863109 0.0759393 9.9991E-05
0.303592 0.534826 0.105234 0.0563489
0.0167268 0.677613 0.30556 9.9991E-05
0.000676999 9.9991E-05 0.616396 0.382827
0.0193513 0.587566 0.392983 9.9991E-05
0.0602024 0.691945 0.247752 9.9991E-05
0.0048749 0.813504 0.16763 0.013991
9.9982E-05 9.9982E-05 0.704961 0.294839
0.0129766 0.206777 0.780146 9.9991E-05
0.0228931 0.730698 0.182466 0.063943
0.0758858 0.153638 0.519907 0.250569
0.0388554 0.806957 0.154088 9.9991E-05
0.00188534 0.445356 0.273683 0.279076
0.102111 0.309611 0.588178 9.9991E-05
9.9982E-05 9.9982E-05 0.549048 0.450752
0.0648318 0.300246 0.634822 9.9991E-05
0.111421 0.12232 0.407926 0.358333
0.00730771 0.0130588 0.246794 0.73284
0.0681464 0.135806 0.791042 0.00500578
0.0554132 9.9991E-05 0.815395 0.129092
9.9991E-05 0.215738 0.642751 0.141412
9.9991E-05 0.712189 0.229954 0.057757
0.0650206 0.0058777 0.121176 0.807926
0.0940713 0.669909 9.9991E-05 0.23592
0.0842176 0.569204 0.346479 9.9991E-05
0.0251767 0.607866 0.0745471 0.292411
9.9991E-05 0.0488299 0.275952 0.675118
9.9982E-05 9.9982E-05 0.283658 0.716142
0.0346354 0.754221 0.141067 0.0700769
0.0928369 0.0970864 0.809977 9.9991E-05
0.100045 0.193058 0.53362 0.173276
9.9982E-05 9.9982E-05 0.218568 0.781232
0.0624273 0.408897 0.110324 0.418352
0.0730174 0.580875 0.0708033 0.275304
9.9982E-05 0.755572 0.244228 9.9982E-05
0.0100235 0.68119 0.30329 0.00549694
0.0678715 0.51435 0.138151 0.279627
0.0413412 9.9991E-05 0.776462 0.182097
0.014155 0.687767 0.297978 9.9991E-05
9.9982E-05 9.9982E-05 0.85038 0.14942
0.0380214 0.159304 0.802575 9.9991E-05
0.0345724 0.708733 0.256595 9.9991E-05
0.025033 9.9991E-05 0.545442 0.429425
0.0703655 0.0777604 0.308222 0.543652
0.0106638 9.9991E-05 0.780797 0.208439
0.0729185 0.56825 9.9991E-05 0.358732
0.0976233 0.274808 0.330646 0.296923
0.0616506 0.461343 0.376905 0.100101
0.0218967 9.9991E-05 0.327214 0.65079
0.0552185 0.733691 0.0777963 0.133294
0.254908 0.0499836 0.534374 0.160735
0.0784971 0.640538 0.22316 0.0578051
0.0906692 0.734603 0.104419 0.070309
0.004585 0.690626 0.146575 0.158214
0.0535283 0.687846 0.22627 0.0323559
0.116889 0.576546 0.142788 0.163777
0.181169 0.0455818 0.734017 0.039232
0.111614 9.9991E-05 0.777293 0.110993
0.0746202 0.701825 9.9991E-05 0.223455
0.0279607 0.535454 9.9991E-05 0.436486
0.167274 0.110858 0.370941 0.350927
0.0448095 0.00676127 9.9991E-05 0.948329
9.9982E-05 9.9982E-05 0.641851 0.357949
0.00505098 9.9991E-05 0.198107 0.796742
