9.991E-05 9.991E-05 9.991E-05 9.991E-05 9.991E-05 9.991E-05 0.0398075 9.991E-05 0.0351833 0.465169 9.991E-05 0.394264 9.991E-05 0.0645771 9.991E-05
9.99189E-05 9.99189E-05 0.0987184 9.99189E-05 0.0812983 9.99189E-05 0.0200539 9.99189E-05 9.99189E-05 0.401896 9.99189E-05 0.335334 9.99189E-05 0.0617998 9.99189E-05
0.0507064 0.0154571 0.0844748 9.99459E-05 0.0117393 0.0149846 9.99459E-05 9.99459E-05 0.0104692 0.128676 9.99459E-05 9.99459E-05 9.99459E-05 0.0175846 0.665308
9.99189E-05 0.18309 9.99189E-05 0.0155482 9.99189E-05 0.0411201 9.99189E-05 9.99189E-05 0.0280587 0.229037 9.99189E-05 0.502246 9.99189E-05 9.99189E-05 9.99189E-05
0.0361964 0.209525 0.0722959 9.99189E-05 9.99189E-05 0.146653 0.203909 9.99189E-05 9.99189E-05 9.99189E-05 9.99189E-05 0.330522 9.99189E-05 9.99189E-05 9.99189E-05
0.281674 9.99459E-05 0.147906 9.99459E-05 9.99459E-05 0.00753809 0.0318496 0.021243 9.99459E-05 0.355145 0.0366285 9.99459E-05 9.99459E-05 0.0133367 0.104079
9.99099E-05 9.99099E-05 9.99099E-05 0.0186169 9.99099E-05 9.99099E-05 9.99099E-05 0.00508621 9.99099E-05 0.392566 9.99099E-05 0.0491333 9.99099E-05 9.99099E-05 0.533599
0.160122 9.9919E-05 0.186649 9.9919E-05 9.9919E-05 9.9919E-05 9.9919E-05 0.00480759 9.9919E-05 0.311131 9.9919E-05 9.9919E-05 9.9919E-05 0.143216 0.193174
0.0306232 0.212608 0.0724249 9.99369E-05 9.99369E-05 0.0337768 9.99369E-05 9.99369E-05 9.99369E-05 0.333809 0.0177723 0.24933 9.99369E-05 0.0489563 9.99369E-05
0.39204 9.99008E-05 9.99008E-05 0.225354 9.99008E-05 9.99008E-05 9.99008E-05 9.99008E-05 0.0608897 9.99008E-05 9.99008E-05 9.99008E-05 9.99008E-05 9.99008E-05 0.320617
0.0329682 0.179867 0.180634 9.99369E-05 0.348701 9.99369E-05 0.0133078 9.99369E-05 9.99369E-05 0.143021 0.0090315 0.0917694 9.99369E-05 9.99369E-05 9.99369E-05
0.235634 9.99189E-05 0.0972901 9.99189E-05 0.0959842 9.99189E-05 9.99189E-05 9.99189E-05 9.99189E-05 0.0220983 9.99189E-05 0.492142 0.055952 9.99189E-05 9.99189E-05
9.99279E-05 0.516194 9.99279E-05 0.0461148 9.99279E-05 0.0131881 0.187112 9.99279E-05 9.99279E-05 0.0930053 0.0355302 9.99279E-05 9.99279E-05 9.99279E-05 0.108056
0.157416 9.99099E-05 9.99099E-05 9.99099E-05 9.99099E-05 9.99099E-05 9.99099E-05 9.99099E-05 9.99099E-05 0.466394 0.0057994 9.99099E-05 9.99099E-05 0.0216342 0.347758
0.0669597 9.99009E-05 0.163593 9.99009E-05 0.402717 9.99009E-05 9.99009E-05 9.99009E-05 9.99009E-05 9.99009E-05 9.99009E-05 0.365631 9.99009E-05 9.99009E-05 9.99009E-05
0.0268959 0.0227519 9.99369E-05 0.306164 9.99369E-05 0.0318522 9.99369E-05 0.030981 0.0315452 0.153725 9.99369E-05 9.99369E-05 9.99369E-05 9.99369E-05 0.395385
9.99009E-05 9.99009E-05 9.99009E-05 9.99009E-05 9.99009E-05 9.99009E-05 9.99009E-05 9.99009E-05 9.99009E-05 0.522732 9.99009E-05 0.0342696 0.0155624 9.99009E-05 0.426337
9.99008E-05 9.99008E-05 0.090963 9.99008E-05 0.0371599 9.99008E-05 9.99008E-05 9.99008E-05 9.99008E-05 0.39761 9.99008E-05 9.99008E-05 9.99008E-05 9.99008E-05 0.473169
9.9937E-05 0.157189 0.0660507 9.9937E-05 9.9937E-05 9.9937E-05 0.00395278 9.9937E-05 9.9937E-05 0.17859 0.0392553 0.352313 0.106654 9.9937E-05 0.0952959
9.99009E-05 9.99009E-05 9.99009E-05 9.99009E-05 0.154733 0.0675244 0.0114091 9.99009E-05 0.765234 9.99009E-05 9.99009E-05 9.99009E-05 9.99009E-05 9.99009E-05 9.99009E-05
9.9892E-05 0.121023 9.9892E-05 9.9892E-05 9.9892E-05 9.9892E-05 9.9892E-05 9.9892E-05 0.843172 9.9892E-05 9.9892E-05 9.9892E-05 0.0346065 9.9892E-05 9.9892E-05
9.98918E-05 9.98918E-05 9.98918E-05 9.98918E-05 9.98918E-05 9.98918E-05 0.0267214 9.98918E-05 0.875584 0.0964962 9.98918E-05 9.98918E-05 9.98918E-05 9.98918E-05 9.98918E-05
9.99009E-05 0.0867951 9.99009E-05 9.99009E-05 9.99009E-05 0.0414364 9.99009E-05 9.99009E-05 0.620937 9.99009E-05 9.99009E-05 9.99009E-05 0.249732 9.99009E-05 9.99009E-05
9.99099E-05 0.138333 9.99099E-05 9.99099E-05 0.0333995 9.99099E-05 9.99099E-05 9.99099E-05 0.716324 9.99099E-05 9.99099E-05 0.083787 9.99099E-05 0.0271567 9.99099E-05
0.0210518 9.99278E-05 9.99278E-05 9.99278E-05 9.99278E-05 9.99278E-05 9.99278E-05 0.192384 0.404572 0.108335 0.0832084 9.99278E-05 9.99278E-05 0.006087 0.183562
0.0246019 9.99368E-05 0.0487519 9.99368E-05 0.0775747 0.0506039 9.99368E-05 9.99368E-05 0.29339 9.99368E-05 0.28845 0.141513 9.99368E-05 0.0744152 9.99368E-05
9.99009E-05 9.99009E-05 9.99009E-05 0.464501 9.99009E-05 0.0484457 9.99009E-05 0.249574 0.23638 9.99009E-05 9.99009E-05 9.99009E-05 9.99009E-05 9.99009E-05 9.99009E-05
9.9937E-05 9.9937E-05 0.0169527 9.9937E-05 0.137449 0.163035 0.114786 9.9937E-05 0.250605 9.9937E-05 0.0894559 9.9937E-05 0.126003 0.101013 9.9937E-05
9.99098E-05 9.99098E-05 9.99098E-05 9.99098E-05 9.99098E-05 9.99098E-05 0.0201635 0.0305335 0.819613 0.106926 0.0217652 9.99098E-05 9.99098E-05 9.99098E-05 9.99098E-05
9.98829E-05 0.148826 9.98829E-05 9.98829E-05 9.98829E-05 9.98829E-05 9.98829E-05 9.98829E-05 0.849876 9.98829E-05 9.98829E-05 9.98829E-05 9.98829E-05 9.98829E-05 9.98829E-05
9.99191E-05 0.00875652 9.99191E-05 0.0984772 9.99191E-05 9.99191E-05 9.99191E-05 0.0906185 0.551457 9.99191E-05 9.99191E-05 9.99191E-05 0.119422 9.99191E-05 0.13037
9.99188E-05 9.99188E-05 9.99188E-05 0.029981 9.99188E-05 9.99188E-05 0.0561726 0.182093 0.0108087 0.0417081 0.678337 9.99188E-05 9.99188E-05 9.99188E-05 9.99188E-05
9.99008E-05 9.99008E-05 9.99008E-05 0.187293 9.99008E-05 9.99008E-05 9.99008E-05 0.0887606 0.562064 9.99008E-05 9.99008E-05 9.99008E-05 9.99008E-05 9.99008E-05 0.160783
9.99188E-05 9.99188E-05 9.99188E-05 9.99188E-05 9.99188E-05 9.99188E-05 9.99188E-05 0.0755651 0.613703 0.132729 0.0319592 9.99188E-05 9.99188E-05 0.00606956 0.139075
9.98829E-05 0.182332 9.98829E-05 9.98829E-05 9.98829E-05 9.98829E-05 9.98829E-05 9.98829E-05 0.81637 9.98829E-05 9.98829E-05 9.98829E-05 9.98829E-05 9.98829E-05 9.98829E-05
9.99099E-05 0.00404118 9.99099E-05 9.99099E-05 0.11963 0.052063 9.99099E-05 9.99099E-05 0.733644 9.99099E-05 9.99099E-05 0.089622 9.99099E-05 9.99099E-05 9.99099E-05
9.98829E-05 9.98829E-05 9.98829E-05 9.98829E-05 0.317095 9.98829E-05 9.98829E-05 9.98829E-05 0.681607 9.98829E-05 9.98829E-05 9.98829E-05 9.98829E-05 9.98829E-05 9.98829E-05
9.99009E-05 9.99009E-05 9.99009E-05 9.99009E-05 9.99009E-05 0.0290596 9.99009E-05 9.99009E-05 0.675306 9.99009E-05 9.99009E-05 0.0936929 0.200842 9.99009E-05 9.99009E-05
9.98917E-05 9.98917E-05 9.98917E-05 9.98917E-05 9.98917E-05 0.506309 9.98917E-05 0.357817 9.98917E-05 0.134675 9.98917E-05 9.98917E-05 9.98917E-05 9.98917E-05 9.98917E-05
9.9919E-05 9.9919E-05 9.9919E-05 9.9919E-05 9.9919E-05 0.0163837 0.118588 0.814163 9.9919E-05 0.0102111 9.9919E-05 0.00532445 0.0344307 9.9919E-05 9.9919E-05
0.0324696 9.99189E-05 9.99189E-05 0.173058 9.99189E-05 9.99189E-05 9.99189E-05 0.587743 0.0200494 9.99189E-05 9.99189E-05 9.99189E-05 9.99189E-05 0.0882047 0.0975759
9.99189E-05 9.99189E-05 9.99189E-05 0.0286503 9.99189E-05 0.242945 0.0417878 0.252172 9.99189E-05 9.99189E-05 0.0998781 9.99189E-05 0.333668 9.99189E-05 9.99189E-05
9.99007E-05 9.99007E-05 9.99007E-05 9.99007E-05 9.99007E-05 0.16064 9.99007E-05 0.440068 0.24936 0.148833 9.99007E-05 9.99007E-05 9.99007E-05 9.99007E-05 9.99007E-05
0.054801 9.99279E-05 0.0249119 9.99279E-05 0.109318 9.99279E-05 9.99279E-05 0.626511 0.0355493 9.99279E-05 0.0658436 9.99279E-05 9.99279E-05 9.99279E-05 0.0822662
9.99009E-05 9.99009E-05 9.99009E-05 9.99009E-05 9.99009E-05 0.00419376 9.99009E-05 9.99009E-05 9.99009E-05 9.99009E-05 0.615964 0.207092 0.171651 9.99009E-05 9.99009E-05
9.99001E-05 0.0426126 0.203543 9.99001E-05 9.99001E-05 0.532804 9.99001E-05 0.141816 9.99001E-05 9.99001E-05 9.99001E-05 0.0782253 9.99001E-05 9.99001E-05 9.99001E-05
0.00967202 9.99098E-05 9.99098E-05 9.99098E-05 9.99098E-05 9.99098E-05 9.99098E-05 0.607619 0.159858 0.00693036 9.99098E-05 9.99098E-05 9.99098E-05 9.99098E-05 0.214922
0.00342173 9.99098E-05 9.99098E-05 9.99098E-05 9.99098E-05 0.386014 9.99098E-05 0.467744 9.99098E-05 0.115133 9.99098E-05 9.99098E-05 9.99098E-05 0.0266882 9.99098E-05
9.9901E-05 9.9901E-05 9.9901E-05 0.482509 9.9901E-05 9.9901E-05 0.0269939 0.467786 9.9901E-05 9.9901E-05 9.9901E-05 0.0216122 9.9901E-05 9.9901E-05 9.9901E-05
9.99189E-05 9.99189E-05 0.174919 9.99189E-05 0.00667103 0.425993 9.99189E-05 0.281036 9.99189E-05 9.99189E-05 9.99189E-05 9.99189E-05 0.0121648 0.0983168 9.99189E-05
9.99099E-05 9.99099E-05 9.99099E-05 0.0391546 9.99099E-05 0.114011 0.0739028 0.735209 9.99099E-05 9.99099E-05 9.99099E-05 9.99099E-05 0.0367237 9.99099E-05 9.99099E-05
9.9919E-05 0.204613 9.9919E-05 9.9919E-05 9.9919E-05 0.197997 0.0587584 0.383061 0.0658253 9.9919E-05 9.9919E-05 9.9919E-05 0.0888464 9.9919E-05 9.9919E-05
0.0192227 0.0764469 9.99549E-05 9.99549E-05 0.203205 0.263691 9.99549E-05 0.0453824 0.045031 9.99549E-05 0.29076 0.0509976 9.99549E-05 0.00238006 0.00238401
9.99279E-05 0.0645421 0.217551 9.99279E-05 0.183525 0.175392 9.99279E-05 0.272921 9.99279E-05 9.99279E-05 0.0474591 9.99279E-05 9.99279E-05 0.0378117 9.99279E-05
0.0145864 9.9946E-05 9.9946E-05 9.9946E-05 0.00207476 0.201665 9.9946E-05 0.118308 0.0186841 9.9946E-05 0.0877136 0.0648245 0.440078 0.0514647 9.9946E-05
9.99009E-05 9.99009E-05 9.99009E-05 9.99009E-05 9.99009E-05 9.99009E-05 9.99009E-05 9.99009E-05 0.328917 9.99009E-05 9.99009E-05 0.0772959 0.374778 0.217911 9.99009E-05
9.99188E-05 9.99188E-05 9.99188E-05 9.99188E-05 9.99188E-05 0.254309 0.0320565 0.514485 9.99188E-05 0.104851 0.0847712 9.99188E-05 9.99188E-05 9.99188E-05 0.00862797
9.99279E-05 0.130664 9.99279E-05 0.0753857 9.99279E-05 0.24805 0.0332039 0.238209 0.0200441 9.99279E-05 9.99279E-05 9.99279E-05 9.99279E-05 0.253644 9.99279E-05
9.99368E-05 9.99368E-05 0.00777 0.00152536 0.00179428 9.99368E-05 0.0614084 0.792418 9.99368E-05 0.0697213 0.0148844 9.99368E-05 9.99368E-05 0.0497791 9.99368E-05
9.99189E-05 9.99189E-05 9.99189E-05 9.99189E-05 0.0109907 0.777365 0.0264688 0.168511 9.99189E-05 9.99189E-05 9.99189E-05 0.00913259 0.00663226 9.99189E-05 9.99189E-05
9.99188E-05 9.99188E-05 0.00415693 9.99188E-05 9.99188E-05 0.534262 9.99188E-05 0.122942 0.0180035 0.134177 0.18556 9.99188E-05 9.99188E-05 9.99188E-05 9.99188E-05
9.99188E-05 9.99188E-05 0.178859 9.99188E-05 0.0414516 0.37972 9.99188E-05 0.302249 9.99188E-05 9.99188E-05 9.99188E-05 0.0293159 9.99188E-05 0.0675054 9.99188E-05
9.99189E-05 9.99189E-05 9.99189E-05 0.061534 9.99189E-05 0.0148979 0.077428 0.196963 9.99189E-05 9.99189E-05 0.554326 9.99189E-05 9.99189E-05 9.99189E-05 0.0939523
9.99009E-05 9.99009E-05 9.99009E-05 9.99009E-05 9.99009E-05 0.630763 9.99009E-05 9.99009E-05 0.0327959 9.99009E-05 9.99009E-05 9.99009E-05 0.314768 9.99009E-05 0.0205748
9.99099E-05 9.99099E-05 9.99099E-05 9.99099E-05 9.99099E-05 0.234687 9.99099E-05 0.170104 9.99099E-05 9.99099E-05 0.0217722 9.99099E-05 9.99099E-05 0.0649337 0.507504
9.99368E-05 0.150752 0.0325714 9.99368E-05 0.115727 0.130239 9.99368E-05 9.99368E-05 0.0344175 0.0464202 0.464432 9.99368E-05 9.99368E-05 0.024742 9.99368E-05
9.9892E-05 9.9892E-05 0.0763286 9.9892E-05 9.9892E-05 0.903148 9.9892E-05 9.9892E-05 9.9892E-05 9.9892E-05 9.9892E-05 9.9892E-05 0.0193251 9.9892E-05 9.9892E-05
9.9901E-05 9.9901E-05 9.9901E-05 0.0183548 0.155868 0.776923 9.9901E-05 9.9901E-05 9.9901E-05 9.9901E-05 9.9901E-05 9.9901E-05 9.9901E-05 9.9901E-05 0.0477555
9.99098E-05 9.99098E-05 9.99098E-05 9.99098E-05 9.99098E-05 9.99098E-05 9.99098E-05 9.99098E-05 9.99098E-05 0.0120881 0.843445 0.0383803 9.99098E-05 0.0632496 0.0418382
0.0108432 9.99189E-05 9.99189E-05 9.99189E-05 9.99189E-05 9.99189E-05 9.99189E-05 0.062583 0.151721 0.151137 0.621956 9.99189E-05 0.000860859 9.99189E-05 9.99189E-05
9.98918E-05 9.98918E-05 9.98918E-05 0.308167 9.98918E-05 9.98918E-05 9.98918E-05 0.113323 9.98918E-05 9.98918E-05 0.577311 9.98918E-05 9.98918E-05 9.98918E-05 9.98918E-05
9.99099E-05 9.99099E-05 9.99099E-05 0.0152192 9.99099E-05 0.198275 9.99099E-05 0.32636 9.99099E-05 9.99099E-05 0.0355346 9.99099E-05 9.99099E-05 9.99099E-05 0.423612
9.99099E-05 9.99099E-05 0.0651102 9.99099E-05 9.99099E-05 0.00862327 9.99099E-05 9.99099E-05 0.64032 9.99099E-05 9.99099E-05 0.0622552 0.222692 9.99099E-05 9.99099E-05
9.99097E-05 9.99097E-05 9.99097E-05 0.0578043 9.99097E-05 0.367378 9.99097E-05 0.313746 9.99097E-05 9.99097E-05 0.0325087 9.99097E-05 9.99097E-05 9.99097E-05 0.227564
9.98918E-05 9.98918E-05 9.98918E-05 9.98918E-05 0.01701 0.521384 9.98918E-05 9.98918E-05 9.98918E-05 9.98918E-05 0.460408 9.98918E-05 9.98918E-05 9.98918E-05 9.98918E-05
9.98919E-05 0.141233 9.98919E-05 9.98919E-05 9.98919E-05 9.98919E-05 9.98919E-05 9.98919E-05 9.98919E-05 9.98919E-05 0.678795 0.178773 9.98919E-05 9.98919E-05 9.98919E-05
9.99007E-05 9.99007E-05 9.99007E-05 0.0588902 9.99007E-05 9.99007E-05 9.99007E-05 0.0912488 0.690509 9.99007E-05 9.99007E-05 9.99007E-05 9.99007E-05 9.99007E-05 0.158254
9.991E-05 9.991E-05 9.991E-05 0.272139 9.991E-05 9.991E-05 9.991E-05 0.245777 0.149843 9.991E-05 0.111259 9.991E-05 9.991E-05 9.991E-05 0.219983
9.99007E-05 9.99007E-05 9.99007E-05 9.99007E-05 9.99007E-05 9.99007E-05 9.99007E-05 0.160564 0.653365 0.0617281 9.99007E-05 9.99007E-05 9.99007E-05 9.99007E-05 0.123244
9.99189E-05 9.99189E-05 9.99189E-05 9.99189E-05 9.99189E-05 9.99189E-05 0.103676 0.0616122 0.246939 0.0726446 0.473413 9.99189E-05 9.99189E-05 0.0408163 9.99189E-05
9.9919E-05 9.9919E-05 9.9919E-05 0.423427 9.9919E-05 0.0186024 0.0534598 0.221159 0.120843 9.9919E-05 0.16161 9.9919E-05 9.9919E-05 9.9919E-05 9.9919E-05
9.99189E-05 0.264915 9.99189E-05 9.99189E-05 9.99189E-05 0.314983 9.99189E-05 0.120169 0.178601 9.99189E-05 0.0796909 9.99189E-05 0.0407402 9.99189E-05 9.99189E-05
9.98918E-05 0.226669 9.98918E-05 9.98918E-05 9.98918E-05 0.376481 9.98918E-05 0.395651 9.98918E-05 9.98918E-05 9.98918E-05 9.98918E-05 9.98918E-05 9.98918E-05 9.98918E-05
9.9919E-05 0.395125 9.9919E-05 9.9919E-05 9.9919E-05 0.0701032 9.9919E-05 0.367455 0.0650601 9.9919E-05 0.0109575 9.9919E-05 9.9919E-05 0.0903994 9.9919E-05
9.99008E-05 9.99008E-05 9.99008E-05 0.0543594 9.99008E-05 0.26036 9.99008E-05 0.48486 9.99008E-05 9.99008E-05 9.99008E-05 9.99008E-05 9.99008E-05 9.99008E-05 0.199322
9.99279E-05 9.99279E-05 9.99279E-05 0.0280688 0.0238904 0.620186 0.10916 0.0982421 0.108289 9.99279E-05 0.0113652 9.99279E-05 9.99279E-05 9.99279E-05 9.99279E-05
9.99189E-05 0.0225171 9.99189E-05 9.99189E-05 9.99189E-05 0.751167 9.99189E-05 9.99189E-05 9.99189E-05 9.99189E-05 0.0717506 0.0977975 9.99189E-05 0.0486673 0.00720166
0.0116205 9.99097E-05 9.99097E-05 9.99097E-05 9.99097E-05 9.99097E-05 9.99097E-05 9.99097E-05 0.213082 0.0975348 9.99097E-05 9.99097E-05 9.99097E-05 0.565673 0.111091
9.98917E-05 9.98917E-05 9.98917E-05 9.98917E-05 9.98917E-05 9.98917E-05 9.98917E-05 0.444384 9.98917E-05 9.98917E-05 9.98917E-05 9.98917E-05 9.98917E-05 0.332752 0.221665
9.99008E-05 9.99008E-05 0.135097 9.99008E-05 9.99008E-05 9.99008E-05 9.99008E-05 9.99008E-05 0.158907 9.99008E-05 0.0755526 9.99008E-05 9.99008E-05 0.629344 9.99008E-05
9.99007E-05 9.99007E-05 9.99007E-05 9.99007E-05 9.99007E-05 0.00663621 9.99007E-05 0.274425 9.99007E-05 9.99007E-05 9.99007E-05 9.99007E-05 9.99007E-05 0.490905 0.226935
9.98917E-05 9.98917E-05 9.98917E-05 9.98917E-05 9.98917E-05 9.98917E-05 9.98917E-05 0.143803 9.98917E-05 9.98917E-05 9.98917E-05 9.98917E-05 9.98917E-05 0.680001 0.174997
9.99098E-05 9.99098E-05 0.0260903 9.99098E-05 9.99098E-05 0.0609413 9.99098E-05 9.99098E-05 9.99098E-05 9.99098E-05 9.99098E-05 0.104942 0.00785141 0.799176 9.99098E-05
9.99278E-05 9.99278E-05 0.0209981 9.99278E-05 9.99278E-05 0.23112 9.99278E-05 0.220264 9.99278E-05 0.0663758 0.0109847 9.99278E-05 9.99278E-05 0.344941 0.104517
9.98918E-05 9.98918E-05 9.98918E-05 9.98918E-05 9.98918E-05 9.98918E-05 9.98918E-05 0.141676 9.98918E-05 0.0757276 9.98918E-05 9.98918E-05 9.98918E-05 0.781398 9.98918E-05
9.99099E-05 9.99099E-05 9.99099E-05 0.352084 9.99099E-05 9.99099E-05 0.545929 0.0328502 9.99099E-05 9.99099E-05 0.0237345 9.99099E-05 9.99099E-05 9.99099E-05 0.0444034
9.99279E-05 0.0343712 0.00410557 0.0990688 9.99279E-05 9.99279E-05 0.598095 0.160584 0.0168147 9.99279E-05 9.99279E-05 9.99279E-05 9.99279E-05 9.99279E-05 0.0861617
9.99099E-05 0.0306242 9.99099E-05 9.99099E-05 9.99099E-05 9.99099E-05 0.762922 0.0413424 9.99099E-05 9.99099E-05 9.99099E-05 9.99099E-05 0.152559 9.99099E-05 0.0115527
9.99009E-05 9.99009E-05 0.476665 9.99009E-05 9.99009E-05 9.99009E-05 0.417508 9.99009E-05 9.99009E-05 9.99009E-05 9.99009E-05 9.99009E-05 0.0282759 0.076452 9.99009E-05
0.01619 9.99098E-05 9.99098E-05 0.316572 9.99098E-05 9.99098E-05 0.562594 9.99098E-05 9.99098E-05 9.99098E-05 9.99098E-05 9.99098E-05 9.99098E-05 0.0468765 0.0567688
9.99278E-05 9.99278E-05 0.183882 9.99278E-05 9.99278E-05 0.0120465 0.140419 9.99278E-05 9.99278E-05 0.495012 9.99278E-05 0.0180581 0.055305 0.0944781 9.99278E-05
9.98828E-05 9.98828E-05 9.98828E-05 9.98828E-05 9.98828E-05 9.98828E-05 0.392929 9.98828E-05 9.98828E-05 9.98828E-05 9.98828E-05 9.98828E-05 9.98828E-05 9.98828E-05 0.605773
9.99008E-05 9.99008E-05 9.99008E-05 0.243962 9.99008E-05 9.99008E-05 0.685617 0.0339107 9.99008E-05 9.99008E-05 9.99008E-05 9.99008E-05 9.99008E-05 9.99008E-05 0.0354109
0.0392206 9.99279E-05 9.99279E-05 9.99279E-05 9.99279E-05 9.99279E-05 0.640756 0.00225098 9.99279E-05 0.172693 0.0756235 9.99279E-05 9.99279E-05 0.00222389 0.0664323
9.99189E-05 9.99189E-05 9.99189E-05 9.99189E-05 0.199326 0.121868 0.545678 9.99189E-05 0.0148017 9.99189E-05 9.99189E-05 0.112197 0.00523036 9.99189E-05 9.99189E-05
0.0776426 9.99009E-05 9.99009E-05 0.584799 9.99009E-05 9.99009E-05 0.27817 0.058289 9.99009E-05 9.99009E-05 9.99009E-05 9.99009E-05 9.99009E-05 9.99009E-05 9.99009E-05
0.0432252 0.00322861 9.99279E-05 9.99279E-05 0.395497 0.0147581 0.408805 9.99279E-05 9.99279E-05 9.99279E-05 9.99279E-05 0.0745566 9.99279E-05 9.99279E-05 0.0591306
9.99098E-05 9.99098E-05 9.99098E-05 0.091235 9.99098E-05 9.99098E-05 0.677435 0.044089 9.99098E-05 0.0547148 9.99098E-05 9.99098E-05 9.99098E-05 9.99098E-05 0.131527
9.99278E-05 0.00747997 9.99278E-05 9.99278E-05 0.0939113 0.0261313 0.487163 9.99278E-05 9.99278E-05 0.302702 0.021674 9.99278E-05 9.99278E-05 0.0601384 9.99278E-05
0.0732986 9.99189E-05 9.99189E-05 0.0386695 9.99189E-05 9.99189E-05 0.626897 9.99189E-05 0.0653482 0.191578 9.99189E-05 9.99189E-05 0.00330876 9.99189E-05 9.99189E-05
9.99279E-05 9.99279E-05 9.99279E-05 9.99279E-05 0.00329058 9.99279E-05 0.243316 9.99279E-05 0.0141027 0.358419 0.0224485 0.00213978 9.99279E-05 9.99279E-05 0.355485
9.99188E-05 0.20464 0.13227 9.99188E-05 9.99188E-05 0.0581571 0.39065 9.99188E-05 9.99188E-05 9.99188E-05 9.99188E-05 0.163779 9.99188E-05 0.0496046 9.99188E-05
9.99098E-05 0.0873713 9.99098E-05 9.99098E-05 9.99098E-05 9.99098E-05 0.350805 9.99098E-05 9.99098E-05 9.99098E-05 9.99098E-05 0.0340198 0.512003 9.99098E-05 0.0148016
0.0886622 9.99099E-05 9.99099E-05 9.99099E-05 9.99099E-05 9.99099E-05 0.568168 0.145422 0.0720484 0.1247 9.99099E-05 9.99099E-05 9.99099E-05 9.99099E-05 9.99099E-05
9.99009E-05 9.99009E-05 9.99009E-05 9.99009E-05 9.99009E-05 9.99009E-05 0.614549 0.0189613 9.99009E-05 0.0423336 9.99009E-05 9.99009E-05 9.99009E-05 9.99009E-05 0.323057
0.0552688 9.99279E-05 0.060079 9.99279E-05 0.0941862 0.0197248 0.699255 9.99279E-05 0.0629332 0.0077537 9.99279E-05 9.99279E-05 9.99279E-05 9.99279E-05 9.99279E-05
9.98919E-05 0.294725 9.98919E-05 9.98919E-05 9.98919E-05 9.98919E-05 0.647157 9.98919E-05 9.98919E-05 9.98919E-05 9.98919E-05 9.98919E-05 0.0569197 9.98919E-05 9.98919E-05
0.0289999 0.0965226 0.249738 9.9946E-05 0.114019 0.125396 0.0187738 9.9946E-05 0.0147011 0.273673 9.9946E-05 0.0775784 9.9946E-05 9.9946E-05 9.9946E-05
0.677654 9.98918E-05 9.98918E-05 9.98918E-05 9.98918E-05 9.98918E-05 9.98918E-05 9.98918E-05 9.98918E-05 9.98918E-05 9.98918E-05 9.98918E-05 9.98918E-05 0.00760417 0.313543
9.99188E-05 0.17065 0.0950811 0.0126622 9.99188E-05 9.99188E-05 9.99188E-05 9.99188E-05 9.99188E-05 0.190913 9.99188E-05 9.99188E-05 0.520844 0.00895072 9.99188E-05
0.02577 0.00221616 9.99279E-05 0.16657 9.99279E-05 9.99279E-05 9.99279E-05 0.0187216 0.0158438 0.754597 9.99279E-05 9.99279E-05 9.99279E-05 9.99279E-05 0.0154818
0.455742 9.99008E-05 9.99008E-05 0.527915 9.99008E-05 9.99008E-05 9.99008E-05 0.00240521 9.99008E-05 9.99008E-05 9.99008E-05 9.99008E-05 9.99008E-05 9.99008E-05 0.012839
9.99098E-05 0.29202 9.99098E-05 9.99098E-05 0.287129 9.99098E-05 9.99098E-05 9.99098E-05 9.99098E-05 0.176828 9.99098E-05 0.215343 0.0276814 9.99098E-05 9.99098E-05
0.681292 0.0633741 9.99189E-05 0.0236437 0.19018 9.99189E-05 9.99189E-05 9.99189E-05 0.0167209 9.99189E-05 9.99189E-05 0.0238902 9.99189E-05 9.99189E-05 9.99189E-05
9.99279E-05 0.153475 0.10519 9.99279E-05 9.99279E-05 0.0761239 0.0142989 9.99279E-05 9.99279E-05 0.510965 9.99279E-05 9.99279E-05 9.99279E-05 0.0513753 0.0877723
0.643234 0.325261 9.98919E-05 9.98919E-05 9.98919E-05 9.98919E-05 9.98919E-05 9.98919E-05 9.98919E-05 9.98919E-05 9.98919E-05 9.98919E-05 0.0303053 9.98919E-05 9.98919E-05
0.191377 0.0699354 9.99189E-05 0.227093 9.99189E-05 9.99189E-05 9.99189E-05 9.99189E-05 9.99189E-05 0.0370412 9.99189E-05 9.99189E-05 9.99189E-05 0.0159443 0.45771
0.136968 0.270702 0.18814 9.99278E-05 0.251778 0.0835157 9.99278E-05 9.99278E-05 9.99278E-05 0.0472884 9.99278E-05 0.0208094 9.99278E-05 9.99278E-05 9.99278E-05
0.576198 9.98918E-05 9.98918E-05 9.98918E-05 9.98918E-05 9.98918E-05 9.98918E-05 9.98918E-05 9.98918E-05 9.98918E-05 9.98918E-05 0.00683299 0.41577 9.98918E-05 9.98918E-05
0.356562 9.98919E-05 9.98919E-05 0.484058 9.98919E-05 9.98919E-05 9.98919E-05 9.98919E-05 9.98919E-05 9.98919E-05 9.98919E-05 9.98919E-05 9.98919E-05 9.98919E-05 0.158181
9.99189E-05 0.128614 0.279719 9.99189E-05 0.20156 9.99189E-05 9.99189E-05 9.99189E-05 9.99189E-05 0.0445251 9.99189E-05 0.31093 0.0337528 9.99189E-05 9.99189E-05
0.484084 0.300928 9.99008E-05 9.99008E-05 9.99008E-05 0.0336753 9.99008E-05 9.99008E-05 9.99008E-05 9.99008E-05 9.99008E-05 0.180213 9.99008E-05 9.99008E-05 9.99008E-05
9.99188E-05 0.497487 9.99188E-05 9.99188E-05 0.0711758 9.99188E-05 9.99188E-05 9.99188E-05 9.99188E-05 0.16326 9.99188E-05 0.178947 0.0308586 9.99188E-05 0.0573726
0.451889 9.98918E-05 9.98918E-05 0.543034 9.98918E-05 9.98918E-05 9.98918E-05 9.98918E-05 9.98918E-05 9.98918E-05 9.98918E-05 9.98918E-05 9.98918E-05 9.98918E-05 0.0038782
0.190458 0.689039 0.0997441 9.99008E-05 9.99008E-05 9.99008E-05 9.99008E-05 9.99008E-05 9.99008E-05 9.99008E-05 9.99008E-05 9.99008E-05 9.99008E-05 0.0196603 9.99008E-05
9.99279E-05 0.0688911 0.393395 9.99279E-05 0.294074 0.0319533 0.0454838 9.99279E-05 9.99279E-05 0.127393 9.99279E-05 0.0380098 9.99279E-05 9.99279E-05 9.99279E-05
0.0807882 9.99098E-05 0.0805203 9.99098E-05 9.99098E-05 9.99098E-05 9.99098E-05 9.99098E-05 9.99098E-05 0.611205 9.99098E-05 9.99098E-05 9.99098E-05 0.111094 0.115394
9.99551E-05 9.99551E-05 0.0359534 0.0648324 0.0394706 0.0186362 0.0772149 9.99551E-05 0.0519102 0.253745 9.99551E-05 9.99551E-05 0.443784 0.0106719 0.00328171
0.0230999 0.359241 9.99459E-05 0.0282131 9.99459E-05 0.00189104 9.99459E-05 9.99459E-05 0.0474883 0.265852 9.99459E-05 0.010095 0.216924 0.0465963 9.99459E-05
0.428199 9.99007E-05 9.99007E-05 0.389627 9.99007E-05 9.99007E-05 9.99007E-05 9.99007E-05 9.99007E-05 0.0586243 9.99007E-05 9.99007E-05 9.99007E-05 9.99007E-05 0.122451
0.0772846 0.296449 0.196889 9.99459E-05 0.0771952 9.99459E-05 9.99459E-05 0.0210223 0.0170203 0.104027 0.0677804 9.99459E-05 9.99459E-05 9.99459E-05 0.141732
0.590302 9.99007E-05 0.046939 9.99007E-05 9.99007E-05 9.99007E-05 9.99007E-05 9.99007E-05 9.99007E-05 0.280277 9.99007E-05 9.99007E-05 9.99007E-05 0.0813836 9.99007E-05
0.076985 9.99279E-05 9.99279E-05 0.241844 9.99279E-05 9.99279E-05 0.146568 0.0789197 0.00982448 0.377654 0.0674052 9.99279E-05 9.99279E-05 9.99279E-05 9.99279E-05
0.105463 0.54266 0.161894 9.99278E-05 0.0395847 9.99278E-05 0.0583279 9.99278E-05 0.0105374 9.99278E-05 0.0807345 9.99278E-05 9.99278E-05 9.99278E-05 9.99278E-05
0.298037 9.9946E-05 0.0296767 0.0166092 0.0259219 0.12774 0.407551 0.00123071 0.0228549 0.0697791 9.9946E-05 9.9946E-05 9.9946E-05 9.9946E-05 9.9946E-05
9.99282E-05 0.0112505 9.99282E-05 0.804425 9.99282E-05 0.0221011 9.99282E-05 9.99282E-05 0.0432661 9.99282E-05 0.0157787 0.0605694 9.99282E-05 9.99282E-05 0.0418095
0.245583 9.99278E-05 9.99278E-05 0.045925 9.99278E-05 9.99278E-05 0.115161 9.99278E-05 9.99278E-05 0.33722 0.106957 0.00621166 9.99278E-05 9.99278E-05 0.142143
0.0708832 9.99459E-05 0.0533744 0.210335 0.0476796 9.99459E-05 0.0477059 0.0544124 0.0151657 0.279608 9.99459E-05 9.99459E-05 9.99459E-05 9.99459E-05 0.220236
0.137877 9.99279E-05 9.99279E-05 0.145311 0.51039 0.0467701 9.99279E-05 9.99279E-05 0.041342 0.0995912 9.99279E-05 9.99279E-05 0.0179188 9.99279E-05 9.99279E-05
9.98918E-05 9.98918E-05 9.98918E-05 0.536986 9.98918E-05 9.98918E-05 9.98918E-05 9.98918E-05 9.98918E-05 0.330157 9.98918E-05 9.98918E-05 9.98918E-05 9.98918E-05 0.131658
9.99098E-05 0.494555 9.99098E-05 9.99098E-05 0.136308 9.99098E-05 9.99098E-05 9.99098E-05 9.99098E-05 0.144612 9.99098E-05 0.126344 0.0971824 9.99098E-05 9.99098E-05
0.0508393 9.98918E-05 9.98918E-05 0.493529 9.98918E-05 9.98918E-05 9.98918E-05 9.98918E-05 9.98918E-05 0.454433 9.98918E-05 9.98918E-05 9.98918E-05 9.98918E-05 9.98918E-05
0.330621 0.104113 0.0198737 0.150952 9.99279E-05 9.99279E-05 0.0345763 9.99279E-05 9.99279E-05 0.00510415 9.99279E-05 9.99279E-05 0.35396 9.99279E-05 9.99279E-05
0.104231 0.379983 9.99189E-05 0.0243345 9.99189E-05 9.99189E-05 0.130291 9.99189E-05 9.99189E-05 9.99189E-05 9.99189E-05 0.0998078 0.260453 9.99189E-05 9.99189E-05
0.198807 9.99191E-05 9.99191E-05 9.99191E-05 9.99191E-05 0.0866134 0.208476 0.0463871 0.0361849 0.422632 9.99191E-05 9.99191E-05 9.99191E-05 9.99191E-05 9.99191E-05
9.99369E-05 0.0845273 0.0214584 9.99369E-05 9.99369E-05 0.0828195 0.151386 9.99369E-05 9.99369E-05 0.56316 0.00391887 0.0248368 9.99369E-05 9.99369E-05 0.0671932
0.153978 9.99369E-05 9.99369E-05 0.0139199 9.99369E-05 0.0258365 0.223842 0.0105327 0.0595528 0.452229 9.99369E-05 0.0594093 9.99369E-05 9.99369E-05 9.99369E-05
9.99189E-05 0.30819 9.99189E-05 0.104176 0.0148495 9.99189E-05 0.148924 9.99189E-05 9.99189E-05 0.19825 9.99189E-05 9.99189E-05 0.224712 9.99189E-05 9.99189E-05
9.99189E-05 9.99189E-05 9.99189E-05 0.707347 9.99189E-05 9.99189E-05 0.0561111 0.00600853 9.99189E-05 0.117379 9.99189E-05 0.0665587 9.99189E-05 9.99189E-05 0.0456965
0.269246 9.98919E-05 9.98919E-05 0.706555 9.98919E-05 9.98919E-05 0.0230006 9.98919E-05 9.98919E-05 9.98919E-05 9.98919E-05 9.98919E-05 9.98919E-05 9.98919E-05 9.98919E-05
0.20519 9.99189E-05 0.0128584 9.99189E-05 9.99189E-05 9.99189E-05 9.99189E-05 0.0243744 9.99189E-05 0.207667 0.0507842 9.99189E-05 9.99189E-05 9.99189E-05 0.498227
0.180693 9.99009E-05 9.99009E-05 0.559348 9.99009E-05 9.99009E-05 9.99009E-05 0.137553 9.99009E-05 0.121308 9.99009E-05 9.99009E-05 9.99009E-05 9.99009E-05 9.99009E-05
9.9901E-05 9.9901E-05 9.9901E-05 0.847974 0.0244249 9.9901E-05 0.00872102 9.9901E-05 9.9901E-05 9.9901E-05 9.9901E-05 0.117781 9.9901E-05 9.9901E-05 9.9901E-05
0.331272 9.99099E-05 0.0670878 9.99099E-05 9.99099E-05 9.99099E-05 9.99099E-05 0.108829 9.99099E-05 9.99099E-05 9.99099E-05 9.99099E-05 9.99099E-05 0.0166015 0.47521
0.0431965 9.99188E-05 9.99188E-05 0.162699 0.038814 9.99188E-05 9.99188E-05 9.99188E-05 9.99188E-05 0.509498 9.99188E-05 9.99188E-05 9.99188E-05 0.0512454 0.193648
0.0222252 9.9928E-05 0.440706 9.9928E-05 9.9928E-05 9.9928E-05 9.9928E-05 9.9928E-05 0.0440011 9.9928E-05 0.00184008 0.417719 0.0649443 0.00776488 9.9928E-05
9.99098E-05 0.0152133 9.99098E-05 9.99098E-05 9.99098E-05 9.99098E-05 9.99098E-05 9.99098E-05 0.0245722 0.067225 9.99098E-05 0.836127 9.99098E-05 9.99098E-05 0.0558637
9.99188E-05 9.99188E-05 0.125975 9.99188E-05 9.99188E-05 9.99188E-05 9.99188E-05 9.99188E-05 9.99188E-05 0.313977 0.0512211 0.0771598 9.99188E-05 0.0483528 0.382415
9.99098E-05 0.0895229 9.99098E-05 9.99098E-05 0.193588 9.99098E-05 9.99098E-05 9.99098E-05 9.99098E-05 0.0300323 9.99098E-05 0.62914 9.99098E-05 9.99098E-05 0.0567175
9.98829E-05 9.98829E-05 9.98829E-05 9.98829E-05 9.98829E-05 9.98829E-05 0.0551362 9.98829E-05 9.98829E-05 9.98829E-05 9.98829E-05 0.943565 9.98829E-05 9.98829E-05 9.98829E-05
9.99098E-05 9.99098E-05 9.99098E-05 9.99098E-05 9.99098E-05 9.99098E-05 9.99098E-05 9.99098E-05 0.052949 0.0346694 9.99098E-05 0.433686 0.426896 9.99098E-05 0.0508001
9.99189E-05 0.0722219 9.99189E-05 9.99189E-05 9.99189E-05 9.99189E-05 9.99189E-05 9.99189E-05 9.99189E-05 0.0158917 9.99189E-05 0.735759 0.0996259 0.0118173 0.0637845
9.991E-05 9.991E-05 9.991E-05 9.991E-05 9.991E-05 9.991E-05 9.991E-05 9.991E-05 0.0133705 0.139633 9.991E-05 0.19612 9.991E-05 0.0122921 0.637585
0.152549 9.9892E-05 9.9892E-05 0.402445 9.9892E-05 9.9892E-05 9.9892E-05 9.9892E-05 9.9892E-05 9.9892E-05 9.9892E-05 9.9892E-05 9.9892E-05 9.9892E-05 0.443808
9.99278E-05 0.0193423 0.634333 9.99278E-05 9.99278E-05 9.99278E-05 0.0159985 9.99278E-05 9.99278E-05 0.171164 0.0931843 9.99278E-05 9.99278E-05 0.0161823 0.0489959
9.9901E-05 9.9901E-05 9.9901E-05 9.9901E-05 9.9901E-05 9.9901E-05 0.020219 9.9901E-05 9.9901E-05 9.9901E-05 9.9901E-05 0.126313 9.9901E-05 0.00271077 0.849658
9.991E-05 9.991E-05 9.991E-05 9.991E-05 9.991E-05 9.991E-05 9.991E-05 9.991E-05 9.991E-05 0.20461 0.158878 0.0897737 9.991E-05 0.119264 0.426475
9.99188E-05 9.99188E-05 0.157567 9.99188E-05 0.00694428 9.99188E-05 9.99188E-05 9.99188E-05 9.99188E-05 0.330652 9.99188E-05 0.192056 9.99188E-05 0.136769 0.175112
0.0955909 9.99099E-05 0.012181 0.0451956 9.99099E-05 9.99099E-05 9.99099E-05 9.99099E-05 9.99099E-05 0.183655 9.99099E-05 9.99099E-05 9.99099E-05 9.99099E-05 0.662379
9.99189E-05 9.99189E-05 0.334614 0.0347932 9.99189E-05 9.99189E-05 0.0207687 0.0312091 9.99189E-05 0.10128 9.99189E-05 9.99189E-05 9.99189E-05 9.99189E-05 0.476436
0.19675 0.198711 0.315782 9.99369E-05 9.99369E-05 9.99369E-05 9.99369E-05 0.0460277 0.0858321 0.100448 0.0259355 0.0298136 9.99369E-05 9.99369E-05 9.99369E-05
9.99279E-05 9.99279E-05 0.106374 9.99279E-05 0.145668 0.0386442 9.99279E-05 9.99279E-05 0.00114029 0.224504 9.99279E-05 9.99279E-05 9.99279E-05 0.0751057 0.407765
9.99098E-05 9.99098E-05 0.389331 9.99098E-05 9.99098E-05 9.99098E-05 0.114459 9.99098E-05 9.99098E-05 0.099407 0.0243654 9.99098E-05 9.99098E-05 9.99098E-05 0.371439
9.99008E-05 0.0847726 0.288682 9.99008E-05 0.470615 9.99008E-05 9.99008E-05 9.99008E-05 9.99008E-05 9.99008E-05 9.99008E-05 0.154831 9.99008E-05 9.99008E-05 9.99008E-05
9.9928E-05 9.9928E-05 0.533202 9.9928E-05 0.0244697 9.9928E-05 9.9928E-05 9.9928E-05 9.9928E-05 0.31915 0.0328679 0.0229575 0.0664325 0.000120836 9.9928E-05
9.9928E-05 9.9928E-05 9.9928E-05 0.100795 0.0678632 0.0235718 9.9928E-05 0.0136414 9.9928E-05 0.00235017 9.9928E-05 9.9928E-05 0.0507035 9.9928E-05 0.740275
9.99098E-05 0.0866542 0.0924494 9.99098E-05 9.99098E-05 9.99098E-05 9.99098E-05 9.99098E-05 9.99098E-05 0.290055 9.99098E-05 9.99098E-05 9.99098E-05 0.055623 0.474219
0.116092 0.0267059 9.99009E-05 0.271704 9.99009E-05 9.99009E-05 9.99009E-05 9.99009E-05 9.99009E-05 9.99009E-05 9.99009E-05 9.99009E-05 9.99009E-05 9.99009E-05 0.584399
9.99008E-05 0.168327 0.31436 9.99008E-05 9.99008E-05 9.99008E-05 9.99008E-05 9.99008E-05 9.99008E-05 0.186749 9.99008E-05 0.329465 9.99008E-05 9.99008E-05 9.99008E-05
9.9919E-05 9.9919E-05 0.383626 9.9919E-05 0.0101436 9.9919E-05 9.9919E-05 9.9919E-05 0.000319278 0.492669 0.0219002 9.9919E-05 9.9919E-05 0.0904429 9.9919E-05
0.0943258 9.99279E-05 0.0102731 0.124059 9.99279E-05 9.99279E-05 9.99279E-05 0.00712694 9.99279E-05 0.0491157 0.00943154 9.99279E-05 9.99279E-05 9.99279E-05 0.704868
0.269012 0.043358 0.157937 9.9937E-05 0.0165096 0.0688308 0.0454444 9.9937E-05 9.9937E-05 9.9937E-05 9.9937E-05 0.382381 0.0158273 9.9937E-05 9.9937E-05
0.416314 9.99009E-05 0.090939 9.99009E-05 0.458826 9.99009E-05 9.99009E-05 9.99009E-05 9.99009E-05 9.99009E-05 9.99009E-05 0.0328221 9.99009E-05 9.99009E-05 9.99009E-05
0.0102423 9.99369E-05 9.99369E-05 0.297157 9.99369E-05 9.99369E-05 9.99369E-05 0.0767896 0.0246001 0.30107 0.0475411 9.99369E-05 9.99369E-05 0.0657952 0.176105
0.588841 9.99369E-05 9.99369E-05 0.12399 9.99369E-05 9.99369E-05 0.103525 0.0240262 0.00619291 0.112386 0.0359634 9.99369E-05 9.99369E-05 9.99369E-05 0.00437566
0.182867 9.99099E-05 9.99099E-05 9.99099E-05 0.324183 9.99099E-05 9.99099E-05 9.99099E-05 0.0293873 9.99099E-05 9.99099E-05 0.372263 9.99099E-05 0.0903006 9.99099E-05
0.36793 0.0718422 9.99099E-05 9.99099E-05 9.99099E-05 9.99099E-05 9.99099E-05 9.99099E-05 9.99099E-05 9.99099E-05 9.99099E-05 0.505551 0.0162388 0.0374387 9.99099E-05
0.219633 0.186094 0.115949 9.99279E-05 0.0341478 9.99279E-05 9.99279E-05 9.99279E-05 9.99279E-05 9.99279E-05 0.105051 0.332122 9.99279E-05 0.00620443 9.99279E-05
0.26449 9.9892E-05 9.9892E-05 0.727234 9.9892E-05 9.9892E-05 9.9892E-05 9.9892E-05 0.00707715 9.9892E-05 9.9892E-05 9.9892E-05 9.9892E-05 9.9892E-05 9.9892E-05
0.363428 9.99099E-05 9.99099E-05 9.99099E-05 9.99099E-05 9.99099E-05 9.99099E-05 9.99099E-05 9.99099E-05 0.276217 0.00562595 9.99099E-05 9.99099E-05 0.0529847 0.300745
0.173962 9.99278E-05 0.10919 9.99278E-05 0.129512 0.0475139 0.321971 9.99278E-05 9.99278E-05 0.186437 0.0306134 9.99278E-05 9.99278E-05 9.99278E-05 9.99278E-05
0.302295 0.115819 0.0450353 9.99188E-05 0.14324 9.99188E-05 0.0191465 9.99188E-05 9.99188E-05 9.99188E-05 9.99188E-05 0.373565 9.99188E-05 9.99188E-05 9.99188E-05
0.19378 9.99189E-05 9.99189E-05 0.496482 9.99189E-05 9.99189E-05 0.0686126 0.0657244 9.99189E-05 0.13888 9.99189E-05 9.99189E-05 9.99189E-05 9.99189E-05 0.0356213
0.172919 9.99369E-05 0.0157703 9.99369E-05 9.99369E-05 9.99369E-05 9.99369E-05 0.00159433 0.0290273 0.541311 9.99369E-05 0.0697266 9.99369E-05 0.0360685 0.132884
0.2472 9.99188E-05 9.99188E-05 9.99188E-05 9.99188E-05 9.99188E-05 9.99188E-05 9.99188E-05 9.99188E-05 0.253252 0.0197566 0.129683 9.99188E-05 0.0384724 0.310737
0.343336 0.0112516 0.00835829 9.99369E-05 0.0190493 0.0498639 0.301422 9.99369E-05 0.0248229 0.241197 9.99369E-05 9.99369E-05 9.99369E-05 9.99369E-05 9.99369E-05
9.99099E-05 0.068061 9.99099E-05 9.99099E-05 9.99099E-05 9.99099E-05 0.154765 0.0297567 9.99099E-05 0.360787 9.99099E-05 9.99099E-05 9.99099E-05 9.99099E-05 0.385631
9.99368E-05 9.99368E-05 0.324768 9.99368E-05 0.207527 0.0407851 0.0300746 9.99368E-05 9.99368E-05 0.205373 9.99368E-05 0.102781 9.99368E-05 0.0133385 0.0746534
0.160358 9.99279E-05 0.12721 9.99279E-05 0.110719 0.027506 9.99279E-05 9.99279E-05 9.99279E-05 0.522944 0.0364105 0.0140528 9.99279E-05 9.99279E-05 9.99279E-05
0.248106 0.182483 9.9919E-05 9.9919E-05 0.120808 0.013614 9.9919E-05 9.9919E-05 0.0273069 9.9919E-05 9.9919E-05 0.406783 9.9919E-05 9.9919E-05 9.9919E-05
0.389497 9.99261E-05 0.0401887 9.99261E-05 9.99261E-05 9.99261E-05 9.99261E-05 0.133843 0.00978082 9.99261E-05 0.0255587 9.99261E-05 9.99261E-05 9.99261E-05 0.400232
0.246841 0.0504958 0.295783 9.99278E-05 0.0844227 0.0159595 9.99278E-05 0.0154682 9.99278E-05 9.99278E-05 9.99278E-05 0.29023 9.99278E-05 9.99278E-05 9.99278E-05
0.165422 0.188459 0.226259 9.99098E-05 9.99098E-05 9.99098E-05 9.99098E-05 9.99098E-05 9.99098E-05 9.99098E-05 9.99098E-05 0.0773757 0.341485 9.99098E-05 9.99098E-05
0.221316 9.99009E-05 9.99009E-05 0.115754 9.99009E-05 9.99009E-05 9.99009E-05 9.99009E-05 9.99009E-05 0.0370881 9.99009E-05 9.99009E-05 9.99009E-05 9.99009E-05 0.624743
9.99189E-05 9.99189E-05 0.0835429 9.99189E-05 0.200479 9.99189E-05 9.99189E-05 9.99189E-05 9.99189E-05 0.311613 9.99189E-05 0.0448787 9.99189E-05 0.0792085 0.279378
0.153944 9.99279E-05 0.0889766 9.99279E-05 9.99279E-05 9.99279E-05 9.99279E-05 0.0512671 9.99279E-05 0.181292 0.008114 9.99279E-05 9.99279E-05 0.00299475 0.512612
0.0488504 9.9937E-05 0.363259 9.9937E-05 0.0329021 0.0243204 9.9937E-05 9.9937E-05 0.0291589 9.9937E-05 9.9937E-05 0.480951 0.00832433 0.0115346 9.9937E-05
0.000360474 9.9946E-05 0.253962 9.9946E-05 0.0110565 9.9946E-05 9.9946E-05 0.17588 0.0439743 0.0205108 9.9946E-05 0.0575386 0.405172 0.0309459 9.9946E-05
0.033851 0.0944825 0.588231 9.99369E-05 9.99369E-05 0.0885432 9.99369E-05 9.99369E-05 9.99369E-05 0.0566905 9.99369E-05 0.124712 9.99369E-05 0.00669672 0.00609356
0.223005 9.99099E-05 9.99099E-05 0.0599538 9.99099E-05 9.99099E-05 9.99099E-05 9.99099E-05 0.00656415 9.99099E-05 9.99099E-05 0.0135519 9.99099E-05 9.99099E-05 0.695926
9.99189E-05 0.128948 0.656826 9.99189E-05 9.99189E-05 0.0133088 9.99189E-05 9.99189E-05 9.99189E-05 0.102756 9.99189E-05 0.0413107 9.99189E-05 0.0559521 9.99189E-05
0.0331699 9.99279E-05 0.820055 9.99279E-05 0.0141513 0.0226048 0.0111335 9.99279E-05 0.0596741 9.99279E-05 9.99279E-05 0.0384121 9.99279E-05 9.99279E-05 9.99279E-05
0.00934888 0.0237377 0.537613 0.00768895 0.181766 0.00402532 0.0230194 9.9946E-05 9.9946E-05 9.9946E-05 9.9946E-05 0.200344 0.0118562 9.9946E-05 9.9946E-05
9.99099E-05 0.0585163 0.0465145 0.031095 9.99099E-05 9.99099E-05 0.0595755 9.99099E-05 9.99099E-05 9.99099E-05 9.99099E-05 9.99099E-05 9.99099E-05 9.99099E-05 0.8033
0.0555099 9.99549E-05 0.312881 9.99549E-05 0.0176126 9.99549E-05 9.99549E-05 0.0127596 0.0134094 0.259594 0.000321157 0.0268667 9.99549E-05 0.000990659 0.299555
0.0179838 9.9937E-05 0.0302468 9.9937E-05 0.359438 9.9937E-05 9.9937E-05 9.9937E-05 0.021235 9.9937E-05 9.9937E-05 0.395939 0.0430149 0.0458339 0.0856089
0.157503 9.9919E-05 0.302117 0.0921513 9.9919E-05 9.9919E-05 9.9919E-05 0.0699479 9.9919E-05 9.9919E-05 9.9919E-05 9.9919E-05 0.0378156 9.9919E-05 0.339566
9.9928E-05 9.9928E-05 0.744466 0.00291697 0.00496042 0.0152095 9.9928E-05 9.9928E-05 0.0304902 9.9928E-05 9.9928E-05 0.115889 0.0852689 9.9928E-05 9.9928E-05
9.9937E-05 0.234046 0.00976424 0.128668 9.9937E-05 9.9937E-05 0.00383888 0.00852209 9.9937E-05 0.199839 9.9937E-05 9.9937E-05 0.328653 9.9937E-05 0.0859691
0.0973143 9.99189E-05 0.575403 9.99189E-05 9.99189E-05 9.99189E-05 0.0188904 9.99189E-05 0.00703175 9.99189E-05 9.99189E-05 9.99189E-05 9.99189E-05 0.0584462 0.242015
0.0844494 9.9901E-05 9.9901E-05 0.169119 9.9901E-05 9.9901E-05 9.9901E-05 9.9901E-05 9.9901E-05 9.9901E-05 9.9901E-05 0.0255544 9.9901E-05 9.9901E-05 0.719778
0.0787791 0.024974 0.246374 9.99369E-05 9.99369E-05 9.99369E-05 9.99369E-05 9.99369E-05 9.99369E-05 0.387842 0.0591583 0.0286815 9.99369E-05 0.0797506 0.0937409
0.115853 9.99368E-05 9.99368E-05 0.126348 0.061275 9.99368E-05 0.159388 0.0454875 0.0423035 0.411025 9.99368E-05 9.99368E-05 9.99368E-05 9.99368E-05 0.0376211
0.00489658 9.99279E-05 9.99279E-05 0.657249 0.000602487 9.99279E-05 0.074185 0.0430429 9.99279E-05 0.203215 9.99279E-05 0.01601 9.99279E-05 9.99279E-05 9.99279E-05
0.0169401 0.0342357 0.0919909 9.99279E-05 9.99279E-05 0.0204556 9.99279E-05 0.0398911 9.99279E-05 0.649745 9.99279E-05 9.99279E-05 9.99279E-05 9.99279E-05 0.145942
0.0728486 9.99188E-05 0.023874 9.99188E-05 9.99188E-05 9.99188E-05 0.440881 9.99188E-05 9.99188E-05 0.00334156 9.99188E-05 9.99188E-05 9.99188E-05 0.0350441 0.423111
0.150494 0.00113189 9.99279E-05 9.99279E-05 0.0875203 9.99279E-05 9.99279E-05 9.99279E-05 9.99279E-05 0.449536 0.0244643 0.0721627 9.99279E-05 9.99279E-05 0.213891
9.98918E-05 0.475522 9.98918E-05 9.98918E-05 9.98918E-05 9.98918E-05 9.98918E-05 9.98918E-05 9.98918E-05 0.232271 9.98918E-05 0.291008 9.98918E-05 9.98918E-05 9.98918E-05
0.296107 9.99099E-05 9.99099E-05 0.578795 9.99099E-05 9.99099E-05 9.99099E-05 0.0281019 0.0175534 0.0784431 9.99099E-05 9.99099E-05 9.99099E-05 9.99099E-05 9.99099E-05
0.332438 9.99099E-05 9.99099E-05 9.99099E-05 0.0232926 0.026512 9.99099E-05 9.99099E-05 9.99099E-05 9.99099E-05 9.99099E-05 0.0141668 0.602592 9.99099E-05 9.99099E-05
9.99278E-05 0.0479889 0.20963 9.99278E-05 9.99278E-05 0.00593237 0.333452 9.99278E-05 9.99278E-05 0.0713821 9.99278E-05 0.192582 9.99278E-05 0.138233 9.99278E-05
9.99189E-05 0.176616 9.99189E-05 0.0781346 0.627918 9.99189E-05 0.0859826 9.99189E-05 0.00305565 0.0273946 9.99189E-05 9.99189E-05 9.99189E-05 9.99189E-05 9.99189E-05
9.99099E-05 9.99099E-05 0.0759937 0.625304 9.99099E-05 9.99099E-05 0.157925 0.0236355 9.99099E-05 0.116142 9.99099E-05 9.99099E-05 9.99099E-05 9.99099E-05 9.99099E-05
