9.9874E-05 9.9874E-05 9.9874E-05 9.9874E-05 9.9874E-05 9.9874E-05 0.0248174 9.9874E-05 9.9874E-05 9.9874E-05 0.238253 9.9874E-05 9.9874E-05 0.0424851 0.423901 9.9874E-05 9.9874E-05 9.9874E-05 0.269145
9.99009E-05 9.99009E-05 9.99009E-05 9.99009E-05 0.048349 0.0136598 9.99009E-05 9.99009E-05 9.99009E-05 9.99009E-05 0.434887 0.0439473 0.0224035 0.0186694 0.36837 0.0486145 9.99009E-05 9.99009E-05 9.99009E-05
9.98918E-05 9.98918E-05 0.0366754 9.98918E-05 9.98918E-05 9.98918E-05 0.0090089 0.0225986 0.135006 0.285418 0.416968 9.98918E-05 0.0931265 9.98918E-05 9.98918E-05 9.98918E-05 9.98918E-05 9.98918E-05 9.98918E-05
0.105372 0.0800371 9.98828E-05 0.00661536 9.98828E-05 9.98828E-05 9.98828E-05 9.98828E-05 9.98828E-05 9.98828E-05 9.98828E-05 9.98828E-05 9.98828E-05 9.98828E-05 0.516049 0.0582209 9.98828E-05 9.98828E-05 0.232406
0.0628683 9.98827E-05 0.00759504 9.98827E-05 9.98827E-05 9.98827E-05 9.98827E-05 9.98827E-05 9.98827E-05 9.98827E-05 9.98827E-05 0.00871107 9.98827E-05 9.98827E-05 0.286619 0.596819 0.0360894 9.98827E-05 9.98827E-05
0.180848 9.99008E-05 9.99008E-05 9.99008E-05 9.99008E-05 0.00966018 9.99008E-05 9.99008E-05 0.176474 0.0474565 0.187279 0.0515346 9.99008E-05 0.0193547 9.99008E-05 9.99008E-05 9.99008E-05 9.99008E-05 0.326294
9.98828E-05 9.98828E-05 9.98828E-05 0.0560373 9.98828E-05 0.0206902 9.98828E-05 0.0170115 9.98828E-05 0.328144 0.510028 9.98828E-05 9.98828E-05 9.98828E-05 0.066791 9.98828E-05 9.98828E-05 9.98828E-05 9.98828E-05
9.9883E-05 9.9883E-05 9.9883E-05 9.9883E-05 9.9883E-05 9.9883E-05 9.9883E-05 9.9883E-05 0.234539 0.0777913 0.318254 0.190585 9.9883E-05 0.133936 9.9883E-05 9.9883E-05 9.9883E-05 9.9883E-05 0.0435964
0.330656 9.99099E-05 0.0588008 9.99099E-05 0.0160995 9.99099E-05 0.0142414 0.0122181 9.99099E-05 9.99099E-05 0.283955 9.99099E-05 9.99099E-05 0.0118682 0.233509 9.99099E-05 9.99099E-05 9.99099E-05 0.0376521
9.98737E-05 9.98737E-05 9.98737E-05 0.0473784 9.98737E-05 9.98737E-05 0.017749 0.00560348 0.731879 0.195992 9.98737E-05 9.98737E-05 9.98737E-05 9.98737E-05 9.98737E-05 9.98737E-05 9.98737E-05 9.98737E-05 9.98737E-05
0.231687 9.99008E-05 9.99008E-05 9.99008E-05 0.363601 9.99008E-05 9.99008E-05 0.0139713 9.99008E-05 9.99008E-05 0.0681034 0.1213 0.0448684 9.99008E-05 0.0594648 9.99008E-05 9.99008E-05 9.99008E-05 0.0959048
0.150175 9.98828E-05 9.98828E-05 9.98828E-05 0.0802423 9.98828E-05 9.98828E-05 9.98828E-05 0.238694 9.98828E-05 9.98828E-05 0.0772605 9.98828E-05 9.98828E-05 0.371855 9.98828E-05 9.98828E-05 0.080475 9.98828E-05
0.128274 0.371841 0.048158 9.99008E-05 0.00534483 9.99008E-05 9.99008E-05 9.99008E-05 9.99008E-05 0.140153 0.169517 9.99008E-05 0.120352 9.99008E-05 9.99008E-05 9.99008E-05 9.99008E-05 9.99008E-05 0.0152601
9.98919E-05 9.98919E-05 9.98919E-05 9.98919E-05 9.98919E-05 9.98919E-05 9.98919E-05 9.98919E-05 0.269165 0.0703459 0.561278 9.98919E-05 9.98919E-05 0.0279768 0.00394181 9.98919E-05 0.0461861 9.98919E-05 0.0199082
0.0692645 9.98739E-05 9.98739E-05 9.98739E-05 0.405168 9.98739E-05 9.98739E-05 9.98739E-05 0.0497857 9.98739E-05 9.98739E-05 0.180261 9.98739E-05 9.98739E-05 0.294123 9.98739E-05 9.98739E-05 9.98739E-05 9.98739E-05
9.99008E-05 9.99008E-05 0.0250132 0.235792 9.99008E-05 0.00117996 0.0119662 9.99008E-05 0.131 0.328382 0.165017 9.99008E-05 9.99008E-05 9.99008E-05 9.99008E-05 9.99008E-05 9.99008E-05 9.99008E-05 0.10055
9.99099E-05 9.99099E-05 9.99099E-05 0.035333 0.00446186 9.99099E-05 9.99099E-05 0.0379606 0.0584028 0.19536 0.600099 9.99099E-05 0.000325474 9.99099E-05 0.0411996 9.99099E-05 9.99099E-05 9.99099E-05 0.0258587
9.99008E-05 9.99008E-05 9.99008E-05 9.99008E-05 0.0423567 9.99008E-05 9.99008E-05 9.99008E-05 0.0149624 0.262934 0.553696 0.0538441 0.0345081 9.99008E-05 0.00995382 9.99008E-05 9.99008E-05 9.99008E-05 0.0266457
0.178108 0.0246072 9.9892E-05 9.9892E-05 9.9892E-05 9.9892E-05 9.9892E-05 9.9892E-05 0.00281827 9.9892E-05 0.215808 9.9892E-05 0.109557 9.9892E-05 0.322304 9.9892E-05 9.9892E-05 0.145599 9.9892E-05
9.98648E-05 9.98648E-05 9.98648E-05 9.98648E-05 0.0110387 9.98648E-05 0.713979 9.98648E-05 9.98648E-05 9.98648E-05 9.98648E-05 9.98648E-05 9.98648E-05 0.0116705 9.98648E-05 0.261814 9.98648E-05 9.98648E-05 9.98648E-05
9.98468E-05 0.249437 9.98468E-05 9.98468E-05 9.98468E-05 9.98468E-05 0.748865 9.98468E-05 9.98468E-05 9.98468E-05 9.98468E-05 9.98468E-05 9.98468E-05 9.98468E-05 9.98468E-05 9.98468E-05 9.98468E-05 9.98468E-05 9.98468E-05
9.98467E-05 9.98467E-05 9.98467E-05 9.98467E-05 9.98467E-05 9.98467E-05 0.807213 9.98467E-05 9.98467E-05 9.98467E-05 9.98467E-05 9.98467E-05 9.98467E-05 9.98467E-05 9.98467E-05 9.98467E-05 9.98467E-05 9.98467E-05 0.19109
9.98738E-05 0.207197 0.0296618 9.98738E-05 9.98738E-05 9.98738E-05 0.588288 9.98738E-05 9.98738E-05 9.98738E-05 9.98738E-05 9.98738E-05 9.98738E-05 0.00307675 9.98738E-05 9.98738E-05 9.98738E-05 0.170378 9.98738E-05
0.174401 9.98829E-05 0.00322549 9.98829E-05 0.0643003 9.98829E-05 0.710189 9.98829E-05 9.98829E-05 9.98829E-05 9.98829E-05 9.98829E-05 9.98829E-05 0.00377473 0.0428107 9.98829E-05 9.98829E-05 9.98829E-05 9.98829E-05
9.98917E-05 9.98917E-05 0.0424585 9.98917E-05 9.98917E-05 0.175457 0.457549 9.98917E-05 0.123042 0.0326009 0.159455 9.98917E-05 9.98917E-05 0.00823962 9.98917E-05 9.98917E-05 9.98917E-05 9.98917E-05 9.98917E-05
0.154092 9.98918E-05 0.0845766 9.98918E-05 0.0429174 9.98918E-05 0.30025 9.98918E-05 9.98918E-05 9.98918E-05 9.98918E-05 9.98918E-05 9.98918E-05 0.27832 0.128751 0.00989503 9.98918E-05 9.98918E-05 9.98918E-05
9.98739E-05 9.98739E-05 0.0746069 0.387536 9.98739E-05 0.182715 0.247136 9.98739E-05 9.98739E-05 0.106608 9.98739E-05 9.98739E-05 9.98739E-05 9.98739E-05 9.98739E-05 9.98739E-05 9.98739E-05 9.98739E-05 9.98739E-05
9.98558E-05 9.98558E-05 9.98558E-05 9.98558E-05 9.98558E-05 9.98558E-05 0.141289 9.98558E-05 9.98558E-05 9.98558E-05 9.98558E-05 9.98558E-05 9.98558E-05 0.273365 9.98558E-05 0.583748 9.98558E-05 9.98558E-05 9.98558E-05
9.98468E-05 9.98468E-05 9.98468E-05 9.98468E-05 9.98468E-05 9.98468E-05 0.800648 9.98468E-05 9.98468E-05 9.98468E-05 9.98468E-05 9.98468E-05 9.98468E-05 9.98468E-05 9.98468E-05 9.98468E-05 9.98468E-05 9.98468E-05 0.197655
0.0637895 0.118919 9.98559E-05 9.98559E-05 9.98559E-05 9.98559E-05 0.815693 9.98559E-05 9.98559E-05 9.98559E-05 9.98559E-05 9.98559E-05 9.98559E-05 9.98559E-05 9.98559E-05 9.98559E-05 9.98559E-05 9.98559E-05 9.98559E-05
0.0409444 0.0431718 9.99011E-05 0.106575 9.99011E-05 0.0581178 0.572741 0.0986804 9.99011E-05 0.07754 9.99011E-05 9.99011E-05 9.99011E-05 9.99011E-05 9.99011E-05 9.99011E-05 0.00113 9.99011E-05 9.99011E-05
9.98918E-05 9.98918E-05 0.106012 0.0478571 9.98918E-05 0.176018 0.126426 9.98918E-05 9.98918E-05 9.98918E-05 9.98918E-05 9.98918E-05 0.0444318 0.298743 9.98918E-05 9.98918E-05 9.98918E-05 9.98918E-05 0.199313
9.98647E-05 9.98647E-05 9.98647E-05 0.158783 9.98647E-05 0.0770426 0.597426 9.98647E-05 9.98647E-05 0.16525 9.98647E-05 9.98647E-05 9.98647E-05 9.98647E-05 9.98647E-05 9.98647E-05 9.98647E-05 9.98647E-05 9.98647E-05
9.98828E-05 9.98828E-05 9.98828E-05 9.98828E-05 9.98828E-05 0.0699165 0.64863 9.98828E-05 9.98828E-05 0.0879673 0.170025 9.98828E-05 9.98828E-05 0.0209242 9.98828E-05 9.98828E-05 9.98828E-05 9.98828E-05 0.00123906
0.119556 0.0831122 9.98558E-05 9.98558E-05 9.98558E-05 9.98558E-05 0.795735 9.98558E-05 9.98558E-05 9.98558E-05 9.98558E-05 9.98558E-05 9.98558E-05 9.98558E-05 9.98558E-05 9.98558E-05 9.98558E-05 9.98558E-05 9.98558E-05
0.00494989 9.98828E-05 0.00258262 9.98828E-05 0.0739371 9.98828E-05 0.705026 9.98828E-05 9.98828E-05 9.98828E-05 9.98828E-05 9.98828E-05 9.98828E-05 9.98828E-05 0.0704099 0.141796 9.98828E-05 9.98828E-05 9.98828E-05
9.98558E-05 9.98558E-05 9.98558E-05 9.98558E-05 0.226547 9.98558E-05 0.640342 9.98558E-05 9.98558E-05 9.98558E-05 9.98558E-05 9.98558E-05 9.98558E-05 9.98558E-05 9.98558E-05 0.131513 9.98558E-05 9.98558E-05 9.98558E-05
9.98739E-05 0.0460779 0.0139354 9.98739E-05 9.98739E-05 9.98739E-05 0.663398 9.98739E-05 9.98739E-05 9.98739E-05 9.98739E-05 9.98739E-05 9.98739E-05 9.98739E-05 0.0988602 9.98739E-05 9.98739E-05 0.17633 9.98739E-05
9.98556E-05 9.98556E-05 0.500152 9.98556E-05 9.98556E-05 0.329698 9.98556E-05 9.98556E-05 9.98556E-05 9.98556E-05 9.98556E-05 9.98556E-05 9.98556E-05 9.98556E-05 9.98556E-05 9.98556E-05 9.98556E-05 9.98556E-05 0.168552
9.98919E-05 9.98919E-05 0.04424 0.0946879 9.98919E-05 0.76604 9.98919E-05 0.0227658 9.98919E-05 9.98919E-05 9.98919E-05 9.98919E-05 0.022228 9.98919E-05 9.98919E-05 0.037524 9.98919E-05 9.98919E-05 0.0113156
9.98829E-05 9.98829E-05 9.98829E-05 0.0911497 9.98829E-05 0.582277 0.0465386 9.98829E-05 9.98829E-05 0.136462 9.98829E-05 9.98829E-05 9.98829E-05 0.0187953 9.98829E-05 9.98829E-05 0.12348 9.98829E-05 9.98829E-05
9.98919E-05 0.327866 0.270657 0.00687622 9.98919E-05 0.232303 9.98919E-05 0.0101886 9.98919E-05 9.98919E-05 9.98919E-05 9.98919E-05 9.98919E-05 0.0347947 9.98919E-05 9.98919E-05 9.98919E-05 0.116117 9.98919E-05
9.98646E-05 9.98646E-05 0.178032 9.98646E-05 9.98646E-05 0.37648 0.224368 9.98646E-05 9.98646E-05 9.98646E-05 9.98646E-05 9.98646E-05 9.98646E-05 9.98646E-05 9.98646E-05 9.98646E-05 9.98646E-05 9.98646E-05 0.219622
9.98829E-05 9.98829E-05 9.98829E-05 9.98829E-05 0.112362 0.66987 0.0458038 9.98829E-05 0.0958839 9.98829E-05 9.98829E-05 9.98829E-05 0.0545079 9.98829E-05 9.98829E-05 9.98829E-05 0.0202729 9.98829E-05 9.98829E-05
9.98649E-05 9.98649E-05 0.155992 9.98649E-05 9.98649E-05 9.98649E-05 9.98649E-05 9.98649E-05 9.98649E-05 9.98649E-05 9.98649E-05 9.98649E-05 9.98649E-05 0.421212 0.234078 9.98649E-05 9.98649E-05 0.18722 9.98649E-05
0.108796 9.98829E-05 0.554697 9.98829E-05 0.00571614 0.121091 9.98829E-05 9.98829E-05 9.98829E-05 9.98829E-05 9.98829E-05 0.155694 9.98829E-05 9.98829E-05 0.0527082 9.98829E-05 9.98829E-05 9.98829E-05 9.98829E-05
9.98918E-05 9.98918E-05 9.98918E-05 0.0299408 9.98918E-05 0.591163 0.159552 9.98918E-05 0.0296357 0.0768905 0.0900208 9.98918E-05 9.98918E-05 9.98918E-05 9.98918E-05 9.98918E-05 0.0215987 9.98918E-05 9.98918E-05
9.98557E-05 9.98557E-05 0.369571 9.98557E-05 9.98557E-05 0.43359 9.98557E-05 9.98557E-05 9.98557E-05 9.98557E-05 9.98557E-05 9.98557E-05 9.98557E-05 9.98557E-05 9.98557E-05 9.98557E-05 9.98557E-05 9.98557E-05 0.195241
9.9874E-05 0.0023797 9.9874E-05 0.545287 9.9874E-05 0.433911 9.9874E-05 9.9874E-05 9.9874E-05 0.00900953 9.9874E-05 9.9874E-05 9.9874E-05 9.9874E-05 9.9874E-05 0.00801442 9.9874E-05 9.9874E-05 9.9874E-05
9.98919E-05 9.98919E-05 0.415927 9.98919E-05 9.98919E-05 0.318945 9.98919E-05 0.0263771 9.98919E-05 9.98919E-05 9.98919E-05 0.192897 9.98919E-05 0.00729027 9.98919E-05 0.035959 9.98919E-05 0.00140519 9.98919E-05
9.98919E-05 0.000675474 0.121297 0.114749 9.98919E-05 0.676926 9.98919E-05 0.00912936 9.98919E-05 9.98919E-05 9.98919E-05 9.98919E-05 9.98919E-05 9.98919E-05 9.98919E-05 0.0698511 9.98919E-05 0.00617376 9.98919E-05
9.98739E-05 0.318224 0.110747 9.98739E-05 9.98739E-05 0.407749 0.0126301 9.98739E-05 9.98739E-05 9.98739E-05 9.98739E-05 9.98739E-05 9.98739E-05 9.98739E-05 9.98739E-05 0.149252 9.98739E-05 9.98739E-05 9.98739E-05
0.154369 9.98828E-05 0.355855 9.98828E-05 0.251176 0.0456136 0.0948475 9.98828E-05 9.98828E-05 9.98828E-05 9.98828E-05 9.98828E-05 9.98828E-05 0.0968408 9.98828E-05 9.98828E-05 9.98828E-05 9.98828E-05 9.98828E-05
0.363064 9.98738E-05 0.179007 9.98738E-05 0.13512 0.278311 9.98738E-05 9.98738E-05 9.98738E-05 9.98738E-05 9.98738E-05 9.98738E-05 9.98738E-05 0.0430992 9.98738E-05 9.98738E-05 9.98738E-05 9.98738E-05 9.98738E-05
9.9901E-05 9.9901E-05 0.143173 9.9901E-05 9.9901E-05 0.179626 0.00899899 0.0350132 9.9901E-05 9.9901E-05 9.9901E-05 9.9901E-05 9.9901E-05 0.0838322 0.0614064 0.100738 9.9901E-05 0.386114 9.9901E-05
0.00407353 9.98739E-05 9.98739E-05 9.98739E-05 9.98739E-05 9.98739E-05 0.327732 9.98739E-05 9.98739E-05 9.98739E-05 9.98739E-05 9.98739E-05 9.98739E-05 0.189426 0.0106076 9.98739E-05 9.98739E-05 0.466763 9.98739E-05
9.98647E-05 9.98647E-05 0.328811 9.98647E-05 9.98647E-05 0.469528 9.98647E-05 9.98647E-05 9.98647E-05 9.98647E-05 9.98647E-05 9.98647E-05 0.00119394 9.98647E-05 9.98647E-05 9.98647E-05 9.98647E-05 9.98647E-05 0.198969
9.98828E-05 0.267209 0.127629 0.0150073 9.98828E-05 0.264613 9.98828E-05 9.98828E-05 9.98828E-05 9.98828E-05 9.98828E-05 9.98828E-05 9.98828E-05 0.267933 9.98828E-05 0.0563103 9.98828E-05 9.98828E-05 9.98828E-05
9.98737E-05 9.98737E-05 9.98737E-05 0.0406493 9.98737E-05 0.779014 9.98737E-05 9.98737E-05 9.98737E-05 9.98737E-05 9.98737E-05 9.98737E-05 9.98737E-05 0.0416942 9.98737E-05 9.98737E-05 9.98737E-05 0.00205351 0.135191
9.98558E-05 9.98558E-05 0.619716 9.98558E-05 9.98558E-05 0.169025 9.98558E-05 9.98558E-05 9.98558E-05 9.98558E-05 9.98558E-05 9.98558E-05 9.98558E-05 9.98558E-05 9.98558E-05 0.209662 9.98558E-05 9.98558E-05 9.98558E-05
0.0410513 9.98827E-05 0.601059 9.98827E-05 9.98827E-05 0.111872 0.0237799 9.98827E-05 9.98827E-05 9.98827E-05 9.98827E-05 9.98827E-05 9.98827E-05 0.0595851 9.98827E-05 9.98827E-05 9.98827E-05 9.98827E-05 0.161354
0.0840619 9.98918E-05 0.374209 9.98918E-05 0.0261111 0.319744 9.98918E-05 9.98918E-05 9.98918E-05 9.98918E-05 9.98918E-05 0.11421 9.98918E-05 0.0324875 0.0479786 9.98918E-05 9.98918E-05 9.98918E-05 9.98918E-05
9.98828E-05 9.98828E-05 0.201873 0.131262 9.98828E-05 0.18507 9.98828E-05 9.98828E-05 9.98828E-05 9.98828E-05 0.038095 9.98828E-05 0.175139 0.267262 9.98828E-05 9.98828E-05 9.98828E-05 9.98828E-05 9.98828E-05
9.98649E-05 0.0619585 0.667883 9.98649E-05 9.98649E-05 9.98649E-05 0.0171601 9.98649E-05 9.98649E-05 9.98649E-05 9.98649E-05 9.98649E-05 9.98649E-05 9.98649E-05 9.98649E-05 9.98649E-05 9.98649E-05 0.2515 9.98649E-05
9.98828E-05 9.98828E-05 0.327472 9.98828E-05 9.98828E-05 0.137245 9.98828E-05 9.98828E-05 0.0568751 0.410459 0.00857078 9.98828E-05 9.98828E-05 0.0580798 9.98828E-05 9.98828E-05 9.98828E-05 9.98828E-05 9.98828E-05
0.181301 9.98918E-05 0.254158 9.98918E-05 0.113151 9.98918E-05 0.0989237 9.98918E-05 9.98918E-05 9.98918E-05 0.0256007 9.98918E-05 9.98918E-05 0.248405 9.98918E-05 9.98918E-05 9.98918E-05 9.98918E-05 0.0772614
9.98739E-05 9.98739E-05 0.809269 9.98739E-05 9.98739E-05 9.98739E-05 9.98739E-05 0.0133369 9.98739E-05 9.98739E-05 9.98739E-05 0.0477093 9.98739E-05 9.98739E-05 9.98739E-05 0.124098 9.98739E-05 0.00418865 9.98739E-05
9.9874E-05 9.9874E-05 0.677009 9.9874E-05 0.081639 9.9874E-05 9.9874E-05 9.9874E-05 0.00275205 0.00903991 9.9874E-05 9.9874E-05 9.9874E-05 9.9874E-05 9.9874E-05 0.228162 9.9874E-05 9.9874E-05 9.9874E-05
0.00328282 9.99188E-05 0.171431 9.99188E-05 9.99188E-05 9.99188E-05 0.0348496 9.99188E-05 0.0206401 0.00808335 0.0176421 9.99188E-05 0.0204997 0.60571 0.0564353 9.99188E-05 9.99188E-05 9.99188E-05 0.0605262
9.98738E-05 9.98738E-05 0.105792 9.98738E-05 9.98738E-05 0.0334657 0.200511 9.98738E-05 9.98738E-05 9.98738E-05 9.98738E-05 9.98738E-05 9.98738E-05 0.35152 9.98738E-05 9.98738E-05 9.98738E-05 9.98738E-05 0.307314
9.98828E-05 9.98828E-05 9.98828E-05 0.379674 9.98828E-05 0.14458 0.114912 9.98828E-05 9.98828E-05 9.98828E-05 9.98828E-05 9.98828E-05 0.00611314 0.350316 9.98828E-05 9.98828E-05 0.00310626 9.98828E-05 9.98828E-05
9.98558E-05 9.98558E-05 0.282285 9.98558E-05 9.98558E-05 0.271754 9.98558E-05 9.98558E-05 9.98558E-05 0.444364 9.98558E-05 9.98558E-05 9.98558E-05 9.98558E-05 9.98558E-05 9.98558E-05 9.98558E-05 9.98558E-05 9.98558E-05
9.98739E-05 9.98739E-05 9.98739E-05 9.98739E-05 9.98739E-05 9.98739E-05 0.62593 9.98739E-05 9.98739E-05 9.98739E-05 9.98739E-05 0.0828408 9.98739E-05 9.98739E-05 0.0318351 0.0213931 9.98739E-05 0.236603 9.98739E-05
9.98916E-05 9.98916E-05 0.446383 0.094873 9.98916E-05 0.270014 9.98916E-05 9.98916E-05 0.0010368 0.107042 0.0438448 9.98916E-05 0.0356075 9.98916E-05 9.98916E-05 9.98916E-05 9.98916E-05 9.98916E-05 9.98916E-05
9.98648E-05 9.98648E-05 0.620543 9.98648E-05 9.98648E-05 9.98648E-05 9.98648E-05 9.98648E-05 9.98648E-05 9.98648E-05 9.98648E-05 9.98648E-05 9.98648E-05 0.259613 9.98648E-05 0.0941581 9.98648E-05 9.98648E-05 0.0241879
0.193133 9.98829E-05 0.0995407 9.98829E-05 0.0527395 9.98829E-05 0.106847 9.98829E-05 9.98829E-05 9.98829E-05 9.98829E-05 9.98829E-05 9.98829E-05 0.395507 0.150934 9.98829E-05 9.98829E-05 9.98829E-05 9.98829E-05
9.98737E-05 9.98737E-05 9.98737E-05 0.0685987 9.98737E-05 0.0708475 0.704747 9.98737E-05 0.0168895 0.137519 9.98737E-05 9.98737E-05 9.98737E-05 9.98737E-05 9.98737E-05 9.98737E-05 9.98737E-05 9.98737E-05 9.98737E-05
9.9874E-05 9.9874E-05 0.0236112 0.226136 9.9874E-05 0.222631 0.213569 9.9874E-05 9.9874E-05 0.312655 9.9874E-05 9.9874E-05 9.9874E-05 9.9874E-05 9.9874E-05 9.9874E-05 9.9874E-05 9.9874E-05 9.9874E-05
9.98737E-05 9.98737E-05 9.98737E-05 9.98737E-05 9.98737E-05 0.148941 0.680226 9.98737E-05 0.0453513 0.0305093 0.0935736 9.98737E-05 9.98737E-05 9.98737E-05 9.98737E-05 9.98737E-05 9.98737E-05 9.98737E-05 9.98737E-05
9.98828E-05 9.98828E-05 0.0792879 0.013933 9.98828E-05 0.0355486 0.24666 9.98828E-05 9.98828E-05 9.98828E-05 9.98828E-05 9.98828E-05 9.98828E-05 0.306972 9.98828E-05 9.98828E-05 9.98828E-05 9.98828E-05 0.3163
9.9883E-05 0.0145965 0.0720895 0.520706 9.9883E-05 0.173339 0.162282 9.9883E-05 9.9883E-05 9.9883E-05 9.9883E-05 9.9883E-05 9.9883E-05 0.0556876 9.9883E-05 9.9883E-05 9.9883E-05 9.9883E-05 9.9883E-05
0.0877461 0.186094 0.43578 9.98829E-05 9.98829E-05 0.0600574 0.201981 9.98829E-05 9.98829E-05 9.98829E-05 9.98829E-05 9.98829E-05 9.98829E-05 9.98829E-05 9.98829E-05 9.98829E-05 9.98829E-05 0.0270434 9.98829E-05
0.0145897 0.228283 0.432112 9.98648E-05 9.98648E-05 0.323517 9.98648E-05 9.98648E-05 9.98648E-05 9.98648E-05 9.98648E-05 9.98648E-05 9.98648E-05 9.98648E-05 9.98648E-05 9.98648E-05 9.98648E-05 9.98648E-05 9.98648E-05
9.98829E-05 0.401703 0.102406 9.98829E-05 0.0259946 0.3143 0.0448235 9.98829E-05 9.98829E-05 9.98829E-05 9.98829E-05 9.98829E-05 9.98829E-05 0.109474 9.98829E-05 9.98829E-05 9.98829E-05 9.98829E-05 9.98829E-05
9.98827E-05 9.98827E-05 0.311618 0.0730846 9.98827E-05 0.439502 9.98827E-05 9.98827E-05 0.0124704 0.148873 9.98827E-05 9.98827E-05 9.98827E-05 9.98827E-05 9.98827E-05 9.98827E-05 0.0131537 9.98827E-05 9.98827E-05
9.98738E-05 9.98738E-05 0.502838 9.98738E-05 9.98738E-05 0.102317 0.0515059 9.98738E-05 9.98738E-05 9.98738E-05 9.98738E-05 9.98738E-05 9.98738E-05 9.98738E-05 9.98738E-05 0.237101 9.98738E-05 9.98738E-05 0.10484
9.98649E-05 9.98649E-05 0.861331 9.98649E-05 9.98649E-05 9.98649E-05 9.98649E-05 9.98649E-05 9.98649E-05 9.98649E-05 9.98649E-05 9.98649E-05 9.98649E-05 0.0301421 0.0957675 9.98649E-05 9.98649E-05 0.0112611 9.98649E-05
9.98827E-05 9.98827E-05 9.98827E-05 9.98827E-05 9.98827E-05 9.98827E-05 0.174615 9.98827E-05 0.0359772 0.0989207 0.116648 9.98827E-05 9.98827E-05 0.566131 9.98827E-05 9.98827E-05 0.00640924 9.98827E-05 9.98827E-05
9.98557E-05 9.98557E-05 9.98557E-05 9.98557E-05 9.98557E-05 0.479089 9.98557E-05 9.98557E-05 9.98557E-05 0.242123 9.98557E-05 9.98557E-05 9.98557E-05 0.27719 9.98557E-05 9.98557E-05 9.98557E-05 9.98557E-05 9.98557E-05
9.98558E-05 9.98558E-05 9.98558E-05 9.98558E-05 9.98558E-05 9.98558E-05 0.122605 9.98558E-05 9.98558E-05 9.98558E-05 9.98558E-05 0.169574 9.98558E-05 0.706223 9.98558E-05 9.98558E-05 9.98558E-05 9.98558E-05 9.98558E-05
9.98646E-05 9.98646E-05 0.00354155 9.98646E-05 9.98646E-05 0.302008 9.98646E-05 9.98646E-05 9.98646E-05 0.23294 9.98646E-05 9.98646E-05 9.98646E-05 0.460012 9.98646E-05 9.98646E-05 9.98646E-05 9.98646E-05 9.98646E-05
9.98557E-05 9.98557E-05 9.98557E-05 9.98557E-05 9.98557E-05 0.210261 9.98557E-05 9.98557E-05 9.98557E-05 0.233408 9.98557E-05 9.98557E-05 9.98557E-05 0.554734 9.98557E-05 9.98557E-05 9.98557E-05 9.98557E-05 9.98557E-05
9.98828E-05 9.98828E-05 9.98828E-05 9.98828E-05 9.98828E-05 9.98828E-05 9.98828E-05 0.00243335 9.98828E-05 9.98828E-05 9.98828E-05 0.149113 9.98828E-05 0.6963 0.0457542 0.0806052 9.98828E-05 0.0244963 9.98828E-05
9.98738E-05 9.98738E-05 0.247813 9.98738E-05 9.98738E-05 0.231277 9.98738E-05 9.98738E-05 9.98738E-05 0.0176056 0.183 9.98738E-05 9.98738E-05 0.318906 9.98738E-05 9.98738E-05 9.98738E-05 9.98738E-05 9.98738E-05
9.98828E-05 9.98828E-05 9.98828E-05 9.98828E-05 9.98828E-05 0.193881 9.98828E-05 0.0033971 0.0083397 9.98828E-05 0.0973696 9.98828E-05 9.98828E-05 0.684592 9.98828E-05 9.98828E-05 9.98828E-05 9.98828E-05 0.0111225
9.98649E-05 9.98649E-05 9.98649E-05 0.395464 9.98649E-05 0.0124994 9.98649E-05 9.98649E-05 9.98649E-05 9.98649E-05 9.98649E-05 9.98649E-05 0.558047 9.98649E-05 9.98649E-05 0.0324911 9.98649E-05 9.98649E-05 9.98649E-05
9.9883E-05 0.0485915 9.9883E-05 0.139478 9.9883E-05 0.105386 9.9883E-05 9.9883E-05 9.9883E-05 0.0446397 9.9883E-05 9.9883E-05 0.401489 9.9883E-05 9.9883E-05 9.9883E-05 9.9883E-05 9.9883E-05 0.259117
9.98919E-05 0.312131 9.98919E-05 0.00691849 9.98919E-05 0.000664826 9.98919E-05 9.98919E-05 9.98919E-05 9.98919E-05 9.98919E-05 0.00276287 0.629717 9.98919E-05 9.98919E-05 9.98919E-05 9.98919E-05 0.000128464 0.0464794
9.9856E-05 9.9856E-05 9.9856E-05 9.9856E-05 9.9856E-05 9.9856E-05 9.9856E-05 9.9856E-05 9.9856E-05 9.9856E-05 9.9856E-05 0.390807 0.601659 9.9856E-05 9.9856E-05 9.9856E-05 9.9856E-05 0.00593574 9.9856E-05
9.98558E-05 9.98558E-05 9.98558E-05 0.264372 9.98558E-05 9.98558E-05 9.98558E-05 9.98558E-05 9.98558E-05 9.98558E-05 9.98558E-05 9.98558E-05 0.661783 9.98558E-05 9.98558E-05 9.98558E-05 0.0722467 9.98558E-05 9.98558E-05
0.0583626 9.99098E-05 9.99098E-05 9.99098E-05 9.99098E-05 9.99098E-05 9.99098E-05 0.00197205 9.99098E-05 9.99098E-05 0.455354 0.0886705 0.228568 0.0680721 0.0268115 0.0331476 9.99098E-05 0.0380427 9.99098E-05
9.98737E-05 9.98737E-05 9.98737E-05 9.98737E-05 9.98737E-05 9.98737E-05 9.98737E-05 9.98737E-05 0.06465 0.37555 0.0245731 9.98737E-05 0.528355 9.98737E-05 0.00547401 9.98737E-05 9.98737E-05 9.98737E-05 9.98737E-05
9.98558E-05 9.98558E-05 9.98558E-05 0.285335 9.98558E-05 9.98558E-05 9.98558E-05 9.98558E-05 9.98558E-05 9.98558E-05 9.98558E-05 9.98558E-05 0.675658 9.98558E-05 9.98558E-05 9.98558E-05 9.98558E-05 9.98558E-05 0.0374088
9.98649E-05 9.98649E-05 9.98649E-05 9.98649E-05 9.98649E-05 9.98649E-05 9.98649E-05 9.98649E-05 9.98649E-05 0.00590954 9.98649E-05 9.98649E-05 0.513679 0.00112408 9.98649E-05 9.98649E-05 9.98649E-05 9.98649E-05 0.47779
9.98647E-05 9.98647E-05 9.98647E-05 9.98647E-05 0.00800272 9.98647E-05 9.98647E-05 9.98647E-05 9.98647E-05 9.98647E-05 9.98647E-05 9.98647E-05 0.379825 9.98647E-05 0.0489068 0.561768 9.98647E-05 9.98647E-05 9.98647E-05
9.98649E-05 9.98649E-05 9.98649E-05 0.592569 9.98649E-05 0.0406026 9.98649E-05 9.98649E-05 9.98649E-05 9.98649E-05 9.98649E-05 9.98649E-05 0.222338 9.98649E-05 9.98649E-05 9.98649E-05 0.142993 9.98649E-05 9.98649E-05
9.98828E-05 9.98828E-05 9.98828E-05 9.98828E-05 0.270399 9.98828E-05 9.98828E-05 9.98828E-05 9.98828E-05 0.0323758 9.98828E-05 9.98828E-05 0.376117 9.98828E-05 0.0513078 0.249633 0.0188682 9.98828E-05 9.98828E-05
9.98739E-05 9.98739E-05 9.98739E-05 0.147646 9.98739E-05 0.0177714 9.98739E-05 9.98739E-05 9.98739E-05 9.98739E-05 0.0779402 9.98739E-05 0.734318 9.98739E-05 9.98739E-05 9.98739E-05 9.98739E-05 9.98739E-05 0.0209269
0.0127507 9.98918E-05 0.0330781 9.98918E-05 0.103748 9.98918E-05 9.98918E-05 9.98918E-05 9.98918E-05 9.98918E-05 0.127804 9.98918E-05 0.478587 0.0102383 9.98918E-05 9.98918E-05 9.98918E-05 9.98918E-05 0.232596
9.98829E-05 0.0282758 9.98829E-05 0.0171737 9.98829E-05 9.98829E-05 9.98829E-05 0.0549001 9.98829E-05 9.98829E-05 9.98829E-05 9.98829E-05 0.400073 9.98829E-05 9.98829E-05 0.0407655 9.98829E-05 9.98829E-05 0.457513
9.98918E-05 9.98918E-05 9.98918E-05 0.0681024 9.98918E-05 9.98918E-05 0.0372612 9.98918E-05 0.0901847 0.0325235 0.402817 9.98918E-05 0.34539 9.98918E-05 0.0225224 9.98918E-05 9.98918E-05 9.98918E-05 9.98918E-05
0.189129 9.98827E-05 0.0709266 9.98827E-05 9.98827E-05 9.98827E-05 9.98827E-05 9.98827E-05 9.98827E-05 9.98827E-05 9.98827E-05 0.0464426 0.482964 9.98827E-05 0.174334 0.0349051 9.98827E-05 9.98827E-05 9.98827E-05
9.98647E-05 0.299801 9.98647E-05 9.98647E-05 9.98647E-05 9.98647E-05 9.98647E-05 9.98647E-05 9.98647E-05 9.98647E-05 9.98647E-05 9.98647E-05 0.288273 9.98647E-05 0.051674 9.98647E-05 9.98647E-05 0.358754 9.98647E-05
9.9874E-05 9.9874E-05 9.9874E-05 9.9874E-05 9.9874E-05 0.0959365 0.0332406 9.9874E-05 9.9874E-05 0.0038492 9.9874E-05 9.9874E-05 0.349298 9.9874E-05 9.9874E-05 9.9874E-05 9.9874E-05 9.9874E-05 0.516278
9.98739E-05 9.98739E-05 9.98739E-05 0.0591345 9.98739E-05 0.0118641 9.98739E-05 9.98739E-05 9.98739E-05 0.0101367 0.127458 9.98739E-05 0.790008 9.98739E-05 9.98739E-05 9.98739E-05 9.98739E-05 9.98739E-05 9.98739E-05
9.98739E-05 9.98739E-05 9.98739E-05 9.98739E-05 9.98739E-05 9.98739E-05 0.00802868 9.98739E-05 9.98739E-05 9.98739E-05 9.98739E-05 0.00914801 0.458951 9.98739E-05 9.98739E-05 0.228774 9.98739E-05 9.98739E-05 0.2937
9.98647E-05 0.462811 9.98647E-05 9.98647E-05 9.98647E-05 9.98647E-05 9.98647E-05 9.98647E-05 9.98647E-05 9.98647E-05 9.98647E-05 9.98647E-05 0.433551 9.98647E-05 0.00139129 0.100748 9.98647E-05 9.98647E-05 9.98647E-05
9.98738E-05 9.98738E-05 9.98738E-05 9.98738E-05 9.98738E-05 9.98738E-05 9.98738E-05 9.98738E-05 9.98738E-05 9.98738E-05 0.288731 0.147338 9.98738E-05 9.98738E-05 0.0268972 0.480383 0.055252 9.98738E-05 9.98738E-05
9.98827E-05 9.98827E-05 9.98827E-05 9.98827E-05 9.98827E-05 9.98827E-05 9.98827E-05 9.98827E-05 0.280836 0.0994733 9.98827E-05 0.031479 0.00479911 9.98827E-05 0.0498495 9.98827E-05 0.532264 9.98827E-05 9.98827E-05
0.0513277 0.0653323 0.00264397 9.98828E-05 9.98828E-05 9.98828E-05 9.98828E-05 9.98828E-05 9.98828E-05 9.98828E-05 0.264181 9.98828E-05 9.98828E-05 9.98828E-05 9.98828E-05 0.0417972 9.98828E-05 0.573419 9.98828E-05
9.98829E-05 9.98829E-05 9.98829E-05 0.0859214 9.98829E-05 0.000415614 0.0257016 9.98829E-05 9.98829E-05 9.98829E-05 0.648829 9.98829E-05 9.98829E-05 9.98829E-05 9.98829E-05 9.98829E-05 0.106217 9.98829E-05 0.131617
9.98557E-05 9.98557E-05 9.98557E-05 0.292713 9.98557E-05 9.98557E-05 9.98557E-05 9.98557E-05 9.98557E-05 0.0044211 9.98557E-05 9.98557E-05 9.98557E-05 9.98557E-05 9.98557E-05 9.98557E-05 0.701269 9.98557E-05 9.98557E-05
0.22454 9.98917E-05 9.98917E-05 9.98917E-05 0.290314 9.98917E-05 9.98917E-05 0.0236921 9.98917E-05 9.98917E-05 0.166201 9.98917E-05 9.98917E-05 9.98917E-05 0.150342 0.044552 9.98917E-05 0.0991588 9.98917E-05
9.98647E-05 9.98647E-05 9.98647E-05 9.98647E-05 0.126438 9.98647E-05 9.98647E-05 9.98647E-05 9.98647E-05 9.98647E-05 9.98647E-05 9.98647E-05 9.98647E-05 9.98647E-05 0.0197836 0.0858368 0.766444 9.98647E-05 9.98647E-05
0.150184 9.99008E-05 0.0741845 9.99008E-05 9.99008E-05 9.99008E-05 9.99008E-05 9.99008E-05 9.99008E-05 0.0594526 0.462177 9.99008E-05 9.99008E-05 0.0233185 9.99008E-05 0.0580749 0.010005 9.99008E-05 0.161505
0.174515 0.247206 9.98647E-05 9.98647E-05 9.98647E-05 9.98647E-05 9.98647E-05 9.98647E-05 0.0719668 9.98647E-05 9.98647E-05 9.98647E-05 9.98647E-05 9.98647E-05 9.98647E-05 9.98647E-05 0.504815 9.98647E-05 9.98647E-05
9.98739E-05 9.98739E-05 9.98739E-05 0.0572851 9.98739E-05 9.98739E-05 9.98739E-05 0.0124851 9.98739E-05 0.350231 0.174158 9.98739E-05 9.98739E-05 9.98739E-05 9.98739E-05 9.98739E-05 0.404442 9.98739E-05 9.98739E-05
0.412632 9.99007E-05 0.0104729 9.99007E-05 0.0779806 9.99007E-05 9.99007E-05 0.0210304 9.99007E-05 9.99007E-05 0.104505 0.0213803 9.99007E-05 9.99007E-05 9.99007E-05 0.320647 0.0302526 9.99007E-05 9.99007E-05
9.98739E-05 0.139146 9.98739E-05 9.98739E-05 9.98739E-05 9.98739E-05 9.98739E-05 9.98739E-05 9.98739E-05 9.98739E-05 9.98739E-05 0.00495508 9.98739E-05 9.98739E-05 0.0420755 9.98739E-05 0.515946 0.29648 9.98739E-05
9.98558E-05 9.98558E-05 9.98558E-05 0.232218 9.98558E-05 9.98558E-05 9.98558E-05 9.98558E-05 9.98558E-05 0.119229 9.98558E-05 9.98558E-05 9.98558E-05 9.98558E-05 9.98558E-05 9.98558E-05 0.646955 9.98558E-05 9.98558E-05
0.0715793 9.99008E-05 9.99008E-05 9.99008E-05 0.146105 9.99008E-05 9.99008E-05 0.0046694 9.99008E-05 9.99008E-05 0.14433 0.153394 9.99008E-05 9.99008E-05 0.333117 0.122376 9.99008E-05 0.0233302 9.99008E-05
0.416719 9.98738E-05 0.0033133 9.98738E-05 9.98738E-05 9.98738E-05 9.98738E-05 9.98738E-05 9.98738E-05 9.98738E-05 9.98738E-05 9.98738E-05 9.98738E-05 9.98738E-05 0.152749 9.98738E-05 0.377902 0.0479176 9.98738E-05
0.196524 0.179201 9.98917E-05 9.98917E-05 0.101514 9.98917E-05 9.98917E-05 0.0764553 9.98917E-05 9.98917E-05 0.259718 9.98917E-05 9.98917E-05 9.98917E-05 0.179554 9.98917E-05 9.98917E-05 0.00583653 9.98917E-05
9.98649E-05 9.98649E-05 9.98649E-05 0.335572 9.98649E-05 9.98649E-05 9.98649E-05 9.98649E-05 0.0693934 0.0038273 9.98649E-05 9.98649E-05 9.98649E-05 9.98649E-05 9.98649E-05 9.98649E-05 0.589709 9.98649E-05 9.98649E-05
0.645612 9.98737E-05 9.98737E-05 9.98737E-05 9.98737E-05 9.98737E-05 9.98737E-05 0.0290868 9.98737E-05 9.98737E-05 0.022933 9.98737E-05 9.98737E-05 9.98737E-05 9.98737E-05 9.98737E-05 0.156198 0.144772 9.98737E-05
0.109396 9.98918E-05 9.98918E-05 9.98918E-05 0.189834 9.98918E-05 9.98918E-05 9.98918E-05 9.98918E-05 9.98918E-05 0.16545 0.266174 9.98918E-05 9.98918E-05 0.0204007 0.23172 9.98918E-05 9.98918E-05 0.0158259
9.98828E-05 9.98828E-05 9.98828E-05 9.98828E-05 0.0266642 9.98828E-05 9.98828E-05 9.98828E-05 9.98828E-05 9.98828E-05 0.61004 0.0743987 9.98828E-05 0.0586384 9.98828E-05 9.98828E-05 0.158001 9.98828E-05 0.0709588
9.98376E-05 9.98376E-05 9.98376E-05 9.98376E-05 9.98376E-05 9.98376E-05 9.98376E-05 0.998203 9.98376E-05 9.98376E-05 9.98376E-05 9.98376E-05 9.98376E-05 9.98376E-05 9.98376E-05 9.98376E-05 9.98376E-05 9.98376E-05 9.98376E-05
0.0942358 0.1002 9.99099E-05 9.99099E-05 9.99099E-05 9.99099E-05 0.0151942 0.129275 9.99099E-05 9.99099E-05 0.262537 9.99099E-05 9.99099E-05 9.99099E-05 0.00891271 0.158178 0.0929146 0.137554 9.99099E-05
9.98557E-05 9.98557E-05 9.98557E-05 0.22099 9.98557E-05 9.98557E-05 9.98557E-05 9.98557E-05 9.98557E-05 9.98557E-05 0.131937 9.98557E-05 9.98557E-05 9.98557E-05 9.98557E-05 9.98557E-05 0.645475 9.98557E-05 9.98557E-05
0.577195 9.99098E-05 9.99098E-05 0.0192605 0.0544302 0.0160617 0.0537638 9.99098E-05 9.99098E-05 0.0740058 0.18213 9.99098E-05 0.0215891 0.000564603 9.99098E-05 9.99098E-05 9.99098E-05 9.99098E-05 9.99098E-05
9.98736E-05 9.98736E-05 9.98736E-05 9.98736E-05 9.98736E-05 9.98736E-05 9.98736E-05 9.98736E-05 9.98736E-05 9.98736E-05 0.0910245 0.0883436 9.98736E-05 0.0609817 9.98736E-05 9.98736E-05 0.592597 9.98736E-05 0.165655
9.99189E-05 9.99189E-05 9.99189E-05 0.163727 9.99189E-05 0.0543956 0.0189822 0.0463043 0.0956069 9.99189E-05 0.184125 9.99189E-05 0.161887 0.000648825 9.99189E-05 9.99189E-05 0.0746449 9.99189E-05 0.198778
0.49424 0.169782 0.0438825 9.99262E-05 0.055318 9.99262E-05 0.0109464 9.99262E-05 0.0129794 9.99262E-05 0.062746 0.00893613 0.12699 0.013281 9.99262E-05 9.99262E-05 9.99262E-05 9.99262E-05 9.99262E-05
9.98739E-05 0.00316875 9.98739E-05 9.98739E-05 9.98739E-05 0.0190325 9.98739E-05 9.98739E-05 0.203762 9.98739E-05 9.98739E-05 9.98739E-05 9.98739E-05 9.98739E-05 9.98739E-05 0.451152 9.98739E-05 9.98739E-05 0.321487
9.991E-05 9.991E-05 9.991E-05 0.676656 9.991E-05 9.991E-05 0.0433923 0.00666549 0.0165063 0.16422 9.991E-05 9.991E-05 9.991E-05 0.01444 0.0307878 0.0298188 0.0165141 9.991E-05 9.991E-05
9.99098E-05 9.99098E-05 9.99098E-05 9.99098E-05 0.0132879 9.99098E-05 9.99098E-05 9.99098E-05 0.195798 0.103004 0.0789461 9.99098E-05 0.0589271 0.0552639 0.0271916 9.99098E-05 0.0689734 9.99098E-05 0.397609
9.98918E-05 9.98918E-05 9.98918E-05 0.185372 0.0227346 0.0273202 0.0112201 9.98918E-05 0.311407 9.98918E-05 0.31339 9.98918E-05 0.127357 9.98918E-05 9.98918E-05 9.98918E-05 9.98918E-05 9.98918E-05 9.98918E-05
9.98918E-05 0.125867 9.98918E-05 0.0405572 0.430285 9.98918E-05 9.98918E-05 9.98918E-05 0.0259711 9.98918E-05 9.98918E-05 9.98918E-05 9.98918E-05 9.98918E-05 9.98918E-05 0.119608 0.142764 9.98918E-05 0.113749
9.98647E-05 9.98647E-05 9.98647E-05 0.444958 9.98647E-05 9.98647E-05 9.98647E-05 9.98647E-05 0.109999 9.98647E-05 0.407213 9.98647E-05 9.98647E-05 9.98647E-05 9.98647E-05 9.98647E-05 0.0363317 9.98647E-05 9.98647E-05
0.291496 0.179285 9.98827E-05 9.98827E-05 0.142222 9.98827E-05 9.98827E-05 9.98827E-05 9.98827E-05 9.98827E-05 0.169171 9.98827E-05 9.98827E-05 9.98827E-05 0.110169 9.98827E-05 9.98827E-05 0.10636 9.98827E-05
9.98647E-05 9.98647E-05 9.98647E-05 0.388334 9.98647E-05 9.98647E-05 9.98647E-05 9.98647E-05 0.186736 9.98647E-05 0.38638 9.98647E-05 9.98647E-05 9.98647E-05 9.98647E-05 9.98647E-05 9.98647E-05 9.98647E-05 0.0370523
9.98739E-05 0.458753 9.98739E-05 9.98739E-05 9.98739E-05 9.98739E-05 9.98739E-05 9.98739E-05 0.333149 9.98739E-05 9.98739E-05 0.0390499 9.98739E-05 9.98739E-05 9.98739E-05 9.98739E-05 0.0509742 0.116676 9.98739E-05
0.104587 0.377226 9.99098E-05 9.99098E-05 9.99098E-05 9.99098E-05 9.99098E-05 9.99098E-05 0.0514458 0.0622509 9.99098E-05 9.99098E-05 9.99098E-05 9.99098E-05 0.117907 0.0618597 0.00175043 0.182135 0.0398391
0.109052 9.98921E-05 0.00111209 9.98921E-05 9.98921E-05 0.085581 9.98921E-05 9.98921E-05 0.0674444 9.98921E-05 0.0463514 9.98921E-05 9.98921E-05 9.98921E-05 9.98921E-05 0.148175 9.98921E-05 9.98921E-05 0.541085
0.0666104 9.99008E-05 0.0314501 9.99008E-05 9.99008E-05 9.99008E-05 9.99008E-05 9.99008E-05 9.99008E-05 0.0426144 0.362653 9.99008E-05 0.0288675 9.99008E-05 0.0357132 0.105542 9.99008E-05 9.99008E-05 0.32545
9.9856E-05 9.9856E-05 9.9856E-05 9.9856E-05 9.9856E-05 9.9856E-05 9.9856E-05 9.9856E-05 0.0189674 9.9856E-05 9.9856E-05 9.9856E-05 9.9856E-05 9.9856E-05 0.102662 9.9856E-05 9.9856E-05 9.9856E-05 0.876773
9.99008E-05 0.530759 9.99008E-05 9.99008E-05 0.0614814 9.99008E-05 9.99008E-05 0.0852311 9.99008E-05 9.99008E-05 0.189088 9.99008E-05 0.0590365 9.99008E-05 9.99008E-05 9.99008E-05 0.0378473 0.000972415 0.0344857
9.98919E-05 9.98919E-05 9.98919E-05 0.633856 9.98919E-05 9.98919E-05 9.98919E-05 0.0126834 9.98919E-05 0.136226 0.0353679 9.98919E-05 9.98919E-05 9.98919E-05 0.0415496 9.98919E-05 0.0183689 9.98919E-05 0.120749
9.98559E-05 9.98559E-05 9.98559E-05 0.553436 9.98559E-05 9.98559E-05 9.98559E-05 9.98559E-05 0.341571 9.98559E-05 9.98559E-05 9.98559E-05 9.98559E-05 9.98559E-05 9.98559E-05 9.98559E-05 0.103395 9.98559E-05 9.98559E-05
0.00374389 9.98919E-05 9.98919E-05 9.98919E-05 9.98919E-05 0.0307355 9.98919E-05 9.98919E-05 0.386557 0.242207 0.287798 0.0210854 9.98919E-05 9.98919E-05 9.98919E-05 9.98919E-05 9.98919E-05 9.98919E-05 0.0266748
0.0248944 9.98828E-05 9.98828E-05 0.483807 9.98828E-05 0.0624755 9.98828E-05 9.98828E-05 0.351248 9.98828E-05 0.061157 9.98828E-05 9.98828E-05 9.98828E-05 9.98828E-05 9.98828E-05 9.98828E-05 9.98828E-05 0.0151188
9.98649E-05 9.98649E-05 9.98649E-05 0.823844 0.0291292 9.98649E-05 9.98649E-05 0.0284613 9.98649E-05 9.98649E-05 9.98649E-05 9.98649E-05 9.98649E-05 9.98649E-05 0.117068 9.98649E-05 9.98649E-05 9.98649E-05 9.98649E-05
0.0942312 9.99188E-05 9.99188E-05 9.99188E-05 9.99188E-05 0.099209 9.99188E-05 9.99188E-05 0.302732 0.337411 0.013216 0.0495956 0.02405 0.000674918 9.99188E-05 9.99188E-05 0.0488367 9.99188E-05 0.0291438
9.98918E-05 9.98918E-05 0.00637256 0.138921 0.0645455 9.98918E-05 9.98918E-05 9.98918E-05 0.0824354 9.98918E-05 0.618472 9.98918E-05 9.98918E-05 0.00254998 9.98918E-05 9.98918E-05 0.0855055 9.98918E-05 9.98918E-05
9.9892E-05 9.9892E-05 9.9892E-05 9.9892E-05 9.9892E-05 9.9892E-05 0.015723 0.0145837 0.038798 9.9892E-05 9.9892E-05 0.548396 9.9892E-05 0.00761805 0.328649 9.9892E-05 9.9892E-05 0.0450335 9.9892E-05
0.0154869 9.98828E-05 9.98828E-05 9.98828E-05 9.98828E-05 9.98828E-05 0.0319092 9.98828E-05 0.0050967 9.98828E-05 0.100462 9.98828E-05 9.98828E-05 9.98828E-05 0.820848 9.98828E-05 9.98828E-05 0.0248993 9.98828E-05
9.98918E-05 9.98918E-05 9.98918E-05 9.98918E-05 9.98918E-05 9.98918E-05 9.98918E-05 9.98918E-05 0.0857662 0.179574 0.429734 0.118637 9.98918E-05 0.0919238 0.077979 9.98918E-05 9.98918E-05 9.98918E-05 0.015187
0.0726007 0.00358607 9.98737E-05 9.98737E-05 0.182718 9.98737E-05 9.98737E-05 9.98737E-05 9.98737E-05 9.98737E-05 0.105959 9.98737E-05 9.98737E-05 9.98737E-05 0.633738 9.98737E-05 9.98737E-05 9.98737E-05 9.98737E-05
9.98739E-05 9.98739E-05 9.98739E-05 0.00237672 9.98739E-05 9.98739E-05 9.98739E-05 9.98739E-05 9.98739E-05 0.0052393 9.98739E-05 0.0609634 0.0343993 9.98739E-05 0.895623 9.98739E-05 9.98739E-05 9.98739E-05 9.98739E-05
9.98828E-05 0.102705 9.98828E-05 9.98828E-05 9.98828E-05 9.98828E-05 0.0374023 9.98828E-05 9.98828E-05 0.0643284 9.98828E-05 9.98828E-05 9.98828E-05 9.98828E-05 0.42223 9.98828E-05 9.98828E-05 0.368769 0.00326715
9.98739E-05 9.98739E-05 9.98739E-05 9.98739E-05 9.98739E-05 9.98739E-05 9.98739E-05 9.98739E-05 9.98739E-05 9.98739E-05 0.0732939 9.98739E-05 0.0441387 9.98739E-05 0.776507 9.98739E-05 0.0228716 0.0817907 9.98739E-05
9.98829E-05 9.98829E-05 9.98829E-05 9.98829E-05 9.98829E-05 9.98829E-05 0.00983136 9.98829E-05 0.112655 0.430065 0.229797 9.98829E-05 9.98829E-05 0.0179923 0.198361 9.98829E-05 9.98829E-05 9.98829E-05 9.98829E-05
9.9883E-05 9.9883E-05 9.9883E-05 0.269891 0.00832253 9.9883E-05 9.9883E-05 0.00070099 9.9883E-05 0.405217 0.0220165 9.9883E-05 9.9883E-05 9.9883E-05 9.9883E-05 9.9883E-05 0.292554 9.9883E-05 9.9883E-05
0.131709 9.98917E-05 0.00231241 9.98917E-05 9.98917E-05 9.98917E-05 9.98917E-05 9.98917E-05 9.98917E-05 9.98917E-05 0.22916 0.463682 0.0335913 0.0833404 9.98917E-05 9.98917E-05 9.98917E-05 9.98917E-05 0.0550056
9.98739E-05 9.98739E-05 9.98739E-05 9.98739E-05 9.98739E-05 9.98739E-05 9.98739E-05 9.98739E-05 9.98739E-05 0.740623 0.0103354 9.98739E-05 0.106721 0.0117274 0.129194 9.98739E-05 9.98739E-05 9.98739E-05 9.98739E-05
9.9892E-05 9.9892E-05 9.9892E-05 9.9892E-05 0.00321285 9.9892E-05 9.9892E-05 9.9892E-05 0.0866799 0.189037 0.3771 9.9892E-05 0.0469718 0.224777 0.0710223 9.9892E-05 9.9892E-05 9.9892E-05 9.9892E-05
9.98828E-05 9.98828E-05 9.98828E-05 9.98828E-05 0.0330721 9.98828E-05 9.98828E-05 9.98828E-05 9.98828E-05 9.98828E-05 0.477441 0.0976863 0.0792335 0.101916 0.209353 9.98828E-05 9.98828E-05 9.98828E-05 9.98828E-05
9.98919E-05 9.98919E-05 9.98919E-05 0.0461471 9.98919E-05 0.00144424 9.98919E-05 9.98919E-05 0.124268 0.347926 0.391958 9.98919E-05 0.0339719 9.98919E-05 9.98919E-05 9.98919E-05 0.0530865 9.98919E-05 9.98919E-05
9.98919E-05 9.98919E-05 9.98919E-05 0.0503448 9.98919E-05 0.0286621 9.98919E-05 0.00286212 9.98919E-05 0.257981 0.277847 0.275746 0.105358 9.98919E-05 9.98919E-05 9.98919E-05 9.98919E-05 9.98919E-05 9.98919E-05
0.709575 9.99098E-05 9.99098E-05 9.99098E-05 9.99098E-05 0.0249026 0.066535 9.99098E-05 0.0367769 0.0439381 0.0178038 0.00362098 9.99098E-05 0.0229517 9.99098E-05 9.99098E-05 9.99098E-05 9.99098E-05 0.072897
9.99008E-05 9.99008E-05 0.0554375 9.99008E-05 0.167657 9.99008E-05 0.0094079 9.99008E-05 0.0397727 0.291586 0.312509 0.103041 9.99008E-05 0.0194895 9.99008E-05 9.99008E-05 9.99008E-05 9.99008E-05 9.99008E-05
9.98737E-05 9.98737E-05 9.98737E-05 9.98737E-05 9.98737E-05 9.98737E-05 9.98737E-05 9.98737E-05 9.98737E-05 0.296966 0.166426 0.366273 0.0963321 9.98737E-05 9.98737E-05 9.98737E-05 9.98737E-05 9.98737E-05 0.0726049
0.114889 9.98828E-05 9.98828E-05 9.98828E-05 0.398586 9.98828E-05 9.98828E-05 9.98828E-05 9.98828E-05 9.98828E-05 0.0841297 0.238041 9.98828E-05 9.98828E-05 0.125962 0.0370944 9.98828E-05 9.98828E-05 9.98828E-05
0.0717125 0.0384271 9.991E-05 9.991E-05 0.0348449 9.991E-05 9.991E-05 0.0156094 9.991E-05 9.991E-05 0.283415 0.437198 9.991E-05 0.0217639 0.0300929 9.991E-05 9.991E-05 9.991E-05 0.0659372
9.9919E-05 9.9919E-05 0.0217782 0.0549632 0.0555692 9.9919E-05 9.9919E-05 0.0177728 0.0149004 0.702219 0.0767706 0.0424129 9.9919E-05 9.9919E-05 0.00918259 9.9919E-05 9.9919E-05 9.9919E-05 0.00353171
0.00988106 0.00954799 0.00679071 9.99099E-05 9.99099E-05 0.0131276 9.99099E-05 0.0109452 9.99099E-05 0.161866 0.649036 0.0437393 0.0940673 9.99099E-05 9.99099E-05 9.99099E-05 9.99099E-05 9.99099E-05 9.99099E-05
9.98829E-05 0.00926034 9.98829E-05 0.174378 9.98829E-05 9.98829E-05 9.98829E-05 9.98829E-05 0.185636 0.456825 0.126515 9.98829E-05 9.98829E-05 9.98829E-05 9.98829E-05 9.98829E-05 0.0460868 9.98829E-05 9.98829E-05
