0.0973287 0.394938 9.9928E-05 0.031197 0.00559698 9.9928E-05 9.9928E-05 0.3808 9.9928E-05 9.9928E-05 9.9928E-05 9.9928E-05 0.0893397 9.9928E-05
0.410781 0.337953 9.99369E-05 9.99369E-05 9.99369E-05 0.0195125 9.99369E-05 0.0735262 0.00910772 9.99369E-05 9.99369E-05 9.99369E-05 0.0487872 0.0996335
0.552639 9.99369E-05 0.0116923 0.285647 0.0359343 9.99369E-05 0.0577951 9.99369E-05 0.0395754 9.99369E-05 9.99369E-05 0.0160169 9.99369E-05 9.99369E-05
9.99279E-05 0.47896 0.018168 9.99279E-05 0.00313624 9.99279E-05 9.99279E-05 0.326348 9.99279E-05 9.99279E-05 0.160171 9.99279E-05 9.99279E-05 0.0124171
9.99458E-05 0.293485 0.0690774 9.99458E-05 9.99458E-05 0.316039 0.069343 0.0385469 0.129738 9.99458E-05 0.0540667 9.99458E-05 9.99458E-05 0.0291044
0.340537 0.0134893 0.0411853 0.00403605 9.99549E-05 9.99549E-05 0.239037 0.296484 0.0229758 0.00721691 9.99549E-05 9.99549E-05 0.0345392 9.99549E-05
0.411675 0.00860836 9.99369E-05 0.442034 9.99369E-05 9.99369E-05 9.99369E-05 0.0942908 9.99369E-05 0.00409016 0.0122674 0.0263343 9.99369E-05 9.99369E-05
0.471456 0.0255648 9.9946E-05 0.0569834 9.9946E-05 0.0162494 0.165032 0.0884515 9.9946E-05 0.0114829 9.9946E-05 9.9946E-05 0.16418 9.9946E-05
0.244059 0.411363 0.0619707 9.99549E-05 0.017778 9.99549E-05 0.0442379 0.0953425 9.99549E-05 9.99549E-05 0.0950378 9.99549E-05 0.0291254 0.000585932
9.99188E-05 9.99188E-05 9.99188E-05 0.38005 0.0467901 9.99188E-05 0.33448 0.0740545 9.99188E-05 9.99188E-05 9.99188E-05 0.163725 9.99188E-05 9.99188E-05
0.111759 0.284868 0.0135967 9.99549E-05 0.00490402 9.99549E-05 0.049326 0.0704501 0.0550311 9.99549E-05 0.00652671 9.99549E-05 9.99549E-05 0.403039
0.0114437 0.586824 9.99279E-05 9.99279E-05 9.99279E-05 9.99279E-05 0.224119 9.99279E-05 9.99279E-05 9.99279E-05 0.0776578 9.99279E-05 0.00264414 0.096512
0.219166 9.99549E-05 0.0860324 0.0496596 0.0214635 9.99549E-05 9.99549E-05 0.0780597 0.220143 9.99549E-05 0.239871 0.0265011 9.99549E-05 0.058604
0.417368 9.99189E-05 9.99189E-05 0.218584 9.99189E-05 9.99189E-05 0.138952 0.17948 9.99189E-05 9.99189E-05 9.99189E-05 9.99189E-05 0.0447167 9.99189E-05
9.99099E-05 0.512348 9.99099E-05 9.99099E-05 9.99099E-05 0.0104985 0.0766113 9.99099E-05 9.99099E-05 9.99099E-05 9.99099E-05 9.99099E-05 9.99099E-05 0.399544
0.257545 9.99369E-05 9.99369E-05 0.286789 0.0252314 9.99369E-05 0.0185592 0.104652 9.99369E-05 0.0509164 9.99369E-05 0.255608 9.99369E-05 9.99369E-05
0.446018 9.99099E-05 9.99099E-05 0.335309 9.99099E-05 9.99099E-05 9.99099E-05 0.176329 9.99099E-05 9.99099E-05 0.0413451 9.99099E-05 9.99099E-05 9.99099E-05
0.617116 0.0247183 9.99279E-05 0.252629 9.99279E-05 9.99279E-05 9.99279E-05 0.0407433 0.0248428 9.99279E-05 9.99279E-05 9.99279E-05 9.99279E-05 0.0391514
0.147037 0.441798 9.9946E-05 0.0571858 9.9946E-05 9.9946E-05 0.0214563 0.0146865 0.0844897 9.9946E-05 0.211995 9.9946E-05 0.0207521 9.9946E-05
9.99098E-05 9.99098E-05 9.99098E-05 9.99098E-05 0.752355 0.137678 9.99098E-05 0.000498804 9.99098E-05 9.99098E-05 9.99098E-05 9.99098E-05 9.99098E-05 0.10847
9.99099E-05 9.99099E-05 9.99099E-05 9.99099E-05 0.813617 0.0616943 9.99099E-05 0.0016942 9.99099E-05 9.99099E-05 0.121995 9.99099E-05 9.99099E-05 9.99099E-05
9.98918E-05 9.98918E-05 9.98918E-05 9.98918E-05 0.812129 9.98918E-05 9.98918E-05 0.186672 9.98918E-05 9.98918E-05 9.98918E-05 9.98918E-05 9.98918E-05 9.98918E-05
9.99189E-05 9.99189E-05 0.0377672 9.99189E-05 0.621089 0.00594261 9.99189E-05 9.99189E-05 9.99189E-05 9.99189E-05 0.328492 9.99189E-05 0.00581042 9.99189E-05
9.99279E-05 0.126116 0.0235733 9.99279E-05 0.739203 9.99279E-05 9.99279E-05 9.99279E-05 9.99279E-05 9.99279E-05 0.0361295 9.99279E-05 0.00155968 0.0726197
0.168152 9.99368E-05 0.00761278 0.106487 0.47126 9.99368E-05 0.0219484 9.99368E-05 9.99368E-05 0.188044 9.99368E-05 9.99368E-05 0.0357955 9.99368E-05
9.99278E-05 0.195242 0.146371 9.99278E-05 0.338362 9.99278E-05 0.0460978 9.99278E-05 9.99278E-05 9.99278E-05 9.99278E-05 9.99278E-05 0.213927 0.0592008
9.99189E-05 9.99189E-05 0.049932 0.162826 0.221957 9.99189E-05 9.99189E-05 9.99189E-05 9.99189E-05 0.232677 9.99189E-05 0.331708 9.99189E-05 9.99189E-05
9.99368E-05 9.99368E-05 0.0058051 9.99368E-05 0.22459 0.442233 9.99368E-05 0.0236064 9.99368E-05 9.99368E-05 9.99368E-05 0.0156443 0.220571 0.0668499
9.99188E-05 9.99188E-05 9.99188E-05 9.99188E-05 0.804415 9.99188E-05 9.99188E-05 0.159221 0.00707182 0.0185346 9.99188E-05 0.00985828 9.99188E-05 9.99188E-05
9.99009E-05 9.99009E-05 0.00682968 9.99009E-05 0.863065 9.99009E-05 9.99009E-05 9.99009E-05 9.99009E-05 9.99009E-05 0.129006 9.99009E-05 9.99009E-05 9.99009E-05
9.99191E-05 9.99191E-05 9.99191E-05 0.136058 0.548695 9.99191E-05 9.99191E-05 9.99191E-05 9.99191E-05 0.0970888 0.122768 0.0944918 9.99191E-05 9.99191E-05
9.99369E-05 9.99369E-05 0.12494 9.99369E-05 0.164173 9.99369E-05 9.99369E-05 0.135282 0.0821344 0.216248 9.99369E-05 0.0315444 0.244979 9.99369E-05
9.99098E-05 9.99098E-05 9.99098E-05 0.224684 0.568322 9.99098E-05 9.99098E-05 9.99098E-05 9.99098E-05 0.0729527 9.99098E-05 0.133043 9.99098E-05 9.99098E-05
0.154645 9.99188E-05 9.99188E-05 0.0999342 0.618609 9.99188E-05 9.99188E-05 9.99188E-05 9.99188E-05 0.0803384 9.99188E-05 9.99188E-05 0.0455732 9.99188E-05
9.99279E-05 0.0154434 0.0135562 9.99279E-05 0.840181 9.99279E-05 0.0247327 9.99279E-05 0.00600906 9.99279E-05 0.0992788 9.99279E-05 9.99279E-05 9.99279E-05
9.99189E-05 0.0549788 0.0129844 9.99189E-05 0.740425 0.0357289 9.99189E-05 9.99189E-05 9.99189E-05 9.99189E-05 9.99189E-05 9.99189E-05 9.99189E-05 0.154984
9.99009E-05 9.99009E-05 9.99009E-05 9.99009E-05 0.669839 0.0445091 9.99009E-05 9.99009E-05 9.99009E-05 9.99009E-05 9.99009E-05 9.99009E-05 9.99009E-05 0.284553
9.99189E-05 0.0373085 0.0132518 9.99189E-05 0.671386 0.0591492 9.99189E-05 9.99189E-05 9.99189E-05 9.99189E-05 0.218005 9.99189E-05 9.99189E-05 9.99189E-05
9.99007E-05 9.99007E-05 0.505386 9.99007E-05 9.99007E-05 9.99007E-05 9.99007E-05 0.157126 9.99007E-05 0.336389 9.99007E-05 9.99007E-05 9.99007E-05 9.99007E-05
9.99189E-05 9.99189E-05 9.99189E-05 9.99189E-05 9.99189E-05 0.077649 9.99189E-05 0.031626 0.0443773 0.811627 9.99189E-05 0.0338213 9.99189E-05 9.99189E-05
9.99279E-05 9.99279E-05 9.99279E-05 0.209253 0.029795 9.99279E-05 0.0406107 9.99279E-05 9.99279E-05 0.579695 9.99279E-05 0.089433 0.0504131 9.99279E-05
9.99459E-05 9.99459E-05 0.25743 9.99459E-05 0.0273599 0.105938 9.99459E-05 0.0017895 9.99459E-05 0.231843 0.26445 0.0544332 0.0561575 9.99459E-05
9.99097E-05 9.99097E-05 0.177551 9.99097E-05 0.236644 9.99097E-05 9.99097E-05 0.177487 9.99097E-05 0.407319 9.99097E-05 9.99097E-05 9.99097E-05 9.99097E-05
0.0623055 9.99369E-05 9.99369E-05 9.99369E-05 0.0537537 9.99369E-05 0.0941306 9.99369E-05 0.00806105 0.648175 9.99369E-05 9.99369E-05 0.018672 0.114202
9.99189E-05 0.237169 0.197071 9.99189E-05 9.99189E-05 0.102425 9.99189E-05 9.99189E-05 9.99189E-05 9.99189E-05 0.0396876 9.99189E-05 0.422749 9.99189E-05
9.99099E-05 0.247934 0.622058 9.99099E-05 9.99099E-05 9.99099E-05 9.99099E-05 9.99099E-05 9.99099E-05 0.116777 9.99099E-05 9.99099E-05 9.99099E-05 0.0122319
0.105549 9.99278E-05 9.99278E-05 0.11215 0.151836 9.99278E-05 0.0199004 9.99278E-05 9.99278E-05 0.600087 9.99278E-05 0.00967836 9.99278E-05 9.99278E-05
9.99008E-05 9.99008E-05 0.404967 9.99008E-05 9.99008E-05 9.99008E-05 9.99008E-05 0.157027 9.99008E-05 0.436908 9.99008E-05 9.99008E-05 9.99008E-05 9.99008E-05
9.991E-05 0.0213533 9.991E-05 9.991E-05 9.991E-05 0.00649176 9.991E-05 9.991E-05 9.991E-05 0.473657 9.991E-05 0.497499 9.991E-05 9.991E-05
0.0531286 9.99279E-05 0.390141 9.99279E-05 9.99279E-05 0.188659 9.99279E-05 9.99279E-05 9.99279E-05 0.276035 9.99279E-05 9.99279E-05 0.0854332 0.00580278
9.99098E-05 9.99098E-05 0.0506331 9.99098E-05 9.99098E-05 0.136293 9.99098E-05 9.99098E-05 9.99098E-05 0.731554 9.99098E-05 0.0805203 9.99098E-05 9.99098E-05
9.99279E-05 9.99279E-05 0.102197 9.99279E-05 0.0598354 0.20609 9.99279E-05 9.99279E-05 9.99279E-05 0.439165 0.185154 9.99279E-05 9.99279E-05 0.00675971
9.99369E-05 0.0494567 0.431135 9.99369E-05 0.102792 9.99369E-05 0.0870555 9.99369E-05 9.99369E-05 0.0217853 9.99369E-05 9.99369E-05 0.0823117 0.224764
0.0606061 0.157145 0.258761 9.99369E-05 0.00886756 9.99369E-05 0.0360811 9.99369E-05 9.99369E-05 0.274926 9.99369E-05 9.99369E-05 9.99369E-05 0.202913
9.99369E-05 0.0223978 0.136686 9.99369E-05 0.0353081 0.25781 9.99369E-05 9.99369E-05 9.99369E-05 0.155113 0.251448 9.99369E-05 0.140538 9.99369E-05
9.99099E-05 0.0437681 9.99099E-05 9.99099E-05 0.325068 9.99099E-05 9.99099E-05 9.99099E-05 9.99099E-05 9.99099E-05 0.353618 9.99099E-05 0.276546 9.99099E-05
9.99278E-05 9.99278E-05 0.313324 0.00786758 9.99278E-05 9.99278E-05 9.99278E-05 0.151749 0.0204093 0.502897 9.99278E-05 9.99278E-05 0.00295436 9.99278E-05
9.9946E-05 9.9946E-05 0.249444 9.9946E-05 0.0335633 9.9946E-05 9.9946E-05 9.9946E-05 0.00665287 0.28355 0.0670445 0.106131 0.206226 0.0467882
9.99278E-05 9.99278E-05 9.99278E-05 9.99278E-05 9.99278E-05 9.99278E-05 9.99278E-05 0.0705243 0.0149233 0.787664 9.99278E-05 0.0523666 0.0706441 0.00307812
9.99098E-05 9.99098E-05 0.611982 9.99098E-05 9.99098E-05 0.201043 9.99098E-05 0.0161714 9.99098E-05 0.169804 9.99098E-05 9.99098E-05 9.99098E-05 9.99098E-05
0.0193271 0.00208044 0.647799 9.99368E-05 0.0509338 9.99368E-05 9.99368E-05 0.134932 9.99368E-05 0.110067 9.99368E-05 9.99368E-05 0.0341613 9.99368E-05
0.0101628 0.161164 0.415011 9.99279E-05 9.99279E-05 9.99279E-05 9.99279E-05 9.99279E-05 9.99279E-05 0.310024 9.99279E-05 9.99279E-05 0.0452943 0.0575456
0.0259906 9.99369E-05 0.228737 9.99369E-05 0.00261867 9.99369E-05 9.99369E-05 9.99369E-05 0.158735 0.212964 9.99369E-05 0.134866 0.23539 9.99369E-05
9.99009E-05 9.99009E-05 0.662608 9.99009E-05 0.0316592 9.99009E-05 9.99009E-05 9.99009E-05 9.99009E-05 9.99009E-05 0.304634 9.99009E-05 9.99009E-05 9.99009E-05
0.00986705 9.99189E-05 0.342504 0.452994 9.99189E-05 9.99189E-05 9.99189E-05 9.99189E-05 9.99189E-05 0.139684 9.99189E-05 9.99189E-05 0.0540516 9.99189E-05
0.0579148 0.106027 0.320498 9.99459E-05 0.148728 9.99459E-05 0.00446543 0.0426838 9.99459E-05 9.99459E-05 9.99459E-05 9.99459E-05 0.189978 0.129105
9.98918E-05 9.98918E-05 0.756859 9.98918E-05 9.98918E-05 0.241942 9.98918E-05 9.98918E-05 9.98918E-05 9.98918E-05 9.98918E-05 9.98918E-05 9.98918E-05 9.98918E-05
9.99099E-05 9.99099E-05 0.652345 0.0128264 9.99099E-05 0.199866 9.99099E-05 9.99099E-05 9.99099E-05 9.99099E-05 9.99099E-05 9.99099E-05 9.99099E-05 0.133963
9.99368E-05 0.0374438 0.232414 0.0241306 0.06966 9.99368E-05 9.99368E-05 0.0591695 0.0346295 9.99368E-05 9.99368E-05 9.99368E-05 0.541853 9.99368E-05
9.99188E-05 9.99188E-05 0.104223 9.99188E-05 0.226408 9.99188E-05 9.99188E-05 0.276066 9.99188E-05 0.0744768 9.99188E-05 9.99188E-05 0.317927 9.99188E-05
9.99188E-05 9.99188E-05 9.99188E-05 9.99188E-05 0.146974 9.99188E-05 9.99188E-05 9.99188E-05 0.0186665 0.192819 9.99188E-05 0.362165 0.278476 9.99188E-05
9.99008E-05 9.99008E-05 0.237756 0.485461 9.99008E-05 9.99008E-05 9.99008E-05 9.99008E-05 9.99008E-05 0.275684 9.99008E-05 9.99008E-05 9.99008E-05 9.99008E-05
9.99189E-05 0.032466 9.99189E-05 9.99189E-05 0.623676 0.220535 9.99189E-05 9.99189E-05 9.99189E-05 9.99189E-05 0.0940723 9.99189E-05 0.0283513 9.99189E-05
9.99187E-05 9.99187E-05 0.423464 0.177284 9.99187E-05 9.99187E-05 9.99187E-05 9.99187E-05 0.0203243 0.286927 9.99187E-05 0.091102 9.99187E-05 9.99187E-05
9.99279E-05 9.99279E-05 0.70091 9.99279E-05 9.99279E-05 0.0159714 9.99279E-05 0.0350503 0.0309545 9.99279E-05 9.99279E-05 9.99279E-05 0.192873 0.0234412
9.99369E-05 0.248754 0.181421 9.99369E-05 0.174592 9.99369E-05 0.0157557 9.99369E-05 9.99369E-05 9.99369E-05 0.0354456 9.99369E-05 0.312291 0.0310423
9.99097E-05 9.99097E-05 9.99097E-05 0.183986 0.694303 9.99097E-05 9.99097E-05 9.99097E-05 9.99097E-05 0.0862871 9.99097E-05 0.0344251 9.99097E-05 9.99097E-05
9.9919E-05 9.9919E-05 0.00382008 0.357038 0.200965 9.9919E-05 9.9919E-05 9.9919E-05 9.9919E-05 0.262531 9.9919E-05 0.174746 9.9919E-05 9.9919E-05
0.0580109 9.99098E-05 9.99098E-05 0.112107 0.679068 9.99098E-05 9.99098E-05 9.99098E-05 9.99098E-05 0.149816 9.99098E-05 9.99098E-05 9.99098E-05 9.99098E-05
9.99189E-05 9.99189E-05 0.0857259 9.99189E-05 0.282461 9.99189E-05 9.99189E-05 0.27761 9.99189E-05 0.0912467 9.99189E-05 9.99189E-05 0.262058 9.99189E-05
9.99369E-05 9.99369E-05 0.0531532 9.99369E-05 0.149196 0.0514464 9.99369E-05 9.99369E-05 0.012464 0.272422 9.99369E-05 0.456165 0.00445316 9.99369E-05
9.99099E-05 9.99099E-05 0.446508 9.99099E-05 0.202568 9.99099E-05 9.99099E-05 9.99099E-05 9.99099E-05 0.097255 0.25267 9.99099E-05 9.99099E-05 9.99099E-05
9.99099E-05 9.99099E-05 0.450815 9.99099E-05 9.99099E-05 9.99099E-05 9.99099E-05 0.0195462 9.99099E-05 0.377575 0.151065 9.99099E-05 9.99099E-05 9.99099E-05
9.9928E-05 9.9928E-05 0.11975 9.9928E-05 0.0956864 9.9928E-05 9.9928E-05 9.9928E-05 9.9928E-05 0.374331 0.275116 9.9928E-05 0.0516246 0.0826926
9.99098E-05 9.99098E-05 0.263982 0.215353 9.99098E-05 9.99098E-05 9.99098E-05 9.99098E-05 9.99098E-05 0.478483 9.99098E-05 0.0411828 9.99098E-05 9.99098E-05
9.99188E-05 9.99188E-05 0.515486 9.99188E-05 0.0684757 0.174408 9.99188E-05 0.133101 9.99188E-05 0.10763 9.99188E-05 9.99188E-05 9.99188E-05 9.99188E-05
9.99099E-05 0.0471584 0.854354 9.99099E-05 9.99099E-05 9.99099E-05 9.99099E-05 9.99099E-05 9.99099E-05 9.99099E-05 0.0695103 9.99099E-05 0.0279787 9.99099E-05
0.0346066 9.99368E-05 9.99368E-05 0.13444 0.203433 9.99368E-05 0.00201432 0.0550271 9.99368E-05 0.00153788 9.99368E-05 9.99368E-05 0.568242 9.99368E-05
9.99007E-05 9.99007E-05 9.99007E-05 0.206312 9.99007E-05 9.99007E-05 9.99007E-05 9.99007E-05 9.99007E-05 0.48334 9.99007E-05 9.99007E-05 0.309249 9.99007E-05
9.99098E-05 0.0883937 9.99098E-05 9.99098E-05 0.164516 0.0170397 9.99098E-05 9.99098E-05 9.99098E-05 9.99098E-05 9.99098E-05 9.99098E-05 0.729051 9.99098E-05
0.0403584 9.99187E-05 0.0311973 0.156495 9.99187E-05 9.99187E-05 9.99187E-05 9.99187E-05 9.99187E-05 0.305044 9.99187E-05 9.99187E-05 0.466006 9.99187E-05
9.99007E-05 9.99007E-05 9.99007E-05 0.186815 9.99007E-05 9.99007E-05 9.99007E-05 9.99007E-05 9.99007E-05 0.211748 9.99007E-05 9.99007E-05 0.600338 9.99007E-05
9.99007E-05 0.00782327 9.99007E-05 9.99007E-05 9.99007E-05 0.244395 9.99007E-05 9.99007E-05 9.99007E-05 9.99007E-05 9.99007E-05 9.99007E-05 0.746683 9.99007E-05
0.207913 9.99098E-05 0.254733 9.99098E-05 9.99098E-05 9.99098E-05 9.99098E-05 9.99098E-05 9.99098E-05 0.235829 9.99098E-05 9.99098E-05 0.300526 9.99098E-05
0.0389124 9.99098E-05 9.99098E-05 9.99098E-05 9.99098E-05 9.99098E-05 9.99098E-05 0.0524298 9.99098E-05 0.185407 9.99098E-05 9.99098E-05 0.722252 9.99098E-05
9.99009E-05 9.99009E-05 9.99009E-05 9.99009E-05 9.99009E-05 9.99009E-05 9.99009E-05 9.99009E-05 0.617453 0.0253477 9.99009E-05 0.3561 9.99009E-05 9.99009E-05
9.9946E-05 9.9946E-05 9.9946E-05 0.0292755 0.0108911 0.00608208 9.9946E-05 0.0797806 0.591829 0.143373 0.0270721 0.111097 9.9946E-05 9.9946E-05
9.99099E-05 9.99099E-05 9.99099E-05 9.99099E-05 9.99099E-05 0.0351434 9.99099E-05 9.99099E-05 0.75156 0.0303805 0.181917 9.99099E-05 9.99099E-05 9.99099E-05
0.0859431 0.11169 9.99279E-05 9.99279E-05 9.99279E-05 0.182848 0.0153155 9.99279E-05 0.505773 9.99279E-05 9.99279E-05 9.99279E-05 0.0976312 9.99279E-05
9.99279E-05 9.99279E-05 9.99279E-05 0.0137656 9.99279E-05 9.99279E-05 0.0218525 9.99279E-05 0.643554 9.99279E-05 9.99279E-05 0.315926 0.00310057 0.00100192
0.439071 0.111602 9.99369E-05 9.99369E-05 9.99369E-05 9.99369E-05 9.99369E-05 0.0807407 0.167865 9.99369E-05 0.0766958 9.99369E-05 0.112977 0.010349
0.0949293 9.99008E-05 9.99008E-05 0.400111 9.99008E-05 9.99008E-05 9.99008E-05 9.99008E-05 0.503861 9.99008E-05 9.99008E-05 9.99008E-05 9.99008E-05 9.99008E-05
9.99008E-05 9.99008E-05 9.99008E-05 9.99008E-05 9.99008E-05 9.99008E-05 9.99008E-05 9.99008E-05 0.717965 0.00868559 9.99008E-05 0.27225 9.99008E-05 9.99008E-05
9.99189E-05 9.99189E-05 9.99189E-05 0.0194802 0.00339602 9.99189E-05 9.99189E-05 0.315755 0.624584 9.99189E-05 9.99189E-05 9.99189E-05 0.0358852 9.99189E-05
9.99369E-05 0.028537 0.021087 9.99369E-05 0.0166857 0.245578 9.99369E-05 0.0024841 0.47801 9.99369E-05 9.99369E-05 9.99369E-05 9.99369E-05 0.206919
9.99099E-05 9.99099E-05 9.99099E-05 9.99099E-05 9.99099E-05 9.99099E-05 0.0845354 9.99099E-05 0.271912 0.0523988 9.99099E-05 0.590154 9.99099E-05 9.99099E-05
9.99189E-05 0.0290329 0.0042901 9.99189E-05 9.99189E-05 9.99189E-05 0.0639646 9.99189E-05 0.470962 9.99189E-05 9.99189E-05 9.99189E-05 9.99189E-05 0.430851
0.102961 9.99099E-05 9.99099E-05 9.99099E-05 9.99099E-05 9.99099E-05 9.99099E-05 9.99099E-05 0.722994 0.0283757 9.99099E-05 0.14467 9.99099E-05 9.99099E-05
0.163368 9.99278E-05 0.0455837 9.99278E-05 9.99278E-05 9.99278E-05 9.99278E-05 0.162563 0.487019 9.99278E-05 9.99278E-05 9.99278E-05 0.0337203 0.106947
9.99189E-05 9.99189E-05 9.99189E-05 9.99189E-05 0.00136307 0.0759965 9.99189E-05 0.414889 0.490856 9.99189E-05 9.99189E-05 0.0159965 9.99189E-05 9.99189E-05
0.358855 0.00901924 9.99369E-05 0.165624 0.030003 9.99369E-05 9.99369E-05 0.0814347 0.292572 9.99369E-05 9.99369E-05 0.0617931 9.99369E-05 9.99369E-05
9.99278E-05 0.291936 0.11304 9.99278E-05 9.99278E-05 9.99278E-05 9.99278E-05 9.99278E-05 0.486626 9.99278E-05 0.0569026 9.99278E-05 0.00736608 0.0433298
9.99188E-05 0.0214309 9.99188E-05 0.0268753 9.99188E-05 9.99188E-05 9.99188E-05 9.99188E-05 0.353957 9.99188E-05 0.560196 9.99188E-05 0.0366414 9.99188E-05
9.99189E-05 9.99189E-05 9.99189E-05 9.99189E-05 0.0551774 9.99189E-05 0.0108283 0.310594 0.506628 0.115873 9.99189E-05 9.99189E-05 9.99189E-05 9.99189E-05
0.147008 9.99189E-05 9.99189E-05 0.0933739 9.99189E-05 9.99189E-05 9.99189E-05 9.99189E-05 0.708313 0.0162048 9.99189E-05 0.0342016 9.99189E-05 9.99189E-05
9.99189E-05 9.99189E-05 9.99189E-05 9.99189E-05 0.0185427 0.167862 9.99189E-05 0.20579 0.57106 9.99189E-05 9.99189E-05 9.99189E-05 9.99189E-05 0.0358465
9.99009E-05 9.99009E-05 9.99009E-05 9.99009E-05 9.99009E-05 0.0620228 9.99009E-05 9.99009E-05 0.629683 9.99009E-05 0.307195 9.99009E-05 9.99009E-05 9.99009E-05
0.330873 0.0613709 0.00227051 9.99368E-05 9.99368E-05 0.390392 0.0359234 0.0852872 9.99368E-05 9.99368E-05 9.99368E-05 9.99368E-05 9.99368E-05 0.0931837
0.0446955 9.99188E-05 9.99188E-05 0.241417 9.99188E-05 9.99188E-05 0.691214 0.013464 9.99188E-05 9.99188E-05 9.99188E-05 9.99188E-05 0.00831076 9.99188E-05
0.262886 0.0236583 0.0301844 9.99459E-05 9.99459E-05 0.076881 0.00653713 9.99459E-05 9.99459E-05 9.99459E-05 0.53858 0.028182 0.0324913 9.99459E-05
0.524622 9.99098E-05 9.99098E-05 9.99098E-05 0.0263416 9.99098E-05 9.99098E-05 0.288342 9.99098E-05 9.99098E-05 9.99098E-05 0.159696 9.99098E-05 9.99098E-05
9.98917E-05 9.98917E-05 9.98917E-05 9.98917E-05 9.98917E-05 9.98917E-05 0.502588 9.98917E-05 9.98917E-05 9.98917E-05 9.98917E-05 0.496214 9.98917E-05 9.98917E-05
0.109845 0.264484 9.99278E-05 9.99278E-05 9.99278E-05 9.99278E-05 0.00445094 0.0611415 9.99278E-05 9.99278E-05 0.182619 9.99278E-05 9.99278E-05 0.376661
9.99189E-05 9.99189E-05 9.99189E-05 9.99189E-05 0.0130046 0.0286245 0.697901 0.0428212 9.99189E-05 9.99189E-05 9.99189E-05 9.99189E-05 9.99189E-05 0.21675
0.563114 9.99279E-05 0.136732 9.99279E-05 9.99279E-05 9.99279E-05 9.99279E-05 0.214034 0.00923893 9.99279E-05 0.047853 9.99279E-05 0.0282288 9.99279E-05
9.99008E-05 9.99008E-05 9.99008E-05 9.99008E-05 0.00725054 9.99008E-05 0.717785 9.99008E-05 9.99008E-05 9.99008E-05 0.273866 9.99008E-05 9.99008E-05 9.99008E-05
0.122469 9.99189E-05 9.99189E-05 0.462866 9.99189E-05 9.99189E-05 0.254434 9.99189E-05 9.99189E-05 9.99189E-05 0.0135612 0.145771 9.99189E-05 9.99189E-05
0.105784 0.153651 0.0536144 9.99458E-05 9.99458E-05 0.138365 0.191449 0.0182417 9.99458E-05 9.99458E-05 0.056841 9.99458E-05 9.99458E-05 0.281454
9.99099E-05 9.99099E-05 9.99099E-05 9.99099E-05 9.99099E-05 0.04699 0.552267 9.99099E-05 9.99099E-05 9.99099E-05 0.381523 9.99099E-05 0.0182213 9.99099E-05
9.99008E-05 9.99008E-05 9.99008E-05 0.164744 9.99008E-05 9.99008E-05 0.435818 9.99008E-05 9.99008E-05 9.99008E-05 9.99008E-05 0.398339 9.99008E-05 9.99008E-05
0.176832 0.429945 9.99188E-05 9.99188E-05 9.99188E-05 0.132542 9.99188E-05 9.99188E-05 9.99188E-05 9.99188E-05 0.0606468 9.99188E-05 9.99188E-05 0.199135
9.99098E-05 0.20327 0.0353633 9.99098E-05 9.99098E-05 9.99098E-05 0.538628 9.99098E-05 9.99098E-05 9.99098E-05 0.22174 9.99098E-05 9.99098E-05 9.99098E-05
0.186357 0.225723 9.99278E-05 0.0631104 9.99278E-05 9.99278E-05 9.99278E-05 0.00761686 9.99278E-05 9.99278E-05 0.348089 9.99278E-05 9.99278E-05 0.168304
9.99008E-05 9.99008E-05 9.99008E-05 0.0784699 9.99008E-05 9.99008E-05 0.45721 9.99008E-05 9.99008E-05 9.99008E-05 9.99008E-05 0.463221 9.99008E-05 9.99008E-05
0.138934 0.0868263 0.052967 9.99278E-05 9.99278E-05 9.99278E-05 0.341433 9.99278E-05 9.99278E-05 9.99278E-05 0.363723 9.99278E-05 9.99278E-05 0.0153169
0.260454 0.196938 0.0106898 9.99278E-05 9.99278E-05 0.231111 9.99278E-05 0.03163 9.99278E-05 9.99278E-05 9.99278E-05 9.99278E-05 9.99278E-05 0.268377
0.579128 9.99278E-05 9.99278E-05 0.00358983 9.99278E-05 9.99278E-05 0.104618 0.203178 9.99278E-05 9.99278E-05 9.99278E-05 9.99278E-05 0.100262 0.00842453
0.0724887 9.9919E-05 9.9919E-05 0.179817 9.9919E-05 0.383895 9.9919E-05 0.12572 9.9919E-05 9.9919E-05 0.237179 9.9919E-05 9.9919E-05 9.9919E-05
0.219626 9.99459E-05 9.99459E-05 9.99459E-05 0.0448414 0.0914911 0.0721687 0.125309 9.99459E-05 9.99459E-05 0.400799 9.99459E-05 0.00704505 0.0381201
0.0618418 9.99097E-05 9.99097E-05 0.0933736 9.99097E-05 9.99097E-05 0.462689 9.99097E-05 9.99097E-05 9.99097E-05 9.99097E-05 0.381096 9.99097E-05 9.99097E-05
0.398322 0.19796 0.000250742 9.99369E-05 0.0907151 9.99369E-05 0.13648 9.99369E-05 9.99369E-05 0.0375861 9.99369E-05 9.99369E-05 9.99369E-05 0.137988
0.109516 9.99097E-05 9.99097E-05 9.99097E-05 9.99097E-05 9.99097E-05 0.566244 0.218977 9.99097E-05 9.99097E-05 9.99097E-05 9.99097E-05 0.104264 9.99097E-05
0.095967 9.99549E-05 9.99549E-05 0.0105441 0.00465912 9.99549E-05 0.0556216 0.355261 0.141238 0.06758 9.99549E-05 0.224056 0.0445732 9.99549E-05
0.221477 0.040451 0.104006 9.99459E-05 0.0184974 9.99459E-05 0.189506 9.99459E-05 0.0770056 9.99459E-05 0.216797 9.99459E-05 9.99459E-05 0.13166
9.99189E-05 9.99189E-05 9.99189E-05 9.99189E-05 9.99189E-05 0.266199 0.125884 0.431277 0.118508 0.0572336 9.99189E-05 9.99189E-05 9.99189E-05 9.99189E-05
9.9937E-05 9.9937E-05 0.00471899 0.244491 0.0460666 0.0321229 9.9937E-05 9.9937E-05 9.9937E-05 0.00397932 0.023126 0.644795 9.9937E-05 9.9937E-05
9.99188E-05 9.99188E-05 9.99188E-05 0.210247 9.99188E-05 9.99188E-05 0.177874 0.438278 0.100343 9.99188E-05 9.99188E-05 9.99188E-05 0.0723581 9.99188E-05
0.452432 9.99459E-05 9.99459E-05 9.99459E-05 0.0608676 9.99459E-05 0.0616234 0.000515611 0.0770724 0.0344894 9.99459E-05 0.286859 9.99459E-05 0.02554
9.99369E-05 9.99369E-05 9.99369E-05 9.99369E-05 0.0236404 0.0375533 0.105239 0.221504 9.99369E-05 9.99369E-05 0.0115477 0.108515 9.99369E-05 0.491301
0.344471 9.99098E-05 9.99098E-05 0.0717547 9.99098E-05 9.99098E-05 9.99098E-05 0.0131444 9.99098E-05 9.99098E-05 9.99098E-05 0.569631 9.99098E-05 9.99098E-05
0.18917 0.235081 9.99188E-05 9.99188E-05 9.99188E-05 9.99188E-05 9.99188E-05 0.0036763 9.99188E-05 9.99188E-05 0.358319 9.99188E-05 9.99188E-05 0.212855
0.324566 9.99188E-05 9.99188E-05 9.99188E-05 0.00992791 9.99188E-05 0.0220827 0.153204 9.99188E-05 9.99188E-05 9.99188E-05 0.489321 9.99188E-05 9.99188E-05
0.0103205 9.99189E-05 9.99189E-05 9.99189E-05 9.99189E-05 0.155837 0.306049 9.99189E-05 9.99189E-05 9.99189E-05 0.336702 0.190192 9.99189E-05 9.99189E-05
9.99369E-05 0.102585 0.024722 9.99369E-05 9.99369E-05 9.99369E-05 0.142758 0.0966315 0.111764 9.99369E-05 0.480088 9.99369E-05 9.99369E-05 0.0407523
0.0244196 0.0423281 0.0370223 9.9955E-05 9.9955E-05 0.0770602 0.0878217 0.586065 0.04641 0.0904558 9.9955E-05 9.9955E-05 9.9955E-05 0.00791746
0.363792 0.0542134 0.0852029 0.017981 9.99369E-05 9.99369E-05 9.99369E-05 0.378901 0.0828476 9.99369E-05 0.0163624 9.99369E-05 9.99369E-05 9.99369E-05
9.99369E-05 0.0588167 0.0300282 0.0252169 0.00372471 9.99369E-05 0.0128833 0.836438 0.0321926 9.99369E-05 9.99369E-05 9.99369E-05 9.99369E-05 9.99369E-05
0.0561004 9.99279E-05 9.99279E-05 9.99279E-05 9.99279E-05 9.99279E-05 9.99279E-05 0.210763 0.114951 9.99279E-05 0.463711 0.0852046 9.99279E-05 0.0684696
9.99189E-05 0.03191 9.99189E-05 0.158536 9.99189E-05 9.99189E-05 9.99189E-05 0.158214 0.0329887 9.99189E-05 9.99189E-05 0.617452 9.99189E-05 9.99189E-05
9.99189E-05 9.99189E-05 9.99189E-05 0.0357369 9.99189E-05 9.99189E-05 0.261717 0.0120996 0.012079 9.99189E-05 9.99189E-05 0.677468 9.99189E-05 9.99189E-05
0.385338 9.99189E-05 9.99189E-05 0.284967 9.99189E-05 9.99189E-05 0.217233 0.0584043 9.99189E-05 0.0531586 9.99189E-05 9.99189E-05 9.99189E-05 9.99189E-05
0.125151 9.99279E-05 9.99279E-05 9.99279E-05 0.00423256 9.99279E-05 0.15931 0.0232847 9.99279E-05 0.112712 9.99279E-05 0.57451 9.99279E-05 9.99279E-05
9.9919E-05 0.119423 9.9919E-05 0.0415733 9.9919E-05 9.9919E-05 9.9919E-05 9.9919E-05 0.000314875 9.9919E-05 9.9919E-05 0.818543 9.9919E-05 0.0192461
0.219392 9.99189E-05 9.99189E-05 0.289237 9.99189E-05 9.99189E-05 0.323085 9.99189E-05 0.032326 0.135061 9.99189E-05 9.99189E-05 9.99189E-05 9.99189E-05
0.480682 9.99368E-05 9.99368E-05 0.117959 9.99368E-05 9.99368E-05 0.0386229 0.11456 9.99368E-05 9.99368E-05 9.99368E-05 0.175869 0.0145598 0.0570478
9.99099E-05 0.581851 9.99099E-05 0.0362315 9.99099E-05 0.316441 9.99099E-05 9.99099E-05 9.99099E-05 9.99099E-05 9.99099E-05 9.99099E-05 0.0644777 9.99099E-05
0.00770323 0.838462 9.99279E-05 0.0609256 0.0376866 9.99279E-05 9.99279E-05 9.99279E-05 0.020182 9.99279E-05 0.0342415 9.99279E-05 9.99279E-05 9.99279E-05
0.403443 0.151264 9.99188E-05 0.225916 9.99188E-05 9.99188E-05 9.99188E-05 0.101944 9.99188E-05 9.99188E-05 9.99188E-05 9.99188E-05 0.116534 9.99188E-05
0.036608 0.686324 9.99098E-05 0.050953 9.99098E-05 9.99098E-05 9.99098E-05 9.99098E-05 9.99098E-05 9.99098E-05 9.99098E-05 9.99098E-05 9.99098E-05 0.225116
9.99099E-05 0.85305 9.99099E-05 0.0453118 9.99099E-05 0.0663154 9.99099E-05 9.99099E-05 0.0343233 9.99099E-05 9.99099E-05 9.99099E-05 9.99099E-05 9.99099E-05
9.99098E-05 0.383717 9.99098E-05 0.11351 0.0736927 9.99098E-05 9.99098E-05 9.99098E-05 9.99098E-05 9.99098E-05 0.428082 9.99098E-05 9.99098E-05 9.99098E-05
9.99189E-05 0.712536 9.99189E-05 0.0642409 9.99189E-05 9.99189E-05 9.99189E-05 9.99189E-05 0.0464252 9.99189E-05 0.166904 9.99189E-05 0.00899451 9.99189E-05
0.259699 0.175553 9.99279E-05 0.51068 0.0145546 9.99279E-05 9.99279E-05 9.99279E-05 9.99279E-05 9.99279E-05 9.99279E-05 0.00232535 0.036389 9.99279E-05
0.044693 9.991E-05 9.991E-05 0.45679 9.991E-05 9.991E-05 0.171427 9.991E-05 9.991E-05 9.991E-05 9.991E-05 0.326091 9.991E-05 9.991E-05
0.42908 0.228694 0.0613636 9.99278E-05 9.99278E-05 0.11321 9.99278E-05 9.99278E-05 0.0511369 9.99278E-05 9.99278E-05 9.99278E-05 0.115717 9.99278E-05
0.00866399 0.109736 9.99189E-05 0.751383 9.99189E-05 9.99189E-05 9.99189E-05 9.99189E-05 0.120535 9.99189E-05 9.99189E-05 9.99189E-05 0.00878317 9.99189E-05
0.332429 0.0751432 9.9928E-05 0.293725 0.0184385 9.9928E-05 9.9928E-05 9.9928E-05 0.0212402 9.9928E-05 9.9928E-05 9.9928E-05 0.258225 9.9928E-05
0.502991 0.263361 9.99369E-05 0.012464 9.99369E-05 9.99369E-05 9.99369E-05 9.99369E-05 0.0557423 9.99369E-05 9.99369E-05 0.0271611 0.116306 0.0212737
0.444125 9.99279E-05 9.99279E-05 0.325662 9.99279E-05 9.99279E-05 0.0998292 9.99279E-05 0.0139211 0.00294969 9.99279E-05 0.112713 9.99279E-05 9.99279E-05
0.470962 0.049655 9.99369E-05 0.233678 9.99369E-05 0.129632 9.99369E-05 9.99369E-05 0.069737 0.0284556 9.99369E-05 0.0171806 9.99369E-05 9.99369E-05
0.207698 0.373697 9.99189E-05 9.99189E-05 0.11742 9.99189E-05 0.238703 9.99189E-05 9.99189E-05 0.061583 9.99189E-05 9.99189E-05 9.99189E-05 9.99189E-05
0.478078 0.00746367 0.063994 0.262402 0.0316008 0.0162369 9.99459E-05 9.99459E-05 9.99459E-05 9.99459E-05 9.99459E-05 9.99459E-05 0.0281219 0.111503
0.388288 0.14338 9.99278E-05 0.19122 9.99278E-05 0.0760415 9.99278E-05 9.99278E-05 0.172476 9.99278E-05 9.99278E-05 9.99278E-05 0.0277952 9.99278E-05
0.205825 0.276246 9.99098E-05 9.99098E-05 9.99098E-05 0.0932064 9.99098E-05 9.99098E-05 9.99098E-05 9.99098E-05 9.99098E-05 9.99098E-05 9.99098E-05 0.423723
0.427243 0.32483 9.9919E-05 9.9919E-05 9.9919E-05 0.119038 9.9919E-05 0.065377 9.9919E-05 9.9919E-05 9.9919E-05 9.9919E-05 0.062612 9.9919E-05
0.174107 9.99279E-05 9.99279E-05 0.701183 9.99279E-05 0.0921511 9.99279E-05 9.99279E-05 9.99279E-05 0.0149235 9.99279E-05 0.00601355 9.99279E-05 0.0108218
0.742033 9.99279E-05 9.99279E-05 0.150896 9.99279E-05 9.99279E-05 9.99279E-05 9.99279E-05 0.0649115 0.0129277 0.0124853 9.99279E-05 0.0159471 9.99279E-05
0.167092 9.99099E-05 9.99099E-05 0.479923 9.99099E-05 9.99099E-05 0.117207 9.99099E-05 9.99099E-05 9.99099E-05 9.99099E-05 0.234779 9.99099E-05 9.99099E-05
0.279176 0.566977 9.99098E-05 9.99098E-05 9.99098E-05 0.109237 9.99098E-05 9.99098E-05 9.99098E-05 9.99098E-05 9.99098E-05 9.99098E-05 9.99098E-05 0.0436112
0.519346 0.185373 0.0299199 9.9946E-05 9.9946E-05 0.0147668 0.00733226 0.0924638 9.9946E-05 9.9946E-05 9.9946E-05 9.9946E-05 0.116981 0.0332179
0.262039 9.99279E-05 9.99279E-05 0.490596 9.99279E-05 9.99279E-05 0.113628 9.99279E-05 0.0255494 0.0214933 9.99279E-05 0.0858952 9.99279E-05 9.99279E-05
9.99369E-05 0.427494 0.0487078 9.99369E-05 9.99369E-05 0.140487 0.288419 9.99369E-05 0.0521104 9.99369E-05 0.00180897 9.99369E-05 9.99369E-05 0.0402729
9.99189E-05 0.0899122 0.017255 9.99189E-05 0.00290697 9.99189E-05 0.42414 9.99189E-05 9.99189E-05 9.99189E-05 9.99189E-05 9.99189E-05 9.99189E-05 0.464887
0.164122 9.99549E-05 9.99549E-05 0.191897 0.0256802 9.99549E-05 0.0017693 0.134745 0.0202189 0.0832274 9.99549E-05 0.276721 0.101119 9.99549E-05
9.99279E-05 9.99279E-05 9.99279E-05 9.99279E-05 0.00808843 9.99279E-05 0.496219 0.310243 0.0577231 0.0241619 9.99279E-05 0.102765 9.99279E-05 9.99279E-05
9.9928E-05 0.346989 9.9928E-05 0.0524862 0.0471385 9.9928E-05 0.184148 9.9928E-05 9.9928E-05 9.9928E-05 9.9928E-05 9.9928E-05 0.0488324 0.319607
9.99189E-05 0.542315 0.00980163 9.99189E-05 9.99189E-05 9.99189E-05 0.350107 9.99189E-05 9.99189E-05 9.99189E-05 0.0798744 9.99189E-05 0.0170019 9.99189E-05
9.9928E-05 0.466426 0.0793666 9.9928E-05 9.9928E-05 9.9928E-05 0.253665 9.9928E-05 9.9928E-05 9.9928E-05 0.0701108 9.9928E-05 0.0674915 0.0621402
9.991E-05 9.991E-05 9.991E-05 0.0648467 0.0113805 9.991E-05 0.238781 9.991E-05 9.991E-05 9.991E-05 9.991E-05 0.683993 9.991E-05 9.991E-05
0.265195 9.99279E-05 9.99279E-05 0.177686 9.99279E-05 9.99279E-05 0.35031 0.105209 9.99279E-05 0.0132767 9.99279E-05 9.99279E-05 0.0875235 9.99279E-05
9.99369E-05 0.105703 0.0699339 9.99369E-05 9.99369E-05 9.99369E-05 0.0976663 0.340325 0.272066 9.99369E-05 9.99369E-05 9.99369E-05 0.00891546 0.10469
9.99099E-05 0.485496 9.99099E-05 9.99099E-05 9.99099E-05 9.99099E-05 0.304555 9.99099E-05 0.0368362 9.99099E-05 9.99099E-05 9.99099E-05 9.99099E-05 0.172114
0.102147 9.99369E-05 9.99369E-05 9.99369E-05 9.99369E-05 0.00937437 0.158493 0.144247 0.0292185 0.0551275 9.99369E-05 0.500694 9.99369E-05 9.99369E-05
0.417253 0.0911971 9.99369E-05 0.0856648 0.0382734 9.99369E-05 0.142316 0.199661 9.99369E-05 9.99369E-05 9.99369E-05 9.99369E-05 0.0249348 9.99369E-05
0.218243 0.144265 9.99278E-05 0.229551 9.99278E-05 9.99278E-05 0.218129 0.141915 9.99278E-05 9.99278E-05 9.99278E-05 9.99278E-05 0.0470977 9.99278E-05
9.99188E-05 9.99188E-05 9.99188E-05 9.99188E-05 9.99188E-05 0.108583 0.226298 0.551149 0.11016 9.99188E-05 9.99188E-05 9.99188E-05 9.99188E-05 0.00291059
0.505914 9.99189E-05 9.99189E-05 0.171456 9.99189E-05 9.99189E-05 9.99189E-05 0.0865982 0.193764 0.0413686 9.99189E-05 9.99189E-05 9.99189E-05 9.99189E-05
0.429451 0.216509 0.0821101 9.99278E-05 9.99278E-05 0.0500077 9.99278E-05 9.99278E-05 0.0514752 9.99278E-05 9.99278E-05 9.99278E-05 9.99278E-05 0.169648
0.230777 0.135127 0.0138165 9.99369E-05 9.99369E-05 9.99369E-05 0.0979225 0.373136 9.99369E-05 9.99369E-05 9.99369E-05 9.99369E-05 0.0482037 0.100318
9.9928E-05 0.378857 0.0165909 9.9928E-05 0.0323979 9.9928E-05 0.281581 9.9928E-05 9.9928E-05 9.9928E-05 0.133867 9.9928E-05 9.9928E-05 0.155907
0.164563 9.99458E-05 0.000628525 0.244008 0.0325653 9.99458E-05 0.396468 0.000543214 0.0146167 0.146008 9.99458E-05 9.99458E-05 9.99458E-05 9.99458E-05
0.0551506 0.505888 0.0455772 9.99459E-05 9.99459E-05 0.0432375 0.256776 0.0114908 9.99459E-05 0.0104959 9.99459E-05 9.99459E-05 9.99459E-05 0.0707843
0.159929 0.252937 9.99279E-05 9.99279E-05 9.99279E-05 0.012316 0.184945 9.99279E-05 9.99279E-05 9.99279E-05 0.383824 9.99279E-05 0.00525017 9.99279E-05
9.99008E-05 9.99008E-05 9.99008E-05 0.706822 9.99008E-05 9.99008E-05 0.188045 0.104034 9.99008E-05 9.99008E-05 9.99008E-05 9.99008E-05 9.99008E-05 9.99008E-05
0.486725 0.0668837 9.99369E-05 0.143531 9.99369E-05 9.99369E-05 0.0240799 9.99369E-05 9.99369E-05 9.99369E-05 9.99369E-05 0.00998925 0.0743805 0.193711
0.485038 9.99189E-05 9.99189E-05 0.254245 9.99189E-05 9.99189E-05 0.168612 9.99189E-05 9.99189E-05 0.0610134 9.99189E-05 9.99189E-05 0.0301932 9.99189E-05
9.99189E-05 0.557963 9.99189E-05 0.0481155 9.99189E-05 0.31448 0.029965 9.99189E-05 9.99189E-05 9.99189E-05 9.99189E-05 9.99189E-05 0.0485768 9.99189E-05
0.0923296 0.109788 9.9946E-05 9.9946E-05 0.0171389 0.286765 0.0285549 9.9946E-05 9.9946E-05 0.158929 0.22315 9.9946E-05 0.0827463 9.9946E-05
0.326694 0.387967 0.110638 9.99189E-05 9.99189E-05 0.142874 0.0309265 9.99189E-05 9.99189E-05 9.99189E-05 9.99189E-05 9.99189E-05 9.99189E-05 9.99189E-05
0.0628729 9.99099E-05 9.99099E-05 0.675085 9.99099E-05 9.99099E-05 0.198556 0.0624869 9.99099E-05 9.99099E-05 9.99099E-05 9.99099E-05 9.99099E-05 9.99099E-05
0.412459 0.313285 0.0454969 9.99279E-05 9.99279E-05 0.190226 0.00778317 9.99279E-05 9.99279E-05 9.99279E-05 9.99279E-05 9.99279E-05 0.0299505 9.99279E-05
0.223056 0.305983 9.99278E-05 9.99278E-05 9.99278E-05 0.347355 0.0802274 9.99278E-05 0.0265696 9.99278E-05 9.99278E-05 9.99278E-05 0.0160101 9.99278E-05
0.10097 0.339671 9.99369E-05 0.00120832 9.99369E-05 0.346057 0.0624568 9.99369E-05 0.0176059 9.99369E-05 9.99369E-05 9.99369E-05 9.99369E-05 0.131331
0.219269 9.99099E-05 9.99099E-05 0.619632 9.99099E-05 0.0506821 9.99099E-05 9.99099E-05 0.109419 9.99099E-05 9.99099E-05 9.99099E-05 9.99099E-05 9.99099E-05
0.499193 0.194206 9.99459E-05 0.0800799 0.0269906 9.99459E-05 0.103635 9.99459E-05 0.0565677 0.0251871 9.99459E-05 9.99459E-05 0.0135415 9.99459E-05
0.0174709 0.338095 9.99549E-05 0.108261 0.00433462 0.126216 0.00674218 9.99549E-05 9.99549E-05 9.99549E-05 0.0197926 9.99549E-05 0.0531998 0.325388
0.315794 9.9928E-05 9.9928E-05 0.190823 9.9928E-05 0.192158 0.197001 9.9928E-05 9.9928E-05 0.0681494 9.9928E-05 0.0352748 9.9928E-05 9.9928E-05
0.151849 0.311484 9.99007E-05 9.99007E-05 9.99007E-05 0.535568 9.99007E-05 9.99007E-05 9.99007E-05 9.99007E-05 9.99007E-05 9.99007E-05 9.99007E-05 9.99007E-05
0.31483 9.9919E-05 9.9919E-05 9.9919E-05 9.9919E-05 0.0565523 9.9919E-05 9.9919E-05 9.9919E-05 0.0245515 0.436358 0.166809 9.9919E-05 9.9919E-05
0.346463 0.037371 9.99369E-05 0.0786869 9.99369E-05 0.233733 0.160852 9.99369E-05 0.0546855 9.99369E-05 9.99369E-05 9.99369E-05 0.0875085 9.99369E-05
9.9901E-05 9.9901E-05 9.9901E-05 0.874259 9.9901E-05 9.9901E-05 0.109406 9.9901E-05 9.9901E-05 9.9901E-05 9.9901E-05 0.0152365 9.9901E-05 9.9901E-05
0.403829 0.212377 9.99189E-05 9.99189E-05 9.99189E-05 9.99189E-05 0.0723449 0.139743 9.99189E-05 9.99189E-05 9.99189E-05 9.99189E-05 0.170807 9.99189E-05
0.13684 9.99639E-05 9.99639E-05 0.121714 0.000961609 0.0268115 0.056992 0.479951 0.05175 0.0264592 9.99639E-05 0.059504 9.99639E-05 0.0386174
0.151819 0.0142043 9.99369E-05 9.99369E-05 0.00989253 9.99369E-05 9.99369E-05 0.0635621 0.0626766 0.0273338 9.99369E-05 0.669812 9.99369E-05 9.99369E-05
0.597264 9.99279E-05 0.0430226 0.0245513 9.99279E-05 9.99279E-05 0.0102546 0.32209 9.99279E-05 0.00201888 9.99279E-05 9.99279E-05 9.99279E-05 9.99279E-05
0.226925 9.99188E-05 9.99188E-05 0.0927451 9.99188E-05 9.99188E-05 0.0843082 9.99188E-05 0.577902 9.99188E-05 9.99188E-05 9.99188E-05 0.0172199 9.99188E-05
0.267358 0.101314 9.99369E-05 0.171641 9.99369E-05 9.99369E-05 0.114595 0.255447 9.99369E-05 9.99369E-05 9.99369E-05 9.99369E-05 0.0188712 0.0700741
0.0413041 0.37327 9.99279E-05 9.99279E-05 9.99279E-05 9.99279E-05 0.0169878 0.263476 9.99279E-05 9.99279E-05 0.233652 9.99279E-05 9.99279E-05 0.0705106
9.99189E-05 9.99189E-05 9.99189E-05 9.99189E-05 0.0210887 9.99189E-05 0.262313 0.096777 9.99189E-05 0.00953027 9.99189E-05 0.609392 9.99189E-05 9.99189E-05
9.99279E-05 0.00987517 9.99279E-05 9.99279E-05 0.0144218 0.21747 0.300797 0.0275989 9.99279E-05 9.99279E-05 0.429037 9.99279E-05 9.99279E-05 9.99279E-05
0.0700702 0.328483 0.000436595 9.99368E-05 9.99368E-05 9.99368E-05 9.99368E-05 9.99368E-05 0.420077 9.99368E-05 0.0325137 9.99368E-05 0.12928 0.01844
0.0892063 9.99369E-05 9.99369E-05 9.99369E-05 9.99369E-05 0.0643415 9.99369E-05 0.0681348 0.0307433 9.99369E-05 0.0390854 0.0715109 9.99369E-05 0.636278
0.214677 9.99189E-05 9.99189E-05 9.99189E-05 9.99189E-05 0.0217233 9.99189E-05 9.99189E-05 0.141623 0.0131568 9.99189E-05 0.60792 9.99189E-05 9.99189E-05
0.125487 9.99279E-05 9.99279E-05 0.245713 9.99279E-05 9.99279E-05 0.0174948 9.99279E-05 0.0991661 0.0105059 9.99279E-05 0.500834 9.99279E-05 9.99279E-05
0.074606 0.178407 0.0148859 0.0243355 0.00984398 9.9955E-05 0.193495 0.00375988 9.9955E-05 9.9955E-05 0.31712 9.9955E-05 9.9955E-05 0.183047
0.605619 9.99459E-05 9.99459E-05 0.0274249 0.0193968 9.99459E-05 9.99459E-05 0.162769 9.99459E-05 0.0466176 0.00125647 9.99459E-05 0.0322367 0.10408
0.320898 0.0344746 9.99189E-05 9.99189E-05 9.99189E-05 9.99189E-05 9.99189E-05 0.444446 0.13163 0.0676519 9.99189E-05 9.99189E-05 9.99189E-05 9.99189E-05
9.99099E-05 9.99099E-05 9.99099E-05 0.369862 9.99099E-05 9.99099E-05 9.99099E-05 0.0115439 0.147423 9.99099E-05 9.99099E-05 0.470172 9.99099E-05 9.99099E-05
9.99189E-05 9.99189E-05 9.99189E-05 9.99189E-05 9.99189E-05 0.118032 9.99189E-05 0.652698 0.0427765 9.99189E-05 9.99189E-05 0.0993678 9.99189E-05 0.0862263
9.99549E-05 0.0978046 0.013009 9.99549E-05 0.0418873 9.99549E-05 0.10349 0.353984 0.00101611 9.99549E-05 0.309897 0.0390746 9.99549E-05 0.0393382
9.99188E-05 0.562973 0.0119103 0.0431841 9.99188E-05 9.99188E-05 9.99188E-05 0.097501 9.99188E-05 9.99188E-05 9.99188E-05 9.99188E-05 9.99188E-05 0.283532
0.221562 0.0260624 9.99188E-05 9.99188E-05 9.99188E-05 0.142359 9.99188E-05 0.0937904 9.99188E-05 9.99188E-05 9.99188E-05 9.99188E-05 9.99188E-05 0.515327
0.0742827 9.99369E-05 9.99369E-05 9.99369E-05 9.99369E-05 0.0850821 9.99369E-05 0.236071 0.149555 9.99369E-05 0.358185 0.061542 9.99369E-05 0.0345815
0.0117205 0.0603564 9.99278E-05 0.726939 9.99278E-05 0.0549086 9.99278E-05 9.99278E-05 0.0886725 9.99278E-05 9.99278E-05 9.99278E-05 0.0566038 9.99278E-05
0.0804926 0.592951 0.00103963 0.0431278 9.99369E-05 0.177863 9.99369E-05 9.99369E-05 0.0787703 9.99369E-05 9.99369E-05 9.99369E-05 0.0250563 9.99369E-05
0.477167 9.9919E-05 9.9919E-05 0.296655 9.9919E-05 0.0316435 0.027307 9.9919E-05 0.166328 9.9919E-05 9.9919E-05 9.9919E-05 9.9919E-05 9.9919E-05
0.543879 0.00619749 0.0233983 0.0141725 9.99369E-05 9.99369E-05 0.0491406 9.99369E-05 0.267812 9.99369E-05 9.99369E-05 9.99369E-05 0.0946999 9.99369E-05
0.235022 0.414641 9.99188E-05 9.99188E-05 9.99188E-05 0.221507 0.0190847 9.99188E-05 9.99188E-05 9.99188E-05 9.99188E-05 9.99188E-05 0.108846 9.99188E-05
9.99189E-05 9.99189E-05 9.99189E-05 0.873829 9.99189E-05 0.0795998 0.0243953 9.99189E-05 0.0166446 0.00463163 9.99189E-05 9.99189E-05 9.99189E-05 9.99189E-05
0.0853547 9.99201E-05 9.99201E-05 9.99201E-05 9.99201E-05 9.99201E-05 9.99201E-05 0.237633 0.160545 0.0825422 9.99201E-05 0.343119 9.99201E-05 0.0900072
0.386377 9.99369E-05 9.99369E-05 0.302154 9.99369E-05 9.99369E-05 0.0538378 0.177536 0.01938 9.99369E-05 9.99369E-05 0.043039 9.99369E-05 0.0169767
