0.270072 0.0895812 9.9973E-05 0.0313941 0.126929 9.9973E-05 9.9973E-05 0.346191 0.135532
0.318608 9.99549E-05 9.99549E-05 9.99549E-05 0.329509 9.99549E-05 9.99549E-05 0.275286 0.0760973
0.825188 0.033061 0.0283215 0.047727 9.9973E-05 0.0297964 0.0356059 9.9973E-05 9.9973E-05
0.0117016 0.025869 9.9991E-05 0.115333 0.362418 0.247798 0.0024692 0.178078 0.0562336
9.9973E-05 9.9973E-05 0.0189356 0.0640859 0.241936 0.183937 9.9973E-05 0.294052 0.196753
0.356207 9.99729E-05 0.0553482 0.390398 0.0400364 9.99729E-05 9.99729E-05 0.0529354 0.104775
0.819574 0.00747838 9.99639E-05 9.99639E-05 0.0352853 0.0147393 0.122524 9.99639E-05 9.99639E-05
0.525352 9.9955E-05 0.0604716 0.249384 9.9955E-05 9.9955E-05 9.9955E-05 0.164292 9.9955E-05
0.195574 0.0118039 0.0183514 0.150433 0.289353 0.134841 9.9982E-05 0.199443 9.9982E-05
0.210697 0.0559697 9.99549E-05 0.367755 9.99549E-05 9.99549E-05 0.365079 9.99549E-05 9.99549E-05
0.0648298 0.015516 9.9982E-05 0.107473 0.612125 0.0235418 9.9982E-05 0.111213 0.0651016
9.99549E-05 9.99549E-05 9.99549E-05 0.239818 0.284209 0.121601 9.99549E-05 0.353872 9.99549E-05
0.208701 0.00523551 0.0704499 9.9982E-05 0.167624 0.268876 0.0405769 9.9982E-05 0.238336
0.717765 0.00794452 9.9946E-05 0.273691 9.9946E-05 9.9946E-05 9.9946E-05 9.9946E-05 9.9946E-05
9.99459E-05 9.99459E-05 9.99459E-05 0.0673324 0.617049 9.99459E-05 9.99459E-05 0.315019 9.99459E-05
0.471125 0.0304533 0.0473008 0.0571946 0.00194514 0.00654473 0.381604 9.9991E-05 0.00373187
0.798108 9.9964E-05 9.9964E-05 0.0358084 0.0766809 0.0401216 0.0488816 9.9964E-05 9.9964E-05
0.825844 9.99549E-05 9.99549E-05 0.00433257 0.132026 9.99549E-05 9.99549E-05 9.99549E-05 0.037298
0.277367 9.9973E-05 9.9973E-05 0.0708313 0.0977174 0.251309 9.9973E-05 0.272114 0.0303611
9.9946E-05 0.840135 9.9946E-05 9.9946E-05 0.135484 9.9946E-05 9.9946E-05 9.9946E-05 0.023782
9.99369E-05 0.82449 9.99369E-05 9.99369E-05 9.99369E-05 0.17481 9.99369E-05 9.99369E-05 9.99369E-05
9.99459E-05 0.884297 9.99459E-05 0.0374087 9.99459E-05 9.99459E-05 9.99459E-05 9.99459E-05 0.0776949
9.99459E-05 0.627691 9.99459E-05 9.99459E-05 9.99459E-05 0.371438 9.99459E-05 0.00027113 9.99459E-05
9.99549E-05 0.73403 9.99549E-05 9.99549E-05 0.119949 0.105801 9.99549E-05 0.0397201 9.99549E-05
0.289832 0.478513 0.186736 0.038267 9.99639E-05 9.99639E-05 0.00625153 9.99639E-05 9.99639E-05
9.99639E-05 0.435437 0.105091 0.0476188 0.172106 9.99639E-05 9.99639E-05 0.239347 9.99639E-05
9.99459E-05 0.233784 0.203711 9.99459E-05 9.99459E-05 9.99459E-05 0.561905 9.99459E-05 9.99459E-05
9.9982E-05 0.369993 0.0883905 9.9982E-05 0.0846909 0.0868449 0.00777769 0.239426 0.122677
0.000854465 0.868356 9.99639E-05 0.0217628 9.99639E-05 9.99639E-05 0.015872 9.99639E-05 0.0927551
9.99369E-05 0.841635 9.99369E-05 9.99369E-05 9.99369E-05 0.157665 9.99369E-05 9.99369E-05 9.99369E-05
0.0516661 0.601482 9.9955E-05 9.9955E-05 9.9955E-05 0.148778 0.197574 9.9955E-05 9.9955E-05
0.0614898 0.250223 0.434365 0.0600619 9.99729E-05 9.99729E-05 0.0449954 9.99729E-05 0.148564
0.0429991 0.619227 9.99459E-05 9.99459E-05 9.99459E-05 9.99459E-05 0.337174 9.99459E-05 9.99459E-05
0.281468 0.717718 0.000214737 9.99459E-05 9.99459E-05 9.99459E-05 9.99459E-05 9.99459E-05 9.99459E-05
9.99549E-05 0.837135 9.99549E-05 0.000926973 0.00195838 0.15948 9.99549E-05 9.99549E-05 9.99549E-05
9.99549E-05 0.758757 9.99549E-05 9.99549E-05 0.175319 0.0558881 9.99549E-05 0.00953577 9.99549E-05
9.9946E-05 0.727656 9.9946E-05 9.9946E-05 0.23821 9.9946E-05 0.0335349 9.9946E-05 9.9946E-05
9.99459E-05 0.653133 9.99459E-05 9.99459E-05 9.99459E-05 0.290028 9.99459E-05 0.0562398 9.99459E-05
9.99639E-05 9.99639E-05 0.827654 9.99639E-05 0.063297 0.0278313 9.99639E-05 0.02715 0.053668
9.9946E-05 9.9946E-05 0.653058 9.9946E-05 9.9946E-05 9.9946E-05 0.261728 9.9946E-05 0.0846135
9.99459E-05 0.0940313 0.428194 9.99459E-05 9.99459E-05 9.99459E-05 0.477175 9.99459E-05 9.99459E-05
9.9964E-05 0.0266083 0.511601 9.9964E-05 9.9964E-05 0.335953 0.0862553 9.9964E-05 0.039182
0.071119 0.297787 0.553751 0.0271146 9.99639E-05 9.99639E-05 9.99639E-05 9.99639E-05 0.0498282
0.16664 0.10977 0.557822 0.0159501 9.9964E-05 9.9964E-05 0.149418 9.9964E-05 9.9964E-05
9.9955E-05 0.112817 0.238069 9.9955E-05 9.9955E-05 0.0884244 9.9955E-05 0.56019 9.9955E-05
9.99459E-05 9.99459E-05 0.561037 9.99459E-05 0.199089 9.99459E-05 9.99459E-05 0.239275 9.99459E-05
0.16348 0.186039 0.389299 9.99549E-05 9.99549E-05 9.99549E-05 0.260682 9.99549E-05 9.99549E-05
9.99549E-05 9.99549E-05 0.810031 0.0477186 0.101057 9.99549E-05 9.99549E-05 9.99549E-05 0.040693
9.9946E-05 9.9946E-05 0.320319 9.9946E-05 9.9946E-05 9.9946E-05 0.672179 9.9946E-05 0.0069024
9.9955E-05 9.9955E-05 0.67799 9.9955E-05 0.0896881 0.0527641 9.9955E-05 0.179058 9.9955E-05
9.9946E-05 9.9946E-05 0.687081 9.9946E-05 9.9946E-05 9.9946E-05 0.253641 9.9946E-05 0.0586783
9.9964E-05 0.0741706 0.522434 9.9964E-05 0.0134382 0.299482 9.9964E-05 9.9964E-05 0.0900759
9.99639E-05 0.158166 0.401891 0.0144516 0.335759 9.99639E-05 9.99639E-05 0.0893321 9.99639E-05
9.9955E-05 0.0194014 0.511846 9.9955E-05 0.399506 9.9955E-05 9.9955E-05 0.0687469 9.9955E-05
9.9964E-05 0.0579382 0.341239 9.9964E-05 9.9964E-05 0.34717 0.0202378 0.233015 9.9964E-05
9.9946E-05 0.461954 9.9946E-05 9.9946E-05 9.9946E-05 0.362955 9.9946E-05 0.174491 9.9946E-05
0.0539579 9.99549E-05 0.7731 9.99549E-05 9.99549E-05 9.99549E-05 0.0927559 9.99549E-05 0.0796869
9.9973E-05 0.0845095 0.612078 9.9973E-05 0.0138681 0.134725 0.107661 9.9973E-05 0.046858
9.99459E-05 9.99459E-05 0.678095 9.99459E-05 9.99459E-05 9.99459E-05 0.260102 9.99459E-05 0.0612032
9.99549E-05 9.99549E-05 0.721039 9.99549E-05 0.0877549 0.0791505 9.99549E-05 0.111556 9.99549E-05
9.99549E-05 0.0674814 0.675602 9.99549E-05 0.168076 9.99549E-05 9.99549E-05 0.0883408 9.99549E-05
9.99459E-05 9.99459E-05 0.654351 9.99459E-05 0.193428 9.99459E-05 9.99459E-05 0.151621 9.99459E-05
0.161183 0.0826232 0.509686 9.9964E-05 9.9964E-05 9.9964E-05 0.104846 9.9964E-05 0.141262
9.99549E-05 0.0206386 0.491717 9.99549E-05 9.99549E-05 0.454876 9.99549E-05 0.0322686 9.99549E-05
0.381606 9.99459E-05 0.472152 9.99459E-05 9.99459E-05 9.99459E-05 0.145642 9.99459E-05 9.99459E-05
9.99639E-05 0.181475 0.342611 0.0558086 0.312291 9.99639E-05 9.99639E-05 0.107415 9.99639E-05
9.99549E-05 9.99549E-05 0.579144 9.99549E-05 0.000207891 0.135224 9.99549E-05 0.284925 9.99549E-05
9.9955E-05 9.9955E-05 0.549092 9.9955E-05 0.225126 0.0198025 9.9955E-05 0.205479 9.9955E-05
0.121146 0.208421 0.380451 0.0212415 9.99639E-05 9.99639E-05 9.99639E-05 0.26834 9.99639E-05
0.0507358 0.359691 0.318629 0.145023 9.99729E-05 9.99729E-05 9.99729E-05 0.0413296 0.0842907
9.99549E-05 0.269278 0.271127 9.99549E-05 9.99549E-05 9.99549E-05 0.40912 9.99549E-05 0.0499751
0.157844 9.99459E-05 0.529984 9.99459E-05 9.99459E-05 9.99459E-05 0.311573 9.99459E-05 9.99459E-05
9.99459E-05 0.628167 9.99459E-05 9.99459E-05 9.99459E-05 0.167452 9.99459E-05 0.203781 9.99459E-05
0.157419 9.99458E-05 0.649076 9.99458E-05 9.99458E-05 9.99458E-05 0.192906 9.99458E-05 9.99458E-05
9.99549E-05 0.0453659 0.604232 9.99549E-05 0.126494 9.99549E-05 9.99549E-05 0.223409 9.99549E-05
9.9973E-05 0.273118 0.23592 0.0230545 0.173958 0.0782864 9.9973E-05 0.215364 9.9973E-05
0.101544 0.747043 9.99458E-05 9.99458E-05 9.99458E-05 9.99458E-05 0.150814 9.99458E-05 9.99458E-05
0.0339213 0.216082 0.228522 9.9955E-05 9.9955E-05 9.9955E-05 0.520976 9.9955E-05 9.9955E-05
0.19439 0.750999 0.00997613 9.99549E-05 9.99549E-05 9.99549E-05 0.0441346 9.99549E-05 9.99549E-05
9.99639E-05 0.40689 0.292489 0.088882 9.99639E-05 9.99639E-05 9.99639E-05 0.0273061 0.184033
9.9955E-05 0.177339 0.258017 9.9955E-05 9.9955E-05 9.9955E-05 0.512201 9.9955E-05 0.0519436
9.99459E-05 0.193813 0.447709 9.99459E-05 9.99459E-05 0.357879 9.99459E-05 9.99459E-05 9.99459E-05
9.99549E-05 9.99549E-05 0.730176 9.99549E-05 9.99549E-05 0.237937 0.019869 9.99549E-05 0.0115182
9.9964E-05 0.103172 0.484727 9.9964E-05 0.0484345 0.302097 0.0611701 9.9964E-05 9.9964E-05
0.0766689 9.99459E-05 0.654499 9.99459E-05 9.99459E-05 9.99459E-05 0.268233 9.99459E-05 9.99459E-05
9.9973E-05 0.106395 0.607093 9.9973E-05 0.12057 0.0158636 9.9973E-05 0.0206268 0.129152
9.99459E-05 9.99459E-05 0.566545 9.99459E-05 9.99459E-05 0.193938 9.99459E-05 0.238918 9.99459E-05
0.363129 0.393234 0.177192 0.062501 9.99639E-05 9.99639E-05 9.99639E-05 0.00354344 9.99639E-05
0.326759 0.0175451 0.507156 9.99549E-05 9.99549E-05 9.99549E-05 0.14804 9.99549E-05 9.99549E-05
0.0233586 0.394958 0.144604 9.99549E-05 9.99549E-05 9.99549E-05 9.99549E-05 0.436579 9.99549E-05
0.415486 0.0197213 0.564193 9.99459E-05 9.99459E-05 9.99459E-05 9.99459E-05 9.99459E-05 9.99459E-05
0.429949 0.0648035 0.476806 9.9955E-05 9.9955E-05 9.9955E-05 9.9955E-05 0.0279419 9.9955E-05
9.99459E-05 0.140974 0.237164 9.99459E-05 9.99459E-05 9.99459E-05 9.99459E-05 0.621263 9.99459E-05
0.289632 9.99459E-05 0.608195 9.99459E-05 9.99459E-05 9.99459E-05 9.99459E-05 0.101573 9.99459E-05
0.230239 0.144977 0.420753 0.0405615 9.99639E-05 9.99639E-05 9.99639E-05 0.16307 9.99639E-05
9.99459E-05 9.99459E-05 0.0232612 9.99459E-05 9.99459E-05 9.99459E-05 0.384744 9.99459E-05 0.591395
0.046603 0.0337495 0.078888 9.9973E-05 9.9973E-05 0.0106433 0.200758 9.9973E-05 0.629058
9.9946E-05 9.9946E-05 9.9946E-05 9.9946E-05 9.9946E-05 0.195794 0.0327484 9.9946E-05 0.770858
0.0420313 9.9946E-05 9.9946E-05 9.9946E-05 9.9946E-05 9.9946E-05 9.9946E-05 0.489013 0.468356
0.00747329 0.00269628 9.99639E-05 0.0193781 9.99639E-05 9.99639E-05 0.376847 9.99639E-05 0.593205
0.307588 9.99729E-05 9.99729E-05 0.0514358 0.160488 0.0284621 9.99729E-05 0.212943 0.238783
0.542225 9.99459E-05 9.99459E-05 9.99459E-05 9.99459E-05 9.99459E-05 0.0862835 9.99459E-05 0.370891
9.99369E-05 9.99369E-05 9.99369E-05 9.99369E-05 9.99369E-05 9.99369E-05 0.274746 9.99369E-05 0.724554
0.13611 0.0441335 9.99549E-05 0.103956 9.99549E-05 9.99549E-05 9.99549E-05 9.99549E-05 0.7153
9.9964E-05 0.0540957 9.9964E-05 9.9964E-05 0.231901 0.0433007 9.9964E-05 0.114642 0.55566
9.9946E-05 9.9946E-05 9.9946E-05 0.0648907 9.9946E-05 9.9946E-05 0.661258 9.9946E-05 0.273252
9.9973E-05 0.0394386 9.9973E-05 0.00568594 0.491442 9.9973E-05 0.0107481 0.0143066 0.438079
0.140447 9.99459E-05 9.99459E-05 9.99459E-05 9.99459E-05 9.99459E-05 0.147838 9.99459E-05 0.711116
0.142407 9.99729E-05 0.0470638 0.0175411 0.226176 9.99729E-05 9.99729E-05 0.00524548 0.561267
9.99639E-05 0.0609742 9.99639E-05 0.130607 9.99639E-05 9.99639E-05 0.0782473 0.0295217 0.700249
0.5326 0.0365028 9.9982E-05 0.0399449 0.0221189 9.9982E-05 0.0776406 0.0149367 0.276056
9.99639E-05 9.99639E-05 0.0223312 9.99639E-05 0.199739 0.114779 9.99639E-05 0.267297 0.395454
0.0234158 9.99549E-05 9.99549E-05 9.99549E-05 9.99549E-05 0.550072 9.99549E-05 0.0695791 0.356433
0.0139215 0.0882879 0.102679 0.105338 9.9973E-05 9.9973E-05 0.0610585 9.9973E-05 0.628415
0.302908 9.99459E-05 9.99459E-05 9.99459E-05 9.99459E-05 9.99459E-05 0.0874457 9.99459E-05 0.609046
9.9964E-05 0.0694994 9.9964E-05 0.0844054 0.0937597 9.9964E-05 9.9964E-05 0.00934293 0.742593
9.99369E-05 9.99369E-05 9.99369E-05 9.99369E-05 9.99369E-05 0.345301 9.99369E-05 9.99369E-05 0.653999
0.0910126 0.0186963 9.9982E-05 0.10301 0.322645 0.0635048 9.9982E-05 0.27807 0.122862
0.23005 9.99549E-05 9.99549E-05 0.655805 9.99549E-05 9.99549E-05 0.0908973 0.0227477 9.99549E-05
0.183679 9.9991E-05 0.0286436 0.0219236 0.0311536 0.603098 0.00725263 0.102689 0.021461
0.508135 0.0119934 9.99729E-05 0.179923 0.0849663 9.99729E-05 0.0966331 9.99729E-05 0.118049
9.99368E-05 9.99368E-05 9.99368E-05 0.429999 9.99368E-05 9.99368E-05 0.569302 9.99368E-05 9.99368E-05
0.0479303 9.99639E-05 9.99639E-05 0.0523946 0.635607 0.212516 9.99639E-05 0.0511527 9.99639E-05
9.9964E-05 0.0167274 9.9964E-05 0.695758 0.214983 0.0189331 0.053199 9.9964E-05 9.9964E-05
0.441862 9.9982E-05 0.103806 0.0907669 0.161378 0.0478633 9.9982E-05 0.0235488 0.130575
9.99369E-05 9.99369E-05 9.99369E-05 0.69241 9.99369E-05 0.30689 9.99369E-05 9.99369E-05 9.99369E-05
0.407574 9.9955E-05 9.9955E-05 0.209788 9.9955E-05 0.0364511 0.345688 9.9955E-05 9.9955E-05
9.99729E-05 9.99729E-05 0.0462776 0.183022 0.540549 0.106045 9.99729E-05 0.0804676 0.0433379
9.99459E-05 9.99459E-05 9.99459E-05 0.521934 9.99459E-05 0.427845 9.99459E-05 0.0496214 9.99459E-05
9.99369E-05 9.99369E-05 9.99369E-05 0.354059 9.99369E-05 9.99369E-05 0.645241 9.99369E-05 9.99369E-05
0.023434 9.99639E-05 9.99639E-05 9.99639E-05 0.539312 0.126103 9.99639E-05 0.302882 0.00786867
9.99549E-05 9.99549E-05 9.99549E-05 0.529731 0.0690286 0.304177 9.99549E-05 0.096564 9.99549E-05
0.23974 9.99459E-05 9.99459E-05 9.99459E-05 0.388131 0.37153 9.99459E-05 9.99459E-05 9.99459E-05
9.99369E-05 9.99369E-05 9.99369E-05 0.405808 9.99369E-05 9.99369E-05 0.593492 9.99369E-05 9.99369E-05
0.00443693 9.99639E-05 9.99639E-05 0.317318 0.204602 0.439724 9.99639E-05 0.0335184 9.99639E-05
0.0193135 9.9964E-05 0.00793861 9.9964E-05 0.587882 9.9964E-05 9.9964E-05 0.24793 0.136536
0.583041 0.00888057 9.99639E-05 0.215332 0.121475 9.99639E-05 9.99639E-05 0.0708722 9.99639E-05
0.173393 0.0424182 9.99731E-05 9.99731E-05 9.99731E-05 0.39978 0.124611 0.153448 0.106049
0.170426 0.0351352 9.9991E-05 0.151121 0.12292 0.445954 0.0117786 0.0177243 0.0448412
0.106346 9.99458E-05 9.99458E-05 0.448656 9.99458E-05 9.99458E-05 0.444398 9.99458E-05 9.99458E-05
0.294636 0.0641671 0.052676 0.166116 0.421369 9.9973E-05 9.9973E-05 0.000737002 9.9973E-05
0.0905745 9.99548E-05 9.99548E-05 0.740638 9.99548E-05 9.99548E-05 9.99548E-05 0.106101 0.0621875
0.224682 0.0464813 0.0430209 0.187722 9.9973E-05 9.9973E-05 0.230432 9.9973E-05 0.267361
0.0670726 0.00855953 0.0721809 0.186373 0.318472 0.25121 9.9991E-05 0.00122297 0.0948089
9.9973E-05 0.00106617 0.0876173 0.332428 0.125447 9.9973E-05 0.00442924 9.9973E-05 0.448713
9.9973E-05 0.0442457 0.00578675 9.9973E-05 0.0302624 0.0336839 0.841911 0.0438099 9.9973E-05
0.343627 0.0398155 0.0111891 0.365685 0.00559664 9.9982E-05 0.0483673 9.9982E-05 0.185519
0.433867 0.029354 0.01957 0.107045 0.0689305 9.998E-05 0.217578 9.998E-05 0.123455
9.9973E-05 0.0903617 9.9973E-05 0.152384 0.516134 0.0269001 0.212605 9.9973E-05 0.001315
0.396459 9.99549E-05 9.99549E-05 0.0442388 0.034973 9.99549E-05 0.52383 9.99549E-05 9.99549E-05
0.129729 9.99459E-05 9.99459E-05 9.99459E-05 0.484127 0.385545 9.99459E-05 9.99459E-05 9.99459E-05
0.325437 9.99639E-05 9.99639E-05 0.144901 0.0656706 9.99639E-05 0.408344 9.99639E-05 0.0552478
9.9955E-05 9.9955E-05 9.9955E-05 0.363041 9.9955E-05 0.420942 0.150198 9.9955E-05 0.0653188
9.99639E-05 9.99639E-05 9.99639E-05 0.143677 0.177688 0.511604 0.0222436 9.99639E-05 0.144388
9.9964E-05 0.0215081 0.108395 0.341445 0.202539 9.9964E-05 9.9964E-05 9.9964E-05 0.325713
0.371245 9.9982E-05 0.0438534 0.125266 0.166727 0.0068497 9.9982E-05 0.0324907 0.253369
0.0429634 0.0646499 0.00791056 0.339512 0.11648 9.9982E-05 0.052353 9.9982E-05 0.375931
0.0597335 9.99729E-05 9.99729E-05 0.0589188 0.115108 0.451783 0.0753923 9.99729E-05 0.238764
0.103063 9.9964E-05 9.9964E-05 9.9964E-05 0.0500234 9.9964E-05 0.719903 0.0155913 0.11102
9.99459E-05 9.99459E-05 9.99459E-05 0.274894 9.99459E-05 9.99459E-05 0.7043 9.99459E-05 0.0202067
0.644625 9.9955E-05 0.0427011 0.252387 9.9955E-05 9.9955E-05 0.0597869 9.9955E-05 9.9955E-05
0.113331 0.018051 0.0537194 0.214548 9.9973E-05 9.9973E-05 0.594867 9.9973E-05 0.00518309
9.9946E-05 9.9946E-05 9.9946E-05 9.9946E-05 0.13864 9.9946E-05 0.81438 9.9946E-05 0.046381
0.501441 0.00556394 0.102757 0.32155 9.9964E-05 9.9964E-05 0.0682878 9.9964E-05 9.9964E-05
0.576072 9.99549E-05 9.99549E-05 0.151048 0.135126 9.99549E-05 0.137254 9.99549E-05 9.99549E-05
9.9955E-05 9.9955E-05 9.9955E-05 0.00802213 0.106473 9.9955E-05 0.0784448 0.80656 9.9955E-05
0.129279 9.99549E-05 9.99549E-05 9.99549E-05 0.281316 0.139893 9.99549E-05 0.449013 9.99549E-05
0.700527 0.0326983 9.99639E-05 0.0209015 0.070621 9.99639E-05 9.99639E-05 0.174852 9.99639E-05
0.104733 9.99549E-05 9.99549E-05 9.99549E-05 0.579792 0.0352446 9.99549E-05 0.27973 9.99549E-05
0.0157773 9.99729E-05 9.99729E-05 9.99729E-05 0.271765 0.0413502 0.0205214 0.649967 0.000319726
0.14266 0.0339486 9.99549E-05 9.99549E-05 9.99549E-05 0.511082 9.99549E-05 0.31181 9.99549E-05
0.124617 9.99549E-05 9.99549E-05 9.99549E-05 0.175851 0.252866 9.99549E-05 0.446167 9.99549E-05
0.680297 0.0250956 9.9955E-05 9.9955E-05 9.9955E-05 9.9955E-05 0.137483 0.156625 9.9955E-05
0.302053 9.9946E-05 9.9946E-05 0.139329 9.9946E-05 9.9946E-05 0.558018 9.9946E-05 9.9946E-05
0.275498 9.99729E-05 0.0196858 0.0148554 0.128616 9.99729E-05 9.99729E-05 0.464862 0.0961833
0.750333 9.9955E-05 9.9955E-05 9.9955E-05 9.9955E-05 9.9955E-05 0.137112 0.103939 0.00811681
0.695289 0.0967035 0.0492486 0.0176456 9.9964E-05 9.9964E-05 9.9964E-05 0.140714 9.9964E-05
0.513034 9.99549E-05 9.99549E-05 9.99549E-05 0.172454 9.99549E-05 9.99549E-05 0.28246 0.0315519
0.754151 9.9946E-05 9.9946E-05 0.094019 9.9946E-05 9.9946E-05 0.15123 9.9946E-05 9.9946E-05
0.614462 9.9955E-05 9.9955E-05 9.9955E-05 9.9955E-05 9.9955E-05 0.108808 0.229549 0.0466812
0.12358 0.0967211 0.049669 0.282321 0.245784 9.9973E-05 9.9973E-05 0.201626 9.9973E-05
0.625415 0.0508002 0.040555 9.9973E-05 0.136338 9.9973E-05 0.0422142 0.104378 9.9973E-05
0.526881 9.99459E-05 9.99459E-05 9.99459E-05 9.99459E-05 9.99459E-05 9.99459E-05 0.319512 0.153008
0.0648624 9.99549E-05 9.99549E-05 9.99549E-05 0.675628 0.0233076 9.99549E-05 0.235702 9.99549E-05
0.279306 9.9964E-05 9.9964E-05 0.0116315 0.225874 9.9964E-05 9.9964E-05 0.406163 0.0766258
0.597659 9.9964E-05 0.014658 9.9964E-05 9.9964E-05 0.00681378 0.318381 0.062089 9.9964E-05
0.853008 9.9964E-05 0.0247879 9.9964E-05 0.0213061 0.0641375 9.9964E-05 9.9964E-05 0.0363607
0.495959 9.9946E-05 9.9946E-05 0.0836343 9.9946E-05 9.9946E-05 0.419807 9.9946E-05 9.9946E-05
0.0913694 9.99549E-05 9.99549E-05 9.99549E-05 0.459685 0.0266479 9.99549E-05 0.421798 9.99549E-05
0.383468 0.00592539 0.00787893 0.127439 0.183465 9.9973E-05 9.9973E-05 0.291524 9.9973E-05
0.645151 9.99549E-05 0.00679579 0.0686991 9.99549E-05 9.99549E-05 0.278855 9.99549E-05 9.99549E-05
9.9973E-05 9.9973E-05 0.0116398 0.260808 0.221623 0.0970322 9.9973E-05 0.381428 0.0271696
9.9955E-05 0.053266 9.9955E-05 0.399617 0.528845 9.9955E-05 9.9955E-05 0.0177719 9.9955E-05
0.412783 0.077175 0.063709 0.107661 9.9973E-05 9.9973E-05 0.306853 9.9973E-05 0.0315187
0.00789809 0.026848 9.99639E-05 0.658554 9.99639E-05 9.99639E-05 0.170234 9.99639E-05 0.136066
9.9964E-05 0.113868 9.9964E-05 0.14949 0.431642 9.9964E-05 0.0279398 0.27666 9.9964E-05
9.99549E-05 9.99549E-05 9.99549E-05 0.36891 0.106426 0.17789 9.99549E-05 0.346274 9.99549E-05
9.9964E-05 9.9964E-05 0.0169911 0.276209 0.252483 0.132384 9.9964E-05 0.321533 9.9964E-05
9.9937E-05 9.9937E-05 9.9937E-05 0.268072 9.9937E-05 9.9937E-05 0.731228 9.9937E-05 9.9937E-05
0.537912 0.0211715 0.00149296 0.438924 9.9955E-05 9.9955E-05 9.9955E-05 9.9955E-05 9.9955E-05
0.0226561 9.99729E-05 0.0460583 0.235275 0.261268 9.99729E-05 9.99729E-05 0.051108 0.383335
9.99549E-05 9.99549E-05 9.99549E-05 0.303933 0.500836 0.00221606 9.99549E-05 0.192515 9.99549E-05
0.109269 9.99549E-05 9.99549E-05 0.24009 9.99549E-05 9.99549E-05 0.534668 9.99549E-05 0.115473
0.52675 0.0459584 9.9964E-05 0.281118 0.0402452 9.9964E-05 9.9964E-05 0.105528 9.9964E-05
0.577711 0.0274339 0.0130826 0.324278 9.99639E-05 9.99639E-05 9.99639E-05 0.0570944 9.99639E-05
9.99549E-05 0.00967588 9.99549E-05 0.429661 0.166415 9.99549E-05 9.99549E-05 9.99549E-05 0.393749
0.696883 9.9964E-05 0.00487973 0.0310943 0.0437799 9.9964E-05 9.9964E-05 9.9964E-05 0.222963
0.254921 9.99639E-05 0.0362073 9.99639E-05 0.415073 9.99639E-05 9.99639E-05 0.207918 0.0854815
0.146124 9.99729E-05 0.0142049 0.319746 0.36613 9.99729E-05 9.99729E-05 0.044269 0.109225
9.9964E-05 0.0363946 9.9964E-05 0.237196 0.364093 0.192354 9.9964E-05 0.169563 9.9964E-05
0.357463 0.0173979 0.13429 0.366171 9.99639E-05 9.99639E-05 0.124278 9.99639E-05 9.99639E-05
9.99549E-05 9.99549E-05 0.018615 0.265253 0.341854 9.99549E-05 9.99549E-05 0.373778 9.99549E-05
0.0991662 9.99639E-05 9.99639E-05 0.174337 0.116946 0.400029 9.99639E-05 0.209122 9.99639E-05
0.475684 9.99459E-05 9.99459E-05 0.203455 9.99459E-05 9.99459E-05 0.320262 9.99459E-05 9.99459E-05
0.588468 9.99639E-05 9.99639E-05 0.0417773 0.247105 9.99639E-05 0.0160652 0.106184 9.99639E-05
0.735861 9.9955E-05 0.0523941 0.179279 9.9955E-05 9.9955E-05 9.9955E-05 0.0319657 9.9955E-05
9.9955E-05 9.9955E-05 9.9955E-05 0.0280597 0.19184 9.9955E-05 0.041354 0.738247 9.9955E-05
0.0792777 0.0648957 0.167484 9.9982E-05 9.9982E-05 0.334798 0.0579797 0.294378 0.000987862
0.126537 9.99639E-05 0.059653 0.03604 0.268979 9.99639E-05 9.99639E-05 0.508391 9.99639E-05
0.549799 9.9946E-05 9.9946E-05 0.182047 9.9946E-05 9.9946E-05 0.267555 9.9946E-05 9.9946E-05
0.227582 9.9982E-05 0.00382973 0.0283365 0.127236 0.0552461 9.9982E-05 0.544402 0.0131682
0.0662229 0.00380324 9.9973E-05 0.0531773 0.141105 9.9973E-05 9.9973E-05 0.658361 0.0770308
9.9955E-05 9.9955E-05 9.9955E-05 9.9955E-05 0.342706 9.9955E-05 0.0536361 0.560748 0.0424104
0.710875 9.9955E-05 9.9955E-05 9.9955E-05 9.9955E-05 0.00563496 0.227554 9.9955E-05 0.0554361
0.538873 0.00183103 9.99729E-05 0.116044 0.150081 9.99729E-05 9.99729E-05 0.17509 0.0177801
0.0573292 0.0401188 9.9973E-05 9.9973E-05 0.454093 0.0669382 0.0671717 0.314049 9.9973E-05
0.393413 9.9973E-05 0.046721 0.172079 9.9973E-05 0.000815446 0.194831 0.19184 9.9973E-05
9.9964E-05 9.9964E-05 9.9964E-05 9.9964E-05 0.20661 0.0220413 0.0283729 0.711771 0.0308053
0.282278 9.9964E-05 9.9964E-05 9.9964E-05 0.0715227 0.44985 0.143524 9.9964E-05 0.0524255
0.329768 9.9964E-05 0.00226968 0.128903 9.9964E-05 9.9964E-05 9.9964E-05 0.462207 0.0764522
0.514884 9.9955E-05 9.9955E-05 0.0442395 9.9955E-05 9.9955E-05 0.423076 0.0173003 9.9955E-05
0.446998 0.0246032 9.9973E-05 0.197967 0.0650693 9.9973E-05 9.9973E-05 0.259081 0.00598195
0.249271 0.0370449 9.99729E-05 0.194232 0.100518 9.99729E-05 0.15257 9.99729E-05 0.266064
0.150217 9.9964E-05 9.9964E-05 0.0681128 0.0481019 9.9964E-05 0.596557 9.9964E-05 0.136612
0.558338 9.99729E-05 0.0396303 0.165371 0.0978972 9.99729E-05 9.99729E-05 0.021955 0.116509
0.475291 9.99459E-05 9.99459E-05 0.0629083 9.99459E-05 9.99459E-05 9.99459E-05 9.99459E-05 0.461201
0.491992 9.99639E-05 9.99639E-05 0.237734 0.22949 9.99639E-05 0.00339592 9.99639E-05 0.0369878
0.118306 9.99729E-05 9.99729E-05 0.131769 0.415155 0.297388 9.99729E-05 0.0167729 0.0203093
0.0217847 0.00561829 9.99639E-05 0.341423 9.99639E-05 9.99639E-05 0.595601 9.99639E-05 0.0351739
9.9973E-05 0.0141088 0.0052311 0.295966 9.9973E-05 0.560217 0.0412551 0.0829224 9.9973E-05
0.0861073 9.99639E-05 9.99639E-05 9.99639E-05 0.161332 0.0300061 9.99639E-05 0.370671 0.351483
9.9964E-05 0.037869 9.9964E-05 9.9964E-05 0.701109 0.0357657 0.127058 9.9964E-05 0.0977993
0.12422 9.99549E-05 9.99549E-05 9.99549E-05 0.084732 9.99549E-05 0.564021 9.99549E-05 0.226527
0.26299 9.99549E-05 9.99549E-05 0.0174164 9.99549E-05 9.99549E-05 0.626019 9.99549E-05 0.0930748
0.0836765 0.000567813 9.9973E-05 0.180444 0.328183 0.372101 9.9973E-05 0.0347281 9.9973E-05
0.643961 0.0157967 0.068027 0.0473324 0.187899 9.9973E-05 9.9973E-05 9.9973E-05 0.0366838
0.314883 0.00681419 0.0187263 0.157783 0.157727 9.99729E-05 9.99729E-05 9.99729E-05 0.343766
0.140816 9.99459E-05 9.99459E-05 9.99459E-05 9.99459E-05 9.99459E-05 0.724397 9.99459E-05 0.134186
9.9964E-05 0.00124454 9.9964E-05 0.207877 0.275901 9.9964E-05 0.122687 9.9964E-05 0.391891
0.0157684 0.046142 9.9982E-05 0.263258 0.202104 0.311814 0.033416 9.9982E-05 0.127299
0.0517334 9.99639E-05 9.99639E-05 0.0171228 0.615095 9.99639E-05 0.0177467 0.297902 9.99639E-05
0.0303808 9.9955E-05 0.00769882 9.9955E-05 0.800652 9.9955E-05 9.9955E-05 9.9955E-05 0.160769
0.0626122 9.9973E-05 9.9973E-05 0.00661109 0.155248 0.367522 0.0881252 9.9973E-05 0.319582
0.598069 0.0101933 9.99549E-05 9.99549E-05 9.99549E-05 9.99549E-05 0.192301 0.198937 9.99549E-05
0.0794415 9.99549E-05 9.99549E-05 9.99549E-05 0.175656 9.99549E-05 9.99549E-05 0.666057 0.0783458
0.706975 9.9955E-05 9.9955E-05 9.9955E-05 9.9955E-05 9.9955E-05 0.117597 0.122161 0.0527674
0.57028 9.99639E-05 0.00195911 0.0568156 9.99639E-05 9.99639E-05 9.99639E-05 0.18741 0.183135
0.0851651 9.99549E-05 9.99549E-05 0.0762825 0.161234 9.99549E-05 9.99549E-05 0.676819 9.99549E-05
0.476315 0.0109066 9.9955E-05 9.9955E-05 9.9955E-05 9.9955E-05 0.434338 0.0779402 9.9955E-05
0.135643 9.99639E-05 0.00568599 9.99639E-05 0.136404 9.99639E-05 0.398212 9.99639E-05 0.323655
0.693079 9.99639E-05 9.99639E-05 0.142309 0.0414481 9.99639E-05 0.0816186 9.99639E-05 0.0411459
9.9964E-05 0.0812356 9.9964E-05 0.0576932 0.637412 9.9964E-05 0.124471 9.9964E-05 0.0987885
0.102877 0.060921 9.99729E-05 0.274026 0.33476 9.99729E-05 0.0996833 9.99729E-05 0.127433
0.225762 0.0716426 9.9964E-05 0.165825 0.493662 9.9964E-05 9.9964E-05 0.042708 9.9964E-05
0.212598 9.99459E-05 9.99459E-05 9.99459E-05 0.156869 9.99459E-05 0.629933 9.99459E-05 9.99459E-05
0.121705 9.9982E-05 0.0113585 0.000861624 0.224118 0.581951 0.0194404 0.0403645 9.9982E-05
0.359124 0.0567533 0.162659 0.0748554 0.0944493 9.9982E-05 0.0892737 9.9982E-05 0.162685
0.0598314 0.0395202 0.0554721 0.0130772 0.64261 0.0927659 9.9982E-05 9.9982E-05 0.0965232
0.0515971 0.0363426 0.00187159 9.9982E-05 0.334232 0.408291 0.0434513 0.124014 9.9982E-05
9.99459E-05 0.0534966 9.99459E-05 9.99459E-05 0.879536 9.99459E-05 0.0663677 9.99459E-05 9.99459E-05
0.0209753 0.0722615 0.0285754 0.0284971 0.792948 9.9973E-05 9.9973E-05 0.0564427 9.9973E-05
9.9955E-05 0.050666 0.0648264 9.9955E-05 0.757357 9.9955E-05 0.126651 9.9955E-05 9.9955E-05
0.53425 0.101153 0.0599846 9.99639E-05 0.15811 9.99639E-05 9.99639E-05 9.99639E-05 0.146103
0.702882 0.0238484 0.0706275 0.129634 9.9973E-05 9.9973E-05 0.00463282 9.9973E-05 0.0680759
0.0606567 0.00174212 0.0216796 0.130081 0.0454127 0.573613 0.0625458 0.104169 9.9991E-05
9.9964E-05 0.00266155 9.9964E-05 9.9964E-05 0.545062 0.0094149 0.235597 9.9964E-05 0.206865
0.235678 0.0462467 0.0749899 0.16885 0.0463374 0.0596438 0.189315 9.9991E-05 0.178839
9.9973E-05 0.0341909 9.9973E-05 0.0870116 0.00109666 9.9973E-05 0.850039 0.00962061 0.0177409
0.674623 9.9937E-05 9.9937E-05 9.9937E-05 9.9937E-05 9.9937E-05 0.324678 9.9937E-05 9.9937E-05
0.122123 9.9973E-05 0.0088062 0.00682206 0.0570932 9.9973E-05 0.783019 9.9973E-05 0.0218361
