0.350377 9.9973E-05 0.120057 0.120297 9.9973E-05 9.9973E-05 0.408969
0.488435 9.9982E-05 0.00740827 0.0823875 0.0156833 9.9982E-05 0.405886
9.9973E-05 9.9973E-05 0.0347583 9.9973E-05 0.0188168 0.152438 0.793687
0.541632 0.223149 0.0551898 0.111803 9.9991E-05 0.0163817 0.0517441
0.508621 0.183997 9.9973E-05 0.262052 0.0450301 9.9973E-05 9.9973E-05
9.9973E-05 0.281802 9.9973E-05 0.0743802 0.07517 9.9973E-05 0.568348
0.020191 9.99639E-05 9.99639E-05 9.99639E-05 9.99639E-05 0.222292 0.757117
0.0337889 0.159301 9.9973E-05 9.9973E-05 0.0934276 9.9973E-05 0.713183
0.446893 0.184342 0.0297442 9.9982E-05 0.0388506 9.9982E-05 0.299971
9.99729E-05 0.204366 0.0696667 9.99729E-05 9.99729E-05 0.519648 0.20602
0.554508 0.118625 0.0325815 0.101085 9.9982E-05 9.9982E-05 0.193001
0.600769 0.3093 9.9964E-05 9.9964E-05 9.9964E-05 9.9964E-05 0.089531
0.18662 0.140662 0.0197928 0.315278 0.0620464 0.0564621 0.219139
9.9973E-05 0.131196 0.00504213 9.9973E-05 9.9973E-05 0.0608049 0.802657
0.818664 0.0559737 0.00523134 9.9982E-05 9.9982E-05 0.0531442 0.066787
9.999E-05 0.00444385 0.0283132 0.0253402 0.0362506 0.481044 0.424508
0.0269392 9.9973E-05 9.9973E-05 0.0190926 9.9973E-05 0.154679 0.79899
0.0506577 9.9964E-05 9.9964E-05 0.0312564 9.9964E-05 9.9964E-05 0.917686
0.438978 0.173861 9.9973E-05 0.0599579 9.9973E-05 9.9973E-05 0.326904
0.0549811 9.9973E-05 0.869405 0.0607419 9.9973E-05 0.0145721 9.9973E-05
9.9964E-05 0.0518287 0.870143 0.0776285 9.9964E-05 9.9964E-05 9.9964E-05
9.99639E-05 9.99639E-05 0.915681 0.0805542 9.99639E-05 9.99639E-05 0.00336533
0.0981006 0.125492 0.730648 0.0454602 9.9973E-05 9.9973E-05 9.9973E-05
0.179955 0.0407046 0.77894 9.99639E-05 9.99639E-05 9.99639E-05 9.99639E-05
9.99729E-05 9.99729E-05 0.464553 9.99729E-05 0.180565 0.0799948 0.274587
0.343255 0.0479853 0.453363 9.99729E-05 0.155098 9.99729E-05 9.99729E-05
9.9964E-05 9.9964E-05 0.209245 9.9964E-05 0.215827 0.574529 9.9964E-05
0.262943 0.0354089 0.414584 0.175581 0.111284 9.9982E-05 9.9982E-05
9.99729E-05 9.99729E-05 0.867924 0.0694096 9.99729E-05 0.0500521 0.0123145
0.0159732 0.0852415 0.898385 9.9964E-05 9.9964E-05 9.9964E-05 9.9964E-05
0.0297366 9.99731E-05 0.656414 9.99731E-05 9.99731E-05 0.255317 0.0582324
9.9982E-05 9.9982E-05 0.259359 0.0925539 0.454218 0.0826555 0.111013
9.99549E-05 9.99549E-05 0.589769 9.99549E-05 9.99549E-05 0.409731 9.99549E-05
9.99639E-05 9.99639E-05 0.689958 9.99639E-05 9.99639E-05 0.0121952 0.297447
0.0010559 0.115441 0.876112 0.00709191 9.9973E-05 9.9973E-05 9.9973E-05
0.201895 9.99549E-05 0.797605 9.99549E-05 9.99549E-05 9.99549E-05 9.99549E-05
0.150389 9.9964E-05 0.750685 9.9964E-05 9.9964E-05 0.0985266 9.9964E-05
0.149503 0.0880939 0.762003 9.9964E-05 9.9964E-05 9.9964E-05 9.9964E-05
0.0814167 9.99729E-05 9.99729E-05 0.0587751 0.849377 9.99729E-05 0.0101309
9.9964E-05 9.9964E-05 9.9964E-05 0.0964941 0.664927 0.238179 9.9964E-05
9.9964E-05 9.9964E-05 0.0557365 9.9964E-05 0.422034 0.521829 9.9964E-05
0.100497 0.121432 0.0643609 0.137075 0.525704 0.0508318 9.9991E-05
9.99819E-05 9.99819E-05 0.286304 0.0310586 0.566999 0.0243668 0.0910714
9.9973E-05 9.9973E-05 0.0736565 9.9973E-05 0.580004 0.206649 0.139391
0.520833 0.00596863 0.154845 9.9973E-05 0.318053 9.9973E-05 9.9973E-05
0.42054 9.99549E-05 9.99549E-05 9.99549E-05 0.578961 9.99549E-05 9.99549E-05
9.99729E-05 9.99729E-05 0.151737 9.99729E-05 0.412258 0.341833 0.0938719
0.0469985 0.0510622 9.99729E-05 0.0839923 0.817647 9.99729E-05 9.99729E-05
9.9964E-05 9.9964E-05 9.9964E-05 0.0572837 0.333326 0.608991 9.9964E-05
0.261897 9.9964E-05 0.00105593 9.9964E-05 0.736647 9.9964E-05 9.9964E-05
9.9964E-05 9.9964E-05 9.9964E-05 0.0801824 0.713755 0.205663 9.9964E-05
0.0264027 0.176411 0.0785973 0.199694 0.518695 9.9982E-05 9.9982E-05
0.357375 0.0426487 0.171127 9.99729E-05 0.42855 9.99729E-05 9.99729E-05
0.359434 0.00488512 0.0286894 9.9982E-05 0.530889 9.9982E-05 0.0759023
0.404352 0.0730038 0.123999 9.9982E-05 0.388281 0.0101652 9.9982E-05
0.264028 0.153591 0.537538 9.9973E-05 0.0445434 9.9973E-05 9.9973E-05
9.99729E-05 9.99729E-05 9.99729E-05 0.0604867 0.778913 0.11982 0.0404807
9.9982E-05 0.104628 0.0898831 0.118323 0.61222 0.0747453 9.9982E-05
9.99639E-05 9.99639E-05 9.99639E-05 0.0569302 0.688953 0.253717 9.99639E-05
0.231185 9.99639E-05 9.99639E-05 0.0230091 0.745406 9.99639E-05 9.99639E-05
0.229512 9.99639E-05 0.0705838 9.99639E-05 0.699505 9.99639E-05 9.99639E-05
0.298118 9.99549E-05 9.99549E-05 9.99549E-05 0.701382 9.99549E-05 9.99549E-05
9.9982E-05 9.9982E-05 0.053143 0.103909 0.532947 0.160391 0.14941
0.248558 0.117816 0.0840691 9.9973E-05 0.549257 9.9973E-05 9.9973E-05
9.9964E-05 9.9964E-05 9.9964E-05 9.9964E-05 0.468595 0.23458 0.296425
0.310856 0.0474237 0.204235 9.99819E-05 0.356225 9.99819E-05 0.0810603
0.348605 9.9955E-05 9.9955E-05 9.9955E-05 0.650895 9.9955E-05 9.9955E-05
0.39733 9.9955E-05 9.9955E-05 9.9955E-05 0.60217 9.9955E-05 9.9955E-05
0.127372 9.99729E-05 0.211873 9.99729E-05 0.427164 9.99729E-05 0.233291
9.9982E-05 0.060658 0.38063 0.0441428 0.350447 9.9982E-05 0.163922
9.9973E-05 9.9973E-05 0.24754 0.0261707 0.289624 0.436366 9.9973E-05
9.99639E-05 9.99639E-05 9.99639E-05 9.99639E-05 0.55155 0.413984 0.0340657
0.218846 0.0258295 0.754925 9.9964E-05 9.9964E-05 9.9964E-05 9.9964E-05
9.99639E-05 9.99639E-05 9.99639E-05 9.99639E-05 0.659285 0.254114 0.0862014
0.293034 0.0014168 0.0673697 9.99729E-05 0.63788 9.99729E-05 9.99729E-05
0.341655 0.102244 0.286095 9.9973E-05 0.269706 9.9973E-05 9.9973E-05
9.99639E-05 9.99639E-05 0.732317 9.99639E-05 9.99639E-05 0.23001 0.0372734
9.9964E-05 9.9964E-05 0.189205 9.9964E-05 0.255899 0.554497 9.9964E-05
9.99729E-05 9.99729E-05 0.73213 9.99729E-05 0.0162888 0.112404 0.138878
9.9991E-05 0.0283996 0.43693 0.181495 0.322853 0.0155488 0.0146735
9.9973E-05 9.9973E-05 0.161189 0.121947 0.265842 0.450722 9.9973E-05
0.12169 0.166904 0.226748 9.9973E-05 0.484358 9.9973E-05 9.9973E-05
0.0323774 0.113473 0.00132032 0.094186 0.758444 9.9982E-05 9.9982E-05
0.0760302 0.163109 0.155828 0.0547279 0.498804 0.0514016 9.9991E-05
9.99639E-05 9.99639E-05 9.99639E-05 9.99639E-05 0.659998 0.334453 0.00514907
0.104202 9.9973E-05 0.125193 0.164051 0.606254 9.9973E-05 9.9973E-05
0.330784 0.0382701 9.9964E-05 9.9964E-05 0.630546 9.9964E-05 9.9964E-05
9.99639E-05 9.99639E-05 0.404277 9.99639E-05 0.176967 9.99639E-05 0.418356
9.9964E-05 9.9964E-05 9.9964E-05 9.9964E-05 0.521207 0.218626 0.259767
0.231568 9.9973E-05 0.429953 9.9973E-05 0.191614 9.9973E-05 0.146565
9.99639E-05 9.99639E-05 9.99639E-05 9.99639E-05 0.588872 0.0209465 0.389781
9.9973E-05 9.9973E-05 0.0666451 9.9973E-05 0.492288 0.00510386 0.435663
0.48789 9.9964E-05 0.179673 9.9964E-05 0.332037 9.9964E-05 9.9964E-05
9.99549E-05 9.99549E-05 9.99549E-05 9.99549E-05 0.646349 9.99549E-05 0.353151
9.9973E-05 0.0023626 0.173773 9.9973E-05 0.455379 9.9973E-05 0.368186
9.99639E-05 9.99639E-05 9.99639E-05 0.592023 0.0134105 0.394167 9.99639E-05
9.9982E-05 9.9982E-05 0.0310215 0.62251 0.0970412 0.177959 0.0712679
0.00639517 9.9991E-05 0.0488488 0.862189 0.038629 0.0114072 0.0324312
0.34818 9.9973E-05 9.9973E-05 0.45183 0.00605952 9.9973E-05 0.193631
9.99639E-05 9.99639E-05 9.99639E-05 0.591206 9.99639E-05 0.406682 0.00171169
0.266707 0.0202683 0.0258778 0.246083 9.9982E-05 9.9982E-05 0.440864
9.99639E-05 9.99639E-05 9.99639E-05 0.342747 9.99639E-05 0.164546 0.492308
9.99729E-05 9.99729E-05 9.99729E-05 0.701799 0.00832118 0.27496 0.0146199
9.9973E-05 9.9973E-05 0.0707233 0.64076 9.9973E-05 0.0408042 0.247412
0.296907 9.9964E-05 0.0869857 0.615707 9.9964E-05 9.9964E-05 9.9964E-05
9.9964E-05 0.0189142 9.9964E-05 0.323233 9.9964E-05 0.657453 9.9964E-05
0.406497 0.00348523 0.0451383 0.440305 9.9982E-05 0.104375 9.9982E-05
9.99639E-05 9.99639E-05 9.99639E-05 0.710444 9.99639E-05 0.159776 0.129379
0.11265 9.99729E-05 9.99729E-05 0.548872 0.0477037 9.99729E-05 0.290475
9.9982E-05 0.066218 0.0792241 0.688574 9.9982E-05 0.0772506 0.0885338
0.000544454 9.9982E-05 0.0254949 0.262224 9.9982E-05 0.146099 0.565438
0.476972 0.00563563 0.0117481 0.428997 0.0764472 9.9982E-05 9.9982E-05
0.326695 0.140692 0.0623346 0.469978 9.9973E-05 9.9973E-05 9.9973E-05
9.9991E-05 0.0050298 0.0934337 0.575247 0.129666 0.101326 0.0951966
9.99639E-05 9.99639E-05 9.99639E-05 0.590963 9.99639E-05 0.114684 0.293953
0.0557305 0.0340437 0.0975757 0.787039 0.0247518 9.9991E-05 0.000759691
0.144515 0.0264177 0.0382452 0.790522 9.9973E-05 9.9973E-05 9.9973E-05
0.469929 0.123819 0.0512208 0.147325 9.9982E-05 9.9982E-05 0.207507
9.99639E-05 0.466742 9.99639E-05 9.99639E-05 9.99639E-05 0.206223 0.326635
0.443457 0.231078 0.00475974 0.121435 0.0424147 0.0405905 0.116265
9.9982E-05 0.0888241 0.0180445 0.128766 9.9982E-05 0.171791 0.592375
9.99549E-05 0.323094 9.99549E-05 9.99549E-05 9.99549E-05 0.676407 9.99549E-05
0.68753 0.144825 9.9982E-05 0.0599956 9.9982E-05 0.0297999 0.0776492
0.122835 0.616158 0.0631409 9.9982E-05 9.9982E-05 0.1911 0.00656571
0.109044 0.0956743 9.9982E-05 0.132918 0.108736 9.9982E-05 0.553427
9.9982E-05 0.856256 0.0286009 0.0510831 9.9982E-05 0.0197334 0.0441263
9.9964E-05 0.161545 9.9964E-05 9.9964E-05 9.9964E-05 0.490707 0.347348
0.526295 0.261104 9.99819E-05 0.12492 0.0578069 9.99819E-05 0.029675
0.135147 0.744676 0.0391945 0.0685623 0.0122201 9.9982E-05 9.9982E-05
9.99549E-05 0.254312 9.99549E-05 9.99549E-05 9.99549E-05 0.745188 9.99549E-05
0.853032 9.9973E-05 9.9973E-05 0.0768053 9.9973E-05 0.02579 0.0440723
0.250132 0.735279 9.99639E-05 9.99639E-05 0.0141892 9.99639E-05 9.99639E-05
0.514604 0.180214 9.9982E-05 0.0327936 9.9982E-05 0.00719441 0.264994
9.99549E-05 0.295784 9.99549E-05 9.99549E-05 9.99549E-05 0.703716 9.99549E-05
0.374594 0.540587 9.99729E-05 9.99729E-05 0.012454 9.99729E-05 0.0720657
0.674357 0.00983921 9.9982E-05 0.174597 0.023981 9.9982E-05 0.117025
0.0745628 0.133543 0.0263027 9.99729E-05 9.99729E-05 9.99729E-05 0.765292
0.376366 0.0453165 0.108361 0.212931 0.000760967 0.151856 0.104409
0.333592 0.281287 0.0539043 0.146064 9.9991E-05 0.0618723 0.12318
9.99639E-05 0.309797 9.99639E-05 9.99639E-05 9.99639E-05 0.580876 0.108928
0.25842 0.185528 0.0721485 9.9982E-05 0.0517963 9.9982E-05 0.431908
9.99819E-05 0.559564 0.0121381 0.0119293 0.0351995 9.99819E-05 0.380969
9.9991E-05 0.0890172 0.0451915 0.23705 0.0594915 0.30543 0.263719
0.31849 0.314283 0.0226915 0.153744 0.0686671 9.9991E-05 0.122025
0.00740802 0.29645 0.0368578 0.525995 0.102427 0.0307621 9.9991E-05
0.0744916 9.9982E-05 0.0393944 0.0474069 0.00377891 0.834728 9.9982E-05
9.9991E-05 0.197942 0.0437351 0.140159 0.0219336 0.148933 0.447198
9.9982E-05 9.9982E-05 0.0320407 0.125205 0.0180794 0.343483 0.480992
0.357307 0.172898 0.0890085 0.0849717 9.9982E-05 0.295614 9.9982E-05
9.99639E-05 9.99639E-05 9.99639E-05 0.0276688 9.99639E-05 0.61885 0.353082
0.586374 0.181436 9.99729E-05 0.0750805 9.99729E-05 9.99729E-05 0.15681
9.99729E-05 0.0459619 9.99729E-05 0.100916 9.99729E-05 0.513631 0.339192
0.0909868 0.519734 0.0149505 0.198448 9.9982E-05 0.175682 9.9982E-05
0.346242 0.366758 9.9973E-05 0.239143 9.9973E-05 0.0475573 9.9973E-05
0.0526686 0.282248 0.0221698 0.370651 0.127098 9.9991E-05 0.145065
0.0930312 0.0782202 9.9982E-05 0.254676 0.0396 9.9982E-05 0.534272
9.9991E-05 0.227427 0.086532 0.368028 0.0211836 0.0707118 0.226017
0.182112 0.266891 0.0124013 0.39855 9.9991E-05 0.0883209 0.0516239
0.0511231 9.9973E-05 9.9973E-05 0.161048 9.9973E-05 0.741669 0.0458601
9.99639E-05 0.176508 9.99639E-05 0.0479249 9.99639E-05 0.775167 9.99639E-05
9.9973E-05 0.113074 9.9973E-05 9.9973E-05 0.0326522 0.164345 0.689629
9.9991E-05 0.115738 0.00971951 0.0569862 0.042929 0.674954 0.0995735
0.103388 9.9964E-05 9.9964E-05 0.115073 9.9964E-05 0.781139 9.9964E-05
9.9973E-05 0.191703 9.9973E-05 9.9973E-05 0.106561 0.170174 0.531262
0.046518 0.0724905 9.99729E-05 9.99729E-05 9.99729E-05 0.254086 0.626606
0.775041 0.0715732 0.0672728 9.9991E-05 0.013971 0.0227243 0.0493176
0.711309 0.0653336 0.0400436 9.9973E-05 9.9973E-05 9.9973E-05 0.183013
0.13381 9.9964E-05 0.0528597 9.9964E-05 9.9964E-05 9.9964E-05 0.812931
0.801168 9.99639E-05 9.99639E-05 9.99639E-05 9.99639E-05 0.0432391 0.155193
0.881006 9.9982E-05 0.0067048 0.0380177 9.9982E-05 0.00823142 0.0658404
0.500477 0.165466 0.137869 0.0767275 9.9982E-05 9.9982E-05 0.11926
0.760797 0.0908764 0.00893563 0.00064296 9.9991E-05 0.00320412 0.135444
0.10319 9.9973E-05 0.0177954 9.9973E-05 9.9973E-05 0.207013 0.671702
9.9964E-05 0.0670937 9.9964E-05 9.9964E-05 9.9964E-05 0.681383 0.251123
0.414732 0.0255409 9.9982E-05 0.0748057 0.0693659 9.9982E-05 0.415356
0.032202 9.9982E-05 0.000387571 0.0123801 9.9982E-05 0.211481 0.74335
0.0235923 9.9982E-05 0.0906332 9.9982E-05 0.0735922 0.0329974 0.778985
0.342178 9.9973E-05 0.00352873 0.0281646 9.9973E-05 9.9973E-05 0.625829
9.9955E-05 9.9955E-05 9.9955E-05 9.9955E-05 9.9955E-05 0.2732 0.7263
0.160665 9.9982E-05 9.9982E-05 0.0570429 0.0132504 0.117271 0.65157
0.245338 0.309601 0.100241 9.9982E-05 0.0609704 9.9982E-05 0.283651
0.176657 9.9982E-05 0.0401491 9.9982E-05 0.0409741 0.117303 0.624717
0.156563 9.9973E-05 9.9973E-05 0.152049 0.0208752 9.9973E-05 0.670213
0.839012 9.99639E-05 9.99639E-05 9.99639E-05 9.99639E-05 0.0777568 0.0828309
0.457865 0.0330504 9.9982E-05 0.081949 0.0278347 9.9982E-05 0.399101
0.0635895 9.9973E-05 9.9973E-05 9.9973E-05 0.0128652 0.404114 0.519131
0.0134184 9.9973E-05 9.9973E-05 0.0707701 0.0208024 9.9973E-05 0.894709
9.9964E-05 0.0239092 9.9964E-05 9.9964E-05 9.9964E-05 0.567476 0.408215
0.731382 0.056324 9.9973E-05 0.0154529 9.9973E-05 9.9973E-05 0.196541
0.327911 0.050107 0.0278457 9.9982E-05 0.0358779 9.9982E-05 0.558058
9.9955E-05 9.9955E-05 9.9955E-05 9.9955E-05 9.9955E-05 0.393622 0.605878
0.531292 0.339137 9.9973E-05 0.0628084 0.0664633 9.9973E-05 9.9973E-05
0.433835 0.305849 0.0745161 9.9991E-05 0.00235345 0.135773 0.0475732
9.9982E-05 9.9982E-05 0.0762828 0.0404781 0.0580194 0.422432 0.402588
9.9991E-05 0.403544 0.0614917 0.0788691 0.0131791 0.299762 0.143054
0.579159 0.11865 0.145906 9.9982E-05 9.9982E-05 0.0917427 0.0643429
0.461716 0.493076 0.028089 9.9973E-05 9.9973E-05 9.9973E-05 0.016819
0.545733 0.374047 9.9964E-05 9.9964E-05 0.0798211 9.9964E-05 9.9964E-05
9.9964E-05 0.170293 0.00163136 9.9964E-05 9.9964E-05 0.827676 9.9964E-05
9.9982E-05 0.229736 0.0105571 9.9982E-05 0.0122478 0.116872 0.630387
0.14898 0.157605 0.0255106 0.379307 0.049189 9.9991E-05 0.239308
0.526974 0.310476 9.99729E-05 0.0296065 9.99729E-05 9.99729E-05 0.132643
9.9991E-05 0.132575 0.000811994 0.143172 0.00149315 0.598406 0.123441
0.0260512 0.149091 0.0780723 9.9982E-05 9.9982E-05 0.00113631 0.74545
9.9973E-05 0.189153 0.0430249 9.9973E-05 0.0136042 9.9973E-05 0.753918
9.99729E-05 0.344491 0.0486517 0.419002 9.99729E-05 9.99729E-05 0.187555
9.9964E-05 9.9964E-05 9.9964E-05 0.224987 9.9964E-05 0.0681904 0.706423
0.479716 9.99729E-05 9.99729E-05 0.0956159 0.0505877 9.99729E-05 0.37378
0.243601 0.215156 0.00664334 0.10714 0.0198784 9.9991E-05 0.407481
0.543164 0.352234 0.056729 9.9973E-05 9.9973E-05 0.0475733 9.9973E-05
9.99819E-05 0.219186 0.0110807 9.99819E-05 0.140845 0.242808 0.385881
0.536064 0.291508 9.99729E-05 9.99729E-05 0.051441 9.99729E-05 0.120687
0.472746 0.346011 9.9982E-05 0.0300632 0.00180486 9.9982E-05 0.149176
9.99639E-05 0.0980495 9.99639E-05 9.99639E-05 9.99639E-05 0.466633 0.434917
0.292613 9.99639E-05 9.99639E-05 9.99639E-05 9.99639E-05 0.102475 0.604512
9.9973E-05 0.0779747 9.9973E-05 9.9973E-05 0.0506685 0.0684206 0.802636
0.804045 0.0995177 0.068297 9.9982E-05 0.00886019 0.0190797 9.9982E-05
0.432723 0.0899528 0.118262 0.0737664 0.192487 0.0327326 0.0600765
0.620993 0.0922906 9.9973E-05 9.9973E-05 0.104693 9.9973E-05 0.181724
9.9964E-05 0.0692088 9.9964E-05 9.9964E-05 9.9964E-05 0.377411 0.55298
0.540018 0.0955155 9.9982E-05 0.0174244 0.0606618 9.9982E-05 0.28618
0.608638 0.082213 0.0334776 0.068151 0.0453847 9.9991E-05 0.162036
0.771087 0.0650131 9.9991E-05 0.0968878 0.0125852 0.0383183 0.0160089
9.9964E-05 9.9964E-05 9.9964E-05 0.0669319 9.9964E-05 0.30637 0.626298
0.189646 0.0129397 0.0328926 0.00952587 0.00278156 9.9991E-05 0.752114
0.723093 0.0186762 0.0590442 9.9982E-05 9.9982E-05 0.146736 0.0522506
0.0633908 0.136992 9.9991E-05 0.00884023 0.0815653 0.224947 0.484164
0.739128 0.0750998 0.0217847 0.0663026 0.0370086 9.9991E-05 0.0605764
0.284122 0.148262 9.9982E-05 0.198829 9.9982E-05 0.180813 0.187774
0.225513 0.0977944 0.0346754 0.0430633 0.0658016 9.9991E-05 0.533052
0.00525951 9.9964E-05 9.9964E-05 9.9964E-05 9.9964E-05 0.538893 0.455447
0.194201 0.134935 0.040891 9.9982E-05 0.0132677 9.9982E-05 0.616505
9.99819E-05 0.121765 0.0511428 0.287824 9.99819E-05 0.206497 0.332572
0.0212346 0.000950252 9.9982E-05 0.172042 9.9982E-05 0.683214 0.12236
0.0183802 0.109198 9.9982E-05 0.111075 0.0374112 9.9982E-05 0.723736
9.9964E-05 9.9964E-05 9.9964E-05 0.380802 9.9964E-05 0.0204823 0.598316
0.116748 0.13871 0.00158366 0.0299291 9.9991E-05 0.0880892 0.62484
0.479299 0.260467 9.9973E-05 0.0915349 9.9973E-05 9.9973E-05 0.1684
9.9982E-05 0.173783 0.0225305 0.0523107 9.9982E-05 0.698349 0.052827
0.297016 0.513307 0.062925 0.0383757 0.0252394 0.0630364 9.9991E-05
0.437452 9.9982E-05 0.0295878 0.350894 0.0184419 9.9982E-05 0.163424
0.523561 9.9973E-05 0.0380654 0.202574 9.9973E-05 0.2355 9.9973E-05
0.0290396 9.9973E-05 9.9973E-05 0.314374 9.9973E-05 0.565845 0.0904409
9.99639E-05 9.99639E-05 9.99639E-05 0.130698 9.99639E-05 0.683839 0.185064
0.429657 0.385491 0.0329532 0.0054009 9.9982E-05 9.9982E-05 0.146298
0.0890605 9.9982E-05 0.0297638 0.0509574 0.06238 9.9982E-05 0.767638
0.00981467 0.0906454 0.0279843 0.352331 0.0196948 0.0135038 0.486026
9.9964E-05 9.9964E-05 9.9964E-05 0.154901 9.9964E-05 0.766865 0.0778344
0.149117 0.14124 0.0253639 0.443064 9.9991E-05 0.175748 0.0653672
0.195692 0.366006 0.0782163 0.233684 9.9991E-05 0.0341923 0.0921095
0.755931 0.0289145 0.0181559 9.9982E-05 9.9982E-05 0.0656419 0.131157
0.597767 9.9973E-05 9.9973E-05 0.232829 0.00538701 9.9973E-05 0.163717
0.229075 0.171951 9.9982E-05 0.463009 9.9982E-05 0.0863831 0.0493816
0.0234572 9.9982E-05 0.0373887 0.00929229 9.9982E-05 0.239695 0.689967
0.700701 9.9982E-05 0.00266071 0.0606654 0.0284651 9.9982E-05 0.207308
0.0160676 9.9973E-05 9.9973E-05 0.0812168 9.9973E-05 0.164397 0.738018
0.090333 0.0274059 9.9982E-05 0.169814 0.0136769 9.9982E-05 0.69857
0.628896 0.0951906 0.0300985 9.9982E-05 0.0364606 9.9982E-05 0.209154
0.026928 9.9982E-05 0.00384423 9.9982E-05 0.000573435 0.52203 0.446424
0.010995 9.99729E-05 9.99729E-05 0.387812 9.99729E-05 0.441882 0.159012
9.9982E-05 0.0445626 0.00584794 0.0259123 9.9982E-05 0.192567 0.73091
0.401642 0.0643555 0.0936433 0.198588 9.9982E-05 0.241571 9.9982E-05
0.147642 0.138446 0.0938472 0.134564 9.9991E-05 0.204415 0.280986
0.432341 0.0615478 0.0752543 9.9982E-05 9.9982E-05 0.125699 0.304958
0.121806 9.99639E-05 9.99639E-05 9.99639E-05 9.99639E-05 0.783206 0.0945884
0.617399 0.16953 0.0276585 0.00715817 0.0106915 0.167463 9.9991E-05
0.0380499 9.9991E-05 0.0511698 0.142157 0.174418 0.158663 0.435442
0.541686 0.0793392 0.0283171 0.140164 0.0489946 0.0659904 0.0955093
0.690116 0.0164811 0.0818652 0.0603472 9.9982E-05 0.150991 9.9982E-05
0.699091 9.99729E-05 0.0520675 0.0307502 9.99729E-05 0.217791 9.99729E-05
0.701597 0.00564632 0.0893499 9.9991E-05 0.00154619 0.140734 0.0610271
0.627463 9.99729E-05 0.0560223 9.99729E-05 0.0552748 0.26094 9.99729E-05
0.0325318 9.9991E-05 0.107862 0.141525 0.0432837 0.0721023 0.602595
9.9991E-05 0.0452433 0.0235427 0.02115 0.062137 0.129206 0.718621
0.415106 0.33598 0.0318319 0.0875208 0.0277925 0.101669 9.9991E-05
0.370619 0.0366991 9.9973E-05 0.313069 9.9973E-05 0.279313 9.9973E-05
9.9991E-05 0.154356 0.0477578 0.209052 0.0648305 0.239802 0.284102
9.9964E-05 9.9964E-05 0.0369814 0.0674994 9.9964E-05 0.895119 9.9964E-05
9.9955E-05 9.9955E-05 9.9955E-05 9.9955E-05 9.9955E-05 0.451955 0.547546
0.040946 9.9973E-05 9.9973E-05 0.0567818 9.9973E-05 0.837294 0.0646779
