0.0135814 0.399757 0.457163 0.129399 9.9991E-05
0.054012 0.494038 0.45175 9.9982E-05 9.9982E-05
0.0249178 9.9991E-05 0.83979 0.035621 0.0995712
9.999E-05 0.742036 0.0625312 0.100441 0.0948922
0.110668 0.771378 9.9991E-05 0.0424217 0.0754324
0.104176 0.188755 0.622447 0.0553038 0.0293176
0.00540991 9.9982E-05 0.869782 9.9982E-05 0.124608
0.109007 0.139493 0.74906 0.0023407 9.9991E-05
0.0346102 0.573806 0.318111 0.0733723 9.9991E-05
9.9982E-05 9.9982E-05 0.336197 0.177719 0.485884
9.999E-05 0.669008 0.248853 0.0753342 0.0067056
9.9982E-05 0.764733 0.161056 0.0740112 9.9982E-05
0.109232 0.382985 0.250929 0.0621573 0.194697
9.9982E-05 9.9982E-05 0.905882 0.0607104 0.0332072
9.9982E-05 0.808129 0.164036 0.027635 9.9982E-05
0.0419739 9.9991E-05 0.483383 0.0370725 0.437471
9.9982E-05 0.0286313 0.865728 9.9982E-05 0.10544
9.9973E-05 0.0591154 0.940585 9.9973E-05 9.9973E-05
9.9982E-05 0.601824 0.372542 0.0254333 9.9982E-05
9.9982E-05 0.0655413 9.9982E-05 0.896331 0.0379273
9.9982E-05 0.0498654 9.9982E-05 0.940635 0.00929974
9.99729E-05 9.99729E-05 0.0321456 0.967554 9.99729E-05
9.9973E-05 0.223941 9.9973E-05 0.775759 9.9973E-05
9.9973E-05 0.192452 9.9973E-05 0.807249 9.9973E-05
0.194262 9.9991E-05 0.32199 0.479685 0.00396352
0.164659 0.367808 9.9982E-05 0.467333 9.9982E-05
0.251681 9.9982E-05 9.9982E-05 0.249278 0.498842
0.155915 0.356492 9.9991E-05 0.433041 0.0544525
9.9982E-05 9.9982E-05 0.0248426 0.896167 0.0787901
9.9973E-05 0.0656444 9.9973E-05 0.934056 9.9973E-05
9.9982E-05 9.9982E-05 0.113356 0.70249 0.183954
0.475015 9.9991E-05 0.129886 0.279645 0.115353
9.9982E-05 9.9982E-05 0.035851 0.63288 0.331069
0.00572103 9.9982E-05 0.298358 0.695721 9.9982E-05
9.9973E-05 0.0770264 9.9973E-05 0.922674 9.9973E-05
9.9973E-05 0.195298 9.9973E-05 0.804402 9.9973E-05
9.9982E-05 0.125197 9.9982E-05 0.791731 0.0828721
9.9973E-05 0.211969 9.9973E-05 0.787731 9.9973E-05
0.864588 0.135112 9.99729E-05 9.99729E-05 9.99729E-05
0.724634 9.9973E-05 9.9973E-05 9.9973E-05 0.275066
0.44473 9.9982E-05 9.9982E-05 0.108798 0.446271
0.549125 0.232933 9.9991E-05 0.0841837 0.133658
0.579008 9.9991E-05 0.0903415 0.30804 0.0225099
0.583403 9.9991E-05 0.153426 0.0937626 0.169308
0.314685 0.512375 9.9982E-05 0.17274 9.9982E-05
0.587358 0.412342 9.9973E-05 9.9973E-05 9.9973E-05
0.429554 9.9991E-05 0.136441 0.164199 0.269706
0.853645 0.121974 9.9991E-05 0.00395396 0.0203275
0.373591 9.9973E-05 9.9973E-05 9.9973E-05 0.626109
0.742042 0.257658 9.9973E-05 9.9973E-05 9.9973E-05
0.748917 9.9973E-05 9.9973E-05 9.9973E-05 0.250783
0.540769 0.233855 9.9991E-05 0.143969 0.0813069
0.421504 0.368559 0.0058543 0.203982 9.9991E-05
0.535525 0.36767 0.0668208 0.0298837 9.9991E-05
0.3953 0.439668 9.9991E-05 0.15083 0.0141025
0.0348248 0.35263 9.9982E-05 0.612345 9.9982E-05
0.806182 9.99819E-05 0.0442914 9.99819E-05 0.149327
0.622914 0.053967 9.9991E-05 0.142961 0.180058
0.73336 9.99729E-05 9.99729E-05 9.99729E-05 0.26634
0.755199 0.244502 9.9973E-05 9.9973E-05 9.9973E-05
0.698562 0.235333 9.99819E-05 0.0659052 9.99819E-05
0.698474 0.301226 9.9973E-05 9.9973E-05 9.9973E-05
0.587577 9.9991E-05 0.182422 0.0594424 0.170459
0.544169 0.341634 9.9982E-05 0.113997 9.9982E-05
0.498456 9.9982E-05 0.387472 9.9982E-05 0.113873
0.362865 0.338892 0.0725074 0.225635 9.9991E-05
0.645868 0.353832 9.9973E-05 9.9973E-05 9.9973E-05
0.614195 0.385505 9.9973E-05 9.9973E-05 9.9973E-05
0.429619 0.106017 0.229988 0.234276 9.9991E-05
0.364459 9.9982E-05 0.195321 0.44002 9.9982E-05
0.316145 9.9982E-05 9.9982E-05 0.249137 0.434518
0.594774 9.9982E-05 0.126188 9.9982E-05 0.278838
9.9973E-05 0.239602 9.9973E-05 0.760098 9.9973E-05
0.680972 9.99819E-05 0.106379 9.99819E-05 0.21245
0.646732 0.293264 9.9982E-05 0.0598038 9.9982E-05
0.261304 0.403887 9.9982E-05 0.334609 9.9982E-05
9.99819E-05 9.99819E-05 0.0799319 0.751402 0.168466
0.288931 9.9982E-05 9.9982E-05 0.225376 0.485493
0.0335217 9.9991E-05 0.184627 0.744951 0.0368008
0.368996 0.0192583 0.0370002 0.469512 0.105234
0.323699 9.9982E-05 9.9982E-05 0.16706 0.50904
0.46719 0.23204 9.9982E-05 0.30057 9.9982E-05
0.775591 0.151622 9.9991E-05 0.0150053 0.0576816
0.504813 0.186104 9.9991E-05 0.200313 0.10867
0.675686 9.9982E-05 0.0301912 9.9982E-05 0.293923
0.655549 0.190886 9.9991E-05 0.143558 0.00990773
0.633554 0.366146 9.9973E-05 9.9973E-05 9.9973E-05
0.181158 9.9982E-05 0.407582 0.41106 9.9982E-05
0.549755 9.9991E-05 0.334307 0.000322972 0.115515
0.206998 0.213994 0.145696 0.433212 9.9991E-05
0.594647 9.99729E-05 0.405054 9.99729E-05 9.99729E-05
0.509045 9.9982E-05 0.424696 0.0660596 9.9982E-05
0.364663 0.451939 9.9982E-05 0.183199 9.9982E-05
0.665591 9.9973E-05 0.334109 9.9973E-05 9.9973E-05
0.461574 9.9982E-05 0.353747 0.184479 9.9982E-05
0.17663 0.0829208 0.0705649 0.00115574 0.668729
0.227265 0.096958 0.16712 0.058363 0.450293
0.205593 0.31356 0.0613946 0.0407859 0.378667
0.12854 0.521502 0.346994 9.9991E-05 0.00286462
0.0665809 0.0959403 0.137836 0.0428833 0.65676
0.0329977 0.399199 0.514277 0.0534266 9.9991E-05
0.0232888 9.9982E-05 0.684312 9.9982E-05 0.292199
0.177086 0.0989411 0.148192 9.9991E-05 0.57568
0.126829 0.0944489 0.3743 0.105203 0.299219
0.130981 0.564969 9.9991E-05 0.11192 0.192029
0.084676 0.0372786 9.9982E-05 9.9982E-05 0.877845
0.0858857 0.565174 0.0118984 0.0535013 0.283541
0.163434 0.0851827 0.27584 9.9991E-05 0.475443
0.179652 0.318618 0.36911 9.9991E-05 0.132521
0.0324486 0.236542 0.163372 0.156929 0.410709
9.9991E-05 0.0666241 0.668888 0.0552455 0.209142
0.195146 0.695441 0.0783354 0.0309779 9.9991E-05
0.0672027 0.61598 9.9991E-05 0.111342 0.205376
0.24947 0.0779158 0.188688 0.126223 0.357703
0.116287 0.0760453 0.440561 9.9991E-05 0.367006
0.165575 0.356424 0.0251521 0.120877 0.331973
0.102326 0.510231 9.9991E-05 0.103445 0.283897
0.0395769 0.619124 0.237277 0.0672972 0.0367252
9.9991E-05 0.107048 0.452425 0.117181 0.323247
0.0613233 0.642845 0.114217 0.0529373 0.128678
9.9991E-05 0.0517301 0.653063 0.0650785 0.230028
0.00335496 9.9991E-05 0.0751169 0.0251269 0.896301
9.9991E-05 0.801192 0.139911 0.00910655 0.0496898
9.9982E-05 0.439908 9.9982E-05 0.19392 0.365972
0.151624 0.247211 0.600965 9.9982E-05 9.9982E-05
9.9982E-05 0.459895 9.9982E-05 0.24602 0.293885
9.9982E-05 9.9982E-05 0.510015 0.0340214 0.455763
0.0962461 0.755295 0.0417946 0.0215484 0.0851163
9.9982E-05 0.567828 9.9982E-05 0.207512 0.22446
0.0247416 9.9991E-05 0.107331 0.0220863 0.845741
0.00276899 0.868466 0.128565 9.9982E-05 9.9982E-05
9.9982E-05 0.710933 9.9982E-05 0.185621 0.103246
9.9991E-05 0.641602 0.306599 0.0384453 0.0132535
9.9982E-05 9.9982E-05 0.0456834 0.0622167 0.8919
0.0118011 0.734894 0.0720601 0.108645 0.0725994
0.0707616 0.75126 0.177779 9.9982E-05 9.9982E-05
9.9982E-05 0.156848 0.790529 0.0524236 9.9982E-05
0.021029 0.465718 0.154243 0.147234 0.211775
9.9991E-05 0.564577 0.132127 0.136524 0.166672
9.9982E-05 9.9982E-05 0.268588 0.0379056 0.693306
0.0372523 0.366706 0.464539 0.131402 9.9991E-05
0.0242364 0.2409 0.417563 0.180387 0.136914
0.097468 9.9991E-05 0.359554 0.119088 0.423791
0.0908059 0.574184 0.161963 0.112641 0.0604064
0.162175 0.370416 9.9991E-05 0.114929 0.35238
0.0499537 0.0363151 0.0225828 0.0683784 0.82277
0.0441167 0.0626042 0.512265 0.130909 0.250105
0.0513305 9.9991E-05 0.539786 0.0472129 0.361571
9.9982E-05 0.483185 9.9982E-05 0.14929 0.367325
9.99729E-05 9.99729E-05 0.406814 9.99729E-05 0.592886
9.9982E-05 0.773277 0.19473 9.9982E-05 0.0317926
9.9991E-05 0.000299601 0.417113 0.0264488 0.556039
9.9982E-05 0.442337 9.9982E-05 0.153512 0.403951
0.0131867 0.667467 9.9991E-05 0.0714648 0.247782
0.177745 0.372607 0.120103 0.0983816 0.231164
0.109942 0.270524 0.589618 0.0109809 0.0189361
0.0667567 0.247468 0.228642 0.157644 0.299489
9.9991E-05 0.499756 0.0549112 0.112815 0.332418
9.9991E-05 0.0311498 0.183407 0.00205762 0.783285
9.9991E-05 0.0111555 0.0243813 0.0807316 0.883632
0.050613 9.9991E-05 0.768807 0.0143121 0.166168
0.0567108 9.9991E-05 0.164802 0.0712474 0.70714
9.9973E-05 0.124055 9.9973E-05 9.9973E-05 0.875645
0.11036 9.9991E-05 0.633778 0.0656063 0.190155
9.9991E-05 0.0655618 0.719995 0.00148195 0.212861
0.0248722 0.793058 0.09717 0.0847995 9.9991E-05
9.9982E-05 0.742986 0.203974 0.0528392 9.9982E-05
9.9982E-05 0.115623 0.845237 0.0389391 9.9982E-05
9.99729E-05 0.781308 0.218392 9.99729E-05 9.99729E-05
9.9973E-05 0.854017 0.145683 9.9973E-05 9.9973E-05
9.9991E-05 0.640649 0.166969 0.191149 0.00113206
9.9982E-05 0.801063 0.182761 0.015976 9.9982E-05
9.9991E-05 0.0278641 0.813444 0.0511262 0.107466
9.9982E-05 9.9982E-05 0.38165 0.000191527 0.617958
0.0974058 0.481317 0.421077 9.9982E-05 9.9982E-05
0.00832996 9.9982E-05 0.873531 9.9982E-05 0.117939
0.0768008 9.9982E-05 0.827919 0.0950799 9.9982E-05
9.9982E-05 0.329514 0.669232 0.00105431 9.9982E-05
9.9973E-05 9.9973E-05 0.786423 9.9973E-05 0.213277
0.0514719 0.151103 0.704908 9.9991E-05 0.0924178
0.0585567 0.440085 0.313424 0.187834 9.9991E-05
0.0656339 0.107459 0.768621 0.051445 0.00684067
0.0645515 0.200094 0.735155 9.9982E-05 9.9982E-05
0.00758726 0.792939 0.199274 9.9982E-05 9.9982E-05
0.0560752 0.520712 0.423013 9.9982E-05 9.9982E-05
0.0480202 9.9982E-05 0.657592 9.9982E-05 0.294188
0.0458894 0.0288089 0.925102 9.9982E-05 9.9982E-05
9.9973E-05 9.9973E-05 0.503549 9.9973E-05 0.496151
9.9973E-05 0.800547 0.199153 9.9973E-05 9.9973E-05
0.0447434 0.369427 0.559596 0.0261338 9.9991E-05
0.00329141 9.9982E-05 0.666673 9.9982E-05 0.329836
0.0867515 0.779702 9.9991E-05 0.0718076 0.061639
9.9991E-05 0.56914 0.0841533 0.168413 0.178194
0.0670356 9.9991E-05 0.462666 0.0958307 0.374368
0.00773637 0.0820898 0.231271 0.218642 0.460261
9.9991E-05 0.613347 0.146895 0.189406 0.0502516
9.9982E-05 0.744018 0.0801333 0.175649 9.9982E-05
0.0932328 0.77147 0.0543785 0.0808187 9.9991E-05
9.9982E-05 0.00996201 9.9982E-05 0.117115 0.872723
9.9982E-05 9.9982E-05 0.755162 0.124313 0.120325
0.128311 0.407701 0.30648 0.0944206 0.0630875
9.9991E-05 0.733434 0.137197 0.0538024 0.0754661
0.0257629 9.9991E-05 0.204187 0.0759084 0.694041
9.9991E-05 0.111265 0.768456 0.103948 0.0162313
0.0151581 0.0700465 0.806408 0.0991488 0.00923815
0.0455713 0.362676 0.144692 0.137169 0.309892
0.0514187 0.00129591 0.812088 9.9991E-05 0.135097
0.0760947 0.501241 0.422464 9.9982E-05 9.9982E-05
0.0389445 0.427418 0.46381 0.0697271 9.9991E-05
9.9991E-05 0.7549 0.00404149 0.147303 0.0936555
0.134785 9.9991E-05 0.498564 0.114371 0.25218
0.0670403 0.708465 0.167376 0.0193698 0.0377494
0.0341981 0.741203 0.148052 0.0165347 0.060013
9.9982E-05 9.9982E-05 0.569496 0.00556996 0.424734
9.9991E-05 0.246719 0.737634 0.000339244 0.0152083
0.0775273 9.9982E-05 0.866528 9.9982E-05 0.0557448
0.0405965 0.828602 0.0522666 0.0784348 9.9991E-05
0.246505 0.500791 0.0975179 0.114367 0.0408196
0.117886 0.685752 0.196162 9.9982E-05 9.9982E-05
9.9982E-05 9.9982E-05 0.636318 0.0326619 0.33082
0.0782925 0.623315 0.298192 9.9982E-05 9.9982E-05
0.0768327 0.681518 0.202207 0.039343 9.9991E-05
0.0370568 0.818451 0.0998794 0.00762077 0.0369923
0.00228625 9.9982E-05 0.712067 9.9982E-05 0.285447
9.9982E-05 0.207265 0.765489 0.0270457 9.9982E-05
9.9991E-05 0.67841 0.188607 0.0891479 0.0437352
0.106155 0.144887 0.514268 9.9991E-05 0.23459
0.059578 0.813942 0.0946276 0.0317527 9.9991E-05
0.0493009 0.46182 0.198521 9.9991E-05 0.290258
0.0909661 0.311024 0.548656 0.0492533 9.9991E-05
9.9982E-05 9.9982E-05 0.586218 0.00723386 0.406348
0.0252572 0.283737 0.620472 0.0704338 9.9991E-05
0.0488813 0.117299 0.380279 0.105378 0.348162
9.9991E-05 0.0246921 0.206113 0.0305027 0.738592
0.0788859 0.155307 0.765607 9.9982E-05 9.9982E-05
0.0850044 9.9982E-05 0.762046 9.9982E-05 0.15275
9.9991E-05 0.212134 0.646067 0.0256311 0.116068
9.9991E-05 0.708297 0.185032 0.0462918 0.0602791
9.9982E-05 9.9982E-05 0.129712 0.112711 0.757377
9.9982E-05 0.61208 9.9982E-05 0.191522 0.196198
0.0945279 0.578835 0.278132 0.0484048 9.9991E-05
0.0171298 0.599072 0.00897947 0.0765915 0.298227
0.038814 0.0850569 0.174725 9.9991E-05 0.701304
9.9973E-05 9.9973E-05 0.273906 9.9973E-05 0.725794
9.9991E-05 0.673333 0.150738 0.122669 0.0531603
0.0827928 0.109328 0.790052 0.0177269 9.9991E-05
0.0820581 0.200612 0.485719 0.0520722 0.179539
0.011707 9.9982E-05 0.190596 9.9982E-05 0.797498
0.00156902 0.395153 0.0636312 0.103243 0.436403
9.9991E-05 0.522754 0.0440527 0.178652 0.254441
9.9982E-05 0.741903 0.223982 0.0339151 9.9982E-05
0.0561448 0.683834 0.222125 9.9991E-05 0.0377967
0.068562 0.52674 0.0511899 0.0337232 0.319785
9.9982E-05 9.9982E-05 0.796365 0.0470046 0.156431
0.0557254 0.718384 0.22569 9.9982E-05 9.9982E-05
9.9982E-05 0.0273518 0.824662 9.9982E-05 0.147787
0.0562813 0.177018 0.766501 9.9982E-05 9.9982E-05
0.0503809 0.709884 0.205042 0.0345936 9.9991E-05
0.0304091 9.9991E-05 0.553055 0.00796289 0.408473
0.0987143 0.102034 0.212876 9.9991E-05 0.586276
9.9982E-05 9.9982E-05 0.802804 0.026776 0.17022
9.9982E-05 0.521627 9.9982E-05 0.143784 0.33439
9.9991E-05 0.23981 0.343511 0.147981 0.268599
9.9991E-05 0.424352 0.392215 0.112252 0.0710812
0.0353353 9.9982E-05 0.302622 9.9982E-05 0.661843
0.0123052 0.70587 0.0525538 0.0812733 0.147997
0.20552 0.0583022 0.498115 0.070083 0.16798
0.0761437 0.615539 0.159489 0.0588172 0.0900113
0.032873 0.704408 0.0734873 0.0878085 0.101423
9.9991E-05 0.655044 0.107567 0.0787132 0.158576
0.0237247 0.645973 0.191117 0.104709 0.0344753
0.0989815 0.550204 0.0940824 0.0798727 0.17686
0.089374 0.0277339 0.726934 0.11308 0.0428784
0.0790709 9.9991E-05 0.779496 0.0368396 0.104493
0.00988585 0.657881 9.9991E-05 0.120334 0.211799
0.0590174 0.497499 9.9991E-05 0.0263105 0.417073
0.0987236 0.10308 0.326901 0.117908 0.353388
0.00880112 9.9982E-05 9.9982E-05 0.0741276 0.916871
9.9973E-05 9.9973E-05 0.671283 9.9973E-05 0.328417
0.0373555 9.9982E-05 0.157378 9.9982E-05 0.805066
