0.341998 0.120038 0.111752 9.9982E-05 9.9982E-05 0.426012
0.422777 0.0930666 9.9982E-05 9.9982E-05 0.0116926 0.472263
9.9982E-05 9.9982E-05 0.0357431 0.126525 0.0259422 0.81159
0.682562 0.126086 0.0636161 0.0467815 9.9991E-05 0.0808546
0.668369 0.260647 0.0177975 9.9982E-05 0.0529864 9.9982E-05
0.196946 0.0510401 0.0252149 0.0973111 0.0995291 0.529959
9.9973E-05 9.9973E-05 9.9973E-05 0.145255 0.00872002 0.845725
0.166242 9.9982E-05 9.9982E-05 0.0372865 0.110192 0.68608
0.5725 9.9982E-05 0.0563812 9.9982E-05 0.031152 0.339767
0.0253033 9.9982E-05 0.120211 0.620594 9.9982E-05 0.233692
0.605708 0.134829 0.0347304 9.9982E-05 9.9982E-05 0.224533
0.792149 9.9982E-05 0.01772 0.0648084 9.9982E-05 0.125123
0.278057 0.327335 0.0513021 0.0412313 0.0565598 0.245514
0.0138273 9.9982E-05 0.0446237 0.13451 9.9982E-05 0.806839
0.803526 9.9973E-05 9.9973E-05 0.0150774 9.9973E-05 0.181097
9.999E-05 0.0889203 0.0255363 0.405254 0.0376237 0.442566
0.00482896 0.0378475 9.9982E-05 0.12069 9.9982E-05 0.836434
0.0303913 0.0423369 9.9973E-05 9.9973E-05 9.9973E-05 0.926972
0.555174 0.0753906 9.9973E-05 9.9973E-05 9.9973E-05 0.369136
0.0641964 0.0601244 0.875379 9.9973E-05 9.9973E-05 9.9973E-05
0.0443218 0.0500218 0.905357 9.9973E-05 9.9973E-05 9.9973E-05
9.99639E-05 0.0632762 0.936324 9.99639E-05 9.99639E-05 9.99639E-05
0.223551 0.0169365 0.759213 9.9973E-05 9.9973E-05 9.9973E-05
0.238364 9.99639E-05 0.761236 9.99639E-05 9.99639E-05 9.99639E-05
9.99819E-05 9.99819E-05 0.466211 0.0668279 0.200919 0.265842
0.404573 9.99729E-05 0.446088 9.99729E-05 0.149039 9.99729E-05
9.9973E-05 9.9973E-05 0.220237 0.499549 0.279914 9.9973E-05
0.324106 0.162451 0.404515 9.9982E-05 0.108727 9.9982E-05
9.9982E-05 0.0765207 0.896204 0.0185474 9.9982E-05 0.00852831
0.0990841 9.9964E-05 0.900516 9.9964E-05 9.9964E-05 9.9964E-05
0.0309616 9.9991E-05 0.653321 0.187351 0.027468 0.100799
9.999E-05 0.10757 0.276599 0.0669781 0.458014 0.0907398
9.99729E-05 9.99729E-05 0.630866 0.33354 9.99729E-05 0.0352945
9.99729E-05 9.99729E-05 0.686803 9.99729E-05 0.0171899 0.295707
0.104748 9.9964E-05 0.894852 9.9964E-05 9.9964E-05 9.9964E-05
0.22666 9.99639E-05 0.77294 9.99639E-05 9.99639E-05 9.99639E-05
0.153007 9.9973E-05 0.78077 0.0659226 9.9973E-05 9.9973E-05
0.249017 9.9964E-05 0.750583 9.9964E-05 9.9964E-05 9.9964E-05
0.133867 0.0244485 9.99729E-05 9.99729E-05 0.841385 9.99729E-05
9.9973E-05 0.163919 9.9973E-05 0.13693 0.698851 9.9973E-05
9.9973E-05 9.9973E-05 0.0614774 0.472286 0.465936 9.9973E-05
0.223618 0.126746 0.0868584 0.0433244 0.519353 9.9991E-05
9.9991E-05 0.0316244 0.310657 0.00249562 0.568068 0.0870551
9.9982E-05 9.9982E-05 0.0858014 0.17615 0.594368 0.143481
0.561007 9.9973E-05 0.123506 9.9973E-05 0.315188 9.9973E-05
0.444667 9.99639E-05 9.99639E-05 9.99639E-05 0.554933 9.99639E-05
9.9982E-05 9.9982E-05 0.163259 0.269493 0.433932 0.133116
0.119608 0.0537926 0.00161119 9.9982E-05 0.824788 9.9982E-05
9.9973E-05 0.175807 9.9973E-05 0.459186 0.364707 9.9973E-05
0.280694 9.9964E-05 9.9964E-05 9.9964E-05 0.718906 9.9964E-05
9.9973E-05 0.141944 9.9973E-05 0.122963 0.734794 9.9973E-05
0.200147 0.161543 0.131839 9.9982E-05 0.506272 9.9982E-05
0.401786 9.9982E-05 0.167898 9.9982E-05 0.423528 0.00658772
0.380202 9.9982E-05 0.0113124 9.9982E-05 0.525171 0.0831148
0.472345 0.0157103 0.118507 0.000308578 0.393029 9.9991E-05
0.40323 9.9973E-05 0.541703 9.9973E-05 0.0547668 9.9973E-05
9.99819E-05 0.0833657 9.99819E-05 0.0906553 0.796128 0.0296508
0.0476669 0.113515 0.138364 0.0901081 0.610246 9.9991E-05
9.99729E-05 0.117076 9.99729E-05 0.167663 0.714961 9.99729E-05
0.260804 9.99639E-05 9.99639E-05 9.99639E-05 0.738797 9.99639E-05
0.24784 9.99729E-05 0.0656365 9.99729E-05 0.686223 9.99729E-05
0.319758 9.99639E-05 9.99639E-05 9.99639E-05 0.679842 9.99639E-05
9.9991E-05 0.12737 0.0673924 0.101584 0.55668 0.146873
0.368338 9.9973E-05 0.0936563 9.9973E-05 0.537706 9.9973E-05
9.9973E-05 9.9973E-05 9.9973E-05 0.194887 0.500092 0.304721
0.352541 9.9982E-05 0.211413 9.9982E-05 0.348269 0.0875773
0.371455 9.9964E-05 9.9964E-05 9.9964E-05 0.628145 9.9964E-05
0.403688 9.9964E-05 9.9964E-05 9.9964E-05 0.595912 9.9964E-05
0.145416 9.99819E-05 0.211703 9.99819E-05 0.423003 0.219678
0.0162485 0.0306542 0.433223 0.00787861 0.352563 0.159432
9.9982E-05 0.107333 0.254285 0.3343 0.303883 9.9982E-05
9.9973E-05 9.9973E-05 9.9973E-05 0.319698 0.593174 0.0868281
0.264477 9.9964E-05 0.735123 9.9964E-05 9.9964E-05 9.9964E-05
9.99819E-05 0.0168638 9.99819E-05 0.185 0.688397 0.109539
0.322435 9.99729E-05 0.0527218 9.99729E-05 0.624543 9.99729E-05
0.437153 9.9973E-05 0.288484 9.9973E-05 0.274063 9.9973E-05
9.99819E-05 9.99819E-05 0.754428 0.157551 0.00601774 0.0818031
9.9982E-05 9.9982E-05 0.204667 0.477773 0.313296 0.00406424
9.9982E-05 9.9982E-05 0.737995 0.0511401 0.046386 0.164279
9.9982E-05 0.192309 0.465072 0.0136244 0.328794 9.9982E-05
9.9982E-05 0.207169 0.165701 0.332655 0.294275 9.9982E-05
0.270242 9.9973E-05 0.261626 9.9973E-05 0.467831 9.9973E-05
0.15353 0.0475785 0.0181574 0.013842 0.766792 9.9991E-05
0.195413 0.042916 0.192886 0.0614035 0.507282 9.9991E-05
9.99729E-05 9.99729E-05 9.99729E-05 0.276567 0.694332 0.0288009
0.134714 0.13634 0.127194 9.9982E-05 0.601551 9.9982E-05
0.398491 9.99639E-05 9.99639E-05 9.99639E-05 0.601109 9.99639E-05
9.99729E-05 9.99729E-05 0.410626 9.99729E-05 0.184904 0.40417
9.9973E-05 9.9973E-05 9.9973E-05 0.180967 0.552703 0.26603
0.245851 9.9982E-05 0.425774 9.9982E-05 0.182015 0.14616
9.99729E-05 9.99729E-05 9.99729E-05 0.0200599 0.607656 0.371985
9.9973E-05 9.9973E-05 0.0659247 9.9973E-05 0.507843 0.425933
0.48101 9.9973E-05 0.171891 9.9973E-05 0.3468 9.9973E-05
0.00964695 9.9973E-05 9.9973E-05 9.9973E-05 0.657681 0.332373
0.0161074 9.9982E-05 0.179378 9.9982E-05 0.454476 0.349838
9.9973E-05 0.702879 9.9973E-05 0.258876 0.0379448 9.9973E-05
9.9991E-05 0.668698 0.0446652 0.118662 0.107701 0.0601747
0.0578542 0.849211 0.0437893 9.9982E-05 0.0489454 9.9982E-05
0.360825 0.455994 9.9982E-05 9.9982E-05 0.000183887 0.182797
9.9982E-05 0.683352 0.000995255 0.31233 9.9982E-05 0.00312355
0.298496 0.22801 0.0250378 9.9982E-05 9.9982E-05 0.448256
9.99729E-05 0.394784 9.99729E-05 0.0690185 9.99729E-05 0.535898
9.9982E-05 0.784661 9.9982E-05 0.158704 0.0346544 0.0217812
9.9982E-05 0.664978 0.102265 0.0012356 9.9982E-05 0.231321
0.294353 0.619822 0.0855253 9.9973E-05 9.9973E-05 9.9973E-05
9.9964E-05 0.430034 9.9964E-05 0.569566 9.9964E-05 9.9964E-05
0.407131 0.496699 0.039753 0.0556769 0.000640297 9.9991E-05
9.9982E-05 0.780725 9.9982E-05 0.0661801 0.0244271 0.128468
0.131575 0.552348 9.9982E-05 9.9982E-05 0.0565971 0.259281
0.0379897 0.710037 0.116991 0.0787236 9.9991E-05 0.0561582
9.9982E-05 0.287973 0.0412501 0.0791366 9.9982E-05 0.59144
0.510317 0.42122 9.99729E-05 9.99729E-05 0.0681633 9.99729E-05
0.441043 0.473759 0.0848981 9.9973E-05 9.9973E-05 9.9973E-05
9.9991E-05 0.597951 0.118216 0.0848235 0.137585 0.061324
9.9973E-05 0.646169 9.9973E-05 0.0465037 9.9973E-05 0.307028
0.116875 0.757089 0.116263 9.9982E-05 0.00957247 9.9982E-05
0.201851 0.763911 0.0339382 9.9973E-05 9.9973E-05 9.9973E-05
0.542559 0.167442 0.0505439 9.9991E-05 0.00157315 0.237781
0.193716 9.9982E-05 0.0312551 0.499437 9.9982E-05 0.275392
0.591559 0.1241 0.030089 0.0693024 0.046455 0.138495
0.00626269 0.144497 0.0515627 0.19285 9.9991E-05 0.604728
9.9982E-05 0.0407546 9.9982E-05 0.934958 0.0165379 0.00754957
0.741545 0.10474 9.99729E-05 9.99729E-05 9.99729E-05 0.153415
0.453173 9.99729E-05 0.104818 0.441709 9.99729E-05 9.99729E-05
0.198197 0.111616 9.9982E-05 9.9982E-05 0.118108 0.571879
0.481956 9.9973E-05 0.127181 0.390562 9.9973E-05 9.9973E-05
0.026833 9.9982E-05 9.9982E-05 0.575322 0.00133588 0.396309
0.70628 0.136245 9.9991E-05 0.0513402 0.0644836 0.041551
0.5824 9.9973E-05 0.121026 0.296274 9.9973E-05 9.9973E-05
0.000194229 0.0318649 9.9991E-05 0.887557 0.0368072 0.0434771
0.755611 0.122581 9.9973E-05 9.9973E-05 9.9973E-05 0.121508
0.728818 9.9973E-05 0.0637021 0.20718 9.9973E-05 9.9973E-05
0.602192 0.04993 0.0106286 9.9982E-05 9.9982E-05 0.337049
0.0249951 9.9964E-05 9.9964E-05 0.974605 9.9964E-05 9.9964E-05
0.760586 9.9991E-05 0.0213645 0.168181 0.0262854 0.0234832
0.638413 0.20361 9.9982E-05 9.9982E-05 0.0084507 0.149327
0.171951 9.9982E-05 0.0492365 0.0329823 9.9982E-05 0.74563
0.383555 0.275116 0.099483 0.0866336 9.9991E-05 0.155112
0.520797 0.136323 0.0956249 0.12821 9.9991E-05 0.118945
9.99729E-05 9.99729E-05 0.00184298 0.791495 9.99729E-05 0.206362
0.368141 9.9991E-05 0.105659 0.0237703 0.0397294 0.4626
0.302484 9.9991E-05 0.122183 0.279635 0.0192284 0.276368
9.9991E-05 0.294776 0.0840814 0.307354 0.0603387 0.25335
0.544296 0.146284 0.0679934 0.0297614 0.0766026 0.135062
0.22402 0.465238 0.0797753 0.151939 0.0789281 9.9991E-05
0.00418023 0.204367 0.0409618 0.697182 0.0392138 0.0140953
0.0420773 0.157001 0.10832 0.237223 0.0247608 0.430619
9.9991E-05 0.174592 0.0403477 0.280717 0.027564 0.47668
0.443136 0.142133 0.107074 0.307456 9.9982E-05 9.9982E-05
9.99729E-05 0.109744 9.99729E-05 0.521935 9.99729E-05 0.368021
0.687577 0.0962568 9.9973E-05 9.9973E-05 9.9973E-05 0.215866
9.99729E-05 0.180554 9.99729E-05 0.463464 9.99729E-05 0.355683
0.413778 0.133615 0.0772479 0.37516 9.9982E-05 9.9982E-05
0.593323 0.225408 0.023519 0.15755 9.9982E-05 9.9982E-05
0.294102 0.342614 0.0657221 0.124147 0.124186 0.0492291
0.190295 0.243673 0.00494303 9.9991E-05 0.0526068 0.508382
0.175517 0.350939 0.141415 0.175178 0.00300271 0.153949
0.38168 0.39258 0.0596066 0.123245 9.9991E-05 0.0427885
9.9973E-05 0.295674 9.9973E-05 0.576731 9.9973E-05 0.127295
0.010821 0.187139 0.0140155 0.787824 9.9982E-05 9.9982E-05
9.9982E-05 9.9982E-05 0.003812 0.252198 0.0577654 0.686025
9.9991E-05 0.143552 0.0388901 0.638108 0.0530699 0.126279
0.017464 0.343843 9.9982E-05 0.624471 9.9982E-05 0.0140217
0.0223876 9.9991E-05 0.0385467 0.284757 0.119482 0.534726
0.082062 9.99729E-05 9.99729E-05 0.267517 9.99729E-05 0.650121
0.784447 9.9982E-05 0.0573314 9.9982E-05 0.0250956 0.132926
0.722278 9.9973E-05 0.0249496 9.9973E-05 9.9973E-05 0.252472
0.101599 9.9973E-05 0.0562542 9.9973E-05 9.9973E-05 0.841847
0.72574 0.0115822 9.99729E-05 9.99729E-05 9.99729E-05 0.262377
0.782314 0.0789598 9.9973E-05 9.9973E-05 9.9973E-05 0.138426
0.60486 0.0852281 0.148167 9.9982E-05 9.9982E-05 0.161545
0.764349 0.027011 9.9973E-05 9.9973E-05 9.9973E-05 0.20834
0.0367899 9.9982E-05 0.0412154 0.160049 9.9982E-05 0.761746
9.9964E-05 9.9964E-05 9.9964E-05 0.657069 9.9964E-05 0.342532
0.418874 0.0744545 9.9982E-05 9.9982E-05 0.0546265 0.451845
9.9991E-05 0.0446886 0.00709935 0.106531 0.00767716 0.833904
0.0107662 9.9991E-05 0.10204 0.024213 0.0730843 0.789797
0.27342 0.038172 9.9973E-05 9.9973E-05 9.9973E-05 0.688108
9.9964E-05 9.9964E-05 9.9964E-05 0.260981 9.9964E-05 0.738619
0.124068 0.0951917 9.9991E-05 0.049077 0.0369764 0.694587
0.464919 9.9991E-05 0.145216 0.0149112 0.0751829 0.299671
0.121021 9.9991E-05 0.0508187 0.0595727 0.0598745 0.708613
0.132213 0.146786 9.9982E-05 9.9982E-05 0.0264482 0.694353
0.72448 0.068363 9.9973E-05 9.9973E-05 9.9973E-05 0.206857
0.462363 0.086321 9.9982E-05 9.9982E-05 0.0200411 0.431075
9.9973E-05 9.9973E-05 9.9973E-05 0.293011 0.0620333 0.644656
9.9973E-05 0.0615286 9.9973E-05 9.9973E-05 0.0276505 0.910521
9.9964E-05 9.9964E-05 9.9964E-05 0.542377 9.9964E-05 0.457223
0.726596 0.0372556 9.99729E-05 9.99729E-05 9.99729E-05 0.235848
0.355906 9.9982E-05 0.0310422 9.9982E-05 0.031954 0.580898
9.9973E-05 9.9973E-05 9.9973E-05 0.357514 0.0144565 0.627729
0.757078 0.0763052 0.0210873 0.0719565 0.0734726 9.9991E-05
0.607247 9.9991E-05 0.099982 0.255102 0.0068808 0.0306882
9.9991E-05 0.0993339 0.0776249 0.342931 0.071715 0.408295
0.129626 0.109959 0.14862 0.502628 0.00772903 0.101439
0.623949 9.9982E-05 0.147384 0.0925271 9.9982E-05 0.13594
0.786108 9.9973E-05 0.0756819 0.13791 9.9973E-05 9.9973E-05
0.811637 9.9982E-05 0.00161741 0.0970056 0.0895401 9.9982E-05
0.0320016 0.0332638 0.0548082 0.879726 9.9982E-05 9.9982E-05
0.0214918 9.9991E-05 0.0783641 0.270906 0.0110948 0.618043
0.298834 0.360954 0.0735227 9.9991E-05 0.0512309 0.215358
0.721822 0.0399924 0.0133006 0.0983854 9.9991E-05 0.126399
9.9991E-05 0.244297 0.0343465 0.582411 0.00644475 0.1324
0.133599 9.9982E-05 0.0920568 0.093475 9.9982E-05 0.680669
0.114559 9.9991E-05 0.0639133 0.125687 0.0124751 0.683266
0.276691 0.385955 0.105012 0.166107 9.9991E-05 0.0661356
9.9982E-05 0.22938 9.9982E-05 0.038317 0.00846887 0.723634
0.434861 0.125328 9.9982E-05 9.9982E-05 0.0337593 0.405852
0.402697 0.111217 0.0558239 0.0114997 0.0112697 0.407492
0.769637 9.9973E-05 0.0702392 0.159824 9.9973E-05 9.9973E-05
0.0210529 9.9991E-05 0.0730678 0.358402 0.152139 0.395238
0.720767 9.9982E-05 9.9982E-05 0.109851 0.0599456 0.109236
0.710434 0.0262629 9.9991E-05 0.0841755 0.0181876 0.16084
9.9964E-05 9.9964E-05 9.9964E-05 0.5189 9.9964E-05 0.4807
0.235762 9.9973E-05 9.9973E-05 0.0583715 9.9973E-05 0.705567
9.9973E-05 9.9973E-05 9.9973E-05 0.14333 0.0733167 0.783053
0.822677 0.0088886 0.0565005 9.9991E-05 0.026009 0.0858245
0.462062 0.110508 0.113006 0.0122174 0.204873 0.0973346
0.651092 9.9973E-05 9.9973E-05 9.9973E-05 0.107141 0.241467
9.9973E-05 9.9973E-05 0.0160359 0.427875 9.9973E-05 0.555789
0.58393 0.018209 9.9982E-05 9.9982E-05 0.0587158 0.338945
0.64086 0.086038 0.0334592 9.9991E-05 0.0385671 0.200976
0.744096 0.153156 9.9982E-05 9.9982E-05 0.00642482 0.0961224
9.9973E-05 0.105336 9.9973E-05 0.238246 9.9973E-05 0.656118
0.193453 0.0121943 0.0341952 9.9982E-05 9.9982E-05 0.759958
0.672139 9.9982E-05 0.0609654 0.0645843 9.9982E-05 0.202112
0.152821 0.0274637 9.9991E-05 0.267594 0.0953968 0.456625
0.758724 0.0945663 0.00895545 9.9991E-05 0.0361447 0.101509
0.369359 0.22679 9.9991E-05 0.174789 0.00257886 0.226384
0.30142 0.0319368 0.0540313 9.9991E-05 0.0728241 0.539687
9.9964E-05 9.9964E-05 9.9964E-05 0.492713 9.9964E-05 0.506887
0.289427 9.9982E-05 0.0731206 9.9982E-05 0.0125592 0.624693
0.0511623 0.319101 0.0842904 0.228929 0.00292195 0.313595
9.9973E-05 0.29212 9.9973E-05 0.556984 9.9973E-05 0.150596
0.124692 0.0984114 9.9982E-05 9.9982E-05 0.0565756 0.720121
9.9982E-05 0.390111 9.9982E-05 0.00804817 0.00428484 0.597356
0.208726 0.0382228 0.0153694 0.147516 9.9991E-05 0.590066
0.651555 0.12219 0.0173633 0.0214116 9.9991E-05 0.18738
9.9982E-05 0.155963 0.068004 0.715533 9.9982E-05 0.0602992
0.632571 9.9982E-05 0.117697 0.228487 0.0210453 9.9982E-05
0.442913 0.345855 0.0195008 9.9991E-05 0.0099221 0.18171
0.475131 0.309787 0.0527189 0.116612 9.9991E-05 0.0456524
9.9973E-05 0.442955 9.9973E-05 0.410871 9.9973E-05 0.145874
9.9973E-05 0.244723 9.9973E-05 0.551584 9.9973E-05 0.203393
0.674413 9.9982E-05 0.080889 0.0899983 9.9982E-05 0.154499
0.0844445 0.0495074 0.0366988 9.9991E-05 0.0575196 0.77173
0.0990508 0.351069 0.0542265 0.0455886 0.0110801 0.438985
9.9973E-05 0.268807 9.9973E-05 0.619738 9.9973E-05 0.111155
0.244428 0.484377 0.0563672 0.177743 9.9991E-05 0.0369855
0.46057 0.201393 0.134059 0.165601 9.9991E-05 0.0382767
0.717154 0.0206925 0.0093644 9.9982E-05 9.9982E-05 0.252589
0.554078 0.268072 9.9973E-05 9.9973E-05 9.9973E-05 0.17755
0.36587 0.460836 0.0261634 0.0844674 9.9991E-05 0.0625625
9.9982E-05 0.0414773 0.0503003 0.162751 9.9982E-05 0.745272
0.655425 0.0882501 9.9982E-05 9.9982E-05 0.0131754 0.24295
9.9973E-05 0.0862571 9.9973E-05 0.134418 9.9973E-05 0.779025
0.126075 0.157506 9.9982E-05 9.9982E-05 0.0270014 0.689218
0.683224 9.9982E-05 0.0270106 9.9982E-05 0.0325151 0.25705
9.9982E-05 9.9982E-05 0.00311885 0.420216 0.0417643 0.534701
9.9982E-05 0.499654 9.9982E-05 0.304848 0.0185588 0.176738
9.9982E-05 0.0353583 0.0255914 0.196763 9.9982E-05 0.742087
0.41808 0.293648 0.106136 0.181935 9.9982E-05 9.9982E-05
0.202035 0.187573 0.122387 0.206192 9.9991E-05 0.281713
0.424152 0.012372 0.0848283 0.102839 0.00219147 0.373617
9.9982E-05 0.139433 9.9982E-05 0.535961 0.0227353 0.30167
0.672133 0.0650067 0.0436005 0.104943 0.01854 0.0957766
0.0273913 0.170485 0.0624969 0.101251 0.178912 0.459463
0.54697 0.190811 0.0353317 9.9991E-05 0.0523764 0.174411
0.642745 0.149289 0.0700015 0.0161016 0.013374 0.108489
0.589099 0.151002 0.0511669 0.0651488 9.9991E-05 0.143484
0.620978 0.0579587 0.0778554 0.0281737 0.00945671 0.205577
0.522701 0.0680761 0.0677251 0.120685 0.0858776 0.134935
9.9982E-05 0.16392 0.122039 9.9982E-05 0.0602834 0.653557
9.9991E-05 0.041988 0.0394417 0.133771 0.0764093 0.70829
0.63795 0.097431 0.0579412 0.187616 0.0189626 9.9991E-05
0.380095 0.417934 0.00752642 0.194244 9.9982E-05 9.9982E-05
0.0595607 0.233748 0.0966588 0.253548 0.0636963 0.292788
9.9973E-05 0.201974 0.0330956 0.764631 9.9973E-05 9.9973E-05
9.9964E-05 9.9964E-05 9.9964E-05 0.361425 9.9964E-05 0.638175
9.9982E-05 0.205316 9.9982E-05 0.666046 0.00817166 0.120266
