9.9856E-05 9.9856E-05 0.0175429 9.9856E-05 9.9856E-05 0.504668 9.9856E-05 9.9856E-05 9.9856E-05 0.0736608 9.9856E-05 0.402531 9.9856E-05 9.9856E-05 9.9856E-05 9.9856E-05 9.9856E-05 9.9856E-05 9.9856E-05 9.9856E-05
9.98738E-05 9.98738E-05 9.98738E-05 0.0484798 9.98738E-05 0.456717 0.0440287 9.98738E-05 9.98738E-05 0.0550909 9.98738E-05 0.339655 9.98738E-05 0.05463 9.98738E-05 9.98738E-05 9.98738E-05 9.98738E-05 9.98738E-05 9.98738E-05
9.98918E-05 0.174919 0.00481251 9.98918E-05 9.98918E-05 9.98918E-05 0.0607868 9.98918E-05 9.98918E-05 0.0225051 9.98918E-05 9.98918E-05 9.98918E-05 0.618433 9.98918E-05 9.98918E-05 0.0510401 9.98918E-05 0.0120797 0.0542257
9.98739E-05 9.98739E-05 0.0361376 9.98739E-05 9.98739E-05 0.272328 9.98739E-05 9.98739E-05 0.172458 9.98739E-05 9.98739E-05 0.486903 0.0192441 9.98739E-05 9.98739E-05 9.98739E-05 9.98739E-05 9.98739E-05 0.0115314 9.98739E-05
9.98829E-05 9.98829E-05 9.98829E-05 9.98829E-05 9.98829E-05 0.0701647 0.151109 0.154256 0.211479 9.98829E-05 9.98829E-05 0.259925 9.98829E-05 9.98829E-05 9.98829E-05 9.98829E-05 0.114556 9.98829E-05 9.98829E-05 0.0372115
0.0229798 0.0810884 9.99098E-05 9.99098E-05 9.99098E-05 0.312751 9.99098E-05 0.0187622 9.99098E-05 0.0240716 9.99098E-05 9.99098E-05 9.99098E-05 0.0176456 0.00450505 0.365006 9.99098E-05 9.99098E-05 0.097152 0.0550399
0.00823273 0.219171 9.98918E-05 9.98918E-05 9.98918E-05 0.12313 9.98918E-05 9.98918E-05 9.98918E-05 9.98918E-05 9.98918E-05 0.0636581 0.00501371 0.565624 9.98918E-05 9.98918E-05 9.98918E-05 0.000922443 0.013049 9.98918E-05
9.98829E-05 0.122029 9.98829E-05 9.98829E-05 9.98829E-05 0.293172 0.0245198 9.98829E-05 9.98829E-05 0.16834 9.98829E-05 9.98829E-05 9.98829E-05 0.0529802 9.98829E-05 0.300361 9.98829E-05 9.98829E-05 0.0372995 9.98829E-05
9.98919E-05 9.98919E-05 9.98919E-05 9.98919E-05 0.00221389 0.149305 9.98919E-05 9.98919E-05 0.250045 0.0324024 9.98919E-05 0.259283 9.98919E-05 0.0829312 0.0240392 0.198581 9.98919E-05 9.98919E-05 9.98919E-05 9.98919E-05
9.98828E-05 0.138673 0.000743107 9.98828E-05 9.98828E-05 9.98828E-05 9.98828E-05 9.98828E-05 9.98828E-05 0.016316 9.98828E-05 0.0653748 9.98828E-05 9.98828E-05 9.98828E-05 9.98828E-05 0.000911556 9.98828E-05 0.760265 0.0164185
9.99008E-05 9.99008E-05 0.00186691 0.314363 9.99008E-05 9.99008E-05 0.130051 0.0205161 0.207221 9.99008E-05 9.99008E-05 0.0551012 9.99008E-05 0.131071 9.99008E-05 0.132059 9.99008E-05 9.99008E-05 9.99008E-05 0.00665193
9.98918E-05 9.98918E-05 9.98918E-05 0.0626161 9.98918E-05 9.98918E-05 9.98918E-05 9.98918E-05 0.0360729 9.98918E-05 0.124981 0.404482 9.98918E-05 9.98918E-05 9.98918E-05 0.308239 0.000145893 9.98918E-05 0.0427909 0.019473
0.00477932 0.133861 9.98919E-05 9.98919E-05 9.98919E-05 0.214357 9.98919E-05 0.16699 0.428732 9.98919E-05 9.98919E-05 9.98919E-05 0.0256406 9.98919E-05 0.00362874 9.98919E-05 0.0208127 9.98919E-05 9.98919E-05 9.98919E-05
9.98649E-05 9.98649E-05 9.98649E-05 9.98649E-05 9.98649E-05 0.0348627 9.98649E-05 9.98649E-05 9.98649E-05 9.98649E-05 9.98649E-05 9.98649E-05 9.98649E-05 0.562279 9.98649E-05 0.264685 9.98649E-05 0.0469301 9.98649E-05 0.0897455
9.98558E-05 9.98558E-05 9.98558E-05 0.368123 9.98558E-05 9.98558E-05 0.0549405 9.98558E-05 9.98558E-05 9.98558E-05 9.98558E-05 0.355276 9.98558E-05 9.98558E-05 9.98558E-05 0.220063 9.98558E-05 9.98558E-05 9.98558E-05 9.98558E-05
0.0557914 0.275883 9.98827E-05 9.98827E-05 9.98827E-05 0.0962603 9.98827E-05 9.98827E-05 0.0251361 9.98827E-05 9.98827E-05 9.98827E-05 0.0465361 0.152725 9.98827E-05 9.98827E-05 9.98827E-05 9.98827E-05 0.346369 9.98827E-05
9.98649E-05 0.101491 9.98649E-05 9.98649E-05 9.98649E-05 0.186729 9.98649E-05 9.98649E-05 9.98649E-05 9.98649E-05 9.98649E-05 0.0579605 9.98649E-05 0.64281 9.98649E-05 9.98649E-05 9.98649E-05 9.98649E-05 0.00951181 9.98649E-05
9.98647E-05 0.243429 9.98647E-05 0.00301599 9.98647E-05 0.161345 9.98647E-05 9.98647E-05 9.98647E-05 9.98647E-05 9.98647E-05 9.98647E-05 9.98647E-05 0.389603 9.98647E-05 0.201109 9.98647E-05 9.98647E-05 9.98647E-05 9.98647E-05
9.98829E-05 9.98829E-05 9.98829E-05 9.98829E-05 9.98829E-05 9.98829E-05 9.98829E-05 0.0603609 0.139573 9.98829E-05 0.141503 0.302112 9.98829E-05 0.176824 0.00095435 0.177375 9.98829E-05 9.98829E-05 9.98829E-05 9.98829E-05
9.98739E-05 9.98739E-05 0.748287 0.162669 0.0163826 9.98739E-05 9.98739E-05 9.98739E-05 9.98739E-05 9.98739E-05 9.98739E-05 9.98739E-05 9.98739E-05 9.98739E-05 0.0243999 9.98739E-05 0.0252879 9.98739E-05 0.0215754 9.98739E-05
9.98559E-05 9.98559E-05 0.808944 9.98559E-05 0.0968032 9.98559E-05 9.98559E-05 9.98559E-05 0.0356684 9.98559E-05 9.98559E-05 9.98559E-05 0.0569869 9.98559E-05 9.98559E-05 9.98559E-05 9.98559E-05 9.98559E-05 9.98559E-05 9.98559E-05
0.0248254 9.98557E-05 0.863438 9.98557E-05 9.98557E-05 0.106145 9.98557E-05 9.98557E-05 9.98557E-05 9.98557E-05 9.98557E-05 9.98557E-05 9.98557E-05 9.98557E-05 0.00399402 9.98557E-05 9.98557E-05 9.98557E-05 9.98557E-05 9.98557E-05
9.98649E-05 9.98649E-05 0.643741 9.98649E-05 0.0334493 9.98649E-05 9.98649E-05 9.98649E-05 0.0424339 9.98649E-05 0.248736 9.98649E-05 9.98649E-05 9.98649E-05 9.98649E-05 9.98649E-05 0.0301417 9.98649E-05 9.98649E-05 9.98649E-05
9.98739E-05 9.98739E-05 0.724937 0.0315414 9.98739E-05 9.98739E-05 9.98739E-05 9.98739E-05 0.151897 0.0228064 9.98739E-05 0.0642801 9.98739E-05 9.98739E-05 9.98739E-05 9.98739E-05 0.00313999 9.98739E-05 9.98739E-05 9.98739E-05
0.122566 9.98917E-05 0.36319 9.98917E-05 9.98917E-05 9.98917E-05 9.98917E-05 9.98917E-05 9.98917E-05 0.0172378 9.98917E-05 9.98917E-05 9.98917E-05 0.192798 0.00807248 0.0555299 9.98917E-05 0.235248 0.00415886 9.98917E-05
9.99098E-05 9.99098E-05 0.290713 0.0796713 9.99098E-05 9.99098E-05 0.0278563 9.99098E-05 0.00380999 0.057785 9.99098E-05 0.114565 9.99098E-05 9.99098E-05 0.300007 0.0514843 0.0517835 9.99098E-05 9.99098E-05 0.021326
9.98559E-05 9.98559E-05 0.105851 9.98559E-05 9.98559E-05 9.98559E-05 9.98559E-05 9.98559E-05 9.98559E-05 9.98559E-05 9.98559E-05 9.98559E-05 0.195733 9.98559E-05 9.98559E-05 9.98559E-05 0.0423177 0.654501 9.98559E-05 9.98559E-05
9.991E-05 9.991E-05 0.225749 0.10606 0.156 9.991E-05 0.120352 0.0225372 9.991E-05 0.0241005 0.027541 9.991E-05 0.0578774 9.991E-05 0.184055 9.991E-05 0.0747283 9.991E-05 9.991E-05 9.991E-05
0.021346 9.98918E-05 0.784258 9.98918E-05 9.98918E-05 0.0124807 9.98918E-05 0.0430748 9.98918E-05 9.98918E-05 9.98918E-05 9.98918E-05 9.98918E-05 0.00860361 0.018664 9.98918E-05 9.98918E-05 0.0129787 0.0973957 9.98918E-05
9.9847E-05 9.9847E-05 0.859144 9.9847E-05 0.0304221 9.9847E-05 9.9847E-05 9.9847E-05 0.108736 9.9847E-05 9.9847E-05 9.9847E-05 9.9847E-05 9.9847E-05 9.9847E-05 9.9847E-05 9.9847E-05 9.9847E-05 9.9847E-05 9.9847E-05
9.98741E-05 9.98741E-05 0.379369 0.00369873 9.98741E-05 9.98741E-05 9.98741E-05 9.98741E-05 0.0344155 9.98741E-05 0.1189 9.98741E-05 9.98741E-05 9.98741E-05 9.98741E-05 0.0526585 9.98741E-05 0.409559 9.98741E-05 9.98741E-05
0.131278 9.98647E-05 9.98647E-05 9.98647E-05 9.98647E-05 9.98647E-05 9.98647E-05 0.0774343 9.98647E-05 9.98647E-05 9.98647E-05 9.98647E-05 9.98647E-05 9.98647E-05 0.574528 9.98647E-05 9.98647E-05 0.181035 0.0342267 9.98647E-05
9.98556E-05 9.98556E-05 0.403051 9.98556E-05 9.98556E-05 9.98556E-05 9.98556E-05 9.98556E-05 9.98556E-05 9.98556E-05 9.98556E-05 9.98556E-05 9.98556E-05 0.0095616 9.98556E-05 9.98556E-05 9.98556E-05 0.526716 0.0590737 9.98556E-05
0.00586731 0.0206229 0.564756 9.98918E-05 9.98918E-05 0.0300772 9.98918E-05 9.98918E-05 9.98918E-05 0.0107982 9.98918E-05 9.98918E-05 9.98918E-05 0.123293 9.98918E-05 0.0501689 9.98918E-05 0.193217 9.98918E-05 9.98918E-05
9.98469E-05 9.98469E-05 0.829207 9.98469E-05 9.98469E-05 9.98469E-05 9.98469E-05 9.98469E-05 0.128766 9.98469E-05 9.98469E-05 9.98469E-05 9.98469E-05 9.98469E-05 9.98469E-05 0.0403298 9.98469E-05 9.98469E-05 9.98469E-05 9.98469E-05
9.98559E-05 9.98559E-05 0.757361 0.115423 9.98559E-05 9.98559E-05 9.98559E-05 9.98559E-05 9.98559E-05 9.98559E-05 9.98559E-05 0.073954 9.98559E-05 9.98559E-05 9.98559E-05 9.98559E-05 0.0516641 9.98559E-05 9.98559E-05 9.98559E-05
9.98469E-05 9.98469E-05 0.61358 0.304456 9.98469E-05 9.98469E-05 9.98469E-05 9.98469E-05 9.98469E-05 9.98469E-05 9.98469E-05 9.98469E-05 9.98469E-05 9.98469E-05 9.98469E-05 9.98469E-05 9.98469E-05 0.0802664 9.98469E-05 9.98469E-05
9.98559E-05 9.98559E-05 0.68389 9.98559E-05 9.98559E-05 9.98559E-05 9.98559E-05 9.98559E-05 9.98559E-05 9.98559E-05 0.215085 0.0502334 9.98559E-05 9.98559E-05 9.98559E-05 9.98559E-05 0.0491933 9.98559E-05 9.98559E-05 9.98559E-05
0.731886 9.98557E-05 9.98557E-05 9.98557E-05 9.98557E-05 0.0582822 9.98557E-05 9.98557E-05 9.98557E-05 9.98557E-05 9.98557E-05 0.0254351 9.98557E-05 9.98557E-05 9.98557E-05 9.98557E-05 0.182799 9.98557E-05 9.98557E-05 9.98557E-05
0.663707 9.9856E-05 9.9856E-05 9.9856E-05 9.9856E-05 9.9856E-05 9.9856E-05 0.00702358 9.9856E-05 9.9856E-05 9.9856E-05 9.9856E-05 0.141282 9.9856E-05 9.9856E-05 9.9856E-05 9.9856E-05 0.186389 9.9856E-05 9.9856E-05
0.164487 9.98739E-05 9.98739E-05 9.98739E-05 0.0239745 9.98739E-05 9.98739E-05 9.98739E-05 9.98739E-05 0.10005 9.98739E-05 9.98739E-05 9.98739E-05 9.98739E-05 9.98739E-05 9.98739E-05 9.98739E-05 0.650016 0.0357252 0.0243485
0.405297 9.98739E-05 9.98739E-05 9.98739E-05 0.0102244 9.98739E-05 9.98739E-05 9.98739E-05 9.98739E-05 9.98739E-05 0.359481 9.98739E-05 0.0887593 9.98739E-05 0.0556456 9.98739E-05 0.0791944 9.98739E-05 9.98739E-05 9.98739E-05
0.643792 9.98558E-05 0.248362 9.98558E-05 9.98558E-05 0.0599883 9.98558E-05 9.98558E-05 9.98558E-05 9.98558E-05 9.98558E-05 9.98558E-05 9.98558E-05 9.98558E-05 9.98558E-05 9.98558E-05 9.98558E-05 9.98558E-05 0.0462609 9.98558E-05
0.338675 0.0165349 9.98827E-05 9.98827E-05 0.241239 9.98827E-05 9.98827E-05 9.98827E-05 9.98827E-05 9.98827E-05 9.98827E-05 9.98827E-05 9.98827E-05 0.0429766 9.98827E-05 0.0354097 9.98827E-05 0.289909 9.98827E-05 0.033957
9.98559E-05 9.98559E-05 9.98559E-05 9.98559E-05 9.98559E-05 9.98559E-05 0.00667058 9.98559E-05 9.98559E-05 9.98559E-05 0.177017 0.12611 9.98559E-05 9.98559E-05 0.688605 9.98559E-05 9.98559E-05 9.98559E-05 9.98559E-05 9.98559E-05
0.212572 9.98738E-05 9.98738E-05 9.98738E-05 0.155359 9.98738E-05 0.146904 9.98738E-05 9.98738E-05 9.98738E-05 9.98738E-05 0.0842209 9.98738E-05 9.98738E-05 9.98738E-05 0.0668215 0.332724 9.98738E-05 9.98738E-05 9.98738E-05
0.275165 9.98648E-05 0.0333491 9.98648E-05 9.98648E-05 9.98648E-05 9.98648E-05 9.98648E-05 9.98648E-05 9.98648E-05 9.98648E-05 9.98648E-05 9.98648E-05 0.0838595 9.98648E-05 0.0231501 9.98648E-05 0.582978 9.98648E-05 9.98648E-05
0.761656 9.98761E-05 9.98761E-05 0.0604598 9.98761E-05 0.0178913 9.98761E-05 9.98761E-05 9.98761E-05 0.00361553 9.98761E-05 9.98761E-05 9.98761E-05 9.98761E-05 9.98761E-05 0.0319291 0.12305 9.98761E-05 9.98761E-05 9.98761E-05
0.334473 0.0134793 9.98469E-05 9.98469E-05 9.98469E-05 9.98469E-05 9.98469E-05 9.98469E-05 9.98469E-05 9.98469E-05 9.98469E-05 9.98469E-05 0.65035 9.98469E-05 9.98469E-05 9.98469E-05 9.98469E-05 9.98469E-05 9.98469E-05 9.98469E-05
0.438139 9.9865E-05 9.9865E-05 9.9865E-05 0.113307 9.9865E-05 0.202884 9.9865E-05 9.9865E-05 0.0610894 9.9865E-05 9.9865E-05 9.9865E-05 9.9865E-05 9.9865E-05 9.9865E-05 0.183083 9.9865E-05 9.9865E-05 9.9865E-05
0.721514 9.9856E-05 9.9856E-05 9.9856E-05 0.0203686 9.9856E-05 9.9856E-05 9.9856E-05 9.9856E-05 9.9856E-05 9.9856E-05 9.9856E-05 0.227749 9.9856E-05 9.9856E-05 9.9856E-05 9.9856E-05 0.0287706 9.9856E-05 9.9856E-05
0.0102115 9.98375E-05 9.98375E-05 9.98375E-05 0.987991 9.98375E-05 9.98375E-05 9.98375E-05 9.98375E-05 9.98375E-05 9.98375E-05 9.98375E-05 9.98375E-05 9.98375E-05 9.98375E-05 9.98375E-05 9.98375E-05 9.98375E-05 9.98375E-05 9.98375E-05
0.00292783 9.99187E-05 0.0417728 0.172131 0.107912 9.99187E-05 9.99187E-05 9.99187E-05 0.0206658 0.0133062 9.99187E-05 0.0165498 9.99187E-05 9.99187E-05 0.200531 0.125628 0.233113 0.0645645 9.99187E-05 9.99187E-05
0.291877 9.98739E-05 9.98739E-05 0.180349 0.0531687 9.98739E-05 9.98739E-05 9.98739E-05 9.98739E-05 0.0390861 9.98739E-05 9.98739E-05 9.98739E-05 9.98739E-05 9.98739E-05 0.324932 0.10919 9.98739E-05 9.98739E-05 9.98739E-05
9.98828E-05 9.98828E-05 9.98828E-05 9.98828E-05 0.63945 9.98828E-05 0.00944831 9.98828E-05 9.98828E-05 0.0335546 0.166035 0.0812715 9.98828E-05 0.0301109 0.038831 9.98828E-05 9.98828E-05 9.98828E-05 9.98828E-05 9.98828E-05
9.98559E-05 9.98559E-05 0.340571 9.98559E-05 9.98559E-05 9.98559E-05 9.98559E-05 9.98559E-05 9.98559E-05 0.21866 0.393387 0.0457839 9.98559E-05 9.98559E-05 9.98559E-05 9.98559E-05 9.98559E-05 9.98559E-05 9.98559E-05 9.98559E-05
0.662452 0.0120933 9.98918E-05 9.98918E-05 9.98918E-05 9.98918E-05 9.98918E-05 0.0296438 9.98918E-05 9.98918E-05 9.98918E-05 9.98918E-05 9.98918E-05 0.0243032 0.0515154 9.98918E-05 0.0848565 0.0805219 0.0534155 9.98918E-05
0.180555 9.98738E-05 9.98738E-05 9.98738E-05 0.221317 9.98738E-05 9.98738E-05 9.98738E-05 0.0544798 0.278276 9.98738E-05 9.98738E-05 0.142426 9.98738E-05 9.98738E-05 9.98738E-05 0.121548 9.98738E-05 9.98738E-05 9.98738E-05
0.752009 9.98738E-05 9.98738E-05 9.98738E-05 9.98738E-05 9.98738E-05 9.98738E-05 9.98738E-05 9.98738E-05 0.0108299 9.98738E-05 9.98738E-05 0.104278 0.0218274 9.98738E-05 9.98738E-05 9.98738E-05 0.0823518 0.027305 9.98738E-05
0.324199 9.98558E-05 9.98558E-05 0.0387979 0.129146 9.98558E-05 9.98558E-05 9.98558E-05 9.98558E-05 9.98558E-05 9.98558E-05 9.98558E-05 9.98558E-05 9.98558E-05 9.98558E-05 9.98558E-05 0.506259 9.98558E-05 9.98558E-05 9.98558E-05
0.340007 9.98827E-05 0.0306657 0.0307766 9.98827E-05 0.0278185 9.98827E-05 9.98827E-05 9.98827E-05 9.98827E-05 9.98827E-05 9.98827E-05 9.98827E-05 9.98827E-05 0.169397 0.0567086 0.343328 9.98827E-05 9.98827E-05 9.98827E-05
0.494031 9.98918E-05 9.98918E-05 0.0524952 9.98918E-05 9.98918E-05 0.0624071 9.98918E-05 9.98918E-05 0.0352047 9.98918E-05 0.0816999 9.98918E-05 9.98918E-05 0.000231128 0.0888159 0.183916 9.98918E-05 9.98918E-05 9.98918E-05
9.98647E-05 9.98647E-05 9.98647E-05 9.98647E-05 9.98647E-05 9.98647E-05 9.98647E-05 0.123769 9.98647E-05 9.98647E-05 9.98647E-05 9.98647E-05 9.98647E-05 0.0345377 0.354188 9.98647E-05 0.109518 0.37649 9.98647E-05 9.98647E-05
9.98558E-05 9.98558E-05 0.0332704 9.98558E-05 9.98558E-05 9.98558E-05 9.98558E-05 9.98558E-05 9.98558E-05 9.98558E-05 0.274946 9.98558E-05 9.98558E-05 9.98558E-05 9.98558E-05 9.98558E-05 0.652922 0.0372646 9.98558E-05 9.98558E-05
9.98647E-05 0.100553 9.98647E-05 9.98647E-05 9.98647E-05 9.98647E-05 9.98647E-05 9.98647E-05 9.98647E-05 0.102789 9.98647E-05 9.98647E-05 9.98647E-05 0.164307 9.98647E-05 9.98647E-05 0.26509 0.365764 9.98647E-05 9.98647E-05
0.0786527 9.99008E-05 0.0457939 0.118189 9.99008E-05 9.99008E-05 9.99008E-05 9.99008E-05 0.132175 0.00125827 9.99008E-05 9.99008E-05 9.99008E-05 0.0183858 0.474548 0.083948 0.0459495 9.99008E-05 9.99008E-05 9.99008E-05
9.9838E-05 9.9838E-05 9.9838E-05 9.9838E-05 9.9838E-05 9.9838E-05 0.0805104 9.9838E-05 9.9838E-05 9.9838E-05 9.9838E-05 9.9838E-05 9.9838E-05 9.9838E-05 9.9838E-05 9.9838E-05 0.917692 9.9838E-05 9.9838E-05 9.9838E-05
9.9856E-05 9.9856E-05 9.9856E-05 0.173929 9.9856E-05 9.9856E-05 9.9856E-05 9.9856E-05 9.9856E-05 9.9856E-05 9.9856E-05 9.9856E-05 0.0161923 9.9856E-05 9.9856E-05 9.9856E-05 0.778098 0.0301826 9.9856E-05 9.9856E-05
9.98557E-05 0.0667685 9.98557E-05 9.98557E-05 9.98557E-05 9.98557E-05 9.98557E-05 9.98557E-05 9.98557E-05 0.0241954 9.98557E-05 9.98557E-05 9.98557E-05 0.0337607 0.873678 9.98557E-05 9.98557E-05 9.98557E-05 9.98557E-05 9.98557E-05
0.0197495 9.98648E-05 0.0843007 9.98648E-05 9.98648E-05 0.133081 9.98648E-05 9.98648E-05 9.98648E-05 9.98648E-05 9.98648E-05 9.98648E-05 9.98648E-05 9.98648E-05 0.587263 9.98648E-05 9.98648E-05 0.174107 9.98648E-05 9.98648E-05
9.98467E-05 9.98467E-05 9.98467E-05 9.98467E-05 9.98467E-05 9.98467E-05 9.98467E-05 9.98467E-05 9.98467E-05 9.98467E-05 9.98467E-05 9.98467E-05 0.188832 9.98467E-05 0.47292 9.98467E-05 9.98467E-05 0.336551 9.98467E-05 9.98467E-05
0.046723 0.1908 9.98557E-05 9.98557E-05 9.98557E-05 9.98557E-05 9.98557E-05 9.98557E-05 9.98557E-05 9.98557E-05 9.98557E-05 9.98557E-05 9.98557E-05 9.98557E-05 9.98557E-05 9.98557E-05 0.207493 0.553386 9.98557E-05 9.98557E-05
9.9847E-05 9.9847E-05 0.662683 9.9847E-05 9.9847E-05 9.9847E-05 0.12128 9.9847E-05 9.9847E-05 9.9847E-05 0.21434 9.9847E-05 9.9847E-05 9.9847E-05 9.9847E-05 9.9847E-05 9.9847E-05 9.9847E-05 9.9847E-05 9.9847E-05
0.163176 9.98645E-05 9.98645E-05 9.98645E-05 9.98645E-05 9.98645E-05 9.98645E-05 0.0116578 9.98645E-05 9.98645E-05 9.98645E-05 9.98645E-05 9.98645E-05 0.120118 9.98645E-05 9.98645E-05 0.36413 0.33942 9.98645E-05 9.98645E-05
9.98558E-05 9.98558E-05 9.98558E-05 0.00131542 9.98558E-05 0.00799415 9.98558E-05 9.98558E-05 9.98558E-05 9.98558E-05 9.98558E-05 9.98558E-05 9.98558E-05 9.98558E-05 0.453547 9.98558E-05 0.535546 9.98558E-05 9.98558E-05 9.98558E-05
9.98649E-05 0.0175945 0.0168723 9.98649E-05 9.98649E-05 9.98649E-05 9.98649E-05 9.98649E-05 0.159418 9.98649E-05 9.98649E-05 0.152519 9.98649E-05 9.98649E-05 0.652098 9.98649E-05 9.98649E-05 9.98649E-05 9.98649E-05 9.98649E-05
9.98646E-05 0.0591493 0.616971 9.98646E-05 9.98646E-05 9.98646E-05 9.98646E-05 9.98646E-05 9.98646E-05 9.98646E-05 9.98646E-05 9.98646E-05 9.98646E-05 0.035417 9.98646E-05 9.98646E-05 9.98646E-05 0.205188 0.0817759 9.98646E-05
9.98649E-05 0.0811491 9.98649E-05 9.98649E-05 9.98649E-05 9.98649E-05 0.00532677 9.98649E-05 0.0531857 9.98649E-05 9.98649E-05 9.98649E-05 9.98649E-05 9.98649E-05 0.0428779 9.98649E-05 9.98649E-05 0.815963 9.98649E-05 9.98649E-05
0.0227132 9.98557E-05 0.57731 9.98557E-05 9.98557E-05 9.98557E-05 9.98557E-05 9.98557E-05 9.98557E-05 9.98557E-05 9.98557E-05 9.98557E-05 9.98557E-05 0.0942837 9.98557E-05 9.98557E-05 9.98557E-05 0.304096 9.98557E-05 9.98557E-05
0.0767695 9.98918E-05 0.224579 9.98918E-05 9.98918E-05 0.0833395 9.98918E-05 0.0542452 9.98918E-05 0.0245212 9.98918E-05 9.98918E-05 0.0426485 9.98918E-05 0.424806 9.98918E-05 9.98918E-05 0.0678923 9.98918E-05 9.98918E-05
0.0583247 9.98739E-05 0.0677014 9.98739E-05 9.98739E-05 9.98739E-05 9.98739E-05 9.98739E-05 9.98739E-05 9.98739E-05 9.98739E-05 9.98739E-05 0.458481 9.98739E-05 0.0911534 9.98739E-05 0.0444275 0.278514 9.98739E-05 9.98739E-05
0.0610111 9.99008E-05 0.161327 9.99008E-05 0.0634761 9.99008E-05 9.99008E-05 9.99008E-05 0.22914 0.0118451 0.0329946 9.99008E-05 9.99008E-05 9.99008E-05 0.00622112 9.99008E-05 0.303357 0.129529 9.99008E-05 9.99008E-05
0.495886 0.0135394 9.98739E-05 9.98739E-05 0.0137376 9.98739E-05 9.98739E-05 9.98739E-05 0.189871 9.98739E-05 9.98739E-05 9.98739E-05 9.98739E-05 9.98739E-05 9.98739E-05 9.98739E-05 0.250464 0.0351038 9.98739E-05 9.98739E-05
0.162019 9.98739E-05 0.0210548 9.98739E-05 0.339195 9.98739E-05 9.98739E-05 9.98739E-05 0.259261 0.107501 9.98739E-05 9.98739E-05 9.98739E-05 9.98739E-05 9.98739E-05 9.98739E-05 9.98739E-05 0.109572 9.98739E-05 9.98739E-05
0.275433 0.0231713 9.98737E-05 9.98737E-05 9.98737E-05 9.98737E-05 9.98737E-05 9.98737E-05 9.98737E-05 9.98737E-05 9.98737E-05 9.98737E-05 9.98737E-05 0.0323795 9.98737E-05 9.98737E-05 0.253472 0.371183 0.042963 9.98737E-05
0.248154 9.99008E-05 0.066425 0.0599242 0.159474 0.0220335 9.99008E-05 0.0312406 9.99008E-05 9.99008E-05 9.99008E-05 9.99008E-05 9.99008E-05 9.99008E-05 0.0512283 9.99008E-05 0.345675 9.99008E-05 0.0147466 9.99008E-05
9.98649E-05 9.98649E-05 9.98649E-05 9.98649E-05 9.98649E-05 9.98649E-05 9.98649E-05 9.98649E-05 0.0260742 0.0287454 9.98649E-05 0.05483 9.98649E-05 9.98649E-05 0.031817 9.98649E-05 0.857035 9.98649E-05 9.98649E-05 9.98649E-05
9.98557E-05 9.98557E-05 0.202936 9.98557E-05 9.98557E-05 9.98557E-05 9.98557E-05 9.98557E-05 9.98557E-05 0.603313 9.98557E-05 9.98557E-05 9.98557E-05 0.112121 9.98557E-05 9.98557E-05 9.98557E-05 9.98557E-05 0.080033 9.98557E-05
0.20603 0.158697 9.98557E-05 9.98557E-05 9.98557E-05 9.98557E-05 9.98557E-05 9.98557E-05 9.98557E-05 0.439791 9.98557E-05 9.98557E-05 9.98557E-05 9.98557E-05 9.98557E-05 9.98557E-05 9.98557E-05 0.193885 9.98557E-05 9.98557E-05
9.98648E-05 9.98648E-05 0.159703 9.98648E-05 9.98648E-05 9.98648E-05 0.135991 9.98648E-05 9.98648E-05 0.524151 9.98648E-05 9.98648E-05 9.98648E-05 9.98648E-05 0.156512 0.0221442 9.98648E-05 9.98648E-05 9.98648E-05 9.98648E-05
0.202168 0.175382 9.98827E-05 9.98827E-05 9.98827E-05 9.98827E-05 9.98827E-05 9.98827E-05 9.98827E-05 0.55553 9.98827E-05 9.98827E-05 9.98827E-05 0.0140812 9.98827E-05 0.0020081 0.00494641 0.044586 9.98827E-05 9.98827E-05
0.0232449 0.113834 9.98557E-05 9.98557E-05 9.98557E-05 9.98557E-05 9.98557E-05 9.98557E-05 9.98557E-05 0.799219 9.98557E-05 9.98557E-05 9.98557E-05 9.98557E-05 9.98557E-05 9.98557E-05 9.98557E-05 0.0621043 9.98557E-05 9.98557E-05
9.98558E-05 9.98558E-05 9.98558E-05 9.98558E-05 9.98558E-05 9.98558E-05 0.203827 9.98558E-05 9.98558E-05 0.671808 9.98558E-05 0.054738 9.98558E-05 9.98558E-05 9.98558E-05 9.98558E-05 0.0680293 9.98558E-05 9.98558E-05 9.98558E-05
0.24808 0.0247389 9.98828E-05 9.98828E-05 9.98828E-05 0.0465243 9.98828E-05 9.98828E-05 9.98828E-05 0.378501 9.98828E-05 9.98828E-05 9.98828E-05 0.0675292 9.98828E-05 0.0507674 0.182561 9.98828E-05 9.98828E-05 9.98828E-05
0.0877885 9.98558E-05 9.98558E-05 9.98558E-05 9.98558E-05 0.0535864 9.98558E-05 9.98558E-05 9.98558E-05 0.841058 9.98558E-05 9.98558E-05 9.98558E-05 9.98558E-05 9.98558E-05 9.98558E-05 9.98558E-05 9.98558E-05 0.0159696 9.98558E-05
9.98828E-05 0.0551549 9.98828E-05 9.98828E-05 9.98828E-05 9.98828E-05 9.98828E-05 0.502242 9.98828E-05 9.98828E-05 9.98828E-05 9.98828E-05 0.403814 9.98828E-05 0.0122271 9.98828E-05 0.00381015 0.00283985 9.98828E-05 0.0186132
0.134858 0.122608 0.0180989 9.9883E-05 9.9883E-05 9.9883E-05 9.9883E-05 0.541175 0.0154539 9.9883E-05 9.9883E-05 9.9883E-05 0.160342 9.9883E-05 9.9883E-05 9.9883E-05 9.9883E-05 9.9883E-05 0.00616492 9.9883E-05
0.019875 9.98829E-05 9.98829E-05 9.98829E-05 0.0134817 9.98829E-05 9.98829E-05 0.751233 0.0190995 9.98829E-05 0.155853 9.98829E-05 0.0284758 9.98829E-05 9.98829E-05 9.98829E-05 9.98829E-05 0.010684 9.98829E-05 9.98829E-05
9.9865E-05 9.9865E-05 9.9865E-05 9.9865E-05 9.9865E-05 9.9865E-05 0.443033 0.426763 9.9865E-05 0.00667276 9.9865E-05 9.9865E-05 9.9865E-05 0.0457288 9.9865E-05 0.0763047 9.9865E-05 9.9865E-05 9.9865E-05 9.9865E-05
9.98828E-05 9.98828E-05 9.98828E-05 9.98828E-05 9.98828E-05 9.98828E-05 9.98828E-05 0.576924 9.98828E-05 0.000598511 9.98828E-05 9.98828E-05 0.182442 0.0476247 9.98828E-05 9.98828E-05 9.98828E-05 0.0629453 0.0605613 0.0676063
9.99008E-05 9.99008E-05 9.99008E-05 9.99008E-05 9.99008E-05 0.138012 0.2193 0.124716 0.0372427 0.019357 9.99008E-05 0.0166893 9.99008E-05 0.385701 0.0560097 0.0018726 9.99008E-05 9.99008E-05 9.99008E-05 9.99008E-05
9.98557E-05 0.330347 9.98557E-05 9.98557E-05 9.98557E-05 9.98557E-05 9.98557E-05 0.402999 9.98557E-05 9.98557E-05 9.98557E-05 0.00478302 9.98557E-05 0.260274 9.98557E-05 9.98557E-05 9.98557E-05 9.98557E-05 9.98557E-05 9.98557E-05
0.0169848 9.98648E-05 9.98648E-05 9.98648E-05 9.98648E-05 9.98648E-05 9.98648E-05 0.645345 9.98648E-05 0.00310225 9.98648E-05 9.98648E-05 0.293945 0.0391241 9.98648E-05 9.98648E-05 9.98648E-05 9.98648E-05 9.98648E-05 9.98648E-05
0.0194963 0.0174741 0.00332945 9.99099E-05 9.99099E-05 0.0316655 9.99099E-05 0.674468 9.99099E-05 0.005869 9.99099E-05 9.99099E-05 9.99099E-05 0.0599842 0.0473152 0.0645487 9.99099E-05 9.99099E-05 0.0748509 9.99099E-05
9.98829E-05 9.98829E-05 0.00649357 0.232859 0.0946203 9.98829E-05 0.0325737 0.506554 9.98829E-05 9.98829E-05 9.98829E-05 0.0769202 9.98829E-05 9.98829E-05 9.98829E-05 9.98829E-05 0.0486799 9.98829E-05 9.98829E-05 9.98829E-05
9.98648E-05 9.98648E-05 9.98648E-05 9.98648E-05 9.98648E-05 9.98648E-05 9.98648E-05 0.153906 9.98648E-05 9.98648E-05 9.98648E-05 9.98648E-05 0.663857 9.98648E-05 9.98648E-05 0.00761381 9.98648E-05 0.0215193 9.98648E-05 0.151607
9.98738E-05 0.0975588 9.98738E-05 0.38803 9.98738E-05 9.98738E-05 9.98738E-05 0.389583 9.98738E-05 9.98738E-05 9.98738E-05 0.0537161 9.98738E-05 9.98738E-05 9.98738E-05 9.98738E-05 0.0168073 9.98738E-05 9.98738E-05 0.0529064
9.98738E-05 9.98738E-05 9.98738E-05 9.98738E-05 9.98738E-05 0.0206451 9.98738E-05 0.713046 9.98738E-05 9.98738E-05 9.98738E-05 9.98738E-05 0.00213319 0.141945 9.98738E-05 9.98738E-05 9.98738E-05 0.108487 0.0123454 9.98738E-05
9.98828E-05 9.98828E-05 9.98828E-05 0.122693 9.98828E-05 0.195342 9.98828E-05 0.48493 9.98828E-05 0.0374486 9.98828E-05 9.98828E-05 9.98828E-05 0.0651752 0.0198121 0.0733 9.98828E-05 9.98828E-05 9.98828E-05 9.98828E-05
9.98739E-05 9.98739E-05 0.0449169 9.98739E-05 0.0199223 0.168314 9.98739E-05 0.599917 9.98739E-05 9.98739E-05 9.98739E-05 0.00579153 9.98739E-05 9.98739E-05 9.98739E-05 9.98739E-05 9.98739E-05 9.98739E-05 0.15974 9.98739E-05
9.98919E-05 0.00446729 0.031063 9.98919E-05 9.98919E-05 9.98919E-05 0.0146372 0.275027 9.98919E-05 9.98919E-05 9.98919E-05 0.0143059 9.98919E-05 0.58172 0.0234905 9.98919E-05 9.98919E-05 9.98919E-05 0.0540904 9.98919E-05
9.98737E-05 9.98737E-05 9.98737E-05 9.98737E-05 9.98737E-05 9.98737E-05 0.18869 0.402865 0.211651 0.0190886 9.98737E-05 0.104474 9.98737E-05 9.98737E-05 9.98737E-05 9.98737E-05 0.0718326 9.98737E-05 9.98737E-05 9.98737E-05
9.98647E-05 0.0148744 9.98647E-05 9.98647E-05 9.98647E-05 9.98647E-05 9.98647E-05 0.360363 0.056448 9.98647E-05 0.550766 0.0160509 9.98647E-05 9.98647E-05 9.98647E-05 9.98647E-05 9.98647E-05 9.98647E-05 9.98647E-05 9.98647E-05
0.141993 0.055729 0.044399 9.98739E-05 9.98739E-05 0.102773 9.98739E-05 0.538362 9.98739E-05 9.98739E-05 9.98739E-05 9.98739E-05 9.98739E-05 9.98739E-05 9.98739E-05 9.98739E-05 9.98739E-05 9.98739E-05 0.115345 9.98739E-05
9.98468E-05 9.98468E-05 9.98468E-05 9.98468E-05 9.98468E-05 9.98468E-05 9.98468E-05 0.620393 9.98468E-05 9.98468E-05 9.98468E-05 9.98468E-05 9.98468E-05 0.280161 9.98468E-05 9.98468E-05 9.98468E-05 0.0977492 9.98468E-05 9.98468E-05
9.99009E-05 9.99009E-05 0.0447279 0.0873864 0.0493005 0.0589325 0.0575163 0.649228 9.99009E-05 9.99009E-05 9.99009E-05 9.99009E-05 0.00711827 9.99009E-05 9.99009E-05 0.0259812 9.99009E-05 9.99009E-05 9.99009E-05 0.0187097
9.98559E-05 9.98559E-05 9.98559E-05 9.98559E-05 0.0925053 9.98559E-05 9.98559E-05 0.613628 0.239256 9.98559E-05 0.053013 9.98559E-05 9.98559E-05 9.98559E-05 9.98559E-05 9.98559E-05 9.98559E-05 9.98559E-05 9.98559E-05 9.98559E-05
9.9874E-05 9.9874E-05 9.9874E-05 0.126987 9.9874E-05 0.39676 0.323476 9.9874E-05 0.0292704 9.9874E-05 9.9874E-05 9.9874E-05 9.9874E-05 9.9874E-05 9.9874E-05 9.9874E-05 0.0595815 9.9874E-05 9.9874E-05 0.0625268
9.98738E-05 0.115044 9.98738E-05 9.98738E-05 9.98738E-05 9.98738E-05 9.98738E-05 9.98738E-05 9.98738E-05 0.0141191 9.98738E-05 0.0308932 9.98738E-05 0.124409 9.98738E-05 9.98738E-05 9.98738E-05 9.98738E-05 0.00498773 0.709149
9.98918E-05 0.0155852 9.98918E-05 9.98918E-05 9.98918E-05 0.285903 0.041823 9.98918E-05 0.0631681 0.00775955 0.576198 9.98918E-05 9.98918E-05 0.00760118 9.98918E-05 9.98918E-05 9.98918E-05 9.98918E-05 9.98918E-05 0.000762804
9.98648E-05 9.98648E-05 9.98648E-05 9.98648E-05 9.98648E-05 0.385307 9.98648E-05 9.98648E-05 9.98648E-05 9.98648E-05 9.98648E-05 9.98648E-05 9.98648E-05 0.450918 9.98648E-05 9.98648E-05 9.98648E-05 0.0392987 0.0949588 0.02802
9.98556E-05 0.0148037 9.98556E-05 9.98556E-05 9.98556E-05 9.98556E-05 9.98556E-05 9.98556E-05 9.98556E-05 9.98556E-05 9.98556E-05 9.98556E-05 0.2533 9.98556E-05 9.98556E-05 9.98556E-05 9.98556E-05 0.128634 9.98556E-05 0.601664
9.98918E-05 9.98918E-05 9.98918E-05 0.277961 9.98918E-05 0.11555 0.0134219 9.98918E-05 0.30563 9.98918E-05 0.0148686 0.185684 9.98918E-05 0.0756358 9.98918E-05 9.98918E-05 9.98918E-05 9.98918E-05 9.98918E-05 0.0100502
9.98558E-05 9.98558E-05 9.98558E-05 0.187151 0.0107404 9.98558E-05 9.98558E-05 9.98558E-05 9.98558E-05 9.98558E-05 9.98558E-05 0.00334667 9.98558E-05 9.98558E-05 9.98558E-05 9.98558E-05 9.98558E-05 9.98558E-05 9.98558E-05 0.797164
9.98828E-05 0.116497 9.98828E-05 9.98828E-05 9.98828E-05 0.659294 0.0113762 9.98828E-05 0.0808167 0.0804239 9.98828E-05 9.98828E-05 9.98828E-05 9.98828E-05 9.98828E-05 0.0336819 0.0166125 9.98828E-05 9.98828E-05 9.98828E-05
9.98559E-05 9.98559E-05 0.016201 9.98559E-05 9.98559E-05 9.98559E-05 9.98559E-05 9.98559E-05 0.336974 9.98559E-05 0.0201585 9.98559E-05 9.98559E-05 9.98559E-05 9.98559E-05 9.98559E-05 9.98559E-05 9.98559E-05 9.98559E-05 0.625069
9.98738E-05 0.123211 9.98738E-05 9.98738E-05 9.98738E-05 9.98738E-05 9.98738E-05 9.98738E-05 0.108259 9.98738E-05 9.98738E-05 9.98738E-05 9.98738E-05 0.245253 9.98738E-05 9.98738E-05 9.98738E-05 0.258898 0.0637957 0.199186
0.00711926 9.98918E-05 9.98918E-05 0.228248 9.98918E-05 0.134728 0.160447 9.98918E-05 0.312659 9.98918E-05 9.98918E-05 9.98918E-05 9.98918E-05 9.98918E-05 9.98918E-05 0.0504372 0.0279439 9.98918E-05 9.98918E-05 0.0772176
9.98469E-05 9.98469E-05 9.98469E-05 9.98469E-05 0.00246629 9.98469E-05 9.98469E-05 9.98469E-05 9.98469E-05 9.98469E-05 0.416301 9.98469E-05 9.98469E-05 9.98469E-05 9.98469E-05 9.98469E-05 9.98469E-05 9.98469E-05 9.98469E-05 0.579536
9.98557E-05 0.0914242 9.98557E-05 9.98557E-05 9.98557E-05 9.98557E-05 9.98557E-05 9.98557E-05 9.98557E-05 9.98557E-05 9.98557E-05 9.98557E-05 0.212359 9.98557E-05 9.98557E-05 9.98557E-05 9.98557E-05 0.174774 9.98557E-05 0.519845
9.98828E-05 9.98828E-05 9.98828E-05 0.194177 9.98828E-05 0.0972702 0.257107 9.98828E-05 0.116953 9.98828E-05 0.0144991 0.304774 9.98828E-05 0.0139217 9.98828E-05 9.98828E-05 9.98828E-05 9.98828E-05 9.98828E-05 9.98828E-05
9.98558E-05 9.98558E-05 9.98558E-05 9.98558E-05 9.98558E-05 9.98558E-05 9.98558E-05 9.98558E-05 0.366988 9.98558E-05 9.98558E-05 0.152449 9.98558E-05 9.98558E-05 9.98558E-05 9.98558E-05 0.0380922 9.98558E-05 9.98558E-05 0.440873
9.98557E-05 9.98557E-05 9.98557E-05 0.0149099 9.98557E-05 9.98557E-05 9.98557E-05 9.98557E-05 0.536487 9.98557E-05 9.98557E-05 0.165843 9.98557E-05 0.281162 9.98557E-05 9.98557E-05 9.98557E-05 9.98557E-05 9.98557E-05 9.98557E-05
9.98558E-05 9.98558E-05 9.98558E-05 9.98558E-05 9.98558E-05 9.98558E-05 9.98558E-05 9.98558E-05 9.98558E-05 9.98558E-05 9.98558E-05 9.98558E-05 0.106492 9.98558E-05 9.98558E-05 9.98558E-05 9.98558E-05 0.174067 0.295967 0.421877
9.98557E-05 9.98557E-05 9.98557E-05 9.98557E-05 9.98557E-05 9.98557E-05 0.0831522 9.98557E-05 0.749957 0.00856809 9.98557E-05 9.98557E-05 9.98557E-05 9.98557E-05 9.98557E-05 9.98557E-05 9.98557E-05 9.98557E-05 9.98557E-05 0.156725
9.98738E-05 9.98738E-05 9.98738E-05 0.278871 9.98738E-05 0.33547 0.329698 9.98738E-05 0.00389795 9.98738E-05 9.98738E-05 0.0396234 9.98738E-05 9.98738E-05 9.98738E-05 0.0110421 9.98738E-05 9.98738E-05 9.98738E-05 9.98738E-05
9.98827E-05 9.98827E-05 9.98827E-05 9.98827E-05 9.98827E-05 0.295375 0.0502247 9.98827E-05 9.98827E-05 0.0680247 9.98827E-05 9.98827E-05 9.98827E-05 0.444155 0.00478549 0.00848095 9.98827E-05 9.98827E-05 9.98827E-05 0.127656
9.98909E-05 9.98909E-05 0.00363482 9.98909E-05 0.266389 0.0598336 0.119716 9.98909E-05 9.98909E-05 9.98909E-05 0.22781 9.98909E-05 0.00693569 0.314383 9.98909E-05 9.98909E-05 9.98909E-05 9.98909E-05 9.98909E-05 9.98909E-05
9.99009E-05 9.99009E-05 0.00847506 9.99009E-05 9.99009E-05 0.25474 0.0100695 9.99009E-05 0.449337 0.00424706 0.127757 9.99009E-05 9.99009E-05 0.0624165 9.99009E-05 9.99009E-05 9.99009E-05 0.0711802 9.99009E-05 0.0106788
9.98646E-05 9.98646E-05 9.98646E-05 9.98646E-05 9.98646E-05 9.98646E-05 9.98646E-05 9.98646E-05 9.98646E-05 9.98646E-05 9.98646E-05 9.98646E-05 0.0186993 0.154658 9.98646E-05 9.98646E-05 9.98646E-05 0.142608 0.224686 0.457851
9.98827E-05 0.0191071 0.024321 0.0451005 9.98827E-05 9.98827E-05 9.98827E-05 9.98827E-05 0.216368 9.98827E-05 9.98827E-05 9.98827E-05 0.0627591 0.117837 9.98827E-05 0.513209 9.98827E-05 9.98827E-05 9.98827E-05 9.98827E-05
9.98736E-05 9.98736E-05 9.98736E-05 9.98736E-05 9.98736E-05 0.224172 0.0319092 9.98736E-05 9.98736E-05 0.0510468 9.98736E-05 9.98736E-05 9.98736E-05 9.98736E-05 0.0131359 0.0345275 9.98736E-05 9.98736E-05 9.98736E-05 0.64381
0.019252 9.98919E-05 9.98919E-05 9.98919E-05 9.98919E-05 0.155245 9.98919E-05 0.2091 9.98919E-05 9.98919E-05 9.98919E-05 9.98919E-05 9.98919E-05 0.207625 0.0393457 9.98919E-05 9.98919E-05 0.081989 0.233154 0.0530919
9.99008E-05 9.99008E-05 0.00113915 0.00337489 9.99008E-05 9.99008E-05 0.0449661 0.124423 0.531676 9.99008E-05 9.99008E-05 9.99008E-05 9.99008E-05 9.99008E-05 0.0190108 0.200728 0.0364831 9.99008E-05 0.0370995 9.99008E-05
9.98739E-05 9.98739E-05 9.98739E-05 9.98739E-05 0.2323 0.241544 9.98739E-05 0.190345 9.98739E-05 9.98739E-05 9.98739E-05 9.98739E-05 0.0302001 9.98739E-05 9.98739E-05 0.192369 9.98739E-05 9.98739E-05 0.111843 9.98739E-05
9.9883E-05 0.131943 9.9883E-05 9.9883E-05 0.0112201 9.9883E-05 9.9883E-05 9.9883E-05 0.0329605 9.9883E-05 9.9883E-05 0.0198352 0.522583 9.9883E-05 9.9883E-05 9.9883E-05 9.9883E-05 0.113298 0.166861 9.9883E-05
0.0145835 0.0287542 9.99097E-05 9.99097E-05 9.99097E-05 0.08868 9.99097E-05 0.127792 9.99097E-05 9.99097E-05 9.99097E-05 9.99097E-05 0.0352421 0.186772 0.0978414 0.159314 9.99097E-05 9.99097E-05 0.13035 0.129671
0.0645633 9.99098E-05 0.00286006 0.0317955 9.99098E-05 0.0165928 0.0407994 0.098774 9.99098E-05 9.99098E-05 9.99098E-05 9.99098E-05 0.021211 0.392372 9.99098E-05 9.99098E-05 9.99098E-05 0.00194132 0.328091 9.99098E-05
9.98739E-05 9.98739E-05 0.0223497 0.494203 0.0211291 0.157993 9.98739E-05 9.98739E-05 9.98739E-05 9.98739E-05 9.98739E-05 9.98739E-05 9.98739E-05 9.98739E-05 9.98739E-05 9.98739E-05 9.98739E-05 9.98739E-05 0.211913 0.0910141
9.98558E-05 9.98558E-05 9.98558E-05 9.98558E-05 9.98558E-05 9.98558E-05 9.98558E-05 9.98558E-05 9.98558E-05 9.98558E-05 9.98558E-05 9.98558E-05 0.129093 0.487919 9.98558E-05 9.98558E-05 9.98558E-05 0.00926988 0.372121 9.98558E-05
9.98917E-05 0.000237406 9.98917E-05 0.111143 9.98917E-05 0.124761 9.98917E-05 9.98917E-05 0.463047 9.98917E-05 0.116047 0.108783 9.98917E-05 0.0211048 9.98917E-05 0.0536787 9.98917E-05 9.98917E-05 9.98917E-05 9.98917E-05
9.98737E-05 9.98737E-05 9.98737E-05 9.98737E-05 9.98737E-05 0.0252843 9.98737E-05 0.0413598 0.0135869 9.98737E-05 9.98737E-05 9.98737E-05 0.0478325 0.3844 9.98737E-05 9.98737E-05 9.98737E-05 9.98737E-05 0.486138 9.98737E-05
9.9883E-05 9.9883E-05 9.9883E-05 9.9883E-05 9.9883E-05 0.0455001 9.9883E-05 9.9883E-05 0.0579451 9.9883E-05 0.372639 9.9883E-05 0.111018 9.9883E-05 9.9883E-05 0.128628 9.9883E-05 9.9883E-05 0.143414 0.139557
9.98919E-05 0.0367947 9.98919E-05 9.98919E-05 9.98919E-05 0.0690974 9.98919E-05 0.11166 0.313087 9.98919E-05 0.301166 0.0936956 9.98919E-05 9.98919E-05 9.98919E-05 9.98919E-05 9.98919E-05 9.98919E-05 0.0608377 0.012463
0.0446226 9.99017E-05 0.0191749 9.99017E-05 0.114382 0.343344 9.99017E-05 0.153112 9.99017E-05 9.99017E-05 9.99017E-05 9.99017E-05 9.99017E-05 9.99017E-05 0.0114786 0.181412 9.99017E-05 9.99017E-05 0.126221 0.00515536
0.00788196 0.0651463 9.99098E-05 9.99098E-05 9.99098E-05 0.508889 9.99098E-05 0.0802969 0.0455407 9.99098E-05 9.99098E-05 0.0136618 9.99098E-05 0.115789 0.0186523 0.124432 0.0187098 9.99098E-05 9.99098E-05 9.99098E-05
0.0600971 9.98918E-05 0.0467974 9.98918E-05 9.98918E-05 0.34085 9.98918E-05 0.164545 9.98918E-05 9.98918E-05 9.98918E-05 0.0732934 0.00746412 9.98918E-05 9.98918E-05 0.107085 9.98918E-05 9.98918E-05 0.19867 9.98918E-05
9.98919E-05 9.98919E-05 9.98919E-05 9.98919E-05 0.0349811 0.0292663 9.98919E-05 0.149875 0.367911 9.98919E-05 0.162428 9.98919E-05 0.0733657 0.175024 9.98919E-05 9.98919E-05 9.98919E-05 9.98919E-05 0.00595053 9.98919E-05
9.98829E-05 0.00866079 9.98829E-05 9.98829E-05 9.98829E-05 0.0491776 9.98829E-05 9.98829E-05 9.98829E-05 9.98829E-05 9.98829E-05 0.0080611 0.623346 0.179575 9.98829E-05 9.98829E-05 9.98829E-05 0.025121 0.104759 9.98829E-05
9.98738E-05 0.000298058 9.98738E-05 9.98738E-05 9.98738E-05 9.98738E-05 9.98738E-05 0.00534132 9.98738E-05 9.98738E-05 9.98738E-05 9.98738E-05 0.395385 0.0139227 9.98738E-05 9.98738E-05 9.98738E-05 9.98738E-05 0.425232 0.158423
0.00714541 0.216808 9.99008E-05 9.99008E-05 9.99008E-05 0.0444398 9.99008E-05 9.99008E-05 9.99008E-05 9.99008E-05 9.99008E-05 9.99008E-05 9.99008E-05 0.286604 0.028814 0.226997 9.99008E-05 0.00505765 0.175518 0.00751688
0.0464669 9.98829E-05 9.98829E-05 9.98829E-05 9.98829E-05 0.0339983 0.00705849 0.017401 9.98829E-05 9.98829E-05 9.98829E-05 9.98829E-05 0.0774664 9.98829E-05 9.98829E-05 9.98829E-05 9.98829E-05 0.0906634 0.725647 9.98829E-05
9.98559E-05 9.98559E-05 9.98559E-05 0.010347 9.98559E-05 9.98559E-05 9.98559E-05 9.98559E-05 9.98559E-05 9.98559E-05 9.98559E-05 0.0711692 0.86202 0.0548661 9.98559E-05 9.98559E-05 9.98559E-05 9.98559E-05 9.98559E-05 9.98559E-05
0.0588426 0.388459 9.98828E-05 9.98828E-05 9.98828E-05 9.98828E-05 9.98828E-05 9.98828E-05 9.98828E-05 0.050607 9.98828E-05 9.98828E-05 9.98828E-05 0.0353685 9.98828E-05 0.246697 9.98828E-05 9.98828E-05 0.0898292 0.128898
9.98827E-05 9.98827E-05 9.98827E-05 0.0283168 9.98827E-05 0.16321 9.98827E-05 9.98827E-05 0.0237259 0.048571 9.98827E-05 9.98827E-05 9.98827E-05 0.519703 9.98827E-05 9.98827E-05 9.98827E-05 9.98827E-05 0.172052 0.0431227
9.9856E-05 9.9856E-05 9.9856E-05 9.9856E-05 9.9856E-05 9.9856E-05 0.520284 9.9856E-05 9.9856E-05 9.9856E-05 9.9856E-05 0.361667 9.9856E-05 9.9856E-05 0.0131421 9.9856E-05 9.9856E-05 9.9856E-05 0.103309 9.9856E-05
9.98738E-05 9.98738E-05 0.0173954 9.98738E-05 9.98738E-05 9.98738E-05 9.98738E-05 9.98738E-05 0.0179921 9.98738E-05 0.0346835 0.796864 9.98738E-05 0.130868 0.000798549 9.98738E-05 9.98738E-05 9.98738E-05 9.98738E-05 9.98738E-05
9.98828E-05 0.112228 9.98828E-05 9.98828E-05 9.98828E-05 9.98828E-05 0.0797232 9.98828E-05 9.98828E-05 0.0181222 9.98828E-05 0.102217 9.98828E-05 0.534304 0.0854779 0.0666291 9.98828E-05 9.98828E-05 9.98828E-05 9.98828E-05
9.98557E-05 9.98557E-05 9.98557E-05 0.140606 9.98557E-05 9.98557E-05 9.98557E-05 9.98557E-05 0.109105 9.98557E-05 9.98557E-05 0.64012 9.98557E-05 0.108571 9.98557E-05 9.98557E-05 9.98557E-05 9.98557E-05 9.98557E-05 9.98557E-05
9.98469E-05 9.98469E-05 9.98469E-05 9.98469E-05 9.98469E-05 9.98469E-05 0.0410808 0.0533638 9.98469E-05 9.98469E-05 9.98469E-05 0.903858 9.98469E-05 9.98469E-05 9.98469E-05 9.98469E-05 9.98469E-05 9.98469E-05 9.98469E-05 9.98469E-05
0.00276843 0.0336915 0.0574609 9.98828E-05 9.98828E-05 9.98828E-05 9.98828E-05 0.00280984 9.98828E-05 9.98828E-05 0.449915 0.397364 9.98828E-05 0.054692 9.98828E-05 9.98828E-05 9.98828E-05 9.98828E-05 9.98828E-05 9.98828E-05
9.98649E-05 9.98649E-05 9.98649E-05 9.98649E-05 9.98649E-05 9.98649E-05 9.98649E-05 0.0125801 0.0752354 9.98649E-05 0.132538 0.699381 9.98649E-05 0.0787674 9.98649E-05 9.98649E-05 9.98649E-05 9.98649E-05 9.98649E-05 9.98649E-05
9.98829E-05 0.308797 9.98829E-05 9.98829E-05 9.98829E-05 9.98829E-05 9.98829E-05 9.98829E-05 9.98829E-05 0.00222281 9.98829E-05 0.222602 9.98829E-05 0.406334 0.0169927 9.98829E-05 9.98829E-05 0.00966875 0.0320843 9.98829E-05
9.98739E-05 0.307302 9.98739E-05 9.98739E-05 9.98739E-05 9.98739E-05 9.98739E-05 9.98739E-05 9.98739E-05 9.98739E-05 9.98739E-05 9.98739E-05 0.204648 0.142987 9.98739E-05 9.98739E-05 9.98739E-05 0.0581181 0.0953881 0.190158
9.98917E-05 0.0648145 9.98917E-05 9.98917E-05 9.98917E-05 0.156396 0.440671 0.000643381 9.98917E-05 0.00799473 9.98917E-05 9.98917E-05 9.98917E-05 0.0615257 0.0635543 0.203202 9.98917E-05 9.98917E-05 9.98917E-05 9.98917E-05
9.98559E-05 0.606907 9.98559E-05 9.98559E-05 9.98559E-05 9.98559E-05 9.98559E-05 0.0209803 9.98559E-05 9.98559E-05 9.98559E-05 0.0995323 9.98559E-05 0.270983 9.98559E-05 9.98559E-05 9.98559E-05 9.98559E-05 9.98559E-05 9.98559E-05
9.9883E-05 0.108167 9.9883E-05 9.9883E-05 9.9883E-05 9.9883E-05 9.9883E-05 9.9883E-05 9.9883E-05 0.136653 9.9883E-05 0.0778096 9.9883E-05 0.433915 0.0933697 0.131212 9.9883E-05 0.0175762 9.9883E-05 9.9883E-05
9.98738E-05 9.98738E-05 9.98738E-05 9.98738E-05 9.98738E-05 0.0653262 0.126143 0.0063013 9.98738E-05 0.12574 9.98738E-05 0.243474 9.98738E-05 0.431618 9.98738E-05 9.98738E-05 9.98738E-05 9.98738E-05 9.98738E-05 9.98738E-05
