0.34233 9.9982E-05 0.412561 9.9982E-05 0.125117 0.119792
0.419321 9.9982E-05 0.477563 0.00367375 0.0992423 9.9982E-05
9.9982E-05 0.124934 0.810073 0.0357361 9.9982E-05 0.0290575
0.677349 0.0410806 0.0825726 9.9991E-05 0.130826 0.0680715
0.663126 9.9982E-05 9.9982E-05 0.0512475 0.270022 0.0154039
0.189374 0.100068 0.536086 0.0950226 0.0471859 0.0322642
9.9973E-05 0.14225 0.854976 0.00247349 9.9973E-05 9.9973E-05
0.170161 0.0116389 0.700563 0.117438 9.9982E-05 9.9982E-05
0.565009 9.9982E-05 0.345052 0.0352945 9.9982E-05 0.0544449
0.0218788 0.609315 0.24635 9.9982E-05 9.9982E-05 0.122256
0.611308 9.9982E-05 0.223366 9.9982E-05 0.126848 0.038278
0.818809 0.0749564 0.0831167 9.9982E-05 9.9982E-05 0.0229182
0.279276 0.0345389 0.23831 0.0610044 0.343266 0.0436042
9.9973E-05 0.12403 0.820784 9.9973E-05 9.9973E-05 0.0548865
0.79968 0.00600466 0.194015 9.9973E-05 9.9973E-05 9.9973E-05
9.999E-05 0.397837 0.450909 0.0458512 0.0861226 0.0191805
0.0131992 0.1049 0.841998 9.9982E-05 0.0397027 9.9982E-05
0.0247534 9.9973E-05 0.937667 9.9973E-05 0.03728 9.9973E-05
0.560424 9.9973E-05 0.359824 9.9973E-05 0.0794525 9.9973E-05
0.0565768 9.9973E-05 9.9973E-05 9.9973E-05 0.0722977 0.870826
0.0396877 9.9973E-05 9.9973E-05 9.9973E-05 0.038954 0.921058
9.99639E-05 9.99639E-05 9.99639E-05 9.99639E-05 0.0704308 0.929169
0.231813 9.9973E-05 9.9973E-05 9.9973E-05 0.0167726 0.751115
0.23085 9.99639E-05 9.99639E-05 9.99639E-05 9.99639E-05 0.76875
9.99819E-05 0.0621458 0.272764 0.198239 9.99819E-05 0.466651
0.395608 9.99729E-05 9.99729E-05 0.153033 9.99729E-05 0.451059
9.9973E-05 0.50068 9.9973E-05 0.278332 9.9973E-05 0.220689
0.309926 9.9982E-05 9.9982E-05 0.100447 0.165032 0.424396
9.99819E-05 0.022585 0.00399361 9.99819E-05 0.0844807 0.888741
0.0872636 9.9964E-05 9.9964E-05 9.9964E-05 9.9964E-05 0.912337
0.0227637 0.199196 0.108131 0.0225572 9.9991E-05 0.647252
9.999E-05 0.0555975 0.0936435 0.463284 0.109286 0.278089
9.99729E-05 0.335244 0.0320203 9.99729E-05 9.99729E-05 0.632435
9.99729E-05 9.99729E-05 0.277676 0.0271358 9.99729E-05 0.694888
0.104564 9.9964E-05 9.9964E-05 9.9964E-05 9.9964E-05 0.895036
0.215613 9.99639E-05 9.99639E-05 9.99639E-05 9.99639E-05 0.783987
0.148704 0.0697616 9.9973E-05 9.9973E-05 9.9973E-05 0.781234
0.239086 9.9964E-05 9.9964E-05 9.9964E-05 9.9964E-05 0.760514
0.130019 9.99729E-05 9.99729E-05 0.835842 0.033839 9.99729E-05
9.9973E-05 0.1336 9.9973E-05 0.70212 0.163979 9.9973E-05
9.9973E-05 0.465805 9.9973E-05 0.477689 9.9973E-05 0.0562059
0.223698 0.0583211 9.9991E-05 0.532252 0.120102 0.0655273
9.9982E-05 9.9982E-05 0.0824081 0.569056 0.0318856 0.31645
9.9982E-05 0.165058 0.154069 0.589432 9.9982E-05 0.0912415
0.552086 9.9973E-05 9.9973E-05 0.328795 9.9973E-05 0.118819
0.439762 9.99639E-05 9.99639E-05 0.559839 9.99639E-05 9.99639E-05
9.9982E-05 0.272593 0.119195 0.447945 9.9982E-05 0.160067
0.120323 9.9982E-05 9.9982E-05 0.819332 0.0482764 0.011868
9.9973E-05 0.456442 9.9973E-05 0.366857 0.176401 9.9973E-05
0.292647 9.9964E-05 9.9964E-05 0.706953 9.9964E-05 9.9964E-05
9.9973E-05 0.134239 9.9973E-05 0.728672 0.136788 9.9973E-05
0.189501 9.9982E-05 9.9982E-05 0.51823 0.159098 0.132972
0.404709 9.9982E-05 0.00281614 0.423711 9.9982E-05 0.168563
0.377251 9.9982E-05 0.0776191 0.523545 9.9982E-05 0.0213857
0.460376 0.0151701 9.9991E-05 0.373671 0.0127962 0.137887
0.392955 9.9973E-05 9.9973E-05 0.0563931 9.9973E-05 0.550352
9.99819E-05 0.0924426 0.0282058 0.794184 0.0849676 9.99819E-05
0.0434532 0.085426 9.9991E-05 0.589018 0.130671 0.151332
9.99729E-05 0.178344 9.99729E-05 0.710007 0.111349 9.99729E-05
0.265164 9.99639E-05 9.99639E-05 0.734436 9.99639E-05 9.99639E-05
0.258509 9.99729E-05 9.99729E-05 0.671713 9.99729E-05 0.0694783
0.326223 9.99639E-05 9.99639E-05 0.673377 9.99639E-05 9.99639E-05
9.9991E-05 0.0928009 0.149033 0.560216 0.137 0.0608492
0.369641 9.9973E-05 9.9973E-05 0.539749 9.9973E-05 0.0903095
9.9973E-05 0.191707 0.307532 0.500461 9.9973E-05 9.9973E-05
0.358867 9.9982E-05 0.0758791 0.351543 9.9982E-05 0.21351
0.374313 9.9964E-05 9.9964E-05 0.625287 9.9964E-05 9.9964E-05
0.409864 9.9964E-05 9.9964E-05 0.589737 9.9964E-05 9.9964E-05
0.144518 9.99819E-05 0.225165 0.419803 9.99819E-05 0.210314
0.0196081 0.0105143 0.153825 0.355119 0.0394642 0.42147
9.9982E-05 0.340419 9.9982E-05 0.314229 0.104816 0.240336
9.9973E-05 0.306606 0.0903188 0.602775 9.9973E-05 9.9973E-05
0.265451 9.9964E-05 9.9964E-05 9.9964E-05 9.9964E-05 0.734149
9.99819E-05 0.180102 0.107052 0.688757 0.0238896 9.99819E-05
0.318233 9.99729E-05 9.99729E-05 0.625355 9.99729E-05 0.0561123
0.436625 9.9973E-05 9.9973E-05 0.27188 9.9973E-05 0.291195
9.99819E-05 0.155171 0.0818617 0.00379499 9.99819E-05 0.758972
9.9982E-05 0.474878 0.018454 0.302731 9.9982E-05 0.203736
9.99819E-05 0.0562073 0.159963 0.0406834 9.99819E-05 0.742946
9.9991E-05 0.0135949 0.00176089 0.331249 0.187807 0.465489
9.9982E-05 0.334079 9.9982E-05 0.314321 0.196874 0.154525
0.266459 9.9973E-05 9.9973E-05 0.464295 9.9973E-05 0.268946
0.148716 0.0127214 9.9991E-05 0.760297 0.0658788 0.0122863
0.207972 0.0679735 9.9991E-05 0.501602 0.0482751 0.174077
9.99729E-05 0.280636 0.0271573 0.691907 9.99729E-05 9.99729E-05
0.134873 9.9982E-05 9.9982E-05 0.602254 0.138631 0.124041
0.406197 9.99639E-05 9.99639E-05 0.593403 9.99639E-05 9.99639E-05
9.99729E-05 9.99729E-05 0.393327 0.195566 9.99729E-05 0.410807
9.9973E-05 0.184795 0.25623 0.558675 9.9973E-05 9.9973E-05
0.24524 9.9982E-05 0.139612 0.200935 9.9982E-05 0.414013
9.99729E-05 0.00614492 0.375747 0.617808 9.99729E-05 9.99729E-05
9.9973E-05 9.9973E-05 0.419576 0.5291 9.9973E-05 0.0510234
0.470847 9.9973E-05 9.9973E-05 0.366273 9.9973E-05 0.16258
0.020655 9.9973E-05 0.320512 0.658533 9.9973E-05 9.9973E-05
0.0110753 9.9982E-05 0.34943 0.452846 9.9982E-05 0.186449
9.9973E-05 0.24613 9.9973E-05 0.0484744 0.705096 9.9973E-05
9.9991E-05 0.123498 0.0534302 0.120279 0.66109 0.0416038
0.0519277 9.9982E-05 9.9982E-05 0.0578606 0.854633 0.0353788
0.364597 9.9982E-05 0.176685 0.0157285 0.442789 9.9982E-05
9.99729E-05 0.304375 0.0178846 9.99729E-05 0.67744 9.99729E-05
0.311264 9.9982E-05 0.445582 9.9982E-05 0.224201 0.0187532
9.9973E-05 0.0604198 0.541408 9.9973E-05 0.397872 9.9973E-05
9.9982E-05 0.153603 0.00491348 0.0327589 0.808524 9.9982E-05
9.9991E-05 0.0012242 0.235107 0.00768171 0.658074 0.0978122
0.295088 9.9973E-05 9.9973E-05 9.9973E-05 0.617978 0.0866339
9.9964E-05 0.561373 9.9964E-05 9.9964E-05 0.438227 9.9964E-05
0.409951 0.0513563 9.9982E-05 9.9982E-05 0.499261 0.039232
9.9982E-05 0.0708376 0.112643 0.035951 0.780368 9.9982E-05
0.126807 9.9982E-05 0.255966 0.0605282 0.556499 9.9982E-05
0.0319954 0.0770943 0.0799611 9.9991E-05 0.694915 0.115934
9.9982E-05 0.0744701 0.587258 9.9982E-05 0.300997 0.0370752
0.508874 9.99729E-05 9.99729E-05 0.0723857 0.418441 9.99729E-05
0.439449 9.9973E-05 9.9973E-05 9.9973E-05 0.472151 0.0881003
9.9991E-05 0.0827918 0.0631678 0.139918 0.592883 0.121139
9.9982E-05 0.0478582 0.315972 0.00246616 0.633504 9.9982E-05
0.109288 9.9982E-05 9.9982E-05 0.0120757 0.755403 0.123034
0.183709 9.9973E-05 9.9973E-05 9.9973E-05 0.771678 0.0443126
0.547347 9.9982E-05 0.214374 9.9982E-05 0.188987 0.0490929
0.19025 0.491012 0.274582 9.9982E-05 9.9982E-05 0.0439563
0.591148 0.0888394 0.130787 0.046539 0.131976 0.0107103
0.00479572 0.172405 0.608028 9.9991E-05 0.161064 0.0536075
9.9982E-05 0.931856 0.0143979 0.00859823 0.0449477 9.9982E-05
0.748403 9.99729E-05 0.142463 9.99729E-05 0.108834 9.99729E-05
0.453443 0.448272 9.99729E-05 9.99729E-05 9.99729E-05 0.0979856
0.198786 9.9982E-05 0.568569 0.116152 0.116293 9.9982E-05
0.474576 0.398762 9.9973E-05 9.9973E-05 9.9973E-05 0.126362
0.0174082 0.562288 0.420004 9.9973E-05 9.9973E-05 9.9973E-05
0.716025 0.0596096 0.0435666 0.0529747 0.127724 9.9991E-05
0.587085 0.296182 9.9973E-05 9.9973E-05 9.9973E-05 0.116433
0.00540107 0.876766 0.0551669 0.0331933 0.0293729 9.9991E-05
0.776389 9.9973E-05 0.0976793 9.9973E-05 0.125632 9.9973E-05
0.715468 0.211098 9.9973E-05 9.9973E-05 9.9973E-05 0.0731345
0.605046 9.9982E-05 0.31216 9.9982E-05 0.0665826 0.0160118
0.0302917 0.969308 9.9964E-05 9.9964E-05 9.9964E-05 9.9964E-05
0.750644 0.16574 0.0282293 0.0358145 9.9991E-05 0.019472
0.635255 9.9982E-05 0.137719 0.0197902 0.207036 9.9982E-05
0.152871 0.017645 0.771688 9.9982E-05 9.9982E-05 0.0575965
0.3754 0.0755382 0.156521 9.9991E-05 0.270344 0.122097
0.52264 0.124115 0.125045 9.9991E-05 0.138531 0.0895696
9.99639E-05 0.785031 0.214569 9.99639E-05 9.99639E-05 9.99639E-05
0.364174 0.0360044 0.464507 0.0317438 9.9991E-05 0.103471
0.287746 0.269221 0.301692 0.0217368 9.9991E-05 0.119504
9.9991E-05 0.295632 0.271375 0.0504948 0.304548 0.0778501
0.525066 0.0197196 0.154663 0.0748442 0.145155 0.0805518
0.225762 0.152785 9.9991E-05 0.0875468 0.462318 0.0714882
9.9991E-05 0.701839 0.0378237 0.0293847 0.191919 0.0389336
0.0417221 0.231654 0.448649 0.0225384 0.149417 0.106019
9.9991E-05 0.264816 0.489349 0.0234261 0.183128 0.0391811
0.442101 0.298408 9.9982E-05 9.9982E-05 0.152166 0.107125
9.99729E-05 0.510458 0.378806 9.99729E-05 0.110436 9.99729E-05
0.694065 9.9973E-05 0.205932 9.9973E-05 0.0997036 9.9973E-05
9.99729E-05 0.444973 0.369196 9.99729E-05 0.185531 9.99729E-05
0.410244 0.353553 9.9982E-05 9.9982E-05 0.138392 0.0976109
0.588675 0.147167 9.9982E-05 9.9982E-05 0.235645 0.0283136
0.281271 0.131644 0.0487758 0.127628 0.321875 0.0888066
0.186604 9.9982E-05 0.500818 0.0590794 0.253298 9.9982E-05
0.1671 0.170988 0.166921 0.00892206 0.346847 0.139222
0.369911 0.123328 0.0405295 9.9991E-05 0.396157 0.0699747
9.9973E-05 0.576154 0.117326 9.9973E-05 0.30622 9.9973E-05
0.0174815 0.805363 9.9982E-05 9.9982E-05 0.16716 0.00979597
9.9982E-05 0.224386 0.711783 0.0627909 9.9982E-05 0.000840687
9.9991E-05 0.626916 0.138613 0.0427329 0.143887 0.0477519
0.0166413 0.628277 0.00475687 9.9982E-05 0.350125 9.9982E-05
0.0102755 0.273016 0.550128 0.114616 9.9991E-05 0.0518639
0.0794413 0.258782 0.660827 0.000749672 9.9982E-05 9.9982E-05
0.768946 9.9982E-05 0.143678 0.0242627 9.9982E-05 0.0629128
0.724835 9.9973E-05 0.24771 9.9973E-05 9.9973E-05 0.0271551
0.106157 9.9973E-05 0.844811 9.9973E-05 9.9973E-05 0.048732
0.735757 9.99729E-05 0.249084 9.99729E-05 0.0148586 9.99729E-05
0.80337 9.9973E-05 0.139542 9.9973E-05 0.0567887 9.9973E-05
0.61033 9.9982E-05 0.174225 9.9982E-05 0.0619032 0.153342
0.762018 9.9973E-05 0.206533 9.9973E-05 0.0311487 9.9973E-05
0.0180696 0.157088 0.782435 9.9982E-05 9.9982E-05 0.0422072
9.9964E-05 0.656105 0.343495 9.9964E-05 9.9964E-05 9.9964E-05
0.422322 9.9982E-05 0.446612 0.0636782 0.0671875 9.9982E-05
9.9991E-05 0.114119 0.815757 0.0146737 0.0504364 0.00491388
0.0153456 0.0288117 0.788026 0.0638841 9.9991E-05 0.103833
0.285375 9.9973E-05 0.684323 9.9973E-05 0.0300018 9.9973E-05
9.9964E-05 0.252706 0.746894 9.9964E-05 9.9964E-05 9.9964E-05
0.112705 0.0514282 0.694305 0.0377022 0.10376 9.9991E-05
0.478885 0.0135505 0.290788 0.0788805 9.9991E-05 0.137796
0.111157 0.0420031 0.734122 0.0703687 9.9991E-05 0.0422495
0.132095 9.9982E-05 0.689842 0.0416025 0.13626 9.9982E-05
0.720014 9.9973E-05 0.206601 9.9973E-05 0.0730853 9.9973E-05
0.464353 9.9982E-05 0.421078 0.0259033 0.0884658 9.9982E-05
9.9973E-05 0.299319 0.643406 0.0569747 9.9973E-05 9.9973E-05
9.9973E-05 9.9973E-05 0.899521 0.0265968 0.0735827 9.9973E-05
9.9964E-05 0.534653 0.464947 9.9964E-05 9.9964E-05 9.9964E-05
0.736601 9.99729E-05 0.23408 9.99729E-05 0.02902 9.99729E-05
0.353125 9.9982E-05 0.581742 0.0340258 9.9982E-05 0.0309077
9.9973E-05 0.352801 0.634458 0.012441 9.9973E-05 9.9973E-05
0.773901 0.0767362 9.9991E-05 0.0732546 0.0510711 0.0249368
0.605165 0.266637 0.0332712 9.9982E-05 9.9982E-05 0.094727
9.9991E-05 0.340217 0.41411 0.0755184 0.101557 0.068498
0.137123 0.497601 0.11727 0.0149668 0.0899905 0.143049
0.62788 0.10509 0.124377 9.9982E-05 9.9982E-05 0.142453
0.785742 0.134848 9.9973E-05 9.9973E-05 9.9973E-05 0.0791097
0.801679 0.0931056 9.9982E-05 0.0958253 9.9982E-05 0.00919019
0.0349689 0.883798 9.9982E-05 9.9982E-05 0.0342408 0.0467924
9.9982E-05 0.260385 0.637369 0.0150065 9.9982E-05 0.0870396
0.284066 9.9991E-05 0.228989 0.061999 0.355899 0.0689466
0.720376 0.108209 0.123763 9.9991E-05 0.0385444 0.00900797
9.9991E-05 0.572854 0.1477 0.0112288 0.247277 0.0208403
0.126798 0.0854245 0.692341 9.9982E-05 9.9982E-05 0.0952366
0.10584 0.117226 0.687263 0.0243962 9.9991E-05 0.0651744
0.276358 0.169195 0.0713469 9.9991E-05 0.389731 0.0932695
9.9982E-05 0.025925 0.709623 0.013428 0.250824 9.9982E-05
0.448393 9.9982E-05 0.405443 0.0436756 0.102288 9.9982E-05
0.400851 0.00607083 0.427733 0.010025 0.0981281 0.0571927
0.757358 0.163291 9.9973E-05 9.9973E-05 9.9973E-05 0.0790504
0.00811655 0.351521 0.418307 0.143923 9.9991E-05 0.0780336
0.726709 0.0997911 0.11182 0.0614797 9.9982E-05 9.9982E-05
0.734852 0.0803755 0.141876 0.0277466 0.0150491 9.9991E-05
9.9964E-05 0.510195 0.489405 9.9964E-05 9.9964E-05 9.9964E-05
0.229442 0.0717105 0.698548 9.9973E-05 9.9973E-05 9.9973E-05
9.9973E-05 0.136213 0.790167 0.0733209 9.9973E-05 9.9973E-05
0.829661 0.0066112 0.0693661 0.032195 0.00273031 0.0594368
0.493677 0.0259362 0.0797786 0.226346 0.0816323 0.0926297
0.65576 9.9973E-05 0.239542 0.104398 9.9973E-05 9.9973E-05
9.9973E-05 0.410297 0.580672 9.9973E-05 9.9973E-05 0.00873116
0.579603 9.9982E-05 0.353044 0.059837 0.00731564 9.9982E-05
0.651961 9.9991E-05 0.191762 0.0529794 0.0804338 0.0227637
0.750466 9.9982E-05 0.0897313 0.0173742 0.142228 9.9982E-05
9.9973E-05 0.238928 0.647319 9.9973E-05 0.113453 9.9973E-05
0.200519 9.9991E-05 0.760899 0.00236426 0.0076401 0.0284776
0.686276 0.0629618 0.188077 9.9982E-05 9.9982E-05 0.0624849
0.150719 0.256353 0.474554 0.0969097 0.0213642 9.9991E-05
0.755117 9.9991E-05 0.0967282 0.0326602 0.10546 0.00993453
0.380731 0.176768 0.210672 9.9982E-05 0.23163 9.9982E-05
0.298486 9.9991E-05 0.556138 0.0823966 0.0170114 0.0458682
9.9964E-05 0.480376 0.519224 9.9964E-05 9.9964E-05 9.9964E-05
0.282315 9.9982E-05 0.631575 0.0141687 9.9982E-05 0.0717409
0.0429906 0.228039 0.320498 9.9991E-05 0.309606 0.0987658
9.9973E-05 0.536762 0.170287 9.9973E-05 0.292651 9.9973E-05
0.122972 9.9982E-05 0.713957 0.0533429 0.109528 9.9982E-05
9.9982E-05 0.00132852 0.589419 0.0129681 0.396084 9.9982E-05
0.187763 0.137752 0.620099 9.9991E-05 0.0399655 0.0143208
0.65085 0.0221015 0.19454 9.9991E-05 0.113391 0.0190168
9.9982E-05 0.713566 0.0907203 9.9982E-05 0.121345 0.0741687
0.622669 0.244216 9.9982E-05 0.00394048 9.9982E-05 0.128974
0.456953 9.9991E-05 0.178634 0.0148268 0.339017 0.0104698
0.472494 0.1082 0.0466512 9.9991E-05 0.323167 0.0493874
9.9973E-05 0.399122 0.158282 9.9973E-05 0.442296 9.9973E-05
9.99729E-05 0.551671 0.207273 9.99729E-05 0.240757 9.99729E-05
0.688835 0.0814457 0.145991 9.9982E-05 9.9982E-05 0.0835284
0.0876817 9.9991E-05 0.770492 0.073604 0.0419982 0.0261236
0.100471 0.040286 0.444203 0.00871214 0.35613 0.0501975
9.9973E-05 0.619628 0.114213 9.9973E-05 0.265858 9.9973E-05
0.241998 0.186953 0.00957648 9.9991E-05 0.49611 0.0652621
0.449369 0.177005 0.0344536 9.9991E-05 0.209427 0.129645
0.713431 9.9982E-05 0.243358 9.9982E-05 0.0276281 0.015383
0.571535 9.9973E-05 0.17386 9.9973E-05 0.254305 9.9973E-05
0.365018 0.0720061 0.0679115 9.9991E-05 0.464351 0.0306138
9.9982E-05 0.163919 0.747638 9.9982E-05 0.0442619 0.0439805
0.650082 9.9982E-05 0.247878 0.0205812 0.0812589 9.9982E-05
9.9973E-05 0.126659 0.785568 9.9973E-05 0.0874734 9.9973E-05
0.123795 9.9982E-05 0.692914 0.0297385 0.153353 9.9982E-05
0.680894 9.9982E-05 0.264316 0.0262258 9.9982E-05 0.0283646
9.9982E-05 0.420919 0.526627 0.0406361 0.0116184 9.9982E-05
9.9982E-05 0.287922 0.190198 0.023545 0.498135 9.9982E-05
9.9982E-05 0.202333 0.738504 9.9982E-05 0.0418892 0.0170736
0.407527 0.183435 9.9982E-05 9.9982E-05 0.287833 0.121005
0.192042 0.201284 0.309713 9.9991E-05 0.165915 0.130946
0.409008 0.111379 0.369471 0.00255491 0.0151728 0.0924154
9.9982E-05 0.538178 0.287843 0.0147581 0.159021 9.9982E-05
0.672834 0.103717 0.0836036 0.00732983 0.0685794 0.0639364
0.0208963 0.0992424 0.460262 0.169733 0.188132 0.0617348
0.559008 9.9991E-05 0.16047 0.0499638 0.188689 0.0417688
0.64186 0.00749372 0.0967771 0.0130268 0.146411 0.0944317
0.584331 0.0611677 0.1332 9.9991E-05 0.167301 0.0539001
0.633576 0.029446 0.207369 0.00646052 0.0420061 0.0811424
0.516371 0.107664 0.135149 0.0849129 0.0922495 0.0636536
9.9982E-05 9.9982E-05 0.671386 0.0486916 0.152946 0.126777
9.9991E-05 0.117711 0.73398 0.0757363 0.0366302 0.0358421
0.630639 0.188191 9.9991E-05 0.0146436 0.0808781 0.0855487
0.382434 0.194617 9.9982E-05 9.9982E-05 0.422044 0.000704636
0.0341418 0.236376 0.318854 0.0585012 0.241887 0.11024
9.9973E-05 0.77194 9.9973E-05 9.9973E-05 0.204827 0.0229325
9.9964E-05 0.351616 0.647985 9.9964E-05 9.9964E-05 9.9964E-05
9.9982E-05 0.649426 0.134176 0.0161958 0.200002 9.9982E-05
