9.9982E-05 9.9982E-05 0.427746 0.339288 0.11307 0.119695
0.00835241 9.9982E-05 0.458159 0.429808 9.9982E-05 0.10348
0.0268324 0.130117 0.812455 9.9982E-05 0.0303962 9.9982E-05
9.999E-05 0.0448917 0.0840304 0.683283 0.0651192 0.122575
0.0436208 9.9982E-05 9.9982E-05 0.668546 0.0191199 0.268514
0.0825051 0.110471 0.531932 0.194938 0.032597 0.0475568
0.000293421 0.143495 0.855911 9.9973E-05 9.9973E-05 9.9973E-05
0.101345 0.0182073 0.714524 0.165724 9.9982E-05 9.9982E-05
0.0289487 9.9982E-05 0.340746 0.568087 0.0620185 9.9982E-05
9.9982E-05 0.614216 0.249737 0.0183343 0.117513 9.9982E-05
9.9982E-05 9.9982E-05 0.229741 0.619392 0.0391695 0.111497
9.9982E-05 0.0700936 0.100952 0.817204 0.0115503 9.9982E-05
0.0553435 0.0384151 0.229131 0.27521 0.0533114 0.34859
9.9982E-05 0.125178 0.805184 0.0213907 0.048047 9.9982E-05
9.9973E-05 0.00878983 0.177081 0.813829 9.9973E-05 9.9973E-05
0.0490645 0.407768 0.434572 9.9991E-05 0.0178262 0.0906692
9.9973E-05 0.101565 0.857964 9.9973E-05 9.9973E-05 0.0401705
9.9973E-05 9.9973E-05 0.928467 0.029613 9.9973E-05 0.0416203
9.9973E-05 9.9973E-05 0.355068 0.555788 9.9973E-05 0.0888435
9.9973E-05 9.9973E-05 9.9973E-05 0.063787 0.873097 0.0628165
9.9973E-05 9.9973E-05 9.9973E-05 0.0421658 0.908033 0.049501
9.99639E-05 9.99639E-05 9.99639E-05 9.99639E-05 0.923314 0.0762863
9.9973E-05 9.9973E-05 9.9973E-05 0.223203 0.760092 0.016405
9.99639E-05 9.99639E-05 9.99639E-05 0.231665 0.767935 9.99639E-05
0.186319 0.0732738 0.27068 9.99819E-05 0.469527 9.99819E-05
0.158191 9.99729E-05 9.99729E-05 0.402178 0.439331 9.99729E-05
0.284882 0.495523 9.9973E-05 9.9973E-05 0.219296 9.9973E-05
0.115853 9.9982E-05 9.9982E-05 0.316252 0.405984 0.16171
9.99729E-05 0.0211748 9.99729E-05 9.99729E-05 0.882462 0.0960629
9.9964E-05 9.9964E-05 9.9964E-05 0.0926628 0.906937 9.9964E-05
0.0132364 0.194263 0.111679 0.0257507 0.654971 9.9991E-05
0.451141 0.0576527 0.104191 9.9991E-05 0.278011 0.108905
9.99729E-05 0.320272 0.0470726 9.99729E-05 0.632355 9.99729E-05
0.00860884 9.99729E-05 0.288334 9.99729E-05 0.702757 9.99729E-05
9.9964E-05 9.9964E-05 9.9964E-05 0.107435 0.892166 9.9964E-05
9.99639E-05 9.99639E-05 9.99639E-05 0.212537 0.787063 9.99639E-05
9.9973E-05 0.0678811 9.9973E-05 0.148282 0.783537 9.9973E-05
9.9964E-05 9.9964E-05 9.9964E-05 0.237106 0.762494 9.9964E-05
0.828491 9.99729E-05 9.99729E-05 0.137718 9.99729E-05 0.0334916
0.698995 0.142624 9.9973E-05 9.9973E-05 9.9973E-05 0.158081
0.475897 0.468282 9.9973E-05 9.9973E-05 0.0555205 9.9973E-05
0.52284 0.0596518 9.9991E-05 0.228848 0.0716145 0.116946
0.572929 0.00415871 0.0694983 9.9991E-05 0.308383 0.044931
0.595646 0.166603 0.146604 9.9982E-05 0.0909468 9.9982E-05
0.304729 9.9973E-05 9.9973E-05 0.550526 0.144446 9.9973E-05
0.562044 9.99639E-05 9.99639E-05 0.437557 9.99639E-05 9.99639E-05
0.448236 0.26776 0.120209 9.9982E-05 0.163595 9.9982E-05
0.81598 9.9982E-05 9.9982E-05 0.118966 0.00811137 0.0567428
0.361936 0.455134 9.9973E-05 9.9973E-05 9.9973E-05 0.18263
0.716219 9.9964E-05 9.9964E-05 0.283381 9.9964E-05 9.9964E-05
0.732808 0.134796 9.9973E-05 9.9973E-05 9.9973E-05 0.132096
0.515134 9.9982E-05 9.9982E-05 0.191194 0.13141 0.162062
0.428477 9.9982E-05 0.0008603 0.405416 0.165047 9.9982E-05
0.52726 9.9982E-05 0.0709031 0.388513 0.0131242 9.9982E-05
0.391863 0.00870651 9.9991E-05 0.465506 0.125066 0.00875867
0.0471149 9.9973E-05 9.9973E-05 0.390116 0.562469 9.9973E-05
0.797562 0.0891786 0.0315276 9.99819E-05 9.99819E-05 0.0815322
0.609031 0.0818723 9.9991E-05 0.0537252 0.121015 0.134256
0.707622 0.171558 9.99729E-05 9.99729E-05 9.99729E-05 0.12052
0.738871 9.99639E-05 9.99639E-05 0.260729 9.99639E-05 9.99639E-05
0.676814 9.99729E-05 9.99729E-05 0.257686 0.0651998 9.99729E-05
0.668481 9.99639E-05 9.99639E-05 0.331119 9.99639E-05 9.99639E-05
0.558377 0.0848712 0.158304 9.9991E-05 0.0614484 0.1369
0.51841 9.9973E-05 9.9973E-05 0.371292 0.109998 9.9973E-05
0.502116 0.188219 0.309365 9.9973E-05 9.9973E-05 9.9973E-05
0.344419 9.9982E-05 0.0866534 0.362212 0.206516 9.9982E-05
0.619916 9.9964E-05 9.9964E-05 0.379684 9.9964E-05 9.9964E-05
0.598772 9.9964E-05 9.9964E-05 0.400828 9.9964E-05 9.9964E-05
0.411276 9.99819E-05 0.211839 0.151192 0.225493 9.99819E-05
0.360742 0.00799477 0.155791 0.0215215 0.415207 0.0387441
0.307664 0.333036 9.9982E-05 9.9982E-05 0.245457 0.113643
0.593807 0.309433 0.0964595 9.9973E-05 9.9973E-05 9.9973E-05
9.9964E-05 9.9964E-05 9.9964E-05 0.255553 0.744047 9.9964E-05
0.686988 0.179018 0.108106 9.99819E-05 9.99819E-05 0.025689
0.618976 9.99729E-05 9.99729E-05 0.327286 0.0534387 9.99729E-05
0.26218 9.9973E-05 9.9973E-05 0.448543 0.288977 9.9973E-05
0.0051848 0.167965 0.0707957 9.99819E-05 0.755855 9.99819E-05
0.298016 0.471807 0.026778 9.9982E-05 0.203199 9.9982E-05
0.037034 0.0538954 0.161694 9.99819E-05 0.747177 9.99819E-05
0.339006 0.0116052 9.9982E-05 9.9982E-05 0.465836 0.183353
0.311532 0.340185 9.9982E-05 9.9982E-05 0.151431 0.196653
0.455426 9.9973E-05 9.9973E-05 0.274565 0.269709 9.9973E-05
0.75916 0.00799128 9.9991E-05 0.155457 0.0158261 0.0614655
0.500036 0.0673283 9.9991E-05 0.208855 0.178554 0.0451275
0.696755 0.272022 0.0309235 9.99729E-05 9.99729E-05 9.99729E-05
0.602492 9.9982E-05 9.9982E-05 0.136768 0.121649 0.138891
0.592137 9.99639E-05 9.99639E-05 0.407463 9.99639E-05 9.99639E-05
0.194657 9.99729E-05 0.39656 9.99729E-05 0.408483 9.99729E-05
0.563012 0.176145 0.260543 9.9973E-05 9.9973E-05 9.9973E-05
0.187722 9.9982E-05 0.146346 0.248108 0.417624 9.9982E-05
0.610984 0.00922095 0.379495 9.99729E-05 9.99729E-05 9.99729E-05
0.526129 9.9973E-05 0.415388 9.9973E-05 0.0581829 9.9973E-05
0.35392 9.9973E-05 9.9973E-05 0.488309 0.157471 9.9973E-05
0.648234 9.9973E-05 0.332332 0.0191345 9.9973E-05 9.9973E-05
0.461966 9.9982E-05 0.346161 0.0188312 0.172841 9.9982E-05
0.043471 0.262104 9.9973E-05 9.9973E-05 9.9973E-05 0.694126
0.114324 0.118795 0.0500454 9.9991E-05 0.0488685 0.667867
0.0456161 9.9982E-05 9.9982E-05 0.0664978 0.038114 0.849572
0.00856467 9.9982E-05 0.175156 0.3671 9.9982E-05 0.44898
9.9982E-05 0.316799 0.00262913 9.9982E-05 0.0116285 0.668743
9.9982E-05 9.9982E-05 0.431548 0.314218 0.0107076 0.243326
9.9973E-05 0.0498093 0.540544 9.9973E-05 9.9973E-05 0.409347
0.0358831 0.153229 9.99729E-05 9.99729E-05 9.99729E-05 0.810588
0.00727135 0.00213544 0.226025 9.9991E-05 0.102571 0.661898
9.9973E-05 9.9973E-05 9.9973E-05 0.311897 0.0845797 0.603223
0.00395731 0.566944 9.9973E-05 9.9973E-05 9.9973E-05 0.428799
0.00270804 0.0389805 9.9991E-05 0.415759 0.0420855 0.500367
0.0253836 0.0718461 0.120444 9.9982E-05 9.9982E-05 0.782126
0.0583985 9.9982E-05 0.242728 0.13955 9.9982E-05 0.559124
9.9991E-05 0.0800879 0.0613589 0.0328618 0.115989 0.709602
9.9982E-05 0.0626791 0.593743 9.9982E-05 0.0439377 0.29944
0.0683752 9.99729E-05 9.99729E-05 0.515056 9.99729E-05 0.416269
9.9973E-05 9.9973E-05 9.9973E-05 0.445888 0.0784268 0.475385
0.148078 0.085439 0.0595974 9.9991E-05 0.114628 0.592157
9.9973E-05 0.0464589 0.310565 9.9973E-05 9.9973E-05 0.642676
0.0112367 9.9982E-05 9.9982E-05 0.1122 0.115671 0.760693
9.9973E-05 9.9973E-05 9.9973E-05 0.195406 0.050192 0.754102
9.9982E-05 9.9982E-05 0.211757 0.557163 0.054823 0.176057
9.9982E-05 0.496524 0.272859 0.196588 0.0338289 9.9982E-05
0.0304565 0.0656181 0.154583 0.585894 0.0264756 0.136973
9.9982E-05 0.183944 0.610856 9.9982E-05 0.0572772 0.147723
0.0085118 0.943169 0.0148227 9.9982E-05 9.9982E-05 0.0332962
9.99729E-05 9.99729E-05 0.145986 0.755292 9.99729E-05 0.0984218
9.99729E-05 0.449285 9.99729E-05 0.45901 0.0914042 9.99729E-05
0.104143 9.9982E-05 0.577688 0.199185 9.9982E-05 0.118785
9.9973E-05 0.391805 9.9973E-05 0.482611 0.125284 9.9973E-05
9.9973E-05 0.570406 0.40894 0.0203535 9.9973E-05 9.9973E-05
0.0577364 0.0581678 0.0408929 0.711714 9.9991E-05 0.131389
9.9973E-05 0.305067 9.9973E-05 0.587298 0.107335 9.9973E-05
0.0296571 0.886623 0.0464979 9.9982E-05 9.9982E-05 0.0370217
9.9973E-05 9.9973E-05 0.103784 0.769811 9.9973E-05 0.126106
9.9973E-05 0.20846 9.9973E-05 0.720512 0.0707275 9.9973E-05
9.9982E-05 9.9982E-05 0.330175 0.613656 0.0116654 0.0443033
9.9964E-05 0.964264 9.9964E-05 0.035336 9.9964E-05 9.9964E-05
0.0236834 0.168014 0.0173138 0.759618 0.0312705 9.9991E-05
0.0104535 9.9982E-05 0.136443 0.645471 9.9982E-05 0.207433
9.9982E-05 0.0327164 0.756774 0.15725 0.0530599 9.9982E-05
0.0129631 0.0767371 0.145232 0.373437 0.117808 0.273823
9.9991E-05 0.118429 0.131776 0.518667 0.0879756 0.143051
9.99639E-05 0.787321 0.212279 9.99639E-05 9.99639E-05 9.99639E-05
0.0393873 0.0321411 0.454356 0.366972 0.107044 9.9991E-05
0.0231703 0.273417 0.296594 0.294487 0.112231 9.9991E-05
0.0554025 0.309089 0.258182 9.9991E-05 0.0805331 0.296693
0.0688221 0.0400038 0.12386 0.534238 0.0710857 0.161991
0.0843945 0.150867 9.9991E-05 0.241882 0.0703083 0.452448
0.0371586 0.706353 0.014831 0.0201866 0.0254837 0.195987
0.0226607 0.243461 0.420592 0.0560779 0.0985473 0.15866
0.02302 0.26439 0.488323 9.9991E-05 0.0315813 0.192585
9.9982E-05 0.312766 9.9982E-05 0.449641 0.0982831 0.13911
9.99729E-05 0.516609 0.366099 9.99729E-05 9.99729E-05 0.116993
9.9973E-05 9.9973E-05 0.192181 0.69689 9.9973E-05 0.110629
9.99729E-05 0.454015 0.357042 9.99729E-05 9.99729E-05 0.188643
9.9982E-05 0.359193 9.9982E-05 0.407144 0.0959064 0.137557
9.9982E-05 0.147356 9.9982E-05 0.588685 0.0311597 0.232599
0.117053 0.118139 0.0376407 0.291179 0.0938797 0.342109
0.0538629 9.9982E-05 0.508727 0.185936 9.9982E-05 0.251275
0.00651061 0.170606 0.147981 0.170249 0.140439 0.364215
9.9991E-05 0.124045 0.0375585 0.374562 0.0646465 0.399087
9.9973E-05 0.57728 0.122646 9.9973E-05 9.9973E-05 0.299774
9.9982E-05 0.785257 9.9982E-05 0.0219375 0.0127996 0.179806
0.0589197 0.229916 0.702349 0.00196149 0.00675366 9.9991E-05
0.0517574 0.6454 0.122977 9.9991E-05 0.0299852 0.14978
9.9982E-05 0.605694 0.024357 0.0162336 9.9982E-05 0.353516
0.121124 0.277961 0.540175 0.00950058 0.0511396 9.9991E-05
9.99729E-05 0.2585 0.668252 0.0729485 9.99729E-05 9.99729E-05
0.0246914 9.9982E-05 0.119911 0.791004 0.0641932 9.9982E-05
9.9973E-05 9.9973E-05 0.240406 0.726422 0.0328715 9.9973E-05
9.9973E-05 9.9973E-05 0.842075 0.108854 0.0487716 9.9973E-05
9.99729E-05 9.99729E-05 0.258416 0.728788 9.99729E-05 0.0124959
9.9973E-05 9.9973E-05 0.141011 0.786545 9.9973E-05 0.0721444
9.9982E-05 9.9982E-05 0.18444 0.600772 0.150745 0.0638434
9.9973E-05 9.9973E-05 0.190049 0.766436 9.9973E-05 0.0432145
9.9982E-05 0.149889 0.776002 0.0347589 0.0391508 9.9982E-05
9.9964E-05 0.647939 0.351661 9.9964E-05 9.9964E-05 9.9964E-05
0.0667543 9.9982E-05 0.441904 0.42682 9.9982E-05 0.0643217
0.00619163 0.103461 0.842835 9.9991E-05 0.00477207 0.0426402
0.0755647 0.0103958 0.794811 0.0163279 0.1028 9.9991E-05
9.9973E-05 9.9973E-05 0.683745 0.279188 9.9973E-05 0.0367669
9.9964E-05 0.248466 0.751134 9.9964E-05 9.9964E-05 9.9964E-05
0.0421152 0.0570605 0.692577 0.115111 9.9991E-05 0.0930366
0.0776175 0.0236784 0.281394 0.476011 0.141199 9.9991E-05
0.068277 0.0517138 0.72662 0.11448 0.0388098 9.9991E-05
0.0345303 9.9982E-05 0.70115 0.126939 9.9982E-05 0.137181
9.9973E-05 9.9973E-05 0.220098 0.723559 9.9973E-05 0.0560432
0.0281105 9.9982E-05 0.415926 0.459932 9.9982E-05 0.0958316
0.0598195 0.291721 0.64816 9.9973E-05 9.9973E-05 9.9973E-05
0.0239104 9.9973E-05 0.909091 9.9973E-05 9.9973E-05 0.0666991
9.9964E-05 0.53945 0.46015 9.9964E-05 9.9964E-05 9.9964E-05
9.99729E-05 9.99729E-05 0.219331 0.74456 9.99729E-05 0.0358086
0.0346331 9.9982E-05 0.56509 0.361001 0.0390761 9.9982E-05
0.0126426 0.358596 0.628462 9.9973E-05 9.9973E-05 9.9973E-05
0.0568945 0.082438 9.9991E-05 0.774768 0.0261855 0.0596143
9.9982E-05 0.259288 0.0209964 0.617471 0.102045 9.9982E-05
0.0748725 0.344662 0.401492 9.9991E-05 0.0745692 0.104304
0.0067905 0.496727 0.112588 0.136598 0.143066 0.10423
9.9982E-05 0.0975778 0.126695 0.636435 0.139092 9.9982E-05
9.9973E-05 0.147115 9.9973E-05 0.785248 0.0673373 9.9973E-05
0.0932632 0.0812078 9.9982E-05 0.814006 0.0113233 9.9982E-05
9.9982E-05 0.878946 9.9982E-05 0.0274077 0.0620954 0.0313505
0.0182877 0.27187 0.627839 0.0158257 0.0660775 9.9991E-05
0.049698 9.9991E-05 0.215949 0.298336 0.0682496 0.367667
9.9991E-05 0.113044 0.106635 0.730863 0.00705731 0.0423018
0.00904799 0.58877 0.136826 9.9991E-05 0.0196647 0.245592
9.9982E-05 0.0904073 0.688187 0.13047 0.0907357 9.9982E-05
0.0112944 0.110987 0.68263 0.126015 0.068973 9.9991E-05
9.9991E-05 0.173357 0.0647095 0.273043 0.0978211 0.390969
0.0130046 0.0453043 0.707919 9.9982E-05 9.9982E-05 0.233572
0.0427183 9.9982E-05 0.396173 0.444107 9.9982E-05 0.116802
0.0112134 0.0122041 0.408683 0.415891 0.0477557 0.104253
9.9973E-05 0.164772 9.9973E-05 0.764341 0.0705875 9.9973E-05
0.149787 0.362773 0.39704 0.0247532 0.0655467 9.9991E-05
0.0538746 0.105217 0.113447 0.727261 9.9982E-05 9.9982E-05
0.0129454 0.09199 0.14299 0.723848 9.9991E-05 0.0281266
9.9964E-05 0.503663 0.495937 9.9964E-05 9.9964E-05 9.9964E-05
9.9973E-05 0.0595926 0.708501 0.231606 9.9973E-05 9.9973E-05
0.0823407 0.136462 0.780897 9.9973E-05 9.9973E-05 9.9973E-05
0.0278766 0.0104166 0.0695682 0.832509 0.0595297 9.9991E-05
0.210508 0.0216575 0.101566 0.472667 0.111007 0.0825943
0.10425 9.9982E-05 0.240442 0.652212 9.9982E-05 0.00289516
9.9973E-05 0.419261 0.570607 9.9973E-05 0.00983172 9.9973E-05
0.0593665 9.9982E-05 0.333446 0.587534 9.9982E-05 0.0194533
0.0370486 9.9991E-05 0.202988 0.661682 0.0136101 0.0845712
0.0161585 9.9982E-05 0.0899763 0.741593 9.9982E-05 0.152072
9.9973E-05 0.235558 0.65736 9.9973E-05 9.9973E-05 0.106782
9.9982E-05 9.9982E-05 0.749904 0.203193 0.0430972 0.00360548
9.9982E-05 0.0576553 0.195992 0.686554 0.0595991 9.9982E-05
0.0953274 0.273216 0.45295 0.153863 9.9991E-05 0.0245442
0.0302424 9.9982E-05 0.105758 0.764655 9.9982E-05 0.099145
9.9982E-05 0.176227 0.23091 0.368941 9.9982E-05 0.223722
0.0761023 9.9991E-05 0.551905 0.289338 0.0493349 0.0332197
9.9964E-05 0.479865 0.519735 9.9964E-05 9.9964E-05 9.9964E-05
0.00841725 9.9982E-05 0.638875 0.284527 0.0679805 9.9982E-05
0.00319357 0.233178 0.336313 0.039784 0.079991 0.30754
9.9973E-05 0.549412 0.151035 9.9973E-05 9.9973E-05 0.299253
0.0534377 0.00569293 0.724267 0.115515 9.9991E-05 0.100987
0.00715652 9.9973E-05 0.589768 9.9973E-05 9.9973E-05 0.402776
9.9991E-05 0.138776 0.589818 0.212733 0.0113198 0.0472525
9.9991E-05 0.0192086 0.184814 0.65197 0.0135966 0.130311
9.9982E-05 0.704901 0.0785881 9.9982E-05 0.0663744 0.149937
9.9973E-05 0.239471 9.9973E-05 0.627138 0.133091 9.9973E-05
0.0128547 9.9991E-05 0.169814 0.450573 0.0157853 0.350873
9.9991E-05 0.109628 0.0448848 0.481437 0.038462 0.325488
9.9973E-05 0.401924 0.163434 9.9973E-05 9.9973E-05 0.434342
9.99729E-05 0.557615 0.189453 9.99729E-05 9.99729E-05 0.252632
9.9982E-05 0.0931385 0.148157 0.681393 0.0771116 9.9982E-05
0.0668825 9.9991E-05 0.76833 0.0805726 0.0299403 0.0541743
0.0136766 0.0450534 0.432801 0.097303 0.0570888 0.354077
9.9973E-05 0.613267 0.114663 9.9973E-05 9.9973E-05 0.27177
9.9991E-05 0.176766 0.00903017 0.243913 0.0588635 0.511328
9.9991E-05 0.159489 0.0457646 0.452843 0.135598 0.206205
9.9982E-05 9.9982E-05 0.237952 0.728015 0.00723319 0.0266006
9.9973E-05 9.9973E-05 0.167682 0.573281 9.9973E-05 0.258737
9.9991E-05 0.0891685 0.0499802 0.36171 0.0252195 0.473822
9.9982E-05 0.166886 0.769841 9.9982E-05 0.0346071 0.0284658
0.0133027 9.9982E-05 0.238889 0.656158 9.9982E-05 0.0914501
9.9973E-05 0.1293 0.773846 9.9973E-05 9.9973E-05 0.0965541
0.0269257 9.9982E-05 0.699562 0.126587 9.9982E-05 0.146726
0.023566 9.9982E-05 0.249926 0.704331 0.0219769 9.9982E-05
0.0407649 0.424656 0.534154 9.9982E-05 9.9982E-05 0.000225044
0.0133837 0.309637 0.165758 9.9982E-05 9.9982E-05 0.511021
9.9982E-05 0.192933 0.758463 9.9982E-05 0.0273544 0.021049
9.9982E-05 0.182349 9.9982E-05 0.426369 0.100862 0.29022
9.9991E-05 0.197572 0.292737 0.198701 0.120687 0.190203
9.9991E-05 0.10289 0.354143 0.434933 0.0875052 0.0204289
0.0267097 0.537332 0.290629 9.9982E-05 9.9982E-05 0.145129
0.0242651 0.107491 0.0805464 0.681891 0.0521156 0.0536907
0.176545 0.0966011 0.464848 0.0186323 0.0568617 0.186511
0.0393418 9.9991E-05 0.162456 0.561922 0.0309608 0.20522
0.00655041 9.9991E-05 0.11536 0.645708 0.0840933 0.148189
9.9991E-05 0.0573547 0.141398 0.598909 0.0445153 0.157723
0.0128713 0.0204717 0.207068 0.642307 0.0648795 0.0524031
0.0814668 0.127426 0.118471 0.539334 0.0567577 0.0765449
0.0612132 9.9982E-05 0.658379 9.9982E-05 0.118053 0.162155
0.0690374 0.116833 0.729582 9.9991E-05 0.0366632 0.0477848
0.0348913 0.178762 9.9991E-05 0.627913 0.0674539 0.0908792
9.9982E-05 0.194121 9.9982E-05 0.384717 0.00913823 0.411823
0.0717032 0.245874 0.286866 0.0479947 0.109018 0.238544
9.9973E-05 0.749178 9.9973E-05 9.9973E-05 0.0323192 0.218202
9.9964E-05 0.347662 0.651938 9.9964E-05 9.9964E-05 9.9964E-05
9.9973E-05 0.662091 0.127487 9.9973E-05 9.9973E-05 0.210121
