9.9901E-05 9.9901E-05 9.9901E-05 0.175441 9.9901E-05 9.9901E-05 0.00679219 9.9901E-05 9.9901E-05 9.9901E-05 0.34095 9.9901E-05 0.0532193 9.9901E-05 0.422499 9.9901E-05
9.99189E-05 9.99189E-05 0.186196 0.325072 9.99189E-05 9.99189E-05 9.99189E-05 0.0764863 9.99189E-05 9.99189E-05 0.0842556 9.99189E-05 0.0193432 9.99189E-05 0.300423 0.00732461
9.99279E-05 0.224989 0.013748 0.547698 0.0713983 0.0206229 0.0117667 9.99279E-05 0.0345238 9.99279E-05 9.99279E-05 9.99279E-05 9.99279E-05 0.0744538 9.99279E-05 9.99279E-05
0.00439542 9.99189E-05 9.99189E-05 9.99189E-05 9.99189E-05 9.99189E-05 0.00876426 9.99189E-05 0.000806906 0.153788 0.292545 0.00599616 9.99189E-05 9.99189E-05 0.532805 9.99189E-05
9.99209E-05 9.99209E-05 0.146603 9.99209E-05 9.99209E-05 0.0390907 9.99209E-05 9.99209E-05 0.145433 0.142106 0.123653 9.99209E-05 9.99209E-05 0.0964157 0.305799 9.99209E-05
9.99188E-05 0.0699434 0.0590486 0.180904 0.30174 0.030367 9.99188E-05 9.99188E-05 9.99188E-05 9.99188E-05 0.314116 9.99188E-05 0.0429815 9.99188E-05 9.99188E-05 9.99188E-05
9.99008E-05 0.250663 9.99008E-05 0.631926 9.99008E-05 9.99008E-05 9.99008E-05 9.99008E-05 9.99008E-05 9.99008E-05 9.99008E-05 0.0409803 9.99008E-05 9.99008E-05 0.0607385 0.0145941
9.991E-05 0.0957896 0.131608 0.282328 0.289307 9.991E-05 9.991E-05 9.991E-05 9.991E-05 9.991E-05 0.081195 9.991E-05 0.118774 9.991E-05 9.991E-05 9.991E-05
9.99279E-05 9.99279E-05 0.057015 0.220066 0.139522 9.99279E-05 9.99279E-05 9.99279E-05 0.0333196 0.275946 0.00444792 9.99279E-05 0.0678277 9.99279E-05 0.201057 9.99279E-05
9.99098E-05 0.215776 9.99098E-05 0.0368133 0.357459 0.116103 0.055232 9.99098E-05 9.99098E-05 9.99098E-05 9.99098E-05 0.217617 9.99098E-05 9.99098E-05 9.99098E-05 9.99098E-05
9.99459E-05 9.99459E-05 0.138742 0.114521 0.0876725 0.00106551 0.00288682 0.316821 9.99459E-05 0.197554 0.0282863 9.99459E-05 9.99459E-05 0.0196962 0.092155 9.99459E-05
0.0959547 9.99009E-05 9.99009E-05 0.0298792 0.347453 9.99009E-05 9.99009E-05 0.079092 9.99009E-05 9.99009E-05 9.99009E-05 9.99009E-05 9.99009E-05 9.99009E-05 0.446522 9.99009E-05
9.99279E-05 0.135648 9.99279E-05 0.0213165 9.99279E-05 9.99279E-05 9.99279E-05 9.99279E-05 0.0304473 0.52589 0.0786584 0.0171667 9.99279E-05 0.186877 9.99279E-05 0.00319705
9.9919E-05 0.0214388 9.9919E-05 0.658907 0.175352 0.101874 0.000692173 9.9919E-05 9.9919E-05 9.9919E-05 0.0353185 9.9919E-05 0.00551903 9.9919E-05 9.9919E-05 9.9919E-05
9.98918E-05 9.98918E-05 0.110599 9.98918E-05 0.174329 9.98918E-05 9.98918E-05 0.383544 9.98918E-05 9.98918E-05 9.98918E-05 9.98918E-05 9.98918E-05 9.98918E-05 0.330329 9.98918E-05
9.99368E-05 0.281876 9.99368E-05 0.21205 0.121663 9.99368E-05 0.00876228 9.99368E-05 0.0124817 0.00464874 0.0788442 0.267648 9.99368E-05 9.99368E-05 9.99368E-05 0.0113263
0.0045729 0.129783 9.99189E-05 0.727863 9.99189E-05 9.99189E-05 9.99189E-05 9.99189E-05 9.99189E-05 0.0255989 0.0638843 0.00560425 9.99189E-05 9.99189E-05 0.0417941 9.99189E-05
9.99279E-05 0.224618 0.0775845 0.57313 0.0460817 9.99279E-05 9.99279E-05 0.0135461 9.99279E-05 0.0221862 0.0314525 9.99279E-05 9.99279E-05 0.0106008 9.99279E-05 9.99279E-05
0.0869317 9.9928E-05 0.00381752 0.225725 0.0689405 9.9928E-05 9.9928E-05 9.9928E-05 9.9928E-05 0.166928 9.9928E-05 9.9928E-05 0.00337013 0.0565664 0.386921 9.9928E-05
9.98919E-05 9.98919E-05 9.98919E-05 9.98919E-05 9.98919E-05 9.98919E-05 0.725026 0.170237 0.0652407 9.98919E-05 0.0382968 9.98919E-05 9.98919E-05 9.98919E-05 9.98919E-05 9.98919E-05
0.060864 9.9892E-05 9.9892E-05 9.9892E-05 9.9892E-05 9.9892E-05 0.820029 9.9892E-05 9.9892E-05 0.108057 0.00985139 9.9892E-05 9.9892E-05 9.9892E-05 9.9892E-05 9.9892E-05
9.98737E-05 9.98737E-05 9.98737E-05 9.98737E-05 9.98737E-05 9.98737E-05 0.8059 9.98737E-05 9.98737E-05 9.98737E-05 0.192702 9.98737E-05 9.98737E-05 9.98737E-05 9.98737E-05 9.98737E-05
0.26188 9.99008E-05 9.99008E-05 9.99008E-05 9.99008E-05 9.99008E-05 0.601757 9.99008E-05 0.0322998 0.0965196 9.99008E-05 9.99008E-05 0.00644524 9.99008E-05 9.99008E-05 9.99008E-05
9.99099E-05 9.99099E-05 9.99099E-05 9.99099E-05 9.99099E-05 9.99099E-05 0.71431 0.0464726 0.00246267 0.120833 9.99099E-05 9.99099E-05 0.0322725 9.99099E-05 0.08265 9.99099E-05
9.99098E-05 0.00813997 9.99098E-05 0.244958 0.0672271 9.99098E-05 0.449247 9.99098E-05 9.99098E-05 9.99098E-05 9.99098E-05 9.99098E-05 0.0241273 9.99098E-05 9.99098E-05 0.205301
9.99188E-05 9.99188E-05 0.00925838 9.99188E-05 0.048742 9.99188E-05 0.318498 0.076897 0.087714 9.99188E-05 9.99188E-05 9.99188E-05 0.297849 9.99188E-05 0.160143 9.99188E-05
9.99009E-05 0.188506 9.99009E-05 9.99009E-05 9.99009E-05 9.99009E-05 0.24705 9.99009E-05 0.0437376 9.99009E-05 9.99009E-05 0.31462 9.99009E-05 9.99009E-05 9.99009E-05 0.204988
0.157742 9.9928E-05 0.0114303 9.9928E-05 9.9928E-05 9.9928E-05 0.230506 0.135077 0.124995 9.9928E-05 0.0994864 9.9928E-05 0.220989 0.0189737 9.9928E-05 9.9928E-05
9.99008E-05 9.99008E-05 9.99008E-05 0.0219506 9.99008E-05 9.99008E-05 0.806313 9.99008E-05 9.99008E-05 9.99008E-05 0.146774 0.00504509 9.99008E-05 9.99008E-05 9.99008E-05 0.0188177
0.00154654 9.98829E-05 9.98829E-05 9.98829E-05 9.98829E-05 9.98829E-05 0.857135 9.98829E-05 9.98829E-05 0.14002 9.98829E-05 9.98829E-05 9.98829E-05 9.98829E-05 9.98829E-05 9.98829E-05
0.111882 0.101611 9.99191E-05 0.0460587 9.99191E-05 9.99191E-05 0.572564 0.00412311 9.99191E-05 9.99191E-05 9.99191E-05 0.102822 9.99191E-05 9.99191E-05 9.99191E-05 0.0600394
9.99188E-05 9.99188E-05 9.99188E-05 9.99188E-05 9.99188E-05 9.99188E-05 0.13118 9.99188E-05 0.040843 9.99188E-05 0.129165 0.0278588 0.343846 0.0791362 9.99188E-05 0.247073
9.98917E-05 0.198669 9.98917E-05 9.98917E-05 9.98917E-05 9.98917E-05 0.580265 9.98917E-05 9.98917E-05 9.98917E-05 9.98917E-05 0.133395 9.98917E-05 9.98917E-05 9.98917E-05 0.0864726
9.99008E-05 0.0531785 9.99008E-05 0.205485 9.99008E-05 9.99008E-05 0.629897 9.99008E-05 9.99008E-05 9.99008E-05 9.99008E-05 9.99008E-05 0.0247228 9.99008E-05 9.99008E-05 0.0856177
9.98829E-05 9.98829E-05 9.98829E-05 9.98829E-05 0.0209362 9.98829E-05 0.817021 9.98829E-05 9.98829E-05 0.160744 9.98829E-05 9.98829E-05 9.98829E-05 9.98829E-05 9.98829E-05 9.98829E-05
9.98919E-05 9.98919E-05 9.98919E-05 9.98919E-05 9.98919E-05 9.98919E-05 0.728914 0.138975 0.0432817 9.98919E-05 9.98919E-05 9.98919E-05 9.98919E-05 9.98919E-05 0.0876312 9.98919E-05
9.98739E-05 9.98739E-05 9.98739E-05 9.98739E-05 9.98739E-05 9.98739E-05 0.680998 0.317604 9.98739E-05 9.98739E-05 9.98739E-05 9.98739E-05 9.98739E-05 9.98739E-05 9.98739E-05 9.98739E-05
0.225293 9.98918E-05 9.98918E-05 9.98918E-05 9.98918E-05 9.98918E-05 0.669641 9.98918E-05 0.0199718 9.98918E-05 9.98918E-05 9.98918E-05 9.98918E-05 9.98918E-05 0.0838956 9.98918E-05
9.98826E-05 9.98826E-05 9.98826E-05 9.98826E-05 9.98826E-05 9.98826E-05 9.98826E-05 9.98826E-05 0.455274 9.98826E-05 0.170073 9.98826E-05 9.98826E-05 9.98826E-05 9.98826E-05 0.373354
0.0161526 9.99279E-05 0.013105 9.99279E-05 9.99279E-05 9.99279E-05 9.99279E-05 9.99279E-05 0.0288994 9.99279E-05 0.0217834 0.070889 9.99279E-05 0.0573173 0.000914497 0.790139
9.99099E-05 0.180282 9.99099E-05 9.99099E-05 9.99099E-05 0.106049 0.0239414 9.99099E-05 9.99099E-05 9.99099E-05 9.99099E-05 0.0724127 0.0249586 9.99099E-05 9.99099E-05 0.591357
0.336051 9.99099E-05 9.99099E-05 9.99099E-05 9.99099E-05 9.99099E-05 9.99099E-05 9.99099E-05 0.262424 9.99099E-05 0.0478354 0.0484047 0.0513791 9.99099E-05 9.99099E-05 0.252906
9.98917E-05 9.98917E-05 9.98917E-05 9.98917E-05 9.98917E-05 9.98917E-05 0.233316 9.98917E-05 0.147836 9.98917E-05 0.18982 9.98917E-05 9.98917E-05 9.98917E-05 9.98917E-05 0.427829
9.99189E-05 9.99189E-05 9.99189E-05 0.0168364 0.0773569 0.0521965 0.0612898 0.104128 9.99189E-05 9.99189E-05 9.99189E-05 9.99189E-05 9.99189E-05 0.0160548 9.99189E-05 0.671238
0.142135 9.98919E-05 9.98919E-05 9.98919E-05 9.98919E-05 9.98919E-05 9.98919E-05 9.98919E-05 0.135402 9.98919E-05 9.98919E-05 9.98919E-05 0.491879 9.98919E-05 0.229385 9.98919E-05
9.99099E-05 9.99099E-05 0.167648 9.99099E-05 0.0311571 9.99099E-05 9.99099E-05 9.99099E-05 0.578123 0.00600024 9.99099E-05 9.99099E-05 9.99099E-05 9.99099E-05 0.0859447 0.130128
9.99098E-05 0.0784013 9.99098E-05 0.119226 9.99098E-05 0.0202169 0.155088 9.99098E-05 9.99098E-05 9.99098E-05 9.99098E-05 0.0148924 9.99098E-05 9.99098E-05 9.99098E-05 0.611177
9.98827E-05 9.98827E-05 9.98827E-05 9.98827E-05 9.98827E-05 9.98827E-05 9.98827E-05 9.98827E-05 0.348874 9.98827E-05 0.169958 9.98827E-05 9.98827E-05 9.98827E-05 9.98827E-05 0.47987
9.9892E-05 0.0433457 9.9892E-05 9.9892E-05 9.9892E-05 9.9892E-05 9.9892E-05 9.9892E-05 9.9892E-05 9.9892E-05 9.9892E-05 0.510187 9.9892E-05 9.9892E-05 0.00236613 0.442903
0.0075562 9.991E-05 0.222829 9.991E-05 9.991E-05 9.991E-05 9.991E-05 0.00523508 0.389704 9.991E-05 9.991E-05 9.991E-05 0.0382038 9.991E-05 9.991E-05 0.335473
0.0331547 9.99009E-05 9.99009E-05 9.99009E-05 9.99009E-05 9.99009E-05 9.99009E-05 9.99009E-05 0.126539 9.99009E-05 0.00605557 0.122426 9.99009E-05 9.99009E-05 9.99009E-05 0.710726
0.114324 9.9919E-05 9.9919E-05 9.9919E-05 9.9919E-05 9.9919E-05 0.0643046 9.9919E-05 0.175198 0.214909 0.00521297 9.9919E-05 9.9919E-05 0.00445039 9.9919E-05 0.420701
9.99278E-05 9.99278E-05 9.99278E-05 9.99278E-05 0.0974641 9.99278E-05 0.085115 0.208948 0.307738 0.0369308 9.99278E-05 9.99278E-05 0.164325 9.99278E-05 0.0392092 0.0594701
9.99189E-05 9.99189E-05 0.0959329 9.99189E-05 0.158485 9.99189E-05 9.99189E-05 0.17068 0.19299 0.0537991 9.99189E-05 9.99189E-05 0.0592946 9.99189E-05 9.99189E-05 0.267919
0.446731 9.99279E-05 0.0243413 9.99279E-05 9.99279E-05 9.99279E-05 0.0189029 0.00960806 0.200225 9.99279E-05 9.99279E-05 9.99279E-05 0.0982484 9.99279E-05 0.0437401 0.157404
0.374307 9.98919E-05 9.98919E-05 9.98919E-05 9.98919E-05 9.98919E-05 0.334268 9.98919E-05 9.98919E-05 9.98919E-05 9.98919E-05 9.98919E-05 0.209944 9.98919E-05 0.0802819 9.98919E-05
9.99097E-05 9.99097E-05 9.99097E-05 0.0310175 9.99097E-05 9.99097E-05 9.99097E-05 9.99097E-05 0.264626 9.99097E-05 0.135428 9.99097E-05 0.019874 0.00323948 9.99097E-05 0.544816
9.99099E-05 9.99099E-05 9.99099E-05 9.99099E-05 9.99099E-05 9.99099E-05 0.0124961 9.99099E-05 0.219055 0.148498 9.99099E-05 0.109931 0.234909 9.99099E-05 9.99099E-05 0.274111
9.99008E-05 9.99008E-05 9.99008E-05 9.99008E-05 9.99008E-05 9.99008E-05 9.99008E-05 9.99008E-05 9.99008E-05 9.99008E-05 0.0871138 0.0382437 0.0621518 0.0115946 9.99008E-05 0.799797
0.0277178 9.98943E-05 9.98943E-05 9.98943E-05 9.98943E-05 9.98943E-05 9.98943E-05 9.98943E-05 0.734174 9.98943E-05 0.0794259 9.98943E-05 9.98943E-05 9.98943E-05 9.98943E-05 0.157483
9.99188E-05 9.99188E-05 0.0130903 0.00397058 9.99188E-05 9.99188E-05 0.0296817 9.99188E-05 0.53392 9.99188E-05 0.132552 9.99188E-05 0.130265 9.99188E-05 9.99188E-05 0.155622
9.99188E-05 9.99188E-05 0.159358 9.99188E-05 0.0197814 9.99188E-05 9.99188E-05 0.0343337 0.36295 9.99188E-05 9.99188E-05 9.99188E-05 0.0521068 9.99188E-05 0.0432341 0.327337
9.99099E-05 9.99099E-05 9.99099E-05 0.0669396 9.99099E-05 9.99099E-05 9.99099E-05 9.99099E-05 0.114661 9.99099E-05 9.99099E-05 0.0754301 0.315963 0.177805 9.99099E-05 0.248203
0.281428 0.0308026 9.98919E-05 9.98919E-05 9.98919E-05 9.98919E-05 0.0419475 9.98919E-05 0.644623 9.98919E-05 9.98919E-05 9.98919E-05 9.98919E-05 9.98919E-05 9.98919E-05 9.98919E-05
9.99008E-05 0.370345 9.99008E-05 0.103215 9.99008E-05 9.99008E-05 9.99008E-05 9.99008E-05 0.264216 9.99008E-05 9.99008E-05 9.99008E-05 0.0845245 9.99008E-05 9.99008E-05 0.1766
9.99368E-05 9.99368E-05 9.99368E-05 0.0194423 0.0543061 9.99368E-05 0.0993451 0.0901252 0.204528 0.153225 0.0310107 9.99368E-05 0.346149 9.99368E-05 9.99368E-05 0.00116888
0.0295398 9.9883E-05 0.0844189 9.9883E-05 9.9883E-05 9.9883E-05 9.9883E-05 9.9883E-05 0.884743 9.9883E-05 9.9883E-05 9.9883E-05 9.9883E-05 9.9883E-05 9.9883E-05 9.9883E-05
9.9901E-05 0.0497107 9.9901E-05 9.9901E-05 0.000923819 9.9901E-05 9.9901E-05 0.175979 0.771254 9.9901E-05 9.9901E-05 0.00103368 9.9901E-05 9.9901E-05 9.9901E-05 9.9901E-05
9.99368E-05 0.0199533 9.99368E-05 0.0416969 0.0281823 9.99368E-05 0.0344488 9.99368E-05 0.113271 9.99368E-05 0.0249701 9.99368E-05 0.685016 0.0139995 0.0377622 9.99368E-05
9.99098E-05 9.99098E-05 9.99098E-05 9.99098E-05 9.99098E-05 0.00104792 0.201365 9.99098E-05 0.0357367 9.99098E-05 0.265198 9.99098E-05 0.396186 9.99098E-05 9.99098E-05 0.0994686
9.99098E-05 9.99098E-05 9.99098E-05 9.99098E-05 9.99098E-05 0.00388822 0.0972272 9.99098E-05 9.99098E-05 9.99098E-05 9.99098E-05 0.357415 0.352477 0.00660495 9.99098E-05 0.181389
9.98828E-05 0.469504 9.98828E-05 9.98828E-05 9.98828E-05 9.98828E-05 9.98828E-05 9.98828E-05 0.239259 9.98828E-05 9.98828E-05 9.98828E-05 9.98828E-05 9.98828E-05 9.98828E-05 0.289938
0.217671 9.98919E-05 0.0837263 9.98919E-05 9.98919E-05 9.98919E-05 0.652076 9.98919E-05 9.98919E-05 9.98919E-05 9.98919E-05 9.98919E-05 9.98919E-05 9.98919E-05 0.0453276 9.98919E-05
9.99097E-05 0.116048 9.99097E-05 0.119345 9.99097E-05 9.99097E-05 9.99097E-05 9.99097E-05 0.396531 9.99097E-05 9.99097E-05 0.0481687 9.99097E-05 0.00533303 9.99097E-05 0.313575
9.99008E-05 9.99008E-05 9.99008E-05 9.99008E-05 9.99008E-05 9.99008E-05 9.99008E-05 0.00448207 0.612484 9.99008E-05 0.0405041 9.99008E-05 0.326675 0.014756 9.99008E-05 9.99008E-05
9.99099E-05 9.99099E-05 9.99099E-05 9.99099E-05 0.0690571 9.99099E-05 0.101533 9.99099E-05 0.0466164 0.138361 9.99099E-05 9.99099E-05 0.472353 9.99099E-05 0.171081 9.99099E-05
9.99007E-05 0.15091 9.99007E-05 0.0288694 9.99007E-05 9.99007E-05 0.691659 9.99007E-05 9.99007E-05 9.99007E-05 9.99007E-05 0.0432489 9.99007E-05 9.99007E-05 9.99007E-05 0.0842131
9.9892E-05 0.400342 9.9892E-05 9.9892E-05 9.9892E-05 9.9892E-05 0.198947 9.9892E-05 9.9892E-05 9.9892E-05 9.9892E-05 0.156697 9.9892E-05 9.9892E-05 9.9892E-05 0.242815
9.98917E-05 0.024109 9.98917E-05 0.146641 9.98917E-05 9.98917E-05 0.669932 9.98917E-05 9.98917E-05 9.98917E-05 9.98917E-05 9.98917E-05 9.98917E-05 9.98917E-05 9.98917E-05 0.15812
9.99008E-05 9.99008E-05 9.99008E-05 9.99008E-05 9.99008E-05 9.99008E-05 0.264933 9.99008E-05 0.0160559 9.99008E-05 0.296648 9.99008E-05 0.335821 9.99008E-05 9.99008E-05 0.0854436
9.9901E-05 9.9901E-05 9.9901E-05 9.9901E-05 9.9901E-05 9.9901E-05 0.161457 9.9901E-05 0.076315 9.9901E-05 9.9901E-05 0.502761 0.0469496 9.9901E-05 9.9901E-05 0.211418
0.020945 9.99099E-05 9.99099E-05 9.99099E-05 9.99099E-05 9.99099E-05 0.213339 9.99099E-05 0.37014 0.267006 9.99099E-05 9.99099E-05 0.0104699 9.99099E-05 9.99099E-05 0.117101
9.98829E-05 9.98829E-05 9.98829E-05 9.98829E-05 9.98829E-05 9.98829E-05 9.98829E-05 9.98829E-05 0.419073 0.211541 9.98829E-05 9.98829E-05 9.98829E-05 9.98829E-05 9.98829E-05 0.368088
9.9901E-05 9.9901E-05 9.9901E-05 9.9901E-05 9.9901E-05 9.9901E-05 0.0893202 9.9901E-05 0.0901946 0.382563 9.9901E-05 9.9901E-05 0.0627374 9.9901E-05 9.9901E-05 0.374086
9.99098E-05 0.181608 9.99098E-05 0.0170474 9.99098E-05 0.0206896 9.99098E-05 9.99098E-05 0.275762 9.99098E-05 9.99098E-05 0.0507496 9.99098E-05 9.99098E-05 9.99098E-05 0.453144
9.99009E-05 9.99009E-05 9.99009E-05 9.99009E-05 9.99009E-05 9.99009E-05 0.0807 9.99009E-05 0.60262 9.99009E-05 0.219122 0.00928981 9.99009E-05 9.99009E-05 9.99009E-05 0.0871697
9.98919E-05 9.98919E-05 9.98919E-05 9.98919E-05 9.98919E-05 9.98919E-05 9.98919E-05 9.98919E-05 0.800753 0.0161488 9.98919E-05 9.98919E-05 0.0914836 9.98919E-05 0.0904158 9.98919E-05
9.99001E-05 0.0946502 9.99001E-05 0.149437 9.99001E-05 0.019634 0.191732 9.99001E-05 9.99001E-05 9.99001E-05 9.99001E-05 9.99001E-05 0.538333 9.99001E-05 9.99001E-05 0.0052141
9.98827E-05 0.262851 9.98827E-05 9.98827E-05 9.98827E-05 9.98827E-05 9.98827E-05 9.98827E-05 9.98827E-05 9.98827E-05 9.98827E-05 9.98827E-05 0.261852 9.98827E-05 9.98827E-05 0.473998
9.98828E-05 9.98828E-05 0.161161 9.98828E-05 9.98828E-05 9.98828E-05 0.136535 9.98828E-05 9.98828E-05 9.98828E-05 9.98828E-05 9.98828E-05 0.701005 9.98828E-05 9.98828E-05 9.98828E-05
9.99007E-05 0.222245 9.99007E-05 0.0174579 0.0136941 9.99007E-05 9.99007E-05 9.99007E-05 9.99007E-05 9.99007E-05 9.99007E-05 9.99007E-05 0.444945 9.99007E-05 9.99007E-05 0.300559
9.98827E-05 0.257678 9.98827E-05 9.98827E-05 9.98827E-05 9.98827E-05 9.98827E-05 9.98827E-05 9.98827E-05 9.98827E-05 9.98827E-05 9.98827E-05 0.527258 9.98827E-05 9.98827E-05 0.213766
0.0800904 9.99008E-05 0.16248 9.99008E-05 9.99008E-05 9.99008E-05 9.99008E-05 0.00933563 9.99008E-05 9.99008E-05 9.99008E-05 9.99008E-05 0.705089 9.99008E-05 0.0419068 9.99008E-05
9.99098E-05 0.0105184 0.0402507 0.151374 9.99098E-05 9.99098E-05 9.99098E-05 9.99098E-05 0.180917 9.99098E-05 9.99098E-05 9.99098E-05 0.343223 9.99098E-05 9.99098E-05 0.272718
0.00364668 0.0168299 0.00248584 0.0858225 9.99189E-05 9.99189E-05 9.99189E-05 9.99189E-05 9.99189E-05 9.99189E-05 0.00987522 9.99189E-05 0.660374 9.99189E-05 9.99189E-05 0.220066
9.99009E-05 0.00640055 9.99009E-05 9.99009E-05 9.99009E-05 0.0110969 9.99009E-05 9.99009E-05 9.99009E-05 9.99009E-05 9.99009E-05 0.350019 9.99009E-05 0.607717 9.99009E-05 0.0236682
9.991E-05 0.0787923 0.0111496 9.991E-05 9.991E-05 9.991E-05 9.991E-05 9.991E-05 9.991E-05 9.991E-05 0.154645 0.10338 9.991E-05 0.525382 9.991E-05 0.125652
0.162895 9.99099E-05 9.99099E-05 9.99099E-05 9.99099E-05 9.99099E-05 9.99099E-05 9.99099E-05 9.99099E-05 0.0188757 0.0333382 0.00256647 9.99099E-05 0.75996 9.99099E-05 0.0213656
0.00909695 9.99009E-05 0.368408 9.99009E-05 0.0755284 9.99009E-05 9.99009E-05 9.99009E-05 9.99009E-05 9.99009E-05 9.99009E-05 9.99009E-05 0.0266326 0.519236 9.99009E-05 9.99009E-05
9.98828E-05 9.98828E-05 9.98828E-05 9.98828E-05 9.98828E-05 0.105219 9.98828E-05 9.98828E-05 9.98828E-05 9.98828E-05 9.98828E-05 0.246845 9.98828E-05 0.646638 9.98828E-05 9.98828E-05
0.0148565 9.99459E-05 0.205682 0.399839 9.99459E-05 9.99459E-05 9.99459E-05 0.00158358 0.00380652 0.0257461 0.0435132 9.99459E-05 0.0944294 0.17102 0.0389235 9.99459E-05
9.98827E-05 0.330878 9.98827E-05 0.183135 9.98827E-05 9.98827E-05 9.98827E-05 9.98827E-05 9.98827E-05 9.98827E-05 9.98827E-05 9.98827E-05 9.98827E-05 0.484689 9.98827E-05 9.98827E-05
9.98828E-05 9.98828E-05 9.98828E-05 9.98828E-05 9.98828E-05 9.98828E-05 9.98828E-05 9.98828E-05 9.98828E-05 9.98828E-05 9.98828E-05 0.26765 9.98828E-05 0.723519 9.98828E-05 0.00753333
9.99009E-05 0.0176316 9.99009E-05 0.0219958 9.99009E-05 9.99009E-05 9.99009E-05 9.99009E-05 9.99009E-05 9.99009E-05 0.29918 9.99009E-05 0.064575 0.595518 9.99009E-05 9.99009E-05
0.0290993 9.99189E-05 9.99189E-05 9.99189E-05 9.99189E-05 9.99189E-05 0.00813955 0.20392 0.102596 9.99189E-05 0.0260449 9.99189E-05 9.99189E-05 0.530987 0.0983134 9.99189E-05
9.98919E-05 9.98919E-05 9.98919E-05 9.98919E-05 9.98919E-05 0.135421 9.98919E-05 9.98919E-05 9.98919E-05 9.98919E-05 9.98919E-05 0.563549 9.98919E-05 0.259456 9.98919E-05 0.0403754
9.99098E-05 0.042562 9.99098E-05 9.99098E-05 9.99098E-05 0.0354653 9.99098E-05 0.408086 0.00479383 9.99098E-05 9.99098E-05 9.99098E-05 9.99098E-05 0.451657 0.0564361 9.99098E-05
9.98918E-05 9.98918E-05 9.98918E-05 0.105127 9.98918E-05 9.98918E-05 9.98918E-05 9.98918E-05 9.98918E-05 9.98918E-05 9.98918E-05 0.115966 9.98918E-05 0.756246 9.98918E-05 0.021462
9.99278E-05 9.99278E-05 0.00663858 0.136274 9.99278E-05 9.99278E-05 9.99278E-05 0.120684 0.0041626 0.0240245 0.180152 9.99278E-05 0.0570019 0.470263 9.99278E-05 9.99278E-05
0.0248476 9.99009E-05 9.99009E-05 9.99009E-05 9.99009E-05 9.99009E-05 0.0232524 9.99009E-05 9.99009E-05 9.99009E-05 0.418531 0.0415594 9.99009E-05 0.490711 9.99009E-05 9.99009E-05
9.99099E-05 9.99099E-05 9.99099E-05 0.550482 9.99099E-05 0.00751253 0.0488047 9.99099E-05 9.99099E-05 9.99099E-05 9.99099E-05 0.0658375 9.99099E-05 0.310831 0.0155329 9.99099E-05
9.99097E-05 9.99097E-05 0.134496 9.99097E-05 9.99097E-05 9.99097E-05 9.99097E-05 9.99097E-05 0.0702789 0.182523 9.99097E-05 9.99097E-05 0.0261832 0.436706 0.148814 9.99097E-05
0.508388 0.0136542 9.99007E-05 9.99007E-05 9.99007E-05 9.99007E-05 9.99007E-05 9.99007E-05 9.99007E-05 0.0797086 9.99007E-05 9.99007E-05 9.99007E-05 0.345839 0.0513111 9.99007E-05
9.99009E-05 0.057463 9.99009E-05 9.99009E-05 9.99009E-05 9.99009E-05 0.0402911 9.99009E-05 9.99009E-05 9.99009E-05 0.352732 9.99009E-05 9.99009E-05 0.438123 9.99009E-05 0.110292
9.98919E-05 0.0311014 9.98919E-05 0.227777 9.98919E-05 9.98919E-05 9.98919E-05 9.98919E-05 9.98919E-05 9.98919E-05 9.98919E-05 9.98919E-05 9.98919E-05 0.725128 9.98919E-05 0.0147942
9.99009E-05 9.99009E-05 0.0416328 9.99009E-05 9.99009E-05 9.99009E-05 0.0338795 0.0706055 9.99009E-05 9.99009E-05 0.286586 9.99009E-05 9.99009E-05 0.566197 9.99009E-05 9.99009E-05
0.0865772 9.98829E-05 9.98829E-05 9.98829E-05 9.98829E-05 9.98829E-05 9.98829E-05 9.98829E-05 9.98829E-05 0.29648 9.98829E-05 9.98829E-05 9.98829E-05 0.615645 9.98829E-05 9.98829E-05
9.99279E-05 9.99279E-05 0.407648 0.0796794 9.99279E-05 0.0947192 9.99279E-05 0.140413 0.0576405 0.0641495 0.1543 9.99279E-05 9.99279E-05 9.99279E-05 0.00065048 9.99279E-05
9.99008E-05 0.109846 9.99008E-05 0.101663 0.129073 0.623993 9.99008E-05 9.99008E-05 9.99008E-05 9.99008E-05 9.99008E-05 9.99008E-05 9.99008E-05 9.99008E-05 0.0343263 9.99008E-05
0.46766 0.0105295 0.137336 0.143174 9.99369E-05 0.0144807 9.99369E-05 9.99369E-05 9.99369E-05 0.190709 0.0201006 9.99369E-05 9.99369E-05 9.99369E-05 0.0145055 0.000805148
9.99099E-05 9.99099E-05 9.99099E-05 0.647792 9.99099E-05 0.0871345 0.00817246 9.99099E-05 9.99099E-05 9.99099E-05 0.199647 0.0460988 9.99099E-05 9.99099E-05 9.99099E-05 0.0101561
9.98827E-05 0.0913823 9.98827E-05 9.98827E-05 9.98827E-05 0.671707 9.98827E-05 9.98827E-05 9.98827E-05 9.98827E-05 9.98827E-05 0.235612 9.98827E-05 9.98827E-05 9.98827E-05 9.98827E-05
0.0161385 9.99188E-05 0.0382401 0.100461 9.99188E-05 0.0324596 9.99188E-05 0.299363 9.99188E-05 0.300094 9.99188E-05 9.99188E-05 9.99188E-05 9.99188E-05 0.212345 9.99188E-05
9.98828E-05 9.98828E-05 9.98828E-05 9.98828E-05 9.98828E-05 0.755619 9.98828E-05 0.198112 9.98828E-05 9.98828E-05 9.98828E-05 9.98828E-05 9.98828E-05 9.98828E-05 0.04497 9.98828E-05
9.99278E-05 0.0888202 0.160801 0.2959 9.99278E-05 0.0141333 9.99278E-05 9.99278E-05 0.0491828 0.0867155 0.241441 9.99278E-05 0.0622066 9.99278E-05 9.99278E-05 9.99278E-05
0.0397575 9.98919E-05 9.98919E-05 9.98919E-05 0.0653059 0.606131 9.98919E-05 9.98919E-05 9.98919E-05 0.287607 9.98919E-05 9.98919E-05 9.98919E-05 9.98919E-05 9.98919E-05 9.98919E-05
9.98919E-05 0.356124 9.98919E-05 0.243544 9.98919E-05 0.375304 9.98919E-05 9.98919E-05 9.98919E-05 9.98919E-05 9.98919E-05 0.0238296 9.98919E-05 9.98919E-05 9.98919E-05 9.98919E-05
9.99188E-05 9.99188E-05 0.238909 9.99188E-05 0.0175454 0.125315 9.99188E-05 0.227156 0.0444895 0.249049 0.0966374 9.99188E-05 9.99188E-05 9.99188E-05 9.99188E-05 9.99188E-05
0.391482 9.98918E-05 9.98918E-05 9.98918E-05 0.00992178 0.532038 9.98918E-05 9.98918E-05 9.98918E-05 9.98918E-05 9.98918E-05 9.98918E-05 9.98918E-05 9.98918E-05 0.0653595 9.98918E-05
9.98828E-05 0.237558 9.98828E-05 9.98828E-05 9.98828E-05 0.582863 9.98828E-05 9.98828E-05 9.98828E-05 9.98828E-05 9.98828E-05 0.178281 9.98828E-05 9.98828E-05 9.98828E-05 9.98828E-05
0.00121336 9.99099E-05 0.340805 0.040359 9.99099E-05 9.99099E-05 9.99099E-05 0.21877 9.99099E-05 0.129345 9.99099E-05 9.99099E-05 9.99099E-05 9.99099E-05 0.268508 9.99099E-05
0.0176025 9.99098E-05 9.99098E-05 9.99098E-05 0.0121965 0.461712 9.99098E-05 9.99098E-05 0.0543794 0.218091 9.99098E-05 9.99098E-05 9.99098E-05 9.99098E-05 0.235019 9.99098E-05
9.98918E-05 9.98918E-05 9.98918E-05 0.244804 9.98918E-05 9.98918E-05 9.98918E-05 0.0435598 9.98918E-05 0.549341 9.98918E-05 9.98918E-05 9.98918E-05 9.98918E-05 0.161097 9.98918E-05
9.98828E-05 0.0489673 9.98828E-05 9.98828E-05 9.98828E-05 0.61165 9.98828E-05 9.98828E-05 9.98828E-05 9.98828E-05 9.98828E-05 0.338085 9.98828E-05 9.98828E-05 9.98828E-05 9.98828E-05
0.00105687 9.99008E-05 0.143823 9.99008E-05 9.99008E-05 0.258713 9.99008E-05 9.99008E-05 0.0135416 0.581766 9.99008E-05 9.99008E-05 9.99008E-05 9.99008E-05 9.99008E-05 9.99008E-05
9.99009E-05 9.99009E-05 0.473385 9.99009E-05 9.99009E-05 9.99009E-05 9.99009E-05 0.279198 0.00402395 0.069725 0.172569 9.99009E-05 9.99009E-05 9.99009E-05 9.99009E-05 9.99009E-05
9.99008E-05 9.99008E-05 0.105456 0.58742 9.99008E-05 0.142614 9.99008E-05 9.99008E-05 9.99008E-05 9.99008E-05 0.0901406 9.99008E-05 0.0732702 9.99008E-05 9.99008E-05 9.99008E-05
0.426821 9.99282E-05 0.0748518 0.269301 9.99282E-05 9.99282E-05 0.0524261 0.0388365 9.99282E-05 9.99282E-05 0.00883358 0.0325866 9.99282E-05 0.0955443 9.99282E-05 9.99282E-05
0.213776 9.99189E-05 0.0813952 0.189482 9.99189E-05 0.112735 0.0345403 9.99189E-05 9.99189E-05 0.325678 0.0414945 9.99189E-05 9.99189E-05 9.99189E-05 9.99189E-05 9.99189E-05
9.98917E-05 0.00527458 9.98917E-05 0.166448 9.98917E-05 0.62113 9.98917E-05 9.98917E-05 9.98917E-05 9.98917E-05 9.98917E-05 0.205949 9.98917E-05 9.98917E-05 9.98917E-05 9.98917E-05
9.99368E-05 0.0109752 0.0482791 0.169745 0.35548 9.99368E-05 0.0277997 0.03457 9.99368E-05 0.321142 9.99368E-05 9.99368E-05 0.0155928 9.99368E-05 9.99368E-05 0.0157166
9.99006E-05 9.99006E-05 0.102622 0.0535757 9.99006E-05 0.588407 9.99006E-05 9.99006E-05 9.99006E-05 9.99006E-05 0.162467 9.99006E-05 0.0918298 9.99006E-05 9.99006E-05 9.99006E-05
9.99189E-05 9.99189E-05 9.99189E-05 0.268443 9.99189E-05 0.144379 0.0220451 9.99189E-05 9.99189E-05 9.99189E-05 0.19035 0.146871 9.99189E-05 0.157293 9.99189E-05 0.0697202
9.99188E-05 9.99188E-05 0.0525459 9.99188E-05 0.220084 9.99188E-05 0.0105423 9.99188E-05 0.0381339 0.53826 9.99188E-05 9.99188E-05 0.0297626 0.109772 9.99188E-05 9.99188E-05
9.9901E-05 9.9901E-05 9.9901E-05 9.9901E-05 0.213593 9.9901E-05 9.9901E-05 9.9901E-05 0.0786307 9.9901E-05 0.577375 0.0327045 9.9901E-05 0.0965976 9.9901E-05 9.9901E-05
0.00685678 0.232999 9.9919E-05 9.9919E-05 9.9919E-05 0.0228446 0.0551219 9.9919E-05 9.9919E-05 9.9919E-05 9.9919E-05 0.637661 0.00590135 9.9919E-05 0.037716 9.9919E-05
9.99278E-05 0.0933017 9.99278E-05 0.194066 0.10721 0.138265 9.99278E-05 9.99278E-05 9.99278E-05 9.99278E-05 0.326758 0.0154889 0.0670759 0.057035 9.99278E-05 9.99278E-05
9.99098E-05 9.99098E-05 9.99098E-05 0.399021 0.188283 9.99098E-05 0.0226076 9.99098E-05 9.99098E-05 9.99098E-05 9.99098E-05 0.240761 9.99098E-05 0.118798 9.99098E-05 0.0295295
0.0138352 9.99189E-05 9.99189E-05 9.99189E-05 9.99189E-05 0.15273 0.0142597 0.521173 0.0104609 9.99189E-05 0.219891 0.0667504 9.99189E-05 9.99189E-05 9.99189E-05 9.99189E-05
9.98828E-05 9.98828E-05 9.98828E-05 0.479409 9.98828E-05 0.0767117 9.98828E-05 9.98828E-05 9.98828E-05 9.98828E-05 9.98828E-05 0.442581 9.98828E-05 9.98828E-05 9.98828E-05 9.98828E-05
0.0576232 9.99188E-05 9.99188E-05 0.0835036 0.0178855 9.99188E-05 9.99188E-05 0.0986429 9.99188E-05 0.583305 0.011327 9.99188E-05 9.99188E-05 9.99188E-05 0.146813 9.99188E-05
9.99008E-05 9.99008E-05 9.99008E-05 0.43485 0.000716395 0.082844 9.99008E-05 9.99008E-05 9.99008E-05 9.99008E-05 0.0781607 0.40233 9.99008E-05 9.99008E-05 9.99008E-05 9.99008E-05
0.381563 9.99099E-05 9.99099E-05 9.99099E-05 0.1989 0.149004 9.99099E-05 9.99099E-05 9.99099E-05 0.0613691 0.0551127 0.153053 9.99099E-05 9.99099E-05 9.99099E-05 9.99099E-05
0.310392 0.0411649 9.99189E-05 9.99189E-05 0.0781244 9.99189E-05 9.99189E-05 9.99189E-05 9.99189E-05 0.28805 0.170697 9.99189E-05 9.99189E-05 0.0298914 0.0807808 9.99189E-05
0.0188558 9.9964E-05 0.0625617 0.0102143 0.0791771 0.0548101 0.00106347 0.0132131 0.0294706 0.00518881 0.62085 9.9964E-05 9.9964E-05 0.0217094 9.9964E-05 0.0824857
9.99368E-05 0.0537887 0.074433 0.282498 9.99368E-05 9.99368E-05 9.99368E-05 9.99368E-05 0.0309764 0.0847077 0.4004 9.99368E-05 0.0191248 0.0418003 0.0115713 9.99368E-05
9.99279E-05 0.0307727 9.99279E-05 0.00523106 0.0527785 9.99279E-05 0.0233541 9.99279E-05 9.99279E-05 9.99279E-05 0.802015 0.0135888 9.99279E-05 9.99279E-05 0.0707109 0.000749174
0.209133 9.99099E-05 9.99099E-05 0.118394 9.99099E-05 9.99099E-05 9.99099E-05 9.99099E-05 9.99099E-05 0.369203 0.105828 0.0986407 9.99099E-05 0.097802 9.99099E-05 9.99099E-05
9.99162E-05 0.139475 9.99162E-05 0.0646137 9.99162E-05 9.99162E-05 9.99162E-05 9.99162E-05 9.99162E-05 9.99162E-05 0.129621 0.627411 9.99162E-05 0.00167446 0.0362056 9.99162E-05
9.98828E-05 9.98828E-05 9.98828E-05 9.98828E-05 0.136025 0.22015 9.98828E-05 9.98828E-05 9.98828E-05 9.98828E-05 9.98828E-05 0.642527 9.98828E-05 9.98828E-05 9.98828E-05 9.98828E-05
9.99098E-05 0.237485 9.99098E-05 0.346111 0.34293 9.99098E-05 9.99098E-05 9.99098E-05 9.99098E-05 9.99098E-05 0.0280186 0.0100588 9.99098E-05 9.99098E-05 9.99098E-05 0.0343976
9.99098E-05 9.99098E-05 9.99098E-05 0.0452491 0.269887 0.0225191 9.99098E-05 9.99098E-05 9.99098E-05 9.99098E-05 0.0228935 0.546517 9.99098E-05 9.99098E-05 9.99098E-05 0.0919356
9.9892E-05 0.038149 9.9892E-05 9.9892E-05 9.9892E-05 9.9892E-05 9.9892E-05 0.0260251 9.9892E-05 9.9892E-05 9.9892E-05 0.826427 9.9892E-05 9.9892E-05 0.108201 9.9892E-05
9.99278E-05 0.348434 0.0068321 0.075579 0.347301 0.0750356 9.99278E-05 9.99278E-05 9.99278E-05 9.99278E-05 0.0255913 9.99278E-05 9.99278E-05 0.0197461 9.99278E-05 0.100681
9.99278E-05 9.99278E-05 9.99278E-05 0.657122 9.99278E-05 0.114124 9.99278E-05 0.0500451 0.00367568 0.00623082 0.0247627 0.13202 0.0112205 9.99278E-05 9.99278E-05 9.99278E-05
0.0495806 9.9928E-05 0.427675 9.9928E-05 0.0233415 0.00425345 0.0297139 9.9928E-05 9.9928E-05 9.9928E-05 9.9928E-05 0.022221 0.0255685 9.9928E-05 0.416847 9.9928E-05
9.98828E-05 9.98828E-05 9.98828E-05 0.141115 9.98828E-05 9.98828E-05 0.0177739 9.98828E-05 9.98828E-05 9.98828E-05 9.98828E-05 9.98828E-05 9.98828E-05 9.98828E-05 0.839813 9.98828E-05
9.99188E-05 0.134894 0.0914751 0.509743 0.0362343 9.99188E-05 9.99188E-05 9.99188E-05 9.99188E-05 9.99188E-05 0.0302368 9.99188E-05 0.102338 9.99188E-05 0.0941797 9.99188E-05
9.98917E-05 9.98917E-05 9.98917E-05 0.111929 9.98917E-05 9.98917E-05 9.98917E-05 0.168617 9.98917E-05 0.113598 9.98917E-05 9.98917E-05 9.98917E-05 9.98917E-05 0.604657 9.98917E-05
9.98829E-05 9.98829E-05 0.0236113 9.98829E-05 9.98829E-05 9.98829E-05 9.98829E-05 9.98829E-05 9.98829E-05 9.98829E-05 9.98829E-05 9.98829E-05 9.98829E-05 0.0432581 0.931832 9.98829E-05
0.377045 0.0445825 9.99098E-05 0.0560302 9.99098E-05 9.99098E-05 0.0457722 9.99098E-05 9.99098E-05 9.99098E-05 0.0218922 9.99098E-05 9.99098E-05 9.99098E-05 0.453678 9.99098E-05
0.0852101 9.99009E-05 9.99009E-05 0.0944943 9.99009E-05 9.99009E-05 9.99009E-05 9.99009E-05 9.99009E-05 0.0589943 9.99009E-05 9.99009E-05 9.99009E-05 0.014548 0.745654 9.99009E-05
9.991E-05 0.365362 9.991E-05 0.39597 0.0164496 9.991E-05 0.000659503 9.991E-05 9.991E-05 9.991E-05 9.991E-05 9.991E-05 0.0234329 9.991E-05 0.197126 9.991E-05
9.9892E-05 0.410122 9.9892E-05 0.0965666 9.9892E-05 0.225726 9.9892E-05 9.9892E-05 9.9892E-05 9.9892E-05 9.9892E-05 0.266387 9.9892E-05 9.9892E-05 9.9892E-05 9.9892E-05
9.99278E-05 0.0081489 0.561163 0.137548 0.0367982 9.99278E-05 9.99278E-05 9.99278E-05 9.99278E-05 0.0389467 0.0536586 9.99278E-05 0.132262 0.0306751 9.99278E-05 9.99278E-05
9.98919E-05 0.621354 9.98919E-05 0.166771 9.98919E-05 9.98919E-05 9.98919E-05 9.98919E-05 9.98919E-05 9.98919E-05 9.98919E-05 9.98919E-05 9.98919E-05 0.0653712 0.145305 9.98919E-05
9.991E-05 0.159969 9.991E-05 0.458574 0.0677667 9.991E-05 9.991E-05 9.991E-05 9.991E-05 9.991E-05 9.991E-05 9.991E-05 0.233474 0.0023115 0.0769062 9.991E-05
9.99098E-05 9.99098E-05 0.156069 0.495296 9.99098E-05 9.99098E-05 9.99098E-05 0.0183649 9.99098E-05 9.99098E-05 9.99098E-05 9.99098E-05 0.0845102 0.043059 0.201702 9.99098E-05
9.9911E-05 0.25358 9.9911E-05 0.528579 0.112905 0.0449558 9.9911E-05 9.9911E-05 9.9911E-05 9.9911E-05 9.9911E-05 0.0552039 9.9911E-05 0.00377725 9.9911E-05 9.9911E-05
9.99189E-05 0.220976 0.2993 0.304216 0.0128168 9.99189E-05 9.99189E-05 9.99189E-05 9.99189E-05 9.99189E-05 9.99189E-05 0.054745 9.99189E-05 0.0768245 9.99189E-05 0.030222
9.99279E-05 9.99279E-05 0.146512 0.00370426 0.504651 9.99279E-05 0.0738373 9.99279E-05 9.99279E-05 0.189273 9.99279E-05 9.99279E-05 0.0124241 9.99279E-05 0.0429916 0.0258078
9.99188E-05 0.248413 0.107631 0.359304 0.095548 9.99188E-05 9.99188E-05 0.116421 0.0481755 9.99188E-05 9.99188E-05 9.99188E-05 0.0236075 9.99188E-05 9.99188E-05 9.99188E-05
9.99098E-05 0.279659 0.364829 0.189253 9.99098E-05 9.99098E-05 9.99098E-05 9.99098E-05 9.99098E-05 9.99098E-05 0.053228 9.99098E-05 0.00943975 0.102592 9.99098E-05 9.99098E-05
9.99098E-05 9.99098E-05 0.309932 0.074593 0.00539729 9.99098E-05 9.99098E-05 0.42558 9.99098E-05 0.077627 9.99098E-05 9.99098E-05 9.99098E-05 9.99098E-05 0.105871 9.99098E-05
0.00160692 9.9937E-05 0.485592 0.194376 0.0151712 9.9937E-05 9.9937E-05 0.0327277 9.9937E-05 0.0291876 0.143974 9.9937E-05 0.0664872 9.9937E-05 0.0301769 9.9937E-05
0.00704829 0.684474 0.054605 0.128795 9.99189E-05 9.99189E-05 9.99189E-05 0.0738349 9.99189E-05 9.99189E-05 0.0219965 0.028347 9.99189E-05 9.99189E-05 9.99189E-05 9.99189E-05
9.99099E-05 0.0828875 0.1028 0.663036 9.99099E-05 9.99099E-05 9.99099E-05 9.99099E-05 9.99099E-05 0.0601891 9.99099E-05 9.99099E-05 9.99099E-05 0.0612487 9.99099E-05 0.0288392
9.99099E-05 0.428429 9.99099E-05 0.212349 0.066036 0.0840737 9.99099E-05 9.99099E-05 9.99099E-05 0.000374765 9.99099E-05 0.207739 9.99099E-05 9.99099E-05 9.99099E-05 9.99099E-05
9.99008E-05 9.99008E-05 0.348035 0.0928219 9.99008E-05 9.99008E-05 9.99008E-05 9.99008E-05 9.99008E-05 0.18055 0.0430319 9.99008E-05 9.99008E-05 9.99008E-05 0.334463 9.99008E-05
9.99099E-05 9.99099E-05 0.357415 0.386041 0.0235422 9.99099E-05 9.99099E-05 0.0203092 9.99099E-05 9.99099E-05 0.103127 9.99099E-05 0.108566 9.99099E-05 9.99099E-05 9.99099E-05
9.99188E-05 0.482795 9.99188E-05 0.276062 0.0640772 0.0894757 9.99188E-05 9.99188E-05 9.99188E-05 9.99188E-05 9.99188E-05 0.0483912 9.99188E-05 0.0340339 9.99188E-05 0.00426608
0.100935 9.99279E-05 0.0975423 9.99279E-05 0.363999 9.99279E-05 9.99279E-05 0.0219249 0.056853 0.00397052 9.99279E-05 9.99279E-05 9.99279E-05 0.0424536 0.311523 9.99279E-05
9.98918E-05 9.98918E-05 9.98918E-05 9.98918E-05 0.580574 0.0325949 9.98918E-05 0.381413 9.98918E-05 9.98918E-05 9.98918E-05 9.98918E-05 9.98918E-05 9.98918E-05 0.00421944 9.98918E-05
9.99189E-05 9.99189E-05 9.99189E-05 0.432502 9.99189E-05 0.055592 0.044921 9.99189E-05 9.99189E-05 9.99189E-05 9.99189E-05 0.259665 0.0623361 0.0352372 9.99189E-05 0.108847
9.99098E-05 9.99098E-05 9.99098E-05 9.99098E-05 0.445881 0.221304 0.0175144 9.99098E-05 9.99098E-05 9.99098E-05 0.125664 0.13643 9.99098E-05 0.0522064 9.99098E-05 9.99098E-05
9.99189E-05 0.0203957 9.99189E-05 9.99189E-05 0.22758 0.0273108 0.0378578 0.322812 9.99189E-05 9.99189E-05 9.99189E-05 9.99189E-05 0.0375918 9.99189E-05 0.325552 9.99189E-05
0.0632981 9.99098E-05 9.99098E-05 9.99098E-05 0.302792 0.133876 9.99098E-05 9.99098E-05 9.99098E-05 0.0461008 9.99098E-05 9.99098E-05 0.0246474 9.99098E-05 0.428287 9.99098E-05
0.0195243 9.993E-05 0.0378799 9.993E-05 0.25375 0.0514893 9.993E-05 0.0171748 0.0369088 0.171852 9.993E-05 9.993E-05 0.0836511 9.993E-05 0.32707 9.993E-05
9.99009E-05 0.0014014 9.99009E-05 9.99009E-05 0.196229 0.140685 0.000355606 9.99009E-05 9.99009E-05 9.99009E-05 9.99009E-05 0.66023 9.99009E-05 9.99009E-05 9.99009E-05 9.99009E-05
9.99009E-05 9.99009E-05 9.99009E-05 0.459657 0.3451 0.158203 9.99009E-05 9.99009E-05 9.99009E-05 9.99009E-05 9.99009E-05 9.99009E-05 0.0229511 9.99009E-05 9.99009E-05 0.0129902
9.99278E-05 9.99278E-05 0.0120343 9.99278E-05 0.295037 9.99278E-05 9.99278E-05 0.0676526 0.02312 0.0269713 0.30782 9.99278E-05 0.0235692 0.242996 9.99278E-05 9.99278E-05
9.99098E-05 9.99098E-05 9.99098E-05 9.99098E-05 0.288795 0.0866358 9.99098E-05 0.100974 9.99098E-05 0.148811 9.99098E-05 9.99098E-05 9.99098E-05 0.0255262 0.348259 9.99098E-05
9.99279E-05 0.0305905 9.99279E-05 0.064804 0.0979635 0.123712 9.99279E-05 9.99279E-05 9.99279E-05 9.99279E-05 0.136689 0.478112 9.99279E-05 0.020279 9.99279E-05 0.0470506
9.99279E-05 9.99279E-05 0.0373571 0.53577 0.0657362 0.139121 0.0483345 9.99279E-05 9.99279E-05 9.99279E-05 0.0700377 9.99279E-05 9.99279E-05 9.99279E-05 0.096702 0.00614244
9.99188E-05 0.0904681 9.99188E-05 0.368737 0.297757 0.067232 9.99188E-05 9.99188E-05 9.99188E-05 9.99188E-05 0.0390031 9.99188E-05 0.0451468 9.99188E-05 0.0907572 9.99188E-05
9.99188E-05 9.99188E-05 0.00731324 9.99188E-05 0.12839 0.105068 9.99188E-05 9.99188E-05 0.00847461 0.0216665 0.651868 9.99188E-05 9.99188E-05 0.0763194 9.99188E-05 9.99188E-05
9.99189E-05 0.154875 0.0130083 0.503539 9.99189E-05 9.99189E-05 9.99189E-05 9.99189E-05 9.99189E-05 0.0362053 0.0649711 9.99189E-05 9.99189E-05 0.193974 9.99189E-05 0.0325289
9.99278E-05 9.99278E-05 0.319363 0.221479 0.0886635 9.99278E-05 9.99278E-05 0.170417 0.0469522 9.99278E-05 0.0315515 9.99278E-05 9.99278E-05 0.0415 0.0792746 9.99278E-05
9.99188E-05 9.99188E-05 0.0779899 0.206623 0.200524 9.99188E-05 9.99188E-05 0.106603 9.99188E-05 9.99188E-05 0.34261 9.99188E-05 0.0525225 9.99188E-05 0.0122276 9.99188E-05
0.018575 9.9928E-05 9.9928E-05 9.9928E-05 0.137045 0.145343 0.0138501 0.137083 0.00948206 0.155519 9.9928E-05 9.9928E-05 9.9928E-05 9.9928E-05 0.382304 9.9928E-05
9.99187E-05 0.281342 9.99187E-05 0.0656555 0.327582 0.160917 0.0212251 9.99187E-05 9.99187E-05 9.99187E-05 0.0304032 9.99187E-05 9.99187E-05 9.99187E-05 9.99187E-05 0.111976
9.99188E-05 9.99188E-05 0.209881 9.99188E-05 0.403658 9.99188E-05 9.99188E-05 0.0292088 0.0164986 0.0722786 0.0312308 9.99188E-05 9.99188E-05 9.99188E-05 0.236344 9.99188E-05
0.346833 9.99007E-05 0.122918 9.99007E-05 0.338472 9.99007E-05 9.99007E-05 9.99007E-05 9.99007E-05 0.173798 9.99007E-05 9.99007E-05 9.99007E-05 9.99007E-05 0.0168796 9.99007E-05
9.99098E-05 0.566824 9.99098E-05 0.126056 0.0702406 0.188018 9.99098E-05 9.99098E-05 9.99098E-05 9.99098E-05 0.0361669 0.0116958 9.99098E-05 9.99098E-05 9.99098E-05 9.99098E-05
9.99189E-05 0.00707296 0.107387 0.550001 9.99189E-05 0.093943 9.99189E-05 0.183381 9.99189E-05 9.99189E-05 9.99189E-05 9.99189E-05 0.0301402 9.99189E-05 0.0271758 9.99189E-05
9.99009E-05 0.17812 9.99009E-05 0.456684 0.297741 9.99009E-05 9.99009E-05 9.99009E-05 9.99009E-05 9.99009E-05 9.99009E-05 9.99009E-05 9.99009E-05 0.00539951 9.99009E-05 0.0609559
0.0375778 9.9928E-05 0.350247 9.9928E-05 0.10104 9.9928E-05 0.0127796 0.0396103 0.0163034 9.9928E-05 9.9928E-05 9.9928E-05 0.0241274 9.9928E-05 0.417515 9.9928E-05
0.392036 9.9937E-05 0.24336 0.0184092 0.0589859 9.9937E-05 0.045464 0.0361987 9.9937E-05 9.9937E-05 9.9937E-05 9.9937E-05 0.0420692 9.9937E-05 0.00385101 0.158927
9.99099E-05 9.99099E-05 0.525449 0.0792965 0.135505 9.99099E-05 9.99099E-05 9.99099E-05 0.0991839 0.051171 9.99099E-05 9.99099E-05 9.99099E-05 9.99099E-05 0.108395 9.99099E-05
9.99098E-05 0.589478 9.99098E-05 0.0967147 0.245419 0.00625998 9.99098E-05 9.99098E-05 9.99098E-05 9.99098E-05 0.0350039 0.0261247 9.99098E-05 9.99098E-05 9.99098E-05 9.99098E-05
9.99189E-05 9.99189E-05 0.704896 0.0945173 9.99189E-05 0.0596495 9.99189E-05 9.99189E-05 0.00936405 0.0830895 9.99189E-05 9.99189E-05 0.02663 9.99189E-05 0.0209544 9.99189E-05
9.99099E-05 9.99099E-05 0.769805 9.99099E-05 0.124559 0.00194432 0.0546863 9.99099E-05 0.00967049 9.99099E-05 9.99099E-05 9.99099E-05 9.99099E-05 0.0383361 9.99099E-05 9.99099E-05
9.9919E-05 0.0281406 0.531188 9.9919E-05 0.0454465 9.9919E-05 9.9919E-05 0.175971 0.0025716 9.9919E-05 9.9919E-05 9.9919E-05 9.9919E-05 0.0382922 0.177491 9.9919E-05
9.99008E-05 0.681117 0.0715012 0.107284 9.99008E-05 9.99008E-05 9.99008E-05 9.99008E-05 9.99008E-05 0.0458688 9.99008E-05 9.99008E-05 9.99008E-05 0.0931293 9.99008E-05 9.99008E-05
9.99278E-05 0.02648 0.185999 0.423482 0.23894 9.99278E-05 9.99278E-05 9.99278E-05 9.99278E-05 9.99278E-05 9.99278E-05 9.99278E-05 0.000416498 0.0526839 0.0455327 0.0256668
0.0288555 0.0472576 0.099958 0.0520096 9.9928E-05 0.0412724 0.0284943 0.352803 9.9928E-05 9.9928E-05 9.9928E-05 9.9928E-05 9.9928E-05 9.9928E-05 0.348551 9.9928E-05
0.00807005 0.183884 0.275987 0.1644 0.0105167 0.209181 9.9937E-05 9.9937E-05 9.9937E-05 9.9937E-05 9.9937E-05 0.044039 9.9937E-05 0.0166551 9.9937E-05 0.0865674
