0.0951385 0.177533 0.0970128 0.630315
9.999E-05 0.141481 0.107825 0.750595
9.999E-05 0.689792 0.0665621 0.243545
0.184384 0.0763223 9.9991E-05 0.739194
0.170231 9.9991E-05 0.0785028 0.751166
9.9991E-05 0.426373 0.16448 0.409047
9.999E-05 0.736518 0.0278387 0.235544
9.999E-05 0.399668 0.159922 0.440309
0.0762116 0.0579905 0.0985062 0.767292
0.188288 0.811512 9.9982E-05 9.9982E-05
0.10238 0.114179 9.9991E-05 0.783341
0.135744 0.00306005 9.9991E-05 0.861096
0.109374 0.351133 0.0968781 0.442614
9.999E-05 0.654947 0.0396443 0.305309
0.0826245 0.00763946 9.9991E-05 0.909636
0.0429543 0.852638 0.0647503 0.0396574
9.9982E-05 0.679102 9.9982E-05 0.320698
9.9991E-05 0.566993 0.0136463 0.419261
0.0574872 0.160468 0.00637432 0.775671
0.87657 0.0418413 0.0397876 0.0418013
0.981446 9.9982E-05 9.9982E-05 0.0183538
0.877072 0.075455 0.0473728 9.9991E-05
0.803723 9.9982E-05 9.9982E-05 0.196077
0.809549 9.9982E-05 9.9982E-05 0.190251
0.378935 0.340726 0.280239 9.9991E-05
0.459777 9.9991E-05 0.192116 0.348007
0.302154 0.443191 0.254555 9.9991E-05
0.52233 9.9991E-05 0.165433 0.312137
0.830206 0.144772 0.0249221 9.9991E-05
0.952581 9.9982E-05 9.9982E-05 0.0472186
0.660078 0.299304 0.0405178 9.9991E-05
0.232726 0.228808 0.538367 9.9991E-05
0.573239 0.426561 9.9982E-05 9.9982E-05
0.583415 0.284579 0.131905 9.9991E-05
0.913298 9.9991E-05 0.000792887 0.0858087
0.847897 9.9982E-05 9.9982E-05 0.151903
0.831497 0.0868308 9.9991E-05 0.0815718
0.819485 9.9982E-05 9.9982E-05 0.180315
9.9982E-05 9.9982E-05 0.881036 0.118764
9.9982E-05 0.245093 0.754707 9.9982E-05
0.0869453 0.472151 0.440803 9.9991E-05
0.219585 0.062119 0.550215 0.168081
0.253499 0.120231 0.62617 9.9991E-05
0.0675074 0.321253 0.61114 9.9991E-05
0.20841 9.9991E-05 0.334633 0.456857
9.9982E-05 9.9982E-05 0.624982 0.374818
0.121873 0.436046 0.441981 9.9991E-05
0.0160826 0.000634622 0.876613 0.10667
9.9982E-05 0.594008 0.405792 9.9982E-05
9.9982E-05 9.9982E-05 0.756747 0.243053
0.0130758 0.201202 0.785622 9.9991E-05
0.270202 0.00478235 0.554717 0.170299
0.19185 9.9991E-05 0.451447 0.356603
0.0304 9.9991E-05 0.561564 0.407936
0.227032 9.9991E-05 0.37761 0.395258
0.593227 9.9991E-05 0.0631215 0.343552
9.9982E-05 0.188602 0.811198 9.9982E-05
0.266324 0.0969423 0.636634 9.9991E-05
9.9982E-05 0.265054 0.734746 9.9982E-05
0.0726842 9.9991E-05 0.75297 0.174246
0.0725452 9.9991E-05 0.716331 0.211024
9.9982E-05 9.9982E-05 0.713001 0.286799
0.025879 0.344077 0.629944 9.9991E-05
0.210464 9.9991E-05 0.530103 0.259333
9.9982E-05 0.466168 0.533632 9.9982E-05
0.199164 9.9991E-05 0.406004 0.394733
0.0331194 9.9991E-05 0.673622 0.293158
0.0655478 9.9991E-05 0.615647 0.318705
0.164489 0.0282232 0.538381 0.268906
0.349462 0.143927 0.445829 0.0607823
0.259327 0.41418 0.326394 9.9991E-05
9.9982E-05 0.415476 0.584324 9.9982E-05
0.785442 9.9982E-05 9.9982E-05 0.214358
9.99819E-05 0.315139 0.684661 9.99819E-05
0.0791455 9.9991E-05 0.653035 0.267719
0.319755 9.9991E-05 0.294689 0.385456
0.655066 0.309854 0.0349794 9.9991E-05
0.215407 0.518004 0.266489 9.9991E-05
0.635961 0.259583 0.104357 9.9991E-05
0.432892 0.131793 0.421908 0.0134073
0.247077 0.433172 0.319651 9.9991E-05
0.336566 9.9991E-05 0.468208 0.195126
0.107101 0.0117669 0.776923 0.104209
0.28133 0.0671691 0.510875 0.140626
9.9982E-05 0.343558 0.656242 9.9982E-05
0.21229 9.9991E-05 0.672012 0.115599
0.0176682 9.9991E-05 0.649253 0.332979
0.320469 0.343725 0.320553 0.0152532
9.9982E-05 0.425553 0.574247 9.9982E-05
0.339613 9.9991E-05 0.316414 0.343873
9.9982E-05 0.328821 0.670979 9.9982E-05
0.00229684 0.322579 0.628845 0.046279
0.175989 9.9991E-05 0.398017 0.425894
9.9991E-05 0.0822194 0.740734 0.176946
0.111089 0.132376 0.579263 0.177272
0.0877682 0.754711 0.147373 0.0101477
0.0987652 0.574716 0.243959 0.0825603
0.142927 0.404144 0.175741 0.277188
9.9991E-05 0.177772 0.160622 0.661506
0.134002 0.78866 0.0440277 0.03331
0.0160063 0.234341 0.0985347 0.651118
9.9991E-05 0.804179 0.0366855 0.159036
0.077317 0.696836 0.154884 0.0709636
0.111604 0.547711 0.14709 0.193595
0.23883 0.131998 0.09974 0.529432
0.109142 0.839641 0.0511165 9.9991E-05
0.174347 0.26668 0.0493965 0.509577
0.0135919 0.688844 0.170346 0.127218
0.00895995 0.349046 0.202203 0.439791
0.229251 0.511439 0.0188442 0.240466
0.0311357 0.673659 0.0185965 0.276608
0.0869427 9.9991E-05 0.187156 0.725801
0.240172 0.1621 0.0237478 0.573981
0.16601 0.503613 0.256574 0.0738025
9.9991E-05 0.673405 0.127429 0.199066
0.199211 0.331178 0.142945 0.326666
0.252676 0.230267 0.0472674 0.46979
0.13468 0.130828 0.0256143 0.708877
0.113806 0.662458 9.9991E-05 0.223636
0.128723 0.152942 0.0392556 0.679079
0.0189531 0.688216 0.0292308 0.2636
0.0576846 0.942115 9.9982E-05 9.9982E-05
0.0784227 0.0524545 9.9991E-05 0.869023
0.283689 0.332791 9.9991E-05 0.38342
9.9991E-05 0.318725 0.198057 0.483118
0.31955 0.273782 9.9991E-05 0.406568
0.0294326 0.874482 0.0189839 0.077101
0.10386 0.0479531 0.0735453 0.774641
0.34098 0.151417 9.9991E-05 0.507503
0.0522531 0.947547 9.9982E-05 9.9982E-05
9.9982E-05 9.9982E-05 0.0164976 0.983302
0.294792 0.0127952 9.9991E-05 0.692313
0.0760618 0.149901 9.9991E-05 0.773937
0.102926 0.896874 9.9982E-05 9.9982E-05
0.161465 0.0565096 0.0189674 0.763058
0.0427161 0.030111 0.0815408 0.845632
0.00581696 0.484228 0.0263839 0.483571
0.213443 0.271733 0.0285013 0.486322
0.198086 0.227185 9.9991E-05 0.574629
0.0613576 0.938442 9.9982E-05 9.9982E-05
0.0812968 0.267207 0.0919159 0.55958
0.139062 0.378995 0.0865589 0.395385
0.121528 0.724935 0.107861 0.0456757
0.152123 0.125872 0.091367 0.630638
0.224806 0.298855 0.162045 0.314294
0.161897 0.837903 9.9982E-05 9.9982E-05
0.0939343 0.615084 0.0823884 0.208593
0.0315804 0.767341 0.0744754 0.126603
0.267784 0.321406 9.9991E-05 0.41071
9.9982E-05 0.988014 9.9982E-05 0.0117859
0.040542 0.0940141 9.9991E-05 0.865344
0.0416111 0.878491 9.9991E-05 0.0797977
0.288298 0.354064 9.9991E-05 0.357538
0.202074 0.177007 9.9991E-05 0.620818
0.150096 0.281468 0.184495 0.383941
9.9991E-05 0.376747 0.134541 0.488612
0.195366 0.441266 0.0686758 0.294692
0.212657 0.32943 9.9991E-05 0.457813
0.0759591 0.923841 9.9982E-05 9.9982E-05
0.127919 0.871881 9.9982E-05 9.9982E-05
9.9991E-05 0.714042 0.0957089 0.190149
0.106286 0.850801 0.0428133 9.9991E-05
0.0737524 0.917499 9.9991E-05 0.00864849
0.0267946 0.657272 0.161613 0.154321
9.9991E-05 0.705584 0.0232217 0.271095
0.118054 9.9991E-05 0.0321317 0.849714
0.107693 9.9982E-05 9.9982E-05 0.892107
9.9991E-05 0.497399 0.0391748 0.463326
0.025437 0.0554865 9.9991E-05 0.918976
0.0588731 9.9982E-05 9.9982E-05 0.940927
0.254567 0.0353646 9.9991E-05 0.709969
0.0845078 0.012925 9.9991E-05 0.902467
9.9991E-05 0.682357 0.00842389 0.309119
0.0224914 0.964979 9.9991E-05 0.0124292
9.9991E-05 0.0946437 0.173438 0.731818
9.9991E-05 0.727591 0.0511906 0.221119
0.00359167 0.51993 0.157277 0.319202
9.9991E-05 0.320009 0.0447811 0.63511
9.9991E-05 0.825392 0.0103647 0.164143
9.9991E-05 0.540839 0.0726175 0.386444
0.142662 0.0986671 0.135099 0.623572
9.9991E-05 0.486165 0.133134 0.380601
9.9991E-05 0.39197 0.126963 0.480967
0.0502002 0.0442013 0.0122889 0.89331
9.9991E-05 0.14952 0.112812 0.737567
9.9991E-05 0.761154 0.0806697 0.158076
9.9991E-05 0.562191 0.0877509 0.349958
9.9982E-05 0.964932 9.9982E-05 0.0348682
9.998E-05 9.998E-05 9.998E-05 0.9997
9.9991E-05 0.196283 0.129887 0.673731
9.9991E-05 0.859243 0.0303108 0.110346
0.155893 9.9991E-05 0.0715283 0.772479
0.227905 0.187945 9.9991E-05 0.58405
0.0755457 0.80992 0.114435 9.9991E-05
0.230895 0.645007 0.0194497 0.104648
0.223949 0.10369 0.00173907 0.670622
0.213119 9.9982E-05 9.9982E-05 0.786681
0.135856 9.9991E-05 0.0797808 0.784263
0.148563 0.851237 9.9982E-05 9.9982E-05
0.0394703 0.675256 0.0813035 0.20397
0.090312 0.216093 0.151979 0.541616
0.108658 0.0894148 9.9991E-05 0.801827
0.1283 0.870311 0.00128859 9.9991E-05
0.0503076 0.504089 0.0534408 0.392163
9.9991E-05 0.532764 0.10036 0.366775
0.194412 0.366375 0.0428689 0.396344
9.9991E-05 0.670404 0.0720381 0.257458
9.9991E-05 0.164749 0.116895 0.718256
0.0346049 0.242897 0.0846441 0.637854
0.227848 0.0306599 9.9991E-05 0.741392
0.0690943 0.651048 0.186478 0.0933796
0.0469766 0.0557551 0.0913565 0.805912
0.0873257 0.0788028 0.028723 0.805149
0.0210714 0.90729 9.9991E-05 0.071539
9.9982E-05 0.476109 9.9982E-05 0.523691
9.9991E-05 0.630088 0.125581 0.244231
0.13672 9.9991E-05 0.0221781 0.841002
0.16937 0.0760039 0.233833 0.520792
9.9982E-05 9.9982E-05 0.164296 0.835504
0.0210895 0.876829 0.0044453 0.0976362
9.9991E-05 0.0202468 0.136178 0.843475
0.074108 0.00373532 0.108204 0.813952
0.0637329 0.0091824 0.0577732 0.869312
9.9991E-05 0.824391 0.0205522 0.154957
9.9991E-05 0.423977 0.0652134 0.510709
0.161907 0.0937659 9.9991E-05 0.744227
9.9991E-05 0.581215 0.133485 0.2852
0.0922387 9.9991E-05 0.0602653 0.847396
0.0581682 0.412109 0.0257437 0.503979
9.9991E-05 0.272013 0.16144 0.566447
0.0130836 0.911569 9.9991E-05 0.0752475
0.00521163 0.292508 0.111367 0.590914
0.110244 0.626099 0.0551834 0.208473
0.0937854 0.906015 9.9982E-05 9.9982E-05
9.9991E-05 0.456516 0.112526 0.430859
9.9991E-05 0.65647 0.114387 0.229043
0.00826352 0.53963 9.9991E-05 0.452006
0.104279 0.122411 9.9991E-05 0.77321
0.1478 0.852 9.9982E-05 9.9982E-05
0.34268 0.097461 9.9991E-05 0.559759
0.0617297 0.0877133 0.129965 0.720592
0.180321 0.274601 9.9991E-05 0.544978
9.9991E-05 0.893066 0.0460085 0.0608251
9.998E-05 0.9997 9.998E-05 9.998E-05
0.18605 0.0870979 9.9991E-05 0.726752
9.9991E-05 0.457052 0.131814 0.411034
0.0361681 0.49345 0.108645 0.361737
0.0114308 0.981176 0.00729368 9.9991E-05
0.185728 0.439288 9.9991E-05 0.374883
0.26258 0.253013 9.9991E-05 0.484307
0.0852128 0.0498356 0.0020361 0.862916
0.0481101 0.122921 0.0593966 0.769573
0.164431 0.313151 0.0281404 0.494278
9.9991E-05 0.737156 0.0611562 0.201587
0.00759252 9.9991E-05 0.102007 0.8903
9.9991E-05 0.688993 0.0274958 0.283411
9.9991E-05 0.420896 0.106789 0.472215
0.0476629 9.9991E-05 0.0903499 0.861887
0.0151114 0.844067 0.0420494 0.0987718
0.0227586 0.761964 0.0951167 0.120161
9.9991E-05 0.733057 0.0253792 0.241464
0.250606 0.283608 9.9991E-05 0.465686
0.163292 0.481717 0.0192864 0.335704
0.10197 0.295332 0.0474695 0.555228
0.0557894 0.916199 0.0279117 9.9991E-05
0.190028 0.102397 9.9991E-05 0.707474
0.0299229 0.511733 0.2533 0.205044
0.121224 0.129841 0.0645126 0.684422
0.200328 0.0876034 0.00901891 0.70305
0.148726 0.164922 9.9991E-05 0.686253
0.14867 0.0935405 0.0249118 0.732878
0.155913 0.190304 0.0886658 0.565118
0.0355452 0.514661 0.168468 0.281326
9.9991E-05 0.680495 0.137593 0.181813
0.243802 0.169248 9.9991E-05 0.58685
0.226388 0.33279 0.0038928 0.436929
0.132816 0.587123 0.117349 0.162712
0.138028 0.861772 9.9982E-05 9.9982E-05
9.9982E-05 0.921289 9.9982E-05 0.0785108
0.0152999 0.957704 0.0268957 9.9991E-05
