0.440043 9.9964E-05 0.154002 0.108939 0.268342 9.9964E-05 9.9964E-05 0.0282735 9.9964E-05
0.438936 9.99639E-05 0.0657157 9.99639E-05 0.362367 9.99639E-05 0.127254 9.99639E-05 0.00532834
9.9973E-05 0.0386262 9.9973E-05 0.0323323 0.797034 0.0745467 9.9973E-05 0.0333364 0.0238251
0.404764 0.205199 0.0410349 0.0310885 0.00430509 0.0223247 0.181973 0.10921 9.9991E-05
0.44806 0.162632 0.195385 9.9973E-05 9.9973E-05 9.9973E-05 0.102104 0.0588889 0.0326299
0.0707642 9.99639E-05 0.108228 9.99639E-05 0.382986 9.99639E-05 9.99639E-05 0.373762 0.0638595
9.99549E-05 0.0284532 9.99549E-05 9.99549E-05 0.799844 0.143734 0.0274688 9.99549E-05 9.99549E-05
0.167089 9.9955E-05 9.9955E-05 9.9955E-05 0.532383 9.9955E-05 9.9955E-05 0.224787 0.0752412
0.398751 0.124129 9.9982E-05 0.0242902 0.22094 9.9982E-05 0.0648821 0.140621 0.0261867
9.99549E-05 9.99549E-05 9.99549E-05 0.051726 0.205218 0.372505 9.99549E-05 0.370051 9.99549E-05
0.342322 9.99639E-05 0.027418 9.99639E-05 0.122531 9.99639E-05 0.416998 0.0903309 9.99639E-05
0.560498 0.125331 9.99549E-05 9.99549E-05 9.99549E-05 9.99549E-05 0.061612 0.252059 9.99549E-05
9.999E-05 0.283101 0.243216 0.00359775 0.256068 0.0171958 0.135923 0.0015809 0.0592168
9.9946E-05 9.9946E-05 9.9946E-05 0.00527885 0.74677 9.9946E-05 9.9946E-05 0.247352 9.9946E-05
0.604875 9.99459E-05 9.99459E-05 9.99459E-05 9.99459E-05 9.99459E-05 0.341933 0.0525927 9.99459E-05
9.99729E-05 9.99729E-05 9.99729E-05 0.0214114 0.433142 0.408862 0.041107 0.0586638 0.0365142
9.9964E-05 0.0321595 9.9964E-05 9.9964E-05 0.807081 0.0680754 0.0733565 0.0189282 9.9964E-05
0.0393544 9.99549E-05 0.0352051 9.99549E-05 0.860456 9.99549E-05 0.0644842 9.99549E-05 9.99549E-05
0.363292 0.250033 0.0402292 9.9964E-05 0.278943 9.9964E-05 9.9964E-05 0.0671028 9.9964E-05
9.99369E-05 9.99369E-05 9.99369E-05 0.788498 9.99369E-05 9.99369E-05 0.210802 9.99369E-05 9.99369E-05
9.9937E-05 0.16827 9.9937E-05 0.831031 9.9937E-05 9.9937E-05 9.9937E-05 9.9937E-05 9.9937E-05
9.99549E-05 9.99549E-05 0.0723277 0.892184 9.99549E-05 9.99549E-05 0.00983428 0.0251543 9.99549E-05
9.99369E-05 0.361303 9.99369E-05 0.637998 9.99369E-05 9.99369E-05 9.99369E-05 9.99369E-05 9.99369E-05
0.117866 0.113795 9.99549E-05 0.755545 9.99549E-05 9.99549E-05 0.0122942 9.99549E-05 9.99549E-05
9.99639E-05 9.99639E-05 9.99639E-05 0.482587 0.274114 0.0452907 9.99639E-05 0.0108469 0.186761
0.361063 9.99639E-05 9.99639E-05 0.440943 9.99639E-05 9.99639E-05 0.0162513 0.0518218 0.129521
9.99459E-05 9.99459E-05 9.99459E-05 0.233044 9.99459E-05 0.586568 9.99459E-05 9.99459E-05 0.179789
0.147831 0.0933567 0.0780251 0.357004 9.9973E-05 9.9973E-05 0.202152 9.9973E-05 0.12133
9.99549E-05 9.99549E-05 0.0949287 0.869164 9.99549E-05 0.0218236 9.99549E-05 0.0135844 9.99549E-05
9.99369E-05 0.160146 9.99369E-05 0.839155 9.99369E-05 9.99369E-05 9.99369E-05 9.99369E-05 9.99369E-05
9.9955E-05 0.141532 9.9955E-05 0.590283 0.0389999 0.228685 9.9955E-05 9.9955E-05 9.9955E-05
9.99729E-05 9.99729E-05 0.138899 0.258583 0.0707961 0.054359 9.99729E-05 0.0535596 0.423503
9.99459E-05 9.99459E-05 9.99459E-05 0.620059 0.000881112 0.37846 9.99459E-05 9.99459E-05 9.99459E-05
9.99369E-05 9.99369E-05 9.99369E-05 0.714868 0.284432 9.99369E-05 9.99369E-05 9.99369E-05 9.99369E-05
9.99459E-05 0.148916 9.99459E-05 0.838881 9.99459E-05 9.99459E-05 9.99459E-05 0.0116024 9.99459E-05
0.063441 0.0596467 9.99549E-05 0.742228 9.99549E-05 9.99549E-05 0.134184 9.99549E-05 9.99549E-05
9.99369E-05 9.99369E-05 9.99369E-05 0.686816 9.99369E-05 9.99369E-05 0.312484 9.99369E-05 9.99369E-05
0.0122468 0.319848 9.99459E-05 0.667305 9.99459E-05 9.99459E-05 9.99459E-05 9.99459E-05 9.99459E-05
0.0573121 0.0220979 0.0533316 9.99729E-05 0.00977913 9.99729E-05 0.0198199 9.99729E-05 0.837359
9.9946E-05 9.9946E-05 0.0834217 9.9946E-05 9.9946E-05 0.276575 9.9946E-05 9.9946E-05 0.639404
9.99459E-05 9.99459E-05 9.99459E-05 0.0984726 9.99459E-05 0.499105 9.99459E-05 9.99459E-05 0.401822
9.9964E-05 0.346528 0.0381804 0.0229254 9.9964E-05 0.0739307 9.9964E-05 9.9964E-05 0.518036
9.99729E-05 9.99729E-05 0.0568092 0.278417 0.0598301 0.0236337 9.99729E-05 0.0240776 0.556933
9.9964E-05 9.9964E-05 9.9964E-05 0.102884 0.133884 0.180487 9.9964E-05 0.0202576 0.562088
0.492185 0.109753 9.9955E-05 0.128697 9.9955E-05 9.9955E-05 9.9955E-05 9.9955E-05 0.268865
0.429559 9.99369E-05 9.99369E-05 9.99369E-05 9.99369E-05 9.99369E-05 9.99369E-05 9.99369E-05 0.569741
9.99549E-05 9.99549E-05 9.99549E-05 0.186499 0.119107 0.315159 9.99549E-05 9.99549E-05 0.378734
9.99549E-05 9.99549E-05 0.0488585 9.99549E-05 9.99549E-05 9.99549E-05 0.0880503 0.0612125 0.801379
9.9946E-05 9.9946E-05 0.0034599 9.9946E-05 9.9946E-05 0.675487 9.9946E-05 9.9946E-05 0.320454
0.197007 0.0566105 9.9955E-05 9.9955E-05 9.9955E-05 9.9955E-05 0.0311978 9.9955E-05 0.714685
9.9946E-05 9.9946E-05 0.0537772 9.9946E-05 9.9946E-05 0.28406 9.9946E-05 9.9946E-05 0.661563
9.9973E-05 0.25992 0.0753928 0.0613024 9.9973E-05 9.9973E-05 0.0818218 0.00255528 0.518708
0.24798 9.99639E-05 9.99639E-05 0.141044 9.99639E-05 9.99639E-05 0.17844 0.0223142 0.409821
0.285905 9.9973E-05 9.9973E-05 0.0111715 0.0115227 9.9973E-05 0.167484 0.00248358 0.521133
0.180104 0.356526 9.9973E-05 0.0735845 9.9973E-05 0.0273246 0.00712664 9.9973E-05 0.355035
0.0992673 0.394307 9.9955E-05 0.489953 9.9955E-05 9.9955E-05 9.9955E-05 9.9955E-05 0.0159726
9.99549E-05 9.99549E-05 0.0631201 9.99549E-05 0.0478752 0.118585 9.99549E-05 9.99549E-05 0.76992
9.9973E-05 0.090336 0.00423786 0.0658497 9.9973E-05 0.0889479 0.14761 9.9973E-05 0.602718
9.99459E-05 9.99459E-05 0.0597538 9.99459E-05 9.99459E-05 0.268558 9.99459E-05 9.99459E-05 0.671089
0.0661241 0.0766417 9.99549E-05 9.99549E-05 9.99549E-05 9.99549E-05 0.13206 9.99549E-05 0.724675
0.170487 9.99549E-05 9.99549E-05 0.0507404 9.99549E-05 9.99549E-05 0.0885831 9.99549E-05 0.68969
0.278329 9.99459E-05 9.99459E-05 9.99459E-05 9.99459E-05 9.99459E-05 0.0352898 9.99459E-05 0.685782
9.9964E-05 9.9964E-05 0.135191 0.0870727 0.140957 0.136146 9.9964E-05 9.9964E-05 0.500232
9.99459E-05 0.465256 9.99459E-05 0.0208371 9.99459E-05 9.99459E-05 9.99459E-05 9.99459E-05 0.513307
9.99459E-05 9.99459E-05 9.99459E-05 9.99459E-05 0.346257 0.185814 9.99459E-05 9.99459E-05 0.467329
0.251148 9.99639E-05 9.99639E-05 0.192045 9.99639E-05 9.99639E-05 0.15846 0.0650371 0.332911
0.23693 0.15138 9.99459E-05 9.99459E-05 9.99459E-05 9.99459E-05 9.99459E-05 9.99459E-05 0.61109
0.207709 0.0207138 9.9955E-05 9.9955E-05 9.9955E-05 9.9955E-05 0.211612 9.9955E-05 0.559465
0.220909 9.99639E-05 9.99639E-05 0.220291 0.132542 9.99639E-05 9.99639E-05 0.0147886 0.411069
9.99639E-05 9.99639E-05 0.0807141 0.387054 0.0818403 9.99639E-05 9.99639E-05 0.139193 0.310799
9.99549E-05 9.99549E-05 0.0564628 0.280774 9.99549E-05 0.40816 9.99549E-05 9.99549E-05 0.254104
9.99459E-05 9.99459E-05 9.99459E-05 9.99459E-05 0.100037 0.386184 9.99459E-05 9.99459E-05 0.513179
0.130391 0.201362 9.9946E-05 0.667647 9.9946E-05 9.9946E-05 9.9946E-05 9.9946E-05 9.9946E-05
9.99458E-05 9.99458E-05 9.99458E-05 9.99458E-05 0.121359 0.231908 9.99458E-05 9.99458E-05 0.646133
0.254399 9.99639E-05 9.99639E-05 0.0565114 9.99639E-05 9.99639E-05 0.0683824 0.00738205 0.612925
0.368195 0.0647681 9.9964E-05 0.292753 9.9964E-05 9.9964E-05 9.9964E-05 0.0312686 0.242615
9.99458E-05 9.99458E-05 9.99458E-05 0.749947 0.0618107 0.187642 9.99458E-05 9.99458E-05 9.99458E-05
9.9946E-05 9.9946E-05 9.9946E-05 0.217651 9.9946E-05 0.576021 9.9946E-05 9.9946E-05 0.205728
9.99549E-05 9.99549E-05 9.99549E-05 0.756645 0.159167 0.0710445 9.99549E-05 9.99549E-05 0.0126436
9.99549E-05 9.99549E-05 0.193522 0.424144 9.99549E-05 9.99549E-05 9.99549E-05 0.0999027 0.281931
9.9955E-05 9.9955E-05 0.0602297 0.172637 9.9955E-05 0.520519 9.9955E-05 9.9955E-05 0.246114
9.99459E-05 0.342138 9.99459E-05 0.211428 9.99459E-05 9.99459E-05 9.99459E-05 9.99459E-05 0.445835
9.99639E-05 0.22548 0.00419282 9.99639E-05 9.99639E-05 0.0378743 0.00594749 9.99639E-05 0.726106
9.9964E-05 0.281464 9.9964E-05 0.106471 9.9964E-05 0.0700138 0.0689249 9.9964E-05 0.472726
9.99459E-05 9.99459E-05 9.99459E-05 9.99459E-05 0.0407337 0.317095 9.99459E-05 9.99459E-05 0.641572
9.9964E-05 0.011026 0.0755986 0.0898971 9.9964E-05 9.9964E-05 0.195868 9.9964E-05 0.62721
0.233237 0.172201 9.99459E-05 9.99459E-05 9.99459E-05 9.99459E-05 9.99459E-05 9.99459E-05 0.593963
9.99549E-05 9.99549E-05 9.99549E-05 0.408343 0.363769 9.99549E-05 9.99549E-05 0.0431855 0.184203
9.99549E-05 9.99549E-05 9.99549E-05 0.0138551 0.297573 0.18315 9.99549E-05 9.99549E-05 0.504922
0.372887 9.99549E-05 9.99549E-05 0.428046 0.0263417 9.99549E-05 9.99549E-05 9.99549E-05 0.172226
9.99459E-05 9.99459E-05 9.99459E-05 0.00761571 0.405891 9.99459E-05 9.99459E-05 9.99459E-05 0.585894
9.9946E-05 9.9946E-05 9.9946E-05 0.0788398 0.444033 9.9946E-05 9.9946E-05 9.9946E-05 0.476527
0.522604 9.9946E-05 9.9946E-05 0.176365 9.9946E-05 9.9946E-05 9.9946E-05 9.9946E-05 0.300431
0.0239243 0.00468628 9.99549E-05 9.99549E-05 0.326085 9.99549E-05 9.99549E-05 9.99549E-05 0.644805
0.0443726 9.9964E-05 9.9964E-05 0.168809 0.296144 9.9964E-05 9.9964E-05 0.0408938 0.449381
9.99459E-05 9.99459E-05 0.599854 9.99459E-05 9.99459E-05 0.394806 9.99459E-05 9.99459E-05 0.00474059
9.9973E-05 0.00451586 0.643112 0.0354705 0.0147432 0.234163 9.9973E-05 9.9973E-05 0.0676952
9.9946E-05 0.200085 0.77176 9.9946E-05 9.9946E-05 0.0275562 9.9946E-05 9.9946E-05 9.9946E-05
0.456502 9.9946E-05 0.510002 9.9946E-05 0.032896 9.9946E-05 9.9946E-05 9.9946E-05 9.9946E-05
9.99549E-05 9.99549E-05 0.589058 9.99549E-05 9.99549E-05 0.37576 0.0213301 0.0133523 9.99549E-05
0.261218 0.0376771 0.238026 0.00323609 0.341072 9.9982E-05 0.0909693 0.0276013 9.9982E-05
9.99459E-05 9.99459E-05 0.381727 9.99459E-05 0.491086 0.126587 9.99459E-05 9.99459E-05 9.99459E-05
9.99369E-05 9.99369E-05 0.723779 9.99369E-05 9.99369E-05 0.275521 9.99369E-05 9.99369E-05 9.99369E-05
9.99639E-05 9.99639E-05 0.707728 0.0471446 0.139887 9.99639E-05 0.00712537 0.0977148 9.99639E-05
0.125455 0.0351601 0.528394 0.0290521 9.9964E-05 9.9964E-05 0.281538 9.9964E-05 9.9964E-05
9.9946E-05 9.9946E-05 0.268877 9.9946E-05 9.9946E-05 0.65417 9.9946E-05 0.0763532 9.9946E-05
0.151097 9.9964E-05 0.410493 0.015594 9.9964E-05 9.9964E-05 0.40946 0.0129568 9.9964E-05
9.99459E-05 9.99459E-05 0.72001 9.99459E-05 0.108065 0.171325 9.99459E-05 9.99459E-05 9.99459E-05
0.0592256 9.99729E-05 0.529942 9.99729E-05 0.179895 9.99729E-05 0.176873 0.0116369 0.0421275
9.9964E-05 9.9964E-05 0.695289 0.0430145 9.9964E-05 0.0693328 0.0545778 0.137386 9.9964E-05
9.99729E-05 9.99729E-05 0.277617 0.03358 0.545302 0.0827799 0.0369048 0.023516 9.99729E-05
0.442656 0.105726 0.416542 9.99639E-05 9.99639E-05 9.99639E-05 0.0020418 9.99639E-05 0.0326343
0.00934464 0.590706 0.366625 9.99549E-05 0.0328247 9.99549E-05 9.99549E-05 9.99549E-05 9.99549E-05
9.9973E-05 9.9973E-05 0.642425 0.0964477 0.00155581 0.0680798 9.9973E-05 0.100384 0.0908077
9.99459E-05 9.99459E-05 0.610849 9.99459E-05 0.285126 0.103425 9.99459E-05 9.99459E-05 9.99459E-05
9.9955E-05 9.9955E-05 0.710801 0.0487007 9.9955E-05 9.9955E-05 0.172003 0.0679963 9.9955E-05
9.99369E-05 0.349681 0.649619 9.99369E-05 9.99369E-05 9.99369E-05 9.99369E-05 9.99369E-05 9.99369E-05
0.377116 0.051241 0.10223 0.00264681 0.0975725 9.9991E-05 0.247704 0.109981 0.011409
9.99459E-05 9.99459E-05 9.99459E-05 9.99459E-05 0.23525 0.0988301 9.99459E-05 0.665321 9.99459E-05
0.130929 0.590125 9.99729E-05 9.99729E-05 0.210569 0.0229075 9.99729E-05 0.0176069 0.0275629
9.99729E-05 9.99729E-05 0.0884156 0.00561607 0.52247 0.0805878 0.14673 0.15588 9.99729E-05
9.99368E-05 9.99368E-05 9.99368E-05 9.99368E-05 9.99368E-05 0.587818 9.99368E-05 0.411483 9.99368E-05
0.30219 0.17926 9.99639E-05 9.99639E-05 0.0717196 9.99639E-05 0.421159 0.0252716 9.99639E-05
0.0284248 0.010712 9.9964E-05 9.9964E-05 9.9964E-05 0.030158 0.232375 0.69793 9.9964E-05
0.126821 0.042321 0.109231 9.9982E-05 0.498649 9.9982E-05 0.0369724 0.0753647 0.110442
9.99369E-05 0.292983 9.99369E-05 9.99369E-05 9.99369E-05 9.99369E-05 9.99369E-05 0.706318 9.99369E-05
9.9955E-05 0.0314714 9.9955E-05 9.9955E-05 0.405984 0.385813 9.9955E-05 0.176232 9.9955E-05
0.315494 0.100469 0.0199877 9.99729E-05 9.99729E-05 9.99729E-05 0.335601 0.191893 0.0362557
9.99369E-05 0.454233 9.99369E-05 9.99369E-05 9.99369E-05 9.99369E-05 9.99369E-05 0.545068 9.99369E-05
9.99369E-05 9.99369E-05 9.99369E-05 9.99369E-05 9.99369E-05 0.668156 9.99369E-05 0.331144 9.99369E-05
0.612075 0.106325 9.99599E-05 9.99599E-05 0.0329136 9.99599E-05 0.248187 9.99599E-05 9.99599E-05
0.181291 0.281899 9.99459E-05 9.99459E-05 9.99459E-05 9.99459E-05 9.99459E-05 0.536211 9.99459E-05
0.11679 0.368648 9.99549E-05 9.99549E-05 0.29531 9.99549E-05 0.218753 9.99549E-05 9.99549E-05
9.99369E-05 9.99369E-05 9.99369E-05 9.99369E-05 9.99369E-05 0.60426 9.99369E-05 0.39504 9.99369E-05
0.216443 0.434065 9.99549E-05 9.99549E-05 0.0410718 9.99549E-05 9.99549E-05 0.307921 9.99549E-05
0.506764 9.9964E-05 0.0952319 9.9964E-05 0.0507882 9.9964E-05 0.340663 9.9964E-05 0.00615215
0.0738788 9.99639E-05 9.99639E-05 0.00803179 0.635819 9.99639E-05 0.0840627 0.197808 9.99639E-05
0.0948648 0.398158 0.117684 0.0714106 0.158971 0.110564 0.0481472 9.9982E-05 9.9982E-05
0.03685 0.442338 0.0303904 0.0260901 0.19893 9.9982E-05 0.124064 0.141138 9.9982E-05
9.99458E-05 9.99458E-05 9.99458E-05 9.99458E-05 0.0899339 0.472335 9.99458E-05 0.437131 9.99458E-05
0.254895 9.9973E-05 9.9973E-05 0.0704125 0.329255 9.9973E-05 0.157299 0.161826 0.0260123
0.0694326 9.99639E-05 0.0716032 9.99639E-05 0.128588 9.99639E-05 9.99639E-05 0.721895 0.00808115
9.9973E-05 9.9973E-05 0.273494 0.0401019 0.197187 0.254605 9.9973E-05 0.194192 0.04012
0.190148 0.229304 0.0946153 0.00600185 0.0793181 9.9991E-05 0.143227 0.197715 0.0595706
9.9955E-05 9.9955E-05 0.417638 9.9955E-05 9.9955E-05 9.9955E-05 0.158978 0.338426 0.0844585
0.0480593 0.0366719 9.9964E-05 0.052124 9.9964E-05 0.831309 0.0314357 9.9964E-05 9.9964E-05
9.9982E-05 9.9982E-05 0.176039 0.0252392 0.342924 0.0641847 0.0285909 0.348579 0.0142428
9.9982E-05 9.9982E-05 0.111469 0.015839 0.43328 0.231259 0.0888049 0.104144 0.0150045
9.9964E-05 0.0406239 9.9964E-05 0.0392643 9.9964E-05 0.103147 0.62468 0.191884 9.9964E-05
9.99549E-05 9.99549E-05 9.99549E-05 9.99549E-05 0.358102 0.515532 0.104499 0.0213677 9.99549E-05
0.189187 0.357565 9.99549E-05 9.99549E-05 0.182419 9.99549E-05 0.270329 9.99549E-05 9.99549E-05
9.99639E-05 9.99639E-05 0.0334267 9.99639E-05 0.292216 0.397962 0.148912 0.127084 9.99639E-05
9.9964E-05 0.427569 0.0529643 9.9964E-05 9.9964E-05 0.140818 0.01002 0.368228 9.9964E-05
0.0498731 0.50832 0.124829 9.9982E-05 0.0232235 0.0174201 0.110593 0.165541 9.9982E-05
0.031156 9.9964E-05 0.313773 9.9964E-05 9.9964E-05 9.9964E-05 0.18304 0.350881 0.120751
0.111818 0.00606971 0.233565 9.9982E-05 0.427517 9.9982E-05 0.063862 0.109256 0.0477121
0.00684501 9.9991E-05 0.359397 0.0574179 0.0586426 0.026276 0.13472 0.340651 0.0159511
9.99729E-05 0.42521 0.199068 9.99729E-05 0.0850857 0.0287854 0.205917 0.0556346 9.99729E-05
9.9955E-05 9.9955E-05 0.100696 9.9955E-05 0.102445 0.693173 0.103186 9.9955E-05 9.9955E-05
9.99459E-05 9.99459E-05 0.0266313 9.99459E-05 9.99459E-05 0.695535 9.99459E-05 0.277234 9.99459E-05
9.9955E-05 9.9955E-05 9.9955E-05 9.9955E-05 0.646863 0.0909167 9.9955E-05 0.22573 0.0359912
9.9973E-05 9.9973E-05 0.0153599 0.0257522 0.0907088 0.616715 9.9973E-05 0.219207 0.0319574
0.0199723 9.9955E-05 0.035762 9.9955E-05 9.9955E-05 0.794174 0.149592 9.9955E-05 9.9955E-05
9.9964E-05 9.9964E-05 9.9964E-05 0.00799902 0.487072 0.0999705 9.9964E-05 0.316904 0.0876543
9.99549E-05 9.99549E-05 9.99549E-05 9.99549E-05 0.609248 0.118881 0.153492 0.117879 9.99549E-05
0.871027 9.9955E-05 9.9955E-05 0.0431456 9.9955E-05 0.0687103 9.9955E-05 0.0166175 9.9955E-05
0.708306 0.132194 9.99549E-05 0.0263883 0.132612 9.99549E-05 9.99549E-05 9.99549E-05 9.99549E-05
0.173884 9.99639E-05 9.99639E-05 0.0544538 0.733462 9.99639E-05 0.0212213 0.0165783 9.99639E-05
0.618816 0.014901 9.99549E-05 9.99549E-05 0.122033 9.99549E-05 0.243751 9.99549E-05 9.99549E-05
0.921703 0.00266105 0.0162731 9.9955E-05 9.9955E-05 0.0588629 9.9955E-05 9.9955E-05 9.9955E-05
0.258777 0.546246 0.00221879 0.0626232 0.129734 9.99639E-05 9.99639E-05 9.99639E-05 9.99639E-05
0.638692 0.245559 9.99549E-05 9.99549E-05 0.113804 0.00144516 9.99549E-05 9.99549E-05 9.99549E-05
0.144557 9.9955E-05 9.9955E-05 0.0272401 0.657899 0.169804 9.9955E-05 9.9955E-05 9.9955E-05
9.9946E-05 9.9946E-05 9.9946E-05 9.9946E-05 0.265274 0.598687 9.9946E-05 0.135439 9.9946E-05
0.541878 9.99639E-05 0.107763 9.99639E-05 0.281642 9.99639E-05 9.99639E-05 0.0184624 0.0498555
0.0444491 9.9964E-05 0.0315103 0.00558805 0.750606 0.167446 9.9964E-05 9.9964E-05 9.9964E-05
0.0819935 9.9964E-05 9.9964E-05 0.104027 0.737986 9.9964E-05 9.9964E-05 0.0136821 0.0619121
0.353533 9.99639E-05 0.0206281 0.0140118 0.54424 9.99639E-05 0.0671879 9.99639E-05 9.99639E-05
9.9946E-05 9.9946E-05 9.9946E-05 9.9946E-05 0.743337 0.184454 9.9946E-05 0.0716093 9.9946E-05
0.242404 9.9964E-05 0.065337 9.9964E-05 0.54744 0.142566 9.9964E-05 9.9964E-05 0.00185369
0.416948 9.9964E-05 9.9964E-05 0.0994116 0.135222 9.9964E-05 9.9964E-05 0.298799 0.0492194
0.135961 9.9973E-05 9.9973E-05 0.0391893 0.627199 0.0539108 0.0856935 9.9973E-05 0.0577466
0.273483 9.99549E-05 0.184826 9.99549E-05 0.538663 9.99549E-05 9.99549E-05 9.99549E-05 0.00252822
0.526144 9.99459E-05 9.99459E-05 9.99459E-05 0.0692338 9.99459E-05 0.404022 9.99459E-05 9.99459E-05
0.547477 9.9973E-05 0.0941996 9.9973E-05 0.284822 9.9973E-05 0.0452168 0.00731872 0.0206656
0.0425694 0.0212993 9.9964E-05 9.9964E-05 0.576058 0.342468 9.9964E-05 9.9964E-05 0.0172061
9.9964E-05 0.0490523 0.0360127 9.9964E-05 0.874197 9.9964E-05 0.013011 9.9964E-05 0.0273269
9.9946E-05 9.9946E-05 9.9946E-05 9.9946E-05 0.4614 0.456373 9.9946E-05 0.0816267 9.9946E-05
0.717675 0.0220833 9.99549E-05 9.99549E-05 0.119608 9.99549E-05 0.140134 9.99549E-05 9.99549E-05
0.378907 9.9973E-05 9.9973E-05 0.00500027 0.413483 9.9973E-05 0.0633125 0.0985183 0.0404787
9.99549E-05 9.99549E-05 9.99549E-05 9.99549E-05 0.62067 0.323796 9.99549E-05 0.05259 0.00244389
0.567283 0.0960825 0.0248825 9.9973E-05 9.9973E-05 9.9973E-05 0.00745644 0.271683 0.0323129
0.223526 9.9955E-05 9.9955E-05 0.010605 9.9955E-05 9.9955E-05 0.357436 0.407934 9.9955E-05
9.9982E-05 9.9982E-05 0.0372616 0.0851481 0.401696 0.331846 0.00669752 0.0773771 0.0597742
9.99729E-05 9.99729E-05 0.129143 0.0230804 0.0294894 0.161674 9.99729E-05 0.651241 0.00507165
0.445309 9.9964E-05 9.9964E-05 0.101176 9.9964E-05 0.00771191 0.266188 0.179215 9.9964E-05
0.479545 0.142127 9.99459E-05 9.99459E-05 9.99459E-05 9.99459E-05 9.99459E-05 0.377729 9.99459E-05
0.509784 0.121617 9.9964E-05 9.9964E-05 9.9964E-05 9.9964E-05 0.0467978 0.282094 0.039307
9.9937E-05 9.9937E-05 9.9937E-05 9.9937E-05 9.9937E-05 0.7203 9.9937E-05 0.279 9.9937E-05
9.9955E-05 9.9955E-05 9.9955E-05 0.00611623 0.539443 9.9955E-05 9.9955E-05 0.430034 0.0239075
0.148145 9.99729E-05 0.354471 9.99729E-05 0.0356631 9.99729E-05 0.186501 0.232315 0.0426056
0.50634 9.99459E-05 9.99459E-05 9.99459E-05 9.99459E-05 9.99459E-05 0.172552 0.320508 9.99459E-05
9.99549E-05 9.99549E-05 0.129316 9.99549E-05 0.102699 0.524134 9.99549E-05 0.243352 9.99549E-05
0.102956 9.9964E-05 9.9964E-05 0.0552417 0.55392 9.9964E-05 0.0107564 0.276726 9.9964E-05
0.0699975 9.99639E-05 9.99639E-05 0.0192153 0.588764 9.99639E-05 9.99639E-05 0.311204 0.0104187
0.0147516 9.99639E-05 0.375299 0.00281878 9.99639E-05 9.99639E-05 0.167077 0.439654 9.99639E-05
9.9973E-05 9.9973E-05 0.227058 9.9973E-05 0.690112 0.0296464 0.0343484 0.0131574 0.00537703
0.412205 9.99729E-05 0.0604017 9.99729E-05 0.295806 9.99729E-05 0.185146 0.000524765 0.0456159
0.1932 9.99729E-05 0.0838394 9.99729E-05 0.196146 9.99729E-05 0.223614 0.297235 0.00566495
0.381717 0.186051 9.9964E-05 0.0242115 9.9964E-05 9.9964E-05 0.148359 0.259261 9.9964E-05
9.99639E-05 9.99639E-05 9.99639E-05 0.00944358 0.32754 0.155819 9.99639E-05 0.372383 0.134415
0.633564 9.99639E-05 9.99639E-05 9.99639E-05 9.99639E-05 0.0166162 0.0493721 0.271769 0.0282786
0.330525 0.394389 9.99549E-05 9.99549E-05 0.0983681 9.99549E-05 9.99549E-05 0.176218 9.99549E-05
9.99459E-05 9.99459E-05 9.99459E-05 9.99459E-05 0.46391 0.348173 9.99459E-05 0.187318 9.99459E-05
0.166179 9.99549E-05 9.99549E-05 9.99549E-05 0.618625 9.99549E-05 0.183696 0.0309995 9.99549E-05
9.9946E-05 9.9946E-05 9.9946E-05 9.9946E-05 0.764655 9.9946E-05 9.9946E-05 0.16927 0.0654751
0.860807 9.9955E-05 9.9955E-05 0.0472241 9.9955E-05 0.0582785 9.9955E-05 0.0331905 9.9955E-05
0.308748 0.306687 0.0162689 0.0804878 0.0401435 0.078706 9.9982E-05 9.9982E-05 0.168758
0.716753 0.000151743 9.9973E-05 9.9973E-05 0.135492 9.9973E-05 0.0102392 0.0453974 0.0916667
9.9946E-05 9.9946E-05 9.9946E-05 9.9946E-05 0.530584 0.316305 9.9946E-05 0.152512 9.9946E-05
0.665099 0.0417167 0.0230705 9.9973E-05 0.216744 9.9973E-05 9.9973E-05 0.0155508 0.0375183
0.747631 9.9973E-05 0.110511 0.0276124 0.0277687 9.9973E-05 9.9973E-05 0.0753128 0.0108641
0.778445 9.9955E-05 0.0562854 9.9955E-05 9.9955E-05 0.079472 0.0852976 9.9955E-05 9.9955E-05
9.9955E-05 0.00220614 0.05101 9.9955E-05 0.679914 0.26637 9.9955E-05 9.9955E-05 9.9955E-05
0.270842 9.9973E-05 0.0258434 0.0173589 0.569006 9.9973E-05 0.00262093 0.114028 9.9973E-05
0.506218 0.0599976 9.9973E-05 0.0394513 0.0615957 0.0784536 0.253984 9.9973E-05 9.9973E-05
0.11758 0.0359408 0.0114339 9.9982E-05 0.401295 0.195389 9.9982E-05 0.181998 0.0561625
0.854894 0.0217512 0.0449107 0.0282499 9.9973E-05 0.0406856 0.00920866 9.9973E-05 9.9973E-05
9.9964E-05 0.455477 0.028334 9.9964E-05 0.281355 0.149476 0.0849593 9.9964E-05 9.9964E-05
0.415076 9.9973E-05 0.10247 0.0274728 0.314481 9.9973E-05 9.9973E-05 0.119608 0.0205916
0.0011844 9.9955E-05 9.9955E-05 9.9955E-05 0.521392 0.444444 9.9955E-05 0.0324796 9.9955E-05
0.295642 9.9973E-05 0.0138572 0.0364277 0.457248 9.9973E-05 9.9973E-05 0.186236 0.0102885
9.99819E-05 9.99819E-05 0.241321 0.0229157 0.252224 0.138789 0.159664 0.182861 0.00202533
9.9964E-05 9.9964E-05 0.115611 9.9964E-05 0.120697 0.604231 0.100261 0.0587998 9.9964E-05
0.0904906 9.99639E-05 0.108362 9.99639E-05 0.621814 9.99639E-05 9.99639E-05 0.139988 0.0389459
9.99459E-05 9.99459E-05 0.460871 9.99459E-05 0.486466 9.99459E-05 9.99459E-05 0.0520635 9.99459E-05
0.0353114 9.99639E-05 0.0131651 9.99639E-05 0.548443 9.99639E-05 0.180946 0.221735 9.99639E-05
0.265231 0.259443 9.99639E-05 9.99639E-05 0.132643 9.99639E-05 0.216234 0.126049 9.99639E-05
9.99549E-05 9.99549E-05 0.0493796 0.0118547 9.99549E-05 0.605787 9.99549E-05 0.332479 9.99549E-05
0.0673086 0.55418 9.9973E-05 0.0221056 9.9973E-05 0.014633 9.9973E-05 0.331771 0.00970139
0.469236 0.0474689 0.380293 0.0143444 0.0879373 9.99729E-05 0.000420498 9.99729E-05 9.99729E-05
9.9973E-05 0.0577459 0.0749358 9.9973E-05 0.0615946 0.0146696 0.790222 9.9973E-05 0.000532485
9.99549E-05 9.99549E-05 0.221691 9.99549E-05 0.103082 0.567105 0.107622 9.99549E-05 9.99549E-05
9.99459E-05 9.99459E-05 0.1057 9.99459E-05 0.227996 0.665704 9.99459E-05 9.99459E-05 9.99459E-05
0.175383 0.359716 9.9964E-05 9.9964E-05 0.108491 9.9964E-05 0.164107 0.191903 9.9964E-05
0.0102308 9.9982E-05 0.0244098 0.00138815 0.696446 9.9982E-05 0.169883 0.0322253 0.0652171
0.0114848 9.9982E-05 0.326901 0.0162921 0.366701 9.9982E-05 0.1095 0.155248 0.0136739
0.0185751 9.99549E-05 0.134525 9.99549E-05 0.0980478 0.748352 9.99549E-05 9.99549E-05 9.99549E-05
9.99549E-05 9.99549E-05 0.355872 9.99549E-05 9.99549E-05 0.0573044 0.370983 0.215341 9.99549E-05
9.99729E-05 0.312456 0.116043 0.0419736 0.0575073 9.99729E-05 0.203269 0.268451 9.99729E-05
0.576411 9.99639E-05 9.99639E-05 9.99639E-05 0.0781633 0.00810776 0.330699 0.00621924 9.99639E-05
0.243318 9.99549E-05 0.0918508 9.99549E-05 0.0693533 9.99549E-05 0.594978 9.99549E-05 9.99549E-05
9.9973E-05 0.359475 0.313513 9.9973E-05 0.0973239 0.051037 0.176426 0.00192484 9.9973E-05
0.0974842 9.9964E-05 0.0282056 0.0330386 0.622498 0.218374 9.9964E-05 9.9964E-05 9.9964E-05
0.82678 9.9946E-05 0.10186 9.9946E-05 0.0707604 9.9946E-05 9.9946E-05 9.9946E-05 9.9946E-05
0.0296084 0.052168 0.0753599 9.9964E-05 0.729333 0.113131 9.9964E-05 9.9964E-05 9.9964E-05
0.190897 9.99639E-05 0.208455 9.99639E-05 0.563824 9.99639E-05 9.99639E-05 0.0347107 0.00171349
0.791073 9.9964E-05 9.9964E-05 0.0369449 0.0898885 9.9964E-05 9.9964E-05 0.0780494 0.00364409
0.0793134 9.9946E-05 9.9946E-05 9.9946E-05 0.422708 0.497379 9.9946E-05 9.9946E-05 9.9946E-05
9.99549E-05 9.99549E-05 0.296621 9.99549E-05 0.128077 0.369985 0.204817 9.99549E-05 9.99549E-05
9.99639E-05 9.99639E-05 0.00797837 9.99639E-05 0.698933 0.0935103 0.0840839 0.115095 9.99639E-05
9.9964E-05 9.9964E-05 0.061639 0.0399454 9.9964E-05 0.0108062 0.772683 0.114527 9.9964E-05
9.99729E-05 9.99729E-05 0.106303 0.042748 0.168476 0.0122629 0.381183 0.288727 9.99729E-05
0.149361 9.99639E-05 9.99639E-05 0.0422112 0.249889 9.99639E-05 0.414429 0.14371 9.99639E-05
9.99459E-05 9.99459E-05 9.99459E-05 9.99459E-05 0.156244 0.573853 0.269303 9.99459E-05 9.99459E-05
0.030855 0.589956 9.9964E-05 9.9964E-05 0.163289 9.9964E-05 0.207633 0.00786723 9.9964E-05
9.9982E-05 9.9982E-05 0.15277 0.0424314 0.371444 0.0730792 0.12695 0.0561197 0.177006
0.205847 0.0954568 0.0593234 9.9982E-05 0.11899 9.9982E-05 0.455362 0.0126906 0.0521301
0.124214 0.414651 9.9973E-05 0.0217844 0.101017 9.9973E-05 0.330314 9.9973E-05 0.00772053
0.101833 9.99459E-05 9.99459E-05 9.99459E-05 0.0524465 9.99459E-05 0.845121 9.99459E-05 9.99459E-05
0.297022 9.99639E-05 9.99639E-05 0.0386512 0.0635288 9.99639E-05 0.576001 0.0243979 9.99639E-05
0.106734 9.9973E-05 9.9973E-05 0.0100497 0.0428486 0.0485487 0.722063 9.9973E-05 0.0694557
9.99639E-05 9.99639E-05 0.11136 0.0806949 0.540683 9.99639E-05 0.217334 9.99639E-05 0.049528
9.9973E-05 9.9973E-05 0.0620328 0.0317107 0.708271 0.0346573 9.9973E-05 0.106701 0.0563272
0.0808935 0.580846 9.9982E-05 9.9982E-05 0.0407535 0.0543319 0.0657687 0.146163 0.0310435
9.9973E-05 0.0117555 0.136129 9.9973E-05 9.9973E-05 0.13954 0.701909 0.00620292 0.0041632
9.9991E-05 0.0532881 0.177425 0.051777 0.239643 0.181305 0.0767532 0.169131 0.0505775
9.9955E-05 9.9955E-05 9.9955E-05 0.00985302 9.9955E-05 0.814775 0.0943344 0.0805378 9.9955E-05
9.9937E-05 9.9937E-05 9.9937E-05 9.9937E-05 0.65455 0.344751 9.9937E-05 9.9937E-05 9.9937E-05
0.00254106 9.9973E-05 0.0206761 9.9973E-05 0.0964738 0.795872 0.0835855 0.000552088 9.9973E-05
