9.9991E-05 0.112888 0.404807 0.482205
9.999E-05 0.0148586 0.460627 0.524414
0.133586 0.0360501 9.9991E-05 0.830264
0.1076 0.0207295 0.766937 0.104733
0.0857142 0.088273 0.825913 9.9991E-05
0.0710474 0.1254 0.195303 0.608249
0.148265 9.9982E-05 9.9982E-05 0.851535
9.999E-05 0.110944 0.136761 0.752195
9.999E-05 0.0617521 0.591843 0.346305
0.599943 0.0905725 0.0354688 0.274015
0.00618441 9.9991E-05 0.699816 0.2939
0.00298924 0.000440817 0.83916 0.15741
0.177624 0.132672 0.380125 0.309579
0.0886151 0.0377936 0.00646459 0.867127
9.9982E-05 9.9982E-05 0.82884 0.17096
0.476921 0.0687465 9.9991E-05 0.454232
0.124806 9.9991E-05 0.0093781 0.865716
9.9982E-05 9.9982E-05 0.0226726 0.977127
9.9982E-05 9.9982E-05 0.581282 0.418518
0.0815554 0.654697 0.263648 9.9991E-05
0.0631898 0.658905 0.277805 9.9991E-05
0.0756148 0.75635 0.167935 9.9991E-05
9.9982E-05 0.57076 0.42904 9.9982E-05
9.9982E-05 0.56632 0.43348 9.9982E-05
0.0635902 0.615002 9.9991E-05 0.321307
9.9982E-05 0.501485 0.498315 9.9982E-05
0.516004 0.483796 9.9982E-05 9.9982E-05
0.0670279 0.447913 0.484959 9.9991E-05
0.16929 0.732169 0.0979823 0.000558824
9.9982E-05 0.677034 0.322766 9.9982E-05
0.281126 0.543132 0.17203 0.00371228
0.10629 0.728017 9.9991E-05 0.165594
0.415032 0.561542 9.9991E-05 0.0233254
0.0185929 0.647639 9.9991E-05 0.333668
0.00797053 0.678221 0.313708 9.9991E-05
9.9982E-05 0.567981 0.431819 9.9982E-05
0.134967 0.538207 0.326726 9.9991E-05
9.9982E-05 0.558627 0.441173 9.9982E-05
9.9991E-05 0.80262 0.126762 0.0705184
0.275895 0.723905 9.9982E-05 9.9982E-05
0.448424 0.551376 9.9982E-05 9.9982E-05
0.120951 0.584073 0.294876 9.9991E-05
0.0261974 0.837534 9.9991E-05 0.136168
0.151405 0.650604 9.9991E-05 0.197891
9.9982E-05 0.416309 0.583491 9.9982E-05
9.9982E-05 0.539243 0.460557 9.9982E-05
0.277784 0.571661 9.9991E-05 0.150455
9.9991E-05 0.824554 0.112542 0.0628043
0.660409 0.339391 9.9982E-05 9.9982E-05
9.9982E-05 0.696959 0.302841 9.9982E-05
0.264433 0.735367 9.9982E-05 9.9982E-05
0.0838961 0.620926 0.295077 9.9991E-05
9.9991E-05 0.546381 0.435139 0.0183798
9.9991E-05 0.507645 0.360376 0.131879
0.0152201 0.472888 0.511792 9.9991E-05
9.9982E-05 0.488316 0.511484 9.9982E-05
0.104059 0.790123 9.9991E-05 0.105718
0.173007 0.719743 0.10715 9.9991E-05
0.254207 0.721297 9.9991E-05 0.0243959
9.9982E-05 0.710863 0.288937 9.9982E-05
9.99819E-05 0.72886 0.27094 9.99819E-05
9.9991E-05 0.626315 0.330781 0.0428034
0.123272 0.634762 9.9991E-05 0.241867
9.9982E-05 0.591198 0.408602 9.9982E-05
0.130158 0.501921 9.9991E-05 0.367821
9.9991E-05 0.501663 0.410679 0.0875575
9.9982E-05 0.582157 0.417644 9.9982E-05
9.9982E-05 0.551118 0.448682 9.9982E-05
9.9991E-05 0.603022 0.158888 0.237989
0.0208492 0.71167 0.0897957 0.177686
0.446045 0.553755 9.9982E-05 9.9982E-05
0.269922 0.594957 9.9991E-05 0.135022
9.9982E-05 0.542459 0.457341 9.9982E-05
0.192268 0.639692 9.9991E-05 0.16794
9.9982E-05 0.648705 0.351095 9.9982E-05
9.9982E-05 0.50421 0.49559 9.9982E-05
0.248946 0.67919 9.9991E-05 0.0717634
0.508524 0.480528 9.9991E-05 0.0108483
0.113452 0.694081 9.9991E-05 0.192367
0.110745 0.747205 0.122267 0.0197828
0.514426 0.485374 9.9982E-05 9.9982E-05
9.9982E-05 0.673602 0.326198 9.9982E-05
0.0492488 0.765129 0.185522 9.9991E-05
0.107948 0.633177 0.258775 9.9991E-05
0.276092 0.624996 9.9991E-05 0.0988123
0.00184507 0.74572 0.252335 9.9991E-05
9.9982E-05 0.577667 0.422133 9.9982E-05
9.9982E-05 0.567957 9.9982E-05 0.431843
0.112902 0.559873 9.9991E-05 0.327125
9.9991E-05 0.544149 0.334514 0.121237
9.9982E-05 0.598326 9.9982E-05 0.401474
9.9982E-05 0.563009 9.9982E-05 0.436791
9.9982E-05 0.491712 0.508088 9.9982E-05
9.9982E-05 0.605581 9.9982E-05 0.394219
9.9991E-05 0.604783 0.0212326 0.373885
0.612681 0.16087 0.0338076 0.192641
0.396288 0.274358 0.0601383 0.269216
0.289919 0.210147 0.280704 0.21923
9.9991E-05 0.0786308 0.469352 0.451917
0.619807 0.0867295 0.0663935 0.22707
9.9991E-05 0.0546552 0.381063 0.564182
0.266624 0.000510772 9.9991E-05 0.732766
0.517775 0.164017 0.0388045 0.279404
0.253713 0.211238 0.0763481 0.4587
0.132084 0.203295 0.577188 0.0874328
0.884003 0.0634143 0.0524831 9.9991E-05
0.242993 0.0713928 0.561309 0.124305
0.404943 0.144279 0.0285443 0.422233
0.0650938 0.155803 0.27053 0.508573
0.384867 0.139464 0.249983 0.225686
0.222678 0.0251619 0.0563474 0.695813
9.9991E-05 0.15614 0.657693 0.186066
0.168577 0.0932969 0.639936 0.0981902
0.305167 0.359927 0.0534151 0.281491
0.303751 0.0939656 0.00567723 0.596607
0.295083 0.224086 0.347226 0.133605
0.232748 0.157874 0.516914 0.092464
0.0424191 0.0431776 0.647781 0.266623
0.433055 0.0313944 0.193909 0.341642
0.123154 0.0687887 0.636443 0.171615
0.261029 0.0266231 0.0549047 0.657443
0.953159 0.00537202 9.9991E-05 0.0413694
0.0267217 9.9991E-05 0.796922 0.176256
0.431774 0.0457983 0.522328 9.9991E-05
9.9991E-05 0.11674 0.211406 0.671754
0.377281 0.0609917 0.561627 9.9991E-05
0.517541 0.0115793 9.9991E-05 0.470779
0.0716892 0.0532386 0.765085 0.109988
0.268395 0.0854083 0.646097 9.9991E-05
0.886275 0.0238278 9.9991E-05 0.089797
9.9982E-05 9.9982E-05 0.823883 0.175917
0.147793 0.0726643 0.779442 9.9991E-05
0.0111914 9.9991E-05 0.661746 0.326963
0.961219 0.00623791 0.0324434 9.9991E-05
0.0967041 0.0299578 0.779437 0.0939014
9.9991E-05 0.0248354 0.703655 0.27141
0.00087529 0.00663935 0.183789 0.808696
0.209823 0.114826 0.479695 0.195656
0.187026 0.0584226 0.60108 0.153472
0.765387 9.9982E-05 9.9982E-05 0.234414
0.00795809 0.112053 0.383678 0.496311
0.201014 0.14071 0.313265 0.345011
0.432238 0.179644 9.9991E-05 0.388018
0.0672715 0.123937 0.601484 0.207307
0.373091 0.219445 0.407364 9.9991E-05
0.832338 0.0806866 0.047284 0.0396918
0.276761 0.131953 0.0891956 0.502091
0.36348 0.076121 9.9991E-05 0.560299
0.394329 0.0581709 0.547401 9.9991E-05
0.60606 9.9982E-05 9.9982E-05 0.39374
9.9982E-05 9.9982E-05 0.755565 0.244235
0.569293 9.9982E-05 9.9982E-05 0.430507
0.42516 0.0764266 0.498313 9.9991E-05
0.261578 0.0262758 0.712046 9.9991E-05
0.216133 0.237171 0.381292 0.165403
0.0246533 0.0924109 0.236713 0.646223
0.312107 0.177639 0.279246 0.231008
0.330597 0.0141868 0.542582 0.112635
0.779178 9.9991E-05 0.0186829 0.20204
0.929965 9.9982E-05 0.0698349 9.9982E-05
0.196124 0.0532919 9.9991E-05 0.750484
0.735171 0.11115 9.9991E-05 0.153579
0.858809 9.9991E-05 0.105661 0.0354296
0.239425 0.164062 9.9991E-05 0.596413
0.235341 0.00721337 0.0524552 0.70499
9.9991E-05 0.0498426 0.815583 0.134475
9.9982E-05 9.9982E-05 0.750753 0.249047
9.9991E-05 0.0112898 0.132141 0.856469
9.9982E-05 9.9982E-05 0.749811 0.249989
9.9982E-05 9.9982E-05 0.836638 0.163162
0.0045994 0.108217 0.707086 0.180098
9.9982E-05 9.9982E-05 0.788901 0.210899
0.159977 0.00286896 0.0415414 0.795613
0.648262 9.9982E-05 9.9982E-05 0.351538
9.9991E-05 0.0495341 0.440402 0.509964
0.132156 0.0124678 9.9991E-05 0.855277
9.9991E-05 0.168194 0.0134723 0.818234
9.9982E-05 9.9982E-05 0.299606 0.700194
0.252771 9.9982E-05 9.9982E-05 0.747029
0.105878 0.0202363 0.123668 0.750217
9.9991E-05 0.179911 0.501457 0.318533
0.0320506 0.0980807 0.117419 0.75245
9.9991E-05 0.0460367 0.178327 0.775536
9.9982E-05 9.9982E-05 0.755156 0.244644
9.9991E-05 0.0261535 0.499451 0.474295
0.317105 0.0426047 9.9991E-05 0.64019
9.9991E-05 0.0180757 0.0129947 0.96883
0.539755 9.9982E-05 9.9982E-05 0.460045
9.9982E-05 9.9982E-05 0.75867 0.24113
9.9991E-05 0.0487618 0.367888 0.58325
0.367278 9.9982E-05 9.9982E-05 0.632522
0.0798514 0.0779573 0.803111 0.0390802
0.224926 0.0726185 0.647162 0.0552929
0.414131 0.150773 9.9991E-05 0.434996
0.527989 0.1427 0.165355 0.163956
0.0862926 0.100205 0.691019 0.122483
0.0576139 0.0730428 0.832539 0.0368047
0.0206842 0.103237 0.829258 0.0468212
0.92176 0.0434048 0.034735 9.9991E-05
0.197728 0.112323 9.9991E-05 0.689849
0.0397834 0.172078 0.406805 0.381334
0.0867511 9.9991E-05 0.749212 0.163937
0.72153 0.0745007 0.00633841 0.197631
0.0683243 0.0710322 0.13479 0.725854
0.0481441 0.0836403 0.104724 0.763492
0.314745 0.122324 0.394452 0.168479
0.124656 0.0284117 9.9991E-05 0.846832
9.9991E-05 0.0137059 0.485364 0.50083
0.00156125 0.0716449 0.441598 0.485196
0.134384 0.0412366 0.82428 9.9991E-05
0.316833 0.221128 9.9991E-05 0.461939
0.0467846 0.0338891 0.732661 0.186665
0.0649978 9.9991E-05 0.762733 0.17217
0.473828 9.9982E-05 9.9982E-05 0.525973
0.0415917 9.9991E-05 0.234452 0.723856
0.0893163 0.0595493 9.9991E-05 0.851034
9.9991E-05 0.0626164 0.862432 0.0748521
0.040746 0.283236 0.543361 0.132658
9.9991E-05 0.0186539 0.676125 0.305121
0.397647 0.00173253 9.9991E-05 0.60052
9.9991E-05 0.0095122 0.607536 0.382851
9.9991E-05 0.0592848 0.686318 0.254297
0.014452 0.00153265 0.79666 0.187355
0.281777 9.9982E-05 9.9982E-05 0.718023
9.9991E-05 0.0218432 0.192567 0.78549
0.0616169 0.0267135 0.72524 0.18643
0.265911 0.0802245 0.1417 0.512164
9.9991E-05 0.0324751 0.81135 0.156075
0.290399 9.9991E-05 0.451379 0.258122
9.9991E-05 0.0996338 0.315928 0.584338
0.472851 9.9982E-05 9.9982E-05 0.526949
9.9991E-05 0.0596728 0.299058 0.64117
0.356631 0.115064 0.123157 0.405147
0.754013 0.00895448 0.0182928 0.21874
0.00350817 0.0730322 0.129695 0.793765
0.136409 0.0488561 9.9991E-05 0.814635
0.153607 9.9991E-05 0.211679 0.634613
0.0630714 9.9991E-05 0.710171 0.226658
0.832173 0.0685939 9.9991E-05 0.0991328
0.225139 0.0929658 0.681795 9.9991E-05
9.9991E-05 0.071549 0.554673 0.373678
0.30217 0.0112519 0.600396 0.0861824
0.676919 9.9991E-05 0.0392313 0.28375
0.709653 9.9982E-05 9.9982E-05 0.290147
0.087406 0.0297432 0.732644 0.150206
9.9991E-05 0.0954152 0.0966325 0.807852
0.161925 0.109699 0.185453 0.542923
0.784705 9.9982E-05 9.9982E-05 0.215095
0.41293 0.0607679 0.401047 0.125255
0.273021 0.0681152 0.57274 0.0861236
9.9982E-05 9.9982E-05 0.758132 0.241668
0.0128313 0.00464662 0.668263 0.314259
0.279579 0.0631289 0.501848 0.155444
0.187682 0.0405449 9.9991E-05 0.771673
9.9991E-05 0.00145831 0.702382 0.29606
0.149483 9.9991E-05 0.00279268 0.847624
9.9991E-05 0.0492948 0.150104 0.800501
9.9991E-05 0.0268329 0.702309 0.270758
0.426004 0.0342265 9.9991E-05 0.53967
0.559534 0.0642306 0.0637183 0.312517
0.211407 0.00747414 0.00930329 0.771815
0.356827 0.0651229 0.57795 9.9991E-05
0.295318 0.103529 0.279654 0.321499
0.0909171 0.0620152 0.463972 0.383096
0.633521 0.0459045 9.9991E-05 0.320474
0.131999 0.0373139 0.740977 0.0897102
0.159931 0.25761 0.0485764 0.533882
0.0700146 0.0734113 0.642794 0.21378
0.0816644 0.0749645 0.732607 0.110764
0.146437 0.00348034 0.688926 0.161157
0.0387902 0.0510543 0.683024 0.227132
0.173891 0.110961 0.585366 0.129782
0.0375479 0.19107 0.028616 0.742766
0.130865 0.118224 9.9991E-05 0.750811
0.226395 0.0765851 0.69692 9.9991E-05
0.422709 0.0316366 0.545555 9.9991E-05
0.360093 0.180557 0.111393 0.347957
0.933831 0.0514327 0.0146368 9.9991E-05
0.361902 9.9982E-05 9.9982E-05 0.637898
0.814933 0.00157479 9.9991E-05 0.183392
