0.0245717 9.9982E-05 0.137675 9.9982E-05 0.314911 0.311419 0.116641 0.0945813
9.9973E-05 0.0169523 0.0727129 9.9973E-05 0.34961 0.49306 0.0673655 9.9973E-05
0.041586 0.0168168 9.9982E-05 0.0990439 0.803803 9.9982E-05 0.00751183 0.0310381
0.123658 9.9991E-05 0.0652469 0.0306204 0.00884936 0.438095 0.303784 0.029647
0.0709837 0.0459699 0.221397 9.9973E-05 9.9973E-05 0.333696 0.327653 9.9973E-05
0.36458 0.0696609 0.0859063 9.9973E-05 0.395451 0.0841014 9.9973E-05 9.9973E-05
9.99549E-05 9.99549E-05 9.99549E-05 0.203371 0.755329 0.0408004 9.99549E-05 9.99549E-05
0.217681 0.0883654 9.9973E-05 9.9973E-05 0.605798 0.0871378 0.000717925 9.9973E-05
0.14424 0.0363809 9.9982E-05 9.9982E-05 0.205911 0.390842 0.212766 0.00966013
0.379572 9.99639E-05 9.99639E-05 0.367514 0.195417 9.99639E-05 9.99639E-05 0.0570971
0.112314 9.9982E-05 0.079661 9.9982E-05 0.0787239 0.653327 0.0587003 0.0170735
0.258938 9.9964E-05 9.9964E-05 9.9964E-05 0.00268312 0.448986 0.288993 9.9964E-05
0.0210867 0.0575789 0.26795 0.0966604 0.201148 0.153822 0.185274 0.0164804
0.256511 9.9955E-05 9.9955E-05 9.9955E-05 0.736746 9.9955E-05 9.9955E-05 0.00624279
0.0886376 9.9955E-05 9.9955E-05 9.9955E-05 9.9955E-05 0.846027 0.0648353 9.9955E-05
0.0634412 0.0292927 9.99729E-05 0.440005 0.421946 9.99729E-05 9.99729E-05 0.0450156
0.0279603 9.9964E-05 9.9964E-05 0.139029 0.758268 0.0743426 9.9964E-05 9.9964E-05
9.99549E-05 9.99549E-05 0.030303 9.99549E-05 0.846286 0.122912 9.99549E-05 9.99549E-05
0.0674354 9.9973E-05 0.0342077 9.9973E-05 0.323978 0.178428 0.39565 9.9973E-05
9.9955E-05 9.9955E-05 0.0305202 9.9955E-05 9.9955E-05 0.117776 9.9955E-05 0.851204
9.9955E-05 9.9955E-05 0.00640234 9.9955E-05 9.9955E-05 9.9955E-05 0.136581 0.856517
0.0210886 9.99549E-05 0.0833817 9.99549E-05 9.99549E-05 9.99549E-05 9.99549E-05 0.89503
9.99459E-05 9.99459E-05 9.99459E-05 9.99459E-05 9.99459E-05 9.99459E-05 0.356336 0.643064
9.99549E-05 9.99549E-05 9.99549E-05 9.99549E-05 9.99549E-05 0.122041 0.130008 0.747451
0.00737067 0.181401 9.99729E-05 0.0253674 0.295531 9.99729E-05 9.99729E-05 0.49003
0.0426673 0.161898 9.9973E-05 9.9973E-05 9.9973E-05 0.356428 0.0038571 0.43485
9.99549E-05 0.207937 9.99549E-05 0.556343 9.99549E-05 9.99549E-05 9.99549E-05 0.23522
0.000617955 0.110599 0.135121 9.9982E-05 9.9982E-05 0.188736 0.175022 0.389705
0.0107468 9.99639E-05 0.0907201 0.0231579 9.99639E-05 9.99639E-05 9.99639E-05 0.874975
9.99459E-05 9.99459E-05 9.99459E-05 9.99459E-05 9.99459E-05 9.99459E-05 0.133712 0.865688
9.9964E-05 9.9964E-05 9.9964E-05 0.236016 0.0415414 9.9964E-05 0.116419 0.605624
0.0384722 0.449839 0.125252 0.0538058 0.0793685 9.9982E-05 9.9982E-05 0.253063
9.99549E-05 9.99549E-05 9.99549E-05 0.370418 0.00519595 9.99549E-05 9.99549E-05 0.623887
9.99549E-05 0.0209089 9.99549E-05 9.99549E-05 0.299548 9.99549E-05 9.99549E-05 0.679043
0.0257679 9.99549E-05 9.99549E-05 9.99549E-05 9.99549E-05 9.99549E-05 0.126331 0.847401
9.99549E-05 9.99549E-05 9.99549E-05 9.99549E-05 9.99549E-05 0.169552 0.0580671 0.771881
9.9955E-05 9.9955E-05 9.9955E-05 0.0462888 9.9955E-05 0.206465 9.9955E-05 0.746747
9.99459E-05 9.99459E-05 9.99459E-05 9.99459E-05 9.99459E-05 9.99459E-05 0.346432 0.652968
9.99639E-05 0.843339 0.0645447 9.99639E-05 9.99639E-05 0.0570374 0.0346793 9.99639E-05
9.9955E-05 0.652859 0.076366 0.270275 9.9955E-05 9.9955E-05 9.9955E-05 9.9955E-05
9.9955E-05 0.412676 9.9955E-05 0.484428 9.9955E-05 9.9955E-05 9.9955E-05 0.102396
9.9973E-05 0.483429 0.0433488 0.124587 9.9973E-05 9.9973E-05 0.309829 0.0385056
0.022626 0.568446 0.0508356 0.0153937 0.0579971 9.9982E-05 9.9982E-05 0.284502
0.0175252 0.563544 9.9973E-05 0.172398 0.138203 9.9973E-05 9.9973E-05 0.10803
9.9964E-05 0.315172 9.9964E-05 9.9964E-05 9.9964E-05 0.17054 0.395402 0.118486
9.99549E-05 0.584902 9.99549E-05 9.99549E-05 9.99549E-05 0.303915 0.110683 9.99549E-05
9.99639E-05 0.396698 9.99639E-05 0.307679 0.112641 9.99639E-05 9.99639E-05 0.182583
0.0459073 0.811877 0.0526916 9.99639E-05 9.99639E-05 0.0891247 9.99639E-05 9.99639E-05
9.9946E-05 0.332914 9.9946E-05 0.666486 9.9946E-05 9.9946E-05 9.9946E-05 9.9946E-05
9.9955E-05 0.716433 9.9955E-05 9.9955E-05 9.9955E-05 0.170893 0.112174 9.9955E-05
9.9955E-05 0.694551 0.0390135 0.265935 9.9955E-05 9.9955E-05 9.9955E-05 9.9955E-05
0.0427832 0.517592 0.133036 0.018414 9.9982E-05 9.9982E-05 0.20882 0.0791541
0.0127033 0.411073 9.99639E-05 9.99639E-05 9.99639E-05 0.406413 9.99639E-05 0.169411
9.9955E-05 0.518602 9.9955E-05 9.9955E-05 9.9955E-05 0.457736 9.9955E-05 0.0231626
9.9973E-05 0.359402 9.9973E-05 0.0532194 9.9973E-05 0.0580433 0.456116 0.0729198
9.9964E-05 0.04211 9.9964E-05 9.9964E-05 0.00134989 9.9964E-05 0.498228 0.457912
9.99639E-05 0.778476 0.0739872 0.126815 0.0203223 9.99639E-05 9.99639E-05 9.99639E-05
0.0255274 0.608082 0.0674652 0.129708 9.9982E-05 9.9982E-05 0.053491 0.115527
9.99549E-05 0.691214 0.043122 0.265164 9.99549E-05 9.99549E-05 9.99549E-05 9.99549E-05
9.99549E-05 0.742749 9.99549E-05 9.99549E-05 9.99549E-05 0.121789 0.134961 9.99549E-05
9.99549E-05 0.701182 9.99549E-05 9.99549E-05 9.99549E-05 0.239506 9.99549E-05 0.0588122
9.99459E-05 0.689902 9.99459E-05 9.99459E-05 9.99459E-05 0.309498 9.99459E-05 9.99459E-05
9.997E-05 0.516617 0.134606 0.138213 0.147363 9.997E-05 9.997E-05 0.0629009
9.99549E-05 0.508286 9.99549E-05 9.99549E-05 9.99549E-05 9.99549E-05 0.465378 0.0258359
9.9955E-05 0.468493 9.9955E-05 0.192111 0.338896 9.9955E-05 9.9955E-05 9.9955E-05
0.039683 0.362102 9.99639E-05 9.99639E-05 9.99639E-05 0.397331 9.99639E-05 0.200484
9.99549E-05 0.618435 9.99549E-05 9.99549E-05 9.99549E-05 0.0973306 0.283734 9.99549E-05
9.9955E-05 0.588294 9.9955E-05 9.9955E-05 9.9955E-05 0.317325 0.0938814 9.9955E-05
9.99639E-05 0.442292 9.99639E-05 9.99639E-05 0.185559 0.153103 9.99639E-05 0.218646
0.128749 0.345796 0.0759433 9.99729E-05 0.0898575 9.99729E-05 9.99729E-05 0.359354
9.9964E-05 0.283465 0.037275 0.402052 9.9964E-05 9.9964E-05 9.9964E-05 0.276809
9.99549E-05 0.530794 9.99549E-05 0.355475 0.113231 9.99549E-05 9.99549E-05 9.99549E-05
9.99459E-05 9.99459E-05 9.99459E-05 9.99459E-05 9.99459E-05 9.99459E-05 0.338048 0.661352
9.99549E-05 0.657303 9.99549E-05 0.233668 0.108529 9.99549E-05 9.99549E-05 9.99549E-05
9.99639E-05 0.642922 9.99639E-05 9.99639E-05 9.99639E-05 0.279004 0.0129508 0.0647236
0.0229915 0.258698 9.9973E-05 9.9973E-05 9.9973E-05 0.275934 0.169701 0.272375
9.99549E-05 9.99549E-05 9.99549E-05 0.175084 0.0778343 9.99549E-05 9.99549E-05 0.746582
9.9964E-05 0.226891 9.9964E-05 0.540854 0.0170665 9.9964E-05 9.9964E-05 0.214789
9.99639E-05 0.00959765 9.99639E-05 0.0577447 0.179091 9.99639E-05 9.99639E-05 0.753167
0.0888268 0.325124 0.183737 9.99639E-05 9.99639E-05 9.99639E-05 9.99639E-05 0.401913
9.9964E-05 0.266139 0.0622017 0.492756 9.9964E-05 9.9964E-05 9.9964E-05 0.178504
9.99549E-05 0.464004 9.99549E-05 9.99549E-05 9.99549E-05 9.99549E-05 0.312758 0.222739
9.9964E-05 0.747857 0.0437511 0.0533433 9.9964E-05 9.9964E-05 0.154648 9.9964E-05
9.9973E-05 0.481784 9.9973E-05 0.133972 9.9973E-05 0.022058 0.218785 0.143102
9.99549E-05 0.652203 9.99549E-05 0.301055 0.0462428 9.99549E-05 9.99549E-05 9.99549E-05
9.9973E-05 0.620819 0.127794 9.9973E-05 9.9973E-05 0.127861 0.00799393 0.115232
9.99549E-05 0.604447 9.99549E-05 9.99549E-05 9.99549E-05 0.0799068 0.315147 9.99549E-05
0.0268305 0.192887 9.99639E-05 9.99639E-05 0.390905 9.99639E-05 9.99639E-05 0.388978
9.9964E-05 0.506784 9.9964E-05 0.168609 0.309901 9.9964E-05 9.9964E-05 0.0143063
9.9973E-05 0.208808 9.9973E-05 9.9973E-05 0.136893 0.167701 0.0868458 0.399452
9.99459E-05 0.582346 9.99459E-05 9.99459E-05 0.417054 9.99459E-05 9.99459E-05 9.99459E-05
9.9955E-05 0.486377 9.9955E-05 9.9955E-05 0.45099 9.9955E-05 9.9955E-05 0.0621334
9.9964E-05 0.339135 9.9964E-05 9.9964E-05 9.9964E-05 0.233939 0.279243 0.147283
9.99549E-05 0.62847 9.99549E-05 9.99549E-05 0.345079 9.99549E-05 0.025951 9.99549E-05
0.0299664 0.465947 9.9973E-05 9.9973E-05 0.34259 9.9973E-05 0.00975889 0.151438
9.99549E-05 0.0203621 0.593959 0.385179 9.99549E-05 9.99549E-05 9.99549E-05 9.99549E-05
9.9982E-05 0.0813823 0.634291 0.186895 0.0509595 9.9982E-05 0.00405675 0.0422152
9.9955E-05 9.9955E-05 0.800796 0.0355397 9.9955E-05 9.9955E-05 0.163165 9.9955E-05
9.9964E-05 9.9964E-05 0.463478 9.9964E-05 0.171011 0.151688 0.213424 9.9964E-05
0.0325227 9.99639E-05 0.594305 0.372325 9.99639E-05 9.99639E-05 9.99639E-05 0.000447293
0.0401654 9.9982E-05 0.241701 9.9982E-05 0.353562 0.240925 0.123157 0.000289175
9.99549E-05 9.99549E-05 0.36959 0.120028 0.509883 9.99549E-05 9.99549E-05 9.99549E-05
9.99459E-05 9.99459E-05 0.730411 0.26899 9.99459E-05 9.99459E-05 9.99459E-05 9.99459E-05
0.0902128 9.99639E-05 0.699435 9.99639E-05 0.15953 9.99639E-05 9.99639E-05 0.0504219
9.9964E-05 9.9964E-05 0.577976 9.9964E-05 9.9964E-05 0.266022 0.0954709 0.0601316
0.0856854 9.9955E-05 0.289308 0.624506 9.9955E-05 9.9955E-05 9.9955E-05 9.9955E-05
0.00479883 9.9973E-05 0.442556 0.0424417 9.9973E-05 0.458233 9.9973E-05 0.0516701
9.99549E-05 9.99549E-05 0.741313 0.152862 0.105325 9.99549E-05 9.99549E-05 9.99549E-05
9.99639E-05 0.0521754 0.569052 9.99639E-05 0.15305 0.225324 9.99639E-05 9.99639E-05
0.150957 9.9982E-05 0.714838 0.0569083 0.0117271 9.9982E-05 0.00182825 0.0635411
0.0203775 9.998E-05 0.273847 0.113717 0.526637 0.0303573 9.998E-05 0.0348642
9.99639E-05 0.0526862 0.406828 9.99639E-05 9.99639E-05 0.298164 0.241922 9.99639E-05
9.99729E-05 9.99729E-05 0.401957 0.0199002 0.0131483 9.99729E-05 0.555903 0.00879235
0.0989195 0.113924 0.619517 0.048026 0.0369876 9.9982E-05 9.9982E-05 0.0824259
9.99549E-05 9.99549E-05 0.607231 0.101349 0.290921 9.99549E-05 9.99549E-05 9.99549E-05
0.0687675 0.00292641 0.755926 9.9973E-05 9.9973E-05 0.104932 9.9973E-05 0.0671484
9.99459E-05 9.99459E-05 0.690369 9.99459E-05 9.99459E-05 9.99459E-05 0.309032 9.99459E-05
0.118427 9.9982E-05 0.140564 9.9982E-05 0.108787 0.433948 0.175652 0.0224223
0.657225 9.99549E-05 9.99549E-05 0.0648518 0.277423 9.99549E-05 9.99549E-05 9.99549E-05
0.00260019 0.0124339 0.0302345 0.107699 0.182819 0.0610157 0.603097 9.9991E-05
0.189086 9.9982E-05 0.125101 0.144023 0.492517 0.0471936 9.9982E-05 0.00187984
0.466955 9.99459E-05 9.99459E-05 0.532445 9.99459E-05 9.99459E-05 9.99459E-05 9.99459E-05
0.0802383 9.9982E-05 0.0194204 0.0146279 0.0225025 0.659896 0.203115 9.9982E-05
0.717227 9.9964E-05 9.9964E-05 0.0297443 9.9964E-05 0.211332 9.9964E-05 0.0412972
0.0818762 0.113209 0.126808 9.9982E-05 0.481722 0.1875 0.00868484 9.9982E-05
0.741083 9.99459E-05 9.99459E-05 9.99459E-05 9.99459E-05 9.99459E-05 0.258317 9.99459E-05
0.242993 9.9955E-05 9.9955E-05 0.383437 0.37307 9.9955E-05 9.9955E-05 9.9955E-05
0.201161 0.0457897 0.0622058 9.997E-05 9.997E-05 0.610895 0.0796491 9.997E-05
0.559296 9.99459E-05 9.99459E-05 9.99459E-05 9.99459E-05 9.99459E-05 0.440105 9.99459E-05
0.383147 9.99459E-05 9.99459E-05 0.616253 9.99459E-05 9.99459E-05 9.99459E-05 9.99459E-05
9.99639E-05 9.99639E-05 0.0360527 9.99639E-05 0.0365746 0.677904 0.249069 9.99639E-05
0.552025 9.99549E-05 9.99549E-05 9.99549E-05 9.99549E-05 0.0937043 0.353771 9.99549E-05
0.00449219 9.99729E-05 9.99729E-05 0.021397 0.260395 0.381212 0.332204 9.99729E-05
0.435811 9.99459E-05 9.99459E-05 0.56359 9.99459E-05 9.99459E-05 9.99459E-05 9.99459E-05
0.341485 9.99639E-05 9.99639E-05 9.99639E-05 0.024261 0.207115 0.426739 9.99639E-05
9.9973E-05 0.0279137 0.161146 9.9973E-05 0.0147025 0.721995 0.0739434 9.9973E-05
0.212531 9.99639E-05 9.99639E-05 9.99639E-05 0.614808 0.161644 9.99639E-05 0.0106169
9.9982E-05 9.9982E-05 0.119219 0.172899 0.154297 0.0254262 0.447948 0.0800109
0.151626 9.9991E-05 0.0654862 0.0900389 0.106205 0.153727 0.397624 0.0351935
0.491903 9.99549E-05 9.99549E-05 0.427177 0.0804199 9.99549E-05 9.99549E-05 9.99549E-05
0.158992 0.0462935 9.9973E-05 9.9973E-05 0.308457 0.416838 9.9973E-05 0.0691206
0.738873 0.0263462 0.0459223 9.99729E-05 0.186517 0.00204138 9.99729E-05 9.99729E-05
0.212215 0.0549539 0.255631 0.237356 0.208559 9.9982E-05 9.9982E-05 0.031086
0.207741 0.0564948 0.116489 9.999E-05 0.0596235 0.315713 0.209895 0.0339437
0.342865 0.0795065 0.454618 9.9964E-05 9.9964E-05 0.122611 9.9964E-05 9.9964E-05
0.0149419 0.00225949 9.9982E-05 0.829418 9.9982E-05 0.0440565 0.0588901 0.0502341
0.351992 0.0144224 0.18263 0.069475 0.34296 9.99819E-05 9.99819E-05 0.0383201
0.108095 0.0127574 0.125238 0.265927 0.412254 0.0415481 9.9991E-05 0.0340811
0.191749 9.9973E-05 0.0053541 0.243641 9.9973E-05 0.473772 9.9973E-05 0.0851845
0.0812894 9.997E-05 0.00969678 0.565192 0.341573 0.00194975 9.997E-05 9.997E-05
9.99729E-05 9.99729E-05 0.0163167 0.0182671 0.143808 0.493823 0.327486 9.99729E-05
0.182185 9.99729E-05 0.0693991 0.448034 0.266564 0.0335188 9.99729E-05 9.99729E-05
0.397946 9.9964E-05 0.07713 0.179332 9.9964E-05 9.9964E-05 0.345193 9.9964E-05
0.160178 9.9973E-05 0.147142 0.0924562 9.9973E-05 0.148603 0.451321 9.9973E-05
0.339794 0.120253 0.341114 9.997E-05 9.997E-05 0.188956 9.997E-05 0.00958402
0.110938 0.0568467 0.248445 9.9982E-05 0.398633 0.171799 0.0131385 9.9982E-05
0.341775 0.0169898 0.369335 0.0501987 0.0414705 0.114141 9.9991E-05 0.0659902
0.104867 9.9991E-05 0.289561 0.156267 0.0161733 0.0860885 0.346134 0.000809852
9.9964E-05 9.9964E-05 0.127241 0.723208 0.0887118 0.0604396 9.9964E-05 9.9964E-05
0.311494 9.99549E-05 0.0191646 0.668842 9.99549E-05 9.99549E-05 9.99549E-05 9.99549E-05
0.233994 0.034032 9.9964E-05 0.0923776 0.639196 9.9964E-05 9.9964E-05 9.9964E-05
0.245149 0.0306206 0.0295996 0.595209 0.0769529 9.9982E-05 9.9982E-05 0.0222689
9.9955E-05 9.9955E-05 0.0423367 0.820783 9.9955E-05 0.136381 9.9955E-05 9.9955E-05
0.305389 0.0973156 9.9964E-05 0.0954501 0.501446 9.9964E-05 9.9964E-05 9.9964E-05
0.156385 9.99639E-05 9.99639E-05 0.19435 0.548516 0.100349 9.99639E-05 9.99639E-05
0.0680647 0.00535294 9.9982E-05 9.9982E-05 0.0726316 0.436313 0.384973 0.0324641
9.99639E-05 9.99639E-05 9.99639E-05 9.99639E-05 0.190406 0.430096 0.364114 0.0149843
0.0163333 9.9964E-05 9.9964E-05 9.9964E-05 0.772578 0.166214 9.9964E-05 0.044475
9.99549E-05 9.99549E-05 9.99549E-05 9.99549E-05 0.121629 0.735002 0.14287 9.99549E-05
9.99639E-05 9.99639E-05 0.0055241 9.99639E-05 0.0913092 0.516277 0.38649 9.99639E-05
9.99639E-05 9.99639E-05 0.0209808 9.99639E-05 0.215651 9.99639E-05 0.696487 0.0664812
9.99549E-05 9.99549E-05 9.99549E-05 9.99549E-05 0.156016 0.350783 0.492702 9.99549E-05
9.9973E-05 9.9973E-05 9.9973E-05 0.14989 0.718329 0.0834293 0.00764687 0.0404046
0.148865 9.9955E-05 9.9955E-05 0.583332 0.267304 9.9955E-05 9.9955E-05 9.9955E-05
0.00266001 0.0779188 0.069719 9.9982E-05 0.373614 0.341363 0.134526 9.9982E-05
9.9955E-05 9.9955E-05 9.9955E-05 0.152285 0.789356 9.9955E-05 0.0578598 9.9955E-05
0.0126911 0.0789992 9.9982E-05 9.9982E-05 0.774442 0.0139147 0.0309022 0.0888513
9.9964E-05 9.9964E-05 0.0217045 9.9964E-05 0.588509 0.342497 0.0468897 9.9964E-05
0.0864371 9.99549E-05 9.99549E-05 0.201808 0.711255 9.99549E-05 9.99549E-05 9.99549E-05
9.9982E-05 0.0155903 0.0461851 0.092196 0.685311 0.0471082 0.11341 9.9982E-05
0.282029 0.078107 9.9982E-05 9.9982E-05 0.150095 0.325231 0.0844227 0.0799161
9.9973E-05 0.0530315 9.9973E-05 0.0805971 0.61102 0.211994 9.9973E-05 0.0430582
9.9973E-05 0.020681 0.153004 9.9973E-05 0.66276 0.029617 0.133638 9.9973E-05
9.9964E-05 9.9964E-05 9.9964E-05 0.0114553 0.0667677 0.808131 0.113246 9.9964E-05
9.9973E-05 0.0308339 0.0761298 9.9973E-05 0.336954 0.396209 0.159574 9.9973E-05
9.9973E-05 0.0191202 9.9973E-05 0.345153 0.588775 0.012341 0.0343106 9.9973E-05
9.9973E-05 0.0179921 0.0711906 9.9973E-05 0.868568 0.0244882 0.0174616 9.9973E-05
0.100853 9.9955E-05 9.9955E-05 0.474854 0.423794 9.9955E-05 9.9955E-05 9.9955E-05
9.99549E-05 9.99549E-05 9.99549E-05 9.99549E-05 0.14792 0.626881 0.224699 9.99549E-05
0.093724 0.0500098 9.9973E-05 9.9973E-05 0.449405 0.365706 0.0408553 9.9973E-05
0.0636883 9.99549E-05 9.99549E-05 0.31975 0.616062 9.99549E-05 9.99549E-05 9.99549E-05
0.263223 0.0444188 0.0136839 9.9973E-05 9.9973E-05 0.397833 0.280542 9.9973E-05
0.375222 9.9955E-05 9.9955E-05 9.9955E-05 9.9955E-05 0.571496 9.9955E-05 0.0527822
0.0953728 0.0680272 0.0315381 0.362669 0.376676 9.9982E-05 9.9982E-05 0.0655171
0.653324 0.00893715 0.130149 0.141777 0.0351501 9.9982E-05 9.9982E-05 0.0304635
0.172832 9.9982E-05 9.9982E-05 0.0054779 0.000656567 0.652815 0.0342621 0.133756
0.395056 9.99549E-05 9.99549E-05 9.99549E-05 9.99549E-05 0.251654 0.352789 9.99549E-05
0.278283 0.0620473 9.9964E-05 9.9964E-05 9.9964E-05 0.393477 0.265792 9.9964E-05
0.295873 9.9946E-05 9.9946E-05 0.703528 9.9946E-05 9.9946E-05 9.9946E-05 9.9946E-05
0.424854 0.0184378 9.9973E-05 0.00144045 0.539811 9.9973E-05 9.9973E-05 0.015157
0.2219 0.0634584 0.37028 9.99729E-05 0.0404658 0.303596 9.99729E-05 9.99729E-05
0.318953 9.996E-05 0.00521307 9.996E-05 9.996E-05 0.594458 0.0809754 9.996E-05
0.250709 9.99639E-05 0.115622 0.524332 0.108937 9.99639E-05 9.99639E-05 9.99639E-05
0.256649 9.9964E-05 9.9964E-05 9.9964E-05 0.579427 0.10498 9.9964E-05 0.0585447
0.301268 0.015032 9.9973E-05 9.9973E-05 0.603913 0.0541517 9.9973E-05 0.0253356
0.440333 9.99639E-05 0.386016 9.99639E-05 9.99639E-05 0.158521 9.99639E-05 0.0147299
0.0261944 9.9973E-05 0.230684 0.055925 0.679367 0.00752945 9.9973E-05 9.9973E-05
9.99639E-05 0.0559035 0.0881054 9.99639E-05 0.283068 0.572523 9.99639E-05 9.99639E-05
0.292659 0.0171144 0.112863 9.99729E-05 0.157969 0.419094 9.99729E-05 9.99729E-05
0.278111 9.996E-05 9.996E-05 9.996E-05 9.996E-05 0.434366 0.256319 0.0308036
0.372028 0.131067 9.99729E-05 0.123106 0.346335 9.99729E-05 9.99729E-05 0.0271648
0.258083 0.0484402 9.99729E-05 9.99729E-05 0.0164119 0.510829 0.165936 9.99729E-05
0.187412 9.99639E-05 9.99639E-05 9.99639E-05 0.118503 0.180673 0.513012 9.99639E-05
0.213226 9.99549E-05 9.99549E-05 0.337344 0.448931 9.99549E-05 9.99549E-05 9.99549E-05
0.026457 9.9964E-05 9.9964E-05 0.05355 0.59152 0.328073 9.9964E-05 9.9964E-05
0.163954 0.0680315 9.9964E-05 0.00795003 0.759665 9.9964E-05 9.9964E-05 9.9964E-05
0.0712275 0.00817156 9.9973E-05 9.9973E-05 9.9973E-05 0.52447 0.358364 0.0374672
0.00451929 0.201794 0.045488 0.0429051 0.121205 0.090492 0.423898 0.0696986
0.0358688 0.0995442 9.9973E-05 9.9973E-05 0.161083 0.462268 0.240936 9.9973E-05
0.175115 9.9955E-05 9.9955E-05 0.275265 0.549121 9.9955E-05 9.9955E-05 9.9955E-05
0.0235307 0.0558981 0.00146004 9.9982E-05 0.287905 0.32319 0.307816 9.9982E-05
0.068557 0.0415883 0.0676794 9.9982E-05 0.129276 0.420757 0.271943 9.9982E-05
0.0263407 0.00438868 0.0865124 9.9982E-05 0.0499602 0.537012 0.295586 9.9982E-05
9.9955E-05 9.9955E-05 0.0414683 0.265961 0.69207 9.9955E-05 9.9955E-05 9.9955E-05
0.102722 0.00564805 0.010404 9.9982E-05 0.597427 0.27427 9.9982E-05 0.00932851
0.00177764 9.9982E-05 9.9982E-05 0.0771759 0.0689544 0.592295 0.199853 0.0597441
0.196729 0.0599383 9.9973E-05 0.161221 0.463262 9.9973E-05 0.11855 9.9973E-05
0.0113233 0.0196997 0.0402841 9.9982E-05 0.0820771 0.441108 0.405308 9.9982E-05
9.9973E-05 9.9973E-05 0.0673906 0.237918 0.226267 0.0656986 0.402426 9.9973E-05
0.132993 0.0608754 0.056059 9.9991E-05 0.491794 0.105083 0.147431 0.00566479
0.0510882 9.9964E-05 9.9964E-05 0.435472 0.510453 9.9964E-05 0.00258664 9.9964E-05
0.186364 0.0267935 9.9982E-05 9.9982E-05 0.509213 0.186502 0.0810912 0.00983663
0.213864 0.00624692 0.269708 0.171904 0.235359 0.0616615 9.999E-05 0.0411561
0.0952146 9.9973E-05 0.139688 0.636374 0.103677 0.0247476 9.9973E-05 9.9973E-05
0.131831 0.052276 0.109574 9.99729E-05 0.597731 0.108288 9.99729E-05 9.99729E-05
0.0331433 9.99549E-05 0.443286 9.99549E-05 0.523071 9.99549E-05 9.99549E-05 9.99549E-05
0.21177 9.997E-05 0.028449 0.0426116 0.495333 0.221536 9.997E-05 9.997E-05
0.155135 9.9973E-05 0.0568486 9.9973E-05 0.0939734 0.454249 0.239494 9.9973E-05
0.366012 9.99639E-05 0.0426347 0.580985 9.99639E-05 9.99639E-05 9.99639E-05 0.00996843
0.319521 9.9964E-05 9.9964E-05 0.0758981 9.9964E-05 9.9964E-05 0.569142 0.0350399
9.99729E-05 0.0139828 0.361229 9.99729E-05 0.119773 0.309774 0.194941 9.99729E-05
9.9964E-05 9.9964E-05 0.129853 0.206034 9.9964E-05 0.622345 9.9964E-05 0.0413675
9.99639E-05 9.99639E-05 0.242147 0.580385 0.0959649 0.0811036 9.99639E-05 9.99639E-05
0.0202074 9.99639E-05 0.106705 0.656282 0.216407 9.99639E-05 9.99639E-05 9.99639E-05
0.206968 9.9973E-05 9.9973E-05 9.9973E-05 0.094243 0.348928 0.325605 0.0239565
0.0425571 0.0631202 0.0583433 9.9982E-05 0.665326 0.158552 9.9982E-05 0.011902
0.135164 0.00695945 0.360636 0.0199831 0.306744 0.147935 9.9991E-05 0.0224786
9.99549E-05 9.99549E-05 0.123295 0.742118 0.134087 9.99549E-05 9.99549E-05 9.99549E-05
0.21726 9.9973E-05 0.392306 0.133681 9.9973E-05 0.255723 9.9973E-05 0.00072984
0.286354 9.9982E-05 0.165933 0.0651067 9.9982E-05 0.195629 0.232522 0.054256
0.0259674 0.000971935 9.9991E-05 0.0125395 0.0790984 0.79391 0.0720832 0.0153296
9.9964E-05 0.00178144 0.188716 9.9964E-05 0.00205031 0.807053 9.9964E-05 9.9964E-05
0.0249657 9.9982E-05 0.357344 0.146115 0.0281544 0.158339 0.284882 9.9982E-05
9.9964E-05 9.9964E-05 9.9964E-05 0.192354 0.719172 9.9964E-05 0.0673551 0.0207195
9.9973E-05 0.0177087 0.0579416 9.9973E-05 0.184583 0.443285 0.296181 9.9973E-05
9.9964E-05 9.9964E-05 0.0402556 0.122752 0.734639 9.9964E-05 0.101954 9.9964E-05
0.0480363 0.0137586 0.184359 9.9982E-05 0.645001 0.0378226 0.0708221 9.9982E-05
0.0755421 0.0298492 9.9973E-05 9.9973E-05 0.166219 0.43266 0.29543 9.9973E-05
9.9964E-05 9.9964E-05 9.9964E-05 0.442578 0.511504 9.9964E-05 0.0352907 0.0102278
0.012743 0.00122884 0.357035 0.441782 0.0924229 0.0945885 9.9982E-05 9.9982E-05
0.142531 9.99729E-05 0.0233824 0.150706 0.651654 0.0314263 9.99729E-05 9.99729E-05
0.0826438 9.9973E-05 0.124482 0.163708 9.9973E-05 0.545831 9.9973E-05 0.0830352
0.273388 9.9982E-05 0.124845 0.134108 0.0959832 0.310231 9.9982E-05 0.0612454
0.140743 0.00648473 9.9982E-05 0.0620087 0.198442 0.528855 9.9982E-05 0.0632664
9.99549E-05 9.99549E-05 9.99549E-05 0.751934 0.142851 0.104715 9.99549E-05 9.99549E-05
0.00381004 9.9973E-05 9.9973E-05 0.169597 0.0575681 0.19138 0.577345 9.9973E-05
0.0554473 0.174913 0.139409 0.131871 0.35445 0.0906668 9.999E-05 0.0531427
0.01785 0.0505521 0.125829 0.0519493 0.0168799 0.625685 0.0719614 0.0392936
9.9982E-05 9.9982E-05 0.0204173 0.13124 0.0195186 0.33484 0.459041 0.0347423
9.99549E-05 9.99549E-05 9.99549E-05 0.145634 9.99549E-05 0.80278 9.99549E-05 0.0510858
0.0205489 0.0063986 9.9973E-05 0.0707585 9.9973E-05 0.818692 9.9973E-05 0.0833016
9.9964E-05 0.0350474 9.9964E-05 0.204671 9.9964E-05 0.70331 9.9964E-05 0.0565719
9.9982E-05 0.0604333 0.153385 0.0567118 0.507141 0.128026 9.9982E-05 0.094103
0.124614 0.0633323 0.054499 0.0594886 0.671402 9.9982E-05 9.9982E-05 0.0264643
0.144529 0.0214239 9.9982E-05 0.154309 9.9982E-05 0.0867026 0.582028 0.0108066
0.0103704 9.9973E-05 0.215126 0.295283 9.9973E-05 0.473873 9.9973E-05 0.00504759
0.190301 0.0522755 0.20222 0.225072 0.229917 0.0211514 0.00861891 0.0704447
0.116487 9.9973E-05 0.00776655 0.831735 9.9973E-05 0.00915155 9.9973E-05 0.0345604
9.9946E-05 9.9946E-05 9.9946E-05 0.382719 0.616682 9.9946E-05 9.9946E-05 9.9946E-05
0.0199188 0.00166281 0.00149344 0.815931 0.0852217 0.0755723 9.9982E-05 9.9982E-05
