0.106064 0.131518 0.355786 9.9982E-05 0.406432 9.9982E-05
9.9982E-05 0.103328 0.429949 0.012134 0.45439 9.9982E-05
0.0285912 9.9982E-05 9.9982E-05 0.0317046 0.820399 0.119106
0.0737657 0.126064 0.677898 9.9991E-05 0.0755666 0.0466052
0.0109263 0.276022 0.66223 0.0506215 9.9982E-05 9.9982E-05
0.0418076 0.0389087 0.197381 0.0815343 0.535509 0.10486
9.9973E-05 9.9973E-05 9.9973E-05 0.000516308 0.862645 0.136539
9.9982E-05 9.9982E-05 0.179947 0.101847 0.695077 0.0229294
0.0561787 9.9982E-05 0.583784 0.0322008 0.327636 9.9982E-05
0.113464 9.9982E-05 0.0205301 9.9982E-05 0.253362 0.612444
0.0355029 0.118337 0.618595 9.9982E-05 0.227365 9.9982E-05
0.0207056 9.9982E-05 0.812455 9.9982E-05 0.0917748 0.0748643
0.0549791 0.347929 0.278294 0.0606574 0.212917 0.0452233
0.0410734 9.9982E-05 0.0115142 9.9982E-05 0.814761 0.132451
9.9973E-05 9.9973E-05 0.823733 9.9973E-05 0.163195 0.0127714
0.0239318 0.0940537 9.9991E-05 0.0353183 0.451451 0.395146
9.9982E-05 0.0339643 0.0188159 9.9982E-05 0.846098 0.100922
9.9973E-05 0.0320843 0.0391852 9.9973E-05 0.928431 9.9973E-05
0.000144116 0.0840201 0.55523 9.9982E-05 0.360406 9.9982E-05
0.872566 0.0614878 0.0656463 9.9973E-05 9.9973E-05 9.9973E-05
0.917152 0.0464766 0.0360718 9.9973E-05 9.9973E-05 9.9973E-05
0.920491 0.0791095 9.99639E-05 9.99639E-05 9.99639E-05 9.99639E-05
0.752059 0.0196687 0.227972 9.9973E-05 9.9973E-05 9.9973E-05
0.771053 9.99639E-05 0.228547 9.99639E-05 9.99639E-05 9.99639E-05
0.46771 9.99819E-05 9.99819E-05 0.197296 0.270466 0.0643278
0.465466 9.99729E-05 0.392871 0.141363 9.99729E-05 9.99729E-05
0.223006 9.9973E-05 9.9973E-05 0.283297 9.9973E-05 0.493397
0.403496 0.168251 0.317018 0.111034 9.9982E-05 9.9982E-05
0.887241 0.0892731 9.99819E-05 9.99819E-05 0.00746883 0.0158171
0.918301 9.9964E-05 0.0812993 9.9964E-05 9.9964E-05 9.9964E-05
0.672123 9.9982E-05 0.0312817 9.9982E-05 0.098609 0.197786
0.272854 0.112418 9.9991E-05 0.467133 0.09672 0.0507753
0.633136 9.99729E-05 9.99729E-05 9.99729E-05 0.0447621 0.321802
0.693676 9.99729E-05 9.99729E-05 0.0115386 0.294486 9.99729E-05
0.904816 9.9964E-05 0.0947846 9.9964E-05 9.9964E-05 9.9964E-05
0.786395 9.99639E-05 0.213205 9.99639E-05 9.99639E-05 9.99639E-05
0.790185 9.9973E-05 0.138727 9.9973E-05 9.9973E-05 0.070788
0.767062 9.9964E-05 0.232538 9.9964E-05 9.9964E-05 9.9964E-05
9.99729E-05 0.0321285 0.134266 0.833306 9.99729E-05 9.99729E-05
9.9973E-05 0.164517 9.9973E-05 0.700198 9.9973E-05 0.134985
0.0594943 9.9973E-05 9.9973E-05 0.471699 9.9973E-05 0.468506
0.0918037 0.110436 0.209765 0.523021 9.9991E-05 0.0648743
0.313522 0.0356598 9.9982E-05 0.563319 0.0872996 9.9982E-05
0.0894576 9.9982E-05 9.9982E-05 0.577503 0.15119 0.18165
0.140703 9.9973E-05 0.547237 0.31176 9.9973E-05 9.9973E-05
9.99639E-05 9.99639E-05 0.426431 0.573169 9.99639E-05 9.99639E-05
0.163075 9.9982E-05 9.9982E-05 0.436025 0.135699 0.265
9.99729E-05 0.0531861 0.118984 0.82753 9.99729E-05 9.99729E-05
9.9973E-05 0.187278 9.9973E-05 0.357728 9.9973E-05 0.454694
9.9964E-05 9.9964E-05 0.285829 0.713771 9.9964E-05 9.9964E-05
9.9973E-05 0.149172 9.9973E-05 0.731454 9.9973E-05 0.119074
0.139514 0.160568 0.183781 0.515937 9.9982E-05 9.9982E-05
0.167157 9.99729E-05 0.399536 0.433007 9.99729E-05 9.99729E-05
0.0104342 9.9982E-05 0.385392 0.513042 0.0909315 9.9982E-05
0.149859 0.020716 0.448343 0.380882 9.9982E-05 9.9982E-05
0.572969 9.9973E-05 0.39458 0.0321503 9.9973E-05 9.9973E-05
9.99819E-05 0.0914992 9.99819E-05 0.795834 0.0230347 0.089432
0.139084 0.130885 0.035983 0.60382 9.9991E-05 0.090127
9.99729E-05 0.11373 9.99729E-05 0.701775 9.99729E-05 0.184196
9.99639E-05 9.99639E-05 0.247382 0.752219 9.99639E-05 9.99639E-05
0.0643013 9.99729E-05 0.253648 0.68175 9.99729E-05 9.99729E-05
9.99639E-05 9.99639E-05 0.321791 0.67781 9.99639E-05 9.99639E-05
0.0616029 0.139638 9.9991E-05 0.560022 0.145611 0.0930263
0.101251 9.9973E-05 0.372559 0.52589 9.9973E-05 9.9973E-05
9.9973E-05 9.9973E-05 9.9973E-05 0.495442 0.321491 0.182768
0.206864 9.99819E-05 0.364229 0.354335 0.074372 9.99819E-05
9.9964E-05 9.9964E-05 0.377868 0.621732 9.9964E-05 9.9964E-05
9.9964E-05 9.9964E-05 0.408186 0.591415 9.9964E-05 9.9964E-05
0.211085 9.99819E-05 0.157025 0.422333 0.209358 9.99819E-05
0.418078 0.040127 0.0138464 0.357188 0.170661 9.9991E-05
0.255984 0.10639 9.9982E-05 0.310625 9.9982E-05 0.326801
9.9973E-05 9.9973E-05 9.9973E-05 0.596871 0.103207 0.299622
0.742164 9.9964E-05 0.257437 9.9964E-05 9.9964E-05 9.9964E-05
9.99819E-05 0.0216239 9.99819E-05 0.689994 0.110681 0.177501
0.0469235 9.99729E-05 0.326482 0.626295 9.99729E-05 9.99729E-05
0.299065 9.9973E-05 0.433606 0.26703 9.9973E-05 9.9973E-05
0.760593 9.99729E-05 9.99729E-05 9.99729E-05 0.0911492 0.147958
0.205042 9.9982E-05 9.9982E-05 0.307796 0.0193442 0.467618
0.738522 9.9982E-05 9.9982E-05 0.0287467 0.177876 0.0546552
0.470891 0.187321 0.00603271 0.326855 9.9991E-05 0.00880022
0.15368 0.201581 9.9982E-05 0.295768 9.9982E-05 0.34877
0.276103 9.9973E-05 0.266061 0.457537 9.9973E-05 9.9973E-05
0.0247691 0.0550193 0.149217 0.754941 9.9991E-05 0.0159541
0.176737 0.038887 0.205132 0.502895 9.9991E-05 0.0762489
9.99729E-05 9.99729E-05 9.99729E-05 0.690599 0.0315227 0.277578
0.123117 0.143015 0.127144 0.606524 9.9982E-05 9.9982E-05
9.99639E-05 9.99639E-05 0.396566 0.603034 9.99639E-05 9.99639E-05
0.418796 9.99729E-05 9.99729E-05 0.176892 0.404012 9.99729E-05
9.9973E-05 9.9973E-05 9.9973E-05 0.549129 0.273696 0.176875
0.427086 9.9982E-05 0.256701 0.192497 0.123516 9.9982E-05
0.000652998 9.9982E-05 9.9982E-05 0.597603 0.389034 0.0125096
0.0521608 9.9973E-05 9.9973E-05 0.51769 0.42985 9.9973E-05
0.174726 9.9973E-05 0.468063 0.356911 9.9973E-05 9.9973E-05
9.9973E-05 9.9973E-05 0.0167313 0.656022 0.326946 9.9973E-05
0.173335 9.9982E-05 0.0231205 0.457556 0.345788 9.9982E-05
9.9973E-05 0.693154 9.9973E-05 0.049413 9.9973E-05 0.257134
0.0447405 0.664354 9.9991E-05 0.113248 0.0730382 0.104519
0.0343706 0.846186 0.0690312 0.050212 9.9982E-05 9.9982E-05
9.9982E-05 0.442092 0.374089 0.0147243 0.168895 9.9982E-05
0.00193364 0.680516 9.9982E-05 9.9982E-05 0.010706 0.306644
0.017504 0.225861 0.316796 9.9982E-05 0.439639 9.9982E-05
9.99729E-05 0.401017 9.99729E-05 9.99729E-05 0.542965 0.0557185
9.9982E-05 0.815232 9.9982E-05 0.0285709 0.00553771 0.150459
0.0865058 0.676182 9.9973E-05 9.9973E-05 0.237012 9.9973E-05
0.0860723 0.612797 0.300831 9.9973E-05 9.9973E-05 9.9973E-05
9.9964E-05 0.425409 9.9964E-05 9.9964E-05 9.9964E-05 0.574191
0.0384449 0.49248 0.414547 0.00129483 9.9991E-05 0.0531329
9.9982E-05 0.775566 9.9982E-05 0.0244893 0.137795 0.0619492
9.9982E-05 0.555754 0.146415 0.0533072 0.244324 9.9982E-05
0.120454 0.709566 0.0339865 9.9991E-05 0.0578288 0.0780646
0.0424019 0.288201 9.9982E-05 9.9982E-05 0.595813 0.0733845
9.99729E-05 0.411301 0.518678 0.0697212 9.99729E-05 9.99729E-05
0.0853145 0.462256 0.45213 9.9973E-05 9.9973E-05 9.9973E-05
0.124391 0.592648 9.9991E-05 0.133196 0.0770864 0.0725788
9.9973E-05 0.638284 9.9973E-05 9.9973E-05 0.318938 0.0424775
0.106801 0.761682 0.113114 0.0182023 9.9982E-05 9.9982E-05
0.0463872 0.759654 0.193659 9.9973E-05 9.9973E-05 9.9973E-05
0.0547016 0.184951 0.558866 9.9982E-05 0.201282 9.9982E-05
0.0291784 9.9982E-05 0.206468 9.9982E-05 0.27526 0.488894
0.0310781 0.138747 0.595864 0.0351901 0.126365 0.0727561
0.0406231 0.160001 0.0158974 9.9991E-05 0.58854 0.194839
9.9982E-05 0.0467877 9.9982E-05 0.0040494 0.016723 0.93224
9.99729E-05 0.103225 0.746767 9.99729E-05 0.149708 9.99729E-05
0.0913578 9.99729E-05 0.445908 9.99729E-05 9.99729E-05 0.462434
9.9982E-05 0.123828 0.208906 0.115853 0.551213 9.9982E-05
0.133949 9.9973E-05 0.474298 9.9973E-05 9.9973E-05 0.391453
9.9973E-05 9.9973E-05 0.0269391 9.9973E-05 0.408684 0.564077
9.9991E-05 0.143162 0.709959 0.0652265 0.0292594 0.0522938
0.118338 9.9973E-05 0.574149 9.9973E-05 9.9973E-05 0.307213
9.9982E-05 0.0204083 9.9982E-05 0.0340809 0.0608195 0.884491
9.9973E-05 0.119104 0.784651 9.9973E-05 0.0959454 9.9973E-05
0.0908664 9.9973E-05 0.710736 9.9973E-05 9.9973E-05 0.198097
0.0183436 0.0538817 0.616697 9.9982E-05 0.310878 9.9982E-05
9.9964E-05 9.9964E-05 0.0313465 9.9964E-05 9.9964E-05 0.968254
0.0453511 9.9991E-05 0.7475 0.015231 0.0189871 0.172831
9.9982E-05 0.208086 0.644254 0.0123656 0.135094 9.9982E-05
0.0552623 9.9982E-05 0.166619 9.9982E-05 0.754072 0.023847
0.124255 0.253924 0.376124 9.9991E-05 0.158845 0.0867518
0.103178 0.142784 0.507396 9.9991E-05 0.111806 0.134736
0.000602867 9.99729E-05 9.99729E-05 9.99729E-05 0.21955 0.779547
0.0850341 9.9991E-05 0.384319 0.0430022 0.454274 0.0332702
0.110172 9.9991E-05 0.302775 0.0225716 0.286445 0.277936
0.0841666 0.298475 9.9991E-05 0.0541464 0.266495 0.296617
0.0788318 0.144444 0.542825 0.0675834 0.139844 0.0264717
0.0786327 0.459314 0.223891 0.0762359 9.9991E-05 0.161826
0.0467467 0.197605 9.9991E-05 0.0235741 0.0348211 0.697153
0.106672 0.155908 0.0501248 0.0138961 0.450094 0.223306
0.0347573 0.189877 9.9991E-05 0.0182196 0.490877 0.266169
0.112679 0.152024 0.428741 9.9982E-05 9.9982E-05 0.306356
9.99729E-05 0.112151 9.99729E-05 9.99729E-05 0.372605 0.514944
9.9973E-05 0.0941274 0.716478 9.9973E-05 0.189095 9.9973E-05
9.99729E-05 0.187681 9.99729E-05 9.99729E-05 0.362972 0.449047
0.106141 0.125059 0.409481 9.9982E-05 9.9982E-05 0.359118
0.0304573 0.229777 0.580368 9.9982E-05 9.9982E-05 0.159197
0.0925992 0.332679 0.288756 0.115463 0.0625616 0.107941
9.9982E-05 0.257472 0.196479 0.0555394 0.490309 9.9982E-05
0.141466 0.364717 0.179675 0.00320619 0.149454 0.161482
0.064409 0.389534 0.384124 9.9991E-05 0.0441671 0.117666
9.9973E-05 0.297347 9.9973E-05 9.9973E-05 0.138977 0.563376
0.00753284 0.178893 0.0168523 9.9982E-05 9.9982E-05 0.796522
9.9973E-05 9.9973E-05 9.9973E-05 0.0523881 0.717186 0.230126
0.0333579 0.142244 9.9991E-05 0.0542789 0.137235 0.632784
9.9982E-05 0.355124 0.0168725 9.9982E-05 0.000313748 0.62749
0.0440322 9.9991E-05 0.0114155 0.110897 0.562576 0.27098
9.99729E-05 9.99729E-05 0.0798147 9.99729E-05 0.662901 0.256984
0.0651738 9.9982E-05 0.793178 0.0234178 0.118031 9.9982E-05
0.0265019 9.9973E-05 0.731437 9.9973E-05 0.241761 9.9973E-05
0.041312 9.9973E-05 0.117424 9.9973E-05 0.840964 9.9973E-05
9.99729E-05 0.0130959 0.731496 9.99729E-05 0.255108 9.99729E-05
9.9973E-05 0.0762795 0.793484 9.9973E-05 0.129937 9.9973E-05
0.137826 0.0801799 0.613101 9.9982E-05 0.168694 9.9982E-05
9.9973E-05 0.032963 0.75892 9.9973E-05 0.207817 9.9973E-05
0.0314761 9.9982E-05 0.0371894 9.9982E-05 0.788468 0.142666
9.9964E-05 9.9964E-05 9.9964E-05 9.9964E-05 0.354199 0.645402
9.9982E-05 0.068416 0.442681 0.0612319 0.427471 9.9982E-05
0.000411704 0.0381644 9.9991E-05 0.0178578 0.846379 0.0970866
0.103643 9.9991E-05 0.0192393 0.0716155 0.789433 0.0159686
9.9973E-05 0.0507578 0.293008 9.9973E-05 0.655934 9.9973E-05
9.9964E-05 9.9964E-05 9.9964E-05 9.9964E-05 0.749277 0.250323
9.9991E-05 0.0908277 0.113522 0.0397968 0.713665 0.0420884
0.15622 9.9991E-05 0.472136 0.064903 0.288636 0.0180052
0.0373754 9.9991E-05 0.128408 0.0628074 0.728102 0.0432072
9.9982E-05 0.134631 0.143051 0.0318718 0.690247 9.9982E-05
9.9973E-05 0.0623815 0.727249 9.9973E-05 0.210069 9.9973E-05
9.9982E-05 0.0776498 0.477517 0.0225113 0.422122 9.9982E-05
9.9973E-05 9.9973E-05 9.9973E-05 0.0649991 0.651426 0.283275
9.9982E-05 0.0521607 0.00128309 0.0266144 0.919742 9.9982E-05
9.9964E-05 9.9964E-05 9.9964E-05 9.9964E-05 0.473081 0.526519
9.99729E-05 0.0367006 0.75137 9.99729E-05 0.21163 9.99729E-05
0.0296984 9.9982E-05 0.374188 0.0326014 0.563312 9.9982E-05
9.9973E-05 9.9973E-05 9.9973E-05 0.0159611 0.634617 0.349122
0.02924 0.0638971 0.75588 0.074244 9.9991E-05 0.0766389
0.0949945 9.9991E-05 0.612966 0.00795131 0.0196051 0.264383
0.0705807 0.0990669 9.9991E-05 0.072066 0.417075 0.341111
0.136751 0.107392 0.133978 0.0116207 0.111694 0.498564
0.156018 9.9982E-05 0.613128 9.9982E-05 0.122019 0.108635
0.0777528 9.9973E-05 0.788195 9.9973E-05 9.9973E-05 0.133752
0.0249313 9.9982E-05 0.796461 0.0894543 9.9982E-05 0.0889539
0.054158 0.0391048 0.0358213 9.9982E-05 9.9982E-05 0.870716
0.0813159 9.9991E-05 0.00866808 0.00400514 0.64443 0.261481
0.0589164 0.361242 0.306341 0.0514001 0.222 9.9991E-05
0.0170585 0.037843 0.724001 9.9991E-05 0.115598 0.105399
0.0176774 0.238833 9.9991E-05 0.0150644 0.142764 0.585562
0.0918557 9.9982E-05 0.138999 9.9982E-05 0.678681 0.0902649
0.0739921 9.9991E-05 0.107549 0.00780136 0.696751 0.113807
0.101157 0.395316 0.268888 9.9991E-05 0.0595993 0.174939
9.9973E-05 0.241123 9.9973E-05 9.9973E-05 0.723724 0.0348525
9.9982E-05 0.11626 0.431257 0.040903 0.41138 9.9982E-05
0.0373676 0.113952 0.41158 0.0265197 0.399781 0.0107997
0.0892225 9.9973E-05 0.748325 9.9973E-05 9.9973E-05 0.162152
0.0670279 9.9991E-05 0.0103215 0.148471 0.431423 0.342657
9.9982E-05 9.9982E-05 0.733065 0.0661442 0.100137 0.100454
9.9991E-05 0.0328166 0.734637 0.021807 0.134313 0.076327
9.9964E-05 9.9964E-05 9.9964E-05 9.9964E-05 0.503632 0.495968
9.9973E-05 9.9973E-05 0.235018 9.9973E-05 0.706207 0.058475
9.9973E-05 9.9973E-05 9.9973E-05 0.0806012 0.794844 0.124255
0.0682101 9.9991E-05 0.829645 0.0230425 0.0743005 0.00470217
0.0998474 0.0791555 0.479977 0.221491 0.0774372 0.0420916
9.9973E-05 9.9973E-05 0.66721 0.105599 0.226891 9.9973E-05
0.00333072 9.9973E-05 9.9973E-05 9.9973E-05 0.58588 0.410489
9.9982E-05 0.010919 0.596798 0.0533815 0.338702 9.9982E-05
0.0277506 0.0886478 0.659221 0.0459322 0.178348 9.9991E-05
9.9982E-05 0.135778 0.75936 0.0224543 0.0822073 9.9982E-05
9.9973E-05 0.101551 9.9973E-05 9.9973E-05 0.681758 0.216391
0.0280169 0.000774647 0.220135 9.9982E-05 0.750873 9.9982E-05
0.0651756 9.9982E-05 0.679083 9.9982E-05 0.196628 0.0589128
9.9991E-05 0.00290247 0.166305 0.0980173 0.465009 0.267667
0.00621573 0.0848454 0.760718 0.038702 0.109419 9.9991E-05
9.9982E-05 0.216059 0.382193 9.9982E-05 0.229192 0.172355
0.0365274 0.0381249 0.320428 0.079097 0.525722 9.9991E-05
9.9964E-05 9.9964E-05 9.9964E-05 9.9964E-05 0.522411 0.477189
0.0675525 9.9982E-05 0.29595 0.0105643 0.625733 9.9982E-05
0.0688145 0.319844 0.0477936 9.9991E-05 0.324681 0.238767
9.9973E-05 0.301766 9.9973E-05 9.9973E-05 0.163336 0.534597
9.9982E-05 0.109818 0.131127 0.05098 0.707875 9.9982E-05
9.9973E-05 0.410472 9.9973E-05 0.0100431 0.579185 9.9973E-05
0.012472 0.0418216 0.197689 9.9991E-05 0.603513 0.144405
0.0242164 0.105211 0.652055 9.9991E-05 0.192063 0.0263551
0.0635999 0.137652 9.9982E-05 9.9982E-05 0.097001 0.701547
0.135748 9.9982E-05 0.6244 0.00768722 9.9982E-05 0.231964
0.0169633 0.345422 0.453358 0.00920691 0.17495 9.9991E-05
0.0538208 0.310331 0.47727 9.9991E-05 0.0392371 0.119241
9.9973E-05 0.448313 9.9973E-05 9.9973E-05 0.142688 0.408699
9.9973E-05 0.22778 9.9973E-05 9.9973E-05 0.206973 0.564947
0.0820938 9.9982E-05 0.68282 9.9982E-05 0.149227 0.0856593
0.0309096 0.0517081 0.0883848 0.0519244 0.776973 9.9991E-05
0.0443879 0.352719 0.115458 0.0151583 0.423279 0.0489987
9.9973E-05 0.272519 9.9973E-05 9.9973E-05 0.11228 0.614901
0.0505395 0.511927 0.249431 9.9991E-05 0.0125629 0.17544
0.131019 0.204519 0.456076 9.9991E-05 0.0483714 0.159914
0.0116774 0.026741 0.731014 9.9982E-05 0.230368 9.9982E-05
9.9973E-05 0.257805 0.571353 9.9973E-05 0.170542 9.9973E-05
0.0356333 0.468373 0.368699 9.9991E-05 0.0498919 0.0773022
0.0427132 0.0432107 9.9982E-05 9.9982E-05 0.749855 0.164021
9.9982E-05 0.0936166 0.668825 0.00905353 0.228305 9.9982E-05
9.9973E-05 0.0853261 9.9973E-05 9.9973E-05 0.787037 0.127337
9.9982E-05 0.148567 0.134132 0.0281548 0.688946 9.9982E-05
0.0291907 9.9982E-05 0.700209 0.0277346 0.242665 9.9982E-05
0.0060294 0.00460002 9.9991E-05 0.0340588 0.554052 0.40116
9.9982E-05 0.503341 9.9982E-05 0.00502294 0.202062 0.289375
0.0116143 0.0512926 9.9982E-05 9.9982E-05 0.756151 0.180742
0.111219 0.296982 0.420462 9.9982E-05 9.9982E-05 0.171138
0.122117 0.184882 0.206932 9.9991E-05 0.286666 0.199302
0.0883492 0.0269986 0.419987 9.9991E-05 0.365858 0.0987073
9.9982E-05 0.153564 9.9982E-05 0.0226487 0.305755 0.517832
0.0454484 0.0627 0.685102 0.0273008 0.0879663 0.0914828
0.0679813 0.177563 0.0239718 0.171786 0.459919 0.0987785
0.0437195 0.194995 0.563988 0.0336563 0.163542 9.9991E-05
0.102733 0.135456 0.648877 0.0138973 0.087086 0.0119504
0.0497587 0.164051 0.589503 9.9991E-05 0.138891 0.057696
0.0813855 0.0509747 0.633069 0.0165239 0.199334 0.018713
0.0620006 0.0905623 0.52387 0.0884758 0.114532 0.12056
0.113819 0.166278 9.9982E-05 0.0536136 0.666089 9.9982E-05
0.0338581 0.057579 9.9991E-05 0.0713184 0.718453 0.118691
0.075199 0.0769839 0.632313 0.01929 9.9991E-05 0.196114
0.0106953 0.422515 0.382744 9.9982E-05 9.9982E-05 0.183845
0.104243 0.238202 0.0533573 0.0607167 0.297282 0.2462
0.0221087 0.215851 9.9973E-05 9.9973E-05 9.9973E-05 0.76174
9.9964E-05 9.9964E-05 9.9964E-05 9.9964E-05 0.656482 0.343118
9.9982E-05 0.203606 9.9982E-05 0.00663481 0.136939 0.65262
