9.9955E-05 0.100288 0.0465376 0.455638 9.9955E-05 9.9955E-05 0.0261863 0.370851 9.9955E-05 9.9955E-05
9.99549E-05 0.07546 9.99549E-05 0.218815 9.99549E-05 0.0643577 0.175245 0.465623 9.99549E-05 9.99549E-05
0.00364992 9.99729E-05 0.0419694 9.99729E-05 0.0739026 0.0330677 0.833301 9.99729E-05 0.00571939 0.00809051
9.9964E-05 9.9964E-05 0.0796624 0.23231 0.0669822 0.0319602 9.9964E-05 0.5395 0.0491854 9.9964E-05
9.99729E-05 0.0167159 0.00222703 9.99729E-05 0.116483 0.132236 9.99729E-05 0.422128 0.238207 0.071703
9.99639E-05 0.00519734 9.99639E-05 0.454197 0.18901 9.99639E-05 0.23898 0.0396574 9.99639E-05 0.072558
0.102519 9.99459E-05 9.99459E-05 0.179944 9.99459E-05 9.99459E-05 0.647005 0.0699317 9.99459E-05 9.99459E-05
9.9964E-05 0.132825 9.9964E-05 0.27973 0.116466 9.9964E-05 0.402637 0.0600106 9.9964E-05 0.00793088
9.9973E-05 0.0701609 0.0284144 0.251264 0.0994725 9.9973E-05 0.0433414 0.475032 9.9973E-05 0.0320148
0.351152 9.99549E-05 0.0585113 0.0707509 0.284747 9.99549E-05 0.234339 9.99549E-05 9.99549E-05 9.99549E-05
9.99729E-05 0.00240967 0.00720041 0.160755 0.0760725 0.384819 0.0526088 0.315835 9.99729E-05 9.99729E-05
9.99549E-05 0.0967225 9.99549E-05 0.0546761 0.282423 0.0657878 9.99549E-05 0.49989 9.99549E-05 9.99549E-05
0.00678875 9.9991E-05 0.0328498 0.0927153 0.048442 0.0618886 0.241692 0.171593 0.279296 0.0646348
9.9937E-05 9.9937E-05 9.9937E-05 0.378397 0.107018 9.9937E-05 0.513885 9.9937E-05 9.9937E-05 9.9937E-05
9.99549E-05 0.0651104 9.99549E-05 0.0107952 0.087248 0.412776 9.99549E-05 0.42357 9.99549E-05 9.99549E-05
0.341601 9.99639E-05 0.033488 0.148254 0.000420267 9.99639E-05 0.426329 9.99639E-05 9.99639E-05 0.0495082
0.035971 9.99459E-05 9.99459E-05 0.307897 9.99459E-05 9.99459E-05 0.579718 0.0758141 9.99459E-05 9.99459E-05
9.99459E-05 9.99459E-05 9.99459E-05 0.187728 9.99459E-05 0.012134 0.69944 0.100098 9.99459E-05 9.99459E-05
9.9964E-05 0.0261899 9.9964E-05 0.0736621 0.108887 9.9964E-05 0.183975 0.506336 0.10055 9.9964E-05
9.99369E-05 0.0439614 0.723867 9.99369E-05 9.99369E-05 0.231472 9.99369E-05 9.99369E-05 9.99369E-05 9.99369E-05
9.9928E-05 9.9928E-05 0.855851 9.9928E-05 9.9928E-05 9.9928E-05 9.9928E-05 9.9928E-05 0.14335 9.9928E-05
9.99278E-05 9.99278E-05 0.805986 0.193215 9.99278E-05 9.99278E-05 9.99278E-05 9.99278E-05 9.99278E-05 9.99278E-05
9.99549E-05 0.02545 0.679946 9.99549E-05 0.0395374 9.99549E-05 9.99549E-05 0.117534 0.137034 9.99549E-05
9.995E-05 0.032408 0.737788 9.995E-05 0.06748 0.0778703 9.995E-05 0.0839536 9.995E-05 9.995E-05
0.00721735 9.99549E-05 0.452681 0.0735897 9.99549E-05 9.99549E-05 0.279962 9.99549E-05 9.99549E-05 0.18605
9.996E-05 0.367104 0.333964 9.996E-05 0.0690264 0.170298 9.996E-05 0.0508051 9.996E-05 0.00840341
0.5383 9.99369E-05 0.25026 9.99369E-05 9.99369E-05 9.99369E-05 9.99369E-05 9.99369E-05 9.99369E-05 0.21074
9.9946E-05 0.370489 0.224642 9.9946E-05 9.9946E-05 0.252851 9.9946E-05 9.9946E-05 0.151418 9.9946E-05
0.00213596 9.99368E-05 0.791422 0.205742 9.99368E-05 9.99368E-05 9.99368E-05 9.99368E-05 9.99368E-05 9.99368E-05
9.99459E-05 9.99459E-05 0.895026 9.99459E-05 0.038128 0.0269681 9.99459E-05 0.0392786 9.99459E-05 9.99459E-05
0.208299 0.0164825 0.619175 9.9973E-05 0.00791534 9.9973E-05 0.106738 0.0306883 0.0104026 9.9973E-05
0.0930054 0.231485 0.156838 0.19233 9.99639E-05 9.99639E-05 9.99639E-05 9.99639E-05 0.0115344 0.314407
0.325163 9.99368E-05 0.598069 9.99368E-05 9.99368E-05 9.99368E-05 0.0760685 9.99368E-05 9.99368E-05 9.99368E-05
9.99459E-05 9.99459E-05 0.639725 0.112094 9.99459E-05 9.99459E-05 0.220851 9.99459E-05 9.99459E-05 0.0267305
9.99549E-05 9.99549E-05 0.838242 9.99549E-05 0.0767334 0.0210118 9.99549E-05 0.00491143 0.0586018 9.99549E-05
9.99459E-05 0.0150282 0.740223 9.99459E-05 9.99459E-05 0.221149 9.99459E-05 0.0230001 9.99459E-05 9.99459E-05
9.99279E-05 9.99279E-05 0.63535 9.99279E-05 9.99279E-05 0.36385 9.99279E-05 9.99279E-05 9.99279E-05 9.99279E-05
9.9946E-05 9.9946E-05 0.75694 9.9946E-05 0.0119982 9.9946E-05 9.9946E-05 0.204444 0.026019 9.9946E-05
9.99368E-05 9.99368E-05 9.99368E-05 0.124044 9.99368E-05 9.99368E-05 9.99368E-05 0.075912 9.99368E-05 0.799345
0.268002 9.9937E-05 9.9937E-05 9.9937E-05 9.9937E-05 9.9937E-05 9.9937E-05 9.9937E-05 0.0451921 0.686107
0.444622 9.9946E-05 0.100579 9.9946E-05 9.9946E-05 9.9946E-05 0.0398692 9.9946E-05 9.9946E-05 0.41433
0.0630513 0.130755 0.0386646 9.9973E-05 0.0528085 9.9973E-05 9.9973E-05 0.0612329 0.235558 0.41763
9.99368E-05 9.99368E-05 0.231663 0.212229 9.99368E-05 9.99368E-05 9.99368E-05 9.99368E-05 9.99368E-05 0.555408
0.0920609 9.9955E-05 0.104668 9.9955E-05 0.0186937 9.9955E-05 0.235616 9.9955E-05 9.9955E-05 0.548462
9.9964E-05 0.752533 0.0133612 9.9964E-05 0.0109585 0.0321762 9.9964E-05 0.177247 9.9964E-05 0.0133248
9.99459E-05 0.0949591 9.99459E-05 9.99459E-05 9.99459E-05 0.0313629 9.99459E-05 0.32685 9.99459E-05 0.546228
0.230416 9.99459E-05 0.170059 9.99459E-05 9.99459E-05 9.99459E-05 0.184008 9.99459E-05 9.99459E-05 0.414918
9.99369E-05 9.99369E-05 9.99369E-05 0.188269 9.99369E-05 0.0452879 9.99369E-05 9.99369E-05 9.99369E-05 0.765743
0.640157 9.9937E-05 9.9937E-05 9.9937E-05 9.9937E-05 9.9937E-05 9.9937E-05 9.9937E-05 0.014015 0.345128
9.9946E-05 0.184701 9.9946E-05 9.9946E-05 9.9946E-05 0.0798217 9.9946E-05 0.122957 9.9946E-05 0.611921
0.234217 9.99369E-05 9.99369E-05 9.99369E-05 9.99369E-05 9.99369E-05 9.99369E-05 9.99369E-05 0.0731448 0.691938
9.9964E-05 9.9964E-05 0.0840823 9.9964E-05 0.0843695 0.038693 9.9964E-05 0.036842 0.252681 0.502933
9.99729E-05 0.179372 0.0967685 9.99729E-05 0.0985306 0.294694 0.000389561 0.0256025 9.99729E-05 0.304342
9.997E-05 0.0660478 0.000503842 9.997E-05 0.0513499 0.234253 0.0543933 0.135396 9.997E-05 0.457756
0.0353497 0.254547 0.0644601 9.9982E-05 0.0224641 0.016477 9.9982E-05 0.245288 0.10939 0.251824
9.9946E-05 0.241127 0.451848 9.9946E-05 0.075599 9.9946E-05 9.9946E-05 0.230826 9.9946E-05 9.9946E-05
0.0738798 9.99458E-05 9.99458E-05 0.128458 9.99458E-05 9.99458E-05 0.0333421 9.99458E-05 9.99458E-05 0.76372
0.060211 0.0977606 0.0502884 9.9973E-05 0.0488366 0.103905 9.9973E-05 9.9973E-05 0.142045 0.496654
0.24901 9.99369E-05 9.99369E-05 0.0719537 9.99369E-05 9.99369E-05 9.99369E-05 9.99369E-05 9.99369E-05 0.678337
9.99549E-05 0.074744 9.99549E-05 9.99549E-05 9.99549E-05 0.166152 9.99549E-05 0.068957 0.00602851 0.683619
9.996E-05 0.159068 0.0148828 0.0859463 9.996E-05 0.0952089 9.996E-05 0.0604055 9.996E-05 0.584089
9.99459E-05 0.113978 9.99459E-05 9.99459E-05 9.99459E-05 0.0817553 9.99459E-05 0.18949 9.99459E-05 0.614177
0.191414 0.253409 9.99639E-05 0.0332142 9.99639E-05 9.99639E-05 0.120762 9.99639E-05 0.034704 0.366097
9.996E-05 0.0632456 0.0994388 9.996E-05 0.0668739 9.996E-05 9.996E-05 0.203954 0.0907492 0.475338
0.0630222 0.0510725 0.00467102 9.99549E-05 9.99549E-05 9.99549E-05 0.472059 9.99549E-05 9.99549E-05 0.408676
9.99729E-05 0.277187 0.105346 0.121562 0.019598 0.202758 9.99729E-05 0.0522171 9.99729E-05 0.221033
9.9946E-05 0.206309 9.9946E-05 9.9946E-05 9.9946E-05 0.0918784 9.9946E-05 0.178151 9.9946E-05 0.523061
9.9937E-05 0.224818 9.9937E-05 9.9937E-05 9.9937E-05 0.36965 9.9937E-05 9.9937E-05 9.9937E-05 0.404833
9.99548E-05 0.620691 0.0504233 0.0912988 9.99548E-05 9.99548E-05 0.0908443 9.99548E-05 9.99548E-05 0.146243
9.99459E-05 0.297551 0.225346 0.30444 9.99459E-05 9.99459E-05 9.99459E-05 9.99459E-05 9.99459E-05 0.172064
0.47323 0.300606 0.130598 9.99459E-05 9.99459E-05 9.99459E-05 9.99459E-05 9.99459E-05 9.99459E-05 0.0949665
0.235554 9.99459E-05 0.0212358 9.99459E-05 9.99459E-05 9.99459E-05 0.241434 9.99459E-05 9.99459E-05 0.501176
9.9946E-05 0.157259 0.677837 9.9946E-05 9.9946E-05 9.9946E-05 9.9946E-05 0.163981 0.000323408 9.9946E-05
0.17571 9.99368E-05 9.99368E-05 9.99368E-05 9.99368E-05 9.99368E-05 0.179176 9.99368E-05 9.99368E-05 0.644414
9.99368E-05 0.461267 9.99368E-05 9.99368E-05 9.99368E-05 0.178922 9.99368E-05 9.99368E-05 9.99368E-05 0.359111
9.99639E-05 0.359961 0.200457 9.99639E-05 0.108841 0.0558989 9.99639E-05 0.162105 9.99639E-05 0.112336
0.16646 9.99368E-05 0.714742 9.99368E-05 9.99368E-05 9.99368E-05 0.118099 9.99368E-05 9.99368E-05 9.99368E-05
0.452593 9.9946E-05 0.218896 9.9946E-05 9.9946E-05 9.9946E-05 0.116735 9.9946E-05 9.9946E-05 0.211176
0.0278479 9.99549E-05 0.707823 0.0497296 9.99549E-05 9.99549E-05 0.168841 9.99549E-05 9.99549E-05 0.0452587
9.99627E-05 0.263803 0.275134 0.280479 9.99627E-05 9.99627E-05 9.99627E-05 9.99627E-05 0.00676461 0.17332
0.495313 0.0164842 0.162631 9.9955E-05 9.9955E-05 9.9955E-05 9.9955E-05 9.9955E-05 0.0734603 0.251611
9.99549E-05 9.99549E-05 0.270081 9.99549E-05 0.0988644 9.99549E-05 9.99549E-05 0.170117 0.020963 0.439474
9.99639E-05 9.99639E-05 0.0124418 9.99639E-05 0.0530801 0.00534314 9.99639E-05 0.0524222 0.139322 0.736991
0.000449212 9.9964E-05 0.154502 9.9964E-05 0.121849 0.13205 9.9964E-05 9.9964E-05 0.131095 0.459655
0.231167 9.99369E-05 9.99369E-05 9.99369E-05 9.99369E-05 9.99369E-05 0.116908 9.99369E-05 9.99369E-05 0.651226
9.996E-05 0.104565 0.0524933 0.0196479 9.996E-05 0.210186 9.996E-05 9.996E-05 0.0776294 0.535079
9.99549E-05 0.323069 9.99549E-05 9.99549E-05 0.048765 0.0155931 9.99549E-05 0.168807 9.99549E-05 0.443266
9.99549E-05 0.362717 0.255583 0.0966235 9.99549E-05 9.99549E-05 0.260048 9.99549E-05 9.99549E-05 0.024528
0.103934 0.134401 9.99459E-05 9.99459E-05 9.99459E-05 9.99459E-05 0.366069 9.99459E-05 9.99459E-05 0.394996
9.99459E-05 0.728802 0.178522 0.0825774 9.99459E-05 9.99459E-05 0.00949907 9.99459E-05 9.99459E-05 9.99459E-05
9.99368E-05 0.235002 9.99368E-05 9.99368E-05 9.99368E-05 9.99368E-05 0.373861 9.99368E-05 9.99368E-05 0.390437
9.99369E-05 0.342606 9.99369E-05 9.99369E-05 9.99369E-05 9.99369E-05 0.382259 9.99369E-05 9.99369E-05 0.274435
9.99369E-05 0.878334 9.99369E-05 9.99369E-05 9.99369E-05 0.0784406 9.99369E-05 0.0425258 9.99369E-05 9.99369E-05
9.99369E-05 0.238452 9.99369E-05 9.99369E-05 9.99369E-05 9.99369E-05 0.276808 9.99369E-05 9.99369E-05 0.484041
9.99549E-05 0.469793 0.0220069 0.100982 9.99549E-05 9.99549E-05 0.175277 9.99549E-05 9.99549E-05 0.231441
0.409351 9.99549E-05 9.99549E-05 9.99549E-05 9.99549E-05 0.0321487 0.128014 9.99549E-05 0.404884 0.0251033
0.182261 9.99639E-05 0.0158945 0.113832 9.99639E-05 9.99639E-05 0.119497 9.99639E-05 0.469417 0.0986988
0.0045572 9.99549E-05 9.99549E-05 0.0636519 9.99549E-05 9.99549E-05 0.149582 9.99549E-05 0.731871 0.0498383
9.99459E-05 0.312393 9.99459E-05 9.99459E-05 9.99459E-05 9.99459E-05 0.209306 0.130862 0.34684 9.99459E-05
0.387614 0.0330103 9.99639E-05 0.00482092 9.99639E-05 0.0374965 0.140444 9.99639E-05 0.396214 9.99639E-05
9.99549E-05 0.146505 9.99549E-05 0.356401 9.99549E-05 9.99549E-05 0.156527 0.234752 0.105316 9.99549E-05
0.0280461 9.99368E-05 9.99368E-05 9.99368E-05 9.99368E-05 9.99368E-05 0.694407 9.99368E-05 0.276848 9.99368E-05
0.298271 0.00395188 9.99639E-05 0.0431587 9.99639E-05 9.99639E-05 0.150825 9.99639E-05 0.501523 0.00187002
9.99459E-05 0.0502518 9.99459E-05 0.408699 9.99459E-05 9.99459E-05 0.167803 9.99459E-05 0.372647 9.99459E-05
9.99459E-05 0.121626 9.99459E-05 0.0323847 9.99459E-05 0.368944 9.99459E-05 9.99459E-05 0.476445 9.99459E-05
0.690627 9.99549E-05 9.99549E-05 9.99549E-05 0.0488702 0.0306581 9.99549E-05 9.99549E-05 0.219719 0.00962629
9.99459E-05 9.99459E-05 9.99459E-05 9.99459E-05 0.0452635 0.54068 0.118642 9.99459E-05 0.294815 9.99459E-05
0.133113 9.99549E-05 9.99549E-05 0.122509 9.99549E-05 9.99549E-05 0.236036 9.99549E-05 0.501227 0.00661572
9.99549E-05 0.067702 9.99549E-05 0.329399 9.99549E-05 0.138286 0.161428 9.99549E-05 0.302684 9.99549E-05
0.0713838 0.00559623 0.0151007 0.473454 9.99549E-05 9.99549E-05 9.99549E-05 9.99549E-05 0.433966 9.99549E-05
0.0383434 9.996E-05 0.027113 0.264378 9.996E-05 9.996E-05 0.495605 0.0184634 0.155697 9.996E-05
9.99639E-05 0.163834 9.99639E-05 9.99639E-05 9.99639E-05 0.129359 0.0438188 0.284371 0.377722 0.000494138
9.99639E-05 0.0698859 0.0295176 9.99639E-05 0.0629343 9.99639E-05 0.0588741 0.245859 0.532529 9.99639E-05
0.0727059 9.99639E-05 0.0469226 0.390061 9.99639E-05 9.99639E-05 0.0269847 9.99639E-05 0.327759 0.135167
0.0657111 9.99458E-05 9.99458E-05 0.0435825 9.99458E-05 9.99458E-05 0.437571 9.99458E-05 0.452536 9.99458E-05
9.99549E-05 0.0517642 9.99549E-05 0.294556 9.99549E-05 0.15531 9.99549E-05 9.99549E-05 0.491531 0.00633853
9.99459E-05 9.99459E-05 0.0326968 9.99459E-05 9.99459E-05 9.99459E-05 0.0381986 0.142742 0.785763 9.99459E-05
9.9973E-05 0.0874791 9.9973E-05 0.271368 0.0428442 0.243375 0.0082088 0.307276 0.0391483 9.9973E-05
0.0723217 0.00139807 9.99549E-05 0.029155 0.56299 9.99549E-05 0.333635 9.99549E-05 9.99549E-05 9.99549E-05
0.113205 0.0433571 0.0353738 9.9982E-05 0.0722776 9.9982E-05 0.00976354 0.536876 0.161793 0.0271537
0.112131 9.99459E-05 9.99459E-05 0.608153 9.99459E-05 9.99459E-05 0.267171 0.0119456 9.99459E-05 9.99459E-05
0.619716 9.99278E-05 9.99278E-05 9.99278E-05 0.379484 9.99278E-05 9.99278E-05 9.99278E-05 9.99278E-05 9.99278E-05
9.99459E-05 9.99459E-05 9.99459E-05 0.129851 0.0742996 0.296809 9.99459E-05 0.498441 9.99459E-05 9.99459E-05
0.0572355 9.995E-05 0.00469513 0.0908106 0.62597 0.220789 9.995E-05 9.995E-05 9.995E-05 9.995E-05
9.99639E-05 0.0138333 9.99639E-05 0.382272 9.99639E-05 9.99639E-05 0.284878 0.196409 0.0066636 0.115545
9.99459E-05 9.99459E-05 0.0168157 0.00467516 0.809536 9.99459E-05 9.99459E-05 9.99459E-05 0.168374 9.99459E-05
0.315642 9.99369E-05 9.99369E-05 9.99369E-05 0.253536 9.99369E-05 0.430123 9.99369E-05 9.99369E-05 9.99369E-05
9.99639E-05 9.99639E-05 9.99639E-05 0.0932883 0.187244 0.340412 9.99639E-05 0.310841 0.0172899 0.0505259
9.99459E-05 0.0860573 9.99459E-05 9.99459E-05 0.669885 9.99459E-05 9.99459E-05 0.0313087 0.212149 9.99459E-05
0.599871 9.99369E-05 9.99369E-05 9.99369E-05 0.333483 9.99369E-05 0.0659464 9.99369E-05 9.99369E-05 9.99369E-05
0.0289647 9.99639E-05 9.99639E-05 9.99639E-05 9.99639E-05 0.191527 0.00802078 0.743378 0.021327 0.00638225
9.99549E-05 0.00937088 0.0189265 9.99549E-05 0.657729 9.99549E-05 9.99549E-05 0.265135 0.0483392 9.99549E-05
9.99729E-05 9.99729E-05 0.0485842 0.00968236 0.0923949 0.0990889 0.18464 0.521128 0.0441819 9.99729E-05
0.591702 9.99278E-05 9.99278E-05 9.99278E-05 0.407499 9.99278E-05 9.99278E-05 9.99278E-05 9.99278E-05 9.99278E-05
9.99549E-05 9.99549E-05 0.0167437 9.99549E-05 0.467634 9.99549E-05 9.99549E-05 0.43137 0.0466218 0.0371307
9.99639E-05 0.0294246 9.99639E-05 0.15532 9.99639E-05 0.302278 9.99639E-05 0.464989 0.0208839 0.0267049
9.99549E-05 0.0890359 9.99549E-05 0.458808 0.0498939 9.99549E-05 0.35272 0.0490424 9.99549E-05 9.99549E-05
0.163199 0.0872448 0.0794474 0.0817904 9.9982E-05 0.00451309 0.0429062 0.318699 0.222001 9.9982E-05
0.0701919 0.0139713 0.0827181 0.165647 0.164987 9.9982E-05 0.00755451 0.364092 0.130638 9.9982E-05
0.472354 9.994E-05 9.994E-05 0.0618857 0.370832 9.994E-05 0.0943287 9.994E-05 9.994E-05 9.994E-05
9.997E-05 9.997E-05 0.0602849 0.0758075 0.165356 0.128353 0.299046 0.220414 9.997E-05 0.0504387
9.99367E-05 0.12499 9.99367E-05 0.445758 0.428553 9.99367E-05 9.99367E-05 9.99367E-05 9.99367E-05 9.99367E-05
0.279176 0.0124631 0.0212461 0.504193 9.9973E-05 9.9973E-05 0.0694239 9.9973E-05 0.0637435 0.0494539
9.99729E-05 9.99729E-05 0.0424099 9.99729E-05 0.266454 0.149257 0.0848668 0.243214 0.156744 0.0567554
9.995E-05 9.995E-05 9.995E-05 0.406917 0.135167 0.0772437 9.995E-05 9.995E-05 0.2861 0.0940727
0.824839 0.0217268 0.0479005 9.9964E-05 9.9964E-05 0.0209235 9.9964E-05 0.0834079 0.000802255 9.9964E-05
0.0789959 0.0308522 0.000805241 0.538605 0.124261 9.9982E-05 0.20067 9.9982E-05 0.00275355 0.0228572
0.19978 9.99639E-05 0.0140228 0.273058 9.99639E-05 0.0831253 0.394276 9.99639E-05 9.99639E-05 0.0353392
0.120026 9.9955E-05 0.0237404 0.192398 0.123923 0.539412 9.9955E-05 9.9955E-05 9.9955E-05 9.9955E-05
0.504231 9.99369E-05 9.99369E-05 0.231472 9.99369E-05 9.99369E-05 0.263598 9.99369E-05 9.99369E-05 9.99369E-05
9.99639E-05 9.99639E-05 9.99639E-05 0.0675771 0.085794 0.168559 0.0528326 0.563231 0.0616067 9.99639E-05
0.430485 9.99459E-05 9.99459E-05 0.415163 9.99459E-05 0.00841267 0.14534 9.99459E-05 9.99459E-05 9.99459E-05
0.140044 0.0155204 0.0115723 0.108161 0.39778 9.9973E-05 9.9973E-05 0.0873988 0.239224 9.9973E-05
0.0454644 9.9973E-05 0.0201605 9.9973E-05 0.232993 0.0432809 9.9973E-05 0.348356 0.290947 0.0184989
9.9964E-05 9.9964E-05 9.9964E-05 0.658254 0.0599533 0.00658987 9.9964E-05 0.049776 0.102754 0.122272
9.99549E-05 9.99549E-05 9.99549E-05 0.484895 9.99549E-05 9.99549E-05 0.200149 0.18945 0.055442 0.069564
0.0032164 9.9964E-05 0.0348319 0.800318 0.0260598 9.9964E-05 9.9964E-05 9.9964E-05 0.0990365 0.0361379
0.066759 9.9973E-05 0.0158299 0.251676 0.0889985 0.0671222 9.9973E-05 0.172793 0.336521 9.9973E-05
0.720712 9.996E-05 9.996E-05 0.147703 9.996E-05 0.0138251 0.030957 0.0415794 0.0448237 9.996E-05
0.736234 9.99369E-05 9.99369E-05 0.0605424 0.202524 9.99369E-05 9.99369E-05 9.99369E-05 9.99369E-05 9.99369E-05
0.016566 9.9955E-05 9.9955E-05 0.189249 0.166118 9.9955E-05 0.602261 9.9955E-05 9.9955E-05 0.0253058
0.620374 9.9964E-05 0.00251673 0.201181 0.100685 9.9964E-05 0.02409 9.9964E-05 9.9964E-05 0.0507536
0.810336 9.9946E-05 9.9946E-05 9.9946E-05 9.9946E-05 0.0933736 9.9946E-05 0.0727768 0.0229138 9.9946E-05
0.0295288 9.996E-05 0.00430666 0.0607177 0.255834 9.996E-05 0.543786 9.996E-05 9.996E-05 0.105426
0.13518 9.99639E-05 9.99639E-05 0.327991 0.0464048 0.0329774 0.412797 0.0442505 9.99639E-05 9.99639E-05
0.0513277 0.300597 9.9955E-05 0.0206865 0.0182208 9.9955E-05 9.9955E-05 0.608669 9.9955E-05 9.9955E-05
9.99639E-05 0.0472376 0.0845617 0.00252002 0.0302843 9.99639E-05 0.0980426 0.736954 9.99639E-05 9.99639E-05
9.99459E-05 0.106802 9.99459E-05 0.200118 9.99459E-05 9.99459E-05 0.585556 0.106924 9.99459E-05 9.99459E-05
9.99639E-05 0.0153579 0.0113162 9.99639E-05 0.00180764 0.220941 0.122318 0.627859 9.99639E-05 9.99639E-05
0.0562672 0.157755 9.99459E-05 9.99459E-05 9.99459E-05 9.99459E-05 9.99459E-05 0.776002 0.00937516 9.99459E-05
9.9964E-05 0.0116624 0.158292 9.9964E-05 0.0509493 9.9964E-05 0.0373067 0.573078 0.168312 9.9964E-05
0.0225894 0.0985559 0.0207808 9.9973E-05 0.037698 9.9973E-05 0.0534583 0.725908 0.0407096 9.9973E-05
0.0882674 0.0480259 0.0389589 0.0126834 9.9964E-05 9.9964E-05 0.702122 0.109542 9.9964E-05 9.9964E-05
0.509676 9.9937E-05 9.9937E-05 9.9937E-05 0.150082 9.9937E-05 0.339542 9.9937E-05 9.9937E-05 9.9937E-05
9.99549E-05 0.236931 9.99549E-05 0.164734 9.99549E-05 9.99549E-05 0.216869 0.368135 0.0128317 9.99549E-05
0.00641242 0.0316194 0.00881064 9.9955E-05 9.9955E-05 9.9955E-05 0.901275 9.9955E-05 0.0513826 9.9955E-05
9.9964E-05 0.2029 0.0395901 0.08966 0.0103883 9.9964E-05 0.656208 0.000853669 9.9964E-05 9.9964E-05
9.99549E-05 0.130359 9.99549E-05 0.133975 9.99549E-05 0.0204848 0.421241 0.293441 9.99549E-05 9.99549E-05
0.113346 9.99459E-05 9.99459E-05 0.0171314 0.0956083 9.99459E-05 0.773314 9.99459E-05 9.99459E-05 9.99459E-05
0.0516852 0.0164055 9.9973E-05 0.0231019 9.9973E-05 9.9973E-05 0.624574 0.202921 0.0533401 0.0276717
9.996E-05 9.996E-05 0.105791 0.119156 0.2474 9.996E-05 0.0887585 0.344243 9.996E-05 0.0942508
0.00466563 0.0529406 0.026094 0.0694637 9.9982E-05 0.109144 0.59101 0.11147 9.9982E-05 0.0350129
9.99549E-05 0.110481 9.99549E-05 0.0459279 9.99549E-05 9.99549E-05 0.551357 0.178741 0.112993 9.99549E-05
9.99459E-05 0.0210925 9.99459E-05 9.99459E-05 9.99459E-05 0.42996 0.0658545 0.482493 9.99459E-05 9.99459E-05
9.9964E-05 0.110757 9.9964E-05 0.244494 9.9964E-05 9.9964E-05 0.167743 0.460602 0.0133297 0.0026735
0.238981 9.9964E-05 0.0133751 9.9964E-05 9.9964E-05 0.00232082 0.632498 0.077258 9.9964E-05 0.0351669
9.99549E-05 9.99549E-05 9.99549E-05 0.0985043 9.99549E-05 9.99549E-05 0.741959 0.104944 0.0171322 0.0369606
0.363479 9.99369E-05 9.99369E-05 9.99369E-05 0.115872 9.99369E-05 0.51995 9.99369E-05 9.99369E-05 9.99369E-05
9.99459E-05 0.0167434 9.99459E-05 0.181776 9.99459E-05 0.0257877 9.99459E-05 0.775093 9.99459E-05 9.99459E-05
9.99459E-05 0.176464 9.99459E-05 0.361222 9.99459E-05 9.99459E-05 0.191292 0.270422 9.99459E-05 9.99459E-05
0.226965 9.99459E-05 9.99459E-05 9.99459E-05 0.0724908 9.99459E-05 0.693372 9.99459E-05 9.99459E-05 0.00657223
9.9964E-05 0.0638064 9.9964E-05 9.9964E-05 0.317987 0.127961 9.9964E-05 0.394124 0.0458294 0.0498918
9.99459E-05 0.00100687 9.99459E-05 9.99459E-05 0.380631 0.571734 0.0460291 9.99459E-05 9.99459E-05 9.99459E-05
0.333714 0.0232675 0.0424802 0.263461 9.996E-05 9.996E-05 0.286146 9.996E-05 9.996E-05 0.0505314
0.193248 9.99549E-05 0.00411793 0.41308 0.368971 9.99549E-05 9.99549E-05 9.99549E-05 9.99549E-05 0.0200844
9.9964E-05 0.154967 0.0239487 9.9964E-05 0.178634 0.414727 0.062193 0.16513 9.9964E-05 9.9964E-05
9.99459E-05 0.100399 0.023311 9.99459E-05 0.436811 9.99459E-05 9.99459E-05 0.438879 9.99459E-05 9.99459E-05
9.99549E-05 0.182952 9.99549E-05 9.99549E-05 0.337873 0.0716776 9.99549E-05 0.393318 9.99549E-05 0.0136799
0.763245 9.9937E-05 9.9937E-05 0.0278101 0.208245 9.9937E-05 9.9937E-05 9.9937E-05 9.9937E-05 9.9937E-05
9.99459E-05 0.0394047 9.99459E-05 0.286461 0.257195 9.99459E-05 0.41634 9.99459E-05 9.99459E-05 9.99459E-05
9.99729E-05 0.094617 9.99729E-05 0.465527 0.0417462 0.22676 0.0202942 9.99729E-05 0.138895 0.0118608
9.99549E-05 9.99549E-05 9.99549E-05 0.0658782 0.319479 0.192554 0.0227348 0.398854 9.99549E-05 9.99549E-05
0.554608 9.9964E-05 9.9964E-05 0.258202 0.0861812 9.9964E-05 0.0682626 9.9964E-05 0.0144923 0.0178547
9.9964E-05 0.024672 0.00973783 0.471025 0.0763489 9.9964E-05 0.355137 0.0626795 9.9964E-05 9.9964E-05
9.9947E-05 0.0518585 9.9947E-05 0.282543 0.187134 9.9947E-05 0.477865 9.9947E-05 9.9947E-05 9.9947E-05
9.99459E-05 9.99459E-05 9.99459E-05 0.556704 0.187708 0.0901327 9.99459E-05 9.99459E-05 0.164856 9.99459E-05
9.99549E-05 9.99549E-05 9.99549E-05 0.26359 9.99549E-05 9.99549E-05 0.606504 0.0122008 0.0956675 0.0215376
9.99639E-05 0.0573271 9.99639E-05 0.102241 9.99639E-05 0.221416 0.262992 0.32576 9.99639E-05 0.0298641
9.99549E-05 0.0618926 9.99549E-05 0.602188 0.0694596 0.120182 9.99549E-05 0.145778 9.99549E-05 9.99549E-05
9.9946E-05 9.9946E-05 0.0774348 9.9946E-05 0.351 0.147117 9.9946E-05 0.423849 9.9946E-05 9.9946E-05
0.0939725 9.996E-05 0.00904865 0.0733841 0.294811 9.996E-05 0.391042 9.996E-05 9.996E-05 0.137342
9.997E-05 0.0569483 9.997E-05 0.0616403 0.262123 0.0888178 0.0180649 0.463163 9.997E-05 0.0489426
9.9964E-05 0.0137749 9.9964E-05 9.9964E-05 0.265689 9.9964E-05 0.0720155 0.527728 0.0979404 0.0224526
0.287469 9.99459E-05 9.99459E-05 0.0255559 0.191823 9.99459E-05 0.494552 9.99459E-05 9.99459E-05 9.99459E-05
9.99549E-05 0.0522743 9.99549E-05 0.131938 9.99549E-05 0.147203 0.504063 0.164022 9.99549E-05 9.99549E-05
9.9955E-05 0.00917169 9.9955E-05 0.108648 0.128327 9.9955E-05 0.701073 9.9955E-05 9.9955E-05 0.0522806
0.0223987 0.268294 9.9955E-05 9.9955E-05 0.0659659 0.0868293 9.9955E-05 0.556013 9.9955E-05 9.9955E-05
0.0420383 0.160572 0.0939452 9.9982E-05 0.0447668 9.9982E-05 0.0406151 0.342476 0.144038 0.131349
9.996E-05 0.105313 9.996E-05 9.996E-05 0.0729953 0.000302744 0.121013 0.601055 9.996E-05 0.0989219
0.213471 9.99459E-05 0.0122903 9.99459E-05 0.159815 9.99459E-05 0.613825 9.99459E-05 9.99459E-05 9.99459E-05
9.9973E-05 0.13289 9.9973E-05 0.000270645 0.0546051 9.9973E-05 0.172942 0.582274 0.0165386 0.0401798
9.9964E-05 0.236094 9.9964E-05 9.9964E-05 0.0681527 0.0796069 0.116322 0.453345 0.0460796 9.9964E-05
9.9964E-05 0.115026 9.9964E-05 9.9964E-05 0.0537977 0.21777 0.0568211 0.494912 0.0612727 9.9964E-05
0.128901 9.9946E-05 9.9946E-05 9.9946E-05 9.9946E-05 0.0127359 0.805258 9.9946E-05 0.052506 9.9946E-05
9.99639E-05 0.0633775 9.99639E-05 0.20089 0.0329055 0.0232074 0.516055 0.163165 9.99639E-05 9.99639E-05
0.0143065 0.0760779 0.0439901 9.9973E-05 0.0583234 0.322589 0.106543 0.37787 9.9973E-05 9.9973E-05
0.116192 0.0777494 9.9973E-05 9.9973E-05 0.181905 9.9973E-05 0.490911 0.0515257 0.0394458 0.041972
0.00402367 0.171247 0.0212269 0.00116353 0.0309963 0.0621861 0.0170825 0.645316 0.0466577 9.9991E-05
0.218243 9.9973E-05 9.9973E-05 0.00415822 0.0280887 9.9973E-05 0.12912 0.397732 0.189035 0.0333232
9.9955E-05 0.239801 9.9955E-05 9.9955E-05 0.128428 9.9955E-05 0.443097 0.136959 0.0512159 9.9955E-05
0.315841 9.9937E-05 9.9937E-05 9.9937E-05 0.0994875 9.9937E-05 0.583972 9.9937E-05 9.9937E-05 9.9937E-05
9.99549E-05 0.157781 9.99549E-05 0.353485 0.0420585 9.99549E-05 0.247747 0.198429 9.99549E-05 9.99549E-05
0.148028 9.9982E-05 0.00844219 0.573602 0.000359032 0.0619163 0.119199 9.9982E-05 0.0576609 0.030593
0.649122 9.9964E-05 9.9964E-05 0.200392 9.9964E-05 0.02472 0.0756825 0.00643386 0.0432502 9.9964E-05
9.994E-05 9.994E-05 9.994E-05 0.493895 9.994E-05 9.994E-05 0.329485 0.127766 9.994E-05 0.0482545
9.99549E-05 0.0733052 9.99549E-05 0.00217641 0.00398346 9.99549E-05 0.639523 9.99549E-05 0.280512 9.99549E-05
9.99549E-05 9.99549E-05 9.99549E-05 0.389346 0.0908552 0.0779278 0.364616 0.0767551 9.99549E-05 9.99549E-05
9.99639E-05 9.99639E-05 0.0262385 0.241358 0.123343 0.0400199 9.99639E-05 0.515455 0.0531854 9.99639E-05
0.621686 9.99369E-05 9.99369E-05 0.222708 0.154907 9.99369E-05 9.99369E-05 9.99369E-05 9.99369E-05 9.99369E-05
0.0359954 9.9964E-05 0.0879919 9.9964E-05 0.402585 9.9964E-05 9.9964E-05 0.303089 0.160596 0.00934312
9.99639E-05 0.212425 9.99639E-05 0.0553173 9.99639E-05 0.0499131 0.129877 0.290948 0.261121 9.99639E-05
0.0686286 9.99639E-05 9.99639E-05 0.0605354 9.99639E-05 0.701025 0.0369173 0.0575727 0.0749207 9.99639E-05
0.593934 9.99639E-05 9.99639E-05 0.077687 9.99639E-05 0.0018219 0.116387 0.0897062 0.120064 9.99639E-05
0.651327 9.99549E-05 9.99549E-05 0.0386769 9.99549E-05 9.99549E-05 0.246731 0.0441669 0.0185983 9.99549E-05
9.996E-05 9.996E-05 0.0447399 9.996E-05 0.298466 0.176484 0.0730056 0.35428 0.0526254 9.996E-05
9.99549E-05 9.99549E-05 9.99549E-05 0.377919 9.99549E-05 0.0350321 0.431985 0.104304 9.99549E-05 0.0502607
9.99549E-05 9.99549E-05 9.99549E-05 0.591972 9.99549E-05 9.99549E-05 0.166936 0.0836695 0.113824 0.0430988
0.699672 9.99459E-05 9.99459E-05 9.99459E-05 9.99459E-05 9.99459E-05 0.213266 0.0109162 0.0755462 9.99459E-05
0.0766099 9.9946E-05 9.9946E-05 0.611403 9.9946E-05 0.152008 9.9946E-05 9.9946E-05 0.159379 9.9946E-05
0.000170769 9.9973E-05 0.0731187 0.320706 0.203625 0.0522248 9.9973E-05 0.177514 0.172341 9.9973E-05
0.00169902 0.04771 9.99729E-05 0.108049 0.0121876 0.298027 0.0398162 0.492212 9.99729E-05 9.99729E-05
9.99549E-05 9.99549E-05 9.99549E-05 0.206972 9.99549E-05 0.539695 0.00672095 0.244413 0.00169953 9.99549E-05
0.0903138 9.9964E-05 9.9964E-05 0.240248 9.9964E-05 0.0472087 9.9964E-05 0.237132 0.372529 0.0121687
0.0973982 0.10608 0.00845792 9.9955E-05 9.9955E-05 9.9955E-05 0.766682 9.9955E-05 0.0208819 9.9955E-05
9.99639E-05 0.206328 9.99639E-05 0.0118191 9.99639E-05 0.0320276 0.125374 0.57984 0.0442122 9.99639E-05
9.9946E-05 0.0335578 9.9946E-05 9.9946E-05 0.0335939 9.9946E-05 0.828781 9.9946E-05 0.103467 9.9946E-05
9.99639E-05 0.107619 9.99639E-05 0.0855367 0.0230533 9.99639E-05 0.565774 0.0948025 0.122814 9.99639E-05
9.99549E-05 0.290709 9.99549E-05 0.102594 0.0304422 9.99549E-05 0.0258171 0.549938 9.99549E-05 9.99549E-05
0.294883 9.9946E-05 0.03512 9.9946E-05 0.0170574 9.9946E-05 0.65234 9.9946E-05 9.9946E-05 9.9946E-05
0.385184 9.99639E-05 9.99639E-05 0.307194 9.99639E-05 0.0878171 0.0582668 9.99639E-05 0.154215 0.00692366
0.0620059 9.99549E-05 9.99549E-05 0.316776 0.0352353 0.0190801 0.566403 9.99549E-05 9.99549E-05 9.99549E-05
0.0361953 9.9946E-05 0.0144185 0.275031 9.9946E-05 0.673756 9.9946E-05 9.9946E-05 9.9946E-05 9.9946E-05
0.0615373 9.99639E-05 0.0096196 0.578835 0.0505887 0.296349 0.00266994 9.99639E-05 9.99639E-05 9.99639E-05
9.99549E-05 0.138035 9.99549E-05 0.10626 0.0959171 0.446393 0.212895 9.99549E-05 9.99549E-05 9.99549E-05
0.585115 9.99369E-05 9.99369E-05 9.99369E-05 9.99369E-05 0.219565 0.194621 9.99369E-05 9.99369E-05 9.99369E-05
0.0954329 0.0813237 0.0341824 9.9973E-05 0.101613 0.143591 9.9973E-05 0.454165 0.089393 9.9973E-05
0.0859017 0.0883143 0.00887117 0.397879 9.9982E-05 0.0533464 0.22564 9.9982E-05 0.0131302 0.126717
9.997E-05 9.997E-05 0.0271015 9.997E-05 0.0570292 0.449856 0.102455 0.234014 0.0685267 0.0607179
0.070603 0.173316 0.0210632 9.9964E-05 9.9964E-05 0.317497 9.9964E-05 0.349283 0.0678383 9.9964E-05
9.99459E-05 9.99459E-05 9.99459E-05 0.0360252 9.99459E-05 0.849736 0.0621361 0.0515035 9.99459E-05 9.99459E-05
9.99729E-05 0.0650485 0.00285544 0.03644 0.0477097 0.613629 0.0495341 0.184483 9.99729E-05 9.99729E-05
0.0371702 9.9964E-05 0.00353823 9.9964E-05 9.9964E-05 0.806691 0.0726589 0.0289874 9.9964E-05 0.0505548
9.99639E-05 0.0835291 0.0110112 0.408915 9.99639E-05 0.135654 0.338453 9.99639E-05 9.99639E-05 0.0220372
9.99549E-05 9.99549E-05 0.0213804 0.213479 0.0522685 9.99549E-05 0.626084 9.99549E-05 9.99549E-05 0.0862875
0.0740225 9.9973E-05 0.0575259 9.9973E-05 0.226088 0.0586911 9.9973E-05 0.39309 0.154486 0.0357973
0.174765 9.9946E-05 9.9946E-05 0.00342022 9.9946E-05 0.666597 9.9946E-05 9.9946E-05 0.154618 9.9946E-05
0.185693 9.9982E-05 0.0474697 0.428658 0.038436 0.0113008 0.126669 9.9982E-05 0.0847828 0.0767912
0.869585 0.0526898 9.9946E-05 9.9946E-05 0.0122575 0.0648685 9.9946E-05 9.9946E-05 9.9946E-05 9.9946E-05
0.263803 9.9937E-05 9.9937E-05 9.9937E-05 9.9937E-05 0.0204838 0.715014 9.9937E-05 9.9937E-05 9.9937E-05
0.791874 9.9946E-05 9.9946E-05 0.0188031 9.9946E-05 0.0822087 0.106515 9.9946E-05 9.9946E-05 9.9946E-05
