0.428158 9.9991E-05 0.124127 0.416496 0.0311185
0.520009 9.9982E-05 9.9982E-05 0.426911 0.0528796
9.999E-05 0.0765845 0.0322226 0.862266 0.0288267
0.743165 0.0928177 0.102758 0.0611594 9.9991E-05
0.76399 0.0809998 0.0377828 9.9991E-05 0.117128
0.195068 0.0415101 0.040218 0.605347 0.117858
9.9982E-05 0.112194 9.9982E-05 0.883229 0.00437643
0.154434 9.9982E-05 9.9982E-05 0.736539 0.108827
0.5721 9.9991E-05 0.0738457 0.312326 0.0416285
9.9982E-05 0.437911 0.166008 0.395882 9.9982E-05
0.680709 0.0126795 0.0627871 0.243725 9.9991E-05
0.757455 9.9982E-05 0.0935518 0.148793 9.9982E-05
0.385693 0.203063 0.0464229 0.245372 0.119449
9.9982E-05 0.0219004 0.0608313 0.917068 9.9982E-05
0.811005 9.9982E-05 0.0359541 0.152841 9.9982E-05
9.999E-05 0.438516 0.0402741 0.477189 0.0439206
0.0346613 0.0875075 9.9982E-05 0.877631 9.9982E-05
0.0764252 9.9973E-05 9.9973E-05 0.923275 9.9973E-05
0.614465 9.9982E-05 0.018575 0.36676 9.9982E-05
0.0581572 0.0508772 0.890766 9.9982E-05 9.9982E-05
0.0446526 0.0157899 0.939357 9.9982E-05 9.9982E-05
9.9982E-05 0.00299681 0.96555 0.0312529 9.9982E-05
0.22146 9.9973E-05 0.77824 9.9973E-05 9.9973E-05
0.18052 9.9973E-05 0.81918 9.9973E-05 9.9973E-05
9.99819E-05 9.99819E-05 0.475815 0.319936 0.204049
0.355171 9.9982E-05 0.480564 9.9982E-05 0.164065
9.9982E-05 0.483252 0.260515 9.9982E-05 0.256033
0.364928 0.0701789 0.420945 9.9991E-05 0.143847
9.99819E-05 0.0798896 0.899707 0.0202036 9.99819E-05
0.0585758 9.9973E-05 0.941124 9.9973E-05 9.9973E-05
9.9982E-05 0.186435 0.691175 0.12219 9.9982E-05
9.9991E-05 0.120426 0.283282 0.116694 0.479498
9.9982E-05 0.308532 0.644681 0.0465865 9.9982E-05
9.9982E-05 9.9982E-05 0.682989 0.2892 0.0276111
0.0788795 9.9973E-05 0.920821 9.9973E-05 9.9973E-05
0.189446 9.9973E-05 0.810254 9.9973E-05 9.9973E-05
0.126886 0.0791719 0.793742 9.9982E-05 9.9982E-05
0.209566 9.9973E-05 0.790134 9.9973E-05 9.9973E-05
0.132585 9.99729E-05 9.99729E-05 9.99729E-05 0.867115
9.9973E-05 0.292486 9.9973E-05 9.9973E-05 0.707214
9.9982E-05 0.4251 0.121675 9.9982E-05 0.453026
0.23776 0.127936 0.0850757 9.9991E-05 0.549128
9.9991E-05 0.0311502 0.292751 0.0873641 0.588635
9.9991E-05 0.149135 0.106734 0.161802 0.582229
0.503143 9.9982E-05 0.177855 9.9982E-05 0.318802
0.409507 9.9973E-05 9.9973E-05 9.9973E-05 0.590193
9.9991E-05 0.264721 0.163501 0.144362 0.427316
0.132265 0.0195587 0.00457694 9.9991E-05 0.8435
9.9973E-05 0.640166 9.9973E-05 9.9973E-05 0.359534
0.26332 9.9973E-05 9.9973E-05 9.9973E-05 0.73638
9.9973E-05 0.265241 9.9973E-05 9.9973E-05 0.734459
0.223357 0.092176 0.13959 9.9991E-05 0.544777
0.369221 9.9991E-05 0.193716 0.013708 0.423255
0.366844 9.9991E-05 0.0364337 0.0758018 0.520821
0.452763 0.0154002 0.140309 9.9991E-05 0.391428
0.340242 9.9982E-05 0.621037 9.9982E-05 0.038521
9.99819E-05 0.15177 9.99819E-05 0.0396772 0.808353
0.0452033 0.190902 0.154607 9.9991E-05 0.609187
9.99729E-05 0.274176 9.99729E-05 9.99729E-05 0.725524
0.244131 9.9973E-05 9.9973E-05 9.9973E-05 0.755569
0.240292 9.99819E-05 0.071157 9.99819E-05 0.688351
0.300918 9.9973E-05 9.9973E-05 9.9973E-05 0.698783
9.9991E-05 0.166389 0.0652507 0.195471 0.572789
0.332065 9.9982E-05 0.141548 9.9982E-05 0.526187
9.9982E-05 0.0819567 9.9982E-05 0.417806 0.500037
0.361318 9.9991E-05 0.217795 0.0528155 0.367971
0.35649 9.9973E-05 9.9973E-05 9.9973E-05 0.64321
0.381293 9.9973E-05 9.9973E-05 9.9973E-05 0.618407
0.10599 9.9991E-05 0.220762 0.230406 0.442742
9.9991E-05 0.00280078 0.433414 0.192145 0.37154
9.9982E-05 0.432451 0.255605 9.9982E-05 0.311744
9.9982E-05 0.242848 9.9982E-05 0.161698 0.595254
0.229729 9.9973E-05 0.769971 9.9973E-05 9.9973E-05
9.99819E-05 0.216913 9.99819E-05 0.0971617 0.685725
0.296958 9.9982E-05 0.0626242 9.9982E-05 0.640218
0.399058 9.9991E-05 0.33161 0.00397417 0.265258
9.99819E-05 0.153134 0.752402 0.094264 9.99819E-05
9.9991E-05 0.448039 0.235252 0.0450501 0.271558
9.9991E-05 0.029437 0.740659 0.194588 0.0352158
0.0155357 0.102452 0.472595 0.030728 0.37869
9.9982E-05 0.503356 0.177909 9.9982E-05 0.318535
0.238194 9.9982E-05 0.301748 9.9982E-05 0.459858
0.141234 0.0631791 0.0343219 9.9991E-05 0.761165
0.194592 0.109244 0.205264 9.9991E-05 0.490799
9.9982E-05 0.280765 9.9982E-05 0.0533298 0.665706
0.197529 0.00698891 0.132517 9.9991E-05 0.662864
0.368377 9.9973E-05 9.9973E-05 9.9973E-05 0.631323
9.9982E-05 9.9982E-05 0.400264 0.405046 0.19449
9.9991E-05 0.104929 0.00724375 0.347938 0.53979
0.221757 9.9991E-05 0.428832 0.135826 0.213486
9.99729E-05 9.99729E-05 9.99729E-05 0.400509 0.599191
9.9982E-05 9.9982E-05 0.0544113 0.431823 0.513565
0.450916 9.9982E-05 0.184019 9.9982E-05 0.364864
0.00557474 9.9982E-05 9.9982E-05 0.329409 0.664816
9.9982E-05 9.9982E-05 0.172112 0.363003 0.464685
0.0905584 0.711326 9.9991E-05 0.03119 0.166826
0.109797 0.487818 0.0569008 0.118678 0.226807
0.344101 0.426617 0.020525 9.9991E-05 0.208656
0.531021 0.0429335 9.9991E-05 0.297387 0.128558
0.104443 0.691522 0.0497363 0.0973934 0.056905
0.429266 9.9991E-05 0.0439933 0.489305 0.0373353
9.9982E-05 0.311915 9.9982E-05 0.662302 0.0255836
0.125458 0.635143 9.9991E-05 0.0680387 0.17126
0.119194 0.32638 0.0879003 0.329555 0.13697
0.563665 0.20552 0.107289 9.9991E-05 0.123426
0.0180065 0.896044 9.9982E-05 9.9982E-05 0.0857497
0.553624 0.304011 0.0714715 9.9991E-05 0.0707936
0.118318 0.508227 9.9991E-05 0.212961 0.160393
0.327611 0.168958 9.9991E-05 0.328424 0.174907
0.262425 0.445201 0.1502 0.108165 0.0340097
0.0850192 0.217754 0.0505638 0.646563 9.9991E-05
0.703668 0.0139953 0.035073 0.0455703 0.201693
0.623119 0.214692 0.110635 9.9991E-05 0.0514544
0.0815327 0.38351 0.117551 0.15857 0.258836
0.0999604 0.393962 9.9991E-05 0.393751 0.112227
0.359492 0.37516 0.106741 9.9991E-05 0.158507
0.516535 0.299554 0.0884008 9.9991E-05 0.0954104
0.645123 0.0522717 0.0724931 0.189939 0.0401722
0.0882145 0.296459 0.118713 0.496514 9.9991E-05
0.642423 0.132106 0.0363576 0.115603 0.0735098
0.068082 0.218024 0.0576352 0.656159 9.9991E-05
9.9982E-05 0.874731 0.026466 0.0986035 9.9982E-05
0.822803 0.0449483 0.0220641 0.110085 9.9991E-05
0.427102 0.358725 0.213973 9.9982E-05 9.9982E-05
0.247961 9.9982E-05 9.9982E-05 0.595759 0.15608
0.466171 0.291355 0.242274 9.9982E-05 9.9982E-05
9.9982E-05 0.392627 0.0460139 0.56116 9.9982E-05
0.754609 0.081811 0.0283003 0.0428639 0.0924155
0.555424 0.220377 0.224 9.9982E-05 9.9982E-05
9.9991E-05 0.800822 0.025717 0.144379 0.0289827
0.894808 9.9973E-05 9.9973E-05 0.104892 9.9973E-05
0.699945 0.0944879 0.205368 9.9982E-05 9.9982E-05
0.660417 9.9982E-05 0.0396415 0.299742 9.9982E-05
9.9982E-05 0.836831 0.0698015 0.0931677 9.9982E-05
0.732572 0.062826 0.112931 0.0727536 0.0189177
0.763919 0.00928 9.9991E-05 0.152823 0.0738771
0.148898 9.9982E-05 0.0590949 0.791807 9.9982E-05
0.46764 0.212409 0.15277 0.148681 0.0185
0.56354 0.169053 0.138552 0.128755 9.9991E-05
9.9982E-05 0.651313 0.0411345 0.307353 9.9982E-05
0.367645 9.9991E-05 0.111606 0.475638 0.0450109
0.239285 0.125736 0.169051 0.425723 0.0402049
9.9991E-05 0.429011 0.103053 0.372647 0.0951888
0.58542 0.0727081 0.123689 0.14435 0.0738328
0.372083 0.369156 0.081337 9.9991E-05 0.177324
0.0291422 0.796323 0.0766736 0.0600032 0.0378581
0.0629709 0.253074 0.116988 0.517269 0.0496979
9.9991E-05 0.344608 0.051586 0.560994 0.0427119
0.471458 0.37017 0.158171 9.9982E-05 9.9982E-05
9.99729E-05 0.567043 9.99729E-05 0.432657 9.99729E-05
0.794362 0.0307346 9.9982E-05 0.174704 9.9982E-05
9.9982E-05 0.53132 0.0295865 0.438893 9.9982E-05
0.424128 0.409603 0.166069 9.9982E-05 9.9982E-05
0.660186 0.248299 0.0766334 9.9991E-05 0.0147812
0.377475 0.245915 0.10124 0.0890308 0.186339
0.297888 0.0471717 9.9991E-05 0.523936 0.130904
0.260436 0.310195 0.163592 0.194199 0.0715778
0.507711 0.341645 0.106285 0.0442595 9.9991E-05
0.0375585 0.789282 0.000745286 0.172314 9.9991E-05
0.0190851 0.876093 0.0731175 0.0316041 9.9991E-05
9.9991E-05 0.140649 0.0149364 0.793057 0.0512585
9.9991E-05 0.687588 0.0723218 0.183466 0.0565244
0.115645 0.884056 9.9973E-05 9.9973E-05 9.9973E-05
9.9991E-05 0.178761 0.0658375 0.652712 0.102589
0.067893 0.189089 0.0030145 0.739904 9.9991E-05
0.791556 9.9991E-05 0.0931321 0.090091 0.025121
0.746791 9.9982E-05 0.0511818 0.201828 9.9982E-05
0.13052 9.9982E-05 0.0332268 0.836053 9.9982E-05
0.781421 9.99729E-05 9.99729E-05 0.218279 9.99729E-05
0.87295 9.9982E-05 0.00882264 0.118028 9.9982E-05
0.646284 0.00123182 0.185294 0.167091 9.9991E-05
0.803463 9.9982E-05 0.0292391 0.167098 9.9982E-05
0.0214585 0.0698327 0.0533848 0.855224 9.9991E-05
9.9982E-05 0.583958 0.000234803 0.415607 9.9982E-05
0.490094 9.9982E-05 9.9982E-05 0.406549 0.103157
9.9991E-05 0.0953306 0.00661034 0.882395 0.0155641
0.00647841 9.9991E-05 0.0932149 0.821978 0.0782287
0.356709 9.9973E-05 9.9973E-05 0.642991 9.9973E-05
9.9973E-05 0.196908 9.9973E-05 0.802792 9.9973E-05
0.159786 0.0872793 9.9991E-05 0.699464 0.0533704
0.449054 9.9991E-05 0.175735 0.30236 0.0727514
0.12658 9.9991E-05 0.0506853 0.749414 0.0732212
0.224578 9.9982E-05 9.9982E-05 0.693361 0.081861
0.802762 9.9982E-05 0.0105207 0.186517 9.9982E-05
0.530013 9.9982E-05 9.9982E-05 0.410596 0.0591903
9.9982E-05 0.261713 9.9982E-05 0.680743 0.0573444
0.044387 9.9982E-05 9.9982E-05 0.912367 0.0430461
9.9973E-05 0.460011 9.9973E-05 0.539689 9.9973E-05
0.817126 9.99729E-05 9.99729E-05 0.182574 9.99729E-05
0.382284 9.9991E-05 0.0141706 0.541797 0.0616481
9.9982E-05 0.3076 9.9982E-05 0.687551 0.00464875
0.766805 0.0501842 0.0860293 0.0170101 0.0799714
0.560891 0.145996 0.177994 0.115019 9.9991E-05
9.9991E-05 0.371339 0.0805936 0.463582 0.0843855
0.0706039 0.444287 0.213856 0.264043 0.00721027
0.618147 0.0436469 0.188105 0.150001 9.9991E-05
0.73219 9.9982E-05 0.169468 0.0981425 9.9982E-05
0.766999 9.9991E-05 0.0889214 0.0542524 0.089727
9.9982E-05 0.850981 0.116972 0.031848 9.9982E-05
9.9991E-05 0.0946076 0.127195 0.770337 0.00776027
0.421147 0.0775965 0.0773382 0.279592 0.144326
0.734344 0.0765899 0.0615497 0.127416 9.9991E-05
9.9991E-05 0.69406 0.0674746 0.210987 0.0273788
0.115882 9.9982E-05 0.108045 0.775873 9.9982E-05
0.0802086 9.9991E-05 0.0966822 0.81434 0.00866883
0.378176 0.322488 0.142806 0.110468 0.0460625
0.0257751 0.144085 9.9991E-05 0.778517 0.0515226
0.507804 9.9982E-05 9.9982E-05 0.412582 0.0794141
0.449712 9.9991E-05 0.0506445 0.446128 0.0534158
0.736833 0.0554988 0.174775 0.032793 9.9991E-05
9.9991E-05 0.222667 0.109318 0.523958 0.143958
0.721933 0.0262548 0.0133624 0.163261 0.0751889
0.740336 0.0591588 0.0193583 0.146368 0.0347796
9.9982E-05 0.377489 0.0155424 0.606769 9.9982E-05
0.253633 0.00468699 0.00582332 0.735757 9.9991E-05
9.9982E-05 0.0343011 9.9982E-05 0.884852 0.0806474
0.835699 9.9991E-05 0.0971935 0.0406286 0.0263793
0.514825 0.0610051 0.107629 0.067062 0.249479
0.692319 9.9982E-05 9.9982E-05 0.188529 0.118953
9.9982E-05 0.290188 0.0396747 0.669937 9.9982E-05
0.62793 9.9982E-05 9.9982E-05 0.286098 0.0857723
0.696675 9.9991E-05 0.0344047 0.191585 0.077236
0.81325 0.0454168 0.0201465 0.0862018 0.0349844
9.9973E-05 0.271597 9.9973E-05 0.728103 9.9973E-05
0.21934 9.9991E-05 0.0214205 0.758182 0.000957654
0.669226 0.0378506 0.106459 0.186365 9.9991E-05
0.14265 0.218133 9.9991E-05 0.530396 0.108721
0.823612 9.9991E-05 0.0300586 0.0843584 0.0618715
0.468406 0.283586 9.9991E-05 0.20497 0.0429383
0.316749 9.9991E-05 0.0413068 0.545227 0.0966171
9.9982E-05 0.353851 0.0152007 0.630748 9.9982E-05
0.299574 9.9991E-05 0.0620117 0.61303 0.0252847
0.124923 0.351449 0.0963251 0.375817 0.0514862
0.0177712 0.747641 0.0222113 0.212277 9.9991E-05
0.170525 9.9982E-05 9.9982E-05 0.743222 0.0860537
0.0101891 0.167123 9.9991E-05 0.723494 0.0990944
0.215008 0.120356 0.0236158 0.64092 9.9991E-05
0.70961 0.0628905 0.0516226 0.175777 9.9991E-05
9.9982E-05 0.757172 0.109221 0.133407 9.9982E-05
0.603077 0.197623 0.1991 9.9982E-05 9.9982E-05
0.602649 9.9991E-05 0.0314869 0.261342 0.104422
0.581521 0.317003 0.0775818 0.0158628 0.00803216
0.0886683 0.713478 9.9991E-05 0.160605 0.0371487
9.9973E-05 0.725746 9.9973E-05 0.273955 9.9973E-05
0.681299 0.050921 0.131461 0.136219 9.9991E-05
0.129405 9.9991E-05 0.00607881 0.780079 0.0843366
0.231951 0.198488 0.0395054 0.44502 0.0850354
9.9982E-05 0.779056 9.9982E-05 0.202652 0.0180922
0.405667 0.456374 0.101862 0.0331788 0.00291796
0.506204 0.253986 0.178494 0.0612154 9.9991E-05
0.749516 9.9982E-05 0.029191 0.221093 9.9982E-05
0.71328 0.0464782 9.9991E-05 0.186778 0.0533644
0.519276 0.345902 0.0390143 0.0184551 0.0773518
9.9982E-05 0.152394 0.0348998 0.812506 9.9982E-05
0.725281 9.9982E-05 9.9982E-05 0.210072 0.0644468
0.029786 0.135167 9.9982E-05 0.834847 9.9982E-05
0.200208 9.9982E-05 9.9982E-05 0.731693 0.0678991
0.722725 9.9991E-05 0.0369162 0.193559 0.0466998
9.9991E-05 0.376386 0.0173603 0.579516 0.0266376
0.124486 0.604509 9.9991E-05 0.184229 0.0866762
0.0104358 0.160306 0.0251491 0.80401 9.9991E-05
0.505224 0.34673 0.147846 9.9982E-05 9.9982E-05
0.255868 0.267527 0.153327 0.323178 9.9991E-05
0.425929 0.0658121 0.112184 0.392028 0.00404646
9.9991E-05 0.637797 0.0126575 0.314692 0.0347537
0.703216 0.121653 0.115913 0.0512802 0.00793793
0.0673029 0.172816 0.0674239 0.479195 0.213262
0.642501 0.100435 0.0642956 0.119123 0.0736457
0.700382 0.0981856 0.120809 0.0619215 0.0187019
0.649573 0.154561 0.0842782 0.111488 9.9991E-05
0.659536 0.0368816 0.106231 0.183669 0.0136826
0.555843 0.177922 0.101237 0.0826213 0.0823761
0.0520041 0.0485189 0.107323 0.689204 0.10295
9.9991E-05 0.100106 0.0437977 0.766044 0.0899525
0.645733 0.198777 0.131504 9.9991E-05 0.0238854
0.482758 0.443462 0.023707 9.9991E-05 0.0499727
0.102458 0.354254 0.118136 0.330767 0.094385
9.9973E-05 0.919664 0.0800364 9.9973E-05 9.9973E-05
9.9973E-05 0.294267 9.9973E-05 0.705433 9.9973E-05
9.9982E-05 0.793448 9.9982E-05 0.170803 0.03555
