0.629379 0.0921292 0.185319 0.0931727
0.759055 9.9991E-05 0.131891 0.108954
0.246791 9.9991E-05 0.682533 0.0705753
0.747995 0.176051 0.0758549 9.9991E-05
0.752416 0.171616 9.9991E-05 0.075868
0.412045 0.00553088 0.418215 0.164209
0.247067 9.9991E-05 0.730077 0.0227568
0.444265 9.9991E-05 0.389629 0.166006
0.765497 0.0812925 0.0673479 0.0858625
9.9982E-05 0.179284 0.820517 9.9982E-05
0.785065 0.108487 0.106348 9.9991E-05
0.8636 0.13474 0.00156026 9.9991E-05
0.440486 0.117885 0.33681 0.10482
0.300651 9.9991E-05 0.654872 0.0443775
0.911921 0.0878785 9.9982E-05 9.9982E-05
0.0401104 0.0476291 0.85254 0.0597201
0.324269 9.9982E-05 0.675531 9.9982E-05
0.436103 9.9991E-05 0.556914 0.00688375
0.761255 0.0640155 0.172565 0.00216415
0.0283523 0.881049 0.0523615 0.0382375
0.0108495 0.981978 0.00707231 9.9991E-05
9.9991E-05 0.868527 0.066647 0.0647263
0.18747 0.808415 9.9991E-05 0.00401498
0.185166 0.814634 9.9982E-05 9.9982E-05
9.9991E-05 0.373413 0.340466 0.28602
0.337317 0.468056 9.9991E-05 0.194527
9.9991E-05 0.292048 0.454292 0.253559
0.313332 0.522166 9.9991E-05 0.164402
9.9991E-05 0.820856 0.155761 0.0232832
0.0436461 0.956154 9.9982E-05 9.9982E-05
9.9991E-05 0.650793 0.307025 0.0420817
9.9991E-05 0.224324 0.239736 0.53584
9.9982E-05 0.561756 0.438044 9.9982E-05
9.9991E-05 0.571877 0.295066 0.132957
0.0727038 0.914083 0.00114609 0.0120666
0.152137 0.847663 9.9982E-05 9.9982E-05
0.0813906 0.832591 0.0859186 9.9991E-05
0.170079 0.829721 9.9982E-05 9.9982E-05
0.119578 9.9982E-05 9.9982E-05 0.880222
9.9982E-05 9.9982E-05 0.254451 0.745349
9.9991E-05 0.0842103 0.472618 0.443071
0.15893 0.230486 0.0565212 0.554063
9.9991E-05 0.258128 0.122801 0.618971
9.9991E-05 0.0655178 0.333565 0.600817
0.462873 0.204631 9.9991E-05 0.332395
0.365151 9.9982E-05 9.9982E-05 0.634649
9.9991E-05 0.118339 0.432028 0.449533
0.105823 0.0069613 9.9991E-05 0.887116
9.9982E-05 9.9982E-05 0.609728 0.390072
0.233565 0.00536336 9.9991E-05 0.760971
9.9991E-05 0.0167677 0.199792 0.78334
0.183519 0.279656 0.00145913 0.535366
0.3391 0.206095 9.9991E-05 0.454705
0.409247 0.0249564 9.9991E-05 0.565696
0.395551 0.231687 9.9991E-05 0.372663
0.341074 0.590885 9.9991E-05 0.0679408
9.99819E-05 9.99819E-05 0.182535 0.817265
9.9991E-05 0.276838 0.10774 0.615323
9.9982E-05 9.9982E-05 0.271849 0.727951
0.156405 0.0795787 9.9991E-05 0.763916
0.198281 0.0755432 9.9991E-05 0.726076
0.282688 9.9982E-05 9.9982E-05 0.717112
9.9991E-05 0.0243674 0.346473 0.62906
0.268853 0.213349 9.9991E-05 0.517698
9.9982E-05 9.9982E-05 0.464187 0.535613
0.393206 0.198863 9.9991E-05 0.407831
0.292017 0.0440986 9.9991E-05 0.663784
0.324926 0.0574806 9.9991E-05 0.617493
0.273019 0.163245 0.0251674 0.538569
0.0482445 0.358694 0.151825 0.441236
9.9991E-05 0.253236 0.423369 0.323295
9.9982E-05 9.9982E-05 0.422432 0.577368
0.226491 0.773309 9.9982E-05 9.9982E-05
9.99819E-05 9.99819E-05 0.32821 0.67159
0.247812 0.0924437 9.9991E-05 0.659644
0.386602 0.326542 9.9991E-05 0.286756
9.9991E-05 0.647664 0.31746 0.0347757
9.9991E-05 0.218929 0.522578 0.258393
9.9991E-05 0.626968 0.267827 0.105105
0.00938403 0.443909 0.127588 0.419119
9.9991E-05 0.244188 0.44656 0.309153
0.190591 0.34423 9.9991E-05 0.46508
0.100475 0.116103 0.0128275 0.770594
0.143906 0.27897 0.0749068 0.502217
9.9982E-05 9.9982E-05 0.349611 0.650189
0.115038 0.225764 9.9991E-05 0.659098
0.322301 0.024597 9.9991E-05 0.653002
0.022319 0.334932 0.33351 0.30924
9.9982E-05 9.9982E-05 0.422717 0.577083
0.336407 0.352416 9.9991E-05 0.311077
9.9982E-05 9.9982E-05 0.323692 0.676108
0.0400635 9.9991E-05 0.3254 0.634437
0.419918 0.177372 9.9991E-05 0.40261
0.164433 9.9991E-05 0.0792615 0.756205
0.167128 0.107339 0.142251 0.583283
9.9991E-05 0.0762752 0.767963 0.155661
0.0863373 0.103107 0.582172 0.228383
0.295801 0.13885 0.385973 0.179376
0.662573 0.00659775 0.174482 0.156348
0.030355 0.132138 0.803644 0.0338631
0.662331 0.0163573 0.232434 0.088878
0.165359 9.9991E-05 0.792799 0.0417419
0.0705778 0.0783168 0.693695 0.157411
0.195022 0.0952268 0.558027 0.151724
0.526505 0.244263 0.131755 0.0974779
9.9991E-05 0.112875 0.844125 0.0429002
0.511319 0.182586 0.274644 0.0314511
0.125125 0.0159202 0.690328 0.168627
0.44875 9.9991E-05 0.346817 0.204334
0.234269 0.231129 0.512733 0.0218699
0.283202 0.0296709 0.671691 0.0154356
0.727748 0.0957128 9.9991E-05 0.176439
0.586877 0.249934 0.163089 9.9991E-05
0.0786387 0.151187 0.499918 0.270256
0.195375 9.9991E-05 0.68383 0.120695
0.328375 0.194236 0.329132 0.148257
0.469421 0.259295 0.215716 0.0555683
0.712108 0.129377 0.120002 0.0385139
0.240587 0.103147 0.656166 9.9991E-05
0.66786 0.146608 0.144528 0.0410046
0.273263 0.0196922 0.685333 0.021712
9.9982E-05 0.0551042 0.944696 9.9982E-05
0.871215 0.0814653 0.0472192 9.9991E-05
0.381153 0.278527 0.34022 9.9991E-05
0.482462 9.9991E-05 0.320859 0.196579
0.40527 0.319192 0.275438 9.9991E-05
0.0806115 0.0218834 0.870332 0.0271728
0.779422 0.108349 0.038154 0.074075
0.505572 0.335044 0.159284 9.9991E-05
9.9982E-05 0.0544598 0.94534 9.9982E-05
0.98367 9.9982E-05 9.9982E-05 0.0161297
0.684425 0.305578 0.00989689 9.9991E-05
0.770536 0.085643 0.143721 9.9991E-05
9.9982E-05 0.0950636 0.904736 9.9982E-05
0.745466 0.181227 0.0610995 0.0122071
0.841944 0.0345687 0.0337616 0.0897257
0.494311 9.9991E-05 0.479546 0.0260424
0.46731 0.223916 0.29052 0.0182537
0.560656 0.200896 0.238348 9.9991E-05
9.9982E-05 0.0563614 0.943439 9.9982E-05
0.581587 0.0703783 0.257408 0.090627
0.390183 0.130028 0.382885 0.0969052
0.0413802 0.109611 0.726371 0.122638
0.624486 0.153999 0.121066 0.100449
0.324304 0.21841 0.293923 0.163363
9.9982E-05 0.148095 0.851705 9.9982E-05
0.218247 0.0908047 0.605377 0.085571
0.13504 0.0220691 0.768666 0.0742248
0.403897 0.268953 0.32705 9.9991E-05
0.00363099 9.9982E-05 0.996169 9.9982E-05
0.879404 0.0495899 0.0709057 9.9991E-05
0.0751232 0.0451595 0.879617 9.9991E-05
0.365269 0.286997 0.347634 9.9991E-05
0.621543 0.204821 0.173535 9.9991E-05
0.389289 0.142923 0.281095 0.186692
0.486831 9.9991E-05 0.371601 0.141468
0.309761 0.182304 0.432445 0.0754896
0.452787 0.214442 0.332672 9.9991E-05
9.9982E-05 0.0784745 0.921326 9.9982E-05
9.9982E-05 0.124885 0.874915 9.9982E-05
0.202596 9.9991E-05 0.70551 0.0917939
9.9991E-05 0.0932414 0.856427 0.0502316
9.9982E-05 0.0890086 0.910791 9.9982E-05
0.159753 0.00857635 0.663423 0.168247
0.282872 9.9991E-05 0.693614 0.0234143
0.839662 0.125683 9.9991E-05 0.0345558
0.893969 0.105831 9.9982E-05 9.9982E-05
0.470672 9.9991E-05 0.482844 0.0463837
0.914591 0.0362182 0.0490907 9.9991E-05
0.937183 0.0626169 9.9982E-05 9.9982E-05
0.713588 0.242203 0.0441091 9.9991E-05
0.899426 0.0867629 0.0137109 9.9991E-05
0.322387 9.9991E-05 0.672515 0.00499798
0.0202994 0.0135221 0.966078 9.9991E-05
0.74315 9.9991E-05 0.0895807 0.16717
0.228879 9.9991E-05 0.718803 0.0522178
0.321299 9.99942E-05 0.507146 0.171455
0.64087 9.9991E-05 0.329409 0.0296209
0.163864 9.9991E-05 0.819971 0.0160652
0.387773 9.9991E-05 0.526586 0.0855414
0.615081 0.157498 0.105117 0.122304
0.405619 9.9991E-05 0.470988 0.123293
0.496712 9.9991E-05 0.373668 0.12952
0.89946 0.0627477 0.0299 0.00789185
0.75551 9.9991E-05 0.133421 0.110969
0.173776 9.9991E-05 0.750598 0.0755262
0.361601 9.9991E-05 0.552764 0.0855353
0.0343608 9.9982E-05 0.965439 9.9982E-05
0.9997 9.998E-05 9.998E-05 9.998E-05
0.679105 9.9991E-05 0.19152 0.129275
0.0974124 9.9991E-05 0.867942 0.0345452
0.765903 0.154757 0.00396502 0.0753755
0.578583 0.22826 0.193057 9.9991E-05
9.9991E-05 0.0625519 0.810663 0.126685
0.10619 0.22569 0.649378 0.0187428
0.662053 0.234815 0.100351 0.00278041
0.781417 0.218383 9.9982E-05 9.9982E-05
0.770438 0.138712 9.9991E-05 0.0907496
9.9982E-05 0.161277 0.838523 9.9982E-05
0.20362 0.0376116 0.67126 0.0875089
0.546231 0.0791061 0.216594 0.158069
0.798697 0.115439 0.085764 9.9991E-05
9.9991E-05 0.117639 0.872871 0.00938976
0.39532 0.039823 0.509576 0.0552807
0.375169 0.00463031 0.521816 0.0983852
0.393566 0.186879 0.371313 0.0482426
0.261357 9.9991E-05 0.671589 0.0669545
0.720064 9.9991E-05 0.166397 0.113439
0.641 0.0344437 0.230801 0.093755
0.738698 0.238211 0.0229904 9.9991E-05
0.0919101 0.0521189 0.667058 0.188912
0.806459 0.0427124 0.0549828 0.0958457
0.808299 0.0797716 0.0816904 0.0302389
0.0700783 0.0157612 0.91406 9.9991E-05
0.538202 9.9982E-05 0.461598 9.9982E-05
0.261828 9.9991E-05 0.615333 0.122738
0.84249 0.149582 9.9991E-05 0.00782723
0.511287 0.187113 0.0717826 0.229817
0.839764 9.9982E-05 9.9982E-05 0.160036
0.101703 0.0101391 0.885841 0.00231654
0.840684 9.9991E-05 0.0283059 0.13091
0.817648 0.070045 0.00778161 0.104526
0.877256 0.0722106 0.00782703 0.0427066
0.161 9.9991E-05 0.810827 0.028073
0.522684 9.9991E-05 0.41745 0.0597659
0.752008 0.152478 0.095414 9.9991E-05
0.2953 9.9991E-05 0.562718 0.141882
0.866422 0.0843492 9.9991E-05 0.0491288
0.508951 0.066045 0.399585 0.025419
0.5785 0.000356065 0.250909 0.170235
0.0670697 0.0205751 0.912255 9.9991E-05
0.588711 0.00848408 0.285062 0.117743
0.208074 0.104888 0.629737 0.0573016
9.9982E-05 0.0897017 0.910098 9.9982E-05
0.432414 9.9991E-05 0.457098 0.110388
0.213028 9.9991E-05 0.668442 0.11843
0.444506 0.00934977 0.546044 9.9991E-05
0.777969 0.104924 0.117007 9.9991E-05
9.9982E-05 0.133169 0.866631 9.9982E-05
0.556922 0.342097 0.100881 9.9991E-05
0.734705 0.0650497 0.081365 0.11888
0.553997 0.185044 0.260859 9.9991E-05
0.0776575 0.00122105 0.883054 0.038067
9.998E-05 9.998E-05 0.9997 9.998E-05
0.724051 0.185191 0.0906581 9.9991E-05
0.410143 9.9991E-05 0.455782 0.133975
0.378407 0.0252905 0.488795 0.107507
9.9982E-05 0.0208288 0.978971 9.9982E-05
0.372043 0.188198 0.439659 9.9991E-05
0.489432 0.262741 0.247727 9.9991E-05
0.857823 0.0924378 0.0496393 9.9991E-05
0.787153 0.0595863 0.113338 0.0399225
0.483803 0.166906 0.320609 0.0286811
0.213635 9.9991E-05 0.728955 0.05731
0.896046 0.00462248 9.9991E-05 0.0992312
0.27906 9.9991E-05 0.692192 0.028648
0.473258 9.9991E-05 0.41145 0.115193
0.868005 0.0416636 9.9991E-05 0.0902317
0.0975183 0.000851128 0.848663 0.0529674
0.115545 0.018132 0.777333 0.0889898
0.245052 9.9991E-05 0.73649 0.0183587
0.462674 0.254991 0.282235 9.9991E-05
0.335484 0.153684 0.489879 0.0209534
0.568525 0.107511 0.289372 0.0345917
9.9991E-05 0.0475116 0.93136 0.0210284
0.713828 0.175532 0.110539 9.9991E-05
0.203329 0.0186734 0.517129 0.260868
0.680173 0.132911 0.122644 0.0642724
0.723647 0.20017 0.0660367 0.0101462
0.686425 0.151654 0.161821 9.9991E-05
0.748127 0.136759 0.0880801 0.0270338
0.563729 0.155187 0.197113 0.0839709
0.295699 0.0230327 0.513304 0.167965
0.191209 9.9991E-05 0.668878 0.139814
0.605427 0.23315 0.161322 9.9991E-05
0.44065 0.214855 0.336385 0.00810995
0.170063 0.125385 0.589233 0.115319
9.9982E-05 0.141665 0.858135 9.9982E-05
0.0769336 9.9982E-05 0.922866 9.9982E-05
9.9991E-05 0.0137144 0.963045 0.0231404
