0.122866 0.435892 0.275013 9.9973E-05 0.138385 9.9973E-05 0.027543 9.9973E-05
0.015702 0.562586 0.309849 9.9973E-05 0.0992697 9.9973E-05 9.9973E-05 0.0122939
0.037412 9.9982E-05 0.808505 0.0252469 9.9982E-05 0.0461915 0.0602532 0.0221914
0.0297143 0.50885 9.9982E-05 0.244741 0.06293 0.0375939 0.11597 9.9982E-05
9.9973E-05 0.438951 9.9973E-05 0.223281 0.225708 9.9973E-05 0.0724883 0.0392725
9.99729E-05 0.119751 0.332944 9.99729E-05 0.0932629 9.99729E-05 0.376184 0.0775578
0.00142872 0.0112261 0.82024 0.0149386 9.9973E-05 0.151867 9.9973E-05 9.9973E-05
9.9964E-05 0.150153 0.522579 9.9964E-05 9.9964E-05 9.9964E-05 0.232507 0.0943607
0.0209547 0.475596 0.193999 0.138314 9.9982E-05 9.9982E-05 0.136794 0.034141
0.060988 9.99639E-05 0.20379 9.99639E-05 9.99639E-05 0.322473 0.412349 9.99639E-05
0.0345362 0.660739 0.0610639 0.0167661 0.107186 9.9982E-05 0.119509 9.9982E-05
9.9955E-05 0.605575 9.9955E-05 0.154785 9.9955E-05 9.9955E-05 0.23914 9.9955E-05
0.011138 0.112075 0.233693 0.246141 0.260759 0.0646527 0.0164838 0.0550581
0.00532377 9.9955E-05 0.716553 9.9955E-05 9.9955E-05 9.9955E-05 0.277624 9.9955E-05
9.9955E-05 0.903251 9.9955E-05 9.9955E-05 9.9955E-05 0.0421082 0.0541406 9.9955E-05
0.0363805 9.9982E-05 0.448351 9.9982E-05 0.00310661 0.378351 0.102048 0.0315625
9.9982E-05 0.00529572 0.791153 0.0569101 0.0155368 0.0707699 0.0601346 9.9982E-05
9.99549E-05 0.122348 0.831495 9.99549E-05 0.0456564 9.99549E-05 9.99549E-05 9.99549E-05
9.9973E-05 0.321879 0.29888 0.293277 0.0360881 9.9973E-05 0.0495764 9.9973E-05
0.867073 0.0875809 9.9964E-05 9.9964E-05 0.0363793 0.00856706 9.9964E-05 9.9964E-05
0.828162 9.9946E-05 9.9946E-05 0.171238 9.9946E-05 9.9946E-05 9.9946E-05 9.9946E-05
0.904985 9.99549E-05 9.99549E-05 9.99549E-05 0.0722441 9.99549E-05 0.0222711 9.99549E-05
0.622253 9.99459E-05 9.99459E-05 0.377147 9.99459E-05 9.99459E-05 9.99459E-05 9.99459E-05
0.746301 0.132791 9.99549E-05 0.120408 9.99549E-05 9.99549E-05 9.99549E-05 9.99549E-05
0.500479 9.99729E-05 0.274182 9.99729E-05 9.99729E-05 0.0152243 0.0254894 0.184325
0.441187 0.398434 9.99639E-05 9.99639E-05 9.99639E-05 9.99639E-05 0.0226021 0.137376
0.247835 9.99549E-05 9.99549E-05 9.99549E-05 9.99549E-05 0.546786 9.99549E-05 0.204879
0.395326 0.20056 9.9973E-05 0.158485 0.127548 9.9973E-05 9.9973E-05 0.11778
0.873003 9.99639E-05 9.99639E-05 9.99639E-05 0.094482 0.010293 0.0218217 9.99639E-05
0.843081 9.99459E-05 9.99459E-05 0.156319 9.99459E-05 9.99459E-05 9.99459E-05 9.99459E-05
0.600212 9.9964E-05 0.0605937 0.138332 9.9964E-05 0.200463 9.9964E-05 9.9964E-05
0.257527 9.9982E-05 0.0548192 9.9982E-05 0.131789 0.0496575 0.0641741 0.441833
0.621714 9.99549E-05 0.028749 9.99549E-05 9.99549E-05 0.349037 9.99549E-05 9.99549E-05
0.709608 9.99549E-05 0.285032 9.99549E-05 9.99549E-05 9.99549E-05 9.99549E-05 0.00486043
0.850072 9.99486E-05 9.99486E-05 0.149328 9.99486E-05 9.99486E-05 9.99486E-05 9.99486E-05
0.766087 0.161338 9.99549E-05 0.0720751 9.99549E-05 9.99549E-05 9.99549E-05 9.99549E-05
0.745482 0.160128 9.9955E-05 9.9955E-05 9.9955E-05 0.0938902 9.9955E-05 9.9955E-05
0.657523 9.99459E-05 9.99459E-05 0.341878 9.99459E-05 9.99459E-05 9.99459E-05 9.99459E-05
9.99639E-05 0.0854618 9.99639E-05 0.0240036 0.0501514 9.99639E-05 9.99639E-05 0.839983
9.9955E-05 9.9955E-05 9.9955E-05 9.9955E-05 0.0607951 0.278825 9.9955E-05 0.65988
0.0928959 9.9964E-05 9.9964E-05 9.9964E-05 9.9964E-05 0.468921 0.0133299 0.424453
0.00575545 9.9973E-05 9.9973E-05 0.346488 0.0323664 0.0971155 9.9973E-05 0.517974
0.290616 9.9982E-05 0.0416752 9.9982E-05 0.0545972 0.0125991 0.0456053 0.554707
0.0971851 9.9973E-05 0.141711 9.9973E-05 9.9973E-05 0.153685 0.0438735 0.563245
0.121488 0.366189 9.9964E-05 0.212133 9.9964E-05 9.9964E-05 9.9964E-05 0.29979
9.9955E-05 0.422083 9.9955E-05 0.0119896 9.9955E-05 9.9955E-05 9.9955E-05 0.565428
0.183236 9.99639E-05 0.15599 9.99639E-05 9.99639E-05 0.270959 9.99639E-05 0.389415
9.99639E-05 0.0686183 9.99639E-05 9.99639E-05 0.0575009 9.99639E-05 0.0687227 0.804758
9.9946E-05 9.9946E-05 9.9946E-05 9.9946E-05 9.9946E-05 0.664719 9.9946E-05 0.334682
9.9955E-05 0.220957 9.9955E-05 0.0713415 9.9955E-05 9.9955E-05 9.9955E-05 0.707202
9.9955E-05 9.9955E-05 9.9955E-05 9.9955E-05 0.0316357 0.266268 9.9955E-05 0.701596
0.0697542 9.9982E-05 9.9982E-05 0.287634 0.111597 0.00157727 0.0122125 0.517025
0.176122 0.413783 9.99639E-05 9.99639E-05 9.99639E-05 9.99639E-05 0.000875363 0.40882
0.0344106 0.451319 9.9955E-05 9.9955E-05 9.9955E-05 9.9955E-05 9.9955E-05 0.513771
0.0798116 0.139808 9.9973E-05 0.412045 9.9973E-05 0.00112463 9.9973E-05 0.366911
0.468009 9.9964E-05 0.034051 0.457306 9.9964E-05 9.9964E-05 9.9964E-05 0.0402342
9.99729E-05 9.99729E-05 0.0276122 9.99729E-05 0.0730134 0.102552 0.0167813 0.779741
0.0895787 9.9982E-05 9.9982E-05 0.121445 0.0431997 0.140438 0.00445758 0.600681
9.99549E-05 9.99549E-05 9.99549E-05 9.99549E-05 0.055692 0.24631 9.99549E-05 0.697499
9.99549E-05 0.14259 9.99549E-05 0.122982 9.99549E-05 9.99549E-05 9.99549E-05 0.733928
0.0619039 0.249385 9.99549E-05 9.99549E-05 9.99549E-05 9.99549E-05 9.99549E-05 0.688211
9.99459E-05 0.323853 9.99459E-05 9.99459E-05 9.99459E-05 9.99459E-05 9.99459E-05 0.675547
0.0758338 9.9973E-05 0.147628 9.9973E-05 0.127846 0.126929 9.9973E-05 0.521463
0.0178808 9.99549E-05 9.99549E-05 0.470696 9.99549E-05 9.99549E-05 9.99549E-05 0.510923
9.9955E-05 9.9955E-05 0.380066 9.9955E-05 9.9955E-05 0.1524 9.9955E-05 0.467035
0.211521 0.392622 9.99639E-05 9.99639E-05 9.99639E-05 9.99639E-05 0.0486328 0.346824
9.9955E-05 0.181812 9.9955E-05 0.201612 9.9955E-05 9.9955E-05 9.9955E-05 0.616075
9.9955E-05 0.341867 9.9955E-05 0.0793345 9.9955E-05 9.9955E-05 9.9955E-05 0.578298
0.223197 0.216132 0.122077 9.99729E-05 9.99729E-05 9.99729E-05 0.00992144 0.428374
0.373498 9.9973E-05 0.0560738 9.9973E-05 0.0755317 9.9973E-05 0.14637 0.348227
0.266306 9.9973E-05 9.9973E-05 9.9973E-05 0.0314271 0.399938 0.015967 0.286062
9.99549E-05 9.99549E-05 0.139852 9.99549E-05 9.99549E-05 0.324423 9.99549E-05 0.535225
0.673832 0.0441593 9.9955E-05 0.281509 9.9955E-05 9.9955E-05 9.9955E-05 9.9955E-05
9.99549E-05 9.99549E-05 0.147866 9.99549E-05 9.99549E-05 0.195695 9.99549E-05 0.65594
0.0656454 0.308634 9.99549E-05 9.99549E-05 9.99549E-05 9.99549E-05 9.99549E-05 0.62522
0.284094 0.35327 9.9973E-05 0.0985036 9.9973E-05 9.9973E-05 0.000132044 0.263701
0.754895 9.99549E-05 0.0921319 9.99549E-05 9.99549E-05 0.152473 9.99549E-05 9.99549E-05
0.214231 9.9964E-05 0.03843 9.9964E-05 9.9964E-05 0.513973 9.9964E-05 0.232966
0.752323 9.99639E-05 0.17521 9.99639E-05 9.99639E-05 0.0516157 9.99639E-05 0.0204519
0.416652 9.99639E-05 9.99639E-05 9.99639E-05 0.186013 9.99639E-05 0.0948403 0.302094
0.175707 9.9964E-05 9.9964E-05 9.9964E-05 0.0537407 0.513427 9.9964E-05 0.256726
0.203801 9.99549E-05 9.99549E-05 0.3386 9.99549E-05 9.99549E-05 9.99549E-05 0.457099
9.996E-05 9.996E-05 9.996E-05 0.216187 0.01643 0.0307176 9.996E-05 0.736266
0.125257 9.9964E-05 9.9964E-05 0.302525 9.9964E-05 0.103634 9.9964E-05 0.468184
9.99549E-05 9.99549E-05 0.0764068 9.99549E-05 9.99549E-05 0.268363 9.99549E-05 0.65473
0.11848 0.100775 9.9973E-05 0.0414906 0.139169 9.9973E-05 9.9973E-05 0.599786
9.99549E-05 0.178059 9.99549E-05 0.222755 9.99549E-05 9.99549E-05 9.99549E-05 0.598686
0.402395 9.996E-05 0.355701 9.996E-05 9.996E-05 9.996E-05 0.0505353 0.19097
0.0117096 9.9964E-05 0.337624 9.9964E-05 9.9964E-05 0.136672 9.9964E-05 0.513594
0.426255 0.331101 0.0423851 9.9964E-05 9.9964E-05 9.9964E-05 9.9964E-05 0.199859
0.000353031 9.99549E-05 0.418149 9.99549E-05 9.99549E-05 9.99549E-05 9.99549E-05 0.580998
0.0775282 9.99549E-05 0.442294 9.99549E-05 9.99549E-05 9.99549E-05 9.99549E-05 0.479678
0.16177 0.434233 9.9964E-05 0.0775785 9.9964E-05 9.9964E-05 9.9964E-05 0.326018
9.99549E-05 9.99549E-05 0.332404 0.0132671 9.99549E-05 9.99549E-05 9.99549E-05 0.653829
0.16703 0.0103332 0.303229 9.9973E-05 9.9973E-05 9.9973E-05 0.0449527 0.474155
9.99549E-05 9.99549E-05 9.99549E-05 9.99549E-05 0.579612 0.403684 9.99549E-05 0.0162043
0.04499 9.9973E-05 0.0443336 9.9973E-05 0.629681 0.198011 9.9973E-05 0.0826849
9.9964E-05 9.9964E-05 9.9964E-05 0.173515 0.785285 0.0379421 9.9964E-05 0.0028587
9.9964E-05 0.371033 0.0974042 0.0278781 0.503285 9.9964E-05 9.9964E-05 9.9964E-05
9.99639E-05 9.99639E-05 0.00113704 9.99639E-05 0.586821 0.365953 0.0456891 9.99639E-05
0.00726709 0.307148 0.311838 0.0547487 0.266342 9.9982E-05 0.0524559 9.9982E-05
9.99549E-05 9.99549E-05 0.549329 9.99549E-05 0.360977 0.0891936 9.99549E-05 9.99549E-05
9.99639E-05 9.99639E-05 0.00716683 9.99639E-05 0.704695 0.28389 9.99639E-05 0.00384776
0.059138 9.99639E-05 0.131229 9.99639E-05 0.707506 9.99639E-05 0.101727 9.99639E-05
0.067378 0.266682 9.9964E-05 0.0684963 0.597044 9.9964E-05 9.9964E-05 9.9964E-05
9.9955E-05 9.9955E-05 9.9955E-05 9.9955E-05 0.2557 0.640662 0.103138 9.9955E-05
0.042125 0.438877 9.9964E-05 9.9964E-05 0.430161 0.0884373 9.9964E-05 9.9964E-05
9.99549E-05 9.99549E-05 0.120525 9.99549E-05 0.722928 0.156048 9.99549E-05 9.99549E-05
9.99729E-05 0.198445 0.16152 9.99729E-05 0.563537 9.99729E-05 0.0202282 0.0559696
0.0616297 9.9964E-05 9.9964E-05 9.9964E-05 0.716063 0.055539 0.166368 9.9964E-05
0.0389034 0.0171973 0.534317 9.9982E-05 0.279315 0.0840355 0.0460325 9.9982E-05
9.99639E-05 0.412981 9.99639E-05 0.123207 0.418249 9.99639E-05 9.99639E-05 0.0451639
9.99549E-05 9.99549E-05 0.0544298 0.57983 0.36524 9.99549E-05 9.99549E-05 9.99549E-05
0.0778391 9.9982E-05 0.00757216 9.9982E-05 0.625267 0.0512591 0.114426 0.123437
9.99549E-05 9.99549E-05 0.302171 9.99549E-05 0.615724 0.0816055 9.99549E-05 9.99549E-05
0.0808499 0.0784592 9.9964E-05 9.9964E-05 0.760421 9.9964E-05 0.0798701 9.9964E-05
9.99459E-05 9.99459E-05 9.99459E-05 0.333475 0.665926 9.99459E-05 9.99459E-05 9.99459E-05
0.0211156 0.507917 0.0857955 0.0956229 0.154445 9.9991E-05 0.130412 0.00459137
9.99549E-05 9.99549E-05 0.26782 9.99549E-05 9.99549E-05 0.048567 0.683114 9.99549E-05
9.9991E-05 0.103532 0.225468 0.594329 0.0192826 0.00818831 0.0149087 0.0341915
0.00984926 9.99729E-05 0.5215 9.99729E-05 0.151475 0.0766868 0.240188 9.99729E-05
9.99459E-05 9.99459E-05 9.99459E-05 9.99459E-05 9.99459E-05 0.509903 0.489498 9.99459E-05
9.9982E-05 0.620385 0.0498685 0.216815 0.0297302 0.0254293 0.0575722 9.9982E-05
0.033475 0.188105 9.9973E-05 0.0266363 9.9973E-05 0.0405302 0.710954 9.9973E-05
9.9982E-05 0.218068 0.430427 0.00288149 0.139706 9.9982E-05 0.0980568 0.110661
9.99459E-05 9.99459E-05 9.99459E-05 0.309311 9.99459E-05 9.99459E-05 0.690089 9.99459E-05
9.9964E-05 9.9964E-05 0.412067 0.0139215 9.9964E-05 0.322844 0.250768 9.9964E-05
9.99729E-05 0.585678 9.99729E-05 0.0967879 0.0689984 9.99729E-05 0.199356 0.04888
9.99459E-05 9.99459E-05 9.99459E-05 0.47155 9.99459E-05 9.99459E-05 0.527851 9.99459E-05
9.99459E-05 9.99459E-05 9.99459E-05 9.99459E-05 9.99459E-05 0.596144 0.403257 9.99459E-05
9.9973E-05 0.772156 0.0162535 0.145567 0.0507648 0.0149584 9.9973E-05 9.9973E-05
9.99549E-05 0.1699 9.99549E-05 0.315742 9.99549E-05 9.99549E-05 0.513858 9.99549E-05
9.99639E-05 0.324675 0.293158 0.379726 9.99639E-05 9.99639E-05 0.00204007 9.99639E-05
9.99459E-05 9.99459E-05 9.99459E-05 9.99459E-05 9.99459E-05 0.546283 0.453118 9.99459E-05
9.99639E-05 0.250001 0.0113344 0.426984 9.99639E-05 9.99639E-05 0.31128 9.99639E-05
0.0012619 0.784588 0.00165973 9.9982E-05 0.183073 0.00967452 9.9982E-05 0.0195425
0.00635699 0.181225 0.572384 9.99729E-05 0.00177578 9.99729E-05 0.237958 9.99729E-05
0.0766736 0.0340591 0.207606 0.453499 0.137793 0.0891656 9.9991E-05 0.00110387
0.0405491 0.115958 0.164607 0.448804 0.0721573 0.000418801 0.157405 9.9991E-05
9.99549E-05 9.99549E-05 0.0973042 9.99549E-05 9.99549E-05 0.387695 0.514501 9.99549E-05
0.0799973 0.418806 0.287113 9.9973E-05 9.9973E-05 9.9973E-05 0.167263 0.0465201
9.99729E-05 0.0651129 0.0918342 9.99729E-05 0.0609545 9.99729E-05 0.759204 0.0225946
0.038275 9.9982E-05 0.202509 9.9982E-05 0.256491 0.209641 0.23966 0.053224
0.0248252 0.334831 0.0635022 0.217138 0.116442 9.9991E-05 0.183905 0.0592564
0.0178366 0.0928029 9.997E-05 9.997E-05 0.472773 9.997E-05 0.337073 0.0792146
0.0453333 0.0316955 0.0120895 0.0408465 9.9991E-05 0.809012 0.0434278 0.0174958
0.0359891 9.9982E-05 0.320154 9.9982E-05 0.184013 0.0563972 0.377785 0.0254617
0.0242576 9.9982E-05 0.424655 9.9982E-05 0.132941 0.228114 0.166585 0.0232472
0.0775258 0.381984 9.9982E-05 0.0467525 0.0251011 0.266188 0.202249 9.9982E-05
9.99549E-05 9.99549E-05 0.379223 9.99549E-05 9.99549E-05 0.512476 0.107801 9.99549E-05
9.99639E-05 0.437111 0.188225 0.366557 0.00770715 9.99639E-05 9.99639E-05 9.99639E-05
9.99639E-05 9.99639E-05 0.313817 9.99639E-05 0.0685055 0.397794 0.219484 9.99639E-05
9.9964E-05 9.9964E-05 9.9964E-05 0.411338 0.0632134 0.140601 0.384448 9.9964E-05
9.9982E-05 0.133887 0.00905139 0.501018 0.138421 0.0557387 0.161684 9.9982E-05
0.00401454 0.167491 9.9973E-05 9.9973E-05 0.347658 9.9973E-05 0.359593 0.120944
9.99729E-05 0.19643 0.359301 9.99729E-05 0.269905 9.99729E-05 0.130242 0.0438224
0.0625464 0.106338 0.0289701 9.9991E-05 0.37797 0.0449101 0.363701 0.0154649
9.99729E-05 9.99729E-05 0.0812476 0.451905 0.272013 0.0884269 0.106108 9.99729E-05
9.9973E-05 0.0447821 0.110787 9.9973E-05 0.108049 0.718905 0.017177 9.9973E-05
9.99549E-05 9.99549E-05 9.99549E-05 9.99549E-05 0.00125725 0.663336 0.334907 9.99549E-05
9.9964E-05 9.9964E-05 0.637654 9.9964E-05 9.9964E-05 0.0505485 0.270411 0.0409865
0.00772202 9.9982E-05 0.0886818 9.9982E-05 0.00405842 0.561438 0.288855 0.0490449
9.9955E-05 0.129366 9.9955E-05 9.9955E-05 0.0235127 0.846621 9.9955E-05 9.9955E-05
0.00533394 9.9973E-05 0.495444 9.9973E-05 9.9973E-05 0.0493373 0.338606 0.11098
9.99639E-05 0.0658663 0.58596 9.99639E-05 9.99639E-05 0.149442 0.198332 9.99639E-05
0.0536134 0.736853 9.9973E-05 0.134805 9.9973E-05 9.9973E-05 0.0595202 0.0149091
0.0219813 0.644844 0.13977 0.193005 9.99639E-05 9.99639E-05 9.99639E-05 9.99639E-05
0.0529398 0.202724 0.71707 9.99639E-05 9.99639E-05 9.99639E-05 0.0268659 9.99639E-05
9.996E-05 0.813466 0.107077 0.0561919 9.996E-05 0.0228659 9.996E-05 9.996E-05
9.9964E-05 0.774821 0.0344113 0.154442 0.0359261 9.9964E-05 9.9964E-05 9.9964E-05
0.0724965 0.112841 0.210179 0.604084 9.99639E-05 9.99639E-05 9.99639E-05 9.99639E-05
9.99549E-05 0.542941 0.132776 0.323784 9.99549E-05 9.99549E-05 9.99549E-05 9.99549E-05
0.0516729 0.107252 0.720118 9.9964E-05 9.9964E-05 0.120558 9.9964E-05 9.9964E-05
9.9955E-05 9.9955E-05 0.291272 9.9955E-05 9.9955E-05 0.533062 0.175166 9.9955E-05
9.9973E-05 0.536865 0.263515 9.9973E-05 0.110602 9.9973E-05 0.0151572 0.0735618
0.0164939 9.9973E-05 0.841821 0.0169 0.00765389 0.116832 9.9973E-05 9.9973E-05
0.111468 0.0559496 0.744531 9.9973E-05 9.9973E-05 9.9973E-05 0.0177978 0.0699533
0.0110994 0.408514 0.548224 9.9964E-05 0.0317625 9.9964E-05 9.9964E-05 9.9964E-05
9.9955E-05 9.9955E-05 0.743301 9.9955E-05 9.9955E-05 0.15714 0.0990592 9.9955E-05
9.9982E-05 0.17964 0.632533 0.0156874 0.0530299 0.0865112 9.9982E-05 0.0323982
0.104681 0.439685 0.104405 9.9973E-05 9.9973E-05 9.9973E-05 0.280124 0.0708053
0.0531526 0.215393 0.621875 9.9973E-05 9.9973E-05 0.06629 9.9973E-05 0.0429898
9.9973E-05 0.196015 0.593023 0.00516182 0.177813 9.9973E-05 9.9973E-05 0.0276867
9.9964E-05 0.863775 0.0383068 0.022694 9.9964E-05 0.0748246 9.9964E-05 9.9964E-05
9.9982E-05 0.55483 0.282007 0.0343985 0.0861985 9.9982E-05 0.00605241 0.0363138
9.9973E-05 0.00838218 0.633746 0.0339262 9.9973E-05 0.310373 9.9973E-05 0.0132734
9.9973E-05 0.00976494 0.858119 0.0568454 0.0484476 9.9973E-05 9.9973E-05 0.0265233
9.9955E-05 9.9955E-05 0.474674 9.9955E-05 9.9955E-05 0.412601 0.112225 9.9955E-05
9.9973E-05 0.811296 0.0988854 0.0691802 0.0201394 9.9973E-05 0.000198931 9.9973E-05
0.0193834 0.448739 0.367614 9.9973E-05 9.9973E-05 9.9973E-05 0.113746 0.0502172
9.99639E-05 9.99639E-05 0.639822 9.99639E-05 9.99639E-05 0.259476 0.0927807 0.00752211
9.9973E-05 0.549366 9.9973E-05 0.14721 0.0174203 9.9973E-05 0.237096 0.048608
0.053596 0.530747 9.9964E-05 9.9964E-05 9.9964E-05 0.0305314 0.384726 9.9964E-05
0.0777791 9.9982E-05 0.383649 9.9982E-05 0.0404064 0.30534 0.130978 0.0616478
0.0434183 9.9973E-05 0.00547483 9.9973E-05 0.126642 0.138834 0.685331 9.9973E-05
0.137548 0.663445 9.9964E-05 9.9964E-05 9.9964E-05 0.0409136 0.157694 9.9964E-05
9.99549E-05 0.410146 9.99549E-05 0.214129 9.99549E-05 9.99549E-05 0.375225 9.99549E-05
9.9964E-05 0.529259 9.9964E-05 0.151511 9.9964E-05 9.9964E-05 0.266303 0.0525275
9.9946E-05 9.9946E-05 9.9946E-05 9.9946E-05 9.9946E-05 0.669243 0.330158 9.9946E-05
0.00794795 9.9964E-05 0.513304 9.9964E-05 9.9964E-05 9.9964E-05 0.461567 0.0167818
0.00223928 0.308894 9.99729E-05 9.99729E-05 0.403148 9.99729E-05 0.239567 0.0458521
9.9964E-05 0.662339 9.9964E-05 0.00119986 0.0213969 9.9964E-05 0.314665 9.9964E-05
9.99639E-05 9.99639E-05 0.0963156 9.99639E-05 0.113573 0.506973 0.282738 9.99639E-05
0.0547627 0.131668 0.525568 9.9964E-05 9.9964E-05 9.9964E-05 0.287601 9.9964E-05
0.0243579 0.0933709 0.549214 9.9973E-05 9.9973E-05 9.9973E-05 0.317496 0.0152609
0.00699007 0.141384 9.99639E-05 9.99639E-05 0.403837 9.99639E-05 0.447389 9.99639E-05
9.9973E-05 9.9973E-05 0.686942 9.9973E-05 0.252297 0.0133987 0.0443512 0.00271092
9.99729E-05 0.598722 0.238062 9.99729E-05 0.110919 9.99729E-05 0.000751901 0.0512443
9.99729E-05 0.414197 0.116208 9.99729E-05 0.136071 9.99729E-05 0.327852 0.00537189
0.036722 0.493813 9.9964E-05 0.221056 9.9964E-05 9.9964E-05 0.24801 9.9964E-05
0.0219472 9.99729E-05 0.338926 9.99729E-05 9.99729E-05 0.102602 0.392821 0.143404
9.996E-05 0.661742 9.996E-05 0.035594 9.996E-05 9.996E-05 0.25338 0.0488837
9.9964E-05 0.28516 0.108605 0.435841 9.9964E-05 9.9964E-05 0.169994 9.9964E-05
9.99549E-05 9.99549E-05 0.475019 9.99549E-05 9.99549E-05 0.30391 0.220571 9.99549E-05
9.99639E-05 0.330607 0.569444 9.99639E-05 9.99639E-05 0.0519579 0.0475916 9.99639E-05
9.9955E-05 9.9955E-05 0.741709 9.9955E-05 9.9955E-05 9.9955E-05 0.192456 0.0653352
0.0644351 0.789705 9.9973E-05 0.0938323 9.9973E-05 9.9973E-05 0.0481844 0.003543
0.0748435 0.182318 0.128153 0.387994 0.0317002 9.9982E-05 9.9982E-05 0.194791
9.9973E-05 0.692961 0.108653 0.049747 9.9973E-05 9.9973E-05 0.038331 0.110008
0.00279657 9.9964E-05 0.55512 9.9964E-05 9.9964E-05 0.244362 0.197322 9.9964E-05
9.9982E-05 0.573206 0.209838 0.1151 0.027141 9.9982E-05 0.00839417 0.0661213
0.0329163 0.683463 0.0509211 0.0362875 0.0960508 9.9991E-05 0.0598195 0.0404416
9.9973E-05 0.757151 9.9973E-05 0.0936952 0.097249 0.0354971 0.0161079 9.9973E-05
9.9955E-05 9.9955E-05 0.714323 9.9955E-05 0.0491294 0.236048 9.9955E-05 9.9955E-05
0.0212828 0.289109 0.538828 9.9973E-05 0.033562 9.9973E-05 0.116918 9.9973E-05
0.0535712 0.675885 0.0591985 0.102931 9.9973E-05 0.108115 9.9973E-05 9.9973E-05
9.9991E-05 0.0389733 0.467093 0.0764308 0.00525548 0.127813 0.209776 0.0745578
0.0165906 0.738674 0.00563726 0.146536 0.0570761 9.9991E-05 0.0040489 0.0313366
9.9973E-05 0.0345466 0.279632 0.442143 0.0750336 0.168344 9.9973E-05 9.9973E-05
0.0217018 0.324925 0.383109 9.9982E-05 0.0789896 9.9982E-05 0.128347 0.0627275
9.9955E-05 9.9955E-05 0.54423 9.9955E-05 9.9955E-05 0.38995 0.0653203 9.9955E-05
0.0294945 0.305976 0.42521 9.9982E-05 0.0228192 9.9982E-05 0.18995 0.0263507
0.0500859 0.0126975 0.235753 9.9991E-05 0.305753 0.141724 0.25322 0.000666647
9.9973E-05 0.00116311 0.135662 9.9973E-05 0.133862 0.589189 0.139824 9.9973E-05
9.99729E-05 0.13517 0.535668 9.99729E-05 0.12178 9.99729E-05 0.15762 0.049462
9.99549E-05 9.99549E-05 0.501968 9.99549E-05 0.438021 9.99549E-05 0.0595107 9.99549E-05
9.99729E-05 0.191954 0.482936 9.99729E-05 0.0504225 0.0166 0.257788 9.99729E-05
9.99729E-05 0.443979 0.105374 0.265526 0.0443511 9.99729E-05 0.140471 9.99729E-05
0.0103839 9.99639E-05 9.99639E-05 9.99639E-05 0.0441287 0.546515 0.398572 9.99639E-05
0.0145323 0.0177467 9.9973E-05 0.604716 9.9973E-05 9.9973E-05 0.34258 0.020125
0.0210526 0.453046 0.0645053 0.0602001 0.388395 9.998E-05 9.998E-05 0.0126011
0.0389687 0.525611 9.9973E-05 0.061464 0.127851 0.245806 9.9973E-05 9.9973E-05
9.99639E-05 0.0570918 0.109312 9.99639E-05 0.243934 0.589263 9.99639E-05 9.99639E-05
9.99639E-05 9.99639E-05 0.239645 9.99639E-05 0.0870123 0.614424 0.0585184 9.99639E-05
0.00629533 0.33081 0.112121 0.358501 9.9973E-05 9.9973E-05 0.191973 9.9973E-05
0.0160346 0.141463 0.645925 9.9982E-05 0.0637061 9.9982E-05 0.0658763 0.0667947
0.0177259 0.0972771 0.317708 9.9991E-05 0.36604 0.000638431 0.185675 0.0148349
9.996E-05 9.996E-05 0.166299 9.996E-05 0.10227 0.724373 0.00665869 9.996E-05
9.99639E-05 0.222182 9.99639E-05 9.99639E-05 0.387264 0.156108 0.234046 9.99639E-05
0.0451855 0.158075 0.00132394 0.294205 0.156925 0.0580629 0.286123 9.9991E-05
0.016903 0.861147 0.0251232 9.9973E-05 9.9973E-05 0.0803432 0.016184 9.9973E-05
9.9973E-05 0.712427 0.033261 9.9973E-05 0.223535 0.0252362 0.00524149 9.9973E-05
9.9982E-05 0.102496 0.0582278 0.340945 0.34723 0.125136 0.0257655 9.9982E-05
0.0649692 9.9964E-05 0.763139 9.9964E-05 0.0229207 0.148571 9.9964E-05 9.9964E-05
9.9973E-05 0.767582 0.0923893 0.0329848 0.0842888 9.9973E-05 9.9973E-05 0.0224551
9.9964E-05 9.9964E-05 0.788523 0.0638311 0.0781837 0.0690627 9.9964E-05 9.9964E-05
9.9982E-05 0.148389 0.567755 0.00417585 0.201945 9.9982E-05 0.0533142 0.0242215
0.022667 0.71376 0.0742209 0.0627913 9.9982E-05 9.9982E-05 0.0841309 0.0422297
0.0295558 9.9955E-05 0.560326 9.9955E-05 9.9955E-05 0.409619 9.9955E-05 9.9955E-05
9.9982E-05 0.0446259 0.128758 9.9982E-05 0.353639 0.43668 0.0263904 0.00970722
0.0146805 9.9973E-05 0.684485 9.9973E-05 0.0354358 0.0880309 0.177067 9.9973E-05
0.0817755 0.466379 9.9973E-05 9.9973E-05 0.127997 0.223122 0.100426 9.9973E-05
0.063388 0.223249 0.108904 9.9982E-05 0.157975 0.132885 0.313399 9.9982E-05
0.0739399 0.497755 0.195538 9.9973E-05 9.9973E-05 0.0775251 0.154943 9.9973E-05
9.99549E-05 9.99549E-05 0.262803 0.0326541 9.99549E-05 0.704043 9.99549E-05 9.99549E-05
9.9973E-05 0.173394 0.137936 0.618958 9.9973E-05 0.0609005 0.00851273 9.9973E-05
0.0511284 0.0731584 0.355438 9.9991E-05 0.163449 0.110288 0.0780546 0.168383
0.037409 0.572312 0.0459638 0.0912684 0.108577 0.0912671 0.0157062 0.037496
0.0250474 0.350719 0.0638723 0.446463 0.0239222 0.0897753 9.9982E-05 9.9982E-05
0.05577 0.731855 9.99549E-05 9.99549E-05 9.99549E-05 0.211875 9.99549E-05 9.99549E-05
0.0852743 0.771 9.99639E-05 9.99639E-05 9.99639E-05 0.117983 0.0253421 9.99639E-05
0.0694853 0.637326 9.99639E-05 9.99639E-05 9.99639E-05 0.260566 9.99639E-05 0.0322228
0.113887 0.0728554 0.535446 9.9991E-05 0.17256 0.0298395 0.0244831 0.05083
0.0282281 9.9982E-05 0.677036 9.9982E-05 0.0660161 0.0162188 0.143226 0.0690754
9.9982E-05 0.0917017 0.0643211 0.604505 9.9982E-05 0.065435 0.146079 0.027759
9.9973E-05 0.386419 9.9973E-05 0.0534208 0.228555 0.314626 0.0166795 9.9973E-05
0.0533867 9.9991E-05 0.229668 0.051213 0.190746 0.189693 0.220291 0.0649028
0.0305704 9.9955E-05 9.9955E-05 9.9955E-05 9.9955E-05 0.830675 0.138255 9.9955E-05
9.9946E-05 9.9946E-05 0.675486 9.9946E-05 9.9946E-05 0.323915 9.9946E-05 9.9946E-05
9.9982E-05 0.0377231 0.114087 9.9982E-05 0.00104964 0.789537 0.0555005 0.00190282
