0.0903623 9.991E-05 9.991E-05 9.991E-05 0.0247899 0.44638 0.0518528 9.991E-05 0.00387643 9.991E-05 0.034336 9.991E-05 9.991E-05 9.991E-05 9.991E-05 0.347404 9.991E-05
9.99009E-05 0.0303197 9.99009E-05 0.073175 9.99009E-05 0.345169 0.0287137 9.99009E-05 9.99009E-05 0.121894 9.99009E-05 9.99009E-05 9.99009E-05 9.99009E-05 9.99009E-05 0.39963 9.99009E-05
9.99008E-05 9.99008E-05 0.298144 9.99008E-05 0.0239898 9.99008E-05 9.99008E-05 0.0439454 9.99008E-05 9.99008E-05 9.99008E-05 9.99008E-05 0.0345291 0.276309 9.99008E-05 0.321984 9.99008E-05
0.178266 9.99099E-05 9.99099E-05 9.99099E-05 0.0283005 0.499217 9.99099E-05 9.99099E-05 9.99099E-05 9.99099E-05 9.99099E-05 0.184698 9.99099E-05 9.99099E-05 0.00944011 0.0899429 0.00913555
0.195012 9.99099E-05 9.99099E-05 9.99099E-05 9.99099E-05 0.248461 0.104232 9.99099E-05 9.99099E-05 0.165587 9.99099E-05 0.141307 0.12265 9.99099E-05 9.99099E-05 9.99099E-05 0.0217531
0.221639 0.0292994 0.0822851 9.99278E-05 9.99278E-05 9.99278E-05 9.99278E-05 0.187484 9.99278E-05 0.0622103 0.0316553 0.0528189 9.99278E-05 0.0462649 9.99278E-05 0.285544 9.99278E-05
9.99008E-05 9.99008E-05 0.0237927 9.99008E-05 9.99008E-05 0.049193 9.99008E-05 9.99008E-05 0.0187725 9.99008E-05 9.99008E-05 9.99008E-05 9.99008E-05 0.330066 0.0308812 0.546196 9.99008E-05
0.0297619 0.0219357 9.991E-05 9.991E-05 9.991E-05 9.991E-05 9.991E-05 0.126836 9.991E-05 0.18738 0.118977 9.991E-05 9.991E-05 0.13192 9.991E-05 0.38219 9.991E-05
9.9901E-05 9.9901E-05 9.9901E-05 9.9901E-05 9.9901E-05 0.192967 9.9901E-05 9.9901E-05 9.9901E-05 0.0271656 0.0636791 0.33216 0.0329738 9.9901E-05 9.9901E-05 0.349956 9.9901E-05
0.00952803 9.99008E-05 9.99008E-05 9.99008E-05 0.071346 9.99008E-05 9.99008E-05 0.393849 9.99008E-05 9.99008E-05 9.99008E-05 9.99008E-05 9.99008E-05 0.3137 0.183048 0.02743 9.99008E-05
9.99189E-05 9.99189E-05 9.99189E-05 0.29673 0.00820822 0.0601305 0.0572616 0.0148316 9.99189E-05 0.111929 9.99189E-05 0.274632 9.99189E-05 9.99189E-05 9.99189E-05 0.175378 9.99189E-05
9.99099E-05 9.99099E-05 9.99099E-05 0.0874566 9.99099E-05 0.498001 9.99099E-05 0.202228 9.99099E-05 0.0542119 9.99099E-05 0.0963021 9.99099E-05 9.99099E-05 9.99099E-05 0.0195595 0.0412414
9.99099E-05 9.99099E-05 9.99099E-05 9.99099E-05 9.99099E-05 9.99099E-05 0.265231 9.99099E-05 0.07397 9.99099E-05 9.99099E-05 0.456925 0.00683088 0.100839 0.00863513 0.0865699 9.99099E-05
9.9883E-05 9.9883E-05 9.9883E-05 9.9883E-05 9.9883E-05 9.9883E-05 9.9883E-05 0.188123 0.0476302 9.9883E-05 9.9883E-05 9.9883E-05 9.9883E-05 0.107299 9.9883E-05 0.655649 9.9883E-05
9.98829E-05 9.98829E-05 9.98829E-05 0.404323 9.98829E-05 0.354632 9.98829E-05 0.06529 9.98829E-05 0.174456 9.98829E-05 9.98829E-05 9.98829E-05 9.98829E-05 9.98829E-05 9.98829E-05 9.98829E-05
0.0427437 9.99369E-05 9.99369E-05 9.99369E-05 0.0116806 9.99369E-05 9.99369E-05 0.00873347 0.0875359 0.0290083 9.99369E-05 0.018963 0.000474904 0.362643 0.235317 0.2022 9.99369E-05
9.99009E-05 9.99009E-05 0.0435492 9.99009E-05 9.99009E-05 0.0576585 9.99009E-05 9.99009E-05 9.99009E-05 9.99009E-05 9.99009E-05 9.99009E-05 9.99009E-05 0.200821 0.0299881 0.652017 0.0148676
9.99008E-05 9.99008E-05 0.102833 0.0262632 9.99008E-05 9.99008E-05 0.0200798 9.99008E-05 9.99008E-05 0.055842 9.99008E-05 9.99008E-05 9.99008E-05 0.274682 9.99008E-05 0.519201 9.99008E-05
9.9901E-05 9.9901E-05 0.166568 9.9901E-05 9.9901E-05 0.344933 0.0342616 9.9901E-05 9.9901E-05 9.9901E-05 9.9901E-05 0.193265 9.9901E-05 9.9901E-05 9.9901E-05 0.159391 0.100483
0.0796108 9.98919E-05 9.98919E-05 0.100602 0.733832 9.98919E-05 9.98919E-05 9.98919E-05 9.98919E-05 9.98919E-05 0.0202198 9.98919E-05 0.0645362 9.98919E-05 9.98919E-05 9.98919E-05 9.98919E-05
0.104904 9.9883E-05 9.9883E-05 9.9883E-05 0.812755 9.9883E-05 9.9883E-05 9.9883E-05 9.9883E-05 9.9883E-05 9.9883E-05 0.000208126 9.9883E-05 9.9883E-05 9.9883E-05 9.9883E-05 0.0808341
0.173047 9.98647E-05 9.98647E-05 9.98647E-05 0.825455 9.98647E-05 9.98647E-05 9.98647E-05 9.98647E-05 9.98647E-05 9.98647E-05 9.98647E-05 9.98647E-05 9.98647E-05 9.98647E-05 9.98647E-05 9.98647E-05
9.99009E-05 9.99009E-05 9.99009E-05 9.99009E-05 0.633563 0.0015113 9.99009E-05 9.99009E-05 9.99009E-05 9.99009E-05 0.0128988 0.0404765 0.0308048 9.99009E-05 9.99009E-05 9.99009E-05 0.279647
9.98919E-05 9.98919E-05 9.98919E-05 0.0331052 0.714035 0.0282019 9.98919E-05 9.98919E-05 9.98919E-05 9.98919E-05 0.0418512 0.181608 9.98919E-05 9.98919E-05 9.98919E-05 9.98919E-05 9.98919E-05
9.99007E-05 0.0988026 0.0916753 9.99007E-05 0.406503 9.99007E-05 9.99007E-05 0.0154973 0.209014 9.99007E-05 9.99007E-05 9.99007E-05 9.99007E-05 9.99007E-05 9.99007E-05 0.177409 9.99007E-05
9.99188E-05 9.99188E-05 9.99188E-05 0.0692161 0.32067 0.0944858 9.99188E-05 0.0365803 9.99188E-05 0.00445745 0.322278 0.0769776 0.0744351 9.99188E-05 9.99188E-05 9.99188E-05 9.99188E-05
9.99009E-05 0.0398409 9.99009E-05 9.99009E-05 0.177557 9.99009E-05 9.99009E-05 9.99009E-05 0.376095 9.99009E-05 9.99009E-05 9.99009E-05 0.0127033 0.114417 0.278288 9.99009E-05 9.99009E-05
0.208754 9.991E-05 9.991E-05 0.0635404 0.200034 9.991E-05 9.991E-05 9.991E-05 9.991E-05 9.991E-05 0.264856 9.991E-05 0.145855 9.991E-05 0.0132694 9.991E-05 0.102692
0.0615478 9.98918E-05 9.98918E-05 9.98918E-05 0.781777 9.98918E-05 0.0165727 9.98918E-05 0.0924512 9.98918E-05 9.98918E-05 9.98918E-05 9.98918E-05 9.98918E-05 9.98918E-05 0.0464522 9.98918E-05
9.98739E-05 9.98739E-05 9.98739E-05 9.98739E-05 0.866871 9.98739E-05 9.98739E-05 9.98739E-05 9.98739E-05 9.98739E-05 9.98739E-05 0.0973373 9.98739E-05 9.98739E-05 9.98739E-05 9.98739E-05 0.0343935
9.99191E-05 9.99191E-05 9.99191E-05 0.00662155 0.480202 9.99191E-05 9.99191E-05 9.99191E-05 0.225338 9.99191E-05 9.99191E-05 0.0262371 9.99191E-05 0.0875853 0.0405994 0.00667703 0.12584
0.051577 0.0226296 9.99098E-05 9.99098E-05 0.0338157 9.99098E-05 0.0675481 9.99098E-05 0.496068 9.99098E-05 0.278967 9.99098E-05 9.99098E-05 9.99098E-05 9.99098E-05 0.0483958 9.99098E-05
9.98827E-05 9.98827E-05 9.98827E-05 9.98827E-05 0.495561 9.98827E-05 9.98827E-05 9.98827E-05 0.256841 9.98827E-05 9.98827E-05 9.98827E-05 9.98827E-05 0.163648 0.082651 9.98827E-05 9.98827E-05
9.98828E-05 9.98828E-05 9.98828E-05 9.98828E-05 0.558939 9.98828E-05 9.98828E-05 9.98828E-05 0.205989 9.98828E-05 9.98828E-05 9.98828E-05 9.98828E-05 0.0234525 9.98828E-05 0.210321 9.98828E-05
9.98649E-05 9.98649E-05 9.98649E-05 9.98649E-05 0.829173 9.98649E-05 9.98649E-05 9.98649E-05 9.98649E-05 9.98649E-05 9.98649E-05 0.169329 9.98649E-05 9.98649E-05 9.98649E-05 9.98649E-05 9.98649E-05
9.98919E-05 9.98919E-05 9.98919E-05 0.113751 0.750197 0.070978 9.98919E-05 9.98919E-05 9.98919E-05 9.98919E-05 9.98919E-05 0.00661579 0.0572595 9.98919E-05 9.98919E-05 9.98919E-05 9.98919E-05
9.98739E-05 9.98739E-05 9.98739E-05 0.318838 0.675805 9.98739E-05 9.98739E-05 9.98739E-05 9.98739E-05 9.98739E-05 9.98739E-05 9.98739E-05 0.00395852 9.98739E-05 9.98739E-05 9.98739E-05 9.98739E-05
9.98829E-05 9.98829E-05 9.98829E-05 9.98829E-05 0.68653 0.0716839 9.98829E-05 9.98829E-05 9.98829E-05 9.98829E-05 9.98829E-05 9.98829E-05 0.0290469 9.98829E-05 9.98829E-05 9.98829E-05 0.211441
0.0718321 0.52435 9.98826E-05 9.98826E-05 9.98826E-05 9.98826E-05 9.98826E-05 9.98826E-05 9.98826E-05 9.98826E-05 9.98826E-05 9.98826E-05 0.364717 9.98826E-05 9.98826E-05 0.0378031 9.98826E-05
9.9883E-05 0.524498 9.9883E-05 9.9883E-05 9.9883E-05 9.9883E-05 0.049999 9.9883E-05 0.384491 9.9883E-05 9.9883E-05 9.9883E-05 9.9883E-05 9.9883E-05 0.0397133 9.9883E-05 9.9883E-05
9.99009E-05 0.448376 9.99009E-05 9.99009E-05 0.00290156 9.99009E-05 9.99009E-05 0.0608639 0.195894 9.99009E-05 9.99009E-05 9.99009E-05 9.99009E-05 0.160878 0.129987 9.99009E-05 9.99009E-05
0.0778138 0.297365 9.99189E-05 9.99189E-05 0.00940666 9.99189E-05 9.99189E-05 9.99189E-05 0.0784677 9.99189E-05 0.0339625 9.99189E-05 0.17011 9.99189E-05 0.0191584 9.99189E-05 0.312817
0.0451191 0.468363 9.99007E-05 9.99007E-05 0.247615 9.99007E-05 9.99007E-05 9.99007E-05 0.0750047 9.99007E-05 9.99007E-05 9.99007E-05 0.0813626 9.99007E-05 9.99007E-05 0.0814367 9.99007E-05
9.99099E-05 0.64215 0.0967699 0.052624 0.0425014 9.99099E-05 9.99099E-05 0.0774417 0.0555645 9.99099E-05 9.99099E-05 9.99099E-05 9.99099E-05 0.0319493 9.99099E-05 9.99099E-05 9.99099E-05
9.98829E-05 9.98829E-05 9.98829E-05 9.98829E-05 9.98829E-05 0.191402 9.98829E-05 9.98829E-05 9.98829E-05 9.98829E-05 0.532663 9.98829E-05 0.142262 9.98829E-05 9.98829E-05 9.98829E-05 0.132375
9.98918E-05 0.289986 9.98918E-05 9.98918E-05 9.98918E-05 0.0756799 9.98918E-05 9.98918E-05 9.98918E-05 0.150479 9.98918E-05 0.0632066 0.41945 9.98918E-05 9.98918E-05 9.98918E-05 9.98918E-05
9.99188E-05 0.388498 0.106751 9.99188E-05 0.0920588 9.99188E-05 9.99188E-05 0.000519299 0.315825 9.99188E-05 9.99188E-05 9.99188E-05 9.99188E-05 0.0656264 0.0171568 0.0126654 9.99188E-05
0.0962531 0.620801 9.98827E-05 9.98827E-05 9.98827E-05 9.98827E-05 9.98827E-05 9.98827E-05 9.98827E-05 9.98827E-05 9.98827E-05 9.98827E-05 0.266476 9.98827E-05 9.98827E-05 0.0151712 9.98827E-05
9.98649E-05 0.429196 9.98649E-05 9.98649E-05 9.98649E-05 9.98649E-05 9.98649E-05 9.98649E-05 9.98649E-05 9.98649E-05 9.98649E-05 9.98649E-05 9.98649E-05 9.98649E-05 0.569306 9.98649E-05 9.98649E-05
9.98919E-05 0.445134 9.98919E-05 9.98919E-05 9.98919E-05 9.98919E-05 9.98919E-05 9.98919E-05 9.98919E-05 0.177179 0.0360252 9.98919E-05 0.315821 9.98919E-05 9.98919E-05 9.98919E-05 0.0246422
0.0182518 0.521831 9.99009E-05 9.99009E-05 9.99009E-05 9.99009E-05 9.99009E-05 9.99009E-05 0.31037 9.99009E-05 9.99009E-05 9.99009E-05 0.0534362 9.99009E-05 0.0799448 9.99009E-05 0.015067
0.098681 0.530015 9.9901E-05 9.9901E-05 0.0605678 9.9901E-05 9.9901E-05 9.9901E-05 9.9901E-05 9.9901E-05 9.9901E-05 0.0277919 0.0712218 9.9901E-05 9.9901E-05 9.9901E-05 0.210624
9.99278E-05 0.114519 9.99278E-05 0.212703 0.0929938 0.0138463 9.99278E-05 0.0391134 0.00826326 9.99278E-05 0.151309 0.101155 0.265297 9.99278E-05 9.99278E-05 9.99278E-05 9.99278E-05
9.99009E-05 0.399787 9.99009E-05 0.169903 9.99009E-05 9.99009E-05 9.99009E-05 9.99009E-05 9.99009E-05 0.106949 0.0753628 0.158926 0.0879735 9.99009E-05 9.99009E-05 9.99009E-05 9.99009E-05
9.991E-05 0.210755 0.00280892 9.991E-05 0.0488783 0.0866379 9.991E-05 9.991E-05 9.991E-05 9.991E-05 0.098867 9.991E-05 0.160107 9.991E-05 9.991E-05 9.991E-05 0.390947
9.98829E-05 9.98829E-05 9.98829E-05 9.98829E-05 0.348017 0.0605546 9.98829E-05 9.98829E-05 9.98829E-05 9.98829E-05 0.252465 9.98829E-05 9.98829E-05 9.98829E-05 9.98829E-05 9.98829E-05 0.337666
0.0424668 0.419434 9.99007E-05 9.99007E-05 9.99007E-05 9.99007E-05 0.015866 9.99007E-05 0.314116 9.99007E-05 9.99007E-05 9.99007E-05 0.161604 9.99007E-05 9.99007E-05 0.0454138 9.99007E-05
0.0114298 0.364075 9.99099E-05 9.99099E-05 0.0341473 9.99099E-05 9.99099E-05 9.99099E-05 9.99099E-05 9.99099E-05 0.201266 0.0600727 0.176597 9.99099E-05 0.151414 9.99099E-05 9.99099E-05
9.98827E-05 0.751287 9.98827E-05 9.98827E-05 9.98827E-05 9.98827E-05 0.0238479 9.98827E-05 0.0993247 9.98827E-05 9.98827E-05 9.98827E-05 9.98827E-05 9.98827E-05 0.124242 9.98827E-05 9.98827E-05
0.0740926 0.258071 9.98738E-05 9.98738E-05 9.98738E-05 9.98738E-05 9.98738E-05 9.98738E-05 9.98738E-05 9.98738E-05 9.98738E-05 9.98738E-05 0.666438 9.98738E-05 9.98738E-05 9.98738E-05 9.98738E-05
0.0417948 0.248609 9.99097E-05 9.99097E-05 0.0577309 9.99097E-05 9.99097E-05 9.99097E-05 9.99097E-05 9.99097E-05 0.0902997 0.0169459 0.461755 9.99097E-05 9.99097E-05 0.0818657 9.99097E-05
9.99008E-05 0.466023 9.99008E-05 0.0362724 9.99008E-05 0.0331551 9.99008E-05 9.99008E-05 9.99008E-05 0.155335 0.0421018 9.99008E-05 0.266013 9.99008E-05 9.99008E-05 9.99008E-05 9.99008E-05
9.99008E-05 9.99008E-05 0.00940802 9.99008E-05 9.99008E-05 9.99008E-05 0.0794396 9.99008E-05 0.650884 9.99008E-05 0.154399 9.99008E-05 0.0443091 9.99008E-05 9.99008E-05 0.0604622 9.99008E-05
9.98828E-05 9.98828E-05 9.98828E-05 9.98828E-05 0.0327812 9.98828E-05 9.98828E-05 9.98828E-05 0.065679 9.98828E-05 9.98828E-05 9.98828E-05 0.620201 9.98828E-05 9.98828E-05 9.98828E-05 0.280041
9.99008E-05 0.100164 0.109164 9.99008E-05 9.99008E-05 9.99008E-05 9.99008E-05 9.99008E-05 0.173972 9.99008E-05 0.0243535 9.99008E-05 0.230466 0.360781 9.99008E-05 9.99008E-05 9.99008E-05
9.99188E-05 0.0749385 9.99188E-05 0.0728814 0.0931023 9.99188E-05 9.99188E-05 9.99188E-05 0.00639802 9.99188E-05 0.310435 0.195238 0.159817 9.99188E-05 9.99188E-05 0.0862903 9.99188E-05
9.9865E-05 9.9865E-05 9.9865E-05 9.9865E-05 9.9865E-05 9.9865E-05 9.9865E-05 9.9865E-05 9.9865E-05 0.0819292 9.9865E-05 9.9865E-05 0.916573 9.9865E-05 9.9865E-05 9.9865E-05 9.9865E-05
9.9892E-05 9.9892E-05 9.9892E-05 0.160196 9.9892E-05 9.9892E-05 9.9892E-05 0.00807639 9.9892E-05 9.9892E-05 9.9892E-05 9.9892E-05 0.788622 0.0217637 0.0201437 9.9892E-05 9.9892E-05
9.99007E-05 9.99007E-05 9.99007E-05 9.99007E-05 9.99007E-05 0.0419422 0.00724893 9.99007E-05 0.137456 9.99007E-05 0.653788 9.99007E-05 0.0739884 9.99007E-05 9.99007E-05 0.0844775 9.99007E-05
0.155156 9.98917E-05 9.98917E-05 9.98917E-05 0.0814276 9.98917E-05 9.98917E-05 9.98917E-05 0.426163 9.98917E-05 0.307092 9.98917E-05 9.98917E-05 9.98917E-05 9.98917E-05 0.0289627 9.98917E-05
9.98828E-05 9.98828E-05 9.98828E-05 9.98828E-05 9.98828E-05 9.98828E-05 9.98828E-05 0.00244098 0.615744 9.98828E-05 0.21908 9.98828E-05 9.98828E-05 9.98828E-05 0.161436 9.98828E-05 9.98828E-05
9.98828E-05 0.0502336 9.98828E-05 9.98828E-05 9.98828E-05 9.98828E-05 9.98828E-05 9.98828E-05 0.443146 9.98828E-05 9.98828E-05 9.98828E-05 0.1533 0.352022 9.98828E-05 9.98828E-05 9.98828E-05
9.99009E-05 9.99009E-05 9.99009E-05 9.99009E-05 0.655607 0.0259205 9.99009E-05 9.99009E-05 9.99009E-05 0.0999231 0.00563945 9.99009E-05 0.0148124 9.99009E-05 9.99009E-05 9.99009E-05 0.196998
9.98916E-05 0.0338154 9.98916E-05 9.98916E-05 9.98916E-05 9.98916E-05 9.98916E-05 9.98916E-05 0.524936 9.98916E-05 9.98916E-05 9.98916E-05 0.307984 0.0544615 9.98916E-05 0.0776041 9.98916E-05
0.0607441 9.98828E-05 9.98828E-05 9.98828E-05 9.98828E-05 9.98828E-05 9.98828E-05 9.98828E-05 0.0890238 9.98828E-05 0.257142 9.98828E-05 0.591791 9.98828E-05 9.98828E-05 9.98828E-05 9.98828E-05
9.98918E-05 9.98918E-05 9.98918E-05 9.98918E-05 0.0366093 0.15419 9.98918E-05 9.98918E-05 0.19782 9.98918E-05 0.389238 0.220943 9.98918E-05 9.98918E-05 9.98918E-05 9.98918E-05 9.98918E-05
9.98827E-05 9.98827E-05 9.98827E-05 9.98827E-05 0.667012 9.98827E-05 9.98827E-05 9.98827E-05 0.150024 9.98827E-05 9.98827E-05 9.98827E-05 9.98827E-05 0.143537 0.0381283 9.98827E-05 9.98827E-05
9.98829E-05 9.98829E-05 9.98829E-05 9.98829E-05 0.0419758 9.98829E-05 9.98829E-05 9.98829E-05 0.648284 9.98829E-05 9.98829E-05 9.98829E-05 9.98829E-05 0.292945 0.0154971 9.98829E-05 9.98829E-05
9.98917E-05 0.000398987 9.98917E-05 9.98917E-05 0.606528 9.98917E-05 9.98917E-05 9.98917E-05 0.243152 9.98917E-05 9.98917E-05 9.98917E-05 9.98917E-05 0.0207507 9.98917E-05 0.127972 9.98917E-05
0.204759 9.98827E-05 9.98827E-05 9.98827E-05 0.163032 9.98827E-05 9.98827E-05 9.98827E-05 0.377225 9.98827E-05 0.253686 9.98827E-05 9.98827E-05 9.98827E-05 9.98827E-05 9.98827E-05 9.98827E-05
0.107152 9.98919E-05 9.98919E-05 9.98919E-05 0.0237392 9.98919E-05 9.98919E-05 9.98919E-05 0.604503 0.0161654 9.98919E-05 9.98919E-05 9.98919E-05 9.98919E-05 0.247241 9.98919E-05 9.98919E-05
9.99009E-05 0.0627884 9.99009E-05 9.99009E-05 0.167733 9.99009E-05 9.99009E-05 9.99009E-05 0.174489 9.99009E-05 9.99009E-05 0.242587 0.289081 9.99009E-05 9.99009E-05 9.99009E-05 0.062223
9.98828E-05 0.32937 9.98828E-05 9.98828E-05 9.98828E-05 9.98828E-05 9.98828E-05 9.98828E-05 0.184841 9.98828E-05 9.98828E-05 0.170544 0.313946 9.98828E-05 9.98828E-05 9.98828E-05 9.98828E-05
9.9919E-05 0.414769 9.9919E-05 0.0129367 0.0938688 9.9919E-05 9.9919E-05 9.9919E-05 0.071759 9.9919E-05 0.00981856 0.230113 0.0337446 9.9919E-05 9.9919E-05 9.9919E-05 0.132091
9.99008E-05 0.275405 9.99008E-05 9.99008E-05 9.99008E-05 9.99008E-05 9.99008E-05 0.00132211 0.365457 9.99008E-05 9.99008E-05 9.99008E-05 0.195611 0.160317 0.000788594 9.99008E-05 9.99008E-05
0.247852 0.174519 9.98828E-05 9.98828E-05 0.0772028 9.98828E-05 9.98828E-05 9.98828E-05 9.98828E-05 9.98828E-05 9.98828E-05 9.98828E-05 0.499128 9.98828E-05 9.98828E-05 9.98828E-05 9.98828E-05
9.98829E-05 9.98829E-05 9.98829E-05 9.98829E-05 9.98829E-05 0.0441292 9.98829E-05 9.98829E-05 9.98829E-05 9.98829E-05 0.0783237 0.0462211 0.830028 9.98829E-05 9.98829E-05 9.98829E-05 9.98829E-05
9.99007E-05 0.0259426 9.99007E-05 9.99007E-05 0.18795 9.99007E-05 9.99007E-05 0.0150899 9.99007E-05 9.99007E-05 0.481953 9.99007E-05 9.99007E-05 0.159955 9.99007E-05 0.12801 9.99007E-05
9.98737E-05 0.50564 9.98737E-05 9.98737E-05 9.98737E-05 9.98737E-05 9.98737E-05 9.98737E-05 9.98737E-05 9.98737E-05 0.179068 9.98737E-05 9.98737E-05 0.313894 9.98737E-05 9.98737E-05 9.98737E-05
9.98738E-05 9.98738E-05 9.98738E-05 9.98738E-05 0.132978 9.98738E-05 9.98738E-05 9.98738E-05 9.98738E-05 0.091202 0.774422 9.98738E-05 9.98738E-05 9.98738E-05 9.98738E-05 9.98738E-05 9.98738E-05
9.98826E-05 0.35056 0.0716786 9.98826E-05 9.98826E-05 9.98826E-05 9.98826E-05 9.98826E-05 9.98826E-05 9.98826E-05 0.353951 9.98826E-05 9.98826E-05 0.222512 9.98826E-05 9.98826E-05 9.98826E-05
9.98737E-05 0.248126 9.98737E-05 9.98737E-05 9.98737E-05 9.98737E-05 9.98737E-05 9.98737E-05 9.98737E-05 9.98737E-05 0.463353 9.98737E-05 9.98737E-05 0.287123 9.98737E-05 9.98737E-05 9.98737E-05
9.98918E-05 9.98918E-05 9.98918E-05 9.98918E-05 9.98918E-05 0.0167183 9.98918E-05 9.98918E-05 9.98918E-05 0.119703 0.739031 9.98918E-05 0.0514378 9.98918E-05 9.98918E-05 9.98918E-05 0.0719112
9.99098E-05 0.266469 0.103078 9.99098E-05 9.99098E-05 9.99098E-05 9.99098E-05 9.99098E-05 0.0704547 9.99098E-05 0.258231 9.99098E-05 0.17483 0.0153744 9.99098E-05 0.110563 9.99098E-05
9.98828E-05 0.284039 9.98828E-05 9.98828E-05 9.98828E-05 9.98828E-05 9.98828E-05 9.98828E-05 9.98828E-05 9.98828E-05 0.584047 9.98828E-05 9.98828E-05 0.0508808 9.98828E-05 0.0797342 9.98828E-05
9.98739E-05 9.98739E-05 9.98739E-05 9.98739E-05 9.98739E-05 9.98739E-05 0.588879 9.98739E-05 0.0597964 9.98739E-05 9.98739E-05 9.98739E-05 9.98739E-05 9.98739E-05 0.349927 9.98739E-05 9.98739E-05
9.991E-05 0.0302836 9.991E-05 9.991E-05 9.991E-05 9.991E-05 0.62437 9.991E-05 0.166124 0.0126063 9.991E-05 0.0281358 9.991E-05 0.0592538 0.0782281 9.991E-05 9.991E-05
9.98739E-05 9.98739E-05 9.98739E-05 9.98739E-05 9.98739E-05 9.98739E-05 0.765753 9.98739E-05 0.0462764 9.98739E-05 9.98739E-05 9.98739E-05 9.98739E-05 9.98739E-05 9.98739E-05 9.98739E-05 0.186572
9.98829E-05 9.98829E-05 0.415524 9.98829E-05 9.98829E-05 9.98829E-05 0.299161 9.98829E-05 9.98829E-05 0.233423 0.0505936 9.98829E-05 9.98829E-05 9.98829E-05 9.98829E-05 9.98829E-05 9.98829E-05
9.98828E-05 9.98828E-05 0.0587011 9.98828E-05 9.98828E-05 9.98828E-05 0.574582 0.0546886 9.98828E-05 9.98828E-05 9.98828E-05 9.98828E-05 9.98828E-05 9.98828E-05 0.31073 9.98828E-05 9.98828E-05
9.99252E-05 9.99252E-05 0.239375 9.99252E-05 9.99252E-05 0.0233076 0.107017 9.99252E-05 9.99252E-05 0.060432 0.108015 0.0452447 9.99252E-05 9.99252E-05 9.99252E-05 0.367944 0.0477653
9.98827E-05 9.98827E-05 0.123249 9.98827E-05 9.98827E-05 9.98827E-05 0.462206 9.98827E-05 9.98827E-05 9.98827E-05 9.98827E-05 9.98827E-05 9.98827E-05 0.401702 9.98827E-05 0.0115444 9.98827E-05
9.98828E-05 9.98828E-05 0.0142847 9.98828E-05 9.98828E-05 9.98828E-05 0.687379 9.98828E-05 0.058152 9.98828E-05 9.98828E-05 9.98828E-05 9.98828E-05 9.98828E-05 0.238886 9.98828E-05 9.98828E-05
9.99009E-05 9.99009E-05 9.99009E-05 9.99009E-05 0.012248 9.99009E-05 0.751003 0.0444495 9.99009E-05 9.99009E-05 0.0263647 9.99009E-05 9.99009E-05 0.0128394 9.99009E-05 0.151996 9.99009E-05
0.0301531 9.99099E-05 9.99099E-05 0.196685 0.0172231 0.0724351 0.532333 9.99099E-05 9.99099E-05 9.99099E-05 9.99099E-05 9.99099E-05 0.113974 9.99099E-05 9.99099E-05 9.99099E-05 0.0361979
9.99009E-05 0.0143567 0.00836823 9.99009E-05 9.99009E-05 9.99009E-05 0.228362 0.107894 0.0582202 9.99009E-05 9.99009E-05 9.99009E-05 9.99009E-05 9.99009E-05 0.5817 9.99009E-05 9.99009E-05
9.99009E-05 9.99009E-05 9.99009E-05 0.410201 9.99009E-05 0.0432573 0.450569 0.0454533 9.99009E-05 9.99009E-05 9.99009E-05 9.99009E-05 0.0189064 0.0305138 9.99009E-05 9.99009E-05 9.99009E-05
9.98918E-05 9.98918E-05 0.125501 9.98918E-05 9.98918E-05 9.98918E-05 0.657857 9.98918E-05 0.089044 9.98918E-05 9.98918E-05 9.98918E-05 9.98918E-05 9.98918E-05 0.114186 0.0122123 9.98918E-05
0.0365619 9.99098E-05 9.99098E-05 0.0958216 9.99098E-05 9.99098E-05 0.517134 9.99098E-05 9.99098E-05 9.99098E-05 0.0471384 0.0214836 0.0252302 9.99098E-05 9.99098E-05 0.255631 9.99098E-05
0.2323 9.99009E-05 9.99009E-05 9.99009E-05 0.0449484 9.99009E-05 0.548923 0.0422994 9.99009E-05 9.99009E-05 9.99009E-05 9.99009E-05 9.99009E-05 9.99009E-05 0.0552325 0.075198 9.99009E-05
9.99098E-05 9.99098E-05 0.312958 9.99098E-05 0.0259172 0.0158871 0.191978 9.99098E-05 0.058484 9.99098E-05 9.99098E-05 9.99098E-05 9.99098E-05 9.99098E-05 0.0658738 0.327903 9.99098E-05
9.99007E-05 9.99007E-05 9.99007E-05 9.99007E-05 9.99007E-05 0.0829067 0.451701 9.99007E-05 9.99007E-05 0.116029 0.0461948 0.236592 0.0654776 9.99007E-05 9.99007E-05 9.99007E-05 9.99007E-05
9.98917E-05 9.98917E-05 9.98917E-05 9.98917E-05 9.98917E-05 0.056418 0.384818 9.98917E-05 9.98917E-05 9.98917E-05 0.00881144 9.98917E-05 9.98917E-05 0.0147279 9.98917E-05 9.98917E-05 0.534027
0.0850806 0.0125222 9.99189E-05 9.99189E-05 0.0275429 9.99189E-05 0.599219 0.0608611 0.179574 9.99189E-05 9.99189E-05 9.99189E-05 9.99189E-05 0.0150169 9.99189E-05 0.0192835 9.99189E-05
9.98917E-05 9.98917E-05 0.322526 9.98917E-05 9.98917E-05 9.98917E-05 0.561806 9.98917E-05 0.0865203 9.98917E-05 9.98917E-05 9.98917E-05 9.98917E-05 9.98917E-05 0.0181508 0.00979803 9.98917E-05
0.271909 9.99009E-05 9.99009E-05 0.0502098 0.0421274 9.99009E-05 0.603117 9.99009E-05 9.99009E-05 0.0275039 9.99009E-05 9.99009E-05 0.00403432 9.99009E-05 9.99009E-05 9.99009E-05 9.99009E-05
9.98739E-05 9.98739E-05 9.98739E-05 9.98739E-05 9.98739E-05 9.98739E-05 0.66305 9.98739E-05 9.98739E-05 9.98739E-05 9.98739E-05 0.156711 9.98739E-05 9.98739E-05 9.98739E-05 9.98739E-05 0.17884
0.0853215 9.9928E-05 9.9928E-05 0.101683 0.0239917 0.00295051 9.9928E-05 0.0229241 9.9928E-05 0.370875 9.9928E-05 9.9928E-05 0.120053 9.9928E-05 9.9928E-05 0.256135 0.0152678
9.99008E-05 9.99008E-05 0.00102332 9.99008E-05 9.99008E-05 0.036707 9.99008E-05 0.728684 9.99008E-05 0.010869 9.99008E-05 9.99008E-05 9.99008E-05 0.173134 9.99008E-05 0.0484837 9.99008E-05
9.99188E-05 9.99188E-05 9.99188E-05 9.99188E-05 9.99188E-05 0.0168018 9.99188E-05 9.99188E-05 9.99188E-05 0.0916489 0.00748677 0.0806568 0.0152944 9.99188E-05 0.00261967 0.235842 0.54875
0.00137177 9.99099E-05 9.99099E-05 9.99099E-05 0.00685614 9.99099E-05 0.0118924 0.045705 0.0415459 9.99099E-05 9.99099E-05 9.99099E-05 9.99099E-05 9.99099E-05 0.132458 0.759172 9.99099E-05
9.98827E-05 9.98827E-05 9.98827E-05 9.98827E-05 9.98827E-05 9.98827E-05 9.98827E-05 0.539498 0.0324789 9.98827E-05 9.98827E-05 9.98827E-05 9.98827E-05 0.0365637 0.390161 9.98827E-05 9.98827E-05
9.99008E-05 9.99008E-05 9.99008E-05 0.295836 9.99008E-05 0.178333 9.99008E-05 9.99008E-05 9.99008E-05 0.00294115 9.99008E-05 0.293537 9.99008E-05 9.99008E-05 9.99008E-05 0.16953 0.0587244
9.98919E-05 9.98919E-05 9.98919E-05 0.226787 0.00310921 0.00748836 9.98919E-05 0.730895 9.98919E-05 9.98919E-05 9.98919E-05 0.0305214 9.98919E-05 9.98919E-05 9.98919E-05 9.98919E-05 9.98919E-05
0.00800899 0.0154296 9.99279E-05 9.99279E-05 9.99279E-05 9.99279E-05 0.0842923 9.99279E-05 9.99279E-05 0.108087 0.0226438 0.143407 0.0697777 0.0362918 9.99279E-05 0.511263 9.99279E-05
9.98739E-05 9.98739E-05 9.98739E-05 9.98739E-05 9.98739E-05 9.98739E-05 9.98739E-05 0.627895 9.98739E-05 9.98739E-05 9.98739E-05 0.302149 9.98739E-05 9.98739E-05 9.98739E-05 9.98739E-05 0.068557
9.99009E-05 9.99009E-05 9.99009E-05 9.99009E-05 9.99009E-05 9.99009E-05 9.99009E-05 0.252535 0.0496106 9.99009E-05 9.99009E-05 0.0516939 9.99009E-05 0.395106 0.101231 0.148725 9.99009E-05
0.157865 9.99098E-05 9.99098E-05 0.195131 9.99098E-05 9.99098E-05 9.99098E-05 0.0747412 9.99098E-05 0.173937 9.99098E-05 0.331016 0.0644494 9.99098E-05 9.99098E-05 0.00186166 9.99098E-05
9.98828E-05 9.98828E-05 9.98828E-05 9.98828E-05 9.98828E-05 0.0246528 9.98828E-05 0.567084 9.98828E-05 9.98828E-05 9.98828E-05 9.98828E-05 0.00157202 9.98828E-05 9.98828E-05 9.98828E-05 0.405393
9.98828E-05 9.98828E-05 9.98828E-05 9.98828E-05 9.98828E-05 9.98828E-05 9.98828E-05 0.455953 0.0328372 9.98828E-05 9.98828E-05 9.98828E-05 9.98828E-05 0.191194 0.318718 9.98828E-05 9.98828E-05
9.99098E-05 9.99098E-05 0.0433922 0.202539 9.99098E-05 0.285491 9.99098E-05 9.99098E-05 9.99098E-05 0.27999 9.99098E-05 0.0894645 9.99098E-05 9.99098E-05 9.99098E-05 0.0321289 0.0659946
9.98918E-05 9.98918E-05 9.98918E-05 9.98918E-05 9.98918E-05 0.15059 9.98918E-05 0.442537 9.98918E-05 9.98918E-05 9.98918E-05 0.355997 0.0281078 9.98918E-05 9.98918E-05 9.98918E-05 0.0215699
9.99008E-05 9.99008E-05 0.0275714 0.0619554 9.99008E-05 0.152116 9.99008E-05 9.99008E-05 9.99008E-05 9.99008E-05 9.99008E-05 0.454272 9.99008E-05 9.99008E-05 9.99008E-05 0.203626 0.0993602
9.98738E-05 9.98738E-05 9.98738E-05 9.98738E-05 9.98738E-05 9.98738E-05 9.98738E-05 0.529719 9.98738E-05 9.98738E-05 9.98738E-05 9.98738E-05 9.98738E-05 0.039828 0.429055 9.98738E-05 9.98738E-05
9.98918E-05 9.98918E-05 9.98918E-05 9.98918E-05 9.98918E-05 9.98918E-05 9.98918E-05 0.169416 9.98918E-05 0.0239153 9.98918E-05 0.758687 0.000187029 9.98918E-05 9.98918E-05 9.98918E-05 0.0465957
0.125848 9.99009E-05 9.99009E-05 0.2435 9.99009E-05 9.99009E-05 0.0197239 9.99009E-05 9.99009E-05 0.469533 9.99009E-05 0.0503321 9.99009E-05 9.99009E-05 9.99009E-05 0.0899645 9.99009E-05
9.98918E-05 9.98918E-05 9.98918E-05 9.98918E-05 0.00178399 9.98918E-05 9.98918E-05 0.114868 9.98918E-05 0.0761915 0.0845529 9.98918E-05 9.98918E-05 9.98918E-05 9.98918E-05 0.721405 9.98918E-05
9.99281E-05 9.99281E-05 0.0484447 0.0179006 0.05207 9.99281E-05 0.057046 9.99281E-05 0.0360985 0.0519492 9.99281E-05 9.99281E-05 9.99281E-05 9.99281E-05 0.0515117 0.235537 0.448643
9.99279E-05 9.99279E-05 9.99279E-05 9.99279E-05 0.0603521 9.99279E-05 0.0128698 0.0525708 9.99279E-05 0.00576512 9.99279E-05 0.232412 0.0222507 9.99279E-05 0.0114565 0.291149 0.310374
9.98917E-05 9.98917E-05 9.98917E-05 9.98917E-05 9.98917E-05 9.98917E-05 9.98917E-05 0.514706 0.0138483 9.98917E-05 9.98917E-05 9.98917E-05 9.98917E-05 0.0410226 0.307591 0.121634 9.98917E-05
9.99369E-05 0.0546683 0.139317 0.0455061 0.0401573 9.99369E-05 9.99369E-05 0.0144615 9.99369E-05 0.0325139 0.0242581 0.471175 9.99369E-05 0.0147992 9.99369E-05 0.162445 9.99369E-05
0.0300521 9.98917E-05 9.98917E-05 9.98917E-05 9.98917E-05 9.98917E-05 9.98917E-05 0.609764 9.98917E-05 0.0588234 0.0797069 9.98917E-05 9.98917E-05 9.98917E-05 9.98917E-05 0.220455 9.98917E-05
9.98919E-05 9.98919E-05 9.98919E-05 9.98919E-05 9.98919E-05 9.98919E-05 0.186955 0.117607 0.203335 9.98919E-05 9.98919E-05 9.98919E-05 9.98919E-05 9.98919E-05 0.147104 0.3438 9.98919E-05
9.99459E-05 0.026663 0.0648091 0.00486173 0.0166842 9.99459E-05 0.107774 0.0505272 0.00250694 0.0598438 0.0216126 0.622954 0.0211636 9.99459E-05 9.99459E-05 9.99459E-05 9.99459E-05
0.896317 0.0359321 0.0204871 9.9892E-05 9.9892E-05 9.9892E-05 9.9892E-05 0.0215363 9.9892E-05 9.9892E-05 9.9892E-05 9.9892E-05 0.0245287 9.9892E-05 9.9892E-05 9.9892E-05 9.9892E-05
9.9919E-05 9.9919E-05 9.9919E-05 9.9919E-05 0.0504945 0.0451342 9.9919E-05 9.9919E-05 0.048188 9.9919E-05 0.00205409 9.9919E-05 0.0063613 0.152013 0.693639 9.9919E-05 0.00121695
0.159874 9.99278E-05 9.99278E-05 9.99278E-05 9.99278E-05 0.0159523 0.101199 0.234781 0.0360184 9.99278E-05 0.0425283 9.99278E-05 9.99278E-05 0.0900189 0.00407213 0.314756 9.99278E-05
0.00136598 9.99278E-05 0.167127 0.0390143 0.0267042 9.99278E-05 0.0608952 0.0710461 0.079461 9.99278E-05 9.99278E-05 9.99278E-05 9.99278E-05 9.99278E-05 0.215003 0.338583 9.99278E-05
0.179061 9.99189E-05 9.99189E-05 0.479642 0.0374682 9.99189E-05 9.99189E-05 0.121666 9.99189E-05 9.99189E-05 9.99189E-05 9.99189E-05 0.0191923 9.99189E-05 0.126467 0.0157646 0.0198391
9.98828E-05 9.98828E-05 0.0732406 9.98828E-05 9.98828E-05 9.98828E-05 9.98828E-05 0.00570029 9.98828E-05 9.98828E-05 9.98828E-05 9.98828E-05 9.98828E-05 9.98828E-05 0.545222 0.374538 9.98828E-05
0.00255079 9.99008E-05 9.99008E-05 0.0860218 9.99008E-05 0.119854 9.99008E-05 9.99008E-05 9.99008E-05 9.99008E-05 9.99008E-05 0.531918 9.99008E-05 9.99008E-05 9.99008E-05 0.142539 0.116018
9.98828E-05 9.98828E-05 9.98828E-05 9.98828E-05 0.0107321 9.98828E-05 9.98828E-05 0.068172 9.98828E-05 9.98828E-05 9.98828E-05 9.98828E-05 9.98828E-05 9.98828E-05 0.472102 0.447695 9.98828E-05
0.173268 9.98919E-05 0.0316227 9.98919E-05 9.98919E-05 9.98919E-05 9.98919E-05 0.275405 9.98919E-05 9.98919E-05 9.98919E-05 9.98919E-05 9.98919E-05 9.98919E-05 0.103273 9.98919E-05 0.415232
0.261809 9.99008E-05 9.99008E-05 9.99008E-05 9.99008E-05 0.0896335 0.0124633 9.99008E-05 9.99008E-05 9.99008E-05 9.99008E-05 0.21416 9.99008E-05 0.0978908 9.99008E-05 9.99008E-05 0.322945
0.535487 0.0734055 9.9946E-05 9.9946E-05 0.00981932 0.0023789 0.00809767 0.0762264 0.0447791 0.0317267 9.9946E-05 0.00812943 0.0183197 9.9946E-05 9.9946E-05 0.191031 9.9946E-05
0.251465 9.99278E-05 9.99278E-05 9.99278E-05 9.99278E-05 0.000749133 0.0866609 9.99278E-05 9.99278E-05 0.0407651 0.0264315 0.0651012 0.0368479 0.0452357 9.99278E-05 0.445944 9.99278E-05
0.569555 9.99189E-05 9.99189E-05 9.99189E-05 0.0120326 0.0820448 0.0427894 0.0404689 0.0515808 9.99189E-05 9.99189E-05 9.99189E-05 9.99189E-05 9.99189E-05 0.00143168 0.199198 9.99189E-05
0.0644388 9.99098E-05 9.99098E-05 0.00163882 9.99098E-05 9.99098E-05 0.136318 9.99098E-05 9.99098E-05 9.99098E-05 9.99098E-05 0.180396 9.99098E-05 9.99098E-05 0.0993382 0.190458 0.326412
0.00161519 9.9901E-05 9.9901E-05 9.9901E-05 9.9901E-05 0.0606878 0.0873779 9.9901E-05 9.9901E-05 9.9901E-05 9.9901E-05 9.9901E-05 9.9901E-05 0.105111 0.669329 0.074781 9.9901E-05
0.0485722 9.98829E-05 0.0426168 9.98829E-05 9.98829E-05 9.98829E-05 9.98829E-05 0.265043 9.98829E-05 9.98829E-05 9.98829E-05 9.98829E-05 9.98829E-05 9.98829E-05 0.642469 9.98829E-05 9.98829E-05
0.0478737 9.99009E-05 9.99009E-05 9.99009E-05 9.99009E-05 9.99009E-05 9.99009E-05 0.180329 0.0582395 0.0291095 9.99009E-05 9.99009E-05 9.99009E-05 0.330082 9.99009E-05 0.353267 9.99009E-05
0.0504799 0.0188526 9.99099E-05 9.99099E-05 9.99099E-05 9.99099E-05 9.99099E-05 0.146675 0.173869 0.000312062 9.99099E-05 9.99099E-05 9.99099E-05 9.99099E-05 0.49125 0.117562 9.99099E-05
9.9883E-05 9.9883E-05 9.9883E-05 0.00695657 9.9883E-05 0.131951 0.00815228 9.9883E-05 9.9883E-05 9.9883E-05 9.9883E-05 9.9883E-05 9.9883E-05 9.9883E-05 0.851642 9.9883E-05 9.9883E-05
0.030754 0.0979792 0.0133685 9.99279E-05 9.99279E-05 9.99279E-05 0.0169105 0.294107 0.00778012 0.0562326 9.99279E-05 9.99279E-05 9.99279E-05 0.405605 9.99279E-05 0.0764638 9.99279E-05
9.99008E-05 9.99008E-05 9.99008E-05 0.0418399 9.99008E-05 9.99008E-05 9.99008E-05 0.0875684 9.99008E-05 9.99008E-05 9.99008E-05 9.99008E-05 0.0136101 0.0588917 0.159591 0.6374 9.99008E-05
9.991E-05 9.991E-05 9.991E-05 9.991E-05 0.0170368 0.394909 9.991E-05 0.0172168 9.991E-05 0.456331 0.0614084 9.991E-05 9.991E-05 9.991E-05 0.0242379 9.991E-05 0.0278612
9.98918E-05 9.98918E-05 0.0163418 9.98918E-05 0.0193186 0.856158 9.98918E-05 9.98918E-05 9.98918E-05 9.98918E-05 9.98918E-05 0.0329149 9.98918E-05 9.98918E-05 9.98918E-05 0.0740677 9.98918E-05
9.99008E-05 9.99008E-05 0.214163 9.99008E-05 9.99008E-05 0.116991 9.99008E-05 9.99008E-05 9.99008E-05 0.0237013 0.101496 9.99008E-05 9.99008E-05 0.146371 9.99008E-05 0.39618 9.99008E-05
9.98917E-05 9.98917E-05 9.98917E-05 0.157212 9.98917E-05 0.628043 9.98917E-05 9.98917E-05 9.98917E-05 9.98917E-05 9.98917E-05 0.127821 9.98917E-05 0.0108465 9.98917E-05 0.0748783 9.98917E-05
9.98739E-05 9.98739E-05 9.98739E-05 9.98739E-05 9.98739E-05 0.898445 0.0507706 9.98739E-05 9.98739E-05 0.049386 9.98739E-05 9.98739E-05 9.98739E-05 9.98739E-05 9.98739E-05 9.98739E-05 9.98739E-05
9.99008E-05 9.99008E-05 9.99008E-05 9.99008E-05 0.040503 0.47674 0.0138377 9.99008E-05 9.99008E-05 9.99008E-05 9.99008E-05 9.99008E-05 9.99008E-05 0.0649668 9.99008E-05 0.0237582 0.379095
9.99009E-05 9.99009E-05 0.0500696 9.99009E-05 9.99009E-05 0.733427 0.011092 9.99009E-05 9.99009E-05 9.99009E-05 9.99009E-05 0.0641764 9.99009E-05 9.99009E-05 9.99009E-05 0.0315219 0.108614
9.9892E-05 9.9892E-05 9.9892E-05 9.9892E-05 0.00123383 0.210691 9.9892E-05 9.9892E-05 9.9892E-05 9.9892E-05 0.0218834 9.9892E-05 9.9892E-05 0.501447 9.9892E-05 0.263546 9.9892E-05
9.9883E-05 9.9883E-05 9.9883E-05 9.9883E-05 9.9883E-05 9.9883E-05 9.9883E-05 0.188566 9.9883E-05 9.9883E-05 9.9883E-05 9.9883E-05 9.9883E-05 0.463613 0.331113 0.0154098 9.9883E-05
9.99008E-05 9.99008E-05 9.99008E-05 9.99008E-05 9.99008E-05 9.99008E-05 0.0716965 9.99008E-05 9.99008E-05 0.523461 0.119642 0.0585679 9.99008E-05 0.00204417 9.99008E-05 0.22349 9.99008E-05
9.98829E-05 9.98829E-05 0.170469 9.98829E-05 9.98829E-05 0.127513 0.0843087 9.98829E-05 9.98829E-05 9.98829E-05 9.98829E-05 9.98829E-05 9.98829E-05 0.616411 9.98829E-05 9.98829E-05 9.98829E-05
9.991E-05 9.991E-05 0.348467 9.991E-05 0.00557642 0.069206 9.991E-05 9.991E-05 0.0221561 9.991E-05 0.181831 9.991E-05 9.991E-05 0.113508 9.991E-05 0.258256 9.991E-05
9.99008E-05 9.99008E-05 0.207647 0.0225374 9.99008E-05 0.230314 9.99008E-05 9.99008E-05 9.99008E-05 0.066773 0.0789272 9.99008E-05 9.99008E-05 9.99008E-05 9.99008E-05 0.392702 9.99008E-05
9.99099E-05 0.00344804 0.171404 9.99099E-05 9.99099E-05 9.99099E-05 9.99099E-05 0.0697327 9.99099E-05 9.99099E-05 9.99099E-05 0.00148621 9.99099E-05 0.353174 0.0739439 0.325811 9.99099E-05
0.00346172 9.99188E-05 0.546095 9.99188E-05 9.99188E-05 0.0303234 9.99188E-05 9.99188E-05 0.0375763 0.137923 9.99188E-05 9.99188E-05 9.99188E-05 0.104218 0.0419661 0.0975376 9.99188E-05
9.99279E-05 0.0634222 0.0353595 9.99279E-05 0.0823209 0.0039691 9.99279E-05 0.110397 9.99279E-05 0.18916 0.0448685 0.394044 9.99279E-05 9.99279E-05 9.99279E-05 0.0756596 9.99279E-05
9.99188E-05 0.00248785 9.99188E-05 0.125801 0.00742833 9.99188E-05 9.99188E-05 9.99188E-05 9.99188E-05 0.126241 0.0314491 9.99188E-05 0.042878 0.337973 9.99188E-05 0.324842 9.99188E-05
9.98918E-05 9.98918E-05 0.135792 9.98918E-05 9.98918E-05 9.98918E-05 0.138782 9.98918E-05 9.98918E-05 0.339884 9.98918E-05 9.98918E-05 9.98918E-05 0.254453 9.98918E-05 0.12989 9.98918E-05
9.99008E-05 9.99008E-05 0.0686803 0.4335 9.99008E-05 0.128376 9.99008E-05 9.99008E-05 9.99008E-05 0.254523 9.99008E-05 0.106803 9.99008E-05 9.99008E-05 9.99008E-05 0.00701845 9.99008E-05
0.0973072 9.9928E-05 0.202896 0.019044 9.9928E-05 0.0470421 9.9928E-05 9.9928E-05 9.9928E-05 0.383447 0.0372707 0.0216841 9.9928E-05 9.9928E-05 9.9928E-05 0.182204 0.00830586
0.0665239 9.99009E-05 0.275034 0.0454253 9.99009E-05 9.99009E-05 9.99009E-05 9.99009E-05 0.0152411 9.99009E-05 9.99009E-05 9.99009E-05 9.99009E-05 0.580952 0.0157251 9.99009E-05 9.99009E-05
9.98901E-05 0.0222914 0.319916 9.98901E-05 9.98901E-05 9.98901E-05 0.00946375 9.98901E-05 9.98901E-05 9.98901E-05 9.98901E-05 0.0599457 9.98901E-05 0.113127 9.98901E-05 0.474158 9.98901E-05
0.00233488 9.99009E-05 0.0721444 9.99009E-05 9.99009E-05 9.99009E-05 9.99009E-05 0.111641 9.99009E-05 9.99009E-05 9.99009E-05 9.99009E-05 9.99009E-05 0.519452 0.226719 0.066609 9.99009E-05
0.0314354 9.99008E-05 0.00181954 9.99008E-05 9.99008E-05 0.285443 9.99008E-05 9.99008E-05 9.99008E-05 0.314142 9.99008E-05 0.218727 9.99008E-05 9.99008E-05 9.99008E-05 0.147334 9.99008E-05
0.0274434 9.9901E-05 9.9901E-05 0.0203017 9.9901E-05 9.9901E-05 9.9901E-05 0.00028934 9.9901E-05 0.322767 0.119972 9.9901E-05 9.9901E-05 9.9901E-05 9.9901E-05 0.508127 9.9901E-05
9.99188E-05 9.99188E-05 0.106412 9.99188E-05 9.99188E-05 9.99188E-05 0.00414078 0.0895321 0.0623703 0.0195846 9.99188E-05 9.99188E-05 9.99188E-05 0.51635 0.0637162 0.136994 9.99188E-05
0.0481162 9.991E-05 9.991E-05 9.991E-05 9.991E-05 0.295998 0.0202943 0.20307 9.991E-05 0.201122 9.991E-05 0.172553 0.0578471 9.991E-05 9.991E-05 9.991E-05 9.991E-05
0.0734422 9.99099E-05 0.0614675 0.425019 9.99099E-05 0.0283121 9.99099E-05 0.327353 9.99099E-05 0.0520216 9.99099E-05 0.0313853 9.99099E-05 9.99099E-05 9.99099E-05 9.99099E-05 9.99099E-05
9.99279E-05 0.00606555 9.99279E-05 9.99279E-05 0.0135818 9.99279E-05 0.0198383 0.0636107 0.150995 9.99279E-05 0.0477267 9.99279E-05 9.99279E-05 0.0543239 0.25446 0.388598 9.99279E-05
0.247794 0.00543519 0.107111 9.99098E-05 0.0141279 9.99098E-05 9.99098E-05 0.530978 0.00961935 9.99098E-05 9.99098E-05 9.99098E-05 9.99098E-05 9.99098E-05 0.0839353 9.99098E-05 9.99098E-05
9.99009E-05 9.99009E-05 9.99009E-05 0.325224 0.0417194 0.364595 9.99009E-05 0.183152 9.99009E-05 9.99009E-05 0.0680134 9.99009E-05 9.99009E-05 0.0161973 9.99009E-05 9.99009E-05 9.99009E-05
9.98829E-05 9.98829E-05 9.98829E-05 9.98829E-05 9.98829E-05 0.444434 9.98829E-05 0.29728 9.98829E-05 9.98829E-05 0.0455698 0.211418 9.98829E-05 9.98829E-05 9.98829E-05 9.98829E-05 9.98829E-05
9.99099E-05 9.99099E-05 9.99099E-05 0.010766 9.99099E-05 0.26944 9.99099E-05 0.177059 9.99099E-05 0.0756608 0.120593 0.323102 0.0223809 9.99099E-05 9.99099E-05 9.99099E-05 9.99099E-05
9.9892E-05 9.9892E-05 9.9892E-05 9.9892E-05 0.0214124 9.9892E-05 9.9892E-05 0.279827 0.0131809 9.9892E-05 9.9892E-05 9.9892E-05 9.9892E-05 0.0308179 0.653563 9.9892E-05 9.9892E-05
9.9901E-05 0.0152111 0.0691833 9.9901E-05 9.9901E-05 9.9901E-05 9.9901E-05 0.36975 9.9901E-05 9.9901E-05 0.0328281 9.9901E-05 9.9901E-05 0.0812539 9.9901E-05 0.430674 9.9901E-05
0.281588 9.99278E-05 9.99278E-05 0.0679138 9.99278E-05 9.99278E-05 0.262847 0.0443675 9.99278E-05 0.0470765 0.0862139 0.0999398 0.0076166 9.99278E-05 9.99278E-05 0.101637 9.99278E-05
0.0789459 9.99008E-05 0.0126 0.0892302 9.99008E-05 0.344975 9.99008E-05 0.227585 9.99008E-05 9.99008E-05 9.99008E-05 0.245565 9.99008E-05 9.99008E-05 9.99008E-05 9.99008E-05 9.99008E-05
0.136531 9.98918E-05 0.216714 9.98918E-05 9.98918E-05 9.98918E-05 9.98918E-05 0.133455 0.0962516 9.98918E-05 9.98918E-05 9.98918E-05 9.98918E-05 9.98918E-05 0.41585 9.98918E-05 9.98918E-05
9.9919E-05 0.0114426 0.0237505 9.9919E-05 0.0457364 0.123241 9.9919E-05 0.210395 0.000695811 0.00141329 9.9919E-05 9.9919E-05 9.9919E-05 9.9919E-05 9.9919E-05 0.582426 9.9919E-05
0.00556036 0.0211366 0.0314695 9.99188E-05 9.99188E-05 0.150399 9.99188E-05 0.250737 9.99188E-05 9.99188E-05 0.0299858 9.99188E-05 9.99188E-05 0.154405 9.99188E-05 0.355408 9.99188E-05
0.672485 9.99008E-05 0.0352736 9.99008E-05 9.99008E-05 9.99008E-05 0.0533845 0.187618 9.99008E-05 9.99008E-05 9.99008E-05 9.99008E-05 9.99008E-05 0.0110525 9.99008E-05 0.0390871 9.99008E-05
9.99009E-05 9.99009E-05 0.0759057 9.99009E-05 9.99009E-05 9.99009E-05 0.200854 9.99009E-05 0.0384258 9.99009E-05 9.99009E-05 0.0396638 9.99009E-05 0.175342 9.99009E-05 0.468709 9.99009E-05
0.0434872 0.010692 9.99278E-05 0.161153 9.99278E-05 0.0731163 0.0415611 9.99278E-05 9.99278E-05 0.339979 9.99278E-05 9.99278E-05 0.0309581 0.0267504 9.99278E-05 0.271503 9.99278E-05
0.256527 9.99188E-05 9.99188E-05 0.0480814 9.99188E-05 0.00336228 9.99188E-05 0.066495 9.99188E-05 0.0624957 0.0744071 0.0754649 9.99188E-05 9.99188E-05 9.99188E-05 0.412267 9.99188E-05
9.9901E-05 9.9901E-05 9.9901E-05 0.12475 0.0256908 0.364294 9.9901E-05 0.195314 9.9901E-05 9.9901E-05 9.9901E-05 0.266772 0.0220805 9.9901E-05 9.9901E-05 9.9901E-05 9.9901E-05
0.0105698 0.0856867 9.99188E-05 9.99188E-05 9.99188E-05 9.99188E-05 9.99188E-05 0.338923 0.0909623 0.0815629 9.99188E-05 0.00348892 9.99188E-05 0.324843 9.99188E-05 0.0630642 9.99188E-05
0.0682695 0.00260289 9.99278E-05 0.031304 9.99278E-05 0.186568 9.99278E-05 0.150916 9.99278E-05 0.308411 0.0279218 0.201653 9.99278E-05 0.021553 9.99278E-05 9.99278E-05 9.99278E-05
9.99098E-05 9.99098E-05 0.0397811 9.99098E-05 9.99098E-05 0.0313642 9.99098E-05 0.114659 9.99098E-05 0.217361 9.99098E-05 0.234518 9.99098E-05 9.99098E-05 9.99098E-05 0.0361079 0.32521
