9.9883E-05 9.9883E-05 9.9883E-05 9.9883E-05 0.360871 0.463888 0.0520081 9.9883E-05 0.0654252 0.0134393 9.9883E-05 9.9883E-05 9.9883E-05 9.9883E-05 9.9883E-05 9.9883E-05 9.9883E-05 0.0430701 9.9883E-05
9.99009E-05 9.99009E-05 9.99009E-05 9.99009E-05 0.301211 0.481009 0.0262353 9.99009E-05 9.99009E-05 0.0155619 9.99009E-05 0.0502125 9.99009E-05 9.99009E-05 0.0933354 0.0274269 0.00390912 9.99009E-05 9.99009E-05
0.0232059 9.99098E-05 0.0127254 9.99098E-05 9.99098E-05 0.130348 9.99098E-05 0.242535 9.99098E-05 0.0467804 9.99098E-05 0.0333546 9.99098E-05 0.343133 9.99098E-05 0.138263 9.99098E-05 9.99098E-05 0.028656
0.148769 9.98829E-05 9.98829E-05 9.98829E-05 0.460098 0.171626 9.98829E-05 9.98829E-05 0.022543 9.98829E-05 0.0441253 9.98829E-05 9.98829E-05 9.98829E-05 9.98829E-05 9.98829E-05 9.98829E-05 0.151539 9.98829E-05
0.0457251 0.0381549 0.0823408 9.98918E-05 0.323035 9.98918E-05 0.0207945 9.98918E-05 9.98918E-05 9.98918E-05 9.98918E-05 0.127786 9.98918E-05 9.98918E-05 9.98918E-05 9.98918E-05 9.98918E-05 0.360965 9.98918E-05
0.00473007 9.99099E-05 0.00325204 0.0193765 9.99099E-05 0.435252 0.061584 9.99099E-05 9.99099E-05 9.99099E-05 9.99099E-05 0.0663097 9.99099E-05 0.0288556 9.99099E-05 9.99099E-05 0.0218344 9.99099E-05 0.357806
9.98648E-05 9.98648E-05 9.98648E-05 9.98648E-05 0.0356178 0.404437 9.98648E-05 0.208496 9.98648E-05 9.98648E-05 9.98648E-05 9.98648E-05 9.98648E-05 0.349951 9.98648E-05 9.98648E-05 9.98648E-05 9.98648E-05 9.98648E-05
9.9874E-05 9.9874E-05 9.9874E-05 9.9874E-05 9.9874E-05 0.381886 9.9874E-05 9.9874E-05 9.9874E-05 0.134017 9.9874E-05 0.130522 9.9874E-05 0.109209 9.9874E-05 9.9874E-05 9.9874E-05 9.9874E-05 0.242968
0.262575 9.98919E-05 0.057352 9.98919E-05 0.179235 0.405943 9.98919E-05 9.98919E-05 0.00772623 0.00918307 9.98919E-05 9.98919E-05 9.98919E-05 9.98919E-05 9.98919E-05 9.98919E-05 9.98919E-05 9.98919E-05 0.0767865
9.98738E-05 9.98738E-05 9.98738E-05 9.98738E-05 9.98738E-05 9.98738E-05 9.98738E-05 0.301774 0.0225382 9.98738E-05 0.00791158 9.98738E-05 9.98738E-05 0.210657 9.98738E-05 9.98738E-05 9.98738E-05 9.98738E-05 0.455721
0.281604 9.99098E-05 9.99098E-05 9.99098E-05 0.0435954 0.11275 9.99098E-05 9.99098E-05 0.000741768 9.99098E-05 9.99098E-05 0.0827873 9.99098E-05 9.99098E-05 0.289917 0.127352 9.99098E-05 0.0430115 0.0172425
0.0752901 9.98829E-05 9.98829E-05 9.98829E-05 0.431875 9.98829E-05 9.98829E-05 9.98829E-05 9.98829E-05 9.98829E-05 9.98829E-05 0.0527127 0.0487689 9.98829E-05 0.105686 9.98829E-05 9.98829E-05 9.98829E-05 0.284369
0.444919 9.98919E-05 0.0117956 9.98919E-05 9.98919E-05 0.115555 0.291905 0.0178004 9.98919E-05 9.98919E-05 0.0311011 9.98919E-05 9.98919E-05 0.0857254 9.98919E-05 9.98919E-05 9.98919E-05 9.98919E-05 9.98919E-05
9.98739E-05 9.98739E-05 9.98739E-05 9.98739E-05 9.98739E-05 0.477196 9.98739E-05 0.0986714 9.98739E-05 0.0291848 9.98739E-05 9.98739E-05 9.98739E-05 0.164823 9.98739E-05 9.98739E-05 9.98739E-05 9.98739E-05 0.228726
9.98649E-05 9.98649E-05 9.98649E-05 9.98649E-05 0.326563 9.98649E-05 9.98649E-05 9.98649E-05 9.98649E-05 9.98649E-05 9.98649E-05 0.137063 9.98649E-05 9.98649E-05 0.438192 9.98649E-05 9.98649E-05 9.98649E-05 0.0966845
9.99098E-05 9.99098E-05 0.0166066 9.99098E-05 9.99098E-05 9.99098E-05 0.0335695 0.454842 0.0200696 9.99098E-05 0.0411608 0.053346 9.99098E-05 0.304852 9.99098E-05 9.99098E-05 0.0120395 9.99098E-05 0.0625149
9.98829E-05 9.98829E-05 9.98829E-05 9.98829E-05 0.00987378 0.541871 9.98829E-05 0.163495 9.98829E-05 9.98829E-05 9.98829E-05 9.98829E-05 0.00767436 0.265266 9.98829E-05 0.0105203 9.98829E-05 9.98829E-05 9.98829E-05
9.98918E-05 9.98918E-05 9.98918E-05 9.98918E-05 9.98918E-05 0.529209 0.0253822 9.98918E-05 9.98918E-05 9.98918E-05 9.98918E-05 0.00354677 9.98918E-05 0.331512 0.0486493 0.0444416 9.98918E-05 9.98918E-05 0.0160598
0.188767 9.9901E-05 9.9901E-05 0.00463608 0.250316 0.238296 9.9901E-05 9.9901E-05 9.9901E-05 9.9901E-05 9.9901E-05 9.9901E-05 0.115658 0.0290028 9.9901E-05 0.141396 9.9901E-05 9.9901E-05 0.0308279
9.98649E-05 9.98649E-05 0.0498369 9.98649E-05 9.98649E-05 9.98649E-05 9.98649E-05 9.98649E-05 0.71234 9.98649E-05 9.98649E-05 9.98649E-05 9.98649E-05 9.98649E-05 0.0532761 9.98649E-05 9.98649E-05 0.183049 9.98649E-05
0.0488108 9.98649E-05 9.98649E-05 9.98649E-05 9.98649E-05 9.98649E-05 9.98649E-05 9.98649E-05 0.769768 9.98649E-05 9.98649E-05 9.98649E-05 0.0194597 9.98649E-05 9.98649E-05 9.98649E-05 9.98649E-05 0.160463 9.98649E-05
9.98647E-05 9.98647E-05 9.98647E-05 0.0215182 9.98647E-05 0.0067264 9.98647E-05 9.98647E-05 0.830033 9.98647E-05 9.98647E-05 9.98647E-05 9.98647E-05 9.98647E-05 9.98647E-05 9.98647E-05 9.98647E-05 0.140224 9.98647E-05
0.098702 9.98649E-05 0.0530784 9.98649E-05 9.98649E-05 9.98649E-05 9.98649E-05 9.98649E-05 0.616635 9.98649E-05 9.98649E-05 9.98649E-05 0.230087 9.98649E-05 9.98649E-05 9.98649E-05 9.98649E-05 9.98649E-05 9.98649E-05
0.195626 9.98828E-05 0.0141589 9.98828E-05 0.0272308 9.98828E-05 9.98828E-05 9.98828E-05 0.713275 0.000539889 9.98828E-05 9.98828E-05 9.98828E-05 9.98828E-05 0.047871 9.98828E-05 9.98828E-05 9.98828E-05 9.98828E-05
9.99007E-05 9.99007E-05 9.99007E-05 0.0705984 9.99007E-05 0.0809812 9.99007E-05 0.0872516 0.436273 9.99007E-05 9.99007E-05 9.99007E-05 9.99007E-05 0.0744315 9.99007E-05 0.0119569 0.180834 9.99007E-05 0.0565742
0.0355284 9.99008E-05 0.075153 0.264894 0.120847 9.99008E-05 9.99008E-05 9.99008E-05 0.284103 0.0637581 9.99008E-05 0.0675692 9.99008E-05 9.99008E-05 0.0870489 9.99008E-05 9.99008E-05 9.99008E-05 9.99008E-05
9.98828E-05 0.0314838 0.0385704 9.98828E-05 9.98828E-05 9.98828E-05 9.98828E-05 9.98828E-05 0.232249 9.98828E-05 0.408554 9.98828E-05 9.98828E-05 0.0637684 9.98828E-05 9.98828E-05 0.224076 9.98828E-05 9.98828E-05
9.9883E-05 9.9883E-05 0.106337 0.0814102 9.9883E-05 9.9883E-05 9.9883E-05 9.9883E-05 0.147131 0.183167 9.9883E-05 9.9883E-05 0.0288735 9.9883E-05 9.9883E-05 9.9883E-05 9.9883E-05 0.451784 9.9883E-05
9.98918E-05 9.98918E-05 9.98918E-05 0.0623145 9.98918E-05 0.00779203 0.0588655 0.0490743 0.794248 9.98918E-05 9.98918E-05 9.98918E-05 9.98918E-05 9.98918E-05 9.98918E-05 9.98918E-05 0.00565227 0.0208547 9.98918E-05
0.162013 9.9856E-05 0.000589553 9.9856E-05 9.9856E-05 9.9856E-05 9.9856E-05 9.9856E-05 0.835799 9.9856E-05 9.9856E-05 9.9856E-05 9.9856E-05 9.9856E-05 9.9856E-05 9.9856E-05 9.9856E-05 9.9856E-05 9.9856E-05
0.0201005 0.00614938 9.99281E-05 9.99281E-05 9.99281E-05 0.00663855 9.99281E-05 0.000304044 0.57035 0.0116823 0.130293 9.99281E-05 0.113435 0.0712429 0.0125502 9.99281E-05 0.0564538 9.99281E-05 9.99281E-05
9.98738E-05 9.98738E-05 9.98738E-05 0.698316 9.98738E-05 9.98738E-05 0.084962 0.066891 0.00241647 9.98738E-05 9.98738E-05 9.98738E-05 9.98738E-05 9.98738E-05 9.98738E-05 9.98738E-05 0.146016 9.98738E-05 9.98738E-05
9.98827E-05 0.02693 9.98827E-05 9.98827E-05 9.98827E-05 9.98827E-05 9.98827E-05 0.10768 0.594659 9.98827E-05 0.0602605 9.98827E-05 9.98827E-05 0.144976 9.98827E-05 9.98827E-05 0.0641961 9.98827E-05 9.98827E-05
9.98738E-05 9.98738E-05 9.98738E-05 0.0469861 9.98738E-05 0.186861 9.98738E-05 9.98738E-05 0.621526 9.98738E-05 9.98738E-05 9.98738E-05 9.98738E-05 0.069986 9.98738E-05 9.98738E-05 0.073242 9.98738E-05 9.98738E-05
0.200734 9.98469E-05 9.98469E-05 9.98469E-05 9.98469E-05 9.98469E-05 9.98469E-05 9.98469E-05 0.797568 9.98469E-05 9.98469E-05 9.98469E-05 9.98469E-05 9.98469E-05 9.98469E-05 9.98469E-05 9.98469E-05 9.98469E-05 9.98469E-05
0.0253494 9.98739E-05 0.056362 9.98739E-05 0.0687857 9.98739E-05 9.98739E-05 9.98739E-05 0.731919 9.98739E-05 9.98739E-05 9.98739E-05 9.98739E-05 9.98739E-05 0.116185 9.98739E-05 9.98739E-05 9.98739E-05 9.98739E-05
9.9847E-05 9.9847E-05 9.9847E-05 9.9847E-05 9.9847E-05 9.9847E-05 9.9847E-05 9.9847E-05 0.691908 9.9847E-05 9.9847E-05 9.9847E-05 9.9847E-05 9.9847E-05 0.306394 9.9847E-05 9.9847E-05 9.9847E-05 9.9847E-05
9.98649E-05 9.98649E-05 0.0520251 9.98649E-05 0.0671914 9.98649E-05 9.98649E-05 9.98649E-05 0.668778 9.98649E-05 9.98649E-05 9.98649E-05 0.210508 9.98649E-05 9.98649E-05 9.98649E-05 9.98649E-05 9.98649E-05 9.98649E-05
9.98556E-05 9.98556E-05 0.43592 9.98556E-05 9.98556E-05 0.133271 9.98556E-05 9.98556E-05 9.98556E-05 9.98556E-05 9.98556E-05 9.98556E-05 9.98556E-05 9.98556E-05 9.98556E-05 9.98556E-05 0.429212 9.98556E-05 9.98556E-05
9.9892E-05 9.9892E-05 0.030256 9.9892E-05 0.000769364 0.0132399 0.106274 9.9892E-05 9.9892E-05 9.9892E-05 0.0983858 9.9892E-05 0.005259 9.9892E-05 9.9892E-05 9.9892E-05 0.744618 9.9892E-05 9.9892E-05
9.98919E-05 0.156901 9.98919E-05 9.98919E-05 9.98919E-05 9.98919E-05 9.98919E-05 0.00468535 0.0211404 0.0617674 0.0638772 9.98919E-05 9.98919E-05 0.124293 9.98919E-05 9.98919E-05 0.566137 9.98919E-05 9.98919E-05
9.98919E-05 9.98919E-05 0.215607 0.0549197 9.98919E-05 9.98919E-05 9.98919E-05 9.98919E-05 9.98919E-05 0.0322981 0.0646707 9.98919E-05 0.288266 9.98919E-05 9.98919E-05 9.98919E-05 0.250116 0.0929231 9.98919E-05
9.98827E-05 9.98827E-05 0.120838 9.98827E-05 9.98827E-05 0.106741 0.0317383 9.98827E-05 0.259408 9.98827E-05 9.98827E-05 9.98827E-05 9.98827E-05 9.98827E-05 9.98827E-05 9.98827E-05 0.478831 9.98827E-05 0.00114606
9.98918E-05 0.0122494 9.98918E-05 0.019718 9.98918E-05 9.98918E-05 9.98918E-05 9.98918E-05 0.0312109 9.98918E-05 9.98918E-05 9.98918E-05 9.98918E-05 9.98918E-05 0.0977478 0.144536 0.650505 9.98918E-05 0.042834
9.98649E-05 9.98649E-05 0.0494603 0.543071 0.260387 9.98649E-05 9.98649E-05 9.98649E-05 9.98649E-05 9.98649E-05 9.98649E-05 9.98649E-05 0.145584 9.98649E-05 9.98649E-05 9.98649E-05 9.98649E-05 9.98649E-05 9.98649E-05
0.043815 9.98829E-05 0.487425 9.98829E-05 0.0596726 9.98829E-05 9.98829E-05 9.98829E-05 9.98829E-05 9.98829E-05 9.98829E-05 0.189309 9.98829E-05 9.98829E-05 0.0306898 9.98829E-05 0.18779 9.98829E-05 9.98829E-05
9.98828E-05 0.0146795 9.98828E-05 9.98828E-05 9.98828E-05 9.98828E-05 9.98828E-05 0.128234 0.151104 9.98828E-05 9.98828E-05 9.98828E-05 9.98828E-05 0.0892431 9.98828E-05 0.0339888 0.581452 9.98828E-05 9.98828E-05
9.98917E-05 9.98917E-05 0.32925 9.98917E-05 9.98917E-05 0.0443774 9.98917E-05 9.98917E-05 9.98917E-05 0.0108926 9.98917E-05 0.0197541 9.98917E-05 9.98917E-05 9.98917E-05 9.98917E-05 0.51636 0.0634485 0.014719
9.98468E-05 9.98468E-05 9.98468E-05 9.98468E-05 9.98468E-05 9.98468E-05 9.98468E-05 9.98468E-05 9.98468E-05 9.98468E-05 0.596011 9.98468E-05 9.98468E-05 9.98468E-05 9.98468E-05 9.98468E-05 0.402292 9.98468E-05 9.98468E-05
9.9883E-05 9.9883E-05 0.37386 9.9883E-05 9.9883E-05 9.9883E-05 9.9883E-05 9.9883E-05 9.9883E-05 0.0590509 9.9883E-05 0.197796 0.0132308 9.9883E-05 9.9883E-05 0.0204488 0.334315 9.9883E-05 9.9883E-05
9.98829E-05 9.98829E-05 0.12629 9.98829E-05 9.98829E-05 9.98829E-05 0.0193591 9.98829E-05 9.98829E-05 9.98829E-05 0.155129 9.98829E-05 0.0108059 9.98829E-05 9.98829E-05 9.98829E-05 0.665875 0.0212426 9.98829E-05
0.0993233 9.9883E-05 0.0911895 9.9883E-05 9.9883E-05 9.9883E-05 9.9883E-05 9.9883E-05 0.0122962 9.9883E-05 9.9883E-05 9.9883E-05 0.0976671 9.9883E-05 9.9883E-05 9.9883E-05 0.428696 0.26953 9.9883E-05
0.102028 9.99008E-05 0.277008 0.216039 9.99008E-05 9.99008E-05 9.99008E-05 9.99008E-05 0.0634915 0.000887873 9.99008E-05 9.99008E-05 9.99008E-05 9.99008E-05 0.269641 9.99008E-05 0.0611167 9.99008E-05 0.0086889
0.0882249 9.98919E-05 0.148049 0.0188989 9.98919E-05 9.98919E-05 9.98919E-05 9.98919E-05 9.98919E-05 0.0212356 9.98919E-05 0.18866 9.98919E-05 9.98919E-05 0.218206 9.98919E-05 0.315527 9.98919E-05 9.98919E-05
9.9901E-05 9.9901E-05 0.176499 0.0725191 0.0831252 9.9901E-05 9.9901E-05 9.9901E-05 0.0340419 9.9901E-05 9.9901E-05 9.9901E-05 0.391715 9.9901E-05 9.9901E-05 0.0716008 0.169269 0.000131542 9.9901E-05
9.98649E-05 9.98649E-05 9.98649E-05 9.98649E-05 0.0954774 9.98649E-05 9.98649E-05 9.98649E-05 0.355106 0.227708 9.98649E-05 9.98649E-05 0.320211 9.98649E-05 9.98649E-05 9.98649E-05 9.98649E-05 9.98649E-05 9.98649E-05
9.98827E-05 9.98827E-05 0.22199 0.0977691 9.98827E-05 0.0319325 0.0822339 0.041637 9.98827E-05 9.98827E-05 9.98827E-05 9.98827E-05 9.98827E-05 9.98827E-05 9.98827E-05 9.98827E-05 0.523139 9.98827E-05 9.98827E-05
0.10643 9.98829E-05 0.161016 9.98829E-05 9.98829E-05 9.98829E-05 9.98829E-05 9.98829E-05 9.98829E-05 0.266251 0.0864201 9.98829E-05 9.98829E-05 9.98829E-05 9.98829E-05 9.98829E-05 0.249576 0.129008 9.98829E-05
9.98828E-05 9.98828E-05 9.98828E-05 9.98828E-05 9.98828E-05 9.98828E-05 0.0782058 0.0733452 9.98828E-05 0.0452474 9.98828E-05 0.0103983 9.98828E-05 9.98828E-05 9.98828E-05 9.98828E-05 0.778016 0.0134888 9.98828E-05
9.98558E-05 9.98558E-05 0.661959 9.98558E-05 9.98558E-05 9.98558E-05 9.98558E-05 9.98558E-05 9.98558E-05 9.98558E-05 9.98558E-05 9.98558E-05 9.98558E-05 9.98558E-05 9.98558E-05 9.98558E-05 0.193803 0.142639 9.98558E-05
0.00795703 9.99007E-05 0.512527 0.171563 9.99007E-05 0.102898 9.99007E-05 9.99007E-05 0.0199388 9.99007E-05 9.99007E-05 9.99007E-05 9.99007E-05 9.99007E-05 0.00877485 9.99007E-05 0.163692 0.0115497 9.99007E-05
9.98918E-05 9.98918E-05 0.33605 9.98918E-05 0.0137111 0.00989053 9.98918E-05 9.98918E-05 9.98918E-05 0.0434774 9.98918E-05 0.185208 9.98918E-05 9.98918E-05 0.0679366 9.98918E-05 0.342527 9.98918E-05 9.98918E-05
9.98739E-05 9.98739E-05 0.0510843 0.545978 9.98739E-05 9.98739E-05 0.0924035 0.182364 9.98739E-05 9.98739E-05 9.98739E-05 9.98739E-05 9.98739E-05 9.98739E-05 9.98739E-05 9.98739E-05 0.126772 9.98739E-05 9.98739E-05
9.98739E-05 9.98739E-05 0.648456 9.98739E-05 9.98739E-05 9.98739E-05 9.98739E-05 9.98739E-05 0.0712032 9.98739E-05 9.98739E-05 9.98739E-05 0.268701 0.00298697 9.98739E-05 9.98739E-05 0.00725473 9.98739E-05 9.98739E-05
9.98918E-05 0.0273106 0.274345 0.00076727 9.98918E-05 9.98918E-05 9.98918E-05 0.0729483 9.98918E-05 0.0859819 9.98918E-05 9.98918E-05 9.98918E-05 0.375197 9.98918E-05 9.98918E-05 0.162252 9.98918E-05 9.98918E-05
0.194946 9.99008E-05 0.132411 0.442941 9.99008E-05 0.0318036 9.99008E-05 9.99008E-05 0.030671 0.0179807 9.99008E-05 0.033018 9.99008E-05 9.99008E-05 0.11513 9.99008E-05 9.99008E-05 9.99008E-05 9.99008E-05
9.9856E-05 9.9856E-05 0.908291 9.9856E-05 9.9856E-05 9.9856E-05 9.9856E-05 9.9856E-05 9.9856E-05 9.9856E-05 9.9856E-05 0.0723029 0.0178085 9.9856E-05 9.9856E-05 9.9856E-05 9.9856E-05 9.9856E-05 9.9856E-05
9.9874E-05 0.0177618 0.784747 9.9874E-05 9.9874E-05 9.9874E-05 9.9874E-05 9.9874E-05 9.9874E-05 9.9874E-05 0.0550052 9.9874E-05 9.9874E-05 9.9874E-05 0.1353 9.9874E-05 9.9874E-05 0.00578778 9.9874E-05
9.98917E-05 9.98917E-05 0.00967786 0.784117 0.0690019 0.0436758 9.98917E-05 9.98917E-05 9.98917E-05 0.0756402 9.98917E-05 9.98917E-05 9.98917E-05 0.0116041 0.00508442 9.98917E-05 9.98917E-05 9.98917E-05 9.98917E-05
9.98919E-05 0.00542421 9.98919E-05 0.70647 9.98919E-05 0.104558 9.98919E-05 9.98919E-05 0.113949 9.98919E-05 9.98919E-05 9.98919E-05 0.00237763 9.98919E-05 9.98919E-05 9.98919E-05 0.0287334 0.0372894 9.98919E-05
9.98738E-05 0.0124834 9.98738E-05 0.616802 9.98738E-05 9.98738E-05 9.98738E-05 0.0252446 9.98738E-05 9.98738E-05 0.284926 9.98738E-05 9.98738E-05 9.98738E-05 9.98738E-05 9.98738E-05 0.059146 9.98738E-05 9.98738E-05
9.98738E-05 0.0202268 0.20708 0.0270877 9.98738E-05 9.98738E-05 9.98738E-05 9.98738E-05 9.98738E-05 9.98738E-05 9.98738E-05 9.98738E-05 9.98738E-05 0.431611 9.98738E-05 9.98738E-05 0.312597 9.98738E-05 9.98738E-05
9.98739E-05 9.98739E-05 0.0161761 9.98739E-05 0.0631228 9.98739E-05 9.98739E-05 9.98739E-05 0.649424 9.98739E-05 9.98739E-05 0.0757203 0.194159 9.98739E-05 9.98739E-05 9.98739E-05 9.98739E-05 9.98739E-05 9.98739E-05
9.98826E-05 9.98826E-05 0.380373 0.0236693 9.98826E-05 9.98826E-05 0.0254529 0.201146 9.98826E-05 9.98826E-05 9.98826E-05 9.98826E-05 9.98826E-05 0.0800214 9.98826E-05 9.98826E-05 0.288038 9.98826E-05 9.98826E-05
9.98558E-05 9.98558E-05 0.553382 0.423899 9.98558E-05 9.98558E-05 9.98558E-05 9.98558E-05 9.98558E-05 9.98558E-05 9.98558E-05 9.98558E-05 9.98558E-05 9.98558E-05 9.98558E-05 9.98558E-05 9.98558E-05 0.0211214 9.98558E-05
0.199009 9.98648E-05 9.98648E-05 0.617993 0.14888 9.98648E-05 9.98648E-05 9.98648E-05 9.98648E-05 9.98648E-05 9.98648E-05 9.98648E-05 9.98648E-05 9.98648E-05 0.0326207 9.98648E-05 9.98648E-05 9.98648E-05 9.98648E-05
9.98647E-05 9.98647E-05 9.98647E-05 9.98647E-05 9.98647E-05 9.98647E-05 9.98647E-05 0.11296 0.702253 9.98647E-05 9.98647E-05 9.98647E-05 9.98647E-05 0.11111 9.98647E-05 9.98647E-05 0.0721788 9.98647E-05 9.98647E-05
9.98829E-05 0.0772238 9.98829E-05 0.122063 9.98829E-05 9.98829E-05 9.98829E-05 9.98829E-05 0.141797 9.98829E-05 0.14944 9.98829E-05 9.98829E-05 0.301207 9.98829E-05 9.98829E-05 0.20697 9.98829E-05 9.98829E-05
9.98737E-05 9.98737E-05 9.98737E-05 9.98737E-05 9.98737E-05 0.0509576 9.98737E-05 0.0741085 0.679261 9.98737E-05 9.98737E-05 9.98737E-05 9.98737E-05 0.0456318 9.98737E-05 9.98737E-05 0.148643 9.98737E-05 9.98737E-05
9.98918E-05 9.98918E-05 9.98918E-05 0.527249 9.98918E-05 9.98918E-05 0.0306915 9.98918E-05 0.192134 0.0544056 0.0325627 9.98918E-05 9.98918E-05 9.98918E-05 9.98918E-05 9.98918E-05 0.0360092 0.125749 9.98918E-05
9.98739E-05 9.98739E-05 0.0125442 0.162958 9.98739E-05 9.98739E-05 9.98739E-05 9.98739E-05 0.0970134 9.98739E-05 0.545425 9.98739E-05 9.98739E-05 9.98739E-05 9.98739E-05 9.98739E-05 0.180661 9.98739E-05 9.98739E-05
0.299944 9.98829E-05 0.32106 0.0318444 9.98829E-05 9.98829E-05 9.98829E-05 9.98829E-05 0.175958 9.98829E-05 9.98829E-05 9.98829E-05 0.0280946 9.98829E-05 9.98829E-05 9.98829E-05 0.141801 9.98829E-05 9.98829E-05
0.19782 9.98649E-05 0.365728 9.98649E-05 9.98649E-05 9.98649E-05 0.0222214 9.98649E-05 9.98649E-05 9.98649E-05 9.98649E-05 9.98649E-05 9.98649E-05 9.98649E-05 9.98649E-05 9.98649E-05 0.412733 9.98649E-05 9.98649E-05
0.38807 9.9883E-05 0.062239 9.9883E-05 9.9883E-05 9.9883E-05 9.9883E-05 9.9883E-05 0.0679792 0.0715001 9.9883E-05 9.9883E-05 0.0226483 9.9883E-05 9.9883E-05 9.9883E-05 0.386265 9.9883E-05 9.9883E-05
9.98737E-05 0.0492439 0.264333 9.98737E-05 9.98737E-05 9.98737E-05 9.98737E-05 0.0948355 9.98737E-05 9.98737E-05 9.98737E-05 9.98737E-05 9.98737E-05 0.118535 9.98737E-05 9.98737E-05 0.471655 9.98737E-05 9.98737E-05
9.98737E-05 9.98737E-05 0.484822 0.0366125 9.98737E-05 9.98737E-05 9.98737E-05 9.98737E-05 0.0363531 9.98737E-05 9.98737E-05 9.98737E-05 9.98737E-05 9.98737E-05 9.98737E-05 9.98737E-05 0.146627 0.294188 9.98737E-05
0.0833113 9.98739E-05 0.855527 0.00887983 0.0229276 9.98739E-05 9.98739E-05 9.98739E-05 9.98739E-05 0.0279558 9.98739E-05 9.98739E-05 9.98739E-05 9.98739E-05 9.98739E-05 9.98739E-05 9.98739E-05 9.98739E-05 9.98739E-05
9.98917E-05 9.98917E-05 9.98917E-05 9.98917E-05 9.98917E-05 0.0216922 0.000799673 0.1236 0.192724 0.617978 9.98917E-05 9.98917E-05 9.98917E-05 0.02973 9.98917E-05 9.98917E-05 9.98917E-05 9.98917E-05 0.0122772
9.98557E-05 9.98557E-05 9.98557E-05 9.98557E-05 9.98557E-05 9.98557E-05 9.98557E-05 9.98557E-05 9.98557E-05 0.340597 9.98557E-05 9.98557E-05 9.98557E-05 0.21225 9.98557E-05 9.98557E-05 0.445556 9.98557E-05 9.98557E-05
9.98648E-05 9.98648E-05 9.98648E-05 0.0744786 9.98648E-05 9.98648E-05 9.98648E-05 9.98648E-05 0.145423 0.649276 9.98648E-05 0.129324 9.98648E-05 9.98648E-05 9.98648E-05 9.98648E-05 9.98648E-05 9.98648E-05 9.98648E-05
9.98647E-05 9.98647E-05 0.0170805 9.98647E-05 9.98647E-05 9.98647E-05 9.98647E-05 9.98647E-05 9.98647E-05 0.488214 9.98647E-05 9.98647E-05 9.98647E-05 0.201222 9.98647E-05 9.98647E-05 0.291986 9.98647E-05 9.98647E-05
9.98557E-05 9.98557E-05 9.98557E-05 9.98557E-05 9.98557E-05 9.98557E-05 9.98557E-05 9.98557E-05 9.98557E-05 0.70345 9.98557E-05 9.98557E-05 9.98557E-05 0.151697 9.98557E-05 9.98557E-05 0.143255 9.98557E-05 9.98557E-05
9.98648E-05 9.98648E-05 0.0418616 9.98648E-05 0.121192 9.98648E-05 9.98648E-05 9.98648E-05 9.98648E-05 0.779725 9.98648E-05 0.0557239 9.98648E-05 9.98648E-05 9.98648E-05 9.98648E-05 9.98648E-05 9.98648E-05 9.98648E-05
9.98738E-05 9.98738E-05 0.205139 9.98738E-05 9.98738E-05 0.205798 0.00564747 9.98738E-05 9.98738E-05 0.326206 9.98738E-05 9.98738E-05 9.98738E-05 9.98738E-05 9.98738E-05 9.98738E-05 0.255812 9.98738E-05 9.98738E-05
9.98647E-05 9.98647E-05 9.98647E-05 9.98647E-05 9.98647E-05 0.0680101 9.98647E-05 9.98647E-05 9.98647E-05 0.769276 9.98647E-05 9.98647E-05 9.98647E-05 9.98647E-05 9.98647E-05 9.98647E-05 0.144576 9.98647E-05 0.0166401
9.98649E-05 0.0811405 9.98649E-05 9.98649E-05 9.98649E-05 9.98649E-05 0.614615 0.050259 9.98649E-05 9.98649E-05 0.252488 9.98649E-05 9.98649E-05 9.98649E-05 9.98649E-05 9.98649E-05 9.98649E-05 9.98649E-05 9.98649E-05
0.00971342 9.9892E-05 9.9892E-05 9.9892E-05 9.9892E-05 9.9892E-05 0.729899 9.9892E-05 0.00567521 9.9892E-05 0.122984 0.0430573 9.9892E-05 0.00147576 9.9892E-05 9.9892E-05 0.0859971 9.9892E-05 9.9892E-05
9.9856E-05 9.9856E-05 9.9856E-05 9.9856E-05 9.9856E-05 9.9856E-05 0.806073 9.9856E-05 9.9856E-05 9.9856E-05 9.9856E-05 0.0057604 0.186569 9.9856E-05 9.9856E-05 9.9856E-05 9.9856E-05 9.9856E-05 9.9856E-05
9.98379E-05 9.98379E-05 9.98379E-05 9.98379E-05 9.98379E-05 9.98379E-05 9.98379E-05 9.98379E-05 9.98379E-05 9.98379E-05 9.98379E-05 9.98379E-05 9.98379E-05 9.98379E-05 9.98379E-05 0.998203 9.98379E-05 9.98379E-05 9.98379E-05
9.98738E-05 0.114276 9.98738E-05 9.98738E-05 9.98738E-05 9.98738E-05 0.484883 0.0709751 9.98738E-05 9.98738E-05 0.185559 9.98738E-05 9.98738E-05 9.98738E-05 9.98738E-05 0.142909 9.98738E-05 9.98738E-05 9.98738E-05
0.0454942 9.99098E-05 0.02674 9.99098E-05 0.0357516 0.369644 9.99098E-05 0.0588106 9.99098E-05 0.0328193 9.99098E-05 9.99098E-05 0.0137998 9.99098E-05 9.99098E-05 0.362183 9.99098E-05 0.0537584 9.99098E-05
9.98647E-05 9.98647E-05 9.98647E-05 9.98647E-05 9.98647E-05 9.98647E-05 0.417621 0.0451632 9.98647E-05 9.98647E-05 9.98647E-05 9.98647E-05 9.98647E-05 0.429147 9.98647E-05 0.106571 9.98647E-05 9.98647E-05 9.98647E-05
9.98738E-05 9.98738E-05 9.98738E-05 9.98738E-05 9.98738E-05 9.98738E-05 0.714652 0.0123916 9.98738E-05 0.00187692 0.23316 9.98738E-05 9.98738E-05 9.98738E-05 9.98738E-05 0.0365213 9.98738E-05 9.98738E-05 9.98738E-05
9.99009E-05 9.99009E-05 9.99009E-05 0.0522154 9.99009E-05 0.0301064 0.740855 0.0434283 9.99009E-05 0.0141461 9.99009E-05 9.99009E-05 9.99009E-05 9.99009E-05 0.0158538 0.00125988 9.99009E-05 9.99009E-05 0.101037
9.98702E-05 9.98702E-05 0.0791696 9.98702E-05 0.0807643 9.98702E-05 0.270585 9.98702E-05 9.98702E-05 9.98702E-05 9.98702E-05 9.98702E-05 9.98702E-05 9.98702E-05 0.0800498 0.157479 9.98702E-05 0.330654 9.98702E-05
9.98738E-05 0.207133 9.98738E-05 9.98738E-05 9.98738E-05 9.98738E-05 0.209504 9.98738E-05 9.98738E-05 9.98738E-05 0.511215 9.98738E-05 9.98738E-05 9.98738E-05 9.98738E-05 0.0424633 0.0282868 9.98738E-05 9.98738E-05
9.98919E-05 0.0488958 0.0220512 9.98919E-05 0.0727662 9.98919E-05 0.429921 9.98919E-05 9.98919E-05 9.98919E-05 9.98919E-05 9.98919E-05 9.98919E-05 9.98919E-05 0.402915 0.0142034 9.98919E-05 0.00804782 9.98919E-05
9.98559E-05 9.98559E-05 9.98559E-05 9.98559E-05 9.98559E-05 9.98559E-05 0.703251 0.230725 9.98559E-05 9.98559E-05 9.98559E-05 9.98559E-05 9.98559E-05 9.98559E-05 9.98559E-05 0.0644261 9.98559E-05 9.98559E-05 9.98559E-05
9.99098E-05 9.99098E-05 0.0330736 0.00867269 9.99098E-05 0.18694 0.449855 0.0123865 9.99098E-05 0.00575211 9.99098E-05 9.99098E-05 9.99098E-05 9.99098E-05 0.11859 0.163235 9.99098E-05 0.0204961 9.99098E-05
9.98918E-05 9.98918E-05 9.98918E-05 9.98918E-05 9.98918E-05 0.0815852 0.432198 9.98918E-05 0.0308458 9.98918E-05 0.054651 9.98918E-05 9.98918E-05 9.98918E-05 9.98918E-05 0.0922538 9.98918E-05 0.27317 0.0340974
9.99008E-05 9.99008E-05 9.99008E-05 0.0159624 0.010088 0.255087 0.199977 0.241046 0.0293114 9.99008E-05 9.99008E-05 9.99008E-05 9.99008E-05 0.101042 9.99008E-05 0.146387 9.99008E-05 9.99008E-05 9.99008E-05
0.215908 9.99007E-05 0.0969908 9.99007E-05 0.104797 9.99007E-05 0.359449 9.99007E-05 9.99007E-05 0.000297708 9.99007E-05 0.122784 9.99007E-05 9.99007E-05 0.00661356 0.0920602 9.99007E-05 9.99007E-05 9.99007E-05
0.0617221 9.98647E-05 9.98647E-05 9.98647E-05 0.0282222 9.98647E-05 0.371293 9.98647E-05 9.98647E-05 9.98647E-05 9.98647E-05 9.98647E-05 0.537265 9.98647E-05 9.98647E-05 9.98647E-05 9.98647E-05 9.98647E-05 9.98647E-05
9.98829E-05 0.0121835 0.00169838 9.98829E-05 9.98829E-05 9.98829E-05 0.727363 9.98829E-05 0.0606423 9.98829E-05 9.98829E-05 9.98829E-05 9.98829E-05 9.98829E-05 9.98829E-05 9.98829E-05 0.0821206 9.98829E-05 0.114694
9.98648E-05 9.98648E-05 9.98648E-05 9.98648E-05 9.98648E-05 9.98648E-05 0.500035 0.213136 9.98648E-05 9.98648E-05 9.98648E-05 9.98648E-05 9.98648E-05 0.0241707 9.98648E-05 0.26116 9.98648E-05 9.98648E-05 9.98648E-05
9.98648E-05 9.98648E-05 9.98648E-05 9.98648E-05 9.98648E-05 9.98648E-05 0.391443 9.98648E-05 0.020978 9.98648E-05 9.98648E-05 9.98648E-05 9.98648E-05 9.98648E-05 9.98648E-05 0.173696 9.98648E-05 0.412385 9.98648E-05
0.198828 9.98649E-05 9.98649E-05 9.98649E-05 9.98649E-05 9.98649E-05 0.572631 9.98649E-05 9.98649E-05 9.98649E-05 9.98649E-05 9.98649E-05 0.128917 9.98649E-05 9.98649E-05 9.98649E-05 9.98649E-05 0.098126 9.98649E-05
9.99009E-05 0.0856062 0.0736469 9.99009E-05 0.0719385 0.209692 9.99009E-05 9.99009E-05 9.99009E-05 9.99009E-05 9.99009E-05 0.280251 9.99009E-05 9.99009E-05 0.068075 0.00446836 9.99009E-05 0.205223 9.99009E-05
9.98917E-05 0.316537 9.98917E-05 9.98917E-05 0.043275 0.00493684 9.98917E-05 9.98917E-05 9.98917E-05 0.0268175 9.98917E-05 0.00339668 9.98917E-05 0.145708 9.98917E-05 9.98917E-05 9.98917E-05 9.98917E-05 0.45813
9.98828E-05 0.07995 9.98828E-05 9.98828E-05 0.0145691 0.19839 9.98828E-05 0.0219193 9.98828E-05 9.98828E-05 9.98828E-05 0.0881294 0.595744 9.98828E-05 9.98828E-05 9.98828E-05 9.98828E-05 9.98828E-05 9.98828E-05
9.98738E-05 0.0289705 9.98738E-05 9.98738E-05 9.98738E-05 0.437584 9.98738E-05 0.474985 0.0153067 9.98738E-05 9.98738E-05 9.98738E-05 9.98738E-05 9.98738E-05 9.98738E-05 9.98738E-05 9.98738E-05 0.0417562 9.98738E-05
9.98557E-05 0.866691 9.98557E-05 9.98557E-05 9.98557E-05 9.98557E-05 9.98557E-05 9.98557E-05 9.98557E-05 9.98557E-05 0.127017 9.98557E-05 9.98557E-05 9.98557E-05 9.98557E-05 9.98557E-05 0.00469431 9.98557E-05 9.98557E-05
0.280948 9.98737E-05 9.98737E-05 9.98737E-05 0.18266 0.186042 9.98737E-05 9.98737E-05 9.98737E-05 9.98737E-05 9.98737E-05 9.98737E-05 0.0575423 9.98737E-05 0.291409 9.98737E-05 9.98737E-05 9.98737E-05 9.98737E-05
0.033169 0.637002 9.98828E-05 9.98828E-05 0.0755653 9.98828E-05 9.98828E-05 9.98828E-05 9.98828E-05 9.98828E-05 9.98828E-05 9.98828E-05 9.98828E-05 9.98828E-05 0.14457 9.98828E-05 9.98828E-05 0.0440846 0.064311
0.00653048 0.0861423 0.0865347 9.98829E-05 9.98829E-05 0.653987 0.0915582 9.98829E-05 9.98829E-05 9.98829E-05 9.98829E-05 0.0739486 9.98829E-05 9.98829E-05 9.98829E-05 9.98829E-05 9.98829E-05 9.98829E-05 9.98829E-05
0.407517 0.251154 9.98558E-05 9.98558E-05 9.98558E-05 9.98558E-05 9.98558E-05 9.98558E-05 9.98558E-05 9.98558E-05 9.98558E-05 9.98558E-05 9.98558E-05 9.98558E-05 9.98558E-05 9.98558E-05 9.98558E-05 9.98558E-05 0.339732
0.0277288 0.452218 9.98829E-05 9.98829E-05 9.98829E-05 0.0379254 9.98829E-05 0.19731 9.98829E-05 0.0156026 9.98829E-05 9.98829E-05 9.98829E-05 0.267917 9.98829E-05 9.98829E-05 9.98829E-05 9.98829E-05 9.98829E-05
0.272398 0.0782321 0.0484857 9.99007E-05 9.99007E-05 0.0695865 9.99007E-05 9.99007E-05 9.99007E-05 9.99007E-05 9.99007E-05 0.187519 9.99007E-05 9.99007E-05 0.162358 9.99007E-05 9.99007E-05 0.17796 0.00236176
0.00917081 0.245732 0.00524851 9.98849E-05 0.0370117 9.98849E-05 9.98849E-05 9.98849E-05 9.98849E-05 9.98849E-05 9.98849E-05 9.98849E-05 0.411686 9.98849E-05 9.98849E-05 9.98849E-05 9.98849E-05 9.98849E-05 0.289853
9.98558E-05 0.848014 9.98558E-05 9.98558E-05 9.98558E-05 9.98558E-05 9.98558E-05 9.98558E-05 9.98558E-05 9.98558E-05 0.0743335 9.98558E-05 9.98558E-05 0.0760543 9.98558E-05 9.98558E-05 9.98558E-05 9.98558E-05 9.98558E-05
0.0571477 9.98918E-05 9.98918E-05 9.98918E-05 0.294391 0.0929237 9.98918E-05 9.98918E-05 9.98918E-05 9.98918E-05 9.98918E-05 0.242262 0.0775842 9.98918E-05 0.226423 9.98918E-05 9.98918E-05 0.00806981 9.98918E-05
0.377381 0.227236 0.0323553 9.98738E-05 0.181402 9.98738E-05 9.98738E-05 9.98738E-05 9.98738E-05 9.98738E-05 9.98738E-05 9.98738E-05 9.98738E-05 9.98738E-05 9.98738E-05 9.98738E-05 9.98738E-05 9.98738E-05 0.180227
0.529647 9.98827E-05 9.98827E-05 9.98827E-05 0.11928 0.200697 9.98827E-05 9.98827E-05 9.98827E-05 9.98827E-05 9.98827E-05 9.98827E-05 0.0320949 0.0562336 0.0607485 9.98827E-05 9.98827E-05 9.98827E-05 9.98827E-05
9.98649E-05 0.675583 9.98649E-05 9.98649E-05 9.98649E-05 9.98649E-05 9.98649E-05 0.106499 9.98649E-05 9.98649E-05 0.154862 9.98649E-05 9.98649E-05 9.98649E-05 9.98649E-05 9.98649E-05 9.98649E-05 9.98649E-05 0.0615583
0.666946 0.207767 9.98647E-05 9.98647E-05 9.98647E-05 9.98647E-05 9.98647E-05 9.98647E-05 9.98647E-05 9.98647E-05 9.98647E-05 0.110396 0.0133933 9.98647E-05 9.98647E-05 9.98647E-05 9.98647E-05 9.98647E-05 9.98647E-05
9.98738E-05 9.98738E-05 9.98738E-05 9.98738E-05 9.98738E-05 0.149354 0.0183263 9.98738E-05 9.98738E-05 9.98738E-05 9.98738E-05 0.447943 9.98738E-05 9.98738E-05 0.234273 9.98738E-05 9.98738E-05 0.148706 9.98738E-05
9.98918E-05 0.0923525 9.98918E-05 9.98918E-05 9.98918E-05 0.590102 9.98918E-05 0.128733 9.98918E-05 0.0780103 9.98918E-05 0.0713936 9.98918E-05 9.98918E-05 0.0237833 9.98918E-05 9.98918E-05 9.98918E-05 0.0144269
9.99012E-05 9.99012E-05 0.00649966 9.99012E-05 9.99012E-05 0.237577 9.99012E-05 9.99012E-05 0.0717813 9.99012E-05 0.128341 9.99012E-05 0.40447 9.99012E-05 0.000109616 0.130156 9.99012E-05 0.0199662 9.99012E-05
0.268386 0.0655297 9.99099E-05 9.99099E-05 0.0282273 0.188405 9.99099E-05 0.103497 0.0381519 0.0141053 9.99099E-05 9.99099E-05 0.240359 9.99099E-05 9.99099E-05 9.99099E-05 9.99099E-05 0.0523401 9.99099E-05
9.98558E-05 0.681825 9.98558E-05 9.98558E-05 9.98558E-05 0.0414674 9.98558E-05 0.27511 9.98558E-05 9.98558E-05 9.98558E-05 9.98558E-05 9.98558E-05 9.98558E-05 9.98558E-05 9.98558E-05 9.98558E-05 9.98558E-05 9.98558E-05
0.329058 9.99098E-05 9.99098E-05 0.0189009 9.99098E-05 0.144282 9.99098E-05 9.99098E-05 0.00902471 9.99098E-05 9.99098E-05 0.119611 9.99098E-05 0.08674 0.107503 9.99098E-05 0.0444647 9.99098E-05 0.139418
9.98826E-05 0.386428 9.98826E-05 0.0311693 9.98826E-05 0.253846 9.98826E-05 9.98826E-05 9.98826E-05 0.0430506 9.98826E-05 0.0540841 9.98826E-05 9.98826E-05 9.98826E-05 9.98826E-05 9.98826E-05 9.98826E-05 0.230124
9.99099E-05 0.0677558 9.99099E-05 0.0843179 9.99099E-05 0.176487 0.197368 0.294487 0.0149907 9.99099E-05 0.0728878 9.99099E-05 9.99099E-05 9.99099E-05 9.99099E-05 9.99099E-05 0.0302569 9.99099E-05 0.060449
0.551486 9.99008E-05 0.0139472 0.0296677 9.99008E-05 9.99008E-05 0.0747841 0.106026 9.99008E-05 9.99008E-05 9.99008E-05 0.155692 9.99008E-05 9.99008E-05 9.99008E-05 0.0090931 9.99008E-05 9.99008E-05 0.0582056
9.98648E-05 9.98648E-05 9.98648E-05 9.98648E-05 9.98648E-05 9.98648E-05 0.0171469 9.98648E-05 9.98648E-05 9.98648E-05 9.98648E-05 9.98648E-05 9.98648E-05 9.98648E-05 9.98648E-05 9.98648E-05 0.0457534 0.714178 0.221424
0.0359755 0.0806315 0.000191688 0.00213188 0.00655624 9.9919E-05 9.9919E-05 0.094142 0.0255476 9.9919E-05 0.642457 9.9919E-05 0.00187245 0.109595 9.9919E-05 9.9919E-05 9.9919E-05 9.9919E-05 9.9919E-05
9.98917E-05 9.98917E-05 9.98917E-05 0.09777 9.98917E-05 0.266458 0.141402 0.0425773 9.98917E-05 9.98917E-05 0.0727376 9.98917E-05 9.98917E-05 0.0626158 9.98917E-05 9.98917E-05 9.98917E-05 9.98917E-05 0.31524
9.99188E-05 9.99188E-05 9.99188E-05 9.99188E-05 9.99188E-05 0.016362 0.126989 0.538907 0.0165917 9.99188E-05 9.99188E-05 0.0709114 9.99188E-05 0.0529769 0.0358913 0.0113519 0.00100772 9.99188E-05 0.128112
9.99009E-05 0.107137 0.0126022 9.99009E-05 9.99009E-05 9.99009E-05 9.99009E-05 0.147008 0.0360543 9.99009E-05 9.99009E-05 9.99009E-05 0.00453245 9.99009E-05 0.434723 9.99009E-05 9.99009E-05 0.241924 0.0149201
0.00233905 0.0601655 9.98829E-05 9.98829E-05 9.98829E-05 9.98829E-05 9.98829E-05 0.878812 9.98829E-05 9.98829E-05 0.00972658 9.98829E-05 9.98829E-05 0.0113724 9.98829E-05 0.0362856 9.98829E-05 9.98829E-05 9.98829E-05
0.477581 9.98827E-05 9.98827E-05 9.98827E-05 0.0615129 0.195756 9.98827E-05 9.98827E-05 9.98827E-05 9.98827E-05 9.98827E-05 9.98827E-05 0.12672 0.00424763 0.132883 9.98827E-05 9.98827E-05 9.98827E-05 9.98827E-05
9.98648E-05 9.98648E-05 9.98648E-05 9.98648E-05 0.0105921 9.98648E-05 9.98648E-05 0.903675 9.98648E-05 9.98648E-05 9.98648E-05 9.98648E-05 9.98648E-05 9.98648E-05 9.98648E-05 9.98648E-05 9.98648E-05 0.0677024 0.0165324
0.0669097 9.98649E-05 9.98649E-05 9.98649E-05 9.98649E-05 9.98649E-05 9.98649E-05 9.98649E-05 9.98649E-05 9.98649E-05 0.185015 9.98649E-05 0.373795 9.98649E-05 9.98649E-05 9.98649E-05 9.98649E-05 9.98649E-05 0.372782
0.235667 0.010216 9.99008E-05 9.99008E-05 0.0772004 9.99008E-05 0.0523324 9.99008E-05 9.99008E-05 9.99008E-05 9.99008E-05 9.99008E-05 0.302196 0.0558997 9.99008E-05 9.99008E-05 9.99008E-05 0.209557 0.0558318
9.9901E-05 9.9901E-05 9.9901E-05 0.0579894 9.9901E-05 0.162511 0.0160488 0.0299169 9.9901E-05 9.9901E-05 9.9901E-05 9.9901E-05 9.9901E-05 9.9901E-05 9.9901E-05 0.0292108 0.0812091 0.436583 0.185432
0.010213 9.99008E-05 0.0488113 9.99008E-05 9.99008E-05 0.584853 0.12859 9.99008E-05 9.99008E-05 9.99008E-05 9.99008E-05 9.99008E-05 9.99008E-05 0.0285788 9.99008E-05 0.000222022 9.99008E-05 0.161717 0.0359158
9.99098E-05 9.99098E-05 9.99098E-05 0.00938595 0.0252388 0.237806 0.127643 9.99098E-05 0.021917 9.99098E-05 0.0415285 9.99098E-05 9.99098E-05 9.99098E-05 9.99098E-05 9.99098E-05 0.00127461 0.321264 0.212944
0.324842 9.98918E-05 9.98918E-05 9.98918E-05 9.98918E-05 0.0891253 0.0892689 0.106604 9.98918E-05 9.98918E-05 0.0617259 9.98918E-05 0.196326 9.98918E-05 9.98918E-05 9.98918E-05 9.98918E-05 0.130909 9.98918E-05
9.99009E-05 0.0419061 9.99009E-05 9.99009E-05 0.00528529 0.112326 0.0359706 0.137589 9.99009E-05 9.99009E-05 0.589322 9.99009E-05 9.99009E-05 0.0629226 9.99009E-05 9.99009E-05 9.99009E-05 0.0135802 9.99009E-05
9.98647E-05 0.132933 9.98647E-05 9.98647E-05 9.98647E-05 9.98647E-05 9.98647E-05 0.12548 9.98647E-05 9.98647E-05 0.493908 9.98647E-05 9.98647E-05 9.98647E-05 9.98647E-05 9.98647E-05 9.98647E-05 9.98647E-05 0.246181
9.98828E-05 9.98828E-05 9.98828E-05 0.0517374 9.98828E-05 0.124393 9.98828E-05 0.18837 9.98828E-05 9.98828E-05 9.98828E-05 0.0424922 9.98828E-05 0.331247 9.98828E-05 9.98828E-05 9.98828E-05 9.98828E-05 0.260461
9.9865E-05 9.9865E-05 9.9865E-05 9.9865E-05 9.9865E-05 9.9865E-05 9.9865E-05 0.65686 9.9865E-05 9.9865E-05 0.112764 9.9865E-05 9.9865E-05 9.9865E-05 9.9865E-05 9.9865E-05 0.0685288 9.9865E-05 0.160349
9.98648E-05 9.98648E-05 9.98648E-05 9.98648E-05 0.00947628 0.0927786 9.98648E-05 9.98648E-05 9.98648E-05 9.98648E-05 0.863643 9.98648E-05 9.98648E-05 9.98648E-05 0.0326037 9.98648E-05 9.98648E-05 9.98648E-05 9.98648E-05
9.99008E-05 0.00332577 9.99008E-05 9.99008E-05 9.99008E-05 9.99008E-05 0.0493278 0.00193456 9.99008E-05 0.0351488 9.99008E-05 0.0260196 9.99008E-05 0.386065 9.99008E-05 9.99008E-05 0.0834869 9.99008E-05 0.413593
0.00916471 0.0308284 9.98918E-05 9.98918E-05 9.98918E-05 0.360947 9.98918E-05 0.495163 9.98918E-05 0.0585413 9.98918E-05 9.98918E-05 9.98918E-05 0.00384293 0.0403144 9.98918E-05 9.98918E-05 9.98918E-05 9.98918E-05
9.99101E-05 9.99101E-05 9.99101E-05 0.0195584 0.423144 9.99101E-05 9.99101E-05 9.99101E-05 0.0299725 0.00863979 0.0115186 0.4009 0.0343875 9.99101E-05 9.99101E-05 0.0426761 9.99101E-05 9.99101E-05 0.0282038
0.0360464 9.99008E-05 9.99008E-05 0.00248411 0.810064 0.0555759 0.0338157 0.0187337 0.0212158 9.99008E-05 9.99008E-05 9.99008E-05 9.99008E-05 0.020965 9.99008E-05 9.99008E-05 9.99008E-05 9.99008E-05 9.99008E-05
9.99157E-05 9.99157E-05 9.99157E-05 0.0556876 0.0587213 0.363474 9.99157E-05 0.016671 9.99157E-05 0.0378762 9.99157E-05 0.0566911 9.99157E-05 0.282933 9.99157E-05 0.116255 9.99157E-05 9.99157E-05 0.0106916
0.132375 9.98827E-05 9.98827E-05 9.98827E-05 0.558614 0.0391755 9.98827E-05 0.015126 9.98827E-05 9.98827E-05 9.98827E-05 9.98827E-05 9.98827E-05 0.0458974 0.207514 9.98827E-05 9.98827E-05 9.98827E-05 9.98827E-05
9.98469E-05 9.98469E-05 9.98469E-05 9.98469E-05 0.92205 9.98469E-05 0.0762531 9.98469E-05 9.98469E-05 9.98469E-05 9.98469E-05 9.98469E-05 9.98469E-05 9.98469E-05 9.98469E-05 9.98469E-05 9.98469E-05 9.98469E-05 9.98469E-05
9.98738E-05 9.98738E-05 9.98738E-05 9.98738E-05 0.443815 9.98738E-05 0.0295959 9.98738E-05 0.0617861 9.98738E-05 9.98738E-05 9.98738E-05 0.375035 0.0883695 9.98738E-05 9.98738E-05 9.98738E-05 9.98738E-05 9.98738E-05
0.073463 0.00928196 9.99099E-05 9.99099E-05 0.735565 0.0389208 0.0255957 0.0169864 9.99099E-05 9.99099E-05 9.99099E-05 9.99099E-05 0.0812792 0.00104182 9.99099E-05 0.0168675 9.99099E-05 9.99099E-05 9.99099E-05
9.98919E-05 9.98919E-05 9.98919E-05 0.0135279 0.207008 0.0701486 9.98919E-05 0.171097 9.98919E-05 0.0268816 9.98919E-05 9.98919E-05 9.98919E-05 0.490961 9.98919E-05 0.019177 9.98919E-05 9.98919E-05 9.98919E-05
0.00419728 0.306068 9.9874E-05 9.9874E-05 9.9874E-05 9.9874E-05 9.9874E-05 0.177125 9.9874E-05 9.9874E-05 0.131009 9.9874E-05 9.9874E-05 0.380203 9.9874E-05 9.9874E-05 9.9874E-05 9.9874E-05 9.9874E-05
0.00210184 9.98918E-05 9.98918E-05 0.0542626 9.98918E-05 0.287764 0.0728333 9.98918E-05 9.98918E-05 0.0285693 9.98918E-05 0.549799 9.98918E-05 9.98918E-05 9.98918E-05 0.00347178 9.98918E-05 9.98918E-05 9.98918E-05
9.98739E-05 9.98739E-05 9.98739E-05 9.98739E-05 0.090242 9.98739E-05 0.0357887 9.98739E-05 9.98739E-05 0.00970123 9.98739E-05 9.98739E-05 9.98739E-05 0.76854 9.98739E-05 0.0943302 9.98739E-05 9.98739E-05 9.98739E-05
9.9892E-05 9.9892E-05 9.9892E-05 0.144857 0.00360295 0.317883 9.9892E-05 0.00161838 9.9892E-05 0.0813886 9.9892E-05 9.9892E-05 9.9892E-05 0.273612 9.9892E-05 0.17584 9.9892E-05 9.9892E-05 9.9892E-05
9.99008E-05 9.99008E-05 9.99008E-05 9.99008E-05 0.194638 0.337784 9.99008E-05 0.101268 9.99008E-05 0.101644 9.99008E-05 0.00946501 9.99008E-05 0.0130613 0.0251738 0.215867 9.99008E-05 9.99008E-05 9.99008E-05
0.00216156 0.0870806 9.98919E-05 9.98919E-05 9.98919E-05 0.163718 9.98919E-05 0.231024 9.98919E-05 9.98919E-05 9.98919E-05 9.98919E-05 9.98919E-05 0.390001 9.98919E-05 0.100176 9.98919E-05 9.98919E-05 0.0246408
9.98918E-05 9.98918E-05 9.98918E-05 9.98918E-05 9.98918E-05 0.0934057 9.98918E-05 0.122377 9.98918E-05 9.98918E-05 0.0358418 0.216075 9.98918E-05 0.303005 9.98918E-05 0.211814 0.0162832 9.98918E-05 9.98918E-05
0.228528 9.98829E-05 9.98829E-05 9.98829E-05 9.98829E-05 0.129237 9.98829E-05 9.98829E-05 0.0566396 9.98829E-05 9.98829E-05 0.240482 9.98829E-05 9.98829E-05 9.98829E-05 9.98829E-05 0.0511615 9.98829E-05 0.292653
9.98918E-05 9.98918E-05 0.0399205 9.98918E-05 9.98918E-05 0.251931 9.98918E-05 0.103963 9.98918E-05 0.0661396 9.98918E-05 0.102494 9.98918E-05 0.292571 0.141782 9.98918E-05 9.98918E-05 9.98918E-05 9.98918E-05
9.98828E-05 9.98828E-05 9.98828E-05 0.0155236 9.98828E-05 0.18367 0.129762 9.98828E-05 9.98828E-05 9.98828E-05 9.98828E-05 0.315398 9.98828E-05 0.315517 9.98828E-05 0.0388319 9.98828E-05 9.98828E-05 9.98828E-05
0.0583548 9.98738E-05 9.98738E-05 9.98738E-05 0.144364 9.98738E-05 9.98738E-05 0.0599829 9.98738E-05 9.98738E-05 9.98738E-05 0.289988 9.98738E-05 9.98738E-05 0.445912 9.98738E-05 9.98738E-05 9.98738E-05 9.98738E-05
9.9892E-05 9.9892E-05 9.9892E-05 0.0194389 9.9892E-05 0.378752 9.9892E-05 9.9892E-05 9.9892E-05 9.9892E-05 0.0404482 0.403827 0.042882 9.9892E-05 0.0464309 0.0670225 9.9892E-05 9.9892E-05 9.9892E-05
9.9901E-05 9.9901E-05 0.0275718 9.9901E-05 9.9901E-05 0.0202577 9.9901E-05 0.0883294 9.9901E-05 9.9901E-05 0.0258649 9.9901E-05 0.0368152 0.721394 0.0625351 0.0161325 9.9901E-05 9.9901E-05 9.9901E-05
0.0675281 9.99008E-05 9.99008E-05 9.99008E-05 9.99008E-05 0.371442 0.00923423 0.130944 9.99008E-05 0.0480213 9.99008E-05 0.00733546 9.99008E-05 0.236681 9.99008E-05 0.127715 9.99008E-05 9.99008E-05 9.99008E-05
9.9874E-05 0.124856 9.9874E-05 9.9874E-05 9.9874E-05 9.9874E-05 9.9874E-05 0.263521 9.9874E-05 9.9874E-05 0.00747054 9.9874E-05 9.9874E-05 0.516917 9.9874E-05 9.9874E-05 9.9874E-05 9.9874E-05 0.085838
