0.12072 0.0379694 9.9901E-05 9.9901E-05 9.9901E-05 9.9901E-05 0.0479227 0.415006 9.9901E-05 9.9901E-05 9.9901E-05 0.377283 9.9901E-05 9.9901E-05 9.9901E-05 9.9901E-05
9.99189E-05 9.99189E-05 9.99189E-05 9.99189E-05 0.075252 9.99189E-05 0.0341866 0.353934 0.0840461 9.99189E-05 9.99189E-05 0.41439 0.0286051 9.99189E-05 9.99189E-05 0.00868759
9.99459E-05 0.0042703 0.0587578 0.46939 0.0286305 9.99459E-05 0.0332394 9.99459E-05 0.0265846 9.99459E-05 9.99459E-05 0.3169 0.0417498 0.00256187 9.99459E-05 0.0173157
0.200731 0.0164098 9.99099E-05 9.99099E-05 9.99099E-05 9.99099E-05 9.99099E-05 0.498556 9.99099E-05 9.99099E-05 0.00889136 0.107263 9.99099E-05 0.167149 9.99099E-05 9.99099E-05
0.334664 9.99099E-05 9.99099E-05 9.99099E-05 0.0767746 9.99099E-05 9.99099E-05 0.279427 9.99099E-05 9.99099E-05 9.99099E-05 9.99099E-05 0.0317601 0.169166 9.99099E-05 0.10721
0.102448 9.99369E-05 0.24838 0.0530733 0.122277 0.0450726 9.99369E-05 9.99369E-05 9.99369E-05 9.99369E-05 9.99369E-05 0.345467 0.0144007 0.0276132 0.0405694 9.99369E-05
9.99009E-05 9.99009E-05 9.99009E-05 0.407966 9.99009E-05 9.99009E-05 9.99009E-05 0.0422814 9.99009E-05 9.99009E-05 0.0346143 0.506545 9.99009E-05 9.99009E-05 0.00749431 9.99009E-05
9.991E-05 9.991E-05 0.155198 0.121514 0.201298 9.991E-05 0.119584 9.991E-05 9.991E-05 9.991E-05 9.991E-05 0.377948 9.991E-05 9.991E-05 0.0234591 9.991E-05
9.99369E-05 0.00295793 0.00271172 9.99369E-05 0.0142243 0.00311718 0.0310823 0.263124 9.99369E-05 9.99369E-05 9.99369E-05 0.358198 9.99369E-05 0.264169 9.99369E-05 0.0597162
9.99008E-05 0.0707414 0.407214 0.316092 9.99008E-05 9.99008E-05 9.99008E-05 0.0132912 9.99008E-05 9.99008E-05 0.191562 9.99008E-05 9.99008E-05 9.99008E-05 9.99008E-05 9.99008E-05
9.99369E-05 0.00651327 0.0135691 9.99369E-05 0.145328 9.99369E-05 9.99369E-05 0.0692907 0.321631 9.99369E-05 9.99369E-05 0.150751 0.0552515 0.235164 9.99369E-05 0.00180197
9.99189E-05 9.99189E-05 0.208731 9.99189E-05 0.0940277 9.99189E-05 9.99189E-05 0.432652 0.107556 0.0729593 9.99189E-05 0.0238307 9.99189E-05 0.059344 9.99189E-05 9.99189E-05
9.99369E-05 0.00650285 9.99369E-05 0.0974027 9.99369E-05 0.00438261 9.99369E-05 9.99369E-05 9.99369E-05 9.99369E-05 0.0665223 0.0724707 0.248919 0.463966 0.00963899 0.0294953
9.9901E-05 9.9901E-05 0.198514 0.187883 9.9901E-05 0.0240478 0.00681414 9.9901E-05 9.9901E-05 9.9901E-05 9.9901E-05 0.581642 9.9901E-05 9.9901E-05 9.9901E-05 9.9901E-05
9.98919E-05 9.98919E-05 0.0639893 9.98919E-05 0.172092 9.98919E-05 9.98919E-05 0.347955 0.414765 9.98919E-05 9.98919E-05 9.98919E-05 9.98919E-05 9.98919E-05 9.98919E-05 9.98919E-05
0.0061858 0.0385109 0.0153097 0.362399 9.99369E-05 9.99369E-05 9.99369E-05 9.99369E-05 9.99369E-05 9.99369E-05 0.280359 0.193666 9.99369E-05 0.0485748 0.0516004 0.0026951
9.99009E-05 9.99009E-05 9.99009E-05 0.307112 9.99009E-05 9.99009E-05 9.99009E-05 0.043025 9.99009E-05 0.00814757 0.0155706 0.625046 9.99009E-05 9.99009E-05 9.99009E-05 9.99009E-05
9.99008E-05 9.99008E-05 9.99008E-05 0.358416 0.0828118 9.99008E-05 9.99008E-05 9.99008E-05 0.0318811 9.99008E-05 9.99008E-05 0.507117 0.0186753 9.99008E-05 9.99008E-05 9.99008E-05
9.9928E-05 9.9928E-05 9.9928E-05 0.00985633 0.0293005 0.0306885 9.9928E-05 0.341988 9.9928E-05 0.127626 9.9928E-05 0.233558 0.075134 0.151049 9.9928E-05 9.9928E-05
0.118784 0.737869 9.98919E-05 9.98919E-05 9.98919E-05 9.98919E-05 9.98919E-05 9.98919E-05 0.0904009 9.98919E-05 9.98919E-05 9.98919E-05 9.98919E-05 9.98919E-05 9.98919E-05 0.0517476
0.152184 0.768876 9.98919E-05 9.98919E-05 9.98919E-05 9.98919E-05 9.98919E-05 9.98919E-05 9.98919E-05 0.0561834 9.98919E-05 9.98919E-05 9.98919E-05 0.0215576 9.98919E-05 9.98919E-05
0.151898 0.81559 9.98827E-05 9.98827E-05 9.98827E-05 0.0312135 9.98827E-05 9.98827E-05 9.98827E-05 9.98827E-05 9.98827E-05 9.98827E-05 9.98827E-05 9.98827E-05 9.98827E-05 9.98827E-05
9.99009E-05 0.632279 9.99009E-05 9.99009E-05 9.99009E-05 9.99009E-05 9.99009E-05 0.0214007 9.99009E-05 0.277826 9.99009E-05 9.99009E-05 9.99009E-05 0.0333018 9.99009E-05 0.0340937
9.99009E-05 0.722578 9.99009E-05 9.99009E-05 9.99009E-05 9.99009E-05 0.00983312 0.0522007 0.0426127 9.99009E-05 9.99009E-05 9.99009E-05 9.99009E-05 0.171677 9.99009E-05 9.99009E-05
9.99098E-05 0.420962 0.0249931 0.118813 9.99098E-05 0.101242 9.99098E-05 9.99098E-05 9.99098E-05 9.99098E-05 9.99098E-05 0.155302 9.99098E-05 9.99098E-05 0.177689 9.99098E-05
9.99368E-05 0.276522 0.00961648 9.99368E-05 0.0532503 0.259952 0.0794884 0.125398 0.0779971 9.99368E-05 9.99368E-05 9.99368E-05 9.99368E-05 0.0559069 9.99368E-05 0.0611684
9.99009E-05 0.229952 9.99009E-05 0.101978 9.99009E-05 9.99009E-05 9.99009E-05 9.99009E-05 9.99009E-05 9.99009E-05 0.384732 9.99009E-05 9.99009E-05 9.99009E-05 0.239015 0.0432229
0.333226 0.189944 9.9919E-05 9.9919E-05 9.9919E-05 0.0660839 0.196241 9.9919E-05 0.0314886 0.059132 9.9919E-05 9.9919E-05 9.9919E-05 9.9919E-05 9.9919E-05 0.122985
0.0335173 0.780224 9.99188E-05 9.99188E-05 9.99188E-05 0.0792208 9.99188E-05 9.99188E-05 9.99188E-05 9.99188E-05 0.0197931 0.059254 0.0139133 9.99188E-05 0.0131781 9.99188E-05
9.98919E-05 0.849187 9.98919E-05 9.98919E-05 9.98919E-05 9.98919E-05 9.98919E-05 9.98919E-05 9.98919E-05 0.0232105 9.98919E-05 9.98919E-05 9.98919E-05 0.12322 9.98919E-05 0.00318438
9.99191E-05 0.556351 9.99191E-05 0.104504 9.99191E-05 9.99191E-05 0.0162456 9.99191E-05 0.0159863 0.119717 0.112402 9.99191E-05 9.99191E-05 9.99191E-05 0.0738956 9.99191E-05
9.99098E-05 0.0167879 9.99098E-05 9.99098E-05 9.99098E-05 0.713994 9.99098E-05 9.99098E-05 9.99098E-05 9.99098E-05 0.0278886 0.0134876 0.0775324 9.99098E-05 0.14931 9.99098E-05
9.98917E-05 0.589801 9.98917E-05 0.165963 9.98917E-05 9.98917E-05 9.98917E-05 9.98917E-05 9.98917E-05 9.98917E-05 0.168773 9.98917E-05 9.98917E-05 9.98917E-05 0.074264 9.98917E-05
9.99008E-05 0.592859 9.99008E-05 0.0945834 9.99008E-05 0.0776378 9.99008E-05 9.99008E-05 9.99008E-05 9.99008E-05 9.99008E-05 0.162784 9.99008E-05 9.99008E-05 0.0710364 9.99008E-05
9.98739E-05 0.822255 9.98739E-05 9.98739E-05 9.98739E-05 9.98739E-05 9.98739E-05 9.98739E-05 9.98739E-05 9.98739E-05 9.98739E-05 9.98739E-05 9.98739E-05 0.176347 9.98739E-05 9.98739E-05
9.99009E-05 0.739413 9.99009E-05 9.99009E-05 9.99009E-05 9.99009E-05 9.99009E-05 0.0723278 0.12485 9.99009E-05 9.99009E-05 9.99009E-05 9.99009E-05 0.0117109 9.99009E-05 0.0505992
9.98739E-05 0.686245 9.98739E-05 9.98739E-05 9.98739E-05 9.98739E-05 9.98739E-05 9.98739E-05 0.312357 9.98739E-05 9.98739E-05 9.98739E-05 9.98739E-05 9.98739E-05 9.98739E-05 9.98739E-05
9.98918E-05 0.672224 9.98918E-05 9.98918E-05 9.98918E-05 9.98918E-05 9.98918E-05 0.0773691 9.98918E-05 0.215531 9.98918E-05 9.98918E-05 9.98918E-05 9.98918E-05 9.98918E-05 0.0336764
0.0463491 9.98917E-05 9.98917E-05 9.98917E-05 9.98917E-05 9.98917E-05 9.98917E-05 9.98917E-05 9.98917E-05 9.98917E-05 9.98917E-05 0.0894665 9.98917E-05 9.98917E-05 0.409318 0.453668
0.0200805 9.9919E-05 9.9919E-05 9.9919E-05 9.9919E-05 9.9919E-05 9.9919E-05 0.00921145 9.9919E-05 0.0299006 0.0368049 9.9919E-05 0.0780881 9.9919E-05 0.813594 0.0114208
9.99099E-05 0.0213053 0.059021 0.125586 9.99099E-05 9.99099E-05 0.0738514 9.99099E-05 9.99099E-05 9.99099E-05 0.14973 9.99099E-05 9.99099E-05 9.99099E-05 0.569507 9.99099E-05
0.0838732 9.99189E-05 9.99189E-05 9.99189E-05 9.99189E-05 0.0881615 0.00621494 9.99189E-05 9.99189E-05 0.346173 0.000680404 9.99189E-05 9.99189E-05 9.99189E-05 0.279911 0.194086
0.038036 0.254618 9.99007E-05 9.99007E-05 9.99007E-05 9.99007E-05 9.99007E-05 9.99007E-05 9.99007E-05 9.99007E-05 9.99007E-05 0.109591 9.99007E-05 9.99007E-05 0.454972 0.141684
9.99201E-05 0.0333607 0.0869254 0.0381325 0.0207046 0.0503159 9.99201E-05 9.99201E-05 0.126353 9.99201E-05 9.99201E-05 9.99201E-05 0.00764224 9.99201E-05 0.635767 9.99201E-05
9.98918E-05 9.98918E-05 9.98918E-05 9.98918E-05 9.98918E-05 0.525425 9.98918E-05 0.239924 9.98918E-05 0.147932 9.98918E-05 9.98918E-05 9.98918E-05 9.98918E-05 9.98918E-05 0.0855195
9.99099E-05 9.99099E-05 9.99099E-05 9.99099E-05 0.186271 9.99099E-05 9.99099E-05 0.0419911 0.00161831 9.99099E-05 9.99099E-05 9.99099E-05 9.99099E-05 0.0693248 0.159956 0.539839
9.99008E-05 0.157837 0.0214616 0.200615 9.99008E-05 9.99008E-05 9.99008E-05 9.99008E-05 9.99008E-05 9.99008E-05 9.99008E-05 0.029182 9.99008E-05 9.99008E-05 0.589805 9.99008E-05
0.0755371 9.99007E-05 9.99007E-05 9.99007E-05 9.99007E-05 9.99007E-05 0.0284334 9.99007E-05 9.99007E-05 9.99007E-05 9.99007E-05 0.052475 9.99007E-05 9.99007E-05 0.490038 0.352417
0.0450587 9.9892E-05 9.9892E-05 9.9892E-05 9.9892E-05 9.9892E-05 9.9892E-05 0.00282403 9.9892E-05 9.9892E-05 0.500652 9.9892E-05 9.9892E-05 9.9892E-05 0.450267 9.9892E-05
9.99099E-05 9.99099E-05 9.99099E-05 9.99099E-05 0.176507 9.99099E-05 0.0810048 9.99099E-05 9.99099E-05 0.0160517 9.99099E-05 0.002021 9.99099E-05 9.99099E-05 0.304029 0.419388
0.0734977 9.99009E-05 9.99009E-05 9.99009E-05 9.99009E-05 9.99009E-05 9.99009E-05 9.99009E-05 9.99009E-05 0.035446 0.0748761 9.99009E-05 9.99009E-05 9.99009E-05 0.723454 0.0916275
0.191098 0.0450529 9.991E-05 9.991E-05 9.991E-05 9.991E-05 9.991E-05 9.991E-05 9.991E-05 0.164381 9.991E-05 9.991E-05 9.991E-05 0.0615405 0.377833 0.159095
9.99278E-05 0.061055 0.0316896 9.99278E-05 9.99278E-05 0.209912 9.99278E-05 0.0046664 0.248523 9.99278E-05 9.99278E-05 9.99278E-05 9.99278E-05 0.0975215 0.0457614 0.300072
9.99099E-05 9.99099E-05 9.99099E-05 9.99099E-05 0.145431 9.99099E-05 0.0517851 9.99099E-05 0.19157 9.99099E-05 9.99099E-05 9.99099E-05 9.99099E-05 0.136714 0.294918 0.178582
9.9937E-05 0.0235576 9.9937E-05 9.9937E-05 0.0188138 0.0955962 0.0317371 0.068873 0.0369552 0.395103 9.9937E-05 9.9937E-05 9.9937E-05 9.9937E-05 0.146739 0.181926
9.98919E-05 0.346859 9.98919E-05 9.98919E-05 9.98919E-05 9.98919E-05 0.241646 0.0759059 9.98919E-05 0.33439 9.98919E-05 9.98919E-05 9.98919E-05 9.98919E-05 9.98919E-05 9.98919E-05
9.99007E-05 9.99007E-05 9.99007E-05 9.99007E-05 9.99007E-05 0.119104 9.99007E-05 9.99007E-05 9.99007E-05 9.99007E-05 9.99007E-05 0.067948 0.0514502 9.99007E-05 0.54152 0.21888
0.10663 9.99099E-05 9.99099E-05 9.99099E-05 9.99099E-05 9.99099E-05 0.305689 9.99099E-05 9.99099E-05 9.99099E-05 0.0877597 9.99099E-05 9.99099E-05 0.0588699 0.240279 0.199773
0.0128426 9.99278E-05 9.99278E-05 9.99278E-05 0.00552806 0.00998515 0.0634384 9.99278E-05 9.99278E-05 9.99278E-05 0.0558298 0.0294737 0.0439399 9.99278E-05 0.778163 9.99278E-05
0.115669 9.98828E-05 9.98828E-05 9.98828E-05 9.98828E-05 9.98828E-05 9.98828E-05 9.98828E-05 9.98828E-05 9.98828E-05 9.98828E-05 9.98828E-05 9.98828E-05 9.98828E-05 0.177062 0.70597
0.00208256 0.0298075 9.99368E-05 9.99368E-05 0.00835268 0.170315 9.99368E-05 9.99368E-05 0.000743845 9.99368E-05 9.99368E-05 0.089074 9.99368E-05 0.0148367 0.162001 0.522087
9.99098E-05 9.99098E-05 9.99098E-05 9.99098E-05 0.134469 9.99098E-05 0.0532049 0.0517155 0.0541285 9.99098E-05 9.99098E-05 9.99098E-05 9.99098E-05 9.99098E-05 0.331208 0.374275
9.99189E-05 9.99189E-05 9.99189E-05 0.0335807 9.99189E-05 0.580737 9.99189E-05 9.99189E-05 9.99189E-05 9.99189E-05 0.074364 0.00998991 0.107888 9.99189E-05 0.134114 0.0584267
9.98919E-05 0.063264 9.98919E-05 0.0130277 9.98919E-05 9.98919E-05 9.98919E-05 9.98919E-05 9.98919E-05 0.281756 9.98919E-05 9.98919E-05 9.98919E-05 9.98919E-05 9.98919E-05 0.640753
9.99009E-05 9.99009E-05 9.99009E-05 0.481842 9.99009E-05 0.0102873 0.071349 9.99009E-05 9.99009E-05 9.99009E-05 9.99009E-05 9.99009E-05 9.99009E-05 9.99009E-05 0.153199 0.282223
9.99278E-05 0.0378667 9.99278E-05 9.99278E-05 0.0219027 0.409139 0.0350322 9.99278E-05 0.109548 9.99278E-05 9.99278E-05 0.0339811 9.99278E-05 0.195098 9.99278E-05 0.156633
9.9883E-05 9.9883E-05 9.9883E-05 9.9883E-05 0.06359 9.9883E-05 9.9883E-05 9.9883E-05 9.9883E-05 0.0184344 9.9883E-05 9.9883E-05 9.9883E-05 9.9883E-05 9.9883E-05 0.916677
0.0178851 9.9901E-05 9.9901E-05 0.0150654 9.9901E-05 9.9901E-05 9.9901E-05 9.9901E-05 0.172259 9.9901E-05 0.0345274 9.9901E-05 9.9901E-05 9.9901E-05 9.9901E-05 0.759164
9.99097E-05 9.99097E-05 9.99097E-05 9.99097E-05 9.99097E-05 0.779488 0.0870351 0.0925316 0.00216767 9.99097E-05 9.99097E-05 0.0106741 9.99097E-05 9.99097E-05 9.99097E-05 0.0271047
0.0603703 0.117038 9.99099E-05 9.99099E-05 9.99099E-05 0.713543 9.99099E-05 9.99099E-05 9.99099E-05 0.0094688 9.99099E-05 0.0812506 9.99099E-05 9.99099E-05 0.0173305 9.99099E-05
9.98828E-05 9.98828E-05 9.98828E-05 9.98828E-05 9.98828E-05 0.634178 9.98828E-05 9.98828E-05 9.98828E-05 9.98828E-05 0.290833 9.98828E-05 9.98828E-05 9.98828E-05 0.0736907 9.98828E-05
9.98919E-05 9.98919E-05 9.98919E-05 0.447681 9.98919E-05 0.0441342 9.98919E-05 9.98919E-05 9.98919E-05 9.98919E-05 9.98919E-05 9.98919E-05 9.98919E-05 9.98919E-05 0.30174 0.205246
9.99099E-05 0.649211 9.99099E-05 9.99099E-05 0.0906744 9.99099E-05 0.00499014 0.0407678 9.99099E-05 0.198343 9.99099E-05 9.99099E-05 9.99099E-05 9.99099E-05 9.99099E-05 0.0150147
9.99187E-05 9.99187E-05 9.99187E-05 0.171198 9.99187E-05 0.0515759 9.99187E-05 9.99187E-05 9.99187E-05 9.99187E-05 0.0744984 0.0201582 0.0130948 9.99187E-05 0.307194 0.361382
0.00511725 9.98918E-05 9.98918E-05 9.98918E-05 9.98918E-05 0.418128 9.98918E-05 9.98918E-05 0.0127235 9.98918E-05 9.98918E-05 9.98918E-05 9.98918E-05 9.98918E-05 9.98918E-05 0.562832
9.98918E-05 9.98918E-05 9.98918E-05 9.98918E-05 9.98918E-05 0.6256 9.98918E-05 0.176077 0.00504355 9.98918E-05 9.98918E-05 9.98918E-05 9.98918E-05 0.192081 9.98918E-05 9.98918E-05
9.99007E-05 0.696879 9.99007E-05 0.162637 9.99007E-05 0.00202585 9.99007E-05 9.99007E-05 9.99007E-05 9.99007E-05 0.0503592 9.99007E-05 9.99007E-05 9.99007E-05 0.0870002 9.99007E-05
9.9901E-05 0.138593 9.9901E-05 0.318236 9.9901E-05 0.134121 9.9901E-05 9.9901E-05 9.9901E-05 9.9901E-05 0.192326 9.9901E-05 9.9901E-05 9.9901E-05 0.215625 9.9901E-05
9.98917E-05 0.673221 9.98917E-05 0.0629244 9.98917E-05 9.98917E-05 9.98917E-05 9.98917E-05 9.98917E-05 9.98917E-05 9.98917E-05 0.102541 9.98917E-05 9.98917E-05 0.160114 9.98917E-05
0.176509 0.190428 9.99008E-05 9.99008E-05 9.99008E-05 0.545571 0.0447616 9.99008E-05 9.99008E-05 9.99008E-05 9.99008E-05 9.99008E-05 9.99008E-05 9.99008E-05 0.0416316 9.99008E-05
0.0784024 0.0906137 9.9901E-05 9.9901E-05 9.9901E-05 0.179923 9.9901E-05 9.9901E-05 9.9901E-05 9.9901E-05 0.424205 9.9901E-05 9.9901E-05 9.9901E-05 0.225757 9.9901E-05
9.99099E-05 0.1867 9.99099E-05 9.99099E-05 9.99099E-05 0.0564508 9.99099E-05 9.99099E-05 9.99099E-05 0.0806419 9.99099E-05 9.99099E-05 9.99099E-05 0.225067 0.125013 0.325128
0.0321451 9.98919E-05 9.98919E-05 9.98919E-05 9.98919E-05 9.98919E-05 9.98919E-05 9.98919E-05 9.98919E-05 9.98919E-05 9.98919E-05 9.98919E-05 9.98919E-05 0.18244 0.416604 0.367611
9.9919E-05 0.0946162 9.9919E-05 9.9919E-05 9.9919E-05 9.9919E-05 0.0942071 9.9919E-05 0.000846559 0.085146 9.9919E-05 9.9919E-05 9.9919E-05 0.290019 0.378949 0.0553161
9.99008E-05 9.99008E-05 0.0147894 0.194429 9.99008E-05 9.99008E-05 9.99008E-05 9.99008E-05 9.99008E-05 9.99008E-05 0.0510023 9.99008E-05 9.99008E-05 9.99008E-05 0.489278 0.249402
0.27397 0.0671812 9.99008E-05 9.99008E-05 9.99008E-05 0.0272142 9.99008E-05 9.99008E-05 9.99008E-05 9.99008E-05 9.99008E-05 9.99008E-05 9.99008E-05 9.99008E-05 0.117579 0.512957
9.99009E-05 9.99009E-05 9.99009E-05 9.99009E-05 9.99009E-05 0.0113043 0.0459656 0.0497535 9.99009E-05 9.99009E-05 9.99009E-05 9.99009E-05 9.99009E-05 0.0491614 9.99009E-05 0.842716
9.99097E-05 0.200735 0.0321358 0.0739953 9.99097E-05 0.00688649 0.56796 9.99097E-05 9.99097E-05 9.99097E-05 9.99097E-05 0.117288 9.99097E-05 9.99097E-05 9.99097E-05 9.99097E-05
9.98827E-05 9.98827E-05 9.98827E-05 0.237532 9.98827E-05 9.98827E-05 0.345455 9.98827E-05 9.98827E-05 9.98827E-05 9.98827E-05 9.98827E-05 9.98827E-05 9.98827E-05 0.415714 9.98827E-05
9.98918E-05 0.157224 9.98918E-05 9.98918E-05 0.131116 0.0438809 0.66658 9.98918E-05 9.98918E-05 9.98918E-05 9.98918E-05 9.98918E-05 9.98918E-05 9.98918E-05 9.98918E-05 9.98918E-05
9.98917E-05 9.98917E-05 9.98917E-05 0.222191 9.98917E-05 9.98917E-05 0.50718 9.98917E-05 9.98917E-05 9.98917E-05 9.98917E-05 9.98917E-05 9.98917E-05 9.98917E-05 0.264396 0.00503417
9.98827E-05 9.98827E-05 9.98827E-05 0.184662 9.98827E-05 9.98827E-05 0.665676 9.98827E-05 9.98827E-05 9.98827E-05 9.98827E-05 9.98827E-05 9.98827E-05 9.98827E-05 0.148363 9.98827E-05
9.99008E-05 9.99008E-05 9.99008E-05 9.99008E-05 0.0813572 9.99008E-05 0.793715 0.0698501 9.99008E-05 0.00600837 9.99008E-05 9.99008E-05 9.99008E-05 9.99008E-05 9.99008E-05 0.04797
9.99008E-05 9.99008E-05 9.99008E-05 0.0323706 9.99008E-05 9.99008E-05 0.345037 9.99008E-05 9.99008E-05 9.99008E-05 9.99008E-05 0.151775 9.99008E-05 9.99008E-05 0.240278 0.22944
9.98828E-05 9.98828E-05 9.98828E-05 9.98828E-05 9.98828E-05 9.98828E-05 0.771133 9.98828E-05 9.98828E-05 9.98828E-05 9.98828E-05 0.0817427 9.98828E-05 9.98828E-05 0.145826 9.98828E-05
9.98829E-05 9.98829E-05 9.98829E-05 9.98829E-05 9.98829E-05 9.98829E-05 9.98829E-05 9.98829E-05 9.98829E-05 9.98829E-05 0.369262 9.98829E-05 0.600742 9.98829E-05 0.0286975 9.98829E-05
0.0697007 0.0130928 9.9919E-05 0.00326093 9.9919E-05 9.9919E-05 9.9919E-05 9.9919E-05 9.9919E-05 9.9919E-05 0.148088 9.9919E-05 0.58409 0.0305825 0.150286 9.9919E-05
0.0769872 9.98919E-05 9.98919E-05 9.98919E-05 9.98919E-05 9.98919E-05 9.98919E-05 9.98919E-05 9.98919E-05 0.173344 9.98919E-05 9.98919E-05 0.734375 9.98919E-05 0.0140948 9.98919E-05
9.9883E-05 9.9883E-05 9.9883E-05 9.9883E-05 0.431459 9.9883E-05 0.0473975 9.9883E-05 9.9883E-05 9.9883E-05 9.9883E-05 9.9883E-05 0.519845 9.9883E-05 9.9883E-05 9.9883E-05
9.98828E-05 9.98828E-05 0.0385111 9.98828E-05 9.98828E-05 9.98828E-05 9.98828E-05 9.98828E-05 9.98828E-05 9.98828E-05 0.312313 9.98828E-05 0.647877 9.98828E-05 9.98828E-05 9.98828E-05
9.99278E-05 9.99278E-05 9.99278E-05 9.99278E-05 0.132167 9.99278E-05 0.0574671 0.0151315 9.99278E-05 0.0588685 9.99278E-05 0.50278 0.186787 0.0163186 9.99278E-05 0.0296808
9.98828E-05 9.98828E-05 9.98828E-05 0.492249 9.98828E-05 9.98828E-05 9.98828E-05 0.00378552 9.98828E-05 9.98828E-05 9.98828E-05 9.98828E-05 0.502667 9.98828E-05 9.98828E-05 9.98828E-05
9.98829E-05 9.98829E-05 9.98829E-05 9.98829E-05 9.98829E-05 9.98829E-05 9.98829E-05 9.98829E-05 9.98829E-05 9.98829E-05 0.263862 9.98829E-05 0.727707 9.98829E-05 0.00713209 9.98829E-05
0.0329565 0.0259871 0.0390765 9.99189E-05 9.99189E-05 0.0563106 9.99189E-05 9.99189E-05 9.99189E-05 9.99189E-05 0.00498388 0.120169 0.719617 9.99189E-05 9.99189E-05 9.99189E-05
0.187786 9.99099E-05 9.99099E-05 9.99099E-05 9.99099E-05 9.99099E-05 9.99099E-05 0.0667172 0.153161 0.0156136 9.99099E-05 9.99099E-05 0.467611 9.99099E-05 9.99099E-05 0.108112
0.00667843 9.9901E-05 0.0805306 9.9901E-05 9.9901E-05 9.9901E-05 9.9901E-05 9.9901E-05 9.9901E-05 9.9901E-05 0.617187 9.9901E-05 0.245973 9.9901E-05 0.0485317 9.9901E-05
9.99099E-05 9.99099E-05 0.0403938 0.00702694 9.99099E-05 9.99099E-05 9.99099E-05 0.0701415 0.40558 9.99099E-05 9.99099E-05 9.99099E-05 0.455542 9.99099E-05 9.99099E-05 0.0203162
9.98919E-05 9.98919E-05 9.98919E-05 9.98919E-05 9.98919E-05 9.98919E-05 9.98919E-05 9.98919E-05 9.98919E-05 9.98919E-05 0.150865 0.0512362 0.769475 9.98919E-05 0.0272249 9.98919E-05
0.0271206 9.99188E-05 9.99188E-05 9.99188E-05 9.99188E-05 9.99188E-05 0.0243153 9.99188E-05 0.0846334 9.99188E-05 9.99188E-05 0.239756 0.534744 0.0404671 9.99188E-05 0.0480644
0.30923 0.0303803 0.0349556 9.99099E-05 9.99099E-05 9.99099E-05 9.99099E-05 9.99099E-05 9.99099E-05 9.99099E-05 0.0383628 0.0739785 0.512094 9.99099E-05 9.99099E-05 9.99099E-05
9.99369E-05 0.0245967 0.00239499 0.176954 9.99369E-05 0.0261264 9.99369E-05 0.00726712 0.0111361 9.99369E-05 0.0387012 0.400006 0.312118 9.99369E-05 9.99369E-05 9.99369E-05
9.99097E-05 9.99097E-05 9.99097E-05 9.99097E-05 0.0842292 9.99097E-05 0.0199833 0.11721 9.99097E-05 9.99097E-05 9.99097E-05 9.99097E-05 0.446828 0.240231 9.99097E-05 0.0905191
9.98917E-05 9.98917E-05 9.98917E-05 9.98917E-05 9.98917E-05 9.98917E-05 9.98917E-05 0.052174 9.98917E-05 0.558499 9.98917E-05 9.98917E-05 0.378548 0.00957962 9.98917E-05 9.98917E-05
0.109182 0.074121 0.0859221 9.99099E-05 9.99099E-05 9.99099E-05 9.99099E-05 9.99099E-05 9.99099E-05 9.99099E-05 9.99099E-05 0.00887542 0.580106 9.99099E-05 0.140794 9.99099E-05
9.99009E-05 9.99009E-05 9.99009E-05 0.16804 9.99009E-05 9.99009E-05 9.99009E-05 9.99009E-05 9.99009E-05 9.99009E-05 0.0211263 0.0707021 0.730693 9.99009E-05 0.00834049 9.99009E-05
0.357628 0.038941 9.99099E-05 9.99099E-05 0.0454261 9.99099E-05 9.99099E-05 9.99099E-05 0.0213612 9.99099E-05 9.99099E-05 9.99099E-05 0.534574 9.99099E-05 9.99099E-05 0.00107133
0.158891 9.98919E-05 9.98919E-05 9.98919E-05 9.98919E-05 9.98919E-05 9.98919E-05 9.98919E-05 9.98919E-05 0.158733 9.98919E-05 9.98919E-05 0.551251 0.129926 9.98919E-05 9.98919E-05
0.169042 0.00267734 0.0110647 9.9937E-05 0.244261 9.9937E-05 9.9937E-05 0.0767635 0.0753729 9.9937E-05 9.9937E-05 0.253345 9.9937E-05 0.0497408 9.9937E-05 0.117033
9.98918E-05 9.98918E-05 0.729633 0.234853 9.98918E-05 9.98918E-05 9.98918E-05 0.0331078 9.98918E-05 9.98918E-05 9.98918E-05 0.00120746 9.98918E-05 9.98918E-05 9.98918E-05 9.98918E-05
9.99278E-05 9.99278E-05 9.99278E-05 9.99278E-05 0.0673071 9.99278E-05 0.0105712 0.0271396 9.99278E-05 0.498491 0.0168424 0.203811 9.99278E-05 0.154564 9.99278E-05 0.0204742
0.00621483 0.0341834 0.0439908 9.99189E-05 9.99189E-05 9.99189E-05 9.99189E-05 9.99189E-05 9.99189E-05 9.99189E-05 0.150957 0.743666 0.0142505 9.99189E-05 0.00583861 9.99189E-05
9.98827E-05 9.98827E-05 0.511173 0.0120211 9.98827E-05 9.98827E-05 9.98827E-05 9.98827E-05 9.98827E-05 9.98827E-05 0.475507 9.98827E-05 9.98827E-05 9.98827E-05 9.98827E-05 9.98827E-05
9.99008E-05 9.99008E-05 9.99008E-05 9.99008E-05 9.99008E-05 9.99008E-05 9.99008E-05 0.17517 0.286613 0.0390014 9.99008E-05 0.170183 9.99008E-05 0.327933 9.99008E-05 9.99008E-05
0.00540554 0.0132551 0.704494 9.99099E-05 9.99099E-05 9.99099E-05 9.99099E-05 0.00233218 0.216624 9.99099E-05 9.99099E-05 9.99099E-05 9.99099E-05 0.0568904 9.99099E-05 9.99099E-05
0.0309578 9.99369E-05 9.99369E-05 0.044375 0.0429632 9.99369E-05 0.0188249 9.99369E-05 9.99369E-05 9.99369E-05 9.99369E-05 0.528375 0.0390998 0.18169 0.0125188 0.100496
9.98829E-05 9.98829E-05 0.627817 9.98829E-05 9.98829E-05 9.98829E-05 9.98829E-05 9.98829E-05 9.98829E-05 0.0732827 9.98829E-05 9.98829E-05 9.98829E-05 0.297602 9.98829E-05 9.98829E-05
9.99099E-05 9.99099E-05 0.210651 0.424889 9.99099E-05 9.99099E-05 0.000730967 9.99099E-05 9.99099E-05 9.99099E-05 0.165909 0.0926433 9.99099E-05 0.104178 9.99099E-05 9.99099E-05
0.158638 9.99188E-05 0.0842912 9.99188E-05 0.140264 9.99188E-05 9.99188E-05 9.99188E-05 0.190028 9.99188E-05 9.99188E-05 0.00608882 9.99188E-05 0.358676 9.99188E-05 0.0611151
9.98828E-05 9.98828E-05 0.569068 9.98828E-05 9.98828E-05 9.98828E-05 9.98828E-05 0.00911188 9.98828E-05 0.420522 9.98828E-05 9.98828E-05 9.98828E-05 9.98828E-05 9.98828E-05 9.98828E-05
9.98829E-05 9.98829E-05 0.418144 0.179583 9.98829E-05 9.98829E-05 9.98829E-05 9.98829E-05 9.98829E-05 9.98829E-05 0.400975 9.98829E-05 9.98829E-05 9.98829E-05 9.98829E-05 9.98829E-05
9.99098E-05 9.99098E-05 9.99098E-05 9.99098E-05 0.248586 9.99098E-05 9.99098E-05 0.280768 0.223666 0.0692142 9.99098E-05 0.0604274 9.99098E-05 0.116339 9.99098E-05 9.99098E-05
9.99008E-05 9.99008E-05 0.433213 9.99008E-05 9.99008E-05 9.99008E-05 9.99008E-05 0.13703 9.99008E-05 0.0186654 9.99008E-05 9.99008E-05 9.99008E-05 0.379688 9.99008E-05 0.0303044
9.99098E-05 9.99098E-05 9.99098E-05 0.0297207 9.99098E-05 9.99098E-05 9.99098E-05 0.12625 0.0603089 0.0995362 9.99098E-05 0.218851 9.99098E-05 0.464334 9.99098E-05 9.99098E-05
9.98828E-05 9.98828E-05 0.484128 0.0305986 9.98828E-05 9.98828E-05 9.98828E-05 9.98828E-05 9.98828E-05 9.98828E-05 0.483975 9.98828E-05 9.98828E-05 9.98828E-05 9.98828E-05 9.98828E-05
9.99008E-05 9.99008E-05 0.144757 9.99008E-05 0.0293595 9.99008E-05 0.0205425 9.99008E-05 9.99008E-05 0.0080356 9.99008E-05 9.99008E-05 9.99008E-05 0.796207 9.99008E-05 9.99008E-05
0.162406 9.99188E-05 9.99188E-05 9.99188E-05 0.356843 9.99188E-05 9.99188E-05 0.0089001 0.256052 9.99188E-05 9.99188E-05 0.106294 9.99188E-05 0.0900592 9.99188E-05 0.0185461
9.99008E-05 9.99008E-05 0.128166 9.99008E-05 0.065808 9.99008E-05 0.0851269 9.99008E-05 0.0140632 9.99008E-05 9.99008E-05 0.705737 9.99008E-05 9.99008E-05 9.99008E-05 9.99008E-05
0.0210464 0.0336847 9.99461E-05 9.99461E-05 0.0222916 9.99461E-05 0.00193169 9.99461E-05 0.0473438 0.460165 0.0626436 0.24591 0.0803662 9.99461E-05 9.99461E-05 0.0240176
0.0068918 0.0578138 0.0246069 9.99369E-05 9.99369E-05 9.99369E-05 0.0162852 9.99369E-05 9.99369E-05 0.269638 0.0251687 0.287506 0.00580465 0.305586 9.99369E-05 9.99369E-05
9.98917E-05 9.98917E-05 0.480582 0.0356933 9.98917E-05 9.98917E-05 9.98917E-05 9.98917E-05 9.98917E-05 9.98917E-05 0.364744 0.117781 9.98917E-05 9.98917E-05 9.98917E-05 9.98917E-05
9.99369E-05 0.0221227 0.0434542 0.0883027 0.13017 0.0585481 9.99369E-05 9.99369E-05 0.0691277 9.99369E-05 9.99369E-05 0.170284 9.99369E-05 0.374733 0.0425578 9.99369E-05
0.0120866 9.99097E-05 0.614506 9.99097E-05 0.0515646 0.0113984 0.0599442 9.99097E-05 9.99097E-05 9.99097E-05 9.99097E-05 0.249501 9.99097E-05 9.99097E-05 9.99097E-05 9.99097E-05
9.99189E-05 0.00550659 0.118792 9.99189E-05 9.99189E-05 0.0683765 9.99189E-05 9.99189E-05 9.99189E-05 9.99189E-05 0.225248 0.322169 0.200021 9.99189E-05 0.0589878 9.99189E-05
9.99369E-05 0.021534 0.0590209 9.99369E-05 0.105243 0.06193 9.99369E-05 9.99369E-05 0.021878 9.99369E-05 9.99369E-05 0.00233062 0.122063 0.595351 9.99369E-05 0.00994948
0.827622 9.98829E-05 0.121419 9.98829E-05 9.98829E-05 9.98829E-05 9.98829E-05 9.98829E-05 9.98829E-05 9.98829E-05 9.98829E-05 9.98829E-05 9.98829E-05 9.98829E-05 0.0496607 9.98829E-05
9.9919E-05 0.0423456 9.9919E-05 0.127434 9.9919E-05 0.0135493 9.9919E-05 0.071708 9.9919E-05 9.9919E-05 0.735102 9.9919E-05 9.9919E-05 9.9919E-05 0.000943674 0.00801842
0.0935184 9.99278E-05 0.242391 0.121175 9.99278E-05 0.111869 9.99278E-05 0.012829 9.99278E-05 9.99278E-05 0.0243683 0.280069 0.112981 9.99278E-05 9.99278E-05 9.99278E-05
9.99369E-05 0.0220546 0.0804728 0.100784 0.0142547 9.99369E-05 9.99369E-05 9.99369E-05 0.0582264 9.99369E-05 0.218603 0.343663 0.108714 9.99369E-05 0.0525275 9.99369E-05
0.185706 0.0360287 0.145046 9.99279E-05 9.99279E-05 9.99279E-05 9.99279E-05 9.99279E-05 0.4826 0.0105201 0.0973782 0.0297841 9.99279E-05 9.99279E-05 9.99279E-05 0.0121372
9.98918E-05 9.98918E-05 0.00738325 0.0629475 9.98918E-05 9.98918E-05 9.98918E-05 9.98918E-05 9.98918E-05 9.98918E-05 0.526802 0.401669 9.98918E-05 9.98918E-05 9.98918E-05 9.98918E-05
0.0165248 9.99098E-05 9.99098E-05 9.99098E-05 9.99098E-05 9.99098E-05 9.99098E-05 0.0961433 0.123783 0.116506 9.99098E-05 0.137412 9.99098E-05 0.508632 9.99098E-05 9.99098E-05
9.98918E-05 0.00852301 0.0662518 9.98918E-05 9.98918E-05 9.98918E-05 9.98918E-05 9.98918E-05 9.98918E-05 9.98918E-05 0.481044 0.442982 9.98918E-05 9.98918E-05 9.98918E-05 9.98918E-05
0.122684 9.99099E-05 0.30029 9.99099E-05 0.0291373 9.99099E-05 9.99099E-05 9.99099E-05 9.99099E-05 0.38995 0.1516 9.99099E-05 9.99099E-05 0.00533925 9.99099E-05 9.99099E-05
0.263908 9.99188E-05 0.0453364 0.0759714 9.99188E-05 9.99188E-05 9.99188E-05 0.0622396 9.99188E-05 0.292818 9.99188E-05 9.99188E-05 0.00347424 0.255353 9.99188E-05 9.99188E-05
0.417421 9.9928E-05 0.121993 9.9928E-05 0.0378856 0.0606221 9.9928E-05 9.9928E-05 9.9928E-05 9.9928E-05 9.9928E-05 0.237342 0.0234588 9.9928E-05 0.0866443 0.0138342
0.232934 9.99369E-05 9.99369E-05 0.0858087 0.0149274 0.000841327 9.99369E-05 0.0116958 9.99369E-05 9.99369E-05 9.99369E-05 0.456391 0.0726725 0.0654766 9.99369E-05 0.058553
0.438083 0.0311648 0.109572 9.99369E-05 9.99369E-05 0.0444783 9.99369E-05 0.0597545 9.99369E-05 9.99369E-05 0.0189492 0.249359 0.0281838 9.99369E-05 0.0197555 9.99369E-05
0.0738978 9.99099E-05 9.99099E-05 9.99099E-05 9.99099E-05 9.99099E-05 9.99099E-05 9.99099E-05 9.99099E-05 0.318967 0.082195 0.204885 0.130917 0.188139 9.99099E-05 9.99099E-05
0.0681799 9.99099E-05 9.99099E-05 0.0780595 9.99099E-05 9.99099E-05 9.99099E-05 0.0637444 9.99099E-05 9.99099E-05 0.674282 0.0930917 0.0216434 9.99099E-05 9.99099E-05 9.99099E-05
0.0235508 9.99009E-05 0.296802 0.00247502 9.99009E-05 9.99009E-05 9.99009E-05 9.99009E-05 9.99009E-05 9.99009E-05 0.6666 9.99009E-05 0.00947302 9.99009E-05 9.99009E-05 9.99009E-05
0.0319293 9.99189E-05 0.192868 0.420832 0.0180553 0.0505834 9.99189E-05 9.99189E-05 9.99189E-05 9.99189E-05 9.99189E-05 0.263964 9.99189E-05 9.99189E-05 0.0208695 9.99189E-05
0.0278131 9.99099E-05 0.181377 9.99099E-05 0.00946655 9.99099E-05 9.99099E-05 9.99099E-05 9.99099E-05 9.99099E-05 0.567639 0.104914 9.99099E-05 9.99099E-05 0.107792 9.99099E-05
9.9883E-05 9.9883E-05 9.9883E-05 9.9883E-05 9.9883E-05 9.9883E-05 9.9883E-05 0.133739 0.0208912 9.9883E-05 0.844071 9.9883E-05 9.9883E-05 9.9883E-05 9.9883E-05 9.9883E-05
9.99099E-05 9.99099E-05 0.318954 0.416278 0.0890504 9.99099E-05 9.99099E-05 9.99099E-05 9.99099E-05 9.99099E-05 9.99099E-05 0.028681 0.0199729 9.99099E-05 0.126064 9.99099E-05
9.99098E-05 9.99098E-05 0.0707769 0.0866963 9.99098E-05 9.99098E-05 0.0273869 9.99098E-05 0.0594183 9.99098E-05 0.161101 0.593622 9.99098E-05 9.99098E-05 9.99098E-05 9.99098E-05
9.9919E-05 0.0338912 0.000253484 9.9919E-05 0.469356 9.9919E-05 0.0178448 0.41006 9.9919E-05 0.0516624 0.0160328 9.9919E-05 9.9919E-05 9.9919E-05 9.9919E-05 9.9919E-05
9.99188E-05 0.0153434 9.99188E-05 0.00703221 9.99188E-05 0.00267079 9.99188E-05 0.821387 9.99188E-05 9.99188E-05 9.99188E-05 0.104921 0.00496902 0.0427783 9.99188E-05 9.99188E-05
9.99098E-05 9.99098E-05 9.99098E-05 0.288762 0.128632 0.0433937 0.0610146 0.0856071 9.99098E-05 9.99098E-05 9.99098E-05 0.391592 9.99098E-05 9.99098E-05 9.99098E-05 9.99098E-05
9.99007E-05 9.99007E-05 9.99007E-05 0.026407 9.99007E-05 9.99007E-05 9.99007E-05 0.589896 0.201283 9.99007E-05 9.99007E-05 0.0549719 9.99007E-05 0.126343 9.99007E-05 9.99007E-05
9.98829E-05 9.98829E-05 9.98829E-05 9.98829E-05 0.0147109 9.98829E-05 9.98829E-05 0.930476 9.98829E-05 9.98829E-05 9.98829E-05 9.98829E-05 0.0535143 9.98829E-05 9.98829E-05 9.98829E-05
9.99008E-05 0.0577548 9.99008E-05 0.0668289 9.99008E-05 9.99008E-05 9.99008E-05 0.435317 9.99008E-05 0.41486 9.99008E-05 0.02414 9.99008E-05 9.99008E-05 9.99008E-05 9.99008E-05
9.99099E-05 9.99099E-05 9.99099E-05 0.00401955 9.99099E-05 9.99099E-05 9.99099E-05 0.686688 9.99099E-05 0.125024 9.99099E-05 0.0507312 0.0475841 0.0849543 9.99099E-05 9.99099E-05
9.99099E-05 0.0071409 9.99099E-05 0.540168 9.99099E-05 0.00771505 0.023336 0.208687 9.99099E-05 9.99099E-05 9.99099E-05 0.211954 9.99099E-05 9.99099E-05 9.99099E-05 9.99099E-05
9.9883E-05 9.9883E-05 0.185324 0.466036 9.9883E-05 9.9883E-05 9.9883E-05 9.9883E-05 9.9883E-05 9.9883E-05 0.347341 9.9883E-05 9.9883E-05 9.9883E-05 9.9883E-05 9.9883E-05
9.99278E-05 9.99278E-05 9.99278E-05 0.00695464 0.548546 0.0670087 0.0354617 9.99278E-05 9.99278E-05 9.99278E-05 9.99278E-05 0.219592 0.0512625 0.0656301 9.99278E-05 0.00474481
9.98919E-05 9.98919E-05 9.98919E-05 0.752298 9.98919E-05 9.98919E-05 0.0183028 0.130934 9.98919E-05 9.98919E-05 9.98919E-05 9.98919E-05 0.0972661 9.98919E-05 9.98919E-05 9.98919E-05
9.9901E-05 9.9901E-05 9.9901E-05 0.327477 9.9901E-05 0.135567 0.139159 0.100456 9.9901E-05 9.9901E-05 9.9901E-05 0.296242 9.9901E-05 9.9901E-05 9.9901E-05 9.9901E-05
9.99188E-05 9.99188E-05 9.99188E-05 0.0522164 0.104435 9.99188E-05 0.131728 0.216735 0.0176201 9.99188E-05 9.99188E-05 0.438215 0.0381505 9.99188E-05 9.99188E-05 9.99188E-05
9.99189E-05 9.99189E-05 0.101439 0.527238 9.99189E-05 9.99189E-05 9.99189E-05 9.99189E-05 0.00634415 9.99189E-05 0.0463581 0.307949 0.00544687 0.00432566 9.99189E-05 9.99189E-05
9.99099E-05 9.99099E-05 9.99099E-05 0.389815 0.31169 9.99099E-05 9.99099E-05 9.99099E-05 9.99099E-05 9.99099E-05 0.0237893 0.17226 0.0710047 9.99099E-05 0.0304424 9.99099E-05
9.99279E-05 0.0718119 0.148633 9.99279E-05 0.251206 0.0258756 9.99279E-05 0.0399472 9.99279E-05 9.99279E-05 9.99279E-05 0.0782207 9.99279E-05 0.314369 0.0691373 9.99279E-05
9.99279E-05 0.00922441 9.99279E-05 0.336145 0.0928508 9.99279E-05 0.0457279 0.00466399 0.146193 9.99279E-05 9.99279E-05 0.315858 9.99279E-05 9.99279E-05 9.99279E-05 0.0485375
9.99098E-05 9.99098E-05 9.99098E-05 0.317673 0.373794 0.0265675 9.99098E-05 0.0088877 9.99098E-05 9.99098E-05 9.99098E-05 0.140767 0.131312 9.99098E-05 9.99098E-05 9.99098E-05
9.99008E-05 9.99008E-05 9.99008E-05 9.99008E-05 0.279362 9.99008E-05 9.99008E-05 0.112182 0.467886 9.99008E-05 9.99008E-05 0.0321744 9.99008E-05 0.107297 9.99008E-05 9.99008E-05
0.0180545 9.9919E-05 9.9919E-05 9.9919E-05 0.496916 0.0396489 9.9919E-05 0.0237685 0.0376233 0.0654183 9.9919E-05 0.317672 9.9919E-05 9.9919E-05 9.9919E-05 9.9919E-05
0.0658197 9.9928E-05 9.9928E-05 0.801588 0.0138413 9.9928E-05 9.9928E-05 9.9928E-05 0.0564483 0.0337771 9.9928E-05 0.00755399 9.9928E-05 9.9928E-05 0.0195126 0.000659479
9.99099E-05 9.99099E-05 9.99099E-05 0.291687 0.0286993 9.99099E-05 0.0573299 9.99099E-05 9.99099E-05 9.99099E-05 9.99099E-05 0.481087 0.0666851 0.0735134 9.99099E-05 9.99099E-05
9.99009E-05 9.99009E-05 0.129609 0.589658 9.99009E-05 9.99009E-05 9.99009E-05 9.99009E-05 9.99009E-05 9.99009E-05 0.213472 0.0553118 9.99009E-05 0.0108501 9.99009E-05 9.99009E-05
0.00822047 9.99008E-05 9.99008E-05 9.99008E-05 0.290938 9.99008E-05 9.99008E-05 0.320247 9.99008E-05 9.99008E-05 9.99008E-05 0.174653 9.99008E-05 0.204843 9.99008E-05 9.99008E-05
9.9919E-05 9.9919E-05 0.00251325 9.9919E-05 0.351784 0.0308195 0.0429235 9.9919E-05 0.0413958 9.9919E-05 9.9919E-05 0.508831 9.9919E-05 9.9919E-05 9.9919E-05 0.0208327
9.99189E-05 9.99189E-05 0.110079 0.643295 0.0255613 9.99189E-05 9.99189E-05 9.99189E-05 9.99189E-05 9.99189E-05 0.0673638 0.111658 0.0202351 9.99189E-05 0.0209081 9.99189E-05
0.0467481 9.9919E-05 0.217386 9.9919E-05 0.143141 9.9919E-05 9.9919E-05 0.353774 9.9919E-05 9.9919E-05 9.9919E-05 9.9919E-05 0.0098708 0.16038 9.9919E-05 0.0678013
0.0386131 9.99009E-05 0.365634 9.99009E-05 0.134011 9.99009E-05 9.99009E-05 0.00192142 0.458722 9.99009E-05 9.99009E-05 9.99009E-05 9.99009E-05 9.99009E-05 9.99009E-05 9.99009E-05
9.99369E-05 0.0268784 0.0443713 0.0985933 9.99369E-05 0.0443964 0.0350761 9.99369E-05 9.99369E-05 9.99369E-05 0.292589 0.335481 0.0423535 9.99369E-05 0.0795616 9.99369E-05
0.0969067 0.00506572 0.585396 9.99279E-05 9.99279E-05 0.0372321 9.99279E-05 9.99279E-05 9.99279E-05 9.99279E-05 0.106421 0.0487549 0.0878701 9.99279E-05 0.0315535 9.99279E-05
9.99009E-05 0.0302241 0.188783 9.99009E-05 9.99009E-05 9.99009E-05 0.0559334 0.390262 0.333698 9.99009E-05 9.99009E-05 9.99009E-05 9.99009E-05 9.99009E-05 9.99009E-05 9.99009E-05
9.99099E-05 9.99099E-05 0.320354 9.99099E-05 0.0270023 9.99099E-05 0.0190004 0.443759 9.99099E-05 0.0252724 9.99099E-05 9.99099E-05 9.99099E-05 0.163613 9.99099E-05 9.99099E-05
9.99189E-05 9.99189E-05 0.167947 9.99189E-05 0.0962215 0.10373 9.99189E-05 0.301094 0.0139879 9.99189E-05 9.99189E-05 9.99189E-05 9.99189E-05 0.29396 9.99189E-05 0.0221613
9.9883E-05 0.00451607 0.283066 9.9883E-05 9.9883E-05 9.9883E-05 9.9883E-05 9.9883E-05 9.9883E-05 9.9883E-05 0.711119 9.9883E-05 9.9883E-05 9.9883E-05 9.9883E-05 9.9883E-05
9.991E-05 9.991E-05 0.395831 0.150246 9.991E-05 0.022122 0.0323377 9.991E-05 9.991E-05 9.991E-05 9.991E-05 0.380868 9.991E-05 9.991E-05 0.0175971 9.991E-05
0.261533 9.99458E-05 0.106971 9.99458E-05 0.0967935 0.0192127 0.00747744 9.99458E-05 0.0616142 9.99458E-05 9.99458E-05 0.116763 0.251964 0.0402281 9.99458E-05 0.0368432
0.0742753 9.99098E-05 0.259262 9.99098E-05 0.0139827 9.99098E-05 9.99098E-05 0.344259 0.102088 9.99098E-05 9.99098E-05 9.99098E-05 9.99098E-05 0.205134 9.99098E-05 9.99098E-05
0.0572183 9.99279E-05 0.204144 0.0426977 9.99279E-05 0.000959007 9.99279E-05 9.99279E-05 9.99279E-05 9.99279E-05 0.471897 0.104395 0.0550579 9.99279E-05 0.0628324 9.99279E-05
9.9919E-05 0.0353327 0.202825 0.0181257 9.9919E-05 9.9919E-05 0.00526714 0.125449 9.9919E-05 9.9919E-05 9.9919E-05 0.586312 9.9919E-05 9.9919E-05 0.0257882 9.9919E-05
9.99098E-05 9.99098E-05 0.283064 0.202875 9.99098E-05 0.0158223 0.0121232 0.169507 9.99098E-05 9.99098E-05 9.99098E-05 0.315609 9.99098E-05 9.99098E-05 9.99098E-05 9.99098E-05
0.539996 9.99007E-05 0.256099 9.99007E-05 9.99007E-05 0.038868 9.99007E-05 9.99007E-05 9.99007E-05 9.99007E-05 9.99007E-05 0.0953672 0.0685709 9.99007E-05 9.99007E-05 9.99007E-05
9.99009E-05 9.99009E-05 9.99009E-05 0.266766 9.99009E-05 9.99009E-05 9.99009E-05 9.99009E-05 9.99009E-05 9.99009E-05 9.99009E-05 0.443169 0.200429 0.0534424 0.0350951 9.99009E-05
0.069127 9.99368E-05 9.99368E-05 0.0341671 0.278537 9.99368E-05 0.00810302 0.105764 0.166611 9.99368E-05 9.99368E-05 0.259758 0.0238694 9.99368E-05 9.99368E-05 0.0533633
0.208497 9.99368E-05 0.114781 9.99368E-05 0.104347 0.0453138 9.99368E-05 0.0265058 0.069804 9.99368E-05 9.99368E-05 0.426982 9.99368E-05 0.00190001 9.99368E-05 0.00117062
9.991E-05 0.0136177 0.203509 9.991E-05 9.991E-05 9.991E-05 9.991E-05 0.361441 0.118253 9.991E-05 9.991E-05 9.991E-05 9.991E-05 0.293876 9.991E-05 0.00830422
9.99278E-05 0.019153 0.371324 0.349983 0.0664488 0.0239092 9.99278E-05 9.99278E-05 9.99278E-05 9.99278E-05 9.99278E-05 0.0300601 0.00554728 9.99278E-05 0.132775 9.99278E-05
0.0401082 9.99188E-05 0.193066 9.99188E-05 0.28271 9.99188E-05 9.99188E-05 0.248707 0.0424764 9.99188E-05 9.99188E-05 9.99188E-05 9.99188E-05 0.17458 0.017453 9.99188E-05
9.99098E-05 9.99098E-05 0.127693 9.99098E-05 0.208116 9.99098E-05 9.99098E-05 0.0823458 9.99098E-05 0.312952 9.99098E-05 0.0330676 9.99098E-05 0.234826 9.99098E-05 9.99098E-05
9.99009E-05 9.99009E-05 0.22907 0.638245 9.99009E-05 9.99009E-05 9.99009E-05 0.00995229 9.99009E-05 9.99009E-05 0.0671412 0.0544925 9.99009E-05 9.99009E-05 9.99009E-05 9.99009E-05
9.99189E-05 9.99189E-05 0.0312072 0.147856 0.0360566 9.99189E-05 0.0611255 0.0565255 0.216159 9.99189E-05 9.99189E-05 0.450171 9.99189E-05 9.99189E-05 9.99189E-05 9.99189E-05
9.99001E-05 9.99001E-05 0.152831 0.38214 0.0883092 0.0107096 9.99001E-05 9.99001E-05 9.99001E-05 9.99001E-05 9.99001E-05 0.31047 9.99001E-05 9.99001E-05 0.0545414 9.99001E-05
9.9928E-05 0.0258953 0.0317344 9.9928E-05 0.404245 9.9928E-05 0.0132683 0.434759 0.0638632 0.00634293 9.9928E-05 9.9928E-05 9.9928E-05 9.9928E-05 9.9928E-05 0.0190929
9.9946E-05 0.0460472 0.0153819 9.9946E-05 0.254546 9.9946E-05 0.0702482 0.0575529 0.0156095 0.381328 9.9946E-05 9.9946E-05 0.00671618 9.9946E-05 0.149061 0.00290822
9.99009E-05 9.99009E-05 9.99009E-05 9.99009E-05 0.505485 9.99009E-05 9.99009E-05 0.102603 9.99009E-05 9.99009E-05 9.99009E-05 0.132832 9.99009E-05 0.150839 9.99009E-05 0.107142
0.0562344 9.98919E-05 0.195332 0.731932 9.98919E-05 9.98919E-05 9.98919E-05 0.0153034 9.98919E-05 9.98919E-05 9.98919E-05 9.98919E-05 9.98919E-05 9.98919E-05 9.98919E-05 9.98919E-05
9.99189E-05 9.99189E-05 9.99189E-05 9.99189E-05 0.619717 9.99189E-05 0.0426203 0.0208966 9.99189E-05 0.00472527 9.99189E-05 0.163658 9.99189E-05 0.115774 9.99189E-05 0.0317101
9.99369E-05 0.0589472 0.0214747 0.0199632 0.816825 9.99369E-05 9.99369E-05 0.00276264 0.0195264 9.99369E-05 9.99369E-05 9.99369E-05 0.0379011 0.0113899 9.99369E-05 0.0105107
9.9928E-05 9.9928E-05 0.00991037 9.9928E-05 0.591234 9.9928E-05 9.9928E-05 0.135914 0.204809 0.0160083 0.018842 9.9928E-05 0.0178787 9.9928E-05 9.9928E-05 0.00460368
0.0405169 9.99009E-05 9.99009E-05 0.794071 0.0365987 9.99009E-05 9.99009E-05 9.99009E-05 9.99009E-05 9.99009E-05 9.99009E-05 9.99009E-05 0.0863081 0.0414061 9.99009E-05 9.99009E-05
9.99459E-05 0.00347693 0.073027 0.184621 0.259972 9.99459E-05 0.0184027 0.0527992 0.00583498 9.99459E-05 9.99459E-05 0.366663 0.0178152 9.99459E-05 0.0167876 9.99459E-05
9.9946E-05 0.0200497 0.0330139 0.0469556 0.0317552 9.9946E-05 0.0410729 0.367767 0.371134 0.0572072 9.9946E-05 0.0248063 9.9946E-05 0.00563926 9.9946E-05 9.9946E-05
9.9919E-05 9.9919E-05 0.176974 0.304208 0.281625 9.9919E-05 9.9919E-05 9.9919E-05 9.9919E-05 0.0420712 0.0617118 0.0559329 9.9919E-05 9.9919E-05 0.0765773 9.9919E-05
