9.9937E-05 0.0538389 0.429739 9.9937E-05 9.9937E-05 9.9937E-05 9.9937E-05 0.0679589 0.0730873 9.9937E-05 9.9937E-05 0.374677
9.99549E-05 0.0331342 0.437749 9.99549E-05 0.045601 9.99549E-05 9.99549E-05 9.99549E-05 0.0301263 0.160431 0.000807079 0.291651
0.000825786 9.99549E-05 0.199217 0.0506361 9.99549E-05 0.635368 9.99549E-05 0.0230564 9.99549E-05 0.0894582 0.000938312 9.99549E-05
0.100279 9.9964E-05 0.210711 0.0399349 0.00772153 9.9964E-05 0.0128466 0.0435551 0.0196278 9.9964E-05 9.9964E-05 0.564924
0.0890682 9.99549E-05 9.99549E-05 0.0793145 0.0608815 9.99549E-05 9.99549E-05 9.99549E-05 0.207613 0.195716 0.0484476 0.318459
9.99549E-05 0.0130056 0.368469 0.316062 9.99549E-05 0.108427 9.99549E-05 9.99549E-05 0.0526869 0.0811359 0.059714 9.99549E-05
9.99279E-05 9.99279E-05 0.395098 9.99279E-05 9.99279E-05 0.521375 0.0319429 9.99279E-05 9.99279E-05 9.99279E-05 9.99279E-05 0.050784
9.9937E-05 0.114247 0.30863 0.178267 9.9937E-05 0.236288 9.9937E-05 9.9937E-05 9.9937E-05 0.161868 9.9937E-05 9.9937E-05
0.067059 0.0476875 0.363107 0.0682129 9.9955E-05 9.9955E-05 9.9955E-05 9.9955E-05 9.9955E-05 0.0310481 0.0300013 0.392385
9.99279E-05 9.99279E-05 9.99279E-05 0.37338 9.99279E-05 0.343917 0.223976 0.0579284 9.99279E-05 9.99279E-05 9.99279E-05 9.99279E-05
9.99549E-05 9.99549E-05 0.210609 0.0670669 0.332614 9.99549E-05 9.99549E-05 0.000573899 0.0177284 0.105335 9.99549E-05 0.265572
0.0642015 0.00975691 0.00979987 0.244336 0.0399996 9.9955E-05 9.9955E-05 9.9955E-05 9.9955E-05 0.0841362 9.9955E-05 0.54727
0.218813 9.9973E-05 0.201041 9.9973E-05 0.0634305 0.119223 0.00980368 0.00414204 0.228598 9.9973E-05 0.0671514 0.0874968
9.99279E-05 0.0256106 0.472237 0.152636 9.99279E-05 0.348717 9.99279E-05 9.99279E-05 9.99279E-05 9.99279E-05 9.99279E-05 9.99279E-05
9.99279E-05 9.99279E-05 9.99279E-05 0.070815 0.347452 9.99279E-05 9.99279E-05 9.99279E-05 9.99279E-05 0.173985 9.99279E-05 0.406948
9.99639E-05 9.99639E-05 0.168538 0.0462546 0.0168719 0.404969 0.28581 0.0266589 9.99639E-05 0.000990125 0.0495078 9.99639E-05
0.003221 9.99279E-05 0.539886 9.99279E-05 9.99279E-05 0.417452 9.99279E-05 9.99279E-05 9.99279E-05 9.99279E-05 9.99279E-05 0.0386408
9.99369E-05 9.99369E-05 0.451459 9.99369E-05 0.017711 0.467223 9.99369E-05 9.99369E-05 9.99369E-05 0.0494678 9.99369E-05 0.0134393
0.164108 0.00484115 0.186925 0.0278766 9.9955E-05 0.0921788 9.9955E-05 9.9955E-05 0.0525035 9.9955E-05 9.9955E-05 0.471067
9.99189E-05 0.0293332 9.99189E-05 9.99189E-05 0.22507 9.99189E-05 9.99189E-05 0.744697 9.99189E-05 9.99189E-05 9.99189E-05 9.99189E-05
0.155634 9.991E-05 9.991E-05 9.991E-05 9.991E-05 9.991E-05 9.991E-05 0.843367 9.991E-05 9.991E-05 9.991E-05 9.991E-05
9.99188E-05 9.99188E-05 0.0743785 9.99188E-05 9.99188E-05 9.99188E-05 9.99188E-05 0.886083 0.0386395 9.99188E-05 9.99188E-05 9.99188E-05
0.333106 0.022576 9.99279E-05 9.99279E-05 9.99279E-05 9.99279E-05 9.99279E-05 0.621421 9.99279E-05 9.99279E-05 9.99279E-05 0.0220973
0.0344082 0.0159311 9.99369E-05 9.99369E-05 0.0487248 9.99369E-05 9.99369E-05 0.710579 9.99369E-05 9.99369E-05 9.99369E-05 0.189658
9.99459E-05 0.0331382 0.100637 0.00387831 9.99459E-05 0.231634 9.99459E-05 0.460413 9.99459E-05 9.99459E-05 0.1697 9.99459E-05
9.99459E-05 0.35206 9.99459E-05 0.0408563 0.0789961 9.99459E-05 9.99459E-05 0.30892 9.99459E-05 0.0131348 9.99459E-05 0.205433
9.99279E-05 9.99279E-05 9.99279E-05 9.99279E-05 9.99279E-05 0.0320521 0.510714 0.245553 9.99279E-05 9.99279E-05 0.210881 9.99279E-05
0.0975657 0.300542 9.9946E-05 9.9946E-05 0.21935 9.9946E-05 9.9946E-05 0.231243 0.0716875 0.0790119 9.9946E-05 9.9946E-05
9.99201E-05 9.99201E-05 0.0723916 9.99201E-05 9.99201E-05 9.99201E-05 0.0190072 0.853239 0.0545627 9.99201E-05 9.99201E-05 9.99201E-05
0.124318 9.99189E-05 9.99189E-05 9.99189E-05 9.99189E-05 9.99189E-05 9.99189E-05 0.850128 9.99189E-05 9.99189E-05 9.99189E-05 0.0246544
0.130645 0.0159241 9.99371E-05 9.99371E-05 9.99371E-05 0.120391 0.154769 0.577571 9.99371E-05 9.99371E-05 9.99371E-05 9.99371E-05
9.99459E-05 0.386744 0.0471603 9.99459E-05 9.99459E-05 9.99459E-05 0.116941 0.128403 0.0972776 9.99459E-05 0.222874 9.99459E-05
9.99188E-05 9.99188E-05 9.99188E-05 9.99188E-05 9.99188E-05 0.203427 0.197002 0.598672 9.99188E-05 9.99188E-05 9.99188E-05 9.99188E-05
9.99279E-05 0.0315662 0.120285 9.99279E-05 9.99279E-05 0.189365 9.99279E-05 0.657985 9.99279E-05 9.99279E-05 9.99279E-05 9.99279E-05
0.0953763 9.99279E-05 9.99279E-05 0.0158467 9.99279E-05 9.99279E-05 9.99279E-05 0.834938 9.99279E-05 9.99279E-05 9.99279E-05 0.0530393
9.99189E-05 9.99189E-05 9.99189E-05 9.99189E-05 0.157242 9.99189E-05 9.99189E-05 0.734584 9.99189E-05 9.99189E-05 9.99189E-05 0.107274
9.99099E-05 9.99099E-05 9.99099E-05 9.99099E-05 0.337264 9.99099E-05 9.99099E-05 0.661736 9.99099E-05 9.99099E-05 9.99099E-05 9.99099E-05
0.241214 9.99279E-05 9.99279E-05 9.99279E-05 9.99279E-05 9.99279E-05 9.99279E-05 0.670745 9.99279E-05 0.0117138 9.99279E-05 0.0755276
9.99278E-05 9.99278E-05 0.11655 9.99278E-05 9.99278E-05 9.99278E-05 9.99278E-05 9.99278E-05 9.99278E-05 0.0171439 0.83132 0.0341858
9.9919E-05 9.9919E-05 9.9919E-05 9.9919E-05 9.9919E-05 9.9919E-05 0.28027 9.9919E-05 0.0410681 9.9919E-05 0.677763 9.9919E-05
9.99369E-05 0.0720334 9.99369E-05 9.99369E-05 9.99369E-05 0.174933 0.335397 0.0645802 9.99369E-05 9.99369E-05 0.352357 9.99369E-05
0.328476 0.116307 9.99459E-05 9.99459E-05 9.99459E-05 9.99459E-05 0.0890415 0.00337678 0.0229167 9.99459E-05 0.439282 9.99459E-05
9.99188E-05 9.99188E-05 0.147287 9.99188E-05 9.99188E-05 9.99188E-05 9.99188E-05 0.286701 9.99188E-05 9.99188E-05 0.565112 9.99188E-05
9.9946E-05 0.00305571 9.9946E-05 0.0540838 9.9946E-05 0.259072 0.0528723 0.106268 9.9946E-05 9.9946E-05 0.524048 9.9946E-05
0.13937 0.618825 9.99189E-05 9.99189E-05 9.99189E-05 9.99189E-05 9.99189E-05 9.99189E-05 9.99189E-05 9.99189E-05 9.99189E-05 0.240906
9.99279E-05 9.99279E-05 9.99279E-05 9.99279E-05 0.0122487 9.99279E-05 9.99279E-05 9.99279E-05 9.99279E-05 0.216463 0.561865 0.208624
9.99279E-05 9.99279E-05 9.99279E-05 9.99279E-05 9.99279E-05 0.246334 0.177296 0.191942 9.99279E-05 9.99279E-05 0.383628 9.99279E-05
9.99279E-05 9.99279E-05 0.121832 0.0280863 0.0234103 9.99279E-05 9.99279E-05 9.99279E-05 9.99279E-05 9.99279E-05 0.825872 9.99279E-05
9.991E-05 9.991E-05 9.991E-05 9.991E-05 9.991E-05 9.991E-05 0.651854 9.991E-05 9.991E-05 9.991E-05 0.347147 9.991E-05
0.0336767 0.0488849 9.9937E-05 9.9937E-05 0.0288916 9.9937E-05 9.9937E-05 9.9937E-05 9.9937E-05 0.259879 0.627968 9.9937E-05
9.99189E-05 9.99189E-05 9.99189E-05 9.99189E-05 9.99189E-05 9.99189E-05 0.275679 9.99189E-05 0.0139997 9.99189E-05 0.709422 9.99189E-05
0.24734 9.9946E-05 9.9946E-05 0.0234628 0.0223856 9.9946E-05 9.9946E-05 0.0845467 0.0779301 9.9946E-05 0.543735 9.9946E-05
9.99459E-05 0.228671 9.99459E-05 0.0293286 0.219864 9.99459E-05 9.99459E-05 0.0628737 9.99459E-05 9.99459E-05 0.279302 0.179361
9.99549E-05 0.0844012 9.99549E-05 0.0271287 0.179094 0.00561723 9.99549E-05 9.99549E-05 9.99549E-05 0.10394 0.442355 0.156963
0.326122 0.170253 9.9955E-05 9.9955E-05 9.9955E-05 9.9955E-05 0.0221163 0.0386966 9.9955E-05 0.0903865 0.27718 0.0747461
0.348792 0.231413 9.99279E-05 9.99279E-05 9.99279E-05 9.99279E-05 9.99279E-05 0.338869 9.99279E-05 9.99279E-05 9.99279E-05 0.0801265
9.99458E-05 0.0186662 0.0573436 9.99458E-05 9.99458E-05 0.0724837 0.0679184 9.99458E-05 0.0392342 9.99458E-05 0.743754 9.99458E-05
0.0656537 0.23724 9.9955E-05 9.9955E-05 0.0944309 9.9955E-05 0.126571 0.0151069 0.0122983 9.9955E-05 0.448199 9.9955E-05
9.99368E-05 0.037839 0.00992101 9.99368E-05 9.99368E-05 9.99368E-05 0.270936 9.99368E-05 0.0222849 9.99368E-05 0.658319 9.99368E-05
0.0565746 9.99369E-05 9.99369E-05 9.99369E-05 0.116854 9.99369E-05 9.99369E-05 9.99369E-05 9.99369E-05 0.0898049 0.73517 0.000896889
9.99549E-05 0.16368 0.0488661 9.99549E-05 0.0670362 9.99549E-05 9.99549E-05 0.0248914 9.99549E-05 0.0324711 0.586366 0.0761892
9.99369E-05 0.0658137 9.99369E-05 9.99369E-05 0.0397227 9.99369E-05 9.99369E-05 9.99369E-05 9.99369E-05 0.161304 0.617322 0.115138
9.99369E-05 0.405636 9.99369E-05 9.99369E-05 9.99369E-05 0.0641528 0.170043 9.99369E-05 0.119663 9.99369E-05 0.239805 9.99369E-05
0.430144 0.0306571 9.99369E-05 9.99369E-05 9.99369E-05 9.99369E-05 9.99369E-05 0.0281321 9.99369E-05 0.0478209 0.462546 9.99369E-05
9.99189E-05 0.109068 9.99189E-05 9.99189E-05 9.99189E-05 0.550685 9.99189E-05 9.99189E-05 9.99189E-05 9.99189E-05 0.339348 9.99189E-05
9.99549E-05 0.366741 0.0854523 0.0159369 0.158109 9.99549E-05 9.99549E-05 0.0741024 9.99549E-05 9.99549E-05 0.161789 0.13737
0.110986 0.0341705 9.99369E-05 9.99369E-05 0.0256697 9.99369E-05 9.99369E-05 9.99369E-05 9.99369E-05 0.273117 0.555358 9.99369E-05
0.017761 0.110798 9.9937E-05 9.9937E-05 0.297002 9.9937E-05 9.9937E-05 9.9937E-05 9.9937E-05 0.13863 0.435109 9.9937E-05
9.99549E-05 0.772282 0.0374949 9.99549E-05 9.99549E-05 0.0410976 9.99549E-05 0.00593988 0.00566552 9.99549E-05 0.0414596 0.0955608
9.99549E-05 0.435502 0.151747 0.0211203 9.99549E-05 9.99549E-05 0.00310935 0.2402 0.0347467 9.99549E-05 0.113074 9.99549E-05
9.99279E-05 0.439655 9.99279E-05 9.99279E-05 9.99279E-05 9.99279E-05 0.447762 0.109504 9.99279E-05 9.99279E-05 0.00227962 9.99279E-05
9.99189E-05 9.99189E-05 9.99189E-05 9.99189E-05 9.99189E-05 0.465327 0.0700539 9.99189E-05 9.99189E-05 9.99189E-05 0.463719 9.99189E-05
0.178197 9.99189E-05 9.99189E-05 9.99189E-05 9.99189E-05 9.99189E-05 9.99189E-05 0.646134 9.99189E-05 0.174769 9.99189E-05 9.99189E-05
9.99223E-05 9.99223E-05 9.99223E-05 9.99223E-05 9.99223E-05 0.246752 0.124115 9.99223E-05 9.99223E-05 9.99223E-05 0.628234 9.99223E-05
9.99369E-05 0.469316 9.99369E-05 9.99369E-05 0.130269 9.99369E-05 9.99369E-05 9.99369E-05 9.99369E-05 0.00240554 0.32336 0.0739501
0.0215429 0.525856 9.99369E-05 9.99369E-05 0.011279 9.99369E-05 9.99369E-05 0.10753 9.99369E-05 9.99369E-05 9.99369E-05 0.333093
9.99188E-05 9.99188E-05 9.99188E-05 9.99188E-05 9.99188E-05 0.189346 0.0766045 0.73315 9.99188E-05 9.99188E-05 9.99188E-05 9.99188E-05
9.9937E-05 0.0118176 9.9937E-05 9.9937E-05 9.9937E-05 0.271433 0.339868 0.204352 9.9937E-05 9.9937E-05 0.17183 9.9937E-05
9.99278E-05 9.99278E-05 0.0289049 9.99278E-05 9.99278E-05 0.208121 9.99278E-05 0.735078 9.99278E-05 9.99278E-05 0.0270967 9.99278E-05
9.99459E-05 0.369114 0.0433894 9.99459E-05 9.99459E-05 9.99459E-05 0.0529838 0.301626 0.110063 9.99459E-05 0.122225 9.99459E-05
9.9937E-05 0.0446515 9.9937E-05 9.9937E-05 9.9937E-05 9.9937E-05 0.53797 0.1631 0.0240425 9.9937E-05 0.229536 9.9937E-05
0.250711 0.032362 9.99369E-05 9.99369E-05 9.99369E-05 9.99369E-05 9.99369E-05 0.195338 9.99369E-05 9.99369E-05 0.41855 0.10234
0.197536 9.99549E-05 9.99549E-05 0.00386487 0.00616467 0.0261883 9.99549E-05 0.0099034 0.0139653 9.99549E-05 0.741878 9.99549E-05
0.265861 0.0727502 9.9946E-05 9.9946E-05 0.0573068 9.9946E-05 0.0629758 0.103219 9.9946E-05 9.9946E-05 0.437288 9.9946E-05
9.99189E-05 9.99189E-05 9.99189E-05 9.99189E-05 9.99189E-05 0.218226 0.152269 9.99189E-05 9.99189E-05 9.99189E-05 0.628605 9.99189E-05
9.99459E-05 0.0134644 9.99459E-05 9.99459E-05 0.197016 9.99459E-05 9.99459E-05 0.0853612 0.0604466 0.0415668 0.601546 9.99459E-05
0.127603 0.234523 9.99279E-05 9.99279E-05 9.99279E-05 9.99279E-05 9.99279E-05 9.99279E-05 9.99279E-05 9.99279E-05 0.419357 0.217718
9.99278E-05 0.49161 0.0736981 9.99278E-05 9.99278E-05 0.226228 9.99278E-05 0.207664 9.99278E-05 9.99278E-05 9.99278E-05 9.99278E-05
9.99279E-05 0.239506 9.99279E-05 9.99279E-05 9.99279E-05 0.467513 0.00205849 9.99279E-05 9.99279E-05 9.99279E-05 0.290122 9.99279E-05
9.99188E-05 0.67557 9.99188E-05 9.99188E-05 9.99188E-05 9.99188E-05 9.99188E-05 0.147398 9.99188E-05 0.176133 9.99188E-05 9.99188E-05
9.99188E-05 0.384651 9.99188E-05 9.99188E-05 9.99188E-05 0.363084 9.99188E-05 9.99188E-05 9.99188E-05 9.99188E-05 0.251366 9.99188E-05
9.99188E-05 0.484673 9.99188E-05 9.99188E-05 9.99188E-05 0.382475 9.99188E-05 9.99188E-05 9.99188E-05 9.99188E-05 0.131952 9.99188E-05
0.025356 0.685463 9.99189E-05 9.99189E-05 9.99189E-05 9.99189E-05 9.99189E-05 9.99189E-05 9.99189E-05 0.288282 9.99189E-05 9.99189E-05
9.99369E-05 0.313835 0.0821892 9.99369E-05 9.99369E-05 0.170248 9.99369E-05 9.99369E-05 9.99369E-05 0.0295139 0.403514 9.99369E-05
9.99459E-05 0.618564 0.095074 0.00149039 9.99459E-05 0.150074 9.99459E-05 0.000336306 9.99459E-05 9.99459E-05 0.133861 9.99459E-05
9.99279E-05 9.99279E-05 9.99279E-05 9.99279E-05 9.99279E-05 0.0285896 0.382334 9.99279E-05 0.584743 9.99279E-05 0.00353397 9.99279E-05
9.9946E-05 9.9946E-05 9.9946E-05 9.9946E-05 9.9946E-05 0.0896243 0.175856 0.0309054 0.616377 0.000167333 0.0864695 9.9946E-05
0.186608 9.99279E-05 9.99279E-05 9.99279E-05 9.99279E-05 9.99279E-05 0.025297 9.99279E-05 0.764778 9.99279E-05 0.0225174 9.99279E-05
9.99279E-05 0.0730799 9.99279E-05 9.99279E-05 9.99279E-05 0.00309207 9.99279E-05 9.99279E-05 0.443707 0.479321 9.99279E-05 9.99279E-05
9.99459E-05 0.010222 9.99459E-05 0.00528454 0.00562116 0.0809677 0.324405 9.99459E-05 0.5729 9.99459E-05 9.99459E-05 9.99459E-05
0.0326151 0.0906041 0.517263 9.99459E-05 9.99459E-05 9.99459E-05 9.99459E-05 9.99459E-05 0.139019 0.192802 9.99459E-05 0.0270971
9.99098E-05 9.99098E-05 9.99098E-05 9.99098E-05 9.99098E-05 0.595407 9.99098E-05 9.99098E-05 0.403594 9.99098E-05 9.99098E-05 9.99098E-05
9.99189E-05 0.00567729 9.99189E-05 9.99189E-05 9.99189E-05 9.99189E-05 0.283498 9.99189E-05 0.709925 9.99189E-05 9.99189E-05 9.99189E-05
9.99459E-05 0.0489581 0.133568 0.0340697 9.99459E-05 0.0763016 9.99459E-05 0.0192203 0.687282 9.99459E-05 9.99459E-05 9.99459E-05
0.0426645 0.0275907 9.99549E-05 9.99549E-05 0.275249 9.99549E-05 9.99549E-05 0.0195308 0.539099 0.0199769 9.99549E-05 0.0753886
9.99189E-05 9.99189E-05 9.99189E-05 0.0871565 9.99189E-05 9.99189E-05 0.651235 9.99189E-05 0.260709 9.99189E-05 9.99189E-05 9.99189E-05
9.99369E-05 9.99369E-05 9.99369E-05 0.0281607 0.413729 0.0584341 9.99369E-05 9.99369E-05 0.407878 9.99369E-05 9.99369E-05 0.091098
9.99279E-05 9.99279E-05 0.0442771 9.99279E-05 9.99279E-05 0.119465 0.130107 9.99279E-05 0.705351 9.99279E-05 9.99279E-05 9.99279E-05
9.99369E-05 0.07837 0.2952 9.99369E-05 0.111534 9.99369E-05 9.99369E-05 9.99369E-05 0.510179 0.00401707 9.99369E-05 9.99369E-05
9.99369E-05 9.99369E-05 0.141082 0.0641282 9.99369E-05 9.99369E-05 0.0754692 0.0762701 0.642351 9.99369E-05 9.99369E-05 9.99369E-05
9.99459E-05 9.99459E-05 0.329867 9.99459E-05 9.99459E-05 0.319998 0.0404099 0.0430908 0.255379 9.99459E-05 9.99459E-05 0.0106556
0.0683564 0.0585084 9.99458E-05 9.99458E-05 0.0234566 9.99458E-05 9.99458E-05 9.99458E-05 0.420214 0.179456 9.99458E-05 0.249408
0.53884 0.0204294 9.99368E-05 9.99368E-05 9.99368E-05 0.0432498 9.99368E-05 9.99368E-05 0.340582 9.99368E-05 9.99368E-05 0.0561987
9.99549E-05 9.99549E-05 0.0529468 0.0724871 9.99549E-05 0.0276184 0.0373391 0.0871807 0.607676 9.99549E-05 0.114252 9.99549E-05
9.99279E-05 9.99279E-05 0.0359221 9.99279E-05 9.99279E-05 0.296328 0.0148633 9.99279E-05 0.652088 9.99279E-05 9.99279E-05 9.99279E-05
9.99459E-05 9.99459E-05 9.99459E-05 0.0604474 0.130393 9.99459E-05 9.99459E-05 0.0559575 0.707366 0.0432958 0.00194083 9.99459E-05
0.29523 9.99189E-05 9.99189E-05 9.99189E-05 9.99189E-05 9.99189E-05 9.99189E-05 9.99189E-05 0.658571 9.99189E-05 9.99189E-05 0.0453003
0.0338358 9.9955E-05 0.284317 0.0441265 0.182521 9.9955E-05 9.9955E-05 0.0406742 0.00764533 0.406381 9.9955E-05 9.9955E-05
9.99098E-05 9.99098E-05 9.99098E-05 0.679019 9.99098E-05 0.319982 9.99098E-05 9.99098E-05 9.99098E-05 9.99098E-05 9.99098E-05 9.99098E-05
0.550946 0.0363533 0.259829 9.99459E-05 9.99459E-05 9.99459E-05 0.0124177 9.99459E-05 9.99459E-05 0.136888 0.00296535 9.99459E-05
9.99279E-05 9.99279E-05 0.766559 0.0193232 9.99279E-05 9.99279E-05 0.175387 0.0379316 9.99279E-05 9.99279E-05 9.99279E-05 9.99279E-05
9.99188E-05 9.99188E-05 9.99188E-05 0.467538 9.99188E-05 0.00190347 0.529659 9.99188E-05 9.99188E-05 9.99188E-05 9.99188E-05 9.99188E-05
0.132443 9.99459E-05 0.250339 0.00228339 0.299461 9.99459E-05 9.99459E-05 9.99459E-05 9.99459E-05 0.0173577 9.99459E-05 0.297517
9.99369E-05 9.99369E-05 9.99369E-05 0.718858 0.227199 9.99369E-05 0.0211465 0.00792596 9.99369E-05 9.99369E-05 9.99369E-05 0.0241702
0.0308937 0.0492397 0.583465 0.00691424 9.99639E-05 0.0628981 9.99639E-05 9.99639E-05 0.0399426 0.138308 0.0879386 9.99639E-05
0.255535 9.99098E-05 9.99098E-05 0.743465 9.99098E-05 9.99098E-05 9.99098E-05 9.99098E-05 9.99098E-05 9.99098E-05 9.99098E-05 9.99098E-05
0.0307988 9.99369E-05 0.0602037 0.235043 9.99369E-05 0.491545 0.18171 9.99369E-05 9.99369E-05 9.99369E-05 9.99369E-05 9.99369E-05
0.0835772 9.99549E-05 0.0977338 0.184232 0.301908 9.99549E-05 9.99549E-05 9.99549E-05 9.99549E-05 0.227135 0.0277565 0.0771577
0.40818 0.0286355 9.99189E-05 0.562285 9.99189E-05 9.99189E-05 9.99189E-05 9.99189E-05 9.99189E-05 9.99189E-05 9.99189E-05 9.99189E-05
9.99189E-05 9.99189E-05 9.99189E-05 0.379565 9.99189E-05 0.143101 0.476435 9.99189E-05 9.99189E-05 9.99189E-05 9.99189E-05 9.99189E-05
0.0740649 9.99369E-05 0.104185 9.99369E-05 0.194228 9.99369E-05 9.99369E-05 9.99369E-05 9.99369E-05 0.320271 9.99369E-05 0.306552
0.171397 9.99188E-05 9.99188E-05 0.552098 9.99188E-05 9.99188E-05 9.99188E-05 9.99188E-05 9.99188E-05 9.99188E-05 9.99188E-05 0.275606
0.271266 9.99368E-05 0.264701 9.99368E-05 0.092707 0.040027 9.99368E-05 9.99368E-05 9.99368E-05 9.99368E-05 9.99368E-05 0.3306
9.99189E-05 9.99189E-05 9.99189E-05 0.437887 9.99189E-05 0.00933177 0.551882 9.99189E-05 9.99189E-05 9.99189E-05 9.99189E-05 9.99189E-05
0.337404 9.99368E-05 0.0412096 0.344538 9.99368E-05 9.99368E-05 9.99368E-05 9.99368E-05 9.99368E-05 0.146103 9.99368E-05 0.130046
9.99369E-05 9.99369E-05 0.221931 9.99369E-05 0.278775 9.99369E-05 9.99369E-05 9.99369E-05 0.0330026 0.41821 9.99369E-05 0.0473825
9.99368E-05 0.0843257 0.631473 0.0905729 9.99368E-05 0.120037 9.99368E-05 9.99368E-05 9.99368E-05 0.0728921 9.99368E-05 9.99368E-05
0.3723 9.99461E-05 0.209198 9.99461E-05 9.99461E-05 9.99461E-05 0.142768 0.0776234 0.0223089 0.175202 9.99461E-05 9.99461E-05
0.400292 9.9964E-05 0.352199 0.0907653 0.00803954 9.9964E-05 0.00976061 0.0630822 9.9964E-05 0.0590631 9.9964E-05 0.0163987
9.99278E-05 9.99278E-05 0.0668085 0.439875 9.99278E-05 0.0949416 0.397575 9.99278E-05 9.99278E-05 9.99278E-05 9.99278E-05 9.99278E-05
9.9973E-05 0.0162125 0.217143 0.154798 0.118952 0.142005 9.9973E-05 0.0325894 9.9973E-05 0.0699859 0.0330352 0.214979
9.99278E-05 0.0950304 0.276096 0.610469 9.99278E-05 9.99278E-05 9.99278E-05 9.99278E-05 9.99278E-05 0.017605 9.99278E-05 9.99278E-05
9.99549E-05 0.0438933 0.333093 0.0709292 9.99549E-05 9.99549E-05 0.293634 0.0530067 0.186654 9.99549E-05 0.018289 9.99549E-05
0.196413 0.0380992 0.0939574 0.209834 0.147583 9.9982E-05 9.9982E-05 0.00191796 0.0989358 0.124015 0.0279851 0.0610592
9.9964E-05 9.9964E-05 0.0433749 0.299238 0.0919142 9.9964E-05 0.0230154 0.0103764 0.387867 0.0272899 0.116524 9.9964E-05
9.9937E-05 0.0147999 9.9937E-05 9.9937E-05 9.9937E-05 0.0463932 0.797924 0.0358422 9.9937E-05 9.9937E-05 9.9937E-05 0.104341
9.99639E-05 0.0659676 0.302404 0.248531 9.99639E-05 0.134931 0.0599465 0.0135666 0.149316 9.99639E-05 9.99639E-05 0.0249379
9.997E-05 9.997E-05 0.317499 0.0735052 0.0473782 0.221016 0.213629 0.0299305 0.0737504 0.00387844 0.0191132 9.997E-05
0.0180104 9.99459E-05 0.0969322 0.161513 0.554639 9.99459E-05 0.12367 0.0446364 9.99459E-05 9.99459E-05 9.99459E-05 9.99459E-05
9.99188E-05 9.99188E-05 0.349083 9.99188E-05 9.99188E-05 0.136673 0.513345 9.99188E-05 9.99188E-05 9.99188E-05 9.99188E-05 9.99188E-05
0.313648 9.99278E-05 0.251061 9.99278E-05 0.160799 9.99278E-05 9.99278E-05 9.99278E-05 9.99278E-05 9.99278E-05 9.99278E-05 0.273693
9.99278E-05 9.99278E-05 0.467698 0.0522494 9.99278E-05 9.99278E-05 0.477429 0.00182412 9.99278E-05 9.99278E-05 9.99278E-05 9.99278E-05
0.412654 9.9955E-05 0.0225049 0.35876 9.9955E-05 9.9955E-05 0.156183 0.00195757 0.0239197 0.0235204 9.9955E-05 9.9955E-05
0.423696 9.99549E-05 0.0192235 0.167667 0.0507472 9.99549E-05 0.0057118 9.99549E-05 0.144646 9.99549E-05 9.99549E-05 0.187809
9.9955E-05 9.9955E-05 0.370871 0.196521 0.0350351 9.9955E-05 9.9955E-05 0.044428 0.210107 9.9955E-05 0.137446 0.00509078
9.99549E-05 9.99549E-05 0.55346 0.0238039 9.99549E-05 0.0411494 9.99549E-05 9.99549E-05 0.187143 0.0237558 0.0734606 0.0967282
9.99549E-05 9.99549E-05 0.360536 0.162892 9.99549E-05 9.99549E-05 0.0546466 0.070164 0.225704 9.99549E-05 0.0484606 0.0770965
0.427177 9.99369E-05 0.299709 9.99369E-05 0.0603511 9.99369E-05 0.0674429 9.99369E-05 0.144621 9.99369E-05 9.99369E-05 9.99369E-05
9.99369E-05 9.99369E-05 0.108867 9.99369E-05 9.99369E-05 0.0488718 0.721292 9.99369E-05 0.0510987 9.99369E-05 9.99369E-05 0.069171
9.99279E-05 9.99279E-05 9.99279E-05 0.279066 9.99279E-05 0.0186881 0.699305 9.99279E-05 0.00214139 9.99279E-05 9.99279E-05 9.99279E-05
9.99279E-05 9.99279E-05 0.223013 0.245034 9.99279E-05 0.508458 9.99279E-05 9.99279E-05 9.99279E-05 9.99279E-05 0.0226952 9.99279E-05
9.99459E-05 9.99459E-05 0.11875 0.192719 9.99459E-05 0.00879819 0.61146 0.0170739 9.99459E-05 9.99459E-05 0.0505994 9.99459E-05
9.9928E-05 9.9928E-05 9.9928E-05 9.9928E-05 0.0461395 9.9928E-05 0.828547 9.9928E-05 0.00231751 9.9928E-05 9.9928E-05 0.122197
9.99369E-05 9.99369E-05 9.99369E-05 0.355506 9.99369E-05 0.539114 9.99369E-05 9.99369E-05 0.030147 0.00537946 0.0691544 9.99369E-05
9.99459E-05 0.00951973 0.536669 0.0637209 0.0448509 0.218433 0.126206 9.99459E-05 9.99459E-05 9.99459E-05 9.99459E-05 9.99459E-05
9.9946E-05 0.0341287 9.9946E-05 0.000668053 9.9946E-05 9.9946E-05 0.0414207 0.0295719 9.9946E-05 0.554809 9.9946E-05 0.338802
9.99459E-05 0.00131019 0.0330975 9.99459E-05 9.99459E-05 0.0535019 9.99459E-05 0.0272635 0.000359446 9.99459E-05 9.99459E-05 0.883868
9.99369E-05 0.087095 0.331381 9.99369E-05 9.99369E-05 0.382376 9.99369E-05 9.99369E-05 9.99369E-05 0.103783 9.99369E-05 0.0946657
9.99278E-05 9.99278E-05 0.040772 9.99278E-05 0.144912 0.0640236 9.99278E-05 9.99278E-05 9.99278E-05 9.99278E-05 9.99278E-05 0.749493
9.99279E-05 9.99279E-05 9.99279E-05 9.99279E-05 9.99279E-05 9.99279E-05 0.00107262 9.99279E-05 0.0492479 0.0975939 9.99279E-05 0.851286
0.382986 9.99459E-05 0.0141269 9.99459E-05 9.99459E-05 0.0743898 9.99459E-05 0.0543418 0.0295446 9.99459E-05 9.99459E-05 0.444011
0.126882 0.0138816 0.00777241 9.9955E-05 9.9955E-05 0.0597862 9.9955E-05 9.9955E-05 0.0237511 0.00488034 9.9955E-05 0.762547
9.9937E-05 0.0154112 0.11508 9.9937E-05 9.9937E-05 0.653479 9.9937E-05 0.00155106 9.9937E-05 9.9937E-05 9.9937E-05 0.213779
9.9919E-05 9.9919E-05 9.9919E-05 0.164134 9.9919E-05 0.446982 0.387985 9.9919E-05 9.9919E-05 9.9919E-05 9.9919E-05 9.9919E-05
9.99368E-05 0.112991 0.256573 9.99368E-05 9.99368E-05 0.0300963 9.99368E-05 9.99368E-05 0.0512342 0.548405 9.99368E-05 9.99368E-05
9.9919E-05 9.9919E-05 9.9919E-05 9.9919E-05 9.9919E-05 0.829829 9.9919E-05 9.9919E-05 0.0445772 9.9919E-05 9.9919E-05 0.124695
9.9928E-05 0.2411 0.217858 9.9928E-05 9.9928E-05 0.449786 9.9928E-05 9.9928E-05 9.9928E-05 9.9928E-05 9.9928E-05 0.0904563
9.99459E-05 0.0643179 0.345403 9.99459E-05 9.99459E-05 0.204697 9.99459E-05 9.99459E-05 0.00697337 0.182117 9.99459E-05 0.195892
9.99279E-05 9.99279E-05 0.206612 0.110451 9.99279E-05 0.651389 0.0307487 9.99279E-05 9.99279E-05 9.99279E-05 9.99279E-05 9.99279E-05
9.99369E-05 9.99369E-05 0.143591 9.99369E-05 9.99369E-05 0.463161 0.052667 9.99369E-05 0.026585 0.313296 9.99369E-05 9.99369E-05
9.9955E-05 9.9955E-05 0.153217 0.268037 9.9955E-05 0.00276098 9.9955E-05 0.0988881 9.9955E-05 0.167556 0.0532216 0.255819
9.99549E-05 0.0366283 0.235372 9.99549E-05 0.114238 0.444113 9.99549E-05 0.00292396 9.99549E-05 0.145912 0.020314 9.99549E-05
9.99369E-05 0.00109457 0.117847 9.99369E-05 9.99369E-05 0.383343 9.99369E-05 9.99369E-05 0.13673 0.360286 9.99369E-05 9.99369E-05
9.99279E-05 9.99279E-05 0.068741 9.99279E-05 0.426802 9.99279E-05 9.99279E-05 9.99279E-05 9.99279E-05 0.324391 9.99279E-05 0.179267
9.9946E-05 0.0456171 0.370401 9.9946E-05 0.0258522 0.0162959 9.9946E-05 9.9946E-05 9.9946E-05 0.460513 9.9946E-05 0.0807214
0.0166088 9.9955E-05 0.023214 9.9955E-05 0.0618178 0.738049 0.0992715 9.9955E-05 9.9955E-05 0.0500556 0.0104838 9.9955E-05
0.00600753 9.99279E-05 0.400407 9.99279E-05 9.99279E-05 0.468029 9.99279E-05 9.99279E-05 9.99279E-05 0.124758 9.99279E-05 9.99279E-05
9.99279E-05 9.99279E-05 0.0215119 0.132397 9.99279E-05 0.595802 0.24949 9.99279E-05 9.99279E-05 9.99279E-05 9.99279E-05 9.99279E-05
9.99279E-05 9.99279E-05 0.263011 9.99279E-05 0.00100353 9.99279E-05 9.99279E-05 9.99279E-05 9.99279E-05 0.324984 9.99279E-05 0.410202
9.9946E-05 0.104768 0.549446 0.0140476 0.00140116 9.9946E-05 9.9946E-05 0.0027552 9.9946E-05 0.326982 9.9946E-05 9.9946E-05
9.99459E-05 9.99459E-05 0.0488203 0.115862 9.99459E-05 0.710903 0.112066 9.99459E-05 0.00168869 0.0100602 9.99459E-05 9.99459E-05
0.0154638 9.9955E-05 9.9955E-05 0.281912 0.026656 9.9955E-05 9.9955E-05 9.9955E-05 0.0383809 0.224231 0.0317623 0.381094
9.99279E-05 9.99279E-05 9.99279E-05 0.429303 0.441764 9.99279E-05 9.99279E-05 9.99279E-05 9.99279E-05 0.0341988 9.99279E-05 0.0939352
9.99549E-05 0.106602 0.300845 0.0120301 9.99549E-05 0.196018 0.32863 0.0534208 9.99549E-05 9.99549E-05 0.00195529 9.99549E-05
9.99459E-05 9.99459E-05 0.0580592 0.606467 9.99459E-05 0.0116191 0.165703 0.0431853 0.114366 9.99459E-05 9.99459E-05 9.99459E-05
9.9946E-05 0.0594252 9.9946E-05 0.1834 0.304296 0.0417589 9.9946E-05 0.0422439 9.9946E-05 9.9946E-05 9.9946E-05 0.368276
0.0486808 0.0310981 9.99279E-05 0.366568 9.99279E-05 9.99279E-05 9.99279E-05 9.99279E-05 9.99279E-05 9.99279E-05 9.99279E-05 0.552854
0.0547589 0.116715 9.9946E-05 0.276987 0.0448048 9.9946E-05 9.9946E-05 9.9946E-05 9.9946E-05 0.0724636 9.9946E-05 0.433671
9.9919E-05 9.9919E-05 9.9919E-05 0.263364 9.9919E-05 9.9919E-05 0.729409 0.00632705 9.9919E-05 9.9919E-05 9.9919E-05 9.9919E-05
9.99279E-05 0.05318 0.246644 0.360214 9.99279E-05 0.339163 9.99279E-05 9.99279E-05 9.99279E-05 9.99279E-05 9.99279E-05 9.99279E-05
9.99639E-05 0.0581119 0.168528 0.179469 0.144225 9.99639E-05 9.99639E-05 9.99639E-05 0.355403 0.021975 0.0114424 0.0604456
9.99279E-05 9.99279E-05 9.99279E-05 0.319402 0.111877 9.99279E-05 9.99279E-05 9.99279E-05 0.0394867 9.99279E-05 9.99279E-05 0.528434
9.99639E-05 9.99639E-05 0.112577 0.210701 9.99639E-05 0.0417309 0.544567 0.0116817 0.0643098 0.000377401 0.0136551 9.99639E-05
9.9955E-05 0.0187986 0.523239 0.170296 9.9955E-05 0.156678 9.9955E-05 0.0448715 9.9955E-05 0.0137404 9.9955E-05 0.0718763
9.99369E-05 0.051063 0.224954 0.247049 9.99369E-05 0.333984 9.99369E-05 9.99369E-05 9.99369E-05 9.99369E-05 9.99369E-05 0.142251
9.99459E-05 9.99459E-05 0.200376 0.369225 0.0768612 9.99459E-05 9.99459E-05 0.0232188 0.326218 9.99459E-05 0.00350164 9.99459E-05
9.99279E-05 9.99279E-05 0.4293 9.99279E-05 9.99279E-05 0.37238 9.99279E-05 9.99279E-05 0.19532 9.99279E-05 0.00219984 9.99279E-05
9.99549E-05 9.99549E-05 0.256993 9.99549E-05 0.16361 0.0724697 9.99549E-05 9.99549E-05 0.0427038 0.30982 0.0289385 0.124965
9.99549E-05 0.0616027 0.550703 0.179088 0.0874574 9.99549E-05 9.99549E-05 9.99549E-05 0.00301782 0.0308995 9.99549E-05 0.0867316
0.0875223 9.9937E-05 9.9937E-05 0.266708 0.117039 9.9937E-05 9.9937E-05 0.0372013 9.9937E-05 9.9937E-05 9.9937E-05 0.49083
9.99368E-05 9.99368E-05 9.99368E-05 0.412425 9.99368E-05 0.445665 9.99368E-05 0.016136 9.99368E-05 0.00197315 0.123102 9.99368E-05
9.99369E-05 9.99369E-05 9.99369E-05 0.283606 0.0683417 9.99369E-05 9.99369E-05 9.99369E-05 9.99369E-05 0.277316 0.0280663 0.341971
0.34897 9.99459E-05 0.0480313 0.193778 9.99459E-05 0.0132171 9.99459E-05 9.99459E-05 9.99459E-05 0.231726 9.99459E-05 0.163679
9.99369E-05 9.99369E-05 0.0102541 0.214301 9.99369E-05 0.655258 0.111854 9.99369E-05 9.99369E-05 9.99369E-05 9.99369E-05 0.00763322
9.99459E-05 0.0345404 0.371631 9.99459E-05 0.153581 0.297101 9.99459E-05 9.99459E-05 9.99459E-05 0.125223 9.99459E-05 0.0173239
9.99459E-05 0.0169259 0.208897 0.161888 9.99459E-05 0.52652 9.99459E-05 9.99459E-05 9.99459E-05 0.0553419 0.0298283 9.99459E-05
9.9946E-05 0.0278581 9.9946E-05 0.0370203 0.0301507 9.9946E-05 9.9946E-05 0.034149 9.9946E-05 0.520446 9.9946E-05 0.349776
0.307642 0.0877295 9.9964E-05 0.0160923 9.9964E-05 0.0516563 0.061934 0.0581629 9.9964E-05 0.307454 0.10893 9.9964E-05
9.99369E-05 9.99369E-05 0.115112 0.048131 9.99369E-05 9.99369E-05 9.99369E-05 9.99369E-05 9.99369E-05 0.549751 0.0793122 0.206995
9.99279E-05 9.99279E-05 9.99279E-05 0.211609 9.99279E-05 0.72293 0.0507421 9.99279E-05 9.99279E-05 9.99279E-05 9.99279E-05 0.0139197
0.0107602 0.00468736 0.200799 0.00830042 9.99639E-05 0.0201016 9.99639E-05 9.99639E-05 9.99639E-05 0.674178 0.0163186 0.064455
9.99459E-05 9.99459E-05 9.99459E-05 0.0752367 0.0119579 0.022364 9.99459E-05 0.0435119 0.0311853 0.815144 9.99459E-05 9.99459E-05
9.9946E-05 9.9946E-05 9.9946E-05 0.0160843 0.201513 9.9946E-05 0.0222718 9.9946E-05 0.0112297 0.630506 9.9946E-05 0.117795
9.99369E-05 9.99369E-05 9.99369E-05 9.99369E-05 0.018527 0.802791 0.0286927 9.99369E-05 0.0783628 0.070927 9.99369E-05 9.99369E-05
9.99549E-05 0.0193213 0.295993 0.089766 9.99549E-05 0.284402 9.99549E-05 9.99549E-05 0.0125031 0.204682 9.99549E-05 0.0928335
0.0439268 9.9964E-05 9.9964E-05 0.00317868 0.297596 0.105316 0.00649163 0.0369921 9.9964E-05 0.175029 9.9964E-05 0.33107
9.9937E-05 9.9937E-05 9.9937E-05 0.192859 9.9937E-05 0.381582 0.106634 9.9937E-05 9.9937E-05 0.29464 0.0235853 9.9937E-05
0.00918975 9.9946E-05 9.9946E-05 9.9946E-05 0.0328831 9.9946E-05 0.0213867 0.0361532 9.9946E-05 0.843665 9.9946E-05 0.0561227
0.420915 9.9937E-05 0.290901 9.9937E-05 9.9937E-05 0.0840211 0.139809 9.9937E-05 9.9937E-05 0.0636544 9.9937E-05 9.9937E-05
9.99369E-05 0.0324731 9.99369E-05 0.127465 9.99369E-05 0.261835 9.99369E-05 9.99369E-05 0.0329765 0.54455 9.99369E-05 9.99369E-05
9.9928E-05 9.9928E-05 9.9928E-05 0.0796795 9.9928E-05 0.766572 0.136045 9.9928E-05 9.9928E-05 9.9928E-05 9.9928E-05 0.0169046
9.99459E-05 0.13968 0.448922 0.0871005 9.99459E-05 0.0788585 9.99459E-05 9.99459E-05 9.99459E-05 0.158518 9.99459E-05 0.0863207
9.99639E-05 9.99639E-05 0.383477 0.124015 0.0592467 0.0418849 0.153354 0.0413064 0.168033 9.99639E-05 0.0282825 9.99639E-05
9.9946E-05 9.9946E-05 0.214016 0.0148129 9.9946E-05 9.9946E-05 0.652677 0.0102675 0.0779443 9.9946E-05 9.9946E-05 0.0296832
9.99459E-05 9.99459E-05 0.66562 0.0473304 9.99459E-05 0.126085 9.99459E-05 9.99459E-05 0.0192354 0.0694319 0.0716976 9.99459E-05
9.99368E-05 0.0312081 0.00960674 0.0669976 9.99368E-05 0.400836 9.99368E-05 9.99368E-05 0.490652 9.99368E-05 9.99368E-05 9.99368E-05
9.99549E-05 0.0288723 0.440063 0.143748 0.045661 0.198386 0.0249942 9.99549E-05 9.99549E-05 9.99549E-05 9.99549E-05 0.117776
0.157446 9.99369E-05 0.293884 0.0576794 0.0174285 9.99369E-05 9.99369E-05 9.99369E-05 9.99369E-05 9.99369E-05 9.99369E-05 0.472862
9.99279E-05 9.99279E-05 0.0868932 0.285725 9.99279E-05 9.99279E-05 0.603002 0.0235804 9.99279E-05 9.99279E-05 9.99279E-05 9.99279E-05
0.526724 9.99459E-05 9.99459E-05 0.344172 9.99459E-05 9.99459E-05 9.99459E-05 0.0351428 9.99459E-05 0.0561506 0.0171487 0.0200625
0.0120555 0.102315 0.0888277 9.99459E-05 9.99459E-05 9.99459E-05 9.99459E-05 9.99459E-05 0.358599 0.218237 9.99459E-05 0.219366
0.0568887 9.99369E-05 0.125518 9.99369E-05 0.694451 9.99369E-05 0.0509527 9.99369E-05 0.0714898 9.99369E-05 9.99369E-05 9.99369E-05
9.99279E-05 9.99279E-05 0.151643 9.99279E-05 9.99279E-05 9.99279E-05 0.619737 9.99279E-05 0.159783 0.0680382 9.99279E-05 9.99279E-05
9.99369E-05 9.99369E-05 0.0990314 0.0229261 9.99369E-05 0.261764 0.542947 9.99369E-05 0.0726324 9.99369E-05 9.99369E-05 9.99369E-05
0.280658 9.99459E-05 9.99459E-05 0.208222 0.14974 0.0844407 9.99459E-05 9.99459E-05 9.99459E-05 0.0735816 9.99459E-05 0.202758
9.9946E-05 0.0236973 0.61973 9.9946E-05 0.0526905 0.209278 9.9946E-05 9.9946E-05 9.9946E-05 0.0330438 0.0609608 9.9946E-05
9.99549E-05 9.99549E-05 0.561273 0.0405952 9.99549E-05 9.99549E-05 0.0368318 0.0317904 0.23878 9.99549E-05 0.0543973 0.0358324
9.99279E-05 9.99279E-05 9.99279E-05 9.99279E-05 9.99279E-05 0.269476 0.583068 9.99279E-05 0.115189 9.99279E-05 9.99279E-05 0.0314677
9.9946E-05 9.9946E-05 0.323879 0.0905143 0.16265 9.9946E-05 0.131963 0.0246623 0.265731 9.9946E-05 9.9946E-05 9.9946E-05
0.25188 9.996E-05 0.234334 0.176953 0.0466361 9.996E-05 0.0435966 0.067325 0.0548143 9.996E-05 9.996E-05 0.124061
9.99459E-05 0.0120913 0.104898 0.00748768 0.272617 0.00217808 9.99459E-05 9.99459E-05 9.99459E-05 9.99459E-05 9.99459E-05 0.600129
9.99279E-05 9.99279E-05 0.269035 9.99279E-05 0.503443 9.99279E-05 9.99279E-05 9.99279E-05 0.0174801 0.209243 9.99279E-05 9.99279E-05
0.359166 9.99459E-05 0.247559 9.99459E-05 0.0526783 9.99459E-05 0.0636975 9.99459E-05 0.265104 9.99459E-05 9.99459E-05 0.0111961
9.99369E-05 0.018438 9.99369E-05 9.99369E-05 9.99369E-05 0.790584 9.99369E-05 0.0108395 0.057122 0.122317 9.99369E-05 9.99369E-05
9.99279E-05 9.99279E-05 9.99279E-05 9.99279E-05 9.99279E-05 0.0543043 9.99279E-05 9.99279E-05 0.0668386 0.550541 9.99279E-05 0.327517
9.9937E-05 9.9937E-05 0.0485507 0.00175769 9.9937E-05 0.681176 9.9937E-05 9.9937E-05 0.0730382 0.194778 9.9937E-05 9.9937E-05
9.99458E-05 0.0503591 0.233515 0.0179625 9.99458E-05 0.311271 9.99458E-05 9.99458E-05 0.168679 0.217614 9.99458E-05 9.99458E-05
9.99459E-05 0.0774533 0.13337 0.0161894 9.99459E-05 9.99459E-05 9.99459E-05 0.00286847 9.99459E-05 0.634185 9.99459E-05 0.135334
9.9937E-05 9.9937E-05 9.9937E-05 0.00771837 9.9937E-05 0.820302 0.11519 0.0144051 9.9937E-05 0.0416848 9.9937E-05 9.9937E-05
9.99369E-05 9.99369E-05 0.241483 9.99369E-05 0.0929437 9.99369E-05 0.408376 9.99369E-05 0.245897 9.99369E-05 0.0106008 9.99369E-05
9.99369E-05 9.99369E-05 0.442523 0.0754252 9.99369E-05 0.430762 0.03329 9.99369E-05 0.0173 9.99369E-05 9.99369E-05 9.99369E-05
9.99459E-05 9.99459E-05 0.0638733 0.0841542 0.670698 9.99459E-05 0.0557547 0.0406232 0.084297 9.99459E-05 9.99459E-05 9.99459E-05
9.99549E-05 0.0243449 0.315654 0.196299 0.279629 9.99549E-05 0.0776134 0.0377179 0.0682414 9.99549E-05 9.99549E-05 9.99549E-05
9.99549E-05 0.12845 0.144391 0.12747 0.420686 0.120233 9.99549E-05 9.99549E-05 9.99549E-05 0.0261652 9.99549E-05 0.0321032
9.99188E-05 9.99188E-05 9.99188E-05 9.99188E-05 0.262123 0.263421 0.473557 9.99188E-05 9.99188E-05 9.99188E-05 9.99188E-05 9.99188E-05
0.551567 0.057808 0.0907164 9.99459E-05 0.192391 0.0377959 9.99459E-05 9.99459E-05 9.99459E-05 9.99459E-05 9.99459E-05 0.0691214
9.99639E-05 0.160866 0.363764 9.99639E-05 0.0427539 0.117565 0.122206 0.00442498 0.105363 9.99639E-05 0.082656 9.99639E-05
0.0433606 9.99639E-05 0.0235302 0.0355596 0.460422 0.0693527 9.99639E-05 9.99639E-05 0.0952737 9.99639E-05 0.0333219 0.23878
0.417571 0.10299 0.0379452 9.99369E-05 0.347494 9.99369E-05 9.99369E-05 9.99369E-05 9.99369E-05 0.0933004 9.99369E-05 9.99369E-05
9.99369E-05 0.00239067 0.0957846 9.99369E-05 0.82241 0.00312751 9.99369E-05 9.99369E-05 9.99369E-05 9.99369E-05 9.99369E-05 0.0755873
9.99369E-05 0.0772374 0.0753296 0.0236841 0.548002 9.99369E-05 9.99369E-05 9.99369E-05 9.99369E-05 9.99369E-05 9.99369E-05 0.275048
9.99369E-05 0.0118824 9.99369E-05 9.99369E-05 0.798093 0.116759 9.99369E-05 9.99369E-05 9.99369E-05 9.99369E-05 0.0373867 0.0351797
9.99459E-05 0.138261 0.472135 9.99459E-05 0.147861 0.173477 9.99459E-05 0.010233 0.0574341 9.99459E-05 9.99459E-05 9.99459E-05
9.99459E-05 9.99459E-05 0.230279 0.108751 9.99459E-05 0.522217 9.99459E-05 0.0119265 0.0610765 9.99459E-05 0.0651504 9.99459E-05
0.53497 9.99639E-05 9.99639E-05 0.183253 0.0772527 0.074059 9.99639E-05 0.0105531 9.99639E-05 0.0846335 0.0188875 0.0159908
0.012371 9.9937E-05 9.9937E-05 0.0229259 0.656133 9.9937E-05 0.146367 9.9937E-05 0.161504 9.9937E-05 9.9937E-05 9.9937E-05
0.0599842 9.99729E-05 0.341257 0.0926537 0.0106181 0.0224654 0.222918 0.0600013 0.109877 9.99729E-05 0.0799257 9.99729E-05
9.99279E-05 0.0520807 9.99279E-05 0.0540185 0.0376693 9.99279E-05 0.855432 9.99279E-05 9.99279E-05 9.99279E-05 9.99279E-05 9.99279E-05
9.9928E-05 9.9928E-05 0.0608637 9.9928E-05 0.0357839 0.767395 0.135158 9.9928E-05 9.9928E-05 9.9928E-05 9.9928E-05 9.9928E-05
9.99459E-05 9.99459E-05 0.0509577 9.99459E-05 0.0429269 0.0827494 0.774155 9.99459E-05 9.99459E-05 0.0466127 0.00199831 9.99459E-05
