0.00657277 0.773416 9.991E-05 0.0297252 9.991E-05 9.991E-05 0.0638099 9.991E-05 9.991E-05 9.991E-05 0.0212871 9.991E-05 9.991E-05 0.070256 9.991E-05 9.991E-05 0.0339345
9.98919E-05 0.582382 9.98919E-05 0.000918332 9.98919E-05 9.98919E-05 0.281729 9.98919E-05 0.075751 9.98919E-05 9.98919E-05 9.98919E-05 9.98919E-05 9.98919E-05 9.98919E-05 9.98919E-05 0.0580209
9.99098E-05 9.99098E-05 0.469613 9.99098E-05 9.99098E-05 9.99098E-05 0.330816 0.0778165 9.99098E-05 9.99098E-05 9.99098E-05 9.99098E-05 0.00356183 0.00777535 9.99098E-05 0.0567131 0.052705
0.0466245 0.733917 9.99189E-05 9.99189E-05 9.99189E-05 9.99189E-05 9.99189E-05 9.99189E-05 0.0103038 0.00733235 9.99189E-05 0.0546893 9.99189E-05 0.0408612 0.0265629 0.0788101 9.99189E-05
9.99189E-05 0.256941 9.99189E-05 0.159987 0.0523622 0.291553 9.99189E-05 9.99189E-05 0.0525477 9.99189E-05 9.99189E-05 0.0120984 0.0513134 9.99189E-05 9.99189E-05 0.122297 9.99189E-05
0.284906 9.99098E-05 0.13258 9.99098E-05 0.0198773 9.99098E-05 0.335025 9.99098E-05 9.99098E-05 0.181259 0.0377771 9.99098E-05 9.99098E-05 9.99098E-05 9.99098E-05 9.99098E-05 0.00757615
9.98827E-05 0.14534 0.393753 9.98827E-05 9.98827E-05 9.98827E-05 0.30032 0.159288 9.98827E-05 9.98827E-05 9.98827E-05 9.98827E-05 9.98827E-05 9.98827E-05 9.98827E-05 9.98827E-05 9.98827E-05
0.140422 9.9901E-05 0.172077 9.9901E-05 9.9901E-05 0.0219858 0.340597 9.9901E-05 9.9901E-05 0.148788 9.9901E-05 9.9901E-05 9.9901E-05 9.9901E-05 9.9901E-05 9.9901E-05 0.175031
9.99189E-05 0.373233 9.99189E-05 9.99189E-05 0.002789 9.99189E-05 0.170382 0.025363 9.99189E-05 0.134868 0.0289797 9.99189E-05 9.99189E-05 9.99189E-05 9.99189E-05 0.23737 0.0261159
0.332589 9.98918E-05 0.21421 9.98918E-05 9.98918E-05 9.98918E-05 9.98918E-05 0.44688 9.98918E-05 0.00416046 9.98918E-05 9.98918E-05 9.98918E-05 0.000962044 9.98918E-05 9.98918E-05 9.98918E-05
0.0398997 0.0714518 9.99098E-05 0.0471451 9.99098E-05 0.0525875 0.159875 9.99098E-05 0.304488 9.99098E-05 9.99098E-05 9.99098E-05 9.99098E-05 9.99098E-05 9.99098E-05 0.323553 9.99098E-05
0.175557 0.287129 9.99099E-05 9.99099E-05 9.99099E-05 0.173963 9.99099E-05 9.99099E-05 0.0275387 0.0975543 9.99099E-05 0.0102433 9.99099E-05 9.99099E-05 9.99099E-05 0.227016 9.99099E-05
9.99009E-05 9.99009E-05 0.0451407 0.18115 0.0126029 9.99009E-05 0.258521 9.99009E-05 9.99009E-05 9.99009E-05 9.99009E-05 9.99009E-05 9.99009E-05 9.99009E-05 0.135344 0.366143 9.99009E-05
0.195974 0.0597853 0.316651 9.99099E-05 9.99099E-05 9.99099E-05 0.305061 0.0389153 9.99099E-05 9.99099E-05 9.99099E-05 9.99099E-05 0.0232074 9.99099E-05 9.99099E-05 9.99099E-05 0.0594067
9.98828E-05 0.279333 9.98828E-05 9.98828E-05 9.98828E-05 0.168833 9.98828E-05 9.98828E-05 0.374832 0.175703 9.98828E-05 9.98828E-05 9.98828E-05 9.98828E-05 9.98828E-05 9.98828E-05 9.98828E-05
9.99098E-05 9.99098E-05 0.25646 9.99098E-05 0.023146 9.99098E-05 0.231903 0.342515 9.99098E-05 0.032603 9.99098E-05 9.99098E-05 9.99098E-05 0.0211209 0.0912533 9.99098E-05 9.99098E-05
0.00251575 0.18588 0.319207 9.98918E-05 9.98918E-05 9.98918E-05 0.366818 0.124381 9.98918E-05 9.98918E-05 9.98918E-05 9.98918E-05 9.98918E-05 9.98918E-05 9.98918E-05 9.98918E-05 9.98918E-05
9.98828E-05 0.0667667 0.449534 9.98828E-05 9.98828E-05 9.98828E-05 0.441895 9.98828E-05 0.0405062 9.98828E-05 9.98828E-05 9.98828E-05 9.98828E-05 9.98828E-05 9.98828E-05 9.98828E-05 9.98828E-05
9.99189E-05 0.49278 0.0931016 0.0601219 9.99189E-05 9.99189E-05 0.0129382 9.99189E-05 9.99189E-05 0.0890263 0.00765565 0.126211 9.99189E-05 9.99189E-05 9.99189E-05 0.117266 9.99189E-05
0.0234566 9.98829E-05 9.98829E-05 9.98829E-05 9.98829E-05 0.023534 9.98829E-05 9.98829E-05 0.194308 9.98829E-05 9.98829E-05 9.98829E-05 9.98829E-05 0.757403 9.98829E-05 9.98829E-05 9.98829E-05
9.98829E-05 9.98829E-05 9.98829E-05 9.98829E-05 9.98829E-05 9.98829E-05 9.98829E-05 9.98829E-05 9.98829E-05 9.98829E-05 9.98829E-05 0.0444132 9.98829E-05 0.802088 0.0465661 0.105635 9.98829E-05
0.141434 9.98827E-05 9.98827E-05 0.00208685 9.98827E-05 9.98827E-05 0.00168509 9.98827E-05 9.98827E-05 9.98827E-05 9.98827E-05 9.98827E-05 9.98827E-05 0.853496 9.98827E-05 9.98827E-05 9.98827E-05
9.98738E-05 9.98738E-05 9.98738E-05 9.98738E-05 9.98738E-05 9.98738E-05 9.98738E-05 9.98738E-05 9.98738E-05 9.98738E-05 9.98738E-05 0.265024 9.98738E-05 0.598339 9.98738E-05 0.135239 9.98738E-05
9.98828E-05 9.98828E-05 9.98828E-05 9.98828E-05 9.98828E-05 0.00618162 9.98828E-05 9.98828E-05 0.0236431 9.98828E-05 9.98828E-05 9.98828E-05 9.98828E-05 0.660016 9.98828E-05 0.308861 9.98828E-05
9.99098E-05 9.99098E-05 0.138974 9.99098E-05 0.142873 9.99098E-05 0.0787526 0.094939 9.99098E-05 9.99098E-05 0.0624041 9.99098E-05 9.99098E-05 0.436468 9.99098E-05 9.99098E-05 0.04459
9.99098E-05 9.99098E-05 9.99098E-05 9.99098E-05 9.99098E-05 0.138228 9.99098E-05 9.99098E-05 0.0693449 0.0724869 0.289579 9.99098E-05 9.99098E-05 0.271061 9.99098E-05 0.116765 0.0415357
9.99009E-05 9.99009E-05 0.0615167 9.99009E-05 0.186319 9.99009E-05 9.99009E-05 0.245643 9.99009E-05 9.99009E-05 9.99009E-05 9.99009E-05 0.0354224 0.232708 0.237291 9.99009E-05 9.99009E-05
0.0294728 9.9919E-05 9.9919E-05 9.9919E-05 9.9919E-05 0.237064 9.9919E-05 9.9919E-05 0.130752 9.9919E-05 0.153924 0.0783567 9.9919E-05 0.249292 0.0647317 9.9919E-05 0.0555079
0.0806674 9.99008E-05 9.99008E-05 0.0248356 9.99008E-05 9.99008E-05 0.0254065 0.0181913 9.99008E-05 9.99008E-05 0.0256112 9.99008E-05 9.99008E-05 0.824189 9.99008E-05 9.99008E-05 9.99008E-05
9.98739E-05 9.98739E-05 9.98739E-05 9.98739E-05 9.98739E-05 9.98739E-05 9.98739E-05 9.98739E-05 9.98739E-05 9.98739E-05 9.98739E-05 0.0167572 9.98739E-05 0.802941 9.98739E-05 0.178904 9.98739E-05
9.99101E-05 9.99101E-05 0.0269335 9.99101E-05 9.99101E-05 9.99101E-05 9.99101E-05 0.176479 9.99101E-05 0.0705663 9.99101E-05 0.113469 9.99101E-05 0.532482 0.0293444 9.99101E-05 0.0497261
9.99008E-05 9.99008E-05 9.99008E-05 0.0671423 0.10042 9.99008E-05 9.99008E-05 0.0975824 9.99008E-05 9.99008E-05 0.672454 9.99008E-05 9.99008E-05 0.0560744 0.00522849 9.99008E-05 9.99008E-05
9.98828E-05 9.98828E-05 0.0986613 9.98828E-05 9.98828E-05 9.98828E-05 9.98828E-05 0.291657 9.98828E-05 9.98828E-05 9.98828E-05 9.98828E-05 0.00306113 0.605322 9.98828E-05 9.98828E-05 9.98828E-05
9.98918E-05 9.98918E-05 0.143754 9.98918E-05 9.98918E-05 9.98918E-05 0.114423 9.98918E-05 9.98918E-05 9.98918E-05 0.0674211 9.98918E-05 9.98918E-05 0.645884 9.98918E-05 9.98918E-05 0.0273187
9.98648E-05 9.98648E-05 9.98648E-05 9.98648E-05 9.98648E-05 9.98648E-05 9.98648E-05 9.98648E-05 9.98648E-05 9.98648E-05 9.98648E-05 9.98648E-05 9.98648E-05 0.760968 9.98648E-05 0.237534 9.98648E-05
9.98919E-05 9.98919E-05 9.98919E-05 9.98919E-05 9.98919E-05 0.0225858 9.98919E-05 9.98919E-05 0.180786 0.0183038 9.98919E-05 9.98919E-05 9.98919E-05 0.706859 9.98919E-05 0.0702667 9.98919E-05
9.98649E-05 9.98649E-05 9.98649E-05 9.98649E-05 9.98649E-05 9.98649E-05 9.98649E-05 9.98649E-05 0.348634 9.98649E-05 9.98649E-05 9.98649E-05 9.98649E-05 0.649868 9.98649E-05 9.98649E-05 9.98649E-05
9.98828E-05 9.98828E-05 9.98828E-05 9.98828E-05 9.98828E-05 0.0954985 9.98828E-05 9.98828E-05 9.98828E-05 9.98828E-05 9.98828E-05 0.199083 9.98828E-05 0.648665 9.98828E-05 0.0554558 9.98828E-05
0.0036592 0.0867823 9.98918E-05 9.98918E-05 0.819646 9.98918E-05 0.0697869 9.98918E-05 9.98918E-05 0.018927 9.98918E-05 9.98918E-05 9.98918E-05 9.98918E-05 9.98918E-05 9.98918E-05 9.98918E-05
9.98829E-05 9.98829E-05 9.98829E-05 0.00516748 0.633011 9.98829E-05 9.98829E-05 9.98829E-05 9.98829E-05 9.98829E-05 9.98829E-05 9.98829E-05 9.98829E-05 9.98829E-05 0.32732 9.98829E-05 0.0332025
9.99099E-05 9.99099E-05 0.00933258 9.99099E-05 0.267594 9.99099E-05 9.99099E-05 0.306885 9.99099E-05 9.99099E-05 9.99099E-05 9.99099E-05 0.104389 0.0332705 0.0524552 9.99099E-05 0.225074
9.98919E-05 9.98919E-05 9.98919E-05 9.98919E-05 0.391569 9.98919E-05 9.98919E-05 9.98919E-05 9.98919E-05 9.98919E-05 0.0868558 0.384324 9.98919E-05 9.98919E-05 0.110609 9.98919E-05 0.0254424
0.0328902 9.98828E-05 9.98828E-05 9.98828E-05 0.556591 9.98828E-05 0.118619 9.98828E-05 9.98828E-05 9.98828E-05 9.98828E-05 9.98828E-05 9.98828E-05 0.290601 9.98828E-05 9.98828E-05 9.98828E-05
9.9919E-05 9.9919E-05 0.13662 0.0147248 0.499727 9.9919E-05 9.9919E-05 0.0662301 9.9919E-05 9.9919E-05 0.025553 9.9919E-05 0.091753 0.0915167 9.9919E-05 9.9919E-05 0.0729759
9.98738E-05 9.98738E-05 9.98738E-05 9.98738E-05 9.98738E-05 0.258098 9.98738E-05 9.98738E-05 9.98738E-05 9.98738E-05 0.581767 0.158737 9.98738E-05 9.98738E-05 9.98738E-05 9.98738E-05 9.98738E-05
9.98918E-05 0.00777699 9.98918E-05 9.98918E-05 0.530353 0.302255 9.98918E-05 9.98918E-05 0.00738324 9.98918E-05 9.98918E-05 9.98918E-05 9.98918E-05 9.98918E-05 9.98918E-05 0.151034 9.98918E-05
9.99098E-05 9.99098E-05 0.132648 9.99098E-05 0.3903 9.99098E-05 9.99098E-05 0.195272 9.99098E-05 9.99098E-05 9.99098E-05 9.99098E-05 0.0342772 0.178737 0.0536527 9.99098E-05 0.0141136
0.0834496 0.0330241 9.99098E-05 9.99098E-05 0.756899 9.99098E-05 0.0302297 9.99098E-05 0.0311897 0.00152326 9.99098E-05 9.99098E-05 9.99098E-05 9.99098E-05 9.99098E-05 9.99098E-05 0.0626851
9.98648E-05 9.98648E-05 9.98648E-05 9.98648E-05 0.237117 9.98648E-05 9.98648E-05 9.98648E-05 9.98648E-05 9.98648E-05 9.98648E-05 9.98648E-05 9.98648E-05 9.98648E-05 0.761385 9.98648E-05 9.98648E-05
9.9901E-05 9.9901E-05 9.9901E-05 9.9901E-05 0.613599 0.223016 0.0306195 9.9901E-05 0.043978 9.9901E-05 9.9901E-05 0.0143736 9.9901E-05 9.9901E-05 9.9901E-05 9.9901E-05 0.0733152
9.98649E-05 9.98649E-05 9.98649E-05 9.98649E-05 0.628253 9.98649E-05 9.98649E-05 9.98649E-05 9.98649E-05 9.98649E-05 9.98649E-05 9.98649E-05 9.98649E-05 9.98649E-05 0.370249 9.98649E-05 9.98649E-05
0.0631965 9.99011E-05 9.99011E-05 9.99011E-05 0.493513 9.99011E-05 9.99011E-05 9.99011E-05 9.99011E-05 9.99011E-05 9.99011E-05 0.148773 9.99011E-05 0.0422072 0.0844601 0.166751 9.99011E-05
9.99098E-05 9.99098E-05 9.99098E-05 9.99098E-05 0.233313 9.99098E-05 9.99098E-05 9.99098E-05 0.214907 0.0688283 0.236856 9.99098E-05 9.99098E-05 0.0296381 9.99098E-05 0.213261 0.00219722
9.98829E-05 9.98829E-05 9.98829E-05 9.98829E-05 0.3707 9.98829E-05 9.98829E-05 9.98829E-05 0.151615 0.41163 9.98829E-05 9.98829E-05 9.98829E-05 9.98829E-05 9.98829E-05 9.98829E-05 0.0647565
9.9919E-05 0.00883743 9.9919E-05 9.9919E-05 0.247482 0.140303 9.9919E-05 9.9919E-05 0.0411597 9.9919E-05 0.107332 0.398584 9.9919E-05 0.0159195 9.9919E-05 9.9919E-05 0.039483
9.99009E-05 0.0202044 9.99009E-05 9.99009E-05 9.99009E-05 9.99009E-05 9.99009E-05 9.99009E-05 9.99009E-05 0.0277184 9.99009E-05 0.363546 9.99009E-05 0.30869 9.99009E-05 0.0792533 0.199489
9.99278E-05 9.99278E-05 0.0352123 0.0302764 0.726169 9.99278E-05 0.0420717 0.0416719 9.99278E-05 9.99278E-05 0.056156 9.99278E-05 0.0325333 9.99278E-05 0.0135909 9.99278E-05 0.0215193
9.98829E-05 9.98829E-05 9.98829E-05 9.98829E-05 0.350852 9.98829E-05 9.98829E-05 9.98829E-05 9.98829E-05 9.98829E-05 9.98829E-05 9.98829E-05 9.98829E-05 9.98829E-05 0.183031 0.186156 0.278662
9.98827E-05 9.98827E-05 9.98827E-05 9.98827E-05 0.568304 9.98827E-05 9.98827E-05 0.0861406 9.98827E-05 9.98827E-05 9.98827E-05 9.98827E-05 9.98827E-05 9.98827E-05 0.202237 9.98827E-05 0.142021
9.98828E-05 9.98828E-05 9.98828E-05 9.98828E-05 0.693647 0.206013 9.98828E-05 9.98828E-05 0.0897591 9.98828E-05 9.98828E-05 0.00928254 9.98828E-05 9.98828E-05 9.98828E-05 9.98828E-05 9.98828E-05
9.99188E-05 0.0606342 9.99188E-05 9.99188E-05 0.557411 0.0473957 0.00795478 9.99188E-05 0.0600372 9.99188E-05 0.18084 9.99188E-05 9.99188E-05 0.00407324 9.99188E-05 0.0807548 9.99188E-05
9.99008E-05 0.0577923 9.99008E-05 9.99008E-05 0.581578 0.0558089 9.99008E-05 9.99008E-05 0.0505032 0.195996 9.99008E-05 9.99008E-05 9.99008E-05 9.99008E-05 9.99008E-05 9.99008E-05 0.0572221
9.98829E-05 9.98829E-05 9.98829E-05 0.130016 0.135825 9.98829E-05 9.98829E-05 0.161704 9.98829E-05 9.98829E-05 0.571157 9.98829E-05 9.98829E-05 9.98829E-05 9.98829E-05 9.98829E-05 9.98829E-05
9.98918E-05 9.98918E-05 9.98918E-05 9.98918E-05 0.464947 0.0850719 9.98918E-05 9.98918E-05 9.98918E-05 9.98918E-05 9.98918E-05 0.357282 9.98918E-05 0.00477911 9.98918E-05 0.086722 9.98918E-05
9.99009E-05 9.99009E-05 0.392407 9.99009E-05 0.348187 9.99009E-05 9.99009E-05 0.0835596 9.99009E-05 9.99009E-05 0.0104632 9.99009E-05 0.0280541 9.99009E-05 9.99009E-05 9.99009E-05 0.136229
9.99098E-05 9.99098E-05 9.99098E-05 9.99098E-05 0.114724 9.99098E-05 0.0363283 9.99098E-05 0.137493 9.99098E-05 0.438142 9.99098E-05 9.99098E-05 0.0184887 9.99098E-05 0.241285 0.0125409
9.98829E-05 9.98829E-05 9.98829E-05 9.98829E-05 0.55244 0.409761 9.98829E-05 9.98829E-05 0.00956693 9.98829E-05 9.98829E-05 0.0269341 9.98829E-05 9.98829E-05 9.98829E-05 9.98829E-05 9.98829E-05
9.98829E-05 9.98829E-05 9.98829E-05 9.98829E-05 0.46505 0.260674 9.98829E-05 9.98829E-05 0.250756 9.98829E-05 0.0222224 9.98829E-05 9.98829E-05 9.98829E-05 9.98829E-05 9.98829E-05 9.98829E-05
9.98917E-05 0.0458579 0.0292366 9.98917E-05 9.98917E-05 9.98917E-05 9.98917E-05 9.98917E-05 9.98917E-05 0.0526958 0.830743 9.98917E-05 9.98917E-05 9.98917E-05 9.98917E-05 9.98917E-05 0.0402682
0.105115 9.99009E-05 9.99009E-05 9.99009E-05 0.0149841 9.99009E-05 0.0637071 9.99009E-05 9.99009E-05 9.99009E-05 0.666226 0.00200895 9.99009E-05 0.14686 9.99009E-05 9.99009E-05 9.99009E-05
9.98828E-05 9.98828E-05 9.98828E-05 9.98828E-05 9.98828E-05 9.98828E-05 9.98828E-05 0.112657 9.98828E-05 9.98828E-05 0.612249 9.98828E-05 0.023875 9.98828E-05 0.249921 9.98828E-05 9.98828E-05
9.99009E-05 9.99009E-05 0.365485 9.99009E-05 0.46116 9.99009E-05 9.99009E-05 0.104669 9.99009E-05 9.99009E-05 0.0272181 9.99009E-05 0.0400459 9.99009E-05 9.99009E-05 9.99009E-05 0.000322962
9.98738E-05 9.98738E-05 9.98738E-05 9.98738E-05 9.98738E-05 0.201656 9.98738E-05 9.98738E-05 9.98738E-05 9.98738E-05 9.98738E-05 0.186163 9.98738E-05 0.610782 9.98738E-05 9.98738E-05 9.98738E-05
9.99007E-05 9.99007E-05 0.123228 0.00523564 0.604741 9.99007E-05 9.99007E-05 0.157254 9.99007E-05 9.99007E-05 0.0650564 9.99007E-05 0.0433857 9.99007E-05 9.99007E-05 9.99007E-05 9.99007E-05
9.98918E-05 9.98918E-05 9.98918E-05 9.98918E-05 0.221866 0.141936 9.98918E-05 9.98918E-05 0.0897014 9.98918E-05 0.539623 9.98918E-05 9.98918E-05 9.98918E-05 9.98918E-05 0.00567474 9.98918E-05
9.98828E-05 0.0627923 9.98828E-05 9.98828E-05 9.98828E-05 9.98828E-05 9.98828E-05 9.98828E-05 9.98828E-05 0.131062 0.591841 9.98828E-05 9.98828E-05 9.98828E-05 9.98828E-05 0.213006 9.98828E-05
9.98827E-05 9.98827E-05 0.143813 9.98827E-05 9.98827E-05 9.98827E-05 9.98827E-05 0.125361 9.98827E-05 9.98827E-05 9.98827E-05 9.98827E-05 9.98827E-05 0.723358 9.98827E-05 9.98827E-05 0.00616932
9.99099E-05 9.99099E-05 0.222789 9.99099E-05 0.107334 9.99099E-05 9.99099E-05 0.193426 9.99099E-05 9.99099E-05 0.111627 9.99099E-05 0.061382 0.159353 0.143091 9.99099E-05 9.99099E-05
9.98918E-05 9.98918E-05 0.123023 9.98918E-05 0.0352619 9.98918E-05 0.0305634 0.0914988 9.98918E-05 9.98918E-05 9.98918E-05 9.98918E-05 9.98918E-05 0.718454 9.98918E-05 9.98918E-05 9.98918E-05
0.142403 9.99008E-05 9.99008E-05 9.99008E-05 0.0225609 9.99008E-05 9.99008E-05 9.99008E-05 9.99008E-05 9.99008E-05 0.482444 9.99008E-05 9.99008E-05 0.221206 0.0936757 9.99008E-05 0.0366106
9.98828E-05 9.98828E-05 9.98828E-05 9.98828E-05 0.0708848 9.98828E-05 9.98828E-05 9.98828E-05 9.98828E-05 9.98828E-05 0.175069 9.98828E-05 9.98828E-05 0.104552 0.648196 9.98828E-05 9.98828E-05
9.98919E-05 9.98919E-05 9.98919E-05 9.98919E-05 0.389068 9.98919E-05 9.98919E-05 9.98919E-05 9.98919E-05 9.98919E-05 0.0154321 0.0554945 9.98919E-05 0.145846 9.98919E-05 0.39296 9.98919E-05
9.98829E-05 9.98829E-05 9.98829E-05 9.98829E-05 0.708176 9.98829E-05 9.98829E-05 9.98829E-05 9.98829E-05 9.98829E-05 9.98829E-05 0.0427474 9.98829E-05 9.98829E-05 0.0510213 0.196756 9.98829E-05
9.9901E-05 9.9901E-05 9.9901E-05 9.9901E-05 0.356337 9.9901E-05 9.9901E-05 9.9901E-05 9.9901E-05 9.9901E-05 9.9901E-05 0.021792 9.9901E-05 0.0460889 0.110627 0.355152 0.108904
9.98828E-05 9.98828E-05 0.126219 9.98828E-05 0.630997 9.98828E-05 9.98828E-05 0.157049 9.98828E-05 9.98828E-05 9.98828E-05 9.98828E-05 0.0844363 9.98828E-05 9.98828E-05 9.98828E-05 9.98828E-05
0.0544623 9.99099E-05 9.99099E-05 9.99099E-05 0.574629 0.110157 9.99099E-05 9.99099E-05 0.143873 9.99099E-05 0.0215845 9.99099E-05 9.99099E-05 0.0805008 0.0137944 9.99099E-05 9.99099E-05
9.98828E-05 9.98828E-05 9.98828E-05 9.98828E-05 0.420782 0.226042 9.98828E-05 9.98828E-05 9.98828E-05 9.98828E-05 0.123242 9.98828E-05 9.98828E-05 9.98828E-05 9.98828E-05 0.228636 9.98828E-05
0.0125919 9.99098E-05 0.0140188 0.00549827 9.99098E-05 9.99098E-05 0.0694164 0.057116 9.99098E-05 9.99098E-05 9.99098E-05 9.99098E-05 9.99098E-05 0.19567 9.99098E-05 9.99098E-05 0.64469
9.98918E-05 9.98918E-05 0.188946 9.98918E-05 0.146094 9.98918E-05 9.98918E-05 0.0427236 9.98918E-05 9.98918E-05 9.98918E-05 9.98918E-05 9.98918E-05 9.98918E-05 0.0626375 9.98918E-05 0.5584
9.98828E-05 9.98828E-05 9.98828E-05 9.98828E-05 9.98828E-05 0.208004 9.98828E-05 9.98828E-05 9.98828E-05 9.98828E-05 0.0931818 9.98828E-05 9.98828E-05 0.157782 9.98828E-05 9.98828E-05 0.539734
9.98737E-05 9.98737E-05 0.221025 9.98737E-05 0.226056 9.98737E-05 9.98737E-05 9.98737E-05 9.98737E-05 9.98737E-05 9.98737E-05 9.98737E-05 9.98737E-05 9.98737E-05 9.98737E-05 9.98737E-05 0.551522
9.98738E-05 9.98738E-05 0.135434 9.98738E-05 0.0327823 9.98738E-05 9.98738E-05 9.98738E-05 9.98738E-05 9.98738E-05 9.98738E-05 9.98738E-05 9.98738E-05 9.98738E-05 9.98738E-05 9.98738E-05 0.830385
9.98647E-05 9.98647E-05 9.98647E-05 9.98647E-05 9.98647E-05 0.366967 9.98647E-05 9.98647E-05 9.98647E-05 9.98647E-05 9.98647E-05 9.98647E-05 9.98647E-05 9.98647E-05 9.98647E-05 9.98647E-05 0.631535
9.99009E-05 9.99009E-05 0.00977477 9.99009E-05 0.382866 9.99009E-05 0.19255 9.99009E-05 9.99009E-05 0.0280727 0.0148819 9.99009E-05 9.99009E-05 9.99009E-05 9.99009E-05 9.99009E-05 0.370756
0.0634615 9.98829E-05 9.98829E-05 9.98829E-05 0.0299214 9.98829E-05 0.0345553 9.98829E-05 9.98829E-05 9.98829E-05 9.98829E-05 9.98829E-05 9.98829E-05 9.98829E-05 9.98829E-05 9.98829E-05 0.870763
9.98828E-05 9.98828E-05 9.98828E-05 0.494128 9.98828E-05 9.98828E-05 9.98828E-05 9.98828E-05 9.98828E-05 9.98828E-05 0.00489143 9.98828E-05 0.0899852 9.98828E-05 0.409697 9.98828E-05 9.98828E-05
9.99009E-05 9.99009E-05 9.99009E-05 0.534688 0.0327922 9.99009E-05 0.0191884 9.99009E-05 9.99009E-05 0.0686374 9.99009E-05 9.99009E-05 9.99009E-05 0.0466531 0.296942 9.99009E-05 9.99009E-05
9.98829E-05 9.98829E-05 9.98829E-05 0.734014 0.00699146 9.98829E-05 9.98829E-05 9.98829E-05 9.98829E-05 9.98829E-05 9.98829E-05 0.168423 9.98829E-05 9.98829E-05 0.0892737 9.98829E-05 9.98829E-05
9.98829E-05 9.98829E-05 9.98829E-05 0.561701 9.98829E-05 0.403925 9.98829E-05 9.98829E-05 9.98829E-05 0.0098711 9.98829E-05 9.98829E-05 9.98829E-05 9.98829E-05 9.98829E-05 9.98829E-05 0.0232046
9.98828E-05 9.98828E-05 9.98828E-05 0.606757 9.98828E-05 9.98828E-05 9.98828E-05 0.164446 9.98828E-05 9.98828E-05 9.98828E-05 9.98828E-05 0.115238 9.98828E-05 0.112261 9.98828E-05 9.98828E-05
0.00769851 0.159982 9.99278E-05 0.217425 9.99278E-05 0.0926683 0.423712 9.99278E-05 0.00399181 9.99278E-05 0.0120854 0.0263427 9.99278E-05 9.99278E-05 9.99278E-05 9.99278E-05 0.0552947
9.98648E-05 9.98648E-05 0.534641 0.463861 9.98648E-05 9.98648E-05 9.98648E-05 9.98648E-05 9.98648E-05 9.98648E-05 9.98648E-05 9.98648E-05 9.98648E-05 9.98648E-05 9.98648E-05 9.98648E-05 9.98648E-05
9.98738E-05 9.98738E-05 9.98738E-05 0.639049 9.98738E-05 9.98738E-05 9.98738E-05 9.98738E-05 9.98738E-05 9.98738E-05 0.00666788 9.98738E-05 9.98738E-05 9.98738E-05 0.352885 9.98738E-05 9.98738E-05
0.125229 9.99009E-05 0.0747297 0.699087 9.99009E-05 9.99009E-05 9.99009E-05 0.0410643 9.99009E-05 9.99009E-05 0.0574341 9.99009E-05 9.99009E-05 0.00135631 9.99009E-05 9.99009E-05 9.99009E-05
9.99009E-05 0.0199638 9.99009E-05 0.538132 9.99009E-05 0.123862 9.99009E-05 9.99009E-05 0.279833 9.99009E-05 9.99009E-05 0.0144757 9.99009E-05 0.022634 9.99009E-05 9.99009E-05 9.99009E-05
9.98738E-05 9.98738E-05 9.98738E-05 0.145656 9.98738E-05 9.98738E-05 9.98738E-05 9.98738E-05 9.98738E-05 9.98738E-05 9.98738E-05 9.98738E-05 0.227333 9.98738E-05 0.625613 9.98738E-05 9.98738E-05
9.98919E-05 9.98919E-05 0.0171998 0.423516 9.98919E-05 9.98919E-05 9.98919E-05 9.98919E-05 0.436146 0.0657067 9.98919E-05 9.98919E-05 0.0562324 9.98919E-05 9.98919E-05 9.98919E-05 9.98919E-05
9.98829E-05 9.98829E-05 9.98829E-05 0.763375 9.98829E-05 9.98829E-05 0.053013 0.166138 9.98829E-05 9.98829E-05 9.98829E-05 9.98829E-05 9.98829E-05 9.98829E-05 0.0161757 9.98829E-05 9.98829E-05
0.00926789 0.0633062 9.99098E-05 0.549598 9.99098E-05 9.99098E-05 0.182135 9.99098E-05 0.128489 9.99098E-05 0.0371536 9.99098E-05 9.99098E-05 9.99098E-05 9.99098E-05 9.99098E-05 0.0290513
0.247922 0.0472395 9.98919E-05 0.556651 9.98919E-05 9.98919E-05 9.98919E-05 9.98919E-05 9.98919E-05 9.98919E-05 9.98919E-05 9.98919E-05 9.98919E-05 0.0382625 0.108727 9.98919E-05 9.98919E-05
0.0703829 0.0180831 0.260761 0.2701 9.99188E-05 9.99188E-05 0.250218 0.0932413 9.99188E-05 9.99188E-05 0.0104353 9.99188E-05 9.99188E-05 0.0258788 9.99188E-05 9.99188E-05 9.99188E-05
9.98917E-05 0.0138617 9.98917E-05 0.484224 9.98917E-05 0.208257 9.98917E-05 9.98917E-05 0.0237337 9.98917E-05 9.98917E-05 9.98917E-05 9.98917E-05 9.98917E-05 9.98917E-05 0.268725 9.98917E-05
9.98917E-05 0.0590909 0.0283114 0.351814 9.98917E-05 9.98917E-05 9.98917E-05 9.98917E-05 9.98917E-05 9.98917E-05 9.98917E-05 0.554195 9.98917E-05 9.98917E-05 9.98917E-05 0.00539008 9.98917E-05
0.104505 9.99189E-05 9.99189E-05 0.575375 0.121545 9.99189E-05 9.99189E-05 0.0428141 9.99189E-05 0.0212408 9.99189E-05 9.99189E-05 0.0208825 0.0870331 0.0257055 9.99189E-05 9.99189E-05
9.98828E-05 9.98828E-05 0.134245 0.7272 9.98828E-05 9.98828E-05 9.98828E-05 0.125362 9.98828E-05 9.98828E-05 9.98828E-05 9.98828E-05 0.0118946 9.98828E-05 9.98828E-05 9.98828E-05 9.98828E-05
0.149666 9.99009E-05 9.99009E-05 0.625283 9.99009E-05 0.0598102 9.99009E-05 9.99009E-05 0.0744534 9.99009E-05 9.99009E-05 9.99009E-05 9.99009E-05 0.0421758 0.0475127 9.99009E-05 9.99009E-05
9.98919E-05 0.0014575 9.98919E-05 0.614332 9.98919E-05 9.98919E-05 9.98919E-05 9.98919E-05 9.98919E-05 9.98919E-05 9.98919E-05 0.142133 9.98919E-05 9.98919E-05 0.074483 0.166395 9.98919E-05
9.9901E-05 0.0534086 9.9901E-05 9.9901E-05 9.9901E-05 0.323911 0.389478 9.9901E-05 0.132582 9.9901E-05 9.9901E-05 9.9901E-05 0.0694246 0.0300971 9.9901E-05 9.9901E-05 9.9901E-05
0.303521 9.98917E-05 0.192652 9.98917E-05 9.98917E-05 9.98917E-05 9.98917E-05 9.98917E-05 9.98917E-05 0.0693281 9.98917E-05 9.98917E-05 0.394856 9.98917E-05 9.98917E-05 9.98917E-05 0.0384444
9.98828E-05 0.124052 9.98828E-05 9.98828E-05 9.98828E-05 9.98828E-05 0.276548 9.98828E-05 9.98828E-05 9.98828E-05 9.98828E-05 0.543519 0.0545822 9.98828E-05 9.98828E-05 9.98828E-05 9.98828E-05
0.0368432 0.0134181 9.99098E-05 0.0217197 9.99098E-05 9.99098E-05 0.569514 0.325347 9.99098E-05 9.99098E-05 9.99098E-05 9.99098E-05 0.00522392 0.0269345 9.99098E-05 9.99098E-05 9.99098E-05
9.98647E-05 9.98647E-05 9.98647E-05 9.98647E-05 9.98647E-05 9.98647E-05 9.98647E-05 9.98647E-05 9.98647E-05 9.98647E-05 9.98647E-05 9.98647E-05 0.865837 9.98647E-05 0.132665 9.98647E-05 9.98647E-05
9.98918E-05 0.210973 9.98918E-05 9.98918E-05 9.98918E-05 9.98918E-05 0.200571 9.98918E-05 0.300407 9.98918E-05 9.98918E-05 0.0418567 9.98918E-05 9.98918E-05 9.98918E-05 0.244994 9.98918E-05
0.120471 9.98917E-05 9.98917E-05 9.98917E-05 9.98917E-05 0.0207187 9.98917E-05 9.98917E-05 0.168369 9.98917E-05 9.98917E-05 9.98917E-05 0.588073 9.98917E-05 9.98917E-05 0.101169 9.98917E-05
9.99099E-05 0.0556653 9.99099E-05 9.99099E-05 0.0721168 9.99099E-05 0.668854 9.99099E-05 9.99099E-05 0.0596714 0.0511249 9.99099E-05 0.0904173 9.99099E-05 9.99099E-05 9.99099E-05 0.00115145
0.245425 9.98738E-05 9.98738E-05 9.98738E-05 9.98738E-05 9.98738E-05 9.98738E-05 9.98738E-05 9.98738E-05 9.98738E-05 9.98738E-05 9.98738E-05 0.257962 9.98738E-05 9.98738E-05 0.495215 9.98738E-05
9.99009E-05 9.99009E-05 0.180445 9.99009E-05 9.99009E-05 9.99009E-05 0.118731 0.195035 9.99009E-05 9.99009E-05 9.99009E-05 0.00077195 0.464778 9.99009E-05 9.99009E-05 9.99009E-05 0.0391396
9.99098E-05 9.99098E-05 9.99098E-05 9.99098E-05 0.00758074 0.100126 0.207959 9.99098E-05 0.28906 0.180321 9.99098E-05 9.99098E-05 0.0564539 9.99098E-05 9.99098E-05 0.1575 9.99098E-05
0.218525 9.98918E-05 9.98918E-05 9.98918E-05 9.98918E-05 0.0465257 9.98918E-05 9.98918E-05 9.98918E-05 9.98918E-05 9.98918E-05 0.331734 0.23931 9.98918E-05 9.98918E-05 0.162707 9.98918E-05
9.98738E-05 9.98738E-05 0.0179275 9.98738E-05 9.98738E-05 9.98738E-05 9.98738E-05 9.98738E-05 9.98738E-05 9.98738E-05 9.98738E-05 9.98738E-05 0.872378 9.98738E-05 0.108296 9.98738E-05 9.98738E-05
9.99098E-05 0.264875 9.99098E-05 9.99098E-05 9.99098E-05 0.241173 0.19196 9.99098E-05 0.225671 0.0159572 9.99098E-05 0.045667 9.99098E-05 9.99098E-05 9.99098E-05 0.0136974 9.99098E-05
0.0308975 0.0287185 9.99008E-05 9.99008E-05 9.99008E-05 9.99008E-05 9.99008E-05 9.99008E-05 9.99008E-05 0.228477 9.99008E-05 0.00741034 0.22833 9.99008E-05 9.99008E-05 0.475068 9.99008E-05
9.98901E-05 0.171989 0.0783482 9.98901E-05 9.98901E-05 9.98901E-05 0.169693 9.98901E-05 0.0715559 9.98901E-05 9.98901E-05 0.0455954 9.98901E-05 9.98901E-05 9.98901E-05 0.46172 9.98901E-05
0.00432333 9.98739E-05 9.98739E-05 9.98739E-05 9.98739E-05 9.98739E-05 9.98739E-05 0.363623 9.98739E-05 9.98739E-05 9.98739E-05 9.98739E-05 0.630655 9.98739E-05 9.98739E-05 9.98739E-05 9.98739E-05
9.98917E-05 9.98917E-05 9.98917E-05 9.98917E-05 9.98917E-05 9.98917E-05 0.116725 9.98917E-05 9.98917E-05 0.088297 9.98917E-05 0.00708773 0.149731 9.98917E-05 9.98917E-05 0.636961 9.98917E-05
9.98919E-05 0.00757807 9.98919E-05 9.98919E-05 9.98919E-05 0.249923 0.347567 9.98919E-05 0.289407 0.104325 9.98919E-05 9.98919E-05 9.98919E-05 9.98919E-05 9.98919E-05 9.98919E-05 9.98919E-05
0.0504552 0.120726 0.0199111 9.99278E-05 9.99278E-05 9.99278E-05 0.553236 0.0119552 0.00488252 9.99278E-05 9.99278E-05 9.99278E-05 0.115681 0.00925376 9.99278E-05 9.99278E-05 0.113101
9.99371E-05 0.0339111 0.00691219 0.0386693 9.99371E-05 0.108797 0.204962 0.0360851 0.0490305 9.99371E-05 9.99371E-05 0.369064 9.99371E-05 0.0639464 0.0879225 9.99371E-05 9.99371E-05
9.99099E-05 0.0824379 9.99099E-05 9.99099E-05 9.99099E-05 9.99099E-05 0.301842 9.99099E-05 0.0144257 9.99099E-05 9.99099E-05 0.263925 0.119912 0.0489404 9.99099E-05 0.167518 9.99099E-05
9.98737E-05 9.98737E-05 9.98737E-05 9.98737E-05 9.98737E-05 9.98737E-05 0.0914639 0.26569 9.98737E-05 9.98737E-05 9.98737E-05 9.98737E-05 0.641448 9.98737E-05 9.98737E-05 9.98737E-05 9.98737E-05
9.99098E-05 9.99098E-05 0.0584135 9.99098E-05 9.99098E-05 9.99098E-05 0.263533 9.99098E-05 0.00242655 0.413523 9.99098E-05 9.99098E-05 9.99098E-05 0.0263312 0.0459805 0.188792 9.99098E-05
0.320645 9.99006E-05 9.99006E-05 9.99006E-05 9.99006E-05 0.0533944 0.186238 9.99006E-05 9.99006E-05 9.99006E-05 0.0224783 9.99006E-05 0.36133 9.99006E-05 9.99006E-05 9.99006E-05 0.0548159
0.129096 0.0331716 9.99279E-05 0.227212 0.00271725 9.99279E-05 0.143714 0.296364 9.99279E-05 9.99279E-05 0.101382 9.99279E-05 0.0575714 0.00797315 9.99279E-05 9.99279E-05 9.99279E-05
9.99098E-05 9.99098E-05 9.99098E-05 0.147923 0.00660709 9.99098E-05 0.135505 0.0234255 9.99098E-05 0.107167 0.00124434 9.99098E-05 9.99098E-05 9.99098E-05 9.99098E-05 0.577129 9.99098E-05
0.527572 9.99099E-05 9.99099E-05 0.153256 0.0656656 0.040212 9.99099E-05 9.99099E-05 0.00910266 0.0454237 9.99099E-05 9.99099E-05 9.99099E-05 9.99099E-05 0.157769 9.99099E-05 9.99099E-05
9.9919E-05 0.0641033 0.0462219 9.9919E-05 9.9919E-05 9.9919E-05 9.9919E-05 0.43014 9.9919E-05 9.9919E-05 0.00540333 0.0134344 0.0579032 0.010584 0.371311 9.9919E-05 9.9919E-05
0.379709 0.0901082 0.246792 0.0778515 9.99187E-05 9.99187E-05 0.0721501 0.0170552 9.99187E-05 9.99187E-05 0.0935396 9.99187E-05 0.0218951 9.99187E-05 9.99187E-05 9.99187E-05 9.99187E-05
0.0993718 9.99278E-05 0.127122 0.0803248 0.0226508 9.99278E-05 0.303269 0.326451 0.0258862 9.99278E-05 9.99278E-05 9.99278E-05 9.99278E-05 0.0132136 0.00091159 9.99278E-05 9.99278E-05
0.174043 0.0427283 9.99099E-05 9.99099E-05 9.99099E-05 9.99099E-05 9.99099E-05 0.149196 0.520105 9.99099E-05 9.99099E-05 0.0305845 0.057347 0.024996 9.99099E-05 9.99099E-05 9.99099E-05
9.98827E-05 9.98827E-05 9.98827E-05 0.0395921 9.98827E-05 9.98827E-05 0.21966 0.724696 9.98827E-05 9.98827E-05 9.98827E-05 9.98827E-05 0.0147532 9.98827E-05 9.98827E-05 9.98827E-05 9.98827E-05
9.98917E-05 0.189704 9.98917E-05 9.98917E-05 9.98917E-05 9.98917E-05 0.197294 9.98917E-05 0.118727 9.98917E-05 9.98917E-05 0.116203 9.98917E-05 9.98917E-05 9.98917E-05 0.376874 9.98917E-05
0.0989199 9.98827E-05 9.98827E-05 0.0282476 9.98827E-05 9.98827E-05 0.233687 0.637847 9.98827E-05 9.98827E-05 9.98827E-05 9.98827E-05 9.98827E-05 9.98827E-05 9.98827E-05 9.98827E-05 9.98827E-05
0.358767 9.99009E-05 9.99009E-05 9.99009E-05 9.99009E-05 9.99009E-05 0.0533089 9.99009E-05 9.99009E-05 9.99009E-05 9.99009E-05 0.408571 0.0743735 9.99009E-05 0.10374 0.000140351 9.99009E-05
0.0830361 0.139735 9.99188E-05 0.100685 9.99188E-05 9.99188E-05 9.99188E-05 9.99188E-05 0.00690415 0.100536 9.99188E-05 0.348526 9.99188E-05 9.99188E-05 0.0529956 0.166683 9.99188E-05
0.448659 0.0755533 9.9919E-05 0.141369 0.132109 9.9919E-05 0.172127 9.9919E-05 0.00546772 9.9919E-05 9.9919E-05 0.0192369 9.9919E-05 0.00457909 9.9919E-05 9.9919E-05 9.9919E-05
0.103051 0.213168 0.0421612 0.102548 0.0515383 9.99188E-05 0.433354 9.99188E-05 9.99188E-05 9.99188E-05 0.0320414 9.99188E-05 9.99188E-05 9.99188E-05 0.0212392 9.99188E-05 9.99188E-05
0.463963 0.22814 9.99098E-05 0.125 0.0402074 9.99098E-05 0.0313933 9.99098E-05 9.99098E-05 9.99098E-05 9.99098E-05 9.99098E-05 9.99098E-05 0.0163413 0.0939554 9.99098E-05 9.99098E-05
0.0297045 9.99098E-05 9.99098E-05 0.163155 9.99098E-05 9.99098E-05 0.17142 0.0651587 9.99098E-05 9.99098E-05 9.99098E-05 0.24165 9.99098E-05 9.99098E-05 0.0527099 0.275203 9.99098E-05
9.99008E-05 0.10094 0.05026 9.99008E-05 9.99008E-05 9.99008E-05 0.0439142 0.300008 9.99008E-05 9.99008E-05 9.99008E-05 9.99008E-05 0.0558896 9.99008E-05 0.447889 9.99008E-05 9.99008E-05
0.223161 9.98918E-05 0.0224319 9.98918E-05 9.98918E-05 9.98918E-05 9.98918E-05 0.305899 9.98918E-05 9.98918E-05 9.98918E-05 9.98918E-05 0.163512 9.98918E-05 0.283798 9.98918E-05 9.98918E-05
0.184397 9.99009E-05 0.433946 9.99009E-05 9.99009E-05 9.99009E-05 0.209603 0.0918944 9.99009E-05 0.0322064 0.0468537 9.99009E-05 9.99009E-05 9.99009E-05 9.99009E-05 9.99009E-05 9.99009E-05
0.0826243 9.99008E-05 9.99008E-05 9.99008E-05 0.00944986 9.99008E-05 0.0114095 0.707541 9.99008E-05 0.123301 9.99008E-05 9.99008E-05 9.99008E-05 9.99008E-05 0.0645752 9.99008E-05 9.99008E-05
9.98828E-05 0.101092 9.98828E-05 9.98828E-05 9.98828E-05 9.98828E-05 9.98828E-05 0.204568 0.0562137 9.98828E-05 9.98828E-05 9.98828E-05 9.98828E-05 9.98828E-05 0.636828 9.98828E-05 9.98828E-05
0.183993 9.99098E-05 0.42517 9.99098E-05 0.0353501 9.99098E-05 0.0422623 9.99098E-05 9.99098E-05 0.158838 9.99098E-05 9.99098E-05 0.0908565 9.99098E-05 9.99098E-05 9.99098E-05 0.0625314
9.99097E-05 0.101061 0.0161956 9.99097E-05 9.99097E-05 9.99097E-05 0.385569 0.393848 0.0197595 9.99097E-05 9.99097E-05 9.99097E-05 0.0155462 9.99097E-05 9.99097E-05 9.99097E-05 0.0670216
0.0482002 0.227765 9.98829E-05 9.98829E-05 9.98829E-05 0.669188 9.98829E-05 0.0535483 9.98829E-05 9.98829E-05 9.98829E-05 9.98829E-05 9.98829E-05 9.98829E-05 9.98829E-05 9.98829E-05 9.98829E-05
9.98918E-05 0.675899 0.049294 9.98918E-05 9.98918E-05 0.110005 9.98918E-05 9.98918E-05 9.98918E-05 9.98918E-05 9.98918E-05 0.0124379 9.98918E-05 9.98918E-05 9.98918E-05 0.151166 9.98918E-05
0.065589 0.13736 0.401315 9.99278E-05 9.99278E-05 0.0227827 0.240808 9.99278E-05 0.0108894 9.99278E-05 0.036558 9.99278E-05 9.99278E-05 9.99278E-05 9.99278E-05 0.0136747 0.0702231
9.99007E-05 0.590543 0.0291601 9.99007E-05 9.99007E-05 0.012889 9.99007E-05 9.99007E-05 0.195462 0.0159451 9.99007E-05 9.99007E-05 9.99007E-05 9.99007E-05 9.99007E-05 0.154901 9.99007E-05
9.98649E-05 0.660748 9.98649E-05 9.98649E-05 9.98649E-05 0.337754 9.98649E-05 9.98649E-05 9.98649E-05 9.98649E-05 9.98649E-05 9.98649E-05 9.98649E-05 9.98649E-05 9.98649E-05 9.98649E-05 9.98649E-05
9.98918E-05 0.442019 0.0639029 9.98918E-05 9.98918E-05 0.0186335 9.98918E-05 9.98918E-05 9.98918E-05 9.98918E-05 9.98918E-05 0.449548 9.98918E-05 0.0246985 9.98918E-05 9.98918E-05 9.98918E-05
9.98919E-05 0.562184 0.0198105 9.98919E-05 9.98919E-05 0.124267 9.98919E-05 9.98919E-05 9.98919E-05 9.98919E-05 9.98919E-05 0.106388 9.98919E-05 9.98919E-05 9.98919E-05 0.186152 9.98919E-05
9.98829E-05 0.304366 0.533031 9.98829E-05 9.98829E-05 9.98829E-05 9.98829E-05 0.119255 9.98829E-05 9.98829E-05 9.98829E-05 9.98829E-05 9.98829E-05 9.98829E-05 9.98829E-05 9.98829E-05 0.042049
9.9892E-05 9.9892E-05 0.319622 9.9892E-05 9.9892E-05 9.9892E-05 9.9892E-05 0.331246 9.9892E-05 9.9892E-05 9.9892E-05 9.9892E-05 0.250441 9.9892E-05 0.0426068 0.0548861 9.9892E-05
9.99098E-05 9.99098E-05 0.0299571 0.00982994 9.99098E-05 0.311756 0.435064 9.99098E-05 9.99098E-05 0.146461 0.0617607 9.99098E-05 9.99098E-05 9.99098E-05 9.99098E-05 9.99098E-05 0.00417287
9.9883E-05 0.1084 0.841237 0.0430357 9.9883E-05 9.9883E-05 9.9883E-05 9.9883E-05 9.9883E-05 9.9883E-05 9.9883E-05 9.9883E-05 9.9883E-05 9.9883E-05 9.9883E-05 9.9883E-05 0.00602885
9.9901E-05 0.147011 0.402688 9.9901E-05 9.9901E-05 9.9901E-05 0.150952 0.014536 9.9901E-05 9.9901E-05 0.15967 9.9901E-05 9.9901E-05 9.9901E-05 9.9901E-05 9.9901E-05 0.124044
9.99188E-05 0.408869 0.115834 0.0125352 9.99188E-05 0.0406645 0.232031 0.00902482 0.0350122 9.99188E-05 9.99188E-05 9.99188E-05 9.99188E-05 9.99188E-05 9.99188E-05 9.99188E-05 0.14513
9.98829E-05 9.98829E-05 0.492579 9.98829E-05 9.98829E-05 9.98829E-05 0.276438 0.115753 9.98829E-05 9.98829E-05 9.98829E-05 9.98829E-05 0.113932 9.98829E-05 9.98829E-05 9.98829E-05 9.98829E-05
9.98919E-05 9.98919E-05 0.454723 0.0252088 9.98919E-05 0.199401 0.251155 9.98919E-05 9.98919E-05 9.98919E-05 9.98919E-05 9.98919E-05 9.98919E-05 9.98919E-05 0.0683137 9.98919E-05 9.98919E-05
9.98738E-05 9.98738E-05 9.98738E-05 9.98738E-05 9.98738E-05 9.98738E-05 0.120915 9.98738E-05 9.98738E-05 0.801919 9.98738E-05 9.98738E-05 9.98738E-05 0.0757677 9.98738E-05 9.98738E-05 9.98738E-05
9.99098E-05 0.0877075 0.291137 9.99098E-05 9.99098E-05 9.99098E-05 0.25352 0.0750753 0.0913103 0.116983 9.99098E-05 9.99098E-05 9.99098E-05 9.99098E-05 9.99098E-05 9.99098E-05 0.0832677
9.99008E-05 0.0241995 0.389993 0.100696 9.99008E-05 0.221483 0.236752 9.99008E-05 9.99008E-05 9.99008E-05 0.0257768 9.99008E-05 9.99008E-05 9.99008E-05 9.99008E-05 9.99008E-05 9.99008E-05
9.98918E-05 9.98918E-05 9.98918E-05 9.98918E-05 9.98918E-05 0.257704 0.182249 9.98918E-05 0.441695 0.0588462 9.98918E-05 9.98918E-05 9.98918E-05 9.98918E-05 9.98918E-05 0.0583065 9.98918E-05
9.9919E-05 0.109833 9.9919E-05 9.9919E-05 9.9919E-05 0.238611 0.399458 9.9919E-05 0.0100721 0.192374 0.00886209 9.9919E-05 9.9919E-05 9.9919E-05 0.0378937 9.9919E-05 0.00199594
9.991E-05 9.991E-05 0.693724 9.991E-05 0.00825236 9.991E-05 0.0911481 0.0399116 0.0677661 9.991E-05 9.991E-05 0.0128804 9.991E-05 9.991E-05 0.0853187 9.991E-05 9.991E-05
9.98919E-05 9.98919E-05 0.355327 0.00221844 9.98919E-05 9.98919E-05 0.556563 9.98919E-05 9.98919E-05 9.98919E-05 9.98919E-05 9.98919E-05 9.98919E-05 9.98919E-05 9.98919E-05 0.0258743 0.058818
0.0200889 9.98919E-05 0.451483 9.98919E-05 9.98919E-05 9.98919E-05 0.0768008 0.291961 9.98919E-05 9.98919E-05 9.98919E-05 9.98919E-05 0.158468 9.98919E-05 9.98919E-05 9.98919E-05 9.98919E-05
9.98918E-05 0.363956 9.98918E-05 9.98918E-05 9.98918E-05 0.242669 0.265694 9.98918E-05 9.98918E-05 0.0361414 9.98918E-05 9.98918E-05 9.98918E-05 9.98918E-05 9.98918E-05 0.0903402 9.98918E-05
0.0853788 0.120143 9.99189E-05 9.99189E-05 9.99189E-05 0.150293 0.502693 9.99189E-05 0.015127 0.016428 0.0384774 9.99189E-05 9.99189E-05 9.99189E-05 9.99189E-05 9.99189E-05 0.0705611
9.98918E-05 9.98918E-05 0.538078 9.98918E-05 0.00747674 9.98918E-05 0.153386 0.144579 9.98918E-05 9.98918E-05 9.98918E-05 9.98918E-05 0.155281 9.98918E-05 9.98918E-05 9.98918E-05 9.98918E-05
9.99009E-05 0.069525 9.99009E-05 0.043563 9.99009E-05 0.0581673 9.99009E-05 9.99009E-05 0.00704585 0.718942 9.99009E-05 0.101658 9.99009E-05 9.99009E-05 9.99009E-05 9.99009E-05 9.99009E-05
0.278896 9.99098E-05 0.0119869 9.99098E-05 9.99098E-05 0.064199 9.99098E-05 9.99098E-05 0.365138 0.210029 9.99098E-05 9.99098E-05 0.0352655 9.99098E-05 9.99098E-05 0.0334863 9.99098E-05
0.0401394 9.99189E-05 0.0923611 0.0754458 9.99189E-05 9.99189E-05 0.172952 0.435705 9.99189E-05 9.99189E-05 0.0714248 9.99189E-05 9.99189E-05 0.0242907 9.99189E-05 9.99189E-05 0.0867822
0.750972 9.98828E-05 0.110244 9.98828E-05 9.98828E-05 9.98828E-05 9.98828E-05 0.129858 9.98828E-05 9.98828E-05 9.98828E-05 9.98828E-05 0.00762785 9.98828E-05 9.98828E-05 9.98828E-05 9.98828E-05
0.00312787 0.256773 0.001054 9.99189E-05 9.99189E-05 9.99189E-05 9.99189E-05 9.99189E-05 0.318344 0.310524 9.99189E-05 9.99189E-05 0.0184165 0.0331169 9.99189E-05 9.99189E-05 0.0577442
0.19787 0.154776 9.98918E-05 9.98918E-05 9.98918E-05 0.148016 9.98918E-05 9.98918E-05 9.98918E-05 0.126672 9.98918E-05 9.98918E-05 9.98918E-05 9.98918E-05 9.98918E-05 0.371467 9.98918E-05
0.0730937 0.0957461 9.99009E-05 9.99009E-05 9.99009E-05 0.120234 9.99009E-05 9.99009E-05 9.99009E-05 0.202185 0.0697008 9.99009E-05 9.99009E-05 9.99009E-05 9.99009E-05 0.437941 9.99009E-05
0.194305 9.9892E-05 9.9892E-05 9.9892E-05 9.9892E-05 9.9892E-05 9.9892E-05 0.641391 9.9892E-05 0.0102816 9.9892E-05 9.9892E-05 0.0390524 9.9892E-05 0.113772 9.9892E-05 9.9892E-05
0.348075 9.99009E-05 0.227282 9.99009E-05 9.99009E-05 9.99009E-05 0.109678 0.186078 9.99009E-05 0.0179479 9.99009E-05 9.99009E-05 9.99009E-05 9.99009E-05 9.99009E-05 9.99009E-05 0.10984
0.305361 0.0306636 9.99278E-05 0.325895 0.0189707 0.028864 0.0521626 9.99278E-05 0.114651 0.109801 9.99278E-05 9.99278E-05 9.99278E-05 9.99278E-05 9.99278E-05 0.0128308 9.99278E-05
0.119885 0.26804 9.99008E-05 9.99008E-05 9.99008E-05 9.99008E-05 9.99008E-05 9.99008E-05 0.118276 0.302313 9.99008E-05 9.99008E-05 0.0450571 9.99008E-05 9.99008E-05 0.145329 9.99008E-05
0.265767 9.99008E-05 0.088617 9.99008E-05 9.99008E-05 9.99008E-05 0.0716706 0.22651 9.99008E-05 9.99008E-05 9.99008E-05 9.99008E-05 0.0679769 9.99008E-05 0.27836 9.99008E-05 9.99008E-05
0.171927 0.201376 0.127993 9.99189E-05 9.99189E-05 9.99189E-05 0.338853 0.021365 9.99189E-05 9.99189E-05 9.99189E-05 9.99189E-05 0.0391802 0.0307984 9.99189E-05 9.99189E-05 0.0676078
0.251962 0.20384 0.339022 9.99098E-05 9.99098E-05 9.99098E-05 0.0605169 9.99098E-05 9.99098E-05 0.0527902 9.99098E-05 9.99098E-05 0.0145377 9.99098E-05 9.99098E-05 9.99098E-05 0.0763315
0.546952 0.0645739 9.99098E-05 0.130926 9.99098E-05 9.99098E-05 0.110367 9.99098E-05 0.0261211 9.99098E-05 0.0136879 9.99098E-05 9.99098E-05 9.99098E-05 0.106372 9.99098E-05 9.99098E-05
9.99009E-05 9.99009E-05 0.234556 0.177487 9.99009E-05 9.99009E-05 0.495666 0.0111722 9.99009E-05 9.99009E-05 9.99009E-05 9.99009E-05 0.0611606 9.99009E-05 0.0188591 9.99009E-05 9.99009E-05
9.99188E-05 0.180882 9.99188E-05 0.0372315 0.00944889 0.110127 0.343346 9.99188E-05 0.159439 0.139498 9.99188E-05 9.99188E-05 9.99188E-05 9.99188E-05 9.99188E-05 9.99188E-05 0.0191275
0.310679 0.154552 9.99098E-05 9.99098E-05 9.99098E-05 9.99098E-05 0.343162 9.99098E-05 0.103909 0.0365686 0.0471018 9.99098E-05 9.99098E-05 9.99098E-05 9.99098E-05 0.00302909 9.99098E-05
9.9901E-05 0.153519 9.9901E-05 9.9901E-05 9.9901E-05 9.9901E-05 9.9901E-05 9.9901E-05 0.110601 0.407936 9.9901E-05 0.0590503 0.0631832 9.9901E-05 9.9901E-05 0.204613 9.9901E-05
0.166454 9.99278E-05 0.274994 9.99278E-05 0.101488 9.99278E-05 0.0286167 0.139972 9.99278E-05 0.168565 9.99278E-05 9.99278E-05 0.102219 0.00778746 9.99278E-05 9.99278E-05 0.00910455
