9.9919E-05 9.9919E-05 0.0102941 9.9919E-05 0.0328954 9.9919E-05 0.0510605 0.409966 0.00415566 9.9919E-05 0.490729 9.9919E-05 9.9919E-05 9.9919E-05 9.9919E-05
9.99189E-05 9.99189E-05 9.99189E-05 9.99189E-05 9.99189E-05 9.99189E-05 0.0191667 0.295439 9.99189E-05 0.0910177 0.255561 0.171839 9.99189E-05 9.99189E-05 0.166077
0.0500733 9.99369E-05 0.0365395 0.000157338 9.99369E-05 0.0143163 9.99369E-05 9.99369E-05 0.0998165 9.99369E-05 9.99369E-05 0.74002 0.0358152 9.99369E-05 0.0225624
9.99279E-05 9.99279E-05 0.0135946 0.157138 9.99279E-05 0.00431936 9.99279E-05 0.480055 9.99279E-05 9.99279E-05 0.308777 9.99279E-05 0.0272784 0.00803763 9.99279E-05
0.0549519 9.99189E-05 9.99189E-05 0.157486 0.213033 9.99189E-05 9.99189E-05 0.309803 9.99189E-05 9.99189E-05 9.99189E-05 9.99189E-05 0.130192 9.99189E-05 0.133635
0.227609 0.02964 9.99369E-05 9.99369E-05 0.00913176 9.99369E-05 0.0224643 9.99369E-05 0.0281611 9.99369E-05 0.420036 0.128295 9.99369E-05 9.99369E-05 0.133963
9.99098E-05 9.99098E-05 9.99098E-05 9.99098E-05 9.99098E-05 0.0241612 9.99098E-05 0.0473291 0.249132 9.99098E-05 0.206456 0.471923 9.99098E-05 9.99098E-05 9.99098E-05
0.108252 9.9919E-05 9.9919E-05 9.9919E-05 9.9919E-05 9.9919E-05 0.118334 9.9919E-05 0.116289 9.9919E-05 0.307793 0.151244 9.9919E-05 9.9919E-05 0.197188
9.99279E-05 9.99279E-05 9.99279E-05 0.260543 9.99279E-05 9.99279E-05 0.0856455 0.216598 9.99279E-05 9.99279E-05 0.296478 0.0098887 0.00355365 9.99279E-05 0.126493
0.348954 9.99188E-05 0.0679883 9.99188E-05 9.99188E-05 0.224999 9.99188E-05 9.99188E-05 0.208436 9.99188E-05 0.0437571 0.104966 9.99188E-05 9.99188E-05 9.99188E-05
0.0413693 9.99369E-05 9.99369E-05 0.198197 0.00436608 9.99369E-05 9.99369E-05 0.100832 9.99369E-05 0.338587 0.0740189 0.0747465 9.99369E-05 9.99369E-05 0.167184
0.234565 9.99189E-05 9.99189E-05 9.99189E-05 9.99189E-05 9.99189E-05 9.99189E-05 0.477922 9.99189E-05 0.103128 9.99189E-05 0.0360672 9.99189E-05 0.0946779 0.0527419
9.99189E-05 0.000906869 9.99189E-05 0.536724 0.171148 9.99189E-05 9.99189E-05 9.99189E-05 0.16189 9.99189E-05 0.105879 9.99189E-05 0.0225523 9.99189E-05 9.99189E-05
0.135605 9.99099E-05 9.99099E-05 9.99099E-05 9.99099E-05 9.99099E-05 0.00373764 9.99099E-05 0.0057852 9.99099E-05 0.32797 0.525903 9.99099E-05 9.99099E-05 9.99099E-05
0.0646197 9.99009E-05 9.99009E-05 9.99009E-05 9.99009E-05 9.99009E-05 9.99009E-05 0.376871 9.99009E-05 0.419038 9.99009E-05 9.99009E-05 9.99009E-05 9.99009E-05 0.138373
9.99459E-05 0.019883 0.0154013 0.0335779 9.99459E-05 0.258633 9.99459E-05 9.99459E-05 0.313318 9.99459E-05 0.184335 0.14495 0.0150608 9.99459E-05 0.0142407
9.99189E-05 9.99189E-05 9.99189E-05 0.0193402 9.99189E-05 0.00901353 9.99189E-05 0.0349958 0.0962521 9.99189E-05 0.312765 0.526734 9.99189E-05 9.99189E-05 9.99189E-05
9.99188E-05 9.99188E-05 9.99188E-05 0.00179178 9.99188E-05 9.99188E-05 9.99188E-05 9.99188E-05 0.179542 0.0266285 0.226454 0.492676 9.99188E-05 9.99188E-05 0.0720088
9.9937E-05 9.9937E-05 9.9937E-05 0.19464 0.00345103 9.9937E-05 0.0142142 0.347295 9.9937E-05 9.9937E-05 0.0593727 0.22909 9.9937E-05 0.0996751 0.0515627
9.99009E-05 9.99009E-05 0.745356 9.99009E-05 0.0204771 9.99009E-05 9.99009E-05 9.99009E-05 9.99009E-05 0.164095 9.99009E-05 9.99009E-05 0.0689731 9.99009E-05 9.99009E-05
9.9892E-05 9.9892E-05 0.838165 0.148218 9.9892E-05 9.9892E-05 9.9892E-05 9.9892E-05 9.9892E-05 9.9892E-05 9.9892E-05 9.9892E-05 9.9892E-05 0.0124183 9.9892E-05
9.98918E-05 9.98918E-05 0.848115 9.98918E-05 0.00330832 9.98918E-05 9.98918E-05 9.98918E-05 9.98918E-05 9.98918E-05 0.147378 9.98918E-05 9.98918E-05 9.98918E-05 9.98918E-05
9.99099E-05 9.99099E-05 0.607905 0.104938 9.99099E-05 9.99099E-05 0.0101679 9.99099E-05 9.99099E-05 9.99099E-05 9.99099E-05 9.99099E-05 0.0410966 0.234894 9.99099E-05
9.99099E-05 9.99099E-05 0.705285 0.101844 9.99099E-05 9.99099E-05 0.0475322 0.0963125 9.99099E-05 0.0480275 9.99099E-05 9.99099E-05 9.99099E-05 9.99099E-05 9.99099E-05
0.0051749 0.203845 0.445501 9.99188E-05 9.99188E-05 9.99188E-05 0.0409813 9.99188E-05 9.99188E-05 9.99188E-05 0.0292291 0.27437 9.99188E-05 9.99188E-05 9.99188E-05
0.0423859 9.99278E-05 0.309865 9.99278E-05 9.99278E-05 9.99278E-05 0.320801 0.148559 9.99278E-05 0.0781932 9.99278E-05 9.99278E-05 0.0665438 9.99278E-05 0.0328529
9.99099E-05 0.226216 0.237288 9.99099E-05 9.99099E-05 0.311583 9.99099E-05 9.99099E-05 0.183857 9.99099E-05 9.99099E-05 9.99099E-05 0.0400569 9.99099E-05 9.99099E-05
9.9928E-05 9.9928E-05 0.235152 9.9928E-05 0.14754 9.9928E-05 0.212803 9.9928E-05 9.9928E-05 0.131026 9.9928E-05 9.9928E-05 0.14568 0.111603 0.0153964
9.99098E-05 0.0230252 0.812064 9.99098E-05 0.014494 0.00755293 9.99098E-05 9.99098E-05 9.99098E-05 9.99098E-05 0.141865 9.99098E-05 9.99098E-05 9.99098E-05 9.99098E-05
9.98919E-05 9.98919E-05 0.852153 0.145871 9.98919E-05 9.98919E-05 9.98919E-05 9.98919E-05 9.98919E-05 9.98919E-05 9.98919E-05 9.98919E-05 9.98919E-05 0.000777825 9.98919E-05
9.99281E-05 0.0945795 0.534422 0.0145398 9.99281E-05 0.0976583 9.99281E-05 9.99281E-05 0.0857044 9.99281E-05 9.99281E-05 0.0625571 9.99281E-05 0.109739 9.99281E-05
9.99278E-05 0.238476 0.110793 9.99278E-05 0.0881567 0.0290652 0.367371 9.99278E-05 9.99278E-05 9.99278E-05 0.132704 9.99278E-05 0.0326354 9.99278E-05 9.99278E-05
9.99007E-05 0.0803703 0.571025 9.99007E-05 9.99007E-05 0.145631 9.99007E-05 9.99007E-05 0.201875 9.99007E-05 9.99007E-05 9.99007E-05 9.99007E-05 9.99007E-05 9.99007E-05
9.99188E-05 0.0757815 0.602375 9.99188E-05 9.99188E-05 9.99188E-05 0.0289798 9.99188E-05 0.0688292 9.99188E-05 0.105012 0.118124 9.99188E-05 9.99188E-05 9.99188E-05
9.98829E-05 9.98829E-05 0.820981 0.17772 9.98829E-05 9.98829E-05 9.98829E-05 9.98829E-05 9.98829E-05 9.98829E-05 9.98829E-05 9.98829E-05 9.98829E-05 9.98829E-05 9.98829E-05
9.99009E-05 9.99009E-05 0.733785 9.99009E-05 9.99009E-05 9.99009E-05 9.99009E-05 0.0904268 9.99009E-05 0.132613 9.99009E-05 9.99009E-05 0.0420761 9.99009E-05 9.99009E-05
9.98829E-05 9.98829E-05 0.689787 9.98829E-05 9.98829E-05 9.98829E-05 9.98829E-05 9.98829E-05 9.98829E-05 0.308914 9.98829E-05 9.98829E-05 9.98829E-05 9.98829E-05 9.98829E-05
9.99009E-05 9.99009E-05 0.679865 9.99009E-05 9.99009E-05 9.99009E-05 9.99009E-05 0.081081 9.99009E-05 9.99009E-05 9.99009E-05 9.99009E-05 0.0290627 0.208893 9.99009E-05
9.98917E-05 0.361615 9.98917E-05 9.98917E-05 9.98917E-05 9.98917E-05 9.98917E-05 9.98917E-05 9.98917E-05 9.98917E-05 0.16333 9.98917E-05 0.473856 9.98917E-05 9.98917E-05
9.99189E-05 0.799166 9.99189E-05 9.99189E-05 0.0942789 0.0510385 9.99189E-05 0.0221242 9.99189E-05 9.99189E-05 9.99189E-05 9.99189E-05 0.0272893 0.00520374 9.99189E-05
0.0507377 0.586529 0.0168235 9.99189E-05 9.99189E-05 0.113074 0.0552864 9.99189E-05 0.17665 9.99189E-05 9.99189E-05 9.99189E-05 9.99189E-05 9.99189E-05 9.99189E-05
9.99279E-05 0.255568 0.00684903 9.99279E-05 0.0590629 0.0265821 0.0505213 9.99279E-05 9.99279E-05 9.99279E-05 9.99279E-05 9.99279E-05 0.261143 0.339474 9.99279E-05
9.99007E-05 0.428252 0.228949 9.99007E-05 9.99007E-05 9.99007E-05 9.99007E-05 9.99007E-05 9.99007E-05 9.99007E-05 0.20394 9.99007E-05 0.13776 9.99007E-05 9.99007E-05
0.0779146 0.654615 0.0579762 9.99189E-05 9.99189E-05 9.99189E-05 9.99189E-05 9.99189E-05 9.99189E-05 0.117771 9.99189E-05 0.0898497 9.99189E-05 9.99189E-05 0.000974176
9.99009E-05 9.99009E-05 9.99009E-05 9.99009E-05 9.99009E-05 9.99009E-05 0.512469 0.215925 9.99009E-05 9.99009E-05 9.99009E-05 9.99009E-05 0.121527 0.14898 9.99009E-05
9.99099E-05 0.14083 9.99099E-05 0.011812 9.99099E-05 9.99099E-05 9.99099E-05 0.0955239 9.99099E-05 9.99099E-05 9.99099E-05 9.99099E-05 0.551361 9.99099E-05 0.199473
9.99098E-05 0.5983 0.151494 9.99098E-05 9.99098E-05 0.0295766 9.99098E-05 9.99098E-05 0.0118594 9.99098E-05 9.99098E-05 0.207771 9.99098E-05 9.99098E-05 9.99098E-05
9.98917E-05 0.473258 9.98917E-05 9.98917E-05 9.98917E-05 9.98917E-05 9.98917E-05 9.98917E-05 9.98917E-05 9.98917E-05 0.157568 9.98917E-05 0.367975 9.98917E-05 9.98917E-05
9.9901E-05 0.45572 9.9901E-05 9.9901E-05 0.0405027 0.436351 9.9901E-05 9.9901E-05 0.0663273 9.9901E-05 9.9901E-05 9.9901E-05 9.9901E-05 9.9901E-05 9.9901E-05
9.99189E-05 0.323253 9.99189E-05 9.99189E-05 9.99189E-05 9.99189E-05 0.0225442 9.99189E-05 9.99189E-05 0.00139521 9.99189E-05 9.99189E-05 0.400217 0.00899598 0.242695
9.99099E-05 0.709498 9.99099E-05 9.99099E-05 0.0812154 0.0691329 9.99099E-05 9.99099E-05 9.99099E-05 9.99099E-05 9.99099E-05 9.99099E-05 0.129613 0.00954161 9.99099E-05
9.9919E-05 0.387793 0.0567181 0.238971 0.0636634 9.9919E-05 9.9919E-05 9.9919E-05 9.9919E-05 9.9919E-05 9.9919E-05 9.9919E-05 0.190427 0.061529 9.9919E-05
0.0542089 0.0693864 0.0768027 0.0360719 9.99368E-05 9.99368E-05 0.185478 0.0481167 9.99368E-05 0.233715 9.99368E-05 9.99368E-05 0.295521 9.99368E-05 9.99368E-05
0.0111478 0.285525 9.99369E-05 0.0603391 9.99369E-05 9.99369E-05 0.100031 0.00970104 9.99369E-05 0.208259 9.99369E-05 9.99369E-05 0.157609 9.99369E-05 0.166688
9.9946E-05 0.139593 0.0340824 9.9946E-05 9.9946E-05 9.9946E-05 0.09653 0.0449409 9.9946E-05 0.0222537 9.9946E-05 0.001033 0.216673 0.438396 0.00589902
9.99009E-05 9.99009E-05 0.327195 9.99009E-05 9.99009E-05 9.99009E-05 0.208347 0.0442846 9.99009E-05 9.99009E-05 9.99009E-05 9.99009E-05 9.99009E-05 0.419075 9.99009E-05
9.99278E-05 0.534188 9.99278E-05 9.99278E-05 0.0313923 9.99278E-05 0.00502793 9.99278E-05 0.00562041 9.99278E-05 0.134222 0.0120019 0.276748 9.99278E-05 9.99278E-05
9.99279E-05 0.287078 0.00328332 0.155406 0.0595915 0.0591553 0.227766 9.99279E-05 9.99279E-05 9.99279E-05 9.99279E-05 9.99279E-05 0.20692 9.99279E-05 9.99279E-05
9.99188E-05 0.803136 9.99188E-05 9.99188E-05 0.0506659 0.029669 0.0410917 9.99188E-05 9.99188E-05 9.99188E-05 0.0734297 9.99188E-05 9.99188E-05 9.99188E-05 0.00110903
9.99279E-05 0.171735 9.99279E-05 9.99279E-05 0.0220895 9.99279E-05 9.99279E-05 0.0105041 9.99279E-05 0.00149639 0.0317722 9.99279E-05 0.745402 0.016201 9.99279E-05
9.99188E-05 0.145098 0.029214 9.99188E-05 9.99188E-05 9.99188E-05 0.116323 9.99188E-05 9.99188E-05 9.99188E-05 0.158975 9.99188E-05 0.548621 9.99188E-05 0.000869968
9.99188E-05 0.328029 9.99188E-05 9.99188E-05 9.99188E-05 9.99188E-05 0.0458086 0.047239 9.99188E-05 0.0419776 9.99188E-05 9.99188E-05 0.355375 9.99188E-05 0.180671
9.99189E-05 0.239795 9.99189E-05 9.99189E-05 0.110484 0.0884532 0.343864 9.99189E-05 9.99189E-05 9.99189E-05 9.99189E-05 0.108472 0.108031 9.99189E-05 9.99189E-05
9.99009E-05 9.99009E-05 0.0394526 9.99009E-05 9.99009E-05 9.99009E-05 9.99009E-05 9.99009E-05 0.0320126 9.99009E-05 9.99009E-05 9.99009E-05 0.625742 0.301694 9.99009E-05
9.99099E-05 0.174242 9.99099E-05 9.99099E-05 9.99099E-05 9.99099E-05 0.0717837 9.99099E-05 0.241588 9.99099E-05 9.99099E-05 0.268763 0.242625 9.99099E-05 9.99099E-05
9.99368E-05 0.00129428 0.0750286 0.155095 9.99368E-05 9.99368E-05 0.374304 9.99368E-05 9.99368E-05 0.11745 0.0743786 9.99368E-05 0.186324 9.99368E-05 0.0154259
9.9892E-05 9.9892E-05 9.9892E-05 9.9892E-05 9.9892E-05 9.9892E-05 9.9892E-05 9.9892E-05 9.9892E-05 9.9892E-05 9.9892E-05 9.9892E-05 0.892793 0.0162101 0.0897985
9.9892E-05 9.9892E-05 9.9892E-05 9.9892E-05 9.9892E-05 9.9892E-05 9.9892E-05 9.9892E-05 0.0510422 0.175185 9.9892E-05 9.9892E-05 0.772575 9.9892E-05 9.9892E-05
9.99368E-05 0.000894683 0.0104247 9.99368E-05 9.99368E-05 9.99368E-05 0.723375 0.0539006 0.0168145 9.99368E-05 0.0845643 0.00826898 0.101058 9.99368E-05 9.99368E-05
9.99098E-05 0.0985009 0.199012 9.99098E-05 9.99098E-05 9.99098E-05 0.386013 9.99098E-05 9.99098E-05 9.99098E-05 0.260278 9.99098E-05 0.0551969 9.99098E-05 9.99098E-05
9.99098E-05 0.186403 0.0770308 9.99098E-05 0.0163836 0.346392 0.372792 9.99098E-05 9.99098E-05 9.99098E-05 9.99098E-05 9.99098E-05 9.99098E-05 9.99098E-05 9.99098E-05
9.99008E-05 0.281812 9.99008E-05 9.99008E-05 9.99008E-05 9.99008E-05 0.00169664 9.99008E-05 0.475142 9.99008E-05 9.99008E-05 9.99008E-05 0.24025 9.99008E-05 9.99008E-05
9.99189E-05 9.99189E-05 0.656748 9.99189E-05 9.99189E-05 9.99189E-05 0.00219096 0.0405847 9.99189E-05 9.99189E-05 9.99189E-05 9.99189E-05 0.000334034 0.21774 0.0815027
9.99097E-05 0.295089 9.99097E-05 9.99097E-05 9.99097E-05 0.0504617 9.99097E-05 9.99097E-05 0.126372 9.99097E-05 9.99097E-05 0.121989 0.405089 9.99097E-05 9.99097E-05
9.99098E-05 9.99098E-05 9.99098E-05 9.99098E-05 0.0333012 9.99098E-05 0.338088 0.00298656 9.99098E-05 0.024166 9.99098E-05 9.99098E-05 0.600459 9.99098E-05 9.99098E-05
9.99099E-05 9.99099E-05 0.0851472 0.148483 9.99099E-05 9.99099E-05 0.528458 0.204411 9.99099E-05 9.99099E-05 9.99099E-05 9.99099E-05 0.0325008 9.99099E-05 9.99099E-05
9.99097E-05 0.0874932 0.682781 9.99097E-05 9.99097E-05 0.0337761 9.99097E-05 9.99097E-05 0.170122 9.99097E-05 9.99097E-05 0.0248287 9.99097E-05 9.99097E-05 9.99097E-05
9.991E-05 0.255699 0.191094 9.991E-05 9.991E-05 0.14797 0.00336088 9.991E-05 0.400877 9.991E-05 9.991E-05 9.991E-05 9.991E-05 9.991E-05 9.991E-05
9.99098E-05 0.150188 0.655349 9.99098E-05 9.99098E-05 9.99098E-05 9.99098E-05 9.99098E-05 0.0553735 9.99098E-05 0.0276856 0.110405 9.99098E-05 9.99098E-05 9.99098E-05
9.99279E-05 0.0920055 0.279473 9.99279E-05 0.0918535 0.000297782 0.322174 9.99279E-05 9.99279E-05 9.99279E-05 0.177463 9.99279E-05 0.035934 9.99279E-05 9.99279E-05
9.9919E-05 0.254386 0.142076 9.9919E-05 0.0684403 0.436846 0.0538078 9.9919E-05 9.9919E-05 9.9919E-05 9.9919E-05 9.9919E-05 0.0435448 9.9919E-05 9.9919E-05
9.99189E-05 0.115596 0.200871 0.263596 9.99189E-05 9.99189E-05 0.0319742 9.99189E-05 9.99189E-05 9.99189E-05 9.99189E-05 9.99189E-05 0.345909 0.041155 9.99189E-05
9.99008E-05 0.3676 9.99008E-05 0.222748 9.99008E-05 9.99008E-05 9.99008E-05 9.99008E-05 0.00337297 9.99008E-05 9.99008E-05 9.99008E-05 0.40518 9.99008E-05 9.99008E-05
9.991E-05 0.369416 0.0733356 0.404016 9.991E-05 9.991E-05 0.0736054 9.991E-05 9.991E-05 9.991E-05 9.991E-05 9.991E-05 0.0786277 9.991E-05 9.991E-05
9.99098E-05 0.448372 9.99098E-05 9.99098E-05 9.99098E-05 0.0583777 9.99098E-05 9.99098E-05 0.193598 9.99098E-05 9.99098E-05 0.0117193 0.286934 9.99098E-05 9.99098E-05
9.99279E-05 0.102881 0.100829 9.99279E-05 0.102621 0.0036407 9.99279E-05 9.99279E-05 9.99279E-05 0.0049486 0.0811108 9.99279E-05 0.60317 9.99279E-05 9.99279E-05
9.99099E-05 9.99099E-05 9.99099E-05 0.0140842 9.99099E-05 9.99099E-05 0.104714 0.0850331 9.99099E-05 9.99099E-05 9.99099E-05 0.01937 0.7758 9.99099E-05 9.99099E-05
9.99098E-05 9.99098E-05 0.179727 9.99098E-05 9.99098E-05 9.99098E-05 0.548097 9.99098E-05 0.112607 9.99098E-05 0.0538142 0.104756 9.99098E-05 9.99098E-05 9.99098E-05
9.99008E-05 0.47857 9.99008E-05 9.99008E-05 9.99008E-05 9.99008E-05 0.249743 9.99008E-05 0.188598 9.99008E-05 9.99008E-05 0.0819908 9.99008E-05 9.99008E-05 9.99008E-05
9.98918E-05 9.98918E-05 0.136758 9.98918E-05 9.98918E-05 9.98918E-05 0.680085 9.98918E-05 9.98918E-05 9.98918E-05 9.98918E-05 9.98918E-05 9.98918E-05 9.98918E-05 0.181958
9.99007E-05 0.302641 9.99007E-05 9.99007E-05 9.99007E-05 9.99007E-05 0.420892 9.99007E-05 0.106403 9.99007E-05 9.99007E-05 0.168965 9.99007E-05 9.99007E-05 9.99007E-05
9.99008E-05 0.205245 9.99008E-05 9.99008E-05 9.99008E-05 9.99008E-05 0.509504 9.99008E-05 0.222563 9.99008E-05 9.99008E-05 0.0615893 9.99008E-05 9.99008E-05 9.99008E-05
9.99099E-05 9.99099E-05 9.99099E-05 9.99099E-05 9.99099E-05 9.99099E-05 0.682525 0.0312865 9.99099E-05 9.99099E-05 9.99099E-05 9.99099E-05 0.0231343 0.0953552 0.1667
9.99098E-05 0.259889 9.99098E-05 9.99098E-05 9.99098E-05 9.99098E-05 0.317737 9.99098E-05 9.99098E-05 9.99098E-05 9.99098E-05 0.18682 0.197363 9.99098E-05 0.0371929
9.99279E-05 0.217183 9.99279E-05 9.99279E-05 9.99279E-05 9.99279E-05 0.623033 9.99279E-05 0.00697485 9.99279E-05 0.0819012 0.0403234 9.99279E-05 0.00883779 0.0209469
9.99098E-05 0.0390766 9.99098E-05 9.99098E-05 0.548777 0.304738 9.99098E-05 9.99098E-05 0.0883304 9.99098E-05 9.99098E-05 0.0180786 9.99098E-05 9.99098E-05 9.99098E-05
9.99099E-05 0.133946 9.99099E-05 9.99099E-05 0.566744 0.0437011 9.99099E-05 9.99099E-05 0.174406 9.99099E-05 0.0802036 9.99099E-05 9.99099E-05 9.99099E-05 9.99099E-05
9.99189E-05 0.0429449 9.99189E-05 0.0237997 0.749887 9.99189E-05 9.99189E-05 9.99189E-05 0.0246657 9.99189E-05 9.99189E-05 0.0193551 9.99189E-05 0.138449 9.99189E-05
9.991E-05 9.991E-05 9.991E-05 9.991E-05 0.361468 9.991E-05 0.0307869 9.991E-05 9.991E-05 9.991E-05 9.991E-05 0.21869 9.991E-05 0.0117884 0.376268
0.0312671 9.99098E-05 9.99098E-05 9.99098E-05 0.535481 0.279889 0.0124417 9.99098E-05 9.99098E-05 9.99098E-05 9.99098E-05 0.139922 9.99098E-05 9.99098E-05 9.99098E-05
9.99368E-05 9.99368E-05 9.99368E-05 0.0174457 0.09413 9.99368E-05 0.0688976 0.00956813 9.99368E-05 9.99368E-05 0.235219 0.323885 9.99368E-05 0.0388431 0.211312
9.98917E-05 9.98917E-05 9.98917E-05 9.98917E-05 0.339931 9.98917E-05 9.98917E-05 9.98917E-05 0.250318 9.98917E-05 9.98917E-05 0.408553 9.98917E-05 9.98917E-05 9.98917E-05
9.99008E-05 0.0245467 9.99008E-05 9.99008E-05 0.634596 0.235354 9.99008E-05 9.99008E-05 9.99008E-05 9.99008E-05 9.99008E-05 0.104405 9.99008E-05 9.99008E-05 9.99008E-05
9.99189E-05 0.00138436 9.99189E-05 9.99189E-05 0.578596 9.99189E-05 0.0540648 9.99189E-05 0.0356708 9.99189E-05 0.254647 0.0747384 9.99189E-05 9.99189E-05 9.99189E-05
9.99189E-05 9.99189E-05 0.016856 9.99189E-05 0.570871 9.99189E-05 9.99189E-05 0.110963 9.99189E-05 0.204963 9.99189E-05 9.99189E-05 0.0944812 0.000966835 9.99189E-05
0.0999491 0.0609783 9.99009E-05 9.99009E-05 0.263264 0.57471 9.99009E-05 9.99009E-05 9.99009E-05 9.99009E-05 9.99009E-05 9.99009E-05 9.99009E-05 9.99009E-05 9.99009E-05
0.0564449 9.99098E-05 9.99098E-05 9.99098E-05 0.421744 9.99098E-05 9.99098E-05 0.0510934 0.0794475 0.390271 9.99098E-05 9.99098E-05 9.99098E-05 9.99098E-05 9.99098E-05
9.99008E-05 0.030777 9.99008E-05 9.99008E-05 0.62479 0.104581 9.99008E-05 9.99008E-05 9.99008E-05 9.99008E-05 9.99008E-05 0.238753 9.99008E-05 9.99008E-05 9.99008E-05
9.99368E-05 9.99368E-05 9.99368E-05 0.00844418 0.427793 9.99368E-05 0.0597807 9.99368E-05 9.99368E-05 0.112038 0.250973 0.129262 0.00110754 9.99368E-05 0.00990196
0.0250964 9.99099E-05 0.0355269 9.99099E-05 0.571317 0.0530525 9.99099E-05 9.99099E-05 9.99099E-05 9.99099E-05 0.314009 9.99099E-05 9.99099E-05 9.99099E-05 9.99099E-05
9.99189E-05 9.99189E-05 0.0603069 9.99189E-05 0.18727 0.0559083 9.99189E-05 0.0188801 9.99189E-05 9.99189E-05 0.0838679 0.592867 9.99189E-05 9.99189E-05 9.99189E-05
9.99187E-05 9.99187E-05 9.99187E-05 0.192585 0.391136 9.99187E-05 0.0641166 0.115258 9.99187E-05 9.99187E-05 9.99187E-05 9.99187E-05 0.0406763 9.99187E-05 0.195329
9.99098E-05 9.99098E-05 9.99098E-05 0.104536 0.336943 9.99098E-05 9.99098E-05 0.0333011 0.0411328 9.99098E-05 9.99098E-05 9.99098E-05 9.99098E-05 0.483088 9.99098E-05
0.0109582 0.104754 0.0368063 9.99189E-05 0.509831 9.99189E-05 9.99189E-05 9.99189E-05 0.10015 9.99189E-05 0.236601 9.99189E-05 9.99189E-05 9.99189E-05 9.99189E-05
9.98918E-05 0.0177111 9.98918E-05 9.98918E-05 0.544363 9.98918E-05 9.98918E-05 9.98918E-05 9.98918E-05 9.98918E-05 9.98918E-05 0.436727 9.98918E-05 9.98918E-05 9.98918E-05
0.0358002 9.99189E-05 0.043068 9.99189E-05 0.677177 9.99189E-05 9.99189E-05 9.99189E-05 9.99189E-05 0.0870659 0.105794 9.99189E-05 9.99189E-05 9.99189E-05 0.0501954
9.98919E-05 9.98919E-05 9.98919E-05 0.316512 0.650223 9.98919E-05 9.98919E-05 9.98919E-05 9.98919E-05 9.98919E-05 9.98919E-05 9.98919E-05 9.98919E-05 0.0320666 9.98919E-05
0.0366576 9.99492E-05 0.0136421 0.101053 0.0186127 9.99492E-05 9.99492E-05 0.00500353 9.99492E-05 0.110051 0.23118 9.99492E-05 0.0890536 9.99492E-05 0.394147
0.685754 9.99008E-05 9.99008E-05 9.99008E-05 9.99008E-05 9.99008E-05 9.99008E-05 0.00067759 0.132828 9.99008E-05 9.99008E-05 0.179641 9.99008E-05 9.99008E-05 9.99008E-05
9.99098E-05 9.99098E-05 9.99098E-05 0.162301 9.99098E-05 9.99098E-05 9.99098E-05 9.99098E-05 0.0632759 9.99098E-05 0.139644 9.99098E-05 9.99098E-05 0.519741 0.114039
0.00147037 9.99189E-05 0.00230729 0.0222933 9.99189E-05 0.124399 9.99189E-05 9.99189E-05 9.99189E-05 9.99189E-05 0.479378 0.369252 9.99189E-05 9.99189E-05 9.99189E-05
0.488969 0.00280333 9.99007E-05 9.99007E-05 9.99007E-05 0.38732 9.99007E-05 9.99007E-05 0.119808 9.99007E-05 9.99007E-05 9.99007E-05 9.99007E-05 9.99007E-05 9.99007E-05
9.99278E-05 9.99278E-05 9.99278E-05 0.312522 9.99278E-05 9.99278E-05 9.99278E-05 0.192627 9.99278E-05 0.305492 0.101012 0.00147912 9.99278E-05 0.055802 0.0302665
0.702589 9.99189E-05 0.0230413 0.0339083 9.99189E-05 9.99189E-05 9.99189E-05 0.00796823 9.99189E-05 0.223038 0.00855641 9.99189E-05 9.99189E-05 9.99189E-05 9.99189E-05
9.99278E-05 9.99278E-05 9.99278E-05 0.101389 9.99278E-05 9.99278E-05 0.0552291 9.99278E-05 0.16138 9.99278E-05 0.44583 0.0161563 0.0306102 9.99278E-05 0.188607
0.671622 9.98919E-05 9.98919E-05 0.305837 9.98919E-05 9.98919E-05 9.98919E-05 9.98919E-05 9.98919E-05 9.98919E-05 9.98919E-05 9.98919E-05 9.98919E-05 0.0213423 9.98919E-05
0.233067 9.99099E-05 9.99099E-05 0.0463046 9.99099E-05 0.158482 9.99099E-05 9.99099E-05 0.386052 9.99099E-05 9.99099E-05 0.175095 9.99099E-05 9.99099E-05 9.99099E-05
0.145015 9.99278E-05 9.99278E-05 0.230733 0.014575 9.99278E-05 9.99278E-05 9.99278E-05 9.99278E-05 0.235321 0.0782221 9.99278E-05 0.0627858 9.99278E-05 0.232549
0.578091 9.98828E-05 9.98828E-05 9.98828E-05 9.98828E-05 9.98828E-05 9.98828E-05 9.98828E-05 9.98828E-05 9.98828E-05 9.98828E-05 9.98828E-05 9.98828E-05 0.42061 9.98828E-05
0.407997 9.98918E-05 9.98918E-05 9.98918E-05 9.98918E-05 0.319269 9.98918E-05 9.98918E-05 0.271535 9.98918E-05 9.98918E-05 9.98918E-05 9.98918E-05 9.98918E-05 9.98918E-05
9.99189E-05 9.99189E-05 9.99189E-05 0.126121 9.99189E-05 9.99189E-05 9.99189E-05 0.267232 9.99189E-05 0.205953 9.99189E-05 0.0187684 9.99189E-05 0.0400663 0.34096
0.506221 9.99098E-05 9.99098E-05 0.23553 9.99098E-05 9.99098E-05 9.99098E-05 0.193346 9.99098E-05 9.99098E-05 9.99098E-05 9.99098E-05 0.0431178 0.0207864 9.99098E-05
9.99098E-05 9.99098E-05 9.99098E-05 0.549494 9.99098E-05 9.99098E-05 9.99098E-05 0.199845 9.99098E-05 0.0459651 9.99098E-05 0.196345 9.99098E-05 0.00735237 9.99098E-05
0.47125 9.98918E-05 9.98918E-05 9.98918E-05 9.98918E-05 0.460856 9.98918E-05 9.98918E-05 0.0666953 9.98918E-05 9.98918E-05 9.98918E-05 9.98918E-05 9.98918E-05 9.98918E-05
0.24082 9.99007E-05 9.99007E-05 0.583162 9.99007E-05 9.99007E-05 9.99007E-05 9.99007E-05 9.99007E-05 9.99007E-05 9.99007E-05 9.99007E-05 9.99007E-05 0.0414063 0.133513
9.99279E-05 9.99279E-05 9.99279E-05 0.0676294 0.0166394 9.99279E-05 9.99279E-05 0.00349239 9.99279E-05 0.27369 0.15913 9.99279E-05 0.0107468 9.99279E-05 0.467872
0.0644572 9.99098E-05 9.99098E-05 9.99098E-05 9.99098E-05 9.99098E-05 0.0593648 9.99098E-05 9.99098E-05 9.99098E-05 0.41109 0.359615 9.99098E-05 9.99098E-05 0.104475
9.99371E-05 9.99371E-05 0.0370518 9.99371E-05 0.0810832 0.107735 9.99371E-05 9.99371E-05 9.99371E-05 9.99371E-05 0.0963241 0.123174 0.0263242 0.418901 0.108707
0.0389806 9.99459E-05 0.0610853 0.37537 9.99459E-05 0.0347866 0.000625985 9.99459E-05 9.99459E-05 9.99459E-05 0.153092 0.0632043 9.99459E-05 0.211221 0.0610348
0.452835 9.99007E-05 9.99007E-05 9.99007E-05 9.99007E-05 0.366567 9.99007E-05 9.99007E-05 0.0371036 9.99007E-05 9.99007E-05 0.142396 9.99007E-05 9.99007E-05 9.99007E-05
0.1097 0.0343477 0.0368017 0.301067 9.99459E-05 9.99459E-05 0.0370282 9.99459E-05 9.99459E-05 0.0927936 0.0264284 0.235321 9.99459E-05 9.99459E-05 0.125913
0.549511 9.99006E-05 9.99006E-05 9.99006E-05 9.99006E-05 9.99006E-05 0.0807563 9.99006E-05 9.99006E-05 9.99006E-05 0.297143 9.99006E-05 9.99006E-05 9.99006E-05 0.0714909
0.0602362 0.0621833 0.0288032 9.99369E-05 0.136542 0.220163 0.00885627 9.99369E-05 9.99369E-05 9.99369E-05 0.308943 0.173573 9.99369E-05 9.99369E-05 9.99369E-05
0.116344 9.99459E-05 0.0142713 0.527864 0.0469304 9.99459E-05 0.0505063 9.99459E-05 9.99459E-05 0.0187138 9.99459E-05 0.0629935 0.0284868 9.99459E-05 0.13329
0.200777 9.9928E-05 0.000212104 9.9928E-05 0.383007 0.0238919 9.9928E-05 9.9928E-05 9.9928E-05 9.9928E-05 0.266194 9.9928E-05 0.0989188 9.9928E-05 0.0261993
9.991E-05 9.991E-05 0.0418049 9.991E-05 9.991E-05 0.641147 9.991E-05 0.042321 0.257148 9.991E-05 9.991E-05 9.991E-05 0.0165799 9.991E-05 9.991E-05
0.20025 9.99278E-05 9.99278E-05 9.99278E-05 0.098818 0.0338906 0.0625725 9.99278E-05 0.0642682 9.99278E-05 0.397508 0.141893 9.99278E-05 9.99278E-05 9.99278E-05
0.0562403 0.041572 0.0358664 9.99549E-05 0.0323427 0.214265 9.99549E-05 9.99549E-05 9.99549E-05 0.0384458 0.103043 0.475594 0.00107389 9.99549E-05 0.00105637
0.106967 9.99279E-05 0.0353138 9.99279E-05 9.99279E-05 0.136795 9.99279E-05 9.99279E-05 9.99279E-05 0.468984 0.189563 9.99279E-05 0.0381653 0.0234125 9.99279E-05
9.98918E-05 9.98918E-05 9.98918E-05 9.98918E-05 9.98918E-05 0.522354 9.98918E-05 9.98918E-05 9.98918E-05 9.98918E-05 0.0565817 0.419866 9.98918E-05 9.98918E-05 9.98918E-05
9.99188E-05 9.99188E-05 9.99188E-05 0.512312 9.99188E-05 9.99188E-05 9.99188E-05 0.162015 9.99188E-05 0.125918 0.103855 0.0034659 9.99188E-05 0.0915353 9.99188E-05
0.0201504 9.99008E-05 9.99008E-05 9.99008E-05 9.99008E-05 0.451318 9.99008E-05 9.99008E-05 9.99008E-05 9.99008E-05 0.216409 0.311023 9.99008E-05 9.99008E-05 9.99008E-05
0.282017 9.99279E-05 9.99279E-05 0.085763 0.0371051 0.179272 9.99279E-05 9.99279E-05 9.99279E-05 9.99279E-05 0.0404483 9.99279E-05 9.99279E-05 0.360853 0.0137418
0.113463 9.99279E-05 9.99279E-05 0.313185 0.13287 9.99279E-05 9.99279E-05 0.114716 0.0228283 9.99279E-05 0.0191938 9.99279E-05 9.99279E-05 0.282944 9.99279E-05
0.125087 0.042814 0.0152343 9.99281E-05 0.180812 9.99281E-05 9.99281E-05 9.99281E-05 9.99281E-05 9.99281E-05 0.516203 9.99281E-05 0.0852877 9.99281E-05 0.033763
9.99368E-05 9.99368E-05 9.99368E-05 0.080121 0.109988 9.99368E-05 9.99368E-05 0.00260512 0.0475067 9.99368E-05 0.494919 0.137139 0.0441299 9.99368E-05 0.0828919
0.0601881 9.99279E-05 0.0322433 9.99279E-05 0.183425 0.0184504 9.99279E-05 0.0296953 9.99279E-05 9.99279E-05 0.659851 9.99279E-05 0.0153472 9.99279E-05 9.99279E-05
9.99189E-05 9.99189E-05 9.99189E-05 0.418708 0.124434 0.124205 9.99189E-05 9.99189E-05 9.99189E-05 9.99189E-05 0.111573 0.0368449 9.99189E-05 0.183335 9.99189E-05
9.99099E-05 9.99099E-05 9.99099E-05 9.99099E-05 0.0653403 0.652678 9.99099E-05 0.0497197 0.134836 9.99099E-05 0.0964265 9.99099E-05 9.99099E-05 9.99099E-05 9.99099E-05
0.266555 9.99099E-05 0.0113379 9.99099E-05 0.0165487 0.683817 9.99099E-05 9.99099E-05 0.0207425 9.99099E-05 9.99099E-05 9.99099E-05 9.99099E-05 9.99099E-05 9.99099E-05
0.191925 0.0470622 9.99099E-05 9.99099E-05 9.99099E-05 9.99099E-05 9.99099E-05 9.99099E-05 0.174964 9.99099E-05 0.165354 0.419696 9.99099E-05 9.99099E-05 9.99099E-05
0.152877 0.118704 9.99099E-05 9.99099E-05 9.99099E-05 0.546546 9.99099E-05 9.99099E-05 9.99099E-05 9.99099E-05 0.128256 0.0526178 9.99099E-05 9.99099E-05 9.99099E-05
9.9901E-05 9.9901E-05 9.9901E-05 9.9901E-05 0.0166886 0.804703 9.9901E-05 0.110329 0.067181 9.9901E-05 9.9901E-05 9.9901E-05 9.9901E-05 9.9901E-05 9.9901E-05
0.277704 0.124086 9.99188E-05 9.99188E-05 9.99188E-05 9.99188E-05 9.99188E-05 9.99188E-05 0.325537 9.99188E-05 0.0740105 0.137561 9.99188E-05 9.99188E-05 0.0602022
0.0465128 9.99368E-05 9.99368E-05 0.00650121 9.99368E-05 0.146943 0.00360724 9.99368E-05 0.042071 0.043435 0.312613 0.397617 9.99368E-05 9.99368E-05 9.99368E-05
0.0103021 9.9928E-05 0.0391564 9.9928E-05 9.9928E-05 0.0182463 0.0208571 0.410421 9.9928E-05 9.9928E-05 9.9928E-05 9.9928E-05 9.9928E-05 0.0634616 0.436756
9.99008E-05 9.99008E-05 0.0171278 0.00272574 9.99008E-05 9.99008E-05 9.99008E-05 0.845315 9.99008E-05 9.99008E-05 9.99008E-05 0.133732 9.99008E-05 9.99008E-05 9.99008E-05
9.99188E-05 9.99188E-05 9.99188E-05 9.99188E-05 9.99188E-05 9.99188E-05 0.0912646 0.117576 0.0306198 9.99188E-05 0.137933 0.567565 9.99188E-05 9.99188E-05 0.0541418
9.99007E-05 9.99007E-05 9.99007E-05 0.0846281 9.99007E-05 9.99007E-05 9.99007E-05 0.6251 9.99007E-05 0.169521 9.99007E-05 0.119652 9.99007E-05 9.99007E-05 9.99007E-05
9.98919E-05 9.98919E-05 9.98919E-05 9.98919E-05 0.0517342 9.98919E-05 9.98919E-05 0.938498 0.00856858 9.98919E-05 9.98919E-05 9.98919E-05 9.98919E-05 9.98919E-05 9.98919E-05
9.99278E-05 9.99278E-05 0.049733 9.99278E-05 0.0134604 9.99278E-05 9.99278E-05 0.434814 0.0655437 9.99278E-05 0.0160287 0.00714553 9.99278E-05 0.412475 9.99278E-05
9.99009E-05 9.99009E-05 9.99009E-05 0.0830859 9.99009E-05 9.99009E-05 9.99009E-05 0.701546 9.99009E-05 9.99009E-05 9.99009E-05 0.09949 9.99009E-05 0.114779 9.99009E-05
9.99279E-05 9.99279E-05 0.00803467 9.99279E-05 9.99279E-05 0.0123221 0.0205353 0.205207 0.287475 9.99279E-05 0.0112606 0.454366 9.99279E-05 9.99279E-05 9.99279E-05
0.163003 9.9901E-05 9.9901E-05 9.9901E-05 9.9901E-05 0.338775 9.9901E-05 9.9901E-05 0.381961 9.9901E-05 9.9901E-05 0.115162 9.9901E-05 9.9901E-05 9.9901E-05
9.99278E-05 9.99278E-05 9.99278E-05 0.0162982 0.0107871 9.99278E-05 0.11271 9.99278E-05 0.0300163 9.99278E-05 0.174792 0.0589687 9.99278E-05 9.99278E-05 0.595628
9.99009E-05 9.99009E-05 9.99009E-05 9.99009E-05 0.0273592 9.99009E-05 9.99009E-05 0.129265 0.531981 9.99009E-05 9.99009E-05 0.310296 9.99009E-05 9.99009E-05 9.99009E-05
9.9919E-05 9.9919E-05 0.0122081 9.9919E-05 9.9919E-05 9.9919E-05 0.223088 0.105422 0.0389486 9.9919E-05 0.00321217 0.616222 9.9919E-05 9.9919E-05 9.9919E-05
9.99188E-05 9.99188E-05 9.99188E-05 9.99188E-05 9.99188E-05 9.99188E-05 0.0679818 0.204956 9.99188E-05 0.0239263 0.0759338 0.467629 9.99188E-05 9.99188E-05 0.158674
0.0964185 0.0022497 9.99099E-05 9.99099E-05 9.99099E-05 0.0935707 9.99099E-05 9.99099E-05 0.117117 9.99099E-05 9.99099E-05 0.689645 9.99099E-05 9.99099E-05 9.99099E-05
9.99279E-05 0.0365422 9.99279E-05 9.99279E-05 0.018209 0.0660279 9.99279E-05 0.0107965 0.0912821 9.99279E-05 9.99279E-05 0.49721 9.99279E-05 9.99279E-05 0.279133
0.196196 0.0548229 0.0704812 0.150707 9.99369E-05 9.99369E-05 0.0308851 0.0920122 9.99369E-05 9.99369E-05 0.139449 9.99369E-05 9.99369E-05 9.99369E-05 0.264747
9.99278E-05 9.99278E-05 9.99278E-05 9.99278E-05 9.99278E-05 9.99278E-05 0.0331595 9.99278E-05 0.283666 0.122625 0.17701 0.22381 0.0166203 9.99278E-05 0.142309
9.99188E-05 9.99188E-05 9.99188E-05 9.99188E-05 0.0940599 9.99188E-05 0.00423631 9.99188E-05 0.262253 9.99188E-05 0.0934043 0.193457 9.99188E-05 9.99188E-05 0.35169
9.99099E-05 9.99099E-05 9.99099E-05 0.0653333 9.99099E-05 9.99099E-05 9.99099E-05 0.137049 9.99099E-05 0.449405 9.99099E-05 0.0600166 9.99099E-05 9.99099E-05 0.287196
9.9928E-05 9.9928E-05 9.9928E-05 9.9928E-05 9.9928E-05 9.9928E-05 0.0362806 0.0202576 9.9928E-05 0.0424198 0.283946 0.0917859 9.9928E-05 0.0214506 0.50306
9.9928E-05 9.9928E-05 9.9928E-05 9.9928E-05 9.9928E-05 0.0382453 9.9928E-05 9.9928E-05 0.602977 0.0635298 0.0673422 0.178057 9.9928E-05 0.03087 0.0181796
9.99099E-05 0.0272213 9.99099E-05 0.113854 9.99099E-05 9.99099E-05 9.99099E-05 9.99099E-05 9.99099E-05 9.99099E-05 0.042583 0.743413 9.99099E-05 9.99099E-05 0.0719292
0.118012 9.99099E-05 9.99099E-05 0.00349862 9.99099E-05 0.265939 9.99099E-05 9.99099E-05 0.346305 9.99099E-05 9.99099E-05 0.265246 9.99099E-05 9.99099E-05 9.99099E-05
9.99188E-05 9.99188E-05 9.99188E-05 0.157504 9.99188E-05 9.99188E-05 9.99188E-05 0.347139 9.99188E-05 0.0126494 0.121999 0.00789084 9.99188E-05 9.99188E-05 0.351918
9.99099E-05 9.99099E-05 9.99099E-05 9.99099E-05 9.99099E-05 9.99099E-05 0.0911719 9.99099E-05 9.99099E-05 0.0261403 0.322197 0.179832 9.99099E-05 9.99099E-05 0.37966
0.104701 0.0143842 9.99189E-05 9.99189E-05 9.99189E-05 0.0819022 9.99189E-05 9.99189E-05 0.403701 9.99189E-05 9.99189E-05 0.387653 9.99189E-05 9.99189E-05 0.00675937
0.285617 9.9928E-05 9.9928E-05 9.9928E-05 0.0479176 9.9928E-05 9.9928E-05 0.383513 9.9928E-05 0.0125287 9.9928E-05 9.9928E-05 0.0648241 0.0472938 0.157507
0.427201 9.99009E-05 9.99009E-05 9.99009E-05 9.99009E-05 9.99009E-05 9.99009E-05 0.056902 9.99009E-05 0.478811 9.99009E-05 9.99009E-05 9.99009E-05 9.99009E-05 0.0359866
9.99279E-05 0.0845224 0.0442972 9.99279E-05 9.99279E-05 0.305114 0.0840678 9.99279E-05 0.00106868 9.99279E-05 0.146878 0.333252 9.99279E-05 9.99279E-05 9.99279E-05
0.516258 0.0252852 0.0311672 9.99279E-05 0.0649334 0.140321 9.99279E-05 9.99279E-05 9.99279E-05 9.99279E-05 0.169809 0.0514262 9.99279E-05 9.99279E-05 9.99279E-05
0.178974 9.99189E-05 0.0292408 9.99189E-05 9.99189E-05 9.99189E-05 0.0430984 0.359444 0.0585583 0.329785 9.99189E-05 9.99189E-05 9.99189E-05 9.99189E-05 9.99189E-05
0.365467 9.99099E-05 9.99099E-05 0.0581971 9.99099E-05 9.99099E-05 0.0418441 0.49223 9.99099E-05 9.99099E-05 9.99099E-05 9.99099E-05 9.99099E-05 0.041263 9.99099E-05
0.230779 9.99369E-05 9.99369E-05 0.139865 9.99369E-05 9.99369E-05 0.107235 0.357995 9.99369E-05 0.0484571 9.99369E-05 9.99369E-05 0.0197188 0.0160819 0.0791692
0.240554 9.9901E-05 0.0237471 9.9901E-05 9.9901E-05 0.679615 9.9901E-05 9.9901E-05 0.0549845 9.9901E-05 9.9901E-05 9.9901E-05 9.9901E-05 9.9901E-05 9.9901E-05
0.324456 0.0136931 9.991E-05 9.991E-05 9.991E-05 9.991E-05 0.0303623 9.991E-05 9.991E-05 9.991E-05 0.179489 0.451 9.991E-05 9.991E-05 9.991E-05
0.104788 9.99278E-05 9.99278E-05 9.99278E-05 0.29559 9.99278E-05 0.0333917 9.99278E-05 9.99278E-05 0.12926 0.324656 9.99278E-05 0.0300472 9.99278E-05 0.0814671
0.293987 9.99278E-05 9.99278E-05 0.115076 0.0252975 9.99278E-05 9.99278E-05 0.397315 9.99278E-05 0.144779 9.99278E-05 0.0158471 9.99278E-05 9.99278E-05 0.00689849
0.166626 0.0555473 0.00714456 9.99279E-05 0.0438149 0.505786 9.99279E-05 9.99279E-05 9.99279E-05 9.99279E-05 0.117481 0.1028 9.99279E-05 9.99279E-05 9.99279E-05
0.134728 9.99189E-05 0.0251415 9.99189E-05 9.99189E-05 9.99189E-05 9.99189E-05 0.0886469 9.99189E-05 9.99189E-05 0.385269 0.355227 9.99189E-05 9.99189E-05 0.010088
0.203787 9.99188E-05 9.99188E-05 9.99188E-05 9.99188E-05 9.99188E-05 0.0394421 0.120512 0.0939021 9.99188E-05 0.226381 0.315077 9.99188E-05 9.99188E-05 9.99188E-05
0.272668 9.99098E-05 9.99098E-05 0.00743128 0.27085 9.99098E-05 9.99098E-05 9.99098E-05 9.99098E-05 9.99098E-05 0.426183 9.99098E-05 0.0218687 9.99098E-05 9.99098E-05
9.99188E-05 0.0309104 9.99188E-05 0.0551102 0.134769 9.99188E-05 9.99188E-05 9.99188E-05 0.117715 9.99188E-05 0.182445 0.478151 9.99188E-05 9.99188E-05 9.99188E-05
9.99278E-05 9.99278E-05 9.99278E-05 9.99278E-05 0.0132237 9.99278E-05 9.99278E-05 0.0986162 9.99278E-05 0.190281 0.1203 0.181701 0.0471991 9.99278E-05 0.34788
0.10518 9.99279E-05 9.99279E-05 9.99279E-05 9.99279E-05 9.99279E-05 0.0498535 0.0104365 9.99279E-05 0.130431 0.537307 0.0287039 9.99279E-05 9.99279E-05 0.137288
0.267757 9.9928E-05 0.0128061 0.137256 9.9928E-05 9.9928E-05 9.9928E-05 0.40701 9.9928E-05 0.137384 9.9928E-05 9.9928E-05 0.00578932 0.0311976 9.9928E-05
0.352332 0.12885 0.0184177 9.99278E-05 9.99278E-05 9.99278E-05 9.99278E-05 9.99278E-05 0.279281 9.99278E-05 0.0568704 0.129996 9.99278E-05 9.99278E-05 0.033454
0.233754 0.0133888 9.99369E-05 0.00756631 9.99369E-05 9.99369E-05 9.99369E-05 0.28653 9.99369E-05 0.0802586 0.0709535 9.99369E-05 0.0101718 9.99369E-05 0.296678
0.147752 9.99188E-05 9.99188E-05 0.137998 9.99188E-05 9.99188E-05 9.99188E-05 0.072903 9.99188E-05 9.99188E-05 9.99188E-05 0.0641551 9.99188E-05 0.383685 0.192607
0.19952 9.99098E-05 9.99098E-05 9.99098E-05 9.99098E-05 0.0439678 9.99098E-05 9.99098E-05 0.549567 9.99098E-05 0.126006 0.0799401 9.99098E-05 9.99098E-05 9.99098E-05
0.010728 9.99459E-05 9.99459E-05 9.99459E-05 9.99459E-05 0.011677 0.0365609 0.0365213 0.0064674 0.198614 0.104046 0.501102 9.99459E-05 9.99459E-05 0.0936843
0.151737 0.0705992 9.99279E-05 9.99279E-05 9.99279E-05 9.99279E-05 0.00418337 9.99279E-05 0.0925627 9.99279E-05 0.0616432 0.58408 9.99279E-05 9.99279E-05 0.0343951
0.0517312 9.9937E-05 0.0181605 9.9937E-05 9.9937E-05 9.9937E-05 0.0180984 0.436812 9.9937E-05 0.0378026 9.9937E-05 9.9937E-05 0.0184565 0.0346093 0.38363
0.0149665 0.173847 0.0491393 9.9946E-05 9.9946E-05 9.9946E-05 0.0232952 0.0446442 9.9946E-05 0.0396331 9.9946E-05 0.0356893 9.9946E-05 0.380833 0.237353
0.0489099 9.99279E-05 9.99279E-05 0.0338642 9.99279E-05 9.99279E-05 9.99279E-05 0.143724 9.99279E-05 0.0137903 9.99279E-05 0.112574 0.0943427 9.99279E-05 0.551996
0.173996 9.99099E-05 9.99099E-05 9.99099E-05 9.99099E-05 9.99099E-05 9.99099E-05 0.00198895 0.606617 9.99099E-05 0.0946897 0.121709 9.99099E-05 9.99099E-05 9.99099E-05
0.00559715 9.99459E-05 9.99459E-05 0.126839 9.99459E-05 9.99459E-05 0.0330365 0.00249241 0.0347123 9.99459E-05 0.0124783 0.049306 0.00196823 9.99459E-05 0.73297
0.0702637 9.99459E-05 0.0634226 9.99459E-05 0.0133253 0.00572155 9.99459E-05 0.0226336 0.0116446 9.99459E-05 9.99459E-05 0.00106449 0.00437973 9.99459E-05 0.806945
0.0409265 9.9919E-05 9.9919E-05 9.9919E-05 0.0459159 9.9919E-05 9.9919E-05 0.198883 0.0136647 0.172228 9.9919E-05 9.9919E-05 9.9919E-05 9.9919E-05 0.527482
9.99098E-05 9.99098E-05 9.99098E-05 0.0352995 0.0694677 9.99098E-05 9.99098E-05 9.99098E-05 0.630095 9.99098E-05 9.99098E-05 0.191843 9.99098E-05 9.99098E-05 0.0722954
0.0678211 0.0375036 0.0111002 9.99369E-05 9.99369E-05 9.99369E-05 9.99369E-05 0.0684097 9.99369E-05 0.00565986 0.129293 0.452919 9.99369E-05 9.99369E-05 0.226594
0.0147018 9.9955E-05 0.0378897 0.0186646 9.9955E-05 9.9955E-05 0.00765194 0.368295 0.0186776 0.334209 9.9955E-05 0.105273 9.9955E-05 0.0434748 0.0506631
0.179118 0.0772169 9.99201E-05 9.99201E-05 9.99201E-05 0.0907377 9.99201E-05 9.99201E-05 0.0405999 9.99201E-05 9.99201E-05 0.372783 9.99201E-05 0.0278821 0.210862
9.9919E-05 9.9919E-05 0.0289518 9.9919E-05 9.9919E-05 0.0355452 9.9919E-05 0.0910537 9.9919E-05 9.9919E-05 9.9919E-05 9.9919E-05 0.0110746 0.0567091 0.775766
9.9937E-05 0.0122947 9.9937E-05 0.293797 9.9937E-05 0.142516 9.9937E-05 9.9937E-05 0.0721059 9.9937E-05 0.100882 0.0582793 9.9937E-05 0.271916 0.0475091
0.106345 9.99098E-05 9.99098E-05 9.99098E-05 0.00542238 9.99098E-05 0.0545257 9.99098E-05 0.271143 9.99098E-05 9.99098E-05 9.99098E-05 9.99098E-05 9.99098E-05 0.561564
0.0968841 9.99099E-05 9.99099E-05 9.99099E-05 9.99099E-05 0.0554817 9.99099E-05 0.0181259 0.748808 9.99099E-05 9.99099E-05 0.079701 9.99099E-05 9.99099E-05 9.99099E-05
0.038841 9.99279E-05 9.99279E-05 0.0410585 9.99279E-05 9.99279E-05 0.131183 0.026028 9.99279E-05 9.99279E-05 0.301322 0.234723 9.99279E-05 9.99279E-05 0.226045
0.0542186 0.0132972 9.99278E-05 9.99278E-05 0.126747 0.0524734 9.99278E-05 9.99278E-05 0.172568 0.0403722 0.539525 9.99278E-05 9.99278E-05 9.99278E-05 9.99278E-05
0.00979175 0.0380795 0.00708676 9.993E-05 0.0513745 0.649696 9.993E-05 0.010316 9.993E-05 9.993E-05 0.0349036 0.198053 9.993E-05 9.993E-05 9.993E-05
9.99098E-05 9.99098E-05 9.99098E-05 0.030466 9.99098E-05 9.99098E-05 9.99098E-05 9.99098E-05 0.117946 9.99098E-05 0.569288 0.165054 9.99098E-05 9.99098E-05 0.116247
0.0448884 9.98918E-05 9.98918E-05 9.98918E-05 0.36193 9.98918E-05 9.98918E-05 9.98918E-05 9.98918E-05 9.98918E-05 9.98918E-05 0.591983 9.98918E-05 9.98918E-05 9.98918E-05
0.119708 9.99369E-05 9.99369E-05 0.0230071 9.99369E-05 0.0158181 0.013235 0.0758696 9.99369E-05 0.0670039 0.311562 0.373096 9.99369E-05 9.99369E-05 9.99369E-05
9.98918E-05 9.98918E-05 9.98918E-05 0.51936 9.98918E-05 9.98918E-05 9.98918E-05 0.275775 9.98918E-05 9.98918E-05 0.203666 9.98918E-05 9.98918E-05 9.98918E-05 9.98918E-05
0.274887 0.0136781 0.0253636 9.99189E-05 9.99189E-05 0.571286 9.99189E-05 9.99189E-05 9.99189E-05 9.99189E-05 0.0301183 0.0837685 9.99189E-05 9.99189E-05 9.99189E-05
0.287596 9.99099E-05 0.020568 9.99099E-05 9.99099E-05 9.99099E-05 9.99099E-05 9.99099E-05 9.99099E-05 9.99099E-05 0.0611128 9.99099E-05 0.00960795 0.620117 9.99099E-05
9.99278E-05 9.99278E-05 9.99278E-05 0.0388688 0.313599 9.99278E-05 0.105836 0.159697 9.99278E-05 0.00651656 9.99278E-05 0.135203 9.99278E-05 9.99278E-05 0.23948
9.99099E-05 9.99099E-05 9.99099E-05 0.222209 0.0684635 0.0998121 9.99099E-05 9.99099E-05 9.99099E-05 0.569642 9.99099E-05 0.0388742 9.99099E-05 9.99099E-05 9.99099E-05
9.99098E-05 0.011944 9.99098E-05 9.99098E-05 0.124986 0.623159 9.99098E-05 9.99098E-05 9.99098E-05 9.99098E-05 9.99098E-05 0.156413 9.99098E-05 9.99098E-05 0.0824987
0.0215658 9.99189E-05 9.99189E-05 9.99189E-05 0.0875819 0.476069 9.99189E-05 9.99189E-05 0.279601 9.99189E-05 0.0383733 0.0959104 9.99189E-05 9.99189E-05 9.99189E-05
