9.9991E-05 0.137268 0.411572 0.0185938 0.432467
9.9982E-05 9.9982E-05 0.504203 0.0570056 0.438592
0.0923725 0.034596 9.9991E-05 0.0253809 0.847551
0.0981138 0.116125 0.734099 9.9991E-05 0.0515627
0.0819265 0.0352615 0.7766 0.106112 9.9991E-05
0.0411979 0.0477797 0.192619 0.104228 0.614175
0.107238 9.9973E-05 9.9973E-05 9.9973E-05 0.892462
9.9982E-05 9.9982E-05 0.140408 0.0996718 0.75972
9.999E-05 0.0771035 0.577597 0.0375167 0.307683
0.460444 0.176325 9.9982E-05 9.9982E-05 0.363031
0.0109099 0.0694082 0.675036 9.9991E-05 0.244546
9.9982E-05 0.0832405 0.762581 9.9982E-05 0.153979
0.202766 0.0545687 0.399471 0.114263 0.228931
0.00897448 0.0693823 9.9982E-05 9.9982E-05 0.921443
9.9982E-05 0.0260757 0.822013 9.9982E-05 0.151711
0.432922 0.0378981 9.9991E-05 0.0464298 0.48265
0.0928473 9.9982E-05 0.0300058 9.9982E-05 0.876947
9.9973E-05 9.9973E-05 0.0639394 9.9973E-05 0.935761
9.9982E-05 0.0285058 0.597221 9.9982E-05 0.374074
0.0415542 0.879147 0.0790992 9.9982E-05 9.9982E-05
0.00869566 0.933402 0.0577023 9.9982E-05 9.9982E-05
0.00844452 0.956512 9.9982E-05 9.9982E-05 0.0348434
9.9973E-05 0.77027 0.22943 9.9973E-05 9.9973E-05
9.9973E-05 0.821454 0.178246 9.9973E-05 9.9973E-05
0.00334123 0.468652 9.9991E-05 0.194397 0.33351
9.9982E-05 0.477543 0.363295 0.158963 9.9982E-05
0.485568 0.25975 9.9982E-05 0.254481 9.9982E-05
0.0612638 0.430907 0.360097 0.147632 9.9991E-05
0.0798613 0.902198 9.9982E-05 9.9982E-05 0.0177411
9.9973E-05 0.948458 0.0512418 9.9973E-05 9.9973E-05
0.198699 0.67919 0.00411559 0.0112642 0.106731
0.112144 0.275022 9.9991E-05 0.485875 0.126859
0.316715 0.645853 9.9982E-05 9.9982E-05 0.0372313
9.9982E-05 0.687944 9.9982E-05 0.0113689 0.300487
9.9973E-05 0.927635 0.0720651 9.9973E-05 9.9973E-05
9.9973E-05 0.808386 0.191314 9.9973E-05 9.9973E-05
0.0868511 0.794383 0.118566 9.9982E-05 9.9982E-05
9.9973E-05 0.793728 0.205972 9.9973E-05 9.9973E-05
9.99729E-05 9.99729E-05 0.138861 0.860839 9.99729E-05
0.284317 9.9973E-05 9.9973E-05 0.715383 9.9973E-05
0.441946 0.105109 9.9982E-05 0.452745 9.9982E-05
0.125264 0.0810395 0.25003 0.543566 9.9991E-05
0.024937 0.303944 9.9991E-05 0.581181 0.0898378
0.154314 0.105285 9.9991E-05 0.571258 0.169043
9.9982E-05 0.16135 0.504672 0.333778 9.9982E-05
9.9973E-05 9.9973E-05 0.4043 0.5954 9.9973E-05
0.276281 0.172739 9.9991E-05 0.422174 0.128706
0.0198298 0.0210935 0.117441 0.841536 9.9991E-05
0.633438 9.9973E-05 9.9973E-05 0.366262 9.9973E-05
9.9973E-05 9.9973E-05 0.272874 0.726826 9.9973E-05
0.264922 9.9973E-05 9.9973E-05 0.734778 9.9973E-05
0.0943439 0.145887 0.217893 0.541775 9.9991E-05
9.9991E-05 0.197145 0.367459 0.429519 0.00577723
9.9991E-05 0.0355194 0.361038 0.537124 0.0662187
0.013415 0.134417 0.456351 0.395717 9.9991E-05
9.9991E-05 0.614787 0.341884 0.0383902 0.00483804
0.159968 9.99819E-05 9.99819E-05 0.81317 0.0266612
0.182159 0.146094 0.0479872 0.62366 9.9991E-05
0.275959 9.99729E-05 9.99729E-05 0.723741 9.99729E-05
9.9973E-05 9.9973E-05 0.255426 0.744274 9.9973E-05
9.99819E-05 0.0678263 0.236346 0.695628 9.99819E-05
9.9973E-05 9.9973E-05 0.302145 0.697555 9.9973E-05
0.171348 0.0571164 9.9991E-05 0.590335 0.181101
9.9982E-05 0.128733 0.338085 0.532983 9.9982E-05
0.116153 9.9982E-05 9.9982E-05 0.504472 0.379175
9.9991E-05 0.21252 0.354932 0.373204 0.0592442
9.9973E-05 9.9973E-05 0.352915 0.646785 9.9973E-05
9.9973E-05 9.9973E-05 0.380776 0.618924 9.9973E-05
9.9991E-05 0.225027 0.112443 0.442859 0.219572
9.9982E-05 0.423802 9.9982E-05 0.375793 0.200205
0.430491 0.246172 9.9982E-05 0.323137 9.9982E-05
0.271495 9.9982E-05 9.9982E-05 0.592036 0.136269
9.9973E-05 0.770706 0.228994 9.9973E-05 9.9973E-05
0.210934 9.99819E-05 9.99819E-05 0.687204 0.101661
9.9982E-05 0.0583448 0.302077 0.639378 9.9982E-05
9.9991E-05 0.339989 0.397214 0.261352 0.00134463
0.156333 0.749261 9.99819E-05 9.99819E-05 0.0942062
0.480111 0.221058 9.9991E-05 0.286563 0.0121681
0.0326588 0.745961 9.9991E-05 0.0316057 0.189674
0.101839 0.470769 0.0229099 0.375364 0.0291185
0.521123 0.160812 9.9982E-05 0.317865 9.9982E-05
9.9982E-05 0.31422 0.227619 0.457961 9.9982E-05
0.0592559 0.0308293 0.141305 0.76851 9.9991E-05
0.114025 0.196727 0.191635 0.497513 9.9991E-05
0.284721 9.9982E-05 9.9982E-05 0.674568 0.0405111
0.0101316 0.142241 0.184506 0.663022 9.9991E-05
9.9973E-05 9.9973E-05 0.368943 0.630757 9.9973E-05
9.9982E-05 0.408594 9.9982E-05 0.189489 0.401718
0.130558 9.9982E-05 9.9982E-05 0.545411 0.323831
9.9991E-05 0.424931 0.225986 0.217038 0.131945
9.99729E-05 9.99729E-05 9.99729E-05 0.595769 0.403931
9.9982E-05 0.0466116 9.9982E-05 0.516856 0.436333
9.9982E-05 0.174781 0.461617 0.363402 9.9982E-05
9.9982E-05 9.9982E-05 0.000384293 0.668454 0.330962
9.9982E-05 0.174938 9.9982E-05 0.475032 0.34983
0.688109 9.9991E-05 0.0780492 0.17905 0.0546924
0.479422 0.041542 0.102429 0.244324 0.132283
0.414847 0.0273095 0.339668 0.205544 0.0126304
0.0222014 9.9991E-05 0.534794 0.131171 0.311734
0.680225 0.0391878 0.105511 0.071547 0.10353
9.9991E-05 0.0373044 0.427601 0.0350396 0.499955
0.309317 9.9982E-05 9.9982E-05 0.0221531 0.66833
0.619604 9.9991E-05 0.122518 0.166866 0.0909117
0.316287 0.0983157 0.120081 0.135389 0.329928
0.188871 0.112695 0.566277 0.132057 9.9991E-05
0.879878 9.9982E-05 0.0280392 0.0918832 9.9982E-05
0.297999 0.060576 0.566614 0.0747112 9.9991E-05
0.499834 9.9991E-05 0.104461 0.15884 0.236764
0.155564 9.9991E-05 0.334602 0.179836 0.329898
0.438801 0.154049 0.241913 0.024617 0.140621
0.208714 0.0601741 0.0854507 9.9991E-05 0.645561
0.000236957 0.0332407 0.711366 0.193857 0.0612991
0.216975 0.113477 0.609802 0.0596464 9.9991E-05
0.38237 0.130219 0.0719632 0.244539 0.170909
0.374121 9.9991E-05 0.0997625 0.112034 0.413983
0.366322 0.111046 0.366626 0.155906 9.9991E-05
0.298635 0.0915584 0.514968 0.0947385 9.9991E-05
0.0410663 0.0692358 0.631996 0.0378966 0.219806
0.311537 0.126485 0.0950699 9.9991E-05 0.466808
0.136056 0.0613027 0.640248 0.0480489 0.114345
0.212582 0.0614909 0.0621834 9.9991E-05 0.663644
0.868016 0.0307504 9.9991E-05 0.00137824 0.0997551
0.0408601 0.0121868 0.816901 9.9991E-05 0.129952
0.359466 0.198379 0.441954 9.9982E-05 9.9982E-05
9.9982E-05 9.9982E-05 0.257937 0.155933 0.58593
0.29669 0.247187 0.453433 9.9991E-05 0.00258991
0.428617 0.0392306 9.9982E-05 9.9982E-05 0.531953
0.0859229 0.0351348 0.755265 0.0833245 0.0403531
0.219956 0.218907 0.560937 9.9982E-05 9.9982E-05
0.832968 0.00703636 9.9991E-05 0.0295418 0.130353
9.9973E-05 9.9973E-05 0.884253 9.9973E-05 0.115447
0.0898037 0.199749 0.710247 9.9982E-05 9.9982E-05
0.00598522 0.0389746 0.662139 9.9991E-05 0.292801
0.857707 0.0717821 9.9982E-05 9.9982E-05 0.0703107
0.05483 0.113011 0.722782 0.0162704 0.0931065
0.000816591 9.9991E-05 0.757849 0.0743574 0.166877
9.9982E-05 0.0527101 0.162489 9.9982E-05 0.784601
0.231976 0.13085 0.472532 0.0306026 0.13404
0.168469 0.130159 0.568117 9.9991E-05 0.133155
0.667818 0.0438996 9.9982E-05 9.9982E-05 0.288082
9.9991E-05 0.124742 0.378034 0.0339008 0.463223
0.122543 0.181776 0.24384 0.0232903 0.428551
0.423571 0.111277 9.9991E-05 0.0873382 0.377714
0.064084 0.119834 0.568124 0.0861221 0.161835
0.365032 0.107021 0.359401 0.168446 9.9991E-05
0.810483 0.0809513 0.0242122 0.0401394 0.0442141
0.241916 0.134295 0.0555467 0.0327879 0.535455
0.345932 0.0529046 9.9991E-05 0.041535 0.559529
0.367047 0.15344 0.479313 9.9982E-05 9.9982E-05
0.579178 9.99729E-05 9.99729E-05 9.99729E-05 0.420523
0.0321023 9.9982E-05 0.78586 9.9982E-05 0.181838
0.52476 0.0294571 9.9982E-05 9.9982E-05 0.445583
0.407987 0.162292 0.42952 9.9982E-05 9.9982E-05
0.2446 0.081556 0.6708 0.00294383 9.9991E-05
0.235085 0.096085 0.380893 0.17786 0.110077
0.0304643 9.9991E-05 0.280594 0.111442 0.5774
0.305859 0.159551 0.250184 0.0597225 0.224683
0.338751 0.107781 0.510791 9.9991E-05 0.0425776
0.78504 0.00415151 0.0345665 9.9991E-05 0.176142
0.875188 0.0755137 0.0150135 9.9991E-05 0.0341851
0.142028 0.0155742 9.9991E-05 0.0534984 0.788799
0.691244 0.079823 9.9991E-05 0.0519101 0.176923
0.873354 9.9973E-05 0.126346 9.9973E-05 9.9973E-05
0.190138 0.0841286 9.9991E-05 0.104145 0.621488
0.205219 0.00645797 0.0572174 9.9991E-05 0.731006
9.9991E-05 0.0764118 0.806829 0.0309043 0.0857554
9.9982E-05 0.0496578 0.746673 9.9982E-05 0.203469
9.9982E-05 0.0288204 0.13799 9.9982E-05 0.832989
9.99729E-05 9.99729E-05 0.784881 9.99729E-05 0.214819
9.9982E-05 0.00644386 0.87068 9.9982E-05 0.122677
9.9982E-05 0.193694 0.657692 9.9982E-05 0.148413
9.9982E-05 0.0299463 0.807021 9.9982E-05 0.162833
0.0789284 0.0381459 0.0213789 9.9991E-05 0.861447
0.592383 9.9973E-05 9.9973E-05 9.9973E-05 0.407317
9.9982E-05 9.9982E-05 0.492257 0.0988166 0.408727
0.117454 0.00173639 9.9991E-05 0.0240398 0.85667
9.9982E-05 0.0943537 9.9982E-05 0.0682754 0.837171
9.9973E-05 9.9973E-05 0.340978 9.9973E-05 0.658722
0.21138 9.9973E-05 9.9973E-05 9.9973E-05 0.78832
0.085263 9.9991E-05 0.160054 0.0529616 0.701622
9.9991E-05 0.181085 0.445057 0.0541333 0.319625
9.9991E-05 0.0412606 0.120589 0.0732388 0.764812
9.9982E-05 9.9982E-05 0.194994 0.0831432 0.721663
9.9982E-05 0.00942572 0.794724 9.9982E-05 0.195651
9.9982E-05 9.9982E-05 0.541563 0.0616359 0.396601
0.273383 9.9982E-05 9.9982E-05 0.0564884 0.669929
9.9982E-05 9.9982E-05 0.0324785 0.0439656 0.923356
0.491524 9.9973E-05 9.9973E-05 9.9973E-05 0.508176
9.9973E-05 9.9973E-05 0.818354 9.9973E-05 0.181346
9.9991E-05 0.0242893 0.389424 0.0515325 0.534654
0.307186 9.9982E-05 9.9982E-05 0.0036381 0.688976
0.0644848 0.0808202 0.771989 0.0727032 0.0100029
0.160568 0.167676 0.563512 9.9991E-05 0.108144
0.37773 0.0904654 9.9991E-05 0.0784587 0.453245
0.430858 0.221386 0.0829223 0.00458858 0.260245
0.0498213 0.180041 0.622469 9.9991E-05 0.147568
9.9982E-05 0.177607 0.730827 9.9982E-05 0.0913659
9.9991E-05 0.0878075 0.777006 0.0837823 0.0513042
0.868614 0.115655 9.9982E-05 9.9982E-05 0.0155311
0.0966624 0.124913 9.9991E-05 0.00314803 0.775177
0.0681637 0.08545 0.428076 0.127907 0.290404
0.0673159 0.055929 0.731799 9.9991E-05 0.144856
0.691211 0.0749582 9.9991E-05 0.0167582 0.216972
0.00303043 0.115911 0.112386 9.9991E-05 0.768573
9.9991E-05 0.0909659 0.0676043 0.0173108 0.824019
0.311841 0.130286 0.384683 0.0528983 0.120291
0.136094 9.9991E-05 0.0206079 0.0519512 0.791247
9.9982E-05 9.9982E-05 0.520234 0.0785625 0.401003
9.9991E-05 0.0703282 0.445828 0.0326553 0.451088
0.0743999 0.157809 0.738973 9.9991E-05 0.0287178
0.235505 0.125986 9.9991E-05 0.121571 0.516838
0.023852 0.0099648 0.724743 0.0731478 0.168292
0.0648182 0.0317004 0.739939 0.014086 0.149456
0.396648 0.0234764 9.9982E-05 9.9982E-05 0.579676
0.00960866 9.9982E-05 0.242963 9.9982E-05 0.747228
0.0407039 9.9982E-05 9.9982E-05 0.0868469 0.872249
9.9991E-05 0.0884703 0.83364 0.0349406 0.0428494
0.0617527 0.11496 0.49776 0.236114 0.089414
9.9982E-05 9.9982E-05 0.688162 0.119499 0.192139
0.309119 0.0346537 9.9982E-05 9.9982E-05 0.656027
9.9982E-05 9.9982E-05 0.636343 0.071161 0.292296
9.9991E-05 0.0330953 0.694798 0.0894092 0.182598
0.03043 0.007904 0.81672 0.0524131 0.092533
0.286431 9.9973E-05 9.9973E-05 9.9973E-05 0.713269
9.9991E-05 0.0324901 0.204947 0.00277451 0.759688
0.0244685 0.106194 0.674822 9.9991E-05 0.194416
0.237605 9.9991E-05 0.148083 0.106537 0.507675
9.9991E-05 0.0403808 0.803286 0.0636538 0.0925797
0.310579 9.9991E-05 0.46243 0.0337135 0.193177
9.9991E-05 0.0400592 0.317381 0.0841259 0.558334
0.377686 0.00568764 9.9982E-05 9.9982E-05 0.616426
9.9991E-05 0.0702527 0.298146 0.0198387 0.611663
0.359281 0.0910822 0.130561 0.0455851 0.373491
0.739706 0.041576 0.0143584 9.9991E-05 0.20426
9.9982E-05 9.9982E-05 0.160792 0.0743401 0.764668
0.165176 9.9991E-05 0.0157676 0.0867545 0.732202
0.111917 0.0229606 0.216264 9.9991E-05 0.648758
0.0673062 0.0438009 0.71445 9.9991E-05 0.174343
0.754029 0.110384 9.9982E-05 9.9982E-05 0.135387
0.200043 0.201512 0.598245 9.9982E-05 9.9982E-05
9.9991E-05 0.038339 0.590046 0.105187 0.266328
0.309323 0.0734985 0.600757 0.00149247 0.0149293
0.714829 9.9991E-05 0.0788101 0.0324521 0.173809
0.721131 9.9973E-05 9.9973E-05 9.9973E-05 0.27857
0.0540998 0.131094 0.675399 9.9991E-05 0.139308
9.9991E-05 0.00935738 0.122547 0.0816234 0.786373
0.189425 0.0443207 0.216708 0.0729397 0.476607
0.793205 9.9982E-05 9.9982E-05 0.0127582 0.193837
0.434277 0.0960103 0.408547 0.00410079 0.0570642
0.250318 0.181043 0.505951 9.9991E-05 0.0625879
9.9982E-05 0.0264483 0.758707 9.9982E-05 0.214645
0.0526939 9.9991E-05 0.688763 0.0522659 0.206177
0.328498 0.0463364 0.521048 0.06106 0.0430577
0.162138 0.0358695 9.9991E-05 0.0101749 0.791718
9.9982E-05 9.9982E-05 0.724287 0.0601038 0.215409
0.135841 9.9991E-05 0.0253423 0.000863167 0.837854
9.9982E-05 9.9982E-05 0.198667 0.0547685 0.746364
9.9991E-05 0.0383247 0.726113 0.0451535 0.190309
0.404941 0.00449496 9.9991E-05 0.023357 0.567107
0.590513 9.9991E-05 0.117825 0.0834651 0.208097
0.168012 0.0246865 0.0053522 9.9991E-05 0.80185
0.341643 0.136717 0.521439 9.9982E-05 9.9982E-05
0.26313 0.146671 0.257254 9.9991E-05 0.332844
0.0739946 0.108202 0.430875 0.0147021 0.372226
0.639543 0.0135001 9.9991E-05 0.0386335 0.308224
0.126648 0.0901554 0.706397 0.0220322 0.0547672
0.168734 0.0706139 0.0632489 0.206467 0.490936
0.0892382 0.0534746 0.642007 0.072558 0.142722
0.0914912 0.122183 0.699308 0.0352175 0.0517998
0.157679 0.0704569 0.669707 9.9991E-05 0.102058
0.0355938 0.110307 0.671318 0.00883975 0.173941
0.167761 0.0860506 0.56368 0.0897939 0.0927151
0.0393428 0.108569 0.0482056 0.0982136 0.705669
0.0948147 0.0439029 9.9991E-05 0.0729143 0.788268
0.213121 0.127964 0.633334 0.0254813 9.9991E-05
0.430973 0.0144403 0.511005 0.0434814 9.9991E-05
0.348431 0.128981 0.0962835 0.086301 0.340002
0.910538 0.0891625 9.9973E-05 9.9973E-05 9.9973E-05
0.322817 9.9973E-05 9.9973E-05 9.9973E-05 0.676884
0.801479 9.9982E-05 9.9982E-05 0.038328 0.159993
