9.99099E-05 0.0511902 9.99099E-05 0.324656 0.197301 0.0362518 9.99099E-05 9.99099E-05 9.99099E-05 9.99099E-05 0.389601 9.99099E-05 9.99099E-05 9.99099E-05 9.99099E-05
9.99264E-05 0.0326521 0.0242152 0.466355 9.99264E-05 9.99264E-05 9.99264E-05 9.99264E-05 9.99264E-05 9.99264E-05 0.332431 0.121186 9.99264E-05 0.0222611 9.99264E-05
9.99369E-05 0.0183321 0.0294067 0.408551 9.99369E-05 0.00917459 0.0223698 9.99369E-05 0.380666 9.99369E-05 9.99369E-05 9.99369E-05 0.0623659 0.0684338 9.99369E-05
9.99279E-05 9.99279E-05 9.99279E-05 0.0801912 0.277155 0.00332309 0.0429118 9.99279E-05 9.99279E-05 0.14719 0.376642 0.0717877 9.99279E-05 9.99279E-05 9.99279E-05
9.99295E-05 9.99295E-05 0.143112 9.99295E-05 0.208872 9.99295E-05 0.0945468 9.99295E-05 9.99295E-05 0.082807 0.366838 0.00900392 9.99295E-05 0.0940198 9.99295E-05
0.0109345 0.0176019 9.99369E-05 0.205077 0.27148 9.99369E-05 0.23529 0.027799 0.103212 9.99369E-05 9.99369E-05 9.99369E-05 0.127906 9.99369E-05 9.99369E-05
0.019042 9.99369E-05 9.99369E-05 0.560142 9.99369E-05 9.99369E-05 9.99369E-05 0.00417686 0.361445 0.00162233 0.0110437 0.000141692 9.99369E-05 9.99369E-05 0.0416873
9.9919E-05 0.189146 9.9919E-05 0.301707 0.0983979 9.9919E-05 0.158364 9.9919E-05 0.170675 9.9919E-05 9.9919E-05 9.9919E-05 0.08081 9.9919E-05 9.9919E-05
9.99459E-05 0.00884127 0.0256749 0.309074 9.99459E-05 0.015411 0.405915 0.0314093 9.99459E-05 0.0887601 0.108923 0.00539202 9.99459E-05 9.99459E-05 9.99459E-05
9.99189E-05 9.99189E-05 9.99189E-05 0.00992901 0.0557265 0.0677248 9.99189E-05 9.99189E-05 0.324703 9.99189E-05 9.99189E-05 9.99189E-05 0.388949 9.99189E-05 0.152069
9.99279E-05 9.99279E-05 9.99279E-05 0.149991 9.99279E-05 0.00899283 0.339125 9.99279E-05 9.99279E-05 9.99279E-05 0.0785013 0.346763 0.0194435 0.0563841 9.99279E-05
9.99189E-05 9.99189E-05 9.99189E-05 0.0388576 9.99189E-05 9.99189E-05 0.261178 9.99189E-05 9.99189E-05 0.0567399 0.367445 0.101359 0.173521 9.99189E-05 9.99189E-05
9.99639E-05 9.99639E-05 0.00681345 0.12059 0.066504 0.00113455 0.130083 0.0452563 0.121229 0.212322 9.99639E-05 0.0595261 9.99639E-05 0.205789 0.0303528
9.9901E-05 9.9901E-05 9.9901E-05 0.608712 9.9901E-05 9.9901E-05 9.9901E-05 0.0598518 0.146168 9.9901E-05 9.9901E-05 9.9901E-05 0.184169 9.9901E-05 9.9901E-05
9.99008E-05 9.99008E-05 9.99008E-05 9.99008E-05 9.99008E-05 9.99008E-05 0.210932 9.99008E-05 9.99008E-05 9.99008E-05 0.33781 0.411346 0.0388135 9.99008E-05 9.99008E-05
0.025303 9.99369E-05 0.00887978 0.157225 0.121881 0.0217521 0.0185486 9.99369E-05 0.414702 9.99369E-05 9.99369E-05 9.99369E-05 9.99369E-05 9.99369E-05 0.231009
9.99099E-05 9.99099E-05 9.99099E-05 0.682617 0.00232356 9.99099E-05 9.99099E-05 9.99099E-05 0.245039 0.0512817 9.99099E-05 9.99099E-05 9.99099E-05 9.99099E-05 0.0177392
9.99189E-05 9.99189E-05 9.99189E-05 0.535971 0.00444108 9.99189E-05 0.0936398 9.99189E-05 0.324792 9.99189E-05 9.99189E-05 0.00244215 9.99189E-05 0.0378145 9.99189E-05
9.99279E-05 9.99279E-05 9.99279E-05 0.244171 9.99279E-05 9.99279E-05 0.221203 0.0438198 0.00179896 0.207203 0.223137 9.99279E-05 9.99279E-05 0.0578683 9.99279E-05
9.99009E-05 9.99009E-05 0.100439 9.99009E-05 0.04713 0.735505 9.99009E-05 9.99009E-05 9.99009E-05 9.99009E-05 9.99009E-05 0.115828 9.99009E-05 9.99009E-05 9.99009E-05
9.98919E-05 9.98919E-05 9.98919E-05 9.98919E-05 0.0723026 0.791806 9.98919E-05 9.98919E-05 9.98919E-05 0.134693 9.98919E-05 9.98919E-05 9.98919E-05 9.98919E-05 9.98919E-05
9.98827E-05 9.98827E-05 9.98827E-05 9.98827E-05 0.183138 0.815564 9.98827E-05 9.98827E-05 9.98827E-05 9.98827E-05 9.98827E-05 9.98827E-05 9.98827E-05 9.98827E-05 9.98827E-05
9.99009E-05 0.00902234 0.0463238 9.99009E-05 9.99009E-05 0.619628 9.99009E-05 9.99009E-05 9.99009E-05 0.323927 9.99009E-05 9.99009E-05 9.99009E-05 9.99009E-05 9.99009E-05
9.99099E-05 9.99099E-05 9.99099E-05 9.99099E-05 9.99099E-05 0.73992 0.142462 9.99099E-05 9.99099E-05 0.0325234 0.00792565 0.0761695 9.99099E-05 9.99099E-05 9.99099E-05
0.188601 9.99188E-05 9.99188E-05 0.178315 9.99188E-05 0.426478 9.99188E-05 0.0939256 0.082769 9.99188E-05 9.99188E-05 9.99188E-05 0.0290116 9.99188E-05 9.99188E-05
9.99278E-05 0.0855832 0.0473845 9.99278E-05 9.99278E-05 0.280196 0.170054 0.270652 9.99278E-05 9.99278E-05 0.0815657 0.0637656 9.99278E-05 9.99278E-05 9.99278E-05
0.220303 9.99099E-05 0.0369725 9.99099E-05 9.99099E-05 0.250669 9.99099E-05 9.99099E-05 0.116574 9.99099E-05 9.99099E-05 9.99099E-05 9.99099E-05 9.99099E-05 0.374483
9.9955E-05 0.187777 0.21268 9.9955E-05 0.146395 0.22655 9.9955E-05 0.012483 9.9955E-05 0.0594383 0.0553157 0.0734504 9.9955E-05 0.00981351 0.0155968
0.0119195 9.99188E-05 9.99188E-05 0.0267588 0.124281 0.787318 9.99188E-05 0.0482719 9.99188E-05 9.99188E-05 9.99188E-05 9.99188E-05 9.99188E-05 9.99188E-05 0.000552503
9.99009E-05 9.99009E-05 0.00653467 9.99009E-05 9.99009E-05 0.858736 0.0405249 9.99009E-05 9.99009E-05 0.0931052 9.99009E-05 9.99009E-05 9.99009E-05 9.99009E-05 9.99009E-05
0.0669696 9.99281E-05 9.99281E-05 0.00690277 9.99281E-05 0.562585 9.99281E-05 9.99281E-05 0.125214 0.128888 9.99281E-05 0.0132382 9.99281E-05 9.99281E-05 0.095403
0.155491 9.99188E-05 9.99188E-05 9.99188E-05 0.063178 0.00673251 9.99188E-05 0.708904 9.99188E-05 9.99188E-05 9.99188E-05 9.99188E-05 9.99188E-05 0.0512313 0.0135641
0.0718897 9.99008E-05 9.99008E-05 9.99008E-05 9.99008E-05 0.591737 9.99008E-05 9.99008E-05 0.186133 9.99008E-05 9.99008E-05 9.99008E-05 9.99008E-05 9.99008E-05 0.149141
0.064364 9.99098E-05 9.99098E-05 0.173719 9.99098E-05 0.618348 9.99098E-05 0.0589682 0.0836023 9.99098E-05 9.99098E-05 9.99098E-05 9.99098E-05 9.99098E-05 9.99098E-05
9.98919E-05 9.98919E-05 9.98919E-05 9.98919E-05 9.98919E-05 0.829385 0.099558 9.98919E-05 9.98919E-05 0.0698588 9.98919E-05 9.98919E-05 9.98919E-05 9.98919E-05 9.98919E-05
9.99009E-05 9.99009E-05 0.075036 9.99009E-05 9.99009E-05 0.730607 9.99009E-05 9.99009E-05 9.99009E-05 9.99009E-05 0.0472488 0.146009 9.99009E-05 9.99009E-05 9.99009E-05
9.98919E-05 9.98919E-05 0.0153415 9.98919E-05 9.98919E-05 0.669056 9.98919E-05 9.98919E-05 9.98919E-05 9.98919E-05 9.98919E-05 0.314404 9.98919E-05 9.98919E-05 9.98919E-05
9.99008E-05 9.99008E-05 0.0462847 9.99008E-05 9.99008E-05 0.66056 9.99008E-05 9.99008E-05 9.99008E-05 0.225667 0.0663893 9.99008E-05 9.99008E-05 9.99008E-05 9.99008E-05
0.414648 9.99007E-05 0.424937 0.0141608 0.145155 9.99007E-05 9.99007E-05 9.99007E-05 9.99007E-05 9.99007E-05 9.99007E-05 9.99007E-05 9.99007E-05 9.99007E-05 9.99007E-05
0.794994 9.991E-05 0.0286182 9.991E-05 9.991E-05 9.991E-05 9.991E-05 9.991E-05 9.991E-05 9.991E-05 0.0351315 9.991E-05 9.991E-05 0.0581831 0.0820746
0.575663 0.00402435 9.99279E-05 9.99279E-05 9.99279E-05 0.0276148 9.99279E-05 0.0340378 0.14253 9.99279E-05 9.99279E-05 9.99279E-05 0.103813 9.99279E-05 0.111517
0.239481 0.0480575 0.243037 9.99279E-05 0.0417973 9.99279E-05 9.99279E-05 0.0829923 9.99279E-05 0.30199 9.99279E-05 9.99279E-05 9.99279E-05 9.99279E-05 0.0418467
0.453646 9.99097E-05 0.117346 0.027594 0.155944 0.24447 9.99097E-05 9.99097E-05 9.99097E-05 9.99097E-05 9.99097E-05 9.99097E-05 9.99097E-05 9.99097E-05 9.99097E-05
0.651279 9.99279E-05 9.99279E-05 9.99279E-05 9.99279E-05 0.0329458 9.99279E-05 0.058442 0.0243376 9.99279E-05 9.99279E-05 0.11467 0.0958772 0.0216485 9.99279E-05
9.99009E-05 9.99009E-05 0.0864155 9.99009E-05 9.99009E-05 9.99009E-05 9.99009E-05 0.528336 9.99009E-05 0.0684647 0.315685 9.99009E-05 9.99009E-05 9.99009E-05 9.99009E-05
0.171352 9.99009E-05 0.512463 9.99009E-05 9.99009E-05 9.99009E-05 0.262473 9.99009E-05 9.99009E-05 9.99009E-05 0.0526138 9.99009E-05 9.99009E-05 9.99009E-05 9.99009E-05
0.607368 9.99188E-05 9.99188E-05 0.0655903 9.99188E-05 0.166077 9.99188E-05 9.99188E-05 0.123952 9.99188E-05 9.99188E-05 9.99188E-05 0.0250805 9.99188E-05 0.0110323
0.50233 0.0367521 0.301493 9.99097E-05 0.136742 9.99097E-05 0.021684 9.99097E-05 9.99097E-05 9.99097E-05 9.99097E-05 9.99097E-05 9.99097E-05 9.99097E-05 9.99097E-05
0.417236 9.9892E-05 9.9892E-05 9.9892E-05 9.9892E-05 9.9892E-05 9.9892E-05 9.9892E-05 9.9892E-05 9.9892E-05 0.021552 9.9892E-05 9.9892E-05 9.9892E-05 0.560013
0.302108 0.129571 0.439635 0.0241906 9.9919E-05 9.9919E-05 0.1025 9.9919E-05 9.9919E-05 0.00109633 9.9919E-05 9.9919E-05 9.9919E-05 9.9919E-05 9.9919E-05
0.681889 9.99099E-05 0.147903 9.99099E-05 0.019985 9.99099E-05 9.99099E-05 9.99099E-05 9.99099E-05 9.99099E-05 9.99099E-05 9.99099E-05 9.99099E-05 0.0139605 0.135264
0.416581 9.991E-05 0.181537 9.991E-05 0.094941 0.0592975 9.991E-05 9.991E-05 9.991E-05 0.246644 9.991E-05 9.991E-05 9.991E-05 9.991E-05 9.991E-05
0.0538413 9.99278E-05 0.244023 9.99278E-05 9.99278E-05 0.0624503 0.157667 0.263148 9.99278E-05 9.99278E-05 9.99278E-05 0.214497 0.00357365 9.99278E-05 9.99278E-05
0.285184 0.0353532 0.149356 9.99189E-05 9.99189E-05 0.0108672 0.406565 9.99189E-05 9.99189E-05 9.99189E-05 9.99189E-05 0.111776 9.99189E-05 9.99189E-05 9.99189E-05
0.188646 0.0488964 0.187909 9.9928E-05 9.9928E-05 0.0260077 9.9928E-05 0.0677775 9.9928E-05 0.280465 0.199498 9.9928E-05 9.9928E-05 9.9928E-05 9.9928E-05
9.99009E-05 0.266173 9.99009E-05 9.99009E-05 9.99009E-05 0.343556 9.99009E-05 9.99009E-05 9.99009E-05 0.332237 0.0569354 9.99009E-05 9.99009E-05 9.99009E-05 9.99009E-05
0.556223 9.99187E-05 0.195419 0.0257465 0.116273 9.99187E-05 9.99187E-05 0.0971369 0.00830168 9.99187E-05 9.99187E-05 9.99187E-05 9.99187E-05 9.99187E-05 9.99187E-05
0.252884 0.257856 0.235186 9.99369E-05 0.0150328 0.0412531 9.99369E-05 9.99369E-05 9.99369E-05 0.0404347 9.99369E-05 0.00545593 9.99369E-05 9.99369E-05 0.151198
0.781416 0.0662272 9.99098E-05 9.99098E-05 0.0631933 9.99098E-05 9.99098E-05 9.99098E-05 9.99098E-05 9.99098E-05 9.99098E-05 9.99098E-05 9.99098E-05 0.0220454 0.0661194
0.193088 9.99008E-05 0.735003 9.99008E-05 0.067745 9.99008E-05 9.99008E-05 9.99008E-05 9.99008E-05 9.99008E-05 0.00306556 9.99008E-05 9.99008E-05 9.99008E-05 9.99008E-05
0.162879 0.0117505 0.479418 0.0345496 0.0597162 0.0211089 0.0660053 0.163873 9.99368E-05 9.99368E-05 9.99368E-05 9.99368E-05 9.99368E-05 9.99368E-05 9.99368E-05
0.342848 0.0796542 0.331888 9.99188E-05 9.99188E-05 9.99188E-05 0.216644 9.99188E-05 9.99188E-05 9.99188E-05 0.00836272 0.0197036 9.99188E-05 9.99188E-05 9.99188E-05
0.162192 9.99189E-05 0.0210421 0.0306967 9.99189E-05 9.99189E-05 9.99189E-05 0.602503 9.99189E-05 9.99189E-05 9.99189E-05 9.99189E-05 9.99189E-05 0.137875 0.0447918
0.0250268 9.99099E-05 0.613209 9.99099E-05 9.99099E-05 0.047106 9.99099E-05 9.99099E-05 0.0338818 0.279777 9.99099E-05 9.99099E-05 9.99099E-05 9.99099E-05 9.99099E-05
0.189569 0.0395886 0.235302 9.99189E-05 9.99189E-05 9.99189E-05 9.99189E-05 0.0662171 0.466114 9.99189E-05 9.99189E-05 9.99189E-05 0.00230954 9.99189E-05 9.99189E-05
9.99278E-05 0.0230606 0.128081 0.0210501 9.99278E-05 0.0433131 0.253299 0.42226 9.99278E-05 9.99278E-05 9.99278E-05 0.108137 9.99278E-05 9.99278E-05 9.99278E-05
9.9892E-05 9.9892E-05 0.937104 9.9892E-05 9.9892E-05 9.9892E-05 9.9892E-05 9.9892E-05 0.0126885 9.9892E-05 0.0490089 9.9892E-05 9.9892E-05 9.9892E-05 9.9892E-05
9.991E-05 9.991E-05 0.78671 9.991E-05 9.991E-05 9.991E-05 9.991E-05 9.991E-05 0.0511765 9.991E-05 9.991E-05 0.128655 0.00496557 9.991E-05 0.0274941
9.99188E-05 0.0824363 0.0181723 0.0159783 9.99188E-05 9.99188E-05 0.0315828 0.795525 9.99188E-05 9.99188E-05 0.0554056 9.99188E-05 9.99188E-05 9.99188E-05 9.99188E-05
0.00509654 0.0165649 9.99188E-05 0.0166813 0.182538 0.0979851 9.99188E-05 0.680235 9.99188E-05 9.99188E-05 9.99188E-05 9.99188E-05 9.99188E-05 9.99188E-05 9.99188E-05
0.0503506 9.98918E-05 9.98918E-05 9.98918E-05 9.98918E-05 9.98918E-05 9.98918E-05 0.648152 9.98918E-05 9.98918E-05 9.98918E-05 9.98918E-05 9.98918E-05 9.98918E-05 0.300298
0.316842 9.99008E-05 0.166886 9.99008E-05 9.99008E-05 9.99008E-05 9.99008E-05 0.0691223 0.446051 9.99008E-05 9.99008E-05 9.99008E-05 9.99008E-05 9.99008E-05 9.99008E-05
9.99099E-05 0.034115 0.0404931 9.99099E-05 9.99099E-05 0.632799 9.99099E-05 9.99099E-05 9.99099E-05 0.118132 0.173461 9.99099E-05 9.99099E-05 9.99099E-05 9.99099E-05
0.331993 9.99187E-05 0.339913 0.029916 9.99187E-05 9.99187E-05 9.99187E-05 0.0770601 0.159927 9.99187E-05 9.99187E-05 9.99187E-05 9.99187E-05 9.99187E-05 0.0602915
9.99008E-05 9.99008E-05 0.550136 9.99008E-05 9.99008E-05 9.99008E-05 0.00658412 0.436507 9.99008E-05 9.99008E-05 9.99008E-05 0.00567415 9.99008E-05 9.99008E-05 9.99008E-05
9.99098E-05 9.99098E-05 9.99098E-05 9.99098E-05 9.99098E-05 9.99098E-05 0.124021 0.667824 9.99098E-05 0.0641106 0.0779296 0.0651153 9.99098E-05 9.99098E-05 9.99098E-05
0.083385 9.99007E-05 9.99007E-05 9.99007E-05 9.99007E-05 0.694712 9.99007E-05 9.99007E-05 0.164203 9.99007E-05 9.99007E-05 9.99007E-05 9.99007E-05 9.99007E-05 0.0566008
0.185896 9.99099E-05 9.99099E-05 9.99099E-05 9.99099E-05 0.123656 9.99099E-05 0.157223 0.334899 9.99099E-05 9.99099E-05 9.99099E-05 9.99099E-05 9.99099E-05 0.197327
0.156252 9.99008E-05 9.99008E-05 0.108997 9.99008E-05 0.674103 9.99008E-05 9.99008E-05 0.0595494 9.99008E-05 9.99008E-05 9.99008E-05 9.99008E-05 9.99008E-05 9.99008E-05
0.0249086 0.0925458 9.99098E-05 9.99098E-05 0.230628 0.196502 9.99098E-05 0.454417 9.99098E-05 9.99098E-05 9.99098E-05 9.99098E-05 9.99098E-05 9.99098E-05 9.99098E-05
0.168195 9.991E-05 0.0410539 9.991E-05 9.991E-05 0.115189 9.991E-05 0.183106 9.991E-05 9.991E-05 9.991E-05 9.991E-05 9.991E-05 9.991E-05 0.491456
0.143137 9.99188E-05 0.280282 9.99188E-05 9.99188E-05 0.179762 0.0653354 0.110086 9.99188E-05 0.220498 9.99188E-05 9.99188E-05 9.99188E-05 9.99188E-05 9.99188E-05
0.435272 9.99098E-05 0.352936 9.99098E-05 0.0398969 9.99098E-05 0.0582213 9.99098E-05 9.99098E-05 0.112675 9.99098E-05 9.99098E-05 9.99098E-05 9.99098E-05 9.99098E-05
0.39714 0.0620594 0.0463399 9.99279E-05 9.99279E-05 0.0519847 9.99279E-05 0.0490961 9.99279E-05 0.289297 9.99279E-05 0.103284 9.99279E-05 9.99279E-05 9.99279E-05
0.517947 9.99098E-05 0.232678 9.99098E-05 9.99098E-05 9.99098E-05 9.99098E-05 9.99098E-05 0.172544 9.99098E-05 9.99098E-05 9.99098E-05 0.0439708 9.99098E-05 0.0318621
0.117414 9.99008E-05 0.578293 9.99008E-05 0.238749 0.0644447 9.99008E-05 9.99008E-05 9.99008E-05 9.99008E-05 9.99008E-05 9.99008E-05 9.99008E-05 9.99008E-05 9.99008E-05
9.99369E-05 0.0188341 0.783545 9.99369E-05 9.99369E-05 9.99369E-05 0.0257748 0.10563 0.00798703 0.0529127 0.00152659 9.99369E-05 0.00309051 9.99369E-05 9.99369E-05
9.99187E-05 0.553249 9.99187E-05 0.0973604 9.99187E-05 0.194472 9.99187E-05 0.0242435 0.100459 9.99187E-05 9.99187E-05 9.99187E-05 0.0293166 9.99187E-05 9.99187E-05
0.458314 0.297973 9.98917E-05 9.98917E-05 9.98917E-05 9.98917E-05 9.98917E-05 9.98917E-05 0.242514 9.98917E-05 9.98917E-05 9.98917E-05 9.98917E-05 9.98917E-05 9.98917E-05
9.99008E-05 0.741592 9.99008E-05 9.99008E-05 9.99008E-05 0.173345 0.0810871 0.00287722 9.99008E-05 9.99008E-05 9.99008E-05 9.99008E-05 9.99008E-05 9.99008E-05 9.99008E-05
0.309522 0.452131 9.98917E-05 9.98917E-05 9.98917E-05 9.98917E-05 9.98917E-05 9.98917E-05 0.237148 9.98917E-05 9.98917E-05 9.98917E-05 9.98917E-05 9.98917E-05 9.98917E-05
0.170953 0.620695 9.98917E-05 9.98917E-05 9.98917E-05 9.98917E-05 9.98917E-05 9.98917E-05 0.207153 9.98917E-05 9.98917E-05 9.98917E-05 9.98917E-05 9.98917E-05 9.98917E-05
9.98918E-05 0.804474 0.041507 9.98918E-05 9.98918E-05 9.98918E-05 9.98918E-05 9.98918E-05 9.98918E-05 9.98918E-05 0.152821 9.98918E-05 9.98918E-05 9.98918E-05 9.98918E-05
0.292551 0.304207 0.181395 0.0955267 9.99278E-05 9.99278E-05 0.0524526 0.0234632 0.0496055 9.99278E-05 9.99278E-05 9.99278E-05 9.99278E-05 9.99278E-05 9.99278E-05
0.184249 0.752142 9.99008E-05 0.0542502 0.00825951 9.99008E-05 9.99008E-05 9.99008E-05 9.99008E-05 9.99008E-05 9.99008E-05 9.99008E-05 9.99008E-05 9.99008E-05 9.99008E-05
0.0205417 9.99009E-05 9.99009E-05 9.99009E-05 9.99009E-05 9.99009E-05 9.99009E-05 0.0179875 9.99009E-05 9.99009E-05 9.99009E-05 9.99009E-05 9.99009E-05 0.582502 0.37787
0.125838 9.9937E-05 9.9937E-05 9.9937E-05 0.127238 0.00686037 0.00972939 9.9937E-05 0.0422493 0.00289305 9.9937E-05 9.9937E-05 9.9937E-05 0.540484 0.144009
0.0242654 9.99099E-05 9.99099E-05 9.99099E-05 0.0200177 9.99099E-05 9.99099E-05 9.99099E-05 9.99099E-05 0.176959 9.99099E-05 9.99099E-05 9.99099E-05 0.760374 0.0173846
9.9901E-05 0.103738 9.9901E-05 9.9901E-05 9.9901E-05 9.9901E-05 0.1189 9.9901E-05 9.9901E-05 9.9901E-05 0.182771 9.9901E-05 9.9901E-05 0.593492 9.9901E-05
9.98918E-05 9.98918E-05 9.98918E-05 9.98918E-05 9.98918E-05 9.98918E-05 9.98918E-05 9.98918E-05 9.98918E-05 9.98918E-05 9.98918E-05 9.98918E-05 0.0760851 0.637749 0.284967
9.99278E-05 0.0932373 0.0300111 0.495514 9.99278E-05 9.99278E-05 0.118216 9.99278E-05 9.99278E-05 0.0265327 0.0374441 9.99278E-05 9.99278E-05 0.198245 9.99278E-05
9.98918E-05 9.98918E-05 9.98918E-05 0.0618368 9.98918E-05 9.98918E-05 9.98918E-05 9.98918E-05 0.446371 9.98918E-05 9.98918E-05 9.98918E-05 9.98918E-05 0.490593 9.98918E-05
0.00850444 9.98918E-05 9.98918E-05 9.98918E-05 9.98918E-05 9.98918E-05 9.98918E-05 9.98918E-05 9.98918E-05 9.98918E-05 9.98918E-05 9.98918E-05 9.98918E-05 0.701794 0.288503
0.00382211 0.0054624 9.99369E-05 0.0407259 0.234215 0.00339189 9.99369E-05 0.0635417 0.0394175 9.99369E-05 9.99369E-05 9.99369E-05 9.99369E-05 0.608724 9.99369E-05
9.99099E-05 9.99099E-05 0.134838 9.99099E-05 0.0349393 9.99099E-05 9.99099E-05 9.99099E-05 9.99099E-05 9.99099E-05 0.110527 0.19519 9.99099E-05 0.523506 9.99099E-05
0.0384695 9.99009E-05 9.99009E-05 9.99009E-05 9.99009E-05 9.99009E-05 9.99009E-05 9.99009E-05 9.99009E-05 9.99009E-05 9.99009E-05 9.99009E-05 0.106416 0.24427 0.609746
9.99189E-05 9.99189E-05 0.0301742 9.99189E-05 9.99189E-05 9.99189E-05 9.99189E-05 9.99189E-05 0.0159005 9.99189E-05 0.00665905 0.440484 0.0489501 0.456933 9.99189E-05
0.0388934 9.99009E-05 9.99009E-05 0.072407 9.99009E-05 9.99009E-05 9.99009E-05 9.99009E-05 9.99009E-05 9.99009E-05 9.99009E-05 9.99009E-05 9.99009E-05 0.746118 0.141482
9.99278E-05 0.0422755 0.0238105 0.188018 0.130938 9.99278E-05 0.0331449 9.99278E-05 9.99278E-05 9.99278E-05 9.99278E-05 0.0939949 9.99278E-05 0.487018 9.99278E-05
9.99279E-05 9.99279E-05 9.99279E-05 0.0196776 0.357368 0.037459 9.99279E-05 9.99279E-05 9.99279E-05 9.99279E-05 0.0167026 9.99279E-05 0.0194385 0.510594 0.0379612
9.99369E-05 9.99369E-05 9.99369E-05 0.486175 9.99369E-05 0.0381173 9.99369E-05 0.0214567 0.081093 9.99369E-05 0.00819311 9.99369E-05 0.0189909 0.299186 0.0460884
9.99188E-05 9.99188E-05 0.0820961 9.99188E-05 9.99188E-05 9.99188E-05 0.230998 9.99188E-05 9.99188E-05 0.0435447 0.127525 0.0263696 9.99188E-05 0.488567 9.99188E-05
9.99008E-05 0.017825 9.99008E-05 9.99008E-05 9.99008E-05 9.99008E-05 9.99008E-05 9.99008E-05 9.99008E-05 0.552409 0.0515083 9.99008E-05 9.99008E-05 0.377159 9.99008E-05
0.124029 9.99099E-05 9.99099E-05 9.99099E-05 0.327954 0.0577998 9.99099E-05 9.99099E-05 0.0381394 9.99099E-05 9.99099E-05 9.99099E-05 9.99099E-05 0.451079 9.99099E-05
0.0218495 9.99098E-05 9.99098E-05 0.148839 9.99098E-05 9.99098E-05 9.99098E-05 9.99098E-05 0.0831583 9.99098E-05 9.99098E-05 9.99098E-05 9.99098E-05 0.721942 0.023212
9.99099E-05 9.99099E-05 0.0456232 9.99099E-05 0.288344 0.0321357 9.99099E-05 9.99099E-05 9.99099E-05 9.99099E-05 9.99099E-05 0.0487385 9.99099E-05 0.584159 9.99099E-05
9.99009E-05 9.99009E-05 9.99009E-05 9.99009E-05 0.0127931 9.99009E-05 9.99009E-05 9.99009E-05 9.99009E-05 0.314255 0.00913707 9.99009E-05 9.99009E-05 0.662716 9.99009E-05
9.9937E-05 9.9937E-05 0.182266 0.284968 0.115595 9.9937E-05 0.0361856 9.9937E-05 9.9937E-05 9.9937E-05 0.210942 0.117756 0.0366414 0.0149456 9.9937E-05
9.99098E-05 0.000303202 9.99098E-05 0.0538824 9.99098E-05 9.99098E-05 9.99098E-05 9.99098E-05 0.166361 9.99098E-05 0.0413282 9.99098E-05 0.737126 9.99098E-05 9.99098E-05
0.000210952 0.0373871 0.0214738 0.251435 9.99369E-05 9.99369E-05 0.0682574 9.99369E-05 9.99369E-05 0.555487 0.0496438 9.99369E-05 9.99369E-05 9.99369E-05 0.0154047
0.0167837 9.99189E-05 9.99189E-05 0.723281 0.055367 0.0298223 9.99189E-05 9.99189E-05 9.99189E-05 9.99189E-05 9.99189E-05 9.99189E-05 0.0618928 9.99189E-05 0.111954
9.98917E-05 9.98917E-05 9.98917E-05 9.98917E-05 9.98917E-05 9.98917E-05 9.98917E-05 9.98917E-05 0.0247509 9.98917E-05 9.98917E-05 9.98917E-05 0.574438 9.98917E-05 0.399613
9.99098E-05 9.99098E-05 9.99098E-05 0.1869 9.99098E-05 9.99098E-05 0.198881 9.99098E-05 9.99098E-05 0.157237 0.100877 0.355105 9.99098E-05 9.99098E-05 9.99098E-05
9.99009E-05 9.99009E-05 0.00148185 9.99009E-05 9.99009E-05 9.99009E-05 9.99009E-05 9.99009E-05 9.99009E-05 9.99009E-05 0.00801105 0.249832 0.739576 9.99009E-05 9.99009E-05
9.99369E-05 0.0209015 0.0894322 0.425283 0.112259 9.99369E-05 0.229289 0.00501391 0.0869658 9.99369E-05 9.99369E-05 9.99369E-05 9.99369E-05 0.0301561 9.99369E-05
9.98918E-05 9.98918E-05 9.98918E-05 9.98918E-05 9.98918E-05 9.98918E-05 0.105339 9.98918E-05 9.98918E-05 0.238924 9.98918E-05 9.98918E-05 0.654538 9.98918E-05 9.98918E-05
9.99099E-05 9.99099E-05 9.99099E-05 0.156578 9.99099E-05 9.99099E-05 9.99099E-05 9.99099E-05 0.414896 0.0163139 9.99099E-05 9.99099E-05 0.305625 9.99099E-05 0.105588
9.99368E-05 9.99368E-05 0.0905027 0.0142818 0.12142 9.99368E-05 0.383103 9.99368E-05 9.99368E-05 0.0573316 0.00747672 0.248947 0.0762373 9.99368E-05 9.99368E-05
9.99009E-05 0.0110698 9.99009E-05 9.99009E-05 9.99009E-05 9.99009E-05 9.99009E-05 9.99009E-05 9.99009E-05 0.398959 0.0449882 9.99009E-05 0.543884 9.99009E-05 9.99009E-05
9.98919E-05 9.98919E-05 9.98919E-05 9.98919E-05 9.98919E-05 9.98919E-05 9.98919E-05 9.98919E-05 0.175293 9.98919E-05 9.98919E-05 9.98919E-05 0.495691 9.98919E-05 0.327818
9.99098E-05 9.99098E-05 9.99098E-05 0.115152 9.99098E-05 9.99098E-05 0.221796 9.99098E-05 9.99098E-05 0.0774232 0.34018 0.24445 9.99098E-05 9.99098E-05 9.99098E-05
9.99098E-05 9.99098E-05 0.0340853 9.99098E-05 9.99098E-05 9.99098E-05 0.255489 9.99098E-05 9.99098E-05 0.199146 0.0743985 9.99098E-05 0.435882 9.99098E-05 9.99098E-05
9.99098E-05 9.99098E-05 9.99098E-05 0.313551 9.99098E-05 9.99098E-05 0.178841 9.99098E-05 9.99098E-05 0.317865 0.00590476 0.18284 9.99098E-05 9.99098E-05 9.99098E-05
9.98918E-05 9.98918E-05 9.98918E-05 9.98918E-05 9.98918E-05 9.98918E-05 9.98918E-05 9.98918E-05 0.0259624 9.98918E-05 9.98918E-05 9.98918E-05 0.568544 9.98918E-05 0.404295
9.98917E-05 9.98917E-05 9.98917E-05 9.98917E-05 9.98917E-05 9.98917E-05 0.545667 9.98917E-05 9.98917E-05 0.291854 9.98917E-05 9.98917E-05 0.16128 9.98917E-05 9.98917E-05
9.99279E-05 9.99279E-05 0.0520919 0.0949945 0.113815 9.99279E-05 0.328959 9.99279E-05 9.99279E-05 9.99279E-05 0.132593 0.253407 9.99279E-05 0.0233396 9.99279E-05
9.99188E-05 0.107764 0.00546781 0.704533 9.99188E-05 9.99188E-05 9.99188E-05 9.99188E-05 9.99188E-05 9.99188E-05 0.017087 0.0180308 0.146217 9.99188E-05 9.99188E-05
9.99371E-05 0.00325703 0.0828475 0.264863 9.99371E-05 0.0248217 9.99371E-05 9.99371E-05 9.99371E-05 0.365559 0.0940863 9.99371E-05 9.99371E-05 0.0681603 0.0957055
9.99459E-05 0.00702728 0.0385899 0.32764 0.00340599 0.0469638 0.0528563 9.99459E-05 9.99459E-05 0.399699 9.99459E-05 0.0382115 0.0850069 9.99459E-05 9.99459E-05
9.98917E-05 9.98917E-05 9.98917E-05 0.144551 9.98917E-05 9.98917E-05 9.98917E-05 9.98917E-05 9.98917E-05 9.98917E-05 9.98917E-05 9.98917E-05 0.551094 9.98917E-05 0.303156
0.000550856 9.99369E-05 9.99369E-05 0.122876 9.99369E-05 0.066138 0.637177 0.0215532 0.0921658 9.99369E-05 9.99369E-05 0.0211963 9.99369E-05 9.99369E-05 0.037644
9.99007E-05 0.106083 9.99007E-05 0.192077 0.0945389 9.99007E-05 9.99007E-05 9.99007E-05 9.99007E-05 9.99007E-05 9.99007E-05 9.99007E-05 0.606203 9.99007E-05 9.99007E-05
0.066697 9.99279E-05 9.99279E-05 0.301242 0.0624922 9.99279E-05 9.99279E-05 0.0902293 9.99279E-05 9.99279E-05 9.99279E-05 9.99279E-05 0.132284 0.147623 0.198633
9.99459E-05 9.99459E-05 9.99459E-05 0.00954371 9.99459E-05 0.0327501 0.523861 0.0413444 9.99459E-05 0.142163 9.99459E-05 0.0682927 0.0340926 0.137053 0.0102998
0.00987459 9.9919E-05 0.0709036 9.9919E-05 0.767339 9.9919E-05 0.0974765 9.9919E-05 9.9919E-05 9.9919E-05 9.9919E-05 9.9919E-05 0.00988429 0.0436229 9.9919E-05
9.9928E-05 9.9928E-05 9.9928E-05 9.9928E-05 9.9928E-05 0.0384854 9.9928E-05 0.0381358 0.119988 0.0152358 0.0424803 9.9928E-05 0.0177629 9.9928E-05 0.727112
9.99188E-05 9.99188E-05 9.99188E-05 0.211757 0.291751 9.99188E-05 9.99188E-05 0.128273 0.127359 9.99188E-05 9.99188E-05 9.99188E-05 0.200388 0.0395736 9.99188E-05
0.044586 9.99459E-05 9.99459E-05 0.388708 9.99459E-05 0.0411873 0.0147416 9.99459E-05 0.0708001 9.99459E-05 9.99459E-05 0.0254251 0.0785147 0.0994898 0.235947
9.99279E-05 9.99279E-05 0.0214452 9.99279E-05 0.197118 0.0147144 9.99279E-05 9.99279E-05 9.99279E-05 0.0274094 9.99279E-05 0.518756 0.139573 9.99279E-05 0.0801844
9.98918E-05 9.98918E-05 9.98918E-05 0.44619 9.98918E-05 9.98918E-05 9.98918E-05 9.98918E-05 9.98918E-05 9.98918E-05 9.98918E-05 9.98918E-05 0.0519987 9.98918E-05 0.500613
9.99097E-05 9.99097E-05 9.99097E-05 0.154884 0.0124405 9.99097E-05 0.310299 9.99097E-05 9.99097E-05 0.331537 9.99097E-05 0.189841 9.99097E-05 9.99097E-05 9.99097E-05
9.99008E-05 9.99008E-05 9.99008E-05 0.440731 0.0220768 9.99008E-05 9.99008E-05 9.99008E-05 9.99008E-05 9.99008E-05 9.99008E-05 9.99008E-05 0.092865 9.99008E-05 0.443229
9.99189E-05 0.0365522 9.99189E-05 9.99189E-05 0.128656 9.99189E-05 0.0339035 9.99189E-05 9.99189E-05 0.401765 9.99189E-05 9.99189E-05 0.260891 9.99189E-05 0.137333
9.99369E-05 9.99369E-05 9.99369E-05 9.99369E-05 0.255227 9.99369E-05 0.0981026 9.99369E-05 0.0792043 0.477218 0.0314386 0.03149 0.0153215 0.0112977 9.99369E-05
0.0654117 9.9946E-05 0.0270179 0.136398 0.535151 0.000309963 0.0981601 0.0307042 9.9946E-05 9.9946E-05 9.9946E-05 9.9946E-05 0.0596455 0.0466018 9.9946E-05
9.99188E-05 9.99188E-05 0.0585683 0.39047 0.32364 9.99188E-05 0.117318 9.99188E-05 0.0682885 9.99188E-05 9.99188E-05 9.99188E-05 9.99188E-05 0.0408156 9.99188E-05
9.99279E-05 9.99279E-05 9.99279E-05 0.126468 0.740084 0.016571 9.99279E-05 0.0469981 0.00178142 9.99279E-05 0.0446915 9.99279E-05 0.0226058 9.99279E-05 9.99279E-05
9.99188E-05 9.99188E-05 9.99188E-05 0.236055 0.0838167 9.99188E-05 9.99188E-05 9.99188E-05 9.99188E-05 0.450994 9.99188E-05 0.0431438 9.99188E-05 0.120516 0.0645754
9.99189E-05 9.99189E-05 9.99189E-05 0.108146 0.0520591 9.99189E-05 9.99189E-05 9.99189E-05 0.0587274 9.99189E-05 0.0782919 9.99189E-05 9.99189E-05 0.00617585 0.6957
9.99009E-05 9.99009E-05 9.99009E-05 9.99009E-05 0.0503388 9.99009E-05 9.99009E-05 9.99009E-05 0.0238377 9.99009E-05 9.99009E-05 9.99009E-05 0.297712 9.99009E-05 0.627013
0.00923594 9.99201E-05 9.99201E-05 0.27946 0.101186 9.99201E-05 0.0266844 0.0537678 0.38043 9.99201E-05 9.99201E-05 9.99201E-05 0.148437 9.99201E-05 9.99201E-05
0.105026 9.99279E-05 9.99279E-05 0.0721556 0.0788106 0.000481018 0.0608896 9.99279E-05 9.99279E-05 9.99279E-05 9.99279E-05 9.99279E-05 0.129593 9.99279E-05 0.552244
9.9892E-05 9.9892E-05 9.9892E-05 9.9892E-05 9.9892E-05 9.9892E-05 9.9892E-05 9.9892E-05 9.9892E-05 9.9892E-05 0.109003 0.0518653 9.9892E-05 9.9892E-05 0.837933
0.105937 0.019724 9.99188E-05 9.99188E-05 0.0755922 9.99188E-05 0.122658 9.99188E-05 0.442419 9.99188E-05 9.99188E-05 9.99188E-05 0.23277 9.99188E-05 9.99188E-05
9.99188E-05 0.00878322 9.99188E-05 0.623492 9.99188E-05 9.99188E-05 9.99188E-05 9.99188E-05 0.0512485 9.99188E-05 9.99188E-05 0.0578845 0.115588 9.99188E-05 0.142105
9.9937E-05 0.0776214 0.00958329 9.9937E-05 0.0211677 0.00467008 0.0752551 9.9937E-05 9.9937E-05 9.9937E-05 0.746515 9.9937E-05 0.0469122 9.9937E-05 0.0175758
9.99278E-05 9.99278E-05 9.99278E-05 0.161636 9.99278E-05 0.00723105 0.0595665 0.0314965 9.99278E-05 0.0468412 0.655862 0.036567 9.99278E-05 9.99278E-05 9.99278E-05
9.99188E-05 0.0697544 9.99188E-05 0.468245 9.99188E-05 9.99188E-05 0.0185419 0.0538927 0.238345 9.99188E-05 0.150322 9.99188E-05 9.99188E-05 9.99188E-05 9.99188E-05
9.99188E-05 9.99188E-05 9.99188E-05 0.133959 9.99188E-05 9.99188E-05 0.138071 0.00410811 0.00250997 9.99188E-05 0.441405 0.279047 9.99188E-05 9.99188E-05 9.99188E-05
9.99189E-05 9.99189E-05 9.99189E-05 0.0243282 9.99189E-05 9.99189E-05 9.99189E-05 9.99189E-05 0.0120148 9.99189E-05 0.884398 0.0416225 9.99189E-05 0.0254338 0.0113037
9.99098E-05 9.99098E-05 9.99098E-05 0.0625566 9.99098E-05 0.0576135 9.99098E-05 9.99098E-05 0.0661347 0.403933 0.408763 9.99098E-05 9.99098E-05 9.99098E-05 9.99098E-05
9.99279E-05 9.99279E-05 9.99279E-05 0.141863 9.99279E-05 9.99279E-05 0.0493929 0.011884 9.99279E-05 0.162167 0.604462 0.00726095 9.99279E-05 0.0221703 9.99279E-05
9.99189E-05 9.99189E-05 9.99189E-05 0.29255 9.99189E-05 0.00639333 9.99189E-05 0.0168394 0.476314 9.99189E-05 0.185764 9.99189E-05 0.021241 9.99189E-05 9.99189E-05
9.9901E-05 9.9901E-05 9.9901E-05 0.0372538 9.9901E-05 9.9901E-05 9.9901E-05 9.9901E-05 0.43035 9.9901E-05 9.9901E-05 9.9901E-05 0.218513 9.9901E-05 0.312784
9.99278E-05 0.121951 0.0122176 0.176752 9.99278E-05 9.99278E-05 0.455832 9.99278E-05 0.0242999 9.99278E-05 0.0937887 9.99278E-05 9.99278E-05 0.114359 9.99278E-05
9.99009E-05 9.99009E-05 9.99009E-05 0.0452832 9.99009E-05 9.99009E-05 9.99009E-05 9.99009E-05 0.714911 9.99009E-05 0.146645 9.99009E-05 9.99009E-05 0.0920619 9.99009E-05
9.9919E-05 0.0975114 9.9919E-05 0.392283 9.9919E-05 9.9919E-05 9.9919E-05 0.185746 0.27413 9.9919E-05 0.0475747 9.9919E-05 0.00185649 9.9919E-05 9.9919E-05
9.99188E-05 0.136388 9.99188E-05 0.52645 9.99188E-05 9.99188E-05 9.99188E-05 9.99188E-05 0.00659707 9.99188E-05 0.252791 0.0294633 9.99188E-05 0.0474114 9.99188E-05
9.99189E-05 9.99189E-05 9.99189E-05 0.374413 9.99189E-05 9.99189E-05 0.0242544 9.99189E-05 0.412822 9.99189E-05 9.99189E-05 9.99189E-05 0.09659 0.0178028 0.0732181
0.0376924 9.99279E-05 9.99279E-05 0.247398 9.99279E-05 9.99279E-05 0.0841773 9.99279E-05 0.341842 9.99279E-05 0.161051 9.99279E-05 9.99279E-05 0.120115 0.00692452
0.0440571 9.99099E-05 9.99099E-05 9.99099E-05 0.0340548 0.108588 0.753627 9.99099E-05 0.058675 9.99099E-05 9.99099E-05 9.99099E-05 9.99099E-05 9.99099E-05 9.99099E-05
9.99369E-05 0.0703857 0.0474699 0.32806 9.99369E-05 0.000385263 0.0373625 9.99369E-05 0.354907 9.99369E-05 0.0199459 0.140785 9.99369E-05 9.99369E-05 9.99369E-05
9.99278E-05 0.0185976 9.99278E-05 0.185439 0.014754 9.99278E-05 0.038527 9.99278E-05 0.313164 9.99278E-05 0.245072 9.99278E-05 9.99278E-05 0.183647 9.99278E-05
9.99009E-05 9.99009E-05 9.99009E-05 0.0758692 9.99009E-05 9.99009E-05 0.254274 9.99009E-05 9.99009E-05 9.99009E-05 0.221849 0.446909 9.99009E-05 9.99009E-05 9.99009E-05
9.9919E-05 0.0716609 9.9919E-05 0.279019 0.0850871 9.9919E-05 0.310655 9.9919E-05 9.9919E-05 9.9919E-05 0.228539 9.9919E-05 9.9919E-05 0.0241406 9.9919E-05
9.9928E-05 9.9928E-05 9.9928E-05 0.039536 0.0693585 9.9928E-05 9.9928E-05 9.9928E-05 0.763629 0.00423496 0.0315943 0.0682765 9.9928E-05 9.9928E-05 0.0225712
9.99189E-05 0.0427078 0.0114913 0.57169 9.99189E-05 9.99189E-05 0.0582475 9.99189E-05 0.239041 9.99189E-05 9.99189E-05 9.99189E-05 9.99189E-05 0.0759232 9.99189E-05
9.99009E-05 9.99009E-05 9.99009E-05 0.105391 9.99009E-05 9.99009E-05 9.99009E-05 9.99009E-05 0.536338 9.99009E-05 9.99009E-05 9.99009E-05 0.138784 9.99009E-05 0.218388
9.99098E-05 9.99098E-05 9.99098E-05 0.214199 0.0203059 9.99098E-05 0.36618 9.99098E-05 9.99098E-05 9.99098E-05 0.373596 0.0247195 9.99098E-05 9.99098E-05 9.99098E-05
9.9928E-05 0.126423 0.018241 0.507043 0.0277248 9.9928E-05 0.198387 0.00174591 9.9928E-05 9.9928E-05 0.119637 9.9928E-05 9.9928E-05 9.9928E-05 9.9928E-05
0.0175936 9.99189E-05 9.99189E-05 0.190428 9.99189E-05 9.99189E-05 9.99189E-05 9.99189E-05 0.583981 9.99189E-05 9.99189E-05 9.99189E-05 0.126256 0.0282302 0.0526125
9.99369E-05 9.99369E-05 0.0777487 9.99369E-05 0.0473717 9.99369E-05 0.363392 9.99369E-05 9.99369E-05 0.046922 0.266689 0.0213704 0.139644 0.0361622 9.99369E-05
9.99279E-05 9.99279E-05 9.99279E-05 9.99279E-05 0.0248998 0.0121881 0.233157 0.000502239 9.99279E-05 9.99279E-05 0.00611652 0.409013 0.313324 9.99279E-05 9.99279E-05
0.0863122 0.0207871 9.99459E-05 0.364364 9.99459E-05 0.0368761 9.99459E-05 0.0767414 0.0560862 9.99459E-05 9.99459E-05 9.99459E-05 0.0633725 0.0122789 0.282582
0.0210447 9.99279E-05 9.99279E-05 0.00842968 0.257307 9.99279E-05 9.99279E-05 0.0522967 9.99279E-05 9.99279E-05 9.99279E-05 9.99279E-05 0.53776 0.0521089 0.0702531
9.99189E-05 0.0730547 9.99189E-05 9.99189E-05 9.99189E-05 0.0265907 9.99189E-05 9.99189E-05 0.0122413 9.99189E-05 0.2955 0.398768 0.192946 9.99189E-05 9.99189E-05
9.99189E-05 0.00197392 9.99189E-05 9.99189E-05 9.99189E-05 9.99189E-05 0.275868 0.00234586 9.99189E-05 0.063861 0.345958 9.99189E-05 0.309094 9.99189E-05 9.99189E-05
9.99279E-05 9.99279E-05 0.00296903 9.99279E-05 9.99279E-05 9.99279E-05 0.373914 0.110557 9.99279E-05 0.0910935 0.213558 0.0658296 0.14128 9.99279E-05 9.99279E-05
9.9901E-05 9.9901E-05 9.9901E-05 9.9901E-05 9.9901E-05 0.0186473 9.9901E-05 9.9901E-05 0.0193331 9.9901E-05 9.9901E-05 9.9901E-05 0.282696 9.9901E-05 0.678224
0.0216587 0.0392289 9.9919E-05 0.408057 9.9919E-05 9.9919E-05 9.9919E-05 0.0294075 0.124926 9.9919E-05 9.9919E-05 9.9919E-05 0.375823 9.9919E-05 9.9919E-05
9.99368E-05 0.0462599 0.00662854 9.99368E-05 0.383821 9.99368E-05 0.225115 0.0113848 9.99368E-05 9.99368E-05 9.99368E-05 0.0714699 0.00214679 0.252475 9.99368E-05
9.99188E-05 9.99188E-05 9.99188E-05 9.99188E-05 0.0150833 9.99188E-05 0.388873 9.99188E-05 9.99188E-05 9.99188E-05 0.205132 0.163296 0.215327 0.0113903 9.99188E-05
0.0463167 9.99279E-05 9.99279E-05 0.081103 0.160352 9.99279E-05 9.99279E-05 9.99279E-05 0.0647632 9.99279E-05 9.99279E-05 9.99279E-05 0.189328 0.0132959 0.444041
0.0133948 9.991E-05 9.991E-05 0.60565 9.991E-05 0.043548 9.991E-05 9.991E-05 9.991E-05 9.991E-05 0.113924 9.991E-05 0.222483 9.991E-05 9.991E-05
9.99278E-05 0.0284063 9.99278E-05 0.327521 0.0608806 9.99278E-05 9.99278E-05 0.0551668 0.195312 9.99278E-05 0.103317 9.99278E-05 0.228597 9.99278E-05 9.99278E-05
9.99278E-05 9.99278E-05 0.00831922 9.99278E-05 0.695077 9.99278E-05 0.0487968 0.00215383 9.99278E-05 9.99278E-05 9.99278E-05 0.00831711 0.159757 0.0767794 9.99278E-05
0.0480833 9.99099E-05 9.99099E-05 0.496774 9.99099E-05 9.99099E-05 0.0276884 9.99099E-05 0.215888 9.99099E-05 9.99099E-05 9.99099E-05 9.99099E-05 0.210567 9.99099E-05
9.99459E-05 0.0144854 0.0827068 0.29591 0.0334914 9.99459E-05 0.227098 9.99459E-05 0.00893907 9.99459E-05 0.13799 0.139173 9.99459E-05 0.0596069 9.99459E-05
9.99278E-05 0.0152412 9.99278E-05 0.318277 0.270804 9.99278E-05 0.26596 0.0304273 9.99278E-05 9.99278E-05 9.99278E-05 0.05038 0.0481111 9.99278E-05 9.99278E-05
9.9928E-05 9.9928E-05 0.00651366 9.9928E-05 9.9928E-05 0.0241852 0.255869 9.9928E-05 9.9928E-05 0.121441 0.185739 0.204904 0.200548 9.9928E-05 9.9928E-05
0.123244 9.99278E-05 9.99278E-05 9.99278E-05 0.0669549 0.00551629 0.115641 0.0237582 0.359464 9.99278E-05 9.99278E-05 9.99278E-05 0.304622 9.99278E-05 9.99278E-05
9.99368E-05 0.0141307 0.000124653 9.99368E-05 0.109533 9.99368E-05 0.538017 9.99368E-05 0.0489687 9.99368E-05 0.195183 0.0234102 0.0699339 9.99368E-05 9.99368E-05
9.99099E-05 9.99099E-05 9.99099E-05 0.0781923 9.99099E-05 9.99099E-05 0.399952 9.99099E-05 9.99099E-05 0.36911 0.0856586 9.99099E-05 0.0660877 9.99099E-05 9.99099E-05
9.99099E-05 9.99099E-05 9.99099E-05 0.0627289 0.0342403 9.99099E-05 9.99099E-05 9.99099E-05 0.613617 9.99099E-05 9.99099E-05 9.99099E-05 0.243404 9.99099E-05 0.0450109
9.99189E-05 0.0381897 9.99189E-05 0.517232 9.99189E-05 9.99189E-05 9.99189E-05 9.99189E-05 0.0769947 9.99189E-05 0.0844607 0.205384 0.0768388 9.99189E-05 9.99189E-05
0.0646247 9.99189E-05 9.99189E-05 0.361406 9.99189E-05 9.99189E-05 0.118219 0.00414109 0.341261 9.99189E-05 9.99189E-05 9.99189E-05 0.109448 9.99189E-05 9.99189E-05
9.9937E-05 0.0361618 0.0260673 9.9937E-05 9.9937E-05 0.0151513 0.216388 9.9937E-05 0.00453016 9.9937E-05 0.623641 0.0431322 0.0342282 9.9937E-05 9.9937E-05
0.143171 0.0932809 0.0341765 0.0360962 9.9955E-05 0.054353 0.0738499 9.9955E-05 0.0167851 0.288464 0.213662 9.9955E-05 9.9955E-05 0.0456607 9.9955E-05
9.99189E-05 0.0191187 0.100307 0.108867 9.99189E-05 9.99189E-05 0.547794 9.99189E-05 9.99189E-05 9.99189E-05 0.203718 9.99189E-05 9.99189E-05 0.0192962 9.99189E-05
9.98919E-05 9.98919E-05 9.98919E-05 9.98919E-05 0.127056 9.98919E-05 9.98919E-05 9.98919E-05 0.709029 9.98919E-05 9.98919E-05 9.98919E-05 0.162716 9.98919E-05 9.98919E-05
9.99189E-05 0.0796449 0.0350554 0.183218 9.99189E-05 9.99189E-05 0.399922 9.99189E-05 9.99189E-05 9.99189E-05 0.266832 9.99189E-05 9.99189E-05 0.0344282 9.99189E-05
9.99279E-05 0.0623964 0.0471551 9.99279E-05 9.99279E-05 9.99279E-05 0.348774 9.99279E-05 0.0152488 9.99279E-05 0.393042 9.99279E-05 0.00165651 0.130928 9.99279E-05
9.9928E-05 9.9928E-05 0.0345042 9.9928E-05 9.9928E-05 9.9928E-05 0.20942 9.9928E-05 0.0245179 9.9928E-05 0.473966 0.16172 0.0015822 0.0934909 9.9928E-05
9.99009E-05 9.99009E-05 9.99009E-05 0.0382761 9.99009E-05 9.99009E-05 0.062233 9.99009E-05 0.767249 9.99009E-05 9.99009E-05 9.99009E-05 9.99009E-05 0.131143 9.99009E-05
0.00812466 0.018107 9.99369E-05 0.373222 9.99369E-05 9.99369E-05 0.266406 9.99369E-05 0.154018 9.99369E-05 0.0877016 9.99369E-05 0.0345532 0.0571679 9.99369E-05
9.9946E-05 0.0168667 0.000713429 0.0597036 9.9946E-05 0.0173799 9.9946E-05 9.9946E-05 0.0378939 0.0308807 0.382572 0.404243 0.0491477 9.9946E-05 9.9946E-05
0.0673971 9.9946E-05 9.9946E-05 0.162636 9.9946E-05 9.9946E-05 0.0937055 9.9946E-05 0.280022 0.0367581 0.0422028 9.9946E-05 0.19975 0.0924964 0.0244318
9.9937E-05 9.9937E-05 0.0610736 9.9937E-05 0.0543966 0.000710969 0.260549 9.9937E-05 9.9937E-05 9.9937E-05 0.592371 0.00202236 9.9937E-05 0.00797366 0.0202028
0.0256958 9.9937E-05 9.9937E-05 0.271758 0.0766547 9.9937E-05 9.9937E-05 9.9937E-05 0.0772868 0.450981 0.00207058 0.00533095 9.9937E-05 9.9937E-05 0.089523
9.99189E-05 0.131123 9.99189E-05 9.99189E-05 9.99189E-05 9.99189E-05 0.268912 9.99189E-05 0.264822 9.99189E-05 0.15743 9.99189E-05 0.0480296 0.128783 9.99189E-05
9.9901E-05 9.9901E-05 9.9901E-05 9.9901E-05 9.9901E-05 9.9901E-05 9.9901E-05 9.9901E-05 0.791386 9.9901E-05 9.9901E-05 0.0118902 0.141513 9.9901E-05 0.0541112
9.99369E-05 0.116205 9.99369E-05 0.460356 0.00154634 9.99369E-05 0.284968 0.0474796 0.000803319 9.99369E-05 0.0406924 9.99369E-05 0.0472502 9.99369E-05 9.99369E-05
0.0214409 9.99458E-05 9.99458E-05 0.174673 0.465255 0.0116846 9.99458E-05 9.99458E-05 0.172948 9.99458E-05 9.99458E-05 0.0419842 0.0311835 0.0328353 0.0473957
0.0205982 9.99189E-05 9.99189E-05 0.229028 9.99189E-05 0.0110986 9.99189E-05 9.99189E-05 9.99189E-05 9.99189E-05 9.99189E-05 9.99189E-05 0.0547657 0.0568221 0.626788
0.0216378 9.99279E-05 0.0185285 0.572503 0.187907 9.99279E-05 0.093552 0.00152869 0.103544 9.99279E-05 9.99279E-05 9.99279E-05 9.99279E-05 9.99279E-05 9.99279E-05
9.99098E-05 0.000706319 9.99098E-05 0.161636 9.99098E-05 9.99098E-05 9.99098E-05 9.99098E-05 0.149033 9.99098E-05 9.99098E-05 9.99098E-05 0.0801774 0.607448 9.99098E-05
9.99459E-05 9.99459E-05 9.99459E-05 0.467797 0.0705886 9.99459E-05 0.072607 0.0329349 0.0943717 9.99459E-05 0.0122111 0.0804461 0.163782 9.99459E-05 0.004662
9.99188E-05 9.99188E-05 9.99188E-05 0.199996 0.129306 9.99188E-05 0.233823 9.99188E-05 9.99188E-05 0.222397 0.124039 0.0895403 9.99188E-05 9.99188E-05 9.99188E-05
0.00195374 9.99099E-05 9.99099E-05 0.089749 9.99099E-05 0.0189068 9.99099E-05 9.99099E-05 9.99099E-05 9.99099E-05 9.99099E-05 9.99099E-05 0.360483 9.99099E-05 0.527909
9.9919E-05 9.9919E-05 0.0248001 9.9919E-05 0.137477 0.0132039 0.162757 9.9919E-05 9.9919E-05 0.489918 9.9919E-05 9.9919E-05 0.170944 9.9919E-05 9.9919E-05
9.99368E-05 0.124777 0.0217898 0.075322 9.99368E-05 9.99368E-05 0.188077 9.99368E-05 9.99368E-05 0.000342317 0.158245 0.0140456 9.99368E-05 0.416702 9.99368E-05
9.99279E-05 9.99279E-05 9.99279E-05 0.0575953 0.128228 9.99279E-05 0.00852867 9.99279E-05 9.99279E-05 0.0481534 9.99279E-05 0.645252 9.99279E-05 0.0573313 0.0541117
9.99009E-05 9.99009E-05 9.99009E-05 0.155435 9.99009E-05 9.99009E-05 0.0586162 9.99009E-05 9.99009E-05 9.99009E-05 9.99009E-05 9.99009E-05 9.99009E-05 0.150327 0.634523
