9.9865E-05 9.9865E-05 9.9865E-05 9.9865E-05 9.9865E-05 9.9865E-05 9.9865E-05 0.151139 0.0284507 9.9865E-05 0.364611 9.9865E-05 9.9865E-05 9.9865E-05 9.9865E-05 9.9865E-05 9.9865E-05 9.9865E-05 0.0502343 0.404067
9.98739E-05 0.0694112 9.98739E-05 9.98739E-05 0.00579685 0.0183681 9.98739E-05 9.98739E-05 0.0213135 9.98739E-05 0.325522 9.98739E-05 9.98739E-05 9.98739E-05 9.98739E-05 9.98739E-05 9.98739E-05 9.98739E-05 9.98739E-05 0.558191
9.99098E-05 9.99098E-05 9.99098E-05 9.99098E-05 9.99098E-05 0.0628608 0.028043 9.99098E-05 0.0157984 9.99098E-05 9.99098E-05 0.047213 0.016318 0.560429 0.220954 0.0373536 9.99098E-05 9.99098E-05 0.000394022 0.00963757
0.059249 9.98739E-05 9.98739E-05 9.98739E-05 9.98739E-05 9.98739E-05 9.98739E-05 0.149305 9.98739E-05 9.98739E-05 0.488626 9.98739E-05 9.98739E-05 9.98739E-05 9.98739E-05 9.98739E-05 9.98739E-05 0.111575 0.00685249 0.182995
0.0354164 0.00411648 9.99099E-05 9.99099E-05 9.99099E-05 0.0815846 9.99099E-05 0.0369312 9.99099E-05 9.99099E-05 0.304395 0.0157614 0.10372 9.99099E-05 9.99099E-05 0.13668 9.99099E-05 0.165707 9.99099E-05 0.114688
0.18508 9.99008E-05 9.99008E-05 0.0130243 0.00256093 9.99008E-05 9.99008E-05 0.271952 0.0251789 9.99008E-05 9.99008E-05 0.0797303 9.99008E-05 0.14945 0.0658938 9.99008E-05 9.99008E-05 9.99008E-05 9.99008E-05 0.20603
9.98828E-05 9.98828E-05 9.98828E-05 9.98828E-05 0.00327443 9.98828E-05 0.0113883 9.98828E-05 9.98828E-05 9.98828E-05 0.0443731 9.98828E-05 9.98828E-05 0.447065 0.275094 9.98828E-05 0.057857 9.98828E-05 9.98828E-05 0.15965
0.0610787 9.9892E-05 9.9892E-05 9.9892E-05 9.9892E-05 9.9892E-05 9.9892E-05 0.0888778 0.148954 9.9892E-05 9.9892E-05 0.0557085 0.0923608 0.229292 0.110117 9.9892E-05 9.9892E-05 9.9892E-05 9.9892E-05 0.212413
0.291378 9.99099E-05 9.99099E-05 0.0107667 9.99099E-05 9.99099E-05 0.0303123 9.99099E-05 0.0255464 9.99099E-05 0.22967 9.99099E-05 9.99099E-05 0.133009 9.99099E-05 0.0194169 9.99099E-05 0.00172795 0.0154029 0.241771
9.98738E-05 9.98738E-05 9.98738E-05 9.98738E-05 9.98738E-05 9.98738E-05 9.98738E-05 0.131595 9.98738E-05 9.98738E-05 9.98738E-05 0.322322 9.98738E-05 0.11519 0.241165 9.98738E-05 0.134261 9.98738E-05 0.0540693 9.98738E-05
0.197787 0.344742 0.00607318 9.99008E-05 9.99008E-05 0.0287484 0.0209709 9.99008E-05 9.99008E-05 9.99008E-05 0.0909615 9.99008E-05 0.100331 0.196539 9.99008E-05 9.99008E-05 9.99008E-05 0.0127477 9.99008E-05 9.99008E-05
0.232167 0.0285852 9.98829E-05 9.98829E-05 9.98829E-05 9.98829E-05 9.98829E-05 9.98829E-05 9.98829E-05 0.0849496 0.38967 0.0829467 0.0645185 0.115864 9.98829E-05 9.98829E-05 9.98829E-05 9.98829E-05 9.98829E-05 9.98829E-05
0.0793594 9.98738E-05 9.98738E-05 0.0303396 9.98738E-05 0.113256 9.98738E-05 9.98738E-05 9.98738E-05 9.98738E-05 9.98738E-05 9.98738E-05 9.98738E-05 9.98738E-05 0.14517 9.98738E-05 9.98738E-05 0.340165 9.98738E-05 0.290311
9.9901E-05 9.9901E-05 9.9901E-05 0.0175077 9.9901E-05 9.9901E-05 0.0110937 0.012944 0.0278655 9.9901E-05 0.000820422 0.151789 9.9901E-05 0.773857 0.000634276 9.9901E-05 9.9901E-05 9.9901E-05 0.00239014 9.9901E-05
0.112697 0.376735 9.98648E-05 9.98648E-05 9.98648E-05 9.98648E-05 9.98648E-05 9.98648E-05 9.98648E-05 9.98648E-05 0.291415 9.98648E-05 0.168139 0.0495169 9.98648E-05 9.98648E-05 9.98648E-05 9.98648E-05 9.98648E-05 9.98648E-05
0.0143652 9.98918E-05 9.98918E-05 9.98918E-05 0.0248316 9.98918E-05 9.98918E-05 0.0829959 9.98918E-05 9.98918E-05 9.98918E-05 9.98918E-05 9.98918E-05 0.159088 0.313064 9.98918E-05 0.269352 9.98918E-05 0.0175982 0.117506
9.98919E-05 9.98919E-05 9.98919E-05 9.98919E-05 9.98919E-05 9.98919E-05 0.0473032 0.0175819 9.98919E-05 9.98919E-05 0.025468 9.98919E-05 9.98919E-05 0.592562 0.165242 9.98919E-05 0.00552144 0.00307106 9.98919E-05 0.142051
9.98918E-05 0.0216435 9.98918E-05 9.98918E-05 9.98918E-05 0.0160383 9.98918E-05 9.98918E-05 9.98918E-05 9.98918E-05 0.00902199 9.98918E-05 0.0270221 0.566034 0.205267 9.98918E-05 9.98918E-05 0.00423334 9.98918E-05 0.149541
0.13119 9.98987E-05 0.0047024 9.98987E-05 9.98987E-05 0.0738804 9.98987E-05 9.98987E-05 9.98987E-05 0.108165 0.32957 9.98987E-05 9.98987E-05 0.191954 9.98987E-05 9.98987E-05 9.98987E-05 0.0548743 9.98987E-05 0.104465
9.98559E-05 0.149485 9.98559E-05 9.98559E-05 9.98559E-05 9.98559E-05 9.98559E-05 0.0584704 9.98559E-05 9.98559E-05 9.98559E-05 9.98559E-05 9.98559E-05 9.98559E-05 9.98559E-05 0.0650663 9.98559E-05 9.98559E-05 0.725381 9.98559E-05
9.98378E-05 9.98378E-05 9.98378E-05 9.98378E-05 9.98378E-05 9.98378E-05 9.98378E-05 9.98378E-05 9.98378E-05 9.98378E-05 9.98378E-05 9.98378E-05 9.98378E-05 9.98378E-05 9.98378E-05 9.98378E-05 9.98378E-05 0.243844 0.754359 9.98378E-05
9.98377E-05 9.98377E-05 9.98377E-05 9.98377E-05 9.98377E-05 9.98377E-05 9.98377E-05 0.204592 9.98377E-05 9.98377E-05 9.98377E-05 9.98377E-05 9.98377E-05 9.98377E-05 9.98377E-05 9.98377E-05 9.98377E-05 9.98377E-05 0.793611 9.98377E-05
9.98738E-05 9.98738E-05 9.98738E-05 9.98738E-05 9.98738E-05 9.98738E-05 9.98738E-05 9.98738E-05 0.0207777 0.181595 0.0034141 9.98738E-05 9.98738E-05 9.98738E-05 9.98738E-05 0.0359842 9.98738E-05 0.169523 0.587308 9.98738E-05
0.182153 0.0465304 9.98739E-05 9.98739E-05 9.98739E-05 9.98739E-05 9.98739E-05 9.98739E-05 0.00656587 9.98739E-05 0.0505958 9.98739E-05 9.98739E-05 9.98739E-05 9.98739E-05 0.000217168 9.98739E-05 9.98739E-05 0.71254 9.98739E-05
9.98737E-05 9.98737E-05 9.98737E-05 0.0629369 0.213608 9.98737E-05 9.98737E-05 9.98737E-05 9.98737E-05 9.98737E-05 9.98737E-05 0.0173018 9.98737E-05 0.260525 0.0109955 9.98737E-05 9.98737E-05 9.98737E-05 0.433235 9.98737E-05
0.119375 0.0647229 9.98918E-05 0.261763 9.98918E-05 9.98918E-05 9.98918E-05 9.98918E-05 0.0737485 9.98918E-05 0.122243 9.98918E-05 0.0114452 9.98918E-05 9.98918E-05 0.0579003 9.98918E-05 9.98918E-05 0.287603 9.98918E-05
9.98502E-05 9.98502E-05 9.98502E-05 9.98502E-05 0.22271 9.98502E-05 9.98502E-05 9.98502E-05 9.98502E-05 9.98502E-05 9.98502E-05 9.98502E-05 9.98502E-05 9.98502E-05 0.180326 0.0313687 0.325332 9.98502E-05 0.238766 9.98502E-05
9.9892E-05 0.109335 9.9892E-05 0.114892 9.9892E-05 9.9892E-05 9.9892E-05 0.0298647 0.120414 9.9892E-05 9.9892E-05 9.9892E-05 0.0923312 9.9892E-05 9.9892E-05 0.132399 9.9892E-05 0.191196 0.208371 9.9892E-05
9.98647E-05 9.98647E-05 9.98647E-05 0.0279359 0.016041 9.98647E-05 9.98647E-05 0.160036 9.98647E-05 9.98647E-05 9.98647E-05 9.98647E-05 9.98647E-05 0.00462346 9.98647E-05 9.98647E-05 9.98647E-05 9.98647E-05 0.789865 9.98647E-05
0.0726312 9.98559E-05 9.98559E-05 9.98559E-05 9.98559E-05 9.98559E-05 9.98559E-05 9.98559E-05 9.98559E-05 9.98559E-05 9.98559E-05 9.98559E-05 9.98559E-05 9.98559E-05 9.98559E-05 0.00157086 9.98559E-05 0.0950547 0.829146 9.98559E-05
0.0125503 9.99011E-05 0.0659202 9.99011E-05 0.0511263 9.99011E-05 0.0678784 9.99011E-05 9.99011E-05 0.00614349 9.99011E-05 9.99011E-05 9.99011E-05 9.99011E-05 0.0968025 9.99011E-05 0.11557 0.0268245 0.556085 9.99011E-05
9.98828E-05 9.98828E-05 9.98828E-05 0.688831 0.173445 0.0333048 9.98828E-05 0.060824 9.98828E-05 9.98828E-05 9.98828E-05 9.98828E-05 9.98828E-05 0.0159759 9.98828E-05 9.98828E-05 0.0117468 9.98828E-05 0.0145738 9.98828E-05
9.98557E-05 9.98557E-05 9.98557E-05 9.98557E-05 0.0853747 9.98557E-05 9.98557E-05 9.98557E-05 9.98557E-05 9.98557E-05 9.98557E-05 9.98557E-05 9.98557E-05 9.98557E-05 0.18785 9.98557E-05 0.143666 9.98557E-05 0.581511 9.98557E-05
9.98738E-05 9.98738E-05 9.98738E-05 0.0316033 0.0865292 9.98738E-05 9.98738E-05 9.98738E-05 9.98738E-05 9.98738E-05 9.98738E-05 9.98738E-05 9.98738E-05 0.153767 0.065923 9.98738E-05 9.98738E-05 9.98738E-05 0.627595 0.0331836
0.136071 9.98468E-05 9.98468E-05 9.98468E-05 9.98468E-05 9.98468E-05 9.98468E-05 9.98468E-05 9.98468E-05 9.98468E-05 9.98468E-05 9.98468E-05 9.98468E-05 9.98468E-05 9.98468E-05 9.98468E-05 9.98468E-05 0.072621 0.789611 9.98468E-05
0.0154322 0.154808 9.98649E-05 9.98649E-05 9.98649E-05 9.98649E-05 9.98649E-05 9.98649E-05 9.98649E-05 9.98649E-05 0.0560986 9.98649E-05 9.98649E-05 9.98649E-05 9.98649E-05 0.0578508 9.98649E-05 9.98649E-05 0.714312 9.98649E-05
9.98379E-05 0.334996 9.98379E-05 9.98379E-05 9.98379E-05 9.98379E-05 9.98379E-05 9.98379E-05 9.98379E-05 9.98379E-05 9.98379E-05 9.98379E-05 9.98379E-05 9.98379E-05 9.98379E-05 9.98379E-05 9.98379E-05 9.98379E-05 0.663207 9.98379E-05
9.98739E-05 9.98739E-05 9.98739E-05 9.98739E-05 9.98739E-05 9.98739E-05 0.0115255 9.98739E-05 9.98739E-05 0.160068 0.0909655 9.98739E-05 9.98739E-05 9.98739E-05 9.98739E-05 0.041636 9.98739E-05 0.0252955 0.669112 9.98739E-05
9.98556E-05 9.98556E-05 9.98556E-05 9.98556E-05 0.366771 9.98556E-05 9.98556E-05 0.0920087 9.98556E-05 9.98556E-05 9.98556E-05 9.98556E-05 9.98556E-05 9.98556E-05 9.98556E-05 0.438144 9.98556E-05 9.98556E-05 9.98556E-05 0.101479
9.9892E-05 9.9892E-05 9.9892E-05 9.9892E-05 0.809319 0.0569444 0.0294092 9.9892E-05 9.9892E-05 9.9892E-05 0.0113656 9.9892E-05 9.9892E-05 9.9892E-05 9.9892E-05 0.00915772 0.0387491 0.0320227 9.9892E-05 0.0118341
9.98739E-05 9.98739E-05 9.98739E-05 9.98739E-05 0.568358 9.98739E-05 9.98739E-05 9.98739E-05 0.0589007 9.98739E-05 9.98739E-05 0.106568 9.98739E-05 9.98739E-05 0.145545 9.98739E-05 0.0917296 9.98739E-05 0.0275003 9.98739E-05
9.98829E-05 9.98829E-05 0.0475183 0.0952585 0.232734 9.98829E-05 9.98829E-05 9.98829E-05 0.0314768 0.0884569 9.98829E-05 9.98829E-05 9.98829E-05 9.98829E-05 9.98829E-05 0.202704 9.98829E-05 0.300553 9.98829E-05 9.98829E-05
9.98647E-05 9.98647E-05 9.98647E-05 9.98647E-05 0.44311 9.98647E-05 9.98647E-05 0.126885 9.98647E-05 9.98647E-05 9.98647E-05 9.98647E-05 9.98647E-05 9.98647E-05 9.98647E-05 0.109674 9.98647E-05 9.98647E-05 0.236419 0.0824151
9.99009E-05 0.125383 9.99009E-05 0.0271664 0.647804 0.0373793 9.99009E-05 9.99009E-05 9.99009E-05 9.99009E-05 9.99009E-05 0.0995873 0.00301496 0.00767704 9.99009E-05 9.99009E-05 9.99009E-05 9.99009E-05 0.0477898 0.00309865
9.98649E-05 9.98649E-05 9.98649E-05 0.60251 9.98649E-05 9.98649E-05 9.98649E-05 9.98649E-05 9.98649E-05 0.174603 0.195352 9.98649E-05 0.00342681 9.98649E-05 9.98649E-05 0.0226104 9.98649E-05 9.98649E-05 9.98649E-05 9.98649E-05
0.118265 9.98502E-05 9.98502E-05 9.98502E-05 0.136413 9.98502E-05 9.98502E-05 9.98502E-05 9.98502E-05 9.98502E-05 0.057822 9.98502E-05 0.138137 9.98502E-05 9.98502E-05 0.547865 9.98502E-05 9.98502E-05 9.98502E-05 9.98502E-05
9.98738E-05 9.98738E-05 9.98738E-05 9.98738E-05 0.61346 9.98738E-05 9.98738E-05 9.98738E-05 9.98738E-05 9.98738E-05 9.98738E-05 0.0248437 9.98738E-05 0.144169 0.0578365 9.98738E-05 0.00037002 9.98738E-05 0.157922 9.98738E-05
0.00758171 9.98647E-05 9.98647E-05 9.98647E-05 0.452735 9.98647E-05 9.98647E-05 0.169647 0.0315704 9.98647E-05 9.98647E-05 9.98647E-05 9.98647E-05 9.98647E-05 9.98647E-05 0.336968 9.98647E-05 9.98647E-05 9.98647E-05 9.98647E-05
9.9856E-05 9.9856E-05 9.9856E-05 9.9856E-05 0.432277 9.9856E-05 9.9856E-05 9.9856E-05 9.9856E-05 9.9856E-05 9.9856E-05 9.9856E-05 9.9856E-05 9.9856E-05 0.0353795 9.9856E-05 0.48956 0.0411859 9.9856E-05 9.9856E-05
9.9883E-05 9.9883E-05 9.9883E-05 9.9883E-05 0.288915 9.9883E-05 0.021269 9.9883E-05 0.0725679 0.00363825 9.9883E-05 9.9883E-05 0.104675 9.9883E-05 9.9883E-05 0.422016 9.9883E-05 9.9883E-05 9.9883E-05 0.0856198
9.98649E-05 9.98649E-05 9.98649E-05 9.98649E-05 0.718228 9.98649E-05 0.0290495 9.98649E-05 9.98649E-05 9.98649E-05 9.98649E-05 9.98649E-05 9.98649E-05 9.98649E-05 9.98649E-05 0.105746 0.0821878 0.063291 9.98649E-05 9.98649E-05
9.9865E-05 9.9865E-05 9.9865E-05 9.9865E-05 0.367286 9.9865E-05 0.0171643 9.9865E-05 9.9865E-05 9.9865E-05 9.9865E-05 9.9865E-05 9.9865E-05 9.9865E-05 9.9865E-05 0.196044 9.9865E-05 0.376742 0.0412659 9.9865E-05
0.170656 0.202764 9.99008E-05 0.242103 0.0464181 9.99008E-05 9.99008E-05 9.99008E-05 0.00101117 9.99008E-05 0.00443214 0.0035819 9.99008E-05 9.99008E-05 9.99008E-05 0.276816 9.99008E-05 9.99008E-05 0.0511192 9.99008E-05
0.315566 0.126146 0.1034 9.98738E-05 0.235534 9.98738E-05 9.98738E-05 9.98738E-05 0.043021 9.98738E-05 9.98738E-05 9.98738E-05 9.98738E-05 9.98738E-05 9.98738E-05 0.174935 9.98738E-05 9.98738E-05 9.98738E-05 9.98738E-05
9.9901E-05 9.9901E-05 0.0565188 0.040914 0.119603 9.9901E-05 0.0623196 9.9901E-05 0.0310898 0.37893 0.0386243 9.9901E-05 9.9901E-05 9.9901E-05 9.9901E-05 0.241513 9.9901E-05 9.9901E-05 0.0293885 9.9901E-05
0.0199914 9.98649E-05 9.98649E-05 9.98649E-05 9.98649E-05 9.98649E-05 9.98649E-05 9.98649E-05 0.200646 0.423124 0.0239441 9.98649E-05 9.98649E-05 9.98649E-05 9.98649E-05 9.98649E-05 9.98649E-05 9.98649E-05 0.330797 9.98649E-05
9.98917E-05 9.98917E-05 9.98917E-05 0.0925327 0.532915 0.00824656 9.98917E-05 0.145382 0.00383233 9.98917E-05 9.98917E-05 9.98917E-05 9.98917E-05 9.98917E-05 0.00455983 0.206498 9.98917E-05 9.98917E-05 9.98917E-05 0.00483498
9.98648E-05 9.98648E-05 9.98648E-05 9.98648E-05 0.232727 9.98648E-05 9.98648E-05 9.98648E-05 0.270204 9.98648E-05 9.98648E-05 9.98648E-05 9.98648E-05 9.98648E-05 9.98648E-05 0.180884 0.0249464 0.289741 9.98648E-05 9.98648E-05
9.98828E-05 9.98828E-05 9.98828E-05 9.98828E-05 0.784738 0.00350074 9.98828E-05 0.0784799 0.0585901 0.0110241 9.98828E-05 9.98828E-05 0.0142403 9.98828E-05 9.98828E-05 9.98828E-05 0.0481288 9.98828E-05 9.98828E-05 9.98828E-05
9.98469E-05 9.98469E-05 9.98469E-05 9.98469E-05 0.153812 9.98469E-05 9.98469E-05 0.0935543 9.98469E-05 9.98469E-05 9.98469E-05 9.98469E-05 9.98469E-05 9.98469E-05 9.98469E-05 0.750936 9.98469E-05 9.98469E-05 9.98469E-05 9.98469E-05
0.0253287 9.98917E-05 9.98917E-05 0.15722 0.135696 9.98917E-05 9.98917E-05 0.07628 0.0159172 9.98917E-05 9.98917E-05 9.98917E-05 9.98917E-05 9.98917E-05 9.98917E-05 0.506478 9.98917E-05 9.98917E-05 0.0219963 0.0598853
0.0749069 0.0185614 9.98918E-05 9.98918E-05 0.302944 9.98918E-05 9.98918E-05 9.98918E-05 0.0767755 9.98918E-05 0.0281999 9.98918E-05 0.02594 9.98918E-05 9.98918E-05 0.359094 9.98918E-05 9.98918E-05 9.98918E-05 0.11238
9.98739E-05 9.98739E-05 9.98739E-05 0.561414 0.203042 0.131414 9.98739E-05 9.98739E-05 9.98739E-05 9.98739E-05 9.98739E-05 9.98739E-05 9.98739E-05 0.0387324 9.98739E-05 0.0162434 0.0477552 9.98739E-05 9.98739E-05 9.98739E-05
9.98649E-05 9.98649E-05 9.98649E-05 9.98649E-05 9.98649E-05 9.98649E-05 9.98649E-05 9.98649E-05 9.98649E-05 0.291038 9.98649E-05 9.98649E-05 9.98649E-05 9.98649E-05 0.0245573 0.62528 9.98649E-05 0.00545714 0.0521688 9.98649E-05
9.98828E-05 9.98828E-05 9.98828E-05 0.00211147 0.184561 9.98828E-05 9.98828E-05 9.98828E-05 0.0809895 9.98828E-05 9.98828E-05 0.00198883 9.98828E-05 0.158911 0.323224 0.246916 9.98828E-05 9.98828E-05 9.98828E-05 9.98828E-05
0.156838 0.115293 9.98918E-05 0.418432 9.98918E-05 9.98918E-05 9.98918E-05 9.98918E-05 0.0387996 9.98918E-05 9.98918E-05 9.98918E-05 9.98918E-05 0.0818828 9.98918E-05 0.14892 9.98918E-05 0.00716058 0.0314754 9.98918E-05
9.9847E-05 9.9847E-05 9.9847E-05 9.9847E-05 9.9847E-05 9.9847E-05 0.0205009 9.9847E-05 9.9847E-05 9.9847E-05 9.9847E-05 9.9847E-05 0.0776692 9.9847E-05 9.9847E-05 0.900133 9.9847E-05 9.9847E-05 9.9847E-05 9.9847E-05
9.98561E-05 0.157812 9.98561E-05 9.98561E-05 9.98561E-05 9.98561E-05 9.98561E-05 9.98561E-05 9.98561E-05 9.98561E-05 9.98561E-05 9.98561E-05 9.98561E-05 9.98561E-05 0.0481314 0.770352 0.0221062 9.98561E-05 9.98561E-05 9.98561E-05
9.98647E-05 9.98647E-05 9.98647E-05 0.826044 9.98647E-05 9.98647E-05 9.98647E-05 9.98647E-05 0.0641569 9.98647E-05 0.0427928 9.98647E-05 9.98647E-05 0.045915 9.98647E-05 9.98647E-05 9.98647E-05 9.98647E-05 9.98647E-05 0.0195928
9.98648E-05 9.98648E-05 9.98648E-05 0.661182 0.0316719 9.98648E-05 0.00960971 0.190891 9.98648E-05 9.98648E-05 9.98648E-05 9.98648E-05 9.98648E-05 9.98648E-05 9.98648E-05 9.98648E-05 9.98648E-05 9.98648E-05 0.105148 9.98648E-05
9.98468E-05 9.98468E-05 9.98468E-05 0.614358 0.0933857 9.98468E-05 9.98468E-05 9.98468E-05 9.98468E-05 9.98468E-05 9.98468E-05 9.98468E-05 9.98468E-05 9.98468E-05 9.98468E-05 9.98468E-05 0.290559 9.98468E-05 9.98468E-05 9.98468E-05
9.98558E-05 9.98558E-05 9.98558E-05 0.0538111 0.31031 9.98558E-05 9.98558E-05 9.98558E-05 9.98558E-05 9.98558E-05 9.98558E-05 9.98558E-05 9.98558E-05 9.98558E-05 0.454233 0.180048 9.98558E-05 9.98558E-05 9.98558E-05 9.98558E-05
9.98739E-05 9.98739E-05 0.000986306 9.98739E-05 9.98739E-05 9.98739E-05 9.98739E-05 9.98739E-05 9.98739E-05 0.203536 0.0232529 9.98739E-05 0.128779 9.98739E-05 9.98739E-05 0.00503714 9.98739E-05 9.98739E-05 0.637011 9.98739E-05
9.98826E-05 9.98826E-05 9.98826E-05 0.0379926 0.347263 0.00505967 9.98826E-05 9.98826E-05 9.98826E-05 9.98826E-05 9.98826E-05 9.98826E-05 9.98826E-05 0.0804432 0.135955 0.348403 0.0435859 9.98826E-05 9.98826E-05 9.98826E-05
9.98468E-05 0.0176661 9.98468E-05 0.458131 9.98468E-05 9.98468E-05 9.98468E-05 9.98468E-05 9.98468E-05 9.98468E-05 9.98468E-05 9.98468E-05 9.98468E-05 9.98468E-05 9.98468E-05 0.522506 9.98468E-05 9.98468E-05 9.98468E-05 9.98468E-05
0.182123 9.98468E-05 9.98468E-05 0.651411 9.98468E-05 9.98468E-05 9.98468E-05 9.98468E-05 9.98468E-05 9.98468E-05 0.164769 9.98468E-05 9.98468E-05 9.98468E-05 9.98468E-05 9.98468E-05 9.98468E-05 9.98468E-05 9.98468E-05 9.98468E-05
9.98647E-05 9.98647E-05 9.98647E-05 9.98647E-05 0.0884097 9.98647E-05 9.98647E-05 9.98647E-05 9.98647E-05 9.98647E-05 9.98647E-05 9.98647E-05 9.98647E-05 0.0202085 0.122752 9.98647E-05 0.0706407 9.98647E-05 0.696491 9.98647E-05
9.9865E-05 9.9865E-05 9.9865E-05 0.12943 0.209844 9.9865E-05 9.9865E-05 9.9865E-05 9.9865E-05 9.9865E-05 9.9865E-05 9.9865E-05 9.9865E-05 9.9865E-05 0.385718 9.9865E-05 0.140459 9.9865E-05 0.133052 9.9865E-05
9.98557E-05 9.98557E-05 9.98557E-05 9.98557E-05 0.159456 9.98557E-05 9.98557E-05 9.98557E-05 9.98557E-05 9.98557E-05 9.98557E-05 9.98557E-05 9.98557E-05 0.10778 0.0506855 9.98557E-05 9.98557E-05 9.98557E-05 0.680481 9.98557E-05
9.98648E-05 9.98648E-05 9.98648E-05 0.476477 0.0323698 9.98648E-05 9.98648E-05 0.237904 0.0565304 9.98648E-05 9.98648E-05 9.98648E-05 9.98648E-05 9.98648E-05 9.98648E-05 9.98648E-05 9.98648E-05 9.98648E-05 0.195221 9.98648E-05
9.98602E-05 9.98602E-05 9.98602E-05 0.208374 0.183483 9.98602E-05 9.98602E-05 9.98602E-05 9.98602E-05 9.98602E-05 9.98602E-05 9.98602E-05 9.98602E-05 9.98602E-05 9.98602E-05 0.00980047 0.456792 0.0289061 0.111246 9.98602E-05
0.132294 9.98828E-05 9.98828E-05 0.0479947 0.107553 9.98828E-05 9.98828E-05 9.98828E-05 9.98828E-05 0.0475753 9.98828E-05 9.98828E-05 9.98828E-05 9.98828E-05 9.98828E-05 0.34193 9.98828E-05 0.126332 0.195022 9.98828E-05
0.0324484 9.98648E-05 9.98648E-05 9.98648E-05 0.379558 9.98648E-05 9.98648E-05 9.98648E-05 9.98648E-05 9.98648E-05 9.98648E-05 9.98648E-05 9.98648E-05 9.98648E-05 0.0104368 0.382955 9.98648E-05 0.193104 9.98648E-05 9.98648E-05
0.0478119 9.98829E-05 9.98829E-05 0.037524 0.319594 9.98829E-05 9.98829E-05 9.98829E-05 0.101392 9.98829E-05 9.98829E-05 9.98829E-05 9.98829E-05 9.98829E-05 9.98829E-05 0.0782466 9.98829E-05 0.373514 0.0406197 9.98829E-05
9.98738E-05 9.98738E-05 9.98738E-05 9.98738E-05 0.507895 9.98738E-05 9.98738E-05 9.98738E-05 9.98738E-05 9.98738E-05 9.98738E-05 0.022284 9.98738E-05 0.0265572 0.156985 0.235527 0.049353 9.98738E-05 9.98738E-05 9.98738E-05
9.98739E-05 9.98739E-05 9.98739E-05 0.00845515 0.0840827 9.98739E-05 9.98739E-05 0.236452 9.98739E-05 9.98739E-05 9.98739E-05 9.98739E-05 9.98739E-05 9.98739E-05 9.98739E-05 0.601574 0.0036125 9.98739E-05 0.0644251 9.98739E-05
0.0139557 9.98829E-05 9.98829E-05 0.0703243 9.98829E-05 9.98829E-05 9.98829E-05 9.98829E-05 0.0270644 0.00478626 0.0799277 9.98829E-05 9.98829E-05 0.0117526 9.98829E-05 0.79089 9.98829E-05 9.98829E-05 9.98829E-05 9.98829E-05
9.98737E-05 9.98737E-05 9.98737E-05 9.98737E-05 9.98737E-05 9.98737E-05 9.98737E-05 0.0124281 0.588464 9.98737E-05 9.98737E-05 0.0120465 9.98737E-05 0.143931 0.0467237 9.98737E-05 9.98737E-05 9.98737E-05 0.195008 9.98737E-05
9.98467E-05 9.98467E-05 9.98467E-05 9.98467E-05 0.433706 9.98467E-05 9.98467E-05 9.98467E-05 0.354196 9.98467E-05 9.98467E-05 9.98467E-05 9.98467E-05 9.98467E-05 0.2104 9.98467E-05 9.98467E-05 9.98467E-05 9.98467E-05 9.98467E-05
9.98558E-05 9.98558E-05 9.98558E-05 0.0702234 9.98558E-05 9.98558E-05 9.98558E-05 9.98558E-05 0.649472 9.98558E-05 9.98558E-05 9.98558E-05 0.132994 9.98558E-05 9.98558E-05 9.98558E-05 9.98558E-05 9.98558E-05 0.145713 9.98558E-05
9.98647E-05 9.98647E-05 9.98647E-05 9.98647E-05 0.281048 9.98647E-05 9.98647E-05 9.98647E-05 0.513072 9.98647E-05 9.98647E-05 9.98647E-05 9.98647E-05 0.0442323 0.153092 0.00705749 9.98647E-05 9.98647E-05 9.98647E-05 9.98647E-05
9.98466E-05 9.98466E-05 9.98466E-05 9.98466E-05 0.117029 9.98466E-05 9.98466E-05 9.98466E-05 0.696884 9.98466E-05 9.98466E-05 9.98466E-05 9.98466E-05 9.98466E-05 0.184389 9.98466E-05 9.98466E-05 9.98466E-05 9.98466E-05 9.98466E-05
9.98558E-05 9.98558E-05 9.98558E-05 9.98558E-05 9.98558E-05 9.98558E-05 9.98558E-05 9.98558E-05 0.764171 9.98558E-05 0.0667892 9.98558E-05 0.113263 9.98558E-05 9.98558E-05 0.0541786 9.98558E-05 9.98558E-05 9.98558E-05 9.98558E-05
9.98648E-05 9.98648E-05 9.98648E-05 9.98648E-05 0.253016 9.98648E-05 9.98648E-05 9.98648E-05 0.359456 9.98648E-05 9.98648E-05 9.98648E-05 9.98648E-05 9.98648E-05 0.0142004 0.183936 9.98648E-05 9.98648E-05 9.98648E-05 0.187893
9.98403E-05 9.98403E-05 9.98403E-05 9.98403E-05 0.123769 9.98403E-05 9.98403E-05 0.0548285 0.807117 9.98403E-05 9.98403E-05 9.98403E-05 9.98403E-05 9.98403E-05 9.98403E-05 9.98403E-05 9.98403E-05 9.98403E-05 9.98403E-05 0.0126878
9.98559E-05 9.98559E-05 9.98559E-05 0.00372594 0.0154288 0.595605 9.98559E-05 9.98559E-05 9.98559E-05 9.98559E-05 9.98559E-05 9.98559E-05 9.98559E-05 9.98559E-05 9.98559E-05 9.98559E-05 0.383642 9.98559E-05 9.98559E-05 9.98559E-05
9.9874E-05 9.9874E-05 9.9874E-05 9.9874E-05 0.128057 0.51092 9.9874E-05 0.117363 9.9874E-05 9.9874E-05 9.9874E-05 9.9874E-05 9.9874E-05 9.9874E-05 0.0799988 9.9874E-05 0.110267 0.051997 9.9874E-05 9.9874E-05
9.98649E-05 9.98649E-05 9.98649E-05 9.98649E-05 0.0181126 0.700192 0.00360168 9.98649E-05 9.98649E-05 0.0254759 9.98649E-05 9.98649E-05 9.98649E-05 9.98649E-05 9.98649E-05 9.98649E-05 9.98649E-05 0.25112 9.98649E-05 9.98649E-05
9.98559E-05 9.98559E-05 9.98559E-05 9.98559E-05 9.98559E-05 0.544093 9.98559E-05 9.98559E-05 0.0064695 0.00994171 9.98559E-05 9.98559E-05 0.437898 9.98559E-05 9.98559E-05 9.98559E-05 9.98559E-05 9.98559E-05 9.98559E-05 9.98559E-05
9.98468E-05 9.98468E-05 9.98468E-05 9.98468E-05 9.98468E-05 0.650463 9.98468E-05 9.98468E-05 9.98468E-05 9.98468E-05 9.98468E-05 0.0784247 9.98468E-05 9.98468E-05 9.98468E-05 9.98468E-05 0.269415 9.98468E-05 9.98468E-05 9.98468E-05
0.00774557 9.99098E-05 9.99098E-05 9.99098E-05 9.99098E-05 0.19516 0.0236961 9.99098E-05 0.0634931 0.0351178 0.0330439 9.99098E-05 0.0780918 0.255247 9.99098E-05 0.0120334 9.99098E-05 9.99098E-05 9.99098E-05 0.295372
9.98303E-05 9.98303E-05 9.98303E-05 9.98303E-05 9.98303E-05 0.48683 9.98303E-05 9.98303E-05 9.98303E-05 9.98303E-05 9.98303E-05 9.98303E-05 9.98303E-05 0.219065 0.292408 9.98303E-05 9.98303E-05 9.98303E-05 9.98303E-05 9.98303E-05
9.98469E-05 9.98469E-05 9.98469E-05 9.98469E-05 0.0064979 0.708419 9.98469E-05 9.98469E-05 9.98469E-05 9.98469E-05 9.98469E-05 9.98469E-05 9.98469E-05 9.98469E-05 9.98469E-05 9.98469E-05 0.283386 9.98469E-05 9.98469E-05 9.98469E-05
9.98559E-05 9.98559E-05 9.98559E-05 0.0285415 9.98559E-05 0.589785 9.98559E-05 0.29577 9.98559E-05 9.98559E-05 9.98559E-05 9.98559E-05 9.98559E-05 0.0843056 9.98559E-05 9.98559E-05 9.98559E-05 9.98559E-05 9.98559E-05 9.98559E-05
9.98739E-05 0.214025 9.98739E-05 9.98739E-05 9.98739E-05 0.49966 9.98739E-05 9.98739E-05 9.98739E-05 9.98739E-05 0.0771223 9.98739E-05 9.98739E-05 9.98739E-05 9.98739E-05 0.123271 9.98739E-05 0.0833325 0.00119101 9.98739E-05
9.9856E-05 9.9856E-05 9.9856E-05 9.9856E-05 0.0420591 0.267156 9.9856E-05 9.9856E-05 9.9856E-05 9.9856E-05 9.9856E-05 0.110345 9.9856E-05 9.9856E-05 9.9856E-05 9.9856E-05 0.578842 9.9856E-05 9.9856E-05 9.9856E-05
9.98738E-05 0.423273 9.98738E-05 9.98738E-05 9.98738E-05 0.420717 9.98738E-05 9.98738E-05 9.98738E-05 9.98738E-05 0.0492565 0.0485265 9.98738E-05 9.98738E-05 0.0441943 0.0126351 9.98738E-05 9.98738E-05 9.98738E-05 9.98738E-05
9.98558E-05 9.98558E-05 9.98558E-05 9.98558E-05 0.0228387 0.734726 9.98558E-05 9.98558E-05 9.98558E-05 9.98558E-05 9.98558E-05 9.98558E-05 9.98558E-05 9.98558E-05 9.98558E-05 9.98558E-05 0.146556 9.98558E-05 9.98558E-05 0.0942819
9.99008E-05 0.109552 0.00198715 0.0194481 9.99008E-05 0.49351 9.99008E-05 0.125596 0.0180327 9.99008E-05 9.99008E-05 9.99008E-05 9.99008E-05 0.0565372 9.99008E-05 0.00658321 9.99008E-05 9.99008E-05 9.99008E-05 0.167655
9.98738E-05 9.98738E-05 9.98738E-05 9.98738E-05 9.98738E-05 0.46262 0.0623414 0.411167 9.98738E-05 9.98738E-05 9.98738E-05 9.98738E-05 9.98738E-05 9.98738E-05 9.98738E-05 9.98738E-05 0.0224237 0.0284089 0.0116414 9.98738E-05
9.99189E-05 9.99189E-05 9.99189E-05 9.99189E-05 0.00565693 0.312876 0.00751604 0.0249099 9.99189E-05 0.00538006 0.0164666 0.00382565 9.99189E-05 0.544876 0.0262817 9.99189E-05 0.0213263 9.99189E-05 0.0299856 9.99189E-05
0.123762 0.0215837 9.98737E-05 9.98737E-05 9.98737E-05 0.50742 9.98737E-05 9.98737E-05 9.98737E-05 9.98737E-05 0.217925 9.98737E-05 0.0235551 9.98737E-05 9.98737E-05 0.104355 9.98737E-05 9.98737E-05 9.98737E-05 9.98737E-05
9.98557E-05 9.98557E-05 9.98557E-05 9.98557E-05 9.98557E-05 0.302047 9.98557E-05 9.98557E-05 9.98557E-05 0.37713 0.0473598 9.98557E-05 9.98557E-05 9.98557E-05 9.98557E-05 9.98557E-05 9.98557E-05 0.271865 9.98557E-05 9.98557E-05
9.98649E-05 9.98649E-05 9.98649E-05 9.98649E-05 0.106761 0.442085 9.98649E-05 0.369108 9.98649E-05 9.98649E-05 9.98649E-05 9.98649E-05 9.98649E-05 9.98649E-05 0.0379627 9.98649E-05 9.98649E-05 9.98649E-05 0.0425854 9.98649E-05
9.98649E-05 9.98649E-05 9.98649E-05 9.98649E-05 0.0155263 0.752015 9.98649E-05 9.98649E-05 9.98649E-05 9.98649E-05 9.98649E-05 9.98649E-05 9.98649E-05 0.171415 0.0294853 9.98649E-05 0.0300597 9.98649E-05 9.98649E-05 9.98649E-05
9.98829E-05 0.0623901 9.98829E-05 9.98829E-05 9.98829E-05 0.534445 9.98829E-05 0.289989 9.98829E-05 9.98829E-05 9.98829E-05 9.98829E-05 0.0637792 9.98829E-05 9.98829E-05 0.0128305 9.98829E-05 0.020576 0.0146918 9.98829E-05
9.98467E-05 9.98467E-05 9.98467E-05 9.98467E-05 9.98467E-05 0.486465 9.98467E-05 9.98467E-05 9.98467E-05 9.98467E-05 0.0218049 9.98467E-05 9.98467E-05 9.98467E-05 9.98467E-05 9.98467E-05 9.98467E-05 0.490033 9.98467E-05 9.98467E-05
9.98919E-05 0.125968 9.98919E-05 9.98919E-05 9.98919E-05 9.98919E-05 9.98919E-05 9.98919E-05 9.98919E-05 9.98919E-05 0.0334042 0.0629522 0.205656 9.98919E-05 9.98919E-05 0.0576365 9.98919E-05 0.0630824 0.0142144 0.435888
9.98738E-05 9.98738E-05 9.98738E-05 9.98738E-05 9.98738E-05 9.98738E-05 9.98738E-05 9.98738E-05 0.00772519 9.98738E-05 0.0494823 0.711067 0.0047966 0.149379 0.0761508 9.98738E-05 9.98738E-05 9.98738E-05 9.98738E-05 9.98738E-05
9.98469E-05 9.98469E-05 9.98469E-05 9.98469E-05 9.98469E-05 9.98469E-05 9.98469E-05 9.98469E-05 9.98469E-05 0.557674 9.98469E-05 9.98469E-05 9.98469E-05 9.98469E-05 9.98469E-05 9.98469E-05 9.98469E-05 0.0445588 9.98469E-05 0.39607
9.98738E-05 9.98738E-05 9.98738E-05 9.98738E-05 9.98738E-05 9.98738E-05 9.98738E-05 0.0228707 9.98738E-05 9.98738E-05 9.98738E-05 0.0503431 9.98738E-05 0.411679 9.98738E-05 9.98738E-05 0.141519 9.98738E-05 0.0203534 0.351837
9.98467E-05 9.98467E-05 9.98467E-05 9.98467E-05 9.98467E-05 9.98467E-05 9.98467E-05 9.98467E-05 9.98467E-05 9.98467E-05 9.98467E-05 0.602414 9.98467E-05 9.98467E-05 0.0819329 9.98467E-05 0.313956 9.98467E-05 9.98467E-05 9.98467E-05
0.119009 0.314363 9.98737E-05 9.98737E-05 9.98737E-05 9.98737E-05 0.019629 9.98737E-05 9.98737E-05 0.10181 0.167502 9.98737E-05 9.98737E-05 9.98737E-05 9.98737E-05 9.98737E-05 9.98737E-05 9.98737E-05 9.98737E-05 0.276289
9.98648E-05 0.209429 9.98648E-05 9.98648E-05 9.98648E-05 9.98648E-05 9.98648E-05 9.98648E-05 9.98648E-05 9.98648E-05 0.0122858 0.732662 9.98648E-05 9.98648E-05 9.98648E-05 9.98648E-05 9.98648E-05 0.0127223 9.98648E-05 0.031403
0.0175501 9.98648E-05 9.98648E-05 0.0424649 0.0112088 9.98648E-05 9.98648E-05 9.98648E-05 9.98648E-05 9.98648E-05 9.98648E-05 9.98648E-05 9.98648E-05 9.98648E-05 0.0967222 9.98648E-05 9.98648E-05 9.98648E-05 9.98648E-05 0.830556
0.175215 9.98467E-05 9.98467E-05 9.98467E-05 9.98467E-05 9.98467E-05 9.98467E-05 9.98467E-05 9.98467E-05 9.98467E-05 9.98467E-05 0.587231 9.98467E-05 9.98467E-05 9.98467E-05 9.98467E-05 9.98467E-05 0.235857 9.98467E-05 9.98467E-05
9.98829E-05 9.98829E-05 0.00343062 9.98829E-05 9.98829E-05 9.98829E-05 0.00175313 9.98829E-05 9.98829E-05 9.98829E-05 9.98829E-05 0.312537 9.98829E-05 0.107418 0.343665 9.98829E-05 0.0951571 9.98829E-05 9.98829E-05 0.134741
0.293026 0.253687 9.99008E-05 9.99008E-05 9.99008E-05 9.99008E-05 9.99008E-05 0.024035 9.99008E-05 9.99008E-05 0.00465224 0.0480789 0.0674112 9.99008E-05 9.99008E-05 0.0690967 9.99008E-05 0.0086657 9.99008E-05 0.230248
9.98558E-05 9.98558E-05 9.98558E-05 9.98558E-05 9.98558E-05 9.98558E-05 9.98558E-05 9.98558E-05 9.98558E-05 0.27951 0.036038 0.516667 9.98558E-05 9.98558E-05 9.98558E-05 9.98558E-05 9.98558E-05 0.166187 9.98558E-05 9.98558E-05
9.98468E-05 9.98468E-05 9.98468E-05 9.98468E-05 9.98468E-05 9.98468E-05 9.98468E-05 9.98468E-05 9.98468E-05 9.98468E-05 9.98468E-05 0.525288 9.98468E-05 9.98468E-05 0.233524 9.98468E-05 0.23949 9.98468E-05 9.98468E-05 9.98468E-05
9.98739E-05 0.202645 9.98739E-05 9.98739E-05 9.98739E-05 9.98739E-05 9.98739E-05 9.98739E-05 9.98739E-05 0.0285598 0.348643 9.98739E-05 0.117058 9.98739E-05 9.98739E-05 9.98739E-05 9.98739E-05 0.00525939 9.98739E-05 0.296437
0.417233 9.98828E-05 9.98828E-05 9.98828E-05 9.98828E-05 9.98828E-05 0.0144443 9.98828E-05 9.98828E-05 0.0352792 0.139398 0.344045 9.98828E-05 9.98828E-05 9.98828E-05 0.0261354 9.98828E-05 0.0221668 9.98828E-05 9.98828E-05
0.156253 0.080732 9.98917E-05 9.98917E-05 9.98917E-05 9.98917E-05 0.062987 9.98917E-05 9.98917E-05 0.0197515 0.201442 9.98917E-05 9.98917E-05 0.205367 9.98917E-05 9.98917E-05 9.98917E-05 0.190532 9.98917E-05 0.0817367
9.98468E-05 9.98468E-05 9.98468E-05 9.98468E-05 9.98468E-05 9.98468E-05 9.98468E-05 9.98468E-05 9.98468E-05 9.98468E-05 9.98468E-05 0.57992 9.98468E-05 9.98468E-05 0.0305053 9.98468E-05 0.387877 9.98468E-05 9.98468E-05 9.98468E-05
0.560276 9.98737E-05 9.98737E-05 9.98737E-05 9.98737E-05 9.98737E-05 0.0268326 9.98737E-05 9.98737E-05 0.116021 9.98737E-05 0.0800139 9.98737E-05 9.98737E-05 9.98737E-05 9.98737E-05 9.98737E-05 0.0269226 9.98737E-05 0.188535
0.0420887 0.28336 0.00290918 9.98919E-05 9.98919E-05 9.98919E-05 9.98919E-05 0.00406864 9.98919E-05 9.98919E-05 0.0343637 9.98919E-05 0.217737 9.98919E-05 9.98919E-05 0.00353345 9.98919E-05 9.98919E-05 9.98919E-05 0.410741
9.98737E-05 9.98737E-05 9.98737E-05 9.98737E-05 9.98737E-05 9.98737E-05 9.98737E-05 9.98737E-05 0.0667422 9.98737E-05 9.98737E-05 0.12021 0.0276824 0.448349 9.98737E-05 9.98737E-05 9.98737E-05 9.98737E-05 0.00406326 0.331554
9.98203E-05 9.98203E-05 9.98203E-05 9.98203E-05 9.98203E-05 9.98203E-05 0.998103 9.98203E-05 9.98203E-05 9.98203E-05 9.98203E-05 9.98203E-05 9.98203E-05 9.98203E-05 9.98203E-05 9.98203E-05 9.98203E-05 9.98203E-05 9.98203E-05 9.98203E-05
9.98919E-05 9.98919E-05 0.0668555 9.98919E-05 9.98919E-05 9.98919E-05 0.0973159 9.98919E-05 9.98919E-05 0.101953 0.00783611 0.0902109 9.98919E-05 9.98919E-05 9.98919E-05 9.98919E-05 9.98919E-05 0.158334 0.0354026 0.440894
9.98647E-05 9.98647E-05 9.98647E-05 9.98647E-05 9.98647E-05 9.98647E-05 9.98647E-05 9.98647E-05 9.98647E-05 9.98647E-05 9.98647E-05 0.567379 9.98647E-05 0.0866139 0.0289861 9.98647E-05 0.272758 9.98647E-05 9.98647E-05 0.0427651
0.544374 0.02454 9.99009E-05 0.0056097 0.0074141 0.0275619 9.99009E-05 9.99009E-05 9.99009E-05 9.99009E-05 9.99009E-05 9.99009E-05 9.99009E-05 0.306704 9.99009E-05 9.99009E-05 0.0138706 9.99009E-05 0.0385965 0.0302301
9.98602E-05 9.98602E-05 9.98602E-05 0.00718883 9.98602E-05 9.98602E-05 9.98602E-05 0.0841975 0.0491809 9.98602E-05 9.98602E-05 0.591238 0.0555161 9.98602E-05 9.98602E-05 9.98602E-05 9.98602E-05 9.98602E-05 9.98602E-05 0.211281
9.99098E-05 9.99098E-05 9.99098E-05 0.0531492 0.076929 0.163882 0.0292823 0.107811 9.99098E-05 9.99098E-05 9.99098E-05 0.106756 9.99098E-05 0.189304 9.99098E-05 9.99098E-05 0.186881 9.99098E-05 0.00228916 0.0827173
0.493879 0.0294551 9.99008E-05 0.008089 9.99008E-05 0.11826 9.99008E-05 9.99008E-05 9.99008E-05 9.99008E-05 9.99008E-05 9.99008E-05 9.99008E-05 0.0957716 9.99008E-05 0.0303445 9.99008E-05 0.186806 0.000466338 0.0358299
0.0391394 9.9883E-05 0.0107971 9.9883E-05 9.9883E-05 0.021189 9.9883E-05 0.747853 9.9883E-05 9.9883E-05 9.9883E-05 9.9883E-05 9.9883E-05 9.9883E-05 9.9883E-05 0.0818631 9.9883E-05 0.0917351 9.9883E-05 0.00612466
9.98831E-05 9.98831E-05 9.98831E-05 0.0281167 9.98831E-05 9.98831E-05 0.0172428 9.98831E-05 9.98831E-05 9.98831E-05 0.027394 0.00629475 9.98831E-05 9.98831E-05 0.200776 9.98831E-05 0.67356 9.98831E-05 0.0453175 9.98831E-05
9.98827E-05 9.98827E-05 9.98827E-05 0.0817193 9.98827E-05 0.0431366 9.98827E-05 0.337738 9.98827E-05 9.98827E-05 0.0222318 0.15617 9.98827E-05 0.286401 0.0713052 9.98827E-05 9.98827E-05 9.98827E-05 9.98827E-05 9.98827E-05
9.99098E-05 0.0281633 9.99098E-05 9.99098E-05 0.0506112 0.0928237 9.99098E-05 0.0429426 9.99098E-05 9.99098E-05 9.99098E-05 0.0407393 9.99098E-05 0.452082 9.99098E-05 0.00446496 0.229057 9.99098E-05 0.0300076 0.0281085
9.98829E-05 0.495372 9.98829E-05 9.98829E-05 9.98829E-05 9.98829E-05 9.98829E-05 0.068748 9.98829E-05 9.98829E-05 9.98829E-05 0.154363 9.98829E-05 9.98829E-05 9.98829E-05 9.98829E-05 0.0764935 0.112027 0.0202962 0.0714012
9.98558E-05 9.98558E-05 9.98558E-05 9.98558E-05 9.98558E-05 9.98558E-05 9.98558E-05 9.98558E-05 9.98558E-05 9.98558E-05 9.98558E-05 0.0371291 9.98558E-05 0.465587 9.98558E-05 9.98558E-05 0.495222 9.98558E-05 9.98558E-05 0.000464444
0.241419 0.141293 9.98702E-05 9.98702E-05 9.98702E-05 9.98702E-05 9.98702E-05 9.98702E-05 9.98702E-05 0.117412 0.103631 9.98702E-05 9.98702E-05 0.0545923 9.98702E-05 9.98702E-05 9.98702E-05 0.178198 9.98702E-05 0.162156
9.98558E-05 9.98558E-05 9.98558E-05 9.98558E-05 9.98558E-05 9.98558E-05 9.98558E-05 0.0992146 9.98558E-05 9.98558E-05 9.98558E-05 0.0368313 9.98558E-05 0.440339 9.98558E-05 9.98558E-05 0.422018 9.98558E-05 9.98558E-05 9.98558E-05
9.98829E-05 9.98829E-05 0.0229778 9.98829E-05 9.98829E-05 9.98829E-05 9.98829E-05 9.98829E-05 9.98829E-05 0.130352 9.98829E-05 0.296544 0.0604205 9.98829E-05 9.98829E-05 9.98829E-05 0.0799965 0.361411 9.98829E-05 0.047
0.141452 9.99008E-05 9.99008E-05 9.99008E-05 9.99008E-05 0.00237484 9.99008E-05 0.0885569 9.99008E-05 0.209823 0.081816 0.00203084 9.99008E-05 9.99008E-05 0.0698719 9.99008E-05 9.99008E-05 0.360966 9.99008E-05 0.0420091
0.0575812 9.9928E-05 0.00500439 0.013793 0.0517046 0.0174491 0.00707117 0.608459 9.9928E-05 0.0066612 9.9928E-05 0.0151615 9.9928E-05 0.0443076 9.9928E-05 0.0483226 9.9928E-05 9.9928E-05 9.9928E-05 0.123685
9.98918E-05 9.98918E-05 9.98918E-05 0.0047438 9.98918E-05 0.0744246 9.98918E-05 0.257087 9.98918E-05 9.98918E-05 0.0409954 9.98918E-05 9.98918E-05 0.111473 0.0659011 0.0070447 9.98918E-05 9.98918E-05 9.98918E-05 0.437132
9.98559E-05 9.98559E-05 9.98559E-05 9.98559E-05 9.98559E-05 9.98559E-05 9.98559E-05 0.769533 9.98559E-05 9.98559E-05 0.11229 9.98559E-05 9.98559E-05 0.107891 0.00868822 9.98559E-05 9.98559E-05 9.98559E-05 9.98559E-05 9.98559E-05
9.98827E-05 0.0306871 9.98827E-05 9.98827E-05 9.98827E-05 0.0222209 0.082389 9.98827E-05 9.98827E-05 0.00783282 9.98827E-05 0.0248109 9.98827E-05 0.260218 9.98827E-05 9.98827E-05 9.98827E-05 0.570543 9.98827E-05 9.98827E-05
9.98919E-05 9.98919E-05 9.98919E-05 9.98919E-05 9.98919E-05 0.0076758 0.00939654 0.0714623 9.98919E-05 9.98919E-05 0.0408498 9.98919E-05 9.98919E-05 0.10731 0.0940625 9.98919E-05 0.645169 0.0228761 9.98919E-05 9.98919E-05
9.98559E-05 9.98559E-05 9.98559E-05 9.98559E-05 9.98559E-05 9.98559E-05 9.98559E-05 0.0664662 9.98559E-05 9.98559E-05 9.98559E-05 0.283717 9.98559E-05 9.98559E-05 0.0343374 9.98559E-05 0.613881 9.98559E-05 9.98559E-05 9.98559E-05
0.0666297 9.98919E-05 0.00758534 0.0346201 0.0248504 9.98919E-05 9.98919E-05 0.0783481 9.98919E-05 9.98919E-05 9.98919E-05 0.0863938 9.98919E-05 0.487341 0.213033 9.98919E-05 9.98919E-05 9.98919E-05 9.98919E-05 9.98919E-05
0.107022 9.98738E-05 9.98738E-05 9.98738E-05 0.0967534 9.98738E-05 9.98738E-05 0.100017 9.98738E-05 9.98738E-05 9.98738E-05 0.0613403 9.98738E-05 0.0649122 9.98738E-05 9.98738E-05 0.568557 9.98738E-05 9.98738E-05 9.98738E-05
9.9865E-05 0.00812017 9.9865E-05 9.9865E-05 9.9865E-05 9.9865E-05 0.0494133 9.9865E-05 9.9865E-05 9.9865E-05 0.108524 9.9865E-05 9.9865E-05 9.9865E-05 0.0248138 9.9865E-05 0.807631 9.9865E-05 9.9865E-05 9.9865E-05
0.134851 9.98918E-05 9.98918E-05 9.98918E-05 0.100266 9.98918E-05 9.98918E-05 0.0909627 0.0274593 9.98918E-05 9.98918E-05 0.175804 0.0114115 0.138793 0.319254 9.98918E-05 9.98918E-05 9.98918E-05 9.98918E-05 9.98918E-05
9.98827E-05 0.0142749 9.98827E-05 9.98827E-05 9.98827E-05 9.98827E-05 9.98827E-05 9.98827E-05 0.0272298 9.98827E-05 9.98827E-05 0.0843896 9.98827E-05 0.470283 0.00451377 9.98827E-05 0.175727 9.98827E-05 9.98827E-05 0.222283
9.9892E-05 9.9892E-05 9.9892E-05 0.00658325 9.9892E-05 9.9892E-05 0.0162994 0.0216453 0.00497554 0.0207716 0.311919 9.9892E-05 0.597246 9.9892E-05 9.9892E-05 9.9892E-05 9.9892E-05 9.9892E-05 0.0193613 9.9892E-05
0.00220142 9.98648E-05 9.98648E-05 9.98648E-05 9.98648E-05 9.98648E-05 9.98648E-05 9.98648E-05 9.98648E-05 0.0203494 0.823347 9.98648E-05 9.98648E-05 0.133487 9.98648E-05 9.98648E-05 9.98648E-05 9.98648E-05 0.019117 9.98648E-05
9.98828E-05 9.98828E-05 9.98828E-05 0.0390659 9.98828E-05 9.98828E-05 9.98828E-05 0.00150996 0.0630642 9.98828E-05 0.0593398 9.98828E-05 0.145743 0.609462 0.080516 9.98828E-05 9.98828E-05 9.98828E-05 9.98828E-05 9.98828E-05
0.0588249 0.175784 9.98557E-05 9.98557E-05 9.98557E-05 9.98557E-05 9.98557E-05 9.98557E-05 9.98557E-05 9.98557E-05 0.619159 9.98557E-05 9.98557E-05 0.144635 9.98557E-05 9.98557E-05 9.98557E-05 9.98557E-05 9.98557E-05 9.98557E-05
9.98469E-05 9.98469E-05 9.98469E-05 9.98469E-05 9.98469E-05 0.0235876 9.98469E-05 9.98469E-05 9.98469E-05 9.98469E-05 0.913998 9.98469E-05 0.060717 9.98469E-05 9.98469E-05 9.98469E-05 9.98469E-05 9.98469E-05 9.98469E-05 9.98469E-05
9.98738E-05 9.98738E-05 9.98738E-05 9.98738E-05 9.98738E-05 9.98738E-05 9.98738E-05 9.98738E-05 9.98738E-05 0.369101 0.443836 9.98738E-05 9.98738E-05 0.0260445 0.0317508 9.98738E-05 9.98738E-05 0.0818086 0.0460615 9.98738E-05
9.98829E-05 9.98829E-05 0.00707367 9.98829E-05 9.98829E-05 0.0348278 0.0159664 9.98829E-05 9.98829E-05 0.082368 0.777035 9.98829E-05 9.98829E-05 0.0745395 9.98829E-05 9.98829E-05 9.98829E-05 9.98829E-05 9.98829E-05 0.00689084
9.9865E-05 9.9865E-05 9.9865E-05 9.9865E-05 9.9865E-05 9.9865E-05 9.9865E-05 9.9865E-05 0.0114202 9.9865E-05 0.190372 9.9865E-05 9.9865E-05 0.473462 0.314424 9.9865E-05 9.9865E-05 9.9865E-05 0.00882368 9.9865E-05
9.9865E-05 9.9865E-05 9.9865E-05 9.9865E-05 9.9865E-05 9.9865E-05 0.00857671 9.9865E-05 9.9865E-05 9.9865E-05 9.9865E-05 0.221868 9.9865E-05 0.114233 0.376212 9.9865E-05 0.277612 9.9865E-05 9.9865E-05 9.9865E-05
0.0991646 9.98827E-05 9.98827E-05 0.0497172 9.98827E-05 0.0416164 9.98827E-05 9.98827E-05 0.0394792 9.98827E-05 9.98827E-05 9.98827E-05 0.410981 0.0726782 9.98827E-05 9.98827E-05 9.98827E-05 9.98827E-05 9.98827E-05 0.285065
9.98602E-05 9.98602E-05 0.00861218 9.98602E-05 9.98602E-05 0.0727284 9.98602E-05 9.98602E-05 0.0029104 9.98602E-05 0.131351 9.98602E-05 9.98602E-05 0.179371 0.603629 9.98602E-05 9.98602E-05 9.98602E-05 9.98602E-05 9.98602E-05
9.98921E-05 9.98921E-05 0.00033366 0.142829 9.98921E-05 0.00204715 9.98921E-05 9.98921E-05 0.123005 9.98921E-05 0.084977 9.98921E-05 9.98921E-05 0.488204 0.145387 9.98921E-05 9.98921E-05 9.98921E-05 9.98921E-05 0.0120177
9.98738E-05 9.98738E-05 9.98738E-05 9.98738E-05 9.98738E-05 0.0345058 9.98738E-05 9.98738E-05 0.128272 9.98738E-05 0.207624 9.98738E-05 0.0885422 0.404759 9.98738E-05 9.98738E-05 9.98738E-05 9.98738E-05 9.98738E-05 0.134898
