9.9865E-05 9.9865E-05 9.9865E-05 0.199425 0.439404 9.9865E-05 0.288589 9.9865E-05 9.9865E-05 9.9865E-05 9.9865E-05 9.9865E-05 9.9865E-05 9.9865E-05 9.9865E-05 9.9865E-05 0.0544982 9.9865E-05 0.0165855 9.9865E-05
9.98829E-05 9.98829E-05 9.98829E-05 9.98829E-05 0.392398 9.98829E-05 0.406863 0.0642865 9.98829E-05 9.98829E-05 9.98829E-05 9.98829E-05 9.98829E-05 0.0442905 9.98829E-05 9.98829E-05 0.0262838 0.031523 9.98829E-05 0.0330567
9.99008E-05 9.99008E-05 0.383281 9.99008E-05 9.99008E-05 0.0474186 0.325949 9.99008E-05 9.99008E-05 0.0231024 9.99008E-05 0.0357972 0.103184 0.0557425 9.99008E-05 9.99008E-05 0.0226739 9.99008E-05 0.00175263 9.99008E-05
9.98829E-05 0.133713 9.98829E-05 0.201259 0.512709 9.98829E-05 0.0437743 9.98829E-05 0.102338 9.98829E-05 9.98829E-05 0.00116385 9.98829E-05 9.98829E-05 9.98829E-05 9.98829E-05 9.98829E-05 9.98829E-05 0.00374553 9.98829E-05
9.98828E-05 0.143477 9.98828E-05 0.136336 0.257755 9.98828E-05 9.98828E-05 9.98828E-05 0.123812 9.98828E-05 9.98828E-05 0.152495 9.98828E-05 0.0621119 9.98828E-05 9.98828E-05 9.98828E-05 0.122714 9.98828E-05 9.98828E-05
9.99008E-05 0.167934 0.0875695 0.291593 9.99008E-05 0.110689 0.298405 9.99008E-05 9.99008E-05 9.99008E-05 9.99008E-05 9.99008E-05 9.99008E-05 9.99008E-05 0.00496888 9.99008E-05 0.0305975 0.00518471 9.99008E-05 0.00196026
9.98738E-05 9.98738E-05 0.336443 9.98738E-05 0.0487602 9.98738E-05 0.451558 9.98738E-05 9.98738E-05 0.0164004 9.98738E-05 9.98738E-05 0.12386 9.98738E-05 0.0215802 9.98738E-05 9.98738E-05 9.98738E-05 9.98738E-05 9.98738E-05
9.98741E-05 9.98741E-05 0.120622 0.114799 9.98741E-05 0.1068 0.364919 9.98741E-05 9.98741E-05 9.98741E-05 9.98741E-05 9.98741E-05 9.98741E-05 9.98741E-05 9.98741E-05 9.98741E-05 0.158729 0.132733 9.98741E-05 9.98741E-05
0.0645626 0.26851 9.9892E-05 9.9892E-05 0.244307 9.9892E-05 0.365037 9.9892E-05 0.00287455 9.9892E-05 9.9892E-05 0.012846 9.9892E-05 9.9892E-05 9.9892E-05 9.9892E-05 9.9892E-05 9.9892E-05 0.024816 0.0158486
9.98828E-05 9.98828E-05 0.131974 0.0102037 0.0398913 0.200512 9.98828E-05 9.98828E-05 9.98828E-05 9.98828E-05 9.98828E-05 0.00105584 0.569068 9.98828E-05 9.98828E-05 9.98828E-05 9.98828E-05 9.98828E-05 0.0459963 9.98828E-05
0.00359063 0.194562 9.99099E-05 9.99099E-05 0.0539185 0.0176232 0.193903 0.341229 9.99099E-05 0.0243219 9.99099E-05 9.99099E-05 9.99099E-05 0.0685279 9.99099E-05 9.99099E-05 9.99099E-05 0.0923912 0.00893273 9.99099E-05
9.98829E-05 0.115836 9.98829E-05 9.98829E-05 0.40606 0.156091 0.0422357 0.0759887 9.98829E-05 9.98829E-05 9.98829E-05 9.98829E-05 9.98829E-05 9.98829E-05 9.98829E-05 0.13014 9.98829E-05 0.0723502 9.98829E-05 9.98829E-05
0.0333065 0.150112 0.148961 9.98918E-05 9.98918E-05 9.98918E-05 0.166639 0.00216928 0.360361 9.98918E-05 9.98918E-05 9.98918E-05 9.98918E-05 0.118745 0.0185075 9.98918E-05 9.98918E-05 9.98918E-05 9.98918E-05 9.98918E-05
9.9856E-05 9.9856E-05 0.0979882 9.9856E-05 9.9856E-05 0.188415 0.612551 9.9856E-05 9.9856E-05 9.9856E-05 9.9856E-05 9.9856E-05 9.9856E-05 9.9856E-05 0.0994489 9.9856E-05 9.9856E-05 9.9856E-05 9.9856E-05 9.9856E-05
9.98739E-05 0.00397419 9.98739E-05 9.98739E-05 0.347925 0.0562792 0.00624691 0.400883 9.98739E-05 9.98739E-05 9.98739E-05 9.98739E-05 9.98739E-05 9.98739E-05 9.98739E-05 9.98739E-05 9.98739E-05 0.183293 9.98739E-05 9.98739E-05
9.99098E-05 0.0223371 0.351237 0.130539 9.99098E-05 9.99098E-05 0.0566399 9.99098E-05 9.99098E-05 9.99098E-05 0.0125224 0.0119141 0.357954 9.99098E-05 0.0523494 9.99098E-05 9.99098E-05 0.00179821 0.00170977 9.99098E-05
9.98739E-05 9.98739E-05 0.234017 9.98739E-05 0.0304881 9.98739E-05 0.575432 9.98739E-05 9.98739E-05 0.0292217 9.98739E-05 9.98739E-05 0.128747 0.000696632 9.98739E-05 9.98739E-05 9.98739E-05 9.98739E-05 9.98739E-05 9.98739E-05
9.98559E-05 9.98559E-05 0.358381 9.98559E-05 9.98559E-05 9.98559E-05 0.598574 0.0358718 9.98559E-05 9.98559E-05 9.98559E-05 9.98559E-05 9.98559E-05 0.00557526 9.98559E-05 9.98559E-05 9.98559E-05 9.98559E-05 9.98559E-05 9.98559E-05
0.00879879 0.180779 9.9874E-05 9.9874E-05 0.279062 9.9874E-05 0.237865 9.9874E-05 9.9874E-05 9.9874E-05 9.9874E-05 9.9874E-05 9.9874E-05 0.121382 9.9874E-05 0.170715 9.9874E-05 9.9874E-05 9.9874E-05 9.9874E-05
9.98559E-05 9.98559E-05 9.98559E-05 0.0498321 9.98559E-05 9.98559E-05 9.98559E-05 0.116476 9.98559E-05 9.98559E-05 9.98559E-05 0.0820245 9.98559E-05 9.98559E-05 9.98559E-05 9.98559E-05 9.98559E-05 9.98559E-05 0.75007 9.98559E-05
9.98378E-05 9.98378E-05 9.98378E-05 9.98378E-05 9.98378E-05 9.98378E-05 9.98378E-05 9.98378E-05 0.224438 9.98378E-05 9.98378E-05 9.98378E-05 9.98378E-05 9.98378E-05 9.98378E-05 9.98378E-05 9.98378E-05 9.98378E-05 0.773764 9.98378E-05
9.98377E-05 9.98377E-05 9.98377E-05 0.186769 9.98377E-05 9.98377E-05 9.98377E-05 9.98377E-05 9.98377E-05 9.98377E-05 9.98377E-05 9.98377E-05 9.98377E-05 9.98377E-05 9.98377E-05 9.98377E-05 9.98377E-05 9.98377E-05 0.811434 9.98377E-05
9.98558E-05 9.98558E-05 9.98558E-05 9.98558E-05 9.98558E-05 9.98558E-05 9.98558E-05 9.98558E-05 0.194651 9.98558E-05 9.98558E-05 0.0300278 9.98558E-05 9.98558E-05 9.98558E-05 0.165093 9.98558E-05 9.98558E-05 0.608631 9.98558E-05
0.0275649 0.163402 9.98829E-05 9.98829E-05 0.0342907 9.98829E-05 9.98829E-05 0.0456195 9.98829E-05 9.98829E-05 9.98829E-05 0.00712184 9.98829E-05 9.98829E-05 9.98829E-05 0.000991535 9.98829E-05 9.98829E-05 0.719711 9.98829E-05
0.0293106 9.98917E-05 0.00843823 9.98917E-05 9.98917E-05 9.98917E-05 0.157482 9.98917E-05 9.98917E-05 9.98917E-05 9.98917E-05 9.98917E-05 0.0752914 9.98917E-05 0.198445 9.98917E-05 0.0182681 9.98917E-05 0.415749 0.0958172
0.352151 0.0882609 9.99008E-05 9.99008E-05 0.0916926 0.0190662 9.99008E-05 0.0508915 9.99008E-05 9.99008E-05 9.99008E-05 0.0598421 9.99008E-05 9.99008E-05 9.99008E-05 9.99008E-05 0.0414045 0.0242034 0.271389 9.99008E-05
9.98559E-05 9.98559E-05 9.98559E-05 9.98559E-05 9.98559E-05 9.98559E-05 9.98559E-05 9.98559E-05 9.98559E-05 9.98559E-05 0.336489 9.98559E-05 0.0338666 9.98559E-05 0.411635 9.98559E-05 9.98559E-05 9.98559E-05 0.216411 9.98559E-05
0.143 9.9901E-05 9.9901E-05 0.0515351 9.9901E-05 9.9901E-05 9.9901E-05 0.0677566 0.166123 9.9901E-05 0.0148551 0.164399 9.9901E-05 9.9901E-05 9.9901E-05 9.9901E-05 0.0908914 0.0808767 0.219464 9.9901E-05
0.0138861 9.98738E-05 9.98738E-05 0.139081 9.98738E-05 9.98738E-05 9.98738E-05 9.98738E-05 9.98738E-05 9.98738E-05 9.98738E-05 9.98738E-05 0.0501388 0.00803104 0.00308356 9.98738E-05 9.98738E-05 9.98738E-05 0.784381 9.98738E-05
9.98559E-05 0.0616957 9.98559E-05 9.98559E-05 9.98559E-05 9.98559E-05 9.98559E-05 9.98559E-05 0.0802113 9.98559E-05 9.98559E-05 9.98559E-05 9.98559E-05 9.98559E-05 9.98559E-05 0.00310732 9.98559E-05 9.98559E-05 0.853388 9.98559E-05
9.98921E-05 0.0048972 9.98921E-05 9.98921E-05 9.98921E-05 9.98921E-05 9.98921E-05 0.000734569 0.0472296 0.179034 0.0319035 9.98921E-05 0.0412655 9.98921E-05 0.210899 9.98921E-05 9.98921E-05 9.98921E-05 0.482837 9.98921E-05
0.579725 9.98737E-05 9.98737E-05 0.0628875 9.98737E-05 9.98737E-05 9.98737E-05 9.98737E-05 9.98737E-05 9.98737E-05 9.98737E-05 9.98737E-05 0.0486242 0.036387 0.212965 9.98737E-05 9.98737E-05 9.98737E-05 9.98737E-05 0.0580124
9.98557E-05 9.98557E-05 0.0276844 9.98557E-05 9.98557E-05 9.98557E-05 9.98557E-05 9.98557E-05 9.98557E-05 9.98557E-05 9.98557E-05 9.98557E-05 0.2081 9.98557E-05 0.254553 9.98557E-05 9.98557E-05 9.98557E-05 0.508065 9.98557E-05
9.98558E-05 9.98558E-05 0.0165769 9.98558E-05 9.98558E-05 9.98558E-05 0.189162 9.98558E-05 9.98558E-05 9.98558E-05 9.98558E-05 9.98558E-05 9.98558E-05 9.98558E-05 0.200252 9.98558E-05 9.98558E-05 9.98558E-05 0.592411 9.98558E-05
0.000512394 0.0993575 9.98559E-05 9.98559E-05 9.98559E-05 9.98559E-05 9.98559E-05 9.98559E-05 0.0720397 9.98559E-05 9.98559E-05 9.98559E-05 9.98559E-05 9.98559E-05 9.98559E-05 9.98559E-05 9.98559E-05 9.98559E-05 0.826493 9.98559E-05
9.98649E-05 0.0314285 9.98649E-05 9.98649E-05 0.0379984 9.98649E-05 9.98649E-05 0.109487 9.98649E-05 9.98649E-05 9.98649E-05 0.0904535 9.98649E-05 9.98649E-05 9.98649E-05 9.98649E-05 9.98649E-05 9.98649E-05 0.729134 9.98649E-05
9.98559E-05 9.98559E-05 9.98559E-05 9.98559E-05 9.98559E-05 9.98559E-05 9.98559E-05 0.294943 9.98559E-05 9.98559E-05 9.98559E-05 0.032 0.00472325 9.98559E-05 9.98559E-05 9.98559E-05 9.98559E-05 9.98559E-05 0.666736 9.98559E-05
9.98649E-05 9.98649E-05 9.98649E-05 9.98649E-05 0.0474152 9.98649E-05 9.98649E-05 9.98649E-05 0.0415141 9.98649E-05 9.98649E-05 0.063025 9.98649E-05 9.98649E-05 9.98649E-05 0.172591 9.98649E-05 9.98649E-05 0.673957 9.98649E-05
9.98556E-05 9.98556E-05 9.98556E-05 0.110383 9.98556E-05 9.98556E-05 0.0187788 9.98556E-05 9.98556E-05 9.98556E-05 9.98556E-05 0.293763 9.98556E-05 9.98556E-05 9.98556E-05 9.98556E-05 9.98556E-05 9.98556E-05 9.98556E-05 0.575478
9.9865E-05 9.9865E-05 9.9865E-05 9.9865E-05 9.9865E-05 9.9865E-05 9.9865E-05 9.9865E-05 9.9865E-05 0.0032384 0.130718 9.9865E-05 9.9865E-05 0.00361817 0.419352 9.9865E-05 9.9865E-05 9.9865E-05 9.9865E-05 0.441576
9.98829E-05 9.98829E-05 0.0184882 9.98829E-05 9.98829E-05 0.0243051 9.98829E-05 9.98829E-05 9.98829E-05 9.98829E-05 0.0463239 9.98829E-05 0.216956 9.98829E-05 0.302482 9.98829E-05 0.066932 9.98829E-05 9.98829E-05 0.323214
0.096251 9.99009E-05 9.99009E-05 9.99009E-05 9.99009E-05 9.99009E-05 9.99009E-05 9.99009E-05 0.318973 0.0343101 0.0115126 0.122537 9.99009E-05 9.99009E-05 0.0546419 0.0707056 0.0323663 9.99009E-05 9.99009E-05 0.257604
9.98737E-05 9.98737E-05 9.98737E-05 0.14286 9.98737E-05 9.98737E-05 0.0177 9.98737E-05 9.98737E-05 9.98737E-05 9.98737E-05 0.0295752 9.98737E-05 9.98737E-05 0.0774183 9.98737E-05 9.98737E-05 9.98737E-05 0.226915 0.504133
9.98739E-05 9.98739E-05 0.10673 9.98739E-05 9.98739E-05 0.0725203 9.98739E-05 9.98739E-05 9.98739E-05 9.98739E-05 9.98739E-05 9.98739E-05 0.0650322 0.0199002 9.98739E-05 9.98739E-05 9.98739E-05 9.98739E-05 0.00310763 0.731311
0.676717 9.98559E-05 9.98559E-05 9.98559E-05 0.0946867 9.98559E-05 9.98559E-05 9.98559E-05 9.98559E-05 9.98559E-05 9.98559E-05 0.0102043 9.98559E-05 9.98559E-05 9.98559E-05 0.216795 9.98559E-05 9.98559E-05 9.98559E-05 9.98559E-05
0.00187588 0.0584285 9.98738E-05 9.98738E-05 0.0820919 9.98738E-05 9.98738E-05 9.98738E-05 9.98738E-05 9.98738E-05 9.98738E-05 0.323781 9.98738E-05 9.98738E-05 9.98738E-05 9.98738E-05 9.98738E-05 0.150989 9.98738E-05 0.381435
9.98648E-05 9.98648E-05 0.0471473 9.98648E-05 9.98648E-05 9.98648E-05 9.98648E-05 9.98648E-05 9.98648E-05 9.98648E-05 9.98648E-05 9.98648E-05 0.176646 9.98648E-05 0.293718 9.98648E-05 9.98648E-05 9.98648E-05 0.111683 0.369308
9.98557E-05 9.98557E-05 9.98557E-05 0.139671 9.98557E-05 9.98557E-05 9.98557E-05 9.98557E-05 9.98557E-05 9.98557E-05 9.98557E-05 0.204409 9.98557E-05 9.98557E-05 9.98557E-05 9.98557E-05 0.00806803 9.98557E-05 9.98557E-05 0.646253
9.98378E-05 9.98378E-05 9.98378E-05 9.98378E-05 9.98378E-05 9.98378E-05 9.98378E-05 9.98378E-05 9.98378E-05 9.98378E-05 0.688366 9.98378E-05 9.98378E-05 9.98378E-05 9.98378E-05 9.98378E-05 9.98378E-05 9.98378E-05 9.98378E-05 0.309837
9.98739E-05 9.98739E-05 9.98739E-05 9.98739E-05 9.98739E-05 9.98739E-05 9.98739E-05 9.98739E-05 9.98739E-05 0.034738 9.98739E-05 0.287458 9.98739E-05 9.98739E-05 9.98739E-05 0.00995811 0.0314275 0.12885 9.98739E-05 0.506171
9.98559E-05 9.98559E-05 9.98559E-05 9.98559E-05 9.98559E-05 9.98559E-05 9.98559E-05 9.98559E-05 9.98559E-05 9.98559E-05 0.199773 0.0254069 9.98559E-05 9.98559E-05 0.301887 9.98559E-05 9.98559E-05 9.98559E-05 9.98559E-05 0.471335
9.9865E-05 9.9865E-05 9.9865E-05 9.9865E-05 9.9865E-05 0.000647992 9.9865E-05 9.9865E-05 0.375221 9.9865E-05 9.9865E-05 0.0409823 9.9865E-05 9.9865E-05 9.9865E-05 9.9865E-05 9.9865E-05 9.9865E-05 0.0244469 0.557204
0.289379 0.100844 0.00401445 9.99008E-05 0.0115134 0.0276911 9.99008E-05 0.191553 9.99008E-05 9.99008E-05 9.99008E-05 0.161285 9.99008E-05 9.99008E-05 9.99008E-05 9.99008E-05 9.99008E-05 9.99008E-05 0.0454271 0.167194
0.0832784 0.229163 9.98829E-05 9.98829E-05 9.98829E-05 9.98829E-05 9.98829E-05 0.175632 9.98829E-05 9.98829E-05 9.98829E-05 0.0436689 9.98829E-05 9.98829E-05 9.98829E-05 9.98829E-05 0.0026488 0.0159585 9.98829E-05 0.448352
0.0942968 9.9874E-05 9.9874E-05 9.9874E-05 9.9874E-05 9.9874E-05 9.9874E-05 9.9874E-05 9.9874E-05 0.162697 9.9874E-05 0.1306 9.9874E-05 9.9874E-05 9.9874E-05 0.372047 9.9874E-05 9.9874E-05 0.00110881 0.237852
9.98469E-05 9.98469E-05 9.98469E-05 9.98469E-05 9.98469E-05 9.98469E-05 9.98469E-05 9.98469E-05 9.98469E-05 9.98469E-05 9.98469E-05 9.98469E-05 9.98469E-05 9.98469E-05 9.98469E-05 0.477253 0.194682 9.98469E-05 0.326368 9.98469E-05
0.0204134 9.98736E-05 9.98736E-05 0.144134 9.98736E-05 9.98736E-05 9.98736E-05 9.98736E-05 9.98736E-05 9.98736E-05 9.98736E-05 0.0664191 9.98736E-05 9.98736E-05 0.404127 9.98736E-05 0.00640085 9.98736E-05 9.98736E-05 0.357107
9.98648E-05 9.98648E-05 9.98648E-05 9.98648E-05 9.98648E-05 9.98648E-05 9.98648E-05 9.98648E-05 0.220155 9.98648E-05 0.102033 0.144861 9.98648E-05 9.98648E-05 9.98648E-05 9.98648E-05 0.287298 9.98648E-05 9.98648E-05 0.244155
9.98647E-05 9.98647E-05 9.98647E-05 9.98647E-05 9.98647E-05 9.98647E-05 9.98647E-05 9.98647E-05 9.98647E-05 9.98647E-05 0.118888 9.98647E-05 0.0950593 9.98647E-05 0.0492775 9.98647E-05 0.00337034 9.98647E-05 9.98647E-05 0.731907
9.98468E-05 9.98468E-05 9.98468E-05 0.0712507 9.98468E-05 9.98468E-05 9.98468E-05 9.98468E-05 9.98468E-05 9.98468E-05 9.98468E-05 0.638041 9.98468E-05 9.98468E-05 9.98468E-05 9.98468E-05 9.98468E-05 9.98468E-05 9.98468E-05 0.289011
0.19765 9.98737E-05 9.98737E-05 0.0383593 9.98737E-05 9.98737E-05 0.0626118 9.98737E-05 9.98737E-05 9.98737E-05 9.98737E-05 0.362117 9.98737E-05 9.98737E-05 9.98737E-05 9.98737E-05 9.98737E-05 9.98737E-05 0.00566895 0.332194
9.98828E-05 0.044578 9.98828E-05 9.98828E-05 0.0594743 9.98828E-05 9.98828E-05 0.0240317 9.98828E-05 9.98828E-05 9.98828E-05 0.231039 9.98828E-05 9.98828E-05 9.98828E-05 9.98828E-05 0.0300106 0.0814626 9.98828E-05 0.528105
0.357837 9.98648E-05 9.98648E-05 9.98648E-05 9.98648E-05 9.98648E-05 0.00597913 9.98648E-05 9.98648E-05 9.98648E-05 9.98648E-05 9.98648E-05 0.00298037 0.132238 0.499467 9.98648E-05 9.98648E-05 9.98648E-05 9.98648E-05 9.98648E-05
9.98648E-05 9.98648E-05 9.98648E-05 9.98648E-05 9.98648E-05 9.98648E-05 9.98648E-05 9.98648E-05 0.0334191 9.98648E-05 9.98648E-05 0.571732 9.98648E-05 9.98648E-05 0.141415 0.241754 9.98648E-05 9.98648E-05 0.0101821 9.98648E-05
9.98738E-05 9.98738E-05 0.28245 9.98738E-05 9.98738E-05 9.98738E-05 9.98738E-05 9.98738E-05 9.98738E-05 9.98738E-05 9.98738E-05 0.159049 0.0658578 9.98738E-05 0.346066 9.98738E-05 0.128244 9.98738E-05 9.98738E-05 0.0169345
0.465188 0.115444 9.98828E-05 9.98828E-05 9.98828E-05 9.98828E-05 0.103042 0.103214 9.98828E-05 9.98828E-05 9.98828E-05 0.0685016 9.98828E-05 9.98828E-05 9.98828E-05 9.98828E-05 9.98828E-05 9.98828E-05 0.0465527 0.0967597
9.98469E-05 9.98469E-05 9.98469E-05 9.98469E-05 9.98469E-05 9.98469E-05 9.98469E-05 9.98469E-05 9.98469E-05 9.98469E-05 9.98469E-05 0.89722 9.98469E-05 9.98469E-05 0.0535845 9.98469E-05 9.98469E-05 0.0474978 9.98469E-05 9.98469E-05
9.9865E-05 9.9865E-05 0.0266424 9.9865E-05 9.9865E-05 9.9865E-05 9.9865E-05 0.131093 9.9865E-05 9.9865E-05 0.0209992 0.768412 9.9865E-05 9.9865E-05 0.0513556 9.9865E-05 9.9865E-05 9.9865E-05 9.9865E-05 9.9865E-05
0.862214 9.98557E-05 0.0466949 9.98557E-05 9.98557E-05 9.98557E-05 0.0563038 9.98557E-05 9.98557E-05 9.98557E-05 9.98557E-05 9.98557E-05 9.98557E-05 9.98557E-05 9.98557E-05 9.98557E-05 0.0331899 9.98557E-05 9.98557E-05 9.98557E-05
0.507249 9.98738E-05 9.98738E-05 0.18288 9.98738E-05 9.98738E-05 0.00713993 9.98738E-05 9.98738E-05 9.98738E-05 9.98738E-05 9.98738E-05 9.98738E-05 9.98738E-05 0.19595 9.98738E-05 0.00576833 9.98738E-05 0.0996143 9.98738E-05
0.496591 9.98557E-05 9.98557E-05 9.98557E-05 9.98557E-05 9.98557E-05 9.98557E-05 9.98557E-05 9.98557E-05 9.98557E-05 0.230013 9.98557E-05 0.0719103 9.98557E-05 0.199888 9.98557E-05 9.98557E-05 9.98557E-05 9.98557E-05 9.98557E-05
9.98559E-05 9.98559E-05 0.177536 9.98559E-05 9.98559E-05 9.98559E-05 9.98559E-05 9.98559E-05 9.98559E-05 9.98559E-05 9.98559E-05 0.0376066 9.98559E-05 9.98559E-05 0.768467 9.98559E-05 0.0147933 9.98559E-05 9.98559E-05 9.98559E-05
9.98649E-05 9.98649E-05 9.98649E-05 9.98649E-05 9.98649E-05 9.98649E-05 9.98649E-05 9.98649E-05 9.98649E-05 0.0165994 9.98649E-05 0.0342409 9.98649E-05 9.98649E-05 9.98649E-05 0.220932 9.98649E-05 0.0824408 0.644289 9.98649E-05
9.98556E-05 9.98556E-05 9.98556E-05 9.98556E-05 9.98556E-05 9.98556E-05 0.0702963 9.98556E-05 9.98556E-05 9.98556E-05 9.98556E-05 0.211131 9.98556E-05 0.00457595 0.712399 9.98556E-05 9.98556E-05 9.98556E-05 9.98556E-05 9.98556E-05
0.454164 9.98468E-05 9.98468E-05 0.0180584 9.98468E-05 9.98468E-05 9.98468E-05 9.98468E-05 9.98468E-05 9.98468E-05 9.98468E-05 0.52608 9.98468E-05 9.98468E-05 9.98468E-05 9.98468E-05 9.98468E-05 9.98468E-05 9.98468E-05 9.98468E-05
0.715158 0.15499 9.98559E-05 9.98559E-05 0.120614 9.98559E-05 9.98559E-05 0.00764045 9.98559E-05 9.98559E-05 9.98559E-05 9.98559E-05 9.98559E-05 9.98559E-05 9.98559E-05 9.98559E-05 9.98559E-05 9.98559E-05 9.98559E-05 9.98559E-05
9.98556E-05 9.98556E-05 0.0987792 9.98556E-05 9.98556E-05 9.98556E-05 9.98556E-05 9.98556E-05 9.98556E-05 9.98556E-05 9.98556E-05 9.98556E-05 0.107858 9.98556E-05 0.127049 9.98556E-05 9.98556E-05 9.98556E-05 0.664716 9.98556E-05
9.98739E-05 9.98739E-05 0.126541 9.98739E-05 9.98739E-05 9.98739E-05 9.98739E-05 9.98739E-05 0.00302918 9.98739E-05 0.075675 9.98739E-05 0.0715424 9.98739E-05 0.607541 9.98739E-05 9.98739E-05 9.98739E-05 0.114273 9.98739E-05
9.98647E-05 9.98647E-05 9.98647E-05 9.98647E-05 9.98647E-05 9.98647E-05 0.0857406 9.98647E-05 9.98647E-05 9.98647E-05 9.98647E-05 9.98647E-05 0.0518773 9.98647E-05 0.210696 9.98647E-05 9.98647E-05 9.98647E-05 0.637459 0.0127295
0.344497 9.98738E-05 9.98738E-05 0.252962 9.98738E-05 9.98738E-05 9.98738E-05 9.98738E-05 9.98738E-05 9.98738E-05 0.00696899 9.98738E-05 9.98738E-05 9.98738E-05 0.112193 9.98738E-05 0.0897778 9.98738E-05 0.192203 9.98738E-05
0.0637236 9.98735E-05 9.98735E-05 9.98735E-05 9.98735E-05 9.98735E-05 9.98735E-05 9.98735E-05 0.017701 9.98735E-05 0.485089 9.98735E-05 9.98735E-05 9.98735E-05 0.30869 9.98735E-05 9.98735E-05 9.98735E-05 0.123298 9.98735E-05
0.0648729 0.114415 9.98918E-05 9.98918E-05 9.98918E-05 9.98918E-05 9.98918E-05 9.98918E-05 0.131645 9.98918E-05 9.98918E-05 0.224977 9.98918E-05 9.98918E-05 0.156614 0.0509883 9.98918E-05 9.98918E-05 0.162926 0.0923633
9.98647E-05 0.0210097 9.98647E-05 9.98647E-05 9.98647E-05 9.98647E-05 9.98647E-05 9.98647E-05 0.203068 9.98647E-05 9.98647E-05 0.211244 9.98647E-05 9.98647E-05 0.221885 9.98647E-05 9.98647E-05 9.98647E-05 9.98647E-05 0.341295
0.0466002 0.000508159 9.98919E-05 9.98919E-05 9.98919E-05 9.98919E-05 9.98919E-05 0.019352 0.378551 9.98919E-05 9.98919E-05 9.98919E-05 9.98919E-05 9.98919E-05 0.0634904 9.98919E-05 0.101676 9.98919E-05 0.0443672 0.344256
9.98738E-05 9.98738E-05 9.98738E-05 9.98738E-05 9.98738E-05 0.0229513 0.0164583 9.98738E-05 9.98738E-05 9.98738E-05 9.98738E-05 0.100353 0.023537 9.98738E-05 0.718376 9.98738E-05 9.98738E-05 9.98738E-05 9.98738E-05 0.116926
0.0209966 9.98648E-05 9.98648E-05 0.238108 9.98648E-05 9.98648E-05 9.98648E-05 9.98648E-05 9.98648E-05 9.98648E-05 9.98648E-05 0.466813 9.98648E-05 9.98648E-05 9.98648E-05 9.98648E-05 9.98648E-05 9.98648E-05 0.0635568 0.209028
0.0870921 0.0193026 9.98649E-05 9.98649E-05 0.0495261 9.98649E-05 9.98649E-05 9.98649E-05 9.98649E-05 9.98649E-05 9.98649E-05 0.792447 9.98649E-05 9.98649E-05 9.98649E-05 9.98649E-05 0.0501347 9.98649E-05 9.98649E-05 9.98649E-05
9.98737E-05 9.98737E-05 9.98737E-05 9.98737E-05 9.98737E-05 0.0112885 0.0771145 9.98737E-05 9.98737E-05 9.98737E-05 9.98737E-05 9.98737E-05 0.0903026 9.98737E-05 0.000202248 9.98737E-05 0.634694 9.98737E-05 0.185 9.98737E-05
9.98647E-05 9.98647E-05 0.213891 9.98647E-05 9.98647E-05 9.98647E-05 9.98647E-05 9.98647E-05 9.98647E-05 9.98647E-05 9.98647E-05 9.98647E-05 0.0457063 9.98647E-05 0.0406314 9.98647E-05 0.385745 9.98647E-05 9.98647E-05 0.312529
0.111541 9.98558E-05 9.98558E-05 9.98558E-05 9.98558E-05 9.98558E-05 9.98558E-05 9.98558E-05 9.98558E-05 9.98558E-05 9.98558E-05 9.98558E-05 9.98558E-05 9.98558E-05 9.98558E-05 9.98558E-05 0.578561 0.158564 0.149736 9.98558E-05
9.98556E-05 9.98556E-05 0.190509 9.98556E-05 9.98556E-05 9.98556E-05 9.98556E-05 9.98556E-05 9.98556E-05 9.98556E-05 9.98556E-05 9.98556E-05 9.98556E-05 9.98556E-05 0.117588 9.98556E-05 0.517057 9.98556E-05 9.98556E-05 0.173249
9.98557E-05 9.98557E-05 0.136201 9.98557E-05 9.98557E-05 9.98557E-05 9.98557E-05 9.98557E-05 9.98557E-05 9.98557E-05 9.98557E-05 9.98557E-05 9.98557E-05 9.98557E-05 0.0857616 9.98557E-05 0.744188 9.98557E-05 9.98557E-05 0.032251
9.98558E-05 9.98558E-05 9.98558E-05 9.98558E-05 0.0445351 9.98558E-05 9.98558E-05 9.98558E-05 9.98558E-05 9.98558E-05 9.98558E-05 0.116335 9.98558E-05 9.98558E-05 9.98558E-05 9.98558E-05 0.691753 0.145779 9.98558E-05 9.98558E-05
9.98738E-05 0.0428881 9.98738E-05 9.98738E-05 9.98738E-05 9.98738E-05 0.11649 9.98738E-05 9.98738E-05 9.98738E-05 9.98738E-05 0.117337 9.98738E-05 9.98738E-05 0.259725 9.98738E-05 0.360278 9.98738E-05 9.98738E-05 0.101883
9.98558E-05 9.98558E-05 9.98558E-05 0.0573916 9.98558E-05 9.98558E-05 0.0145253 9.98558E-05 9.98558E-05 9.98558E-05 9.98558E-05 9.98558E-05 9.98558E-05 9.98558E-05 9.98558E-05 9.98558E-05 0.832466 9.98558E-05 9.98558E-05 0.094019
0.00218022 9.98558E-05 9.98558E-05 9.98558E-05 9.98558E-05 9.98558E-05 9.98558E-05 9.98558E-05 9.98558E-05 9.98558E-05 0.457614 9.98558E-05 9.98558E-05 0.512919 0.0256893 9.98558E-05 9.98558E-05 9.98558E-05 9.98558E-05 9.98558E-05
9.98829E-05 0.010831 0.0132852 0.191918 9.98829E-05 9.98829E-05 9.98829E-05 9.98829E-05 0.0417408 9.98829E-05 0.196733 9.98829E-05 9.98829E-05 0.409049 0.135145 9.98829E-05 9.98829E-05 9.98829E-05 9.98829E-05 9.98829E-05
9.98559E-05 9.98559E-05 9.98559E-05 9.98559E-05 9.98559E-05 9.98559E-05 9.98559E-05 9.98559E-05 0.271824 9.98559E-05 0.0170109 9.98559E-05 9.98559E-05 0.656128 0.0534388 9.98559E-05 9.98559E-05 9.98559E-05 9.98559E-05 9.98559E-05
9.9847E-05 9.9847E-05 9.9847E-05 9.9847E-05 9.9847E-05 9.9847E-05 9.9847E-05 9.9847E-05 9.9847E-05 9.9847E-05 9.9847E-05 9.9847E-05 9.9847E-05 0.599092 9.9847E-05 0.0128988 9.9847E-05 0.386312 9.9847E-05 9.9847E-05
9.98558E-05 9.98558E-05 9.98558E-05 9.98558E-05 9.98558E-05 0.0298242 9.98558E-05 9.98558E-05 9.98558E-05 9.98558E-05 0.226926 9.98558E-05 0.109618 0.632034 9.98558E-05 9.98558E-05 9.98558E-05 9.98558E-05 9.98558E-05 9.98558E-05
0.0141274 0.0388332 9.98918E-05 9.98918E-05 9.98918E-05 9.98918E-05 0.471708 9.98918E-05 9.98918E-05 9.98918E-05 9.98918E-05 0.0384392 9.98918E-05 0.272055 9.98918E-05 0.0462515 0.0241837 0.0932028 9.98918E-05 9.98918E-05
9.98467E-05 9.98467E-05 0.483207 9.98467E-05 9.98467E-05 9.98467E-05 9.98467E-05 9.98467E-05 9.98467E-05 9.98467E-05 9.98467E-05 9.98467E-05 0.0183138 0.496782 9.98467E-05 9.98467E-05 9.98467E-05 9.98467E-05 9.98467E-05 9.98467E-05
9.98558E-05 9.98558E-05 9.98558E-05 0.00129595 9.98558E-05 9.98558E-05 9.98558E-05 9.98558E-05 9.98558E-05 9.98558E-05 0.347139 9.98558E-05 9.98558E-05 0.630746 0.0192219 9.98558E-05 9.98558E-05 9.98558E-05 9.98558E-05 9.98558E-05
0.0427191 9.98649E-05 0.0566536 0.269576 9.98649E-05 9.98649E-05 9.98649E-05 9.98649E-05 9.98649E-05 9.98649E-05 9.98649E-05 9.98649E-05 0.0296804 0.599873 9.98649E-05 9.98649E-05 9.98649E-05 9.98649E-05 9.98649E-05 9.98649E-05
9.98829E-05 9.98829E-05 9.98829E-05 0.00882685 0.0501841 9.98829E-05 9.98829E-05 0.192958 0.0628111 9.98829E-05 9.98829E-05 0.150383 9.98829E-05 0.5211 9.98829E-05 9.98829E-05 9.98829E-05 9.98829E-05 0.0124381 9.98829E-05
9.98469E-05 9.98469E-05 9.98469E-05 9.98469E-05 9.98469E-05 0.141325 9.98469E-05 9.98469E-05 9.98469E-05 9.98469E-05 0.703963 9.98469E-05 9.98469E-05 0.153015 9.98469E-05 9.98469E-05 9.98469E-05 9.98469E-05 9.98469E-05 9.98469E-05
9.98738E-05 9.98738E-05 0.0443532 9.98738E-05 0.0358192 0.0689496 9.98738E-05 0.396413 9.98738E-05 9.98738E-05 9.98738E-05 0.0522561 9.98738E-05 0.40081 9.98738E-05 9.98738E-05 9.98738E-05 9.98738E-05 9.98738E-05 9.98738E-05
9.98648E-05 9.98648E-05 9.98648E-05 0.0407355 9.98648E-05 9.98648E-05 9.98648E-05 9.98648E-05 9.98648E-05 9.98648E-05 0.0175005 9.98648E-05 0.104876 0.740913 0.0944769 9.98648E-05 9.98648E-05 9.98648E-05 9.98648E-05 9.98648E-05
0.0113816 0.00156296 9.99008E-05 0.134846 9.99008E-05 9.99008E-05 0.182723 0.108023 9.99008E-05 9.99008E-05 9.99008E-05 0.0276244 9.99008E-05 0.511 9.99008E-05 9.99008E-05 0.0141919 9.99008E-05 9.99008E-05 0.00754723
9.98739E-05 9.98739E-05 9.98739E-05 0.390737 9.98739E-05 9.98739E-05 9.98739E-05 9.98739E-05 0.0289335 0.0464516 0.0376962 9.98739E-05 9.98739E-05 0.476864 9.98739E-05 9.98739E-05 9.98739E-05 9.98739E-05 0.0179194 9.98739E-05
9.98739E-05 9.98739E-05 0.0891289 9.98739E-05 9.98739E-05 9.98739E-05 0.393003 9.98739E-05 9.98739E-05 9.98739E-05 9.98739E-05 9.98739E-05 0.124822 0.332803 0.0398816 9.98739E-05 9.98739E-05 9.98739E-05 0.0189629 9.98739E-05
9.98647E-05 0.206556 9.98647E-05 9.98647E-05 0.12971 9.98647E-05 9.98647E-05 9.98647E-05 9.98647E-05 9.98647E-05 9.98647E-05 0.0977896 9.98647E-05 0.506952 9.98647E-05 9.98647E-05 9.98647E-05 0.0574943 9.98647E-05 9.98647E-05
9.98557E-05 9.98557E-05 9.98557E-05 9.98557E-05 0.0170824 9.98557E-05 9.98557E-05 9.98557E-05 0.257843 9.98557E-05 9.98557E-05 9.98557E-05 9.98557E-05 0.335739 9.98557E-05 0.387737 9.98557E-05 9.98557E-05 9.98557E-05 9.98557E-05
9.98559E-05 9.98559E-05 9.98559E-05 0.424328 9.98559E-05 9.98559E-05 9.98559E-05 9.98559E-05 9.98559E-05 9.98559E-05 9.98559E-05 9.98559E-05 9.98559E-05 0.370553 0.195174 9.98559E-05 9.98559E-05 9.98559E-05 0.00834773 9.98559E-05
9.98648E-05 9.98648E-05 0.0434247 9.98648E-05 9.98648E-05 9.98648E-05 0.00152974 9.98648E-05 9.98648E-05 9.98648E-05 9.98648E-05 9.98648E-05 0.0901088 0.757771 0.105667 9.98648E-05 9.98648E-05 9.98648E-05 9.98648E-05 9.98648E-05
9.98919E-05 9.98919E-05 9.98919E-05 0.311441 9.98919E-05 9.98919E-05 9.98919E-05 0.0525371 9.98919E-05 0.016713 0.00348469 0.0108337 9.98919E-05 0.54501 9.98919E-05 9.98919E-05 9.98919E-05 0.0295145 0.0292669 9.98919E-05
9.98468E-05 9.98468E-05 9.98468E-05 9.98468E-05 0.0158455 9.98468E-05 9.98468E-05 9.98468E-05 0.481718 9.98468E-05 9.98468E-05 9.98468E-05 9.98468E-05 0.500739 9.98468E-05 9.98468E-05 9.98468E-05 9.98468E-05 9.98468E-05 9.98468E-05
9.99009E-05 9.99009E-05 9.99009E-05 0.0201022 0.00436469 0.0637293 0.27803 0.107776 0.097632 0.0107995 9.99009E-05 0.141765 9.99009E-05 9.99009E-05 9.99009E-05 9.99009E-05 9.99009E-05 0.274702 9.99009E-05 9.99009E-05
9.98468E-05 9.98468E-05 0.21582 9.98468E-05 9.98468E-05 0.753809 0.0286743 9.98468E-05 9.98468E-05 9.98468E-05 9.98468E-05 9.98468E-05 9.98468E-05 9.98468E-05 9.98468E-05 9.98468E-05 9.98468E-05 9.98468E-05 9.98468E-05 9.98468E-05
9.98738E-05 0.0936689 9.98738E-05 9.98738E-05 9.98738E-05 9.98738E-05 0.211846 9.98738E-05 0.127692 9.98738E-05 0.0145035 9.98738E-05 9.98738E-05 9.98738E-05 9.98738E-05 0.538551 9.98738E-05 0.0123405 9.98738E-05 9.98738E-05
9.98918E-05 9.98918E-05 9.98918E-05 0.0250869 9.98918E-05 0.0209946 0.579578 9.98918E-05 0.0273777 9.98918E-05 9.98918E-05 9.98918E-05 0.294444 0.0356886 0.000587668 9.98918E-05 9.98918E-05 9.98918E-05 0.0150434 9.98918E-05
9.98556E-05 9.98556E-05 9.98556E-05 9.98556E-05 9.98556E-05 0.521413 9.98556E-05 9.98556E-05 9.98556E-05 9.98556E-05 0.314255 9.98556E-05 0.105053 9.98556E-05 0.0576811 9.98556E-05 9.98556E-05 9.98556E-05 9.98556E-05 9.98556E-05
9.98737E-05 0.258341 9.98737E-05 9.98737E-05 0.140694 9.98737E-05 0.184857 0.304418 9.98737E-05 0.0399482 9.98737E-05 9.98737E-05 9.98737E-05 9.98737E-05 9.98737E-05 0.0703439 9.98737E-05 9.98737E-05 9.98737E-05 9.98737E-05
9.98558E-05 9.98558E-05 9.98558E-05 9.98558E-05 9.98558E-05 0.76822 9.98558E-05 0.185128 0.0432238 9.98558E-05 9.98558E-05 9.98558E-05 9.98558E-05 9.98558E-05 9.98558E-05 9.98558E-05 9.98558E-05 9.98558E-05 0.00183082 9.98558E-05
9.98918E-05 0.22279 0.0504706 0.104541 9.98918E-05 9.98918E-05 0.499425 9.98918E-05 9.98918E-05 9.98918E-05 9.98918E-05 0.0530595 9.98918E-05 9.98918E-05 0.0320119 9.98918E-05 0.0274526 9.98918E-05 9.98918E-05 0.00905077
9.98467E-05 0.141812 9.98467E-05 9.98467E-05 9.98467E-05 0.622767 9.98467E-05 9.98467E-05 0.233724 9.98467E-05 9.98467E-05 9.98467E-05 9.98467E-05 9.98467E-05 9.98467E-05 9.98467E-05 9.98467E-05 9.98467E-05 9.98467E-05 9.98467E-05
9.98648E-05 0.176361 0.230743 9.98648E-05 9.98648E-05 0.0997949 9.98648E-05 9.98648E-05 9.98648E-05 9.98648E-05 9.98648E-05 9.98648E-05 0.390538 9.98648E-05 0.101065 9.98648E-05 9.98648E-05 9.98648E-05 9.98648E-05 9.98648E-05
9.98827E-05 0.474421 9.98827E-05 0.140311 9.98827E-05 9.98827E-05 0.0337046 0.210992 9.98827E-05 0.00348123 9.98827E-05 0.0780999 9.98827E-05 9.98827E-05 9.98827E-05 9.98827E-05 9.98827E-05 0.0576929 9.98827E-05 9.98827E-05
9.98468E-05 9.98468E-05 9.98468E-05 9.98468E-05 9.98468E-05 0.56366 9.98468E-05 9.98468E-05 0.15946 9.98468E-05 9.98468E-05 9.98468E-05 9.98468E-05 9.98468E-05 9.98468E-05 0.275183 9.98468E-05 9.98468E-05 9.98468E-05 9.98468E-05
9.98647E-05 9.98647E-05 0.076229 9.98647E-05 9.98647E-05 0.481469 9.98647E-05 9.98647E-05 9.98647E-05 9.98647E-05 0.297352 9.98647E-05 0.0407935 9.98647E-05 0.102658 9.98647E-05 9.98647E-05 9.98647E-05 9.98647E-05 9.98647E-05
9.98738E-05 0.0988201 9.98738E-05 9.98738E-05 0.319838 9.98738E-05 0.0925754 0.218622 0.0518953 9.98738E-05 9.98738E-05 9.98738E-05 9.98738E-05 9.98738E-05 9.98738E-05 9.98738E-05 9.98738E-05 0.216851 9.98738E-05 9.98738E-05
9.98648E-05 0.492845 9.98648E-05 9.98648E-05 0.108512 0.359508 9.98648E-05 9.98648E-05 9.98648E-05 9.98648E-05 9.98648E-05 0.0326974 9.98648E-05 9.98648E-05 9.98648E-05 0.00493899 9.98648E-05 9.98648E-05 9.98648E-05 9.98648E-05
9.98917E-05 0.240291 0.0159113 9.98917E-05 0.170495 9.98917E-05 0.250181 0.0962677 0.146824 0.0684487 9.98917E-05 9.98917E-05 9.98917E-05 9.98917E-05 9.98917E-05 0.0103833 9.98917E-05 9.98917E-05 9.98917E-05 9.98917E-05
9.98559E-05 9.98559E-05 9.98559E-05 9.98559E-05 9.98559E-05 0.420815 9.98559E-05 9.98559E-05 9.98559E-05 9.98559E-05 0.111037 9.98559E-05 0.463394 9.98559E-05 0.00315608 9.98559E-05 9.98559E-05 9.98559E-05 9.98559E-05 9.98559E-05
9.98647E-05 0.870302 9.98647E-05 9.98647E-05 9.98647E-05 9.98647E-05 9.98647E-05 9.98647E-05 9.98647E-05 0.0108168 9.98647E-05 9.98647E-05 0.0503748 9.98647E-05 9.98647E-05 0.060109 0.0068989 9.98647E-05 9.98647E-05 9.98647E-05
9.98829E-05 0.117064 9.98829E-05 0.106376 0.0179911 9.98829E-05 0.131461 0.287605 9.98829E-05 9.98829E-05 9.98829E-05 0.021874 9.98829E-05 9.98829E-05 9.98829E-05 9.98829E-05 9.98829E-05 0.31633 9.98829E-05 9.98829E-05
9.98702E-05 9.98702E-05 9.98702E-05 9.98702E-05 9.98702E-05 0.171659 0.706943 9.98702E-05 9.98702E-05 9.98702E-05 9.98702E-05 0.00836988 0.00360569 9.98702E-05 9.98702E-05 9.98702E-05 0.0596419 0.0314128 0.0170692 9.98702E-05
9.98286E-05 9.98286E-05 9.98286E-05 9.98286E-05 9.98286E-05 9.98286E-05 9.98286E-05 9.98286E-05 9.98286E-05 0.998103 9.98286E-05 9.98286E-05 9.98286E-05 9.98286E-05 9.98286E-05 9.98286E-05 9.98286E-05 9.98286E-05 9.98286E-05 9.98286E-05
9.98828E-05 0.306644 9.98828E-05 9.98828E-05 9.98828E-05 9.98828E-05 0.1344 9.98828E-05 0.13709 0.301718 9.98828E-05 0.00970566 0.0928368 9.98828E-05 9.98828E-05 9.98828E-05 9.98828E-05 9.98828E-05 0.0163061 9.98828E-05
9.98647E-05 9.98647E-05 9.98647E-05 9.98647E-05 9.98647E-05 0.435875 0.027956 9.98647E-05 9.98647E-05 9.98647E-05 0.0146315 9.98647E-05 0.506047 9.98647E-05 0.0139929 9.98647E-05 9.98647E-05 9.98647E-05 9.98647E-05 9.98647E-05
0.0834129 0.431028 0.0889586 9.98918E-05 9.98918E-05 9.98918E-05 0.234644 0.0559336 9.98918E-05 9.98918E-05 0.0419745 9.98918E-05 9.98918E-05 9.98918E-05 9.98918E-05 9.98918E-05 9.98918E-05 9.98918E-05 0.0234203 0.0394297
9.98646E-05 9.98646E-05 9.98646E-05 0.0582316 9.98646E-05 0.65133 0.216597 9.98646E-05 9.98646E-05 9.98646E-05 9.98646E-05 9.98646E-05 9.98646E-05 9.98646E-05 9.98646E-05 9.98646E-05 0.0330072 0.0393363 9.98646E-05 9.98646E-05
0.00540934 9.98918E-05 9.98918E-05 0.131048 9.98918E-05 0.0691121 0.177007 9.98918E-05 9.98918E-05 0.0384757 9.98918E-05 9.98918E-05 0.234881 0.187957 0.154912 9.98918E-05 9.98918E-05 9.98918E-05 9.98918E-05 9.98918E-05
0.0681168 0.43862 9.99008E-05 9.99008E-05 9.99008E-05 9.99008E-05 0.039922 0.0664526 0.137299 9.99008E-05 9.99008E-05 9.99008E-05 0.0385078 0.118708 9.99008E-05 9.99008E-05 9.99008E-05 0.0710939 9.99008E-05 0.0201809
9.98741E-05 0.0309601 9.98741E-05 0.816556 9.98741E-05 9.98741E-05 9.98741E-05 9.98741E-05 0.0644322 9.98741E-05 0.00696589 0.0561123 9.98741E-05 9.98741E-05 9.98741E-05 9.98741E-05 9.98741E-05 0.0235753 9.98741E-05 9.98741E-05
0.0174726 0.00305921 0.0894354 9.9901E-05 0.0258809 9.9901E-05 9.9901E-05 9.9901E-05 9.9901E-05 9.9901E-05 0.557002 0.00761259 0.263605 9.9901E-05 9.9901E-05 0.000690057 9.9901E-05 9.9901E-05 0.0341435 9.9901E-05
0.0881602 9.98917E-05 0.128536 0.288986 9.98917E-05 0.180409 0.194456 9.98917E-05 9.98917E-05 9.98917E-05 9.98917E-05 9.98917E-05 0.0605697 0.0547406 0.00294482 9.98917E-05 9.98917E-05 9.98917E-05 9.98917E-05 9.98917E-05
9.99098E-05 9.99098E-05 0.0722781 0.0460334 9.99098E-05 9.99098E-05 0.203602 0.0293822 9.99098E-05 9.99098E-05 9.99098E-05 9.99098E-05 0.411779 0.131747 0.0103632 9.99098E-05 9.99098E-05 0.047465 0.000444505 0.0459061
9.98828E-05 9.98828E-05 9.98828E-05 0.0844011 9.98828E-05 0.10877 9.98828E-05 0.452215 0.127105 9.98828E-05 9.98828E-05 0.0391894 0.174288 9.98828E-05 9.98828E-05 9.98828E-05 9.98828E-05 9.98828E-05 0.0127329 9.98828E-05
9.98468E-05 9.98468E-05 9.98468E-05 9.98468E-05 9.98468E-05 9.98468E-05 0.183486 9.98468E-05 9.98468E-05 9.98468E-05 9.98468E-05 9.98468E-05 0.746695 0.0681215 9.98468E-05 9.98468E-05 9.98468E-05 9.98468E-05 9.98468E-05 9.98468E-05
9.98737E-05 0.292889 9.98737E-05 9.98737E-05 0.110474 9.98737E-05 0.171017 0.159296 0.159364 9.98737E-05 9.98737E-05 9.98737E-05 9.98737E-05 9.98737E-05 9.98737E-05 0.105562 9.98737E-05 9.98737E-05 9.98737E-05 9.98737E-05
9.98648E-05 9.98648E-05 9.98648E-05 0.042819 9.98648E-05 9.98648E-05 0.211657 9.98648E-05 0.00115957 9.98648E-05 9.98648E-05 9.98648E-05 0.689641 0.0532251 9.98648E-05 9.98648E-05 9.98648E-05 9.98648E-05 9.98648E-05 9.98648E-05
9.98649E-05 9.98649E-05 9.98649E-05 9.98649E-05 9.98649E-05 0.266576 9.98649E-05 9.98649E-05 0.467275 9.98649E-05 9.98649E-05 9.98649E-05 0.115657 9.98649E-05 9.98649E-05 0.0749379 9.98649E-05 0.0740563 9.98649E-05 9.98649E-05
9.98828E-05 0.139936 0.0650247 0.117556 0.122776 0.0169497 9.98828E-05 9.98828E-05 0.376833 9.98828E-05 9.98828E-05 9.98828E-05 9.98828E-05 9.98828E-05 9.98828E-05 0.159626 9.98828E-05 9.98828E-05 9.98828E-05 9.98828E-05
0.00489885 0.0954398 9.99101E-05 0.561405 9.99101E-05 0.0197024 0.129077 9.99101E-05 9.99101E-05 0.0225537 9.99101E-05 0.00843337 0.0163077 0.0452917 9.99101E-05 9.99101E-05 9.99101E-05 9.99101E-05 9.99101E-05 0.0958909
9.98828E-05 0.0863654 0.0700118 0.307055 0.00816081 9.98828E-05 0.450931 9.98828E-05 9.98828E-05 9.98828E-05 9.98828E-05 0.0451694 9.98828E-05 0.0310083 9.98828E-05 9.98828E-05 9.98828E-05 9.98828E-05 9.98828E-05 9.98828E-05
9.98739E-05 9.98739E-05 9.98739E-05 0.723954 0.112647 0.0105176 0.130222 9.98739E-05 9.98739E-05 9.98739E-05 9.98739E-05 9.98739E-05 9.98739E-05 9.98739E-05 0.0165249 9.98739E-05 9.98739E-05 9.98739E-05 0.00473645 9.98739E-05
9.98917E-05 0.0117642 9.98917E-05 9.98917E-05 9.98917E-05 0.001047 0.231162 0.00974626 0.491771 0.124206 9.98917E-05 9.98917E-05 0.0530744 0.0760301 9.98917E-05 9.98917E-05 9.98917E-05 9.98917E-05 9.98917E-05 9.98917E-05
9.98649E-05 9.98649E-05 0.0146148 9.98649E-05 0.0242953 9.98649E-05 0.172349 9.98649E-05 9.98649E-05 9.98649E-05 0.605611 9.98649E-05 0.181632 9.98649E-05 9.98649E-05 9.98649E-05 9.98649E-05 9.98649E-05 9.98649E-05 9.98649E-05
9.98559E-05 9.98559E-05 9.98559E-05 0.0420041 9.98559E-05 0.207686 9.98559E-05 9.98559E-05 9.98559E-05 9.98559E-05 0.35521 9.98559E-05 0.393503 9.98559E-05 9.98559E-05 9.98559E-05 9.98559E-05 9.98559E-05 9.98559E-05 9.98559E-05
0.0512048 9.99009E-05 0.320581 0.0746526 9.99009E-05 0.121439 0.256886 9.99009E-05 9.99009E-05 9.99009E-05 9.99009E-05 9.99009E-05 0.152861 9.99009E-05 0.00856711 9.99009E-05 9.99009E-05 0.00872022 9.99009E-05 0.00398934
9.98649E-05 9.98649E-05 9.98649E-05 0.145911 9.98649E-05 9.98649E-05 9.98649E-05 9.98649E-05 9.98649E-05 9.98649E-05 9.98649E-05 9.98649E-05 0.764374 9.98649E-05 0.0161298 9.98649E-05 9.98649E-05 0.0313638 9.98649E-05 0.0407238
9.98558E-05 9.98558E-05 9.98558E-05 9.98558E-05 0.0593778 9.98558E-05 0.0505402 0.0440971 9.98558E-05 9.98558E-05 0.844387 9.98558E-05 9.98558E-05 9.98558E-05 9.98558E-05 9.98558E-05 9.98558E-05 9.98558E-05 9.98558E-05 9.98558E-05
9.98918E-05 0.0543483 0.427371 0.110848 9.98918E-05 0.234929 0.0324795 9.98918E-05 9.98918E-05 9.98918E-05 9.98918E-05 9.98918E-05 9.98918E-05 9.98918E-05 0.0605411 9.98918E-05 0.0379164 9.98918E-05 9.98918E-05 0.0403675
9.98672E-05 9.98672E-05 9.98672E-05 9.98672E-05 9.98672E-05 0.0410154 0.519307 0.0369186 9.98672E-05 9.98672E-05 9.98672E-05 9.98672E-05 0.344864 9.98672E-05 9.98672E-05 9.98672E-05 0.0563969 9.98672E-05 9.98672E-05 9.98672E-05
0.00495738 9.9874E-05 9.9874E-05 9.9874E-05 0.362894 9.9874E-05 9.9874E-05 9.9874E-05 9.9874E-05 9.9874E-05 9.9874E-05 9.9874E-05 0.0464311 9.9874E-05 9.9874E-05 0.0381739 9.9874E-05 0.533313 0.0128321 9.9874E-05
0.0168418 0.0349484 9.98828E-05 9.98828E-05 0.793922 9.98828E-05 0.0811906 9.98828E-05 9.98828E-05 9.98828E-05 9.98828E-05 9.98828E-05 9.98828E-05 0.00519977 9.98828E-05 0.0585788 9.98828E-05 9.98828E-05 0.00801969 9.98828E-05
0.073223 9.98738E-05 0.269837 9.98738E-05 0.0527865 9.98738E-05 0.4723 9.98738E-05 9.98738E-05 9.98738E-05 9.98738E-05 9.98738E-05 9.98738E-05 9.98738E-05 9.98738E-05 9.98738E-05 0.0417857 0.0886688 9.98738E-05 9.98738E-05
9.98647E-05 0.0575314 0.0049102 9.98647E-05 0.658796 9.98647E-05 0.0850722 0.192193 9.98647E-05 9.98647E-05 9.98647E-05 9.98647E-05 9.98647E-05 9.98647E-05 9.98647E-05 9.98647E-05 9.98647E-05 9.98647E-05 9.98647E-05 9.98647E-05
9.98469E-05 9.98469E-05 9.98469E-05 9.98469E-05 0.887855 9.98469E-05 9.98469E-05 9.98469E-05 9.98469E-05 9.98469E-05 9.98469E-05 9.98469E-05 9.98469E-05 0.0306269 9.98469E-05 9.98469E-05 9.98469E-05 0.0798206 9.98469E-05 9.98469E-05
9.98648E-05 9.98648E-05 0.0385163 9.98648E-05 0.405593 9.98648E-05 9.98648E-05 9.98648E-05 0.111829 9.98648E-05 9.98648E-05 9.98648E-05 9.98648E-05 9.98648E-05 9.98648E-05 0.407164 9.98648E-05 9.98648E-05 0.0353989 9.98648E-05
9.9874E-05 0.0563135 9.9874E-05 9.9874E-05 0.757168 9.9874E-05 0.034618 9.9874E-05 9.9874E-05 0.0100713 9.9874E-05 9.9874E-05 9.9874E-05 0.0547712 9.9874E-05 0.0856599 9.9874E-05 9.9874E-05 9.9874E-05 9.9874E-05
0.022806 9.98739E-05 0.441023 9.98739E-05 0.214487 9.98739E-05 0.17307 9.98739E-05 9.98739E-05 9.98739E-05 9.98739E-05 9.98739E-05 0.13156 9.98739E-05 9.98739E-05 9.98739E-05 0.0156561 9.98739E-05 9.98739E-05 9.98739E-05
9.9865E-05 9.9865E-05 0.368871 9.9865E-05 9.9865E-05 0.170739 9.9865E-05 9.9865E-05 9.9865E-05 0.00716509 0.172111 9.9865E-05 0.279616 9.9865E-05 9.9865E-05 9.9865E-05 9.9865E-05 9.9865E-05 9.9865E-05 9.9865E-05
0.072926 0.0872021 0.0253385 9.98918E-05 9.98918E-05 9.98918E-05 0.305495 9.98918E-05 9.98918E-05 9.98918E-05 0.0077739 9.98918E-05 9.98918E-05 0.0158492 9.98918E-05 9.98918E-05 0.0234578 0.460759 9.98918E-05 9.98918E-05
9.98649E-05 9.98649E-05 0.791791 9.98649E-05 0.0939334 9.98649E-05 9.98649E-05 9.98649E-05 9.98649E-05 0.0281104 9.98649E-05 9.98649E-05 9.98649E-05 0.0744251 9.98649E-05 9.98649E-05 0.010242 9.98649E-05 9.98649E-05 9.98649E-05
0.152673 9.98831E-05 0.276525 9.98831E-05 0.0438826 9.98831E-05 0.371004 9.98831E-05 9.98831E-05 9.98831E-05 9.98831E-05 9.98831E-05 0.0200618 0.0123927 9.98831E-05 9.98831E-05 0.122162 9.98831E-05 9.98831E-05 9.98831E-05
