0.532849 9.9964E-05 0.12968 0.194177 9.9964E-05 0.00180426 0.0671641 0.0739247 9.9964E-05 9.9964E-05
0.554394 9.9946E-05 0.0889029 0.34325 9.9946E-05 9.9946E-05 0.0128526 9.9946E-05 9.9946E-05 9.9946E-05
0.238493 9.99729E-05 0.0236845 9.99729E-05 9.99729E-05 0.0146374 0.00425518 0.0175531 0.0482928 0.652784
0.290343 0.00352889 9.9964E-05 0.36994 9.9964E-05 0.21137 9.9964E-05 0.0592948 0.0651236 9.9964E-05
9.99549E-05 9.99549E-05 9.99549E-05 0.503261 0.0495008 0.125983 0.230696 9.99549E-05 0.0900598 9.99549E-05
0.39549 9.9973E-05 0.0496176 0.00201338 0.0588138 9.9973E-05 0.0621055 9.9973E-05 0.326504 0.105156
0.419495 0.0649849 9.99369E-05 9.99369E-05 9.99369E-05 9.99369E-05 9.99369E-05 9.99369E-05 9.99369E-05 0.51482
0.38137 9.9955E-05 0.196236 0.0188086 9.9955E-05 9.9955E-05 9.9955E-05 9.9955E-05 0.175379 0.227706
0.431047 9.9973E-05 0.0856258 0.254675 0.00497478 0.141493 9.9973E-05 0.00476455 0.0771198 9.9973E-05
9.99459E-05 0.212802 9.99459E-05 9.99459E-05 9.99459E-05 9.99459E-05 9.99459E-05 0.0602093 0.38904 0.337349
0.315539 9.99639E-05 9.99639E-05 0.505953 9.99639E-05 0.0104254 0.0474989 0.053461 0.0667229 9.99639E-05
0.0792842 9.99549E-05 0.0284342 0.522673 9.99549E-05 0.12755 9.99549E-05 9.99549E-05 0.241559 9.99549E-05
0.27 0.0409488 9.9982E-05 0.0556604 0.0669385 0.220591 0.209031 0.0259743 9.9982E-05 0.110656
0.428065 9.99459E-05 0.0451127 9.99459E-05 9.99459E-05 9.99459E-05 9.99459E-05 9.99459E-05 0.183344 0.342878
0.0913432 0.010235 9.99459E-05 0.806049 9.99459E-05 9.99459E-05 9.99459E-05 9.99459E-05 0.0917733 9.99459E-05
0.180414 0.279385 9.99639E-05 9.99639E-05 0.0483531 9.99639E-05 9.99639E-05 0.0343593 0.0597714 0.397317
0.523718 0.0421635 9.99459E-05 9.99459E-05 9.99459E-05 0.00823562 9.99459E-05 9.99459E-05 9.99459E-05 0.425283
0.506927 9.99459E-05 0.00887556 0.0249075 9.99459E-05 9.99459E-05 9.99459E-05 9.99459E-05 9.99459E-05 0.45869
0.306526 9.9973E-05 0.0507232 0.206683 9.9973E-05 0.304584 0.0136837 9.9973E-05 0.0262108 0.0912897
9.9937E-05 9.9937E-05 9.9937E-05 0.129371 9.9937E-05 9.9937E-05 0.029642 0.840288 9.9937E-05 9.9937E-05
9.9928E-05 9.9928E-05 9.9928E-05 9.9928E-05 9.9928E-05 0.179507 9.9928E-05 0.819694 9.9928E-05 9.9928E-05
0.0557433 9.99459E-05 9.99459E-05 9.99459E-05 9.99459E-05 9.99459E-05 0.0408085 0.901161 0.00168702 9.99459E-05
9.99369E-05 9.99369E-05 0.00917513 9.99369E-05 9.99369E-05 0.38659 9.99369E-05 0.603536 9.99369E-05 9.99369E-05
9.99459E-05 9.99459E-05 0.0004998 0.190597 9.99459E-05 0.0885698 9.99459E-05 0.719734 9.99459E-05 9.99459E-05
0.0522455 9.99639E-05 0.053789 9.99639E-05 0.160659 9.99639E-05 9.99639E-05 0.464416 0.0147016 0.253789
9.99459E-05 9.99459E-05 0.295632 0.320046 9.99459E-05 9.99459E-05 9.99459E-05 0.354816 0.0289069 9.99459E-05
9.9946E-05 0.456543 9.9946E-05 9.9946E-05 0.225604 9.9946E-05 9.9946E-05 0.236708 9.9946E-05 0.0805451
9.9964E-05 0.0440325 0.262579 0.203122 9.9964E-05 0.0866852 0.117845 0.285337 9.9964E-05 9.9964E-05
0.0623232 0.0143565 9.99459E-05 9.99459E-05 9.99459E-05 9.99459E-05 0.0541293 0.868591 9.99459E-05 9.99459E-05
9.99279E-05 9.99279E-05 9.99279E-05 9.99279E-05 9.99279E-05 0.165345 9.99279E-05 0.833856 9.99279E-05 9.99279E-05
9.99551E-05 0.159507 0.0405927 9.99551E-05 9.99551E-05 0.127891 9.99551E-05 0.564918 9.99551E-05 0.106591
0.0258522 0.0949865 0.297277 9.99729E-05 0.283331 9.99729E-05 0.0971535 0.190727 0.0103726 9.99729E-05
9.99368E-05 0.195505 9.99368E-05 9.99368E-05 9.99368E-05 9.99368E-05 9.99368E-05 0.599537 9.99368E-05 0.204258
0.0724834 9.99459E-05 0.0801518 9.99459E-05 9.99459E-05 9.99459E-05 9.99459E-05 0.642022 9.99459E-05 0.204743
9.99459E-05 9.99459E-05 9.99459E-05 0.00553367 9.99459E-05 0.152588 9.99459E-05 0.817374 0.0239044 9.99459E-05
9.99369E-05 9.99369E-05 9.99369E-05 0.225408 9.99369E-05 0.0241735 9.99369E-05 0.749719 9.99369E-05 9.99369E-05
9.99369E-05 0.0522202 9.99369E-05 0.211796 9.99369E-05 9.99369E-05 9.99369E-05 0.735284 9.99369E-05 9.99369E-05
9.99279E-05 9.99279E-05 9.99279E-05 9.99279E-05 9.99279E-05 0.338813 9.99279E-05 0.660387 9.99279E-05 9.99279E-05
0.134629 9.99459E-05 9.99459E-05 0.0264639 0.831586 0.00672093 9.99459E-05 9.99459E-05 9.99459E-05 9.99459E-05
9.9937E-05 0.257594 9.9937E-05 9.9937E-05 0.687935 9.9937E-05 0.0537715 9.9937E-05 9.9937E-05 9.9937E-05
9.9955E-05 0.346159 0.116105 9.9955E-05 0.327783 9.9955E-05 9.9955E-05 0.0497009 9.9955E-05 0.159753
9.9964E-05 0.0957484 0.0866551 9.9964E-05 0.456279 0.34184 0.0142455 0.00483227 9.9964E-05 9.9964E-05
0.132364 9.99369E-05 9.99369E-05 9.99369E-05 0.579613 9.99369E-05 9.99369E-05 0.287323 9.99369E-05 9.99369E-05
9.9964E-05 0.0449237 0.0319649 9.9964E-05 0.523491 9.9964E-05 9.9964E-05 0.0951492 0.0506679 0.253403
9.99459E-05 9.99459E-05 0.54665 0.294507 0.00248797 0.155755 9.99459E-05 9.99459E-05 9.99459E-05 9.99459E-05
9.99279E-05 9.99279E-05 9.99279E-05 0.438814 0.560387 9.99279E-05 9.99279E-05 9.99279E-05 9.99279E-05 9.99279E-05
9.99459E-05 0.149713 9.99459E-05 9.99459E-05 0.395288 9.99459E-05 9.99459E-05 0.179111 9.99459E-05 0.275289
0.119237 9.99459E-05 9.99459E-05 0.0228751 0.823167 9.99459E-05 9.99459E-05 9.99459E-05 0.0341212 9.99459E-05
9.9928E-05 0.641524 9.9928E-05 9.9928E-05 0.357676 9.9928E-05 9.9928E-05 9.9928E-05 9.9928E-05 9.9928E-05
0.00556677 9.9955E-05 0.138223 0.18537 0.613343 0.0569973 9.9955E-05 9.9955E-05 9.9955E-05 9.9955E-05
9.9937E-05 0.258818 9.9937E-05 9.9937E-05 0.706201 9.9937E-05 0.0342809 9.9937E-05 9.9937E-05 9.9937E-05
9.9955E-05 9.9955E-05 9.9955E-05 9.9955E-05 0.534831 0.272541 0.0884784 0.0756386 0.0280109 9.9955E-05
9.99549E-05 9.99549E-05 0.121259 0.390002 0.329342 9.99549E-05 9.99549E-05 0.134004 0.0248927 9.99549E-05
0.0463968 9.9964E-05 0.044889 0.390894 0.470233 9.9964E-05 9.9964E-05 0.0274537 0.0197334 9.9964E-05
9.9964E-05 0.024285 0.175885 0.110189 0.261144 0.38734 9.9964E-05 0.0407569 9.9964E-05 9.9964E-05
9.99369E-05 9.99369E-05 0.251055 9.99369E-05 9.99369E-05 0.424198 9.99369E-05 0.324048 9.99369E-05 9.99369E-05
0.0237495 0.0454699 0.0135623 9.99729E-05 0.769367 9.99729E-05 0.0456472 9.99729E-05 0.00747111 0.0944327
9.9964E-05 0.160788 0.173819 9.9964E-05 0.496474 0.094801 0.0240785 0.0496391 9.9964E-05 9.9964E-05
9.99459E-05 0.262431 0.0832672 9.99459E-05 0.641476 9.99459E-05 0.0122263 9.99459E-05 9.99459E-05 9.99459E-05
9.99369E-05 9.99369E-05 9.99369E-05 0.202389 0.736174 0.0607379 9.99369E-05 9.99369E-05 9.99369E-05 9.99369E-05
0.0612338 9.99549E-05 0.0956844 0.165705 0.629853 9.99549E-05 9.99549E-05 0.0470243 9.99549E-05 9.99549E-05
9.99369E-05 9.99369E-05 0.100781 0.289057 0.609463 9.99369E-05 9.99369E-05 9.99369E-05 9.99369E-05 9.99369E-05
9.99549E-05 0.161343 0.33964 9.99549E-05 0.314997 9.99549E-05 0.124239 9.99549E-05 9.99549E-05 0.0592821
9.99459E-05 9.99459E-05 9.99459E-05 0.00736141 0.509939 0.462907 9.99459E-05 0.0191936 9.99459E-05 9.99459E-05
9.99369E-05 9.99369E-05 0.076073 9.99369E-05 0.383621 9.99369E-05 9.99369E-05 9.99369E-05 9.99369E-05 0.539607
0.129561 9.99639E-05 0.242145 0.247161 0.218433 9.99639E-05 9.99639E-05 0.149373 0.0129275 9.99639E-05
9.99459E-05 9.99459E-05 0.0135423 0.270296 0.585262 0.1303 9.99459E-05 9.99459E-05 9.99459E-05 9.99459E-05
9.9946E-05 9.9946E-05 0.044424 0.429841 0.519101 0.00603479 9.9946E-05 9.9946E-05 9.9946E-05 9.9946E-05
0.0747242 9.99729E-05 0.609049 0.0753828 0.125973 9.99729E-05 9.99729E-05 0.0977026 0.00821414 0.00865396
0.107712 9.99639E-05 0.355968 9.99639E-05 0.167563 9.99639E-05 0.0326847 0.273078 0.0625955 9.99639E-05
9.99459E-05 0.426179 0.352953 9.99459E-05 0.0776207 9.99459E-05 9.99459E-05 0.142648 9.99459E-05 9.99459E-05
9.99369E-05 0.056963 9.99369E-05 9.99369E-05 0.475389 9.99369E-05 9.99369E-05 9.99369E-05 9.99369E-05 0.466948
9.99459E-05 9.99459E-05 0.0678769 0.0735618 9.99459E-05 0.243441 9.99459E-05 0.614521 9.99459E-05 9.99459E-05
9.99368E-05 0.0856008 9.99368E-05 9.99368E-05 0.651005 9.99368E-05 9.99368E-05 9.99368E-05 9.99368E-05 0.262695
9.99369E-05 9.99369E-05 0.325095 0.250157 0.424048 9.99369E-05 9.99369E-05 9.99369E-05 9.99369E-05 9.99369E-05
9.99639E-05 9.99639E-05 0.384906 0.274821 0.069223 0.0790271 9.99639E-05 0.177364 0.0142583 9.99639E-05
9.99368E-05 0.0687869 9.99368E-05 9.99368E-05 9.99368E-05 9.99368E-05 9.99368E-05 0.737314 9.99368E-05 0.193199
9.9946E-05 0.309071 9.9946E-05 9.9946E-05 0.192446 9.9946E-05 9.9946E-05 0.199116 9.9946E-05 0.298767
0.000262882 9.99459E-05 9.99459E-05 9.99459E-05 0.0433917 9.99459E-05 9.99459E-05 0.732753 9.99459E-05 0.222993
0.00292313 0.0437709 0.32101 9.99729E-05 0.153744 9.99729E-05 0.119233 0.326112 0.0329081 9.99729E-05
9.9955E-05 0.506937 0.0486325 9.9955E-05 0.258343 9.9955E-05 0.0449087 0.140679 9.9955E-05 9.9955E-05
9.99459E-05 9.99459E-05 0.0306419 9.99459E-05 0.436403 0.343454 9.99459E-05 0.188901 9.99459E-05 9.99459E-05
9.99459E-05 9.99459E-05 9.99459E-05 9.99459E-05 0.756633 0.197497 0.0108572 9.99459E-05 9.99459E-05 0.0344141
9.9955E-05 0.0803928 0.042083 9.9955E-05 0.45485 0.304449 9.9955E-05 0.117726 9.9955E-05 9.9955E-05
9.99369E-05 0.125008 9.99369E-05 9.99369E-05 0.644229 9.99369E-05 9.99369E-05 9.99369E-05 9.99369E-05 0.230064
9.99459E-05 9.99459E-05 9.99459E-05 0.152093 0.63099 9.99459E-05 0.10053 0.115788 9.99459E-05 9.99459E-05
9.99459E-05 9.99459E-05 0.16641 0.198349 0.459174 0.175467 9.99459E-05 9.99459E-05 9.99459E-05 9.99459E-05
0.0404418 9.99548E-05 0.516587 9.99548E-05 9.99548E-05 9.99548E-05 9.99548E-05 0.239634 0.0222689 0.180569
9.99459E-05 0.0495179 0.325495 9.99459E-05 0.253401 9.99459E-05 9.99459E-05 9.99459E-05 9.99459E-05 0.370986
0.00940003 9.99459E-05 0.732099 0.0945825 9.99459E-05 9.99459E-05 9.99459E-05 0.163319 9.99459E-05 9.99459E-05
9.99368E-05 9.99368E-05 0.40587 9.99368E-05 0.270043 9.99368E-05 9.99368E-05 9.99368E-05 9.99368E-05 0.323387
9.99368E-05 9.99368E-05 0.542876 9.99368E-05 0.135174 9.99368E-05 9.99368E-05 9.99368E-05 9.99368E-05 0.321251
9.99369E-05 9.99369E-05 0.74269 0.227134 9.99369E-05 0.0294764 9.99369E-05 9.99369E-05 9.99369E-05 9.99369E-05
0.0932288 9.99459E-05 0.359436 9.99459E-05 0.412931 9.99459E-05 9.99459E-05 9.99459E-05 9.99459E-05 0.133805
0.0801186 9.99639E-05 0.702881 9.99639E-05 0.108444 9.99639E-05 9.99639E-05 0.0116898 0.0183278 0.0781396
9.99459E-05 0.368475 9.99459E-05 9.99459E-05 0.00649705 9.99459E-05 0.583246 9.99459E-05 9.99459E-05 0.0411829
9.9955E-05 0.152921 9.9955E-05 9.9955E-05 0.0918272 9.9955E-05 0.619781 0.0363497 9.9955E-05 0.0986215
9.9946E-05 0.0361436 9.9946E-05 9.9946E-05 0.0150208 0.17249 0.775746 9.9946E-05 9.9946E-05 9.9946E-05
9.9946E-05 9.9946E-05 0.190888 0.296656 9.9946E-05 9.9946E-05 0.4948 9.9946E-05 9.9946E-05 0.017056
9.99549E-05 0.319604 0.00753051 9.99549E-05 9.99549E-05 9.99549E-05 0.564283 9.99549E-05 0.0183162 0.0897665
0.55497 9.99549E-05 0.139708 0.0638231 9.99549E-05 0.0795528 0.161446 9.99549E-05 9.99549E-05 9.99549E-05
9.99278E-05 9.99278E-05 9.99278E-05 9.99278E-05 9.99278E-05 9.99278E-05 0.398742 9.99278E-05 9.99278E-05 0.600459
9.99459E-05 0.267941 0.00523884 9.99459E-05 9.99459E-05 9.99459E-05 0.701217 9.99459E-05 9.99459E-05 0.0250037
0.101727 0.00267005 0.0285619 9.9973E-05 9.9973E-05 9.9973E-05 0.681776 0.0522466 0.0546981 0.07802
9.9946E-05 9.9946E-05 9.9946E-05 0.294459 9.9946E-05 0.0486041 0.587331 0.0690062 9.9946E-05 9.9946E-05
9.9937E-05 0.626721 9.9937E-05 9.9937E-05 9.9937E-05 9.9937E-05 0.271842 9.9937E-05 0.100738 9.9937E-05
9.99549E-05 9.99549E-05 9.99549E-05 0.428917 9.99549E-05 9.99549E-05 0.434711 0.0201742 0.0154743 0.100224
0.02934 0.124927 9.99459E-05 9.99459E-05 9.99459E-05 9.99459E-05 0.71155 9.99459E-05 9.99459E-05 0.133584
0.320424 9.99549E-05 0.0697722 0.0718635 0.0178946 9.99549E-05 0.519546 9.99549E-05 9.99549E-05 9.99549E-05
0.098106 0.07445 9.99549E-05 9.99549E-05 9.99549E-05 9.99549E-05 0.662289 0.0684043 0.0962507 9.99549E-05
0.335583 0.0498925 9.99549E-05 9.99549E-05 9.99549E-05 9.99549E-05 0.249473 0.0440358 9.99549E-05 0.320515
9.99458E-05 9.99458E-05 0.0880312 0.376014 9.99458E-05 0.10561 0.429745 9.99458E-05 9.99458E-05 9.99458E-05
9.99459E-05 9.99459E-05 0.0157812 9.99459E-05 9.99459E-05 0.581467 0.359371 9.99459E-05 9.99459E-05 0.0427814
0.00304023 0.0090905 9.9973E-05 9.9973E-05 0.124743 9.9973E-05 0.610237 0.0845609 0.105301 0.0627272
0.000695379 0.00234114 9.99459E-05 9.99459E-05 9.99459E-05 9.99459E-05 0.651733 9.99459E-05 9.99459E-05 0.344631
9.9955E-05 9.9955E-05 9.9955E-05 0.06861 0.0177419 9.9955E-05 0.768057 0.0696623 0.0754289 9.9955E-05
9.99279E-05 9.99279E-05 9.99279E-05 9.99279E-05 9.99279E-05 0.322695 0.676506 9.99279E-05 9.99279E-05 9.99279E-05
0.339726 9.9973E-05 9.9973E-05 0.385711 0.00967257 0.0652122 0.0819242 0.0555085 0.061945 9.9973E-05
9.99369E-05 9.99369E-05 0.00507271 9.99369E-05 9.99369E-05 9.99369E-05 9.99369E-05 9.99369E-05 0.660828 0.3334
0.271546 0.0263341 0.0445186 0.015911 0.00529318 0.593751 0.00919172 9.9982E-05 9.9982E-05 0.0332542
0.698595 0.198388 9.99459E-05 9.99459E-05 9.99459E-05 9.99459E-05 9.99459E-05 0.0461269 0.05629 9.99459E-05
9.99368E-05 0.456493 9.99368E-05 9.99368E-05 9.99368E-05 9.99368E-05 9.99368E-05 9.99368E-05 0.494537 0.04827
0.373873 9.99459E-05 9.99459E-05 0.4222 9.99459E-05 0.196267 9.99459E-05 9.99459E-05 0.00705971 9.99459E-05
9.99459E-05 0.0492303 9.99459E-05 0.20784 9.99459E-05 9.99459E-05 9.99459E-05 0.0445705 0.697759 9.99459E-05
0.642729 9.9973E-05 0.0695641 9.9973E-05 0.100181 0.0330952 0.0499629 9.9973E-05 0.0103578 0.0938098
9.99279E-05 9.99279E-05 9.99279E-05 9.99279E-05 9.99279E-05 0.285277 9.99279E-05 9.99279E-05 0.713923 9.99279E-05
0.0219339 0.192273 9.9955E-05 9.9955E-05 9.9955E-05 0.0235789 9.9955E-05 9.9955E-05 0.247982 0.513732
0.165568 9.99639E-05 9.99639E-05 0.491273 0.0445676 0.055442 0.0389823 9.99639E-05 0.203767 9.99639E-05
9.99369E-05 9.99369E-05 0.0150242 9.99369E-05 9.99369E-05 0.449775 9.99369E-05 9.99369E-05 0.534501 9.99369E-05
9.99369E-05 0.404616 9.99369E-05 9.99369E-05 9.99369E-05 9.99369E-05 9.99369E-05 9.99369E-05 0.3849 0.209784
0.230575 9.99388E-05 9.99388E-05 0.681029 9.99388E-05 0.0876964 9.99388E-05 9.99388E-05 9.99388E-05 9.99388E-05
9.99369E-05 9.99369E-05 9.99369E-05 0.184123 9.99369E-05 0.278887 9.99369E-05 9.99369E-05 0.53629 9.99369E-05
0.386773 9.99459E-05 9.99459E-05 0.194526 9.99459E-05 0.364038 9.99459E-05 9.99459E-05 9.99459E-05 0.0540628
9.99369E-05 0.473262 9.99369E-05 9.99369E-05 9.99369E-05 9.99369E-05 9.99369E-05 9.99369E-05 0.464933 0.0611049
0.075084 9.99458E-05 9.99458E-05 0.206562 9.99458E-05 0.388528 9.99458E-05 9.99458E-05 0.329226 9.99458E-05
0.328359 9.9946E-05 9.9946E-05 0.556206 0.0226643 9.9946E-05 0.0921716 9.9946E-05 9.9946E-05 9.9946E-05
0.646561 9.99459E-05 0.104655 9.99459E-05 9.99459E-05 9.99459E-05 9.99459E-05 9.99459E-05 0.121337 0.126847
0.25101 0.136452 0.0547729 9.99641E-05 9.99641E-05 0.4329 0.100875 0.0235898 9.99641E-05 9.99641E-05
0.38749 0.0291265 9.9955E-05 9.9955E-05 9.9955E-05 0.435663 9.9955E-05 0.0587918 0.0884291 9.9955E-05
0.00702253 0.35918 9.99458E-05 9.99458E-05 9.99458E-05 9.99458E-05 9.99458E-05 9.99458E-05 0.485309 0.147888
0.307237 9.9964E-05 9.9964E-05 0.288623 0.0363445 9.9964E-05 9.9964E-05 0.0766433 0.152566 0.138186
0.227591 9.99368E-05 0.14213 9.99368E-05 9.99368E-05 9.99368E-05 9.99368E-05 9.99368E-05 0.62958 9.99368E-05
0.264732 0.286762 0.0498813 9.9982E-05 0.0341601 9.9982E-05 0.176453 0.0414673 0.140455 0.00588947
0.16175 9.99729E-05 9.99729E-05 0.257114 0.0531504 0.21244 0.0884687 0.0330875 0.193689 9.99729E-05
0.0625861 0.00209939 9.9973E-05 0.0471252 0.123466 9.9973E-05 0.426649 0.00796683 0.329808 9.9973E-05
9.9973E-05 0.741263 0.00744464 0.0310332 9.9973E-05 0.039824 9.9973E-05 0.0439098 0.00883318 0.127393
0.266233 0.0628783 0.0424646 9.99819E-05 0.00731493 9.99819E-05 0.130081 0.0434995 0.294713 0.152616
0.314311 0.215066 9.99729E-05 9.99729E-05 0.0307083 9.99729E-05 0.0730922 0.0401086 0.0925112 0.233903
0.140083 0.253776 9.99639E-05 0.328097 9.99639E-05 0.00597337 9.99639E-05 0.109434 0.162236 9.99639E-05
0.319768 0.51257 9.99459E-05 9.99459E-05 9.99459E-05 9.99459E-05 9.99459E-05 9.99459E-05 0.0187325 0.14833
0.354401 9.99368E-05 9.99368E-05 0.298175 9.99368E-05 0.346724 9.99368E-05 9.99368E-05 9.99368E-05 9.99368E-05
0.39684 0.481031 9.99459E-05 9.99459E-05 9.99459E-05 9.99459E-05 9.99459E-05 9.99459E-05 0.0930768 0.0284532
0.0208584 0.168355 9.9955E-05 9.9955E-05 9.9955E-05 0.385898 0.0567022 9.9955E-05 0.367686 9.9955E-05
0.0654781 0.0191453 9.99639E-05 0.121521 9.99639E-05 0.466578 0.145298 9.99639E-05 0.181579 9.99639E-05
0.360872 9.9964E-05 9.9964E-05 0.00375957 0.142127 9.9964E-05 0.220695 0.0394135 0.232733 9.9964E-05
0.601743 9.9982E-05 0.00522682 0.0172451 0.0731682 0.0216927 0.177777 9.9982E-05 0.0369617 0.0659852
0.364193 0.0469359 9.9964E-05 9.9964E-05 0.049447 9.9964E-05 0.231434 0.0956169 0.211973 9.9964E-05
0.281665 0.128875 9.99549E-05 9.99549E-05 9.99549E-05 0.412106 0.166283 9.99549E-05 0.0105717 9.99549E-05
0.156529 0.704973 9.9946E-05 9.9946E-05 9.9946E-05 9.9946E-05 0.0809519 9.9946E-05 9.9946E-05 0.0569467
9.99459E-05 0.652579 9.99459E-05 9.99459E-05 9.99459E-05 9.99459E-05 0.000364168 9.99459E-05 0.312212 0.0342449
0.217511 9.99549E-05 0.00925075 9.99549E-05 0.023123 9.99549E-05 9.99549E-05 9.99549E-05 0.236653 0.512963
0.0724928 0.587921 9.99639E-05 9.99639E-05 0.0556174 9.99639E-05 9.99639E-05 0.00980388 0.239179 0.0345858
0.00945824 0.841606 9.9946E-05 0.134419 9.9946E-05 9.9946E-05 0.013917 9.9946E-05 9.9946E-05 9.9946E-05
9.99549E-05 9.99549E-05 0.0149266 9.99549E-05 0.0886979 9.99549E-05 0.0145528 9.99549E-05 0.346519 0.534804
0.520475 0.17465 0.0134199 9.99549E-05 9.99549E-05 9.99549E-05 9.99549E-05 9.99549E-05 0.0803897 0.210566
0.00889706 9.9955E-05 0.174639 0.701815 9.9955E-05 0.0587087 9.9955E-05 9.9955E-05 0.0554404 9.9955E-05
0.150524 9.99639E-05 0.0278428 0.599161 9.99639E-05 0.142474 9.99639E-05 0.00779371 9.99639E-05 0.0718051
0.39393 9.99459E-05 0.130431 0.108296 9.99459E-05 9.99459E-05 9.99459E-05 9.99459E-05 9.99459E-05 0.366744
0.168994 9.99459E-05 9.99459E-05 0.747146 9.99459E-05 0.00313854 9.99459E-05 9.99459E-05 9.99459E-05 0.0801225
9.99549E-05 9.99549E-05 0.0627693 0.796663 9.99549E-05 0.063173 0.0350886 9.99549E-05 9.99549E-05 0.041806
0.0890592 9.99729E-05 0.00127063 0.148211 9.99729E-05 0.562805 0.00466663 0.0628801 9.99729E-05 0.130808
0.0988552 9.99549E-05 0.0413197 0.489894 9.99549E-05 0.284315 9.99549E-05 9.99549E-05 9.99549E-05 0.0851167
0.169373 9.9955E-05 0.0487022 0.103438 9.9955E-05 9.9955E-05 9.9955E-05 0.0130603 9.9955E-05 0.664927
9.9937E-05 0.372212 9.9937E-05 9.9937E-05 9.9937E-05 9.9937E-05 9.9937E-05 9.9937E-05 0.1628 0.464288
0.34902 9.99549E-05 0.214876 0.328464 9.99549E-05 9.99549E-05 0.0882702 9.99549E-05 9.99549E-05 0.0188704
9.9946E-05 9.9946E-05 0.0214557 0.0401006 9.9946E-05 9.9946E-05 0.0565618 9.9946E-05 9.9946E-05 0.881282
0.261803 9.9946E-05 0.279378 9.9946E-05 9.9946E-05 9.9946E-05 9.9946E-05 0.0101407 9.9946E-05 0.448079
0.412992 9.99459E-05 0.139445 0.244221 9.99459E-05 9.99459E-05 9.99459E-05 9.99459E-05 9.99459E-05 0.202743
0.226949 0.060301 9.99459E-05 9.99459E-05 9.99459E-05 9.99459E-05 9.99459E-05 9.99459E-05 0.0994523 0.612698
0.188852 9.9955E-05 0.0216532 0.171878 9.9955E-05 9.9955E-05 0.0850853 9.9955E-05 9.9955E-05 0.532031
0.199748 9.9973E-05 0.0600843 0.32723 0.0369568 9.9973E-05 9.9973E-05 0.0877663 0.278587 0.00932738
0.295794 9.99639E-05 0.0376792 0.155482 0.0267439 9.99639E-05 9.99639E-05 0.0336045 9.99639E-05 0.450296
0.18594 9.99549E-05 0.0972761 0.162809 9.99549E-05 9.99549E-05 0.175974 9.99549E-05 9.99549E-05 0.377501
0.193101 0.0346277 9.99369E-05 0.771572 9.99369E-05 9.99369E-05 9.99369E-05 9.99369E-05 9.99369E-05 9.99369E-05
0.456759 9.9964E-05 0.13717 0.343927 9.9964E-05 0.0252363 0.03081 9.9964E-05 9.9964E-05 0.00569768
0.0428941 0.109652 9.9964E-05 0.0531695 0.0254652 0.0143025 9.9964E-05 9.9964E-05 9.9964E-05 0.754116
0.464109 9.99639E-05 0.0278922 9.99639E-05 0.00735829 0.0215918 0.0170372 9.99639E-05 9.99639E-05 0.461611
0.0267005 0.252406 9.99459E-05 9.99459E-05 9.99459E-05 9.99459E-05 9.99459E-05 9.99459E-05 0.130232 0.590062
0.362886 9.99369E-05 9.99369E-05 0.608801 9.99369E-05 0.0276127 9.99369E-05 9.99369E-05 9.99369E-05 9.99369E-05
0.606066 9.9946E-05 0.192958 0.180474 9.9946E-05 9.9946E-05 9.9946E-05 9.9946E-05 0.0199021 9.9946E-05
0.0858778 0.0853765 9.99639E-05 9.99639E-05 0.00595981 9.99639E-05 0.000532846 9.99639E-05 0.109238 0.712616
9.9955E-05 9.9955E-05 9.9955E-05 0.568613 0.0212374 0.069579 0.0505331 9.9955E-05 0.289538 9.9955E-05
9.99459E-05 9.99459E-05 9.99459E-05 0.525589 9.99459E-05 9.99459E-05 9.99459E-05 0.047071 0.423911 0.0028293
0.252201 0.354054 0.104003 9.9973E-05 0.00939404 9.9973E-05 9.9973E-05 0.0555477 0.0366478 0.187852
0.00105266 0.136485 9.99729E-05 9.99729E-05 0.0131794 9.99729E-05 0.10984 0.0531629 0.633811 0.0521691
9.9955E-05 9.9955E-05 0.0340463 0.609688 9.9955E-05 9.9955E-05 9.9955E-05 0.0978567 0.185771 0.0721381
9.99459E-05 9.99459E-05 0.0641564 0.382704 9.99459E-05 0.181262 9.99459E-05 9.99459E-05 0.371278 9.99459E-05
9.99459E-05 9.99459E-05 0.12664 0.484215 9.99459E-05 0.118154 9.99459E-05 9.99459E-05 0.270391 9.99459E-05
9.9928E-05 0.694404 9.9928E-05 9.9928E-05 9.9928E-05 9.9928E-05 9.9928E-05 9.9928E-05 0.304797 9.9928E-05
0.18872 9.99459E-05 0.0917081 9.99459E-05 9.99459E-05 9.99459E-05 9.99459E-05 9.99459E-05 0.398145 0.320827
0.190297 9.99729E-05 0.0162466 0.185225 0.0421259 9.99729E-05 0.352859 0.0155412 0.197406 9.99729E-05
0.0636037 9.99459E-05 9.99459E-05 0.583845 9.99459E-05 9.99459E-05 0.0270262 9.99459E-05 0.324926 9.99459E-05
0.0668267 0.483582 9.99729E-05 9.99729E-05 0.0185379 9.99729E-05 0.0887941 0.00690412 0.243665 0.0913906
0.528791 9.9955E-05 0.0508632 9.9955E-05 9.9955E-05 9.9955E-05 9.9955E-05 0.0465886 0.181446 0.191812
0.281707 9.99549E-05 0.0743863 0.0356906 9.99549E-05 9.99549E-05 9.99549E-05 9.99549E-05 0.26892 0.338795
0.20227 9.99639E-05 9.99639E-05 0.036443 0.000746965 9.99639E-05 0.325858 0.0466152 0.387667 9.99639E-05
0.425861 9.99459E-05 9.99459E-05 9.99459E-05 0.00757843 9.99459E-05 0.182302 9.99459E-05 9.99459E-05 0.383659
0.357368 9.99639E-05 0.022499 0.441909 0.0411338 9.99639E-05 0.0672285 9.99639E-05 9.99639E-05 0.0694619
0.575682 9.99549E-05 0.0609747 0.131712 9.99549E-05 9.99549E-05 0.0272509 9.99549E-05 0.20388 9.99549E-05
9.9946E-05 9.9946E-05 9.9946E-05 0.498417 9.9946E-05 0.178539 9.9946E-05 0.0376864 0.284757 9.9946E-05
9.99459E-05 9.99459E-05 9.99459E-05 9.99459E-05 0.130112 9.99459E-05 9.99459E-05 0.0257692 0.407714 0.435805
0.0353685 9.99639E-05 0.0374877 0.604004 0.0211561 9.99639E-05 9.99639E-05 9.99639E-05 0.292234 0.00935021
0.110844 9.99639E-05 0.00139533 0.260543 9.99639E-05 0.413921 9.99639E-05 9.99639E-05 0.186428 0.0264679
9.99369E-05 0.106828 9.99369E-05 9.99369E-05 9.99369E-05 9.99369E-05 9.99369E-05 9.99369E-05 0.233889 0.658583
0.425506 0.0344864 0.0761322 0.194537 9.99549E-05 9.99549E-05 9.99549E-05 9.99549E-05 9.99549E-05 0.268838
0.219827 9.99549E-05 0.0766905 9.99549E-05 0.00715466 9.99549E-05 9.99549E-05 9.99549E-05 0.159723 0.536105
9.9946E-05 9.9946E-05 0.145391 0.774319 9.9946E-05 0.0165309 9.9946E-05 9.9946E-05 0.0631597 9.9946E-05
0.0401732 0.0455595 0.160854 0.189359 0.113855 0.343584 0.0228109 0.0169047 0.0203655 0.0465332
0.227334 9.9964E-05 0.0957779 0.564429 0.0561977 0.0150174 9.9964E-05 9.9964E-05 0.0408446 9.9964E-05
9.99459E-05 0.0400854 9.99459E-05 9.99459E-05 9.99459E-05 9.99459E-05 9.99459E-05 0.000385584 0.230093 0.728836
0.309393 9.9973E-05 0.149646 0.423585 9.9973E-05 0.095422 0.000977767 9.9973E-05 0.00730121 0.0133749
0.00617308 9.9964E-05 0.110541 0.640554 9.9964E-05 9.9964E-05 0.111173 9.9964E-05 0.0974539 0.0337046
9.9964E-05 9.9964E-05 0.00460694 0.78683 9.9964E-05 0.00337062 0.0995148 9.9964E-05 0.0481716 0.0571067
0.00238328 0.00116452 9.9955E-05 0.00647117 9.9955E-05 9.9955E-05 0.129822 9.9955E-05 9.9955E-05 0.859659
0.355248 9.99639E-05 0.0690456 0.18588 9.99639E-05 9.99639E-05 0.0115939 9.99639E-05 0.0871584 0.290674
0.0475453 0.0679631 0.0338506 0.651523 9.9973E-05 0.052466 9.9973E-05 0.0612352 9.9973E-05 0.0851165
0.0527103 0.0351136 0.0680905 0.0448164 0.00423722 0.0623106 0.0524984 9.9991E-05 0.226539 0.453584
0.0440894 9.9964E-05 0.082093 0.6992 9.9964E-05 0.0735922 0.06967 9.9964E-05 0.0309559 9.9964E-05
0.322987 0.162105 9.99592E-05 9.99592E-05 9.99592E-05 0.416535 0.0117715 9.99592E-05 9.99592E-05 0.0861025
0.00118698 9.9964E-05 0.166078 0.289451 9.9964E-05 9.9964E-05 0.104486 9.9964E-05 0.130746 0.307652
9.9937E-05 0.151486 9.9937E-05 9.9937E-05 9.9937E-05 9.9937E-05 9.9937E-05 9.9937E-05 0.0845292 0.763286
0.480226 9.9964E-05 0.211032 0.111877 9.9964E-05 0.0176512 9.9964E-05 9.9964E-05 0.10615 0.0726648
0.36985 0.167066 9.99729E-05 9.99729E-05 0.0357191 9.99729E-05 0.176869 0.063176 0.145187 0.0418327
0.202656 0.672507 9.9946E-05 9.9946E-05 9.9946E-05 9.9946E-05 0.0727613 9.9946E-05 0.0514755 9.9946E-05
0.704591 9.99549E-05 9.99549E-05 9.99549E-05 0.0704621 9.99549E-05 0.0198842 9.99549E-05 0.0546466 0.149916
9.99458E-05 9.99458E-05 0.0504676 9.99458E-05 9.99458E-05 9.99458E-05 0.476479 9.99458E-05 0.0582215 0.414232
0.475513 0.0477206 0.025058 0.0740501 9.99639E-05 9.99639E-05 9.99639E-05 9.99639E-05 0.17928 0.197979
0.397562 9.99459E-05 9.99459E-05 0.254492 9.99459E-05 0.265894 9.99459E-05 9.99459E-05 0.0814526 9.99459E-05
0.0259265 0.603616 9.99549E-05 9.99549E-05 9.99549E-05 9.99549E-05 0.00236725 0.0183034 0.349287 9.99549E-05
9.9964E-05 0.0166956 9.9964E-05 0.0610586 0.0227987 0.54251 9.9964E-05 0.0192249 0.337313 9.9964E-05
0.136628 9.99549E-05 0.162875 0.303425 9.99549E-05 0.0460264 0.350546 9.99549E-05 9.99549E-05 9.99549E-05
0.190278 0.208393 9.99639E-05 0.452022 9.99639E-05 0.00880256 0.074413 0.0656919 9.99639E-05 9.99639E-05
0.208429 0.606935 9.99549E-05 0.00421344 9.99549E-05 9.99549E-05 0.17698 9.99549E-05 9.99549E-05 0.00294339
0.07147 0.517005 9.99549E-05 9.99549E-05 9.99549E-05 9.99549E-05 0.0830437 9.99549E-05 0.0403843 0.287598
0.0632809 9.9964E-05 9.9964E-05 0.334784 9.9964E-05 0.298105 9.9964E-05 0.0122004 0.210218 0.081011
0.658607 9.9955E-05 0.0596253 9.9955E-05 0.0514792 9.9955E-05 9.9955E-05 0.021326 9.9955E-05 0.208462
0.569607 0.0371833 9.99729E-05 9.99729E-05 0.0503741 9.99729E-05 0.228311 0.0466029 0.0617274 0.00589367
9.99369E-05 0.537698 9.99369E-05 9.99369E-05 9.99369E-05 9.99369E-05 0.12318 9.99369E-05 9.99369E-05 0.338422
0.349953 0.170346 9.9964E-05 0.0395559 9.9964E-05 9.9964E-05 0.281005 0.0436759 0.115064 9.9964E-05
0.287559 0.0572981 9.99729E-05 0.026059 9.99729E-05 0.305841 0.0567032 0.0752145 0.191026 9.99729E-05
0.199587 0.0303114 9.99549E-05 0.719753 9.99549E-05 9.99549E-05 9.99549E-05 0.0289746 0.020874 9.99549E-05
0.393486 9.9955E-05 9.9955E-05 0.486828 0.0159758 9.9955E-05 0.0989237 0.00428617 9.9955E-05 9.9955E-05
0.269496 0.0980669 9.9964E-05 0.0047877 0.00334855 0.343154 0.280748 9.9964E-05 9.9964E-05 9.9964E-05
9.99459E-05 9.99459E-05 0.0759712 0.0396425 9.99459E-05 9.99459E-05 0.0761259 9.99459E-05 9.99459E-05 0.807661
0.0707011 9.9955E-05 0.109224 0.675454 9.9955E-05 9.9955E-05 0.0933382 9.9955E-05 9.9955E-05 0.0507828
0.0861202 9.9964E-05 0.0387013 0.00137086 9.9964E-05 0.0505634 0.11093 9.9964E-05 9.9964E-05 0.711914
0.300531 9.99729E-05 0.119642 0.0546835 9.99729E-05 0.00612887 0.179659 9.99729E-05 0.0168118 0.322244
0.234767 9.9955E-05 0.204884 0.474492 9.9955E-05 0.0522311 9.9955E-05 9.9955E-05 0.0331263 9.9955E-05
9.9946E-05 0.0802643 9.9946E-05 0.0281978 9.9946E-05 9.9946E-05 9.9946E-05 0.0205425 9.9946E-05 0.870396
0.266361 0.450766 9.99459E-05 9.99459E-05 0.0343935 9.99459E-05 0.24788 9.99459E-05 9.99459E-05 9.99459E-05
0.418447 0.0570511 9.99549E-05 9.99549E-05 9.99549E-05 9.99549E-05 9.99549E-05 0.011522 0.0936507 0.418829
0.144178 0.203778 9.9964E-05 0.377999 9.9964E-05 9.9964E-05 0.0823976 0.120818 0.0704297 9.9964E-05
0.369963 0.145896 9.99639E-05 0.0865161 9.99639E-05 9.99639E-05 0.0715207 0.105346 0.220358 9.99639E-05
0.21764 0.0870884 0.113462 0.37136 9.99729E-05 9.99729E-05 9.99729E-05 0.0245296 0.136301 0.0493199
0.0949465 0.612109 9.99459E-05 9.99459E-05 9.99459E-05 0.0527252 9.99459E-05 9.99459E-05 9.99459E-05 0.239619
0.132255 0.0854734 0.0443701 0.118738 9.99639E-05 0.614078 9.99639E-05 9.99639E-05 0.00468564 9.99639E-05
0.372198 0.164134 0.132731 9.99729E-05 0.107648 9.99729E-05 0.0904641 0.0319336 9.99729E-05 0.100591
0.133047 0.0350734 9.9991E-05 0.490251 0.0468063 0.0795861 0.092051 0.0544164 0.026911 0.0417583
0.104365 0.0958725 0.104099 0.258914 9.99549E-05 0.436249 9.99549E-05 9.99549E-05 9.99549E-05 9.99549E-05
0.170233 0.162842 9.99459E-05 0.603877 9.99459E-05 9.99459E-05 9.99459E-05 0.0624487 9.99459E-05 9.99459E-05
0.153525 0.0857145 0.0198755 0.634547 9.99639E-05 9.99639E-05 9.99639E-05 0.0765081 0.0294295 9.99639E-05
0.0476229 0.228083 9.99549E-05 0.608279 0.0467851 9.99549E-05 9.99549E-05 0.0687303 9.99549E-05 9.99549E-05
0.527538 0.0722487 0.127893 9.99729E-05 0.000914885 9.99729E-05 0.0814064 0.0675227 9.99729E-05 0.122176
0.21583 9.99639E-05 9.99639E-05 9.99639E-05 0.0681887 9.99639E-05 0.0500159 0.0281987 0.108214 0.529152
9.9973E-05 0.0381697 9.9973E-05 0.131398 0.0201676 0.550471 0.017657 9.9973E-05 0.159511 0.0823262
9.9955E-05 0.316672 9.9955E-05 0.426265 0.0169816 9.9955E-05 0.200014 9.9955E-05 0.039568 9.9955E-05
0.323113 0.231506 9.9982E-05 9.9982E-05 0.0839805 0.0289566 0.112432 0.0647146 0.133919 0.0211782
9.99459E-05 0.846676 0.0482021 9.99459E-05 9.99459E-05 9.99459E-05 9.99459E-05 0.00201462 0.102507 9.99459E-05
0.0609884 0.162728 9.9937E-05 9.9937E-05 9.9937E-05 9.9937E-05 9.9937E-05 9.9937E-05 9.9937E-05 0.775584
0.0587398 0.750364 9.9973E-05 0.0241013 0.00173712 9.9973E-05 0.00170337 9.9973E-05 0.0290208 0.134033
