0.00503023 0.546241 0.251789 9.9964E-05 0.114836 9.9964E-05 0.0817045 9.9964E-05 9.9964E-05
9.9973E-05 0.525957 0.396959 0.0119432 0.00353799 0.0170944 0.0442083 9.9973E-05 9.9973E-05
0.00489756 0.223974 9.9982E-05 0.0162742 0.0188908 0.666286 0.00788483 0.0615917 9.9982E-05
0.258125 0.26721 0.345204 9.9982E-05 0.036934 9.9982E-05 0.00701018 0.0743883 0.0109283
0.184825 9.9964E-05 0.463148 0.0290966 9.9964E-05 9.9964E-05 0.229581 0.0929492 9.9964E-05
9.9973E-05 0.420159 0.0073171 0.0756486 9.9973E-05 0.121094 0.0553355 0.320146 9.9973E-05
9.99459E-05 0.429614 9.99459E-05 9.99459E-05 9.99459E-05 0.479488 9.99459E-05 9.99459E-05 0.0902984
9.9964E-05 0.384994 0.0896377 0.0852788 9.9964E-05 0.260597 9.9964E-05 0.179093 9.9964E-05
0.1557 0.446439 0.285724 0.0274783 0.011177 9.9973E-05 9.9973E-05 0.0731822 9.9973E-05
9.99549E-05 9.99549E-05 9.99549E-05 9.99549E-05 0.0483985 0.303969 9.99549E-05 0.39255 0.254583
0.0110448 0.275771 0.548355 9.9973E-05 0.0212728 9.9973E-05 0.0552541 0.0880021 9.9973E-05
0.14279 0.0599436 0.557725 9.99549E-05 9.99549E-05 9.99549E-05 9.99549E-05 0.239041 9.99549E-05
0.273016 0.257688 0.0276454 0.0570436 0.00347959 0.121806 0.217953 9.9991E-05 0.0412684
9.99459E-05 0.448564 9.99459E-05 9.99459E-05 9.99459E-05 0.370809 9.99459E-05 0.180027 9.99459E-05
9.99549E-05 0.0590755 0.829033 9.99549E-05 9.99549E-05 9.99549E-05 9.99549E-05 0.0845937 0.0267981
9.997E-05 0.180681 9.997E-05 0.0329862 0.0319661 0.35927 9.997E-05 0.0570235 0.337774
0.0104824 0.552469 9.99549E-05 9.99549E-05 9.99549E-05 0.378463 9.99549E-05 9.99549E-05 0.0580862
9.99459E-05 0.479417 0.029307 9.99459E-05 9.99459E-05 0.490676 9.99459E-05 9.99459E-05 9.99459E-05
0.296318 0.288083 0.245331 9.9973E-05 9.9973E-05 0.117934 0.0188585 0.0331758 9.9973E-05
9.9955E-05 9.9955E-05 0.111257 9.9955E-05 0.841962 9.9955E-05 0.0437512 9.9955E-05 0.00252973
0.170955 9.9937E-05 9.9937E-05 9.9937E-05 0.828345 9.9937E-05 9.9937E-05 9.9937E-05 9.9937E-05
9.99459E-05 0.03988 9.99459E-05 9.99459E-05 0.904793 9.99459E-05 0.0547277 9.99459E-05 9.99459E-05
0.37893 9.99369E-05 9.99369E-05 9.99369E-05 0.62037 9.99369E-05 9.99369E-05 9.99369E-05 9.99369E-05
0.110071 9.99459E-05 0.157635 9.99459E-05 0.731694 9.99459E-05 9.99459E-05 9.99459E-05 9.99459E-05
9.99639E-05 0.083648 9.99639E-05 0.187283 0.476882 0.232625 9.99639E-05 0.0191615 9.99639E-05
9.99549E-05 9.99549E-05 0.396178 0.134533 0.42197 9.99549E-05 9.99549E-05 0.0468194 9.99549E-05
9.9955E-05 9.9955E-05 9.9955E-05 0.217138 0.254255 0.0226786 9.9955E-05 9.9955E-05 0.505428
0.0916032 9.9973E-05 0.257035 0.100561 0.389247 9.9973E-05 0.136058 9.9973E-05 0.0251961
9.99549E-05 0.0473591 9.99549E-05 9.99549E-05 0.873794 9.99549E-05 0.0447374 9.99549E-05 0.0336096
0.163916 9.99369E-05 9.99369E-05 9.99369E-05 0.835385 9.99369E-05 9.99369E-05 9.99369E-05 9.99369E-05
0.125826 9.99551E-05 9.99551E-05 9.99551E-05 0.593998 0.118026 9.99551E-05 9.99551E-05 0.161649
9.9982E-05 0.115622 9.9982E-05 0.449352 0.264016 0.00651906 0.0859851 0.0112285 0.0670777
9.99459E-05 9.99459E-05 9.99459E-05 9.99459E-05 0.601329 0.157739 9.99459E-05 9.99459E-05 0.240333
9.99549E-05 0.11465 9.99549E-05 0.0010773 0.695212 0.188561 9.99549E-05 9.99549E-05 9.99549E-05
0.162151 9.99459E-05 9.99459E-05 9.99459E-05 0.827431 9.99459E-05 9.99459E-05 0.00981814 9.99459E-05
0.0489623 9.99459E-05 0.200706 9.99459E-05 0.749732 9.99459E-05 9.99459E-05 9.99459E-05 9.99459E-05
9.99459E-05 9.99459E-05 0.184623 9.99459E-05 0.730182 9.99459E-05 9.99459E-05 9.99459E-05 0.084595
0.330699 9.99369E-05 9.99369E-05 9.99369E-05 0.668601 9.99369E-05 9.99369E-05 9.99369E-05 9.99369E-05
0.0183821 0.148346 0.00467335 0.828099 9.99549E-05 9.99549E-05 9.99549E-05 9.99549E-05 9.99549E-05
9.9946E-05 9.9946E-05 9.9946E-05 0.665497 9.9946E-05 9.9946E-05 0.0469811 9.9946E-05 0.286923
9.9955E-05 9.9955E-05 9.9955E-05 0.401839 0.0945856 0.157427 9.9955E-05 9.9955E-05 0.345649
0.349461 9.9964E-05 9.9964E-05 0.513323 0.0220589 9.9964E-05 0.0247048 9.9964E-05 0.0900532
9.99549E-05 0.144542 9.99549E-05 0.552665 0.292158 9.99549E-05 9.99549E-05 9.99549E-05 0.0101347
9.9964E-05 9.9964E-05 9.9964E-05 0.537486 0.0926469 0.222723 9.9964E-05 0.0499005 0.0968433
0.148762 9.9955E-05 0.457262 0.294799 0.0986773 9.9955E-05 9.9955E-05 9.9955E-05 9.9955E-05
9.99369E-05 9.99369E-05 0.435965 0.563336 9.99369E-05 9.99369E-05 9.99369E-05 9.99369E-05 9.99369E-05
9.99549E-05 9.99549E-05 9.99549E-05 0.367963 0.189345 0.239297 9.99549E-05 9.99549E-05 0.202896
9.99639E-05 0.128712 0.019201 0.813732 9.99639E-05 9.99639E-05 0.00912011 0.0288354 9.99639E-05
9.9946E-05 9.9946E-05 9.9946E-05 0.355685 9.9946E-05 9.9946E-05 0.0027389 9.9946E-05 0.640976
0.0694622 0.0233166 0.21433 0.692392 9.9955E-05 9.9955E-05 9.9955E-05 9.9955E-05 9.9955E-05
9.9946E-05 9.9946E-05 9.9946E-05 0.690507 9.9946E-05 9.9946E-05 0.0206132 9.9946E-05 0.28828
0.268768 9.9973E-05 9.9973E-05 0.518605 0.074435 9.9973E-05 0.100026 0.0171593 0.020706
9.99549E-05 9.99549E-05 0.405738 0.388031 0.156407 9.99549E-05 9.99549E-05 0.049324 9.99549E-05
9.9964E-05 9.9964E-05 0.428181 0.489836 0.0388799 0.0235011 9.9964E-05 0.0192016 9.9964E-05
0.382699 9.9964E-05 0.171585 0.346117 0.0808842 9.9964E-05 9.9964E-05 9.9964E-05 0.0183157
0.467646 9.9964E-05 0.0204443 0.0374516 0.448165 0.0258928 9.9964E-05 9.9964E-05 9.9964E-05
9.99639E-05 0.0364322 9.99639E-05 0.778134 9.99639E-05 0.0332841 0.041138 9.99639E-05 0.110611
0.106564 9.9973E-05 9.9973E-05 0.58821 0.0926251 9.9973E-05 0.0538779 0.00999245 0.14843
9.99549E-05 9.99549E-05 9.99549E-05 0.683744 0.00839897 9.99549E-05 0.0335898 9.99549E-05 0.273768
0.0766065 9.99459E-05 0.18614 0.736654 9.99459E-05 9.99459E-05 9.99459E-05 9.99459E-05 9.99459E-05
9.99549E-05 0.0758364 0.195191 0.674175 0.0542969 9.99549E-05 9.99549E-05 9.99549E-05 9.99549E-05
9.99369E-05 9.99369E-05 0.321567 0.677734 9.99369E-05 9.99369E-05 9.99369E-05 9.99369E-05 9.99369E-05
9.9973E-05 0.0356834 9.9973E-05 0.502917 0.0833188 0.143924 0.131153 9.9973E-05 0.102704
0.472624 9.99459E-05 9.99459E-05 0.51471 0.0120669 9.99459E-05 9.99459E-05 9.99459E-05 9.99459E-05
9.99459E-05 9.99459E-05 9.99459E-05 0.433929 9.99459E-05 0.557811 9.99459E-05 9.99459E-05 0.00765937
9.99639E-05 0.127327 0.319322 0.327262 0.20606 9.99639E-05 9.99639E-05 0.0196287 9.99639E-05
0.142502 9.9946E-05 0.247588 0.60931 9.9946E-05 9.9946E-05 9.9946E-05 9.9946E-05 9.9946E-05
0.0104984 9.9946E-05 0.426593 0.562309 9.9946E-05 9.9946E-05 9.9946E-05 9.9946E-05 9.9946E-05
9.99639E-05 0.0931606 0.21153 0.405955 0.217771 0.0711828 9.99639E-05 9.99639E-05 9.99639E-05
9.99639E-05 0.208218 9.99639E-05 0.34148 0.381758 9.99639E-05 0.00552875 0.0626153 9.99639E-05
9.99549E-05 9.99549E-05 9.99549E-05 0.287294 0.280336 9.99549E-05 0.0301948 9.99549E-05 0.401675
9.99459E-05 9.99459E-05 9.99459E-05 0.479574 9.99459E-05 0.401442 9.99459E-05 9.99459E-05 0.118384
0.257152 9.99459E-05 0.0892415 9.99459E-05 0.653007 9.99459E-05 9.99459E-05 9.99459E-05 9.99459E-05
9.99458E-05 9.99458E-05 9.99458E-05 0.643817 9.99458E-05 0.202215 9.99458E-05 9.99458E-05 0.153368
9.99459E-05 9.99459E-05 0.323886 0.624158 0.0513562 9.99459E-05 9.99459E-05 9.99459E-05 9.99459E-05
0.0993414 9.9964E-05 0.347736 0.257268 0.255572 9.9964E-05 9.9964E-05 0.0396836 9.9964E-05
9.99458E-05 9.99458E-05 9.99458E-05 9.99458E-05 0.742741 0.164017 9.99458E-05 9.99458E-05 0.0926429
9.9955E-05 9.9955E-05 9.9955E-05 0.18422 0.208376 0.262487 9.9955E-05 9.9955E-05 0.344417
9.99639E-05 0.00937882 9.99639E-05 0.0143122 0.75845 0.181719 9.99639E-05 9.99639E-05 0.0357394
9.99639E-05 0.102732 9.99639E-05 0.31962 0.419197 9.99639E-05 0.116351 0.0417001 9.99639E-05
9.9955E-05 9.9955E-05 9.9955E-05 0.285501 0.167228 9.9955E-05 0.0517511 9.9955E-05 0.495021
0.355472 9.99459E-05 9.99459E-05 0.447611 0.196317 9.99459E-05 9.99459E-05 9.99459E-05 9.99459E-05
0.212491 9.99549E-05 9.99549E-05 0.730682 9.99549E-05 9.99549E-05 0.0208959 9.99549E-05 0.0354318
0.320791 9.9955E-05 9.9955E-05 0.482321 0.109852 9.9955E-05 9.9955E-05 9.9955E-05 0.0865367
9.99459E-05 9.99459E-05 9.99459E-05 0.638536 9.99459E-05 0.165468 9.99459E-05 9.99459E-05 0.195396
0.00383793 9.9964E-05 0.130612 0.623515 0.109061 9.9964E-05 0.132573 9.9964E-05 9.9964E-05
0.184814 9.99459E-05 0.227819 0.586768 9.99459E-05 9.99459E-05 9.99459E-05 9.99459E-05 9.99459E-05
9.99639E-05 0.1261 9.99639E-05 0.176673 0.400166 0.275784 9.99639E-05 0.020877 9.99639E-05
9.99549E-05 9.99549E-05 9.99549E-05 0.481612 0.00837005 0.50531 9.99549E-05 9.99549E-05 0.00420793
9.9955E-05 0.103547 0.288124 0.192097 0.415733 9.9955E-05 9.9955E-05 9.9955E-05 9.9955E-05
9.99369E-05 9.99369E-05 9.99369E-05 0.540859 9.99369E-05 0.458441 9.99369E-05 9.99369E-05 9.99369E-05
9.99459E-05 9.99459E-05 9.99459E-05 0.459133 0.0437366 0.49653 9.99459E-05 9.99459E-05 9.99459E-05
0.00694355 9.9955E-05 0.513141 0.319197 0.160219 9.9955E-05 9.9955E-05 9.9955E-05 9.9955E-05
0.00550714 0.147147 9.99549E-05 0.630105 9.99549E-05 0.216742 9.99549E-05 9.99549E-05 9.99549E-05
9.9964E-05 0.179593 9.9964E-05 0.443922 0.165409 0.196491 9.9964E-05 0.0141853 9.9964E-05
9.99549E-05 9.99549E-05 9.99549E-05 0.0111811 9.99549E-05 0.051462 0.584924 9.99549E-05 0.351933
9.9964E-05 9.9964E-05 9.9964E-05 0.0810435 0.0329784 0.089544 0.614724 9.9964E-05 0.181311
0.179365 9.9955E-05 9.9955E-05 9.9955E-05 9.9955E-05 0.014884 0.771827 9.9955E-05 0.0334246
9.9955E-05 9.9955E-05 0.386458 9.9955E-05 9.9955E-05 0.0857257 0.515545 0.0117716 9.9955E-05
9.99549E-05 9.99549E-05 9.99549E-05 9.99549E-05 9.99549E-05 0.10251 0.562641 0.0317559 0.302593
0.0556017 0.609654 0.145795 9.99639E-05 0.00723602 9.99639E-05 0.181313 9.99639E-05 9.99639E-05
9.99368E-05 9.99368E-05 9.99368E-05 9.99368E-05 9.99368E-05 0.615463 0.383837 9.99368E-05 9.99368E-05
9.99459E-05 9.99459E-05 9.99459E-05 9.99459E-05 9.99459E-05 0.0344145 0.707061 9.99459E-05 0.257925
9.9973E-05 0.129365 9.9973E-05 9.9973E-05 0.0533604 0.0979801 0.655849 0.0610908 0.00205469
0.0339079 9.9955E-05 0.306477 9.9955E-05 0.0521765 9.9955E-05 0.606939 9.9955E-05 9.9955E-05
9.99459E-05 9.99459E-05 9.99459E-05 9.99459E-05 9.99459E-05 9.99459E-05 0.289201 0.114614 0.595585
9.99549E-05 9.99549E-05 0.388128 9.99549E-05 9.99549E-05 0.0937821 0.454093 0.0634978 9.99549E-05
9.99549E-05 0.0472158 9.99549E-05 9.99549E-05 9.99549E-05 0.121503 0.695819 9.99549E-05 0.134962
9.99549E-05 0.354887 0.088631 0.0409167 9.99549E-05 9.99549E-05 0.515065 9.99549E-05 9.99549E-05
9.99639E-05 0.147739 9.99639E-05 9.99639E-05 0.0574346 9.99639E-05 0.625906 0.0849914 0.0835288
9.99639E-05 0.355528 9.99639E-05 9.99639E-05 0.0269336 0.308675 0.23947 9.99639E-05 0.0689949
0.0984939 9.99549E-05 0.424148 0.0272341 9.99549E-05 9.99549E-05 0.449624 9.99549E-05 9.99549E-05
0.599541 9.99459E-05 9.99459E-05 9.99459E-05 9.99459E-05 0.0471847 0.352674 9.99459E-05 9.99459E-05
9.9982E-05 0.0343063 9.9982E-05 0.114663 0.0830102 0.0326098 0.592369 0.0973609 0.0454808
9.99549E-05 0.0204166 9.99549E-05 9.99549E-05 9.99549E-05 0.343297 0.621174 9.99549E-05 0.0146126
9.9964E-05 0.00761076 0.0797263 9.9964E-05 0.0756612 9.9964E-05 0.768836 0.067766 9.9964E-05
0.330487 9.99369E-05 9.99369E-05 9.99369E-05 9.99369E-05 9.99369E-05 0.668814 9.99369E-05 9.99369E-05
0.0699261 0.313356 0.400724 9.9973E-05 0.0356141 9.9973E-05 0.0982688 0.0818111 9.9973E-05
9.99368E-05 9.99368E-05 9.99368E-05 9.99368E-05 9.99368E-05 0.31549 9.99368E-05 0.683811 9.99368E-05
0.59192 0.273729 0.0332665 0.0338087 9.9973E-05 0.032347 9.9973E-05 9.9973E-05 0.0346282
9.99639E-05 0.728331 9.99639E-05 9.99639E-05 0.0223733 9.99639E-05 0.00111161 0.0481914 0.199592
9.99459E-05 9.99459E-05 9.99459E-05 9.99459E-05 9.99459E-05 0.037561 9.99459E-05 0.511459 0.45038
0.19967 0.333831 0.446274 9.99549E-05 9.99549E-05 9.99549E-05 9.99549E-05 0.019725 9.99549E-05
0.0115318 9.99639E-05 0.194092 9.99639E-05 0.0253166 9.99639E-05 9.99639E-05 0.727942 0.0407179
0.0307456 0.646267 0.0344694 0.11818 9.9982E-05 0.0836365 0.0612712 0.0252311 9.9982E-05
0.285968 9.99369E-05 9.99369E-05 9.99369E-05 9.99369E-05 9.99369E-05 9.99369E-05 0.713332 9.99369E-05
0.00560702 0.0785486 9.9964E-05 9.9964E-05 9.9964E-05 0.462317 9.9964E-05 0.235392 0.217736
0.0733496 0.140602 0.496548 0.0232133 9.99729E-05 9.99729E-05 0.0551048 0.210882 9.99729E-05
0.454466 9.99369E-05 9.99369E-05 9.99369E-05 9.99369E-05 9.99369E-05 9.99369E-05 0.544835 9.99369E-05
9.99459E-05 9.99459E-05 9.99459E-05 9.99459E-05 9.99459E-05 0.178286 9.99459E-05 0.403034 0.41808
0.128442 0.186477 0.674385 9.9964E-05 9.9964E-05 9.9964E-05 0.0040032 9.9964E-05 0.00629299
0.27929 9.99459E-05 0.176235 9.99459E-05 9.99459E-05 9.99459E-05 9.99459E-05 0.543876 9.99459E-05
0.3952 0.356403 0.192056 9.99549E-05 9.99549E-05 0.055842 9.99549E-05 9.99549E-05 9.99549E-05
9.99459E-05 9.99459E-05 9.99459E-05 9.99459E-05 9.99459E-05 0.0186326 9.99459E-05 0.479155 0.501613
0.406485 0.0576074 0.204949 9.99549E-05 9.99549E-05 9.99549E-05 9.99549E-05 0.330459 9.99549E-05
9.9955E-05 0.271551 0.607406 0.00505886 9.9955E-05 9.9955E-05 0.115485 9.9955E-05 9.9955E-05
9.99639E-05 0.674238 0.0272891 9.99639E-05 0.025623 0.148502 9.99639E-05 0.123948 9.99639E-05
0.42523 0.263883 0.00538137 9.9982E-05 0.0603242 0.00435152 0.10589 9.9982E-05 0.13474
0.43996 0.384372 0.0126361 9.9973E-05 0.0389853 9.9973E-05 9.9973E-05 0.0908644 0.0328826
9.99549E-05 0.0161619 9.99549E-05 9.99549E-05 9.99549E-05 0.107126 9.99549E-05 0.487466 0.388746
9.9973E-05 0.250336 0.327038 0.0204354 0.0749414 0.172114 9.9973E-05 0.154834 9.9973E-05
9.99549E-05 0.315047 9.99549E-05 0.0204147 9.99549E-05 9.99549E-05 0.00605575 0.657983 9.99549E-05
9.9973E-05 0.315493 9.9973E-05 0.0507672 0.048451 9.9973E-05 0.183824 0.123114 0.278051
0.229085 0.121046 0.25625 0.0541389 0.0132578 0.00915836 0.107161 0.209802 9.9991E-05
9.9982E-05 0.0453283 0.0539671 0.0975884 0.00546807 9.9982E-05 0.445845 0.319282 0.032322
0.0373679 9.9982E-05 0.0169595 0.0105261 0.0648078 0.0895088 9.9982E-05 0.0225345 0.758095
9.99819E-05 0.310888 9.99819E-05 0.0164542 0.0369525 0.153045 0.122989 0.284741 0.07473
9.9982E-05 0.28739 9.9982E-05 0.0185381 0.0237068 0.234242 0.0923967 0.102573 0.240953
0.0376226 0.133662 0.312765 9.997E-05 0.0838365 9.997E-05 9.997E-05 0.163037 0.268777
9.99549E-05 0.327025 9.99549E-05 9.99549E-05 9.99549E-05 0.13244 9.99549E-05 0.00671328 0.533322
0.403064 0.316 0.280336 9.99459E-05 9.99459E-05 9.99459E-05 9.99459E-05 9.99459E-05 9.99459E-05
9.99549E-05 0.420964 9.99549E-05 9.99549E-05 9.99549E-05 0.0078957 9.99549E-05 0.0887628 0.481878
0.398735 0.0221065 9.9964E-05 9.9964E-05 9.9964E-05 9.9964E-05 0.062541 0.367047 0.14917
0.510977 0.0621642 0.0910987 9.9973E-05 9.9973E-05 9.9973E-05 0.134111 0.173296 0.0280532
0.00287615 0.377702 9.9973E-05 0.11818 0.035644 9.9973E-05 0.239967 0.225332 9.9973E-05
0.0155277 0.597804 0.0325362 0.0648276 9.9982E-05 0.0639947 0.186452 0.0386578 9.9982E-05
9.9973E-05 0.382903 9.9973E-05 0.0129978 0.0734853 9.9973E-05 0.255806 0.228294 0.0462137
0.430735 0.266614 9.99639E-05 9.99639E-05 9.99639E-05 9.99639E-05 0.167094 0.00892982 0.126227
9.9955E-05 0.13171 9.9955E-05 9.9955E-05 9.9955E-05 0.0568752 0.0857934 9.9955E-05 0.725122
9.99549E-05 9.99549E-05 9.99549E-05 9.99549E-05 9.99549E-05 0.030748 0.00237373 0.312867 0.653511
9.99549E-05 0.216559 9.99549E-05 0.0244783 9.99549E-05 0.526428 9.99549E-05 0.232036 9.99549E-05
9.9973E-05 0.08674 9.9973E-05 0.0449568 0.0310773 0.00797326 9.9973E-05 0.218412 0.610541
9.9946E-05 9.9946E-05 0.131241 9.9946E-05 9.9946E-05 9.9946E-05 0.0281841 9.9946E-05 0.839975
9.9973E-05 0.0138631 9.9973E-05 0.0867601 0.00517574 0.543431 0.0138037 0.336667 9.9973E-05
9.99549E-05 0.548737 9.99549E-05 9.99549E-05 9.99549E-05 0.199923 9.99549E-05 0.0689193 0.181922
0.062507 0.00178324 0.773854 0.00109997 0.0609121 0.0397974 9.9982E-05 0.0598463 9.9982E-05
0.173433 0.10363 0.627545 9.99639E-05 0.00847485 0.0865171 9.99639E-05 9.99639E-05 9.99639E-05
9.995E-05 0.354156 0.167874 9.995E-05 0.030251 0.44722 9.995E-05 9.995E-05 9.995E-05
0.0297121 0.11208 0.770598 9.99639E-05 9.99639E-05 0.082712 9.99639E-05 9.99639E-05 0.00449785
0.0739462 9.9955E-05 0.845849 9.9955E-05 9.9955E-05 0.0500615 0.0296437 9.9955E-05 9.9955E-05
0.603507 0.0825492 0.131714 9.99639E-05 0.0570383 0.124791 9.99639E-05 9.99639E-05 9.99639E-05
0.290352 0.0848458 0.542235 9.99549E-05 9.99549E-05 0.0820671 9.99549E-05 9.99549E-05 9.99549E-05
9.99665E-05 0.148714 0.120194 9.99665E-05 0.0271371 0.684665 9.99665E-05 9.99665E-05 0.0188896
9.9946E-05 9.9946E-05 9.9946E-05 9.9946E-05 9.9946E-05 0.417871 9.9946E-05 0.175001 0.406529
9.99639E-05 0.321648 0.442064 0.0561941 9.99639E-05 0.0901213 0.0895731 9.99639E-05 9.99639E-05
0.00166126 9.9955E-05 0.0262195 9.9955E-05 9.9955E-05 0.90463 0.0669899 9.9955E-05 9.9955E-05
9.9964E-05 0.303489 0.0423456 0.0448173 0.0926837 0.516265 9.9964E-05 9.9964E-05 9.9964E-05
9.99549E-05 0.38855 0.334338 9.99549E-05 9.99549E-05 0.268552 0.00805914 9.99549E-05 9.99549E-05
9.99549E-05 0.213797 9.99549E-05 9.99549E-05 9.99549E-05 0.617921 9.99549E-05 0.09562 0.0721622
9.9964E-05 0.169274 0.180026 9.9964E-05 9.9964E-05 0.543826 0.0919644 9.9964E-05 0.0145094
9.9973E-05 0.187889 0.3593 0.0633424 0.09818 0.0282923 9.9973E-05 0.262696 9.9973E-05
9.99729E-05 0.278881 0.170146 0.0355075 0.0387825 0.45141 9.99729E-05 9.99729E-05 0.0249738
9.99639E-05 0.164685 0.20573 0.00169214 9.99639E-05 0.447584 0.179909 9.99639E-05 9.99639E-05
9.99459E-05 0.138417 0.788548 9.99459E-05 9.99459E-05 9.99459E-05 9.99459E-05 9.99459E-05 0.0724356
0.0279004 0.410672 0.428538 0.036878 9.9973E-05 0.0579031 0.0378088 9.9973E-05 9.9973E-05
0.0100785 0.0307982 0.0509238 0.00821437 9.9973E-05 0.723875 9.9973E-05 9.9973E-05 0.17581
0.0175773 0.440987 9.99639E-05 0.00363461 9.99639E-05 0.501854 0.0355472 9.99639E-05 9.99639E-05
9.99549E-05 0.0269799 9.99549E-05 9.99549E-05 9.99549E-05 0.555158 9.99549E-05 0.126479 0.290883
0.0393795 0.315088 0.644933 9.99459E-05 9.99459E-05 9.99459E-05 9.99459E-05 9.99459E-05 9.99459E-05
9.9973E-05 0.61754 0.271465 0.0371764 0.025891 0.0127833 9.9973E-05 0.034845 9.9973E-05
9.99549E-05 0.0712375 9.99549E-05 9.99549E-05 9.99549E-05 0.684344 9.99549E-05 0.105248 0.138671
0.0978771 9.9964E-05 0.559333 0.0210797 9.9964E-05 9.9964E-05 0.0295512 0.291759 9.9964E-05
9.99549E-05 9.99549E-05 0.50989 9.99549E-05 0.0266832 9.99549E-05 9.99549E-05 0.447675 0.0152524
9.9973E-05 0.300035 9.9973E-05 0.0547136 0.0834667 0.192814 9.9973E-05 0.0297611 0.33891
9.9982E-05 0.0352913 9.9982E-05 0.00130667 0.0420141 0.0228203 0.113928 0.635417 0.149023
9.9964E-05 9.9964E-05 0.650829 9.9964E-05 0.105296 0.0465144 9.9964E-05 0.186541 0.010419
0.182742 9.99459E-05 0.431203 9.99459E-05 9.99459E-05 9.99459E-05 9.99459E-05 0.385455 9.99459E-05
0.143751 9.9955E-05 0.523533 0.0472931 9.9955E-05 9.9955E-05 9.9955E-05 0.284924 9.9955E-05
9.9937E-05 9.9937E-05 9.9937E-05 9.9937E-05 9.9937E-05 9.9937E-05 9.9937E-05 0.290139 0.709161
9.9964E-05 0.267519 9.9964E-05 0.00275039 0.00965018 0.335886 9.9964E-05 0.383795 9.9964E-05
9.99729E-05 0.190339 0.20588 0.0516043 0.00359702 9.99729E-05 0.356701 0.191578 9.99729E-05
9.99549E-05 0.0217712 0.605192 9.99549E-05 9.99549E-05 9.99549E-05 0.031385 0.341152 9.99549E-05
9.9982E-05 0.0897445 9.9982E-05 0.00720425 0.0012347 0.0567168 0.0839535 0.240231 0.520715
9.996E-05 0.552367 0.0127724 9.996E-05 0.058517 0.190227 9.996E-05 0.185717 9.996E-05
9.99729E-05 0.277965 0.0576706 0.00706666 0.0161079 0.364815 9.99729E-05 0.276075 9.99729E-05
9.99639E-05 0.198371 0.0314739 9.99639E-05 0.0153619 9.99639E-05 0.356527 0.397867 9.99639E-05
9.99459E-05 0.430627 9.99459E-05 9.99459E-05 9.99459E-05 0.36915 0.199623 9.99459E-05 9.99459E-05
9.99639E-05 0.304571 0.504536 0.0458317 9.99639E-05 0.0778694 0.0667922 9.99639E-05 9.99639E-05
9.99639E-05 0.585028 0.187606 0.0184731 9.99639E-05 9.99639E-05 0.00833482 0.200158 9.99639E-05
0.176239 9.9955E-05 0.500781 9.9955E-05 0.0248988 9.9955E-05 9.9955E-05 0.297582 9.9955E-05
9.99639E-05 9.99639E-05 9.99639E-05 0.119785 0.0172693 0.433409 9.99639E-05 0.415191 0.0139448
9.99639E-05 0.0171105 0.661787 0.0349965 9.99639E-05 0.00213559 9.99639E-05 0.28357 9.99639E-05
0.431782 0.0525198 0.274939 9.99639E-05 9.99639E-05 0.0513254 9.99639E-05 0.189034 9.99639E-05
9.99459E-05 9.99459E-05 9.99459E-05 9.99459E-05 9.99459E-05 0.603681 9.99459E-05 0.232189 0.16353
9.99639E-05 0.420696 0.235646 9.99639E-05 9.99639E-05 0.295452 9.99639E-05 0.00924994 0.0385567
9.9955E-05 0.228231 9.9955E-05 0.0432163 9.9955E-05 0.566143 9.9955E-05 0.16191 9.9955E-05
0.0169795 9.9964E-05 0.846843 9.9964E-05 0.0484164 0.00562877 9.9964E-05 0.0817328 9.9964E-05
0.346005 9.9991E-05 0.227345 0.1983 0.066048 0.108203 0.0424942 0.00825711 0.00324751
0.0138637 0.180446 0.64259 0.0855473 9.9973E-05 0.0172146 9.9973E-05 0.0600382 9.9973E-05
9.99459E-05 9.99459E-05 9.99459E-05 9.99459E-05 9.99459E-05 0.704772 9.99459E-05 0.212438 0.0821897
0.0787156 0.244661 0.515051 0.0613753 9.9973E-05 0.0922034 9.9973E-05 0.00769311 9.9973E-05
9.9973E-05 9.9973E-05 0.687861 0.014731 0.00674894 0.0734303 0.113834 0.103095 9.9973E-05
0.0110546 9.9964E-05 0.786199 9.9964E-05 9.9964E-05 0.0483966 0.102564 0.0513854 9.9964E-05
9.99459E-05 9.99459E-05 9.99459E-05 9.99459E-05 9.99459E-05 0.817891 0.109775 9.99459E-05 0.071734
9.9966E-05 0.324712 0.238949 9.9966E-05 9.9966E-05 0.336424 0.0178027 0.0817117 9.9966E-05
0.0556137 0.0157739 0.697569 9.9973E-05 0.0608579 0.07544 9.9973E-05 9.9973E-05 0.0944461
0.0344888 0.0566653 0.0826861 0.044108 9.9991E-05 0.465396 0.0511156 0.226317 0.0391243
0.0827148 0.00293817 0.767893 0.00791873 0.0163535 0.0215703 0.0765212 0.0239903 9.9991E-05
0.444273 0.268994 9.9964E-05 9.9964E-05 9.9964E-05 0.0850429 0.0297939 9.9964E-05 0.171497
9.9964E-05 9.9964E-05 0.329007 0.0291768 9.9964E-05 0.372623 0.102223 0.16657 9.9964E-05
9.9946E-05 9.9946E-05 9.9946E-05 9.9946E-05 9.9946E-05 0.734727 9.9946E-05 0.0786062 0.186067
9.9973E-05 0.496704 0.195438 0.022725 0.034946 0.12884 9.9973E-05 0.121047 9.9973E-05
9.99819E-05 0.3654 9.99819E-05 0.00267819 0.0573917 0.0274836 0.209811 0.14761 0.189426
9.9973E-05 0.19006 9.9973E-05 9.9973E-05 0.0022964 0.0127342 0.0935631 0.0637662 0.63728
9.99639E-05 0.704966 9.99639E-05 0.0612542 9.99639E-05 0.142526 0.0312816 0.0595722 9.99639E-05
9.99549E-05 0.00224863 9.99549E-05 9.99549E-05 9.99549E-05 0.467067 0.464573 0.0656115 9.99549E-05
9.99639E-05 0.468916 0.103789 9.99639E-05 9.99639E-05 0.205677 9.99639E-05 0.171791 0.0494277
0.300576 0.365432 0.248957 9.99549E-05 9.99549E-05 9.99549E-05 9.99549E-05 0.0845349 9.99549E-05
9.99549E-05 0.045251 9.99549E-05 9.99549E-05 0.0157386 9.99549E-05 9.99549E-05 0.350983 0.587527
0.567978 9.9973E-05 0.0380963 0.0147544 0.0150055 9.9973E-05 9.9973E-05 0.32908 0.0347851
0.0427479 0.166868 0.410358 9.99639E-05 0.00690054 9.99639E-05 0.372726 9.99639E-05 9.99639E-05
0.05975 0.137957 0.428455 9.9973E-05 0.0274297 9.9973E-05 0.109294 9.9973E-05 0.236814
9.99639E-05 0.153799 0.0175317 9.99639E-05 9.99639E-05 0.020301 0.198994 9.99639E-05 0.608975
9.996E-05 0.0475069 9.996E-05 9.996E-05 9.996E-05 0.267485 0.0873375 0.0411451 0.556126
0.367386 0.0140922 0.30949 9.9964E-05 9.9964E-05 0.0944459 9.9964E-05 0.214186 9.9964E-05
0.00471163 0.679372 0.00599473 0.0694634 0.0180397 0.222119 9.9973E-05 9.9973E-05 9.9973E-05
9.9982E-05 0.544423 9.9982E-05 0.0288046 0.0235625 0.0246297 0.259406 0.0699989 0.0489761
9.995E-05 9.995E-05 9.995E-05 9.995E-05 9.995E-05 0.306312 0.105807 0.00959936 0.577782
9.9973E-05 0.344919 0.0452445 9.9973E-05 0.0189297 9.9973E-05 0.29204 0.120584 0.177983
0.323692 0.265424 0.0147929 9.9982E-05 0.0582483 9.9982E-05 0.0789154 0.206479 0.0522483
9.99639E-05 0.171929 0.749149 9.99639E-05 0.00585856 9.99639E-05 9.99639E-05 0.0123361 0.0603275
9.9946E-05 0.340094 0.521412 9.9946E-05 9.9946E-05 9.9946E-05 0.137895 9.9946E-05 9.9946E-05
0.362155 0.252825 9.9955E-05 9.9955E-05 9.9955E-05 9.9955E-05 0.28345 9.9955E-05 0.101069
9.9955E-05 9.9955E-05 0.0506119 9.9955E-05 0.0239515 0.856844 0.0680925 9.9955E-05 9.9955E-05
9.9964E-05 0.00933241 0.755852 0.00326899 9.9964E-05 0.120426 0.11072 9.9964E-05 9.9964E-05
0.0417694 0.100943 9.9955E-05 9.9955E-05 9.9955E-05 0.744883 0.111904 9.9955E-05 9.9955E-05
9.99639E-05 0.294466 0.109192 9.99639E-05 9.99639E-05 0.369965 0.191287 0.0346903 9.99639E-05
0.021279 0.224448 0.647973 0.0279791 0.0232998 9.9973E-05 9.9973E-05 0.0547212 9.9973E-05
9.9964E-05 9.9964E-05 0.00513896 9.9964E-05 0.0103098 0.815705 9.9964E-05 0.000736251 0.16771
9.99549E-05 0.26313 9.99549E-05 0.0173124 9.99549E-05 9.99549E-05 0.260364 9.99549E-05 0.458694
9.99549E-05 0.428125 9.99549E-05 9.99549E-05 9.99549E-05 0.394807 9.99549E-05 0.0918384 0.0847295
9.9973E-05 0.114786 0.37508 9.9973E-05 0.101075 9.9973E-05 0.0985197 0.0724069 0.237833
9.99729E-05 0.371471 0.0902725 9.99729E-05 0.0871718 9.99729E-05 0.0666224 0.225349 0.158813
9.99729E-05 0.239183 0.406675 9.99729E-05 0.0584491 0.0893773 9.99729E-05 0.132046 0.0739694
0.0399509 0.107606 9.99549E-05 9.99549E-05 9.99549E-05 0.188543 9.99549E-05 9.99549E-05 0.663401
0.628952 0.137188 0.135814 9.99639E-05 9.99639E-05 0.0227912 9.99639E-05 9.99639E-05 0.0748552
9.99729E-05 0.420234 9.99729E-05 0.167988 0.0550601 0.124358 0.0949535 9.99729E-05 0.137106
0.0947806 0.113662 0.498178 0.0305766 0.0245005 0.0291917 0.107813 0.0453489 0.0559492
0.440988 0.094412 0.331805 9.99639E-05 0.0291288 9.99639E-05 9.99639E-05 9.99639E-05 0.103267
9.99549E-05 0.132894 0.624205 9.99549E-05 0.0450605 9.99549E-05 9.99549E-05 9.99549E-05 0.197341
9.99639E-05 0.141248 0.672721 9.99639E-05 0.069252 9.99639E-05 9.99639E-05 0.0127256 0.103653
9.99639E-05 0.0365536 0.60672 0.0385898 0.0635355 9.99639E-05 9.99639E-05 9.99639E-05 0.254202
9.9973E-05 0.593685 9.9973E-05 0.0448236 0.100773 0.145938 0.0674803 9.9973E-05 0.0469998
9.99729E-05 0.24048 9.99729E-05 0.0492645 0.0145602 0.514412 0.0592914 0.121692 9.99729E-05
0.579312 9.9982E-05 0.125126 0.0166151 0.00274369 0.0459607 9.9982E-05 0.160442 0.069601
0.0259749 9.9964E-05 0.394161 9.9964E-05 9.9964E-05 9.9964E-05 0.215555 0.0230078 0.340901
0.0360272 0.338004 9.9991E-05 0.0594134 0.0718782 0.0208213 0.110935 0.110283 0.252538
9.9955E-05 9.9955E-05 0.00446537 9.9955E-05 0.035728 9.9955E-05 9.9955E-05 0.104955 0.854352
9.9946E-05 0.0746717 9.9946E-05 9.9946E-05 9.9946E-05 0.713019 9.9946E-05 9.9946E-05 0.211709
9.9982E-05 0.0306657 0.0262101 0.0242141 9.9982E-05 0.107398 0.00329307 0.0316629 0.776356
