9.9964E-05 0.0813626 0.594051 0.019165 9.9964E-05 0.0614606 0.198692 0.0448682 9.9964E-05 9.9964E-05
9.99549E-05 0.0407226 0.540406 0.242184 9.99549E-05 9.99549E-05 0.164909 0.0112781 9.99549E-05 9.99549E-05
0.0170529 9.9982E-05 0.240286 0.000609715 9.9982E-05 0.0216528 0.00990352 0.00108238 0.0564897 0.652723
9.99639E-05 0.31821 0.290773 0.263676 9.99639E-05 0.0538896 9.99639E-05 0.00158458 0.0714678 9.99639E-05
0.0313538 0.278871 9.99639E-05 0.309847 9.99639E-05 9.99639E-05 0.0664275 0.222494 0.0906063 9.99639E-05
0.0724077 9.99639E-05 0.463712 9.99639E-05 9.99639E-05 9.99639E-05 0.0255638 0.037198 0.312213 0.0885057
9.99369E-05 9.99369E-05 0.411248 9.99369E-05 0.0641725 9.99369E-05 9.99369E-05 9.99369E-05 9.99369E-05 0.52388
0.00361746 9.9955E-05 0.414561 9.9955E-05 9.9955E-05 9.9955E-05 0.182379 9.9955E-05 0.184506 0.214437
9.9964E-05 0.185565 0.454027 0.147472 9.9964E-05 0.00523923 0.133875 9.9964E-05 0.0734222 9.9964E-05
9.99459E-05 9.99459E-05 9.99459E-05 9.99459E-05 0.213671 0.0535462 9.99459E-05 9.99459E-05 0.391828 0.340355
9.9973E-05 0.0602906 0.228251 0.532234 9.9973E-05 0.0300425 0.0309186 0.0398185 0.078145 9.9973E-05
9.99549E-05 0.225394 0.0512033 0.333871 9.99549E-05 9.99549E-05 0.173829 9.99549E-05 0.215204 9.99549E-05
0.0794536 0.234441 0.222579 0.084331 0.0433455 0.0254409 9.9982E-05 0.212734 9.9982E-05 0.0974743
9.99369E-05 9.99369E-05 0.443002 9.99369E-05 9.99369E-05 9.99369E-05 9.99369E-05 9.99369E-05 0.193391 0.362908
9.99459E-05 9.99459E-05 0.0194115 0.745478 9.99459E-05 9.99459E-05 0.163639 9.99459E-05 0.0708723 9.99459E-05
0.0521978 9.99639E-05 0.180493 9.99639E-05 0.291927 0.0305535 9.99639E-05 9.99639E-05 0.0419841 0.402444
9.99459E-05 0.00959848 0.551065 9.99459E-05 0.0449047 9.99459E-05 9.99459E-05 9.99459E-05 9.99459E-05 0.393832
9.99369E-05 9.99369E-05 0.48562 0.0536093 9.99369E-05 9.99369E-05 9.99369E-05 9.99369E-05 9.99369E-05 0.460071
9.9973E-05 0.364636 0.358127 0.0452007 9.9973E-05 9.9973E-05 0.106906 0.017168 0.0337664 0.0738961
9.9946E-05 9.9946E-05 9.9946E-05 0.145425 9.9946E-05 0.810511 0.0328294 0.0106351 9.9946E-05 9.9946E-05
9.9928E-05 0.164464 9.9928E-05 9.9928E-05 9.9928E-05 0.834736 9.9928E-05 9.9928E-05 9.9928E-05 9.9928E-05
9.99459E-05 9.99459E-05 0.0583363 9.99459E-05 9.99459E-05 0.889517 9.99459E-05 0.0492373 0.00230995 9.99459E-05
9.99369E-05 0.356129 9.99369E-05 9.99369E-05 9.99369E-05 0.634544 0.00862766 9.99369E-05 9.99369E-05 9.99369E-05
9.99459E-05 0.10215 9.99459E-05 0.145134 9.99459E-05 0.702946 0.0491699 9.99459E-05 9.99459E-05 9.99459E-05
0.183326 9.99549E-05 0.0853879 9.99549E-05 9.99549E-05 0.471534 9.99549E-05 9.99549E-05 0.0173663 0.241886
0.00780868 9.99549E-05 9.99549E-05 0.225944 9.99549E-05 0.381436 0.349701 9.99549E-05 0.0346105 9.99549E-05
0.225419 9.9946E-05 9.9946E-05 9.9946E-05 0.476223 0.242889 9.9946E-05 9.9946E-05 9.9946E-05 0.0548691
0.0104357 0.081668 9.9973E-05 0.0933535 0.0578907 0.300164 0.339393 0.116796 9.9973E-05 9.9973E-05
9.99369E-05 9.99369E-05 0.0766613 9.99369E-05 9.99369E-05 0.86881 9.99369E-05 0.0538291 9.99369E-05 9.99369E-05
9.99369E-05 0.150364 9.99369E-05 0.00435282 9.99369E-05 0.844584 9.99369E-05 9.99369E-05 9.99369E-05 9.99369E-05
9.99461E-05 0.131999 9.99461E-05 9.99461E-05 0.136694 0.589797 9.99461E-05 9.99461E-05 9.99461E-05 0.14091
0.360272 9.99729E-05 0.0663922 9.99729E-05 0.0829178 0.218151 0.177442 0.0872835 0.00724063 9.99729E-05
9.99368E-05 9.99368E-05 9.99368E-05 9.99368E-05 0.182421 0.602004 9.99368E-05 9.99368E-05 9.99368E-05 0.214876
9.99459E-05 9.99459E-05 0.142071 9.99459E-05 9.99459E-05 0.672476 0.0155359 9.99459E-05 9.99459E-05 0.169318
9.99459E-05 0.138247 9.99459E-05 0.0184964 9.99459E-05 0.834368 9.99459E-05 9.99459E-05 0.00828894 9.99459E-05
9.99369E-05 0.0535803 9.99369E-05 0.206946 9.99369E-05 0.738775 9.99369E-05 9.99369E-05 9.99369E-05 9.99369E-05
9.99369E-05 9.99369E-05 9.99369E-05 0.274395 0.0133732 0.711533 9.99369E-05 9.99369E-05 9.99369E-05 9.99369E-05
9.99369E-05 0.328175 9.99369E-05 9.99369E-05 9.99369E-05 0.664005 0.00712051 9.99369E-05 9.99369E-05 9.99369E-05
0.809345 0.0284436 0.150694 0.0109176 9.99459E-05 9.99459E-05 9.99459E-05 9.99459E-05 9.99459E-05 9.99459E-05
0.679563 9.9937E-05 9.9937E-05 9.9937E-05 0.260611 9.9937E-05 9.9937E-05 0.0591266 9.9937E-05 9.9937E-05
0.402803 9.9946E-05 9.9946E-05 9.9946E-05 0.299874 0.0860253 9.9946E-05 9.9946E-05 9.9946E-05 0.210698
0.505489 0.307278 9.9964E-05 9.9964E-05 0.102343 0.0219281 0.0384794 0.0240832 9.9964E-05 9.9964E-05
0.55903 9.99369E-05 0.15586 9.99369E-05 9.99369E-05 0.284411 9.99369E-05 9.99369E-05 9.99369E-05 9.99369E-05
0.531162 9.9955E-05 9.9955E-05 9.9955E-05 0.0301773 0.113588 9.9955E-05 9.9955E-05 0.0606072 0.263967
0.0875271 0.187355 9.99549E-05 0.0313246 9.99549E-05 0.02221 0.671084 9.99549E-05 9.99549E-05 9.99549E-05
0.509911 0.0347222 9.99459E-05 0.299828 9.99459E-05 9.99459E-05 0.154939 9.99459E-05 9.99459E-05 9.99459E-05
0.401953 9.99459E-05 9.99459E-05 9.99459E-05 0.142754 0.184605 9.99459E-05 9.99459E-05 9.99459E-05 0.270089
0.812807 9.99459E-05 0.0845715 0.0728834 9.99459E-05 9.99459E-05 9.99459E-05 9.99459E-05 0.0291386 9.99459E-05
0.356027 9.9928E-05 9.9928E-05 9.9928E-05 0.643174 9.9928E-05 9.9928E-05 9.9928E-05 9.9928E-05 9.9928E-05
0.606917 0.0674365 0.000803691 0.120563 9.9955E-05 9.9955E-05 0.20378 9.9955E-05 9.9955E-05 9.9955E-05
0.720699 9.9937E-05 9.9937E-05 9.9937E-05 0.23761 9.9937E-05 9.9937E-05 0.0409913 9.9937E-05 9.9937E-05
0.541595 0.244436 9.9964E-05 0.0226071 9.9964E-05 0.0848135 9.9964E-05 0.0945875 0.0115608 9.9964E-05
0.333473 9.99549E-05 9.99549E-05 0.355929 9.99549E-05 0.131315 0.151443 9.99549E-05 0.0273401 9.99549E-05
0.462465 9.9946E-05 9.9946E-05 0.422808 9.9946E-05 0.00713891 0.106988 9.9946E-05 9.9946E-05 9.9946E-05
0.280935 0.382495 9.9964E-05 0.0146971 0.0460245 0.053752 0.221696 9.9964E-05 9.9964E-05 9.9964E-05
9.99369E-05 0.381458 9.99369E-05 9.99369E-05 9.99369E-05 0.405683 0.212159 9.99369E-05 9.99369E-05 9.99369E-05
0.774301 9.99549E-05 0.0591931 9.99549E-05 0.04749 9.99549E-05 9.99549E-05 0.0477825 9.99549E-05 0.0707335
0.557551 0.0656002 9.9982E-05 0.00397217 0.137662 0.0891622 0.0604144 0.0559469 0.0294916 9.9982E-05
0.69957 9.99549E-05 0.00418603 9.99549E-05 0.245703 0.00503568 9.99549E-05 0.0450058 9.99549E-05 9.99549E-05
0.718408 0.0990375 9.99459E-05 0.142018 9.99459E-05 9.99459E-05 0.0399361 9.99459E-05 9.99459E-05 9.99459E-05
0.618594 9.99549E-05 0.0562371 0.14996 9.99549E-05 0.0493102 0.1254 9.99549E-05 9.99549E-05 9.99549E-05
0.59152 9.99369E-05 9.99369E-05 0.249301 9.99369E-05 9.99369E-05 0.15848 9.99369E-05 9.99369E-05 9.99369E-05
0.418863 9.99639E-05 9.99639E-05 9.99639E-05 0.135077 0.0424788 0.180823 0.122398 9.99639E-05 0.0999593
0.483058 0.44369 9.99459E-05 9.99459E-05 9.99459E-05 0.0400816 0.0325709 9.99459E-05 9.99459E-05 9.99459E-05
0.422011 9.99369E-05 9.99369E-05 9.99369E-05 9.99369E-05 9.99369E-05 0.0129639 9.99369E-05 9.99369E-05 0.564325
0.242656 9.99639E-05 0.0946192 0.236724 9.99639E-05 0.1644 0.248927 9.99639E-05 0.0122742 9.99639E-05
0.521838 0.178077 9.99459E-05 0.103481 9.99459E-05 9.99459E-05 0.196005 9.99459E-05 9.99459E-05 9.99459E-05
0.475597 0.0190287 9.9946E-05 0.319628 9.9946E-05 9.9946E-05 0.185147 9.9946E-05 9.9946E-05 9.9946E-05
0.206201 9.99548E-05 0.0837792 9.99548E-05 9.99548E-05 0.134464 0.546531 9.99548E-05 9.99548E-05 0.0285245
0.235858 9.99639E-05 0.142597 9.99639E-05 9.99639E-05 0.327268 0.226575 0.00347181 0.0638295 9.99639E-05
0.167049 9.99459E-05 9.99459E-05 9.99459E-05 0.413132 0.209556 0.209664 9.99459E-05 9.99459E-05 9.99459E-05
0.491991 9.99369E-05 9.99369E-05 9.99369E-05 0.0519923 9.99369E-05 9.99369E-05 9.99369E-05 9.99369E-05 0.455317
9.99369E-05 0.239244 9.99369E-05 9.99369E-05 9.99369E-05 0.60853 0.151527 9.99369E-05 9.99369E-05 9.99369E-05
0.654553 9.99368E-05 9.99368E-05 9.99368E-05 0.105866 9.99368E-05 9.99368E-05 9.99368E-05 9.99368E-05 0.238881
0.469033 9.99459E-05 9.99459E-05 0.150351 9.99459E-05 0.00617162 0.373845 9.99459E-05 9.99459E-05 9.99459E-05
0.124332 0.0901866 9.99639E-05 0.176358 9.99639E-05 0.217892 0.367562 9.99639E-05 0.0232701 9.99639E-05
9.99368E-05 9.99368E-05 9.99368E-05 9.99368E-05 0.0598233 0.737297 9.99368E-05 9.99368E-05 9.99368E-05 0.20218
0.20803 9.9946E-05 9.9946E-05 9.9946E-05 0.297287 0.206388 9.9946E-05 9.9946E-05 9.9946E-05 0.287695
0.0308257 9.99459E-05 0.0240361 9.99459E-05 9.99459E-05 0.737736 9.99459E-05 9.99459E-05 9.99459E-05 0.206803
0.224217 9.99729E-05 0.0351418 9.99729E-05 0.029499 0.377025 0.198983 0.102759 0.0320751 9.99729E-05
0.261689 9.9955E-05 9.9955E-05 9.9955E-05 0.511372 0.173463 0.0205747 0.0324018 9.9955E-05 9.9955E-05
0.455702 0.330245 9.99459E-05 9.99459E-05 9.99459E-05 0.210305 9.99459E-05 9.99459E-05 0.00314736 9.99459E-05
0.748873 0.212708 9.99639E-05 0.0202874 9.99639E-05 0.000510608 9.99639E-05 0.00581878 9.99639E-05 0.0114019
0.489558 0.248936 9.9955E-05 0.0531289 0.0724638 0.135413 9.9955E-05 9.9955E-05 9.9955E-05 9.9955E-05
0.647203 9.99369E-05 9.99369E-05 9.99369E-05 0.123684 9.99369E-05 9.99369E-05 9.99369E-05 9.99369E-05 0.228413
0.599705 9.99549E-05 9.99549E-05 0.157002 9.99549E-05 0.0934977 0.0442505 0.105045 9.99549E-05 9.99549E-05
0.460211 0.219247 9.99459E-05 0.0437131 9.99459E-05 9.99459E-05 0.276229 9.99459E-05 9.99459E-05 9.99459E-05
0.0665148 9.99639E-05 0.0635906 9.99639E-05 9.99639E-05 0.325664 0.292659 9.99639E-05 0.0286595 0.222512
0.422725 9.99369E-05 9.99369E-05 9.99369E-05 9.99369E-05 9.99369E-05 0.0959085 9.99369E-05 9.99369E-05 0.480667
9.99368E-05 9.99368E-05 0.0587712 9.99368E-05 9.99368E-05 0.259525 0.681004 9.99368E-05 9.99368E-05 9.99368E-05
0.410671 9.99368E-05 9.99368E-05 9.99368E-05 9.99368E-05 9.99368E-05 0.213599 9.99368E-05 9.99368E-05 0.37503
0.306166 9.99368E-05 9.99368E-05 9.99368E-05 9.99368E-05 9.99368E-05 0.30678 9.99368E-05 9.99368E-05 0.386355
0.0455702 0.0252009 9.99549E-05 0.0270147 9.99549E-05 0.0448305 0.856884 9.99549E-05 9.99549E-05 9.99549E-05
0.496462 9.99459E-05 0.123922 9.99459E-05 9.99459E-05 9.99459E-05 0.240512 9.99459E-05 9.99459E-05 0.138504
0.269261 9.99639E-05 0.0853243 9.99639E-05 9.99639E-05 0.0840322 0.441256 9.99639E-05 0.00478909 0.114937
0.0151853 9.99459E-05 9.99459E-05 9.99459E-05 0.355166 9.99459E-05 9.99459E-05 0.581981 9.99459E-05 0.0470685
0.0934212 0.00630796 9.9964E-05 9.9964E-05 0.150462 0.0274716 9.9964E-05 0.625277 9.9964E-05 0.0966604
0.017714 0.174628 9.9946E-05 9.9946E-05 0.0308617 9.9946E-05 9.9946E-05 0.776197 9.9946E-05 9.9946E-05
9.99549E-05 0.0407893 9.99549E-05 0.0677633 9.99549E-05 9.99549E-05 0.38331 0.493623 9.99549E-05 0.0140153
9.99459E-05 9.99459E-05 9.99459E-05 9.99459E-05 0.304272 9.99459E-05 9.99459E-05 0.58348 0.0201224 0.0915262
9.99459E-05 0.07586 0.597364 9.99459E-05 9.99459E-05 9.99459E-05 0.175414 0.150762 9.99459E-05 9.99459E-05
9.99278E-05 9.99278E-05 9.99278E-05 9.99278E-05 9.99278E-05 9.99278E-05 9.99278E-05 0.397749 9.99278E-05 0.601451
9.99369E-05 9.99369E-05 9.99369E-05 9.99369E-05 0.273455 9.99369E-05 9.99369E-05 0.705852 9.99369E-05 0.0199939
9.99639E-05 9.99639E-05 0.114402 9.99639E-05 9.99639E-05 0.0414303 0.00780682 0.682475 0.0744752 0.0790109
9.99549E-05 0.0632914 9.99549E-05 0.267911 9.99549E-05 0.0309648 0.0739763 0.563356 9.99549E-05 9.99549E-05
0.00409892 9.9946E-05 9.9946E-05 9.9946E-05 0.627931 9.9946E-05 9.9946E-05 0.268665 0.0987058 9.9946E-05
9.99459E-05 9.99459E-05 9.99459E-05 0.479341 9.99459E-05 9.99459E-05 9.99459E-05 0.440103 0.0182935 0.061663
0.000668914 9.995E-05 0.042225 9.995E-05 0.113467 9.995E-05 9.995E-05 0.703481 9.995E-05 0.139658
0.0280512 9.99549E-05 0.292318 0.102855 9.99549E-05 9.99549E-05 0.0577001 0.518576 9.99549E-05 9.99549E-05
9.99549E-05 9.99549E-05 0.132471 9.99549E-05 0.0817972 0.0732691 9.99549E-05 0.636343 0.0756206 9.99549E-05
9.99549E-05 9.99549E-05 0.351145 9.99549E-05 0.0557098 0.0422951 9.99549E-05 0.239243 9.99549E-05 0.311107
9.99458E-05 0.17369 9.99458E-05 0.233729 9.99458E-05 9.99458E-05 0.176266 0.415715 9.99458E-05 9.99458E-05
9.99459E-05 0.544879 9.99459E-05 9.99459E-05 9.99459E-05 9.99459E-05 0.0298908 0.367068 9.99459E-05 0.0575627
0.113234 9.9973E-05 0.0437548 9.9973E-05 0.00846722 0.0860954 9.9973E-05 0.607614 0.092089 0.0484458
9.99459E-05 9.99459E-05 0.00998257 9.99459E-05 0.0043313 9.99459E-05 9.99459E-05 0.648228 9.99459E-05 0.336859
0.00306682 9.9964E-05 9.9964E-05 0.100816 9.9964E-05 0.065743 0.00716311 0.757776 0.0650362 9.9964E-05
9.99279E-05 0.322095 9.99279E-05 9.99279E-05 9.99279E-05 9.99279E-05 9.99279E-05 0.677106 9.99279E-05 9.99279E-05
9.9973E-05 0.117302 0.323728 0.279666 9.9973E-05 0.0205063 0.107038 0.0822251 0.0692348 9.9973E-05
9.99368E-05 9.99368E-05 9.99368E-05 9.99368E-05 9.99368E-05 9.99368E-05 0.00860596 9.99368E-05 0.68331 0.307385
0.0214297 0.596159 0.259767 9.99549E-05 0.0821521 9.99549E-05 0.0399929 9.99549E-05 9.99549E-05 9.99549E-05
9.99459E-05 9.99459E-05 0.692028 9.99459E-05 0.219857 0.0428562 9.99459E-05 9.99459E-05 0.04466 9.99459E-05
9.99368E-05 9.99368E-05 9.99368E-05 9.99368E-05 0.486461 9.99368E-05 9.99368E-05 9.99368E-05 0.483818 0.0290216
9.99459E-05 0.225721 0.237197 0.5043 9.99459E-05 9.99459E-05 9.99459E-05 9.99459E-05 0.032182 9.99459E-05
9.99459E-05 9.99459E-05 9.99459E-05 0.233161 0.0263225 0.0247192 9.99459E-05 9.99459E-05 0.715198 9.99459E-05
0.105102 0.0331635 0.662791 9.9973E-05 9.9973E-05 9.9973E-05 0.0596701 0.0589707 0.0233963 0.0566071
9.99279E-05 0.267886 9.99279E-05 9.99279E-05 9.99279E-05 9.99279E-05 9.99279E-05 9.99279E-05 0.731315 9.99279E-05
9.9955E-05 0.0216811 0.0149596 9.9955E-05 0.172724 9.9955E-05 9.9955E-05 9.9955E-05 0.250353 0.539782
0.0491005 0.114196 0.0739851 0.511786 9.99639E-05 9.99639E-05 9.99639E-05 0.0509156 0.199617 9.99639E-05
9.99369E-05 0.413823 9.99369E-05 9.99369E-05 9.99369E-05 9.99369E-05 0.0317441 9.99369E-05 0.553733 9.99369E-05
9.99369E-05 9.99369E-05 9.99369E-05 9.99369E-05 0.426822 9.99369E-05 9.99369E-05 9.99369E-05 0.385509 0.18697
9.99459E-05 0.229793 0.170546 0.532231 9.99459E-05 9.99459E-05 0.0668304 9.99459E-05 9.99459E-05 9.99459E-05
9.99368E-05 0.340485 9.99368E-05 0.104377 9.99368E-05 9.99368E-05 9.99368E-05 9.99368E-05 0.554438 9.99368E-05
9.99459E-05 0.366911 0.285839 0.268504 9.99459E-05 9.99459E-05 9.99459E-05 9.99459E-05 9.99459E-05 0.0781466
9.99369E-05 9.99369E-05 9.99369E-05 9.99369E-05 0.517112 9.99369E-05 9.99369E-05 9.99369E-05 0.460734 0.0214546
9.99458E-05 0.42577 0.0537837 0.177066 9.99458E-05 9.99458E-05 9.99458E-05 9.99458E-05 0.34278 9.99458E-05
9.9955E-05 0.0273006 0.236788 0.540237 9.9955E-05 9.9955E-05 0.106831 0.0883433 9.9955E-05 9.9955E-05
9.99549E-05 9.99549E-05 0.631502 9.99549E-05 9.99549E-05 0.0067465 0.103403 9.99549E-05 0.118034 0.139814
9.99641E-05 0.399499 0.21802 9.99641E-05 0.163085 0.0635793 0.0780414 0.0773758 9.99641E-05 9.99641E-05
9.9973E-05 0.425388 0.325913 9.9973E-05 0.0740511 0.0697135 0.00620737 0.00255496 0.0958713 9.9973E-05
9.99368E-05 9.99368E-05 9.99368E-05 9.99368E-05 0.375253 9.99368E-05 9.99368E-05 9.99368E-05 0.476681 0.147367
0.040845 9.9964E-05 0.249088 0.367175 9.9964E-05 0.0593892 9.9964E-05 9.9964E-05 0.145225 0.137877
9.993E-05 9.993E-05 0.26174 9.993E-05 9.993E-05 9.993E-05 0.110915 9.993E-05 0.626645 9.993E-05
0.0564218 9.99639E-05 0.292587 9.99639E-05 0.293818 0.0572288 9.99639E-05 0.175634 0.123911 9.99639E-05
0.065712 0.217742 0.103266 0.281852 9.99729E-05 0.0316507 9.99729E-05 0.0990923 0.200386 9.99729E-05
0.109828 9.9973E-05 0.0233586 0.114169 0.0259221 0.00767412 9.9973E-05 0.412232 0.306516 9.9973E-05
0.00117218 0.0621572 9.9973E-05 9.9973E-05 0.768956 0.047189 0.0265783 9.9973E-05 0.000436067 0.0932112
0.0235961 9.99729E-05 0.2934 9.99729E-05 0.0611008 0.0426875 9.99729E-05 0.127926 0.293328 0.15766
0.031801 9.9982E-05 0.279029 0.0184918 0.206211 0.0366186 9.9982E-05 0.0800679 0.0941336 0.253446
9.99549E-05 9.99549E-05 0.0141807 0.471418 0.244653 0.106198 9.99549E-05 9.99549E-05 0.163051 9.99549E-05
9.99368E-05 9.99368E-05 0.289997 9.99368E-05 0.543067 9.99368E-05 9.99368E-05 9.99368E-05 9.99368E-05 0.166236
9.99369E-05 0.373989 0.262264 0.363048 9.99369E-05 9.99369E-05 9.99369E-05 9.99369E-05 9.99369E-05 9.99369E-05
9.99459E-05 9.99459E-05 0.393335 9.99459E-05 0.506358 9.99459E-05 9.99459E-05 9.99459E-05 0.0804014 0.0193063
9.9964E-05 0.35775 0.00588144 9.9964E-05 0.193207 0.0168883 9.9964E-05 0.0588668 0.367007 9.9964E-05
0.00884692 0.48662 9.99729E-05 0.151922 0.0283313 9.99729E-05 9.99729E-05 0.15189 0.160028 0.0120613
0.124816 0.000569408 0.345094 0.0395302 9.9973E-05 0.0452639 9.9973E-05 0.225036 0.219391 9.9973E-05
0.0754524 0.0335947 0.647111 9.99639E-05 9.99639E-05 9.99639E-05 9.99639E-05 0.162802 0.0414951 0.0391449
0.0313474 9.9964E-05 0.370029 9.9964E-05 0.0457112 0.0840661 9.9964E-05 0.252385 0.216061 9.9964E-05
9.99639E-05 0.39168 0.258175 9.99639E-05 0.155519 0.0220489 9.99639E-05 0.162652 0.00952549 9.99639E-05
9.9946E-05 9.9946E-05 0.156046 9.9946E-05 0.730884 9.9946E-05 9.9946E-05 0.0551798 9.9946E-05 0.0572912
9.99459E-05 9.99459E-05 9.99459E-05 9.99459E-05 0.673961 9.99459E-05 9.99459E-05 0.00748639 0.296189 0.0217641
0.0303998 9.99459E-05 0.219717 9.99459E-05 9.99459E-05 9.99459E-05 9.99459E-05 9.99459E-05 0.239173 0.51011
0.0598022 9.99639E-05 0.0974115 9.99639E-05 0.608287 0.0146423 9.99639E-05 9.99639E-05 0.209146 0.0103116
9.9937E-05 9.9937E-05 9.9937E-05 0.134207 0.850227 9.9937E-05 9.9937E-05 0.0148658 9.9937E-05 9.9937E-05
0.0797805 9.99549E-05 0.00292134 9.99549E-05 9.99549E-05 9.99549E-05 9.99549E-05 0.0259022 0.355694 0.535202
9.99459E-05 9.99459E-05 0.517462 9.99459E-05 0.183276 9.99459E-05 9.99459E-05 9.99459E-05 0.0817413 0.216921
9.9955E-05 0.191148 0.0342902 0.305927 9.9955E-05 9.9955E-05 0.463374 9.9955E-05 0.00476186 9.9955E-05
9.99549E-05 0.303217 0.1612 0.349769 9.99549E-05 9.99549E-05 0.151898 9.99549E-05 9.99549E-05 0.033417
9.99459E-05 9.99459E-05 0.3801 0.0746508 9.99459E-05 9.99459E-05 0.144582 9.99459E-05 9.99459E-05 0.400067
9.99549E-05 0.12216 0.0718966 0.64662 9.99549E-05 9.99549E-05 0.0896317 9.99549E-05 9.99549E-05 0.0691922
9.99639E-05 0.251386 0.0360744 0.412509 9.99639E-05 9.99639E-05 0.278551 0.00994691 9.99639E-05 0.0111326
9.99639E-05 0.632955 0.119527 9.99639E-05 9.99639E-05 0.062635 0.0829979 0.0106411 9.99639E-05 0.0908444
9.99549E-05 0.417032 0.103871 0.23801 9.99549E-05 9.99549E-05 0.174795 9.99549E-05 9.99549E-05 0.0657926
9.9955E-05 9.9955E-05 0.169211 0.061219 9.9955E-05 0.00442399 0.0970396 9.9955E-05 9.9955E-05 0.667607
9.9937E-05 9.9937E-05 9.9937E-05 9.9937E-05 0.367573 9.9937E-05 9.9937E-05 9.9937E-05 0.165246 0.466481
9.99549E-05 0.00953063 0.407656 0.141889 9.99549E-05 9.99549E-05 0.363481 0.0769431 9.99549E-05 9.99549E-05
9.9946E-05 0.0124781 9.9946E-05 9.9946E-05 9.9946E-05 9.9946E-05 0.0488629 0.0570556 9.9946E-05 0.881004
9.9946E-05 9.9946E-05 0.273546 9.9946E-05 9.9946E-05 0.0375761 0.233096 9.9946E-05 9.9946E-05 0.455183
9.99549E-05 9.99549E-05 0.415336 0.164011 9.99549E-05 9.99549E-05 0.218968 0.000244014 9.99549E-05 0.200942
9.99459E-05 9.99459E-05 0.207382 9.99459E-05 0.0453943 9.99459E-05 9.99459E-05 9.99459E-05 0.0988215 0.647803
9.9964E-05 0.0442889 0.227194 0.0607008 9.9964E-05 9.9964E-05 0.0830144 0.0820579 9.9964E-05 0.502344
0.0310782 0.0547106 0.247523 0.232785 9.9973E-05 0.0900526 0.0952625 9.9973E-05 0.248287 9.9973E-05
0.0247785 9.99639E-05 0.279892 0.143246 9.99639E-05 0.0234401 0.0924007 9.99639E-05 9.99639E-05 0.435842
9.99549E-05 0.0194586 0.2675 9.99549E-05 9.99549E-05 9.99549E-05 0.204943 0.152463 9.99549E-05 0.355135
9.99549E-05 0.0604345 0.0626148 0.744598 9.99549E-05 9.99549E-05 0.112747 9.99549E-05 9.99549E-05 0.019106
9.9955E-05 0.0785188 0.471977 0.190521 9.9955E-05 9.9955E-05 0.239992 0.0184919 9.9955E-05 9.9955E-05
0.0279847 0.0282809 0.0121934 0.0687537 0.0912807 9.9964E-05 9.9964E-05 9.9964E-05 9.9964E-05 0.771107
0.0189753 0.0131938 0.465914 9.99549E-05 9.99549E-05 9.99549E-05 9.99549E-05 0.0244756 9.99549E-05 0.476941
9.99369E-05 9.99369E-05 9.99369E-05 9.99369E-05 0.242388 9.99369E-05 9.99369E-05 9.99369E-05 0.129911 0.627001
9.99459E-05 0.156373 0.34953 0.389586 9.99459E-05 9.99459E-05 0.103912 9.99459E-05 9.99459E-05 9.99459E-05
9.9946E-05 9.9946E-05 0.636104 0.0742371 9.9946E-05 9.9946E-05 0.272176 9.9946E-05 0.016883 9.9946E-05
0.00334744 9.99549E-05 0.0718603 9.99549E-05 0.0991438 9.99549E-05 9.99549E-05 9.99549E-05 0.10945 0.715699
9.9955E-05 0.184117 9.9955E-05 0.348689 9.9955E-05 9.9955E-05 0.151043 0.0415902 0.274061 9.9955E-05
9.99369E-05 9.99369E-05 9.99369E-05 0.569171 9.99369E-05 0.0281726 9.99369E-05 9.99369E-05 0.401957 9.99369E-05
0.0589071 9.99639E-05 0.254894 9.99639E-05 0.330486 0.0810518 9.99639E-05 9.99639E-05 0.0574392 0.216822
9.99639E-05 9.99639E-05 0.0227224 9.99639E-05 0.164131 0.0283901 9.99639E-05 0.117976 0.642951 0.0234299
9.9955E-05 9.9955E-05 9.9955E-05 0.531265 9.9955E-05 0.0678277 0.181496 9.9955E-05 0.176165 0.0427466
9.99459E-05 0.275946 9.99459E-05 0.181622 9.99459E-05 9.99459E-05 0.176825 9.99459E-05 0.365007 9.99459E-05
9.99459E-05 0.17762 9.99459E-05 0.314038 9.99459E-05 9.99459E-05 0.234649 9.99459E-05 0.273093 9.99459E-05
9.9928E-05 9.9928E-05 9.9928E-05 9.9928E-05 0.715033 9.9928E-05 9.9928E-05 9.9928E-05 0.284167 9.9928E-05
9.9955E-05 9.9955E-05 0.204671 9.9955E-05 9.9955E-05 0.00278505 0.0289767 9.9955E-05 0.404369 0.358699
0.0224585 9.99639E-05 0.176674 0.204042 9.99639E-05 9.99639E-05 0.0515229 0.356017 0.188886 9.99639E-05
9.99549E-05 0.0662272 9.99549E-05 0.567545 9.99549E-05 9.99549E-05 0.0251575 0.0182472 0.322323 9.99549E-05
0.0245133 9.99729E-05 0.0976437 9.99729E-05 0.527129 0.00137265 9.99729E-05 0.0743104 0.221421 0.0533102
9.9955E-05 9.9955E-05 0.562266 9.9955E-05 9.9955E-05 0.0565063 0.0330105 9.9955E-05 0.192727 0.154991
9.99639E-05 9.99639E-05 0.300719 0.00099141 9.99639E-05 0.000456104 0.0769962 9.99639E-05 0.275071 0.345367
0.00171612 9.99639E-05 0.176257 0.0920029 9.99639E-05 0.0228159 9.99639E-05 0.329795 0.377014 9.99639E-05
0.00939148 9.99459E-05 0.440012 9.99459E-05 9.99459E-05 9.99459E-05 9.99459E-05 0.17552 9.99459E-05 0.374476
0.0117155 9.99639E-05 0.304472 0.422327 9.99639E-05 9.99639E-05 0.133563 0.0685947 9.99639E-05 0.0589284
0.00169853 9.99639E-05 0.575059 0.145548 9.99639E-05 9.99639E-05 0.064647 0.00878452 0.203862 9.99639E-05
9.9955E-05 0.232511 9.9955E-05 0.412409 9.9955E-05 0.0300514 0.0518787 9.9955E-05 0.272649 9.9955E-05
0.1352 9.99459E-05 9.99459E-05 9.99459E-05 9.99459E-05 0.013383 9.99459E-05 9.99459E-05 0.404803 0.446014
9.99549E-05 0.0801494 0.029082 0.439579 9.99549E-05 9.99549E-05 0.2009 9.99549E-05 0.24979 9.99549E-05
9.99639E-05 0.472067 0.0922589 0.151487 9.99639E-05 9.99639E-05 0.0685977 9.99639E-05 0.191812 0.023377
9.99369E-05 9.99369E-05 9.99369E-05 9.99369E-05 0.101684 9.99369E-05 9.99369E-05 9.99369E-05 0.232683 0.664933
9.99549E-05 9.99549E-05 0.383591 0.202776 0.0158408 9.99549E-05 0.094697 9.99549E-05 9.99549E-05 0.302596
0.0291171 9.99549E-05 0.244621 9.99549E-05 9.99549E-05 9.99549E-05 0.054405 9.99549E-05 0.144042 0.527315
9.9946E-05 0.158399 9.9946E-05 0.406316 9.9946E-05 9.9946E-05 0.407571 9.9946E-05 0.0271144 9.9946E-05
0.135989 0.371777 0.0316905 0.0772743 0.0527361 0.0420265 0.192157 0.0228673 0.016152 0.0573301
0.0106342 0.123936 0.234111 0.315275 9.99639E-05 9.99639E-05 0.292138 9.99639E-05 0.0235055 9.99639E-05
9.99369E-05 9.99369E-05 9.99369E-05 9.99369E-05 0.0298416 9.99369E-05 9.99369E-05 9.99369E-05 0.22541 0.744048
9.99459E-05 0.177965 0.356153 0.146692 9.99459E-05 9.99459E-05 0.318591 9.99459E-05 9.99459E-05 9.99459E-05
9.9973E-05 0.0972331 0.0527873 0.326573 9.9973E-05 9.9973E-05 0.371737 0.0939517 0.0565085 0.000909598
9.9964E-05 0.13004 9.9964E-05 0.51597 9.9964E-05 9.9964E-05 0.247791 0.0753502 0.0156138 0.0148341
9.9937E-05 9.9937E-05 9.9937E-05 0.0355304 9.9937E-05 9.9937E-05 9.9937E-05 0.110824 9.9937E-05 0.852946
9.99639E-05 9.99639E-05 0.351223 0.162713 9.99639E-05 9.99639E-05 0.131463 0.00191548 0.0736206 0.278665
9.9964E-05 0.12749 9.9964E-05 0.564957 0.027928 0.0277123 0.148333 9.9964E-05 9.9964E-05 0.103179
0.0248755 0.056181 0.0830918 9.9982E-05 0.0577664 9.9982E-05 0.110685 0.033623 0.200939 0.432638
9.9955E-05 0.212974 0.0883163 0.345055 9.9955E-05 9.9955E-05 0.324974 0.0281814 9.9955E-05 9.9955E-05
0.0106871 0.417687 0.305057 9.9955E-05 0.205655 9.9955E-05 9.9955E-05 9.9955E-05 9.9955E-05 0.0604136
9.99639E-05 9.99639E-05 0.0639807 0.0617871 9.99639E-05 9.99639E-05 0.361301 0.116816 0.121467 0.274249
9.9937E-05 9.9937E-05 9.9937E-05 9.9937E-05 0.127135 9.9937E-05 9.9937E-05 9.9937E-05 0.0805249 0.791641
9.9973E-05 0.0196148 0.558494 0.00737924 9.9973E-05 0.00143853 0.224111 9.9973E-05 0.114342 0.0743203
0.029248 9.99729E-05 0.374376 9.99729E-05 0.173865 0.04786 9.99729E-05 0.188161 0.138411 0.0477795
9.9955E-05 9.9955E-05 0.200861 9.9955E-05 0.670999 0.0107449 9.9955E-05 0.0759903 0.0409048 9.9955E-05
0.0726397 9.99549E-05 0.741152 9.99549E-05 9.99549E-05 9.99549E-05 9.99549E-05 0.0128898 0.0529639 0.119855
9.99458E-05 9.99458E-05 9.99458E-05 9.99458E-05 9.99458E-05 9.99458E-05 0.0578107 0.473936 0.0594148 0.408239
9.99549E-05 9.99549E-05 0.46667 0.121058 0.0479772 9.99549E-05 9.99549E-05 9.99549E-05 0.17162 0.192175
9.99459E-05 0.310658 0.337109 0.267259 9.99459E-05 9.99459E-05 9.99459E-05 9.99459E-05 0.0843745 9.99459E-05
9.99459E-05 9.99459E-05 0.053234 9.99459E-05 0.593774 0.0215842 9.99459E-05 9.99459E-05 0.330809 9.99459E-05
0.0313437 0.564486 9.9955E-05 9.9955E-05 0.0427347 0.0336859 9.9955E-05 9.9955E-05 0.32725 9.9955E-05
9.99549E-05 0.102763 0.161886 0.148988 9.99549E-05 9.99549E-05 0.2578 0.328064 9.99549E-05 9.99549E-05
0.00261861 9.99549E-05 9.99549E-05 0.673334 0.16569 0.0611892 9.99549E-05 0.096669 9.99549E-05 9.99549E-05
9.99459E-05 9.99459E-05 0.185467 0.028943 0.619892 9.99459E-05 9.99459E-05 0.165099 9.99459E-05 9.99459E-05
9.99549E-05 9.99549E-05 0.0730787 9.99549E-05 0.528501 9.99549E-05 9.99549E-05 0.0826055 0.0305552 0.28476
9.9955E-05 0.341422 9.9955E-05 0.346091 9.9955E-05 0.0134467 9.9955E-05 9.9955E-05 0.210243 0.0882984
0.0696725 9.9955E-05 0.677366 0.0261752 9.9955E-05 0.0267076 9.9955E-05 9.9955E-05 9.9955E-05 0.199579
0.0547072 9.99639E-05 0.577901 9.99639E-05 0.0523774 0.0318819 9.99639E-05 0.229568 0.0531643 9.99639E-05
9.99369E-05 9.99369E-05 9.99369E-05 9.99369E-05 0.558957 9.99369E-05 9.99369E-05 0.113847 9.99369E-05 0.326497
9.9964E-05 9.9964E-05 0.29125 0.114742 0.170514 0.0296922 9.9964E-05 0.282306 0.111097 9.9964E-05
9.997E-05 0.281934 0.236767 0.0774499 0.0648978 0.0917984 9.997E-05 0.0588816 0.187972 9.997E-05
9.99729E-05 0.0407862 0.14214 0.673315 9.99729E-05 0.0023164 0.118795 9.99729E-05 0.0186325 0.00371497
0.0153911 9.9946E-05 0.244707 0.640603 9.9946E-05 9.9946E-05 9.9946E-05 0.098699 9.9946E-05 9.9946E-05
0.0155323 0.318268 0.228443 0.0451972 0.117745 0.00270206 9.9973E-05 0.271812 9.9973E-05 9.9973E-05
9.99369E-05 9.99369E-05 9.99369E-05 9.99369E-05 9.99369E-05 9.99369E-05 0.143612 0.0672457 9.99369E-05 0.788442
9.99549E-05 0.13719 0.115828 0.322176 9.99549E-05 9.99549E-05 0.345729 0.0785771 9.99549E-05 9.99549E-05
9.9955E-05 0.0347944 0.0773956 9.9955E-05 9.9955E-05 9.9955E-05 0.0762385 0.102717 9.9955E-05 0.708355
9.99639E-05 0.00650723 0.353728 9.99639E-05 9.99639E-05 9.99639E-05 0.157185 0.173839 0.0173588 0.290982
9.99549E-05 0.139573 0.267618 0.176916 9.99549E-05 9.99549E-05 0.411316 9.99549E-05 0.00407706 9.99549E-05
9.9964E-05 9.9964E-05 9.9964E-05 0.0117759 0.0915365 0.0255627 9.9964E-05 0.00370473 0.00775971 0.859261
0.0275931 9.99549E-05 0.228526 0.0327635 0.439132 9.99549E-05 9.99549E-05 0.271485 9.99549E-05 9.99549E-05
9.99639E-05 9.99639E-05 0.411587 9.99639E-05 0.0617873 0.00268406 9.99639E-05 0.00734829 0.0969261 0.419267
9.9955E-05 9.9955E-05 9.9955E-05 0.568292 0.156781 0.106992 9.9955E-05 0.102962 0.0644725 9.9955E-05
9.99639E-05 9.99639E-05 0.286117 0.199222 0.137668 0.0879166 9.99639E-05 0.0716859 0.21699 9.99639E-05
9.99729E-05 9.99729E-05 0.0941698 0.437947 0.0378527 0.0270966 0.124707 9.99729E-05 0.151121 0.126805
9.99369E-05 9.99369E-05 9.99369E-05 0.113047 0.593168 9.99369E-05 9.99369E-05 9.99369E-05 9.99369E-05 0.293085
0.00251484 0.583248 0.0524383 0.161343 0.0830428 0.00168288 0.0526437 9.9991E-05 0.00448821 0.0584974
0.13554 9.99729E-05 0.392947 9.99729E-05 0.140481 0.0642528 0.062397 0.0916431 9.99729E-05 0.11244
0.0561863 0.0848419 9.99729E-05 0.607231 9.99729E-05 0.0342792 9.99729E-05 0.108988 0.0311598 0.0770131
9.99639E-05 0.41106 0.020249 0.297547 0.102841 0.0219541 0.145949 9.99639E-05 9.99639E-05 9.99639E-05
9.99459E-05 9.99459E-05 9.99459E-05 0.827356 0.107067 0.0645816 9.99459E-05 0.000396234 9.99459E-05 9.99459E-05
9.99639E-05 9.99639E-05 0.0406586 0.735442 0.0377507 0.0638222 0.0872035 9.99639E-05 0.0347227 9.99639E-05
0.0671053 9.99549E-05 9.99549E-05 0.731602 0.141751 0.0542704 9.99549E-05 9.99549E-05 9.99549E-05 0.00477203
0.0522639 9.99729E-05 0.509543 9.99729E-05 0.0419239 0.091067 0.035909 0.0841436 9.99729E-05 0.18485
0.0681876 9.99639E-05 0.225537 9.99639E-05 9.99639E-05 0.0137519 9.99639E-05 0.0629834 0.113734 0.515406
0.049071 0.562777 9.9973E-05 0.0973164 0.0498828 0.00930914 9.9973E-05 9.9973E-05 0.161764 0.0695802
0.0155649 9.9964E-05 9.9964E-05 0.524105 0.263183 0.00324635 9.9964E-05 0.192128 0.00137272 9.9964E-05
0.0879969 0.0302877 0.334404 9.9982E-05 0.239044 0.0728817 9.9982E-05 0.110301 0.117646 0.00723779
9.99459E-05 9.99459E-05 9.99459E-05 9.99459E-05 0.855014 0.0107811 0.0556309 9.99459E-05 0.0779742 9.99459E-05
9.9937E-05 9.9937E-05 0.0433641 9.9937E-05 0.146533 9.9937E-05 9.9937E-05 9.9937E-05 9.9937E-05 0.809403
0.0144619 9.9964E-05 0.0588446 0.0310671 0.77281 9.9964E-05 9.9964E-05 9.9964E-05 0.0160084 0.106408
