9.9892E-05 0.0129306 9.9892E-05 9.9892E-05 0.480105 9.9892E-05 0.017876 0.105818 9.9892E-05 9.9892E-05 9.9892E-05 9.9892E-05 9.9892E-05 9.9892E-05 0.285799 0.00477213 9.9892E-05 0.091501 9.9892E-05
9.99008E-05 9.99008E-05 9.99008E-05 9.99008E-05 0.440835 9.99008E-05 0.0701531 0.263901 9.99008E-05 9.99008E-05 9.99008E-05 0.010549 9.99008E-05 9.99008E-05 0.0134979 0.0926409 0.0588741 0.04845 9.99008E-05
9.99189E-05 0.023868 0.0358901 0.0340096 9.99189E-05 0.0683604 0.0274155 0.0285375 0.00677273 9.99189E-05 9.99189E-05 0.00854054 9.99189E-05 9.99189E-05 9.99189E-05 0.759468 9.99189E-05 0.00623882 9.99189E-05
9.98919E-05 0.0022237 9.98919E-05 0.0135102 0.446826 9.98919E-05 9.98919E-05 9.98919E-05 0.138943 9.98919E-05 9.98919E-05 0.0127152 9.98919E-05 9.98919E-05 0.215911 9.98919E-05 9.98919E-05 9.98919E-05 0.168673
9.99008E-05 9.99008E-05 0.0540081 0.0987897 0.267373 9.99008E-05 0.180722 9.99008E-05 0.00682159 9.99008E-05 9.99008E-05 0.090718 0.0111757 9.99008E-05 9.99008E-05 9.99008E-05 9.99008E-05 9.99008E-05 0.289293
0.0331234 9.99008E-05 9.99008E-05 9.99008E-05 9.99008E-05 0.110812 0.00676825 0.255766 9.99008E-05 9.99008E-05 9.99008E-05 9.99008E-05 9.99008E-05 9.99008E-05 0.253196 0.171807 9.99008E-05 0.0150152 0.152414
0.0207492 9.98829E-05 9.98829E-05 9.98829E-05 0.0998554 9.98829E-05 9.98829E-05 9.98829E-05 0.010369 0.00255403 9.98829E-05 9.98829E-05 9.98829E-05 9.98829E-05 0.0849237 0.78025 9.98829E-05 9.98829E-05 9.98829E-05
9.98741E-05 9.98741E-05 9.98741E-05 9.98741E-05 9.98741E-05 0.11663 9.98741E-05 0.370294 9.98741E-05 9.98741E-05 9.98741E-05 9.98741E-05 9.98741E-05 9.98741E-05 0.116397 0.264618 9.98741E-05 0.130662 9.98741E-05
9.99009E-05 9.99009E-05 9.99009E-05 0.0220114 0.206465 9.99009E-05 9.99009E-05 0.283338 0.296764 9.99009E-05 9.99009E-05 9.99009E-05 9.99009E-05 0.0187143 0.110556 9.99009E-05 9.99009E-05 0.0432943 0.0177579
9.98828E-05 0.0428406 9.98828E-05 9.98828E-05 9.98828E-05 0.245264 9.98828E-05 9.98828E-05 9.98828E-05 0.245619 9.98828E-05 9.98828E-05 9.98828E-05 9.98828E-05 0.103233 0.286351 9.98828E-05 9.98828E-05 0.0753947
9.99008E-05 9.99008E-05 0.120893 9.99008E-05 0.0764328 0.0409731 0.0137396 0.124367 0.30857 9.99008E-05 9.99008E-05 9.99008E-05 9.99008E-05 9.99008E-05 0.0565556 9.99008E-05 0.257371 9.99008E-05 9.99008E-05
9.99009E-05 9.99009E-05 0.00366307 9.99009E-05 0.399081 0.212572 9.99009E-05 0.113589 0.0127738 9.99009E-05 0.180319 9.99009E-05 9.99009E-05 9.99009E-05 9.99009E-05 9.99009E-05 0.0492372 9.99009E-05 0.0276662
0.0471636 9.99009E-05 9.99009E-05 0.0244717 9.99009E-05 9.99009E-05 0.22849 9.99009E-05 0.510698 0.0282193 9.99009E-05 0.0476649 9.99009E-05 0.0127663 9.99009E-05 0.0994271 9.99009E-05 9.99009E-05 9.99009E-05
9.98739E-05 9.98739E-05 9.98739E-05 9.98739E-05 0.021092 0.143003 9.98739E-05 9.98739E-05 9.98739E-05 9.98739E-05 9.98739E-05 9.98739E-05 9.98739E-05 9.98739E-05 0.256027 0.554558 9.98739E-05 0.0239222 9.98739E-05
9.98829E-05 9.98829E-05 0.0840793 9.98829E-05 0.388174 0.0419733 9.98829E-05 0.0813736 9.98829E-05 9.98829E-05 9.98829E-05 9.98829E-05 9.98829E-05 9.98829E-05 9.98829E-05 9.98829E-05 0.367826 9.98829E-05 0.0352753
0.0522354 9.98738E-05 9.98738E-05 9.98738E-05 9.98738E-05 9.98738E-05 9.98738E-05 9.98738E-05 9.98738E-05 0.268787 9.98738E-05 9.98738E-05 9.98738E-05 9.98738E-05 0.135198 0.445067 9.98738E-05 9.98738E-05 0.0973134
9.98739E-05 9.98739E-05 9.98739E-05 9.98739E-05 0.0529871 9.98739E-05 9.98739E-05 9.98739E-05 0.0658605 9.98739E-05 9.98739E-05 0.0199024 9.98739E-05 9.98739E-05 0.192069 0.667783 9.98739E-05 9.98739E-05 9.98739E-05
9.98738E-05 9.98738E-05 9.98738E-05 9.98738E-05 0.00565058 9.98738E-05 0.0251341 0.309109 9.98738E-05 9.98738E-05 9.98738E-05 9.98738E-05 9.98738E-05 9.98738E-05 0.0234381 0.63527 9.98738E-05 9.98738E-05 9.98738E-05
9.991E-05 9.991E-05 9.991E-05 9.991E-05 0.280378 0.00233205 0.0544451 0.122934 0.264655 9.991E-05 0.120259 9.991E-05 9.991E-05 0.0354494 9.991E-05 0.105453 9.991E-05 9.991E-05 0.0130944
9.98739E-05 0.727289 9.98739E-05 0.057658 9.98739E-05 9.98739E-05 9.98739E-05 9.98739E-05 9.98739E-05 9.98739E-05 9.98739E-05 9.98739E-05 0.00682317 9.98739E-05 0.0425599 9.98739E-05 0.164271 9.98739E-05 9.98739E-05
9.98558E-05 0.765639 9.98558E-05 9.98558E-05 9.98558E-05 9.98558E-05 9.98558E-05 9.98558E-05 9.98558E-05 9.98558E-05 9.98558E-05 0.107621 0.125141 9.98558E-05 9.98558E-05 9.98558E-05 9.98558E-05 9.98558E-05 9.98558E-05
9.98467E-05 0.804092 9.98467E-05 9.98467E-05 9.98467E-05 9.98467E-05 9.98467E-05 9.98467E-05 9.98467E-05 9.98467E-05 9.98467E-05 9.98467E-05 9.98467E-05 9.98467E-05 0.19421 9.98467E-05 9.98467E-05 9.98467E-05 9.98467E-05
9.98739E-05 0.605399 9.98739E-05 0.0101142 9.98739E-05 9.98739E-05 9.98739E-05 9.98739E-05 0.0320777 9.98739E-05 0.272862 9.98739E-05 0.0781491 9.98739E-05 9.98739E-05 9.98739E-05 9.98739E-05 9.98739E-05 9.98739E-05
9.98919E-05 0.739927 9.98919E-05 0.0215751 0.0385474 9.98919E-05 9.98919E-05 9.98919E-05 0.159793 9.98919E-05 9.98919E-05 9.98919E-05 9.98919E-05 9.98919E-05 9.98919E-05 9.98919E-05 0.0192251 0.00550474 0.0142283
0.233133 0.418458 9.98918E-05 9.98918E-05 9.98918E-05 0.0187869 9.98918E-05 0.00792781 9.98918E-05 9.98918E-05 9.98918E-05 9.98918E-05 9.98918E-05 0.0571141 0.012587 0.250794 9.98918E-05 9.98918E-05 9.98918E-05
9.99008E-05 0.301649 9.99008E-05 0.0580444 0.138133 0.0548444 9.99008E-05 0.0845254 9.99008E-05 9.99008E-05 9.99008E-05 9.99008E-05 9.99008E-05 0.305047 9.99008E-05 9.99008E-05 0.0328532 0.0238047 9.99008E-05
0.240535 0.227831 9.98649E-05 0.0597235 9.98649E-05 9.98649E-05 9.98649E-05 9.98649E-05 9.98649E-05 0.470413 9.98649E-05 9.98649E-05 9.98649E-05 9.98649E-05 9.98649E-05 9.98649E-05 9.98649E-05 9.98649E-05 9.98649E-05
9.99099E-05 0.210251 0.152737 0.0621361 9.99099E-05 9.99099E-05 9.99099E-05 9.99099E-05 9.99099E-05 9.99099E-05 9.99099E-05 0.11191 0.1227 0.134511 0.00455273 9.99099E-05 0.113753 0.0864502 9.99099E-05
0.0501732 0.754562 9.98647E-05 9.98647E-05 9.98647E-05 9.98647E-05 9.98647E-05 9.98647E-05 9.98647E-05 9.98647E-05 9.98647E-05 9.98647E-05 9.98647E-05 0.00961799 0.184148 9.98647E-05 9.98647E-05 9.98647E-05 9.98647E-05
9.98649E-05 0.85184 9.98649E-05 9.98649E-05 9.98649E-05 9.98649E-05 9.98649E-05 9.98649E-05 0.0821363 9.98649E-05 0.00921795 9.98649E-05 0.0553078 9.98649E-05 9.98649E-05 9.98649E-05 9.98649E-05 9.98649E-05 9.98649E-05
0.100441 0.515595 9.98831E-05 9.98831E-05 9.98831E-05 9.98831E-05 9.98831E-05 9.98831E-05 9.98831E-05 0.0661896 9.98831E-05 0.236192 9.98831E-05 9.98831E-05 9.98831E-05 0.0796697 9.98831E-05 0.000613783 9.98831E-05
0.231611 0.00517372 9.98828E-05 9.98828E-05 9.98828E-05 9.98828E-05 0.0328925 9.98828E-05 9.98828E-05 9.98828E-05 9.98828E-05 9.98828E-05 0.00169242 0.611819 0.115513 9.98828E-05 9.98828E-05 9.98828E-05 9.98828E-05
0.149536 0.537411 9.98647E-05 9.98647E-05 9.98647E-05 9.98647E-05 9.98647E-05 9.98647E-05 9.98647E-05 0.215815 9.98647E-05 9.98647E-05 9.98647E-05 9.98647E-05 9.98647E-05 0.09574 9.98647E-05 9.98647E-05 9.98647E-05
0.117517 0.608703 9.98738E-05 9.98738E-05 9.98738E-05 9.98738E-05 9.98738E-05 0.0442067 9.98738E-05 9.98738E-05 9.98738E-05 9.98738E-05 9.98738E-05 0.0163176 9.98738E-05 0.211858 9.98738E-05 9.98738E-05 9.98738E-05
9.98559E-05 0.840499 9.98559E-05 9.98559E-05 9.98559E-05 0.0147152 9.98559E-05 9.98559E-05 0.143188 9.98559E-05 9.98559E-05 9.98559E-05 9.98559E-05 9.98559E-05 9.98559E-05 9.98559E-05 9.98559E-05 9.98559E-05 9.98559E-05
9.98738E-05 0.734309 9.98738E-05 0.0256464 0.0243333 9.98738E-05 9.98738E-05 9.98738E-05 9.98738E-05 9.98738E-05 9.98738E-05 9.98738E-05 9.98738E-05 9.98738E-05 9.98738E-05 9.98738E-05 0.106527 9.98738E-05 0.107785
9.98469E-05 0.669337 9.98469E-05 9.98469E-05 9.98469E-05 9.98469E-05 9.98469E-05 9.98469E-05 9.98469E-05 9.98469E-05 9.98469E-05 9.98469E-05 9.98469E-05 9.98469E-05 9.98469E-05 9.98469E-05 0.328966 9.98469E-05 9.98469E-05
9.98829E-05 0.695969 9.98829E-05 0.0340467 0.0567545 9.98829E-05 9.98829E-05 9.98829E-05 9.98829E-05 9.98829E-05 0.18575 0.0184539 9.98829E-05 9.98829E-05 9.98829E-05 9.98829E-05 9.98829E-05 9.98829E-05 0.0077268
0.355 9.98646E-05 9.98646E-05 0.474379 9.98646E-05 9.98646E-05 9.98646E-05 0.0651357 9.98646E-05 9.98646E-05 9.98646E-05 9.98646E-05 9.98646E-05 9.98646E-05 0.103988 9.98646E-05 9.98646E-05 9.98646E-05 9.98646E-05
0.830574 9.9874E-05 9.9874E-05 9.9874E-05 0.018972 9.9874E-05 0.0576459 9.9874E-05 9.9874E-05 9.9874E-05 9.9874E-05 0.0729104 0.0184993 9.9874E-05 9.9874E-05 9.9874E-05 9.9874E-05 9.9874E-05 9.9874E-05
0.600758 0.00616026 9.98739E-05 9.98739E-05 9.98739E-05 0.0746727 9.98739E-05 9.98739E-05 9.98739E-05 0.213116 9.98739E-05 9.98739E-05 9.98739E-05 9.98739E-05 9.98739E-05 9.98739E-05 9.98739E-05 0.103895 9.98739E-05
0.192805 9.98828E-05 9.98828E-05 0.272813 9.98828E-05 9.98828E-05 9.98828E-05 9.98828E-05 9.98828E-05 9.98828E-05 0.0367153 0.394541 9.98828E-05 0.0743578 9.98828E-05 9.98828E-05 9.98828E-05 0.02747 9.98828E-05
0.440272 0.216971 9.98737E-05 0.149914 9.98737E-05 9.98737E-05 9.98737E-05 0.0109076 9.98737E-05 9.98737E-05 9.98737E-05 9.98737E-05 9.98737E-05 9.98737E-05 0.180537 9.98737E-05 9.98737E-05 9.98737E-05 9.98737E-05
0.53134 0.00353252 9.99008E-05 9.99008E-05 9.99008E-05 0.0912572 9.99008E-05 0.0374127 9.99008E-05 9.99008E-05 9.99008E-05 9.99008E-05 0.211661 0.0299427 9.99008E-05 0.068321 0.025434 9.99008E-05 9.99008E-05
9.98829E-05 9.98829E-05 0.0154715 0.0125323 0.094855 9.98829E-05 9.98829E-05 9.98829E-05 9.98829E-05 9.98829E-05 0.187046 9.98829E-05 9.98829E-05 0.669734 9.98829E-05 9.98829E-05 9.98829E-05 9.98829E-05 0.0190627
9.98738E-05 9.98738E-05 0.00376531 0.518807 0.080483 9.98738E-05 9.98738E-05 0.197112 9.98738E-05 9.98738E-05 9.98738E-05 9.98738E-05 0.198435 9.98738E-05 9.98738E-05 9.98738E-05 9.98738E-05 9.98738E-05 9.98738E-05
0.650501 0.135547 9.98739E-05 9.98739E-05 9.98739E-05 0.027196 9.98739E-05 9.98739E-05 9.98739E-05 0.000870109 9.98739E-05 9.98739E-05 9.98739E-05 9.98739E-05 9.98739E-05 0.184487 9.98739E-05 9.98739E-05 9.98739E-05
0.451157 9.98737E-05 9.98737E-05 0.373539 9.98737E-05 9.98737E-05 9.98737E-05 0.0278322 9.98737E-05 9.98737E-05 9.98737E-05 9.98737E-05 9.98737E-05 9.98737E-05 0.143109 9.98737E-05 9.98737E-05 0.00296423 9.98737E-05
0.405968 9.9865E-05 9.9865E-05 9.9865E-05 9.9865E-05 9.9865E-05 0.00138839 9.9865E-05 9.9865E-05 0.4987 9.9865E-05 9.9865E-05 0.0924461 9.9865E-05 9.9865E-05 9.9865E-05 9.9865E-05 9.9865E-05 9.9865E-05
0.202688 9.98829E-05 0.0559525 0.385042 9.98829E-05 9.98829E-05 9.98829E-05 0.145261 9.98829E-05 9.98829E-05 9.98829E-05 9.98829E-05 0.127923 9.98829E-05 9.98829E-05 9.98829E-05 9.98829E-05 0.0818353 9.98829E-05
0.695477 9.98829E-05 9.98829E-05 0.0802155 9.98829E-05 9.98829E-05 0.0336862 9.98829E-05 9.98829E-05 0.0307009 9.98829E-05 0.0363758 0.122246 9.98829E-05 9.98829E-05 9.98829E-05 9.98829E-05 9.98829E-05 9.98829E-05
9.98376E-05 9.98376E-05 9.98376E-05 9.98376E-05 9.98376E-05 9.98376E-05 9.98376E-05 9.98376E-05 9.98376E-05 9.98376E-05 9.98376E-05 9.98376E-05 0.998203 9.98376E-05 9.98376E-05 9.98376E-05 9.98376E-05 9.98376E-05 9.98376E-05
9.99188E-05 0.0507101 9.99188E-05 0.240263 0.036532 0.076753 9.99188E-05 0.0499013 0.00670699 9.99188E-05 9.99188E-05 9.99188E-05 0.122314 0.2399 9.99188E-05 9.99188E-05 0.17043 0.00559036 9.99188E-05
0.166567 0.0288918 9.99009E-05 0.181342 9.99009E-05 9.99009E-05 9.99009E-05 0.437238 9.99009E-05 9.99009E-05 9.99009E-05 9.99009E-05 0.104517 0.0149353 9.99009E-05 9.99009E-05 0.065014 0.000396501 9.99009E-05
9.98919E-05 9.98919E-05 0.00926808 0.0387917 0.0734862 9.98919E-05 9.98919E-05 9.98919E-05 9.98919E-05 9.98919E-05 0.2902 9.98919E-05 0.463573 0.100063 9.98919E-05 9.98919E-05 9.98919E-05 0.0234191 9.98919E-05
9.98559E-05 0.352431 9.98559E-05 9.98559E-05 9.98559E-05 9.98559E-05 9.98559E-05 9.98559E-05 9.98559E-05 9.98559E-05 0.46624 9.98559E-05 9.98559E-05 9.98559E-05 9.98559E-05 9.98559E-05 9.98559E-05 0.179732 9.98559E-05
0.554554 9.98737E-05 9.98737E-05 0.255574 9.98737E-05 9.98737E-05 0.0298148 9.98737E-05 9.98737E-05 9.98737E-05 9.98737E-05 9.98737E-05 9.98737E-05 0.0374665 0.121192 9.98737E-05 9.98737E-05 9.98737E-05 9.98737E-05
0.0584881 9.98828E-05 9.98828E-05 0.13216 9.98828E-05 9.98828E-05 9.98828E-05 9.98828E-05 0.00556707 0.0819503 9.98828E-05 9.98828E-05 0.401583 9.98828E-05 9.98828E-05 9.98828E-05 9.98828E-05 0.318954 9.98828E-05
0.814874 9.98828E-05 0.0108817 9.98828E-05 9.98828E-05 9.98828E-05 0.026774 9.98828E-05 9.98828E-05 9.98828E-05 9.98828E-05 9.98828E-05 0.00618873 9.98828E-05 0.096306 9.98828E-05 9.98828E-05 0.0436773 9.98828E-05
0.0685063 9.98647E-05 9.98647E-05 0.672159 9.98647E-05 9.98647E-05 9.98647E-05 9.98647E-05 9.98647E-05 9.98647E-05 9.98647E-05 9.98647E-05 0.195144 9.98647E-05 0.0626925 9.98647E-05 9.98647E-05 9.98647E-05 9.98647E-05
0.134744 0.0268009 9.98827E-05 0.510398 9.98827E-05 9.98827E-05 9.98827E-05 0.109147 9.98827E-05 9.98827E-05 9.98827E-05 9.98827E-05 9.98827E-05 0.126802 0.0908088 9.98827E-05 9.98827E-05 9.98827E-05 9.98827E-05
0.275839 9.98739E-05 9.98739E-05 0.403534 0.00489235 9.98739E-05 9.98739E-05 0.306407 9.98739E-05 9.98739E-05 9.98739E-05 9.98739E-05 9.98739E-05 9.98739E-05 9.98739E-05 9.98739E-05 9.98739E-05 0.00793056 9.98739E-05
0.269081 9.98829E-05 9.98829E-05 0.00627094 9.98829E-05 9.98829E-05 0.124295 9.98829E-05 9.98829E-05 0.0251559 9.98829E-05 9.98829E-05 9.98829E-05 0.50351 9.98829E-05 0.0703882 9.98829E-05 9.98829E-05 9.98829E-05
9.98559E-05 0.0351694 9.98559E-05 0.627453 9.98559E-05 9.98559E-05 9.98559E-05 9.98559E-05 9.98559E-05 9.98559E-05 0.335779 9.98559E-05 9.98559E-05 9.98559E-05 9.98559E-05 9.98559E-05 9.98559E-05 9.98559E-05 9.98559E-05
0.185745 9.98739E-05 9.98739E-05 0.266026 9.98739E-05 9.98739E-05 9.98739E-05 9.98739E-05 9.98739E-05 0.0299374 9.98739E-05 9.98739E-05 9.98739E-05 9.98739E-05 9.98739E-05 0.435463 9.98739E-05 0.0814302 9.98739E-05
9.98828E-05 0.0708401 9.98828E-05 0.137763 9.98828E-05 9.98828E-05 9.98828E-05 0.158036 0.147914 9.98828E-05 9.98828E-05 9.98828E-05 9.98828E-05 0.426916 9.98828E-05 9.98828E-05 0.057232 9.98828E-05 9.98828E-05
9.9856E-05 9.9856E-05 0.112098 0.882521 9.9856E-05 9.9856E-05 9.9856E-05 9.9856E-05 9.9856E-05 9.9856E-05 9.9856E-05 0.0037825 9.9856E-05 9.9856E-05 9.9856E-05 9.9856E-05 9.9856E-05 9.9856E-05 9.9856E-05
9.9865E-05 9.9865E-05 9.9865E-05 0.738417 9.9865E-05 9.9865E-05 9.9865E-05 9.9865E-05 9.9865E-05 0.0307131 9.9865E-05 9.9865E-05 9.9865E-05 9.9865E-05 9.9865E-05 9.9865E-05 0.172492 9.9865E-05 0.0568799
9.98647E-05 9.98647E-05 9.98647E-05 9.98647E-05 9.98647E-05 9.98647E-05 9.98647E-05 0.0679943 9.98647E-05 9.98647E-05 9.98647E-05 9.98647E-05 9.98647E-05 0.86152 9.98647E-05 0.040207 9.98647E-05 0.0287806 9.98647E-05
0.100729 0.111692 9.98648E-05 9.98648E-05 9.98648E-05 9.98648E-05 9.98648E-05 9.98648E-05 9.98648E-05 9.98648E-05 9.98648E-05 9.98648E-05 9.98648E-05 0.57979 0.206291 9.98648E-05 9.98648E-05 9.98648E-05 9.98648E-05
0.135111 9.98557E-05 9.98557E-05 9.98557E-05 9.98557E-05 9.98557E-05 9.98557E-05 9.98557E-05 9.98557E-05 0.297504 9.98557E-05 9.98557E-05 9.98557E-05 0.565787 9.98557E-05 9.98557E-05 9.98557E-05 9.98557E-05 9.98557E-05
0.364941 9.98739E-05 9.98739E-05 0.236165 9.98739E-05 9.98739E-05 9.98739E-05 9.98739E-05 9.98739E-05 0.114512 9.98739E-05 9.98739E-05 9.98739E-05 9.98739E-05 9.98739E-05 0.264983 9.98739E-05 0.0180014 9.98739E-05
9.9874E-05 0.663009 0.125736 0.00479541 0.02581 9.9874E-05 9.9874E-05 9.9874E-05 9.9874E-05 9.9874E-05 0.179251 9.9874E-05 9.9874E-05 9.9874E-05 9.9874E-05 9.9874E-05 9.9874E-05 9.9874E-05 9.9874E-05
0.371028 9.98646E-05 9.98646E-05 0.375282 9.98646E-05 9.98646E-05 9.98646E-05 9.98646E-05 9.98646E-05 0.049882 9.98646E-05 9.98646E-05 9.98646E-05 9.98646E-05 9.98646E-05 0.202309 9.98646E-05 9.98646E-05 9.98646E-05
9.98648E-05 9.98648E-05 9.98648E-05 0.492864 9.98648E-05 9.98648E-05 9.98648E-05 9.98648E-05 9.98648E-05 9.98648E-05 9.98648E-05 9.98648E-05 9.98648E-05 0.473887 9.98648E-05 9.98648E-05 0.0230129 9.98648E-05 0.00873806
9.98648E-05 9.98648E-05 9.98648E-05 9.98648E-05 0.0805457 9.98648E-05 9.98648E-05 9.98648E-05 0.13367 9.98648E-05 9.98648E-05 9.98648E-05 9.98648E-05 0.692534 9.98648E-05 9.98648E-05 9.98648E-05 9.98648E-05 0.0917525
0.123059 0.65454 9.98647E-05 9.98647E-05 9.98647E-05 9.98647E-05 9.98647E-05 9.98647E-05 9.98647E-05 0.0788898 9.98647E-05 9.98647E-05 9.98647E-05 9.98647E-05 9.98647E-05 0.142013 9.98647E-05 9.98647E-05 9.98647E-05
0.304215 0.140025 9.9874E-05 9.9874E-05 9.9874E-05 9.9874E-05 9.9874E-05 9.9874E-05 9.9874E-05 0.350359 9.9874E-05 9.9874E-05 9.9874E-05 0.106043 9.9874E-05 0.0979594 9.9874E-05 9.9874E-05 9.9874E-05
0.201206 0.632051 9.98647E-05 9.98647E-05 9.98647E-05 9.98647E-05 9.98647E-05 9.98647E-05 9.98647E-05 9.98647E-05 9.98647E-05 9.98647E-05 9.98647E-05 9.98647E-05 0.0141244 0.15112 9.98647E-05 9.98647E-05 9.98647E-05
0.0874705 0.193495 9.98738E-05 9.98738E-05 9.98738E-05 9.98738E-05 9.98738E-05 9.98738E-05 9.98738E-05 9.98738E-05 9.98738E-05 9.98738E-05 9.98738E-05 0.410433 0.247431 9.98738E-05 9.98738E-05 0.0597733 9.98738E-05
0.21827 0.0924259 9.98919E-05 9.98919E-05 9.98919E-05 9.98919E-05 0.00913633 9.98919E-05 9.98919E-05 0.436922 9.98919E-05 0.0335013 0.0643014 0.144245 9.98919E-05 9.98919E-05 9.98919E-05 9.98919E-05 9.98919E-05
0.0988563 0.176542 9.99009E-05 0.317403 9.99009E-05 9.99009E-05 9.99009E-05 9.99009E-05 0.208701 9.99009E-05 0.0976363 9.99009E-05 0.0805555 0.0184309 9.99009E-05 9.99009E-05 9.99009E-05 0.000776672 9.99009E-05
0.340644 9.98648E-05 9.98648E-05 0.396611 9.98648E-05 9.98648E-05 9.98648E-05 9.98648E-05 0.164834 9.98648E-05 9.98648E-05 9.98648E-05 0.0964127 9.98648E-05 9.98648E-05 9.98648E-05 9.98648E-05 9.98648E-05 9.98648E-05
0.141317 0.0139119 9.98739E-05 9.98739E-05 9.98739E-05 9.98739E-05 9.98739E-05 9.98739E-05 0.208968 9.98739E-05 9.98739E-05 9.98739E-05 0.500576 9.98739E-05 9.98739E-05 9.98739E-05 9.98739E-05 0.133829 9.98739E-05
0.519306 9.98648E-05 9.98648E-05 0.269075 9.98648E-05 9.98648E-05 9.98648E-05 9.98648E-05 9.98648E-05 0.0810618 9.98648E-05 9.98648E-05 9.98648E-05 9.98648E-05 9.98648E-05 0.129059 9.98648E-05 9.98648E-05 9.98648E-05
0.0280816 0.0582767 9.98828E-05 0.54762 9.98828E-05 9.98828E-05 0.00683965 9.98828E-05 9.98828E-05 9.98828E-05 9.98828E-05 9.98828E-05 0.164615 9.98828E-05 0.193268 9.98828E-05 9.98828E-05 9.98828E-05 9.98828E-05
9.98829E-05 9.98829E-05 9.98829E-05 0.800514 0.0566819 9.98829E-05 9.98829E-05 9.98829E-05 0.0725201 9.98829E-05 0.00378437 9.98829E-05 9.98829E-05 0.0378051 9.98829E-05 9.98829E-05 9.98829E-05 0.0273956 9.98829E-05
9.98647E-05 0.167987 9.98647E-05 9.98647E-05 9.98647E-05 9.98647E-05 9.98647E-05 9.98647E-05 9.98647E-05 9.98647E-05 9.98647E-05 9.98647E-05 9.98647E-05 9.98647E-05 0.0928382 0.120656 9.98647E-05 0.61702 9.98647E-05
0.449353 9.98558E-05 9.98558E-05 9.98558E-05 9.98558E-05 9.98558E-05 9.98558E-05 9.98558E-05 9.98558E-05 9.98558E-05 9.98558E-05 9.98558E-05 9.98558E-05 9.98558E-05 9.98558E-05 0.163348 9.98558E-05 0.385701 9.98558E-05
9.98738E-05 0.168399 0.0358523 9.98738E-05 9.98738E-05 9.98738E-05 9.98738E-05 0.148117 9.98738E-05 9.98738E-05 9.98738E-05 9.98738E-05 9.98738E-05 0.0737899 9.98738E-05 9.98738E-05 9.98738E-05 0.572444 9.98738E-05
0.252647 9.98737E-05 9.98737E-05 0.0358483 9.98737E-05 9.98737E-05 9.98737E-05 9.98737E-05 9.98737E-05 9.98737E-05 9.98737E-05 9.98737E-05 0.00178942 9.98737E-05 9.98737E-05 0.196523 9.98737E-05 0.511794 9.98737E-05
0.152412 9.98557E-05 9.98557E-05 9.98557E-05 9.98557E-05 9.98557E-05 9.98557E-05 9.98557E-05 9.98557E-05 9.98557E-05 9.98557E-05 9.98557E-05 9.98557E-05 9.98557E-05 9.98557E-05 0.118562 9.98557E-05 0.727428 9.98557E-05
9.98648E-05 9.98648E-05 0.179178 0.0312307 0.0566704 9.98648E-05 9.98648E-05 9.98648E-05 9.98648E-05 9.98648E-05 9.98648E-05 9.98648E-05 9.98648E-05 9.98648E-05 9.98648E-05 9.98648E-05 9.98648E-05 0.731423 9.98648E-05
0.260015 9.98738E-05 9.98738E-05 0.183783 9.98738E-05 9.98738E-05 9.98738E-05 0.22055 9.98738E-05 9.98738E-05 9.98738E-05 9.98738E-05 9.98738E-05 9.98738E-05 9.98738E-05 0.00524481 9.98738E-05 0.329009 9.98738E-05
0.109025 9.98558E-05 9.98558E-05 9.98558E-05 9.98558E-05 9.98558E-05 9.98558E-05 9.98558E-05 9.98558E-05 9.98558E-05 9.98558E-05 9.98558E-05 9.98558E-05 9.98558E-05 0.0779933 9.98558E-05 9.98558E-05 0.811384 9.98558E-05
0.0361395 9.98559E-05 9.98559E-05 9.98559E-05 9.98559E-05 9.98559E-05 0.608433 9.98559E-05 9.98559E-05 0.35383 9.98559E-05 9.98559E-05 9.98559E-05 9.98559E-05 9.98559E-05 9.98559E-05 9.98559E-05 9.98559E-05 9.98559E-05
0.177698 9.9883E-05 0.000720194 9.9883E-05 9.9883E-05 9.9883E-05 0.593303 9.9883E-05 9.9883E-05 0.147634 9.9883E-05 9.9883E-05 9.9883E-05 9.9883E-05 0.040589 9.9883E-05 9.9883E-05 9.9883E-05 0.0387577
0.0201924 9.98739E-05 9.98739E-05 9.98739E-05 9.98739E-05 9.98739E-05 0.754756 9.98739E-05 9.98739E-05 9.98739E-05 0.057079 0.144875 0.0216995 9.98739E-05 9.98739E-05 9.98739E-05 9.98739E-05 9.98739E-05 9.98739E-05
9.98559E-05 9.98559E-05 0.51159 9.98559E-05 9.98559E-05 9.98559E-05 0.443553 9.98559E-05 9.98559E-05 9.98559E-05 9.98559E-05 9.98559E-05 9.98559E-05 9.98559E-05 9.98559E-05 9.98559E-05 9.98559E-05 0.0432598 9.98559E-05
9.98648E-05 9.98648E-05 9.98648E-05 9.98648E-05 9.98648E-05 0.0528649 0.619552 9.98648E-05 9.98648E-05 0.306647 9.98648E-05 9.98648E-05 9.98648E-05 9.98648E-05 9.98648E-05 9.98648E-05 9.98648E-05 0.019438 9.98648E-05
9.99097E-05 9.99097E-05 0.076232 9.99097E-05 0.0300435 9.99097E-05 0.169374 0.264217 0.079212 9.99097E-05 0.0419143 9.99097E-05 9.99097E-05 9.99097E-05 0.194417 0.0711141 9.99097E-05 0.0724775 9.99097E-05
9.98468E-05 9.98468E-05 9.98468E-05 9.98468E-05 9.98468E-05 9.98468E-05 0.442572 9.98468E-05 9.98468E-05 9.98468E-05 9.98468E-05 9.98468E-05 9.98468E-05 9.98468E-05 9.98468E-05 0.55573 9.98468E-05 9.98468E-05 9.98468E-05
0.0281406 9.98558E-05 9.98558E-05 9.98558E-05 9.98558E-05 9.98558E-05 0.719102 9.98558E-05 9.98558E-05 0.251159 9.98558E-05 9.98558E-05 9.98558E-05 9.98558E-05 9.98558E-05 9.98558E-05 9.98558E-05 9.98558E-05 9.98558E-05
0.0128297 9.98829E-05 9.98829E-05 9.98829E-05 9.98829E-05 9.98829E-05 0.592889 9.98829E-05 9.98829E-05 9.98829E-05 9.98829E-05 9.98829E-05 9.98829E-05 0.0193621 0.310035 0.0480541 9.98829E-05 0.0155315 9.98829E-05
9.98919E-05 0.0164386 0.0159553 0.0802659 0.0953221 9.98919E-05 0.553487 9.98919E-05 9.98919E-05 9.98919E-05 9.98919E-05 9.98919E-05 0.0413201 9.98919E-05 9.98919E-05 9.98919E-05 0.196012 9.98919E-05 9.98919E-05
0.0184445 9.98739E-05 9.98739E-05 9.98739E-05 9.98739E-05 0.0649823 0.250496 9.98739E-05 9.98739E-05 0.62796 9.98739E-05 9.98739E-05 0.0367194 9.98739E-05 9.98739E-05 9.98739E-05 9.98739E-05 9.98739E-05 9.98739E-05
9.98648E-05 9.98648E-05 9.98648E-05 9.98648E-05 9.98648E-05 0.0368782 0.460753 9.98648E-05 9.98648E-05 9.98648E-05 9.98648E-05 9.98648E-05 9.98648E-05 9.98648E-05 9.98648E-05 9.98648E-05 0.380852 9.98648E-05 0.120019
0.0557674 9.98738E-05 9.98738E-05 9.98738E-05 9.98738E-05 9.98738E-05 0.742997 9.98738E-05 9.98738E-05 0.100199 9.98738E-05 9.98738E-05 9.98738E-05 9.98738E-05 0.00283457 0.0968035 9.98738E-05 9.98738E-05 9.98738E-05
9.99008E-05 9.99008E-05 9.99008E-05 0.00265705 9.99008E-05 9.99008E-05 0.498116 0.177814 9.99008E-05 9.99008E-05 9.99008E-05 9.99008E-05 9.99008E-05 0.013484 0.175703 0.0131485 0.0856942 0.0322851 9.99008E-05
9.98919E-05 0.0182638 0.0104284 9.98919E-05 9.98919E-05 9.98919E-05 0.527938 9.98919E-05 9.98919E-05 0.0125917 9.98919E-05 9.98919E-05 0.00260393 9.98919E-05 0.423938 9.98919E-05 9.98919E-05 9.98919E-05 0.00303746
0.0195446 0.00953769 0.0029343 9.99099E-05 0.0400962 9.99099E-05 0.253952 9.99099E-05 0.0231202 9.99099E-05 9.99099E-05 9.99099E-05 9.99099E-05 0.0129019 0.159502 0.477412 9.99099E-05 9.99099E-05 9.99099E-05
9.98917E-05 9.98917E-05 0.0160729 0.102103 0.15445 9.98917E-05 0.46938 0.0885131 0.163346 9.98917E-05 9.98917E-05 9.98917E-05 9.98917E-05 9.98917E-05 9.98917E-05 9.98917E-05 9.98917E-05 0.00493677 9.98917E-05
9.98648E-05 9.98648E-05 9.98648E-05 9.98648E-05 9.98648E-05 9.98648E-05 0.375586 9.98648E-05 0.0721086 9.98648E-05 0.499088 0.0517195 9.98648E-05 9.98648E-05 9.98648E-05 9.98648E-05 9.98648E-05 9.98648E-05 9.98648E-05
0.174118 0.026047 9.98739E-05 9.98739E-05 9.98739E-05 9.98739E-05 0.495308 9.98739E-05 9.98739E-05 9.98739E-05 9.98739E-05 9.98739E-05 9.98739E-05 9.98739E-05 0.281463 9.98739E-05 9.98739E-05 9.98739E-05 0.0216657
0.037433 9.98558E-05 9.98558E-05 9.98558E-05 9.98558E-05 9.98558E-05 0.675571 9.98558E-05 9.98558E-05 9.98558E-05 9.98558E-05 9.98558E-05 9.98558E-05 9.98558E-05 9.98558E-05 0.285398 9.98558E-05 9.98558E-05 9.98558E-05
9.98829E-05 0.0230808 0.0741231 9.98829E-05 9.98829E-05 9.98829E-05 0.587233 9.98829E-05 9.98829E-05 9.98829E-05 9.98829E-05 9.98829E-05 0.0527359 9.98829E-05 0.216595 9.98829E-05 0.0449337 9.98829E-05 9.98829E-05
9.98738E-05 9.98738E-05 9.98738E-05 9.98738E-05 0.0086519 9.98738E-05 0.622755 9.98738E-05 0.158222 9.98738E-05 9.98738E-05 0.132986 0.075986 9.98738E-05 9.98738E-05 9.98738E-05 9.98738E-05 9.98738E-05 9.98738E-05
9.99189E-05 9.99189E-05 0.317875 0.065804 0.0490307 9.99189E-05 9.99189E-05 0.0650524 0.0727687 9.99189E-05 9.99189E-05 0.0839848 9.99189E-05 9.99189E-05 0.161592 0.00165312 0.117017 9.99189E-05 0.0643221
9.98468E-05 9.98468E-05 9.98468E-05 9.98468E-05 9.98468E-05 0.728125 9.98468E-05 9.98468E-05 9.98468E-05 9.98468E-05 9.98468E-05 9.98468E-05 9.98468E-05 9.98468E-05 9.98468E-05 0.270177 9.98468E-05 9.98468E-05 9.98468E-05
9.99098E-05 9.99098E-05 9.99098E-05 9.99098E-05 0.0207172 9.99098E-05 0.000369722 0.201173 0.0568243 0.00873073 0.475381 0.204445 9.99098E-05 9.99098E-05 9.99098E-05 0.0113955 9.99098E-05 9.99098E-05 0.0199644
0.00878269 9.98918E-05 9.98918E-05 9.98918E-05 9.98918E-05 0.000344301 9.98918E-05 0.0478308 0.0463935 9.98918E-05 9.98918E-05 0.0828999 9.98918E-05 9.98918E-05 0.42662 0.38593 9.98918E-05 9.98918E-05 9.98918E-05
0.0111167 9.98557E-05 9.98557E-05 9.98557E-05 9.98557E-05 0.493663 9.98557E-05 9.98557E-05 9.98557E-05 0.493623 9.98557E-05 9.98557E-05 9.98557E-05 9.98557E-05 9.98557E-05 9.98557E-05 9.98557E-05 9.98557E-05 9.98557E-05
9.99008E-05 9.99008E-05 9.99008E-05 9.99008E-05 0.176607 0.000919277 9.99008E-05 0.133946 0.373599 9.99008E-05 0.065276 9.99008E-05 9.99008E-05 9.99008E-05 0.00785094 9.99008E-05 0.237201 9.99008E-05 0.00350183
9.98738E-05 9.98738E-05 9.98738E-05 9.98738E-05 0.00254107 0.759036 9.98738E-05 9.98738E-05 9.98738E-05 9.98738E-05 9.98738E-05 9.98738E-05 0.0180381 9.98738E-05 0.00776701 9.98738E-05 0.21122 9.98738E-05 9.98738E-05
0.0126699 9.99098E-05 9.99098E-05 0.0555598 9.99098E-05 9.99098E-05 0.0261321 0.531524 0.000676106 9.99098E-05 9.99098E-05 0.0431263 9.99098E-05 9.99098E-05 0.101509 0.20487 9.99098E-05 0.0229332 9.99098E-05
9.98559E-05 9.98559E-05 9.98559E-05 9.98559E-05 9.98559E-05 0.701762 9.98559E-05 9.98559E-05 0.256011 9.98559E-05 9.98559E-05 0.0406299 9.98559E-05 9.98559E-05 9.98559E-05 9.98559E-05 9.98559E-05 9.98559E-05 9.98559E-05
9.9874E-05 9.9874E-05 9.9874E-05 9.9874E-05 9.9874E-05 0.236969 9.9874E-05 9.9874E-05 0.0296378 0.253634 9.9874E-05 9.9874E-05 9.9874E-05 9.9874E-05 9.9874E-05 0.449724 9.9874E-05 0.0286362 9.9874E-05
9.98918E-05 9.98918E-05 9.98918E-05 0.0515011 9.98918E-05 0.0162883 0.0224884 0.237851 0.188776 9.98918E-05 9.98918E-05 9.98918E-05 9.98918E-05 9.98918E-05 9.98918E-05 9.98918E-05 0.182473 9.98918E-05 0.299424
9.98559E-05 9.98559E-05 9.98559E-05 9.98559E-05 9.98559E-05 0.587569 9.98559E-05 9.98559E-05 9.98559E-05 9.98559E-05 0.342836 0.0679972 9.98559E-05 9.98559E-05 9.98559E-05 9.98559E-05 9.98559E-05 9.98559E-05 9.98559E-05
0.000602993 9.98648E-05 9.98648E-05 9.98648E-05 9.98648E-05 0.468556 9.98648E-05 9.98648E-05 9.98648E-05 0.514976 9.98648E-05 9.98648E-05 9.98648E-05 9.98648E-05 9.98648E-05 0.0143671 9.98648E-05 9.98648E-05 9.98648E-05
9.98918E-05 9.98918E-05 0.0401346 9.98918E-05 0.374773 9.98918E-05 9.98918E-05 0.306158 0.0412292 9.98918E-05 0.00853682 0.0774427 9.98918E-05 9.98918E-05 9.98918E-05 9.98918E-05 0.150526 9.98918E-05 9.98918E-05
9.98738E-05 9.98738E-05 9.98738E-05 0.0239587 0.0622753 0.375454 9.98738E-05 9.98738E-05 0.19684 9.98738E-05 9.98738E-05 9.98738E-05 9.98738E-05 9.98738E-05 9.98738E-05 9.98738E-05 9.98738E-05 9.98738E-05 0.340074
9.98738E-05 9.98738E-05 9.98738E-05 9.98738E-05 0.138704 9.98738E-05 9.98738E-05 9.98738E-05 0.727273 9.98738E-05 0.0140282 9.98738E-05 9.98738E-05 9.98738E-05 9.98738E-05 0.113302 0.00529441 9.98738E-05 9.98738E-05
9.98468E-05 9.98468E-05 9.98468E-05 9.98468E-05 9.98468E-05 0.461081 9.98468E-05 9.98468E-05 9.98468E-05 0.537222 9.98468E-05 9.98468E-05 9.98468E-05 9.98468E-05 9.98468E-05 9.98468E-05 9.98468E-05 9.98468E-05 9.98468E-05
9.98828E-05 9.98828E-05 9.98828E-05 9.98828E-05 9.98828E-05 0.111049 9.98828E-05 0.0478004 0.535757 9.98828E-05 0.0249561 9.98828E-05 9.98828E-05 9.98828E-05 9.98828E-05 9.98828E-05 9.98828E-05 0.00708321 0.272056
9.99009E-05 9.99009E-05 0.0629287 0.000340742 0.0637803 9.99009E-05 0.0404317 0.540357 9.99009E-05 9.99009E-05 9.99009E-05 0.0133679 9.99009E-05 9.99009E-05 9.99009E-05 9.99009E-05 0.235062 9.99009E-05 0.0426329
9.98917E-05 9.98917E-05 0.00626185 9.98917E-05 9.98917E-05 0.0855511 9.98917E-05 0.191956 0.0526133 9.98917E-05 9.98917E-05 9.98917E-05 9.98917E-05 9.98917E-05 0.262493 0.330768 9.98917E-05 0.0691588 9.98917E-05
9.9892E-05 0.0124945 0.0900279 9.9892E-05 0.11181 9.9892E-05 9.9892E-05 9.9892E-05 9.9892E-05 9.9892E-05 9.9892E-05 0.648122 9.9892E-05 9.9892E-05 0.00750356 0.121446 9.9892E-05 0.00739696 9.9892E-05
9.99188E-05 0.0299534 9.99188E-05 9.99188E-05 0.0349507 0.0458577 9.99188E-05 0.0951168 0.299483 9.99188E-05 9.99188E-05 0.381057 9.99188E-05 9.99188E-05 0.0113934 0.0409788 9.99188E-05 0.0400248 0.0202849
9.98557E-05 9.98557E-05 9.98557E-05 9.98557E-05 9.98557E-05 0.473133 9.98557E-05 9.98557E-05 9.98557E-05 0.370488 9.98557E-05 9.98557E-05 9.98557E-05 9.98557E-05 9.98557E-05 0.154782 9.98557E-05 9.98557E-05 9.98557E-05
9.98919E-05 0.0781412 9.98919E-05 9.98919E-05 9.98919E-05 0.0654876 9.98919E-05 0.558768 0.183247 0.0471713 9.98919E-05 9.98919E-05 9.98919E-05 0.00803159 9.98919E-05 0.0579539 9.98919E-05 9.98919E-05 9.98919E-05
9.98736E-05 9.98736E-05 0.0411489 9.98736E-05 9.98736E-05 0.581321 9.98736E-05 0.0652503 9.98736E-05 9.98736E-05 9.98736E-05 9.98736E-05 9.98736E-05 9.98736E-05 0.252182 9.98736E-05 9.98736E-05 0.058699 9.98736E-05
0.0911254 9.99009E-05 9.99009E-05 9.99009E-05 9.99009E-05 0.0516961 0.147899 9.99009E-05 9.99009E-05 0.148011 9.99009E-05 0.00815595 9.99009E-05 0.0480176 0.370686 0.13331 9.99009E-05 9.99009E-05 9.99009E-05
9.99279E-05 0.0141864 0.0378333 0.0193337 9.99279E-05 0.0693306 0.0919951 0.152467 0.477542 9.99279E-05 9.99279E-05 9.99279E-05 0.0168499 0.0270052 9.99279E-05 9.99279E-05 0.0020028 9.99279E-05 0.0906547
9.98739E-05 9.98739E-05 9.98739E-05 9.98739E-05 9.98739E-05 9.98739E-05 0.146332 0.0653775 9.98739E-05 9.98739E-05 9.98739E-05 9.98739E-05 0.23587 9.98739E-05 0.398385 9.98739E-05 9.98739E-05 9.98739E-05 0.152637
9.9892E-05 0.0292498 9.9892E-05 9.9892E-05 0.0523083 9.9892E-05 9.9892E-05 9.9892E-05 9.9892E-05 0.788849 9.9892E-05 9.9892E-05 0.0524639 0.0258151 9.9892E-05 0.0285874 9.9892E-05 9.9892E-05 0.0215281
9.98738E-05 9.98738E-05 9.98738E-05 9.98738E-05 9.98738E-05 0.172289 0.0802924 9.98738E-05 9.98738E-05 9.98738E-05 9.98738E-05 9.98738E-05 9.98738E-05 0.0852416 0.399035 0.261744 9.98738E-05 9.98738E-05 9.98738E-05
0.0510701 0.00632587 9.99098E-05 9.99098E-05 9.99098E-05 0.0354708 0.0634372 0.0490111 9.99098E-05 0.134652 9.99098E-05 9.99098E-05 9.99098E-05 9.99098E-05 0.201146 0.395784 0.0621044 9.99098E-05 9.99098E-05
9.98918E-05 0.00871905 9.98918E-05 9.98918E-05 9.98918E-05 0.107827 9.98918E-05 9.98918E-05 9.98918E-05 0.0182944 9.98918E-05 0.165082 9.98918E-05 9.98918E-05 0.202378 9.98918E-05 0.479535 9.98918E-05 0.0169672
9.98648E-05 9.98648E-05 9.98648E-05 9.98648E-05 9.98648E-05 9.98648E-05 9.98648E-05 9.98648E-05 0.0455142 0.445707 9.98648E-05 9.98648E-05 9.98648E-05 9.98648E-05 0.157455 0.349826 9.98648E-05 9.98648E-05 9.98648E-05
9.98738E-05 9.98738E-05 9.98738E-05 9.98738E-05 0.0740469 9.98738E-05 9.98738E-05 0.141656 0.536578 9.98738E-05 0.153796 9.98738E-05 9.98738E-05 9.98738E-05 9.98738E-05 9.98738E-05 0.0925246 9.98738E-05 9.98738E-05
9.98738E-05 9.98738E-05 9.98738E-05 9.98738E-05 9.98738E-05 9.98738E-05 9.98738E-05 9.98738E-05 0.0202833 0.333238 9.98738E-05 9.98738E-05 9.98738E-05 9.98738E-05 0.376387 0.26537 0.00332348 9.98738E-05 9.98738E-05
9.98647E-05 9.98647E-05 9.98647E-05 9.98647E-05 9.98647E-05 0.260178 9.98647E-05 9.98647E-05 9.98647E-05 9.98647E-05 9.98647E-05 0.685654 9.98647E-05 9.98647E-05 0.0250271 9.98647E-05 9.98647E-05 9.98647E-05 0.0276426
9.98828E-05 9.98828E-05 9.98828E-05 9.98828E-05 9.98828E-05 9.98828E-05 0.0995707 9.98828E-05 0.1821 9.98828E-05 0.222895 0.184771 9.98828E-05 9.98828E-05 0.0349144 9.98828E-05 9.98828E-05 9.98828E-05 0.274451
0.0178192 9.99011E-05 9.99011E-05 0.0187042 9.99011E-05 0.00317534 0.0704513 0.143215 9.99011E-05 9.99011E-05 9.99011E-05 9.99011E-05 0.107901 9.99011E-05 0.572071 9.99011E-05 9.99011E-05 9.99011E-05 0.0655639
9.98918E-05 9.98918E-05 9.98918E-05 0.0353369 0.000116846 9.98918E-05 0.126981 0.271679 0.0766388 9.98918E-05 9.98918E-05 9.98918E-05 9.98918E-05 9.98918E-05 0.284455 0.203593 9.98918E-05 9.98918E-05 9.98918E-05
0.0185818 0.00418382 9.9883E-05 0.029477 0.0912791 9.9883E-05 0.0788501 9.9883E-05 9.9883E-05 9.9883E-05 9.9883E-05 9.9883E-05 9.9883E-05 9.9883E-05 0.77633 9.9883E-05 9.9883E-05 9.9883E-05 9.9883E-05
9.98738E-05 9.98738E-05 9.98738E-05 9.98738E-05 9.98738E-05 9.98738E-05 0.113338 9.98738E-05 0.38395 9.98738E-05 0.0261863 0.317008 9.98738E-05 9.98738E-05 0.158119 9.98738E-05 9.98738E-05 9.98738E-05 9.98738E-05
9.9874E-05 9.9874E-05 9.9874E-05 9.9874E-05 0.0675608 9.9874E-05 0.0566022 9.9874E-05 9.9874E-05 0.692277 9.9874E-05 9.9874E-05 9.9874E-05 9.9874E-05 0.115117 0.0670445 9.9874E-05 9.9874E-05 9.9874E-05
9.98739E-05 9.98739E-05 9.98739E-05 9.98739E-05 9.98739E-05 0.183806 9.98739E-05 9.98739E-05 9.98739E-05 0.671341 9.98739E-05 0.00405677 9.98739E-05 9.98739E-05 0.105598 9.98739E-05 9.98739E-05 9.98739E-05 0.0337996
0.0404424 9.98829E-05 9.98829E-05 9.98829E-05 9.98829E-05 0.124069 9.98829E-05 9.98829E-05 9.98829E-05 9.98829E-05 9.98829E-05 9.98829E-05 9.98829E-05 0.033834 0.115808 0.609358 9.98829E-05 9.98829E-05 0.0751903
0.124195 9.98738E-05 9.98738E-05 9.98738E-05 9.98738E-05 9.98738E-05 9.98738E-05 9.98738E-05 9.98738E-05 0.513445 9.98738E-05 9.98738E-05 9.98738E-05 9.98738E-05 0.209311 0.0239513 9.98738E-05 9.98738E-05 0.127701
9.9865E-05 9.9865E-05 9.9865E-05 9.9865E-05 0.145151 9.9865E-05 9.9865E-05 9.9865E-05 9.9865E-05 0.824455 9.9865E-05 0.00870598 9.9865E-05 9.9865E-05 9.9865E-05 9.9865E-05 0.0201895 9.9865E-05 9.9865E-05
0.156418 9.98829E-05 9.98829E-05 9.98829E-05 9.98829E-05 0.196584 9.98829E-05 9.98829E-05 9.98829E-05 9.98829E-05 9.98829E-05 9.98829E-05 9.98829E-05 9.98829E-05 0.00884206 0.461999 9.98829E-05 0.0124234 0.162436
9.99007E-05 9.99007E-05 9.99007E-05 9.99007E-05 9.99007E-05 0.0460977 9.99007E-05 0.0625064 0.0529045 0.0851821 9.99007E-05 9.99007E-05 9.99007E-05 9.99007E-05 0.214995 0.463307 0.0362764 0.0376326 9.99007E-05
9.9865E-05 9.9865E-05 0.599701 9.9865E-05 0.315523 9.9865E-05 9.9865E-05 9.9865E-05 9.9865E-05 9.9865E-05 0.0414936 9.9865E-05 9.9865E-05 9.9865E-05 0.0417845 9.9865E-05 9.9865E-05 9.9865E-05 9.9865E-05
9.98918E-05 0.015211 9.98918E-05 9.98918E-05 0.780159 0.0185094 9.98918E-05 9.98918E-05 0.0369923 9.98918E-05 0.106953 9.98918E-05 9.98918E-05 0.00431366 9.98918E-05 0.036663 9.98918E-05 9.98918E-05 9.98918E-05
9.98917E-05 9.98917E-05 0.145195 9.98917E-05 0.0777473 9.98917E-05 9.98917E-05 9.98917E-05 0.0436849 9.98917E-05 9.98917E-05 9.98917E-05 9.98917E-05 0.0337771 0.114748 0.528484 9.98917E-05 0.0551649 9.98917E-05
9.98737E-05 9.98737E-05 9.98737E-05 9.98737E-05 0.633323 9.98737E-05 9.98737E-05 0.021882 0.165849 9.98737E-05 9.98737E-05 9.98737E-05 9.98737E-05 9.98737E-05 9.98737E-05 0.0519175 0.12563 9.98737E-05 9.98737E-05
9.98649E-05 9.98649E-05 0.043322 9.98649E-05 0.899473 9.98649E-05 0.0361913 9.98649E-05 9.98649E-05 9.98649E-05 0.0195156 9.98649E-05 9.98649E-05 9.98649E-05 9.98649E-05 9.98649E-05 9.98649E-05 9.98649E-05 9.98649E-05
9.98828E-05 0.0509648 9.98828E-05 9.98828E-05 0.378857 9.98828E-05 0.0240155 9.98828E-05 9.98828E-05 9.98828E-05 0.514152 9.98828E-05 9.98828E-05 9.98828E-05 0.0164501 0.0142622 9.98828E-05 9.98828E-05 9.98828E-05
9.98829E-05 9.98829E-05 9.98829E-05 9.98829E-05 0.716302 0.0102202 0.0208392 0.00924924 0.0710645 9.98829E-05 0.171026 9.98829E-05 9.98829E-05 9.98829E-05 9.98829E-05 9.98829E-05 9.98829E-05 9.98829E-05 9.98829E-05
9.9883E-05 0.0182911 9.9883E-05 9.9883E-05 0.222399 0.0359766 9.9883E-05 9.9883E-05 9.9883E-05 9.9883E-05 9.9883E-05 9.9883E-05 9.9883E-05 0.0141627 9.9883E-05 0.699033 9.9883E-05 0.00883955 9.9883E-05
9.98561E-05 9.98561E-05 9.98561E-05 9.98561E-05 9.98561E-05 0.203839 9.98561E-05 9.98561E-05 9.98561E-05 0.441948 9.98561E-05 9.98561E-05 9.98561E-05 9.98561E-05 9.98561E-05 0.352615 9.98561E-05 9.98561E-05 9.98561E-05
9.98918E-05 9.98918E-05 0.277356 9.98918E-05 9.98918E-05 9.98918E-05 0.0435542 0.5443 9.98918E-05 9.98918E-05 0.00859348 9.98918E-05 9.98918E-05 0.0696773 9.98918E-05 0.046398 9.98918E-05 0.00892165 9.98918E-05
9.98651E-05 9.98651E-05 9.98651E-05 9.98651E-05 0.112656 9.98651E-05 0.0790435 9.98651E-05 9.98651E-05 9.98651E-05 9.98651E-05 9.98651E-05 9.98651E-05 9.98651E-05 9.98651E-05 0.773454 9.98651E-05 0.0333483 9.98651E-05
9.9883E-05 9.9883E-05 9.9883E-05 9.9883E-05 0.102253 0.021336 9.9883E-05 0.0619069 9.9883E-05 9.9883E-05 9.9883E-05 9.9883E-05 9.9883E-05 0.147079 9.9883E-05 0.550655 9.9883E-05 0.115472 9.9883E-05
9.98901E-05 9.98901E-05 0.0857598 9.98901E-05 0.283156 9.98901E-05 0.0229656 0.1182 9.98901E-05 9.98901E-05 9.98901E-05 9.98901E-05 9.98901E-05 9.98901E-05 0.0374272 0.316726 0.0148846 0.119782 9.98901E-05
0.00992377 9.9892E-05 9.9892E-05 9.9892E-05 9.9892E-05 0.10828 0.00904539 0.0380037 0.00282657 0.0484401 9.9892E-05 9.9892E-05 9.9892E-05 9.9892E-05 9.9892E-05 0.782282 9.9892E-05 9.9892E-05 9.9892E-05
0.0397735 9.98919E-05 0.346518 9.98919E-05 9.98919E-05 9.98919E-05 0.0399677 0.00215899 9.98919E-05 0.015477 9.98919E-05 9.98919E-05 9.98919E-05 9.98919E-05 0.0187577 0.536149 9.98919E-05 9.98919E-05 9.98919E-05
0.0183833 0.113212 9.98649E-05 9.98649E-05 9.98649E-05 9.98649E-05 9.98649E-05 0.559849 9.98649E-05 9.98649E-05 9.98649E-05 9.98649E-05 9.98649E-05 9.98649E-05 9.98649E-05 9.98649E-05 9.98649E-05 9.98649E-05 0.307058
0.00957371 9.9916E-05 9.9916E-05 0.0188174 0.0359185 9.9916E-05 9.9916E-05 0.113328 9.9916E-05 9.9916E-05 9.9916E-05 0.00877671 9.9916E-05 9.9916E-05 9.9916E-05 0.531995 0.11329 0.0708426 0.0964588
0.000946359 9.98918E-05 0.285979 9.98918E-05 0.0143145 9.98918E-05 0.121309 0.143402 9.98918E-05 9.98918E-05 9.98918E-05 9.98918E-05 9.98918E-05 0.0211062 9.98918E-05 0.411744 9.98918E-05 9.98918E-05 9.98918E-05
9.98828E-05 9.98828E-05 0.133852 9.98828E-05 0.187053 9.98828E-05 9.98828E-05 0.228073 0.0648121 9.98828E-05 9.98828E-05 9.98828E-05 9.98828E-05 9.98828E-05 9.98828E-05 9.98828E-05 0.384495 9.98828E-05 0.000416881
9.9892E-05 9.9892E-05 0.135781 9.9892E-05 0.0739352 9.9892E-05 9.9892E-05 0.620145 9.9892E-05 0.00701229 9.9892E-05 0.09175 9.9892E-05 0.00350852 0.066669 9.9892E-05 9.9892E-05 9.9892E-05 9.9892E-05
0.0132226 9.9919E-05 0.0537822 0.0436171 0.00307264 9.9919E-05 9.9919E-05 9.9919E-05 9.9919E-05 0.175853 0.00468411 0.00393268 9.9919E-05 9.9919E-05 9.9919E-05 0.669631 0.0301895 0.00111581 9.9919E-05
9.98828E-05 9.98828E-05 0.01148 9.98828E-05 9.98828E-05 9.98828E-05 0.0521707 0.169514 0.0982047 9.98828E-05 9.98828E-05 9.98828E-05 9.98828E-05 9.98828E-05 9.98828E-05 0.616972 9.98828E-05 0.0503601 9.98828E-05
9.9874E-05 9.9874E-05 9.9874E-05 9.9874E-05 9.9874E-05 0.0880111 9.9874E-05 9.9874E-05 9.9874E-05 0.326777 9.9874E-05 0.0194513 9.9874E-05 9.9874E-05 9.9874E-05 0.552645 9.9874E-05 9.9874E-05 0.0117178
