0.565042 0.121077 9.9955E-05 9.9955E-05 0.25953 9.9955E-05 9.9955E-05 0.0538511 9.9955E-05
0.512263 0.0158374 9.9973E-05 0.0151675 0.418143 9.9973E-05 0.00438327 0.0339057 9.9973E-05
0.205328 0.0201215 0.0562975 0.696934 9.99729E-05 9.99729E-05 0.00118859 9.99729E-05 0.0198305
0.286033 0.0352715 0.0776589 9.9973E-05 0.339939 0.00531329 9.9973E-05 9.9973E-05 0.255485
9.9964E-05 9.9964E-05 0.0892087 9.9964E-05 0.481538 9.9964E-05 0.0226516 0.239767 0.166434
0.411473 9.9973E-05 0.313873 0.134284 0.013095 9.9973E-05 0.071847 0.0551279 9.9973E-05
0.400981 9.99459E-05 9.99459E-05 0.488464 9.99459E-05 0.109955 9.99459E-05 9.99459E-05 9.99459E-05
0.370733 9.9964E-05 0.198936 0.281089 0.0770535 9.9964E-05 0.0717888 9.9964E-05 9.9964E-05
0.42819 0.0175279 0.0858915 9.9973E-05 0.304711 9.9973E-05 0.0227014 9.9973E-05 0.140678
9.99549E-05 0.0510323 0.400744 0.296314 9.99549E-05 0.25141 9.99549E-05 9.99549E-05 9.99549E-05
0.273458 0.0218508 0.0868974 9.9973E-05 0.528486 9.9973E-05 9.9973E-05 0.0650445 0.0239637
0.0639753 9.9955E-05 0.242659 9.9955E-05 0.566712 9.9955E-05 9.9955E-05 9.9955E-05 0.126154
0.260448 0.00262174 9.9991E-05 0.104381 0.0257695 0.0580796 0.0641794 0.218971 0.265449
0.446232 9.9946E-05 0.17886 0.374308 9.9946E-05 9.9946E-05 9.9946E-05 9.9946E-05 9.9946E-05
0.0522642 9.99549E-05 0.0760206 9.99549E-05 0.83329 0.0379257 9.99549E-05 9.99549E-05 9.99549E-05
0.1679 0.0290824 0.0602154 0.365235 9.99729E-05 0.354556 0.0227106 9.99729E-05 9.99729E-05
0.529082 9.99549E-05 9.99549E-05 0.384009 9.99549E-05 0.0706308 9.99549E-05 9.99549E-05 0.0157791
0.472873 9.99459E-05 9.99459E-05 0.488727 0.0378004 9.99459E-05 9.99459E-05 9.99459E-05 9.99459E-05
0.27748 9.9964E-05 0.0371664 0.133374 0.250293 9.9964E-05 9.9964E-05 9.9964E-05 0.301287
9.9955E-05 0.842807 9.9955E-05 9.9955E-05 0.10769 0.00222603 9.9955E-05 0.0467775 9.9955E-05
9.9937E-05 0.827751 9.9937E-05 9.9937E-05 9.9937E-05 9.9937E-05 9.9937E-05 9.9937E-05 0.17155
0.0502047 0.901382 9.99459E-05 9.99459E-05 9.99459E-05 9.99459E-05 9.99459E-05 0.0478141 9.99459E-05
9.99369E-05 0.639165 9.99369E-05 9.99369E-05 9.99369E-05 9.99369E-05 9.99369E-05 9.99369E-05 0.360135
9.99459E-05 0.729991 9.99459E-05 9.99459E-05 0.1778 9.99459E-05 9.99459E-05 9.99459E-05 0.0916096
0.0713284 0.479846 0.0215478 0.243988 9.99639E-05 9.99639E-05 0.18289 9.99639E-05 9.99639E-05
9.99549E-05 0.440965 0.0417355 9.99549E-05 0.396049 9.99549E-05 0.120751 9.99549E-05 9.99549E-05
9.99459E-05 0.24452 9.99459E-05 9.99459E-05 9.99459E-05 0.520918 0.233962 9.99459E-05 9.99459E-05
9.9973E-05 0.382119 9.9973E-05 9.9973E-05 0.268373 0.00404984 0.10281 0.143133 0.0992153
0.0537979 0.869288 9.99549E-05 9.99549E-05 9.99549E-05 0.0323335 9.99549E-05 0.0440812 9.99549E-05
9.99369E-05 0.84817 9.99369E-05 9.99369E-05 9.99369E-05 9.99369E-05 9.99369E-05 9.99369E-05 0.15113
9.99551E-05 0.588124 9.99551E-05 0.113439 9.99551E-05 0.160325 9.99551E-05 9.99551E-05 0.137612
0.106507 0.273994 0.0168266 0.00288549 9.9982E-05 0.0668745 0.450858 0.0818536 9.9982E-05
9.99459E-05 0.598981 9.99459E-05 0.150511 9.99459E-05 0.249908 9.99459E-05 9.99459E-05 9.99459E-05
0.119962 0.69631 9.99459E-05 0.183128 9.99459E-05 9.99459E-05 9.99459E-05 9.99459E-05 9.99459E-05
9.99459E-05 0.827039 0.021272 9.99459E-05 9.99459E-05 9.99459E-05 9.99459E-05 9.99459E-05 0.15109
9.99459E-05 0.757239 9.99459E-05 9.99459E-05 0.205391 9.99459E-05 9.99459E-05 9.99459E-05 0.03677
9.9946E-05 0.726454 9.9946E-05 9.9946E-05 0.179533 0.0934137 9.9946E-05 9.9946E-05 9.9946E-05
9.99369E-05 0.670469 9.99369E-05 9.99369E-05 9.99369E-05 9.99369E-05 9.99369E-05 9.99369E-05 0.328831
0.145603 9.99549E-05 9.99549E-05 9.99549E-05 0.0113111 9.99549E-05 0.826818 9.99549E-05 0.015768
9.9946E-05 9.9946E-05 9.9946E-05 9.9946E-05 9.9946E-05 0.262816 0.672536 0.0640483 9.9946E-05
9.9955E-05 0.0881508 9.9955E-05 0.148809 9.9955E-05 0.35544 0.4071 9.9955E-05 9.9955E-05
9.9964E-05 0.00511255 9.9964E-05 9.9964E-05 9.9964E-05 0.0979561 0.520873 0.0177738 0.357885
0.158242 0.284295 9.99459E-05 9.99459E-05 9.99459E-05 9.99459E-05 0.556863 9.99459E-05 9.99459E-05
9.9964E-05 0.103637 0.0469773 0.221429 9.9964E-05 0.0892204 0.538336 9.9964E-05 9.9964E-05
9.9955E-05 0.117943 9.9955E-05 9.9955E-05 0.480174 9.9955E-05 0.276217 9.9955E-05 0.125166
9.99369E-05 9.99369E-05 9.99369E-05 9.99369E-05 0.44614 9.99369E-05 0.553161 9.99369E-05 9.99369E-05
9.99549E-05 0.184813 9.99549E-05 0.20721 9.99549E-05 0.21662 0.390857 9.99549E-05 9.99549E-05
0.118971 9.99639E-05 0.0282257 9.99639E-05 0.0155255 9.99639E-05 0.812408 0.0244701 9.99639E-05
9.9946E-05 9.9946E-05 9.9946E-05 9.9946E-05 9.9946E-05 0.628885 0.346352 0.0241636 9.9946E-05
0.00609065 9.9955E-05 9.9955E-05 9.9955E-05 0.221949 9.9955E-05 0.702422 9.9955E-05 0.0690391
9.9946E-05 9.9946E-05 9.9946E-05 9.9946E-05 9.9946E-05 0.266663 0.703874 0.0288638 9.9946E-05
9.9964E-05 0.0745929 0.0231997 9.9964E-05 9.9964E-05 9.9964E-05 0.521418 0.107921 0.272468
9.99549E-05 0.155261 0.0401938 9.99549E-05 0.414227 9.99549E-05 0.389819 9.99549E-05 9.99549E-05
9.9964E-05 0.0303976 0.0288499 0.00576388 0.434804 9.9964E-05 0.499785 9.9964E-05 9.9964E-05
9.9964E-05 0.0742327 9.9964E-05 9.9964E-05 0.179417 0.0151252 0.367259 9.9964E-05 0.363565
9.9964E-05 0.473571 9.9964E-05 0.0172784 0.0285821 9.9964E-05 0.0248036 9.9964E-05 0.455365
0.0379532 9.99639E-05 9.99639E-05 0.025582 9.99639E-05 0.115531 0.779364 0.0411698 9.99639E-05
9.9973E-05 0.0926138 0.00581975 9.9973E-05 9.9973E-05 0.130167 0.603373 0.0482146 0.119512
9.99459E-05 9.99459E-05 9.99459E-05 9.99459E-05 9.99459E-05 0.266999 0.705159 0.0272415 9.99459E-05
9.99459E-05 9.99459E-05 9.99459E-05 9.99459E-05 0.185553 9.99459E-05 0.732497 9.99459E-05 0.0813505
0.084218 0.0575161 9.99549E-05 9.99549E-05 0.189759 9.99549E-05 0.668007 9.99549E-05 9.99549E-05
9.99369E-05 9.99369E-05 9.99369E-05 9.99369E-05 0.330776 9.99369E-05 0.668524 9.99369E-05 9.99369E-05
0.0412096 0.0843673 9.9973E-05 0.138508 9.9973E-05 0.102875 0.516754 0.115986 9.9973E-05
9.99459E-05 0.015059 9.99459E-05 9.99459E-05 9.99459E-05 9.99459E-05 0.508137 9.99459E-05 0.476204
9.99459E-05 9.99459E-05 9.99459E-05 0.547454 9.99459E-05 0.0226988 0.429248 9.99459E-05 9.99459E-05
0.14197 0.187211 0.029783 9.99639E-05 0.304689 9.99639E-05 0.335947 9.99639E-05 9.99639E-05
9.9946E-05 9.9946E-05 9.9946E-05 9.9946E-05 0.252344 9.9946E-05 0.601532 9.9946E-05 0.145524
9.9946E-05 9.9946E-05 9.9946E-05 9.9946E-05 0.428081 9.9946E-05 0.562322 9.9946E-05 0.00899717
0.0861395 0.216418 9.99639E-05 0.0740757 0.214104 9.99639E-05 0.408863 9.99639E-05 9.99639E-05
0.211958 0.37964 0.0606673 9.99639E-05 9.99639E-05 9.99639E-05 0.338076 0.00925818 9.99639E-05
9.99549E-05 0.278214 9.99549E-05 9.99549E-05 9.99549E-05 0.402005 0.28473 0.0345518 9.99549E-05
9.99459E-05 9.99459E-05 9.99459E-05 0.376274 9.99459E-05 0.137187 0.485939 9.99459E-05 9.99459E-05
9.9946E-05 0.650574 9.9946E-05 9.9946E-05 0.105404 9.9946E-05 9.9946E-05 9.9946E-05 0.243422
9.99458E-05 9.99458E-05 9.99458E-05 0.184317 9.99458E-05 0.165216 0.649867 9.99458E-05 9.99458E-05
9.99459E-05 0.0610377 9.99459E-05 9.99459E-05 0.333069 9.99459E-05 0.605293 9.99459E-05 9.99459E-05
9.9964E-05 0.273117 0.0374622 9.9964E-05 0.370293 9.9964E-05 0.238375 9.9964E-05 0.0803529
9.99458E-05 0.746399 9.99458E-05 0.146148 9.99458E-05 0.106854 9.99458E-05 9.99458E-05 9.99458E-05
9.9955E-05 0.209242 9.9955E-05 0.229718 9.9955E-05 0.362029 0.198512 9.9955E-05 9.9955E-05
9.99549E-05 0.743254 9.99549E-05 0.196805 9.99549E-05 0.0344333 0.0250082 9.99549E-05 9.99549E-05
0.114074 0.428724 0.030777 9.99639E-05 9.99639E-05 9.99639E-05 0.309512 0.116512 9.99639E-05
9.9955E-05 0.191983 9.9955E-05 9.9955E-05 9.9955E-05 0.47937 0.261859 0.0662886 9.9955E-05
9.99459E-05 0.210105 9.99459E-05 9.99459E-05 9.99459E-05 9.99459E-05 0.451166 9.99459E-05 0.33813
9.99549E-05 9.99549E-05 9.99549E-05 9.99549E-05 9.99549E-05 0.0250694 0.737462 0.0161705 0.220799
9.9955E-05 0.12218 9.9955E-05 9.9955E-05 9.9955E-05 0.0883295 0.482705 9.9955E-05 0.306285
9.99459E-05 9.99459E-05 9.99459E-05 0.156 9.99459E-05 0.204643 0.638758 9.99459E-05 9.99459E-05
9.9964E-05 0.10383 9.9964E-05 9.9964E-05 0.133002 9.9964E-05 0.617373 0.131316 0.0140802
9.99459E-05 9.99459E-05 9.99459E-05 9.99459E-05 0.254977 9.99459E-05 0.567996 9.99459E-05 0.176427
0.120317 0.40812 0.0248224 0.274987 9.99639E-05 9.99639E-05 0.171354 9.99639E-05 9.99639E-05
9.99549E-05 0.00321126 9.99549E-05 0.504138 9.99549E-05 0.00662565 0.485525 9.99549E-05 9.99549E-05
0.105207 0.418925 9.9955E-05 9.9955E-05 0.295228 9.9955E-05 0.180141 9.9955E-05 9.9955E-05
9.99459E-05 0.00342741 9.99459E-05 0.449827 9.99459E-05 9.99459E-05 0.546146 9.99459E-05 9.99459E-05
9.99459E-05 0.0585307 9.99459E-05 0.501395 9.99459E-05 9.99459E-05 0.439475 9.99459E-05 9.99459E-05
9.9955E-05 0.180143 9.9955E-05 9.9955E-05 0.513183 9.9955E-05 0.29646 9.9955E-05 0.00971468
0.134282 9.99549E-05 9.99549E-05 0.218241 9.99549E-05 9.99549E-05 0.62694 9.99549E-05 0.0200369
0.146437 0.179324 0.0175222 0.204529 0.00679126 9.9973E-05 0.445096 9.9973E-05 9.9973E-05
9.99549E-05 9.99549E-05 9.99549E-05 0.0444727 9.99549E-05 0.354399 0.017832 0.582797 9.99549E-05
9.9964E-05 0.0321817 9.9964E-05 0.11253 9.9964E-05 0.160883 0.077546 0.61646 9.9964E-05
9.9955E-05 9.9955E-05 9.9955E-05 0.0260755 9.9955E-05 0.0153613 9.9955E-05 0.772052 0.186011
9.9955E-05 9.9955E-05 0.00921785 0.104215 0.391574 9.9955E-05 9.9955E-05 0.494493 9.9955E-05
9.99549E-05 9.99549E-05 0.0259925 0.0991335 9.99549E-05 0.30343 9.99549E-05 0.570944 9.99549E-05
0.594759 0.00864309 9.99639E-05 9.99639E-05 0.151673 9.99639E-05 9.99639E-05 0.175215 0.0693098
9.99368E-05 9.99368E-05 9.99368E-05 0.620306 9.99368E-05 9.99368E-05 9.99368E-05 0.378995 9.99368E-05
9.99459E-05 9.99459E-05 9.99459E-05 0.041608 9.99459E-05 0.259237 9.99459E-05 0.698555 9.99459E-05
0.137011 0.0438254 0.0553541 0.0987097 9.99639E-05 9.99639E-05 9.99639E-05 0.6647 9.99639E-05
9.99549E-05 0.0524797 9.99549E-05 9.99549E-05 0.318356 9.99549E-05 9.99549E-05 0.587642 0.0410225
9.99459E-05 9.99459E-05 0.108317 9.99459E-05 9.99459E-05 0.592578 9.99459E-05 0.298505 9.99459E-05
9.99549E-05 9.99549E-05 0.0586212 0.0818917 0.392358 9.99549E-05 9.99549E-05 0.466629 9.99549E-05
0.0509498 9.99549E-05 9.99549E-05 0.121462 9.99549E-05 0.133401 9.99549E-05 0.693688 9.99549E-05
0.347514 9.99549E-05 9.99549E-05 9.99549E-05 0.0942179 9.99549E-05 0.0444624 0.513306 9.99549E-05
0.141043 0.0601568 0.0869582 9.99639E-05 9.99639E-05 0.0622776 9.99639E-05 0.649164 9.99639E-05
0.343479 0.0202192 9.99639E-05 0.331536 9.99639E-05 0.0670365 9.99639E-05 0.237329 9.99639E-05
9.99549E-05 9.99549E-05 9.99549E-05 9.99549E-05 0.44013 9.99549E-05 0.0226228 0.433092 0.103655
9.99459E-05 9.99459E-05 9.99459E-05 0.0669681 9.99459E-05 9.99459E-05 9.99459E-05 0.361004 0.571429
0.0701184 0.0900441 0.0894689 0.0124916 9.9982E-05 0.0394478 0.107499 0.59073 9.9982E-05
0.0179202 9.99549E-05 9.99549E-05 0.348714 9.99549E-05 0.0177574 9.99549E-05 0.615108 9.99549E-05
0.0245934 0.0735878 0.061854 9.9964E-05 0.0789335 9.9964E-05 9.9964E-05 0.760631 9.9964E-05
9.99369E-05 9.99369E-05 9.99369E-05 9.99369E-05 9.99369E-05 9.99369E-05 9.99369E-05 0.656875 0.342426
0.307279 0.0341545 0.0790038 9.9973E-05 0.412412 9.9973E-05 9.9973E-05 0.0864992 0.0803512
9.99369E-05 9.99369E-05 0.674443 0.324857 9.99369E-05 9.99369E-05 9.99369E-05 9.99369E-05 9.99369E-05
0.27767 9.9973E-05 9.9973E-05 0.0263349 0.0322562 0.0321532 0.0344633 9.9973E-05 0.596822
0.715637 0.0187815 0.0476885 0.0063435 9.99639E-05 0.211149 9.99639E-05 9.99639E-05 9.99639E-05
9.99459E-05 9.99459E-05 0.504387 0.00940429 9.99459E-05 0.485609 9.99459E-05 9.99459E-05 9.99459E-05
0.333216 9.99549E-05 0.0155128 9.99549E-05 0.430165 9.99549E-05 9.99549E-05 9.99549E-05 0.220606
9.99639E-05 0.0280527 0.710918 9.99639E-05 0.192722 0.0617963 9.99639E-05 9.99639E-05 0.00611071
0.650401 9.9982E-05 0.00260973 0.0870402 0.0247799 9.9982E-05 0.120484 0.0554052 0.0590797
9.99369E-05 9.99369E-05 0.711184 9.99369E-05 9.99369E-05 9.99369E-05 9.99369E-05 9.99369E-05 0.288116
0.0640328 9.9964E-05 0.232819 0.436898 9.9964E-05 0.245736 9.9964E-05 9.9964E-05 0.0201145
0.150665 9.99729E-05 0.209946 9.99729E-05 0.486849 9.99729E-05 0.0275976 0.0504149 0.0742274
9.99369E-05 9.99369E-05 0.551455 9.99369E-05 9.99369E-05 9.99369E-05 9.99369E-05 9.99369E-05 0.447845
9.99459E-05 9.99459E-05 0.387648 0.153251 9.99459E-05 0.458501 9.99459E-05 9.99459E-05 9.99459E-05
0.199224 9.99459E-05 9.99459E-05 9.99459E-05 0.672675 9.99459E-05 9.99459E-05 9.99459E-05 0.127501
9.99459E-05 9.99459E-05 0.548638 9.99459E-05 0.171677 9.99459E-05 9.99459E-05 9.99459E-05 0.279085
0.331749 9.99549E-05 9.99549E-05 0.0795977 0.202552 9.99549E-05 9.99549E-05 9.99549E-05 0.385601
9.99459E-05 9.99459E-05 0.483739 0.00435854 9.99459E-05 0.511303 9.99459E-05 9.99459E-05 9.99459E-05
0.0547362 9.99549E-05 0.33323 9.99549E-05 0.191965 9.99549E-05 9.99549E-05 9.99549E-05 0.419569
0.294897 9.9946E-05 9.9946E-05 9.9946E-05 0.590293 9.9946E-05 9.9946E-05 0.114211 9.9946E-05
0.649682 0.0257076 0.113827 0.176782 0.0336016 9.99639E-05 9.99639E-05 9.99639E-05 9.99639E-05
0.210058 0.0746604 9.9982E-05 0.0241147 0.0288003 0.130698 9.9982E-05 0.0973407 0.434128
0.366639 0.0514735 0.088299 9.9964E-05 9.9964E-05 0.0384026 9.9964E-05 9.9964E-05 0.454786
0.0294886 9.99549E-05 0.46754 0.108649 9.99549E-05 0.393823 9.99549E-05 9.99549E-05 9.99549E-05
0.257468 0.0767671 0.159601 0.171956 0.307672 9.9973E-05 0.0262352 9.9973E-05 9.9973E-05
0.332526 9.99459E-05 0.64033 9.99459E-05 9.99459E-05 9.99459E-05 0.0265436 9.99459E-05 9.99459E-05
0.314314 0.0560822 0.11577 0.000467509 9.9982E-05 0.280277 0.0596417 0.173247 9.9982E-05
0.141629 0.0134257 0.207109 9.9982E-05 0.234604 9.9982E-05 0.0562494 0.103117 0.243666
0.051026 0.0161927 0.339199 9.9982E-05 0.0537367 0.00784475 0.0827436 0.449057 9.9982E-05
9.9982E-05 0.0571248 0.0256335 0.0828074 0.00619994 0.759751 0.012732 9.9982E-05 0.0555518
0.308056 0.0475272 0.286714 0.148118 9.99819E-05 0.0644635 0.0160749 0.128847 9.99819E-05
0.289503 0.0255436 0.0985969 0.240735 9.9982E-05 0.24479 0.0198504 0.0807818 9.9982E-05
0.143394 0.083117 0.156741 9.997E-05 0.300933 0.272311 9.997E-05 9.997E-05 0.0432039
0.309642 9.99549E-05 0.00773477 0.128786 9.99549E-05 0.553338 9.99549E-05 9.99549E-05 9.99549E-05
0.319547 9.99459E-05 9.99459E-05 9.99459E-05 0.283565 9.99459E-05 9.99459E-05 9.99459E-05 0.396288
0.400854 9.99549E-05 0.0920617 0.00593096 9.99549E-05 0.500653 9.99549E-05 9.99549E-05 9.99549E-05
0.0209152 9.9964E-05 0.372084 9.9964E-05 9.9964E-05 0.149169 9.9964E-05 0.0588554 0.398576
0.0421284 9.99729E-05 0.176506 9.99729E-05 0.101104 0.032237 9.99729E-05 0.137392 0.510333
0.406516 0.0333641 0.225079 9.9964E-05 9.9964E-05 9.9964E-05 0.108559 0.226082 9.9964E-05
0.610339 9.9982E-05 0.0329566 0.0612091 0.0221395 9.9982E-05 0.0682555 0.174998 0.0299029
0.401943 0.0846479 0.198755 9.9973E-05 9.9973E-05 0.0516669 0.0134162 0.249271 9.9973E-05
0.275523 9.99639E-05 0.0053442 9.99639E-05 9.99639E-05 0.125824 9.99639E-05 0.154394 0.438515
0.133924 9.9964E-05 9.9964E-05 0.043585 0.0174343 0.727992 9.9964E-05 0.0766649 9.9964E-05
9.99549E-05 9.99549E-05 0.313848 0.0075856 9.99549E-05 0.670827 9.99549E-05 0.00724012 9.99549E-05
0.208441 9.9964E-05 0.234603 0.518058 9.9964E-05 0.00803262 0.0304655 9.9964E-05 9.9964E-05
0.077135 0.0194552 0.232157 9.99639E-05 9.99639E-05 0.613243 0.0576095 9.99639E-05 9.99639E-05
9.9946E-05 9.9946E-05 9.9946E-05 9.9946E-05 0.118647 0.844301 9.9946E-05 0.0364525 9.9946E-05
9.99639E-05 0.00207646 0.353184 0.543948 9.99639E-05 9.99639E-05 0.0895638 0.0108283 9.99639E-05
0.517205 9.99549E-05 0.074956 0.212949 9.99549E-05 0.19439 9.99549E-05 9.99549E-05 9.99549E-05
9.9964E-05 0.0591536 0.0644607 0.0345942 0.815121 9.9964E-05 9.9964E-05 9.9964E-05 0.0262709
0.107234 0.00825262 9.99639E-05 0.0852633 0.637572 9.99639E-05 9.99639E-05 9.99639E-05 0.161279
0.363087 0.0231446 9.99549E-05 0.45358 0.159689 9.99549E-05 9.99549E-05 9.99549E-05 9.99549E-05
0.123856 9.99639E-05 9.99639E-05 0.0831484 0.765603 0.00527475 9.99639E-05 9.99639E-05 0.0217173
9.9955E-05 9.9955E-05 9.9955E-05 0.0456367 0.848718 9.9955E-05 9.9955E-05 0.039203 0.0659421
0.081193 0.0651016 9.99639E-05 0.127761 0.153725 9.99639E-05 9.99639E-05 9.99639E-05 0.57182
0.078473 9.99549E-05 9.99549E-05 0.093109 0.558457 9.99549E-05 9.99549E-05 9.99549E-05 0.269461
0.144831 0.025316 9.9964E-05 0.684293 0.12089 0.0242693 9.9964E-05 9.9964E-05 9.9964E-05
9.9946E-05 9.9946E-05 0.162412 0.401571 9.9946E-05 0.435417 9.9946E-05 9.9946E-05 9.9946E-05
0.320093 9.99639E-05 9.99639E-05 0.0980467 0.440224 9.99639E-05 0.0581729 0.0830641 9.99639E-05
9.9946E-05 9.9946E-05 9.9946E-05 0.933768 0.0206482 9.9946E-05 9.9946E-05 0.0449837 9.9946E-05
0.273514 0.0910017 9.9964E-05 0.519765 0.0672854 9.9964E-05 0.0480341 9.9964E-05 9.9964E-05
0.384732 9.99549E-05 9.99549E-05 0.284393 0.323844 9.99549E-05 9.99549E-05 0.00653164 9.99549E-05
0.195912 9.99549E-05 0.0938324 0.623177 9.99549E-05 0.0865779 9.99549E-05 9.99549E-05 9.99549E-05
0.157175 9.9964E-05 9.9964E-05 0.586625 0.178477 0.002331 9.9964E-05 0.0749916 9.9964E-05
0.211405 0.0988758 0.282992 0.0273939 0.327341 9.9973E-05 0.0516925 9.9973E-05 9.9973E-05
0.271078 0.032636 9.99729E-05 0.45548 0.179048 0.0197546 0.0417037 9.99729E-05 9.99729E-05
0.167134 9.99549E-05 9.99549E-05 0.449178 0.215449 9.99549E-05 9.99549E-05 0.167739 9.99549E-05
0.127629 9.99459E-05 9.99459E-05 9.99459E-05 0.803195 0.0685768 9.99459E-05 9.99459E-05 9.99459E-05
0.435325 9.9973E-05 9.9973E-05 0.0612246 0.423364 9.9973E-05 0.019846 0.0385493 0.0213915
0.0241531 9.9973E-05 9.9973E-05 0.706013 0.0456544 0.188321 0.011179 9.9973E-05 0.0243793
0.41739 9.99639E-05 9.99639E-05 0.528798 9.99639E-05 9.99639E-05 0.00613393 0.021868 0.0254096
9.99459E-05 9.99459E-05 0.135628 0.546937 9.99459E-05 0.316835 9.99459E-05 9.99459E-05 9.99459E-05
0.318858 9.99459E-05 9.99459E-05 9.99459E-05 0.640761 9.99459E-05 9.99459E-05 9.99459E-05 0.0397816
0.598095 0.0347581 0.0325548 0.0238119 0.273169 9.9973E-05 0.0373116 9.9973E-05 9.9973E-05
0.061029 9.99549E-05 0.0948957 0.681921 9.99549E-05 0.161654 9.99549E-05 9.99549E-05 9.99549E-05
9.9964E-05 9.9964E-05 0.29881 9.9964E-05 0.553961 9.9964E-05 0.0129181 0.0600197 0.0738919
9.99549E-05 0.0244693 0.45373 9.99549E-05 0.504965 0.0163356 9.99549E-05 9.99549E-05 9.99549E-05
0.273786 0.0797982 0.0329432 0.203097 9.9973E-05 0.34191 0.0681662 9.9973E-05 9.9973E-05
0.043543 0.0451822 0.627204 0.0230212 9.99729E-05 0.14348 9.99729E-05 0.117269 9.99729E-05
9.9955E-05 0.0992219 0.201551 0.0615349 0.637193 9.9955E-05 9.9955E-05 9.9955E-05 9.9955E-05
9.99459E-05 9.99459E-05 0.392654 9.99459E-05 0.443797 9.99459E-05 9.99459E-05 9.99459E-05 0.162949
9.9955E-05 9.9955E-05 0.294055 9.9955E-05 0.548035 9.9955E-05 0.0403285 9.9955E-05 0.117082
9.9946E-05 0.000708735 0.301299 9.9946E-05 9.9946E-05 0.697392 9.9946E-05 9.9946E-05 9.9946E-05
0.228516 0.00905769 0.396984 0.361591 9.9964E-05 9.9964E-05 0.00345084 9.9964E-05 9.9964E-05
0.199167 0.00750044 0.206234 9.99729E-05 0.189878 9.99729E-05 0.0305616 0.366359 9.99729E-05
0.0305582 9.99549E-05 0.341519 9.99549E-05 0.599773 9.99549E-05 9.99549E-05 0.0276502 9.99549E-05
0.0810885 0.00128838 0.242805 0.056718 9.9982E-05 0.516583 0.00631663 0.0950002 9.9982E-05
0.554421 0.0553155 0.191202 0.198562 9.9955E-05 9.9955E-05 9.9955E-05 9.9955E-05 9.9955E-05
0.26726 0.0124076 0.279948 0.382005 0.0471761 9.99729E-05 0.0109029 9.99729E-05 9.99729E-05
0.211318 0.0279695 0.394401 9.99639E-05 0.0347221 9.99639E-05 9.99639E-05 0.33119 9.99639E-05
0.425028 9.99459E-05 9.99459E-05 0.38998 9.99459E-05 9.99459E-05 9.99459E-05 0.184393 9.99459E-05
0.302543 9.99639E-05 9.99639E-05 0.0757181 0.497112 9.99639E-05 0.0429679 0.0812586 9.99639E-05
0.596267 9.99639E-05 0.198935 9.99639E-05 0.175409 9.99639E-05 0.0114023 0.0175871 9.99639E-05
9.9955E-05 0.0266163 0.301695 9.9955E-05 0.487832 9.9955E-05 9.9955E-05 9.9955E-05 0.183357
9.99639E-05 0.0159119 0.411041 0.405495 9.99639E-05 0.03804 0.129112 9.99639E-05 9.99639E-05
0.029339 9.99549E-05 0.292434 9.99549E-05 0.647221 9.99549E-05 0.0305066 9.99549E-05 9.99549E-05
0.0561702 9.99639E-05 0.200071 0.0473443 0.293278 9.99639E-05 9.99639E-05 9.99639E-05 0.402737
9.99459E-05 9.99459E-05 0.240957 0.588362 9.99459E-05 0.170081 9.99459E-05 9.99459E-05 9.99459E-05
0.395912 9.99549E-05 9.99549E-05 0.313914 0.247567 0.0421075 9.99549E-05 9.99549E-05 9.99549E-05
0.208734 9.99549E-05 0.170322 0.574846 9.99549E-05 9.99549E-05 0.045598 9.99549E-05 9.99549E-05
9.9955E-05 0.0511248 0.0906719 9.9955E-05 0.855446 9.9955E-05 9.9955E-05 9.9955E-05 0.0022578
9.9982E-05 0.0673418 0.0201579 0.11208 0.241239 9.9982E-05 0.190679 0.0467189 0.321583
0.184031 9.9973E-05 0.0592978 0.0201764 0.642864 9.9973E-05 0.0872872 9.9973E-05 0.00604415
9.99459E-05 9.99459E-05 0.224104 0.681748 9.99459E-05 0.0935486 9.99459E-05 9.99459E-05 9.99459E-05
0.265222 9.9973E-05 0.0110803 0.077495 0.523717 9.9973E-05 0.049447 9.9973E-05 0.0727382
9.9973E-05 0.0147749 0.10497 0.0643704 0.700142 9.9973E-05 0.00926011 0.106182 9.9973E-05
9.9964E-05 9.9964E-05 0.0525605 0.0521819 0.778714 9.9964E-05 9.9964E-05 0.108751 0.00739219
0.000740084 9.9955E-05 9.9955E-05 0.826576 9.9955E-05 0.0723885 9.9955E-05 0.0997959 9.9955E-05
0.304696 0.00758116 0.0864367 0.360326 0.235072 9.99729E-05 9.99729E-05 0.00558859 9.99729E-05
0.00360648 0.0567303 0.00333892 0.0663641 0.713552 0.105308 9.9982E-05 9.9982E-05 0.0508999
0.0332081 9.9991E-05 0.223695 0.4854 0.0715052 0.047172 0.0563951 0.0447094 0.0378152
0.0392421 0.011769 0.0223845 0.0115717 0.760425 9.9991E-05 0.011379 0.0651646 0.0779636
0.265879 9.9964E-05 9.9964E-05 0.100807 9.9964E-05 0.165042 9.9964E-05 0.0239127 0.44396
9.9964E-05 9.9964E-05 0.157896 0.365941 0.331866 9.9964E-05 0.0255465 0.11835 9.9964E-05
9.9946E-05 9.9946E-05 0.0795932 0.70872 9.9946E-05 0.211087 9.9946E-05 9.9946E-05 9.9946E-05
0.487026 0.036775 0.12381 0.146292 0.192121 9.9973E-05 0.0136757 9.9973E-05 9.9973E-05
0.380757 0.0568164 0.143266 0.033526 9.99819E-05 0.186287 0.00493613 0.194212 9.99819E-05
0.170036 0.00296132 0.0507902 0.00396811 9.9973E-05 0.682407 9.9973E-05 0.0895374 9.9973E-05
0.702574 9.99639E-05 0.0579587 0.157335 9.99639E-05 9.99639E-05 0.0553367 0.0263962 9.99639E-05
9.99459E-05 9.99459E-05 0.061541 0.477548 9.99459E-05 9.99459E-05 9.99459E-05 0.460311 9.99459E-05
0.468591 9.99639E-05 0.185135 0.223766 0.0831806 0.0389276 9.99639E-05 9.99639E-05 9.99639E-05
0.361795 9.99549E-05 0.0910061 9.99549E-05 0.247916 9.99549E-05 9.99549E-05 9.99549E-05 0.298783
0.0275871 0.0272476 0.345927 9.99639E-05 9.99639E-05 0.594865 9.99639E-05 0.00397302 9.99639E-05
9.9973E-05 0.0255744 0.352955 9.9973E-05 0.0308868 0.0114344 0.0123918 9.9973E-05 0.566458
0.165128 9.99549E-05 9.99549E-05 9.99549E-05 0.410657 9.99549E-05 9.99549E-05 0.368897 0.0548189
0.133612 0.0325991 9.9973E-05 9.9973E-05 0.416733 0.233908 9.9973E-05 0.109577 0.0732713
0.146346 9.99639E-05 9.99639E-05 0.0214504 0.0166075 0.616979 9.99639E-05 0.198218 9.99639E-05
0.0581252 9.99639E-05 0.0303576 0.25869 9.99639E-05 0.56162 9.99639E-05 0.090807 9.99639E-05
0.0224112 9.9964E-05 0.232648 0.0779102 0.317695 9.9964E-05 9.9964E-05 9.9964E-05 0.348936
0.678886 0.00912613 9.9964E-05 0.237892 9.9964E-05 9.9964E-05 0.0673701 9.9964E-05 0.00632558
0.564963 0.0356627 0.059208 0.020623 9.9982E-05 0.0408465 0.0186751 0.259821 9.9982E-05
9.99459E-05 9.99459E-05 9.99459E-05 0.280777 9.99459E-05 0.604243 9.99459E-05 0.11438 9.99459E-05
0.362851 0.0324686 0.110745 9.9973E-05 0.0338588 0.163905 9.9973E-05 0.295871 9.9973E-05
0.268834 0.0643337 0.20307 9.9982E-05 0.0113732 0.0413833 9.9982E-05 0.0737848 0.337021
0.169546 0.00469415 0.00834496 9.99639E-05 0.751469 0.0655457 9.99639E-05 9.99639E-05 9.99639E-05
0.374273 9.9946E-05 9.9946E-05 9.9946E-05 0.491438 9.9946E-05 9.9946E-05 0.133689 9.9946E-05
0.260125 9.9955E-05 9.9955E-05 9.9955E-05 9.9955E-05 0.0919334 9.9955E-05 0.294341 0.353101
9.9955E-05 0.0175205 9.9955E-05 0.857691 0.0506493 9.9955E-05 9.9955E-05 0.0736397 9.9955E-05
0.0254563 9.9964E-05 9.9964E-05 0.103208 0.752356 9.9964E-05 0.000255561 0.118325 9.9964E-05
0.0684216 9.9973E-05 0.00590768 0.754767 0.00148209 9.9973E-05 9.9973E-05 0.112808 0.0563134
0.292475 9.99729E-05 0.0284479 0.38807 0.106861 9.99729E-05 0.00203164 0.181815 9.99729E-05
0.221398 0.0206431 0.074783 9.9973E-05 0.650651 9.9973E-05 0.0152047 9.9973E-05 0.0170199
9.9964E-05 0.00501402 0.00425758 0.795243 0.00716836 0.187917 9.9964E-05 9.9964E-05 9.9964E-05
0.246389 9.99549E-05 9.99549E-05 9.99549E-05 9.99549E-05 0.457641 0.0242152 0.271255 9.99549E-05
0.409794 9.99549E-05 0.0954547 0.398663 9.99549E-05 0.0955891 9.99549E-05 9.99549E-05 9.99549E-05
0.106045 0.0907963 0.0893631 9.9973E-05 0.372818 0.223092 9.9973E-05 0.117585 9.9973E-05
0.381218 0.0925118 0.215202 9.99729E-05 0.0833341 0.156203 9.99729E-05 0.0712312 9.99729E-05
0.205369 0.0613579 0.141813 0.0918346 0.416417 0.082909 9.99729E-05 9.99729E-05 9.99729E-05
0.0725814 9.99549E-05 9.99549E-05 0.195771 9.99549E-05 0.671912 9.99549E-05 9.99549E-05 0.0592351
0.105574 9.9982E-05 0.00222727 0.0298636 0.151294 0.0909395 0.00388839 9.9982E-05 0.616013
0.414738 0.0674843 9.99729E-05 0.130858 9.99729E-05 0.131972 0.161479 0.0931679 9.99729E-05
0.112266 0.0274029 0.0398808 0.0263445 0.494298 0.0563948 0.0384512 0.109027 0.0959345
0.0832441 0.03674 9.99639E-05 9.99639E-05 0.325285 0.110604 9.99639E-05 9.99639E-05 0.443727
0.123487 0.0371289 9.99549E-05 9.99549E-05 0.634109 0.204776 9.99549E-05 9.99549E-05 9.99549E-05
0.127985 0.0645495 0.0351913 9.99639E-05 0.664077 0.107797 9.99639E-05 9.99639E-05 9.99639E-05
0.0100305 0.0555097 9.99639E-05 9.99639E-05 0.618524 0.278094 0.0374422 9.99639E-05 9.99639E-05
0.561932 0.093397 9.9973E-05 0.161449 9.9973E-05 0.0570906 0.0574106 0.068421 9.9973E-05
0.215097 0.0137648 0.120485 0.546872 9.99729E-05 9.99729E-05 0.0498931 0.0535889 9.99729E-05
9.9973E-05 9.9973E-05 0.169286 0.0586403 0.126739 0.0515499 0.0240871 9.9973E-05 0.569398
9.9964E-05 9.9964E-05 0.0402268 9.9964E-05 0.363027 0.328493 9.9964E-05 0.236167 0.0316865
0.336152 0.0637733 0.114697 0.0181784 9.999E-05 0.233372 0.0729262 0.12697 0.0338305
9.9955E-05 0.0412146 0.11225 9.9955E-05 9.9955E-05 0.833175 9.9955E-05 0.0128612 9.9955E-05
0.0439195 9.9946E-05 9.9946E-05 0.724656 9.9946E-05 0.230825 9.9946E-05 9.9946E-05 9.9946E-05
0.0537872 9.9973E-05 0.026726 0.0724189 0.0357608 0.786597 0.0244102 9.9973E-05 9.9973E-05
