0.343549 0.0333881 9.99099E-05 9.99099E-05 9.99099E-05 9.99099E-05 9.99099E-05 9.99099E-05 9.99099E-05 0.0265553 0.175111 9.99099E-05 0.369799 0.0505983 9.99099E-05 9.99099E-05
0.573014 0.0192304 0.0626994 9.99189E-05 9.99189E-05 9.99189E-05 9.99189E-05 9.99189E-05 0.0123974 0.00892696 9.99189E-05 9.99189E-05 0.305689 9.99189E-05 9.99189E-05 0.0171429
0.0905625 0.465012 9.99188E-05 0.0315522 9.99188E-05 0.311724 9.99188E-05 9.99188E-05 9.99188E-05 9.99188E-05 9.99188E-05 9.99188E-05 9.99188E-05 0.0114986 0.0325633 0.0561878
0.0974691 9.99099E-05 9.99099E-05 9.99099E-05 9.99099E-05 9.99099E-05 0.138306 9.99099E-05 9.99099E-05 9.99099E-05 0.217452 0.00402002 0.531308 0.0104458 9.99099E-05 9.99099E-05
0.126572 9.99369E-05 9.99369E-05 0.0269363 0.0101218 9.99369E-05 0.0760033 0.0483912 9.99369E-05 9.99369E-05 0.0969063 9.99369E-05 0.3516 9.99369E-05 0.15042 0.112351
0.152596 0.208496 9.99278E-05 0.164119 9.99278E-05 0.0549291 9.99278E-05 0.118138 0.0227159 0.0237053 0.254501 9.99278E-05 9.99278E-05 9.99278E-05 9.99278E-05 9.99278E-05
0.140179 0.424734 9.99008E-05 9.99008E-05 9.99008E-05 0.324005 9.99008E-05 9.99008E-05 9.99008E-05 9.99008E-05 9.99008E-05 0.0567841 0.0531981 9.99008E-05 9.99008E-05 9.99008E-05
0.22142 0.272509 9.9928E-05 0.0986375 9.9928E-05 0.110429 9.9928E-05 0.141927 0.0229796 0.0913416 0.039957 9.9928E-05 9.9928E-05 9.9928E-05 9.9928E-05 9.9928E-05
0.185266 0.17012 9.99279E-05 9.99279E-05 9.99279E-05 9.99279E-05 0.254445 0.0618563 9.99279E-05 0.0615616 9.99279E-05 9.99279E-05 0.239802 0.005412 0.0207372 9.99279E-05
9.99098E-05 0.132547 9.99098E-05 0.332084 9.99098E-05 0.254491 9.99098E-05 9.99098E-05 9.99098E-05 9.99098E-05 0.0568758 0.163317 9.99098E-05 0.0596853 9.99098E-05 9.99098E-05
9.99188E-05 0.203911 0.292647 9.99188E-05 9.99188E-05 9.99188E-05 0.236859 0.188296 9.99188E-05 9.99188E-05 9.99188E-05 9.99188E-05 0.0685565 9.99188E-05 0.000952447 0.00787931
9.99099E-05 0.117296 0.0666507 0.161229 0.0654833 9.99099E-05 9.99099E-05 0.168501 9.99099E-05 9.99099E-05 9.99099E-05 9.99099E-05 0.419841 9.99099E-05 9.99099E-05 9.99099E-05
0.225539 9.99099E-05 9.99099E-05 9.99099E-05 9.99099E-05 0.0988124 0.44064 9.99099E-05 9.99099E-05 9.99099E-05 9.99099E-05 0.0538072 9.99099E-05 9.99099E-05 0.00710453 0.173097
9.9919E-05 0.818558 9.9919E-05 0.129555 0.00431021 0.0239931 9.9919E-05 9.9919E-05 9.9919E-05 0.0156763 9.9919E-05 9.9919E-05 0.00400357 0.00300447 9.9919E-05 9.9919E-05
9.99009E-05 0.0610821 0.397291 0.0150223 9.99009E-05 9.99009E-05 9.99009E-05 0.234844 9.99009E-05 9.99009E-05 9.99009E-05 9.99009E-05 0.290662 9.99009E-05 9.99009E-05 9.99009E-05
0.100021 0.165806 9.99188E-05 9.99188E-05 9.99188E-05 0.338706 9.99188E-05 9.99188E-05 0.0251623 9.99188E-05 0.0794034 0.264722 9.99188E-05 0.0252795 9.99188E-05 9.99188E-05
0.156916 0.576599 9.99189E-05 9.99189E-05 0.00715653 0.194811 9.99189E-05 9.99189E-05 9.99189E-05 9.99189E-05 0.00369337 0.0200204 0.0399043 9.99189E-05 9.99189E-05 9.99189E-05
0.144979 0.518107 0.00947869 9.99188E-05 9.99188E-05 0.243904 0.0329913 0.0263473 9.99188E-05 9.99188E-05 9.99188E-05 9.99188E-05 9.99188E-05 9.99188E-05 9.99188E-05 0.0232932
0.0464258 0.208443 9.9919E-05 9.9919E-05 0.100018 9.9919E-05 0.169481 0.0517895 9.9919E-05 9.9919E-05 9.9919E-05 9.9919E-05 0.359193 9.9919E-05 9.9919E-05 0.0637504
9.99009E-05 9.99009E-05 0.134264 9.99009E-05 9.99009E-05 9.99009E-05 9.99009E-05 9.99009E-05 9.99009E-05 0.00183431 0.0632942 9.99009E-05 9.99009E-05 0.738686 0.060823 9.99009E-05
9.9892E-05 9.9892E-05 9.9892E-05 9.9892E-05 0.0247926 9.9892E-05 0.122255 9.9892E-05 9.9892E-05 9.9892E-05 0.056138 9.9892E-05 9.9892E-05 0.795616 9.9892E-05 9.9892E-05
9.98737E-05 9.98737E-05 9.98737E-05 9.98737E-05 9.98737E-05 9.98737E-05 9.98737E-05 9.98737E-05 9.98737E-05 9.98737E-05 0.194036 9.98737E-05 9.98737E-05 0.804566 9.98737E-05 9.98737E-05
9.98919E-05 9.98919E-05 9.98919E-05 9.98919E-05 0.24969 9.98919E-05 0.0998378 9.98919E-05 9.98919E-05 9.98919E-05 9.98919E-05 9.98919E-05 9.98919E-05 0.614672 0.0346015 9.98919E-05
9.99009E-05 9.99009E-05 0.0478537 9.99009E-05 9.99009E-05 9.99009E-05 0.144261 9.99009E-05 9.99009E-05 0.0357399 9.99009E-05 9.99009E-05 0.0694473 0.701599 9.99009E-05 9.99009E-05
9.99098E-05 0.288566 9.99098E-05 0.0104348 9.99098E-05 0.00693717 9.99098E-05 9.99098E-05 0.221394 0.0309174 9.99098E-05 9.99098E-05 9.99098E-05 0.440752 9.99098E-05 9.99098E-05
9.99188E-05 9.99188E-05 0.0850978 0.0432247 9.99188E-05 9.99188E-05 9.99188E-05 0.0437076 9.99188E-05 0.335261 9.99188E-05 9.99188E-05 0.127021 0.298586 0.0662021 9.99188E-05
9.99009E-05 9.99009E-05 9.99009E-05 9.99009E-05 9.99009E-05 0.114449 9.99009E-05 9.99009E-05 0.215004 9.99009E-05 9.99009E-05 0.383855 9.99009E-05 0.23356 0.0520334 9.99009E-05
9.9928E-05 9.9928E-05 0.131199 9.9928E-05 0.121816 9.9928E-05 9.9928E-05 0.00237206 9.9928E-05 0.232365 0.166632 9.9928E-05 9.9928E-05 0.213278 0.127517 0.00402144
9.98918E-05 0.0295988 9.98918E-05 9.98918E-05 9.98918E-05 9.98918E-05 9.98918E-05 9.98918E-05 0.0186136 9.98918E-05 0.137322 9.98918E-05 9.98918E-05 0.813267 9.98918E-05 9.98918E-05
9.98739E-05 9.98739E-05 9.98739E-05 9.98739E-05 9.98739E-05 9.98739E-05 0.162234 9.98739E-05 9.98739E-05 9.98739E-05 9.98739E-05 9.98739E-05 9.98739E-05 0.836368 9.98739E-05 9.98739E-05
9.99191E-05 0.034182 9.99191E-05 9.99191E-05 0.113254 0.0705219 0.0141434 9.99191E-05 0.0796834 9.99191E-05 9.99191E-05 0.122066 9.99191E-05 0.56525 9.99191E-05 9.99191E-05
9.99278E-05 0.0508906 9.99278E-05 9.99278E-05 9.99278E-05 9.99278E-05 9.99278E-05 9.99278E-05 0.241646 0.381378 0.119441 0.0269261 9.99278E-05 0.108459 0.0140344 0.0564248
9.98917E-05 9.98917E-05 9.98917E-05 9.98917E-05 9.98917E-05 0.167674 9.98917E-05 9.98917E-05 0.0740536 9.98917E-05 9.98917E-05 0.165196 9.98917E-05 0.591878 9.98917E-05 9.98917E-05
0.00701502 0.185436 9.99098E-05 9.99098E-05 9.99098E-05 0.0675806 9.99098E-05 9.99098E-05 0.0824724 0.0169833 9.99098E-05 9.99098E-05 9.99098E-05 0.639514 9.99098E-05 9.99098E-05
9.98738E-05 9.98738E-05 9.98738E-05 9.98738E-05 9.98738E-05 9.98738E-05 0.202841 9.98738E-05 9.98738E-05 9.98738E-05 9.98738E-05 9.98738E-05 9.98738E-05 0.79576 9.98738E-05 9.98738E-05
9.98919E-05 9.98919E-05 0.153998 9.98919E-05 9.98919E-05 9.98919E-05 9.98919E-05 9.98919E-05 9.98919E-05 9.98919E-05 9.98919E-05 9.98919E-05 0.0738338 0.727609 0.043361 9.98919E-05
9.98739E-05 9.98739E-05 0.325189 9.98739E-05 9.98739E-05 9.98739E-05 9.98739E-05 9.98739E-05 9.98739E-05 9.98739E-05 9.98739E-05 9.98739E-05 9.98739E-05 0.673412 9.98739E-05 9.98739E-05
9.98919E-05 9.98919E-05 9.98919E-05 9.98919E-05 0.209015 9.98919E-05 9.98919E-05 9.98919E-05 9.98919E-05 9.98919E-05 9.98919E-05 9.98919E-05 0.0891665 0.674429 0.0261912 9.98919E-05
0.0760308 9.98917E-05 9.98917E-05 9.98917E-05 9.98917E-05 9.98917E-05 9.98917E-05 9.98917E-05 0.381923 9.98917E-05 0.0995849 9.98917E-05 9.98917E-05 9.98917E-05 0.441263 9.98917E-05
0.0190485 9.9928E-05 9.9928E-05 9.9928E-05 0.0158073 9.9928E-05 9.9928E-05 9.9928E-05 0.791706 9.9928E-05 0.00767926 0.0674863 0.00149814 9.9928E-05 0.0248848 0.0710907
9.99099E-05 9.99099E-05 9.99099E-05 0.074791 9.99099E-05 0.12526 9.99099E-05 9.99099E-05 0.595836 0.0212292 9.99099E-05 0.144995 9.99099E-05 0.0368901 9.99099E-05 9.99099E-05
9.99099E-05 9.99099E-05 9.99099E-05 9.99099E-05 0.327402 9.99099E-05 9.99099E-05 9.99099E-05 0.2847 0.0277365 0.107399 0.0166759 9.99099E-05 9.99099E-05 0.235089 9.99099E-05
0.0618155 9.99007E-05 9.99007E-05 9.99007E-05 9.99007E-05 9.99007E-05 9.99007E-05 9.99007E-05 0.44841 9.99007E-05 0.132869 9.99007E-05 9.99007E-05 0.227101 0.128706 9.99007E-05
0.00836373 0.0137683 0.12936 0.0985302 9.99279E-05 0.00559632 9.99279E-05 9.99279E-05 0.671295 9.99279E-05 9.99279E-05 9.99279E-05 9.99279E-05 0.0437188 9.99279E-05 0.0285678
9.98919E-05 9.98919E-05 9.98919E-05 9.98919E-05 0.171412 9.98919E-05 9.98919E-05 9.98919E-05 9.98919E-05 0.549062 9.98919E-05 9.98919E-05 0.186472 9.98919E-05 0.0918554 9.98919E-05
9.99009E-05 9.99009E-05 9.99009E-05 9.99009E-05 9.99009E-05 9.99009E-05 0.0557795 0.203712 0.133344 9.99009E-05 9.99009E-05 9.99009E-05 0.0569103 9.99009E-05 0.549156 9.99009E-05
9.99098E-05 0.127858 9.99098E-05 0.0154169 9.99098E-05 0.0616248 9.99098E-05 9.99098E-05 0.604763 9.99098E-05 9.99098E-05 0.0313408 9.99098E-05 0.157998 9.99098E-05 9.99098E-05
9.98917E-05 9.98917E-05 9.98917E-05 9.98917E-05 9.98917E-05 9.98917E-05 9.98917E-05 0.0130222 0.480514 9.98917E-05 0.153791 9.98917E-05 9.98917E-05 9.98917E-05 0.351474 9.98917E-05
9.9892E-05 9.9892E-05 9.9892E-05 9.9892E-05 9.9892E-05 9.9892E-05 9.9892E-05 0.0178308 0.442056 9.9892E-05 9.9892E-05 0.52838 0.0105344 9.9892E-05 9.9892E-05 9.9892E-05
0.123429 9.991E-05 9.991E-05 9.991E-05 0.00470125 9.991E-05 9.991E-05 0.108942 0.299658 0.0209657 9.991E-05 9.991E-05 9.991E-05 9.991E-05 0.441305 9.991E-05
9.99099E-05 9.99099E-05 9.99099E-05 9.99099E-05 0.0138607 9.99099E-05 9.99099E-05 9.99099E-05 0.70225 9.99099E-05 0.0387536 0.100557 9.99099E-05 9.99099E-05 0.133635 0.00994345
9.991E-05 9.991E-05 9.991E-05 9.991E-05 0.0698818 9.991E-05 0.256039 9.991E-05 0.375172 9.991E-05 0.0502756 9.991E-05 9.991E-05 0.0555007 0.192132 9.991E-05
9.99278E-05 9.99278E-05 0.218346 0.0678102 9.99278E-05 9.99278E-05 0.0563288 9.99278E-05 0.0630266 0.184999 9.99278E-05 9.99278E-05 0.0300505 0.0678851 0.310754 9.99278E-05
0.0163484 9.99189E-05 0.183998 9.99189E-05 9.99189E-05 9.99189E-05 0.0825676 0.192498 0.290319 0.0694868 9.99189E-05 9.99189E-05 9.99189E-05 9.99189E-05 0.163883 9.99189E-05
9.9919E-05 9.9919E-05 0.0163944 9.9919E-05 0.444325 9.9919E-05 9.9919E-05 9.9919E-05 0.15045 0.132374 9.9919E-05 9.9919E-05 0.0374051 0.0347416 0.18341 9.9919E-05
9.98919E-05 9.98919E-05 9.98919E-05 9.98919E-05 0.402157 9.98919E-05 9.98919E-05 9.98919E-05 9.98919E-05 0.209521 9.98919E-05 9.98919E-05 0.0558622 0.331261 9.98919E-05 9.98919E-05
9.99097E-05 0.0444374 9.99097E-05 9.99097E-05 9.99097E-05 9.99097E-05 9.99097E-05 9.99097E-05 0.554654 0.00114255 0.130895 9.99097E-05 9.99097E-05 9.99097E-05 0.259393 0.00847836
9.99009E-05 9.99009E-05 9.99009E-05 9.99009E-05 9.99009E-05 9.99009E-05 0.191275 9.99009E-05 0.286679 0.211929 9.99009E-05 0.100844 9.99009E-05 9.99009E-05 0.208175 9.99009E-05
9.99098E-05 9.99098E-05 9.99098E-05 9.99098E-05 9.99098E-05 9.99098E-05 9.99098E-05 0.0112657 0.796651 0.0421199 0.0701871 0.0568899 9.99098E-05 9.99098E-05 9.99098E-05 0.0218874
9.98919E-05 9.98919E-05 0.00300001 9.98919E-05 9.98919E-05 9.98919E-05 9.98919E-05 9.98919E-05 0.14835 9.98919E-05 0.0896451 9.98919E-05 9.98919E-05 9.98919E-05 0.757806 9.98919E-05
0.0596766 0.0138539 9.99278E-05 9.99278E-05 9.99278E-05 9.99278E-05 0.00421705 9.99278E-05 0.151407 0.12104 0.0840835 9.99278E-05 9.99278E-05 0.0307151 0.534207 9.99278E-05
0.114187 9.99188E-05 0.0266608 9.99188E-05 9.99188E-05 9.99188E-05 9.99188E-05 0.0975444 0.319579 0.0485913 9.99188E-05 9.99188E-05 0.0331753 9.99188E-05 0.359363 9.99188E-05
9.99099E-05 0.0754526 9.99099E-05 9.99099E-05 9.99099E-05 9.99099E-05 9.99099E-05 9.99099E-05 0.255039 0.322175 9.99099E-05 0.0984508 9.99099E-05 9.99099E-05 0.0952197 0.152665
9.98919E-05 9.98919E-05 9.98919E-05 9.98919E-05 0.295488 0.0225024 9.98919E-05 9.98919E-05 9.98919E-05 9.98919E-05 9.98919E-05 9.98919E-05 9.98919E-05 0.0362672 0.644544 9.98919E-05
9.99009E-05 0.10481 9.99009E-05 9.99009E-05 9.99009E-05 0.391024 9.99009E-05 9.99009E-05 0.191652 0.0590026 9.99009E-05 9.99009E-05 9.99009E-05 9.99009E-05 0.252413 9.99009E-05
9.99098E-05 0.0969755 0.0709843 9.99098E-05 9.99098E-05 9.99098E-05 0.207036 9.99098E-05 9.99098E-05 0.37257 9.99098E-05 9.99098E-05 9.99098E-05 0.0606114 0.190823 9.99098E-05
9.9883E-05 9.9883E-05 9.9883E-05 9.9883E-05 0.0312808 9.9883E-05 9.9883E-05 0.0666731 9.9883E-05 9.9883E-05 9.9883E-05 9.9883E-05 9.9883E-05 9.9883E-05 0.900748 9.9883E-05
9.9892E-05 9.9892E-05 0.174917 9.9892E-05 9.9892E-05 0.045783 9.9892E-05 9.9892E-05 9.9892E-05 9.9892E-05 9.9892E-05 0.0141905 9.9892E-05 9.9892E-05 0.763911 9.9892E-05
9.99188E-05 0.112165 9.99188E-05 9.99188E-05 9.99188E-05 0.0114095 9.99188E-05 9.99188E-05 9.99188E-05 0.756472 0.00795755 9.99188E-05 0.00926681 9.99188E-05 0.0900763 0.0117529
9.99098E-05 0.0201663 9.99098E-05 9.99098E-05 9.99098E-05 9.99098E-05 9.99098E-05 9.99098E-05 0.114195 0.435801 0.241613 9.99098E-05 9.99098E-05 0.182461 0.00476383 9.99098E-05
9.98918E-05 9.98918E-05 9.98918E-05 9.98918E-05 9.98918E-05 9.98918E-05 9.98918E-05 9.98918E-05 0.180953 0.370219 9.98918E-05 0.365678 9.98918E-05 0.0819513 9.98918E-05 9.98918E-05
9.98828E-05 9.98828E-05 9.98828E-05 9.98828E-05 9.98828E-05 0.457361 9.98828E-05 9.98828E-05 0.321472 9.98828E-05 9.98828E-05 9.98828E-05 9.98828E-05 9.98828E-05 0.219868 9.98828E-05
9.99009E-05 9.99009E-05 9.99009E-05 9.99009E-05 0.236804 9.99009E-05 9.99009E-05 0.104503 9.99009E-05 9.99009E-05 9.99009E-05 9.99009E-05 0.0133662 0.637702 0.00652689 9.99009E-05
9.99097E-05 0.0972506 9.99097E-05 9.99097E-05 9.99097E-05 0.103953 9.99097E-05 9.99097E-05 0.326984 9.99097E-05 9.99097E-05 0.0789567 9.99097E-05 9.99097E-05 0.389255 0.00260185
9.99008E-05 9.99008E-05 0.00499986 9.99008E-05 9.99008E-05 9.99008E-05 9.99008E-05 9.99008E-05 9.99008E-05 0.350171 0.0481278 9.99008E-05 9.99008E-05 9.99008E-05 0.583159 0.0124438
9.99009E-05 9.99009E-05 9.99009E-05 9.99009E-05 9.99009E-05 9.99009E-05 0.198122 9.99009E-05 9.99009E-05 0.533573 9.99009E-05 9.99009E-05 0.170842 0.0796133 0.0167513 9.99009E-05
9.99007E-05 0.0218505 9.99007E-05 9.99007E-05 9.99007E-05 0.133479 9.99007E-05 9.99007E-05 0.0811648 9.99007E-05 9.99007E-05 0.0596781 9.99007E-05 0.702729 9.99007E-05 9.99007E-05
9.9892E-05 9.9892E-05 9.9892E-05 9.9892E-05 9.9892E-05 0.343963 9.9892E-05 9.9892E-05 0.265764 9.9892E-05 9.9892E-05 0.190851 9.9892E-05 0.198223 9.9892E-05 9.9892E-05
9.98917E-05 0.132104 9.98917E-05 9.98917E-05 9.98917E-05 0.0364412 9.98917E-05 9.98917E-05 0.157289 9.98917E-05 9.98917E-05 9.98917E-05 9.98917E-05 0.672967 9.98917E-05 9.98917E-05
9.98918E-05 9.98918E-05 9.98918E-05 9.98918E-05 9.98918E-05 9.98918E-05 9.98918E-05 9.98918E-05 0.0968889 0.369027 0.286308 9.98918E-05 9.98918E-05 0.246577 9.98918E-05 9.98918E-05
9.991E-05 9.991E-05 9.991E-05 9.991E-05 9.991E-05 9.991E-05 9.991E-05 9.991E-05 0.233391 0.0574174 0.0463294 0.451321 9.991E-05 0.159447 0.0510957 9.991E-05
9.99009E-05 9.99009E-05 9.99009E-05 9.99009E-05 0.0312487 9.99009E-05 0.293085 9.99009E-05 0.120773 9.99009E-05 9.99009E-05 9.99009E-05 9.99009E-05 0.195447 0.358347 9.99009E-05
9.98828E-05 9.98828E-05 9.98828E-05 9.98828E-05 9.98828E-05 9.98828E-05 0.230278 9.98828E-05 0.382506 9.98828E-05 9.98828E-05 9.98828E-05 9.98828E-05 9.98828E-05 0.385918 9.98828E-05
9.9901E-05 9.9901E-05 9.9901E-05 9.9901E-05 9.9901E-05 9.9901E-05 0.420725 9.9901E-05 0.374037 0.0653468 9.9901E-05 9.9901E-05 9.9901E-05 0.0580707 0.0807225 9.9901E-05
9.99098E-05 0.0464775 9.99098E-05 0.00201891 9.99098E-05 0.123236 9.99098E-05 9.99098E-05 0.484905 9.99098E-05 9.99098E-05 0.0789989 9.99098E-05 9.99098E-05 0.263364 9.99098E-05
9.98918E-05 9.98918E-05 9.98918E-05 9.98918E-05 9.98918E-05 9.98918E-05 9.98918E-05 9.98918E-05 0.0893534 9.98918E-05 0.25772 9.98918E-05 9.98918E-05 0.0586635 0.593065 9.98918E-05
9.98919E-05 9.98919E-05 9.98919E-05 9.98919E-05 9.98919E-05 9.98919E-05 0.0263223 9.98919E-05 9.98919E-05 0.111557 9.98919E-05 9.98919E-05 0.080768 9.98919E-05 0.780154 9.98919E-05
9.99008E-05 0.168353 9.99008E-05 9.99008E-05 9.99008E-05 0.12264 9.99008E-05 9.99008E-05 0.0197551 0.492784 9.99008E-05 9.99008E-05 9.99008E-05 0.195369 9.99008E-05 9.99008E-05
9.98828E-05 9.98828E-05 9.98828E-05 9.98828E-05 9.98828E-05 0.267836 9.98828E-05 9.98828E-05 0.501587 0.229279 9.98828E-05 9.98828E-05 9.98828E-05 9.98828E-05 9.98828E-05 9.98828E-05
0.0304312 9.98918E-05 9.98918E-05 9.98918E-05 9.98918E-05 9.98918E-05 9.98918E-05 0.121105 9.98918E-05 0.728717 9.98918E-05 9.98918E-05 9.98918E-05 0.118548 9.98918E-05 9.98918E-05
9.98917E-05 0.0129815 9.98917E-05 9.98917E-05 9.98917E-05 0.233018 9.98917E-05 9.98917E-05 0.337397 0.415404 9.98917E-05 9.98917E-05 9.98917E-05 9.98917E-05 9.98917E-05 9.98917E-05
9.98827E-05 9.98827E-05 9.98827E-05 9.98827E-05 9.98827E-05 0.291217 9.98827E-05 9.98827E-05 0.230925 0.47656 9.98827E-05 9.98827E-05 9.98827E-05 9.98827E-05 9.98827E-05 9.98827E-05
9.99099E-05 9.99099E-05 0.0241676 9.99099E-05 0.114222 9.99099E-05 9.99099E-05 0.0712986 9.99099E-05 0.702647 9.99099E-05 9.99099E-05 0.0530987 9.99099E-05 0.0335671 9.99099E-05
0.189686 9.99008E-05 9.99008E-05 9.99008E-05 9.99008E-05 0.0584532 9.99008E-05 9.99008E-05 0.306024 0.287019 9.99008E-05 9.99008E-05 9.99008E-05 9.99008E-05 0.157719 9.99008E-05
0.104282 9.98918E-05 9.98918E-05 9.98918E-05 9.98918E-05 0.0580325 9.98918E-05 9.98918E-05 0.247675 0.588812 9.98918E-05 9.98918E-05 9.98918E-05 9.98918E-05 9.98918E-05 9.98918E-05
9.98829E-05 9.98829E-05 9.98829E-05 9.98829E-05 9.98829E-05 9.98829E-05 9.98829E-05 9.98829E-05 0.0302812 9.98829E-05 9.98829E-05 0.361558 9.98829E-05 9.98829E-05 9.98829E-05 0.606863
9.991E-05 9.991E-05 9.991E-05 9.991E-05 9.991E-05 0.0885062 9.991E-05 0.0052707 0.142484 9.991E-05 0.125623 0.0978218 9.991E-05 9.991E-05 9.991E-05 0.539295
9.991E-05 9.991E-05 9.991E-05 9.991E-05 0.150182 9.991E-05 0.0274966 9.991E-05 0.00996455 9.991E-05 0.00539421 0.0153782 9.991E-05 9.991E-05 9.991E-05 0.790585
9.98919E-05 9.98919E-05 9.98919E-05 9.98919E-05 0.0107972 9.98919E-05 9.98919E-05 0.432059 9.98919E-05 0.0200838 9.98919E-05 9.98919E-05 9.98919E-05 9.98919E-05 9.98919E-05 0.535861
9.98828E-05 9.98828E-05 9.98828E-05 0.0630879 9.98828E-05 9.98828E-05 9.98828E-05 9.98828E-05 9.98828E-05 9.98828E-05 9.98828E-05 0.283602 9.98828E-05 9.98828E-05 9.98828E-05 0.652012
0.355491 0.24031 9.99188E-05 9.99188E-05 0.0393619 9.99188E-05 9.99188E-05 0.0588295 9.99188E-05 0.0747401 9.99188E-05 9.99188E-05 0.0433406 9.99188E-05 9.99188E-05 0.187028
9.98827E-05 0.175475 9.98827E-05 9.98827E-05 9.98827E-05 0.348467 9.98827E-05 9.98827E-05 9.98827E-05 9.98827E-05 9.98827E-05 9.98827E-05 9.98827E-05 9.98827E-05 9.98827E-05 0.47476
9.98828E-05 9.98828E-05 9.98828E-05 9.98828E-05 9.98828E-05 9.98828E-05 9.98828E-05 9.98828E-05 0.0115165 9.98828E-05 9.98828E-05 0.260352 9.98828E-05 9.98828E-05 9.98828E-05 0.726833
9.98919E-05 0.153269 9.98919E-05 9.98919E-05 9.98919E-05 9.98919E-05 9.98919E-05 9.98919E-05 9.98919E-05 0.0395939 0.207583 9.98919E-05 9.98919E-05 9.98919E-05 9.98919E-05 0.598356
9.99189E-05 9.99189E-05 0.220427 9.99189E-05 0.0170754 9.99189E-05 9.99189E-05 9.99189E-05 9.99189E-05 9.99189E-05 0.0119425 9.99189E-05 0.0867779 0.0114139 0.111382 0.540082
9.98919E-05 9.98919E-05 9.98919E-05 0.107813 9.98919E-05 9.98919E-05 9.98919E-05 9.98919E-05 0.0435361 9.98919E-05 9.98919E-05 0.582195 9.98919E-05 9.98919E-05 9.98919E-05 0.265257
9.99098E-05 9.99098E-05 0.40265 0.0826123 9.99098E-05 0.0259338 9.99098E-05 9.99098E-05 9.99098E-05 9.99098E-05 9.99098E-05 9.99098E-05 0.0518195 9.99098E-05 0.00362721 0.432358
0.087034 9.98918E-05 9.98918E-05 9.98918E-05 9.98918E-05 9.98918E-05 9.98918E-05 9.98918E-05 0.03026 9.98918E-05 9.98918E-05 0.140985 9.98918E-05 9.98918E-05 9.98918E-05 0.740522
0.137154 0.127408 0.101149 9.99188E-05 9.99188E-05 9.99188E-05 9.99188E-05 9.99188E-05 9.99188E-05 0.0366696 0.102938 9.99188E-05 9.99188E-05 9.99188E-05 0.0104501 0.483332
9.99099E-05 9.99099E-05 9.99099E-05 0.00582787 0.0123983 9.99099E-05 9.99099E-05 9.99099E-05 9.99099E-05 9.99099E-05 0.399493 0.0330123 9.99099E-05 0.0305377 9.99099E-05 0.517731
9.99099E-05 0.522263 9.99099E-05 9.99099E-05 9.99099E-05 0.0610866 9.99099E-05 9.99099E-05 9.99099E-05 9.99099E-05 9.99099E-05 0.0241146 0.0240926 0.0266085 9.99099E-05 0.340835
9.99098E-05 9.99098E-05 9.99098E-05 9.99098E-05 9.99098E-05 9.99098E-05 0.176836 0.0693181 9.99098E-05 0.0372027 9.99098E-05 9.99098E-05 0.176298 9.99098E-05 0.0730589 0.466288
9.98917E-05 9.98917E-05 9.98917E-05 9.98917E-05 0.508504 9.98917E-05 0.103939 9.98917E-05 9.98917E-05 9.98917E-05 9.98917E-05 9.98917E-05 0.0217279 9.98917E-05 9.98917E-05 0.36463
9.99099E-05 9.99099E-05 9.99099E-05 0.00516193 9.99099E-05 0.0431309 9.99099E-05 9.99099E-05 0.124201 9.99099E-05 0.303021 9.99099E-05 9.99099E-05 0.0563479 9.99099E-05 0.467138
9.99009E-05 0.164675 9.99009E-05 9.99009E-05 9.99009E-05 0.0772263 9.99009E-05 9.99009E-05 0.0119825 9.99009E-05 9.99009E-05 0.0148649 9.99009E-05 9.99009E-05 9.99009E-05 0.730152
9.99001E-05 9.99001E-05 0.0577705 9.99001E-05 9.99001E-05 9.99001E-05 9.99001E-05 0.059186 9.99001E-05 9.99001E-05 0.300401 9.99001E-05 9.99001E-05 0.020329 0.0118248 0.54949
9.9883E-05 9.9883E-05 9.9883E-05 9.9883E-05 0.0808833 9.9883E-05 0.279513 9.9883E-05 9.9883E-05 9.9883E-05 9.9883E-05 9.9883E-05 9.9883E-05 9.9883E-05 9.9883E-05 0.638306
0.561091 9.99221E-05 0.123977 0.0596153 9.99221E-05 9.99221E-05 9.99221E-05 0.062993 9.99221E-05 9.99221E-05 9.99221E-05 9.99221E-05 0.0912576 0.0294676 0.0706986 9.99221E-05
9.99008E-05 0.144911 9.99008E-05 0.697492 9.99008E-05 0.143732 9.99008E-05 9.99008E-05 9.99008E-05 9.99008E-05 9.99008E-05 9.99008E-05 0.00741943 9.99008E-05 9.99008E-05 0.00534646
0.398063 9.99008E-05 9.99008E-05 9.99008E-05 0.517253 9.99008E-05 0.0440105 9.99008E-05 9.99008E-05 9.99008E-05 9.99008E-05 0.0195631 0.020012 9.99008E-05 9.99008E-05 9.99008E-05
0.369338 0.430804 9.99098E-05 0.00876459 9.99098E-05 9.99098E-05 9.99098E-05 9.99098E-05 9.99098E-05 9.99098E-05 0.00816638 0.16538 9.99098E-05 0.0165487 9.99098E-05 9.99098E-05
9.98827E-05 9.98827E-05 9.98827E-05 0.543201 9.98827E-05 0.042908 9.98827E-05 9.98827E-05 9.98827E-05 9.98827E-05 9.98827E-05 0.412592 9.98827E-05 9.98827E-05 9.98827E-05 9.98827E-05
0.261643 9.99098E-05 0.287936 0.00588322 0.0387593 9.99098E-05 0.201775 9.99098E-05 9.99098E-05 9.99098E-05 9.99098E-05 9.99098E-05 0.203005 9.99098E-05 9.99098E-05 9.99098E-05
0.0592002 9.98828E-05 0.208256 0.731246 9.98828E-05 9.98828E-05 9.98828E-05 9.98828E-05 9.98828E-05 9.98828E-05 9.98828E-05 9.98828E-05 9.98828E-05 9.98828E-05 9.98828E-05 9.98828E-05
0.790798 9.99008E-05 9.99008E-05 9.99008E-05 9.99008E-05 0.103129 9.99008E-05 9.99008E-05 0.0417564 0.0339473 0.0292704 9.99008E-05 9.99008E-05 9.99008E-05 9.99008E-05 9.99008E-05
9.98828E-05 9.98828E-05 9.98828E-05 0.639829 0.0203734 9.98828E-05 0.338499 9.98828E-05 9.98828E-05 9.98828E-05 9.98828E-05 9.98828E-05 9.98828E-05 9.98828E-05 9.98828E-05 9.98828E-05
0.121235 0.0956714 9.99009E-05 0.256399 9.99009E-05 0.36929 9.99009E-05 9.99009E-05 9.99009E-05 9.99009E-05 9.99009E-05 0.156305 9.99009E-05 9.99009E-05 9.99009E-05 9.99009E-05
0.222122 9.99278E-05 0.221884 0.116469 9.99278E-05 9.99278E-05 0.195469 0.117629 9.99278E-05 9.99278E-05 0.0479545 9.99278E-05 0.0163768 9.99278E-05 0.0612961 9.99278E-05
9.98828E-05 9.98828E-05 9.98828E-05 0.581285 0.411408 9.98828E-05 9.98828E-05 9.98828E-05 9.98828E-05 9.98828E-05 9.98828E-05 9.98828E-05 0.00600788 9.98828E-05 9.98828E-05 9.98828E-05
9.98828E-05 9.98828E-05 9.98828E-05 0.457947 9.98828E-05 0.204944 9.98828E-05 9.98828E-05 9.98828E-05 9.98828E-05 9.98828E-05 0.33581 9.98828E-05 9.98828E-05 9.98828E-05 9.98828E-05
0.320256 9.99009E-05 0.195674 9.99009E-05 0.0440348 9.99009E-05 9.99009E-05 0.0844181 9.99009E-05 9.99009E-05 9.99009E-05 9.99009E-05 0.354518 9.99009E-05 9.99009E-05 9.99009E-05
9.99008E-05 9.99008E-05 9.99008E-05 0.501461 0.0275797 9.99008E-05 0.228817 9.99008E-05 9.99008E-05 9.99008E-05 9.99008E-05 9.99008E-05 0.204784 9.99008E-05 0.0362585 9.99008E-05
0.0970541 0.151196 0.0483036 9.99188E-05 0.0411428 0.00566564 0.464745 9.99188E-05 9.99188E-05 9.99188E-05 9.99188E-05 9.99188E-05 0.190994 9.99188E-05 9.99188E-05 9.99188E-05
9.98828E-05 9.98828E-05 9.98828E-05 0.516311 9.98828E-05 0.0300492 9.98828E-05 9.98828E-05 9.98828E-05 9.98828E-05 9.98828E-05 0.452341 9.98828E-05 9.98828E-05 9.98828E-05 9.98828E-05
0.189291 9.99098E-05 9.99098E-05 0.223757 0.0545491 9.99098E-05 0.481748 0.0431715 9.99098E-05 9.99098E-05 9.99098E-05 9.99098E-05 9.99098E-05 9.99098E-05 0.00648476 9.99098E-05
0.428064 9.99099E-05 0.26669 9.99099E-05 9.99099E-05 9.99099E-05 9.99099E-05 0.204001 9.99099E-05 9.99099E-05 0.0441936 9.99099E-05 0.0514107 9.99099E-05 0.00464202 9.99099E-05
0.359727 0.471577 9.99008E-05 0.101029 9.99008E-05 9.99008E-05 9.99008E-05 9.99008E-05 9.99008E-05 0.0624399 9.99008E-05 9.99008E-05 9.99008E-05 0.00412846 9.99008E-05 9.99008E-05
0.24946 0.059556 0.0496693 9.99192E-05 0.40095 9.99192E-05 9.99192E-05 9.99192E-05 9.99192E-05 9.99192E-05 9.99192E-05 0.0880282 9.99192E-05 0.0615035 9.99192E-05 0.0899331
0.501057 9.99099E-05 9.99099E-05 0.0751005 0.236121 9.99099E-05 0.105888 9.99099E-05 9.99099E-05 9.99099E-05 9.99099E-05 0.0215702 9.99099E-05 0.0592645 9.99099E-05 9.99099E-05
0.0138232 0.118736 9.99007E-05 0.494994 9.99007E-05 0.0214058 9.99007E-05 9.99007E-05 9.99007E-05 9.99007E-05 9.99007E-05 0.349943 9.99007E-05 9.99007E-05 9.99007E-05 9.99007E-05
0.00667812 0.286769 0.0258666 0.0275227 9.99459E-05 0.00730356 0.356589 0.203505 0.0298366 0.017505 9.99459E-05 9.99459E-05 9.99459E-05 0.0378241 9.99459E-05 9.99459E-05
0.225842 0.0389318 9.99006E-05 0.583671 9.99006E-05 9.99006E-05 9.99006E-05 9.99006E-05 9.99006E-05 0.0783925 0.0720634 9.99006E-05 9.99006E-05 9.99006E-05 9.99006E-05 9.99006E-05
0.0552261 0.285793 9.99279E-05 0.0708181 9.99279E-05 9.99279E-05 9.99279E-05 9.99279E-05 0.0820609 9.99279E-05 0.0825159 0.208816 9.99279E-05 0.0291613 9.99279E-05 0.18481
9.99188E-05 0.0464031 9.99188E-05 0.0717406 9.99188E-05 9.99188E-05 0.58598 0.13272 9.99188E-05 0.0349415 9.99188E-05 9.99188E-05 9.99188E-05 9.99188E-05 0.037058 0.0902573
0.0257765 9.991E-05 9.991E-05 0.0415179 9.991E-05 9.991E-05 9.991E-05 0.0233356 9.991E-05 9.991E-05 0.797555 9.991E-05 9.991E-05 9.991E-05 0.0769935 0.0338227
9.991E-05 9.991E-05 9.991E-05 9.991E-05 9.991E-05 0.160376 9.991E-05 9.991E-05 9.991E-05 0.0268373 9.991E-05 0.712442 0.0503229 0.0472611 0.00176137 9.991E-05
9.99278E-05 0.360556 9.99278E-05 0.149307 9.99278E-05 0.0682447 9.99278E-05 9.99278E-05 9.99278E-05 0.0632916 0.290452 0.00343504 0.00699309 9.99278E-05 9.99278E-05 0.0569205
0.0374064 0.479261 0.0214422 0.0424329 9.99549E-05 9.99549E-05 9.99549E-05 0.000119761 0.0382092 9.99549E-05 0.00386339 0.23959 9.99549E-05 0.0256701 0.0136712 0.0978339
0.0943602 9.99099E-05 0.473211 0.123482 9.99099E-05 9.99099E-05 9.99099E-05 9.99099E-05 9.99099E-05 9.99099E-05 0.144513 0.124575 9.99099E-05 0.0388595 9.99099E-05 9.99099E-05
0.00521462 0.486042 9.98828E-05 9.98828E-05 9.98828E-05 9.98828E-05 9.98828E-05 9.98828E-05 9.98828E-05 9.98828E-05 9.98828E-05 0.507445 9.98828E-05 9.98828E-05 9.98828E-05 9.98828E-05
0.0998312 0.0528499 0.0947852 9.99097E-05 0.100471 9.99097E-05 0.50764 9.99097E-05 9.99097E-05 9.99097E-05 9.99097E-05 9.99097E-05 0.143424 9.99097E-05 9.99097E-05 9.99097E-05
9.99008E-05 0.471736 9.99008E-05 0.0162736 9.99008E-05 9.99008E-05 0.0171696 9.99008E-05 9.99008E-05 9.99008E-05 0.0673626 0.426359 9.99008E-05 9.99008E-05 9.99008E-05 9.99008E-05
0.0662994 9.99189E-05 9.99189E-05 0.259865 0.363542 9.99189E-05 0.0410307 0.0103932 9.99189E-05 9.99189E-05 0.107476 0.150494 9.99189E-05 9.99189E-05 9.99189E-05 9.99189E-05
9.99189E-05 9.99189E-05 9.99189E-05 0.0230888 0.294462 0.0448346 0.319153 9.99189E-05 9.99189E-05 9.99189E-05 0.207182 9.99189E-05 0.0998792 9.99189E-05 9.99189E-05 0.0105014
0.0617582 0.132595 9.9946E-05 0.0442649 9.9946E-05 9.9946E-05 0.00147409 0.0482423 0.0642228 9.9946E-05 0.593871 9.9946E-05 9.9946E-05 0.000129463 0.045521 0.00732192
0.363126 0.177802 9.99188E-05 9.99188E-05 9.99188E-05 0.0595873 9.99188E-05 9.99188E-05 9.99188E-05 9.99188E-05 0.279805 9.99188E-05 0.049659 9.99188E-05 0.0192564 0.0498655
9.98919E-05 0.164051 9.98919E-05 9.98919E-05 9.98919E-05 9.98919E-05 9.98919E-05 9.98919E-05 0.00129355 9.98919E-05 0.738835 9.98919E-05 0.0946217 9.98919E-05 9.98919E-05 9.98919E-05
0.0068111 0.130186 9.99188E-05 9.99188E-05 0.1951 9.99188E-05 0.392115 9.99188E-05 9.99188E-05 9.99188E-05 0.043988 0.110238 9.99188E-05 9.99188E-05 9.99188E-05 0.120662
9.99099E-05 0.105298 9.99099E-05 9.99099E-05 9.99099E-05 0.0558123 9.99099E-05 9.99099E-05 9.99099E-05 9.99099E-05 0.0573309 0.688299 0.0623173 9.99099E-05 9.99099E-05 0.0299432
9.98919E-05 9.98919E-05 9.98919E-05 0.254142 9.98919E-05 0.0261178 9.98919E-05 9.98919E-05 9.98919E-05 9.98919E-05 0.0789751 0.639566 9.98919E-05 9.98919E-05 9.98919E-05 9.98919E-05
9.99099E-05 0.497764 9.99099E-05 0.129054 9.99099E-05 0.227415 9.99099E-05 0.0398519 0.0417441 9.99099E-05 0.0631721 9.99099E-05 9.99099E-05 9.99099E-05 9.99099E-05 9.99099E-05
9.99099E-05 0.140886 9.99099E-05 0.126492 9.99099E-05 9.99099E-05 9.99099E-05 0.0133982 0.109862 9.99099E-05 0.0884581 0.519904 9.99099E-05 9.99099E-05 9.99099E-05 9.99099E-05
9.9883E-05 9.9883E-05 0.0278616 9.9883E-05 9.9883E-05 9.9883E-05 9.9883E-05 9.9883E-05 9.9883E-05 9.9883E-05 9.9883E-05 0.839932 0.130908 9.9883E-05 9.9883E-05 9.9883E-05
9.99098E-05 0.154187 9.99098E-05 0.248378 9.99098E-05 0.341851 9.99098E-05 0.0752904 0.116345 9.99098E-05 0.0629496 9.99098E-05 9.99098E-05 9.99098E-05 9.99098E-05 9.99098E-05
0.211891 0.500387 0.0196118 0.0561495 9.99098E-05 0.028756 9.99098E-05 9.99098E-05 9.99098E-05 9.99098E-05 9.99098E-05 0.182206 9.99098E-05 9.99098E-05 9.99098E-05 9.99098E-05
9.991E-05 9.991E-05 9.991E-05 9.991E-05 0.0615726 9.991E-05 9.991E-05 0.555389 9.991E-05 0.00797918 9.991E-05 0.0201231 0.324957 0.0289797 9.991E-05 9.991E-05
9.98828E-05 0.129503 9.98828E-05 9.98828E-05 9.98828E-05 9.98828E-05 9.98828E-05 9.98828E-05 9.98828E-05 9.98828E-05 9.98828E-05 9.98828E-05 0.853394 0.0158047 9.98828E-05 9.98828E-05
9.99008E-05 0.533543 9.99008E-05 9.99008E-05 9.99008E-05 0.162386 9.99008E-05 0.13036 9.99008E-05 0.089252 9.99008E-05 9.99008E-05 0.0833599 9.99008E-05 9.99008E-05 9.99008E-05
9.98917E-05 0.113514 0.163845 9.98917E-05 9.98917E-05 9.98917E-05 0.0982126 9.98917E-05 9.98917E-05 9.98917E-05 9.98917E-05 9.98917E-05 0.62323 9.98917E-05 9.98917E-05 9.98917E-05
9.98829E-05 9.98829E-05 9.98829E-05 9.98829E-05 9.98829E-05 9.98829E-05 9.98829E-05 0.0234503 9.98829E-05 9.98829E-05 9.98829E-05 9.98829E-05 0.932954 9.98829E-05 9.98829E-05 0.0422972
9.99098E-05 0.0607405 9.99098E-05 9.99098E-05 0.402727 0.0419944 9.99098E-05 9.99098E-05 9.99098E-05 9.99098E-05 9.99098E-05 9.99098E-05 0.435849 0.0526431 9.99098E-05 0.00504677
9.99099E-05 0.0691844 9.99099E-05 9.99099E-05 0.0835002 9.99099E-05 0.0382646 9.99099E-05 9.99099E-05 0.00225644 9.99099E-05 9.99099E-05 0.77067 9.99099E-05 9.99099E-05 0.0351254
9.9892E-05 0.427533 9.9892E-05 9.9892E-05 9.9892E-05 0.378394 9.9892E-05 9.9892E-05 9.9892E-05 9.9892E-05 9.9892E-05 9.9892E-05 0.183499 0.00937415 9.9892E-05 9.9892E-05
9.9901E-05 0.0654722 9.9901E-05 0.184157 9.9901E-05 0.393065 0.00683681 9.9901E-05 9.9901E-05 9.9901E-05 9.9901E-05 0.349371 9.9901E-05 9.9901E-05 9.9901E-05 9.9901E-05
0.290377 0.0740009 9.99098E-05 9.99098E-05 9.99098E-05 0.0271794 9.99098E-05 0.46816 9.99098E-05 0.10213 9.99098E-05 9.99098E-05 9.99098E-05 9.99098E-05 9.99098E-05 0.0371536
9.98919E-05 0.102526 9.98919E-05 9.98919E-05 9.98919E-05 0.684648 9.98919E-05 9.98919E-05 9.98919E-05 9.98919E-05 9.98919E-05 9.98919E-05 0.123829 9.98919E-05 9.98919E-05 0.0877981
9.99011E-05 0.488139 9.99011E-05 9.99011E-05 9.99011E-05 0.19175 9.99011E-05 9.99011E-05 9.99011E-05 0.232994 9.99011E-05 9.99011E-05 0.0746726 9.99011E-05 9.99011E-05 0.0113447
0.224007 0.361404 9.99188E-05 9.99188E-05 9.99188E-05 0.0263831 9.99188E-05 0.0812459 9.99188E-05 0.0659257 9.99188E-05 9.99188E-05 0.197677 9.99188E-05 9.99188E-05 0.0424589
9.99189E-05 0.570113 9.99189E-05 0.0681003 9.99189E-05 0.283786 9.99189E-05 0.00293169 0.00139231 9.99189E-05 9.99189E-05 0.0604535 9.99189E-05 9.99189E-05 9.99189E-05 0.0123242
0.00571688 0.299356 9.99189E-05 9.99189E-05 9.99189E-05 0.297649 9.99189E-05 0.273873 0.00407269 9.99189E-05 9.99189E-05 0.0207146 9.99189E-05 9.99189E-05 9.99189E-05 0.0977186
0.0232535 0.132642 9.99459E-05 0.0975774 9.99459E-05 9.99459E-05 0.21364 0.360292 0.043656 0.00768838 0.0385294 9.99459E-05 0.00137922 0.0807414 9.99459E-05 9.99459E-05
0.291281 0.15431 0.116371 9.99278E-05 9.99278E-05 0.342445 9.99278E-05 0.0321642 9.99278E-05 0.0298583 9.99278E-05 9.99278E-05 9.99278E-05 0.0159853 0.0167859 9.99278E-05
0.112637 0.116299 9.99008E-05 9.99008E-05 9.99008E-05 0.310865 9.99008E-05 0.316053 9.99008E-05 9.99008E-05 9.99008E-05 9.99008E-05 9.99008E-05 9.99008E-05 9.99008E-05 0.143048
0.166308 9.99008E-05 0.449842 9.99008E-05 9.99008E-05 9.99008E-05 0.0180912 0.215495 9.99008E-05 9.99008E-05 9.99008E-05 9.99008E-05 0.149165 9.99008E-05 9.99008E-05 9.99008E-05
0.280697 0.149034 0.0185782 9.99418E-05 0.0138183 0.0035083 9.99418E-05 0.397252 9.99418E-05 0.00683281 0.0760176 9.99418E-05 0.053562 9.99418E-05 9.99418E-05 9.99418E-05
0.0234242 0.0360864 0.0722393 9.99189E-05 0.0176659 0.767265 9.99189E-05 9.99189E-05 9.99189E-05 9.99189E-05 0.073341 0.00907875 9.99189E-05 9.99189E-05 9.99189E-05 9.99189E-05
0.218275 0.485293 9.99009E-05 9.99009E-05 9.99009E-05 0.194461 0.0494633 9.99009E-05 9.99009E-05 9.99009E-05 9.99009E-05 9.99009E-05 9.99009E-05 9.99009E-05 9.99009E-05 0.051409
9.99009E-05 0.161195 9.99009E-05 0.105789 9.99009E-05 0.489541 0.0103221 9.99009E-05 9.99009E-05 9.99009E-05 9.99009E-05 0.232054 9.99009E-05 9.99009E-05 9.99009E-05 9.99009E-05
0.318584 9.99008E-05 0.0153429 9.99008E-05 9.99008E-05 9.99008E-05 0.100682 0.201397 9.99008E-05 9.99008E-05 9.99008E-05 9.99008E-05 0.362895 9.99008E-05 9.99008E-05 9.99008E-05
0.389305 0.279215 0.00839179 9.99099E-05 9.99099E-05 9.99099E-05 9.99099E-05 0.230748 9.99099E-05 0.0906979 9.99099E-05 9.99099E-05 9.99099E-05 0.000643722 9.99099E-05 9.99099E-05
9.99099E-05 0.28051 9.99099E-05 0.0919907 9.99099E-05 0.505812 9.99099E-05 9.99099E-05 0.00838424 9.99099E-05 9.99099E-05 0.0795836 9.99099E-05 9.99099E-05 9.99099E-05 0.0327211
9.99279E-05 9.99279E-05 0.0265794 0.222591 0.0368976 9.99279E-05 9.99279E-05 0.239706 9.99279E-05 9.99279E-05 0.054562 9.99279E-05 0.329586 9.99279E-05 0.0582082 0.0310703
9.98918E-05 9.98918E-05 0.442036 0.353257 9.98918E-05 9.98918E-05 9.98918E-05 0.182111 9.98918E-05 9.98918E-05 0.021397 9.98918E-05 9.98918E-05 9.98918E-05 9.98918E-05 9.98918E-05
9.99279E-05 0.450919 9.99279E-05 0.00951079 9.99279E-05 0.000904126 9.99279E-05 9.99279E-05 0.0994892 0.0641857 9.99279E-05 0.278996 9.99279E-05 0.0368272 9.99279E-05 0.0583686
9.99189E-05 0.157409 9.99189E-05 0.448485 9.99189E-05 9.99189E-05 9.99189E-05 9.99189E-05 0.0181606 9.99189E-05 0.294521 0.0562082 9.99189E-05 0.0052787 9.99189E-05 0.0190392
9.99189E-05 9.99189E-05 0.327468 0.173046 9.99189E-05 0.0374723 9.99189E-05 0.0638305 9.99189E-05 0.0469044 9.99189E-05 9.99189E-05 0.309154 0.0412259 9.99189E-05 9.99189E-05
9.99099E-05 9.99099E-05 9.99099E-05 0.338357 0.0227105 9.99099E-05 0.0511678 0.0912418 9.99099E-05 0.0256606 9.99099E-05 9.99099E-05 0.469863 9.99099E-05 9.99099E-05 9.99099E-05
9.99189E-05 9.99189E-05 0.0189793 0.183589 9.99189E-05 9.99189E-05 0.204383 0.192189 9.99189E-05 0.102234 9.99189E-05 9.99189E-05 0.277796 9.99189E-05 0.0199304 9.99189E-05
9.9901E-05 9.9901E-05 9.9901E-05 0.247305 9.9901E-05 0.00468894 9.9901E-05 9.9901E-05 9.9901E-05 9.9901E-05 0.00252674 0.715244 9.9901E-05 0.0291368 9.9901E-05 9.9901E-05
9.9892E-05 0.679006 9.9892E-05 0.275797 9.9892E-05 9.9892E-05 9.9892E-05 9.9892E-05 0.0142688 0.029729 9.9892E-05 9.9892E-05 9.9892E-05 9.9892E-05 9.9892E-05 9.9892E-05
9.99278E-05 0.102328 0.0666393 9.99278E-05 9.99278E-05 9.99278E-05 0.037295 0.179498 9.99278E-05 0.0379594 0.37927 9.99278E-05 9.99278E-05 9.99278E-05 0.0140773 0.182133
9.99188E-05 0.0294098 0.118288 0.252296 9.99188E-05 9.99188E-05 0.130446 0.0811164 9.99188E-05 9.99188E-05 0.0354771 9.99188E-05 0.352067 9.99188E-05 9.99188E-05 9.99188E-05
9.99189E-05 0.0799573 9.99189E-05 0.152861 9.99189E-05 0.0555934 9.99189E-05 9.99189E-05 0.0311847 9.99189E-05 0.191024 0.463043 9.99189E-05 9.99189E-05 9.99189E-05 0.0254362
0.170344 0.52134 9.99099E-05 0.152944 9.99099E-05 9.99099E-05 9.99099E-05 9.99099E-05 0.0122085 9.99099E-05 9.99099E-05 9.99099E-05 0.0898627 0.0523017 9.99099E-05 9.99099E-05
9.99098E-05 0.452898 9.99098E-05 0.177942 9.99098E-05 0.122711 9.99098E-05 9.99098E-05 9.99098E-05 0.0537199 0.0598074 9.99098E-05 0.131923 9.99098E-05 9.99098E-05 9.99098E-05
0.126653 9.99098E-05 9.99098E-05 0.171862 9.99098E-05 0.00624921 9.99098E-05 0.00978902 9.99098E-05 9.99098E-05 0.65265 9.99098E-05 9.99098E-05 9.99098E-05 9.99098E-05 0.0317975
0.277335 0.310817 9.99008E-05 9.99008E-05 9.99008E-05 0.177106 9.99008E-05 9.99008E-05 0.03717 9.99008E-05 9.99008E-05 9.99008E-05 9.99008E-05 9.99008E-05 9.99008E-05 0.196473
0.442898 0.00818004 0.181833 9.99368E-05 9.99368E-05 0.0399405 9.99368E-05 0.147347 9.99368E-05 9.99368E-05 0.00367035 9.99368E-05 0.116272 9.99368E-05 0.0147567 0.0444025
0.175902 0.270997 0.0730421 0.042807 9.99368E-05 9.99368E-05 0.00036942 0.0915234 9.99368E-05 0.0499843 0.268108 9.99368E-05 0.0265671 9.99368E-05 9.99368E-05 9.99368E-05
0.0550609 9.9928E-05 0.152131 0.25347 0.0254725 9.9928E-05 0.0752754 9.9928E-05 9.9928E-05 9.9928E-05 9.9928E-05 9.9928E-05 0.40667 0.0255929 0.0055279 9.9928E-05
9.99188E-05 0.159533 9.99188E-05 0.313277 9.99188E-05 0.254902 9.99188E-05 0.0503263 0.134266 9.99188E-05 0.069759 9.99188E-05 9.99188E-05 0.0170388 9.99188E-05 9.99188E-05
0.0516973 9.99458E-05 0.0577128 0.144377 9.99458E-05 0.00966356 0.0206265 0.337079 9.99458E-05 0.00261746 0.112895 9.99458E-05 0.257415 9.99458E-05 0.00531692 9.99458E-05
0.00813943 0.0649698 9.99188E-05 0.101969 0.349713 9.99188E-05 0.156419 0.241705 9.99188E-05 9.99188E-05 9.99188E-05 9.99188E-05 0.076186 9.99188E-05 9.99188E-05 9.99188E-05
9.99008E-05 0.132075 9.99008E-05 0.203009 9.99008E-05 0.580914 9.99008E-05 9.99008E-05 9.99008E-05 9.99008E-05 0.0491059 0.0337969 9.99008E-05 9.99008E-05 9.99008E-05 9.99008E-05
0.280519 0.314472 0.176699 0.0403433 9.99188E-05 0.119543 9.99188E-05 9.99188E-05 9.99188E-05 0.0244933 9.99188E-05 9.99188E-05 0.0430303 9.99188E-05 9.99188E-05 9.99188E-05
0.0140461 0.495908 9.99189E-05 0.10219 9.99189E-05 0.240422 9.99189E-05 0.0745876 0.0636942 0.00825301 9.99189E-05 9.99189E-05 9.99189E-05 9.99189E-05 9.99189E-05 9.99189E-05
9.9919E-05 9.9919E-05 0.0590332 9.9919E-05 0.0384226 9.9919E-05 9.9919E-05 0.509743 9.9919E-05 0.0141411 9.9919E-05 9.9919E-05 0.347947 0.0270437 0.00277006 9.9919E-05
0.0891452 0.00742023 9.99302E-05 9.99302E-05 0.395805 9.99302E-05 9.99302E-05 0.254232 0.156152 9.99302E-05 9.99302E-05 9.99302E-05 0.00953984 0.0678923 9.99302E-05 0.0190137
0.34588 9.99099E-05 0.0108539 0.0136591 9.99099E-05 9.99099E-05 9.99099E-05 0.406678 9.99099E-05 9.99099E-05 9.99099E-05 9.99099E-05 0.139304 9.99099E-05 0.0826264 9.99099E-05
9.98919E-05 0.161221 9.98919E-05 0.144007 9.98919E-05 0.608242 9.98919E-05 9.98919E-05 9.98919E-05 9.98919E-05 0.085332 9.98919E-05 9.98919E-05 9.98919E-05 9.98919E-05 9.98919E-05
0.476007 9.99009E-05 9.99009E-05 9.99009E-05 9.99009E-05 9.99009E-05 0.0312871 0.402944 9.99009E-05 9.99009E-05 9.99009E-05 9.99009E-05 0.0737461 9.99009E-05 0.0149168 9.99009E-05
0.0688069 9.99189E-05 0.0097385 9.99189E-05 9.99189E-05 0.0107657 9.99189E-05 0.795881 9.99189E-05 9.99189E-05 9.99189E-05 9.99189E-05 9.99189E-05 0.0358573 0.0155807 0.0624708
0.0308033 9.9919E-05 0.192986 9.9919E-05 9.9919E-05 0.0325848 9.9919E-05 0.489225 9.9919E-05 9.9919E-05 9.9919E-05 9.9919E-05 0.187327 9.9919E-05 0.00245693 0.0637177
0.116411 0.0204495 9.99099E-05 9.99099E-05 9.99099E-05 0.744748 0.0150088 0.0133647 9.99099E-05 9.99099E-05 9.99099E-05 9.99099E-05 9.99099E-05 9.99099E-05 9.99099E-05 0.089019
0.0777967 0.460678 9.99369E-05 0.0229116 9.99369E-05 0.0767657 9.99369E-05 0.275907 0.0170628 9.99369E-05 9.99369E-05 9.99369E-05 0.0293984 0.00763417 9.99369E-05 0.0311462
0.0903875 9.9937E-05 0.343159 0.0379071 0.0141935 0.0751881 9.9937E-05 0.0148104 9.9937E-05 0.0153518 9.9937E-05 9.9937E-05 0.386081 0.0222225 9.9937E-05 9.9937E-05
0.0440271 0.133149 9.9937E-05 0.155177 0.00979227 0.240646 9.9937E-05 0.248035 0.0751782 9.9937E-05 9.9937E-05 0.0653291 9.9937E-05 9.9937E-05 9.9937E-05 0.0279667
