0.655813 0.125658 0.218529
0.762415 0.052546 0.185039
0.248858 0.0118562 0.739286
0.830649 0.0833346 0.0860166
0.807195 0.192705 9.9991E-05
0.43082 0.115677 0.453503
0.229832 9.9991E-05 0.770068
0.445283 0.0852126 0.469505
0.8028 0.115033 0.0821671
0.0316258 0.114617 0.853757
0.839457 0.0439239 0.116619
0.931087 0.0489741 0.0199391
0.477632 0.154078 0.368289
0.309191 9.9991E-05 0.690709
0.968134 0.0152432 0.0166223
0.0479287 0.070411 0.88166
0.28876 9.9991E-05 0.71114
0.388751 9.9991E-05 0.611149
0.810981 9.9991E-05 0.188919
0.187459 0.793814 0.018727
0.194945 0.804955 9.9991E-05
0.0990594 0.812446 0.0884942
0.321163 0.678737 9.9991E-05
0.350125 0.649775 9.9991E-05
9.9991E-05 0.606337 0.393563
0.442884 0.557016 9.9991E-05
9.9991E-05 0.521408 0.478492
0.419831 0.580069 9.9991E-05
0.0133739 0.768513 0.218114
0.219619 0.780281 9.9991E-05
0.0888823 0.606966 0.304152
9.9991E-05 0.712731 0.287169
9.9991E-05 0.516671 0.483229
0.0274584 0.628773 0.343769
0.2242 0.7757 9.9991E-05
0.318912 0.680988 9.9991E-05
0.244453 0.68829 0.0672572
0.331137 0.668763 9.9991E-05
0.171129 0.826552 0.00231826
9.9991E-05 0.684226 0.315674
9.9991E-05 0.500028 0.499872
0.224853 0.696007 0.0791403
9.9991E-05 0.815964 0.183936
9.9991E-05 0.620956 0.378944
0.528197 0.471703 9.9991E-05
0.429877 0.570023 9.9991E-05
9.9991E-05 0.52578 0.47412
0.115021 0.820288 0.0646907
9.9991E-05 0.366085 0.633815
0.276497 0.723403 9.9991E-05
9.9991E-05 0.768995 0.230906
0.249578 0.733531 0.0168908
0.422179 0.577721 9.9991E-05
0.448956 0.550944 9.9991E-05
0.456342 0.543558 9.9991E-05
0.458588 0.541312 9.9991E-05
9.9991E-05 0.745351 0.254549
0.0215738 0.83596 0.142466
9.9991E-05 0.686229 0.313671
0.214927 0.784973 9.9991E-05
0.250635 0.749265 9.9991E-05
0.363985 0.635915 9.9991E-05
9.9991E-05 0.598983 0.400918
0.329785 0.670115 9.9991E-05
9.9991E-05 0.463394 0.536506
0.459532 0.540368 9.9991E-05
0.339057 0.660843 9.9991E-05
0.375568 0.624332 9.9991E-05
0.301395 0.623868 0.0747377
0.101881 0.715275 0.182843
9.9991E-05 0.544683 0.455217
9.9991E-05 0.524605 0.475295
0.366803 0.633097 9.9991E-05
9.9991E-05 0.593804 0.406096
0.29729 0.70261 9.9991E-05
0.469041 0.530859 9.9991E-05
9.9991E-05 0.639774 0.360126
9.9991E-05 0.453005 0.546895
9.9991E-05 0.675966 0.323934
0.0761836 0.767927 0.15589
9.9991E-05 0.527033 0.472867
0.269 0.7309 9.9991E-05
0.132707 0.824415 0.0428777
0.194708 0.723817 0.0814753
9.9991E-05 0.56243 0.43747
0.181867 0.818033 9.9991E-05
0.367842 0.632058 9.9991E-05
0.0573441 0.565008 0.377648
9.9991E-05 0.50486 0.49504
0.42386 0.57604 9.9991E-05
9.9991E-05 0.586292 0.413608
0.0348184 0.572908 0.392274
0.494277 0.505623 9.9991E-05
0.187667 0.616594 0.195739
0.194953 0.619718 0.185329
0.0150152 0.19726 0.787724
0.0961763 0.298685 0.605139
0.306873 0.273827 0.419299
0.689554 0.108664 0.201782
0.0563881 0.129242 0.81437
0.666706 0.0671095 0.266184
0.147144 9.9991E-05 0.852756
0.0819481 0.189565 0.728487
0.197855 0.21472 0.587426
0.595969 0.28397 0.12006
9.9991E-05 0.127279 0.872621
0.566759 0.151516 0.281726
0.120655 0.15467 0.724676
0.449937 0.151779 0.398285
0.277541 0.19965 0.522809
0.27081 0.0157312 0.713459
0.782285 0.217615 9.9991E-05
0.645931 0.194504 0.159565
0.0920406 0.36284 0.545119
0.167623 0.0820613 0.750316
0.369138 0.295705 0.335157
0.527655 0.24466 0.227685
0.757379 0.0959434 0.146678
0.249943 0.0554276 0.694629
0.724632 0.116135 0.159233
0.263598 0.0221794 0.714223
9.9991E-05 0.00919398 0.990706
0.924095 9.9991E-05 0.0758046
0.481944 0.162082 0.355974
0.494856 0.110154 0.39499
0.523032 0.17639 0.300578
0.0803646 0.012303 0.907332
0.821857 0.120391 0.0577521
0.622991 0.227516 0.149492
9.9991E-05 0.0225854 0.977315
0.99288 9.9991E-05 0.00702041
0.7847 0.1968 0.0184994
0.829739 9.9991E-05 0.170161
9.9991E-05 0.0329536 0.966946
0.836258 0.0961168 0.0676247
0.882528 0.0623826 0.0550891
0.487538 9.9991E-05 0.512362
0.533654 0.173727 0.292619
0.637496 0.124812 0.237693
9.999E-05 9.999E-05 0.9998
0.595307 0.120826 0.283867
0.432585 0.163969 0.403446
0.0568873 0.197437 0.745675
0.69039 0.183906 0.125703
0.367013 0.312033 0.320954
9.9991E-05 0.129325 0.870575
0.219692 0.143359 0.636949
0.115785 0.0680565 0.816159
0.489132 0.170982 0.339887
9.999E-05 9.999E-05 0.9998
0.902169 9.9991E-05 0.0977314
0.082942 9.9991E-05 0.916958
0.440507 0.195509 0.363984
0.696282 0.110869 0.192849
0.421075 0.275358 0.303566
0.510959 0.0801072 0.408934
0.337004 0.21622 0.446776
0.534341 0.105307 0.360352
9.9991E-05 0.0294084 0.970492
9.9991E-05 0.0451292 0.954771
0.199603 0.0311432 0.769254
9.9991E-05 0.119751 0.880149
0.0539294 9.9991E-05 0.945971
0.160945 0.135859 0.703196
0.269096 9.9991E-05 0.730804
0.905143 0.094757 9.9991E-05
0.945719 0.041943 0.0123376
0.47824 9.9991E-05 0.52166
0.947229 9.9991E-05 0.052671
0.9998 9.999E-05 9.999E-05
0.778383 0.160227 0.06139
0.955223 0.0067305 0.038047
0.299563 9.9991E-05 0.700337
0.0148825 9.9991E-05 0.985018
0.770617 0.0841441 0.145239
0.211059 9.9991E-05 0.788841
0.32161 0.115482 0.562908
0.633093 9.9991E-05 0.366807
0.134827 9.9991E-05 0.865073
0.399039 0.00653825 0.594423
0.666775 0.216237 0.116989
0.386348 0.0772581 0.536394
0.507233 0.0347701 0.457997
0.942692 0.00344777 0.0538607
0.753596 0.0513186 0.195085
0.155039 0.024879 0.820082
0.364016 9.9991E-05 0.635884
0.00665622 9.9991E-05 0.993244
0.9998 9.999E-05 9.999E-05
0.68463 0.0746648 0.240705
0.0822722 9.9991E-05 0.917628
0.830018 0.156478 0.0135036
0.658511 0.149055 0.192433
9.9991E-05 0.158797 0.841103
0.135456 0.191843 0.672701
0.736906 0.162329 0.100765
0.865943 0.133438 0.000618797
0.846582 0.153318 9.9991E-05
9.9991E-05 0.0878295 0.91207
0.21694 0.0703244 0.712735
0.557312 0.196878 0.245809
0.874274 0.00282055 0.122905
9.9991E-05 0.102793 0.897107
0.41113 0.0467713 0.542099
0.374826 0.0603594 0.564815
0.435162 0.177951 0.386887
0.24908 9.9991E-05 0.75082
0.744845 0.0311466 0.224008
0.652271 0.0870146 0.260715
0.837485 0.123501 0.0390143
0.100606 0.21137 0.688024
0.840023 0.0743123 0.0856646
0.841721 0.0513187 0.10696
0.0621246 9.9991E-05 0.937775
0.515577 9.9991E-05 0.484323
0.262697 0.0163674 0.720935
0.90811 0.0917898 9.9991E-05
0.571683 0.340799 0.0875183
0.89715 0.0748059 0.0280436
0.0893884 9.9991E-05 0.910512
0.871501 0.0672244 0.0612745
0.85951 0.116031 0.0244591
0.920885 0.0517005 0.0274144
0.144694 9.9991E-05 0.855206
0.524113 9.9991E-05 0.475787
0.814816 0.0706356 0.114548
0.290508 0.07827 0.631222
0.909116 0.0907839 9.9991E-05
0.534323 0.0380196 0.427658
0.581591 0.108943 0.309466
0.0670905 9.9991E-05 0.932809
0.594319 0.0737989 0.331882
0.224192 0.127347 0.648461
0.00520444 0.0518968 0.942899
0.445199 0.0368079 0.517993
0.223054 0.030638 0.746308
0.438117 9.9991E-05 0.561783
0.860442 9.9991E-05 0.139458
9.9991E-05 0.0853549 0.914545
0.657277 0.236201 0.106522
0.755974 0.12996 0.114066
0.611389 0.0995806 0.28903
0.0787338 0.0252146 0.896052
9.999E-05 9.999E-05 0.9998
0.808049 0.0881452 0.103806
0.418564 0.0547143 0.526722
0.36579 0.11094 0.52327
9.999E-05 9.999E-05 0.9998
0.424887 0.126578 0.448535
0.583573 0.152483 0.263943
0.896348 0.0320822 0.0715694
0.805117 0.0498712 0.145012
0.540374 0.137203 0.322423
0.215149 0.0104567 0.774394
0.927944 0.0653743 0.00668155
0.266199 9.9991E-05 0.733701
0.495142 0.0276321 0.477226
0.909772 0.0901283 9.9991E-05
0.0786161 0.0210042 0.90038
0.115494 0.0954785 0.789028
0.242211 9.9991E-05 0.757689
0.539756 0.169788 0.290456
0.367624 0.125671 0.506704
0.602725 0.0897609 0.307514
9.9991E-05 0.0431464 0.956754
0.762773 0.111193 0.126034
0.211769 0.238229 0.550002
0.72251 0.126938 0.150552
0.771689 0.143843 0.0844678
0.755338 0.0667434 0.177919
0.786805 0.109103 0.104092
0.618569 0.163077 0.218354
0.288115 0.155979 0.555906
0.175986 0.0891805 0.734833
0.688201 0.15615 0.155649
0.494867 0.176348 0.328785
0.189525 0.193663 0.616813
9.9991E-05 0.0990205 0.90088
0.0454432 9.9991E-05 0.954457
9.9991E-05 0.0138339 0.986066
