9.9964E-05 0.135412 0.119243 0.282982 9.9964E-05 0.432098 0.0298651 9.9964E-05 9.9964E-05
0.171227 0.0680055 0.000146703 0.346825 9.9973E-05 0.407522 9.9973E-05 9.9973E-05 0.00597438
9.9973E-05 9.9973E-05 0.0268297 0.806812 0.0688318 9.9973E-05 0.0425555 0.0272148 0.0274566
0.190765 0.0535683 0.0208066 0.017958 0.00689732 0.368606 0.130737 0.210562 9.9991E-05
0.116237 0.195396 9.9973E-05 9.9973E-05 9.9973E-05 0.452743 0.0632237 0.135796 0.0363041
9.99639E-05 0.0946173 9.99639E-05 0.373877 9.99639E-05 0.0788853 0.382034 9.99639E-05 0.0701866
0.0365628 9.99639E-05 0.00225335 0.812075 0.136989 9.99639E-05 9.99639E-05 0.0117206 9.99639E-05
9.9955E-05 9.9955E-05 9.9955E-05 0.529117 9.9955E-05 0.178617 0.228492 9.9955E-05 0.0632749
0.101852 9.9982E-05 0.000393006 0.222293 9.9982E-05 0.366998 0.149122 0.129412 0.02973
9.99549E-05 9.99549E-05 0.0546814 0.202301 0.385638 9.99549E-05 0.35688 9.99549E-05 9.99549E-05
0.461932 0.0339326 9.9973E-05 0.107187 9.9973E-05 0.271695 0.1092 0.0157538 9.9973E-05
0.117371 9.99549E-05 9.99549E-05 9.99549E-05 9.99549E-05 0.512437 0.251742 0.117951 9.99549E-05
0.135264 0.251813 9.9982E-05 0.259142 0.00992937 9.9982E-05 0.00687339 0.267543 0.0692347
9.9946E-05 9.9946E-05 0.00477777 0.742354 9.9946E-05 9.9946E-05 0.252269 9.9946E-05 9.9946E-05
0.419552 9.99459E-05 9.99459E-05 9.99459E-05 9.99459E-05 0.515789 0.0640587 9.99459E-05 9.99459E-05
0.0183252 9.99729E-05 0.030701 0.455802 0.409576 9.99729E-05 0.0441153 9.99729E-05 0.0411807
0.0536169 9.9964E-05 9.9964E-05 0.821016 0.0478979 9.9964E-05 0.0379457 0.0391233 9.9964E-05
0.0578142 0.0336251 9.99549E-05 0.870059 9.99549E-05 0.0380018 9.99549E-05 9.99549E-05 9.99549E-05
9.996E-05 0.0230006 9.996E-05 0.286035 9.996E-05 0.378983 0.0499028 0.261679 9.996E-05
0.191842 9.9937E-05 0.807459 9.9937E-05 9.9937E-05 9.9937E-05 9.9937E-05 9.9937E-05 9.9937E-05
9.9937E-05 9.9937E-05 0.825894 9.9937E-05 9.9937E-05 9.9937E-05 9.9937E-05 0.173406 9.9937E-05
9.99459E-05 0.0769895 0.890553 9.99459E-05 9.99459E-05 9.99459E-05 0.0318577 9.99459E-05 9.99459E-05
9.99369E-05 9.99369E-05 0.630475 9.99369E-05 9.99369E-05 9.99369E-05 9.99369E-05 0.368825 9.99369E-05
0.0646346 9.99549E-05 0.743812 9.99549E-05 9.99549E-05 0.0735889 9.99549E-05 0.117465 9.99549E-05
9.99639E-05 9.99639E-05 0.488721 0.28491 0.0342539 9.99639E-05 0.0101781 9.99639E-05 0.181538
0.0646928 9.99639E-05 0.4335 9.99639E-05 9.99639E-05 0.317286 0.0491113 9.99639E-05 0.13501
9.99459E-05 9.99459E-05 0.224229 9.99459E-05 0.58345 9.99459E-05 9.99459E-05 9.99459E-05 0.191722
0.154501 0.10163 0.378966 9.9973E-05 9.9973E-05 0.159172 9.9973E-05 0.0945539 0.110877
9.99549E-05 0.0943583 0.873462 9.99549E-05 0.0256565 9.99549E-05 0.00602288 9.99549E-05 9.99549E-05
9.99369E-05 9.99369E-05 0.837422 9.99369E-05 9.99369E-05 9.99369E-05 9.99369E-05 0.161879 9.99369E-05
9.9955E-05 9.9955E-05 0.58704 0.0212746 0.239335 9.9955E-05 9.9955E-05 0.151851 9.9955E-05
9.99729E-05 0.14627 0.259795 0.0499715 0.0612466 9.99729E-05 0.0458839 9.99729E-05 0.436533
9.99368E-05 9.99368E-05 0.618785 9.99368E-05 0.380516 9.99368E-05 9.99368E-05 9.99368E-05 9.99368E-05
9.99459E-05 9.99459E-05 0.710503 0.285133 9.99459E-05 9.99459E-05 9.99459E-05 9.99459E-05 0.00376472
9.99459E-05 9.99459E-05 0.83298 9.99459E-05 9.99459E-05 9.99459E-05 0.00605433 0.160366 9.99459E-05
0.172494 9.99549E-05 0.747642 9.99549E-05 9.99549E-05 0.0396055 9.99549E-05 0.0397588 9.99549E-05
0.321848 9.99369E-05 0.677453 9.99369E-05 9.99369E-05 9.99369E-05 9.99369E-05 9.99369E-05 9.99369E-05
9.99459E-05 9.99459E-05 0.663781 9.99459E-05 9.99459E-05 0.0269698 9.99459E-05 0.308649 9.99459E-05
0.0105776 0.0658746 9.99639E-05 9.99639E-05 9.99639E-05 0.0807506 9.99639E-05 0.00801393 0.834383
9.9946E-05 0.0894823 9.9946E-05 9.9946E-05 0.263824 9.9946E-05 9.9946E-05 9.9946E-05 0.646094
9.9946E-05 9.9946E-05 0.0967118 9.9946E-05 0.498305 9.9946E-05 9.9946E-05 9.9946E-05 0.404384
9.9964E-05 0.0352551 0.0162678 9.9964E-05 0.0740621 9.9964E-05 9.9964E-05 0.350883 0.523132
9.99729E-05 0.0579763 0.288447 0.0608781 0.0146839 9.99729E-05 0.0250486 9.99729E-05 0.552666
9.9964E-05 9.9964E-05 0.107069 0.146383 0.175727 9.9964E-05 0.012171 9.9964E-05 0.55825
9.9955E-05 9.9955E-05 0.129917 9.9955E-05 9.9955E-05 0.501849 9.9955E-05 0.0987601 0.268974
0.0387901 9.99459E-05 9.99459E-05 9.99459E-05 9.99459E-05 0.390722 9.99459E-05 9.99459E-05 0.569888
9.99549E-05 9.99549E-05 0.18425 0.119193 0.307303 9.99549E-05 9.99549E-05 9.99549E-05 0.388754
0.0831563 0.0548133 9.99549E-05 9.99549E-05 9.99549E-05 9.99549E-05 0.061865 9.99549E-05 0.799666
9.9937E-05 9.9937E-05 9.9937E-05 9.9937E-05 0.674112 9.9937E-05 9.9937E-05 9.9937E-05 0.325189
0.0495735 9.9955E-05 9.9955E-05 9.9955E-05 9.9955E-05 0.201109 9.9955E-05 0.0454351 0.703383
9.9946E-05 0.0635555 9.9946E-05 9.9946E-05 0.267294 9.9946E-05 9.9946E-05 9.9946E-05 0.668551
0.0382561 0.099398 0.0451019 9.9973E-05 9.9973E-05 9.9973E-05 0.0210692 0.269467 0.526408
0.253144 9.99639E-05 0.137959 9.99639E-05 9.99639E-05 0.187041 0.0137745 9.99639E-05 0.407682
0.22653 9.9973E-05 0.00917411 0.00953672 9.9973E-05 0.235873 0.00684501 9.9973E-05 0.511741
0.0136979 9.9973E-05 0.0740711 9.9973E-05 0.0222874 0.142177 9.9973E-05 0.381333 0.366134
9.9955E-05 9.9955E-05 0.480926 9.9955E-05 9.9955E-05 0.0943459 9.9955E-05 0.407734 0.0164953
9.99549E-05 0.0778748 9.99549E-05 0.0377621 0.11192 9.99549E-05 9.99549E-05 9.99549E-05 0.771944
0.104495 0.0388419 0.0645127 9.9973E-05 0.0844853 9.9973E-05 9.9973E-05 0.0972627 0.610103
9.99459E-05 0.0553945 9.99459E-05 9.99459E-05 0.257924 9.99459E-05 9.99459E-05 9.99459E-05 0.686082
0.107078 9.99549E-05 9.99549E-05 9.99549E-05 9.99549E-05 0.10561 9.99549E-05 0.0536342 0.733178
0.105909 9.99639E-05 0.0480595 9.99639E-05 9.99639E-05 0.153738 0.0044044 9.99639E-05 0.687489
0.0800267 9.99459E-05 9.99459E-05 9.99459E-05 9.99459E-05 0.246908 9.99459E-05 9.99459E-05 0.672466
9.9964E-05 0.133379 0.0737747 0.146697 0.13676 9.9964E-05 9.9964E-05 9.9964E-05 0.508989
9.99459E-05 9.99459E-05 0.0179011 9.99459E-05 9.99459E-05 9.99459E-05 9.99459E-05 0.461331 0.520169
9.9946E-05 9.9946E-05 9.9946E-05 0.355932 0.175262 9.9946E-05 9.9946E-05 9.9946E-05 0.468206
0.202349 9.99639E-05 0.184056 9.99639E-05 9.99639E-05 0.212548 0.0596768 9.99639E-05 0.34097
9.9946E-05 9.9946E-05 9.9946E-05 9.9946E-05 9.9946E-05 0.266732 9.9946E-05 0.127228 0.60544
0.255334 9.9946E-05 9.9946E-05 9.9946E-05 9.9946E-05 0.177897 9.9946E-05 9.9946E-05 0.566169
9.99639E-05 9.99639E-05 0.232896 0.13397 9.99639E-05 0.214846 0.0117431 9.99639E-05 0.406145
9.99639E-05 0.0984658 0.375407 0.0668892 9.99639E-05 9.99639E-05 0.145847 9.99639E-05 0.312991
9.99549E-05 0.0527567 0.278392 9.99549E-05 0.416299 9.99549E-05 9.99549E-05 9.99549E-05 0.252052
9.99459E-05 9.99459E-05 9.99459E-05 0.106864 0.367672 9.99459E-05 9.99459E-05 9.99459E-05 0.524865
9.9946E-05 9.9946E-05 0.654858 9.9946E-05 9.9946E-05 0.14103 9.9946E-05 0.203512 9.9946E-05
9.99458E-05 9.99458E-05 9.99458E-05 0.124993 0.219885 9.99458E-05 9.99458E-05 9.99458E-05 0.654522
0.0914225 9.99549E-05 0.0630989 9.99549E-05 9.99549E-05 0.232781 9.99549E-05 9.99549E-05 0.612198
0.0607307 9.9973E-05 0.278689 9.9973E-05 9.9973E-05 0.294011 0.0248307 0.09152 0.249918
9.99458E-05 9.99458E-05 0.7448 0.0634981 0.191102 9.99458E-05 9.99458E-05 9.99458E-05 9.99458E-05
9.99459E-05 9.99459E-05 0.215435 9.99459E-05 0.565396 9.99459E-05 9.99459E-05 9.99459E-05 0.218569
9.99549E-05 9.99549E-05 0.75479 0.177688 0.0662505 9.99549E-05 9.99549E-05 9.99549E-05 0.000771537
9.99549E-05 0.188152 0.411862 9.99549E-05 9.99549E-05 9.99549E-05 0.101254 9.99549E-05 0.298232
9.9955E-05 0.0650167 0.166639 9.9955E-05 0.507272 9.9955E-05 9.9955E-05 9.9955E-05 0.260572
9.99459E-05 9.99459E-05 0.192978 9.99459E-05 9.99459E-05 9.99459E-05 9.99459E-05 0.344737 0.461685
0.00751312 0.0158644 9.99639E-05 9.99639E-05 0.0254256 9.99639E-05 9.99639E-05 0.211029 0.739768
0.0636967 9.9964E-05 0.0962424 9.9964E-05 0.0590127 9.9964E-05 9.9964E-05 0.302141 0.478507
9.99459E-05 9.99459E-05 9.99459E-05 0.0495674 0.303322 9.99459E-05 9.99459E-05 9.99459E-05 0.646511
0.176066 0.109714 0.0886832 9.99639E-05 9.99639E-05 9.99639E-05 9.99639E-05 0.00740014 0.617737
9.99459E-05 9.99459E-05 9.99459E-05 9.99459E-05 9.99459E-05 0.245372 9.99459E-05 0.167983 0.586045
9.99549E-05 9.99549E-05 0.399819 0.375131 9.99549E-05 9.99549E-05 0.0386647 9.99549E-05 0.185885
9.99549E-05 9.99549E-05 0.0169331 0.297866 0.187668 9.99549E-05 9.99549E-05 9.99549E-05 0.497033
9.99549E-05 9.99549E-05 0.426977 0.0188427 9.99549E-05 0.390684 9.99549E-05 9.99549E-05 0.162997
9.99459E-05 9.99459E-05 0.000311699 0.408102 9.99459E-05 9.99459E-05 9.99459E-05 9.99459E-05 0.590987
9.9946E-05 9.9946E-05 0.0738399 0.433917 9.9946E-05 9.9946E-05 9.9946E-05 9.9946E-05 0.491643
9.9946E-05 9.9946E-05 0.179308 9.9946E-05 9.9946E-05 0.534559 9.9946E-05 9.9946E-05 0.285534
9.99459E-05 9.99459E-05 9.99459E-05 0.30995 9.99459E-05 0.0566206 9.99459E-05 9.99459E-05 0.63283
9.996E-05 9.996E-05 0.160925 0.278325 9.996E-05 0.062901 0.0539978 9.996E-05 0.443451
9.99459E-05 0.603968 9.99459E-05 9.99459E-05 0.390203 9.99459E-05 9.99459E-05 9.99459E-05 0.00522942
9.9973E-05 0.640473 0.0475287 0.0247834 0.207781 9.9973E-05 9.9973E-05 0.0128563 0.066278
9.9955E-05 0.780635 9.9955E-05 9.9955E-05 0.0190179 9.9955E-05 9.9955E-05 0.198005 0.00184213
9.9955E-05 0.474892 9.9955E-05 0.0457949 9.9955E-05 0.473666 0.00514765 9.9955E-05 9.9955E-05
0.0130331 0.58621 9.99549E-05 9.99549E-05 0.388834 9.99549E-05 0.0114231 9.99549E-05 9.99549E-05
0.0779229 0.239254 0.00865639 0.323946 9.9982E-05 0.263223 0.0450136 0.0417834 9.9982E-05
9.99459E-05 0.370215 9.99459E-05 0.516672 0.112513 9.99459E-05 9.99459E-05 9.99459E-05 9.99459E-05
9.99369E-05 0.732217 9.99369E-05 9.99369E-05 0.267083 9.99369E-05 9.99369E-05 9.99369E-05 9.99369E-05
9.99549E-05 0.705628 0.0524153 0.154211 9.99549E-05 9.99549E-05 0.0872454 9.99549E-05 9.99549E-05
0.263213 0.54285 0.039362 9.9964E-05 9.9964E-05 0.130292 9.9964E-05 0.0238835 9.9964E-05
9.9946E-05 0.279473 9.9946E-05 9.9946E-05 0.66181 9.9946E-05 0.0581176 9.9946E-05 9.9946E-05
0.470376 0.404939 0.0202659 9.9964E-05 9.9964E-05 0.0867655 0.0172536 9.9964E-05 9.9964E-05
9.99459E-05 0.733322 9.99459E-05 0.117853 0.148225 9.99459E-05 9.99459E-05 9.99459E-05 9.99459E-05
0.166344 0.556346 9.997E-05 0.181451 9.997E-05 0.0471071 0.00944729 9.997E-05 0.0390054
0.0237141 0.700229 0.0571881 9.9973E-05 0.0571773 9.9973E-05 0.161269 0.000122983 9.9973E-05
0.0307623 0.282424 0.0360411 0.554866 0.0735663 9.9973E-05 0.0220396 9.9973E-05 9.9973E-05
0.0516197 0.394911 9.99639E-05 9.99639E-05 9.99639E-05 0.416135 9.99639E-05 0.0982963 0.0386373
9.99549E-05 0.353136 9.99549E-05 0.0281125 9.99549E-05 0.032952 9.99549E-05 0.5853 9.99549E-05
9.9973E-05 0.625399 0.094974 0.00532626 0.0774435 9.9973E-05 0.101549 9.9973E-05 0.095008
9.99459E-05 0.612164 9.99459E-05 0.281401 0.105835 9.99459E-05 9.99459E-05 9.99459E-05 9.99459E-05
0.116952 0.743946 0.0581952 9.9955E-05 9.9955E-05 9.9955E-05 0.0804071 9.9955E-05 9.9955E-05
9.99369E-05 0.65181 9.99369E-05 9.99369E-05 9.99369E-05 9.99369E-05 9.99369E-05 0.347491 9.99369E-05
0.253489 0.123528 0.0110241 0.0849772 9.9982E-05 0.361079 0.118172 0.0475305 9.9982E-05
9.99459E-05 9.99459E-05 9.99459E-05 0.234359 0.123266 9.99459E-05 0.641775 9.99459E-05 9.99459E-05
9.9982E-05 0.00813681 9.9982E-05 0.212779 0.0207005 0.131991 0.0104958 0.593211 0.0224853
0.100572 0.116878 0.00341609 0.521742 0.0757017 9.99729E-05 0.18139 9.99729E-05 9.99729E-05
9.99368E-05 9.99368E-05 9.99368E-05 9.99368E-05 0.602052 9.99368E-05 0.397248 9.99368E-05 9.99368E-05
0.458253 9.99639E-05 9.99639E-05 0.0520691 9.99639E-05 0.240943 0.0542145 0.194121 9.99639E-05
0.241355 9.9964E-05 0.00871675 9.9964E-05 0.0398228 9.9964E-05 0.700661 0.00904365 9.9964E-05
0.0586135 0.110627 9.998E-05 0.487962 9.998E-05 0.105374 0.0912775 0.0395482 0.106399
9.99369E-05 9.99369E-05 9.99369E-05 9.99369E-05 9.99369E-05 9.99369E-05 0.693607 0.305693 9.99369E-05
9.9955E-05 9.9955E-05 9.9955E-05 0.399227 0.37154 9.9955E-05 0.212078 0.0166548 9.9955E-05
0.38631 0.035954 9.99729E-05 9.99729E-05 9.99729E-05 0.282025 0.195807 0.0641916 0.0354119
9.99369E-05 9.99369E-05 9.99369E-05 9.99369E-05 9.99369E-05 9.99369E-05 0.544813 0.454488 9.99369E-05
9.99369E-05 9.99369E-05 9.99369E-05 9.99369E-05 0.672979 9.99369E-05 0.326322 9.99369E-05 9.99369E-05
0.309151 0.00548905 9.99639E-05 0.0403247 9.99639E-05 0.533921 9.99639E-05 0.110714 9.99639E-05
9.99459E-05 9.99459E-05 9.99459E-05 9.99459E-05 9.99459E-05 0.161863 0.541782 0.295755 9.99459E-05
0.257348 9.99549E-05 9.99549E-05 0.285303 9.99549E-05 0.0774922 9.99549E-05 0.379357 9.99549E-05
9.99369E-05 9.99369E-05 9.99369E-05 9.99369E-05 0.614853 9.99369E-05 0.384447 9.99369E-05 9.99369E-05
0.0409946 9.99639E-05 9.99639E-05 0.019861 9.99639E-05 0.193415 0.325538 0.419791 9.99639E-05
0.373252 0.112043 9.9964E-05 0.0470885 9.9964E-05 0.462146 9.9964E-05 9.9964E-05 0.00507118
0.0696088 9.99639E-05 0.0189706 0.621838 9.99639E-05 0.0685738 0.220609 9.99639E-05 9.99639E-05
0.0410525 0.11001 0.0794878 0.189591 0.0985097 0.0602051 9.9982E-05 0.420944 9.9982E-05
0.106654 0.05783 0.0284195 0.171328 9.9982E-05 0.0460713 0.156153 0.433345 9.9982E-05
9.99458E-05 9.99458E-05 9.99458E-05 0.0867037 0.463184 9.99458E-05 0.449513 9.99458E-05 9.99458E-05
0.218914 9.9973E-05 0.0576454 0.326163 9.9973E-05 0.190422 0.168084 9.9973E-05 0.0384714
9.99639E-05 0.05963 9.99639E-05 0.121325 9.99639E-05 0.0639439 0.748002 9.99639E-05 0.00669947
9.9973E-05 0.26101 0.0462872 0.224749 0.233773 9.9973E-05 0.200187 9.9973E-05 0.0336938
0.176306 0.0912113 0.010808 0.0829422 9.999E-05 0.142624 0.205283 0.234797 0.0559283
0.128429 0.447276 9.9955E-05 9.9955E-05 9.9955E-05 9.9955E-05 0.349512 9.9955E-05 0.0742841
0.0553945 9.9973E-05 0.0441781 9.9973E-05 0.829175 0.0308085 9.9973E-05 0.0387034 0.00144096
0.0158063 0.169701 0.0278391 0.347962 0.0666499 9.9982E-05 0.34887 9.9982E-05 0.0229725
0.0905907 0.113474 0.0224548 0.430789 0.232172 9.998E-05 0.0944532 9.998E-05 0.0158663
0.624646 9.9964E-05 0.0481073 9.9964E-05 0.127891 9.9964E-05 0.187474 0.0114815 9.9964E-05
0.0628033 9.99549E-05 9.99549E-05 0.382037 0.518606 9.99549E-05 0.0360539 9.99549E-05 9.99549E-05
0.305484 9.99549E-05 9.99549E-05 0.164791 9.99549E-05 0.152733 9.99549E-05 0.376492 9.99549E-05
0.101672 0.0402217 9.996E-05 0.301888 0.40795 9.996E-05 0.147868 9.996E-05 9.996E-05
9.9955E-05 0.0700664 9.9955E-05 9.9955E-05 0.139338 9.9955E-05 0.380373 0.409722 9.9955E-05
0.129316 0.146656 9.9973E-05 9.9973E-05 0.0171479 0.058473 0.159543 0.488564 9.9973E-05
0.154362 0.325171 0.0110931 9.9982E-05 9.9982E-05 0.0341563 0.358351 0.00652897 0.110138
0.053136 0.245178 9.9982E-05 0.396257 9.9982E-05 0.122701 0.128674 0.00466733 0.0491868
0.090891 0.370052 0.0711428 0.0578039 0.0359847 0.00970077 0.359245 9.9991E-05 0.00507985
0.124365 0.225087 9.99729E-05 0.0786212 0.0266747 9.99729E-05 0.0844173 0.460535 9.99729E-05
0.0967328 0.120139 9.9955E-05 0.0810937 0.701535 9.9955E-05 9.9955E-05 9.9955E-05 9.9955E-05
9.99459E-05 0.023255 9.99459E-05 9.99459E-05 0.705354 9.99459E-05 0.270791 9.99459E-05 9.99459E-05
9.9955E-05 9.9955E-05 9.9955E-05 0.642743 0.0868728 9.9955E-05 0.235342 9.9955E-05 0.034542
9.9973E-05 0.0341576 0.0226141 0.091622 0.619658 9.9973E-05 0.206336 9.9973E-05 0.0253123
0.162754 0.0560576 9.9946E-05 9.9946E-05 0.780589 9.9946E-05 9.9946E-05 9.9946E-05 9.9946E-05
9.9955E-05 9.9955E-05 9.9955E-05 0.497214 0.10767 9.9955E-05 0.29358 9.9955E-05 0.101037
0.14238 9.99549E-05 9.99549E-05 0.594788 0.124436 9.99549E-05 0.137896 9.99549E-05 9.99549E-05
9.9955E-05 9.9955E-05 0.0519938 9.9955E-05 0.0640992 0.858993 0.0244142 9.9955E-05 9.9955E-05
0.0561228 9.99639E-05 0.0252311 0.146426 9.99639E-05 0.642794 9.99639E-05 0.129026 9.99639E-05
0.0328052 9.996E-05 0.0468609 0.735622 9.996E-05 0.164834 0.0194778 9.996E-05 9.996E-05
0.322949 9.99549E-05 9.99549E-05 0.122214 9.99549E-05 0.536917 9.99549E-05 0.0174208 9.99549E-05
0.0175756 9.9955E-05 9.9955E-05 9.9955E-05 0.0674808 0.890545 9.9955E-05 0.0238991 9.9955E-05
9.99549E-05 9.99549E-05 0.0670889 0.12062 9.99549E-05 0.281189 9.99549E-05 0.530602 9.99549E-05
9.99549E-05 9.99549E-05 9.99549E-05 0.110488 0.0125397 0.616326 9.99549E-05 0.260146 9.99549E-05
9.9955E-05 9.9955E-05 0.0330016 0.669272 0.160713 0.136513 9.9955E-05 9.9955E-05 9.9955E-05
9.9946E-05 9.9946E-05 9.9946E-05 0.269504 0.59838 9.9946E-05 0.131516 9.9946E-05 9.9946E-05
9.99639E-05 0.0899842 9.99639E-05 0.291668 9.99639E-05 0.54669 0.0218736 9.99639E-05 0.049385
9.9955E-05 0.000588247 9.9955E-05 0.759633 0.173256 0.0660234 9.9955E-05 9.9955E-05 9.9955E-05
9.996E-05 9.996E-05 0.100878 0.718445 9.996E-05 0.0931012 0.00592931 9.996E-05 0.0812463
0.0860918 0.0142901 9.99549E-05 0.552318 9.99549E-05 0.3468 9.99549E-05 9.99549E-05 9.99549E-05
9.9946E-05 9.9946E-05 9.9946E-05 0.742942 0.179454 9.9946E-05 0.077005 9.9946E-05 9.9946E-05
9.9955E-05 0.0482837 9.9955E-05 0.564092 0.14577 0.241354 9.9955E-05 9.9955E-05 9.9955E-05
0.00207342 9.9973E-05 0.111038 0.146068 9.9973E-05 0.398612 0.291065 9.9973E-05 0.0508438
0.122066 9.9973E-05 0.0326563 0.632937 0.0420958 0.109803 9.9973E-05 9.9973E-05 0.0601422
9.99549E-05 0.169215 9.99549E-05 0.525865 9.99549E-05 0.298003 9.99549E-05 9.99549E-05 0.00641706
0.501166 9.99459E-05 9.99459E-05 0.0651653 9.99459E-05 0.433069 9.99459E-05 9.99459E-05 9.99459E-05
0.0698906 0.0828481 9.9973E-05 0.292073 9.9973E-05 0.526112 0.0113689 9.9973E-05 0.0174081
0.0235589 9.9973E-05 9.9973E-05 0.561361 0.343798 0.0482224 9.9973E-05 0.00137732 0.0213826
9.99607E-05 0.0397119 9.99607E-05 0.872938 9.99607E-05 9.99607E-05 9.99607E-05 0.0626474 0.0242028
9.9946E-05 9.9946E-05 9.9946E-05 0.460077 0.461162 9.9946E-05 0.078161 9.9946E-05 9.9946E-05
0.158207 9.99549E-05 9.99549E-05 0.130617 9.99549E-05 0.683272 9.99549E-05 0.0274042 9.99549E-05
0.0626656 9.9973E-05 0.0113208 0.406615 9.9973E-05 0.372335 0.115135 9.9973E-05 0.0316289
9.99549E-05 9.99549E-05 9.99549E-05 0.620168 0.319822 9.99549E-05 0.052066 9.99549E-05 0.0074441
0.0705567 0.0153649 9.9973E-05 9.9973E-05 9.9973E-05 0.528566 0.272297 0.0845878 0.0283268
0.460727 9.9955E-05 0.0111491 9.9955E-05 9.9955E-05 0.137942 0.389683 9.9955E-05 9.9955E-05
9.997E-05 0.0401149 0.0756767 0.415516 0.328661 9.997E-05 0.0738953 9.997E-05 0.0658365
9.99639E-05 0.128961 0.029177 0.0184264 0.17844 9.99639E-05 0.644596 9.99639E-05 9.99639E-05
0.35805 9.9964E-05 0.102678 9.9964E-05 0.000506224 0.374485 0.163881 9.9964E-05 9.9964E-05
9.99459E-05 9.99459E-05 9.99459E-05 9.99459E-05 9.99459E-05 0.460087 0.385914 0.153399 9.99459E-05
0.0960286 9.9964E-05 9.9964E-05 9.9964E-05 9.9964E-05 0.458963 0.286505 0.120242 0.0378608
9.9937E-05 9.9937E-05 9.9937E-05 9.9937E-05 0.73166 9.9937E-05 0.267641 9.9937E-05 9.9937E-05
9.9964E-05 9.9964E-05 0.0156672 0.544672 0.00597936 9.9964E-05 0.418459 9.9964E-05 0.0148227
0.180069 0.35523 9.99729E-05 0.0428633 9.99729E-05 0.136595 0.237949 9.99729E-05 0.0469951
0.258143 9.99459E-05 9.99459E-05 9.99459E-05 9.99459E-05 0.420598 0.320659 9.99459E-05 9.99459E-05
9.99549E-05 0.123677 9.99549E-05 0.100736 0.54321 9.99549E-05 0.231878 9.99549E-05 9.99549E-05
0.000163916 9.9964E-05 0.0542184 0.576997 9.9964E-05 0.102309 0.265911 9.9964E-05 9.9964E-05
9.99639E-05 9.99639E-05 0.0284017 0.581833 9.99639E-05 0.0658016 0.314158 9.99639E-05 0.00940601
0.153107 0.386699 0.00070684 9.99639E-05 9.99639E-05 0.00183122 0.457256 9.99639E-05 9.99639E-05
0.0161922 0.230161 9.9973E-05 0.706283 0.0265869 9.9973E-05 0.0145266 9.9973E-05 0.00595053
0.219542 0.0640378 9.997E-05 0.292131 9.997E-05 0.378731 0.00377543 9.997E-05 0.0414819
0.216624 0.0969291 9.99729E-05 0.189233 9.99729E-05 0.175686 0.313295 9.99729E-05 0.00793361
0.214169 9.9964E-05 0.0179477 9.9964E-05 9.9964E-05 0.297029 0.27962 0.190834 9.9964E-05
9.99639E-05 9.99639E-05 0.0160448 0.330963 0.147222 9.99639E-05 0.367031 9.99639E-05 0.13834
0.0986303 9.99639E-05 9.99639E-05 9.99639E-05 0.0270896 0.588832 0.261973 9.99639E-05 0.0230749
9.99549E-05 9.99549E-05 9.99549E-05 0.106727 9.99549E-05 0.327631 0.162559 0.402583 9.99549E-05
9.99459E-05 9.99459E-05 9.99459E-05 0.455207 0.353515 9.99459E-05 0.190678 9.99459E-05 9.99459E-05
0.223132 9.99549E-05 9.99549E-05 0.623828 9.99549E-05 0.115418 0.0371216 9.99549E-05 9.99549E-05
9.9964E-05 9.9964E-05 9.9964E-05 0.749028 0.00597163 0.00254606 0.172938 9.9964E-05 0.0691164
9.9955E-05 9.9955E-05 0.0471514 9.9955E-05 0.0556264 0.862414 0.0343089 9.9955E-05 9.9955E-05
9.9973E-05 9.9973E-05 0.0645206 0.077109 0.0725195 0.279796 9.9973E-05 0.31151 0.194245
0.038838 9.9964E-05 9.9964E-05 0.118082 9.9964E-05 0.710539 0.0418418 9.9964E-05 0.0902996
9.9955E-05 9.9955E-05 0.00377426 0.5309 0.305945 9.9955E-05 0.158881 9.9955E-05 9.9955E-05
9.9973E-05 0.00949804 9.9973E-05 0.210386 9.9973E-05 0.661752 0.0304597 0.0453 0.0423051
9.9973E-05 0.0773481 0.0310229 0.0481149 9.9973E-05 0.760832 0.0707181 9.9973E-05 0.0116645
0.13633 0.0518738 9.9955E-05 9.9955E-05 0.0738906 0.737406 9.9955E-05 9.9955E-05 9.9955E-05
9.9955E-05 0.0550057 9.9955E-05 0.688716 0.254537 9.9955E-05 9.9955E-05 0.0012414 9.9955E-05
0.0159847 0.0110238 0.0147603 0.584681 9.9973E-05 0.261342 0.111908 9.9973E-05 9.9973E-05
0.36001 9.997E-05 0.0449027 0.0879635 0.0439124 0.397005 9.997E-05 0.0659063 9.997E-05
9.9973E-05 9.9973E-05 9.9973E-05 0.373151 0.224345 0.165871 0.168629 0.0153146 0.0523893
0.0314609 0.0179423 0.0245916 9.9973E-05 0.057045 0.849701 9.9973E-05 0.0189592 9.9973E-05
0.0631455 0.0462392 9.9964E-05 0.284236 0.140541 9.9964E-05 9.9964E-05 0.465438 9.9964E-05
9.9973E-05 0.0662511 0.021032 0.337808 9.9973E-05 0.428012 0.111368 9.9973E-05 0.0352278
9.9955E-05 9.9955E-05 9.9955E-05 0.506976 0.457799 0.00947726 0.0252482 9.9955E-05 9.9955E-05
9.9973E-05 0.0121238 0.0324426 0.464471 9.9973E-05 0.290522 0.194237 9.9973E-05 0.00590316
0.12218 0.264928 0.0298957 0.245168 0.137784 9.99729E-05 0.199744 9.99729E-05 9.99729E-05
0.0708006 0.140716 9.9964E-05 0.120133 0.607614 9.9964E-05 0.0603374 9.9964E-05 9.9964E-05
0.00165874 0.121294 9.99729E-05 0.596011 9.99729E-05 0.0847644 0.148686 9.99729E-05 0.047286
9.99459E-05 0.452907 9.99459E-05 0.498105 9.99459E-05 9.99459E-05 0.048389 9.99459E-05 9.99459E-05
0.179335 0.0259299 9.99639E-05 0.557855 9.99639E-05 0.0161747 0.220305 9.99639E-05 9.99639E-05
0.24851 9.99639E-05 9.99639E-05 0.137402 9.99639E-05 0.208478 0.136046 0.269163 9.99639E-05
9.99549E-05 0.052433 0.0125275 9.99549E-05 0.604823 9.99549E-05 0.329717 9.99549E-05 9.99549E-05
9.9973E-05 9.9973E-05 0.0156937 9.9973E-05 0.0224624 0.0449665 0.320496 0.576424 0.019657
0.0170796 0.354776 0.017649 0.105253 9.99729E-05 0.472997 9.99729E-05 0.0319458 9.99729E-05
0.768483 0.0955423 9.9964E-05 0.019311 0.0682322 9.9964E-05 9.9964E-05 0.0480312 9.9964E-05
0.0877979 0.241726 9.99549E-05 0.121303 0.548674 9.99549E-05 9.99549E-05 9.99549E-05 9.99549E-05
9.99459E-05 0.114501 9.99459E-05 0.228522 0.656377 9.99459E-05 9.99459E-05 9.99459E-05 9.99459E-05
0.227933 9.9964E-05 9.9964E-05 0.0974486 9.9964E-05 0.137284 0.184988 0.351946 9.9964E-05
0.161347 0.0352526 9.9982E-05 0.684242 9.9982E-05 0.00533369 0.044615 0.000923156 0.068086
0.101855 0.345279 0.0239745 0.348347 9.9982E-05 0.0166967 0.154361 9.9982E-05 0.009286
9.99549E-05 0.119137 9.99549E-05 0.108277 0.75928 0.0128059 9.99549E-05 9.99549E-05 9.99549E-05
0.315088 0.3818 9.99549E-05 9.99549E-05 0.0692235 9.99549E-05 0.233389 9.99549E-05 9.99549E-05
0.174176 0.135515 0.0365698 0.0535817 9.99729E-05 9.99729E-05 0.279077 0.320781 9.99729E-05
0.396112 9.99549E-05 9.99549E-05 0.0861797 9.99549E-05 0.488664 0.0285448 9.99549E-05 9.99549E-05
0.625814 0.115542 9.99549E-05 0.0644361 9.99549E-05 0.193709 9.99549E-05 9.99549E-05 9.99549E-05
0.140348 0.331661 9.9973E-05 0.0834137 0.0524207 9.9973E-05 0.0228892 0.368967 9.9973E-05
9.9955E-05 9.9955E-05 0.0262336 0.629894 0.221326 0.122047 9.9955E-05 9.9955E-05 9.9955E-05
9.9955E-05 0.0787699 0.00199064 0.0907118 9.9955E-05 0.828028 9.9955E-05 9.9955E-05 9.9955E-05
9.9964E-05 0.0691728 9.9964E-05 0.700963 0.126804 0.0699064 9.9964E-05 0.0327541 9.9964E-05
9.99639E-05 0.192523 9.99639E-05 0.565208 9.99639E-05 0.176884 0.0485928 9.99639E-05 0.0163924
9.9955E-05 9.9955E-05 0.0461746 0.0781535 9.9955E-05 0.794425 0.0807471 9.9955E-05 9.9955E-05
9.9955E-05 9.9955E-05 0.00651711 0.43852 0.483498 0.0709657 9.9955E-05 9.9955E-05 9.9955E-05
0.180625 0.325539 9.99549E-05 0.122322 0.371015 9.99549E-05 9.99549E-05 9.99549E-05 9.99549E-05
0.0611765 0.0188026 0.00247106 0.681737 0.0983096 9.9973E-05 0.137203 9.9973E-05 9.9973E-05
0.716886 0.107029 0.0430552 9.996E-05 0.0354569 9.996E-05 0.0971727 9.996E-05 9.996E-05
0.365034 0.117375 0.0417509 0.165981 0.0244297 9.99729E-05 0.285131 9.99729E-05 9.99729E-05
0.450942 9.99639E-05 0.0310019 0.250901 9.99639E-05 0.110359 0.156397 9.99639E-05 9.99639E-05
0.264732 9.99459E-05 9.99459E-05 0.149744 0.584924 9.99459E-05 9.99459E-05 9.99459E-05 9.99459E-05
0.241998 9.9964E-05 9.9964E-05 0.13543 9.9964E-05 0.00755669 0.0109011 0.603715 9.9964E-05
0.111951 0.154378 0.0511823 0.374776 0.0634901 9.9982E-05 0.0684298 9.9982E-05 0.175593
0.521317 0.069638 9.9982E-05 0.0921695 9.9982E-05 0.120013 0.0194943 0.114398 0.0627698
0.356726 0.00811763 0.0168959 0.0792618 9.998E-05 0.107997 9.998E-05 0.419854 0.0109482
0.904244 9.99549E-05 0.0161302 0.0490713 9.99549E-05 0.030055 9.99549E-05 9.99549E-05 9.99549E-05
0.662882 9.9973E-05 0.038705 0.0711486 9.9973E-05 0.204226 0.0195325 9.9973E-05 0.00320581
0.841771 9.9964E-05 0.0113129 0.0170062 0.0444184 9.9964E-05 9.9964E-05 9.9964E-05 0.085092
0.187461 0.127275 0.0946331 0.532397 9.99639E-05 9.99639E-05 9.99639E-05 9.99639E-05 0.0578345
9.9973E-05 0.0545733 0.0340902 0.691024 0.031426 9.9973E-05 0.123224 9.9973E-05 0.0653622
0.0536303 9.9982E-05 9.9982E-05 0.0395456 0.0653373 0.0932208 0.131587 0.578772 0.0377066
0.637508 0.182597 9.9964E-05 9.9964E-05 0.162412 9.9964E-05 9.9964E-05 0.00988888 0.00719509
0.056599 0.192177 0.0492159 0.232521 0.189502 9.9991E-05 0.179228 0.0481535 0.0525024
0.0639069 0.00644355 0.0212422 9.9964E-05 0.842392 9.9964E-05 0.0656152 9.9964E-05 9.9964E-05
9.9937E-05 9.9937E-05 9.9937E-05 0.661065 0.338236 9.9937E-05 9.9937E-05 9.9937E-05 9.9937E-05
0.0932695 0.01763 9.9955E-05 0.0904409 0.79816 9.9955E-05 9.9955E-05 9.9955E-05 9.9955E-05
