0.130886 0.0646437 0.0813571 0.569833 0.15328
0.122224 0.085026 9.9991E-05 0.690015 0.102635
0.030488 0.0551042 9.9991E-05 0.221217 0.69309
0.132519 9.9991E-05 0.148929 0.696181 0.0222718
0.235698 0.0389772 0.10861 0.616615 9.9991E-05
0.0599502 0.148655 9.9991E-05 0.384786 0.406509
0.0258743 0.0191631 9.9991E-05 0.222339 0.732523
9.9982E-05 0.14298 9.9982E-05 0.417617 0.439203
9.999E-05 0.0769921 0.0782997 0.727665 0.116943
9.9973E-05 9.9973E-05 0.165308 9.9973E-05 0.834392
0.13075 9.9991E-05 0.0886173 0.726677 0.0538551
9.9982E-05 9.9982E-05 0.104641 0.845308 0.049851
0.367658 0.0656351 0.0754143 0.341204 0.150089
9.9982E-05 0.0238215 9.9982E-05 0.288128 0.687851
9.9982E-05 9.9982E-05 0.0684427 0.882571 0.0487865
0.169501 0.051289 0.017948 9.9991E-05 0.761162
0.0853847 9.9982E-05 9.9982E-05 0.270506 0.64391
0.0791253 0.00458777 9.9991E-05 0.381209 0.534978
0.0815076 9.9991E-05 0.0383146 0.727745 0.152332
0.112527 0.016027 0.867791 0.00355461 9.9991E-05
0.0855675 9.9973E-05 0.914133 9.9973E-05 9.9973E-05
0.0915359 0.0338355 0.867581 9.9991E-05 0.00694752
0.0346183 0.00154371 0.804221 0.159517 9.9991E-05
9.99729E-05 9.99729E-05 0.808697 0.191003 9.99729E-05
9.99819E-05 0.25426 0.381141 9.99819E-05 0.3644
9.9982E-05 0.19756 0.450624 0.351616 9.9982E-05
9.9982E-05 0.269536 0.286685 9.9982E-05 0.443579
0.182199 0.129615 0.463571 0.224515 9.9991E-05
0.0936859 0.00538243 0.818972 9.9991E-05 0.0818597
9.9973E-05 9.9973E-05 0.959487 0.0402131 9.9973E-05
0.00220444 0.0264349 0.66013 9.9991E-05 0.31113
0.120324 0.501502 0.2218 9.9991E-05 0.156274
9.99729E-05 9.99729E-05 0.560147 9.99729E-05 0.439553
9.9982E-05 0.0998221 0.591741 9.9982E-05 0.308237
0.00131378 9.9991E-05 0.920277 0.0694407 0.00886807
9.99729E-05 9.99729E-05 0.853865 0.145835 9.99729E-05
0.0473344 9.9991E-05 0.826475 0.0724569 0.0536334
9.9973E-05 9.9973E-05 0.822355 0.177345 9.9973E-05
0.0315448 0.855567 9.99819E-05 0.112689 9.99819E-05
0.232006 0.693449 9.9982E-05 9.9982E-05 0.0743449
9.9982E-05 0.435058 0.0712155 9.9982E-05 0.493527
0.183232 0.531555 0.173533 0.111579 9.9991E-05
0.0584461 0.615075 0.245076 9.9991E-05 0.0813031
0.00573121 0.60567 0.0684621 9.9991E-05 0.320037
9.9982E-05 0.329224 0.198387 0.472189 9.9982E-05
9.9973E-05 0.602794 9.9973E-05 0.396906 9.9973E-05
9.9982E-05 0.446316 0.123643 9.9982E-05 0.429841
0.0698677 0.843778 9.9982E-05 0.0861548 9.9982E-05
0.309231 0.356479 9.9982E-05 9.9982E-05 0.33409
9.9982E-05 0.75133 0.00120054 0.247269 9.9982E-05
0.253078 0.74161 9.9982E-05 9.9982E-05 0.00511122
0.206963 0.497489 0.214234 0.0812146 9.9991E-05
9.9982E-05 0.443542 0.19907 0.357188 9.9982E-05
9.9982E-05 0.550166 0.0362048 0.413429 9.9982E-05
0.021408 0.388458 0.20708 0.382954 9.9991E-05
9.9982E-05 0.0690011 0.594241 0.336558 9.9982E-05
0.0824633 0.786229 9.99819E-05 9.99819E-05 0.131107
0.211226 0.586715 0.201859 9.9982E-05 9.9982E-05
0.147466 0.702522 9.9982E-05 9.9982E-05 0.149812
0.0231735 0.752525 0.0542749 0.169927 9.9991E-05
9.99819E-05 0.714517 0.066782 0.218501 9.99819E-05
9.9973E-05 0.695145 9.9973E-05 0.304555 9.9973E-05
0.15354 0.589129 0.0152887 9.9991E-05 0.241942
9.9982E-05 0.532602 0.199869 0.267329 9.9982E-05
9.9973E-05 0.502217 9.9973E-05 9.9973E-05 0.497483
9.9982E-05 0.391459 0.211727 0.396615 9.9982E-05
9.9982E-05 0.662149 0.0362686 0.301382 9.9982E-05
9.9982E-05 0.624446 0.0348165 0.340538 9.9982E-05
9.9991E-05 0.496454 0.17773 0.253275 0.072441
0.0518598 0.426181 0.344146 0.0410355 0.136777
0.154514 0.309497 0.233732 9.9991E-05 0.302156
9.9973E-05 0.549893 9.9973E-05 9.9973E-05 0.449807
9.9973E-05 9.9973E-05 0.792938 0.206762 9.9973E-05
0.0393493 0.667086 9.99819E-05 9.99819E-05 0.293364
9.9982E-05 0.652944 0.089332 0.257524 9.9982E-05
9.9982E-05 0.271909 0.323014 0.404877 9.9982E-05
9.99819E-05 0.0309716 0.657086 9.99819E-05 0.311743
9.9982E-05 0.249887 0.221662 9.9982E-05 0.528251
9.99819E-05 0.0880165 0.641171 9.99819E-05 0.270612
0.201487 0.389336 0.408976 9.9982E-05 9.9982E-05
0.305293 0.304689 0.175674 9.9991E-05 0.214244
9.9982E-05 0.4704 0.325742 0.203658 9.9982E-05
0.108378 0.742635 0.0730467 0.0758398 9.9991E-05
0.125526 0.491266 0.260473 0.115503 0.00723167
9.9973E-05 0.652832 9.9973E-05 9.9973E-05 0.346868
0.177173 0.615848 0.162013 0.0448665 9.9991E-05
9.9982E-05 0.638136 0.022586 0.339078 9.9982E-05
9.99819E-05 0.286352 0.338933 9.99819E-05 0.374515
9.9973E-05 0.547065 9.9973E-05 9.9973E-05 0.452635
9.9982E-05 0.291007 0.358937 0.349856 9.9982E-05
9.99729E-05 0.627109 9.99729E-05 9.99729E-05 0.372591
9.9991E-05 0.583052 0.0131629 0.022783 0.380903
9.9982E-05 0.378603 0.17933 0.441866 9.9982E-05
9.9982E-05 0.702633 9.9982E-05 0.171368 0.1258
9.9991E-05 0.549076 0.105623 0.152097 0.193103
0.731488 0.0529303 9.9982E-05 9.9982E-05 0.215382
0.70064 0.146512 0.0278912 9.9991E-05 0.124856
0.83098 0.077231 0.0340232 0.0576655 9.9991E-05
0.413819 0.0841161 9.9982E-05 0.501865 9.9982E-05
0.69256 9.9982E-05 0.0166264 9.9982E-05 0.290614
0.248804 0.0619987 9.9991E-05 0.571411 0.117687
0.457081 9.9982E-05 9.9982E-05 0.0289736 0.513745
0.83338 0.048234 9.9982E-05 9.9982E-05 0.118186
0.681174 0.0736035 0.0544012 0.034936 0.155885
0.566828 9.9982E-05 0.136031 0.296942 9.9982E-05
0.556997 0.000584844 0.00824779 9.9991E-05 0.434071
0.493318 0.00282021 0.113097 0.390665 9.9991E-05
0.800073 0.0526897 9.9982E-05 9.9982E-05 0.147038
0.55735 0.128759 9.9991E-05 0.289699 0.0240918
0.730239 9.9991E-05 0.122274 0.0762884 0.0710986
0.343131 9.9982E-05 9.9982E-05 0.186744 0.469925
0.320417 0.102033 0.0378849 0.539565 9.9991E-05
0.439173 9.9982E-05 0.151589 0.409038 9.9982E-05
0.606279 0.194922 0.0788717 9.9991E-05 0.119827
0.666362 0.038406 9.9991E-05 0.0183447 0.276788
0.744526 0.0638369 0.0866926 0.104845 9.9991E-05
0.743772 9.9982E-05 0.0981506 0.157877 9.9982E-05
0.167083 0.0188758 0.104327 0.651806 0.0579076
9.9982E-05 9.9982E-05 0.0916328 0.199175 0.708993
0.148198 0.0267534 0.111555 0.616065 0.0974282
0.221434 9.9991E-05 0.0106636 0.190601 0.577202
0.0592917 9.9982E-05 0.0325777 9.9982E-05 0.907931
0.112847 9.9991E-05 0.058867 0.819866 0.00832032
9.9982E-05 9.9982E-05 0.255088 0.374657 0.370055
0.121147 0.168326 9.9991E-05 0.428151 0.282276
9.9982E-05 9.9982E-05 0.297157 0.390676 0.311967
9.9982E-05 9.9982E-05 0.0166013 0.0491611 0.934038
0.117719 0.0679386 0.0771327 0.727091 0.0101187
0.0104827 9.9991E-05 0.317186 0.493536 0.178695
0.0644641 9.9982E-05 0.0288622 9.9982E-05 0.906474
0.114605 9.9973E-05 9.9973E-05 0.885095 9.9973E-05
9.9982E-05 9.9982E-05 0.267956 0.656205 0.0756381
0.0602247 9.9991E-05 0.0673273 0.741211 0.131137
9.9973E-05 9.9973E-05 0.0816585 9.9973E-05 0.918042
9.9991E-05 0.00384301 0.164173 0.719872 0.112013
0.194118 0.0595626 0.00403614 0.742183 9.9991E-05
0.00688428 0.0182695 9.9991E-05 0.451098 0.523649
0.302478 0.000397472 0.176115 0.403156 0.117854
0.145677 9.9991E-05 0.172344 0.528331 0.153548
0.00236206 9.9982E-05 0.0471102 9.9982E-05 0.950328
9.9991E-05 0.0842896 0.0871272 0.539044 0.289439
9.9991E-05 0.0688254 0.124173 0.38041 0.426492
0.355967 0.0775705 0.0733433 9.9991E-05 0.49302
0.164803 0.0731412 0.134326 0.563304 0.0644251
0.529486 0.117128 0.135006 0.21828 9.9991E-05
0.248316 9.9982E-05 0.0959561 9.9982E-05 0.655528
0.192327 0.0662091 0.0620306 0.169893 0.50954
0.252236 0.049859 0.00552317 0.0718462 0.620536
0.211433 9.9991E-05 0.215324 0.35596 0.217183
0.199129 9.9973E-05 9.9973E-05 9.9973E-05 0.800571
0.132857 9.9991E-05 0.0197698 0.807257 0.0400168
0.275018 9.9982E-05 9.9982E-05 0.0160413 0.708741
0.220133 9.9991E-05 0.226312 0.314525 0.238929
0.254065 9.9991E-05 0.160371 0.544229 0.0412349
0.362831 0.146887 0.101814 0.303814 0.0846535
0.268117 0.107263 9.9991E-05 0.400563 0.223958
0.396983 0.0463449 0.138428 0.213059 0.205185
0.444194 9.9991E-05 0.131675 0.352 0.0720317
0.387223 9.9973E-05 9.9973E-05 9.9973E-05 0.612477
0.228357 9.9982E-05 0.0669245 9.9982E-05 0.704519
9.9982E-05 0.0892323 9.9982E-05 0.184235 0.726333
0.208982 0.0221179 0.068306 9.9991E-05 0.700494
0.463015 9.9973E-05 9.9973E-05 9.9973E-05 0.536686
9.9991E-05 0.154948 0.0280671 0.128552 0.688333
0.0161348 0.0201479 9.9991E-05 0.258625 0.704992
9.9982E-05 0.0481907 0.117919 0.83369 9.9982E-05
9.9982E-05 9.9982E-05 0.101885 0.882504 0.0154103
0.0125884 0.0327451 9.9991E-05 0.443405 0.511162
0.0230935 9.9991E-05 0.0263165 0.891676 0.0588137
0.0587402 9.9982E-05 0.0357464 0.905313 9.9982E-05
0.0578079 9.9991E-05 0.229968 0.666443 0.045681
0.0232843 9.9991E-05 0.0780397 0.8809 0.017676
9.9973E-05 9.9973E-05 9.9973E-05 0.289539 0.710161
0.0515182 9.9991E-05 0.00553626 0.00218013 0.940665
0.079512 0.150888 9.9991E-05 0.701193 0.0683071
0.0787771 0.0317646 9.9991E-05 0.176147 0.713211
9.9991E-05 0.143466 0.015319 0.296284 0.544831
0.0672493 0.0208217 9.9991E-05 0.578535 0.333294
0.0345401 0.00535776 9.9991E-05 0.147755 0.812247
0.131945 0.0613606 9.9991E-05 0.336182 0.470412
9.9991E-05 0.121045 0.141626 0.577937 0.159291
9.9982E-05 0.1119 9.9982E-05 0.361684 0.526217
0.149126 0.101556 9.9991E-05 0.426212 0.323007
0.0710498 0.0018197 0.0373527 0.858235 0.0315426
0.112562 0.0939452 9.9991E-05 0.682149 0.111243
0.0379367 0.0599161 9.9991E-05 0.134706 0.767342
0.10323 0.0601839 9.9991E-05 0.310758 0.525728
0.0320352 9.9982E-05 9.9982E-05 0.0164161 0.951349
0.0598104 9.9973E-05 9.9973E-05 0.93989 9.9973E-05
9.9982E-05 0.126715 9.9982E-05 0.638491 0.234594
0.0532384 0.0218109 9.9991E-05 0.0635148 0.861336
0.043939 0.0659109 0.148572 0.739135 0.00244376
9.9982E-05 9.9982E-05 0.209431 0.565524 0.224844
0.16177 0.0953217 0.0502542 9.9991E-05 0.692554
0.140989 0.0125981 0.198413 0.0818835 0.566116
9.9991E-05 0.00118596 0.214552 0.657926 0.126236
9.9982E-05 9.9982E-05 0.184801 0.752743 0.0622554
9.9982E-05 0.0886876 0.124546 0.786566 9.9982E-05
0.0950221 9.9982E-05 0.121724 9.9982E-05 0.783054
9.9991E-05 0.0742176 0.025821 0.186661 0.7132
0.359354 0.113927 0.0585065 0.435411 0.0328012
0.0249102 9.9991E-05 0.1003 0.763546 0.111144
0.29928 9.9982E-05 0.0660518 9.9982E-05 0.634469
9.9991E-05 0.045092 0.0419111 0.370763 0.542134
9.9991E-05 0.0764163 0.0131128 0.341287 0.569084
0.420696 0.0151999 0.133625 0.287297 0.143183
0.268753 0.0379036 9.9991E-05 0.165543 0.5277
0.122474 0.106726 9.9991E-05 0.657396 0.113304
0.117382 0.072995 0.0215893 0.590742 0.197293
9.9982E-05 9.9982E-05 0.206471 0.710746 0.0825828
9.9991E-05 0.17238 0.0623609 0.07489 0.690269
9.9991E-05 0.0798587 0.0378117 0.785203 0.0970261
0.0289189 0.0242786 0.0800125 0.769429 0.0973605
9.9982E-05 9.9982E-05 0.0041671 0.0606398 0.934993
9.9982E-05 0.0010406 9.9982E-05 0.501634 0.497125
9.9982E-05 0.103072 9.9982E-05 0.224786 0.671942
9.9982E-05 0.0286747 0.139131 0.831994 9.9982E-05
0.0730924 0.224216 0.152295 0.499534 0.050862
0.00333543 0.167969 9.9991E-05 0.826857 0.00173886
9.9982E-05 9.9982E-05 0.0134539 0.0652964 0.92105
0.0116487 0.133479 9.9991E-05 0.793637 0.0611349
0.0540069 0.0937457 0.0594407 0.781595 0.0112118
0.119334 0.0285189 0.0567047 0.795343 9.9991E-05
0.163214 9.9982E-05 9.9982E-05 0.094192 0.742394
0.0174209 0.0540218 9.9991E-05 0.480349 0.448108
9.9982E-05 9.9982E-05 0.136433 0.741387 0.12198
0.0636091 0.114496 9.9991E-05 0.264472 0.557323
0.0543908 0.0484522 0.0824057 0.814651 9.9991E-05
0.274557 0.00389916 0.0217404 0.433849 0.265955
0.0227328 0.144166 0.00815815 0.521884 0.303059
9.9982E-05 9.9982E-05 0.0111144 0.0526725 0.936013
0.00336404 0.100478 9.9991E-05 0.567842 0.328216
0.354747 0.0273284 0.0662222 0.120359 0.431343
0.379848 9.9982E-05 0.0116374 9.9982E-05 0.608315
0.124483 0.0858004 9.9991E-05 0.381539 0.408077
0.41142 0.0557751 9.9991E-05 0.0997663 0.432939
0.0954791 9.9982E-05 9.9982E-05 0.407515 0.496806
0.123552 9.9991E-05 0.0804058 0.734622 0.0613204
0.196184 9.9982E-05 0.0981725 9.9982E-05 0.705444
0.0528158 9.9991E-05 0.314706 0.540563 0.0918154
0.29993 0.08066 0.0242008 0.595109 9.9991E-05
0.368228 9.9991E-05 0.116715 0.45663 0.0583265
0.535915 9.9973E-05 9.9973E-05 9.9973E-05 0.463785
0.310938 9.9973E-05 9.9973E-05 9.9973E-05 0.688762
9.9982E-05 9.9982E-05 0.175724 0.70225 0.121827
0.0856514 0.119709 9.9991E-05 0.367236 0.427304
0.374086 0.0676291 0.00224841 0.279336 0.276701
0.323359 9.9973E-05 9.9973E-05 9.9973E-05 0.676341
0.586017 9.9991E-05 0.0963943 0.235828 0.0816606
0.22782 9.9991E-05 0.217971 0.43856 0.115549
0.0259518 9.9991E-05 0.0672957 0.828509 0.0781432
0.276683 0.0346659 0.0160788 0.672472 9.9991E-05
0.491499 0.00748585 0.0905783 0.373152 0.0372848
0.0713439 0.0388999 9.9991E-05 0.171678 0.717979
0.0653173 0.0869458 9.9982E-05 0.847537 9.9982E-05
0.103308 0.0108963 9.9991E-05 0.240884 0.644812
0.152878 0.0853863 9.9991E-05 0.41273 0.348906
9.9982E-05 0.0929685 0.0466825 0.860149 9.9982E-05
0.0628784 0.0368364 0.000697656 0.0611189 0.838469
0.599462 0.0245008 9.9982E-05 9.9982E-05 0.375837
0.0743401 0.00654472 9.9991E-05 0.206192 0.712823
0.346458 9.9991E-05 0.18313 0.386899 0.0834132
0.246973 0.00211706 0.127035 0.276629 0.347246
0.0287274 0.0312002 0.102004 0.537038 0.30103
0.238841 0.000611428 0.0113205 9.9991E-05 0.749127
0.076497 0.000532975 0.169409 0.668142 0.0854199
0.221377 0.225167 0.0113404 0.156781 0.385335
0.211581 0.0471379 0.0954811 0.61992 0.0258808
0.144754 0.00864612 0.166912 0.674041 0.00564667
0.185904 9.9991E-05 0.111074 0.621491 0.0814305
0.0614281 0.0258354 0.119039 0.707776 0.0859214
0.10458 0.0805709 0.13148 0.528448 0.154922
0.197115 0.140054 0.0235423 0.225909 0.41338
0.0829431 0.115877 9.9991E-05 0.146477 0.654603
0.105082 0.00732881 0.216829 0.56458 0.10618
0.538221 9.9991E-05 0.127097 0.320748 0.0138334
0.288681 0.0861293 0.103893 0.0953723 0.425924
0.30205 9.9982E-05 0.0845239 9.9982E-05 0.613227
0.0456623 9.9982E-05 9.9982E-05 0.0475757 0.906562
0.29114 9.9973E-05 9.9973E-05 9.9973E-05 0.70856
