9.9946E-05 0.381959 9.9946E-05 9.9946E-05 0.338361 0.0036946 9.9946E-05 0.1712 9.9946E-05 9.9946E-05 0.104186
9.99639E-05 0.452926 0.00835495 0.10759 0.320282 0.0179282 9.99639E-05 0.0830814 9.99639E-05 9.99639E-05 0.00943721
0.03583 0.617379 9.99639E-05 9.99639E-05 9.99639E-05 0.0922826 0.0233464 9.99639E-05 0.0161668 0.19409 0.0205053
9.99639E-05 0.126268 9.99639E-05 0.088617 0.303802 9.99639E-05 0.174607 0.213734 0.0596976 9.99639E-05 0.0328756
0.0459831 9.99549E-05 0.0413084 9.99549E-05 0.471349 9.99549E-05 0.0838544 0.31917 0.037835 9.99549E-05 9.99549E-05
0.0573386 0.453233 0.0902102 9.99459E-05 0.057677 9.99459E-05 9.99459E-05 9.99459E-05 0.340942 9.99459E-05 9.99459E-05
9.99369E-05 0.704533 9.99369E-05 9.99369E-05 9.99369E-05 0.0238214 0.0174539 9.99369E-05 9.99369E-05 0.253492 9.99369E-05
9.9946E-05 0.523298 0.00745222 9.9946E-05 0.10351 0.168646 9.9946E-05 9.9946E-05 0.196495 9.9946E-05 9.9946E-05
9.9964E-05 0.308173 0.0403805 0.129629 0.246041 9.9964E-05 0.147012 9.9964E-05 0.106646 9.9964E-05 0.0217194
9.99369E-05 0.0895376 9.99369E-05 9.99369E-05 9.99369E-05 9.99369E-05 9.99369E-05 9.99369E-05 0.37736 0.47072 0.0616834
0.0342752 0.147137 9.9973E-05 0.494506 0.172795 9.9973E-05 0.0291823 0.0201784 0.100562 9.9973E-05 0.00106384
9.994E-05 0.0146608 9.994E-05 0.2035 0.398841 9.994E-05 0.141133 9.994E-05 0.241266 9.994E-05 9.994E-05
0.229656 0.233896 0.0785855 0.089331 9.9973E-05 9.9973E-05 0.251732 0.076743 9.9973E-05 0.0366314 0.00312546
9.9946E-05 0.673086 9.9946E-05 9.9946E-05 9.9946E-05 0.0720637 9.9946E-05 9.9946E-05 0.207476 0.0445075 0.00226688
9.99279E-05 9.99279E-05 9.99279E-05 0.530175 0.395047 9.99279E-05 9.99279E-05 9.99279E-05 0.073979 9.99279E-05 9.99279E-05
0.00465606 0.37603 0.0631485 9.99549E-05 9.99549E-05 9.99549E-05 9.99549E-05 9.99549E-05 0.034373 0.477932 0.0433607
9.9946E-05 0.794362 9.9946E-05 0.00937953 9.9946E-05 9.9946E-05 0.0366423 9.9946E-05 9.9946E-05 0.151942 0.00707495
0.0428025 0.826575 9.99459E-05 0.0644116 9.99459E-05 0.043981 9.99459E-05 9.99459E-05 9.99459E-05 0.0216301 9.99459E-05
0.0507219 0.321155 9.9946E-05 9.9946E-05 0.284406 9.9946E-05 0.284813 9.9946E-05 0.0583046 9.9946E-05 9.9946E-05
9.99279E-05 9.99279E-05 9.99279E-05 0.079814 9.99279E-05 9.99279E-05 9.99279E-05 0.153818 9.99279E-05 9.99279E-05 0.765569
9.99279E-05 9.99279E-05 9.99279E-05 9.99279E-05 9.99279E-05 9.99279E-05 0.0677976 0.161219 9.99279E-05 9.99279E-05 0.770184
9.99278E-05 9.99278E-05 9.99278E-05 9.99278E-05 9.99278E-05 9.99278E-05 9.99278E-05 0.105363 0.019356 9.99278E-05 0.874481
9.99189E-05 9.99189E-05 9.99189E-05 9.99189E-05 9.99189E-05 9.99189E-05 0.362208 9.99189E-05 9.99189E-05 9.99189E-05 0.636892
9.99459E-05 9.99459E-05 9.99459E-05 0.156908 0.018144 0.00636165 0.106121 9.99459E-05 9.99459E-05 9.99459E-05 0.711866
9.99549E-05 0.205609 0.155157 9.99549E-05 9.99549E-05 0.069982 9.99549E-05 9.99549E-05 0.00587764 0.092667 0.470207
9.99549E-05 9.99549E-05 0.00318834 0.162874 0.204131 0.197031 9.99549E-05 9.99549E-05 0.0495578 9.99549E-05 0.382719
9.99279E-05 9.99279E-05 0.182486 9.99279E-05 9.99279E-05 9.99279E-05 9.99279E-05 9.99279E-05 9.99279E-05 0.586876 0.229838
9.9937E-05 9.9937E-05 9.9937E-05 9.9937E-05 0.114508 0.230338 9.9937E-05 0.435801 9.9937E-05 9.9937E-05 0.218653
0.063623 0.0278521 9.99549E-05 9.99549E-05 9.99549E-05 9.99549E-05 9.99549E-05 0.0163709 0.0146372 0.0102915 0.866726
9.99279E-05 9.99279E-05 9.99279E-05 0.00707855 9.99279E-05 9.99279E-05 0.144707 9.99279E-05 9.99279E-05 9.99279E-05 0.847415
9.99371E-05 9.99371E-05 9.99371E-05 9.99371E-05 9.99371E-05 0.0426439 0.143201 9.99371E-05 9.99371E-05 0.243671 0.569785
0.192223 9.99549E-05 0.313025 9.99549E-05 9.99549E-05 0.203244 9.99549E-05 9.99549E-05 0.0397903 0.0464601 0.204757
9.99188E-05 9.99188E-05 9.99188E-05 9.99188E-05 9.99188E-05 9.99188E-05 9.99188E-05 9.99188E-05 9.99188E-05 0.399699 0.599402
9.99369E-05 0.225659 9.99369E-05 9.99369E-05 9.99369E-05 0.0468678 9.99369E-05 9.99369E-05 9.99369E-05 0.038591 0.688182
9.99369E-05 9.99369E-05 9.99369E-05 0.0150934 9.99369E-05 9.99369E-05 0.141271 9.99369E-05 0.00635321 9.99369E-05 0.836582
9.99369E-05 9.99369E-05 9.99369E-05 0.169897 0.074541 9.99369E-05 0.0160819 9.99369E-05 9.99369E-05 9.99369E-05 0.738781
9.9928E-05 9.9928E-05 9.9928E-05 0.297052 9.9928E-05 9.9928E-05 9.9928E-05 9.9928E-05 9.9928E-05 0.000406801 0.701742
9.99279E-05 9.99279E-05 9.99279E-05 9.99279E-05 0.0612908 9.99279E-05 0.267669 9.99279E-05 9.99279E-05 9.99279E-05 0.670241
9.99369E-05 0.0874258 0.855732 9.99369E-05 0.0512582 9.99369E-05 9.99369E-05 0.00488464 9.99369E-05 9.99369E-05 9.99369E-05
0.0738663 9.9937E-05 0.660477 9.9937E-05 9.9937E-05 9.9937E-05 9.9937E-05 0.00121525 9.9937E-05 0.263742 9.9937E-05
9.99369E-05 9.99369E-05 0.241513 9.99369E-05 9.99369E-05 0.22786 9.99369E-05 9.99369E-05 9.99369E-05 0.492922 0.0370058
9.9946E-05 9.9946E-05 0.468995 9.9946E-05 9.9946E-05 0.0666198 0.279767 0.14007 9.9946E-05 0.0439487 9.9946E-05
9.99369E-05 0.124564 0.567571 9.99369E-05 9.99369E-05 9.99369E-05 9.99369E-05 9.99369E-05 9.99369E-05 0.00293495 0.304231
0.0560113 0.0326658 0.460777 0.00219032 9.9973E-05 0.116627 9.9973E-05 9.9973E-05 0.0334018 0.215759 0.0822678
9.9946E-05 9.9946E-05 0.0701953 9.9946E-05 0.409883 0.350221 0.129374 9.9946E-05 9.9946E-05 9.9946E-05 0.0397263
9.99279E-05 9.99279E-05 0.572996 0.112714 0.31349 9.99279E-05 9.99279E-05 9.99279E-05 9.99279E-05 9.99279E-05 9.99279E-05
9.99459E-05 0.0566962 0.376133 9.99459E-05 9.99459E-05 0.00320459 9.99459E-05 9.99459E-05 9.99459E-05 0.367389 0.195978
9.99459E-05 0.0386018 0.835778 0.0375121 9.99459E-05 9.99459E-05 9.99459E-05 0.0271275 0.060381 9.99459E-05 9.99459E-05
9.9928E-05 9.9928E-05 0.308522 9.9928E-05 9.9928E-05 9.9928E-05 9.9928E-05 0.0820435 9.9928E-05 0.608635 9.9928E-05
9.9946E-05 9.9946E-05 0.652535 0.048775 0.195752 0.0708952 0.0314431 9.9946E-05 9.9946E-05 9.9946E-05 9.9946E-05
9.99279E-05 9.99279E-05 0.699086 9.99279E-05 9.99279E-05 9.99279E-05 9.99279E-05 0.0745435 9.99279E-05 0.225571 9.99279E-05
9.9937E-05 9.9937E-05 0.498503 9.9937E-05 9.9937E-05 9.9937E-05 0.173495 0.263212 9.9937E-05 9.9937E-05 0.0640893
9.99549E-05 9.99549E-05 0.327545 0.389006 0.0263661 0.135468 9.99549E-05 9.99549E-05 0.0267481 9.99549E-05 0.0943681
9.9946E-05 0.00221892 0.422393 0.349182 0.099155 0.126451 9.9946E-05 9.9946E-05 9.9946E-05 9.9946E-05 9.9946E-05
9.9964E-05 9.9964E-05 0.256942 0.00178693 0.13164 0.15274 0.340063 0.0822459 9.9964E-05 9.9964E-05 0.0341829
9.99369E-05 9.99369E-05 9.99369E-05 9.99369E-05 0.00168162 0.211533 0.446632 9.99369E-05 9.99369E-05 9.99369E-05 0.339454
0.0694328 0.038139 0.740822 9.99459E-05 9.99459E-05 0.024903 9.99459E-05 9.99459E-05 9.99459E-05 0.126104 9.99459E-05
9.99369E-05 9.99369E-05 0.36437 9.99369E-05 9.99369E-05 0.349463 0.0131882 0.272279 9.99369E-05 9.99369E-05 9.99369E-05
0.0680341 9.99369E-05 0.600063 9.99369E-05 9.99369E-05 0.0899271 9.99369E-05 9.99369E-05 9.99369E-05 0.241276 9.99369E-05
9.99459E-05 9.99459E-05 0.742798 0.00494307 0.15365 9.99459E-05 0.00163414 0.0963745 9.99459E-05 9.99459E-05 9.99459E-05
9.99459E-05 9.99459E-05 0.671343 0.133971 0.0994001 0.0350692 9.99459E-05 9.99459E-05 9.99459E-05 9.99459E-05 0.0596172
9.99369E-05 9.99369E-05 0.627808 0.105359 0.20857 0.0575641 9.99369E-05 9.99369E-05 9.99369E-05 9.99369E-05 9.99369E-05
0.228552 9.99459E-05 0.340445 9.99459E-05 9.99459E-05 0.246616 9.99459E-05 9.99459E-05 9.99459E-05 0.156535 0.0272519
9.99279E-05 9.99279E-05 0.520185 9.99279E-05 9.99279E-05 9.99279E-05 0.451499 9.99279E-05 9.99279E-05 9.99279E-05 0.0275171
9.99369E-05 0.0998082 0.296082 9.99369E-05 9.99369E-05 0.278301 9.99369E-05 9.99369E-05 9.99369E-05 0.32511 9.99369E-05
9.99549E-05 9.99549E-05 0.242376 0.281006 0.0968579 0.193725 9.99549E-05 9.99549E-05 0.0438139 9.99549E-05 0.141721
9.9928E-05 9.9928E-05 0.608438 9.9928E-05 0.318628 9.9928E-05 0.072134 9.9928E-05 9.9928E-05 9.9928E-05 9.9928E-05
9.9937E-05 9.9937E-05 0.552095 0.227871 0.21441 0.00492505 9.9937E-05 9.9937E-05 9.9937E-05 9.9937E-05 9.9937E-05
0.0272735 0.00711568 0.150616 0.0571571 0.125766 0.492415 9.99729E-05 9.99729E-05 0.02771 9.99729E-05 0.111648
0.0552505 0.0372091 0.2142 9.99639E-05 9.99639E-05 0.232729 9.99639E-05 0.0418435 0.108567 9.99639E-05 0.309801
0.0959706 9.99459E-05 0.10095 9.99459E-05 9.99459E-05 0.248401 9.99459E-05 9.99459E-05 9.99459E-05 0.34146 0.212619
9.99279E-05 9.99279E-05 0.407965 9.99279E-05 9.99279E-05 0.13971 9.99279E-05 9.99279E-05 9.99279E-05 0.451525 9.99279E-05
9.9928E-05 9.9928E-05 9.9928E-05 9.9928E-05 0.185736 9.9928E-05 0.165418 9.9928E-05 9.9928E-05 9.9928E-05 0.648046
0.019377 0.0645821 0.64616 9.99368E-05 9.99368E-05 9.99368E-05 9.99368E-05 9.99368E-05 9.99368E-05 0.269181 9.99368E-05
9.99549E-05 9.99549E-05 0.503306 0.103472 0.188505 0.187134 9.99549E-05 9.99549E-05 0.00640879 9.99549E-05 0.0106737
9.99639E-05 9.99639E-05 0.0637533 0.185643 0.133846 0.337138 0.0999754 9.99639E-05 0.00910502 9.99639E-05 0.170139
9.99368E-05 0.000186305 9.99368E-05 9.99368E-05 9.99368E-05 0.0242503 9.99368E-05 9.99368E-05 9.99368E-05 0.231339 0.743524
9.9937E-05 9.9937E-05 0.17004 9.9937E-05 9.9937E-05 0.0568605 9.9937E-05 9.9937E-05 9.9937E-05 0.579751 0.192648
9.99369E-05 0.127219 0.0201563 9.99369E-05 9.99369E-05 9.99369E-05 9.99369E-05 9.99369E-05 9.99369E-05 0.109936 0.741989
0.0690822 9.99549E-05 0.180046 9.99549E-05 9.99549E-05 0.21353 9.99549E-05 0.146538 0.0458966 9.99549E-05 0.344407
9.9946E-05 9.9946E-05 0.228664 9.9946E-05 9.9946E-05 0.0128498 9.9946E-05 0.14398 9.9946E-05 0.459368 0.154538
9.99459E-05 9.99459E-05 0.418371 0.0038102 9.99459E-05 0.0398348 0.344602 9.99459E-05 9.99459E-05 9.99459E-05 0.192781
9.99369E-05 9.99369E-05 0.751164 9.99369E-05 9.99369E-05 9.99369E-05 0.182767 0.0223844 9.99369E-05 0.0429851 9.99369E-05
9.9964E-05 9.9964E-05 0.398025 0.0796179 9.9964E-05 0.119916 0.241187 0.0124329 9.9964E-05 0.0562451 0.092176
9.99189E-05 9.99189E-05 0.637378 9.99189E-05 9.99189E-05 9.99189E-05 9.99189E-05 9.99189E-05 9.99189E-05 0.361723 9.99189E-05
9.99369E-05 9.99369E-05 0.607644 9.99369E-05 0.0159624 9.99369E-05 9.99369E-05 0.304922 9.99369E-05 9.99369E-05 0.0707726
9.99459E-05 9.99459E-05 0.5325 0.0183384 0.189382 0.0797683 0.179411 9.99459E-05 9.99459E-05 9.99459E-05 9.99459E-05
9.99368E-05 0.139383 9.99368E-05 9.99368E-05 9.99368E-05 0.608178 9.99368E-05 9.99368E-05 0.0352814 9.99368E-05 0.216458
9.99278E-05 9.99278E-05 0.11144 9.99278E-05 9.99278E-05 0.601516 9.99278E-05 9.99278E-05 9.99278E-05 0.286244 9.99278E-05
9.99278E-05 9.99278E-05 9.99278E-05 9.99278E-05 0.224291 0.577037 9.99278E-05 9.99278E-05 9.99278E-05 9.99278E-05 0.197873
9.99368E-05 0.0730569 0.178488 9.99368E-05 9.99368E-05 0.641483 9.99368E-05 9.99368E-05 9.99368E-05 0.106273 9.99368E-05
9.99369E-05 0.0466891 0.0289725 9.99369E-05 9.99369E-05 0.815988 9.99369E-05 9.99369E-05 9.99369E-05 0.107651 9.99369E-05
9.99279E-05 9.99279E-05 9.99279E-05 9.99279E-05 0.344393 0.641483 9.99279E-05 0.0133246 9.99279E-05 9.99279E-05 9.99279E-05
9.99369E-05 0.207733 0.40681 9.99369E-05 9.99369E-05 0.38191 0.00284718 9.99369E-05 9.99369E-05 9.99369E-05 9.99369E-05
9.99459E-05 0.0494243 0.0336796 9.99459E-05 9.99459E-05 0.810756 9.99459E-05 0.0685391 0.0370017 9.99459E-05 9.99459E-05
0.635828 9.99279E-05 9.99279E-05 9.99279E-05 9.99279E-05 9.99279E-05 9.99279E-05 0.0453619 9.99279E-05 0.31801 9.99279E-05
0.640088 9.9955E-05 0.0857971 9.9955E-05 9.9955E-05 9.9955E-05 0.0193759 0.0414343 9.9955E-05 0.183413 0.0293917
0.73437 9.9937E-05 0.00650855 9.9937E-05 9.9937E-05 9.9937E-05 0.178339 0.080083 9.9937E-05 9.9937E-05 9.9937E-05
0.568084 9.9928E-05 9.9928E-05 9.9928E-05 0.389171 0.0419452 9.9928E-05 9.9928E-05 9.9928E-05 9.9928E-05 9.9928E-05
0.666854 9.99459E-05 9.99459E-05 0.0170587 9.99459E-05 0.00265821 9.99459E-05 9.99459E-05 0.00885136 0.303978 9.99459E-05
0.190569 0.423964 9.9982E-05 0.0398831 0.171891 0.044312 0.0665269 0.0430694 0.0108728 9.9982E-05 0.00871152
0.499604 0.27924 9.99279E-05 9.99279E-05 9.99279E-05 9.99279E-05 9.99279E-05 9.99279E-05 9.99279E-05 0.220357 9.99279E-05
0.763381 9.99279E-05 9.99279E-05 9.99279E-05 9.99279E-05 9.99279E-05 9.99279E-05 0.0323997 9.99279E-05 0.20342 9.99279E-05
0.772883 0.0817528 9.99459E-05 0.0194559 9.99459E-05 9.99459E-05 9.99459E-05 9.99459E-05 0.0791934 9.99459E-05 0.0461151
0.421818 9.99549E-05 9.99549E-05 0.147015 0.144987 9.99549E-05 0.00305469 0.259486 9.99549E-05 9.99549E-05 0.0231384
0.233072 9.99369E-05 9.99369E-05 9.99369E-05 9.99369E-05 9.99369E-05 9.99369E-05 0.131131 0.0792447 0.555853 9.99369E-05
0.458288 9.9937E-05 9.9937E-05 0.50599 0.0220305 9.9937E-05 9.9937E-05 9.9937E-05 0.0129924 9.9937E-05 9.9937E-05
0.787509 0.05461 9.99369E-05 9.99369E-05 9.99369E-05 9.99369E-05 9.99369E-05 0.0147533 9.99369E-05 0.142428 9.99369E-05
0.56285 0.146129 0.0221757 0.170608 0.0129485 0.023041 9.99639E-05 0.0618485 9.99639E-05 9.99639E-05 9.99639E-05
0.552655 0.0303125 9.99459E-05 9.99459E-05 9.99459E-05 9.99459E-05 9.99459E-05 0.290342 0.0749151 9.99459E-05 0.051176
0.319768 0.476392 9.99549E-05 0.00114659 0.00614881 9.99549E-05 9.99549E-05 9.99549E-05 9.99549E-05 0.136891 0.0591542
0.439286 9.99459E-05 9.99459E-05 0.122869 0.30464 0.0109955 0.121609 9.99459E-05 9.99459E-05 9.99459E-05 9.99459E-05
0.387574 9.99279E-05 9.99279E-05 0.0116425 9.99279E-05 9.99279E-05 0.599984 9.99279E-05 9.99279E-05 9.99279E-05 9.99279E-05
0.644323 9.9955E-05 0.122418 9.9955E-05 9.9955E-05 9.9955E-05 9.9955E-05 0.0231074 0.0953944 0.0332112 0.0810462
0.734494 0.132554 9.99369E-05 9.99369E-05 9.99369E-05 9.99369E-05 0.00925221 9.99369E-05 9.99369E-05 0.123001 9.99369E-05
0.561426 9.99549E-05 0.00638974 9.99549E-05 0.0146142 9.99549E-05 9.99549E-05 0.34322 0.02521 9.99549E-05 0.0486412
0.516831 9.99279E-05 9.99279E-05 9.99279E-05 9.99279E-05 9.99279E-05 0.272722 0.209648 9.99279E-05 9.99279E-05 9.99279E-05
9.9964E-05 0.238098 0.0130122 0.0519679 0.355805 9.9964E-05 9.9964E-05 0.273477 0.0521081 9.9964E-05 0.015132
9.99459E-05 0.125941 9.99459E-05 9.99459E-05 0.00375534 0.0531728 9.99459E-05 9.99459E-05 0.659799 0.156732 9.99459E-05
9.99639E-05 0.21274 0.0188588 9.99639E-05 0.0808947 0.00481679 0.595157 0.0750735 9.99639E-05 0.0120588 9.99639E-05
9.99459E-05 0.592061 9.99459E-05 9.99459E-05 9.99459E-05 9.99459E-05 9.99459E-05 0.15733 0.107494 0.109873 0.0326427
9.99188E-05 9.99188E-05 9.99188E-05 9.99188E-05 9.99188E-05 9.99188E-05 9.99188E-05 9.99188E-05 0.441321 0.55778 9.99188E-05
9.99549E-05 0.127951 9.99549E-05 0.476766 0.124039 9.99549E-05 0.208298 0.0256326 0.036814 9.99549E-05 9.99549E-05
9.99459E-05 9.99459E-05 9.99459E-05 0.259164 9.99459E-05 9.99459E-05 0.00264302 9.99459E-05 0.723107 0.012678 0.00180833
0.0319745 0.595866 0.143214 0.00981784 0.0522976 9.99729E-05 0.0551099 0.0705138 0.0409063 9.99729E-05 9.99729E-05
9.99189E-05 9.99189E-05 9.99189E-05 9.99189E-05 9.99189E-05 9.99189E-05 0.294751 9.99189E-05 0.70435 9.99189E-05 9.99189E-05
9.994E-05 0.217386 9.994E-05 9.994E-05 9.994E-05 0.0516502 0.0561401 9.994E-05 0.188999 0.485225 9.994E-05
9.99639E-05 0.0276749 0.0349142 0.320794 0.218368 9.99639E-05 0.0779114 0.147917 0.172021 9.99639E-05 9.99639E-05
9.99279E-05 9.99279E-05 9.99279E-05 9.99279E-05 9.99279E-05 0.00495097 0.447897 9.99279E-05 0.546353 9.99279E-05 9.99279E-05
9.99189E-05 9.99189E-05 9.99189E-05 9.99189E-05 9.99189E-05 9.99189E-05 9.99189E-05 9.99189E-05 0.352636 0.646464 9.99189E-05
9.99459E-05 0.109725 9.99459E-05 0.281325 0.46248 9.99459E-05 0.0959238 0.049947 9.99459E-05 9.99459E-05 9.99459E-05
9.99369E-05 9.99369E-05 9.99369E-05 0.0116724 0.158289 9.99369E-05 0.285012 9.99369E-05 0.544327 9.99369E-05 9.99369E-05
9.99278E-05 0.315758 9.99278E-05 0.286015 9.99278E-05 9.99278E-05 0.397427 9.99278E-05 9.99278E-05 9.99278E-05 9.99278E-05
9.99189E-05 9.99189E-05 9.99189E-05 9.99189E-05 9.99189E-05 9.99189E-05 9.99189E-05 9.99189E-05 0.399009 0.600092 9.99189E-05
9.99458E-05 0.0339937 9.99458E-05 0.120621 0.0866656 9.99458E-05 0.445037 9.99458E-05 0.313083 9.99458E-05 9.99458E-05
9.99459E-05 0.142834 0.00585371 0.302171 0.360734 9.99459E-05 9.99459E-05 0.187808 9.99459E-05 9.99459E-05 9.99459E-05
9.99549E-05 0.672043 9.99549E-05 0.0512148 0.0211871 0.0562581 9.99549E-05 9.99549E-05 0.17274 9.99549E-05 0.026057
0.0409078 0.186456 9.99731E-05 9.99731E-05 0.0531561 0.0117086 0.350667 0.229853 9.99731E-05 0.0731472 0.0538057
9.9973E-05 0.235866 9.9973E-05 0.0252031 0.0129277 0.00192617 0.415703 0.152375 0.105713 9.9973E-05 0.0499853
9.99278E-05 0.0459346 9.99278E-05 9.99278E-05 9.99278E-05 9.99278E-05 9.99278E-05 9.99278E-05 0.45056 0.502706 9.99278E-05
9.9964E-05 0.323589 0.0297678 0.324273 0.0844524 0.0349651 9.9964E-05 9.9964E-05 0.151249 9.9964E-05 0.0513044
0.00784689 0.178956 9.99458E-05 9.99458E-05 0.0434497 0.0650962 9.99458E-05 9.99458E-05 0.704051 9.99458E-05 9.99458E-05
0.278811 0.197224 0.0429734 9.99639E-05 9.99639E-05 9.99639E-05 9.99639E-05 0.0348862 0.163161 0.224887 0.0576581
0.123871 0.0535614 0.0553559 0.256064 0.0478915 0.00797058 0.247702 9.99729E-05 0.207284 9.99729E-05 9.99729E-05
0.0602778 9.99369E-05 0.0840786 9.99369E-05 9.99369E-05 9.99369E-05 9.99369E-05 0.63745 0.217494 9.99369E-05 9.99369E-05
9.9946E-05 9.9946E-05 9.9946E-05 9.9946E-05 0.0064254 9.9946E-05 0.011799 0.144614 9.9946E-05 0.802009 0.0345528
0.179031 0.32243 0.00297622 9.99729E-05 9.99729E-05 0.0367785 9.99729E-05 0.0225325 0.326777 0.0752903 0.0338841
0.153717 0.379717 0.0311603 0.0375178 9.996E-05 9.996E-05 9.996E-05 9.996E-05 0.0942833 0.257854 0.0453499
9.99459E-05 9.99459E-05 9.99459E-05 0.434424 9.99459E-05 9.99459E-05 9.99459E-05 0.265439 0.161648 0.098593 0.0392965
9.99459E-05 0.322406 9.99459E-05 0.0167858 9.99459E-05 9.99459E-05 9.99459E-05 0.0414273 0.0270815 0.5917 9.99459E-05
9.99458E-05 0.215666 9.99458E-05 0.32128 0.0569201 9.99458E-05 0.387588 0.0179465 9.99458E-05 9.99458E-05 9.99458E-05
9.99368E-05 0.317869 9.99368E-05 9.99368E-05 9.99368E-05 9.99368E-05 9.99368E-05 0.147718 0.115437 0.418276 9.99368E-05
0.0172472 9.9946E-05 9.9946E-05 9.9946E-05 9.9946E-05 9.9946E-05 0.356357 0.188939 0.346864 0.0899929 9.9946E-05
0.0622356 0.0280577 9.997E-05 0.0750384 0.041463 9.997E-05 0.468386 0.180797 0.121465 0.0222578 9.997E-05
0.0997038 0.140137 0.13537 9.9964E-05 0.0118454 9.9964E-05 9.9964E-05 0.349967 0.237249 9.9964E-05 0.0253274
0.0758724 0.539277 0.0856248 9.99549E-05 0.0574745 9.99549E-05 9.99549E-05 0.198226 0.0430252 9.99549E-05 9.99549E-05
0.114788 0.187103 0.049271 9.99549E-05 9.99549E-05 9.99549E-05 9.99549E-05 0.355932 0.229305 9.99549E-05 0.0630999
0.124257 0.163071 9.99549E-05 0.014174 9.99549E-05 9.99549E-05 0.395778 0.277079 0.0251423 9.99549E-05 9.99549E-05
0.0168564 0.075548 9.99369E-05 9.99369E-05 9.99369E-05 9.99369E-05 9.99369E-05 0.239343 9.99369E-05 0.667553 9.99369E-05
9.99279E-05 9.99279E-05 9.99279E-05 9.99279E-05 9.99279E-05 9.99279E-05 9.99279E-05 0.0768784 0.271894 0.650429 9.99279E-05
9.99459E-05 0.526531 0.0102727 9.99459E-05 9.99459E-05 0.0672739 9.99459E-05 9.99459E-05 0.209983 0.185339 9.99459E-05
9.99549E-05 0.0347154 0.0401962 9.99549E-05 9.99549E-05 9.99549E-05 9.99549E-05 0.124705 0.213374 0.584286 0.00222313
9.99279E-05 9.99279E-05 9.99279E-05 0.0342294 9.99279E-05 9.99279E-05 9.99279E-05 0.232693 9.99279E-05 0.732278 9.99279E-05
0.0473615 0.293622 0.0226599 9.99549E-05 9.99549E-05 0.122602 9.99549E-05 9.99549E-05 0.31105 0.202205 9.99549E-05
9.99549E-05 0.559255 9.99549E-05 0.0616694 9.99549E-05 0.0483602 9.99549E-05 0.0486476 0.0980608 0.183507 9.99549E-05
9.9946E-05 9.9946E-05 9.9946E-05 9.9946E-05 0.862379 0.00236414 9.9946E-05 9.9946E-05 0.0227795 0.0775601 0.0343172
9.99459E-05 0.188332 9.99459E-05 0.108562 0.543545 9.99459E-05 0.13195 9.99459E-05 9.99459E-05 9.99459E-05 0.0270116
9.99549E-05 0.663988 9.99549E-05 0.0328383 0.128414 0.130565 9.99549E-05 9.99549E-05 9.99549E-05 0.0231939 0.020501
9.99368E-05 0.153432 9.99368E-05 0.410113 0.406753 9.99368E-05 0.0290024 9.99368E-05 9.99368E-05 9.99368E-05 9.99368E-05
0.00655201 0.0348746 9.99549E-05 0.088569 0.795043 9.99549E-05 0.02547 9.99549E-05 9.99549E-05 0.0489919 9.99549E-05
0.00347644 0.142679 9.99459E-05 9.99459E-05 0.27123 9.99459E-05 0.514187 9.99459E-05 9.99459E-05 9.99459E-05 0.0678283
0.00291051 0.14289 9.99459E-05 0.0812904 0.490875 9.99459E-05 0.281434 9.99459E-05 9.99459E-05 9.99459E-05 9.99459E-05
9.9946E-05 0.48613 9.9946E-05 0.000284718 0.120802 0.107842 9.9946E-05 9.9946E-05 9.9946E-05 0.284342 9.9946E-05
9.9937E-05 0.14493 9.9937E-05 0.0136511 9.9937E-05 9.9937E-05 9.9937E-05 9.9937E-05 0.143663 0.697057 9.9937E-05
0.10191 0.33491 0.033494 9.99549E-05 0.464749 0.0627603 9.99549E-05 9.99549E-05 0.00167798 9.99549E-05 9.99549E-05
0.0983001 0.416511 9.994E-05 9.994E-05 0.0447799 0.134224 9.994E-05 9.994E-05 9.994E-05 0.305585 9.994E-05
9.9964E-05 0.530151 9.9964E-05 0.00946596 0.0376163 0.267819 0.0154564 9.9964E-05 9.9964E-05 0.0968555 0.0422357
0.0158581 0.524747 9.99549E-05 0.0673409 0.237582 0.122731 9.99549E-05 0.0312407 9.99549E-05 9.99549E-05 9.99549E-05
0.00658812 0.591459 9.99459E-05 9.99459E-05 9.99459E-05 0.0199038 9.99459E-05 9.99459E-05 0.0604629 0.320987 9.99459E-05
0.0809125 0.464539 9.99459E-05 9.99459E-05 0.220273 0.029783 9.99459E-05 9.99459E-05 9.99459E-05 0.203894 9.99459E-05
9.9964E-05 0.201314 0.0497554 0.0745693 0.299943 0.00885288 9.9964E-05 9.9964E-05 0.264204 9.9964E-05 0.100961
9.99639E-05 0.515845 0.0195432 0.132135 0.0747206 0.10856 9.99639E-05 9.99639E-05 9.99639E-05 0.132584 0.0162111
0.18528 0.471819 9.994E-05 9.994E-05 0.273553 0.0504667 9.994E-05 9.994E-05 9.994E-05 0.018281 9.994E-05
9.99369E-05 0.086239 9.99369E-05 0.565424 0.342564 9.99369E-05 0.00507299 9.99369E-05 9.99369E-05 9.99369E-05 9.99369E-05
0.00163047 0.394962 0.0260409 0.0161595 0.449328 0.022683 9.9973E-05 0.0880081 9.9973E-05 9.9973E-05 0.000889016
9.9955E-05 0.362875 9.9955E-05 0.0161345 0.0713564 0.0682058 0.00107771 9.9955E-05 9.9955E-05 0.47985 9.9955E-05
0.0607264 0.793422 0.00160714 9.99549E-05 9.99549E-05 0.0834845 0.0440895 9.99549E-05 9.99549E-05 0.0161705 9.99549E-05
9.99369E-05 0.306664 9.99369E-05 9.99369E-05 9.99369E-05 0.0270101 9.99369E-05 9.99369E-05 0.0759584 0.589667 9.99369E-05
9.99369E-05 0.238783 9.99369E-05 0.0907813 0.577238 9.99369E-05 9.99369E-05 0.0924976 9.99369E-05 9.99369E-05 9.99369E-05
9.9973E-05 0.505448 0.0231976 0.0249534 0.2705 0.0403895 9.9973E-05 0.0259887 0.0776159 9.9973E-05 0.0316076
0.0101235 0.432655 0.0059963 9.99639E-05 0.0105622 0.0141151 9.99639E-05 9.99639E-05 0.0665406 0.459607 9.99639E-05
0.0438821 9.995E-05 0.0265834 0.107695 0.48311 9.995E-05 0.0751963 9.995E-05 0.263033 9.995E-05 9.995E-05
9.9928E-05 9.9928E-05 9.9928E-05 0.542073 0.0485711 9.9928E-05 9.9928E-05 9.9928E-05 0.408556 9.9928E-05 9.9928E-05
0.0850461 0.282195 9.99549E-05 9.99549E-05 9.99549E-05 0.0992927 9.99549E-05 9.99549E-05 0.0731039 0.392502 0.0673607
0.147918 9.99459E-05 9.99459E-05 9.99459E-05 9.99459E-05 9.99459E-05 9.99459E-05 0.0193159 0.661629 0.147655 0.0228825
9.9946E-05 9.9946E-05 9.9946E-05 0.451518 0.248708 0.0612034 9.9946E-05 9.9946E-05 0.175724 9.9946E-05 0.0622482
9.99459E-05 9.99459E-05 9.99459E-05 0.0323671 0.412978 0.00606174 0.169186 9.99459E-05 0.378807 9.99459E-05 9.99459E-05
9.9946E-05 9.9946E-05 9.9946E-05 0.183507 0.352008 0.0442722 0.14012 9.9946E-05 0.279492 9.9946E-05 9.9946E-05
9.9928E-05 9.9928E-05 9.9928E-05 9.9928E-05 9.9928E-05 9.9928E-05 9.9928E-05 0.0343505 0.268022 0.696828 9.9928E-05
9.99369E-05 0.421443 9.99369E-05 9.99369E-05 9.99369E-05 0.117174 9.99369E-05 9.99369E-05 0.380425 0.0802587 9.99369E-05
0.334791 0.0774549 0.0470108 0.160654 0.0928013 9.99639E-05 9.99639E-05 0.0790706 0.207818 9.99639E-05 9.99639E-05
0.000209412 0.00421488 9.99459E-05 0.358414 0.31818 9.99459E-05 9.99459E-05 9.99459E-05 0.318382 9.99459E-05 9.99459E-05
0.10274 0.0668195 0.00299904 9.99549E-05 9.99549E-05 9.99549E-05 9.99549E-05 0.0849109 0.233518 0.508513 9.99549E-05
9.9946E-05 0.598125 9.9946E-05 9.9946E-05 0.0638766 0.0242401 9.9946E-05 9.9946E-05 0.234557 9.9946E-05 0.078601
9.99549E-05 0.548551 9.99549E-05 9.99549E-05 0.0249644 0.105919 9.99549E-05 9.99549E-05 0.293165 0.0103623 0.0165377
0.1679 0.102809 0.0124948 9.99549E-05 9.99549E-05 9.99549E-05 9.99549E-05 0.353293 0.361691 9.99549E-05 0.00131296
0.208056 0.658213 0.0335431 9.99459E-05 9.99459E-05 9.99459E-05 9.99459E-05 0.0103113 9.99459E-05 0.0892773 9.99459E-05
0.0435089 0.350399 0.0519496 0.222919 0.283954 9.99549E-05 9.99549E-05 0.0467701 9.99549E-05 9.99549E-05 9.99549E-05
9.99549E-05 0.345719 0.0192043 0.135262 0.0822594 9.99549E-05 9.99549E-05 0.172605 0.244451 9.99549E-05 9.99549E-05
9.9946E-05 9.9946E-05 9.9946E-05 0.308021 0.222179 9.9946E-05 0.19681 9.9946E-05 0.25179 9.9946E-05 0.0206002
0.0105324 0.210465 0.117689 9.99639E-05 9.99639E-05 0.0450884 9.99639E-05 9.99639E-05 0.358422 0.242318 0.0150844
9.99549E-05 0.0270517 0.0239814 0.174622 0.494964 9.99549E-05 9.99549E-05 9.99549E-05 0.265751 0.0131305 9.99549E-05
9.99459E-05 0.117452 9.99459E-05 0.0176509 0.255022 9.99459E-05 0.424596 9.99459E-05 0.18468 9.99459E-05 9.99459E-05
9.99369E-05 0.296107 9.99369E-05 9.99369E-05 9.99369E-05 0.0365438 9.99369E-05 9.99369E-05 0.178783 0.487867 9.99369E-05
9.99549E-05 0.549734 9.99549E-05 0.223039 0.0674238 0.0873732 9.99549E-05 9.99549E-05 0.0163569 0.0555727 9.99549E-05
9.9955E-05 0.610421 0.0134625 9.9955E-05 0.00275118 0.121405 9.9955E-05 9.9955E-05 0.138184 0.113276 9.9955E-05
9.9946E-05 9.9946E-05 9.9946E-05 0.0637073 0.806375 9.9946E-05 9.9946E-05 9.9946E-05 0.0493893 0.0477853 0.0321436
0.044109 0.0269837 0.122935 0.00174349 0.269741 0.106752 0.291989 0.021467 9.9991E-05 0.0633103 0.0508706
9.99459E-05 0.20177 0.0818867 0.0612219 0.614792 9.99459E-05 9.99459E-05 9.99459E-05 0.0397291 9.99459E-05 9.99459E-05
9.99369E-05 0.358143 9.99369E-05 9.99369E-05 9.99369E-05 0.0245687 9.99369E-05 9.99369E-05 0.165166 0.451423 9.99369E-05
9.9955E-05 0.303379 0.0413943 9.9955E-05 0.594287 0.00738439 0.0342337 9.9955E-05 0.0188226 9.9955E-05 9.9955E-05
0.093323 0.0781046 0.0138783 9.9955E-05 0.71957 9.9955E-05 9.9955E-05 9.9955E-05 0.065825 9.9955E-05 0.0287989
0.0727882 9.9946E-05 9.9946E-05 0.219037 0.643531 9.9946E-05 9.9946E-05 9.9946E-05 0.0210272 0.0430164 9.9946E-05
0.100327 0.444277 9.99369E-05 9.99369E-05 9.99369E-05 0.0581866 9.99369E-05 9.99369E-05 9.99369E-05 0.396509 9.99369E-05
0.0364895 0.553687 9.99639E-05 0.0629 0.18152 0.0670917 9.99639E-05 9.99639E-05 0.0926038 9.99639E-05 0.00530816
9.9964E-05 0.0476211 9.9964E-05 0.423381 0.342737 0.0141081 0.0642362 9.9964E-05 9.9964E-05 0.078676 0.0288405
0.0443063 0.268115 0.0187899 9.9973E-05 0.156323 0.0706219 0.00370333 9.9973E-05 0.170715 0.267125 9.9973E-05
9.9946E-05 0.0376311 9.9946E-05 9.9946E-05 0.817159 9.9946E-05 9.9946E-05 0.119238 9.9946E-05 0.0142895 0.011083
9.9937E-05 0.287745 9.9937E-05 9.9937E-05 9.9937E-05 9.9937E-05 0.378447 0.220269 9.9937E-05 0.112839 9.9937E-05
0.116882 0.215287 9.99459E-05 9.99459E-05 0.401058 0.14063 9.99459E-05 9.99459E-05 0.125543 9.99459E-05 9.99459E-05
9.9946E-05 0.254814 9.9946E-05 9.9946E-05 0.0240447 0.0816606 9.9946E-05 9.9946E-05 0.0201135 0.618768 9.9946E-05
9.9946E-05 0.507468 9.9946E-05 9.9946E-05 0.215876 0.0841437 9.9946E-05 9.9946E-05 0.156235 9.9946E-05 0.0356765
0.157217 0.305751 0.025361 9.99639E-05 9.99639E-05 9.99639E-05 9.99639E-05 0.174153 0.149916 0.145403 0.0417984
0.0608291 0.113126 9.99459E-05 9.99459E-05 9.99459E-05 9.99459E-05 9.99459E-05 0.220572 0.0450245 0.55985 9.99459E-05
0.0391508 0.716578 0.100186 9.99549E-05 0.0185717 9.99549E-05 9.99549E-05 0.0277498 0.097264 9.99549E-05 9.99549E-05
0.630412 0.246656 9.99369E-05 9.99369E-05 9.99369E-05 0.0754403 9.99369E-05 9.99369E-05 0.0467921 9.99369E-05 9.99369E-05
0.0348261 0.527467 9.99634E-05 0.166821 9.99634E-05 0.0276385 9.99634E-05 9.99634E-05 0.204945 0.0378025 9.99634E-05
9.99549E-05 0.219634 9.99549E-05 0.20063 0.117073 9.99549E-05 0.279035 0.0879199 0.0952079 9.99549E-05 9.99549E-05
0.0479788 9.99459E-05 9.99459E-05 9.99459E-05 9.99459E-05 9.99459E-05 9.99459E-05 0.0405665 0.340116 0.553908 0.0168308
9.9955E-05 9.9955E-05 0.0085949 9.9955E-05 0.0734382 9.9955E-05 0.504341 0.097168 0.296769 9.9955E-05 0.019189
0.390779 0.0569698 9.99549E-05 0.100552 0.342836 0.0516734 0.0566905 9.99549E-05 9.99549E-05 9.99549E-05 9.99549E-05
0.0204953 0.0261011 9.99549E-05 0.620229 9.99549E-05 9.99549E-05 0.000502726 0.28192 9.99549E-05 0.050252 9.99549E-05
0.137084 0.116765 9.99369E-05 9.99369E-05 9.99369E-05 9.99369E-05 9.99369E-05 0.231876 9.99369E-05 0.513575 9.99369E-05
0.0953932 0.149706 9.99459E-05 9.99459E-05 9.99459E-05 9.99459E-05 9.99459E-05 0.0574853 0.0178233 0.678992 9.99459E-05
9.9946E-05 0.103974 9.9946E-05 0.268416 0.080559 9.9946E-05 0.364758 9.9946E-05 0.181693 9.9946E-05 9.9946E-05
0.00931571 0.74423 0.0976923 0.104656 9.9946E-05 9.9946E-05 9.9946E-05 9.9946E-05 9.9946E-05 9.9946E-05 0.0435063
0.172273 0.454229 0.0435152 9.99549E-05 9.99549E-05 9.99549E-05 9.99549E-05 0.233734 0.0708163 9.99549E-05 0.0249321
0.184005 9.99369E-05 9.99369E-05 9.99369E-05 0.0199307 9.99369E-05 9.99369E-05 0.00420195 9.99369E-05 0.791162 9.99369E-05
0.0767812 0.163565 9.99549E-05 9.99549E-05 9.99549E-05 9.99549E-05 9.99549E-05 0.62774 0.129503 0.000842734 0.00106815
0.0324101 0.131549 9.99639E-05 0.0820576 9.99639E-05 9.99639E-05 0.287517 0.193799 0.216135 9.99639E-05 0.0561328
9.99459E-05 0.118601 9.99459E-05 0.439796 0.397685 9.99459E-05 9.99459E-05 0.0234418 0.0198764 9.99459E-05 9.99459E-05
9.99369E-05 0.167115 9.99369E-05 0.500002 0.0989593 9.99369E-05 9.99369E-05 0.233224 9.99369E-05 9.99369E-05 9.99369E-05
0.0982297 0.166335 9.99459E-05 9.99459E-05 9.99459E-05 9.99459E-05 0.27324 0.44219 9.99459E-05 0.0194053 9.99459E-05
0.0542126 0.316475 9.99459E-05 9.99459E-05 0.132547 0.134876 9.99459E-05 9.99459E-05 9.99459E-05 0.361289 9.99459E-05
0.0821241 0.136126 9.99369E-05 0.0109169 0.770133 9.99369E-05 9.99369E-05 9.99369E-05 9.99369E-05 9.99369E-05 9.99369E-05
0.13943 0.448061 9.995E-05 9.995E-05 0.0495003 0.091209 0.0256717 9.995E-05 9.995E-05 0.245629 9.995E-05
0.254468 0.500727 9.99549E-05 9.99549E-05 0.100612 0.0905901 0.0226203 9.99549E-05 0.0304835 9.99549E-05 9.99549E-05
9.99549E-05 0.164922 9.99549E-05 9.99549E-05 0.703419 0.047924 0.00122169 9.99549E-05 0.0582532 9.99549E-05 0.0237596
9.99369E-05 0.191371 9.99369E-05 9.99369E-05 0.107317 0.0716491 9.99369E-05 9.99369E-05 9.99369E-05 0.628964 9.99369E-05
0.20525 0.178274 9.99368E-05 9.99368E-05 9.99368E-05 9.99368E-05 9.99368E-05 0.280822 9.99368E-05 0.334955 9.99368E-05
0.0376648 0.619462 9.99639E-05 0.010738 9.99639E-05 0.0122026 9.99639E-05 9.99639E-05 0.0996293 0.200716 0.0191871
9.99459E-05 9.99459E-05 9.99459E-05 0.455853 9.99459E-05 9.99459E-05 9.99459E-05 0.45109 0.057901 0.0109896 0.0235664
0.087177 0.183254 9.99639E-05 0.256333 9.99639E-05 9.99639E-05 9.99639E-05 0.141409 0.253619 0.0227695 0.0550382
0.00244886 0.172588 9.99459E-05 0.545184 9.99459E-05 0.122077 9.99459E-05 9.99459E-05 0.157102 9.99459E-05 9.99459E-05
9.99279E-05 0.00747383 9.99279E-05 0.281716 9.99279E-05 9.99279E-05 9.99279E-05 9.99279E-05 9.99279E-05 0.710011 9.99279E-05
9.99549E-05 0.0364937 9.99549E-05 0.273335 9.99549E-05 0.0539526 0.621127 9.99549E-05 0.00807968 0.00651184 9.99549E-05
0.172313 0.326747 0.126347 0.0869534 9.9982E-05 0.0944217 9.9982E-05 0.00995256 0.0379482 0.10519 0.0399274
0.136111 0.0453313 0.0410186 0.629893 0.00207358 9.99639E-05 0.109596 9.99639E-05 0.0355763 9.99639E-05 9.99639E-05
0.0511103 9.99369E-05 9.99369E-05 0.42339 9.99369E-05 0.080566 0.444234 9.99369E-05 9.99369E-05 9.99369E-05 9.99369E-05
0.0410203 9.99459E-05 9.99459E-05 0.925555 9.99459E-05 9.99459E-05 9.99459E-05 0.0306235 0.00143864 9.99459E-05 0.000763412
0.00274836 0.00276728 9.9964E-05 0.801781 0.0905146 0.0447125 9.9964E-05 9.9964E-05 0.0506119 9.9964E-05 0.00646456
9.99279E-05 9.99279E-05 0.0579253 0.861143 9.99279E-05 9.99279E-05 9.99279E-05 9.99279E-05 9.99279E-05 0.0801321 9.99279E-05
0.149079 0.462039 0.0263161 0.192383 9.99639E-05 0.0982877 9.99639E-05 9.99639E-05 9.99639E-05 0.0180801 0.053415
0.0895958 0.553659 0.0584418 9.9964E-05 9.9964E-05 0.0326746 9.9964E-05 9.9964E-05 0.0958321 0.14454 0.0248572
0.0309176 9.9964E-05 0.0232185 0.0899083 0.0676479 9.9964E-05 0.573605 9.9964E-05 0.146421 0.067881 9.9964E-05
9.99279E-05 9.99279E-05 9.99279E-05 0.349472 9.99279E-05 9.99279E-05 9.99279E-05 0.544454 9.99279E-05 0.105275 9.99279E-05
0.140127 0.264484 0.0868893 9.99729E-05 9.99729E-05 9.99729E-05 0.0418107 0.084225 0.136863 0.191914 0.0533874
9.99279E-05 9.99279E-05 9.99279E-05 9.99279E-05 9.99279E-05 9.99279E-05 9.99279E-05 0.168581 0.071163 0.759457 9.99279E-05
9.9937E-05 0.435175 9.9937E-05 0.0396239 9.9937E-05 0.00922614 9.9937E-05 9.9937E-05 9.9937E-05 0.515275 9.9937E-05
0.0183444 0.0356825 9.9955E-05 0.0310295 9.9955E-05 9.9955E-05 9.9955E-05 0.0983505 0.0126567 0.803437 9.9955E-05
