0.141031 9.9982E-05 9.9982E-05 0.298648 0.0311265 0.416834 0.112161
0.0806935 0.019168 9.9973E-05 0.418512 9.9973E-05 0.481326 9.9973E-05
9.9982E-05 0.0241483 0.163817 9.9982E-05 0.0101965 0.761098 0.0405405
0.092299 9.9991E-05 0.0272565 0.598956 0.173749 0.0507843 0.0568557
0.253429 0.0430766 9.9982E-05 0.577055 0.125108 9.9982E-05 0.00113148
0.0840009 0.0853886 9.9973E-05 9.9973E-05 0.367576 0.462734 9.9973E-05
9.99549E-05 9.99549E-05 0.239593 9.99549E-05 9.99549E-05 0.759908 9.99549E-05
9.9973E-05 0.0964209 9.9973E-05 0.0349685 0.213891 0.65442 9.9973E-05
9.9982E-05 0.0424678 9.9982E-05 0.464766 0.174038 0.295198 0.0233303
9.99729E-05 9.99729E-05 0.423997 9.99729E-05 0.362527 0.159429 0.0537474
0.0888306 9.9982E-05 9.9982E-05 0.537738 0.168613 0.190141 0.0144769
9.9964E-05 9.9964E-05 9.9964E-05 0.636375 0.308023 0.0552021 9.9964E-05
0.286227 0.0548611 0.116761 0.270917 0.0523911 0.188033 0.0308101
9.9964E-05 9.9964E-05 0.0186991 9.9964E-05 0.237215 0.743686 9.9964E-05
9.99639E-05 9.99639E-05 9.99639E-05 0.719057 0.1485 0.132043 9.99639E-05
0.00733145 0.0368173 0.476507 9.9991E-05 0.0527843 0.39738 0.0290798
9.9973E-05 9.9973E-05 0.174781 0.0213039 0.0174249 0.786191 9.9973E-05
0.0392801 9.9973E-05 0.00412734 0.0155773 9.9973E-05 0.940715 9.9973E-05
0.0478212 9.9973E-05 9.9973E-05 0.503363 0.0921411 0.356375 9.9973E-05
0.0901173 9.99696E-05 9.99696E-05 0.0452077 9.99696E-05 9.99696E-05 0.864275
0.0468905 9.9964E-05 9.9964E-05 0.0410647 9.9964E-05 9.9964E-05 0.911645
0.082658 9.99639E-05 9.99639E-05 9.99639E-05 0.0255335 9.99639E-05 0.891409
0.0126123 9.9964E-05 9.9964E-05 0.230776 9.9964E-05 9.9964E-05 0.756212
9.99549E-05 9.99549E-05 9.99549E-05 0.216116 9.99549E-05 9.99549E-05 0.783385
9.99729E-05 0.203415 0.0533469 9.99729E-05 9.99729E-05 0.275885 0.467053
9.99729E-05 0.169983 9.99729E-05 0.320261 0.0803568 9.99729E-05 0.429099
9.9964E-05 0.210097 0.56374 9.9964E-05 9.9964E-05 9.9964E-05 0.225763
0.168118 0.108599 9.9982E-05 0.272675 0.0245387 9.9982E-05 0.425869
0.0840639 9.99729E-05 0.0317087 9.99729E-05 0.0106946 9.99729E-05 0.873233
9.9955E-05 9.9955E-05 9.9955E-05 0.0854161 9.9955E-05 9.9955E-05 0.914084
9.9973E-05 9.9973E-05 0.251247 0.0523232 9.9973E-05 0.041548 0.654582
0.110137 0.460546 0.0557892 9.9991E-05 0.04102 0.0815643 0.250843
9.99549E-05 9.99549E-05 0.381724 9.99549E-05 9.99549E-05 9.99549E-05 0.617777
9.99639E-05 0.025949 9.99639E-05 9.99639E-05 9.99639E-05 0.279435 0.694216
9.9964E-05 9.9964E-05 9.9964E-05 0.0764171 0.0379386 9.9964E-05 0.885244
9.99549E-05 9.99549E-05 9.99549E-05 0.207376 9.99549E-05 9.99549E-05 0.792124
9.9964E-05 9.9964E-05 0.0911653 0.147495 9.9964E-05 9.9964E-05 0.760939
9.9955E-05 9.9955E-05 9.9955E-05 0.237252 9.9955E-05 9.9955E-05 0.762248
0.0615833 0.855689 9.99639E-05 0.0823274 9.99639E-05 9.99639E-05 9.99639E-05
0.0884148 0.658612 0.252573 9.9964E-05 9.9964E-05 9.9964E-05 9.9964E-05
9.9964E-05 0.424469 0.490393 9.9964E-05 9.9964E-05 9.9964E-05 0.0847379
0.0636694 0.516848 0.118685 0.226296 9.9982E-05 9.9982E-05 0.074302
0.0468845 0.57194 0.00783028 9.9991E-05 0.0187748 0.0684298 0.286041
9.9982E-05 0.576959 0.196513 9.9982E-05 0.00853251 0.130395 0.0874005
9.9964E-05 0.329664 9.9964E-05 0.530103 9.9964E-05 9.9964E-05 0.139834
9.99549E-05 0.585633 9.99549E-05 0.413867 9.99549E-05 9.99549E-05 9.99549E-05
9.99729E-05 0.401379 0.329967 9.99729E-05 9.99729E-05 0.0869151 0.181438
0.0767334 0.819043 9.99729E-05 0.0268658 0.0770574 9.99729E-05 9.99729E-05
0.0213691 0.342443 0.635788 9.9964E-05 9.9964E-05 9.9964E-05 9.9964E-05
9.9955E-05 0.722028 9.9955E-05 0.277472 9.9955E-05 9.9955E-05 9.9955E-05
0.0669104 0.688492 0.244198 9.9964E-05 9.9964E-05 9.9964E-05 9.9964E-05
0.156209 0.531988 9.9982E-05 0.143755 0.0440111 9.9982E-05 0.123836
9.99729E-05 0.429541 9.99729E-05 0.350182 0.0596713 9.99729E-05 0.160306
9.9982E-05 0.527633 9.9982E-05 0.310045 0.0346331 0.0970594 0.0304293
9.9973E-05 0.359185 0.0486318 0.450873 9.9973E-05 9.9973E-05 0.14101
9.9964E-05 0.0611659 9.9964E-05 0.38314 9.9964E-05 9.9964E-05 0.555294
0.0743792 0.786547 0.138674 9.99639E-05 9.99639E-05 9.99639E-05 9.99639E-05
0.105 0.601822 0.111956 0.00717584 0.0503983 9.9991E-05 0.123547
0.0585694 0.692018 0.249013 9.99639E-05 9.99639E-05 9.99639E-05 9.99639E-05
0.00443544 0.75144 9.99639E-05 0.243724 9.99639E-05 9.99639E-05 9.99639E-05
9.99729E-05 0.702328 9.99729E-05 0.210137 0.0190633 9.99729E-05 0.0681717
9.99549E-05 0.716732 9.99549E-05 0.282768 9.99549E-05 9.99549E-05 9.99549E-05
0.115005 0.539948 0.151519 9.9982E-05 9.9982E-05 0.124495 0.068834
9.9964E-05 0.540814 9.9964E-05 0.355224 9.9964E-05 9.9964E-05 0.103561
9.9964E-05 0.466541 0.248145 9.9964E-05 9.9964E-05 0.284914 9.9964E-05
9.99819E-05 0.367185 9.99819E-05 0.293089 0.0863679 0.0582435 0.194914
9.9955E-05 0.640385 9.9955E-05 0.359115 9.9955E-05 9.9955E-05 9.9955E-05
9.9955E-05 0.601631 9.9955E-05 0.397869 9.9955E-05 9.9955E-05 9.9955E-05
9.9982E-05 0.442082 9.9982E-05 0.0985177 0.00686308 0.240658 0.21168
0.0701142 0.351618 9.9982E-05 9.9982E-05 0.124157 0.0904326 0.363478
0.0356071 0.306622 0.402538 9.9973E-05 9.9973E-05 9.9973E-05 0.254934
9.99639E-05 0.551357 0.416575 9.99639E-05 9.99639E-05 0.0316678 9.99639E-05
9.9955E-05 9.9955E-05 9.9955E-05 0.262786 9.9955E-05 9.9955E-05 0.736714
9.99639E-05 0.661513 0.265986 9.99639E-05 9.99639E-05 0.072101 9.99639E-05
9.99729E-05 0.654323 9.99729E-05 0.271288 0.0250812 9.99729E-05 0.0490077
9.9982E-05 0.278095 9.9982E-05 0.369278 0.0568899 0.00544467 0.290092
9.99639E-05 9.99639E-05 0.198562 9.99639E-05 9.99639E-05 0.0458846 0.755153
9.9964E-05 0.228905 0.557139 9.9964E-05 9.9964E-05 9.9964E-05 0.213556
9.99729E-05 0.0194785 0.0872278 9.99729E-05 9.99729E-05 0.154905 0.738088
0.177072 0.329779 9.99729E-05 9.99729E-05 0.0882905 9.99729E-05 0.404559
0.0629211 0.282575 0.48851 9.9973E-05 9.9973E-05 9.9973E-05 0.165694
9.9973E-05 0.469516 9.9973E-05 0.241484 0.0107048 9.9973E-05 0.277996
0.052971 0.75786 0.0614107 0.113389 9.9982E-05 9.9982E-05 0.0141696
9.9973E-05 0.490722 0.126903 0.20038 9.9973E-05 9.9973E-05 0.181695
9.99549E-05 0.665575 0.333925 9.99549E-05 9.99549E-05 9.99549E-05 9.99549E-05
0.162019 0.62762 9.9973E-05 0.107519 9.9973E-05 9.9973E-05 0.102542
9.99549E-05 0.626053 9.99549E-05 0.373447 9.99549E-05 9.99549E-05 9.99549E-05
9.99729E-05 0.197822 9.99729E-05 9.99729E-05 0.0160457 0.376807 0.409025
9.9964E-05 0.532906 0.229656 9.9964E-05 9.9964E-05 0.237038 9.9964E-05
9.9973E-05 0.217231 9.9973E-05 0.196801 9.9973E-05 0.171193 0.414475
9.99639E-05 0.603662 0.0194475 9.99639E-05 9.99639E-05 0.376491 9.99639E-05
9.9973E-05 0.511305 0.01993 9.9973E-05 9.9973E-05 0.413109 0.0553555
9.9964E-05 0.373841 9.9964E-05 0.46239 9.9964E-05 9.9964E-05 0.163369
9.9955E-05 0.660245 9.9955E-05 9.9955E-05 9.9955E-05 0.339255 9.9955E-05
9.9973E-05 0.469734 9.9973E-05 9.9973E-05 0.0227364 0.344112 0.163117
0.592246 0.0172014 0.390153 9.99639E-05 9.99639E-05 9.99639E-05 9.99639E-05
0.609554 0.0952956 0.226249 9.9982E-05 9.9982E-05 0.0351174 0.0335837
0.835536 0.0191495 0.0594395 0.0625559 9.9982E-05 9.9982E-05 0.0231191
0.47404 0.0111625 9.9982E-05 0.320333 0.00781455 0.18645 9.9982E-05
0.59042 9.99639E-05 0.385646 9.99639E-05 0.0235347 9.99639E-05 9.99639E-05
0.250313 9.9982E-05 9.9982E-05 0.258793 0.0486318 0.431248 0.0108139
0.343409 9.99639E-05 0.171295 9.99639E-05 9.99639E-05 0.484896 9.99639E-05
0.725005 9.99549E-05 0.274495 9.99549E-05 9.99549E-05 9.99549E-05 9.99549E-05
0.672953 0.00248521 0.00389255 9.9991E-05 0.0849886 0.189677 0.0459038
0.621323 9.9964E-05 9.9964E-05 0.301347 9.9964E-05 9.9964E-05 0.0769304
0.291658 9.9964E-05 0.618294 9.9964E-05 0.0896482 9.9964E-05 9.9964E-05
0.456198 9.9982E-05 0.0818488 0.365545 0.0602823 9.9982E-05 0.0359262
0.719682 9.99639E-05 0.196425 9.99639E-05 9.99639E-05 0.0834937 9.99639E-05
0.564191 0.0559729 9.9982E-05 0.0983041 0.0213909 0.259941 9.9982E-05
0.699366 9.9982E-05 0.0519712 9.9982E-05 0.154407 0.0418588 0.0521964
0.265141 9.9982E-05 0.142374 9.9982E-05 0.00257645 0.563782 0.0259258
0.426545 0.0745539 9.99729E-05 0.494792 9.99729E-05 9.99729E-05 0.00380946
0.404423 9.9973E-05 0.0447568 0.459868 9.9973E-05 9.9973E-05 0.0906514
0.592424 0.138174 0.0743358 9.9991E-05 0.0987552 0.0288118 0.0673994
0.576801 9.99639E-05 0.133839 9.99639E-05 9.99639E-05 0.28896 9.99639E-05
0.793986 0.00997488 9.9982E-05 0.0177184 0.112626 9.9982E-05 0.0654949
0.758101 9.9964E-05 9.9964E-05 0.202295 9.9964E-05 9.9964E-05 0.0392048
0.168942 9.9982E-05 9.9982E-05 0.469703 0.140702 0.185726 0.0347269
9.99639E-05 9.99639E-05 0.114188 9.99639E-05 0.641265 0.244147 9.99639E-05
0.0716045 0.0341467 0.149111 0.58152 0.0393575 0.091564 0.0326962
0.126099 9.9982E-05 0.1546 9.9982E-05 0.176511 0.52837 0.0142202
9.99549E-05 9.99549E-05 0.568369 9.99549E-05 0.431132 9.99549E-05 9.99549E-05
0.0349315 9.9982E-05 0.0290193 0.707132 0.125464 0.103253 9.9982E-05
9.9973E-05 9.9973E-05 0.0615277 0.160824 0.758666 9.9973E-05 0.0186824
0.127899 0.1113 9.9982E-05 0.124033 0.0999076 0.53666 9.9982E-05
9.9964E-05 9.9964E-05 9.9964E-05 0.152521 0.805835 9.9964E-05 0.041245
9.9964E-05 9.9964E-05 0.452198 9.9964E-05 0.216617 0.330785 9.9964E-05
0.101673 0.0394404 9.9982E-05 0.560126 0.287174 0.0113867 9.9982E-05
9.9964E-05 9.9964E-05 9.9964E-05 0.329383 0.620348 9.9964E-05 0.0498692
9.99549E-05 9.99549E-05 0.660281 9.99549E-05 0.33922 9.99549E-05 9.99549E-05
0.050367 9.9973E-05 0.0269006 0.813411 9.9973E-05 0.109021 9.9973E-05
9.99549E-05 9.99549E-05 9.99549E-05 0.400318 0.599182 9.99549E-05 9.99549E-05
9.9982E-05 9.9982E-05 0.0552426 0.603485 0.0469699 0.274583 0.0195201
9.99549E-05 9.99549E-05 0.587068 9.99549E-05 0.412433 9.99549E-05 9.99549E-05
9.9973E-05 0.0286252 9.9973E-05 0.555451 0.392712 0.0229115 9.9973E-05
0.172467 0.0388299 9.9982E-05 0.604 0.0393293 0.145174 9.9982E-05
9.99729E-05 9.99729E-05 9.99729E-05 0.052003 0.218505 0.711611 0.0175808
0.169568 9.99821E-05 0.198873 0.41229 9.99821E-05 0.112948 0.10612
0.0871156 9.9991E-05 0.128386 0.46094 0.167329 0.0804229 0.0757071
9.99639E-05 9.99639E-05 0.508624 9.99639E-05 0.45797 0.0330062 9.99639E-05
9.9982E-05 0.0296934 9.9982E-05 0.262498 0.204528 0.420495 0.0825852
0.037765 0.0209589 9.99729E-05 9.99729E-05 0.723857 0.217119 9.99729E-05
0.254847 0.049852 0.26539 9.9991E-05 0.19157 0.205575 0.0326666
0.132929 0.0704621 9.9991E-05 0.411469 0.246294 0.0903997 0.0483466
0.50566 0.0881821 9.9973E-05 0.0294119 0.376446 9.9973E-05 9.9973E-05
0.00334253 0.00429216 0.845132 0.0737778 0.0107103 9.9991E-05 0.0626456
0.155923 0.0233226 0.0989215 9.9991E-05 0.336277 0.364971 0.0204853
0.121658 0.0233134 0.28952 9.9991E-05 0.102805 0.441643 0.02096
0.0658311 9.9982E-05 0.254448 0.350353 0.250723 9.9982E-05 0.0784447
0.000266736 9.99729E-05 0.60576 9.99729E-05 0.058727 0.334946 9.99729E-05
0.0360877 9.9982E-05 0.0383573 0.681105 0.0522397 0.19201 9.9982E-05
0.0709157 9.99729E-05 0.459035 9.99729E-05 0.169223 0.300526 9.99729E-05
0.114813 9.9982E-05 0.183515 0.240501 0.421504 9.9982E-05 0.0394672
0.170541 9.9982E-05 0.108214 0.501229 0.206482 9.9982E-05 0.0133337
0.369976 0.128374 9.9991E-05 0.0899154 0.376481 0.028765 0.00638884
0.262075 0.0487364 9.9982E-05 0.101074 0.122993 0.464922 9.9982E-05
0.37873 0.0189514 0.0237646 0.00199343 0.362175 0.158184 0.056201
0.308895 9.9982E-05 0.176742 0.348019 0.118884 9.9982E-05 0.0472603
0.154316 9.9973E-05 0.733876 0.0126635 9.9973E-05 0.0988442 9.9973E-05
0.0115489 9.99639E-05 0.700844 9.99639E-05 0.287207 9.99639E-05 9.99639E-05
9.9973E-05 0.037987 0.131073 9.9973E-05 0.200544 0.630096 9.9973E-05
0.0409881 0.0278296 0.620899 9.9991E-05 0.230214 0.0602158 0.0197535
0.0873693 9.9964E-05 0.808351 0.10388 9.9964E-05 9.9964E-05 9.9964E-05
9.9973E-05 0.110088 0.143585 9.9973E-05 0.283977 0.46205 9.9973E-05
9.99729E-05 9.99729E-05 0.233555 0.0325998 0.14064 0.592905 9.99729E-05
9.9982E-05 0.0170797 9.9982E-05 0.710026 0.0878221 0.119983 0.0648893
9.99729E-05 9.99729E-05 9.99729E-05 0.704557 0.00768894 0.236629 0.0508252
9.9973E-05 9.9973E-05 9.9973E-05 0.0842343 0.0245397 0.840458 0.0504677
9.99729E-05 9.99729E-05 0.00486527 0.732967 0.0028921 0.258976 9.99729E-05
0.0233505 9.9964E-05 9.9964E-05 0.823135 9.9964E-05 0.153115 9.9964E-05
0.0366113 9.9982E-05 0.0201805 0.612811 9.9982E-05 0.157179 0.173018
9.9973E-05 9.9973E-05 0.0227148 0.761564 9.9973E-05 0.188607 0.026814
9.9973E-05 9.9973E-05 0.186418 0.0382705 9.9973E-05 0.726628 0.048383
9.9964E-05 9.9964E-05 0.636621 9.9964E-05 0.133012 0.229967 9.9964E-05
0.078584 0.0816759 9.9982E-05 0.367445 0.0332088 0.438886 9.9982E-05
9.9964E-05 9.9964E-05 0.238335 9.9964E-05 9.9964E-05 0.751595 0.00967007
9.9991E-05 0.0683915 0.0362286 0.00921301 0.000902316 0.777931 0.107234
0.0151209 9.9973E-05 9.9973E-05 0.285155 9.9973E-05 0.683924 0.0154999
9.9964E-05 9.9964E-05 0.249131 9.9964E-05 0.0642539 0.686215 9.9964E-05
0.0457426 0.0170634 0.14261 0.144246 9.9982E-05 0.650138 9.9982E-05
9.9982E-05 0.0792218 9.9982E-05 0.301606 0.300977 0.234636 0.0833591
9.9982E-05 0.0566022 0.118288 0.126548 9.9982E-05 0.65841 0.0399518
0.157376 0.0395568 9.9973E-05 0.135039 9.9973E-05 0.667728 9.9973E-05
9.9973E-05 9.9973E-05 0.0559252 0.748777 9.9973E-05 0.191922 0.0030764
0.0752501 0.0466731 9.9982E-05 0.43621 0.0233281 0.418338 9.9982E-05
9.9973E-05 0.00945789 0.418016 0.0419724 9.9973E-05 0.530254 9.9973E-05
0.0659038 0.0284517 0.0206827 0.00161413 9.9982E-05 0.883148 9.9982E-05
9.9964E-05 9.9964E-05 0.535046 9.9964E-05 0.0876834 0.376871 9.9964E-05
9.99639E-05 9.99639E-05 9.99639E-05 0.705745 0.0398211 0.254034 9.99639E-05
9.9982E-05 0.051585 9.9982E-05 0.27686 0.114062 0.556883 0.000410022
9.99639E-05 9.99639E-05 0.390157 9.99639E-05 0.0400725 0.56937 9.99639E-05
0.0353537 0.0641904 9.9973E-05 0.585535 0.314621 9.9973E-05 9.9973E-05
9.9991E-05 0.00563929 0.0265192 0.38767 0.490262 0.0454114 0.0443973
0.0326583 0.0678228 0.398691 9.9991E-05 0.0656019 0.369972 0.0651548
0.122325 0.0144281 0.161932 9.9991E-05 0.653985 0.0378461 0.00938365
9.9982E-05 9.9982E-05 0.0262261 0.526702 0.214991 0.105379 0.126502
9.9964E-05 9.9964E-05 9.9964E-05 0.53835 0.444989 9.9964E-05 0.0162618
9.9964E-05 0.0771568 9.9964E-05 0.587471 0.334972 9.9964E-05 9.9964E-05
9.9955E-05 9.9955E-05 0.731182 9.9955E-05 0.268318 9.9955E-05 9.9955E-05
9.9982E-05 0.0152654 0.0387621 9.9982E-05 0.394443 0.549427 0.00190296
0.390388 0.0574748 9.9982E-05 0.128284 0.262252 0.161402 9.9982E-05
0.0187963 9.99729E-05 9.99729E-05 0.529627 0.368255 0.0830223 9.99729E-05
0.13519 9.9973E-05 0.543472 9.9973E-05 0.23923 0.0818079 9.9973E-05
9.9973E-05 9.9973E-05 9.9973E-05 0.0122432 0.260178 0.67349 0.0537887
9.9973E-05 0.0254766 9.9973E-05 9.9973E-05 0.306347 0.658763 0.00911339
0.426591 9.99729E-05 9.99729E-05 0.0511014 0.481482 0.0405251 9.99729E-05
0.224024 0.00404061 0.0925149 9.9973E-05 9.9973E-05 0.679121 9.9973E-05
0.0926296 0.060277 9.9982E-05 0.407966 0.0338781 0.40505 9.9982E-05
0.113422 0.00859991 9.9982E-05 0.217682 0.337196 0.322901 9.9982E-05
9.9973E-05 9.9973E-05 0.0164729 0.597443 0.332921 9.9973E-05 0.0528625
9.9982E-05 0.142474 0.179607 9.9982E-05 0.359228 0.311799 0.00669283
9.99729E-05 0.0558788 9.99729E-05 0.551735 0.308204 0.0838825 9.99729E-05
9.9982E-05 0.029474 0.00598786 0.618817 0.236359 0.109162 9.9982E-05
9.99639E-05 9.99639E-05 0.425243 9.99639E-05 0.182086 0.392271 9.99639E-05
9.9973E-05 9.9973E-05 0.0829484 0.209735 0.0445817 0.662435 9.9973E-05
9.9973E-05 0.0649543 0.051225 9.9973E-05 0.138552 0.744969 9.9973E-05
9.9982E-05 0.0253282 9.9982E-05 0.76293 0.108255 0.0373389 0.0659479
0.0517567 0.19766 0.0775396 0.48684 0.00507157 0.0539188 0.127214
9.9973E-05 0.112866 9.9973E-05 0.590523 0.0593905 0.236921 9.9973E-05
9.9964E-05 9.9964E-05 0.349523 9.9964E-05 0.138868 0.511209 9.9964E-05
9.9973E-05 0.0778855 9.9973E-05 0.536147 0.0367608 0.348907 9.9973E-05
0.0772824 0.0436513 9.9991E-05 0.570847 0.105642 0.182498 0.0199788
0.0915149 0.0175264 0.0265665 0.720736 0.0694615 0.0740945 9.9991E-05
0.0495913 9.9964E-05 0.352433 9.9964E-05 9.9964E-05 0.597576 9.9964E-05
0.0186641 9.9982E-05 9.9982E-05 0.116401 0.122189 0.730353 0.0121925
9.9982E-05 9.9982E-05 0.10901 0.665954 0.0291169 0.122239 0.0734805
9.9982E-05 0.0716379 0.211859 0.0907918 0.185492 0.440019 9.9982E-05
0.0621384 0.0407801 9.9991E-05 0.734154 0.0261595 0.107628 0.0290399
0.120786 9.9982E-05 0.291547 0.415468 0.0167908 0.155208 9.9982E-05
0.0577218 0.0642487 9.9991E-05 0.191372 0.136048 0.524295 0.0262145
9.9964E-05 9.9964E-05 0.515525 9.9964E-05 0.0224573 0.461618 9.9964E-05
9.9982E-05 0.0243179 9.9982E-05 0.192871 0.18902 0.580377 0.0132153
0.288848 9.99819E-05 0.195235 9.99819E-05 0.221052 0.261034 0.0336313
0.167352 9.9973E-05 0.622496 9.9973E-05 0.0944434 0.115408 9.9973E-05
0.106998 0.045616 9.9982E-05 0.0349005 0.152022 0.660263 9.9982E-05
0.422195 9.9973E-05 0.00688832 9.9973E-05 0.0169325 0.553684 9.9973E-05
0.0448132 9.9982E-05 0.0495579 0.0934053 0.228535 0.583489 9.9982E-05
0.0736469 9.9973E-05 9.9973E-05 0.545934 0.215514 0.164604 9.9973E-05
0.0382131 9.9982E-05 0.591188 9.9982E-05 0.349288 0.0166758 0.00443488
9.9973E-05 9.9973E-05 0.0953827 0.465054 0.338682 9.9973E-05 0.100581
0.368501 0.0294681 9.9982E-05 0.409698 9.9982E-05 0.183061 0.0090722
0.199978 9.9982E-05 0.234095 0.494875 0.0273548 9.9982E-05 0.0434981
0.264872 9.9973E-05 0.585017 0.0251129 9.9973E-05 0.124698 9.9973E-05
0.107474 9.9973E-05 0.690339 9.9973E-05 0.00165515 0.200232 9.9973E-05
9.9982E-05 9.9982E-05 0.0072815 0.559699 0.265673 0.110021 0.0571251
0.0526692 0.074736 0.00507719 0.0804398 0.0414359 0.732486 0.0131558
0.361986 0.0132562 0.0069264 0.0178951 0.168026 0.421951 0.00995955
0.127709 9.9964E-05 0.772401 9.9964E-05 9.9964E-05 0.0994906 9.9964E-05
0.459635 9.9973E-05 0.133802 0.129442 0.276821 9.9973E-05 9.9973E-05
0.181857 9.9991E-05 0.0769223 0.329097 0.330615 0.00277417 0.078634
9.9982E-05 9.9982E-05 0.02989 0.677803 0.0765347 0.20134 0.014232
0.229075 9.99816E-05 9.99816E-05 0.532192 0.0676309 0.170803 9.99816E-05
0.403842 9.9991E-05 0.145628 0.340052 0.077653 0.015539 0.0171867
9.9964E-05 9.9964E-05 0.243612 9.9964E-05 9.9964E-05 0.707902 0.0480868
0.0733823 0.0319859 9.9973E-05 0.632078 9.9973E-05 0.262254 9.9973E-05
0.0549975 9.9973E-05 0.19893 0.0206354 9.9973E-05 0.725137 9.9973E-05
0.182036 0.0229249 9.9982E-05 0.0809791 0.0444964 0.669364 9.9982E-05
9.9982E-05 0.0380164 9.9982E-05 0.604818 0.0957207 0.245086 0.016159
9.99806E-05 9.99806E-05 0.529209 0.0185584 9.99806E-05 0.438827 0.0131054
0.365676 0.0143719 0.43818 0.0153251 0.0165396 0.149807 9.9991E-05
0.0116374 9.9973E-05 0.195821 9.9973E-05 0.128397 0.663844 9.9973E-05
0.215697 9.9982E-05 0.172078 0.346676 0.184379 9.9982E-05 0.0809706
0.167466 9.9991E-05 0.111299 0.0749004 0.343194 0.247321 0.0557198
9.9991E-05 0.011049 0.0655794 0.340267 0.184416 0.333622 0.0649667
9.99639E-05 9.99639E-05 0.79491 0.0862593 9.99639E-05 0.118431 9.99639E-05
9.9982E-05 0.00746471 0.217648 0.692449 0.0214937 9.9982E-05 0.0607438
0.158257 0.17721 0.141112 0.0102757 0.0647827 0.409773 0.0385894
0.120701 0.0542745 0.0576408 0.538103 0.076295 0.118075 0.0349106
0.0219823 9.9973E-05 0.179148 0.712033 9.9973E-05 9.9973E-05 0.0865365
0.050112 9.9991E-05 0.170811 0.594398 0.0481979 0.0780614 0.0583202
9.9991E-05 0.0127955 0.0652095 0.600308 0.090841 0.155327 0.0754188
9.9982E-05 0.0715624 0.257625 0.570529 9.9982E-05 0.0352319 0.0648523
0.145993 0.0647564 0.0603097 0.00527 9.9991E-05 0.617263 0.106308
0.0313963 0.0657684 0.111236 9.9991E-05 0.10499 0.662682 0.0238277
0.00665825 0.0149586 0.172041 0.568343 0.158465 9.9991E-05 0.0794341
0.285152 9.9973E-05 0.278641 0.359815 0.0760926 9.9973E-05 9.9973E-05
0.199523 0.0600233 0.236064 9.9991E-05 0.197134 0.245535 0.0616211
0.037781 9.9973E-05 0.830036 9.9973E-05 0.10881 9.9973E-05 0.0230732
9.9955E-05 9.9955E-05 0.451725 9.9955E-05 9.9955E-05 0.547775 9.9955E-05
0.04583 0.0169596 0.82385 0.010713 0.00366739 0.0988799 9.9991E-05
