9.991E-05 9.991E-05 9.991E-05 0.0315071 0.387445 0.342179 0.0615919 9.991E-05 0.142646 9.991E-05 9.991E-05 9.991E-05 9.991E-05 0.0336311 9.991E-05 9.991E-05
9.99099E-05 9.99099E-05 0.088539 0.0446774 0.485841 0.315684 9.99099E-05 9.99099E-05 0.0560694 9.99099E-05 9.99099E-05 0.00819022 9.99099E-05 9.99099E-05 9.99099E-05 9.99099E-05
0.0323787 0.361687 9.99278E-05 9.99278E-05 0.311023 9.99278E-05 9.99278E-05 0.0193719 9.99278E-05 9.99278E-05 9.99278E-05 0.236583 0.0132263 0.0183721 0.00655854 9.99278E-05
9.99279E-05 9.99279E-05 9.99279E-05 9.99279E-05 0.152953 0.35597 9.99279E-05 0.0158304 0.0869656 9.99279E-05 0.268346 9.99279E-05 0.0400753 0.0515806 0.0274792 9.99279E-05
0.0615421 9.99008E-05 9.99008E-05 9.99008E-05 9.99008E-05 0.425513 9.99008E-05 0.104104 0.311605 9.99008E-05 0.096137 9.99008E-05 9.99008E-05 9.99008E-05 9.99008E-05 9.99008E-05
9.99369E-05 0.0711376 9.99369E-05 0.00581153 0.37322 0.00459798 0.0588169 9.99369E-05 0.0649596 9.99369E-05 9.99369E-05 0.0235212 9.99369E-05 9.99369E-05 0.381005 0.0162314
9.98919E-05 0.422679 9.98919E-05 9.98919E-05 0.515677 9.98919E-05 0.00867402 9.98919E-05 9.98919E-05 9.98919E-05 9.98919E-05 9.98919E-05 0.0517712 9.98919E-05 9.98919E-05 9.98919E-05
9.9901E-05 0.167894 9.9901E-05 0.166896 0.369401 0.0322194 9.9901E-05 9.9901E-05 9.9901E-05 9.9901E-05 9.9901E-05 9.9901E-05 9.9901E-05 9.9901E-05 0.262491 9.9901E-05
9.99189E-05 9.99189E-05 9.99189E-05 0.0442743 0.34682 0.146995 9.99189E-05 0.0455507 9.99189E-05 9.99189E-05 0.307511 9.99189E-05 9.99189E-05 0.00941144 0.0985386 9.99189E-05
0.0272523 0.310665 9.99007E-05 9.99007E-05 9.99007E-05 9.99007E-05 9.99007E-05 9.99007E-05 9.99007E-05 9.99007E-05 9.99007E-05 9.99007E-05 0.200989 0.0210059 0.438989 9.99007E-05
9.99369E-05 9.99369E-05 0.336263 9.99369E-05 0.135405 0.111143 9.99369E-05 0.000290286 0.00558635 9.99369E-05 0.263639 0.0871585 9.99369E-05 0.00366526 0.0561495 9.99369E-05
9.99009E-05 9.99009E-05 0.107099 9.99009E-05 9.99009E-05 0.366066 9.99009E-05 9.99009E-05 9.99009E-05 0.0897902 0.110862 9.99009E-05 9.99009E-05 9.99009E-05 0.325084 9.99009E-05
9.99279E-05 0.116443 9.99279E-05 9.99279E-05 0.111872 9.99279E-05 0.0263141 0.0125048 0.236148 9.99279E-05 0.44452 9.99279E-05 0.0405733 9.99279E-05 9.99279E-05 0.0108247
0.0276337 0.232569 9.99099E-05 9.99099E-05 0.483679 9.99099E-05 0.0557138 9.99099E-05 9.99099E-05 9.99099E-05 9.99099E-05 0.0210261 9.99099E-05 9.99099E-05 0.178379 9.99099E-05
9.98829E-05 9.98829E-05 0.457435 9.98829E-05 9.98829E-05 0.426437 9.98829E-05 9.98829E-05 9.98829E-05 9.98829E-05 9.98829E-05 9.98829E-05 9.98829E-05 9.98829E-05 0.11483 9.98829E-05
9.99188E-05 0.380284 9.99188E-05 9.99188E-05 0.181785 9.99188E-05 9.99188E-05 0.00846818 9.99188E-05 9.99188E-05 9.99188E-05 9.99188E-05 0.28572 0.00960648 0.103327 0.0299099
9.99099E-05 0.281308 9.99099E-05 9.99099E-05 0.621431 9.99099E-05 9.99099E-05 9.99099E-05 9.99099E-05 0.00279285 0.0173607 0.018722 0.0573858 9.99099E-05 9.99099E-05 9.99099E-05
9.98918E-05 0.332296 0.0415731 9.98918E-05 0.508557 9.98918E-05 9.98918E-05 9.98918E-05 9.98918E-05 9.98918E-05 9.98918E-05 0.116375 9.98918E-05 9.98918E-05 9.98918E-05 9.98918E-05
9.9919E-05 0.0161019 9.9919E-05 9.9919E-05 0.162823 0.195548 9.9919E-05 9.9919E-05 9.9919E-05 0.0906064 0.337614 0.152134 9.9919E-05 9.9919E-05 0.0442743 9.9919E-05
9.99099E-05 9.99099E-05 0.0997284 0.0126184 9.99099E-05 9.99099E-05 0.0757931 0.0368634 0.0667373 9.99099E-05 9.99099E-05 9.99099E-05 9.99099E-05 0.70726 9.99099E-05 9.99099E-05
9.9901E-05 9.9901E-05 9.9901E-05 9.9901E-05 9.9901E-05 9.9901E-05 0.0241161 9.9901E-05 0.0923709 9.9901E-05 0.0470325 9.9901E-05 0.0156165 0.819765 9.9901E-05 9.9901E-05
9.99007E-05 9.99007E-05 9.99007E-05 9.99007E-05 0.019134 9.99007E-05 0.220815 9.99007E-05 0.0418767 9.99007E-05 9.99007E-05 9.99007E-05 9.99007E-05 0.694663 0.0224126 9.99007E-05
9.99189E-05 9.99189E-05 9.99189E-05 0.00879535 9.99189E-05 9.99189E-05 0.0764557 0.00595126 0.00474036 0.226361 0.101845 9.99189E-05 9.99189E-05 0.574952 9.99189E-05 9.99189E-05
9.99008E-05 9.99008E-05 0.0171859 0.0724575 9.99008E-05 9.99008E-05 9.99008E-05 0.00150812 9.99008E-05 9.99008E-05 0.173165 9.99008E-05 9.99008E-05 0.734585 9.99008E-05 9.99008E-05
9.99188E-05 0.0949406 9.99188E-05 9.99188E-05 0.108986 9.99188E-05 0.243145 9.99188E-05 9.99188E-05 9.99188E-05 9.99188E-05 0.0570518 9.99188E-05 0.303866 0.0303965 0.160715
9.99278E-05 9.99278E-05 0.0824075 0.197786 9.99278E-05 0.124291 0.123144 0.106845 9.99278E-05 9.99278E-05 0.0264629 9.99278E-05 9.99278E-05 0.298099 0.040165 9.99278E-05
0.0300217 0.15365 9.99101E-05 9.99101E-05 9.99101E-05 9.99101E-05 0.0300825 0.0148987 9.99101E-05 9.99101E-05 9.99101E-05 9.99101E-05 0.31675 0.21721 9.99101E-05 0.236488
9.9928E-05 9.9928E-05 0.0588271 0.220049 9.9928E-05 0.000688213 9.9928E-05 0.153227 0.199985 0.0633719 9.9928E-05 9.9928E-05 0.0314071 0.271645 9.9928E-05 9.9928E-05
9.98917E-05 9.98917E-05 9.98917E-05 9.98917E-05 0.0355292 9.98917E-05 0.372764 9.98917E-05 0.0042433 9.98917E-05 9.98917E-05 9.98917E-05 9.98917E-05 0.586265 9.98917E-05 9.98917E-05
9.98829E-05 9.98829E-05 9.98829E-05 0.0030446 9.98829E-05 9.98829E-05 9.98829E-05 9.98829E-05 9.98829E-05 9.98829E-05 0.0961127 9.98829E-05 9.98829E-05 0.899544 9.98829E-05 9.98829E-05
0.0317487 0.139917 9.99371E-05 9.99371E-05 0.00610083 9.99371E-05 0.0180505 9.99371E-05 9.99371E-05 0.0612032 9.99371E-05 0.00704033 0.097135 0.568408 9.99371E-05 0.0696968
9.99279E-05 9.99279E-05 9.99279E-05 0.00883914 0.00882023 9.99279E-05 0.719956 0.107528 0.0178553 9.99279E-05 0.017234 0.0380877 9.99279E-05 9.99279E-05 9.99279E-05 0.0808796
0.0230443 0.238275 9.99098E-05 9.99098E-05 9.99098E-05 9.99098E-05 0.19142 9.99098E-05 9.99098E-05 9.99098E-05 9.99098E-05 9.99098E-05 0.093174 0.431261 9.99098E-05 0.0218274
9.98918E-05 0.0991835 9.98918E-05 9.98918E-05 0.130758 9.98918E-05 0.388862 9.98918E-05 9.98918E-05 9.98918E-05 9.98918E-05 9.98918E-05 9.98918E-05 0.379998 9.98918E-05 9.98918E-05
9.99099E-05 9.99099E-05 9.99099E-05 9.99099E-05 9.99099E-05 9.99099E-05 0.00883736 9.99099E-05 9.99099E-05 9.99099E-05 0.113358 0.0238201 9.99099E-05 0.82448 0.00871292 0.0197925
9.99009E-05 9.99009E-05 0.116936 0.006617 9.99009E-05 0.0570331 9.99009E-05 0.0359739 9.99009E-05 9.99009E-05 9.99009E-05 9.99009E-05 9.99009E-05 0.782341 9.99009E-05 9.99009E-05
9.98829E-05 9.98829E-05 0.267843 9.98829E-05 9.98829E-05 9.98829E-05 9.98829E-05 9.98829E-05 9.98829E-05 9.98829E-05 9.98829E-05 9.98829E-05 0.0283438 0.702515 9.98829E-05 9.98829E-05
9.98919E-05 9.98919E-05 9.98919E-05 9.98919E-05 9.98919E-05 0.0701912 9.98919E-05 0.0146764 9.98919E-05 0.200041 9.98919E-05 9.98919E-05 9.98919E-05 0.713893 9.98919E-05 9.98919E-05
9.98917E-05 9.98917E-05 9.98917E-05 9.98917E-05 0.0970432 9.98917E-05 9.98917E-05 0.395135 0.0344614 9.98917E-05 9.98917E-05 9.98917E-05 9.98917E-05 9.98917E-05 9.98917E-05 0.472162
9.99099E-05 9.99099E-05 9.99099E-05 9.99099E-05 9.99099E-05 0.00119564 0.0370682 9.99099E-05 0.0926583 0.00674214 9.99099E-05 9.99099E-05 0.093073 9.99099E-05 9.99099E-05 0.768264
0.156065 0.16694 9.99099E-05 0.00917908 9.99099E-05 9.99099E-05 0.0815867 9.99099E-05 9.99099E-05 9.99099E-05 9.99099E-05 9.99099E-05 0.0542526 9.99099E-05 9.99099E-05 0.530977
9.99279E-05 9.99279E-05 9.99279E-05 0.018456 9.99279E-05 9.99279E-05 0.0288264 0.205027 0.0768252 0.313679 9.99279E-05 9.99279E-05 0.0314173 0.0205626 9.99279E-05 0.304406
9.99097E-05 9.99097E-05 9.99097E-05 9.99097E-05 0.111888 9.99097E-05 0.10957 0.0910239 0.00931986 9.99097E-05 9.99097E-05 9.99097E-05 9.99097E-05 0.213215 9.99097E-05 0.463985
0.0387633 0.00115432 0.0838301 9.99189E-05 9.99189E-05 9.99189E-05 0.0822127 9.99189E-05 9.99189E-05 9.99189E-05 9.99189E-05 0.162547 9.99189E-05 0.0251344 9.99189E-05 0.605459
9.99009E-05 9.99009E-05 9.99009E-05 0.254094 9.99009E-05 0.190011 0.145903 0.233531 9.99009E-05 0.175362 9.99009E-05 9.99009E-05 9.99009E-05 9.99009E-05 9.99009E-05 9.99009E-05
9.99009E-05 9.99009E-05 0.0145147 9.99009E-05 9.99009E-05 0.207134 9.99009E-05 0.478299 9.99009E-05 9.99009E-05 0.0588793 9.99009E-05 9.99009E-05 9.99009E-05 9.99009E-05 0.240074
0.0584582 0.147122 9.99098E-05 9.99098E-05 9.99098E-05 9.99098E-05 0.0882787 9.99098E-05 9.99098E-05 9.99098E-05 9.99098E-05 0.0652691 9.99098E-05 0.0935231 9.99098E-05 0.54635
9.99007E-05 9.99007E-05 9.99007E-05 9.99007E-05 0.0424905 9.99007E-05 9.99007E-05 0.28046 0.0509675 9.99007E-05 9.99007E-05 9.99007E-05 9.99007E-05 9.99007E-05 0.0606708 0.564312
9.9883E-05 0.00350943 9.9883E-05 9.9883E-05 9.9883E-05 9.9883E-05 9.9883E-05 9.9883E-05 9.9883E-05 9.9883E-05 9.9883E-05 9.9883E-05 0.561034 9.9883E-05 9.9883E-05 0.434158
9.9919E-05 9.9919E-05 0.0312385 0.106973 0.0336106 0.0715017 9.9919E-05 0.359065 9.9919E-05 0.03716 9.9919E-05 9.9919E-05 9.9919E-05 9.9919E-05 9.9919E-05 0.359552
9.99099E-05 9.99099E-05 9.99099E-05 9.99099E-05 9.99099E-05 9.99099E-05 0.000179945 0.067068 0.0740356 0.01905 9.99099E-05 9.99099E-05 0.122599 9.99099E-05 9.99099E-05 0.716069
9.991E-05 9.991E-05 9.991E-05 9.991E-05 9.991E-05 9.991E-05 9.991E-05 0.0993352 0.0856401 0.0835092 0.167152 9.991E-05 9.991E-05 0.1088 9.991E-05 0.454564
9.99278E-05 9.99278E-05 0.237429 0.0772568 9.99278E-05 9.99278E-05 0.0807901 0.322588 9.99278E-05 9.99278E-05 0.0927123 0.0294362 9.99278E-05 0.0845641 9.99278E-05 0.0744241
9.99369E-05 9.99369E-05 0.228271 0.0960998 9.99369E-05 0.100851 9.99369E-05 0.132894 9.99369E-05 9.99369E-05 0.0767506 0.00494472 9.99369E-05 0.0064936 0.00943623 0.343559
9.9928E-05 9.9928E-05 0.0328175 0.0890226 9.9928E-05 0.064502 9.9928E-05 0.168525 9.9928E-05 0.414176 9.9928E-05 0.00166225 9.9928E-05 0.0600637 9.9928E-05 0.168432
9.98919E-05 9.98919E-05 9.98919E-05 0.243426 9.98919E-05 9.98919E-05 9.98919E-05 9.98919E-05 9.98919E-05 0.357404 0.0409052 9.98919E-05 9.98919E-05 0.357067 9.98919E-05 9.98919E-05
9.99097E-05 0.00456737 9.99097E-05 9.99097E-05 0.0648456 9.99097E-05 0.175794 0.187627 0.0321368 9.99097E-05 9.99097E-05 9.99097E-05 9.99097E-05 9.99097E-05 9.99097E-05 0.534031
9.99189E-05 9.99189E-05 9.99189E-05 0.247108 9.99189E-05 9.99189E-05 9.99189E-05 0.139761 0.0600376 9.99189E-05 0.0926951 9.99189E-05 0.0949034 0.0537684 9.99189E-05 0.310827
9.99098E-05 9.99098E-05 9.99098E-05 0.041991 0.0133773 9.99098E-05 0.0654218 9.99098E-05 0.0481774 9.99098E-05 9.99098E-05 9.99098E-05 0.0831574 9.99098E-05 9.99098E-05 0.746876
9.99101E-05 9.99101E-05 0.00311078 9.99101E-05 9.99101E-05 0.00694345 9.99101E-05 0.646008 0.0598996 0.00465784 9.99101E-05 9.99101E-05 9.99101E-05 0.0219755 9.99101E-05 0.256505
9.99188E-05 9.99188E-05 0.021023 0.0305196 0.104311 9.99188E-05 0.0969089 0.514034 9.99188E-05 9.99188E-05 9.99188E-05 9.99188E-05 9.99188E-05 0.0365575 9.99188E-05 0.195747
9.99098E-05 9.99098E-05 0.0593931 0.0700833 9.99098E-05 0.166022 9.99098E-05 0.301072 9.99098E-05 9.99098E-05 9.99098E-05 9.99098E-05 9.99098E-05 9.99098E-05 0.00507237 0.397358
0.0218873 9.99099E-05 9.99099E-05 9.99099E-05 9.99099E-05 9.99099E-05 0.60723 0.182355 9.99099E-05 9.99099E-05 9.99099E-05 0.133242 0.000126443 9.99099E-05 9.99099E-05 0.0541601
9.99009E-05 0.00815936 9.99009E-05 9.99009E-05 9.99009E-05 9.99009E-05 9.99009E-05 0.622026 9.99009E-05 0.300699 9.99009E-05 9.99009E-05 9.99009E-05 0.0607135 9.99009E-05 0.00730282
0.0488376 0.432265 9.99098E-05 0.0359907 9.99098E-05 9.99098E-05 9.99098E-05 0.265925 9.99098E-05 9.99098E-05 9.99098E-05 0.0392108 9.99098E-05 9.99098E-05 9.99098E-05 0.176772
9.99278E-05 9.99278E-05 0.116028 0.162312 0.00807337 9.99278E-05 0.237833 0.23078 9.99278E-05 9.99278E-05 0.213727 9.99278E-05 9.99278E-05 0.00711287 0.023335 9.99278E-05
9.9883E-05 9.9883E-05 9.9883E-05 9.9883E-05 9.9883E-05 0.0434597 9.9883E-05 0.920864 9.9883E-05 0.0343781 9.9883E-05 9.9883E-05 9.9883E-05 9.9883E-05 9.9883E-05 9.9883E-05
9.9892E-05 0.0195805 0.149165 9.9892E-05 9.9892E-05 9.9892E-05 9.9892E-05 0.781884 9.9892E-05 9.9892E-05 9.9892E-05 9.9892E-05 0.0481725 9.9892E-05 9.9892E-05 9.9892E-05
9.99278E-05 9.99278E-05 0.0148212 0.329787 0.033059 0.0227801 0.401355 0.188713 9.99278E-05 9.99278E-05 0.00349783 0.00518762 9.99278E-05 9.99278E-05 9.99278E-05 9.99278E-05
9.99188E-05 9.99188E-05 9.99188E-05 0.0483052 0.0340648 0.00913294 0.764073 0.102386 9.99188E-05 0.0161707 9.99188E-05 9.99188E-05 9.99188E-05 9.99188E-05 0.0249679 9.99188E-05
0.0018224 9.98829E-05 9.98829E-05 9.98829E-05 9.98829E-05 9.98829E-05 0.783624 9.98829E-05 9.98829E-05 9.98829E-05 9.98829E-05 9.98829E-05 0.213255 9.98829E-05 9.98829E-05 9.98829E-05
9.98918E-05 0.471276 9.98918E-05 9.98918E-05 9.98918E-05 9.98918E-05 0.0782565 0.197522 9.98918E-05 9.98918E-05 9.98918E-05 9.98918E-05 9.98918E-05 9.98918E-05 9.98918E-05 0.251747
9.99009E-05 9.99009E-05 9.99009E-05 0.0374546 9.99009E-05 0.113226 9.99009E-05 0.00215041 9.99009E-05 0.177053 9.99009E-05 9.99009E-05 9.99009E-05 0.669017 9.99009E-05 9.99009E-05
0.0363383 0.174201 9.99097E-05 9.99097E-05 9.99097E-05 9.99097E-05 0.151357 0.344651 9.99097E-05 9.99097E-05 9.99097E-05 9.99097E-05 0.0311708 9.99097E-05 9.99097E-05 0.261282
9.98918E-05 9.98918E-05 0.0186417 0.0690789 9.98918E-05 9.98918E-05 0.230284 0.680797 9.98918E-05 9.98918E-05 9.98918E-05 9.98918E-05 9.98918E-05 9.98918E-05 9.98918E-05 9.98918E-05
9.99098E-05 9.99098E-05 0.0025714 0.152651 9.99098E-05 0.0221179 0.379455 0.100487 9.99098E-05 9.99098E-05 0.341719 9.99098E-05 9.99098E-05 9.99098E-05 9.99098E-05 9.99098E-05
9.99007E-05 0.177899 9.99007E-05 9.99007E-05 9.99007E-05 9.99007E-05 0.348021 9.99007E-05 9.99007E-05 9.99007E-05 9.99007E-05 9.99007E-05 0.00719504 0.463992 9.99007E-05 0.00179407
0.0783016 0.343392 9.991E-05 9.991E-05 9.991E-05 9.991E-05 0.366637 9.991E-05 9.991E-05 9.991E-05 9.991E-05 9.991E-05 0.075518 0.0167781 9.991E-05 0.118374
9.99007E-05 0.119179 9.99007E-05 9.99007E-05 0.0264186 9.99007E-05 0.331359 9.99007E-05 9.99007E-05 9.99007E-05 9.99007E-05 9.99007E-05 9.99007E-05 0.457004 9.99007E-05 0.0649404
9.99098E-05 9.99098E-05 9.99098E-05 0.0942083 9.99098E-05 9.99098E-05 0.705874 0.0722755 0.0912295 9.99098E-05 9.99098E-05 9.99098E-05 9.99098E-05 0.0314094 0.00400373 9.99098E-05
9.991E-05 9.991E-05 9.991E-05 9.991E-05 9.991E-05 9.991E-05 0.365672 0.034972 0.0217351 9.991E-05 9.991E-05 9.991E-05 0.414887 0.00976809 9.991E-05 0.151967
9.99099E-05 9.99099E-05 9.99099E-05 9.99099E-05 9.99099E-05 9.99099E-05 0.100565 0.311436 9.99099E-05 0.00831938 0.308528 9.99099E-05 9.99099E-05 0.139506 9.99099E-05 0.130647
9.98919E-05 9.98919E-05 9.98919E-05 9.98919E-05 9.98919E-05 9.98919E-05 9.98919E-05 0.328973 0.048532 9.98919E-05 0.17768 9.98919E-05 9.98919E-05 9.98919E-05 9.98919E-05 0.443617
9.9901E-05 9.9901E-05 9.9901E-05 0.0459218 9.9901E-05 9.9901E-05 9.9901E-05 0.0238829 9.9901E-05 9.9901E-05 0.396059 9.9901E-05 9.9901E-05 0.09127 9.9901E-05 0.441768
0.0526266 0.210243 9.99008E-05 9.99008E-05 9.99008E-05 9.99008E-05 9.99008E-05 0.221046 9.99008E-05 9.99008E-05 9.99008E-05 9.99008E-05 0.0326738 9.99008E-05 9.99008E-05 0.482313
9.99008E-05 9.99008E-05 9.99008E-05 9.99008E-05 9.99008E-05 9.99008E-05 9.99008E-05 0.517678 0.201481 9.99008E-05 9.99008E-05 9.99008E-05 0.00165647 0.112426 9.99008E-05 0.165659
9.98919E-05 0.000331105 9.98919E-05 0.0434504 9.98919E-05 9.98919E-05 9.98919E-05 0.844279 9.98919E-05 9.98919E-05 0.110741 9.98919E-05 9.98919E-05 9.98919E-05 9.98919E-05 9.98919E-05
0.0257822 0.134805 9.99097E-05 0.533009 0.0749645 9.99097E-05 0.10065 9.99097E-05 9.99097E-05 9.99097E-05 9.99097E-05 9.99097E-05 9.99097E-05 0.12979 9.99097E-05 9.99097E-05
9.98827E-05 0.267784 9.98827E-05 0.281725 9.98827E-05 9.98827E-05 9.98827E-05 9.98827E-05 9.98827E-05 9.98827E-05 9.98827E-05 9.98827E-05 9.98827E-05 9.98827E-05 9.98827E-05 0.449192
9.98918E-05 9.98918E-05 9.98918E-05 0.777826 0.0213942 0.0352449 9.98918E-05 9.98918E-05 9.98918E-05 9.98918E-05 9.98918E-05 9.98918E-05 9.98918E-05 0.164336 9.98918E-05 9.98918E-05
9.98917E-05 0.219017 9.98917E-05 0.460236 9.98917E-05 9.98917E-05 9.98917E-05 9.98917E-05 9.98917E-05 9.98917E-05 9.98917E-05 0.0152912 9.98917E-05 9.98917E-05 9.98917E-05 0.304257
9.98827E-05 0.219818 9.98827E-05 0.6027 9.98827E-05 9.98827E-05 9.98827E-05 9.98827E-05 9.98827E-05 9.98827E-05 9.98827E-05 9.98827E-05 9.98827E-05 9.98827E-05 9.98827E-05 0.176183
9.98918E-05 9.98918E-05 9.98918E-05 0.813552 9.98918E-05 0.135363 9.98918E-05 0.0251465 9.98918E-05 0.0247397 9.98918E-05 9.98918E-05 9.98918E-05 9.98918E-05 9.98918E-05 9.98918E-05
9.99098E-05 0.0270928 9.99098E-05 0.304609 0.150722 9.99098E-05 9.99098E-05 0.191439 9.99098E-05 9.99098E-05 9.99098E-05 0.0305606 9.99098E-05 9.99098E-05 9.99098E-05 0.294578
9.98827E-05 9.98827E-05 9.98827E-05 0.71121 0.0746973 9.98827E-05 9.98827E-05 9.98827E-05 9.98827E-05 9.98827E-05 9.98827E-05 9.98827E-05 9.98827E-05 9.98827E-05 9.98827E-05 0.212794
0.046857 9.99098E-05 9.99098E-05 9.99098E-05 9.99098E-05 9.99098E-05 0.0523564 9.99098E-05 0.374085 9.99098E-05 9.99098E-05 0.160876 0.356883 9.99098E-05 9.99098E-05 0.0079431
9.99099E-05 0.153573 9.99099E-05 9.99099E-05 9.99099E-05 9.99099E-05 0.0805905 9.99099E-05 0.569185 9.99099E-05 9.99099E-05 0.0212408 0.073148 9.99099E-05 9.99099E-05 0.101263
9.99189E-05 0.00340878 9.99189E-05 9.99189E-05 9.99189E-05 9.99189E-05 0.0123862 9.99189E-05 0.654443 0.101905 9.99189E-05 0.167669 0.027661 9.99189E-05 9.99189E-05 0.031628
9.9883E-05 9.9883E-05 9.9883E-05 9.9883E-05 9.9883E-05 0.084856 9.9883E-05 9.9883E-05 9.9883E-05 0.00450486 9.9883E-05 0.909341 9.9883E-05 9.9883E-05 9.9883E-05 9.9883E-05
0.0944849 9.98917E-05 9.98917E-05 9.98917E-05 9.98917E-05 9.98917E-05 9.98917E-05 9.98917E-05 0.291015 9.98917E-05 9.98917E-05 0.292143 0.321158 9.98917E-05 9.98917E-05 9.98917E-05
9.99369E-05 9.99369E-05 9.99369E-05 0.0675005 0.474621 0.0490063 9.99369E-05 0.0202005 0.0423395 0.0414784 0.0325635 0.269344 9.99369E-05 0.00224653 9.99369E-05 9.99369E-05
9.98917E-05 0.445331 9.98917E-05 9.98917E-05 9.98917E-05 9.98917E-05 9.98917E-05 9.98917E-05 0.176882 9.98917E-05 9.98917E-05 0.329812 0.0467762 9.98917E-05 9.98917E-05 9.98917E-05
9.98917E-05 9.98917E-05 9.98917E-05 9.98917E-05 9.98917E-05 9.98917E-05 0.058506 9.98917E-05 0.422408 9.98917E-05 9.98917E-05 0.215773 0.302114 9.98917E-05 9.98917E-05 9.98917E-05
9.99188E-05 0.0520566 9.99188E-05 9.99188E-05 0.0458958 9.99188E-05 0.132072 9.99188E-05 0.478686 9.99188E-05 9.99188E-05 0.208196 0.0301184 9.99188E-05 0.0520759 9.99188E-05
9.99099E-05 9.99099E-05 0.191107 9.99099E-05 9.99099E-05 0.0690491 9.99099E-05 0.0694829 0.539006 9.99099E-05 9.99099E-05 0.0941821 9.99099E-05 0.0361738 9.99099E-05 9.99099E-05
0.202796 9.99009E-05 9.99009E-05 9.99009E-05 9.99009E-05 9.99009E-05 9.99009E-05 9.99009E-05 0.16808 9.99009E-05 9.99009E-05 0.0607617 0.516474 9.99009E-05 9.99009E-05 0.0507894
0.0370831 0.0405925 0.415783 9.99098E-05 9.99098E-05 9.99098E-05 9.99098E-05 0.00547403 0.343623 9.99098E-05 9.99098E-05 0.156445 9.99098E-05 9.99098E-05 9.99098E-05 9.99098E-05
9.99098E-05 9.99098E-05 9.99098E-05 9.99098E-05 0.0367249 9.99098E-05 0.039463 9.99098E-05 0.42406 9.99098E-05 9.99098E-05 0.290656 0.191102 9.99098E-05 9.99098E-05 0.0169957
9.99188E-05 9.99188E-05 0.117441 0.0160356 0.214644 9.99188E-05 0.0413436 0.00931546 0.343744 9.99188E-05 9.99188E-05 0.256577 9.99188E-05 9.99188E-05 9.99188E-05 9.99188E-05
9.99188E-05 9.99188E-05 9.99188E-05 9.99188E-05 0.106643 9.99188E-05 0.0539829 9.99188E-05 0.545218 9.99188E-05 9.99188E-05 0.0763492 0.10033 0.0159789 0.100599 9.99188E-05
9.99098E-05 0.0934639 9.99098E-05 9.99098E-05 0.341423 9.99098E-05 0.12038 9.99098E-05 0.0535469 9.99098E-05 9.99098E-05 0.250772 0.139415 9.99098E-05 9.99098E-05 9.99098E-05
9.99097E-05 9.99097E-05 9.99097E-05 0.0425279 9.99097E-05 0.150857 9.99097E-05 0.079129 0.276454 9.99097E-05 0.244962 0.205071 9.99097E-05 9.99097E-05 9.99097E-05 9.99097E-05
9.99097E-05 0.0342659 9.99097E-05 0.00655978 9.99097E-05 9.99097E-05 9.99097E-05 9.99097E-05 0.327187 0.464275 0.132089 0.0346246 9.99097E-05 9.99097E-05 9.99097E-05 9.99097E-05
0.0241043 0.0928018 9.99098E-05 9.99098E-05 9.99098E-05 9.99098E-05 0.161607 9.99098E-05 0.572544 9.99098E-05 9.99098E-05 9.99098E-05 9.99098E-05 9.99098E-05 0.0818845 0.0660594
9.99007E-05 0.0527224 9.99007E-05 9.99007E-05 9.99007E-05 9.99007E-05 0.074351 9.99007E-05 0.273357 9.99007E-05 9.99007E-05 0.484045 0.114426 9.99007E-05 9.99007E-05 9.99007E-05
0.0248863 9.99188E-05 0.0527225 9.99188E-05 9.99188E-05 9.99188E-05 9.99188E-05 9.99188E-05 0.643787 9.99188E-05 9.99188E-05 0.160928 9.99188E-05 0.0434166 0.0699341 0.00342562
9.98919E-05 9.98919E-05 9.98919E-05 9.98919E-05 9.98919E-05 9.98919E-05 9.98919E-05 9.98919E-05 0.670513 0.0242017 0.269708 0.0343785 9.98919E-05 9.98919E-05 9.98919E-05 9.98919E-05
0.0743204 9.9919E-05 0.0784907 9.9919E-05 0.299151 0.289676 9.9919E-05 0.10623 0.107889 9.9919E-05 9.9919E-05 9.9919E-05 9.9919E-05 0.0433438 9.9919E-05 9.9919E-05
0.360511 0.146868 9.99097E-05 0.0159592 9.99097E-05 0.0294967 9.99097E-05 9.99097E-05 9.99097E-05 9.99097E-05 9.99097E-05 0.0476312 9.99097E-05 9.99097E-05 0.398535 9.99097E-05
0.0620431 9.99098E-05 9.99098E-05 9.99098E-05 0.214858 0.072535 9.99098E-05 9.99098E-05 0.0269481 0.56459 0.0580265 9.99098E-05 9.99098E-05 9.99098E-05 9.99098E-05 9.99098E-05
0.11539 9.99009E-05 9.99009E-05 9.99009E-05 0.694422 9.99009E-05 0.0564141 9.99009E-05 0.0215536 9.99009E-05 9.99009E-05 9.99009E-05 0.111121 9.99009E-05 9.99009E-05 9.99009E-05
0.850598 9.98828E-05 9.98828E-05 9.98828E-05 9.98828E-05 9.98828E-05 9.98828E-05 9.98828E-05 9.98828E-05 9.98828E-05 9.98828E-05 9.98828E-05 0.145521 9.98828E-05 9.98828E-05 0.00258201
9.99008E-05 9.99008E-05 0.317155 9.99008E-05 0.189379 0.129632 9.99008E-05 9.99008E-05 9.99008E-05 0.0566126 0.306122 9.99008E-05 9.99008E-05 9.99008E-05 9.99008E-05 9.99008E-05
0.608658 9.99098E-05 0.164117 9.99098E-05 9.99098E-05 0.064299 9.99098E-05 9.99098E-05 9.99098E-05 9.99098E-05 0.0157434 9.99098E-05 9.99098E-05 0.0380221 0.108162 9.99098E-05
0.0860906 9.99009E-05 9.99009E-05 0.0307502 0.622715 9.99009E-05 9.99009E-05 0.10394 0.155405 9.99009E-05 9.99009E-05 9.99009E-05 9.99009E-05 9.99009E-05 9.99009E-05 9.99009E-05
0.296402 9.98919E-05 9.98919E-05 9.98919E-05 9.98919E-05 9.98919E-05 9.98919E-05 9.98919E-05 9.98919E-05 9.98919E-05 0.348687 9.98919E-05 9.98919E-05 0.0217343 0.331978 9.98919E-05
0.524443 0.320836 9.98919E-05 9.98919E-05 0.152348 9.98919E-05 9.98919E-05 9.98919E-05 9.98919E-05 9.98919E-05 0.00117463 9.98919E-05 9.98919E-05 9.98919E-05 9.98919E-05 9.98919E-05
0.0765874 9.99278E-05 0.225023 9.99278E-05 0.0642154 0.179647 9.99278E-05 0.0758896 0.100989 9.99278E-05 0.197945 9.99278E-05 9.99278E-05 9.99278E-05 0.078904 9.99278E-05
0.243328 9.99009E-05 9.99009E-05 0.0200059 9.99009E-05 9.99009E-05 9.99009E-05 9.99009E-05 9.99009E-05 0.406837 0.0398466 9.99009E-05 9.99009E-05 9.99009E-05 0.288883 9.99009E-05
0.84997 0.0878241 9.98829E-05 9.98829E-05 9.98829E-05 9.98829E-05 9.98829E-05 9.98829E-05 9.98829E-05 9.98829E-05 9.98829E-05 9.98829E-05 0.0609075 9.98829E-05 9.98829E-05 9.98829E-05
9.99099E-05 9.99099E-05 0.222637 9.99099E-05 0.133925 0.490097 9.99099E-05 9.99099E-05 0.00907587 0.0660948 0.0771712 9.99099E-05 9.99099E-05 9.99099E-05 9.99099E-05 9.99099E-05
0.229157 9.99098E-05 9.99098E-05 9.99098E-05 9.99098E-05 0.133011 9.99098E-05 0.0454303 9.99098E-05 0.00728203 0.349935 9.99098E-05 9.99098E-05 9.99098E-05 0.234185 9.99098E-05
9.99008E-05 0.0293137 0.0734306 9.99008E-05 0.225798 9.99008E-05 9.99008E-05 9.99008E-05 9.99008E-05 0.0366463 0.633713 9.99008E-05 9.99008E-05 9.99008E-05 9.99008E-05 9.99008E-05
0.77653 0.00685466 9.98919E-05 9.98919E-05 9.98919E-05 9.98919E-05 9.98919E-05 9.98919E-05 9.98919E-05 9.98919E-05 9.98919E-05 9.98919E-05 0.205061 9.98919E-05 0.0103565 9.98919E-05
0.265168 9.99098E-05 9.99098E-05 0.00792269 9.99098E-05 0.0423416 9.99098E-05 0.035844 9.99098E-05 0.0193292 0.628395 9.99098E-05 9.99098E-05 9.99098E-05 9.99098E-05 9.99098E-05
9.99009E-05 9.99009E-05 0.271939 9.99009E-05 0.192092 0.360091 9.99009E-05 0.0158887 0.158891 9.99009E-05 9.99009E-05 9.99009E-05 9.99009E-05 9.99009E-05 9.99009E-05 9.99009E-05
0.120166 9.99279E-05 0.013333 0.10549 0.704893 0.0068612 9.99279E-05 9.99279E-05 9.99279E-05 9.99279E-05 9.99279E-05 0.022819 9.99279E-05 0.0232565 0.00238215 9.99279E-05
9.99192E-05 9.99192E-05 9.99192E-05 9.99192E-05 0.260139 0.0626583 9.99192E-05 9.99192E-05 0.0578258 0.40457 9.99192E-05 0.00519039 0.111148 0.0975697 9.99192E-05 9.99192E-05
0.111907 9.99189E-05 9.99189E-05 0.00447645 0.284161 9.99189E-05 9.99189E-05 9.99189E-05 0.0535627 0.20998 0.271286 9.99189E-05 9.99189E-05 0.0637271 9.99189E-05 9.99189E-05
0.750268 9.98828E-05 9.98828E-05 9.98828E-05 0.1621 9.98828E-05 9.98828E-05 9.98828E-05 9.98828E-05 9.98828E-05 9.98828E-05 9.98828E-05 0.086334 9.98828E-05 9.98828E-05 9.98828E-05
9.99279E-05 0.0226179 0.0994468 9.99279E-05 0.179586 9.99279E-05 9.99279E-05 9.99279E-05 9.99279E-05 9.99279E-05 0.320961 0.131474 9.99279E-05 0.0110033 0.182317 0.0517944
0.370621 9.99007E-05 9.99007E-05 0.110093 0.234364 0.00360041 9.99007E-05 9.99007E-05 9.99007E-05 9.99007E-05 9.99007E-05 9.99007E-05 9.99007E-05 9.99007E-05 0.280223 9.99007E-05
0.108713 9.99099E-05 9.99099E-05 9.99099E-05 0.299233 9.99099E-05 0.245566 9.99099E-05 0.0894689 9.99099E-05 9.99099E-05 0.0395492 0.21647 9.99099E-05 9.99099E-05 9.99099E-05
9.99369E-05 9.99369E-05 0.0287684 9.99369E-05 9.99369E-05 9.99369E-05 0.013181 0.0396883 0.0231156 9.99369E-05 0.557719 0.153766 9.99369E-05 0.0108436 0.154737 0.0174819
9.99009E-05 9.99009E-05 9.99009E-05 9.99009E-05 9.99009E-05 9.99009E-05 9.99009E-05 0.00595621 0.501812 9.99009E-05 9.99009E-05 9.99009E-05 0.00605194 9.99009E-05 0.444534 0.0405471
0.109116 0.150906 9.9928E-05 9.9928E-05 9.9928E-05 0.0142605 0.00411158 0.0108253 9.9928E-05 9.9928E-05 0.0129315 9.9928E-05 0.648956 0.0480938 9.9928E-05 9.9928E-05
9.99188E-05 0.148988 9.99188E-05 9.99188E-05 0.221816 9.99188E-05 0.152859 9.99188E-05 0.100928 9.99188E-05 9.99188E-05 0.00330247 0.0571359 9.99188E-05 0.31407 9.99188E-05
9.99278E-05 0.0521168 0.0177053 9.99278E-05 0.284868 9.99278E-05 0.0539947 9.99278E-05 9.99278E-05 9.99278E-05 9.99278E-05 0.144792 0.291759 9.99278E-05 0.125081 0.0288842
0.105278 9.99369E-05 0.495807 9.99369E-05 0.0604479 9.99369E-05 9.99369E-05 0.00305226 0.0784398 0.0100072 9.99369E-05 9.99369E-05 0.102724 0.0876006 0.0559431 9.99369E-05
0.14648 0.0246258 9.99008E-05 9.99008E-05 0.319799 9.99008E-05 9.99008E-05 9.99008E-05 9.99008E-05 9.99008E-05 9.99008E-05 0.0342923 0.473704 9.99008E-05 9.99008E-05 9.99008E-05
9.99008E-05 9.99008E-05 0.124366 9.99008E-05 0.16082 0.0486713 9.99008E-05 9.99008E-05 9.99008E-05 0.113376 0.551668 9.99008E-05 9.99008E-05 9.99008E-05 9.99008E-05 9.99008E-05
0.0808421 9.99098E-05 9.99098E-05 9.99098E-05 0.389381 9.99098E-05 9.99098E-05 9.99098E-05 9.99098E-05 9.99098E-05 9.99098E-05 0.000561074 0.467319 0.00383188 0.0570658 9.99098E-05
0.0137589 9.99189E-05 9.99189E-05 9.99189E-05 9.99189E-05 9.99189E-05 9.99189E-05 9.99189E-05 0.00990504 0.405049 9.99189E-05 0.00428361 0.186731 0.0191742 0.360199 9.99189E-05
9.99098E-05 0.0332481 9.99098E-05 9.99098E-05 9.99098E-05 0.0366659 9.99098E-05 9.99098E-05 0.208755 0.293869 0.290249 9.99098E-05 9.99098E-05 9.99098E-05 0.136215 9.99098E-05
9.9928E-05 9.9928E-05 0.0182809 9.9928E-05 0.235522 9.9928E-05 0.104752 0.00517997 0.273917 0.000977209 9.9928E-05 9.9928E-05 9.9928E-05 9.9928E-05 0.298559 0.0620123
9.99188E-05 0.0412897 9.99188E-05 9.99188E-05 0.538738 0.0107002 9.99188E-05 0.0668835 0.240918 9.99188E-05 0.031584 9.99188E-05 9.99188E-05 9.99188E-05 0.0689874 9.99188E-05
9.99008E-05 9.99008E-05 9.99008E-05 9.99008E-05 0.224228 9.99008E-05 0.0984075 9.99008E-05 0.325454 9.99008E-05 9.99008E-05 9.99008E-05 0.0480369 9.99008E-05 0.302775 9.99008E-05
9.99009E-05 9.99009E-05 9.99009E-05 9.99009E-05 0.150364 9.99009E-05 9.99009E-05 9.99009E-05 0.14815 0.173695 0.36525 9.99009E-05 0.161443 9.99009E-05 9.99009E-05 9.99009E-05
0.0722203 0.115791 9.99099E-05 9.99099E-05 0.0739265 0.020416 9.99099E-05 9.99099E-05 0.084349 9.99099E-05 9.99099E-05 9.99099E-05 0.632298 9.99099E-05 9.99099E-05 9.99099E-05
0.157337 0.00266199 9.98918E-05 9.98918E-05 9.98918E-05 9.98918E-05 9.98918E-05 9.98918E-05 9.98918E-05 9.98918E-05 9.98918E-05 9.98918E-05 0.619521 9.98918E-05 0.219281 9.98918E-05
9.99099E-05 0.395406 9.99099E-05 9.99099E-05 0.221373 9.99099E-05 0.0397087 9.99099E-05 9.99099E-05 9.99099E-05 9.99099E-05 0.0474102 9.99099E-05 9.99099E-05 0.289308 0.00579531
0.0441568 0.025677 9.99189E-05 9.99189E-05 0.0291709 9.99189E-05 0.0564549 9.99189E-05 9.99189E-05 9.99189E-05 9.99189E-05 9.99189E-05 0.532273 9.99189E-05 0.237903 0.0734652
9.9892E-05 9.9892E-05 0.0172273 9.9892E-05 9.9892E-05 0.0805216 9.9892E-05 9.9892E-05 9.9892E-05 9.9892E-05 0.00728148 9.9892E-05 0.893771 9.9892E-05 9.9892E-05 9.9892E-05
0.0107348 0.428996 9.99098E-05 0.00783786 9.99098E-05 9.99098E-05 9.99098E-05 9.99098E-05 9.99098E-05 9.99098E-05 9.99098E-05 0.0746186 9.99098E-05 9.99098E-05 0.388384 0.0884297
0.120827 0.0937839 0.0542298 0.0258181 0.577481 9.99098E-05 9.99098E-05 9.99098E-05 9.99098E-05 9.99098E-05 9.99098E-05 9.99098E-05 0.126861 9.99098E-05 9.99098E-05 9.99098E-05
0.0150438 9.9937E-05 9.9937E-05 0.0319057 9.9937E-05 0.775583 0.0612567 9.9937E-05 9.9937E-05 0.043812 9.9937E-05 0.0322942 0.00424743 0.00267544 0.0324826 9.9937E-05
9.99188E-05 0.0920816 9.99188E-05 9.99188E-05 0.0528466 0.633659 0.0102208 9.99188E-05 9.99188E-05 0.00709107 0.184968 9.99188E-05 9.99188E-05 0.0182344 9.99188E-05 9.99188E-05
9.99278E-05 0.247421 0.00296871 0.0710243 0.370128 0.109976 9.99278E-05 9.99278E-05 9.99278E-05 9.99278E-05 0.00839521 0.160628 9.99278E-05 9.99278E-05 0.0286586 9.99278E-05
9.99007E-05 0.0784858 0.209345 9.99007E-05 0.0374858 0.437212 9.99007E-05 9.99007E-05 9.99007E-05 9.99007E-05 0.236372 9.99007E-05 9.99007E-05 9.99007E-05 9.99007E-05 9.99007E-05
9.99099E-05 0.0908704 0.0100267 9.99099E-05 9.99099E-05 0.851594 9.99099E-05 9.99099E-05 0.0245703 9.99099E-05 0.0192707 9.99099E-05 0.00266916 9.99099E-05 9.99099E-05 9.99099E-05
9.99098E-05 0.119443 9.99098E-05 9.99098E-05 9.99098E-05 0.333949 9.99098E-05 9.99098E-05 0.0226553 0.404836 0.0685662 9.99098E-05 9.99098E-05 0.049552 9.99098E-05 9.99098E-05
9.99189E-05 0.0659578 9.99189E-05 9.99189E-05 0.00723787 0.529637 0.00594004 9.99189E-05 9.99189E-05 0.111919 0.248166 0.0302435 9.99189E-05 9.99189E-05 9.99189E-05 9.99189E-05
9.99279E-05 0.54963 9.99279E-05 0.0264794 0.194621 0.151237 0.00496169 9.99279E-05 9.99279E-05 9.99279E-05 9.99279E-05 0.0685961 0.00126686 9.99279E-05 0.00240828 9.99279E-05
0.330022 0.409258 9.9901E-05 9.9901E-05 0.0425275 9.9901E-05 9.9901E-05 9.9901E-05 9.9901E-05 9.9901E-05 0.011683 9.9901E-05 0.205411 9.9901E-05 9.9901E-05 9.9901E-05
9.99098E-05 9.99098E-05 9.99098E-05 0.0957065 0.280793 0.349061 9.99098E-05 0.0491953 0.0354366 9.99098E-05 9.99098E-05 0.188809 9.99098E-05 9.99098E-05 9.99098E-05 9.99098E-05
9.99009E-05 0.740144 9.99009E-05 0.0112652 9.99009E-05 0.0596454 9.99009E-05 9.99009E-05 9.99009E-05 9.99009E-05 0.00999791 0.177849 9.99009E-05 9.99009E-05 9.99009E-05 9.99009E-05
9.991E-05 0.223019 9.991E-05 0.152489 0.297877 9.991E-05 0.09103 9.991E-05 9.991E-05 9.991E-05 9.991E-05 0.231205 9.991E-05 9.991E-05 0.00338095 9.991E-05
9.99188E-05 0.0121136 0.032545 0.11229 0.40621 0.197564 9.99188E-05 9.99188E-05 9.99188E-05 9.99188E-05 9.99188E-05 0.219089 0.0192885 9.99188E-05 9.99188E-05 9.99188E-05
0.151922 0.360214 9.99099E-05 9.99099E-05 0.292759 9.99099E-05 9.99099E-05 9.99099E-05 9.99099E-05 9.99099E-05 9.99099E-05 0.162915 0.0285727 9.99099E-05 0.00261729 9.99099E-05
9.99099E-05 0.238101 9.99099E-05 9.99099E-05 0.163043 0.168628 9.99099E-05 9.99099E-05 9.99099E-05 9.99099E-05 9.99099E-05 0.323004 0.0892451 9.99099E-05 9.99099E-05 0.0169803
9.99279E-05 9.99279E-05 9.99279E-05 0.0158907 0.091225 0.170574 9.99279E-05 9.99279E-05 9.99279E-05 9.99279E-05 0.187573 0.049631 9.99279E-05 0.0666114 0.355503 0.0621927
9.99369E-05 0.36138 0.115133 0.0552333 0.332911 0.0624176 9.99369E-05 0.0532167 9.99369E-05 9.99369E-05 9.99369E-05 0.000502698 9.99369E-05 0.0097828 0.00872384 9.99369E-05
9.99098E-05 0.273221 9.99098E-05 9.99098E-05 0.189331 0.251238 0.0243485 9.99098E-05 0.0876101 9.99098E-05 9.99098E-05 0.173252 9.99098E-05 9.99098E-05 9.99098E-05 9.99098E-05
9.99099E-05 9.99099E-05 0.470582 9.99099E-05 0.065943 0.362729 9.99099E-05 9.99099E-05 9.99099E-05 0.000464951 0.0423117 0.0569701 9.99099E-05 9.99099E-05 9.99099E-05 9.99099E-05
9.9928E-05 9.9928E-05 0.0447678 0.038223 0.336141 0.389166 0.0141679 9.9928E-05 9.9928E-05 0.018858 9.9928E-05 0.146858 9.9928E-05 9.9928E-05 9.9928E-05 0.0110184
9.9937E-05 0.688359 0.0402828 9.9937E-05 0.0880942 0.0295664 9.9937E-05 0.00573164 9.9937E-05 0.0463482 9.9937E-05 0.0230716 0.0708803 9.9937E-05 9.9937E-05 0.00696594
9.99099E-05 0.217467 9.99099E-05 0.00838559 0.511395 9.99099E-05 9.99099E-05 9.99099E-05 9.99099E-05 9.99099E-05 0.0232836 0.228793 9.99099E-05 9.99099E-05 9.99099E-05 0.00967695
0.165116 0.490674 9.99009E-05 9.99009E-05 0.110081 9.99009E-05 9.99009E-05 9.99009E-05 9.99009E-05 9.99009E-05 9.99009E-05 9.99009E-05 0.165518 9.99009E-05 0.0675126 9.99009E-05
9.99009E-05 9.99009E-05 0.0301462 9.99009E-05 0.269758 0.525304 9.99009E-05 9.99009E-05 9.99009E-05 9.99009E-05 0.168246 0.00544711 9.99009E-05 9.99009E-05 9.99009E-05 9.99009E-05
9.9928E-05 9.9928E-05 0.0348812 0.109393 0.559033 0.18665 9.9928E-05 0.0132033 9.9928E-05 9.9928E-05 9.9928E-05 0.0212699 9.9928E-05 0.00258142 0.0721887 9.9928E-05
0.161745 0.549058 9.99188E-05 9.99188E-05 0.135403 9.99188E-05 9.99188E-05 9.99188E-05 9.99188E-05 9.99188E-05 9.99188E-05 0.0921442 0.0414257 9.99188E-05 0.0161927 0.00313265
9.99189E-05 9.99189E-05 9.99189E-05 9.99189E-05 9.99189E-05 0.379013 9.99189E-05 0.0641258 0.020007 0.0552793 0.092452 0.0423026 9.99189E-05 9.99189E-05 0.345921 9.99189E-05
9.99099E-05 9.99099E-05 0.442413 9.99099E-05 9.99099E-05 0.014203 9.99099E-05 0.00112089 9.99099E-05 9.99099E-05 9.99099E-05 0.0201134 9.99099E-05 0.0111053 0.510045 9.99099E-05
0.0555343 0.131644 9.99279E-05 0.0309114 0.26904 9.99279E-05 0.199045 9.99279E-05 9.99279E-05 9.99279E-05 9.99279E-05 9.99279E-05 0.267612 9.99279E-05 0.0225444 0.0228699
9.98917E-05 9.98917E-05 9.98917E-05 9.98917E-05 9.98917E-05 9.98917E-05 0.0867815 9.98917E-05 9.98917E-05 9.98917E-05 9.98917E-05 0.0278425 0.205146 9.98917E-05 0.679032 9.98917E-05
9.99099E-05 0.0643293 0.351918 0.0930231 9.99099E-05 0.238115 9.99099E-05 9.99099E-05 9.99099E-05 9.99099E-05 9.99099E-05 9.99099E-05 9.99099E-05 0.0515879 0.200028 9.99099E-05
9.99009E-05 9.99009E-05 9.99009E-05 0.0361283 9.99009E-05 0.314899 9.99009E-05 9.99009E-05 9.99009E-05 0.023284 0.233744 9.99009E-05 9.99009E-05 9.99009E-05 0.390847 9.99009E-05
9.99099E-05 9.99099E-05 0.0273201 0.0795235 9.99099E-05 0.259978 9.99099E-05 0.0481612 9.99099E-05 9.99099E-05 0.306127 9.99099E-05 9.99099E-05 9.99099E-05 0.277891 9.99099E-05
0.143799 0.00494124 9.9892E-05 9.9892E-05 9.9892E-05 9.9892E-05 9.9892E-05 9.9892E-05 9.9892E-05 9.9892E-05 9.9892E-05 9.9892E-05 0.610089 9.9892E-05 0.239972 9.9892E-05
0.0359215 0.210637 9.99189E-05 0.0198071 0.235835 9.99189E-05 0.0424948 9.99189E-05 9.99189E-05 9.99189E-05 9.99189E-05 0.0577163 9.99189E-05 9.99189E-05 0.396689 9.99189E-05
9.99278E-05 9.99278E-05 0.122905 0.010943 0.0770418 9.99278E-05 9.99278E-05 0.0258998 0.289823 9.99278E-05 0.0018122 0.136163 9.99278E-05 9.99278E-05 0.334612 9.99278E-05
0.0318395 9.99098E-05 0.139529 9.99098E-05 9.99098E-05 0.240368 9.99098E-05 9.99098E-05 9.99098E-05 9.99098E-05 0.248964 0.0586174 9.99098E-05 9.99098E-05 0.279683 9.99098E-05
0.044467 9.99189E-05 9.99189E-05 9.99189E-05 0.061733 9.99189E-05 0.056306 9.99189E-05 9.99189E-05 9.99189E-05 9.99189E-05 0.0455447 0.545789 9.99189E-05 0.216818 0.028443
0.0376918 0.076095 9.99369E-05 0.0190281 0.552725 0.0716065 0.0232217 9.99369E-05 9.99369E-05 9.99369E-05 9.99369E-05 9.99369E-05 0.00252455 0.0491789 0.167229 9.99369E-05
9.99098E-05 0.28467 9.99098E-05 0.0457361 0.279567 0.0209288 9.99098E-05 9.99098E-05 9.99098E-05 9.99098E-05 9.99098E-05 0.0328444 9.99098E-05 9.99098E-05 0.335255 9.99098E-05
9.99008E-05 9.99008E-05 0.00195458 9.99008E-05 0.149218 9.99008E-05 0.0463139 9.99008E-05 0.373029 9.99008E-05 9.99008E-05 9.99008E-05 9.99008E-05 9.99008E-05 0.428385 9.99008E-05
0.0429192 0.224386 9.99098E-05 9.99098E-05 0.454764 9.99098E-05 9.99098E-05 9.99098E-05 0.153323 9.99098E-05 9.99098E-05 0.0979479 9.99098E-05 9.99098E-05 9.99098E-05 0.0256608
9.99278E-05 0.01183 0.166833 9.99278E-05 0.318548 0.265247 9.99278E-05 0.0707653 0.0550152 9.99278E-05 9.99278E-05 0.0748366 9.99278E-05 9.99278E-05 0.0361255 9.99278E-05
9.99188E-05 9.99188E-05 0.107905 0.0198399 0.44405 0.0254832 9.99188E-05 0.0209533 0.0795183 9.99188E-05 9.99188E-05 9.99188E-05 9.99188E-05 9.99188E-05 0.301351 9.99188E-05
0.0692027 9.9928E-05 0.15062 9.9928E-05 9.9928E-05 0.237909 9.9928E-05 0.0107134 9.9928E-05 0.024288 0.277264 9.9928E-05 9.9928E-05 0.0502501 0.178953 9.9928E-05
0.081274 0.365449 9.99188E-05 9.99188E-05 0.00249614 9.99188E-05 0.0251256 9.99188E-05 9.99188E-05 9.99188E-05 9.99188E-05 0.0300303 9.99188E-05 9.99188E-05 0.378215 0.116511
9.99201E-05 0.0208765 0.0704842 0.0242001 9.99201E-05 0.431986 9.99201E-05 0.0115907 9.99201E-05 9.99201E-05 0.0785906 9.99201E-05 9.99201E-05 9.99201E-05 0.355999 0.00547394
9.99008E-05 9.99008E-05 9.99008E-05 9.99008E-05 9.99008E-05 0.143213 9.99008E-05 9.99008E-05 9.99008E-05 0.341689 0.170927 0.100669 9.99008E-05 9.99008E-05 0.242403 9.99008E-05
0.235997 0.591925 9.98918E-05 9.98918E-05 0.0729114 9.98918E-05 9.98918E-05 9.98918E-05 9.98918E-05 9.98918E-05 9.98918E-05 9.98918E-05 9.98918E-05 9.98918E-05 0.0979677 9.98918E-05
0.0772496 0.120333 0.179017 0.0495599 0.466725 0.0908767 9.99189E-05 9.99189E-05 9.99189E-05 9.99189E-05 9.99189E-05 0.0153388 9.99189E-05 9.99189E-05 9.99189E-05 9.99189E-05
9.99009E-05 0.312582 9.99009E-05 9.99009E-05 0.255631 9.99009E-05 9.99009E-05 9.99009E-05 9.99009E-05 9.99009E-05 9.99009E-05 0.194144 9.99009E-05 9.99009E-05 0.20232 0.034225
9.9937E-05 9.9937E-05 0.0550997 0.0316567 9.9937E-05 0.738585 0.0226106 0.00251274 9.9937E-05 0.0308211 9.9937E-05 0.0230086 9.9937E-05 0.0231519 0.0718538 9.9937E-05
0.0137689 9.9928E-05 0.00986401 0.0412858 9.9928E-05 0.216142 9.9928E-05 9.9928E-05 9.9928E-05 0.364474 9.9928E-05 0.121124 9.9928E-05 0.0685389 9.9928E-05 0.164003
9.99189E-05 9.99189E-05 0.0122321 9.99189E-05 0.135084 0.481008 9.99189E-05 0.115605 9.99189E-05 9.99189E-05 0.0297253 0.156603 9.99189E-05 9.99189E-05 0.068843 9.99189E-05
0.0169822 0.717508 9.98828E-05 9.98828E-05 9.98828E-05 9.98828E-05 9.98828E-05 9.98828E-05 9.98828E-05 9.98828E-05 9.98828E-05 9.98828E-05 9.98828E-05 9.98828E-05 0.264211 9.98828E-05
0.0500203 9.99189E-05 9.99189E-05 0.0629837 0.210572 0.527027 9.99189E-05 0.041651 9.99189E-05 9.99189E-05 0.0336435 0.0732036 9.99189E-05 9.99189E-05 9.99189E-05 9.99189E-05
0.0120587 9.99189E-05 9.99189E-05 9.99189E-05 9.99189E-05 0.60716 9.99189E-05 0.0390211 0.00895419 9.99189E-05 9.99189E-05 0.240492 9.99189E-05 0.0249108 0.0665036 9.99189E-05
9.9901E-05 9.9901E-05 0.1809 9.9901E-05 9.9901E-05 0.577127 9.9901E-05 0.0194356 9.9901E-05 9.9901E-05 9.9901E-05 0.202425 9.9901E-05 9.9901E-05 0.0190142 9.9901E-05
0.0393757 0.684437 9.99009E-05 9.99009E-05 0.0815675 9.99009E-05 9.99009E-05 9.99009E-05 0.108547 9.99009E-05 9.99009E-05 0.0849744 9.99009E-05 9.99009E-05 9.99009E-05 9.99009E-05
9.99369E-05 0.128099 0.0045246 0.014361 0.349814 0.164632 9.99369E-05 9.99369E-05 9.99369E-05 9.99369E-05 9.99369E-05 0.21528 9.99369E-05 0.00714147 0.11053 0.00491873
0.0389197 0.061597 0.348564 0.0176509 0.0416826 0.385097 9.9937E-05 9.9937E-05 9.9937E-05 0.0369947 0.0185629 9.9937E-05 9.9937E-05 0.0502318 9.9937E-05 9.9937E-05
0.179072 0.0693676 9.9937E-05 9.9937E-05 0.0810498 0.0176029 9.9937E-05 9.9937E-05 9.9937E-05 0.0739279 9.9937E-05 0.436161 0.0236757 9.9937E-05 0.0560789 0.0623648
