0.0434421 9.9901E-05 9.9901E-05 9.9901E-05 9.9901E-05 9.9901E-05 0.441151 0.01477 9.9901E-05 0.232825 9.9901E-05 9.9901E-05 9.9901E-05 9.9901E-05 9.9901E-05 0.266712
0.0106367 9.99279E-05 9.99279E-05 9.99279E-05 9.99279E-05 0.0753261 0.353222 9.99279E-05 9.99279E-05 0.336404 0.153007 0.0175541 9.99279E-05 9.99279E-05 0.0205444 0.0325068
9.99279E-05 0.0364475 9.99279E-05 9.99279E-05 9.99279E-05 9.99279E-05 9.99279E-05 0.00916905 0.0660163 0.508272 0.0358072 9.99279E-05 0.00449087 0.282497 0.0565012 9.99279E-05
9.99099E-05 0.00158253 9.99099E-05 0.223898 9.99099E-05 9.99099E-05 0.522687 0.0110742 9.99099E-05 0.00698613 9.99099E-05 9.99099E-05 9.99099E-05 9.99099E-05 9.99099E-05 0.232773
9.99189E-05 0.12937 9.99189E-05 0.232795 9.99189E-05 9.99189E-05 0.267038 9.99189E-05 0.00665988 9.99189E-05 0.161429 9.99189E-05 9.99189E-05 9.99189E-05 0.0887579 0.113052
0.0205812 9.99278E-05 9.99278E-05 9.99278E-05 9.99278E-05 9.99278E-05 9.99278E-05 9.99278E-05 0.0990021 0.239578 0.00772068 0.00321399 0.246468 0.0700813 9.99278E-05 0.312555
9.99008E-05 9.99008E-05 0.0442142 9.99008E-05 9.99008E-05 9.99008E-05 0.0688513 9.99008E-05 9.99008E-05 0.597196 9.99008E-05 0.00351465 9.99008E-05 0.285125 9.99008E-05 9.99008E-05
0.113081 9.9928E-05 9.9928E-05 9.9928E-05 9.9928E-05 9.9928E-05 9.9928E-05 9.9928E-05 0.0447951 0.312054 0.132625 0.00303791 0.166117 0.132778 9.9928E-05 0.0947112
0.0168299 0.0382754 9.99099E-05 0.163381 9.99099E-05 9.99099E-05 0.21145 9.99099E-05 9.99099E-05 0.295012 9.99099E-05 9.99099E-05 0.274053 9.99099E-05 9.99099E-05 9.99099E-05
9.99098E-05 9.99098E-05 0.158189 9.99098E-05 9.99098E-05 9.99098E-05 9.99098E-05 0.0663832 0.362607 0.081703 9.99098E-05 9.99098E-05 9.99098E-05 0.276481 9.99098E-05 0.0536381
9.99188E-05 9.99188E-05 9.99188E-05 0.119357 9.99188E-05 0.311306 0.0993579 9.99188E-05 9.99188E-05 0.156317 0.102027 9.99188E-05 0.169714 9.99188E-05 0.0410215 9.99188E-05
9.99099E-05 9.99099E-05 9.99099E-05 9.99099E-05 0.102644 0.0533776 0.409545 9.99099E-05 0.0842048 0.0476028 9.99099E-05 9.99099E-05 0.301627 9.99099E-05 9.99099E-05 9.99099E-05
0.0106388 0.0144288 9.99279E-05 0.532339 9.99279E-05 9.99279E-05 9.99279E-05 9.99279E-05 9.99279E-05 0.076967 9.99279E-05 0.00650833 9.99279E-05 0.15496 0.166866 0.0364928
0.015564 9.9919E-05 9.9919E-05 9.9919E-05 9.9919E-05 9.9919E-05 0.00316155 0.00859042 0.16926 0.681473 9.9919E-05 9.9919E-05 0.05798 0.0630716 9.9919E-05 9.9919E-05
9.99009E-05 9.99009E-05 9.99009E-05 9.99009E-05 9.99009E-05 0.36202 0.327681 9.99009E-05 9.99009E-05 0.00164709 0.0713642 9.99009E-05 0.236189 9.99009E-05 9.99009E-05 9.99009E-05
9.99278E-05 0.00874843 0.258177 9.99278E-05 9.99278E-05 9.99278E-05 9.99278E-05 0.00639797 9.99278E-05 0.21051 9.99278E-05 0.0253587 0.0572902 0.332522 9.99278E-05 0.100196
9.99099E-05 9.99099E-05 0.0126436 0.0324437 9.99099E-05 9.99099E-05 0.0559874 9.99099E-05 9.99099E-05 0.715722 9.99099E-05 9.99099E-05 9.99099E-05 0.171606 9.99099E-05 0.0105986
9.99189E-05 9.99189E-05 9.99189E-05 9.99189E-05 9.99189E-05 0.00954453 9.99189E-05 9.99189E-05 9.99189E-05 0.581674 0.0596495 9.99189E-05 0.0554684 0.248171 0.0354564 0.00913679
9.991E-05 9.991E-05 9.991E-05 0.132064 0.094274 9.991E-05 0.321537 9.991E-05 9.991E-05 0.225046 9.991E-05 9.991E-05 0.136768 9.991E-05 0.0893118 9.991E-05
0.00252385 0.0717535 9.99009E-05 9.99009E-05 9.99009E-05 0.138162 9.99009E-05 0.728406 9.99009E-05 9.99009E-05 9.99009E-05 9.99009E-05 9.99009E-05 9.99009E-05 9.99009E-05 0.0580564
9.9883E-05 9.9883E-05 9.9883E-05 0.172657 9.9883E-05 9.9883E-05 9.9883E-05 0.807008 9.9883E-05 9.9883E-05 9.9883E-05 9.9883E-05 9.9883E-05 9.9883E-05 9.9883E-05 0.0190364
9.98737E-05 9.98737E-05 9.98737E-05 9.98737E-05 9.98737E-05 9.98737E-05 9.98737E-05 0.802823 9.98737E-05 9.98737E-05 9.98737E-05 9.98737E-05 9.98737E-05 9.98737E-05 9.98737E-05 0.195778
9.98919E-05 0.0305737 9.98919E-05 0.141236 0.209565 9.98919E-05 9.98919E-05 0.617426 9.98919E-05 9.98919E-05 9.98919E-05 9.98919E-05 9.98919E-05 9.98919E-05 9.98919E-05 9.98919E-05
0.0205174 9.99099E-05 9.99099E-05 0.0394187 9.99099E-05 0.0440615 0.0632861 0.704891 9.99099E-05 9.99099E-05 9.99099E-05 9.99099E-05 0.126826 9.99099E-05 9.99099E-05 9.99099E-05
0.025313 9.99098E-05 9.99098E-05 9.99098E-05 9.99098E-05 9.99098E-05 9.99098E-05 0.450425 0.0179792 0.243665 9.99098E-05 0.222207 9.99098E-05 0.0394115 9.99098E-05 9.99098E-05
0.332269 0.0684738 9.99098E-05 9.99098E-05 9.99098E-05 0.0640378 0.122105 0.293288 9.99098E-05 9.99098E-05 9.99098E-05 9.99098E-05 0.118828 9.99098E-05 9.99098E-05 9.99098E-05
9.99009E-05 0.0411005 0.364027 9.99009E-05 9.99009E-05 9.99009E-05 9.99009E-05 0.236967 9.99009E-05 9.99009E-05 9.99009E-05 0.21644 9.99009E-05 0.140366 9.99009E-05 9.99009E-05
0.237198 0.12558 0.0186939 9.9928E-05 0.112852 0.0971714 9.9928E-05 0.222208 9.9928E-05 9.9928E-05 0.0652532 9.9928E-05 9.9928E-05 9.9928E-05 9.9928E-05 0.120244
9.99008E-05 9.99008E-05 0.000467723 9.99008E-05 9.99008E-05 9.99008E-05 9.99008E-05 0.789797 9.99008E-05 0.0159312 9.99008E-05 0.0326425 9.99008E-05 9.99008E-05 9.99008E-05 0.160063
9.98829E-05 9.98829E-05 9.98829E-05 0.139088 9.98829E-05 9.98829E-05 9.98829E-05 0.842659 9.98829E-05 9.98829E-05 9.98829E-05 9.98829E-05 0.0169543 9.98829E-05 9.98829E-05 9.98829E-05
9.99191E-05 9.99191E-05 0.106642 9.99191E-05 0.10681 9.99191E-05 9.99191E-05 0.54674 9.99191E-05 0.0141566 9.99191E-05 0.0841877 0.044208 0.0963563 9.99191E-05 9.99191E-05
0.412743 0.000116414 0.0553787 9.99188E-05 9.99188E-05 9.99188E-05 9.99188E-05 0.108188 9.99188E-05 9.99188E-05 9.99188E-05 0.232916 9.99188E-05 9.99188E-05 0.0674526 0.122306
9.98917E-05 9.98917E-05 0.140975 9.98917E-05 9.98917E-05 9.98917E-05 9.98917E-05 0.580021 9.98917E-05 9.98917E-05 9.98917E-05 0.0868899 9.98917E-05 0.190915 9.98917E-05 9.98917E-05
0.0138783 9.99008E-05 9.99008E-05 9.99008E-05 9.99008E-05 9.99008E-05 9.99008E-05 0.620507 9.99008E-05 0.206465 9.99008E-05 0.097163 9.99008E-05 0.0608878 9.99008E-05 9.99008E-05
9.98828E-05 9.98828E-05 9.98828E-05 0.11056 9.98828E-05 9.98828E-05 9.98828E-05 0.800044 9.98828E-05 9.98828E-05 9.98828E-05 9.98828E-05 0.088098 9.98828E-05 9.98828E-05 9.98828E-05
9.99009E-05 0.051432 9.99009E-05 0.00466918 9.99009E-05 0.138472 0.0678973 0.736431 9.99009E-05 9.99009E-05 9.99009E-05 9.99009E-05 9.99009E-05 9.99009E-05 9.99009E-05 9.99009E-05
9.98739E-05 9.98739E-05 9.98739E-05 9.98739E-05 9.98739E-05 0.32384 9.98739E-05 0.674761 9.98739E-05 9.98739E-05 9.98739E-05 9.98739E-05 9.98739E-05 9.98739E-05 9.98739E-05 9.98739E-05
9.99009E-05 0.0326434 9.99009E-05 0.0280641 0.177503 9.99009E-05 0.0901799 0.670511 9.99009E-05 9.99009E-05 9.99009E-05 9.99009E-05 9.99009E-05 9.99009E-05 9.99009E-05 9.99009E-05
9.98827E-05 0.456416 9.98827E-05 9.98827E-05 9.98827E-05 9.98827E-05 9.98827E-05 9.98827E-05 9.98827E-05 9.98827E-05 9.98827E-05 0.377404 9.98827E-05 9.98827E-05 9.98827E-05 0.164881
9.9928E-05 0.0342902 0.0827281 9.9928E-05 0.00367848 9.9928E-05 0.0122773 9.9928E-05 9.9928E-05 9.9928E-05 0.00395104 0.783916 9.9928E-05 9.9928E-05 0.054906 0.0234534
0.0158168 9.99099E-05 0.0920195 9.99099E-05 9.99099E-05 9.99099E-05 9.99099E-05 0.0384157 0.100315 9.99099E-05 9.99099E-05 0.601671 9.99099E-05 0.150763 9.99099E-05 9.99099E-05
0.0527918 0.270422 0.0625615 0.0521464 0.279264 9.99189E-05 9.99189E-05 9.99189E-05 9.99189E-05 9.99189E-05 9.99189E-05 0.246222 9.99189E-05 9.99189E-05 9.99189E-05 0.0356927
9.98917E-05 0.138699 9.98917E-05 9.98917E-05 9.98917E-05 9.98917E-05 9.98917E-05 0.232095 9.98917E-05 9.98917E-05 9.98917E-05 0.4483 9.98917E-05 9.98917E-05 9.98917E-05 0.179707
9.99099E-05 9.99099E-05 9.99099E-05 9.99099E-05 9.99099E-05 0.123071 9.99099E-05 0.0443249 0.106914 9.99099E-05 0.00632884 0.683442 9.99099E-05 9.99099E-05 0.0349203 9.99099E-05
0.530777 0.0906681 9.98919E-05 9.98919E-05 0.16336 9.98919E-05 0.213996 9.98919E-05 9.98919E-05 9.98919E-05 9.98919E-05 9.98919E-05 9.98919E-05 9.98919E-05 9.98919E-05 9.98919E-05
9.99009E-05 0.546862 9.99009E-05 9.99009E-05 9.99009E-05 9.99009E-05 0.0641221 9.99009E-05 9.99009E-05 9.99009E-05 0.129237 0.131812 0.126869 9.99009E-05 9.99009E-05 9.99009E-05
9.99098E-05 9.99098E-05 0.0138949 9.99098E-05 9.99098E-05 9.99098E-05 9.99098E-05 0.151562 0.0263995 0.103313 9.99098E-05 0.62248 9.99098E-05 0.0813515 9.99098E-05 9.99098E-05
9.98917E-05 0.332665 9.98917E-05 9.98917E-05 9.98917E-05 9.98917E-05 9.98917E-05 9.98917E-05 9.98917E-05 9.98917E-05 9.98917E-05 0.477599 0.0296645 9.98917E-05 9.98917E-05 0.158873
9.9892E-05 9.9892E-05 0.546201 9.9892E-05 9.9892E-05 9.9892E-05 0.0103372 9.9892E-05 9.9892E-05 9.9892E-05 9.9892E-05 0.434059 9.9892E-05 0.00820432 9.9892E-05 9.9892E-05
0.0106674 0.412178 9.9892E-05 9.9892E-05 9.9892E-05 9.9892E-05 9.9892E-05 9.9892E-05 9.9892E-05 9.9892E-05 0.237186 0.33877 9.9892E-05 9.9892E-05 9.9892E-05 9.9892E-05
9.99009E-05 0.142825 0.126137 9.99009E-05 0.020024 9.99009E-05 9.99009E-05 9.99009E-05 9.99009E-05 9.99009E-05 9.99009E-05 0.677597 9.99009E-05 9.99009E-05 9.99009E-05 0.0323182
9.991E-05 0.181331 9.991E-05 0.333045 0.0205646 9.991E-05 9.991E-05 0.0529781 9.991E-05 9.991E-05 9.991E-05 0.410625 9.991E-05 9.991E-05 9.991E-05 0.000456569
0.169384 0.302464 9.99278E-05 9.99278E-05 9.99278E-05 0.192931 0.0126397 0.0860411 0.0163094 9.99278E-05 9.99278E-05 0.062303 0.157128 9.99278E-05 9.99278E-05 9.99278E-05
0.0231165 0.20147 9.99008E-05 9.99008E-05 9.99008E-05 0.11563 9.99008E-05 9.99008E-05 9.99008E-05 9.99008E-05 9.99008E-05 0.247846 0.410838 9.99008E-05 9.99008E-05 9.99008E-05
0.0816554 0.193472 9.9928E-05 9.9928E-05 0.436871 0.0143482 0.0375194 0.0291462 9.9928E-05 9.9928E-05 0.0434313 0.162757 9.9928E-05 9.9928E-05 9.9928E-05 9.9928E-05
0.228174 9.98919E-05 9.98919E-05 9.98919E-05 0.391776 9.98919E-05 0.0593775 0.319474 9.98919E-05 9.98919E-05 9.98919E-05 9.98919E-05 9.98919E-05 9.98919E-05 9.98919E-05 9.98919E-05
0.0171608 0.250431 9.99007E-05 9.99007E-05 9.99007E-05 9.99007E-05 9.99007E-05 9.99007E-05 9.99007E-05 0.0345289 9.99007E-05 0.54892 9.99007E-05 9.99007E-05 9.99007E-05 0.147861
0.231464 0.200478 0.0871825 0.218909 9.99009E-05 9.99009E-05 9.99009E-05 9.99009E-05 9.99009E-05 9.99009E-05 9.99009E-05 0.260867 9.99009E-05 9.99009E-05 9.99009E-05 9.99009E-05
0.0456255 9.99008E-05 0.0343172 9.99008E-05 9.99008E-05 9.99008E-05 9.99008E-05 9.99008E-05 9.99008E-05 9.99008E-05 9.99008E-05 0.801415 9.99008E-05 9.99008E-05 0.0174627 0.10008
9.98829E-05 0.739936 9.98829E-05 9.98829E-05 9.98829E-05 9.98829E-05 9.98829E-05 9.98829E-05 9.98829E-05 9.98829E-05 9.98829E-05 0.153649 9.98829E-05 9.98829E-05 9.98829E-05 0.105116
0.108441 0.545924 9.99188E-05 9.99188E-05 9.99188E-05 9.99188E-05 9.99188E-05 0.0217056 9.99188E-05 0.0262765 9.99188E-05 0.144507 0.0505143 9.99188E-05 9.99188E-05 0.101732
0.0335801 0.353686 9.99188E-05 9.99188E-05 9.99188E-05 0.0193598 0.0418976 9.99188E-05 9.99188E-05 9.99188E-05 0.111977 0.324635 0.113966 9.99188E-05 9.99188E-05 9.99188E-05
0.340351 0.104227 0.101785 9.99099E-05 9.99099E-05 9.99099E-05 9.99099E-05 9.99099E-05 9.99099E-05 0.0537771 9.99099E-05 0.238912 9.99099E-05 9.99099E-05 0.159949 9.99099E-05
9.98919E-05 0.633533 9.98919E-05 9.98919E-05 0.30121 9.98919E-05 9.98919E-05 0.0472674 9.98919E-05 9.98919E-05 9.98919E-05 9.98919E-05 9.98919E-05 0.0167904 9.98919E-05 9.98919E-05
0.0683412 0.273111 9.99098E-05 9.99098E-05 9.99098E-05 9.99098E-05 9.99098E-05 9.99098E-05 0.0104393 0.0679415 9.99098E-05 0.184524 9.99098E-05 0.394644 9.99098E-05 9.99098E-05
0.351183 0.184621 9.99278E-05 0.0661635 9.99278E-05 0.0872038 9.99278E-05 0.0769755 9.99278E-05 0.0717216 9.99278E-05 0.00361323 0.157719 9.99278E-05 9.99278E-05 9.99278E-05
9.9883E-05 0.888543 9.9883E-05 9.9883E-05 0.00938639 9.9883E-05 9.9883E-05 9.9883E-05 9.9883E-05 9.9883E-05 0.100772 9.9883E-05 9.9883E-05 9.9883E-05 9.9883E-05 9.9883E-05
9.9901E-05 0.777388 0.014485 9.9901E-05 9.9901E-05 0.149937 9.9901E-05 9.9901E-05 9.9901E-05 9.9901E-05 0.0070976 9.9901E-05 9.9901E-05 0.0499934 9.9901E-05 9.9901E-05
0.76607 0.0606706 9.99368E-05 9.99368E-05 9.99368E-05 9.99368E-05 0.0405169 0.00260859 9.99368E-05 0.0521074 9.99368E-05 9.99368E-05 0.0248045 0.0261096 0.0101427 0.0162702
0.470272 0.00837672 9.99008E-05 9.99008E-05 9.99008E-05 9.99008E-05 9.99008E-05 0.163981 9.99008E-05 9.99008E-05 9.99008E-05 0.0956096 9.99008E-05 9.99008E-05 9.99008E-05 0.260662
0.390212 9.98978E-05 0.37378 9.98978E-05 9.98978E-05 9.98978E-05 9.98978E-05 0.0765533 9.98978E-05 9.98978E-05 9.98978E-05 0.158256 9.98978E-05 9.98978E-05 9.98978E-05 9.98978E-05
9.98828E-05 0.234391 9.98828E-05 9.98828E-05 9.98828E-05 9.98828E-05 9.98828E-05 9.98828E-05 9.98828E-05 9.98828E-05 9.98828E-05 0.300902 9.98828E-05 0.463409 9.98828E-05 9.98828E-05
9.99009E-05 0.00631084 9.99009E-05 9.99009E-05 0.224352 9.99009E-05 0.0146518 0.643949 9.99009E-05 9.99009E-05 0.109637 9.99009E-05 9.99009E-05 9.99009E-05 9.99009E-05 9.99009E-05
9.99097E-05 0.385947 0.0656992 9.99097E-05 9.99097E-05 9.99097E-05 9.99097E-05 9.99097E-05 9.99097E-05 0.0926164 9.99097E-05 0.317895 9.99097E-05 0.127818 0.00902592 9.99097E-05
0.346823 0.592803 9.98918E-05 9.98918E-05 9.98918E-05 9.98918E-05 9.98918E-05 9.98918E-05 9.98918E-05 9.98918E-05 9.98918E-05 9.98918E-05 9.98918E-05 9.98918E-05 0.00192985 0.0572452
0.499505 0.0234362 9.99189E-05 0.0702305 9.99189E-05 0.00254739 0.166387 0.0846538 9.99189E-05 9.99189E-05 9.99189E-05 9.99189E-05 0.152341 9.99189E-05 9.99189E-05 9.99189E-05
9.98917E-05 9.98917E-05 0.05863 9.98917E-05 9.98917E-05 9.98917E-05 9.98917E-05 0.699367 9.98917E-05 9.98917E-05 9.98917E-05 0.0906561 9.98917E-05 0.150148 9.98917E-05 9.98917E-05
0.0147588 9.9901E-05 0.196224 9.9901E-05 9.9901E-05 9.9901E-05 9.9901E-05 0.195584 9.9901E-05 9.9901E-05 9.9901E-05 0.224366 9.9901E-05 0.367969 9.9901E-05 9.9901E-05
9.98917E-05 9.98917E-05 9.98917E-05 9.98917E-05 9.98917E-05 9.98917E-05 9.98917E-05 0.668911 9.98917E-05 0.128884 9.98917E-05 0.170335 9.98917E-05 0.0306712 9.98917E-05 9.98917E-05
0.372295 0.0102917 0.00305044 9.99098E-05 9.99098E-05 9.99098E-05 9.99098E-05 0.236106 9.99098E-05 9.99098E-05 9.99098E-05 0.0976431 9.99098E-05 9.99098E-05 9.99098E-05 0.279615
0.0554546 0.0720532 0.511401 9.99009E-05 9.99009E-05 9.99009E-05 9.99009E-05 0.154584 9.99009E-05 9.99009E-05 9.99009E-05 0.205408 9.99009E-05 9.99009E-05 9.99009E-05 9.99009E-05
9.99099E-05 0.368756 9.99099E-05 0.205798 0.0310002 9.99099E-05 9.99099E-05 0.206243 9.99099E-05 9.99099E-05 9.99099E-05 0.121363 0.0658411 9.99099E-05 9.99099E-05 9.99099E-05
9.98828E-05 0.398319 9.98828E-05 0.229372 9.98828E-05 9.98828E-05 9.98828E-05 9.98828E-05 9.98828E-05 9.98828E-05 9.98828E-05 0.37101 9.98828E-05 9.98828E-05 9.98828E-05 9.98828E-05
0.0774948 0.0788228 9.9901E-05 0.420274 9.9901E-05 9.9901E-05 9.9901E-05 0.0621063 9.9901E-05 9.9901E-05 9.9901E-05 0.360203 9.9901E-05 9.9901E-05 9.9901E-05 9.9901E-05
9.99098E-05 0.265149 0.0542388 9.99098E-05 9.99098E-05 9.99098E-05 9.99098E-05 9.99098E-05 0.0349821 0.00617807 9.99098E-05 0.485309 9.99098E-05 0.153144 9.99098E-05 9.99098E-05
9.98918E-05 0.588317 9.98918E-05 9.98918E-05 9.98918E-05 9.98918E-05 9.98918E-05 0.0673591 9.98918E-05 9.98918E-05 9.98918E-05 0.0919117 9.98918E-05 9.98918E-05 9.98918E-05 0.251213
0.101187 0.804457 9.98829E-05 9.98829E-05 9.98829E-05 9.98829E-05 0.0930569 9.98829E-05 9.98829E-05 9.98829E-05 9.98829E-05 9.98829E-05 9.98829E-05 9.98829E-05 9.98829E-05 9.98829E-05
0.513692 9.99098E-05 9.99098E-05 9.99098E-05 9.99098E-05 9.99098E-05 9.99098E-05 0.189125 0.0216635 0.162623 9.99098E-05 0.0185437 9.99098E-05 0.0933542 9.99098E-05 9.99098E-05
0.220921 9.98828E-05 9.98828E-05 9.98828E-05 9.98828E-05 9.98828E-05 9.98828E-05 9.98828E-05 9.98828E-05 9.98828E-05 9.98828E-05 0.516913 9.98828E-05 0.260868 9.98828E-05 9.98828E-05
0.693808 9.98828E-05 9.98828E-05 9.98828E-05 9.98828E-05 9.98828E-05 9.98828E-05 0.128902 9.98828E-05 9.98828E-05 0.175991 9.98828E-05 9.98828E-05 9.98828E-05 9.98828E-05 9.98828E-05
0.41945 9.98827E-05 9.98827E-05 9.98827E-05 9.98827E-05 9.98827E-05 9.98827E-05 9.98827E-05 9.98827E-05 9.98827E-05 9.98827E-05 0.331539 9.98827E-05 0.247713 9.98827E-05 9.98827E-05
0.493379 9.98827E-05 9.98827E-05 9.98827E-05 9.98827E-05 9.98827E-05 9.98827E-05 9.98827E-05 9.98827E-05 9.98827E-05 9.98827E-05 0.246615 9.98827E-05 0.258708 9.98827E-05 9.98827E-05
0.664956 0.0108196 9.99009E-05 9.99009E-05 0.0640969 9.99009E-05 0.0227374 9.99009E-05 9.99009E-05 9.99009E-05 0.236292 9.99009E-05 9.99009E-05 9.99009E-05 9.99009E-05 9.99009E-05
0.29226 0.192836 9.99099E-05 9.99099E-05 9.99099E-05 9.99099E-05 9.99099E-05 9.99099E-05 9.99099E-05 0.176932 0.0366978 0.28742 9.99099E-05 0.0128548 9.99099E-05 9.99099E-05
0.599676 9.98918E-05 9.98918E-05 9.98918E-05 9.98918E-05 9.98918E-05 9.98918E-05 9.98918E-05 9.98918E-05 0.122816 0.0269105 0.249399 9.98918E-05 9.98918E-05 9.98918E-05 9.98918E-05
9.98829E-05 9.98829E-05 0.376197 9.98829E-05 9.98829E-05 9.98829E-05 9.98829E-05 9.98829E-05 9.98829E-05 9.98829E-05 9.98829E-05 0.0188558 9.98829E-05 9.98829E-05 0.603648 9.98829E-05
9.9919E-05 9.9919E-05 0.159161 9.9919E-05 9.9919E-05 9.9919E-05 9.9919E-05 0.00819377 9.9919E-05 9.9919E-05 9.9919E-05 0.113777 0.0145935 0.0365788 0.534797 0.131999
9.99099E-05 9.99099E-05 0.0282549 0.0837379 0.120538 9.99099E-05 9.99099E-05 9.99099E-05 9.99099E-05 9.99099E-05 9.99099E-05 0.00994535 9.99099E-05 9.99099E-05 0.743459 0.013065
0.0273317 9.99009E-05 9.99009E-05 9.99009E-05 0.000199284 9.99009E-05 9.99009E-05 9.99009E-05 9.99009E-05 9.99009E-05 0.395045 9.99009E-05 0.0260004 9.99009E-05 0.550325 9.99009E-05
9.98828E-05 9.98828E-05 0.275355 9.98828E-05 9.98828E-05 9.98828E-05 9.98828E-05 9.98828E-05 0.0836934 9.98828E-05 9.98828E-05 9.98828E-05 9.98828E-05 9.98828E-05 0.639653 9.98828E-05
0.077539 0.00753725 9.99278E-05 0.0389242 0.0191244 9.99278E-05 0.0142852 9.99278E-05 9.99278E-05 0.454969 0.197552 9.99278E-05 9.99278E-05 9.99278E-05 0.18927 9.99278E-05
9.98917E-05 9.98917E-05 9.98917E-05 9.98917E-05 9.98917E-05 9.98917E-05 0.00293991 9.98917E-05 9.98917E-05 0.115096 9.98917E-05 9.98917E-05 9.98917E-05 0.376092 0.504674 9.98917E-05
9.98828E-05 9.98828E-05 0.280717 9.98828E-05 9.98828E-05 9.98828E-05 9.98828E-05 9.98828E-05 9.98828E-05 9.98828E-05 9.98828E-05 0.0166962 9.98828E-05 9.98828E-05 0.701288 9.98828E-05
0.0543493 9.99099E-05 9.99099E-05 9.99099E-05 9.99099E-05 9.99099E-05 9.99099E-05 0.00837201 9.99099E-05 0.0557591 9.99099E-05 9.99099E-05 9.99099E-05 0.0118357 0.600196 0.268488
9.99189E-05 0.118226 9.99189E-05 0.0200465 9.99189E-05 0.213044 0.0875245 0.0106713 9.99189E-05 9.99189E-05 9.99189E-05 9.99189E-05 9.99189E-05 9.99189E-05 0.523272 0.0263164
9.98919E-05 9.98919E-05 0.586227 9.98919E-05 9.98919E-05 9.98919E-05 9.98919E-05 9.98919E-05 0.11955 9.98919E-05 9.98919E-05 0.0413505 9.98919E-05 9.98919E-05 0.251674 9.98919E-05
9.99099E-05 0.0202156 9.99099E-05 9.99099E-05 9.99099E-05 0.400102 0.0503613 9.99099E-05 0.0468319 9.99099E-05 9.99099E-05 9.99099E-05 9.99099E-05 0.0177416 0.463749 9.99099E-05
9.99009E-05 9.99009E-05 0.129429 9.99009E-05 9.99009E-05 9.99009E-05 9.99009E-05 9.99009E-05 9.99009E-05 0.0844303 9.99009E-05 0.0357181 9.99009E-05 9.99009E-05 0.741696 0.00762811
0.045785 0.0245303 9.99188E-05 9.99188E-05 9.99188E-05 0.100897 9.99188E-05 9.99188E-05 9.99188E-05 0.189445 0.00563026 9.99188E-05 9.99188E-05 9.99188E-05 0.473851 0.158962
9.99099E-05 9.99099E-05 0.0285347 9.99099E-05 0.0209363 9.99099E-05 9.99099E-05 0.0323201 0.0120265 9.99099E-05 9.99099E-05 9.99099E-05 9.99099E-05 9.99099E-05 0.484482 0.420701
9.99189E-05 9.99189E-05 0.0509548 9.99189E-05 9.99189E-05 9.99189E-05 0.0199613 0.0459538 0.015915 0.489103 9.99189E-05 9.99189E-05 9.99189E-05 0.0541884 0.323024 9.99189E-05
0.0192829 0.0840005 9.99257E-05 0.14294 9.99257E-05 9.99257E-05 0.134259 9.99257E-05 9.99257E-05 9.99257E-05 0.153509 9.99257E-05 0.0207303 9.99257E-05 0.444379 9.99257E-05
9.98917E-05 9.98917E-05 9.98917E-05 0.156276 0.478087 9.98917E-05 0.0204669 9.98917E-05 9.98917E-05 9.98917E-05 9.98917E-05 9.98917E-05 9.98917E-05 9.98917E-05 0.343971 9.98917E-05
9.99009E-05 9.99009E-05 9.99009E-05 9.99009E-05 9.99009E-05 9.99009E-05 9.99009E-05 0.0344896 9.99009E-05 9.99009E-05 9.99009E-05 0.130709 9.99009E-05 0.033488 0.428552 0.371663
9.99008E-05 9.99008E-05 0.0127161 9.99008E-05 9.99008E-05 9.99008E-05 9.99008E-05 9.99008E-05 9.99008E-05 0.164102 9.99008E-05 0.0221979 9.99008E-05 0.0636254 0.73626 9.99008E-05
9.99099E-05 0.0113151 9.99099E-05 9.99099E-05 9.99099E-05 0.0498379 9.99099E-05 0.0254483 9.99099E-05 9.99099E-05 0.04251 9.99099E-05 9.99099E-05 9.99099E-05 0.543945 0.325945
9.98739E-05 9.98739E-05 9.98739E-05 0.414705 9.98739E-05 9.98739E-05 9.98739E-05 9.98739E-05 9.98739E-05 9.98739E-05 9.98739E-05 9.98739E-05 9.98739E-05 9.98739E-05 0.583897 9.98739E-05
9.99189E-05 0.0671303 9.99189E-05 0.140607 9.99189E-05 0.128825 9.99189E-05 9.99189E-05 0.0619614 0.127212 0.39596 9.99189E-05 9.99189E-05 9.99189E-05 9.99189E-05 0.0774049
9.99008E-05 9.99008E-05 9.99008E-05 9.99008E-05 9.99008E-05 9.99008E-05 0.041989 9.99008E-05 0.730264 0.0761667 0.0212296 9.99008E-05 9.99008E-05 0.129252 9.99008E-05 9.99008E-05
0.00493487 9.99278E-05 9.99278E-05 0.15879 0.50277 9.99278E-05 0.0143848 9.99278E-05 9.99278E-05 0.177779 0.131157 0.00545865 9.99278E-05 0.00392664 9.99278E-05 9.99278E-05
9.99189E-05 9.99189E-05 0.082395 0.0474085 9.99189E-05 9.99189E-05 9.99189E-05 0.0120345 0.0658115 0.684259 9.99189E-05 0.0120092 9.99189E-05 9.99189E-05 9.99189E-05 0.0951831
9.98827E-05 9.98827E-05 0.335286 9.98827E-05 9.98827E-05 9.98827E-05 9.98827E-05 9.98827E-05 0.598911 9.98827E-05 9.98827E-05 9.98827E-05 9.98827E-05 0.0645038 9.98827E-05 9.98827E-05
9.99188E-05 9.99188E-05 9.99188E-05 0.257227 0.013716 0.306882 0.210756 9.99188E-05 9.99188E-05 0.145981 0.0361942 9.99188E-05 0.0283446 9.99188E-05 9.99188E-05 9.99188E-05
9.98918E-05 9.98918E-05 9.98918E-05 0.0705654 9.98918E-05 0.187757 0.0137386 9.98918E-05 0.726741 9.98918E-05 9.98918E-05 9.98918E-05 9.98918E-05 9.98918E-05 9.98918E-05 9.98918E-05
0.056213 0.058261 9.99278E-05 0.0930343 9.99278E-05 9.99278E-05 9.99278E-05 9.99278E-05 9.99278E-05 0.400939 0.139066 9.99278E-05 0.0195187 0.069643 9.99278E-05 0.162526
9.98828E-05 9.98828E-05 9.98828E-05 0.312826 9.98828E-05 9.98828E-05 9.98828E-05 9.98828E-05 0.630138 9.98828E-05 9.98828E-05 9.98828E-05 0.0557374 9.98828E-05 9.98828E-05 9.98828E-05
9.99009E-05 9.99009E-05 0.0714555 0.0577813 9.99009E-05 9.99009E-05 9.99009E-05 9.99009E-05 0.306688 0.197895 9.99009E-05 9.99009E-05 9.99009E-05 0.365082 9.99009E-05 9.99009E-05
9.99188E-05 0.0422612 9.99188E-05 0.210775 9.99188E-05 0.214802 9.99188E-05 9.99188E-05 0.0715751 9.99188E-05 0.199884 9.99188E-05 0.173853 9.99188E-05 9.99188E-05 0.0859503
9.98919E-05 9.98919E-05 9.98919E-05 0.0279077 0.397534 9.98919E-05 0.033173 9.98919E-05 0.540186 9.98919E-05 9.98919E-05 9.98919E-05 9.98919E-05 9.98919E-05 9.98919E-05 9.98919E-05
9.98828E-05 9.98828E-05 0.256128 9.98828E-05 9.98828E-05 9.98828E-05 9.98828E-05 9.98828E-05 0.520037 9.98828E-05 9.98828E-05 9.98828E-05 9.98828E-05 0.222537 9.98828E-05 9.98828E-05
9.99098E-05 9.99098E-05 9.99098E-05 0.102917 0.000604404 0.233495 0.298345 9.99098E-05 9.99098E-05 0.0373423 0.326297 9.99098E-05 9.99098E-05 9.99098E-05 9.99098E-05 9.99098E-05
9.99008E-05 0.0245675 9.99008E-05 0.220979 9.99008E-05 9.99008E-05 0.167079 9.99008E-05 0.396875 9.99008E-05 9.99008E-05 9.99008E-05 0.189401 9.99008E-05 9.99008E-05 9.99008E-05
9.98917E-05 9.98917E-05 9.98917E-05 0.488322 9.98917E-05 0.0778376 0.18954 9.98917E-05 9.98917E-05 0.243102 9.98917E-05 9.98917E-05 9.98917E-05 9.98917E-05 9.98917E-05 9.98917E-05
9.98828E-05 9.98828E-05 0.378554 9.98828E-05 9.98828E-05 9.98828E-05 9.98828E-05 9.98828E-05 0.578046 9.98828E-05 9.98828E-05 9.98828E-05 9.98828E-05 0.042102 9.98828E-05 9.98828E-05
9.99007E-05 9.99007E-05 9.99007E-05 0.504251 0.00404627 9.99007E-05 9.99007E-05 9.99007E-05 0.140151 9.99007E-05 0.0788558 9.99007E-05 0.271597 9.99007E-05 9.99007E-05 9.99007E-05
9.99279E-05 0.0114064 9.99279E-05 0.0187995 9.99279E-05 0.294207 0.0182374 9.99279E-05 9.99279E-05 0.0328927 0.449299 9.99279E-05 0.0320945 9.99279E-05 9.99279E-05 0.142264
0.0631809 9.99098E-05 9.99098E-05 9.99098E-05 9.99098E-05 0.011416 9.99098E-05 9.99098E-05 0.135921 0.652734 0.105506 9.99098E-05 9.99098E-05 9.99098E-05 9.99098E-05 0.0302436
9.99282E-05 0.00723577 0.0824981 0.135313 0.28499 9.99282E-05 9.99282E-05 0.0499571 9.99282E-05 0.192156 0.175696 9.99282E-05 9.99282E-05 9.99282E-05 0.0713549 9.99282E-05
0.00115984 9.99189E-05 9.99189E-05 0.50806 0.0794862 9.99189E-05 9.99189E-05 0.0418494 0.0617256 0.214462 0.0923576 9.99189E-05 9.99189E-05 9.99189E-05 9.99189E-05 9.99189E-05
9.98917E-05 9.98917E-05 0.27717 9.98917E-05 9.98917E-05 9.98917E-05 9.98917E-05 9.98917E-05 0.567978 0.152992 9.98917E-05 9.98917E-05 9.98917E-05 0.000662188 9.98917E-05 9.98917E-05
9.99278E-05 9.99278E-05 0.0161383 0.0797733 9.99278E-05 0.0195386 9.99278E-05 0.0266883 9.99278E-05 0.213723 9.99278E-05 9.99278E-05 0.589031 0.0453714 0.00893711 9.99278E-05
0.0723012 9.99006E-05 9.99006E-05 9.99006E-05 9.99006E-05 9.99006E-05 9.99006E-05 9.99006E-05 0.586192 0.110053 0.114351 9.99006E-05 9.99006E-05 9.99006E-05 9.99006E-05 0.116003
9.99189E-05 9.99189E-05 0.176894 9.99189E-05 9.99189E-05 9.99189E-05 9.99189E-05 0.0249205 0.12229 0.288029 9.99189E-05 0.0806831 9.99189E-05 9.99189E-05 0.144944 0.16134
0.0140966 0.0271292 9.99459E-05 0.369413 9.99459E-05 0.0164877 9.99459E-05 0.00269794 0.01386 0.0312636 0.0185564 9.99459E-05 0.370223 9.99459E-05 0.135673 9.99459E-05
9.991E-05 0.0722824 0.0163191 9.991E-05 9.991E-05 9.991E-05 9.991E-05 9.991E-05 9.991E-05 9.991E-05 0.00620254 9.991E-05 0.121533 9.991E-05 0.0468744 0.735789
0.0173427 0.00291457 0.691037 0.0430917 9.9928E-05 9.9928E-05 0.0325461 0.0402367 0.00193966 9.9928E-05 9.9928E-05 9.9928E-05 9.9928E-05 0.170093 9.9928E-05 9.9928E-05
0.0683909 9.99278E-05 0.00837412 9.99278E-05 9.99278E-05 9.99278E-05 0.0263983 9.99278E-05 0.1916 0.229685 9.99278E-05 9.99278E-05 9.99278E-05 0.0859035 0.0526564 0.336192
9.99549E-05 9.99549E-05 0.235409 9.99549E-05 9.99549E-05 0.0283291 9.99549E-05 0.0378568 0.0741331 0.437865 0.00263537 0.0442707 0.0202479 0.00238169 0.107836 0.00853485
9.99099E-05 9.99099E-05 0.0559535 0.0722331 9.99099E-05 0.508793 9.99099E-05 0.015141 0.151311 9.99099E-05 9.99099E-05 9.99099E-05 9.99099E-05 9.99099E-05 9.99099E-05 0.195569
9.98828E-05 9.98828E-05 0.46122 9.98828E-05 9.98828E-05 9.98828E-05 9.98828E-05 9.98828E-05 0.0586338 0.478848 9.98828E-05 9.98828E-05 9.98828E-05 9.98828E-05 9.98828E-05 9.98828E-05
9.99097E-05 9.99097E-05 9.99097E-05 0.402041 0.0870484 0.120232 0.122999 9.99097E-05 9.99097E-05 0.133043 9.99097E-05 9.99097E-05 0.133638 9.99097E-05 9.99097E-05 9.99097E-05
9.98918E-05 9.98918E-05 0.411385 9.98918E-05 9.98918E-05 9.98918E-05 9.98918E-05 9.98918E-05 0.0838741 0.4597 9.98918E-05 9.98918E-05 9.98918E-05 9.98918E-05 9.98918E-05 0.0438423
9.99189E-05 9.99189E-05 0.138409 0.142914 0.327876 9.99189E-05 9.99189E-05 9.99189E-05 0.245688 9.99189E-05 0.0137453 9.99189E-05 0.0516743 9.99189E-05 9.99189E-05 0.0787935
9.99279E-05 9.99279E-05 9.99279E-05 0.336294 0.263638 9.99279E-05 0.0883145 9.99279E-05 0.00709984 9.99279E-05 9.99279E-05 9.99279E-05 0.0597775 0.0619597 0.015786 0.166331
9.99423E-05 0.0354921 9.99423E-05 0.00533434 9.99423E-05 9.99423E-05 9.99423E-05 9.99423E-05 0.0574604 0.0808903 0.053905 0.0698715 0.0638506 9.99423E-05 0.0222742 0.610222
0.0159084 0.0356378 9.99368E-05 0.0879612 9.99368E-05 9.99368E-05 0.0337044 9.99368E-05 9.99368E-05 0.361731 0.0575827 9.99368E-05 9.99368E-05 0.0401242 0.0227022 0.343948
9.99279E-05 9.99279E-05 0.00056107 9.99279E-05 9.99279E-05 9.99279E-05 0.0970099 0.0165988 0.033905 0.0636317 9.99279E-05 0.00455509 9.99279E-05 0.00664112 9.99279E-05 0.776298
9.99099E-05 9.99099E-05 0.0833385 0.478794 0.128276 9.99099E-05 9.99099E-05 9.99099E-05 9.99099E-05 0.171274 9.99099E-05 9.99099E-05 9.99099E-05 9.99099E-05 0.102413 0.0349064
9.99009E-05 9.99009E-05 0.678408 9.99009E-05 9.99009E-05 9.99009E-05 0.0520318 9.99009E-05 9.99009E-05 0.092246 9.99009E-05 9.99009E-05 9.99009E-05 0.0975106 9.99009E-05 0.078705
9.99009E-05 9.99009E-05 0.611775 9.99009E-05 9.99009E-05 9.99009E-05 9.99009E-05 9.99009E-05 0.309717 9.99009E-05 9.99009E-05 9.99009E-05 9.99009E-05 0.0279998 0.00615248 0.0432569
9.99099E-05 9.99099E-05 9.99099E-05 9.99099E-05 9.99099E-05 9.99099E-05 9.99099E-05 9.99099E-05 0.11233 0.355261 9.99099E-05 0.0366958 0.144979 0.280745 9.99099E-05 0.0689896
9.99098E-05 9.99098E-05 0.563111 9.99098E-05 9.99098E-05 9.99098E-05 9.99098E-05 9.99098E-05 0.0879389 0.0649781 9.99098E-05 0.0820053 0.154703 9.99098E-05 9.99098E-05 0.0462645
9.98829E-05 9.98829E-05 0.833177 9.98829E-05 9.98829E-05 0.0212037 0.144321 9.98829E-05 9.98829E-05 9.98829E-05 9.98829E-05 9.98829E-05 9.98829E-05 9.98829E-05 9.98829E-05 9.98829E-05
9.99188E-05 9.99188E-05 9.99188E-05 9.99188E-05 9.99188E-05 9.99188E-05 9.99188E-05 9.99188E-05 0.200492 0.0821235 9.99188E-05 0.108576 0.178625 0.360995 0.0147165 0.0535729
9.99098E-05 0.0102009 0.132342 0.00989014 9.99098E-05 0.0514491 9.99098E-05 9.99098E-05 0.112624 0.682495 9.99098E-05 9.99098E-05 9.99098E-05 9.99098E-05 9.99098E-05 9.99098E-05
0.0160269 9.9919E-05 0.00453195 9.9919E-05 0.0519651 9.9919E-05 0.384669 0.0373832 0.0370135 9.9919E-05 0.467511 9.9919E-05 9.9919E-05 9.9919E-05 9.9919E-05 9.9919E-05
9.98918E-05 9.98918E-05 9.98918E-05 9.98918E-05 0.0210517 9.98918E-05 0.840399 0.0312077 9.98918E-05 0.106143 9.98918E-05 9.98918E-05 9.98918E-05 9.98918E-05 9.98918E-05 9.98918E-05
0.099813 9.99098E-05 9.99098E-05 9.99098E-05 9.99098E-05 9.99098E-05 0.115362 9.99098E-05 9.99098E-05 0.49454 0.0867108 9.99098E-05 9.99098E-05 0.178485 9.99098E-05 0.0240901
9.99007E-05 9.99007E-05 9.99007E-05 0.0471786 9.99007E-05 0.185683 0.606854 9.99007E-05 9.99007E-05 0.108996 9.99007E-05 9.99007E-05 0.0501889 9.99007E-05 9.99007E-05 9.99007E-05
9.98829E-05 9.98829E-05 9.98829E-05 9.98829E-05 9.98829E-05 9.98829E-05 0.927817 9.98829E-05 9.98829E-05 9.98829E-05 0.0231016 9.98829E-05 9.98829E-05 9.98829E-05 0.0477825 9.98829E-05
9.99098E-05 9.99098E-05 9.99098E-05 9.99098E-05 0.413753 9.99098E-05 0.448284 0.047721 9.99098E-05 0.0325796 9.99098E-05 9.99098E-05 9.99098E-05 0.0480295 9.99098E-05 0.00863471
9.99009E-05 9.99009E-05 9.99009E-05 0.046458 0.0902277 9.99009E-05 0.762778 9.99009E-05 9.99009E-05 0.0724233 9.99009E-05 9.99009E-05 9.99009E-05 9.99009E-05 0.0270142 9.99009E-05
0.0032115 9.991E-05 9.991E-05 9.991E-05 9.991E-05 9.991E-05 0.215884 0.0191969 0.0101611 0.341384 9.991E-05 9.991E-05 9.991E-05 0.409163 9.991E-05 9.991E-05
9.9901E-05 9.9901E-05 0.298608 0.00220072 9.9901E-05 9.9901E-05 9.9901E-05 9.9901E-05 0.23193 0.0635983 9.9901E-05 9.9901E-05 9.9901E-05 0.402564 9.9901E-05 9.9901E-05
0.0850462 9.99098E-05 9.99098E-05 9.99098E-05 9.99098E-05 9.99098E-05 9.99098E-05 9.99098E-05 9.99098E-05 0.19307 0.479261 9.99098E-05 0.188758 0.00359515 0.04927 9.99098E-05
9.98919E-05 9.98919E-05 9.98919E-05 9.98919E-05 9.98919E-05 9.98919E-05 0.152819 9.98919E-05 9.98919E-05 0.0853537 9.98919E-05 9.98919E-05 9.98919E-05 0.67086 0.0897684 9.98919E-05
0.233901 9.991E-05 9.991E-05 9.991E-05 9.991E-05 9.991E-05 0.0850259 9.991E-05 9.991E-05 0.462869 9.991E-05 0.00192266 9.991E-05 0.193621 0.0216612 9.991E-05
0.0690024 9.99099E-05 9.99099E-05 9.99099E-05 9.99099E-05 0.00993879 0.198444 9.99099E-05 9.99099E-05 0.507145 0.153796 9.99099E-05 9.99099E-05 9.99099E-05 0.0606737 9.99099E-05
9.99099E-05 9.99099E-05 0.0533431 9.99099E-05 9.99099E-05 9.99099E-05 9.99099E-05 9.99099E-05 0.0818457 0.490452 9.99099E-05 9.99099E-05 0.0452626 0.313377 0.0147208 9.99099E-05
9.99099E-05 9.99099E-05 0.0401175 9.99099E-05 9.99099E-05 9.99099E-05 9.99099E-05 9.99099E-05 9.99099E-05 0.276636 0.295445 0.0344238 9.99099E-05 0.274293 0.0780869 9.99099E-05
9.99009E-05 9.99009E-05 9.99009E-05 9.99009E-05 9.99009E-05 9.99009E-05 9.99009E-05 0.0622994 9.99009E-05 0.0931062 9.99009E-05 0.0243246 0.807218 9.99009E-05 9.99009E-05 0.0119534
0.0196504 0.0418381 9.99279E-05 9.99279E-05 9.99279E-05 0.111556 9.99279E-05 0.0109195 9.99279E-05 0.360165 0.0913362 9.99279E-05 0.0659045 0.297831 9.99279E-05 9.99279E-05
0.0090694 9.99188E-05 9.99188E-05 9.99188E-05 9.99188E-05 9.99188E-05 0.00956188 9.99188E-05 9.99188E-05 0.157013 0.35852 9.99188E-05 9.99188E-05 0.314201 0.112936 0.0378
9.99098E-05 9.99098E-05 9.99098E-05 0.0112189 9.99098E-05 0.442368 0.133091 9.99098E-05 9.99098E-05 0.0484545 0.271681 9.99098E-05 0.092188 9.99098E-05 9.99098E-05 9.99098E-05
0.0226945 9.9919E-05 9.9919E-05 9.9919E-05 9.9919E-05 0.0226147 0.0523762 9.9919E-05 9.9919E-05 0.239964 0.422459 9.9919E-05 0.126029 9.9919E-05 9.9919E-05 0.112963
9.9919E-05 9.9919E-05 0.0274258 9.9919E-05 0.015147 0.0719905 9.9919E-05 9.9919E-05 9.9919E-05 0.0667508 0.049975 9.9919E-05 9.9919E-05 0.723152 9.9919E-05 0.0446598
9.99099E-05 9.99099E-05 9.99099E-05 0.0393305 9.99099E-05 9.99099E-05 9.99099E-05 9.99099E-05 9.99099E-05 0.638677 0.0942205 0.0179489 9.99099E-05 0.155101 0.0537225 9.99099E-05
9.99009E-05 9.99009E-05 0.197233 0.00857614 9.99009E-05 9.99009E-05 9.99009E-05 9.99009E-05 0.130656 0.171342 9.99009E-05 9.99009E-05 9.99009E-05 0.491094 9.99009E-05 9.99009E-05
9.99098E-05 9.99098E-05 9.99098E-05 0.120357 9.99098E-05 0.00449745 0.306329 9.99098E-05 9.99098E-05 0.1505 0.313375 9.99098E-05 0.103943 9.99098E-05 9.99098E-05 9.99098E-05
0.0908658 9.99099E-05 9.99099E-05 9.99099E-05 9.99099E-05 0.0085116 9.99099E-05 9.99099E-05 9.99099E-05 0.429867 0.352944 9.99099E-05 0.0519459 9.99099E-05 9.99099E-05 0.0648657
9.99099E-05 9.99099E-05 0.0547681 9.99099E-05 9.99099E-05 9.99099E-05 9.99099E-05 9.99099E-05 0.121372 0.243309 9.99099E-05 0.0123002 9.99099E-05 0.533085 0.0341664 9.99099E-05
9.99279E-05 0.0316611 9.99279E-05 9.99279E-05 0.121332 9.99279E-05 0.260811 9.99279E-05 0.0482074 9.99279E-05 0.0141557 9.99279E-05 0.427551 9.99279E-05 0.0826888 0.0127944
9.98829E-05 9.98829E-05 9.98829E-05 9.98829E-05 9.98829E-05 0.387583 9.98829E-05 9.98829E-05 0.229244 9.98829E-05 9.98829E-05 9.98829E-05 0.381874 9.98829E-05 9.98829E-05 9.98829E-05
0.0700547 9.99279E-05 0.283644 9.99279E-05 9.99279E-05 9.99279E-05 9.99279E-05 0.034792 0.0620293 0.41522 9.99279E-05 0.0962797 9.99279E-05 0.00715234 0.0300294 9.99279E-05
9.99279E-05 9.99279E-05 0.057365 9.99279E-05 9.99279E-05 9.99279E-05 9.99279E-05 0.0142947 0.497696 0.0269291 9.99279E-05 0.0249851 0.0445042 9.99279E-05 0.0453417 0.288085
0.0469189 9.99189E-05 9.99189E-05 9.99189E-05 9.99189E-05 0.308045 0.318024 0.0440342 0.100589 9.99189E-05 9.99189E-05 9.99189E-05 0.159439 0.0220505 9.99189E-05 9.99189E-05
0.00443051 9.99009E-05 9.99009E-05 9.99009E-05 0.0574306 9.99009E-05 0.424954 9.99009E-05 0.227504 9.99009E-05 9.99009E-05 9.99009E-05 0.284583 9.99009E-05 9.99009E-05 9.99009E-05
0.0828352 0.0219579 9.99279E-05 0.0787925 0.0583255 0.0125679 0.285549 9.99279E-05 0.0694217 9.99279E-05 9.99279E-05 9.99279E-05 0.389751 9.99279E-05 9.99279E-05 9.99279E-05
9.9901E-05 9.9901E-05 0.679871 9.9901E-05 9.9901E-05 9.9901E-05 9.9901E-05 0.017412 0.254309 9.9901E-05 9.9901E-05 9.9901E-05 0.0407701 0.00653888 9.9901E-05 9.9901E-05
0.0426504 9.991E-05 9.991E-05 9.991E-05 9.991E-05 9.991E-05 9.991E-05 9.991E-05 0.329004 0.494482 9.991E-05 0.0274117 0.0899602 0.015492 9.991E-05 9.991E-05
0.0230718 0.0130453 9.99098E-05 9.99098E-05 9.99098E-05 0.0544782 9.99098E-05 9.99098E-05 9.99098E-05 9.99098E-05 9.99098E-05 9.99098E-05 0.293719 9.99098E-05 0.256005 0.358682
9.99098E-05 9.99098E-05 9.99098E-05 0.0477188 9.99098E-05 0.102071 0.307992 9.99098E-05 0.153079 9.99098E-05 9.99098E-05 9.99098E-05 0.340872 9.99098E-05 0.0472681 9.99098E-05
9.99189E-05 9.99189E-05 0.434815 9.99189E-05 9.99189E-05 9.99189E-05 9.99189E-05 9.99189E-05 0.194336 0.0580501 9.99189E-05 0.0436716 9.99189E-05 0.061098 0.0188916 0.188238
9.9919E-05 9.9919E-05 9.9919E-05 9.9919E-05 9.9919E-05 9.9919E-05 0.115438 0.0403447 0.192371 0.58207 0.0271338 0.00933413 9.9919E-05 9.9919E-05 9.9919E-05 0.0324094
0.0481019 9.99101E-05 9.99101E-05 9.99101E-05 9.99101E-05 9.99101E-05 0.106646 9.99101E-05 0.181251 0.352529 9.99101E-05 9.99101E-05 0.111712 0.133821 9.99101E-05 0.0650398
9.99098E-05 9.99098E-05 9.99098E-05 0.0613712 9.99098E-05 9.99098E-05 9.99098E-05 9.99098E-05 0.168922 9.99098E-05 0.0411906 9.99098E-05 0.000972491 9.99098E-05 0.022844 0.703701
9.99099E-05 9.99099E-05 9.99099E-05 0.0422292 9.99099E-05 9.99099E-05 9.99099E-05 9.99099E-05 9.99099E-05 0.505388 9.99099E-05 0.0337492 9.99099E-05 0.18544 0.200206 0.0319887
9.99278E-05 0.0565889 9.99278E-05 9.99278E-05 9.99278E-05 0.153182 0.113617 9.99278E-05 9.99278E-05 0.262209 0.273401 9.99278E-05 0.0700355 9.99278E-05 0.0439619 0.0262058
0.0301831 9.99278E-05 9.99278E-05 9.99278E-05 9.99278E-05 0.0630795 0.00738689 9.99278E-05 0.00939434 0.305174 0.0260465 9.99278E-05 0.262116 9.99278E-05 9.99278E-05 0.295821
9.9928E-05 0.00161015 9.9928E-05 0.128288 0.00706679 0.125695 0.326488 0.0223234 0.151445 9.9928E-05 9.9928E-05 9.9928E-05 0.236285 9.9928E-05 9.9928E-05 9.9928E-05
9.99188E-05 9.99188E-05 9.99188E-05 9.99188E-05 9.99188E-05 9.99188E-05 9.99188E-05 0.000390129 0.272557 0.0715737 9.99188E-05 0.130474 0.178151 0.297741 9.99188E-05 0.0482137
9.99188E-05 9.99188E-05 9.99188E-05 9.99188E-05 0.02042 0.0231529 0.201545 9.99188E-05 9.99188E-05 9.99188E-05 0.111184 9.99188E-05 0.510672 0.0460832 9.99188E-05 0.0860431
9.98917E-05 9.98917E-05 9.98917E-05 9.98917E-05 0.463566 9.98917E-05 9.98917E-05 9.98917E-05 9.98917E-05 0.0688328 0.0533442 9.98917E-05 0.413058 9.98917E-05 9.98917E-05 9.98917E-05
9.99009E-05 9.99009E-05 0.0151997 9.99009E-05 9.99009E-05 9.99009E-05 9.99009E-05 9.99009E-05 0.230007 0.114773 9.99009E-05 9.99009E-05 9.99009E-05 0.585904 9.99009E-05 0.0530166
0.0277376 9.99189E-05 9.99189E-05 9.99189E-05 9.99189E-05 0.171199 0.0598111 9.99189E-05 0.084586 0.512754 0.112793 9.99189E-05 9.99189E-05 0.03022 9.99189E-05 9.99189E-05
0.00705023 9.99189E-05 9.99189E-05 9.99189E-05 9.99189E-05 9.99189E-05 9.99189E-05 9.99189E-05 0.0641919 0.447438 9.99189E-05 0.0606256 0.168275 0.248878 0.00264193 9.99189E-05
0.0232163 0.00800457 9.9928E-05 9.9928E-05 0.0259857 0.0226463 0.413001 0.0255209 9.9928E-05 9.9928E-05 0.302938 9.9928E-05 0.177888 9.9928E-05 9.9928E-05 9.9928E-05
0.0174556 0.00676947 9.9946E-05 9.9946E-05 0.383079 9.9946E-05 0.0113755 0.0524975 9.9946E-05 0.0314237 0.199756 0.145029 0.111401 9.9946E-05 0.0406139 9.9946E-05
9.99009E-05 0.0904027 9.99009E-05 9.99009E-05 9.99009E-05 9.99009E-05 0.0903006 9.99009E-05 9.99009E-05 0.130119 0.414586 9.99009E-05 0.273493 9.99009E-05 9.99009E-05 9.99009E-05
9.99099E-05 9.99099E-05 9.99099E-05 9.99099E-05 9.99099E-05 9.99099E-05 0.00219236 9.99099E-05 0.132577 0.0782527 9.99099E-05 9.99099E-05 0.0491507 0.653401 9.99099E-05 0.0834274
9.99099E-05 0.0265859 9.99099E-05 0.0698997 9.99099E-05 9.99099E-05 0.0289966 9.99099E-05 0.0440699 0.130187 0.699262 9.99099E-05 9.99099E-05 9.99099E-05 9.99099E-05 9.99099E-05
9.99279E-05 9.99279E-05 9.99279E-05 9.99279E-05 9.99279E-05 0.00579505 0.00402431 0.0390543 0.0356137 9.99279E-05 0.744164 9.99279E-05 0.117398 0.009298 0.0438532 9.99279E-05
9.991E-05 9.991E-05 9.991E-05 9.991E-05 9.991E-05 0.178534 0.17664 9.991E-05 0.0332183 9.991E-05 0.567036 9.991E-05 9.991E-05 0.028856 0.0147163 9.991E-05
9.99099E-05 9.99099E-05 9.99099E-05 0.0430832 9.99099E-05 0.00105498 9.99099E-05 9.99099E-05 9.99099E-05 0.0835682 0.0661171 9.99099E-05 9.99099E-05 0.716447 0.0887309 9.99099E-05
9.99188E-05 9.99188E-05 9.99188E-05 9.99188E-05 9.99188E-05 9.99188E-05 0.01817 9.99188E-05 9.99188E-05 0.419293 0.0984626 0.0100126 0.293323 0.0835804 0.0762598 9.99188E-05
0.00664453 9.9946E-05 9.9946E-05 0.00859725 0.0188259 0.360566 0.368424 0.0141463 0.0450482 0.00541645 0.117177 9.9946E-05 9.9946E-05 0.0545549 9.9946E-05 9.9946E-05
9.9919E-05 9.9919E-05 0.0668793 9.9919E-05 9.9919E-05 9.9919E-05 9.9919E-05 9.9919E-05 0.192714 0.125321 0.312748 0.087152 9.9919E-05 0.203215 0.0110728 9.9919E-05
