0.114188 9.9982E-05 0.431422 0.332514 9.9982E-05 0.121676
0.0866479 9.9982E-05 0.479948 0.421595 0.0116089 9.9982E-05
9.9982E-05 0.138942 0.811821 9.9982E-05 0.018013 0.0310237
0.122419 0.0469324 0.091983 0.668361 9.9991E-05 0.0702046
0.269398 9.9973E-05 9.9973E-05 0.672261 0.0580413 9.9973E-05
0.0475554 0.103479 0.526673 0.195205 0.0962816 0.0308061
9.9964E-05 0.148091 0.851509 9.9964E-05 9.9964E-05 9.9964E-05
9.9991E-05 0.0204861 0.711425 0.160076 0.105529 0.00238452
9.9982E-05 9.9982E-05 0.348958 0.564595 0.0365923 0.0496547
9.9982E-05 0.609533 0.244749 0.0249357 9.9982E-05 0.120583
0.125198 9.9982E-05 0.224057 0.617012 9.9982E-05 0.0335339
9.9982E-05 0.0773035 0.0981935 0.807933 9.9982E-05 0.0163701
0.33985 0.0470427 0.219791 0.282279 0.0655359 0.0455017
9.9982E-05 0.130435 0.810985 0.00932811 9.9982E-05 0.0490518
9.9973E-05 0.00772228 0.179435 0.812543 9.9973E-05 9.9973E-05
0.0944659 0.402056 0.436138 9.9991E-05 0.0419384 0.0253013
0.0336355 0.116206 0.840951 0.00900787 9.9982E-05 9.9982E-05
0.0396407 9.9973E-05 0.934567 0.0254923 9.9973E-05 9.9973E-05
0.0771501 9.9973E-05 0.372962 0.549588 9.9973E-05 9.9973E-05
0.0666831 9.9973E-05 9.9973E-05 0.0585352 9.9973E-05 0.874482
0.0381348 9.9973E-05 9.9973E-05 0.0498088 9.9973E-05 0.911757
0.0745727 9.99639E-05 9.99639E-05 9.99639E-05 9.99639E-05 0.925027
0.00943264 9.9973E-05 9.9973E-05 0.241143 9.9973E-05 0.749125
9.99639E-05 9.99639E-05 9.99639E-05 0.230234 9.99639E-05 0.769366
9.99819E-05 0.0661136 0.269738 9.99819E-05 0.183 0.480948
9.99729E-05 9.99729E-05 9.99729E-05 0.399745 0.145884 0.454071
9.9973E-05 0.502864 9.9973E-05 9.9973E-05 0.280578 0.216257
0.166563 9.9982E-05 9.9982E-05 0.314122 0.107682 0.411433
0.0801762 0.0169175 0.00842382 9.9982E-05 9.9982E-05 0.894282
9.9964E-05 9.9964E-05 9.9964E-05 0.0888824 9.9964E-05 0.910718
9.999E-05 0.198495 0.104244 0.0324327 0.0101545 0.654574
0.107007 0.0592879 0.0881432 9.9991E-05 0.451637 0.293824
9.99729E-05 0.324603 0.0344134 9.99729E-05 9.99729E-05 0.640683
9.99729E-05 9.99729E-05 0.283763 9.99729E-05 0.0237574 0.692179
9.9964E-05 9.9964E-05 9.9964E-05 0.108113 9.9964E-05 0.891487
9.99639E-05 9.99639E-05 9.99639E-05 0.212608 9.99639E-05 0.786992
9.9973E-05 0.070854 9.9973E-05 0.148552 9.9973E-05 0.780295
9.9964E-05 9.9964E-05 9.9964E-05 0.24167 9.9964E-05 0.75793
0.0350596 9.99729E-05 9.99729E-05 0.135476 0.829164 9.99729E-05
0.171015 0.124901 9.9973E-05 9.9973E-05 0.703784 9.9973E-05
9.9973E-05 0.471077 9.9973E-05 9.9973E-05 0.470265 0.0583583
0.109562 0.0577113 9.9991E-05 0.234562 0.509662 0.0884028
0.0450684 9.9982E-05 0.0728247 9.9982E-05 0.571078 0.310829
9.9982E-05 0.166603 0.152526 9.9982E-05 0.583765 0.0969065
9.9973E-05 9.9973E-05 9.9973E-05 0.54297 0.313055 0.143675
9.99639E-05 9.99639E-05 9.99639E-05 0.43057 0.56903 9.99639E-05
9.9982E-05 0.267843 0.131066 9.9982E-05 0.437385 0.163507
0.0528689 9.99729E-05 9.99729E-05 0.120625 0.826206 9.99729E-05
0.193684 0.452189 9.9973E-05 9.9973E-05 0.353827 9.9973E-05
9.9964E-05 9.9964E-05 9.9964E-05 0.285219 0.714382 9.9964E-05
0.149985 0.130185 9.9973E-05 9.9973E-05 0.719531 9.9973E-05
0.172179 9.9982E-05 9.9982E-05 0.195346 0.505243 0.127032
9.99729E-05 9.99729E-05 9.99729E-05 0.406409 0.424322 0.168969
9.9982E-05 9.9982E-05 0.091674 0.371897 0.511034 0.0251947
0.00736792 0.00391885 9.9991E-05 0.464787 0.379588 0.144238
9.9973E-05 9.9973E-05 9.9973E-05 0.39597 0.0426532 0.561077
0.0781037 0.095144 0.030017 9.99819E-05 0.796535 9.99819E-05
0.141493 0.0738215 9.9991E-05 0.0371353 0.613448 0.134002
0.114776 0.178325 9.99729E-05 9.99729E-05 0.7066 9.99729E-05
9.99639E-05 9.99639E-05 9.99639E-05 0.261134 0.738466 9.99639E-05
9.99729E-05 9.99729E-05 9.99729E-05 0.249883 0.687987 0.0618294
9.99639E-05 9.99639E-05 9.99639E-05 0.321892 0.677708 9.99639E-05
0.125506 0.100889 0.148245 9.9991E-05 0.557531 0.0677288
9.9973E-05 9.9973E-05 9.9973E-05 0.372889 0.529315 0.0974961
9.9973E-05 0.193031 0.303248 9.9973E-05 0.503421 9.9973E-05
9.99819E-05 9.99819E-05 0.0723963 0.371025 0.344797 0.211582
9.9964E-05 9.9964E-05 9.9964E-05 0.378876 0.620724 9.9964E-05
9.9964E-05 9.9964E-05 9.9964E-05 0.419952 0.579648 9.9964E-05
9.99819E-05 9.99819E-05 0.220569 0.13164 0.418301 0.22929
0.0363535 0.00525528 0.163305 0.0111562 0.349823 0.434107
0.111679 0.335708 9.9982E-05 9.9982E-05 0.314918 0.237495
9.9973E-05 0.319343 0.0916687 9.9973E-05 0.588688 9.9973E-05
9.9964E-05 9.9964E-05 9.9964E-05 0.261661 9.9964E-05 0.737939
0.0129271 0.18539 0.111353 9.99819E-05 0.69013 9.99819E-05
9.99729E-05 9.99729E-05 9.99729E-05 0.325447 0.620358 0.0538958
9.9973E-05 9.9973E-05 9.9973E-05 0.43734 0.263901 0.298459
9.99819E-05 0.159284 0.0740938 9.99819E-05 0.00228396 0.764138
9.9982E-05 0.474419 0.0246751 9.9982E-05 0.295608 0.205097
9.9982E-05 0.0497002 0.170469 9.9982E-05 0.0382195 0.741411
0.186988 0.00745799 9.9991E-05 0.00589778 0.323577 0.475979
0.213231 0.332859 9.9982E-05 9.9982E-05 0.304137 0.149573
9.9973E-05 9.9973E-05 9.9973E-05 0.269779 0.460387 0.269534
0.0631653 0.00992444 9.9991E-05 0.143068 0.762619 0.021123
0.0472063 0.0719758 9.9991E-05 0.195588 0.498918 0.186213
9.99729E-05 0.277925 0.0345026 9.99729E-05 0.687273 9.99729E-05
0.13835 9.9982E-05 9.9982E-05 0.136302 0.598562 0.126586
9.99639E-05 9.99639E-05 9.99639E-05 0.404568 0.595032 9.99639E-05
9.99729E-05 9.99729E-05 0.393403 9.99729E-05 0.184287 0.422011
9.9973E-05 0.184334 0.259358 9.9973E-05 0.556008 9.9973E-05
9.9982E-05 9.9982E-05 0.143359 0.247999 0.174683 0.433759
9.9982E-05 0.0126126 0.377413 9.9982E-05 0.603571 0.00620344
9.9973E-05 9.9973E-05 0.422717 9.9973E-05 0.518212 0.0587707
9.9973E-05 9.9973E-05 9.9973E-05 0.478977 0.348535 0.172188
9.9973E-05 9.9973E-05 0.321373 0.020697 0.65763 9.9973E-05
9.9982E-05 9.9982E-05 0.356021 0.0151369 0.442507 0.186134
0.696535 0.255837 9.9973E-05 9.9973E-05 0.0473279 9.9973E-05
0.674348 0.112575 0.0483292 9.9991E-05 0.112046 0.0526018
0.868997 9.9982E-05 9.9982E-05 0.0513386 0.0500112 0.029453
0.440661 9.9982E-05 0.193497 0.353223 0.0124188 9.9982E-05
0.681824 0.300924 0.0169521 9.99729E-05 9.99729E-05 9.99729E-05
0.234225 9.9982E-05 0.436844 0.305658 9.9982E-05 0.0230744
0.40534 0.0574258 0.536935 9.9973E-05 9.9973E-05 9.9973E-05
0.812817 0.150988 0.00615393 9.9982E-05 0.0298413 9.9982E-05
0.663328 9.9973E-05 0.228662 9.9973E-05 9.9973E-05 0.107711
0.612692 9.9973E-05 9.9973E-05 0.30844 9.9973E-05 0.0785689
0.442079 0.557521 9.9964E-05 9.9964E-05 9.9964E-05 9.9964E-05
0.489584 0.0452855 9.9982E-05 0.42008 9.9982E-05 0.0448502
0.772475 0.0693773 0.132228 9.9982E-05 0.0257199 9.9982E-05
0.556402 9.9982E-05 0.245629 0.134711 0.0630588 9.9982E-05
0.724135 0.0620673 0.0647171 0.0433598 9.9991E-05 0.105621
0.296769 0.0703257 0.589336 9.9982E-05 9.9982E-05 0.0433693
0.413724 9.99729E-05 9.99729E-05 0.516258 0.0697174 9.99729E-05
0.472892 9.9973E-05 9.9973E-05 0.445926 9.9973E-05 0.0808823
0.597076 0.0706005 0.0705655 9.9991E-05 0.134587 0.127072
0.630895 0.0461442 0.322046 9.9982E-05 0.00071492 9.9982E-05
0.752325 9.9982E-05 9.9982E-05 0.114427 0.031144 0.101904
0.766856 9.9973E-05 9.9973E-05 0.195932 9.9973E-05 0.0369124
0.17828 9.9982E-05 0.21082 0.558528 9.9982E-05 0.0521715
9.9982E-05 0.504312 0.261774 0.19832 9.9982E-05 0.0353943
0.135894 0.0754185 0.134278 0.59069 0.0456357 0.0180843
0.166584 0.174571 0.601413 9.9982E-05 9.9982E-05 0.0572326
0.0403892 0.9464 0.0092718 9.9982E-05 0.00373956 9.9982E-05
0.104598 9.99729E-05 0.15239 0.742712 9.99729E-05 9.99729E-05
9.99729E-05 0.4516 9.99729E-05 0.450787 9.99729E-05 0.0973127
0.110813 9.9982E-05 0.572947 0.195555 0.120485 9.9982E-05
9.9973E-05 0.400595 9.9973E-05 0.465597 9.9973E-05 0.133508
9.9973E-05 0.576371 0.408579 0.0147496 9.9973E-05 9.9973E-05
0.132564 0.0550847 0.0428261 0.707645 0.0617802 9.9991E-05
9.9973E-05 0.30488 9.9973E-05 0.576596 9.9973E-05 0.118224
0.0280987 0.901005 0.0391853 9.9982E-05 0.031511 9.9982E-05
0.108976 9.9973E-05 0.109543 0.781182 9.9973E-05 9.9973E-05
9.9973E-05 0.210676 9.9973E-05 0.714524 9.9973E-05 0.0745001
0.0645037 9.9982E-05 0.316988 0.608049 9.9982E-05 0.0102594
9.9964E-05 0.969488 9.9964E-05 0.0301117 9.9964E-05 9.9964E-05
9.9991E-05 0.173551 0.0260893 0.750313 0.0232133 0.0267339
0.197491 9.9982E-05 0.159635 0.630702 0.0119718 9.9982E-05
9.9982E-05 0.0222563 0.768767 0.153556 9.9982E-05 0.0552205
0.274872 0.0865713 0.156474 0.36798 0.00640438 0.107699
0.153838 0.131068 0.121935 0.508495 9.9991E-05 0.0845643
9.99639E-05 0.78214 0.21746 9.99639E-05 9.99639E-05 9.99639E-05
9.9991E-05 0.0321003 0.451711 0.366359 0.0494421 0.100288
9.9991E-05 0.281915 0.277357 0.294794 0.0204743 0.12536
0.2907 0.302427 0.270794 9.9991E-05 0.0534633 0.0825154
0.144647 0.0338132 0.135406 0.533305 0.0690582 0.0837709
0.471863 0.148951 9.9991E-05 0.230702 0.0807359 0.067648
0.208652 0.692504 0.030403 9.9991E-05 0.038798 0.0295436
0.151902 0.230924 0.451981 0.0399298 0.0116432 0.11362
0.177677 0.266604 0.484611 9.9991E-05 0.0188707 0.0521372
0.155298 0.298923 9.9982E-05 0.437518 9.9982E-05 0.108061
0.123857 0.513057 0.362785 9.99729E-05 9.99729E-05 9.99729E-05
0.0997451 9.9973E-05 0.190123 0.709832 9.9973E-05 9.9973E-05
0.19453 0.441565 0.363606 9.99729E-05 9.99729E-05 9.99729E-05
0.142747 0.364898 9.9982E-05 0.400883 9.9982E-05 0.0912727
0.225738 0.152643 9.9982E-05 0.587479 9.9982E-05 0.0339406
0.332596 0.109149 0.0568317 0.291394 0.127803 0.0822256
0.24609 9.9982E-05 0.516966 0.181656 0.0550874 9.9982E-05
0.353634 0.164199 0.161581 0.168924 0.00622937 0.145433
0.411993 0.105184 0.0430552 0.378621 9.9991E-05 0.0610479
0.30911 0.550924 0.139666 9.9973E-05 9.9973E-05 9.9973E-05
0.193897 0.790017 9.9982E-05 0.0133694 9.9982E-05 0.0025162
9.9973E-05 0.237408 0.715113 9.9973E-05 0.0471791 9.9973E-05
0.156597 0.63733 0.118583 9.9991E-05 0.049964 0.0374248
0.370085 0.606444 0.0139947 0.00927619 9.9982E-05 9.9982E-05
9.9991E-05 0.279316 0.538498 0.0153465 0.117073 0.0496663
9.99729E-05 0.260351 0.676484 0.0628649 9.99729E-05 9.99729E-05
9.9982E-05 9.9982E-05 0.139641 0.792245 0.0189902 0.0489241
9.9973E-05 9.9973E-05 0.247209 0.720873 9.9973E-05 0.0316181
9.9973E-05 9.9973E-05 0.836386 0.107676 9.9973E-05 0.0556386
0.0110581 9.99729E-05 0.270345 0.718297 9.99729E-05 9.99729E-05
0.0655692 9.9973E-05 0.138513 0.795618 9.9973E-05 9.9973E-05
0.0684515 9.9982E-05 0.165981 0.611558 9.9982E-05 0.153809
0.0380088 9.9973E-05 0.192564 0.769128 9.9973E-05 9.9973E-05
9.9982E-05 0.147632 0.776691 0.0372364 9.9982E-05 0.0382407
9.9964E-05 0.657166 0.342434 9.9964E-05 9.9964E-05 9.9964E-05
0.0663787 9.9982E-05 0.440791 0.425714 0.0669166 9.9982E-05
0.0519445 0.107856 0.827883 9.9982E-05 0.0121169 9.9982E-05
9.9991E-05 0.0281817 0.781558 0.00844161 0.073714 0.108004
0.0415237 9.9973E-05 0.682512 0.275664 9.9973E-05 9.9973E-05
9.9964E-05 0.255425 0.744175 9.9964E-05 9.9964E-05 9.9964E-05
0.0963063 0.0483071 0.710776 0.107246 0.0372649 9.9991E-05
9.9991E-05 0.018298 0.289858 0.481822 0.0633326 0.14659
9.9991E-05 0.0520194 0.724727 0.114469 0.0627859 0.0458987
0.140422 9.9982E-05 0.679338 0.148572 0.0314684 9.9982E-05
0.0691413 9.9973E-05 0.201862 0.728697 9.9973E-05 9.9973E-05
0.0841417 9.9982E-05 0.420352 0.468795 0.0265112 9.9982E-05
9.9973E-05 0.286907 0.651033 9.9973E-05 0.0617603 9.9973E-05
0.0638968 9.9973E-05 0.901688 9.9973E-05 0.0341155 9.9973E-05
9.9964E-05 0.534747 0.464853 9.9964E-05 9.9964E-05 9.9964E-05
0.0248185 9.99729E-05 0.220685 0.754196 9.99729E-05 9.99729E-05
9.9982E-05 9.9982E-05 0.584166 0.356747 0.0350653 0.0238213
9.9973E-05 0.353282 0.627175 9.9973E-05 0.0192428 9.9973E-05
0.0503342 0.0847954 9.9991E-05 0.770971 0.0757754 0.0180238
9.9991E-05 0.252836 0.0347202 0.605568 0.00934949 0.0974269
0.105004 0.338194 0.416421 9.9991E-05 0.0733562 0.0669257
0.0971295 0.489268 0.125148 0.128827 0.0141373 0.14549
9.9982E-05 0.108779 0.119329 0.630614 9.9982E-05 0.141079
9.9973E-05 0.132743 9.9973E-05 0.788507 9.9973E-05 0.0784503
9.9982E-05 0.0851715 9.9982E-05 0.806316 0.0944257 0.0138868
0.0423784 0.867841 9.9982E-05 0.0276462 9.9982E-05 0.0619344
9.9991E-05 0.271531 0.619108 0.00802352 0.00804255 0.0931948
0.360366 9.9991E-05 0.224637 0.296189 0.0431665 0.0755418
0.0306571 0.108175 0.126233 0.72148 9.9991E-05 0.0133546
0.250624 0.572347 0.143088 9.9991E-05 0.00292541 0.0309161
9.9982E-05 0.0889306 0.695606 0.124591 9.9982E-05 0.0906725
9.9991E-05 0.115138 0.69563 0.114063 0.00565209 0.0694168
0.391534 0.159429 0.0668431 0.270286 9.9991E-05 0.111808
0.237988 0.0272539 0.718267 9.9982E-05 0.0162914 9.9982E-05
0.107774 9.9982E-05 0.415259 0.433112 0.0436554 9.9982E-05
0.114343 9.9991E-05 0.421541 0.393165 0.00949696 0.0613544
9.9973E-05 0.162828 9.9973E-05 0.759827 9.9973E-05 0.0770444
9.9991E-05 0.367496 0.3885 0.0219382 0.144578 0.077387
9.9982E-05 0.102803 0.110878 0.725687 0.0604321 9.9982E-05
0.0236878 0.0909842 0.146713 0.736899 0.00161582 9.9991E-05
9.9964E-05 0.498094 0.501506 9.9964E-05 9.9964E-05 9.9964E-05
9.9973E-05 0.0598555 0.713021 0.226824 9.9973E-05 9.9973E-05
9.9973E-05 0.142808 0.788662 9.9973E-05 0.0682306 9.9973E-05
9.9991E-05 0.00996235 0.071848 0.829424 0.0352761 0.0533896
0.0882062 0.0432627 0.0673076 0.4825 0.217116 0.101608
9.9973E-05 9.9973E-05 0.234388 0.660473 0.104839 9.9973E-05
9.9973E-05 0.423756 0.559792 9.9973E-05 9.9973E-05 0.0161522
0.014047 9.9982E-05 0.33419 0.588685 0.0628782 9.9982E-05
0.0766369 9.9991E-05 0.196276 0.656452 0.0494978 0.0210375
0.143042 9.9982E-05 0.103005 0.739808 0.0139451 9.9982E-05
0.110532 0.228752 0.660416 9.9973E-05 9.9973E-05 9.9973E-05
9.9973E-05 9.9973E-05 0.760596 0.195534 9.9973E-05 0.0435696
9.9982E-05 0.0682057 0.180753 0.68467 9.9982E-05 0.0661716
0.0119811 0.284028 0.451243 0.160536 0.092112 9.9991E-05
0.0872421 9.9991E-05 0.100362 0.773578 0.0281317 0.0105857
0.228032 0.177015 0.208524 0.386229 9.9982E-05 9.9982E-05
0.0209722 9.9991E-05 0.551734 0.305923 0.0854519 0.0358188
9.9964E-05 0.495828 0.503772 9.9964E-05 9.9964E-05 9.9964E-05
9.9982E-05 9.9982E-05 0.631385 0.283446 0.00717941 0.0777899
0.30786 0.228304 0.33175 0.0395129 0.00188385 0.0906884
0.306045 0.537844 0.155811 9.9973E-05 9.9973E-05 9.9973E-05
0.0998022 9.9991E-05 0.723154 0.126747 0.0489145 0.00128172
0.401511 0.00488887 0.580924 9.9982E-05 0.0124763 9.9982E-05
0.0436287 0.144312 0.603639 0.193049 9.9991E-05 0.0152704
0.11829 0.0223502 0.198069 0.640896 9.9991E-05 0.0202944
0.15823 0.708805 0.0709637 9.9982E-05 9.9982E-05 0.0618011
9.9982E-05 0.240512 9.9982E-05 0.631351 0.00536639 0.122571
0.338443 9.9991E-05 0.187281 0.453346 0.00944501 0.011385
0.322396 0.0945964 0.0675646 0.470916 9.9991E-05 0.0444269
0.456002 0.403511 0.140186 9.9973E-05 9.9973E-05 9.9973E-05
0.253225 0.54676 0.199716 9.99729E-05 9.99729E-05 9.99729E-05
9.9982E-05 0.0890326 0.151704 0.667846 9.9982E-05 0.0912172
0.0545513 9.9991E-05 0.76228 0.080203 0.0606802 0.0421853
0.335607 0.0388666 0.451539 0.10446 0.0120036 0.0575233
0.285152 0.593879 0.120669 9.9973E-05 9.9973E-05 9.9973E-05
0.524737 0.1568 0.0206612 0.23973 9.9991E-05 0.0579719
0.209724 0.150946 0.0573202 0.454035 9.9991E-05 0.127874
0.0197497 9.9982E-05 0.232699 0.730675 9.9982E-05 0.016676
0.256331 9.9973E-05 0.182838 0.560531 9.9973E-05 9.9973E-05
0.473709 0.0731392 0.0665203 0.364063 9.9991E-05 0.0224685
0.036231 0.167194 0.754818 9.9991E-05 0.00315558 0.0385017
0.0780933 9.9982E-05 0.25246 0.651461 0.0177857 9.9982E-05
0.0782005 0.127504 0.788432 0.00566349 9.9982E-05 9.9982E-05
0.141017 9.9982E-05 0.691716 0.129588 0.0374789 9.9982E-05
9.9982E-05 9.9982E-05 0.261327 0.688306 0.0268742 0.0232928
0.00203521 0.408511 0.550643 9.9982E-05 0.0386105 9.9982E-05
0.502109 0.291949 0.188808 9.9982E-05 0.0169345 9.9982E-05
0.0565296 0.187915 0.736792 9.9982E-05 9.9982E-05 0.018564
0.291952 0.171722 9.9982E-05 0.417761 9.9982E-05 0.118365
0.191921 0.18909 0.286052 0.202078 9.9991E-05 0.130759
0.0227706 0.100546 0.369679 0.416579 0.000796233 0.0896295
0.161926 0.512274 0.302274 9.9982E-05 0.0233259 9.9982E-05
0.082216 0.103313 0.0712862 0.686709 0.0145027 0.0419733
0.186665 0.0953925 0.460084 0.00919158 0.176867 0.0718004
0.193511 9.9991E-05 0.160916 0.558653 0.0418961 0.044924
0.138383 0.015931 0.0973731 0.639512 0.00796577 0.100835
0.167995 0.0494544 0.149772 0.58409 9.9991E-05 0.0485885
0.0504166 0.0203845 0.217435 0.622104 0.00137771 0.0882821
0.0824091 0.116467 0.130105 0.529991 0.0839424 0.0570854
0.157995 9.9982E-05 0.661388 9.9982E-05 0.0486154 0.131802
0.0438623 0.118946 0.714459 9.9991E-05 0.0781108 0.0445218
0.0912915 0.184475 9.9991E-05 0.628933 0.021064 0.0741367
0.424232 0.17728 9.9982E-05 0.389104 9.9982E-05 0.00918463
0.25141 0.242406 0.285543 0.0421573 0.0657563 0.112727
0.222435 0.753306 9.9973E-05 9.9973E-05 9.9973E-05 0.0239597
9.9964E-05 0.361909 0.637691 9.9964E-05 9.9964E-05 9.9964E-05
0.201728 0.656143 0.133514 9.9982E-05 0.00841417 9.9982E-05
