0.0627159 0.505219 0.315349 9.9937E-05 9.9937E-05 9.9937E-05 9.9937E-05 0.0919561 9.9937E-05 0.0240605 9.9937E-05 9.9937E-05
0.063834 0.480812 0.343536 9.99279E-05 9.99279E-05 9.99279E-05 9.99279E-05 9.99279E-05 0.111019 9.99279E-05 9.99279E-05 9.99279E-05
0.0201771 0.214625 9.99639E-05 0.0548324 0.0177848 0.664841 9.99639E-05 0.0137638 0.00645233 9.99639E-05 0.00712408 9.99639E-05
9.99639E-05 0.246516 0.296617 0.0513158 0.0533867 9.99639E-05 9.99639E-05 0.0476643 0.0968264 9.99639E-05 0.196252 0.0110214
9.99459E-05 9.99459E-05 0.387439 0.0836869 0.177152 9.99459E-05 9.99459E-05 9.99459E-05 0.0691937 0.190836 0.091093 9.99459E-05
0.02818 0.369176 0.0669392 0.316446 0.00354242 0.105232 0.0482497 9.99639E-05 9.99639E-05 0.0618348 9.99639E-05 9.99639E-05
9.99279E-05 0.415616 9.99279E-05 9.99279E-05 9.99279E-05 0.521161 9.99279E-05 9.99279E-05 9.99279E-05 9.99279E-05 0.00445062 0.0579731
0.14555 0.337392 0.11283 0.169256 9.9946E-05 0.209275 0.0250973 9.9946E-05 9.9946E-05 9.9946E-05 9.9946E-05 9.9946E-05
0.0949706 0.38 0.241132 0.0719483 0.00484587 9.99549E-05 9.99549E-05 9.99549E-05 0.0843267 9.99549E-05 0.122276 9.99549E-05
9.99279E-05 9.99279E-05 9.99279E-05 0.35867 9.99279E-05 0.297993 9.99279E-05 0.0635004 9.99279E-05 9.99279E-05 9.99279E-05 0.279036
9.99549E-05 0.193222 0.215721 0.0758664 9.99549E-05 9.99549E-05 9.99549E-05 0.00767087 0.459532 0.0420929 0.00539435 9.99549E-05
0.0172681 0.0100762 0.416505 0.249976 9.99459E-05 9.99459E-05 9.99459E-05 9.99459E-05 0.180553 9.99459E-05 0.125022 9.99459E-05
9.9973E-05 0.239421 9.9973E-05 9.9973E-05 0.0455132 0.13035 0.0277434 0.0154841 0.0892168 0.215306 0.227018 0.00964684
0.0356361 0.441629 9.99201E-05 0.168577 9.99201E-05 0.353358 9.99201E-05 9.99201E-05 9.99201E-05 9.99201E-05 9.99201E-05 9.99201E-05
0.00149183 9.99279E-05 0.419409 0.0753848 9.99279E-05 9.99279E-05 9.99279E-05 9.99279E-05 0.502915 9.99279E-05 9.99279E-05 9.99279E-05
9.99549E-05 0.195952 9.99549E-05 0.0196928 0.0240346 0.383631 0.0388542 0.0394583 9.99549E-05 9.99549E-05 9.99549E-05 0.297878
9.99279E-05 0.52148 9.99279E-05 9.99279E-05 9.99279E-05 0.427093 9.99279E-05 9.99279E-05 9.99279E-05 9.99279E-05 0.0336982 0.0169291
9.99369E-05 0.436534 0.0336263 9.99369E-05 9.99369E-05 0.487911 9.99369E-05 9.99369E-05 0.0390514 0.00217851 9.99369E-05 9.99369E-05
0.0510325 0.224318 0.31693 0.0365916 9.9955E-05 0.099395 9.9955E-05 9.9955E-05 9.9955E-05 0.00374355 0.26749 9.9955E-05
9.99233E-05 9.99233E-05 9.99233E-05 9.99233E-05 0.0994145 9.99233E-05 9.99233E-05 0.775316 0.12437 9.99233E-05 9.99233E-05 9.99233E-05
9.991E-05 9.991E-05 9.991E-05 9.991E-05 9.991E-05 9.991E-05 9.991E-05 0.850431 9.991E-05 9.991E-05 0.14857 9.991E-05
9.99188E-05 0.0728991 9.99188E-05 9.99188E-05 9.99188E-05 9.99188E-05 9.99188E-05 0.890143 9.99188E-05 0.0360584 9.99188E-05 9.99188E-05
0.00440999 9.99279E-05 9.99279E-05 9.99279E-05 0.0258847 9.99279E-05 9.99279E-05 0.629202 9.99279E-05 9.99279E-05 0.339704 9.99279E-05
0.0642927 9.99369E-05 0.0278369 9.99369E-05 9.99369E-05 9.99369E-05 9.99369E-05 0.705317 0.126212 9.99369E-05 0.0756418 9.99369E-05
0.050763 0.0831163 9.99459E-05 0.0104752 9.99459E-05 0.202354 0.203502 0.44919 9.99459E-05 9.99459E-05 9.99459E-05 9.99459E-05
0.336638 9.99459E-05 0.0989511 0.0504503 0.0571296 9.99459E-05 9.99459E-05 0.311357 0.144874 9.99459E-05 9.99459E-05 9.99459E-05
9.99369E-05 9.99369E-05 9.99369E-05 9.99369E-05 0.0383834 0.0220956 0.263023 0.221154 9.99369E-05 9.99369E-05 9.99369E-05 0.454644
0.228034 9.9955E-05 9.9955E-05 9.9955E-05 0.21235 9.9955E-05 9.9955E-05 0.244985 0.103182 0.120214 0.0597224 0.0310131
9.99369E-05 0.0812097 9.99369E-05 9.99369E-05 9.99369E-05 9.99369E-05 0.0234656 0.839643 9.99369E-05 0.0415028 9.99369E-05 0.0134793
9.99099E-05 9.99099E-05 9.99099E-05 9.99099E-05 9.99099E-05 9.99099E-05 9.99099E-05 0.861778 9.99099E-05 9.99099E-05 0.137223 9.99099E-05
0.0141544 9.99461E-05 9.99461E-05 9.99461E-05 9.99461E-05 0.0989452 0.0766738 0.556579 9.99461E-05 9.99461E-05 0.126549 0.126499
0.340539 0.0538124 9.99549E-05 9.99549E-05 0.0187507 9.99549E-05 0.274861 0.154604 9.99549E-05 0.102339 9.99549E-05 0.0545947
9.99278E-05 9.99278E-05 9.99278E-05 9.99278E-05 9.99278E-05 0.160106 0.0667955 0.570866 9.99278E-05 9.99278E-05 9.99278E-05 0.201433
0.0243315 0.104925 9.99369E-05 9.99369E-05 9.99369E-05 0.155972 0.0886483 0.625423 9.99369E-05 9.99369E-05 9.99369E-05 9.99369E-05
9.99279E-05 9.99279E-05 9.99279E-05 0.0384511 9.99279E-05 9.99279E-05 9.99279E-05 0.8369 0.0138703 9.99279E-05 0.109979 9.99279E-05
9.99369E-05 9.99369E-05 0.0087629 9.99369E-05 0.0579023 9.99369E-05 9.99369E-05 0.734993 0.194636 9.99369E-05 0.00300595 9.99369E-05
9.99279E-05 9.99279E-05 9.99279E-05 9.99279E-05 0.0322259 9.99279E-05 9.99279E-05 0.6829 0.283772 9.99279E-05 9.99279E-05 0.000303284
9.99279E-05 9.99279E-05 0.0402177 9.99279E-05 0.0380793 9.99279E-05 9.99279E-05 0.6735 9.99279E-05 9.99279E-05 0.247404 9.99279E-05
9.99187E-05 0.12667 9.99187E-05 9.99187E-05 0.457601 9.99187E-05 0.41483 9.99187E-05 9.99187E-05 9.99187E-05 9.99187E-05 9.99187E-05
9.9937E-05 9.9937E-05 0.00834161 9.9937E-05 0.0208056 9.9937E-05 0.790494 9.9937E-05 9.9937E-05 0.11177 9.9937E-05 0.0678897
0.0514426 9.99459E-05 9.99459E-05 0.00790204 9.99459E-05 0.0933825 0.591709 0.0241909 9.99459E-05 9.99459E-05 9.99459E-05 0.230773
0.0692585 9.99549E-05 9.99549E-05 9.99549E-05 0.235276 9.99549E-05 0.29184 0.0162589 9.99549E-05 0.0374608 0.300243 0.0491629
9.99278E-05 0.132891 9.99278E-05 9.99278E-05 0.148255 9.99278E-05 0.459267 0.258787 9.99278E-05 9.99278E-05 9.99278E-05 9.99278E-05
0.0308018 9.994E-05 9.994E-05 0.068009 9.994E-05 0.0806284 0.673618 0.025461 0.120883 9.994E-05 9.994E-05 9.994E-05
0.571701 9.99279E-05 0.140093 9.99279E-05 0.143636 9.99279E-05 9.99279E-05 9.99279E-05 9.99279E-05 9.99279E-05 0.14377 9.99279E-05
0.021337 9.99369E-05 0.254891 9.99369E-05 0.471306 9.99369E-05 0.202005 9.99369E-05 0.0497613 9.99369E-05 9.99369E-05 9.99369E-05
9.99369E-05 9.99369E-05 9.99369E-05 0.00225424 9.99369E-05 0.207527 0.603009 0.145316 9.99369E-05 9.99369E-05 9.99369E-05 0.0411944
9.99278E-05 0.119236 9.99278E-05 0.00192189 0.347533 9.99278E-05 0.53051 9.99278E-05 9.99278E-05 9.99278E-05 9.99278E-05 9.99278E-05
9.9928E-05 9.9928E-05 0.0175262 9.9928E-05 9.9928E-05 9.9928E-05 0.455232 9.9928E-05 9.9928E-05 0.0226537 9.9928E-05 0.503789
0.0869876 0.0522104 0.105367 9.9946E-05 0.433465 9.9946E-05 0.316007 9.9946E-05 9.9946E-05 9.9946E-05 0.00536329 9.9946E-05
9.99279E-05 9.99279E-05 9.99279E-05 9.99279E-05 0.141933 9.99279E-05 0.672797 9.99279E-05 9.99279E-05 0.0728552 9.99279E-05 0.111616
9.99463E-05 9.99463E-05 9.99463E-05 9.99463E-05 0.201798 9.99463E-05 0.394335 0.0696666 0.0207447 0.0723257 0.24053 9.99463E-05
0.227964 9.99459E-05 9.99459E-05 0.0426725 0.224422 9.99459E-05 0.111306 0.0693317 0.323705 9.99459E-05 9.99459E-05 9.99459E-05
0.0984476 9.99459E-05 0.151315 0.0125238 0.127822 9.99459E-05 0.334214 9.99459E-05 0.275078 9.99459E-05 9.99459E-05 9.99459E-05
0.163686 9.9955E-05 0.0550874 9.9955E-05 0.230136 9.9955E-05 0.157944 0.0273272 9.9955E-05 9.9955E-05 0.357995 0.00732484
0.273893 9.99189E-05 9.99189E-05 9.99189E-05 9.99189E-05 9.99189E-05 9.99189E-05 0.32975 9.99189E-05 9.99189E-05 0.395458 9.99189E-05
0.0182924 0.082227 9.99458E-05 9.99458E-05 0.228837 0.00182083 0.605973 9.99458E-05 9.99458E-05 0.0622504 9.99458E-05 9.99458E-05
0.194163 9.9964E-05 9.9964E-05 9.9964E-05 0.243516 9.9964E-05 0.31007 0.0335857 0.0400635 0.040142 0.0439073 0.0941524
0.0311504 0.0389704 9.99369E-05 9.99369E-05 9.99369E-05 9.99369E-05 0.80379 9.99369E-05 9.99369E-05 0.0713384 9.99369E-05 0.0540509
9.99369E-05 0.00224346 9.99369E-05 9.99369E-05 0.789492 9.99369E-05 0.182098 9.99369E-05 0.00338098 0.0220862 9.99369E-05 9.99369E-05
0.126434 0.111219 9.99458E-05 9.99458E-05 0.494788 9.99458E-05 0.204612 0.0432627 0.019086 9.99458E-05 9.99458E-05 9.99458E-05
0.0906163 9.99369E-05 0.175298 9.99369E-05 0.324713 9.99369E-05 0.353314 9.99369E-05 0.0553587 9.99369E-05 9.99369E-05 9.99369E-05
0.343756 0.00688461 9.99549E-05 9.99549E-05 0.089976 0.0220259 0.278107 9.99549E-05 9.99549E-05 0.127887 9.99549E-05 0.130863
9.99369E-05 9.99369E-05 9.99369E-05 9.99369E-05 0.626875 0.0405591 0.00638472 0.0433223 9.99369E-05 9.99369E-05 0.282159 9.99369E-05
0.0767246 9.99279E-05 9.99279E-05 9.99279E-05 0.217266 0.498567 0.206642 9.99279E-05 9.99279E-05 9.99279E-05 9.99279E-05 9.99279E-05
0.344955 0.120602 9.99549E-05 0.0179682 0.170934 9.99549E-05 0.0331091 0.111591 0.200341 9.99549E-05 9.99549E-05 9.99549E-05
9.991E-05 9.991E-05 0.0850642 9.991E-05 0.913937 9.991E-05 9.991E-05 9.991E-05 9.991E-05 9.991E-05 9.991E-05 9.991E-05
0.00733301 9.9928E-05 9.9928E-05 9.9928E-05 0.780426 0.0848507 9.9928E-05 9.9928E-05 0.126591 9.9928E-05 9.9928E-05 9.9928E-05
0.705681 0.0767877 9.99549E-05 9.99549E-05 0.0910863 0.0352991 0.0273709 0.0585333 9.99549E-05 0.00474194 9.99549E-05 9.99549E-05
0.37055 0.146984 9.99549E-05 0.0237298 0.0437395 9.99549E-05 0.135204 0.258924 9.99549E-05 0.0203695 9.99549E-05 9.99549E-05
0.327838 9.99369E-05 9.99369E-05 9.99369E-05 9.99369E-05 9.99369E-05 0.191611 0.101428 9.99369E-05 0.00697102 9.99369E-05 0.371453
9.99279E-05 9.99279E-05 9.99279E-05 9.99279E-05 0.205707 0.404357 0.340788 9.99279E-05 9.99279E-05 9.99279E-05 9.99279E-05 0.0483481
0.0318193 9.99369E-05 0.126998 9.99369E-05 0.0179876 9.99369E-05 9.99369E-05 0.651628 9.99369E-05 9.99369E-05 0.170868 9.99369E-05
9.99277E-05 9.99277E-05 9.99277E-05 9.99277E-05 0.365526 0.211099 0.341906 9.99277E-05 9.99277E-05 9.99277E-05 9.99277E-05 0.0806699
0.35742 9.99278E-05 9.99278E-05 9.99278E-05 0.601197 9.99278E-05 9.99278E-05 9.99278E-05 0.0163184 0.0242651 9.99278E-05 9.99278E-05
0.524274 9.99549E-05 0.014493 0.0192269 0.0267083 9.99549E-05 9.99549E-05 0.124382 0.17032 9.99549E-05 0.120096 9.99549E-05
9.99278E-05 9.99278E-05 9.99278E-05 9.99278E-05 9.99278E-05 0.16302 0.084408 0.696265 9.99278E-05 9.99278E-05 9.99278E-05 0.0555079
9.9928E-05 9.9928E-05 9.9928E-05 9.9928E-05 9.9928E-05 0.248034 0.276047 0.190634 9.9928E-05 9.9928E-05 9.9928E-05 0.284486
9.99278E-05 0.0224952 9.99278E-05 9.99278E-05 9.99278E-05 0.144358 0.162517 0.669831 9.99278E-05 9.99278E-05 9.99278E-05 9.99278E-05
0.30192 0.0395523 9.99639E-05 0.0123169 0.0521152 9.99639E-05 0.121202 0.327203 9.99639E-05 0.126696 9.99639E-05 0.0185942
9.9937E-05 9.9937E-05 9.9937E-05 9.9937E-05 0.0584922 9.9937E-05 0.278476 0.158007 9.9937E-05 0.0737511 9.9937E-05 0.430574
0.0404446 9.99369E-05 9.99369E-05 9.99369E-05 0.279955 9.99369E-05 0.201493 0.199121 9.99369E-05 9.99369E-05 0.278287 9.99369E-05
9.99279E-05 9.99279E-05 9.99279E-05 9.99279E-05 0.40024 9.99279E-05 0.444634 9.99279E-05 9.99279E-05 0.0201616 0.134166 9.99279E-05
0.0523738 9.9946E-05 9.9946E-05 9.9946E-05 0.0455409 9.9946E-05 0.428417 0.0857252 0.10526 9.9946E-05 0.282083 9.9946E-05
9.99278E-05 9.99278E-05 9.99278E-05 9.99278E-05 0.231467 0.164612 0.509255 9.99278E-05 9.99278E-05 9.99278E-05 9.99278E-05 0.0938674
9.99369E-05 9.99369E-05 9.99369E-05 9.99369E-05 0.637319 9.99369E-05 0.10058 0.12458 9.99369E-05 0.118035 9.99369E-05 0.0187864
0.182284 9.99279E-05 9.99279E-05 9.99279E-05 0.718756 0.0157853 9.99279E-05 9.99279E-05 9.99279E-05 9.99279E-05 0.0823758 9.99279E-05
0.489508 0.068779 9.99458E-05 0.00845625 9.99458E-05 0.174361 0.0383119 0.219985 9.99458E-05 9.99458E-05 9.99458E-05 9.99458E-05
0.214468 9.99188E-05 9.99188E-05 9.99188E-05 9.99188E-05 0.279083 0.50555 9.99188E-05 9.99188E-05 9.99188E-05 9.99188E-05 9.99188E-05
0.735843 9.99189E-05 0.0938338 9.99189E-05 9.99189E-05 9.99189E-05 9.99189E-05 0.169424 9.99189E-05 9.99189E-05 9.99189E-05 9.99189E-05
0.393962 9.99188E-05 9.99188E-05 9.99188E-05 9.99188E-05 0.273128 0.332011 9.99188E-05 9.99188E-05 9.99188E-05 9.99188E-05 9.99188E-05
0.485475 9.99188E-05 9.99188E-05 9.99188E-05 9.99188E-05 0.266284 0.247342 9.99188E-05 9.99188E-05 9.99188E-05 9.99188E-05 9.99188E-05
0.726491 9.99279E-05 0.18115 9.99279E-05 0.0759743 9.99279E-05 9.99279E-05 9.99279E-05 9.99279E-05 9.99279E-05 0.015585 9.99279E-05
0.329411 0.0950769 9.99369E-05 9.99369E-05 0.169233 0.107771 0.297809 9.99369E-05 9.99369E-05 9.99369E-05 9.99369E-05 9.99369E-05
0.634639 0.107229 9.99279E-05 9.99279E-05 9.99279E-05 0.0144948 0.242838 9.99279E-05 9.99279E-05 9.99279E-05 9.99279E-05 9.99279E-05
9.99279E-05 9.99279E-05 9.99279E-05 9.99279E-05 9.99279E-05 0.0425812 0.0421835 9.99279E-05 9.99279E-05 0.571601 9.99279E-05 0.342835
9.9955E-05 9.9955E-05 0.00625973 9.9955E-05 9.9955E-05 0.0659103 0.163636 0.0153556 9.9955E-05 0.620475 0.0104198 0.117444
9.99189E-05 9.99189E-05 9.99189E-05 9.99189E-05 9.99189E-05 9.99189E-05 0.0419823 9.99189E-05 9.99189E-05 0.774842 0.182276 9.99189E-05
0.161805 9.9928E-05 0.353102 9.9928E-05 9.9928E-05 0.0178988 9.9928E-05 9.9928E-05 9.9928E-05 0.466395 9.9928E-05 9.9928E-05
0.0280756 9.99369E-05 9.99369E-05 0.00300992 9.99369E-05 0.0726655 9.99369E-05 9.99369E-05 9.99369E-05 0.568071 9.99369E-05 0.327478
0.144479 0.520292 0.13138 9.99369E-05 9.99369E-05 9.99369E-05 9.99369E-05 9.99369E-05 9.99369E-05 0.159842 0.0433071 9.99369E-05
9.99098E-05 9.99098E-05 9.99098E-05 9.99098E-05 9.99098E-05 0.599866 9.99098E-05 9.99098E-05 9.99098E-05 0.399135 9.99098E-05 9.99098E-05
0.0122082 9.99369E-05 9.99369E-05 9.99369E-05 9.99369E-05 0.00791053 0.0237197 9.99369E-05 9.99369E-05 0.702955 9.99369E-05 0.252507
0.0432005 0.136649 9.99549E-05 0.0414834 9.99549E-05 0.064801 0.010969 0.035502 9.99549E-05 0.666895 9.99549E-05 9.99549E-05
9.99459E-05 9.99459E-05 0.0429192 9.99459E-05 0.154779 9.99459E-05 9.99459E-05 0.0110748 0.220489 0.547111 0.023027 9.99459E-05
9.99279E-05 9.99279E-05 9.99279E-05 0.0706198 9.99279E-05 9.99279E-05 0.0471984 9.99279E-05 9.99279E-05 0.28509 9.99279E-05 0.596292
9.99369E-05 9.99369E-05 9.99369E-05 0.0245803 0.0257303 0.067915 9.99369E-05 9.99369E-05 0.46968 0.411395 9.99369E-05 9.99369E-05
9.99369E-05 0.0449687 9.99369E-05 9.99369E-05 9.99369E-05 0.120665 0.0308967 9.99369E-05 9.99369E-05 0.688004 9.99369E-05 0.114766
0.0812324 0.306973 9.99369E-05 9.99369E-05 0.0172209 9.99369E-05 9.99369E-05 9.99369E-05 0.0959659 0.497909 9.99369E-05 9.99369E-05
9.99369E-05 0.142539 9.99369E-05 0.064735 9.99369E-05 9.99369E-05 9.99369E-05 0.0719162 9.99369E-05 0.650776 9.99369E-05 0.0693342
9.99459E-05 0.311973 0.00588835 9.99459E-05 9.99459E-05 0.351422 9.99459E-05 0.0485564 9.99459E-05 0.250434 9.99459E-05 0.0311265
0.0944416 9.99458E-05 0.274929 9.99458E-05 0.042269 9.99458E-05 9.99458E-05 9.99458E-05 0.104098 0.401636 0.0820268 9.99458E-05
0.0471621 9.99278E-05 9.99278E-05 9.99278E-05 9.99278E-05 0.0320961 9.99278E-05 9.99278E-05 9.99278E-05 0.349339 0.570603 9.99278E-05
9.99549E-05 0.0653344 9.99549E-05 0.0896185 9.99549E-05 0.013141 0.152424 0.0795894 9.99549E-05 0.592971 9.99549E-05 0.00642151
9.99279E-05 0.0199173 9.99279E-05 9.99279E-05 9.99279E-05 0.332246 0.0281866 9.99279E-05 9.99279E-05 0.61885 9.99279E-05 9.99279E-05
9.99459E-05 0.0117523 9.99459E-05 0.0622538 0.0426824 9.99459E-05 9.99459E-05 0.0591222 0.0820508 0.741539 9.99459E-05 9.99459E-05
9.99099E-05 9.99099E-05 9.99099E-05 9.99099E-05 9.99099E-05 9.99099E-05 9.99099E-05 9.99099E-05 9.99099E-05 0.675347 0.323654 9.99099E-05
9.9964E-05 0.342163 0.288941 0.0517157 0.177026 9.9964E-05 9.9964E-05 0.0113905 0.0814361 0.0345464 0.0123818 9.9964E-05
9.99098E-05 9.99098E-05 9.99098E-05 0.671127 9.99098E-05 0.327874 9.99098E-05 9.99098E-05 9.99098E-05 9.99098E-05 9.99098E-05 9.99098E-05
0.0261312 0.244731 0.109547 9.99549E-05 0.0157405 9.99549E-05 0.00410524 9.99549E-05 9.99549E-05 9.99549E-05 0.551332 0.0479127
9.99369E-05 0.745112 9.99369E-05 0.016423 9.99369E-05 9.99369E-05 0.0148759 0.039842 9.99369E-05 9.99369E-05 9.99369E-05 0.183047
9.99188E-05 9.99188E-05 9.99188E-05 0.448481 9.99188E-05 0.000984158 9.99188E-05 9.99188E-05 9.99188E-05 9.99188E-05 9.99188E-05 0.549636
9.993E-05 0.240924 0.131198 0.00250919 9.993E-05 9.993E-05 9.993E-05 9.993E-05 0.417613 9.993E-05 0.207056 9.993E-05
9.99279E-05 9.99279E-05 9.99279E-05 0.690733 9.99279E-05 9.99279E-05 9.99279E-05 0.0142034 0.251169 9.99279E-05 9.99279E-05 0.0430954
0.0720154 0.654811 9.99549E-05 0.000340223 0.111633 0.097793 9.99549E-05 9.99549E-05 9.99549E-05 0.0354823 0.0274253 9.99549E-05
9.99098E-05 9.99098E-05 9.99098E-05 0.729501 9.99098E-05 9.99098E-05 9.99098E-05 9.99098E-05 9.99098E-05 9.99098E-05 0.2695 9.99098E-05
9.9937E-05 0.0651574 9.9937E-05 0.219438 9.9937E-05 0.452593 9.9937E-05 9.9937E-05 9.9937E-05 9.9937E-05 0.0158552 0.246257
9.995E-05 0.102134 0.190713 0.192307 0.105993 9.995E-05 9.995E-05 9.995E-05 0.338458 0.014598 0.0552986 9.995E-05
0.0204458 9.99189E-05 9.99189E-05 0.557789 9.99189E-05 9.99189E-05 9.99189E-05 9.99189E-05 9.99189E-05 9.99189E-05 0.420866 9.99189E-05
9.99189E-05 9.99189E-05 9.99189E-05 0.354933 9.99189E-05 0.149643 9.99189E-05 9.99189E-05 9.99189E-05 9.99189E-05 9.99189E-05 0.494526
9.99279E-05 0.0991129 0.521808 9.99279E-05 9.99279E-05 9.99279E-05 9.99279E-05 9.99279E-05 0.285427 9.99279E-05 0.0928526 9.99279E-05
9.99368E-05 9.99368E-05 0.120849 0.573206 0.0374285 9.99368E-05 9.99368E-05 9.99368E-05 0.00487139 9.99368E-05 0.262946 9.99368E-05
9.99368E-05 0.262623 0.0595517 9.99368E-05 9.99368E-05 0.0626203 9.99368E-05 9.99368E-05 0.24803 9.99368E-05 0.366476 9.99368E-05
9.99189E-05 9.99189E-05 9.99189E-05 0.427683 9.99189E-05 0.00493778 9.99189E-05 9.99189E-05 9.99189E-05 9.99189E-05 9.99189E-05 0.56648
9.99458E-05 0.0508741 0.146659 0.352679 0.00917528 9.99458E-05 9.99458E-05 9.99458E-05 0.0669593 9.99458E-05 0.373054 9.99458E-05
9.99369E-05 0.232038 0.341325 9.99369E-05 0.0651409 9.99369E-05 9.99369E-05 9.99369E-05 0.305011 0.0557858 9.99369E-05 9.99369E-05
0.109222 0.650166 9.99278E-05 0.109967 9.99278E-05 0.129846 9.99278E-05 9.99278E-05 9.99278E-05 9.99278E-05 9.99278E-05 9.99278E-05
9.99641E-05 0.206843 0.0715139 9.99641E-05 0.0451694 0.0187986 9.99641E-05 0.0576902 9.99641E-05 0.0859851 0.390544 0.123056
0.000730121 0.369467 0.00347696 0.100288 0.0246471 9.9973E-05 9.9973E-05 0.0590939 0.0108105 9.9973E-05 0.421599 0.00958729
9.99278E-05 0.0750129 9.99278E-05 0.418236 9.99278E-05 0.0794078 9.99278E-05 9.99278E-05 9.99278E-05 9.99278E-05 9.99278E-05 0.426544
0.0152298 0.196296 0.160376 0.15837 9.99639E-05 0.119043 0.073616 0.0305671 0.246102 9.99639E-05 9.99639E-05 9.99639E-05
0.0985709 0.286471 9.99188E-05 0.614059 9.99188E-05 9.99188E-05 9.99188E-05 9.99188E-05 9.99188E-05 9.99188E-05 9.99188E-05 9.99188E-05
0.0173639 0.345022 9.99549E-05 0.0884308 9.99549E-05 9.99549E-05 0.0885362 0.0317381 9.99549E-05 0.15566 9.99549E-05 0.272749
0.0465557 0.092509 0.0962106 0.203056 0.010485 9.9982E-05 0.026672 0.00898934 0.208389 0.0954549 0.211478 9.9982E-05
9.9946E-05 0.0784423 9.9946E-05 0.306215 0.153485 9.9946E-05 9.9946E-05 0.00917968 9.9946E-05 0.427226 9.9946E-05 0.024852
0.00289261 9.9964E-05 0.0107313 9.9964E-05 0.0236102 0.106526 0.00828384 0.0470389 9.9964E-05 9.9964E-05 0.0450098 0.755508
0.0559915 0.275525 9.99549E-05 0.259824 9.99549E-05 0.163098 9.99549E-05 0.0341474 9.99549E-05 0.135239 9.99549E-05 0.0756753
9.99639E-05 0.304499 9.99639E-05 0.0723756 9.99639E-05 0.23267 0.0449639 0.0321766 0.0320107 0.0762514 9.99639E-05 0.204653
9.99459E-05 0.0869204 9.99459E-05 0.133153 0.0636868 9.99459E-05 9.99459E-05 0.0401723 0.496945 9.99459E-05 9.99459E-05 0.178523
9.99188E-05 0.351746 9.99188E-05 9.99188E-05 9.99188E-05 0.117873 9.99188E-05 9.99188E-05 9.99188E-05 9.99188E-05 9.99188E-05 0.529482
9.99278E-05 0.232686 0.11385 9.99278E-05 9.99278E-05 9.99278E-05 9.99278E-05 9.99278E-05 0.295016 9.99278E-05 0.357649 9.99278E-05
9.99369E-05 0.452702 9.99369E-05 0.0429384 9.99369E-05 0.0083194 9.99369E-05 0.00264487 9.99369E-05 9.99369E-05 9.99369E-05 0.492696
9.9955E-05 0.0146336 9.9955E-05 0.347839 0.00581196 9.9955E-05 9.9955E-05 0.00185821 9.9955E-05 0.0461107 0.38472 0.198526
9.99639E-05 0.020777 0.0402194 0.187278 0.00832955 0.00816287 9.99639E-05 9.99639E-05 0.0874468 0.149285 0.498101 9.99639E-05
9.9946E-05 0.396294 9.9946E-05 0.201284 0.0976001 9.9946E-05 0.0511714 0.0462892 9.9946E-05 0.206761 9.9946E-05 9.9946E-05
9.99459E-05 0.582957 0.0633847 0.0289346 0.0936875 0.0731293 9.99459E-05 9.99459E-05 9.99459E-05 0.157308 9.99459E-05 9.99459E-05
9.99459E-05 0.399398 9.99459E-05 0.176233 0.0540927 9.99459E-05 9.99459E-05 0.0899204 9.99459E-05 0.21977 9.99459E-05 0.0599871
9.99369E-05 0.259066 9.99369E-05 9.99369E-05 9.99369E-05 9.99369E-05 9.99369E-05 9.99369E-05 0.0446731 0.171455 0.432767 0.0913392
9.9937E-05 0.121349 0.0261495 9.9937E-05 9.9937E-05 0.0648675 9.9937E-05 9.9937E-05 9.9937E-05 0.0884972 9.9937E-05 0.698437
9.99279E-05 9.99279E-05 9.99279E-05 0.261437 9.99279E-05 0.00811891 9.99279E-05 9.99279E-05 9.99279E-05 0.0176989 9.99279E-05 0.711945
9.99279E-05 0.221963 9.99279E-05 0.228396 9.99279E-05 0.499859 0.0489824 9.99279E-05 9.99279E-05 9.99279E-05 9.99279E-05 9.99279E-05
9.99279E-05 0.114123 9.99279E-05 0.176512 9.99279E-05 9.99279E-05 0.123728 9.99279E-05 9.99279E-05 9.99279E-05 9.99279E-05 0.584838
9.9928E-05 9.9928E-05 0.059635 9.9928E-05 9.9928E-05 9.9928E-05 9.9928E-05 9.9928E-05 0.0802397 0.0316361 9.9928E-05 0.82769
9.99459E-05 0.00393353 0.0023783 0.35315 9.99459E-05 0.49787 0.137025 9.99459E-05 9.99459E-05 0.00504324 9.99459E-05 9.99459E-05
0.0128911 0.539722 9.99459E-05 0.0483006 9.99459E-05 0.207228 9.99459E-05 9.99459E-05 0.0251512 9.99459E-05 9.99459E-05 0.166108
0.0605711 9.9946E-05 0.809793 0.0065228 0.00362818 9.9946E-05 9.9946E-05 0.0656929 9.9946E-05 9.9946E-05 9.9946E-05 0.0531928
0.00263796 0.058213 0.608082 9.99549E-05 9.99549E-05 0.0640876 9.99549E-05 0.0428083 0.102727 9.99549E-05 0.120944 9.99549E-05
0.123865 0.324338 0.14201 9.99369E-05 9.99369E-05 0.402299 9.99369E-05 9.99369E-05 0.00678817 9.99369E-05 9.99369E-05 9.99369E-05
9.99368E-05 0.0419968 0.472047 9.99368E-05 9.99368E-05 0.0683548 9.99368E-05 9.99368E-05 0.40517 9.99368E-05 0.0117318 9.99368E-05
0.0320101 9.99459E-05 0.805335 9.99459E-05 9.99459E-05 9.99459E-05 9.99459E-05 9.99459E-05 0.0846338 0.000266681 0.0295339 0.0476208
9.99369E-05 0.00954496 0.326639 9.99369E-05 9.99369E-05 0.100615 9.99369E-05 0.0946271 9.99369E-05 9.99369E-05 0.467875 9.99369E-05
0.0385955 0.0304464 0.542696 9.99459E-05 9.99459E-05 0.0723419 9.99459E-05 9.99459E-05 0.0522282 9.99459E-05 0.263092 9.99459E-05
0.0381965 0.149627 0.114744 9.9946E-05 9.9946E-05 0.652109 9.9946E-05 0.026793 9.9946E-05 9.9946E-05 9.9946E-05 0.0179313
9.9919E-05 9.9919E-05 9.9919E-05 0.149072 9.9919E-05 0.431385 9.9919E-05 9.9919E-05 9.9919E-05 9.9919E-05 9.9919E-05 0.418644
0.188308 0.264897 0.443606 9.99369E-05 9.99369E-05 0.0316676 9.99369E-05 9.99369E-05 9.99369E-05 0.0708214 9.99369E-05 9.99369E-05
0.0163544 9.9928E-05 0.0500938 9.9928E-05 9.9928E-05 0.876807 9.9928E-05 9.9928E-05 9.9928E-05 0.0559449 9.9928E-05 9.9928E-05
0.289225 0.235341 9.9919E-05 9.9919E-05 9.9919E-05 0.474534 9.9919E-05 9.9919E-05 9.9919E-05 9.9919E-05 9.9919E-05 9.9919E-05
0.11471 0.355882 0.274019 9.99369E-05 9.99369E-05 0.205328 9.99369E-05 9.99369E-05 0.0493611 9.99369E-05 9.99369E-05 9.99369E-05
9.99279E-05 0.203251 9.99279E-05 0.100898 9.99279E-05 0.637712 9.99279E-05 9.99279E-05 9.99279E-05 9.99279E-05 9.99279E-05 0.0573392
9.99369E-05 0.121628 0.269552 9.99369E-05 9.99369E-05 0.507232 0.0514427 9.99369E-05 9.99369E-05 0.0494449 9.99369E-05 9.99369E-05
9.99459E-05 0.121888 0.390928 0.27786 9.99459E-05 9.99459E-05 0.0960008 0.0864615 0.0262619 9.99459E-05 9.99459E-05 9.99459E-05
0.0509941 0.266144 0.062666 9.99549E-05 0.0544001 0.446543 9.99549E-05 0.00664629 0.112106 9.99549E-05 9.99549E-05 9.99549E-05
0.0193358 0.108557 0.321097 9.99459E-05 9.99459E-05 0.387768 0.0128926 9.99459E-05 9.99459E-05 0.149749 9.99459E-05 9.99459E-05
9.99279E-05 0.0518651 0.407334 9.99279E-05 9.99279E-05 9.99279E-05 9.99279E-05 9.99279E-05 0.539752 9.99279E-05 0.000249607 9.99279E-05
0.0735499 0.329539 0.491013 9.995E-05 9.995E-05 0.0241656 0.0269307 9.995E-05 0.0262136 0.0280883 9.995E-05 9.995E-05
9.9955E-05 0.020172 0.00330061 9.9955E-05 0.0462892 0.770312 9.9955E-05 9.9955E-05 0.0309421 9.9955E-05 0.0235193 0.104965
0.0223173 0.435148 9.99459E-05 9.99459E-05 0.000723658 0.484845 9.99459E-05 9.99459E-05 9.99459E-05 0.0161487 0.0402186 9.99459E-05
9.99279E-05 0.0117981 9.99279E-05 0.113735 9.99279E-05 0.582827 9.99279E-05 9.99279E-05 9.99279E-05 9.99279E-05 9.99279E-05 0.29084
9.99279E-05 0.256372 0.631209 9.99279E-05 9.99279E-05 9.99279E-05 9.99279E-05 9.99279E-05 0.110231 9.99279E-05 0.00138914 9.99279E-05
0.169108 0.54342 0.252369 0.0186971 0.00338151 9.9946E-05 9.9946E-05 9.9946E-05 0.0124244 9.9946E-05 9.9946E-05 9.9946E-05
9.99369E-05 0.0658503 9.99369E-05 0.10391 9.99369E-05 0.701518 0.0191508 9.99369E-05 9.99369E-05 9.99369E-05 9.99369E-05 0.108871
9.9946E-05 9.9946E-05 0.419005 0.300283 0.0796417 9.9946E-05 9.9946E-05 9.9946E-05 0.0911066 0.0401404 0.0692235 9.9946E-05
9.99189E-05 9.99189E-05 0.0542615 0.420763 9.99189E-05 9.99189E-05 9.99189E-05 9.99189E-05 0.524076 9.99189E-05 9.99189E-05 9.99189E-05
0.0769951 0.264845 9.99549E-05 0.0113839 9.99549E-05 0.179347 0.0987358 0.0381457 9.99549E-05 9.99549E-05 9.99549E-05 0.330047
9.99549E-05 0.051069 9.99549E-05 0.594985 9.99549E-05 0.0220971 0.0308542 0.0280855 9.99549E-05 0.10257 9.99549E-05 0.169839
0.0777644 9.9946E-05 0.228354 0.183393 9.9946E-05 0.027266 9.9946E-05 0.0488702 0.433752 9.9946E-05 9.9946E-05 9.9946E-05
0.0509578 9.99279E-05 0.39944 0.395558 9.99279E-05 9.99279E-05 9.99279E-05 9.99279E-05 9.99279E-05 9.99279E-05 0.153245 9.99279E-05
0.135885 9.99369E-05 0.316289 0.273044 9.99369E-05 9.99369E-05 9.99369E-05 9.99369E-05 0.158051 9.99369E-05 0.116031 9.99369E-05
9.9919E-05 9.9919E-05 9.9919E-05 0.247643 9.9919E-05 9.9919E-05 9.9919E-05 0.00553824 9.9919E-05 9.9919E-05 9.9919E-05 0.74592
0.0680484 0.235026 9.99369E-05 0.367925 9.99369E-05 0.311359 0.0169426 9.99369E-05 9.99369E-05 9.99369E-05 9.99369E-05 9.99369E-05
0.0510288 0.188326 0.042028 0.183714 0.0421052 9.99549E-05 9.99549E-05 9.99549E-05 0.135674 0.356624 9.99549E-05 9.99549E-05
9.99279E-05 9.99279E-05 0.339046 0.325376 9.99279E-05 9.99279E-05 9.99279E-05 9.99279E-05 0.318461 0.0163177 9.99279E-05 9.99279E-05
9.995E-05 0.110738 9.995E-05 0.183514 9.995E-05 0.0541278 0.0534862 0.00790307 9.995E-05 0.092224 9.995E-05 0.497507
0.013754 0.508042 0.0730954 0.174706 9.9955E-05 0.179345 0.0044839 0.0460736 9.9955E-05 9.9955E-05 9.9955E-05 9.9955E-05
0.0725581 0.25534 0.0539271 0.27128 9.99369E-05 0.346195 9.99369E-05 9.99369E-05 9.99369E-05 9.99369E-05 9.99369E-05 9.99369E-05
9.99459E-05 0.217946 9.99459E-05 0.367691 0.0516499 9.99459E-05 9.99459E-05 0.0256735 0.0257766 0.310663 9.99459E-05 9.99459E-05
9.99279E-05 0.43349 9.99279E-05 9.99279E-05 9.99279E-05 0.370444 0.0379124 9.99279E-05 9.99279E-05 0.157354 9.99279E-05 9.99279E-05
0.0248185 0.282644 0.30063 9.99549E-05 0.0542799 0.076222 9.99549E-05 9.99549E-05 0.217523 0.0433825 9.99549E-05 9.99549E-05
0.0729153 0.533561 0.0592843 0.184231 0.00951825 9.99549E-05 9.99549E-05 9.99549E-05 0.126772 0.0132186 9.99549E-05 9.99549E-05
9.9946E-05 9.9946E-05 0.204025 0.299092 0.0180714 9.9946E-05 9.9946E-05 0.0134301 0.264717 9.9946E-05 0.200065 9.9946E-05
9.99458E-05 0.00577117 9.99458E-05 0.40896 9.99458E-05 0.399809 0.154921 0.0238261 9.99458E-05 0.00611323 9.99458E-05 9.99458E-05
0.0088196 9.99369E-05 0.51209 0.286323 9.99369E-05 9.99369E-05 0.029798 9.99369E-05 0.16227 9.99369E-05 9.99369E-05 9.99369E-05
9.99459E-05 0.0414794 0.338473 0.193803 9.99459E-05 0.0221842 0.00790889 9.99459E-05 9.99459E-05 9.99459E-05 0.395551 9.99459E-05
9.99279E-05 0.0019214 9.99279E-05 0.216422 9.99279E-05 0.632797 9.99279E-05 9.99279E-05 9.99279E-05 9.99279E-05 9.99279E-05 0.14806
0.072089 0.34711 0.0646393 9.99369E-05 9.99369E-05 0.303212 9.99369E-05 9.99369E-05 0.21225 9.99369E-05 9.99369E-05 9.99369E-05
0.0363464 0.207223 0.0338591 0.162015 9.994E-05 0.518351 0.0416059 9.994E-05 9.994E-05 9.994E-05 9.994E-05 9.994E-05
0.0472742 9.9955E-05 0.750467 0.0328477 0.0319668 9.9955E-05 9.9955E-05 0.0417424 0.0701126 9.9955E-05 9.9955E-05 0.0250892
0.0764102 0.00521005 0.284476 0.0080493 0.0117407 0.0367717 0.169617 0.0646751 9.9991E-05 0.0105944 0.323832 0.00852269
0.0292143 0.130996 0.617765 0.067106 0.0971173 0.0128027 0.0083402 9.99639E-05 0.0362583 9.99639E-05 9.99639E-05 9.99639E-05
9.99279E-05 9.99279E-05 9.99279E-05 0.216093 9.99279E-05 0.708378 9.99279E-05 0.0032037 9.99279E-05 9.99279E-05 9.99279E-05 0.0715252
0.0643625 0.198786 0.639639 0.0173756 0.0443289 0.0337882 9.9955E-05 9.9955E-05 9.9955E-05 9.9955E-05 0.00121977 9.9955E-05
9.99459E-05 9.99459E-05 0.709958 0.0891788 0.0500892 0.0404494 9.99459E-05 0.0467634 9.99459E-05 0.0629617 9.99459E-05 9.99459E-05
9.9955E-05 9.9955E-05 0.635596 0.0363477 0.0388749 0.0118146 9.9955E-05 9.9955E-05 0.195476 0.0665961 9.9955E-05 0.0147952
9.9928E-05 9.9928E-05 9.9928E-05 9.9928E-05 9.9928E-05 0.855964 9.9928E-05 9.9928E-05 0.0210706 0.112534 9.9928E-05 0.00963268
0.0301349 0.306022 0.256298 0.0895532 9.99549E-05 0.282719 0.0238453 9.99549E-05 0.0109281 9.99549E-05 9.99549E-05 9.99549E-05
0.0523392 9.9955E-05 0.320842 9.9955E-05 9.9955E-05 0.0853667 9.9955E-05 0.0271295 0.405015 9.9955E-05 0.0776768 0.0311308
9.9964E-05 0.0188811 0.170361 0.205648 9.9964E-05 0.428708 0.091504 9.9964E-05 9.9964E-05 0.0253398 0.00936637 0.0497918
9.9928E-05 9.9928E-05 0.82501 9.9928E-05 0.0796555 9.9928E-05 9.9928E-05 0.0520178 9.9928E-05 9.9928E-05 9.9928E-05 0.0425168
9.9955E-05 0.265856 0.0507686 9.9955E-05 9.9955E-05 0.0699325 0.0297832 9.9955E-05 9.9955E-05 0.00938924 0.431379 0.142391
0.107477 9.99459E-05 0.383582 0.143134 9.99459E-05 0.288016 0.000968356 9.99459E-05 9.99459E-05 0.0762229 9.99459E-05 9.99459E-05
9.9919E-05 9.9919E-05 9.9919E-05 0.0824207 9.9919E-05 0.730313 9.9919E-05 9.9919E-05 9.9919E-05 9.9919E-05 9.9919E-05 0.186367
0.185196 0.42716 0.190646 0.0934185 9.99369E-05 0.10288 9.99369E-05 9.99369E-05 9.99369E-05 9.99369E-05 9.99369E-05 9.99369E-05
9.99729E-05 0.425177 9.99729E-05 0.121378 0.0160016 0.0256897 0.0195255 0.0571614 0.00544169 0.166968 9.99729E-05 0.162357
9.9946E-05 0.221379 9.9946E-05 0.000302448 9.9946E-05 9.9946E-05 0.0329113 0.0106975 9.9946E-05 0.0726007 9.9946E-05 0.661509
9.99549E-05 0.700743 0.0331688 0.0479838 0.0270199 0.139887 0.0375791 9.99549E-05 9.99549E-05 0.0131188 9.99549E-05 9.99549E-05
0.0668727 9.99278E-05 9.99278E-05 0.0652457 9.99278E-05 0.416397 9.99278E-05 9.99278E-05 9.99278E-05 0.450685 9.99278E-05 9.99278E-05
0.0303328 0.433578 9.99459E-05 0.156783 9.99459E-05 0.227074 9.99459E-05 9.99459E-05 0.132592 9.99459E-05 9.99459E-05 0.0190397
9.99369E-05 0.308317 0.162101 0.0723468 9.99369E-05 9.99369E-05 9.99369E-05 9.99369E-05 0.189791 9.99369E-05 0.266745 9.99369E-05
9.99369E-05 0.0722475 9.99369E-05 0.278608 9.99369E-05 9.99369E-05 0.00431627 0.0235141 9.99369E-05 9.99369E-05 9.99369E-05 0.620615
9.9946E-05 9.9946E-05 0.044696 0.324964 0.0730147 9.9946E-05 9.9946E-05 0.0100396 9.9946E-05 9.9946E-05 0.511781 0.0349056
0.162776 0.0899049 0.309633 9.99458E-05 9.99458E-05 9.99458E-05 9.99458E-05 9.99458E-05 0.055956 0.343847 0.0372832 9.99458E-05
9.99459E-05 0.0868347 9.99459E-05 9.99459E-05 0.0134841 9.99459E-05 9.99459E-05 9.99459E-05 0.677753 0.109821 0.0269552 0.084553
9.99369E-05 0.16839 0.0409488 9.99369E-05 9.99369E-05 9.99369E-05 0.0179685 9.99369E-05 9.99369E-05 0.181875 9.99369E-05 0.590118
9.99369E-05 0.0701519 9.99369E-05 0.000179231 9.99369E-05 0.282387 9.99369E-05 9.99369E-05 9.99369E-05 0.109867 9.99369E-05 0.536715
9.9937E-05 9.9937E-05 0.1254 0.211207 9.9937E-05 0.0888876 9.9937E-05 9.9937E-05 0.265528 9.9937E-05 0.308278 9.9937E-05
0.0483083 0.605421 9.9937E-05 9.9937E-05 9.9937E-05 0.20047 0.0579505 9.9937E-05 0.0871515 9.9937E-05 9.9937E-05 9.9937E-05
9.99639E-05 0.574202 0.0247246 0.0400621 9.99639E-05 0.00208079 0.0834501 0.0343281 9.99639E-05 0.235358 9.99639E-05 0.00539381
9.99189E-05 9.99189E-05 9.99189E-05 9.99189E-05 9.99189E-05 0.297009 9.99189E-05 9.99189E-05 9.99189E-05 0.127174 9.99189E-05 0.574918
9.9946E-05 0.316044 9.9946E-05 0.0862049 9.9946E-05 9.9946E-05 9.9946E-05 0.0372474 0.122061 0.297406 9.9946E-05 0.140438
9.99549E-05 0.254216 9.99549E-05 0.185024 9.99549E-05 9.99549E-05 9.99549E-05 0.0722992 0.0775085 0.0761106 0.298523 0.0358188
0.0095854 0.101757 0.39694 0.0255319 0.0168924 0.00788037 9.99549E-05 9.99549E-05 0.440913 9.99549E-05 9.99549E-05 9.99549E-05
9.99369E-05 0.26681 0.105119 9.99369E-05 0.0458927 9.99369E-05 9.99369E-05 9.99369E-05 0.516712 0.0647678 9.99369E-05 9.99369E-05
9.99459E-05 0.228224 9.99459E-05 9.99459E-05 0.0264486 9.99459E-05 9.99459E-05 9.99459E-05 0.0432498 0.268839 0.350062 0.0825771
0.0461329 9.99369E-05 0.0864819 9.99369E-05 9.99369E-05 0.795652 9.99369E-05 0.00494823 9.99369E-05 0.066085 9.99369E-05 9.99369E-05
0.0506571 9.99459E-05 0.792011 9.99459E-05 9.99459E-05 0.0606297 9.99459E-05 0.00867074 0.01052 0.0769122 9.99459E-05 9.99459E-05
0.0057357 0.0666733 0.0954903 0.00633164 9.9955E-05 0.71261 9.9955E-05 9.9955E-05 9.9955E-05 0.0977261 0.0149334 9.9955E-05
0.106818 0.254047 0.126292 0.0193897 9.99459E-05 0.321969 9.99459E-05 9.99459E-05 9.99459E-05 0.170885 9.99459E-05 9.99459E-05
0.148922 0.136984 0.67132 0.0419738 9.99279E-05 9.99279E-05 9.99279E-05 9.99279E-05 9.99279E-05 9.99279E-05 9.99279E-05 9.99279E-05
9.9946E-05 9.9946E-05 0.0128102 0.00324018 0.000295631 0.851096 9.9946E-05 0.0220945 9.9946E-05 9.9946E-05 9.9946E-05 0.109864
9.99368E-05 0.223047 9.99368E-05 9.99368E-05 9.99368E-05 9.99368E-05 0.0836355 9.99368E-05 0.0716178 0.249964 9.99368E-05 0.371035
9.99549E-05 0.421654 9.99549E-05 0.0860122 9.99549E-05 0.405044 0.00523333 0.00504036 0.0183802 9.99549E-05 9.99549E-05 0.0581368
9.9946E-05 0.0237929 9.9946E-05 0.0790142 9.9946E-05 9.9946E-05 9.9946E-05 0.0539146 0.63446 0.115146 9.9946E-05 0.0930729
0.0188315 0.280367 9.995E-05 0.185875 9.995E-05 9.995E-05 9.995E-05 0.0535979 0.276697 0.076222 9.995E-05 0.107909
0.150931 0.138628 9.99369E-05 0.135773 9.99369E-05 0.10369 9.99369E-05 9.99369E-05 0.470277 9.99369E-05 9.99369E-05 9.99369E-05
9.99279E-05 9.99279E-05 9.99279E-05 9.99279E-05 9.99279E-05 0.235778 0.00967639 9.99279E-05 0.240382 9.99279E-05 9.99279E-05 0.513364
0.0773306 0.022097 9.99369E-05 9.99369E-05 9.99369E-05 0.0563417 9.99369E-05 9.99369E-05 0.259003 9.99369E-05 0.584528 9.99369E-05
0.15978 0.362431 9.99639E-05 9.99639E-05 9.99639E-05 0.0889877 0.106404 0.00365978 0.047688 0.103514 9.99639E-05 0.127135
9.99549E-05 9.99549E-05 0.0646116 0.0561342 9.99549E-05 0.033184 0.0564177 9.99549E-05 0.579643 0.106892 0.102619 9.99549E-05
0.140038 0.00928382 0.0149367 9.99549E-05 9.99549E-05 9.99549E-05 9.99549E-05 9.99549E-05 0.37613 0.0144019 0.436074 0.00863599
0.00873253 0.0571261 9.99369E-05 9.99369E-05 9.99369E-05 9.99369E-05 9.99369E-05 9.99369E-05 0.891813 0.0327348 9.99369E-05 0.00889431
0.105685 0.0517802 0.0772237 0.028374 9.99369E-05 9.99369E-05 9.99369E-05 9.99369E-05 0.736237 9.99369E-05 9.99369E-05 9.99369E-05
0.00367064 9.99459E-05 9.99459E-05 9.99459E-05 0.0231223 0.0372711 0.0456329 9.99459E-05 0.854225 9.99459E-05 9.99459E-05 0.0354788
0.133524 0.485878 9.99639E-05 9.99639E-05 9.99639E-05 0.138277 0.023567 0.0240358 0.120039 0.0625078 9.99639E-05 0.0117724
9.99459E-05 0.246169 9.99459E-05 0.100284 9.99459E-05 0.501514 0.0941938 0.0110075 9.99459E-05 0.0462317 9.99459E-05 9.99459E-05
9.99549E-05 9.99549E-05 0.0651232 0.151715 0.0638838 0.0868335 9.99549E-05 9.99549E-05 0.0521264 9.99549E-05 0.547346 0.0324724
9.9937E-05 9.9937E-05 9.9937E-05 0.00442124 0.0858187 9.9937E-05 9.9937E-05 9.9937E-05 0.529768 0.178086 9.9937E-05 0.201206
9.99549E-05 0.361917 9.99549E-05 0.0873851 9.99549E-05 9.99549E-05 0.102121 0.0593517 9.99549E-05 0.110336 0.0577481 0.220641
0.0714526 9.99459E-05 9.99459E-05 0.0442725 9.99459E-05 9.99459E-05 9.99459E-05 0.00994938 0.000672322 0.00110988 9.99459E-05 0.871944
9.9928E-05 0.0370263 9.9928E-05 9.9928E-05 9.9928E-05 0.75763 9.9928E-05 9.9928E-05 0.0411447 9.9928E-05 9.9928E-05 0.163399
9.9955E-05 0.0449328 0.0288633 9.9955E-05 9.9955E-05 0.101622 0.0435731 9.9955E-05 0.0257327 0.00098875 9.9955E-05 0.753787
