0.204158 0.13549 0.660352
0.180299 0.0499463 0.769754
0.753867 9.9991E-05 0.246033
0.0925332 0.08217 0.825297
9.9991E-05 0.189645 0.810255
0.46322 0.114984 0.421797
0.767096 9.9991E-05 0.232804
0.465404 0.0831011 0.451495
0.0946973 0.106321 0.798981
0.864092 0.110611 0.0252978
0.134202 0.036371 0.829427
0.0136956 0.053408 0.932896
0.376544 0.163434 0.460022
0.707515 9.9991E-05 0.292385
0.0215059 0.0190556 0.959439
0.894832 0.0770032 0.0281649
0.711212 9.9991E-05 0.288688
0.608331 9.9991E-05 0.391569
0.185438 9.9991E-05 0.814462
0.0228829 0.785548 0.191569
9.9991E-05 0.814746 0.185154
0.0767786 0.809838 0.113384
9.9991E-05 0.673389 0.326511
9.9991E-05 0.647104 0.352796
0.395866 0.604034 9.9991E-05
9.9991E-05 0.562222 0.437678
0.469521 0.530379 9.9991E-05
9.9991E-05 0.578694 0.421206
0.218833 0.766019 0.0151478
9.9991E-05 0.790729 0.209171
0.308308 0.581262 0.11043
0.283778 0.716122 9.9991E-05
0.473449 0.526451 9.9991E-05
0.344088 0.633727 0.0221852
9.9991E-05 0.764821 0.235079
9.9991E-05 0.670386 0.329514
0.0648226 0.683827 0.25135
9.9991E-05 0.666777 0.333123
9.9991E-05 0.826541 0.173359
0.315575 0.684325 9.9991E-05
0.492575 0.507325 9.9991E-05
0.073292 0.69646 0.230248
0.188493 0.811407 9.9991E-05
0.365935 0.633965 9.9991E-05
9.9991E-05 0.477741 0.522159
9.9991E-05 0.574633 0.425267
0.467813 0.532087 9.9991E-05
0.0601531 0.816334 0.123513
0.637572 0.362328 9.9991E-05
9.9991E-05 0.713795 0.286105
0.242106 0.757794 9.9991E-05
0.0255245 0.729735 0.244741
9.9991E-05 0.57339 0.42651
9.9991E-05 0.545879 0.454021
9.9991E-05 0.534958 0.464942
9.9991E-05 0.545544 0.454356
0.25587 0.74403 9.9991E-05
0.134566 0.832813 0.0326218
0.31522 0.68468 9.9991E-05
9.9991E-05 0.776771 0.223129
9.9991E-05 0.733627 0.266273
9.9991E-05 0.642937 0.356963
0.402264 0.597636 9.9991E-05
9.9991E-05 0.662075 0.337825
0.531232 0.468668 9.9991E-05
9.9991E-05 0.543572 0.456328
9.9991E-05 0.651246 0.348654
9.9991E-05 0.614542 0.385358
0.067247 0.638919 0.293834
0.177295 0.713442 0.109263
0.444531 0.555369 9.9991E-05
0.461906 0.537994 9.9991E-05
9.9991E-05 0.640179 0.359721
0.3941 0.6058 9.9991E-05
9.9991E-05 0.703184 0.296716
9.9991E-05 0.524658 0.475242
0.36664 0.63326 9.9991E-05
0.549143 0.450757 9.9991E-05
0.326675 0.673225 9.9991E-05
0.146079 0.77227 0.0816515
0.465766 0.534134 9.9991E-05
9.9991E-05 0.722689 0.277211
0.043897 0.813565 0.142538
0.0975771 0.709034 0.193389
0.437954 0.561946 9.9991E-05
9.9991E-05 0.818929 0.180971
9.9991E-05 0.626413 0.373487
0.368539 0.560007 0.0714536
0.497235 0.502665 9.9991E-05
9.9991E-05 0.580255 0.419645
0.404955 0.594945 9.9991E-05
0.391755 0.560976 0.0472686
9.9991E-05 0.51222 0.48768
0.200072 0.614195 0.185733
0.194471 0.61754 0.187989
0.790365 0.201546 0.0080898
0.603512 0.299232 0.0972555
0.433676 0.25509 0.311234
0.210159 0.10913 0.680711
0.813933 0.128483 0.0575838
0.26277 0.0649609 0.672269
0.849968 9.9991E-05 0.149932
0.726874 0.198091 0.0750342
0.579494 0.21754 0.202967
0.133833 0.275526 0.590641
0.869184 0.130716 9.9991E-05
0.287525 0.152707 0.559768
0.719303 0.156376 0.12432
0.399495 0.155947 0.444558
0.516423 0.198811 0.284766
0.705967 0.0167967 0.277236
9.9991E-05 0.218431 0.781469
0.167225 0.187256 0.64552
0.544266 0.366226 0.0895077
0.747596 0.0811275 0.171276
0.354224 0.288713 0.357064
0.221147 0.24599 0.532863
0.141079 0.108904 0.750017
0.693546 0.0539115 0.252543
0.163155 0.110691 0.726154
0.715837 0.016951 0.267212
0.986238 0.0136622 9.9991E-05
0.0663395 9.9991E-05 0.93356
0.371592 0.14734 0.481068
0.401424 0.101967 0.496609
0.301631 0.178274 0.520095
0.917466 0.00650723 0.0760263
0.0590092 0.113764 0.827227
0.173604 0.208445 0.617951
0.974103 0.0257975 9.9991E-05
0.00491052 9.9991E-05 0.994989
0.0208721 0.19819 0.780938
0.168433 9.9991E-05 0.831467
0.968092 0.0318085 9.9991E-05
0.0626627 0.105018 0.83232
0.049084 0.0650625 0.885854
0.512376 9.9991E-05 0.487525
0.298879 0.174141 0.52698
0.24188 0.121848 0.636272
0.9998 9.999E-05 9.999E-05
0.287658 0.114426 0.597916
0.407013 0.164605 0.428382
0.751354 0.187389 0.0612576
0.139032 0.176018 0.68495
0.311708 0.311348 0.376944
0.876793 0.123107 9.9991E-05
0.640508 0.136459 0.223033
0.814209 0.0665069 0.119284
0.342162 0.16041 0.497428
0.9998 9.999E-05 9.999E-05
0.0911219 9.9991E-05 0.908778
0.920341 9.9991E-05 0.0795585
0.392013 0.172151 0.435836
0.19783 0.115705 0.686465
0.30552 0.273456 0.421025
0.417328 0.0845569 0.498115
0.439759 0.227405 0.332837
0.364793 0.0928282 0.542379
0.973646 0.0262543 9.9991E-05
0.957009 0.0428912 9.9991E-05
0.778328 0.0220511 0.199621
0.87685 0.12305 9.9991E-05
0.943316 9.9991E-05 0.056584
0.706571 0.130293 0.163135
0.733285 9.9991E-05 0.266615
9.9991E-05 0.0946324 0.905268
0.0167439 0.0429445 0.940312
0.53214 9.9991E-05 0.46776
0.0466565 9.9991E-05 0.953243
9.999E-05 9.999E-05 0.9998
0.0666849 0.158922 0.774393
0.0310334 0.010918 0.958049
0.69567 9.9991E-05 0.30423
0.992274 9.9991E-05 0.00762592
0.155035 0.084987 0.759978
0.775647 9.9991E-05 0.224253
0.562227 0.123448 0.314325
0.355998 9.9991E-05 0.643902
0.867464 9.9991E-05 0.132436
0.59291 0.00675793 0.400332
0.125527 0.21515 0.659323
0.529138 0.0729912 0.397871
0.463079 0.0409679 0.495953
0.0549888 0.00753104 0.93748
0.195532 0.0475814 0.756886
0.808801 0.0320792 0.159119
0.639423 9.9991E-05 0.360477
0.995265 9.9991E-05 0.00463515
9.999E-05 9.999E-05 0.9998
0.249242 0.069634 0.681124
0.919339 9.9991E-05 0.0805614
0.0127405 0.14159 0.845669
0.191619 0.147585 0.660796
0.841104 0.158796 9.9991E-05
0.66903 0.181166 0.149804
0.0956297 0.157487 0.746883
9.9991E-05 0.135433 0.864467
9.9991E-05 0.161984 0.837916
0.91478 0.0851198 9.9991E-05
0.712294 0.0833167 0.204389
0.238994 0.194755 0.56625
0.126159 0.00138944 0.872451
0.900578 0.0993223 9.9991E-05
0.555242 0.0490592 0.395699
0.569477 0.0565514 0.373972
0.381916 0.186286 0.431798
0.750179 9.9991E-05 0.249721
0.235572 0.0320033 0.732425
0.269058 0.0759815 0.65496
0.0488894 0.11291 0.8382
0.679966 0.215426 0.104608
0.0731131 0.0883198 0.838567
0.106918 0.0387776 0.854304
0.925988 9.9991E-05 0.0739115
0.491267 9.9991E-05 0.508633
0.709323 0.0299476 0.260729
9.9991E-05 0.0992111 0.900689
0.100915 0.320815 0.578271
0.0394279 0.0730846 0.887487
0.911442 9.9991E-05 0.0884579
0.0728472 0.0639433 0.863209
0.0265898 0.109521 0.863889
0.0278283 0.0550592 0.917112
0.859852 9.9991E-05 0.140048
0.483112 9.9991E-05 0.516788
0.120922 0.0730389 0.806039
0.615458 0.0829136 0.301628
9.9991E-05 0.0801421 0.919758
0.436276 0.0341448 0.529579
0.310604 0.113325 0.576072
0.923885 9.9991E-05 0.0760151
0.329108 0.0659062 0.604986
0.658111 0.125913 0.215976
0.95563 0.0442703 9.9991E-05
0.527451 0.0387727 0.433777
0.736624 0.0332905 0.230086
0.566552 9.9991E-05 0.433348
0.152228 9.9991E-05 0.847672
0.916665 0.0832353 9.9991E-05
0.106717 0.236696 0.656587
0.117184 0.120829 0.761987
0.305894 0.091548 0.602558
0.910343 0.0298866 0.0597702
0.9998 9.999E-05 9.999E-05
0.108936 0.0763186 0.814746
0.526566 0.0559813 0.417453
0.519483 0.100812 0.379705
0.99339 0.00651005 9.9991E-05
0.457238 0.124016 0.418746
0.259828 0.158028 0.582143
0.0799838 0.0185437 0.901473
0.130541 0.0505002 0.818958
0.336404 0.138655 0.52494
0.776202 0.0111458 0.212653
0.00681529 0.069486 0.923699
0.737988 9.9991E-05 0.261912
0.485146 0.026987 0.487867
9.9991E-05 0.0867543 0.913146
0.880637 0.0345033 0.0848594
0.790779 0.0961806 0.11304
0.773791 9.9991E-05 0.226109
0.317992 0.157369 0.524639
0.4989 0.119168 0.381932
0.317413 0.0810592 0.601528
0.949548 0.0503525 9.9991E-05
0.114337 0.105433 0.78023
0.541349 0.248764 0.209887
0.145853 0.127099 0.727048
0.0853995 0.135786 0.778814
0.186664 0.068266 0.745071
0.10418 0.105953 0.789867
0.216137 0.164322 0.619541
0.552986 0.160877 0.286136
0.735437 0.089723 0.17484
0.150806 0.172533 0.67666
0.332688 0.166286 0.501025
0.622956 0.189681 0.187363
0.904357 0.0955426 9.9991E-05
0.946907 9.9991E-05 0.0529934
0.979642 0.0202581 9.9991E-05
