0.131447 0.368356 0.075584 9.9991E-05 0.424513
0.0843706 0.4099 9.9982E-05 9.9982E-05 0.505529
9.9982E-05 9.9982E-05 0.0422928 0.148757 0.808751
0.141808 0.705295 9.9991E-05 0.0495012 0.103295
0.301807 0.688093 0.00990066 9.9982E-05 9.9982E-05
0.066801 0.190729 0.093945 0.0996931 0.548832
9.9973E-05 9.9973E-05 9.9973E-05 0.161493 0.838207
9.999E-05 0.152456 0.0989296 0.0227819 0.725733
9.9982E-05 0.573238 0.0456617 9.9982E-05 0.380901
9.999E-05 0.0631549 0.0653101 0.645853 0.225582
0.140486 0.626242 9.9982E-05 9.9982E-05 0.233072
9.9982E-05 0.806044 9.9982E-05 0.0605381 0.133218
0.358382 0.287534 0.0676678 0.0409355 0.245481
9.999E-05 0.0330413 0.016139 0.160317 0.790402
9.9973E-05 0.789215 9.9973E-05 9.9973E-05 0.210486
0.1011 9.9991E-05 0.0596734 0.410316 0.428811
0.0299476 9.9982E-05 9.9982E-05 0.130055 0.839797
0.0381835 0.00934342 9.9982E-05 9.9982E-05 0.952273
0.0773427 0.542682 9.9982E-05 9.9982E-05 0.379775
0.0479322 0.273967 0.628656 0.0493442 9.9991E-05
0.0534374 0.280449 0.640006 0.0260083 9.9991E-05
0.0899131 0.170765 0.715224 0.0239979 9.9991E-05
0.0150929 0.443387 0.54132 9.9982E-05 9.9982E-05
9.9973E-05 0.47046 0.52924 9.9973E-05 9.9973E-05
9.9982E-05 9.9982E-05 0.601176 0.105447 0.293177
9.99729E-05 0.526365 0.473335 9.99729E-05 9.99729E-05
9.9973E-05 9.9973E-05 0.497017 0.502683 9.9973E-05
0.163023 0.425103 0.411674 9.9982E-05 9.9982E-05
0.10532 0.100942 0.68633 0.107309 9.9991E-05
9.9973E-05 0.348182 0.651518 9.9973E-05 9.9973E-05
9.9991E-05 0.203549 0.517355 0.263284 0.0157126
0.127284 9.9991E-05 0.701544 0.0554589 0.115613
9.9982E-05 9.9982E-05 0.554868 0.406377 0.0385552
9.9982E-05 9.9982E-05 0.635907 0.0592333 0.30466
9.9982E-05 0.345526 0.645995 0.0082795 9.9982E-05
9.9973E-05 0.455508 0.544192 9.9973E-05 9.9973E-05
9.9982E-05 0.345223 0.532914 0.121663 9.9982E-05
9.9973E-05 0.460088 0.539612 9.9973E-05 9.9973E-05
0.0717776 0.125426 0.759934 9.9991E-05 0.0427626
0.223361 9.9982E-05 0.68097 0.0954691 9.9982E-05
9.9973E-05 9.9973E-05 0.545881 0.453819 9.9973E-05
0.139535 0.266693 0.561429 0.0322438 9.9991E-05
0.082681 9.9982E-05 0.808723 9.9982E-05 0.108396
0.0103429 9.9991E-05 0.657983 0.126556 0.205018
9.9973E-05 0.602676 0.397024 9.9973E-05 9.9973E-05
9.9973E-05 0.490964 0.508736 9.9973E-05 9.9973E-05
9.9982E-05 9.9982E-05 0.587113 0.244378 0.168309
0.0987604 0.115777 0.78308 9.9991E-05 0.00228287
0.229969 9.9982E-05 0.317722 0.452109 9.9982E-05
0.0114332 0.311237 0.677129 9.9982E-05 9.9982E-05
0.20041 9.9982E-05 0.705565 0.0938246 9.9982E-05
0.189893 0.240042 0.569865 9.9982E-05 9.9982E-05
9.9982E-05 0.450872 0.526195 9.9982E-05 0.0227323
9.9982E-05 0.373577 0.484998 9.9982E-05 0.141225
0.0183008 0.503692 0.474206 0.00370149 9.9991E-05
9.9973E-05 0.551391 0.448309 9.9973E-05 9.9973E-05
0.103797 9.9991E-05 0.77448 0.0301341 0.0914895
0.154217 0.0871477 0.701475 0.0570607 9.9991E-05
0.152741 9.9991E-05 0.705516 0.136922 0.00472108
0.0291439 0.288061 0.682595 9.9982E-05 9.9982E-05
9.99729E-05 0.285896 0.713804 9.99729E-05 9.99729E-05
9.9982E-05 0.336257 0.607928 9.9982E-05 0.0556151
0.127402 9.9991E-05 0.614517 0.0655466 0.192434
9.9973E-05 0.423121 0.57658 9.9973E-05 9.9973E-05
9.9982E-05 9.9982E-05 0.495768 0.167183 0.336849
9.9982E-05 0.422837 0.485447 9.9982E-05 0.0915162
9.9973E-05 0.430472 0.569228 9.9973E-05 9.9973E-05
0.00481051 0.454079 0.540911 9.9982E-05 9.9982E-05
9.99819E-05 0.192792 0.577854 9.99819E-05 0.229154
0.0504773 0.116856 0.692352 0.00431499 0.136
0.120058 9.9982E-05 0.549946 0.329796 9.9982E-05
9.9982E-05 9.9982E-05 0.59314 0.262438 0.144222
9.9973E-05 0.484359 0.515341 9.9973E-05 9.9973E-05
0.03562 9.9991E-05 0.644526 0.141701 0.178053
9.99729E-05 0.369315 0.630385 9.99729E-05 9.99729E-05
9.9973E-05 0.529343 0.470357 9.9973E-05 9.9973E-05
9.99819E-05 9.99819E-05 0.67173 0.237779 0.0902909
9.9982E-05 9.9982E-05 0.496807 0.458714 0.0442786
9.9982E-05 9.9982E-05 0.685683 0.130653 0.183464
0.188715 0.105034 0.685234 0.0209172 9.9991E-05
0.231982 9.9982E-05 0.44532 0.322498 9.9982E-05
9.9973E-05 0.353023 0.646677 9.9973E-05 9.9973E-05
0.105442 0.162153 0.732205 9.9982E-05 9.9982E-05
0.0759633 0.258255 0.621475 0.0442067 9.9991E-05
9.9982E-05 9.9982E-05 0.634746 0.247172 0.117882
0.163114 0.181211 0.655475 9.9982E-05 9.9982E-05
9.9973E-05 0.453606 0.546094 9.9973E-05 9.9973E-05
9.9982E-05 9.9982E-05 0.558582 0.0115024 0.429716
9.9982E-05 9.9982E-05 0.557125 0.131353 0.311322
9.9982E-05 0.362395 0.507487 9.9982E-05 0.129918
9.9973E-05 9.9973E-05 0.594512 9.9973E-05 0.405188
9.9973E-05 9.9973E-05 0.560805 9.9973E-05 0.438895
9.9973E-05 0.531221 0.468479 9.9973E-05 9.9973E-05
9.9973E-05 9.9973E-05 0.590412 9.9973E-05 0.409288
9.9982E-05 0.063394 0.58397 9.9982E-05 0.352436
0.696823 9.9982E-05 0.0395338 0.263444 9.9982E-05
0.688701 9.9991E-05 0.154689 0.106124 0.0503867
0.879624 0.0621533 0.058023 9.9982E-05 9.9982E-05
0.440751 0.351436 9.9982E-05 9.9982E-05 0.207614
0.681172 9.9982E-05 9.9982E-05 0.303538 0.0150894
0.239956 0.306064 9.9982E-05 9.9982E-05 0.45378
0.401698 9.9982E-05 9.9982E-05 0.0732501 0.524852
0.812301 9.9991E-05 0.027875 0.15538 0.00434341
0.668777 9.9991E-05 0.104643 0.0110209 0.215459
0.628865 0.331818 0.0391172 9.9982E-05 9.9982E-05
0.434779 9.9973E-05 9.9973E-05 0.564921 9.9973E-05
0.504136 0.431943 9.9991E-05 0.0484506 0.0153699
0.785725 9.9991E-05 0.0150814 0.0703729 0.128721
0.572583 0.133717 0.0365444 9.9991E-05 0.257055
0.74343 0.0907852 0.0246502 0.110503 0.0306315
0.31186 9.9982E-05 9.9982E-05 0.0978143 0.590126
0.436636 0.528886 0.0320106 9.9991E-05 0.00236784
0.503219 0.487835 0.00874602 9.9982E-05 9.9982E-05
0.610301 9.9991E-05 0.241642 0.0848417 0.0631153
0.627704 9.9982E-05 9.9982E-05 0.0450733 0.327023
0.76668 0.146034 0.0870853 9.9982E-05 9.9982E-05
0.783874 0.215826 9.9973E-05 9.9973E-05 9.9973E-05
0.206807 0.561731 0.00303929 9.9991E-05 0.228323
9.9982E-05 0.216932 9.9982E-05 0.521242 0.261626
0.14042 0.596517 0.0273084 0.0722581 0.163496
0.176683 0.0247301 9.9991E-05 0.214917 0.58357
0.0371124 9.9982E-05 9.9982E-05 0.942594 0.0200932
0.0910244 0.730152 9.9982E-05 9.9982E-05 0.178623
9.99729E-05 0.51301 9.99729E-05 0.48669 9.99729E-05
0.122805 0.189576 0.087433 9.9991E-05 0.600086
9.9982E-05 0.552566 0.00579711 0.441437 9.9982E-05
9.9982E-05 0.00962269 9.9982E-05 0.578751 0.411426
0.151585 0.701336 0.0116406 0.0503736 0.0850647
9.9982E-05 0.63816 0.0399017 0.321738 9.9982E-05
0.0266261 9.9991E-05 0.0106418 0.899992 0.0626404
0.118442 0.728275 9.9982E-05 9.9982E-05 0.153083
9.9982E-05 0.769648 0.00795572 0.222196 9.9982E-05
0.0548796 0.599865 9.9982E-05 9.9982E-05 0.345056
9.9973E-05 0.0225551 9.9973E-05 0.977145 9.9973E-05
9.9982E-05 0.758313 9.9982E-05 0.159014 0.0824732
0.200425 0.600821 9.9982E-05 9.9982E-05 0.198554
9.9982E-05 0.187238 9.9982E-05 0.0552096 0.757353
0.286444 0.397834 0.0705106 0.0779487 0.167263
0.165462 0.551053 0.0172232 0.129861 0.136401
9.99729E-05 9.99729E-05 9.99729E-05 0.796683 0.203017
9.9991E-05 0.383539 0.0959183 0.0477647 0.472678
9.9991E-05 0.335709 0.0982602 0.294923 0.271008
0.286086 9.9991E-05 0.123797 0.313535 0.276483
0.146296 0.556063 0.0904914 0.0361234 0.171027
0.494969 0.245486 0.106637 0.152807 9.9991E-05
0.204422 0.000261701 0.0516157 0.712483 0.031217
0.154432 0.0715327 0.0960428 0.25187 0.426123
0.173786 9.9991E-05 0.0541196 0.280751 0.491243
0.175598 0.485354 0.0184184 0.32053 9.9991E-05
0.121465 9.9982E-05 9.9982E-05 0.524944 0.353391
0.0966219 0.679879 9.9982E-05 9.9982E-05 0.223299
0.18722 9.99819E-05 9.99819E-05 0.462636 0.349943
0.149209 0.450492 0.0206885 0.379511 9.9991E-05
0.252857 0.60031 9.9982E-05 0.146633 9.9982E-05
0.359979 0.314364 0.161375 0.108406 0.0558763
0.251309 0.177036 0.0351387 9.9991E-05 0.536416
0.37233 0.206345 0.107361 0.178647 0.135316
0.418726 0.411602 9.9991E-05 0.133608 0.0359644
0.311016 9.9982E-05 9.9982E-05 0.570025 0.118759
0.180029 0.0125444 9.9982E-05 0.807226 9.9982E-05
9.9982E-05 9.9982E-05 0.0485734 0.24922 0.702006
0.163632 9.9991E-05 0.0746141 0.649426 0.112228
0.36196 0.000446424 9.9991E-05 0.626941 0.0105518
9.9991E-05 0.0293521 0.149968 0.286088 0.534493
9.9991E-05 0.0459971 0.00435005 0.266077 0.683475
9.9982E-05 0.793476 0.0317709 9.9982E-05 0.174553
9.9973E-05 0.720883 9.9973E-05 9.9973E-05 0.278817
9.9982E-05 0.137057 0.018458 9.9982E-05 0.844286
0.0128686 0.697708 9.9982E-05 9.9982E-05 0.289224
0.076284 0.777929 9.9982E-05 9.9982E-05 0.145587
0.101558 0.65388 0.0729957 9.9991E-05 0.171465
0.0379516 0.744739 9.9982E-05 9.9982E-05 0.217109
9.9982E-05 0.0565731 9.9982E-05 0.172809 0.770418
9.9973E-05 9.9973E-05 9.9973E-05 0.653864 0.345836
0.0758186 0.416305 0.0203905 9.9991E-05 0.487386
0.0383369 9.9991E-05 0.019122 0.113558 0.828883
9.9991E-05 0.0349311 0.154945 0.0341298 0.775894
0.0278503 0.269629 9.9982E-05 9.9982E-05 0.702321
9.9973E-05 9.9973E-05 9.9973E-05 0.263683 0.736017
0.086265 0.104604 0.0264444 0.0584664 0.724221
9.9991E-05 0.513935 0.157929 0.0219271 0.306108
9.9991E-05 0.121233 0.0864746 0.0593341 0.732858
0.144286 0.130814 0.0143191 9.9991E-05 0.71048
0.0567895 0.697508 9.9982E-05 9.9982E-05 0.245503
0.0815538 0.451304 9.9982E-05 9.9982E-05 0.466942
9.9982E-05 9.9982E-05 0.0543191 0.285961 0.65952
0.0718971 9.9982E-05 0.0133947 9.9982E-05 0.914508
9.9973E-05 9.9973E-05 9.9973E-05 0.53961 0.46009
0.02168 0.716214 9.9982E-05 9.9982E-05 0.261906
9.9982E-05 0.354401 0.0345719 9.9982E-05 0.610827
0.000429805 9.9982E-05 9.9982E-05 0.361544 0.637826
0.0820561 0.782204 0.0467495 0.070192 0.0187986
9.9991E-05 0.63258 0.0466871 0.258377 0.0622567
0.108733 9.9991E-05 0.140194 0.359166 0.391806
0.113793 0.164181 0.111325 0.513068 0.0976331
9.9991E-05 0.66035 0.0876839 0.11632 0.135546
9.9982E-05 0.833201 0.0173912 0.149207 9.9982E-05
9.9991E-05 0.821783 0.0620702 0.0821749 0.0338715
0.0566603 0.0391637 0.0237916 0.880284 9.9991E-05
9.9991E-05 0.034052 0.0793667 0.299871 0.58661
0.378109 0.31761 0.083864 9.9991E-05 0.220317
0.0279391 0.711941 9.9991E-05 0.100956 0.159064
0.247874 9.9991E-05 0.0335671 0.585404 0.133055
9.9991E-05 0.142312 0.0528887 0.114631 0.690069
9.9991E-05 0.130419 0.0539354 0.127993 0.687553
0.409923 0.29761 0.047615 0.184257 0.0605946
0.243304 9.9982E-05 9.9982E-05 0.0402396 0.716256
0.113679 0.421759 9.9982E-05 9.9982E-05 0.464362
0.126479 0.404888 0.0374393 0.00920961 0.421983
9.9982E-05 0.809986 0.0105361 0.179278 9.9982E-05
9.9991E-05 0.0362501 0.200397 0.362162 0.401091
9.9991E-05 0.722281 0.00106982 0.0981262 0.178423
0.0128238 0.72274 9.9991E-05 0.0670957 0.197241
9.9973E-05 9.9973E-05 9.9973E-05 0.509487 0.490213
9.9982E-05 0.219449 9.9982E-05 0.060404 0.719947
9.9982E-05 9.9982E-05 0.0498045 0.142419 0.807576
0.0250616 0.836809 0.0298805 9.9991E-05 0.108148
0.112458 0.4949 0.255609 0.0119772 0.125055
0.0156089 0.643412 0.00769216 9.9991E-05 0.333187
9.9973E-05 9.9973E-05 9.9973E-05 0.433355 0.566346
0.020346 0.583256 9.9982E-05 9.9982E-05 0.396198
0.0856509 0.648726 0.0206921 9.9991E-05 0.244831
0.147624 0.719984 9.9982E-05 9.9982E-05 0.132192
0.100654 9.9982E-05 9.9982E-05 0.226997 0.672149
9.9991E-05 0.195506 0.0221421 0.00299059 0.779262
9.9991E-05 0.691136 0.00726315 0.0675216 0.233979
0.0231598 0.142112 0.069913 0.273687 0.491128
0.0986467 0.753899 9.9982E-05 9.9982E-05 0.147254
0.223464 0.354553 9.9991E-05 0.168172 0.253711
0.0223457 0.311574 0.0937824 9.9991E-05 0.572198
9.9973E-05 9.9973E-05 9.9973E-05 0.505443 0.494257
9.9982E-05 0.317539 0.0474725 9.9982E-05 0.634789
0.313455 0.0597585 0.0705253 0.246222 0.310038
0.307849 9.9982E-05 9.9982E-05 0.549005 0.142945
0.110131 0.115993 0.0363599 9.9991E-05 0.737416
0.394527 9.9982E-05 9.9982E-05 0.0144958 0.590777
0.0427395 0.199322 9.9991E-05 0.155897 0.601942
0.125826 0.648659 9.9991E-05 0.0133546 0.21206
0.1599 9.9991E-05 0.0407507 0.73772 0.061529
0.00941887 0.669195 0.0743048 0.246981 9.9991E-05
0.342455 0.45047 9.9982E-05 9.9982E-05 0.206875
0.327179 0.474315 9.9991E-05 0.115015 0.0833905
0.453335 9.9982E-05 9.9982E-05 0.397423 0.149042
0.255831 9.9982E-05 9.9982E-05 0.542921 0.201048
0.00482947 0.709803 0.00570833 0.0955662 0.184093
0.060642 0.0814562 0.0807781 9.9991E-05 0.777024
0.352816 0.102227 0.0522053 0.0472881 0.445464
0.272858 9.9982E-05 9.9982E-05 0.600743 0.126199
0.540733 0.266034 9.9982E-05 0.193034 9.9982E-05
0.233713 0.502156 0.0257163 0.179502 0.0589132
0.0211475 0.712133 9.9982E-05 9.9982E-05 0.26652
0.256137 0.530985 9.9982E-05 9.9982E-05 0.212679
0.49068 0.38051 9.9991E-05 0.0664552 0.0622547
0.0379599 9.9991E-05 0.0425513 0.176319 0.74307
0.0861382 0.629798 9.9982E-05 9.9982E-05 0.283864
0.0757926 9.9982E-05 9.9982E-05 0.137816 0.786192
0.150132 0.122247 0.0126126 9.9991E-05 0.714908
9.9982E-05 0.680901 0.0117155 9.9982E-05 0.307184
9.9982E-05 9.9982E-05 0.0409821 0.4098 0.549018
0.526732 9.9982E-05 9.9982E-05 0.300623 0.172445
0.0461567 9.9991E-05 0.00808038 0.20587 0.739793
0.320425 0.458827 0.0181404 0.202508 9.9991E-05
0.2 0.235704 0.0683503 0.219625 0.276322
0.0158981 0.44276 0.0395779 0.113587 0.388177
0.155978 9.9991E-05 0.0357274 0.511648 0.296547
0.0846572 0.678575 0.0225372 0.0886141 0.125616
0.184509 0.0291812 0.225694 0.100841 0.459775
0.195557 0.555847 0.0457461 9.9991E-05 0.20275
0.155236 0.667578 0.0449302 0.0154982 0.116757
0.175762 0.596851 9.9991E-05 0.0633916 0.163895
0.0486974 0.652658 0.0356961 0.0267232 0.236225
0.088043 0.545743 0.0955093 0.116818 0.153887
0.17567 0.00762063 0.158163 9.9991E-05 0.658447
0.0373728 9.9991E-05 0.116719 0.130317 0.715491
0.109362 0.656145 0.0381935 0.196199 9.9991E-05
0.41374 0.393539 9.9982E-05 0.192521 9.9982E-05
0.262507 0.0662022 0.129315 0.256307 0.28567
0.222229 9.9982E-05 0.00372951 0.773841 9.9982E-05
9.9973E-05 9.9973E-05 9.9973E-05 0.372501 0.627199
0.202289 9.9982E-05 9.9982E-05 0.662215 0.135296
