0.119986 9.9955E-05 0.274302 9.9955E-05 0.537823 0.0673888 9.9955E-05 9.9955E-05 9.9955E-05
9.9964E-05 9.9964E-05 0.398748 9.9964E-05 0.518596 0.0364698 9.9964E-05 0.028146 0.0176407
0.019305 0.0563057 9.9982E-05 9.9982E-05 0.232973 0.0079954 0.0190324 0.646043 0.0181453
0.03524 0.068095 0.355436 0.0138499 0.271237 0.00339052 0.252552 9.9982E-05 9.9982E-05
9.9964E-05 0.0899092 0.478321 9.9964E-05 9.9964E-05 0.243829 0.173884 9.9964E-05 0.0136566
9.9973E-05 0.324121 0.016319 9.9973E-05 0.426101 0.0540726 9.9973E-05 0.103109 0.0759779
9.99459E-05 9.99459E-05 9.99459E-05 0.100468 0.421695 9.99459E-05 9.99459E-05 0.477237 9.99459E-05
9.9964E-05 0.201097 0.0667325 9.9964E-05 0.389377 9.9964E-05 9.9964E-05 0.262307 0.0800862
0.0209707 0.0746632 0.295945 9.9973E-05 0.450501 9.9973E-05 0.140062 9.9973E-05 0.0175589
0.0567198 0.401933 9.99549E-05 0.243534 9.99549E-05 9.99549E-05 9.99549E-05 0.297313 9.99549E-05
0.0209188 0.0888323 0.524324 0.00217579 0.289348 0.0520795 0.0221221 9.9982E-05 9.9982E-05
9.9955E-05 0.251381 0.561652 9.9955E-05 0.0705402 9.9955E-05 0.115927 9.9955E-05 9.9955E-05
0.0076777 9.9991E-05 0.0153481 0.0534268 0.255234 0.213104 0.287527 0.107804 0.0597779
9.9946E-05 0.176795 9.9946E-05 9.9946E-05 0.466739 9.9946E-05 9.9946E-05 0.355866 9.9946E-05
9.99549E-05 0.0875902 0.81535 0.0254539 0.0711059 9.99549E-05 9.99549E-05 9.99549E-05 9.99549E-05
0.0254947 0.0635457 9.99729E-05 0.324115 0.172322 9.99729E-05 9.99729E-05 0.371035 0.0431867
9.99549E-05 9.99549E-05 9.99549E-05 0.0621176 0.53573 9.99549E-05 0.00664626 0.395006 9.99549E-05
9.99549E-05 9.99549E-05 0.023667 9.99549E-05 0.489593 0.00468329 9.99549E-05 0.481557 9.99549E-05
9.9973E-05 0.0421947 0.260689 9.9973E-05 0.269001 0.0247375 0.289007 0.114071 9.9973E-05
0.840844 9.9955E-05 0.112645 0.00797328 9.9955E-05 0.0380378 9.9955E-05 9.9955E-05 9.9955E-05
0.819171 9.9937E-05 9.9937E-05 9.9937E-05 9.9937E-05 9.9937E-05 0.180129 9.9937E-05 9.9937E-05
0.893558 9.99459E-05 9.99459E-05 9.99459E-05 0.0520691 0.0537732 9.99459E-05 9.99459E-05 9.99459E-05
0.622568 9.99369E-05 9.99369E-05 9.99369E-05 9.99369E-05 9.99369E-05 0.376732 9.99369E-05 9.99369E-05
0.72979 9.99459E-05 0.173962 9.99459E-05 9.99459E-05 9.99459E-05 0.0956484 9.99459E-05 9.99459E-05
0.48504 0.0300356 9.99639E-05 9.99639E-05 0.078917 9.99639E-05 9.99639E-05 0.234756 0.170852
0.437025 0.0420175 0.396023 9.99549E-05 9.99549E-05 9.99549E-05 9.99549E-05 9.99549E-05 0.124435
0.258418 9.9955E-05 9.9955E-05 0.494823 9.9955E-05 9.9955E-05 9.9955E-05 0.0318309 0.214429
0.359881 9.9973E-05 0.2934 0.0126186 9.9973E-05 0.146843 0.0778478 9.9973E-05 0.10911
0.872466 9.99549E-05 9.99549E-05 0.0318479 0.0417676 0.0534184 9.99549E-05 9.99549E-05 9.99549E-05
0.839651 9.99369E-05 9.99369E-05 9.99369E-05 9.99369E-05 9.99369E-05 0.159649 9.99369E-05 9.99369E-05
0.597617 9.99551E-05 9.99551E-05 0.150357 9.99551E-05 9.99551E-05 0.134099 0.117427 9.99551E-05
0.276765 0.0144989 9.9982E-05 0.0622809 0.101082 0.104629 9.9982E-05 0.00832033 0.432223
0.606023 9.99459E-05 9.99459E-05 0.238073 9.99459E-05 9.99459E-05 9.99459E-05 0.155304 9.99459E-05
0.698754 9.99459E-05 9.99459E-05 9.99459E-05 0.126945 9.99459E-05 9.99459E-05 0.173701 9.99459E-05
0.834916 0.00592898 9.99459E-05 9.99459E-05 9.99459E-05 9.99459E-05 0.158556 9.99459E-05 9.99459E-05
0.749901 9.99459E-05 0.214184 9.99459E-05 9.99459E-05 9.99459E-05 0.0353153 9.99459E-05 9.99459E-05
0.72889 9.99459E-05 0.177442 0.0930685 9.99459E-05 9.99459E-05 9.99459E-05 9.99459E-05 9.99459E-05
0.673734 9.99369E-05 9.99369E-05 9.99369E-05 9.99369E-05 9.99369E-05 0.325566 9.99369E-05 9.99369E-05
9.99549E-05 9.99549E-05 0.0101861 9.99549E-05 0.14025 9.99549E-05 0.0223573 9.99549E-05 0.826706
9.9946E-05 9.9946E-05 9.9946E-05 0.285221 9.9946E-05 0.0411551 9.9946E-05 9.9946E-05 0.673025
0.0982142 0.00134689 9.9964E-05 0.346523 9.9964E-05 9.9964E-05 9.9964E-05 0.169186 0.384329
0.0152337 9.9964E-05 9.9964E-05 0.0911257 9.9964E-05 0.0363646 0.344003 9.9964E-05 0.512874
0.280089 9.99549E-05 9.99549E-05 0.014629 0.1448 9.99549E-05 9.99549E-05 9.99549E-05 0.559982
0.100709 0.0493493 9.9964E-05 0.0767793 9.9964E-05 9.9964E-05 9.9964E-05 0.230306 0.542456
0.141479 9.9955E-05 0.509838 9.9955E-05 9.9955E-05 9.9955E-05 0.0875852 9.9955E-05 0.260598
9.99369E-05 9.99369E-05 0.445215 9.99369E-05 9.99369E-05 9.99369E-05 9.99369E-05 9.99369E-05 0.554086
0.192051 9.99549E-05 9.99549E-05 0.201853 9.99549E-05 9.99549E-05 9.99549E-05 0.217155 0.388442
9.99639E-05 0.0106323 0.0193067 9.99639E-05 0.127497 0.02269 9.99639E-05 9.99639E-05 0.819474
9.9937E-05 9.9937E-05 9.9937E-05 0.656417 9.9937E-05 9.9937E-05 9.9937E-05 9.9937E-05 0.342883
9.9955E-05 9.9955E-05 0.213965 9.9955E-05 0.0231331 9.9955E-05 0.0689798 9.9955E-05 0.693423
9.9946E-05 9.9946E-05 9.9946E-05 0.276892 9.9946E-05 0.0282695 9.9946E-05 9.9946E-05 0.694239
0.0665676 0.00691856 9.9973E-05 0.016357 9.9973E-05 0.10067 0.289578 9.9973E-05 0.519609
0.149856 0.0445557 0.411684 9.99549E-05 9.99549E-05 9.99549E-05 9.99549E-05 9.99549E-05 0.393405
0.0278953 0.0196388 0.420516 9.9973E-05 0.0293713 9.9973E-05 9.9973E-05 0.0031006 0.499178
0.0643982 9.9964E-05 0.189748 0.00824792 9.9964E-05 9.9964E-05 0.366801 9.9964E-05 0.370405
0.468047 9.9964E-05 0.0532745 9.9964E-05 9.9964E-05 9.9964E-05 0.430471 0.0265984 0.0212088
9.99639E-05 9.99639E-05 9.99639E-05 0.114335 0.0339907 0.0395682 9.99639E-05 0.0369711 0.774735
0.0874773 9.9964E-05 9.9964E-05 0.143216 9.9964E-05 0.0482313 0.122704 9.9964E-05 0.597972
9.99459E-05 9.99459E-05 9.99459E-05 0.27259 9.99459E-05 0.0297478 9.99459E-05 9.99459E-05 0.697062
9.99459E-05 9.99459E-05 0.186744 9.99459E-05 9.99459E-05 9.99459E-05 0.0744805 9.99459E-05 0.738176
0.0582529 9.99549E-05 0.196349 9.99549E-05 0.0738199 9.99549E-05 9.99549E-05 9.99549E-05 0.671078
9.99459E-05 9.99459E-05 0.321422 9.99459E-05 0.00496087 9.99459E-05 9.99459E-05 9.99459E-05 0.673017
0.0901284 9.9973E-05 9.9973E-05 0.0954016 0.0308765 0.134458 9.9973E-05 0.138285 0.51055
0.0272765 9.99459E-05 9.99459E-05 9.99459E-05 9.99459E-05 9.99459E-05 0.476292 9.99459E-05 0.495832
9.99459E-05 9.99459E-05 9.99459E-05 0.0135281 9.99459E-05 9.99459E-05 9.99459E-05 0.538005 0.447867
0.188069 0.0235083 0.309978 9.99639E-05 0.150373 9.99639E-05 9.99639E-05 9.99639E-05 0.327672
9.9946E-05 9.9946E-05 0.296315 9.9946E-05 9.9946E-05 9.9946E-05 0.110042 9.9946E-05 0.593043
9.9937E-05 9.9937E-05 0.439631 9.9937E-05 9.9937E-05 9.9937E-05 9.9937E-05 9.9937E-05 0.559669
0.240724 9.99639E-05 0.2014 9.99639E-05 0.0975811 9.99639E-05 9.99639E-05 0.0665287 0.393366
0.386868 0.0632166 9.99639E-05 9.99639E-05 0.20514 0.0110868 9.99639E-05 9.99639E-05 0.333289
0.274524 0.00493332 9.9964E-05 0.401814 9.9964E-05 0.0381326 9.9964E-05 9.9964E-05 0.280197
9.99459E-05 9.99459E-05 9.99459E-05 0.124688 9.99459E-05 9.99459E-05 9.99459E-05 0.388627 0.486085
0.667451 9.9946E-05 0.121766 9.9946E-05 9.9946E-05 9.9946E-05 0.210184 9.9946E-05 9.9946E-05
9.99458E-05 9.99458E-05 9.99458E-05 0.1669 9.99458E-05 9.99458E-05 9.99458E-05 0.174933 0.657567
0.0573363 0.00132075 0.332952 9.99549E-05 9.99549E-05 9.99549E-05 9.99549E-05 9.99549E-05 0.607891
0.282888 0.0339475 0.380059 9.9973E-05 9.9973E-05 9.9973E-05 0.0649582 0.00970021 0.228147
0.73726 9.99458E-05 9.99458E-05 0.103978 9.99458E-05 9.99458E-05 9.99458E-05 0.158163 9.99458E-05
0.206505 9.9955E-05 9.9955E-05 0.349094 9.9955E-05 9.9955E-05 9.9955E-05 0.24677 0.197131
0.74938 9.99639E-05 9.99639E-05 0.0132909 0.0115753 9.99639E-05 9.99639E-05 0.199581 0.0257727
0.433806 0.0370868 9.99639E-05 9.99639E-05 0.0931652 0.132252 9.99639E-05 9.99639E-05 0.303289
0.185993 9.9955E-05 9.9955E-05 0.49059 9.9955E-05 0.0564804 9.9955E-05 9.9955E-05 0.266437
0.19963 9.99459E-05 9.99459E-05 9.99459E-05 9.99459E-05 9.99459E-05 0.355727 9.99459E-05 0.444043
9.99549E-05 9.99549E-05 9.99549E-05 0.0292049 9.99549E-05 0.0131078 0.223969 9.99549E-05 0.733219
0.106984 9.9955E-05 9.9955E-05 0.0874778 9.9955E-05 9.9955E-05 0.334419 9.9955E-05 0.47062
9.99459E-05 9.99459E-05 9.99459E-05 0.181915 9.99459E-05 9.99459E-05 9.99459E-05 0.170908 0.646577
0.103022 9.99639E-05 0.13775 9.99639E-05 9.99639E-05 0.120291 0.0097244 9.99639E-05 0.628813
9.99459E-05 9.99459E-05 0.267063 9.99459E-05 9.99459E-05 9.99459E-05 0.162023 9.99459E-05 0.570314
0.396503 0.0280615 9.99639E-05 9.99639E-05 0.138429 9.99639E-05 9.99639E-05 0.261492 0.175114
0.0134462 9.99549E-05 9.99549E-05 0.000904241 9.99549E-05 9.99549E-05 9.99549E-05 0.503619 0.481531
0.416076 9.9955E-05 0.296166 9.9955E-05 0.109567 9.9955E-05 9.9955E-05 9.9955E-05 0.177692
9.99369E-05 9.99369E-05 9.99369E-05 9.99369E-05 9.99369E-05 9.99369E-05 9.99369E-05 0.462789 0.536512
0.0497184 9.99459E-05 9.99459E-05 9.99459E-05 9.99459E-05 9.99459E-05 9.99459E-05 0.496972 0.45271
0.164271 9.9946E-05 0.52821 9.9946E-05 9.9946E-05 9.9946E-05 9.9946E-05 9.9946E-05 0.30692
9.99549E-05 9.99549E-05 9.99549E-05 9.99549E-05 0.147409 9.99549E-05 0.00123474 0.210801 0.640055
0.157739 0.012916 9.9964E-05 9.9964E-05 0.180297 9.9964E-05 9.9964E-05 0.20278 0.445868
9.99549E-05 9.99549E-05 9.99549E-05 0.3455 9.99549E-05 0.585199 9.99549E-05 0.0523114 0.0164898
0.0389781 9.9964E-05 9.9964E-05 0.161045 9.9964E-05 0.615616 9.9964E-05 0.107598 0.0763622
9.9955E-05 9.9955E-05 9.9955E-05 0.0262652 9.9955E-05 0.775919 0.181733 0.0155827 9.9955E-05
9.9955E-05 0.0145958 0.392188 9.9955E-05 9.9955E-05 0.507376 9.9955E-05 0.08534 9.9955E-05
9.99549E-05 0.019209 9.99549E-05 0.32533 9.99549E-05 0.565516 9.99549E-05 0.0894454 9.99549E-05
0.0154119 9.99639E-05 0.140747 9.99639E-05 0.610947 0.171151 0.0613437 9.99639E-05 9.99639E-05
9.99368E-05 9.99368E-05 9.99368E-05 9.99368E-05 9.99368E-05 0.381584 9.99368E-05 0.617716 9.99368E-05
9.99459E-05 9.99459E-05 9.99459E-05 0.263893 9.99459E-05 0.697222 9.99459E-05 0.0382857 9.99459E-05
0.0509386 0.0552334 9.99639E-05 9.99639E-05 0.124158 0.669676 9.99639E-05 0.0995943 9.99639E-05
0.0479571 9.9955E-05 0.315197 9.9955E-05 9.9955E-05 0.605694 0.030652 9.9955E-05 9.9955E-05
9.9946E-05 0.109557 9.9946E-05 0.620189 9.9946E-05 0.269654 9.9946E-05 9.9946E-05 9.9946E-05
9.99549E-05 0.0368716 0.396632 9.99549E-05 9.99549E-05 0.472984 9.99549E-05 0.093013 9.99549E-05
9.99549E-05 9.99549E-05 9.99549E-05 0.139462 0.0341261 0.694325 9.99549E-05 0.131588 9.99549E-05
9.99549E-05 9.99549E-05 0.0943121 9.99549E-05 0.342253 0.518788 9.99549E-05 9.99549E-05 0.0441463
0.056104 0.0796105 9.99639E-05 0.0870377 0.13343 0.643418 9.99639E-05 9.99639E-05 9.99639E-05
0.0311958 9.99639E-05 9.99639E-05 0.0853457 0.347699 0.233115 9.99639E-05 0.302245 9.99639E-05
9.99549E-05 9.99549E-05 0.410271 9.99549E-05 9.99549E-05 0.436065 0.122349 9.99549E-05 0.030815
9.99459E-05 9.99459E-05 9.99459E-05 9.99459E-05 9.99459E-05 0.356664 0.583431 0.0593059 9.99459E-05
0.0878492 0.100815 9.9982E-05 0.0239868 0.0186012 0.614688 9.9982E-05 0.0527197 0.10114
9.99549E-05 9.99549E-05 9.99549E-05 0.016198 0.0195524 0.615311 9.99549E-05 0.348438 9.99549E-05
0.0677878 0.0681914 0.0841268 9.9964E-05 0.0250068 0.754487 9.9964E-05 9.9964E-05 9.9964E-05
9.99369E-05 9.99369E-05 9.99369E-05 9.99369E-05 9.99369E-05 0.65964 0.33966 9.99369E-05 9.99369E-05
0.0249938 0.0593768 0.396993 9.9973E-05 0.344562 0.099046 0.0747275 9.9973E-05 9.9973E-05
9.99368E-05 0.678598 9.99368E-05 9.99368E-05 9.99368E-05 9.99368E-05 9.99368E-05 0.320702 9.99368E-05
9.9973E-05 9.9973E-05 0.0207429 0.00475783 0.266431 9.9973E-05 0.621211 0.0594344 0.027123
0.0298144 0.0462879 9.99639E-05 0.215983 0.700765 0.00674978 9.99639E-05 9.99639E-05 9.99639E-05
9.99459E-05 0.503993 9.99459E-05 0.477586 9.99459E-05 9.99459E-05 9.99459E-05 0.017822 9.99459E-05
9.99549E-05 0.00136076 0.430026 9.99549E-05 0.345616 9.99549E-05 0.222497 9.99549E-05 9.99549E-05
0.0218964 0.709916 0.196455 0.0631577 9.99639E-05 9.99639E-05 0.00817473 9.99639E-05 9.99639E-05
9.9982E-05 0.0159094 0.0139711 9.9982E-05 0.648519 0.0687283 0.0559131 0.0793622 0.117397
9.99369E-05 0.702521 9.99369E-05 9.99369E-05 9.99369E-05 9.99369E-05 0.29678 9.99369E-05 9.99369E-05
9.9964E-05 0.244346 9.9964E-05 0.226577 0.0541865 9.9964E-05 0.0268944 0.447596 9.9964E-05
9.99729E-05 0.201243 0.461688 9.99729E-05 0.155575 0.0621002 0.0990537 9.99729E-05 0.0200403
9.99369E-05 0.548688 9.99369E-05 9.99369E-05 9.99369E-05 9.99369E-05 0.450613 9.99369E-05 9.99369E-05
9.99459E-05 0.40569 9.99459E-05 0.429531 9.99459E-05 9.99459E-05 9.99459E-05 0.16418 9.99459E-05
9.99549E-05 9.99549E-05 0.657875 0.0113631 0.193463 9.99549E-05 0.136799 9.99549E-05 9.99549E-05
9.99459E-05 0.539673 0.174818 9.99459E-05 9.99459E-05 9.99459E-05 0.284909 9.99459E-05 9.99459E-05
9.99549E-05 9.99549E-05 0.182294 9.99549E-05 0.366017 9.99549E-05 0.398489 0.0526997 9.99549E-05
9.99459E-05 0.486953 9.99459E-05 0.491637 9.99459E-05 9.99459E-05 9.99459E-05 0.0208111 9.99459E-05
9.99549E-05 0.332137 0.172839 9.99549E-05 0.061272 9.99549E-05 0.433252 9.99549E-05 9.99549E-05
9.9946E-05 9.9946E-05 0.593029 9.9946E-05 0.299549 0.106823 9.9946E-05 9.9946E-05 9.9946E-05
0.0159981 0.131476 0.0240647 9.99639E-05 0.662002 9.99639E-05 9.99639E-05 0.166059 9.99639E-05
0.0600141 9.9991E-05 0.0136665 0.11317 0.266078 0.075861 0.438032 0.0218358 0.0112429
0.0533952 0.0900062 9.9964E-05 0.0362003 0.365547 9.9964E-05 0.454452 9.9964E-05 9.9964E-05
9.99549E-05 0.489044 9.99549E-05 0.404641 0.0165749 9.99549E-05 9.99549E-05 0.0892412 9.99549E-05
0.0768115 0.155367 0.312011 9.9973E-05 0.276874 9.9973E-05 9.9973E-05 0.159545 0.0190917
9.99549E-05 0.644923 9.99549E-05 9.99549E-05 0.314771 0.00898457 9.99549E-05 9.99549E-05 0.0308217
0.0481243 0.13076 9.9973E-05 0.283107 0.301433 0.171285 9.9973E-05 9.9973E-05 0.0649899
0.0196262 0.202156 0.246201 9.9982E-05 0.128889 0.117242 0.237548 9.9982E-05 0.0481373
0.00846442 0.325128 0.0662595 0.0233721 0.0468922 0.443277 9.9982E-05 9.9982E-05 0.0864067
0.0560635 0.014438 0.0330212 0.771719 9.9982E-05 9.9982E-05 0.0362292 0.0784754 0.00985357
0.0362955 0.290747 9.99819E-05 0.085 0.304764 0.12788 9.99819E-05 0.130696 0.0244176
0.0289652 0.0977931 9.9982E-05 0.24051 0.29981 0.0831158 9.9982E-05 0.233521 0.0160846
0.0871731 0.160569 0.297864 0.277576 0.12788 9.9973E-05 0.0486385 9.9973E-05 9.9973E-05
9.99549E-05 0.0150655 9.99549E-05 0.544504 0.31279 9.99549E-05 9.99549E-05 0.12714 9.99549E-05
9.99459E-05 9.99459E-05 0.250835 9.99459E-05 0.329469 9.99459E-05 0.419096 9.99459E-05 9.99459E-05
9.99549E-05 0.0976089 9.99549E-05 0.494687 0.379037 9.99549E-05 9.99549E-05 0.0281671 9.99549E-05
9.9964E-05 0.377467 9.9964E-05 0.152663 0.0142236 0.0502989 0.404948 9.9964E-05 9.9964E-05
9.9982E-05 0.16867 0.0949512 0.0196115 0.0309054 0.151292 0.530124 0.00424577 9.9982E-05
0.0344923 0.236866 9.9964E-05 9.9964E-05 0.368606 0.263663 9.9964E-05 9.9964E-05 0.0959722
9.9982E-05 0.0470222 0.0232447 9.9982E-05 0.612695 0.171469 0.0291372 0.0516775 0.0645546
0.0859046 0.217841 9.9973E-05 0.04423 0.362926 0.277174 9.9973E-05 9.9973E-05 0.011624
9.99639E-05 0.0141841 9.99639E-05 0.116415 0.263464 0.158835 0.446702 9.99639E-05 9.99639E-05
9.9964E-05 9.9964E-05 0.025186 0.724652 0.118346 0.0773512 9.9964E-05 0.0540652 9.9964E-05
9.99549E-05 0.320168 9.99549E-05 0.656426 9.99549E-05 0.0104649 9.99549E-05 0.0124414 9.99549E-05
9.99549E-05 0.236766 9.99549E-05 9.99549E-05 0.238163 9.99549E-05 9.99549E-05 0.502511 0.0220597
0.0309453 0.225052 9.9973E-05 0.609445 0.0730069 9.9973E-05 9.9973E-05 0.0108306 0.0504206
9.9946E-05 9.9946E-05 0.130609 0.854679 9.9946E-05 0.0141114 9.9946E-05 9.9946E-05 9.9946E-05
9.99549E-05 0.342572 9.99549E-05 9.99549E-05 9.99549E-05 0.0233505 9.99549E-05 0.544321 0.0892573
9.99549E-05 0.0790994 9.99549E-05 0.185621 0.537103 9.99549E-05 9.99549E-05 0.197677 9.99549E-05
0.0541011 0.0644875 0.812584 9.9973E-05 0.00978058 9.9973E-05 0.0239351 0.0348118 9.9973E-05
0.00951143 9.99639E-05 0.656368 9.99639E-05 0.0969859 9.99639E-05 0.137331 0.0994039 9.99639E-05
0.0266689 9.99549E-05 0.15269 9.99549E-05 0.382054 9.99549E-05 9.99549E-05 0.438087 9.99549E-05
9.99639E-05 9.99639E-05 0.753489 0.00899232 0.113291 9.99639E-05 0.0258007 0.0980271 9.99639E-05
9.9955E-05 9.9955E-05 0.868224 9.9955E-05 9.9955E-05 0.0348607 0.0321265 0.0642894 9.9955E-05
0.0709131 9.99729E-05 0.170324 9.99729E-05 0.0425734 0.00478779 0.567128 0.143974 9.99729E-05
9.99549E-05 9.99549E-05 0.544819 9.99549E-05 0.0757435 9.99549E-05 0.276275 0.102663 9.99549E-05
0.0297225 9.9964E-05 0.115649 0.0101042 0.145341 9.9964E-05 9.9964E-05 0.698783 9.9964E-05
9.9946E-05 0.182502 9.9946E-05 0.411648 9.9946E-05 9.9946E-05 9.9946E-05 0.405251 9.9946E-05
9.99639E-05 9.99639E-05 0.41567 9.99639E-05 0.355424 0.0819268 9.99639E-05 0.0887084 0.0578711
9.9946E-05 9.9946E-05 0.037345 9.9946E-05 9.9946E-05 0.053943 9.9946E-05 0.908112 9.9946E-05
0.0879681 9.9964E-05 0.0383506 9.9964E-05 0.297368 9.9964E-05 9.9964E-05 0.5203 0.0556141
9.99549E-05 9.99549E-05 0.310746 9.99549E-05 0.408866 0.0107219 9.99549E-05 0.269166 9.99549E-05
9.99549E-05 0.097618 9.99549E-05 0.0842775 0.215897 9.99549E-05 9.99549E-05 0.601707 9.99549E-05
9.9964E-05 9.9964E-05 0.190625 0.00925044 0.163769 0.0812049 9.9964E-05 0.554751 9.9964E-05
0.0909433 0.269994 0.346057 9.9973E-05 0.199481 9.9973E-05 9.9973E-05 0.0345429 0.0586824
0.031044 9.99729E-05 0.157107 0.0153307 0.30028 9.99729E-05 9.99729E-05 0.453493 0.0424456
9.99549E-05 9.99549E-05 0.202126 9.99549E-05 0.180649 0.17171 9.99549E-05 0.445014 9.99549E-05
9.99549E-05 9.99549E-05 0.787581 0.0634574 0.145619 9.99549E-05 0.00284347 9.99549E-05 9.99549E-05
9.9973E-05 9.9973E-05 0.423128 9.9973E-05 0.438127 0.0438693 0.012086 0.0570624 0.0254276
9.9973E-05 9.9973E-05 0.0432706 0.163137 0.0340987 9.9973E-05 0.0234578 0.730301 0.00543504
9.99639E-05 9.99639E-05 9.99639E-05 9.99639E-05 0.450153 0.0163222 0.0271269 0.494924 0.0110739
9.99549E-05 0.14594 9.99549E-05 0.302447 0.00228989 9.99549E-05 9.99549E-05 0.548823 9.99549E-05
9.99459E-05 9.99459E-05 0.610636 9.99459E-05 0.348515 9.99459E-05 0.0402495 9.99459E-05 9.99459E-05
0.0222904 0.0360111 0.260015 9.9973E-05 0.619531 9.9973E-05 9.9973E-05 0.0190512 0.0428013
9.99549E-05 0.123712 9.99549E-05 0.137874 0.0565472 9.99549E-05 9.99549E-05 0.681367 9.99549E-05
9.9964E-05 0.282383 0.574189 9.9964E-05 9.9964E-05 0.0598309 0.0774212 9.9964E-05 0.00577632
0.0343248 0.44135 0.506378 0.0174478 9.99549E-05 9.99549E-05 9.99549E-05 9.99549E-05 9.99549E-05
0.0762656 0.0512332 9.9973E-05 0.341003 0.274063 9.9973E-05 9.9973E-05 0.187709 0.0694261
0.0434074 0.635499 9.99729E-05 0.149219 0.00560328 0.135715 9.99729E-05 0.0302565 9.99729E-05
0.092543 0.197324 0.633834 0.00636336 9.9964E-05 9.9964E-05 9.9964E-05 0.0695359 9.9964E-05
9.99459E-05 0.404788 0.451355 9.99459E-05 9.99459E-05 9.99459E-05 0.143258 9.99459E-05 9.99459E-05
9.9955E-05 0.288989 0.546973 9.9955E-05 9.9955E-05 9.9955E-05 0.124986 9.9955E-05 0.0385527
0.00210017 0.302774 9.9946E-05 0.694526 9.9946E-05 9.9946E-05 9.9946E-05 9.9946E-05 9.9946E-05
0.00415352 0.404203 9.9964E-05 9.9964E-05 0.258143 9.9964E-05 9.9964E-05 0.32733 0.00577108
0.00109184 0.204235 0.191689 9.99729E-05 0.195811 0.374614 9.99729E-05 9.99729E-05 0.0322588
9.99549E-05 0.3311 0.605754 9.99549E-05 0.033109 0.0295368 9.99549E-05 9.99549E-05 9.99549E-05
9.99729E-05 0.255234 9.99729E-05 0.518843 0.0648031 0.0914818 9.99729E-05 0.0579411 0.0113975
0.0518577 0.196368 0.0190512 9.9964E-05 0.549362 9.9964E-05 9.9964E-05 0.182961 9.9964E-05
0.0168686 0.278954 0.0525365 9.99729E-05 0.276475 9.99729E-05 9.99729E-05 0.364845 0.0100208
0.0252203 0.37645 0.0458756 9.99639E-05 0.201186 0.350869 9.99639E-05 9.99639E-05 9.99639E-05
9.99549E-05 9.99549E-05 9.99549E-05 0.00585097 0.433654 0.185624 9.99549E-05 0.374371 9.99549E-05
9.99639E-05 9.99639E-05 0.471929 9.99639E-05 0.333898 0.0705027 9.99639E-05 0.0808607 0.0424097
9.99639E-05 0.198927 0.171565 9.99639E-05 0.59707 0.0155949 9.99639E-05 9.99639E-05 0.0164433
0.0400248 0.285049 0.50868 9.9955E-05 9.9955E-05 9.9955E-05 0.165746 9.9955E-05 9.9955E-05
0.0153202 0.413983 9.99639E-05 0.0165576 9.99639E-05 9.99639E-05 9.99639E-05 0.423207 0.130532
9.99639E-05 0.2951 0.628913 9.99639E-05 0.0298264 9.99639E-05 9.99639E-05 0.0125782 0.0331822
9.99639E-05 0.193642 0.270982 9.99639E-05 0.0679262 9.99639E-05 0.430436 0.0366139 9.99639E-05
9.99459E-05 0.234727 9.99459E-05 0.162736 9.99459E-05 9.99459E-05 9.99459E-05 0.601938 9.99459E-05
9.99549E-05 9.99549E-05 0.228562 0.0428042 0.437025 9.99549E-05 9.99549E-05 0.291109 9.99549E-05
9.99549E-05 0.16265 9.99549E-05 9.99549E-05 0.223806 9.99549E-05 9.99549E-05 0.565672 0.0473726
0.0491749 0.0910316 0.851108 9.9955E-05 9.9955E-05 9.9955E-05 9.9955E-05 0.00818606 9.9955E-05
0.0725263 0.00788662 0.234558 9.9991E-05 0.000535104 0.0379969 0.332155 0.121835 0.192408
9.9973E-05 0.0555697 0.638084 9.9973E-05 0.187546 9.9973E-05 0.0116173 0.0196416 0.0872409
9.99459E-05 0.22062 9.99459E-05 0.079739 9.99459E-05 9.99459E-05 9.99459E-05 0.699042 9.99459E-05
9.9973E-05 0.00856808 0.50171 9.9973E-05 0.280727 9.9973E-05 0.0812608 0.0676082 0.0598263
0.00995362 0.0887627 0.696409 9.9973E-05 9.9973E-05 0.105314 9.9973E-05 0.078479 0.020782
9.9964E-05 0.0455079 0.797671 9.9964E-05 9.9964E-05 0.103036 0.00396054 0.049425 9.9964E-05
9.99549E-05 9.99549E-05 9.99549E-05 0.0532381 9.99549E-05 0.116511 0.00563303 0.824118 9.99549E-05
9.99639E-05 0.0929622 0.224357 9.99639E-05 0.333641 0.013289 9.99639E-05 0.335351 9.99639E-05
0.0525794 0.00757061 0.689509 0.0990907 0.0267787 9.9982E-05 0.0656565 0.0586148 9.9982E-05
9.9991E-05 0.234601 0.0784948 0.0546907 0.0460671 0.0386557 0.0341776 0.462139 0.0510745
0.0174475 0.0327894 0.781454 9.9991E-05 0.0178757 0.0636552 0.0639026 0.0166823 0.00609345
9.9964E-05 9.9964E-05 9.9964E-05 0.177257 0.264837 0.00950983 0.463716 0.0842803 9.9964E-05
9.9964E-05 0.142203 0.340648 9.9964E-05 9.9964E-05 0.102972 9.9964E-05 0.381795 0.0319828
9.9946E-05 0.0889195 9.9946E-05 0.198115 9.9946E-05 9.9946E-05 9.9946E-05 0.712366 9.9946E-05
0.0311796 0.128147 0.184512 9.9973E-05 0.517827 9.9973E-05 9.9973E-05 0.122336 0.0156989
0.041754 0.1536 9.99819E-05 0.198112 0.36991 0.204472 9.99819E-05 0.0188934 0.0130586
0.0101416 0.0555872 9.9973E-05 0.667662 0.195123 0.071076 9.9973E-05 0.000110163 9.9973E-05
9.99639E-05 0.0542903 9.99639E-05 9.99639E-05 0.704522 0.0343427 9.99639E-05 0.154849 0.0515971
9.99549E-05 0.0628238 9.99549E-05 9.99549E-05 0.00301205 0.472249 9.99549E-05 0.461415 9.99549E-05
9.99639E-05 0.182151 0.0897825 0.0433367 0.475421 9.99639E-05 9.99639E-05 0.208909 9.99639E-05
9.99549E-05 0.0820746 0.232373 9.99549E-05 0.374961 9.99549E-05 0.310092 9.99549E-05 9.99549E-05
0.0228275 0.35193 9.99639E-05 0.587183 0.0235885 0.0140706 9.99639E-05 9.99639E-05 9.99639E-05
0.0276469 0.332475 0.0624498 0.026616 9.9973E-05 9.9973E-05 0.548801 9.9973E-05 0.00171074
9.99549E-05 9.99549E-05 0.395122 9.99549E-05 0.181801 0.370546 0.0520312 9.99549E-05 9.99549E-05
0.0262492 9.99729E-05 0.401745 0.246651 0.152749 0.0861194 0.0861865 9.99729E-05 9.99729E-05
9.99639E-05 9.99639E-05 0.017563 0.635285 0.166372 0.177476 9.99639E-05 0.00290458 9.99639E-05
9.99639E-05 0.0393492 9.99639E-05 0.564283 0.044616 0.0890976 9.99639E-05 0.262254 9.99639E-05
9.9964E-05 0.2166 0.302503 9.9964E-05 0.0295816 9.9964E-05 0.367492 0.0834239 9.9964E-05
0.0181997 9.9955E-05 9.9955E-05 9.9955E-05 0.688969 9.9955E-05 9.9955E-05 0.222964 0.069368
0.0380668 0.0667004 9.99729E-05 0.0521529 0.546532 0.275291 9.99729E-05 9.99729E-05 0.0209573
9.99549E-05 0.00705897 9.99549E-05 0.574552 9.99549E-05 0.109257 9.99549E-05 0.308632 9.99549E-05
0.0271743 0.119853 0.0454544 0.158651 0.348302 0.300266 9.9973E-05 9.9973E-05 9.9973E-05
0.071499 0.200812 0.0166636 0.0431586 0.259229 0.0698537 0.338584 9.9982E-05 9.9982E-05
0.00203919 0.0148444 0.747967 0.0683927 0.166356 9.99639E-05 9.99639E-05 9.99639E-05 9.99639E-05
9.9946E-05 9.9946E-05 0.497942 9.9946E-05 0.370021 0.131437 9.9946E-05 9.9946E-05 9.9946E-05
9.9955E-05 9.9955E-05 9.9955E-05 0.104759 0.237197 0.283176 0.374368 9.9955E-05 9.9955E-05
0.0180888 9.9955E-05 0.0559685 9.9955E-05 9.9955E-05 0.0580645 9.9955E-05 0.867378 9.9955E-05
9.9955E-05 9.9955E-05 0.743962 9.9955E-05 0.0218556 0.109677 9.9955E-05 0.124005 9.9955E-05
9.9964E-05 9.9964E-05 0.00690512 9.9964E-05 0.090935 0.102726 0.0566742 0.74236 9.9964E-05
9.99729E-05 0.0346105 0.0992247 9.99729E-05 0.330533 0.179698 9.99729E-05 0.352553 0.00308005
0.0201916 0.0695444 0.642624 9.9973E-05 0.239749 9.9973E-05 0.0100078 9.9973E-05 0.017583
0.00571132 9.9955E-05 0.0106995 0.171587 9.9955E-05 9.9955E-05 9.9955E-05 0.811503 9.9955E-05
9.99549E-05 9.99549E-05 9.99549E-05 0.455458 0.261889 0.259105 9.99549E-05 9.99549E-05 0.0230484
0.000755968 0.104437 9.99639E-05 0.0791922 0.420461 9.99639E-05 9.99639E-05 0.394754 9.99639E-05
0.0859527 0.077191 0.372734 0.23972 0.122068 0.102034 9.9973E-05 9.9973E-05 9.9973E-05
0.0848548 0.223712 0.0800257 0.1618 0.366513 0.0827942 9.99729E-05 9.99729E-05 9.99729E-05
0.0580889 0.140197 0.397711 0.0663848 0.244974 9.99729E-05 9.99729E-05 0.0923437 9.99729E-05
9.99549E-05 9.99549E-05 9.99549E-05 0.64911 0.0913243 9.99549E-05 0.0460379 0.213028 9.99549E-05
0.0083321 0.00510733 0.1515 0.0710664 0.122434 9.9991E-05 0.612604 0.0245722 0.00428389
0.0623389 9.99729E-05 9.99729E-05 0.138332 0.412873 0.0947848 9.99729E-05 0.118803 0.172568
0.0261377 0.0305481 0.477764 0.044849 0.115757 0.122046 0.111148 0.0374103 0.0343407
0.030242 9.99639E-05 0.331067 0.104769 0.105278 9.99639E-05 0.428244 9.99639E-05 9.99639E-05
0.0387929 9.99549E-05 0.614451 0.192694 0.153562 9.99549E-05 9.99549E-05 9.99549E-05 9.99549E-05
0.0608463 0.0186196 0.652533 0.107133 0.160468 9.99639E-05 9.99639E-05 9.99639E-05 9.99639E-05
0.0506469 9.99639E-05 0.61138 0.271562 0.0194291 9.99639E-05 9.99639E-05 9.99639E-05 0.0465823
0.0939683 9.9973E-05 9.9973E-05 0.0566727 0.584551 0.0716213 9.9973E-05 0.136692 0.056194
0.0115006 0.117939 9.99729E-05 9.99729E-05 0.230567 0.0545403 9.99729E-05 0.522235 0.062918
0.00299148 0.164019 0.113365 0.0432708 9.9991E-05 0.000153252 0.588499 0.0693361 0.0182654
9.9964E-05 0.0264295 0.381413 0.336072 9.9964E-05 0.219539 0.0361469 9.9964E-05 9.9964E-05
0.0628397 0.116066 9.9991E-05 0.258746 0.317473 0.116838 0.0496737 0.0126972 0.0655656
0.0370576 0.111183 0.00549362 0.844109 9.9964E-05 0.00175703 9.9964E-05 9.9964E-05 9.9964E-05
9.9946E-05 9.9946E-05 9.9946E-05 0.209335 0.0749394 9.9946E-05 9.9946E-05 0.715126 9.9946E-05
9.9973E-05 0.0234889 0.0311001 0.783564 0.0497543 9.9973E-05 9.9973E-05 0.0941214 0.0176716
