9.9982E-05 0.31531 0.402575 0.110916 0.139075 9.9982E-05 0.0319236
0.0314072 0.41679 0.461733 9.9973E-05 0.0897692 9.9973E-05 9.9973E-05
0.0227666 9.9982E-05 0.769505 0.0343054 9.9982E-05 0.154713 0.01851
9.999E-05 0.606266 0.0526017 0.0581069 0.0804521 0.0404872 0.161986
0.0487341 0.57971 9.9973E-05 9.9973E-05 0.249697 9.9973E-05 0.12156
0.0730298 9.9973E-05 0.481857 9.9973E-05 0.0721273 9.9973E-05 0.372686
9.99639E-05 0.00277931 0.766444 9.99639E-05 9.99639E-05 0.230377 9.99639E-05
0.0900268 0.0474092 0.653257 9.9973E-05 9.9973E-05 9.9973E-05 0.209007
0.0389447 0.470878 0.293284 0.030187 9.9982E-05 9.9982E-05 0.166507
9.99729E-05 9.99729E-05 0.159255 0.0429526 9.99729E-05 0.409811 0.387682
9.9982E-05 0.539009 0.193601 0.0216404 0.0906976 9.9982E-05 0.154852
9.9964E-05 0.644438 0.0533016 9.9964E-05 9.9964E-05 9.9964E-05 0.301861
0.0598106 0.263866 0.188824 0.0314035 0.294654 0.116096 0.0453449
9.9964E-05 9.9964E-05 0.732841 9.9964E-05 9.9964E-05 0.0216494 0.24511
9.99639E-05 0.731923 0.12929 9.99639E-05 9.99639E-05 9.99639E-05 0.138387
0.0324288 9.9991E-05 0.391033 0.0283505 0.00454757 0.473801 0.0697399
9.9973E-05 0.0300689 0.775644 9.9973E-05 9.9973E-05 0.174748 0.0192391
9.9964E-05 0.0366057 0.923322 9.9964E-05 0.039672 9.9964E-05 9.9964E-05
9.9982E-05 0.48929 0.336293 0.00269651 0.0700397 9.9982E-05 0.101481
9.9973E-05 0.0581491 9.9973E-05 0.859649 0.0772695 9.9973E-05 0.00463196
9.9964E-05 0.0287303 9.9964E-05 0.914297 0.0565728 9.9964E-05 9.9964E-05
9.99639E-05 9.99639E-05 9.99639E-05 0.883474 0.0823706 9.99639E-05 0.0337556
9.9964E-05 0.226023 9.9964E-05 0.759647 0.01393 9.9964E-05 9.9964E-05
9.99549E-05 0.21744 9.99549E-05 0.78206 9.99549E-05 9.99549E-05 9.99549E-05
0.203416 9.99729E-05 0.265989 0.467836 9.99729E-05 0.0624592 9.99729E-05
0.165923 0.322051 9.99729E-05 0.436287 9.99729E-05 9.99729E-05 0.0754385
0.209109 9.9964E-05 9.9964E-05 0.233077 9.9964E-05 0.557415 9.9964E-05
0.107863 0.292384 9.9982E-05 0.412712 0.17732 9.9982E-05 0.00952035
9.99729E-05 9.99729E-05 9.99729E-05 0.87553 0.0980894 0.00623448 0.0198464
9.9955E-05 0.0749742 9.9955E-05 0.924526 9.9955E-05 9.9955E-05 9.9955E-05
9.9973E-05 0.0426486 0.0527061 0.653651 9.9973E-05 0.250694 9.9973E-05
0.463123 9.9991E-05 0.0755516 0.249663 0.11957 0.0546627 0.0373298
9.99549E-05 9.99549E-05 9.99549E-05 0.619554 9.99549E-05 0.379947 9.99549E-05
0.0139468 9.99729E-05 0.282035 0.700198 9.99729E-05 0.00351964 9.99729E-05
9.9973E-05 0.0688605 9.9973E-05 0.896641 0.00402814 9.9973E-05 0.0301706
9.99549E-05 0.209521 9.99549E-05 0.789979 9.99549E-05 9.99549E-05 9.99549E-05
9.9964E-05 0.154017 9.9964E-05 0.757458 9.9964E-05 0.0881253 9.9964E-05
9.9955E-05 0.23549 9.9955E-05 0.76401 9.9955E-05 9.9955E-05 9.9955E-05
0.851962 0.0945513 9.99639E-05 9.99639E-05 0.0530864 9.99639E-05 9.99639E-05
0.652561 9.9964E-05 9.9964E-05 9.9964E-05 0.0879723 0.259067 9.9964E-05
0.420331 9.9964E-05 9.9964E-05 0.083967 9.9964E-05 0.495302 9.9964E-05
0.51395 0.213551 9.9982E-05 0.0844834 0.0860007 0.101814 9.9982E-05
0.56402 9.9991E-05 0.0610441 0.287493 0.0448489 0.0174117 0.025083
0.567858 9.9982E-05 0.129033 0.09893 9.9982E-05 0.198702 0.00527669
0.321238 0.529333 9.9964E-05 0.149028 9.9964E-05 9.9964E-05 9.9964E-05
0.595344 0.404156 9.99549E-05 9.99549E-05 9.99549E-05 9.99549E-05 9.99549E-05
0.401468 9.99729E-05 0.086131 0.17282 9.99729E-05 0.339281 9.99729E-05
0.820065 0.0360194 9.99729E-05 9.99729E-05 0.0743823 9.99729E-05 0.0692338
0.322054 9.9964E-05 9.9964E-05 9.9964E-05 0.0228781 0.654668 9.9964E-05
0.732706 0.264969 9.9964E-05 0.00192484 9.9964E-05 9.9964E-05 9.9964E-05
0.693968 9.9964E-05 9.9964E-05 9.9964E-05 0.0607643 0.244868 9.9964E-05
0.523144 0.16111 9.9982E-05 0.127669 0.147298 9.9982E-05 0.0405793
0.436117 0.34684 9.99729E-05 0.165681 9.99729E-05 9.99729E-05 0.0510625
0.531615 0.311762 0.121931 0.0233026 9.9982E-05 9.9982E-05 0.0111895
0.361647 0.444591 9.9973E-05 0.138063 9.9973E-05 0.0553986 9.9973E-05
0.0391699 0.365634 9.9964E-05 0.594797 9.9964E-05 9.9964E-05 9.9964E-05
0.786012 9.99729E-05 0.00768073 9.99729E-05 0.0778732 0.128134 9.99729E-05
0.598338 0.0120521 9.9991E-05 0.129787 0.107196 0.101003 0.0515233
0.68792 9.99639E-05 9.99639E-05 9.99639E-05 0.0533238 0.258356 9.99639E-05
0.755685 0.243713 9.99639E-05 9.99639E-05 0.000201769 9.99639E-05 9.99639E-05
0.713204 0.214915 9.99729E-05 0.0623027 9.99729E-05 9.99729E-05 0.00927822
0.710793 0.288707 9.99549E-05 9.99549E-05 9.99549E-05 9.99549E-05 9.99549E-05
0.540926 9.9982E-05 0.126291 0.0602056 0.117801 0.154576 9.9982E-05
0.511434 0.365709 9.9964E-05 0.122457 9.9964E-05 9.9964E-05 9.9964E-05
0.472053 9.9964E-05 0.289064 9.9964E-05 9.9964E-05 0.238483 9.9964E-05
0.361878 0.290188 0.0767046 0.191275 9.99819E-05 9.99819E-05 0.0797548
0.630933 0.368567 9.9955E-05 9.9955E-05 9.9955E-05 9.9955E-05 9.9955E-05
0.600236 0.399265 9.9955E-05 9.9955E-05 9.9955E-05 9.9955E-05 9.9955E-05
0.438669 0.105156 0.241827 0.214048 9.99729E-05 9.99729E-05 9.99729E-05
0.356378 9.9982E-05 0.0901838 0.364674 0.0597594 9.9982E-05 0.128805
0.29237 9.9973E-05 9.9973E-05 0.266296 0.0326732 0.408361 9.9973E-05
0.545147 9.99639E-05 0.0523222 9.99639E-05 9.99639E-05 0.402131 9.99639E-05
9.9955E-05 0.255866 9.9955E-05 0.743634 9.9955E-05 9.9955E-05 9.9955E-05
0.668139 9.99639E-05 0.0648171 9.99639E-05 9.99639E-05 0.266644 9.99639E-05
0.664828 0.275666 9.99729E-05 0.0442204 9.99729E-05 9.99729E-05 0.0149853
0.273768 0.373867 0.0109125 0.302574 9.9982E-05 9.9982E-05 0.0386776
9.99639E-05 9.99639E-05 0.0551241 0.750346 9.99639E-05 0.19413 9.99639E-05
0.229618 9.9964E-05 9.9964E-05 0.214794 9.9964E-05 0.555187 9.9964E-05
0.0244949 9.99729E-05 0.151363 0.743948 9.99729E-05 0.0798949 9.99729E-05
0.322941 9.99729E-05 9.99729E-05 0.40956 0.173349 9.99729E-05 0.0938505
0.263526 9.9973E-05 9.9973E-05 0.179508 0.0649136 0.491753 9.9973E-05
0.465214 0.245251 9.9973E-05 0.284198 9.9973E-05 9.9973E-05 0.00503665
0.748794 0.126841 9.9982E-05 0.020428 0.0410787 0.0626581 9.9982E-05
0.489559 0.194864 9.9973E-05 0.187026 9.9973E-05 0.128252 9.9973E-05
0.665116 9.99549E-05 9.99549E-05 9.99549E-05 9.99549E-05 0.334384 9.99549E-05
0.618794 0.103397 9.9973E-05 0.115264 0.162245 9.9973E-05 9.9973E-05
0.623816 0.375684 9.99549E-05 9.99549E-05 9.99549E-05 9.99549E-05 9.99549E-05
0.18319 9.99729E-05 0.385019 0.414405 9.99729E-05 9.99729E-05 0.0170861
0.530258 9.99639E-05 0.252662 9.99639E-05 9.99639E-05 0.21668 9.99639E-05
0.206363 0.200944 0.17217 0.420223 9.9973E-05 9.9973E-05 9.9973E-05
0.590527 9.99729E-05 0.381818 0.00192146 9.99729E-05 0.025433 9.99729E-05
0.498457 9.9973E-05 0.424161 0.0671978 9.9973E-05 0.00988394 9.9973E-05
0.35111 0.458236 9.9964E-05 0.190254 9.9964E-05 9.9964E-05 9.9964E-05
0.651812 9.9955E-05 0.347688 9.9955E-05 9.9955E-05 9.9955E-05 9.9955E-05
0.461889 9.9973E-05 0.331611 0.174789 9.9973E-05 9.9973E-05 0.031411
0.0184819 9.99639E-05 9.99639E-05 9.99639E-05 0.590572 0.390546 9.99639E-05
0.0961913 9.9982E-05 0.0426503 0.0273367 0.622992 0.210629 9.9982E-05
0.020922 0.0662917 9.9982E-05 0.0192995 0.827493 0.0657937 9.9982E-05
0.0113614 0.315353 0.189547 9.9982E-05 0.473028 9.9982E-05 0.0105102
9.99639E-05 9.99639E-05 9.99639E-05 9.99639E-05 0.578066 0.397751 0.0237835
9.9982E-05 0.259541 0.431292 0.0124712 0.239485 9.9982E-05 0.0570112
9.99639E-05 9.99639E-05 0.47104 9.99639E-05 0.344391 0.184169 9.99639E-05
9.99549E-05 9.99549E-05 9.99549E-05 9.99549E-05 0.717094 0.282407 9.99549E-05
9.9973E-05 9.9973E-05 0.177968 0.0480337 0.689427 9.9973E-05 0.0842708
9.9964E-05 0.308233 9.9964E-05 0.0812216 0.610146 9.9964E-05 9.9964E-05
9.9964E-05 9.9964E-05 9.9964E-05 9.9964E-05 0.276707 0.6305 0.0923935
9.9982E-05 0.372382 9.9982E-05 0.0224425 0.458698 0.0952196 0.051058
9.99639E-05 9.99639E-05 0.10487 9.99639E-05 0.701299 0.193431 9.99639E-05
0.0556307 0.0891555 0.25038 9.9982E-05 0.575741 9.9982E-05 0.028893
9.9982E-05 9.9982E-05 0.0254409 0.0555569 0.713248 0.0548057 0.150748
9.9991E-05 0.00428218 0.550019 0.0364844 0.250981 0.147011 0.0111219
0.0679144 0.499676 9.99729E-05 0.00197265 0.430137 9.99729E-05 9.99729E-05
9.9973E-05 0.452398 9.9973E-05 0.0905964 0.42312 0.0335857 9.9973E-05
0.125919 9.9991E-05 0.0375182 0.0788677 0.603751 0.0570137 0.096831
9.99639E-05 9.99639E-05 0.267922 9.99639E-05 0.587607 0.144071 9.99639E-05
0.00967851 0.0239878 9.9982E-05 0.0671584 0.788014 9.9982E-05 0.110962
9.9964E-05 0.217739 9.9964E-05 0.030001 0.75186 9.9964E-05 9.9964E-05
0.0108559 0.46719 0.191837 0.0298359 0.150734 9.9991E-05 0.149447
9.99639E-05 9.99639E-05 0.2553 9.99639E-05 9.99639E-05 0.0876878 0.656612
0.0335983 0.597007 0.0814893 0.038365 0.0559995 0.161793 0.0317474
9.99729E-05 9.99729E-05 0.523574 9.99729E-05 0.124586 0.15946 0.19208
9.99549E-05 9.99549E-05 9.99549E-05 9.99549E-05 9.99549E-05 0.553538 0.445962
9.9982E-05 0.701644 0.113895 9.9982E-05 0.0325843 0.0299811 0.121696
9.9973E-05 0.1705 9.9973E-05 0.0122103 9.9973E-05 0.0519611 0.765028
0.111183 0.140164 0.524143 9.9982E-05 0.138404 9.9982E-05 0.0859052
9.9964E-05 0.165919 9.9964E-05 0.0388707 9.9964E-05 9.9964E-05 0.79481
9.9964E-05 9.9964E-05 0.331113 9.9964E-05 9.9964E-05 0.44686 0.221627
0.0521286 0.576551 9.99729E-05 9.99729E-05 0.112275 9.99729E-05 0.258746
9.9964E-05 0.326245 9.9964E-05 0.0504073 9.9964E-05 9.9964E-05 0.622948
9.99549E-05 9.99549E-05 9.99549E-05 9.99549E-05 9.99549E-05 0.644743 0.354757
9.9973E-05 0.815001 0.110554 9.9973E-05 0.0551373 0.0190078 9.9973E-05
9.99549E-05 0.412002 9.99549E-05 9.99549E-05 9.99549E-05 9.99549E-05 0.587499
9.9982E-05 0.594602 0.27615 0.0215889 9.9982E-05 0.0552625 0.0521965
9.99549E-05 9.99549E-05 9.99549E-05 9.99549E-05 9.99549E-05 0.585752 0.413748
0.0198325 0.552303 0.0255911 0.0131672 9.9982E-05 9.9982E-05 0.388906
0.0248758 0.610775 0.165332 9.9982E-05 0.174775 9.9982E-05 0.024042
9.99729E-05 0.0575049 0.716464 0.0140144 9.99729E-05 9.99729E-05 0.211717
9.99821E-05 0.423605 0.096219 0.131772 0.153912 0.194292 9.99821E-05
9.9991E-05 0.439465 0.0857738 0.0854279 0.0853823 0.128693 0.175159
9.99639E-05 9.99639E-05 0.0469521 9.99639E-05 9.99639E-05 0.479218 0.47343
0.0490548 0.274589 0.432439 0.0506315 9.9982E-05 9.9982E-05 0.193086
0.0211283 9.99729E-05 0.206561 9.99729E-05 0.035459 9.99729E-05 0.736552
0.0544023 9.9991E-05 0.207801 0.0390838 0.23768 0.262023 0.19891
0.0692427 0.422008 0.109271 0.0417651 0.126458 9.9991E-05 0.231155
0.0944363 0.0360529 9.9973E-05 9.9973E-05 0.498395 9.9973E-05 0.370816
0.0112929 0.0748984 9.9982E-05 0.0596571 9.9982E-05 0.852232 0.0017201
0.0244006 9.9991E-05 0.367046 0.0250412 0.155668 0.0733235 0.354421
0.0225455 9.9991E-05 0.455965 0.0128338 0.120222 0.272646 0.115688
9.9982E-05 0.348856 9.9982E-05 0.0771854 0.0668334 0.257686 0.249239
9.99639E-05 9.99639E-05 0.323654 9.99639E-05 9.99639E-05 0.612803 0.0631431
9.9982E-05 0.702733 0.178629 9.9982E-05 0.0210014 0.0417512 0.0556853
9.99729E-05 9.99729E-05 0.306988 9.99729E-05 0.0677615 0.450349 0.174601
9.9982E-05 0.241753 9.9982E-05 0.0526405 0.111237 0.175085 0.419085
9.9982E-05 0.503733 9.9982E-05 0.0124923 0.177695 0.114002 0.191878
0.132907 0.12447 0.0259485 0.00326812 0.354183 9.9991E-05 0.359123
0.0505982 0.107759 0.459615 9.9982E-05 0.254293 9.9982E-05 0.127535
0.0129487 0.0105669 0.122511 0.0526695 0.409459 0.0173591 0.374486
9.9991E-05 0.347519 0.00410598 0.0436695 0.312303 0.164454 0.127849
9.9973E-05 0.0200356 0.106767 9.9973E-05 0.143621 0.729276 9.9973E-05
9.99639E-05 9.99639E-05 9.99639E-05 9.99639E-05 0.00855846 0.691165 0.299877
0.0224697 9.9973E-05 0.635564 9.9973E-05 9.9973E-05 0.122034 0.219633
0.0553281 9.9982E-05 0.0728318 9.9982E-05 0.0231381 0.611403 0.237099
9.9964E-05 0.0961633 9.9964E-05 9.9964E-05 0.0845145 0.818922 9.9964E-05
0.100901 9.9973E-05 0.477476 9.9973E-05 9.9973E-05 0.125846 0.295477
9.99729E-05 0.0329908 0.583069 9.99729E-05 9.99729E-05 0.227873 0.155767
0.0186258 0.733015 0.0898408 0.0662365 9.9982E-05 9.9982E-05 0.0920822
9.99729E-05 0.70526 0.236513 0.0525496 9.99729E-05 9.99729E-05 0.0053777
9.9973E-05 0.0969661 0.834128 0.0492574 9.9973E-05 9.9973E-05 0.0193488
9.99639E-05 0.729893 0.267087 9.99639E-05 9.99639E-05 0.00262022 9.99639E-05
9.9964E-05 0.814632 0.154333 9.9964E-05 0.0306341 9.9964E-05 9.9964E-05
9.9982E-05 0.601476 0.161249 0.174283 0.0480906 0.014702 9.9982E-05
9.9973E-05 0.762415 0.189247 0.026621 9.9973E-05 0.0214178 9.9973E-05
9.9973E-05 0.0514541 0.727798 0.0343005 9.9973E-05 0.186148 9.9973E-05
9.9964E-05 9.9964E-05 0.249468 9.9964E-05 9.9964E-05 0.621157 0.128975
0.0718842 0.380248 0.439121 9.9982E-05 0.087933 9.9982E-05 0.0206139
9.9964E-05 9.9964E-05 0.765112 0.00753283 9.9964E-05 0.226956 9.9964E-05
0.0627502 0.00598822 0.799785 0.11163 9.99886E-05 0.0196466 9.99886E-05
9.9973E-05 0.293752 0.662828 0.00509967 0.0380202 9.9973E-05 9.9973E-05
9.9964E-05 9.9964E-05 0.674937 9.9964E-05 9.9964E-05 0.259702 0.0649611
0.0223825 0.144716 0.652215 9.9982E-05 0.0349782 0.145509 9.9982E-05
0.0671951 0.30909 0.236379 0.0918378 9.9982E-05 9.9982E-05 0.295298
0.0558357 0.130593 0.667423 0.0347909 9.9982E-05 0.111157 9.9982E-05
0.0265165 0.137951 0.676226 9.9973E-05 0.159007 9.9973E-05 9.9973E-05
9.9973E-05 0.756386 0.181467 0.00570645 9.9973E-05 0.0561409 9.9973E-05
0.0431093 0.442811 0.426136 9.9982E-05 0.0606967 9.9982E-05 0.0270469
0.0173236 0.0427654 0.545269 9.9973E-05 9.9973E-05 0.394342 9.9973E-05
0.022602 0.00169395 0.913065 9.9982E-05 0.050347 0.0120925 9.9982E-05
9.9964E-05 9.9964E-05 0.382985 9.9964E-05 9.9964E-05 0.533038 0.0835762
9.99729E-05 0.714793 0.240709 9.99729E-05 0.000933608 9.99729E-05 0.0432641
0.0397585 0.293543 0.540201 0.015647 9.9982E-05 9.9982E-05 0.110651
0.00524458 9.9973E-05 0.570421 9.9973E-05 9.9973E-05 0.38082 0.0432141
0.0639138 0.582387 9.9973E-05 9.9973E-05 0.0405495 9.9973E-05 0.31285
0.0147047 0.395466 0.0485058 0.0457399 9.9991E-05 0.0219825 0.473501
0.0619498 9.9991E-05 0.358569 0.0667975 0.0243681 0.405297 0.0829183
0.0167375 9.9991E-05 0.0306184 0.0145274 0.110673 0.151951 0.675393
9.9982E-05 0.519244 0.117 0.13778 9.9982E-05 0.0176134 0.208163
9.9964E-05 0.545172 9.9964E-05 0.0199033 9.9964E-05 9.9964E-05 0.434525
0.0755378 0.595063 9.9964E-05 9.9964E-05 9.9964E-05 9.9964E-05 0.328999
9.9955E-05 9.9955E-05 9.9955E-05 9.9955E-05 9.9955E-05 0.709704 0.289796
0.00429393 9.9973E-05 0.553404 9.9973E-05 9.9973E-05 0.0289071 0.413095
0.0481624 0.146658 0.157228 9.9982E-05 0.388003 9.9982E-05 0.259749
9.99729E-05 0.547634 0.080185 9.99729E-05 0.0123276 9.99729E-05 0.359553
0.00087759 9.9982E-05 0.0791175 9.9982E-05 0.111576 0.55146 0.256769
9.9973E-05 0.0262661 0.656199 0.0464725 9.9973E-05 9.9973E-05 0.270763
0.0150161 9.9973E-05 0.66224 0.0106159 9.9973E-05 9.9973E-05 0.311828
9.9982E-05 0.0621458 0.0400369 0.00609985 0.419937 9.9982E-05 0.47158
9.9973E-05 9.9973E-05 0.687986 9.9973E-05 0.216524 0.0941122 0.0010772
0.052622 0.402292 0.423896 9.9982E-05 0.09535 9.9982E-05 0.0256397
0.00835737 0.223665 0.318187 9.9982E-05 0.113152 9.9982E-05 0.336439
9.9973E-05 0.601819 9.9973E-05 0.0704251 9.9973E-05 0.0165626 0.310894
0.142722 9.9982E-05 0.336517 0.00284483 9.9982E-05 0.170242 0.347475
0.0525559 0.555731 0.0928433 9.99729E-05 9.99729E-05 9.99729E-05 0.29857
0.00944957 0.614143 0.138113 9.9973E-05 9.9973E-05 9.9973E-05 0.237994
9.99639E-05 9.99639E-05 0.407108 9.99639E-05 9.99639E-05 0.403768 0.188723
9.9973E-05 0.226743 0.655272 9.9973E-05 9.9973E-05 0.0867709 0.030914
0.0599841 9.9973E-05 0.748613 9.9973E-05 9.9973E-05 0.0508245 0.140278
0.00928518 0.776131 0.0402975 0.075142 9.9982E-05 9.9982E-05 0.0989442
0.189059 0.48517 0.0781141 0.127048 0.0149244 0.105585 9.9991E-05
0.108351 0.603043 0.234012 9.9973E-05 9.9973E-05 9.9973E-05 0.0542937
9.9964E-05 9.9964E-05 0.507826 9.9964E-05 9.9964E-05 0.337352 0.154422
0.0610519 0.543459 0.345319 9.9982E-05 0.00370124 9.9982E-05 0.0462694
0.047323 0.572722 0.177501 0.0120237 0.084827 9.9991E-05 0.105503
0.0171702 0.721296 0.0775706 9.9991E-05 0.101424 0.0172946 0.0651446
9.9964E-05 9.9964E-05 0.622069 9.9964E-05 0.0424867 0.335044 9.9964E-05
9.9982E-05 0.129318 0.72871 0.0168869 0.0134588 9.9982E-05 0.111426
9.9982E-05 0.662662 0.132501 0.0818949 9.9982E-05 0.102849 0.0198926
0.0842973 0.0828205 0.423535 9.9982E-05 9.9982E-05 0.217558 0.191589
0.0410251 0.731134 0.115531 0.0266875 0.0480152 9.9991E-05 0.0375071
9.9982E-05 0.414144 0.180524 9.9982E-05 0.10595 0.287055 0.0121265
0.0642077 0.213521 0.50152 0.0182577 0.0641469 9.9991E-05 0.138246
9.9964E-05 9.9964E-05 0.468279 9.9964E-05 9.9964E-05 0.507276 0.0240451
0.0274102 0.202399 0.569945 0.0197914 9.9982E-05 9.9982E-05 0.180255
0.00186914 9.9991E-05 0.269103 0.0258637 0.28539 0.177484 0.24019
9.9973E-05 9.9973E-05 0.113261 9.9973E-05 0.156943 0.630896 0.0986005
0.0479857 0.0422009 0.65182 9.9982E-05 0.108118 9.9982E-05 0.149675
0.00220701 9.9973E-05 0.541975 9.9973E-05 0.418624 9.9973E-05 0.0368939
9.9982E-05 0.102569 0.573261 9.9982E-05 0.0294611 0.0546088 0.2399
9.9973E-05 0.552799 0.162368 9.9973E-05 0.0749158 9.9973E-05 0.209618
9.9973E-05 9.9973E-05 0.0202559 9.9973E-05 0.0401017 0.577275 0.362067
0.00629619 0.486163 9.9982E-05 0.0982223 9.9982E-05 0.0801209 0.328997
0.0101376 0.420808 0.186135 0.0223054 0.360414 9.9982E-05 9.9982E-05
9.9982E-05 0.495984 9.9982E-05 0.0425831 0.188926 0.236 0.0363073
9.9973E-05 0.0394504 0.100319 9.9973E-05 0.258724 0.601207 9.9973E-05
9.9973E-05 9.9973E-05 0.200922 9.9973E-05 0.0979767 0.683696 0.0171052
9.9982E-05 0.559148 0.120894 0.0573212 9.9982E-05 0.00290677 0.25953
0.0658219 0.0687118 0.741206 0.0193585 0.0551727 9.9991E-05 0.0496289
0.0254597 0.0291264 0.403316 0.00181774 0.35953 9.9991E-05 0.18065
9.9964E-05 9.9964E-05 0.0912501 9.9964E-05 0.130619 0.777731 9.9964E-05
9.9973E-05 0.135247 9.9973E-05 9.9973E-05 0.464632 0.123069 0.276751
9.9991E-05 0.329071 0.0167113 0.0878328 0.175586 0.0698697 0.320829
9.9982E-05 0.685471 0.209982 0.0148405 9.9982E-05 0.0190443 0.0704619
9.9973E-05 0.533971 0.190135 9.9973E-05 0.219463 9.9973E-05 0.0561312
9.9991E-05 0.342587 0.0475648 0.0164845 0.389428 0.144864 0.0589722
9.9973E-05 9.9973E-05 0.705348 0.0503416 0.00169375 0.242317 9.9973E-05
0.0305722 0.633434 0.259613 9.9973E-05 0.0760807 9.9973E-05 9.9973E-05
9.9973E-05 0.0184006 0.73799 9.9973E-05 0.0443588 0.198951 9.9973E-05
0.0332773 0.0810027 0.679657 9.9982E-05 0.170393 9.9982E-05 0.0354699
0.0365049 0.620367 0.213918 0.0279772 9.9982E-05 9.9982E-05 0.101033
0.000345822 0.00847895 0.470431 0.015207 9.9982E-05 0.505337 9.9982E-05
0.000645968 0.00393773 0.157473 9.9991E-05 0.382635 0.434227 0.0209815
9.99729E-05 9.99729E-05 0.665531 9.99729E-05 0.0219712 0.173833 0.138364
9.9982E-05 0.345414 9.9982E-05 0.0781607 0.219095 0.174071 0.183059
9.9991E-05 0.0898059 0.245382 0.054639 0.170976 0.0981699 0.340927
0.00358615 0.359726 0.326165 0.0640431 9.9991E-05 0.0654335 0.180947
9.99639E-05 0.0738359 0.146696 9.99639E-05 9.99639E-05 0.779068 9.99639E-05
9.9982E-05 0.697521 0.000933448 0.0670888 9.9982E-05 0.196587 0.0376695
0.167745 0.00573568 0.410333 0.0468698 0.15466 0.144703 0.0699521
0.0471711 0.533953 0.132781 0.0322887 0.128347 0.0566694 0.0687898
9.9982E-05 0.693669 0.017285 0.101318 0.0208746 0.166654 9.9982E-05
9.9991E-05 0.602416 0.0891901 0.0521262 0.0520527 0.164763 0.0393515
0.0152568 0.600912 0.161893 0.0753412 9.9991E-05 0.0599823 0.0865139
0.0698604 0.570475 0.0268939 0.0671233 9.9982E-05 0.265447 9.9982E-05
0.0608629 9.9982E-05 0.613627 0.104518 0.154093 0.0666996 9.9982E-05
0.0625848 9.9991E-05 0.655064 0.0108011 0.0458455 0.110801 0.114804
0.0178685 0.564503 9.9991E-05 0.0733135 0.00437718 0.163018 0.176819
9.9973E-05 0.362634 9.9973E-05 9.9973E-05 0.287921 0.270858 0.0782874
0.0589896 9.9991E-05 0.240674 0.0607485 0.208558 0.219957 0.210973
9.9973E-05 9.9973E-05 9.9973E-05 0.0282697 0.0376762 0.818593 0.115161
9.9955E-05 9.9955E-05 0.551888 9.9955E-05 9.9955E-05 0.447612 9.9955E-05
0.00727517 0.00749511 0.106842 9.9991E-05 0.0384033 0.818396 0.0214881
