9.991E-05 0.0434921 9.991E-05 9.991E-05 9.991E-05 0.0565632 9.991E-05 9.991E-05 9.991E-05 9.991E-05 0.438395 0.0689317 0.391619 9.991E-05 9.991E-05
0.124589 9.99279E-05 0.00735308 0.0277783 9.99279E-05 0.0393239 9.99279E-05 0.085765 9.99279E-05 9.99279E-05 0.408735 9.99279E-05 0.305656 9.99279E-05 9.99279E-05
0.0362599 0.00864923 9.996E-05 0.0343143 0.0158428 0.0205946 0.0163487 0.0193107 0.566026 0.00379237 0.207127 9.996E-05 9.996E-05 0.0713339 9.996E-05
9.99189E-05 0.0206853 9.99189E-05 9.99189E-05 0.028099 9.99189E-05 9.99189E-05 9.99189E-05 9.99189E-05 9.99189E-05 0.202434 0.17885 0.565558 0.00347428 9.99189E-05
0.117115 9.99098E-05 9.99098E-05 9.99098E-05 9.99098E-05 9.99098E-05 0.0396153 9.99098E-05 9.99098E-05 0.0459376 9.99098E-05 0.44304 0.353293 9.99098E-05 9.99098E-05
0.0699833 9.99279E-05 0.0413228 0.0588747 9.99279E-05 9.99279E-05 0.0131662 9.99279E-05 0.0940809 9.99279E-05 0.360969 9.99279E-05 9.99279E-05 0.360804 9.99279E-05
9.99098E-05 9.99098E-05 0.00598321 9.99098E-05 9.99098E-05 9.99098E-05 9.99098E-05 9.99098E-05 0.475471 9.99098E-05 0.432501 9.99098E-05 0.047928 9.99098E-05 0.0371178
0.13182 9.9919E-05 0.00254977 9.9919E-05 9.9919E-05 0.126141 9.9919E-05 9.9919E-05 0.208778 9.9919E-05 0.27743 9.9919E-05 9.9919E-05 0.252381 9.9919E-05
0.0714861 9.99279E-05 9.99279E-05 9.99279E-05 0.0663115 9.99279E-05 0.0778259 0.0376709 9.99279E-05 9.99279E-05 0.35686 9.99279E-05 0.259463 0.129583 9.99279E-05
9.99098E-05 0.0435105 9.99098E-05 9.99098E-05 9.99098E-05 9.99098E-05 9.99098E-05 9.99098E-05 0.278698 0.0421354 9.99098E-05 9.99098E-05 9.99098E-05 0.376858 0.2578
0.159795 9.99279E-05 9.99279E-05 0.0503781 0.00992735 9.99279E-05 9.99279E-05 0.423562 9.99279E-05 9.99279E-05 0.166898 9.99279E-05 0.0849727 0.103668 9.99279E-05
0.0697278 9.99189E-05 9.99189E-05 9.99189E-05 0.0661329 9.99189E-05 9.99189E-05 0.140771 9.99189E-05 9.99189E-05 0.00356689 9.99189E-05 0.395906 0.322997 9.99189E-05
9.99549E-05 0.0136057 9.99549E-05 0.198609 0.208713 9.99549E-05 0.0724123 0.0438942 0.129011 9.99549E-05 0.194351 0.0660329 0.0446882 9.99549E-05 0.0281827
9.99099E-05 9.99099E-05 9.99099E-05 9.99099E-05 9.99099E-05 0.0235865 9.99099E-05 9.99099E-05 0.271966 0.012207 0.500313 9.99099E-05 9.99099E-05 0.190928 9.99099E-05
0.120078 9.99009E-05 9.99009E-05 9.99009E-05 9.99009E-05 9.99009E-05 9.99009E-05 0.430164 9.99009E-05 9.99009E-05 9.99009E-05 9.99009E-05 0.327919 0.12074 9.99009E-05
9.99278E-05 0.0271189 0.0147724 9.99278E-05 9.99278E-05 9.99278E-05 0.0237858 9.99278E-05 0.397436 9.99278E-05 0.153121 9.99278E-05 9.99278E-05 0.0808414 0.302126
9.99099E-05 9.99099E-05 9.99099E-05 9.99099E-05 0.0261177 9.99099E-05 9.99099E-05 9.99099E-05 0.371252 9.99099E-05 0.55973 9.99099E-05 0.0307236 9.99099E-05 0.0111778
0.0591288 9.99188E-05 9.99188E-05 0.0242577 9.99188E-05 9.99188E-05 9.99188E-05 0.0643565 0.42917 9.99188E-05 0.416763 9.99188E-05 9.99188E-05 0.0054254 9.99188E-05
0.0379337 9.9928E-05 9.9928E-05 0.069409 0.20002 9.9928E-05 9.9928E-05 9.9928E-05 0.0179718 9.9928E-05 0.238157 9.9928E-05 0.360311 0.0753977 9.9928E-05
9.99099E-05 0.724293 9.99099E-05 9.99099E-05 9.99099E-05 0.014921 0.000977156 0.0424907 9.99099E-05 9.99099E-05 9.99099E-05 0.216319 9.99099E-05 9.99099E-05 9.99099E-05
9.98919E-05 0.767003 9.98919E-05 9.98919E-05 0.0724455 9.98919E-05 9.98919E-05 9.98919E-05 9.98919E-05 9.98919E-05 9.98919E-05 0.159353 9.98919E-05 9.98919E-05 9.98919E-05
9.98918E-05 0.86393 9.98918E-05 9.98918E-05 9.98918E-05 9.98918E-05 9.98918E-05 9.98918E-05 9.98918E-05 9.98918E-05 0.0449368 0.0899346 9.98918E-05 9.98918E-05 9.98918E-05
9.99189E-05 0.626904 9.99189E-05 9.99189E-05 0.303207 0.00739198 0.035042 9.99189E-05 9.99189E-05 9.99189E-05 9.99189E-05 0.0209451 0.00561065 9.99189E-05 9.99189E-05
9.99189E-05 0.718502 9.99189E-05 9.99189E-05 0.0433782 0.00476785 0.0268175 0.11615 9.99189E-05 9.99189E-05 9.99189E-05 9.99189E-05 0.0894853 9.99189E-05 9.99189E-05
9.99278E-05 0.460858 0.186892 9.99278E-05 9.99278E-05 0.0231528 0.0154122 9.99278E-05 0.139438 9.99278E-05 0.127131 9.99278E-05 9.99278E-05 0.0463165 9.99278E-05
9.99188E-05 0.328894 9.99188E-05 9.99188E-05 9.99188E-05 0.209357 0.149419 0.10051 9.99188E-05 9.99188E-05 9.99188E-05 9.99188E-05 0.130105 0.0808146 9.99188E-05
9.99189E-05 0.234696 0.215922 9.99189E-05 9.99189E-05 9.99189E-05 0.0592854 9.99189E-05 0.0283515 0.0973479 9.99189E-05 9.99189E-05 9.99189E-05 9.99189E-05 0.363498
9.99009E-05 0.162773 9.99009E-05 9.99009E-05 9.99009E-05 0.287603 0.0272632 9.99009E-05 9.99009E-05 9.99009E-05 9.99009E-05 0.521261 9.99009E-05 9.99009E-05 9.99009E-05
9.99098E-05 0.836908 0.0046081 0.0469926 9.99098E-05 9.99098E-05 9.99098E-05 9.99098E-05 9.99098E-05 9.99098E-05 0.0730425 9.99098E-05 9.99098E-05 9.99098E-05 0.0374496
9.99009E-05 0.857143 9.99009E-05 9.99009E-05 0.132094 9.99009E-05 9.99009E-05 0.00871498 9.99009E-05 9.99009E-05 9.99009E-05 0.000949265 9.99009E-05 9.99009E-05 9.99009E-05
9.99281E-05 0.56936 0.0696718 9.99281E-05 0.133356 0.00553641 9.99281E-05 9.99281E-05 0.105303 0.0435359 9.99281E-05 9.99281E-05 9.99281E-05 9.99281E-05 0.0724377
9.99369E-05 0.189844 0.216229 0.142092 9.99369E-05 0.168516 0.160163 9.99369E-05 9.99369E-05 9.99369E-05 0.0757979 9.99369E-05 9.99369E-05 0.0194023 0.0272563
9.99098E-05 0.579281 0.0679993 9.99098E-05 9.99098E-05 9.99098E-05 9.99098E-05 9.99098E-05 0.133609 0.0958654 9.99098E-05 9.99098E-05 9.99098E-05 9.99098E-05 0.122246
9.99098E-05 0.639816 0.0664909 9.99098E-05 9.99098E-05 0.0247105 9.99098E-05 9.99098E-05 0.11642 9.99098E-05 0.151564 9.99098E-05 9.99098E-05 9.99098E-05 9.99098E-05
9.99009E-05 0.831053 9.99009E-05 9.99009E-05 0.110311 9.99009E-05 0.00170106 9.99009E-05 9.99009E-05 9.99009E-05 9.99009E-05 9.99009E-05 9.99009E-05 0.0558358 9.99009E-05
9.99099E-05 0.726993 9.99099E-05 9.99099E-05 9.99099E-05 9.99099E-05 0.0353192 0.119728 9.99099E-05 9.99099E-05 9.99099E-05 0.0279864 0.0889738 9.99099E-05 9.99099E-05
9.99009E-05 0.676149 9.99009E-05 9.99009E-05 9.99009E-05 9.99009E-05 9.99009E-05 0.249753 9.99009E-05 9.99009E-05 9.99009E-05 0.0701097 9.99009E-05 9.99009E-05 0.00288934
9.99009E-05 0.663871 9.99009E-05 9.99009E-05 0.233936 9.99009E-05 0.0119438 9.99009E-05 9.99009E-05 9.99009E-05 9.99009E-05 9.99009E-05 0.0891499 9.99009E-05 9.99009E-05
9.99007E-05 9.99007E-05 0.397145 9.99007E-05 9.99007E-05 9.99007E-05 0.482847 9.99007E-05 9.99007E-05 9.99007E-05 0.113456 0.00545305 9.99007E-05 9.99007E-05 9.99007E-05
0.00126328 9.9919E-05 0.818652 0.0608061 9.9919E-05 9.9919E-05 9.9919E-05 9.9919E-05 9.9919E-05 9.9919E-05 9.9919E-05 0.035415 0.0277541 9.9919E-05 0.0552103
9.99189E-05 0.0275138 0.55764 9.99189E-05 9.99189E-05 0.055107 9.99189E-05 9.99189E-05 0.0862329 0.224806 9.99189E-05 9.99189E-05 9.99189E-05 9.99189E-05 0.0478008
9.99279E-05 0.00362174 0.261689 9.99279E-05 0.25989 0.0451177 0.252716 9.99279E-05 9.99279E-05 9.99279E-05 9.99279E-05 0.126607 9.99279E-05 9.99279E-05 0.0495591
9.99007E-05 0.26857 0.434472 9.99007E-05 9.99007E-05 9.99007E-05 0.162919 9.99007E-05 9.99007E-05 9.99007E-05 0.13294 9.99007E-05 9.99007E-05 9.99007E-05 9.99007E-05
9.99369E-05 0.0512057 0.644032 0.0230256 9.99369E-05 0.0101438 9.99369E-05 0.134108 0.0529144 0.00312653 9.99369E-05 9.99369E-05 9.99369E-05 0.0807441 9.99369E-05
9.99009E-05 9.99009E-05 9.99009E-05 9.99009E-05 0.0663301 0.374968 0.269812 9.99009E-05 9.99009E-05 9.99009E-05 9.99009E-05 9.99009E-05 0.287791 9.99009E-05 9.99009E-05
0.218136 9.99099E-05 0.130618 9.99099E-05 9.99099E-05 9.99099E-05 0.560367 0.0575229 9.99099E-05 9.99099E-05 9.99099E-05 9.99099E-05 0.0323575 9.99099E-05 9.99099E-05
9.99098E-05 0.160994 0.57026 9.99098E-05 9.99098E-05 9.99098E-05 9.99098E-05 9.99098E-05 0.169518 0.0853714 0.0128578 9.99098E-05 9.99098E-05 9.99098E-05 9.99098E-05
9.99098E-05 9.99098E-05 0.494457 9.99098E-05 9.99098E-05 9.99098E-05 0.349045 9.99098E-05 9.99098E-05 9.99098E-05 0.0869146 0.0441069 9.99098E-05 0.0244769 9.99098E-05
9.9892E-05 9.9892E-05 0.440245 9.9892E-05 9.9892E-05 9.9892E-05 9.9892E-05 9.9892E-05 9.9892E-05 9.9892E-05 9.9892E-05 0.0157791 9.9892E-05 9.9892E-05 0.542778
0.214203 9.9919E-05 0.322758 9.9919E-05 0.0191043 0.0332683 0.405176 0.00459163 9.9919E-05 9.9919E-05 9.9919E-05 9.9919E-05 9.9919E-05 9.9919E-05 9.9919E-05
9.99009E-05 9.99009E-05 0.735062 9.99009E-05 9.99009E-05 9.99009E-05 0.0708913 9.99009E-05 9.99009E-05 9.99009E-05 9.99009E-05 0.0997114 9.99009E-05 9.99009E-05 0.0932367
9.991E-05 0.0208186 0.412107 9.991E-05 0.164061 9.991E-05 0.0966997 9.991E-05 9.991E-05 9.991E-05 9.991E-05 0.305314 9.991E-05 9.991E-05 9.991E-05
9.99278E-05 0.117376 0.0474791 9.99278E-05 9.99278E-05 0.0702669 0.397988 0.29291 9.99278E-05 9.99278E-05 9.99278E-05 9.99278E-05 0.00444782 0.0687325 9.99278E-05
0.122457 9.99189E-05 0.282637 9.99189E-05 9.99189E-05 0.0356957 0.208283 0.286477 9.99189E-05 9.99189E-05 9.99189E-05 9.99189E-05 9.99189E-05 0.0635515 9.99189E-05
9.9928E-05 0.0234982 0.17339 9.9928E-05 0.298359 0.163 0.167717 9.9928E-05 9.9928E-05 9.9928E-05 9.9928E-05 0.0616327 0.111604 9.9928E-05 9.9928E-05
9.99009E-05 0.323574 9.99009E-05 9.99009E-05 0.35299 0.267394 9.99009E-05 9.99009E-05 9.99009E-05 9.99009E-05 9.99009E-05 9.99009E-05 0.0549429 9.99009E-05 9.99009E-05
9.99098E-05 9.99098E-05 0.526306 0.0631852 9.99098E-05 9.99098E-05 0.305262 9.99098E-05 9.99098E-05 0.00727956 0.096969 9.99098E-05 9.99098E-05 9.99098E-05 9.99098E-05
9.99099E-05 9.99099E-05 0.293371 9.99099E-05 9.99099E-05 0.270282 0.143431 9.99099E-05 9.99099E-05 9.99099E-05 9.99099E-05 0.24754 9.99099E-05 9.99099E-05 0.0443765
9.99098E-05 9.99098E-05 0.783476 0.0599022 9.99098E-05 0.0743307 9.99098E-05 9.99098E-05 9.99098E-05 9.99098E-05 0.0285842 9.99098E-05 9.99098E-05 9.99098E-05 0.0527082
9.98918E-05 9.98918E-05 0.175898 9.98918E-05 9.98918E-05 9.98918E-05 0.622737 9.98918E-05 9.98918E-05 9.98918E-05 9.98918E-05 0.200166 9.98918E-05 9.98918E-05 9.98918E-05
0.00814205 0.065136 0.140042 9.99188E-05 9.99188E-05 0.0151795 0.640006 9.99188E-05 9.99188E-05 9.99188E-05 0.130594 9.99188E-05 9.99188E-05 9.99188E-05 9.99188E-05
0.178335 9.99189E-05 0.318799 9.99189E-05 9.99189E-05 0.0273077 0.390813 0.070234 9.99189E-05 9.99189E-05 9.99189E-05 9.99189E-05 0.0136123 9.99189E-05 9.99189E-05
9.99279E-05 9.99279E-05 0.229229 0.235935 9.99279E-05 0.164513 0.228357 9.99279E-05 9.99279E-05 0.0836798 0.0417786 9.99279E-05 9.99279E-05 9.99279E-05 0.0157089
9.99009E-05 0.0317101 9.99009E-05 9.99009E-05 0.303484 9.99009E-05 0.659542 9.99009E-05 9.99009E-05 9.99009E-05 9.99009E-05 9.99009E-05 9.99009E-05 9.99009E-05 0.00416482
9.99099E-05 9.99099E-05 0.138463 9.99099E-05 9.99099E-05 0.0417833 0.302802 9.99099E-05 0.442652 0.0733009 9.99099E-05 9.99099E-05 9.99099E-05 9.99099E-05 9.99099E-05
9.99278E-05 0.133562 9.99278E-05 0.00788013 9.99278E-05 0.15462 0.328128 0.156997 9.99278E-05 9.99278E-05 0.1278 9.99278E-05 9.99278E-05 0.0902127 9.99278E-05
0.0884084 9.9901E-05 9.9901E-05 9.9901E-05 0.0251612 9.9901E-05 0.840217 9.9901E-05 9.9901E-05 9.9901E-05 9.9901E-05 0.0451149 9.9901E-05 9.9901E-05 9.9901E-05
9.9901E-05 9.9901E-05 9.9901E-05 9.9901E-05 9.9901E-05 9.9901E-05 0.715914 0.11502 0.0311033 9.9901E-05 9.9901E-05 0.136864 9.9901E-05 9.9901E-05 9.9901E-05
9.99368E-05 0.0779462 9.99368E-05 0.0463825 9.99368E-05 0.440483 0.286597 9.99368E-05 0.00761003 9.99368E-05 0.0993579 9.99368E-05 0.00923359 0.0316907 9.99368E-05
9.99279E-05 0.28795 0.0864581 0.0386358 9.99279E-05 0.23649 0.147057 9.99279E-05 9.99279E-05 9.99279E-05 0.166537 9.99279E-05 9.99279E-05 0.0360728 9.99279E-05
9.99188E-05 0.148186 0.186401 0.0566619 9.99188E-05 0.242229 9.99188E-05 9.99188E-05 9.99188E-05 0.0621086 9.99188E-05 9.99188E-05 9.99188E-05 9.99188E-05 0.303515
9.99008E-05 9.99008E-05 0.310024 9.99008E-05 9.99008E-05 9.99008E-05 0.240014 9.99008E-05 0.359715 0.0891479 9.99008E-05 9.99008E-05 9.99008E-05 9.99008E-05 9.99008E-05
0.105102 0.653764 9.991E-05 9.991E-05 0.151444 0.0299566 9.991E-05 9.991E-05 9.991E-05 9.991E-05 9.991E-05 9.991E-05 0.0587342 9.991E-05 9.991E-05
9.99187E-05 9.99187E-05 0.299082 0.0466161 9.99187E-05 9.99187E-05 0.401105 9.99187E-05 0.157464 0.0650207 9.99187E-05 9.99187E-05 9.99187E-05 9.99187E-05 0.0298123
9.99098E-05 9.99098E-05 9.99098E-05 0.0503292 9.99098E-05 0.162148 0.728555 9.99098E-05 9.99098E-05 9.99098E-05 9.99098E-05 0.039617 9.99098E-05 0.0183518 9.99098E-05
9.99189E-05 0.154894 9.99189E-05 9.99189E-05 9.99189E-05 0.262086 0.206767 0.0831301 9.99189E-05 9.99189E-05 9.99189E-05 9.99189E-05 0.211171 0.0810532 9.99189E-05
9.99007E-05 0.710707 0.0655604 9.99007E-05 9.99007E-05 9.99007E-05 9.99007E-05 9.99007E-05 0.155277 9.99007E-05 9.99007E-05 9.99007E-05 9.99007E-05 9.99007E-05 0.0673566
9.9919E-05 0.202131 0.254013 9.9919E-05 9.9919E-05 9.9919E-05 0.00328336 9.9919E-05 0.249534 0.149814 9.9919E-05 9.9919E-05 9.9919E-05 9.9919E-05 0.140326
9.99008E-05 0.680314 0.145082 9.99008E-05 9.99008E-05 9.99008E-05 9.99008E-05 9.99008E-05 0.106166 9.99008E-05 0.0673392 9.99008E-05 9.99008E-05 9.99008E-05 9.99008E-05
9.99369E-05 0.32617 0.0765555 0.0703102 9.99369E-05 0.252648 0.104745 9.99369E-05 9.99369E-05 9.99369E-05 0.0461645 0.058369 9.99369E-05 9.99369E-05 0.0643383
9.99189E-05 0.15924 0.234095 9.99189E-05 9.99189E-05 0.0283529 0.0642023 9.99189E-05 9.99189E-05 9.99189E-05 9.99189E-05 0.0371543 9.99189E-05 9.99189E-05 0.476056
9.99099E-05 0.213573 0.114302 9.99099E-05 0.243089 9.99099E-05 0.408328 9.99099E-05 9.99099E-05 9.99099E-05 9.99099E-05 9.99099E-05 9.99099E-05 0.0197089 9.99099E-05
9.99008E-05 9.99008E-05 0.403333 9.99008E-05 0.12577 9.99008E-05 0.403243 9.99008E-05 9.99008E-05 9.99008E-05 9.99008E-05 0.0665547 9.99008E-05 9.99008E-05 9.99008E-05
9.9919E-05 0.0931023 0.403733 9.9919E-05 0.265649 0.0563122 0.0853689 0.0949353 9.9919E-05 9.9919E-05 9.9919E-05 9.9919E-05 9.9919E-05 9.9919E-05 9.9919E-05
9.99098E-05 9.99098E-05 0.48214 9.99098E-05 9.99098E-05 9.99098E-05 0.257305 9.99098E-05 0.151742 0.0988581 9.99098E-05 9.99098E-05 9.99098E-05 9.99098E-05 0.00895609
9.99008E-05 0.0484324 0.125873 9.99008E-05 9.99008E-05 9.99008E-05 0.50011 9.99008E-05 9.99008E-05 9.99008E-05 9.99008E-05 0.324485 9.99008E-05 9.99008E-05 9.99008E-05
9.99009E-05 9.99009E-05 9.99009E-05 9.99009E-05 0.0664773 0.018166 0.859354 9.99009E-05 9.99009E-05 9.99009E-05 9.99009E-05 9.99009E-05 0.0549033 9.99009E-05 9.99009E-05
9.99097E-05 0.189973 9.99097E-05 9.99097E-05 9.99097E-05 0.571799 9.99097E-05 9.99097E-05 0.0959784 0.0259864 0.115264 9.99097E-05 9.99097E-05 9.99097E-05 9.99097E-05
9.98917E-05 9.98917E-05 0.435769 9.98917E-05 9.98917E-05 0.305449 9.98917E-05 9.98917E-05 0.257583 9.98917E-05 9.98917E-05 9.98917E-05 9.98917E-05 9.98917E-05 9.98917E-05
0.145901 0.142275 9.98918E-05 9.98918E-05 9.98918E-05 0.710625 9.98918E-05 9.98918E-05 9.98918E-05 9.98918E-05 9.98918E-05 9.98918E-05 9.98918E-05 9.98918E-05 9.98918E-05
9.99007E-05 9.99007E-05 0.28646 9.99007E-05 9.99007E-05 0.459985 0.000353929 9.99007E-05 0.252102 9.99007E-05 9.99007E-05 9.99007E-05 9.99007E-05 9.99007E-05 9.99007E-05
9.98917E-05 9.98917E-05 0.197473 9.98917E-05 9.98917E-05 0.573591 9.98917E-05 9.98917E-05 0.227738 9.98917E-05 9.98917E-05 9.98917E-05 9.98917E-05 9.98917E-05 9.98917E-05
0.118269 9.99008E-05 9.99008E-05 9.99008E-05 9.99008E-05 0.788255 9.99008E-05 9.99008E-05 9.99008E-05 9.99008E-05 9.99008E-05 0.0178503 0.0745277 9.99008E-05 9.99008E-05
0.0200369 9.99188E-05 0.246546 9.99188E-05 9.99188E-05 0.315516 0.230778 9.99188E-05 0.0809949 9.99188E-05 0.105229 9.99188E-05 9.99188E-05 9.99188E-05 9.99188E-05
9.99008E-05 9.99008E-05 0.185427 9.99008E-05 9.99008E-05 0.704963 9.99008E-05 9.99008E-05 9.99008E-05 9.99008E-05 0.103689 9.99008E-05 9.99008E-05 0.0048224 9.99008E-05
9.99099E-05 9.99099E-05 0.00779871 0.610931 9.99099E-05 9.99099E-05 0.000740415 9.99099E-05 9.99099E-05 0.0635249 9.99099E-05 9.99099E-05 9.99099E-05 9.99099E-05 0.316006
0.0441727 0.0225176 0.138687 0.558554 0.0107037 9.9937E-05 9.9937E-05 9.9937E-05 0.00265527 9.9937E-05 9.9937E-05 0.0462773 9.9937E-05 9.9937E-05 0.175733
9.99099E-05 9.99099E-05 0.012716 0.694674 0.179715 9.99099E-05 9.99099E-05 9.99099E-05 9.99099E-05 9.99099E-05 9.99099E-05 0.10721 9.99099E-05 9.99099E-05 0.00468516
0.428533 9.9901E-05 9.9901E-05 0.513642 9.9901E-05 0.0466202 9.9901E-05 9.9901E-05 9.9901E-05 9.9901E-05 9.9901E-05 9.9901E-05 9.9901E-05 0.0101065 9.9901E-05
9.98919E-05 9.98919E-05 9.98919E-05 0.648504 9.98919E-05 9.98919E-05 9.98919E-05 9.98919E-05 9.98919E-05 0.149137 9.98919E-05 9.98919E-05 9.98919E-05 9.98919E-05 0.20116
0.212008 9.99369E-05 9.99369E-05 0.175023 0.0452913 0.0865488 0.00438026 0.00437814 9.99369E-05 9.99369E-05 0.470318 9.99369E-05 0.00135317 9.99369E-05 9.99369E-05
9.98828E-05 9.98828E-05 9.98828E-05 0.474499 9.98828E-05 9.98828E-05 9.98828E-05 9.98828E-05 0.524203 9.98828E-05 9.98828E-05 9.98828E-05 9.98828E-05 9.98828E-05 9.98828E-05
9.98829E-05 9.98829E-05 9.98829E-05 0.739386 9.98829E-05 9.98829E-05 9.98829E-05 9.98829E-05 9.98829E-05 9.98829E-05 9.98829E-05 9.98829E-05 9.98829E-05 9.98829E-05 0.259315
9.99189E-05 0.0419935 9.99189E-05 0.734116 9.99189E-05 0.0230667 9.99189E-05 9.99189E-05 9.99189E-05 9.99189E-05 0.119926 9.99189E-05 9.99189E-05 0.0487213 0.031277
9.99098E-05 9.99098E-05 9.99098E-05 0.379388 9.99098E-05 9.99098E-05 0.0390478 0.0950865 9.99098E-05 9.99098E-05 9.99098E-05 0.375913 0.109566 9.99098E-05 9.99098E-05
9.99099E-05 9.99099E-05 0.0436656 0.253642 9.99099E-05 9.99099E-05 9.99099E-05 9.99099E-05 9.99099E-05 0.221537 9.99099E-05 0.0109141 9.99099E-05 9.99099E-05 0.469242
9.99098E-05 9.99098E-05 9.99098E-05 0.391747 9.99098E-05 9.99098E-05 9.99098E-05 0.371051 9.99098E-05 0.027413 9.99098E-05 0.127695 0.0810954 9.99098E-05 9.99098E-05
9.99099E-05 9.99099E-05 0.0180168 0.795391 0.00427639 9.99099E-05 9.99099E-05 9.99099E-05 9.99099E-05 9.99099E-05 0.0456102 9.99099E-05 9.99099E-05 9.99099E-05 0.135707
0.00925512 9.99189E-05 9.99189E-05 0.551046 9.99189E-05 0.0177348 0.0536877 0.1288 9.99189E-05 9.99189E-05 0.238577 9.99189E-05 9.99189E-05 9.99189E-05 9.99189E-05
9.99189E-05 0.0391279 9.99189E-05 0.487362 9.99189E-05 9.99189E-05 9.99189E-05 9.99189E-05 9.99189E-05 9.99189E-05 0.128444 0.265514 9.99189E-05 0.0119608 0.0666919
9.99279E-05 0.039149 9.99279E-05 0.322014 9.99279E-05 9.99279E-05 9.99279E-05 0.0100828 0.223398 9.99279E-05 0.354797 9.99279E-05 9.99279E-05 0.00257922 0.0471805
0.178125 9.99188E-05 9.99188E-05 0.433021 0.0685346 9.99188E-05 0.103435 0.0565391 9.99188E-05 9.99188E-05 9.99188E-05 9.99188E-05 0.159446 9.99188E-05 9.99188E-05
9.99098E-05 9.99098E-05 9.99098E-05 0.349866 0.545532 0.020735 9.99098E-05 9.99098E-05 9.99098E-05 9.99098E-05 9.99098E-05 0.0223504 0.0605176 9.99098E-05 9.99098E-05
9.99279E-05 0.0898057 0.121325 0.583067 9.99279E-05 9.99279E-05 9.99279E-05 9.99279E-05 9.99279E-05 0.0302254 0.0446837 0.0889237 9.99279E-05 0.0411698 9.99279E-05
9.99099E-05 9.99099E-05 9.99099E-05 0.766309 0.0123401 9.99099E-05 9.99099E-05 9.99099E-05 0.160053 0.0435789 0.0167206 9.99099E-05 9.99099E-05 9.99099E-05 9.99099E-05
0.0407059 0.0330636 9.99008E-05 0.534215 9.99008E-05 9.99008E-05 9.99008E-05 9.99008E-05 9.99008E-05 9.99008E-05 9.99008E-05 0.390916 9.99008E-05 9.99008E-05 9.99008E-05
9.99008E-05 9.99008E-05 9.99008E-05 0.517514 0.248102 9.99008E-05 9.99008E-05 9.99008E-05 9.99008E-05 9.99008E-05 9.99008E-05 0.22895 0.00433482 9.99008E-05 9.99008E-05
0.307798 9.99279E-05 9.99279E-05 9.99279E-05 9.99279E-05 9.99279E-05 0.0206382 0.0209722 9.99279E-05 0.0636841 0.230714 0.275722 0.0796722 9.99279E-05 9.99279E-05
9.99098E-05 9.99098E-05 9.99098E-05 9.99098E-05 9.99098E-05 0.0226367 9.99098E-05 9.99098E-05 0.208399 0.285978 9.99098E-05 9.99098E-05 0.0113836 0.470604 9.99098E-05
0.123008 9.99279E-05 9.99279E-05 9.99279E-05 0.530048 0.00737623 0.0297681 9.99279E-05 9.99279E-05 0.0781044 0.190619 9.99279E-05 0.0402772 9.99279E-05 9.99279E-05
9.99279E-05 0.0177951 0.0145259 0.0139147 9.99279E-05 9.99279E-05 9.99279E-05 9.99279E-05 9.99279E-05 0.131788 0.755455 0.00912219 9.99279E-05 9.99279E-05 0.0565998
9.99008E-05 9.99008E-05 0.0162442 0.0335032 9.99008E-05 9.99008E-05 9.99008E-05 9.99008E-05 9.99008E-05 0.878212 9.99008E-05 9.99008E-05 9.99008E-05 9.99008E-05 0.0709414
0.0229874 9.99098E-05 9.99098E-05 9.99098E-05 0.168583 9.99098E-05 9.99098E-05 0.38591 9.99098E-05 9.99098E-05 0.222765 9.99098E-05 0.198755 9.99098E-05 9.99098E-05
9.99098E-05 9.99098E-05 9.99098E-05 9.99098E-05 9.99098E-05 9.99098E-05 9.99098E-05 0.133777 9.99098E-05 0.510283 9.99098E-05 0.0822576 0.061802 0.210882 9.99098E-05
0.165419 9.99369E-05 9.99369E-05 0.0292546 9.99369E-05 0.0049284 0.118095 9.99369E-05 0.016339 0.0918393 0.550336 0.0230887 9.99369E-05 9.99369E-05 9.99369E-05
9.98918E-05 9.98918E-05 9.98918E-05 9.98918E-05 0.258199 9.98918E-05 9.98918E-05 9.98918E-05 9.98918E-05 0.188076 9.98918E-05 9.98918E-05 9.98918E-05 0.552526 9.98918E-05
9.99099E-05 9.99099E-05 9.99099E-05 9.99099E-05 0.0207461 9.99099E-05 9.99099E-05 0.00178187 0.256711 0.571203 0.148559 9.99099E-05 9.99099E-05 9.99099E-05 9.99099E-05
0.216624 9.99458E-05 9.99458E-05 9.99458E-05 0.0629611 9.99458E-05 0.045691 0.242854 9.99458E-05 0.0366268 0.0605318 0.19334 0.0134274 0.127344 9.99458E-05
9.99008E-05 9.99008E-05 9.99008E-05 9.99008E-05 0.404787 0.0432684 9.99008E-05 9.99008E-05 9.99008E-05 0.153791 9.99008E-05 9.99008E-05 9.99008E-05 0.397055 9.99008E-05
9.98919E-05 9.98919E-05 9.98919E-05 0.0512348 9.98919E-05 9.98919E-05 9.98919E-05 9.98919E-05 0.0535726 0.893994 9.98919E-05 9.98919E-05 9.98919E-05 9.98919E-05 9.98919E-05
0.330603 9.99189E-05 9.99189E-05 9.99189E-05 0.0723229 9.99189E-05 9.99189E-05 0.251597 9.99189E-05 9.99189E-05 0.0709139 0.00529699 0.268368 9.99189E-05 9.99189E-05
9.99098E-05 9.99098E-05 9.99098E-05 9.99098E-05 0.182483 9.99098E-05 0.0230743 9.99098E-05 9.99098E-05 0.149324 9.99098E-05 9.99098E-05 0.215818 0.428301 9.99098E-05
9.99098E-05 9.99098E-05 9.99098E-05 9.99098E-05 0.30245 9.99098E-05 9.99098E-05 0.201955 0.0332623 9.99098E-05 0.269966 9.99098E-05 0.191367 9.99098E-05 9.99098E-05
9.98919E-05 9.98919E-05 9.98919E-05 9.98919E-05 9.98919E-05 9.98919E-05 9.98919E-05 9.98919E-05 9.98919E-05 0.728508 9.98919E-05 9.98919E-05 9.98919E-05 0.0855234 0.18477
0.200945 9.99277E-05 9.99277E-05 9.99277E-05 0.343649 9.99277E-05 0.00849501 0.0582434 9.99277E-05 0.199414 9.99277E-05 9.99277E-05 0.0153263 0.173129 9.99277E-05
0.423656 9.99098E-05 9.99098E-05 9.99098E-05 9.99098E-05 9.99098E-05 9.99098E-05 0.288864 9.99098E-05 9.99098E-05 0.12473 0.155501 0.00624902 9.99098E-05 9.99098E-05
0.0834173 9.99278E-05 9.99278E-05 9.99278E-05 9.99278E-05 0.101315 9.99278E-05 0.0245057 0.0174928 0.0936592 0.669291 9.99278E-05 9.99278E-05 0.00951928 9.99278E-05
0.13994 0.0702951 9.99371E-05 0.0207954 0.36281 9.99371E-05 0.0183906 9.99371E-05 9.99371E-05 9.99371E-05 0.216394 0.0270248 9.99371E-05 9.99371E-05 0.143651
0.087226 0.0349242 9.99369E-05 9.99369E-05 0.375995 9.99369E-05 9.99369E-05 0.0083158 9.99369E-05 0.149387 0.28058 0.0273623 0.0355097 9.99369E-05 9.99369E-05
9.99008E-05 9.99008E-05 9.99008E-05 9.99008E-05 9.99008E-05 9.99008E-05 9.99008E-05 9.99008E-05 9.99008E-05 0.739196 0.21687 9.99008E-05 9.99008E-05 0.0121348 0.0307001
0.158356 0.0516421 0.0324886 9.99279E-05 9.99279E-05 9.99279E-05 9.99279E-05 0.254695 0.107781 9.99279E-05 0.130068 9.99279E-05 9.99279E-05 0.26417 9.99279E-05
0.0401265 9.99097E-05 9.99097E-05 9.99097E-05 9.99097E-05 0.0948789 9.99097E-05 9.99097E-05 9.99097E-05 0.278184 0.255252 9.99097E-05 9.99097E-05 0.330559 9.99097E-05
9.99189E-05 0.0546394 0.0600105 0.225974 9.99189E-05 9.99189E-05 9.99189E-05 9.99189E-05 9.99189E-05 0.146268 0.362779 9.99189E-05 9.99189E-05 9.99189E-05 0.149429
0.140622 0.00326828 9.99368E-05 0.118734 0.216592 9.99368E-05 0.0562805 0.185581 9.99368E-05 9.99368E-05 0.0189122 9.99368E-05 9.99368E-05 0.259311 9.99368E-05
9.99008E-05 9.99008E-05 0.040139 0.0491381 9.99008E-05 9.99008E-05 9.99008E-05 9.99008E-05 9.99008E-05 9.99008E-05 9.99008E-05 0.677581 9.99008E-05 0.232043 9.99008E-05
9.9928E-05 0.0388378 0.0131293 9.9928E-05 9.9928E-05 9.9928E-05 0.0114173 9.9928E-05 0.082597 0.153799 9.9928E-05 9.9928E-05 0.0628877 9.9928E-05 0.636533
9.99368E-05 0.0234495 9.99368E-05 0.151607 9.99368E-05 0.0369246 9.99368E-05 9.99368E-05 0.0857628 9.99368E-05 0.305947 9.99368E-05 0.00223374 0.278011 0.115365
9.99368E-05 0.018072 0.0256859 0.102249 9.99368E-05 9.99368E-05 9.99368E-05 0.0357699 0.193799 9.99368E-05 0.249829 9.99368E-05 9.99368E-05 0.140773 0.233122
9.99189E-05 0.0417559 9.99189E-05 9.99189E-05 9.99189E-05 9.99189E-05 9.99189E-05 0.38864 9.99189E-05 0.145041 0.109946 0.272303 9.99189E-05 9.99189E-05 0.0414142
9.99008E-05 9.99008E-05 9.99008E-05 9.99008E-05 9.99008E-05 9.99008E-05 9.99008E-05 9.99008E-05 0.0928943 0.197677 0.357617 9.99008E-05 9.99008E-05 9.99008E-05 0.350714
0.0151948 9.99188E-05 9.99188E-05 9.99188E-05 0.332225 9.99188E-05 9.99188E-05 0.256767 9.99188E-05 9.99188E-05 0.217217 9.99188E-05 0.15273 0.0249658 9.99188E-05
9.99008E-05 9.99008E-05 9.99008E-05 9.99008E-05 9.99008E-05 9.99008E-05 9.99008E-05 9.99008E-05 9.99008E-05 0.106842 0.452327 9.99008E-05 9.99008E-05 0.0321124 0.407619
9.99009E-05 9.99009E-05 9.99009E-05 9.99009E-05 0.375942 9.99009E-05 9.99009E-05 9.99009E-05 9.99009E-05 9.99009E-05 9.99009E-05 0.057566 9.99009E-05 0.338108 0.227286
9.99278E-05 9.99278E-05 9.99278E-05 0.0252795 0.383973 9.99278E-05 9.99278E-05 9.99278E-05 0.0789722 0.00568888 9.99278E-05 0.242788 0.13629 0.126209 9.99278E-05
9.991E-05 9.991E-05 0.095722 0.0831633 9.991E-05 9.991E-05 9.991E-05 9.991E-05 9.991E-05 9.991E-05 0.319645 0.293861 9.991E-05 0.206609 9.991E-05
0.0257106 9.99369E-05 9.99369E-05 0.107544 9.99369E-05 9.99369E-05 0.0578815 9.99369E-05 0.0492798 9.99369E-05 0.539193 0.147267 0.0546366 0.0177882 9.99369E-05
9.99369E-05 0.042367 0.00639695 0.0963279 9.99369E-05 9.99369E-05 9.99369E-05 9.99369E-05 9.99369E-05 9.99369E-05 0.339694 0.232562 0.0356559 0.17608 0.0702175
9.99188E-05 9.99188E-05 9.99188E-05 0.112098 0.415025 9.99188E-05 9.99188E-05 0.0130471 9.99188E-05 9.99188E-05 0.277239 0.0723212 9.99188E-05 9.99188E-05 0.10937
9.99369E-05 9.99369E-05 0.00250973 0.0233579 9.99369E-05 9.99369E-05 9.99369E-05 9.99369E-05 0.059161 0.0897821 0.120934 0.0321403 0.0401047 9.99369E-05 0.63131
9.98918E-05 9.98918E-05 9.98918E-05 9.98918E-05 9.98918E-05 9.98918E-05 9.98918E-05 9.98918E-05 9.98918E-05 0.158181 9.98918E-05 9.98918E-05 9.98918E-05 0.205769 0.634851
9.99099E-05 9.99099E-05 0.0367768 9.99099E-05 9.99099E-05 9.99099E-05 9.99099E-05 9.99099E-05 0.455027 9.99099E-05 0.202358 9.99099E-05 9.99099E-05 0.301195 0.00364443
9.99098E-05 9.99098E-05 0.0863136 9.99098E-05 9.99098E-05 9.99098E-05 9.99098E-05 9.99098E-05 9.99098E-05 0.0407452 0.0678581 9.99098E-05 9.99098E-05 0.244461 0.559623
9.9883E-05 9.9883E-05 9.9883E-05 9.9883E-05 9.9883E-05 9.9883E-05 9.9883E-05 9.9883E-05 9.9883E-05 9.9883E-05 9.9883E-05 9.9883E-05 0.140799 9.9883E-05 0.857902
9.99008E-05 9.99008E-05 0.10686 0.0276225 9.99008E-05 9.99008E-05 9.99008E-05 9.99008E-05 0.463555 9.99008E-05 9.99008E-05 9.99008E-05 9.99008E-05 0.400864 9.99008E-05
9.99188E-05 9.99188E-05 9.99188E-05 9.99188E-05 9.99188E-05 0.0310779 9.99188E-05 0.0694487 0.120178 0.109841 0.577806 9.99188E-05 9.99188E-05 9.99188E-05 0.0907494
0.456608 0.02294 9.9919E-05 9.9919E-05 9.9919E-05 0.0605805 9.9919E-05 9.9919E-05 9.9919E-05 9.9919E-05 9.9919E-05 9.9919E-05 0.399838 0.00989785 0.0492368
9.99098E-05 0.0260044 9.99098E-05 9.99098E-05 9.99098E-05 9.99098E-05 9.99098E-05 9.99098E-05 0.0446642 9.99098E-05 0.0896397 9.99098E-05 0.828057 0.0106356 9.99098E-05
0.0953291 9.99188E-05 9.99188E-05 9.99188E-05 9.99188E-05 0.111809 9.99188E-05 9.99188E-05 0.364411 9.99188E-05 0.345433 9.99188E-05 0.0672207 0.0148982 9.99188E-05
9.99008E-05 9.99008E-05 9.99008E-05 9.99008E-05 9.99008E-05 9.99008E-05 9.99008E-05 0.261077 0.0519317 9.99008E-05 0.0516687 9.99008E-05 0.634223 9.99008E-05 9.99008E-05
0.0213017 9.99009E-05 9.99009E-05 0.0443728 9.99009E-05 0.0147686 9.99009E-05 9.99009E-05 9.99009E-05 9.99009E-05 9.99009E-05 9.99009E-05 0.918458 9.99009E-05 9.99009E-05
9.99098E-05 0.0701418 9.99098E-05 9.99098E-05 0.384916 9.99098E-05 9.99098E-05 9.99098E-05 0.0910128 9.99098E-05 0.0140069 9.99098E-05 0.438923 9.99098E-05 9.99098E-05
9.99279E-05 9.99279E-05 9.99279E-05 0.0349065 0.103902 0.00357969 9.99279E-05 9.99279E-05 0.0114282 0.0116609 0.0572041 9.99279E-05 0.776519 9.99279E-05 9.99279E-05
9.99189E-05 0.0107166 9.99189E-05 9.99189E-05 9.99189E-05 0.0388204 9.99189E-05 9.99189E-05 0.598139 0.0159514 0.15111 9.99189E-05 0.184363 9.99189E-05 9.99189E-05
9.9919E-05 9.9919E-05 9.9919E-05 9.9919E-05 9.9919E-05 9.9919E-05 9.9919E-05 0.0193912 0.382308 0.384875 0.0275059 9.9919E-05 9.9919E-05 0.00167188 0.183349
0.571903 9.99188E-05 9.99188E-05 0.0572835 9.99188E-05 0.0838265 0.0441718 9.99188E-05 0.0278287 9.99188E-05 0.214088 9.99188E-05 9.99188E-05 9.99188E-05 9.99188E-05
9.99009E-05 9.99009E-05 9.99009E-05 0.0472214 9.99009E-05 0.0141858 9.99009E-05 9.99009E-05 0.801123 9.99009E-05 9.99009E-05 9.99009E-05 0.13637 9.99009E-05 9.99009E-05
9.9919E-05 9.9919E-05 9.9919E-05 0.0139984 9.9919E-05 0.237002 9.9919E-05 9.9919E-05 0.379341 9.9919E-05 0.277366 9.9919E-05 0.0564421 0.0349519 9.9919E-05
0.164195 9.99278E-05 9.99278E-05 0.00550449 9.99278E-05 0.130536 9.99278E-05 0.0432362 0.157897 9.99278E-05 0.336723 9.99278E-05 0.161109 9.99278E-05 9.99278E-05
9.99189E-05 9.99189E-05 9.99189E-05 0.0109555 9.99189E-05 9.99189E-05 9.99189E-05 0.0128473 0.55937 0.108331 0.235712 9.99189E-05 9.99189E-05 0.0718844 9.99189E-05
0.310991 9.99189E-05 0.0250275 0.0567794 9.99189E-05 9.99189E-05 9.99189E-05 9.99189E-05 0.43129 9.99189E-05 0.11492 9.99189E-05 9.99189E-05 9.99189E-05 0.0600926
0.260236 0.0793863 0.0540063 9.99369E-05 9.99369E-05 9.99369E-05 9.99369E-05 0.0232745 0.0019183 9.99369E-05 0.098122 9.99369E-05 0.0729056 0.409452 9.99369E-05
0.115881 0.0140464 9.99459E-05 9.99459E-05 9.99459E-05 0.0481705 0.0502083 0.12471 0.434562 9.99459E-05 0.204744 9.99459E-05 9.99459E-05 0.00666669 0.000411951
0.373143 9.99098E-05 9.99098E-05 0.126725 9.99098E-05 0.0116082 9.99098E-05 9.99098E-05 0.398804 9.99098E-05 0.088721 9.99098E-05 9.99098E-05 9.99098E-05 9.99098E-05
0.335447 9.99099E-05 9.99099E-05 9.99099E-05 0.00372075 9.99099E-05 9.99099E-05 0.536115 9.99099E-05 9.99099E-05 0.0192162 9.99099E-05 0.104502 9.99099E-05 9.99099E-05
0.539886 0.00129737 0.00142293 9.9955E-05 9.9955E-05 0.0338185 0.00259556 0.0364605 0.0200777 9.9955E-05 0.298356 9.9955E-05 0.0265078 9.9955E-05 0.0390778
0.044161 9.9919E-05 9.9919E-05 9.9919E-05 9.9919E-05 9.9919E-05 0.0232822 0.0195027 0.769221 9.9919E-05 9.9919E-05 0.0403264 9.9919E-05 9.9919E-05 0.102608
0.11374 9.99189E-05 9.99189E-05 0.0348243 0.0254327 0.0251878 9.99189E-05 9.99189E-05 0.412431 9.99189E-05 0.387485 9.99189E-05 9.99189E-05 9.99189E-05 9.99189E-05
9.99189E-05 9.99189E-05 9.99189E-05 9.99189E-05 9.99189E-05 9.99189E-05 9.99189E-05 0.00272927 0.567999 0.197656 0.0265674 9.99189E-05 9.99189E-05 0.0643014 0.139847
0.371818 9.99098E-05 9.99098E-05 9.99098E-05 9.99098E-05 9.99098E-05 9.99098E-05 0.0477323 9.99098E-05 9.99098E-05 0.233272 0.00834271 0.337835 9.99098E-05 9.99098E-05
0.347182 9.99189E-05 9.99189E-05 9.99189E-05 9.99189E-05 0.0906161 0.00968468 0.0288358 9.99189E-05 9.99189E-05 0.472347 9.99189E-05 9.99189E-05 0.0504344 9.99189E-05
0.00243325 9.99369E-05 0.0103094 0.023838 9.99369E-05 9.99369E-05 9.99369E-05 9.99369E-05 0.632468 0.167624 0.10489 9.99369E-05 9.99369E-05 0.0413912 0.0163469
0.10467 9.99369E-05 9.99369E-05 0.0243159 0.0315384 9.99369E-05 0.0402353 0.0174375 9.99369E-05 9.99369E-05 9.99369E-05 0.067328 0.380054 0.333722 9.99369E-05
0.000925181 9.99009E-05 9.99009E-05 9.99009E-05 9.99009E-05 9.99009E-05 9.99009E-05 0.450181 9.99009E-05 9.99009E-05 9.99009E-05 0.0391598 9.99009E-05 0.508635 9.99009E-05
9.993E-05 0.0378788 0.0875024 0.0620605 9.993E-05 0.0600407 9.993E-05 9.993E-05 0.116898 0.0813105 0.334013 9.993E-05 9.993E-05 9.993E-05 0.219597
9.99008E-05 0.00633346 9.99008E-05 0.0912357 9.99008E-05 9.99008E-05 9.99008E-05 9.99008E-05 9.99008E-05 9.99008E-05 9.99008E-05 9.99008E-05 9.99008E-05 0.636328 0.265004
9.99369E-05 0.044699 9.99369E-05 9.99369E-05 9.99369E-05 0.0734622 9.99369E-05 0.330534 0.0062509 0.011071 9.99369E-05 0.00545065 0.318778 0.209055 9.99369E-05
9.99008E-05 9.99008E-05 9.99008E-05 9.99008E-05 0.0906933 0.0248364 9.99008E-05 9.99008E-05 9.99008E-05 9.99008E-05 9.99008E-05 9.99008E-05 0.424598 0.458773 9.99008E-05
0.0546209 9.99279E-05 9.99279E-05 9.99279E-05 0.0798578 0.0425701 0.0629906 0.099576 9.99279E-05 9.99279E-05 9.99279E-05 9.99279E-05 0.316797 0.342788 9.99279E-05
9.98919E-05 9.98919E-05 9.98919E-05 9.98919E-05 9.98919E-05 9.98919E-05 9.98919E-05 9.98919E-05 9.98919E-05 0.130599 9.98919E-05 9.98919E-05 9.98919E-05 0.231505 0.636697
9.99189E-05 9.99189E-05 0.00100587 9.99189E-05 9.99189E-05 0.0414006 9.99189E-05 9.99189E-05 0.252002 9.99189E-05 0.265352 9.99189E-05 9.99189E-05 0.416417 0.0229233
0.026032 9.99278E-05 9.99278E-05 0.306694 9.99278E-05 9.99278E-05 0.0339564 0.0946496 9.99278E-05 9.99278E-05 0.105756 0.14297 9.99278E-05 0.289142 9.99278E-05
9.99188E-05 9.99188E-05 9.99188E-05 0.0375051 9.99188E-05 9.99188E-05 9.99188E-05 0.202978 9.99188E-05 0.018175 9.99188E-05 0.0120184 0.383618 0.344806 9.99188E-05
9.99279E-05 9.99279E-05 0.0398191 0.0777579 9.99279E-05 9.99279E-05 9.99279E-05 9.99279E-05 0.0263002 0.02816 0.0715184 9.99279E-05 9.99279E-05 0.215191 0.540454
9.9928E-05 0.0479683 0.000553651 9.9928E-05 9.9928E-05 0.0247637 9.9928E-05 9.9928E-05 0.106281 9.9928E-05 0.559949 9.9928E-05 0.0714832 0.188202 9.9928E-05
9.99098E-05 9.99098E-05 9.99098E-05 9.99098E-05 9.99098E-05 0.0387187 9.99098E-05 9.99098E-05 0.308813 9.99098E-05 0.233805 9.99098E-05 0.0928664 0.324799 9.99098E-05
9.99007E-05 9.99007E-05 9.99007E-05 0.145227 9.99007E-05 9.99007E-05 9.99007E-05 9.99007E-05 9.99007E-05 9.99007E-05 0.158706 0.392156 9.99007E-05 0.302811 9.99007E-05
9.99131E-05 9.99131E-05 0.0177782 0.216783 9.99131E-05 9.99131E-05 9.99131E-05 9.99131E-05 0.293549 0.0342963 0.436594 9.99131E-05 9.99131E-05 9.99131E-05 9.99131E-05
0.28638 9.99458E-05 9.99458E-05 0.0301603 9.99458E-05 9.99458E-05 0.0463062 0.185302 0.0817748 9.99458E-05 0.199652 0.0695398 0.0809379 0.0193469 9.99458E-05
0.0626991 9.99369E-05 9.99369E-05 9.99369E-05 9.99369E-05 0.00971774 0.0128153 0.0929309 9.99369E-05 9.99369E-05 0.470829 0.0882894 0.00431018 0.257709 9.99369E-05
9.9919E-05 0.0147078 9.9919E-05 9.9919E-05 0.0958073 9.9919E-05 9.9919E-05 0.201668 9.9919E-05 0.0596392 9.9919E-05 9.9919E-05 0.395768 0.23151 9.9919E-05
9.99368E-05 0.031151 0.121858 0.0147668 9.99368E-05 9.99368E-05 0.00228074 9.99368E-05 0.357516 0.0532065 9.99368E-05 9.99368E-05 9.99368E-05 0.410199 0.00832191
0.271704 9.99278E-05 0.00190551 9.99278E-05 9.99278E-05 9.99278E-05 0.0146653 0.0957795 9.99278E-05 9.99278E-05 9.99278E-05 9.99278E-05 0.238801 0.355061 0.021285
0.193602 9.99278E-05 9.99278E-05 9.99278E-05 0.400668 9.99278E-05 9.99278E-05 0.0112675 0.0194851 9.99278E-05 0.0235075 9.99278E-05 0.0617611 0.288909 9.99278E-05
9.99099E-05 9.99099E-05 9.99099E-05 9.99099E-05 9.99099E-05 9.99099E-05 9.99099E-05 9.99099E-05 0.542015 0.290111 0.0824198 9.99099E-05 0.0130978 0.0713573 9.99099E-05
0.08297 9.99279E-05 9.99279E-05 9.99279E-05 9.99279E-05 0.0719678 9.99279E-05 0.212449 0.180071 0.0606944 0.368322 9.99279E-05 0.0227266 9.99279E-05 9.99279E-05
0.0248736 9.99189E-05 0.0436827 9.99189E-05 9.99189E-05 0.0172376 9.99189E-05 9.99189E-05 0.466214 9.99189E-05 0.211086 9.99189E-05 9.99189E-05 0.236007 9.99189E-05
0.392359 0.00805532 9.9928E-05 9.9928E-05 9.9928E-05 0.055907 9.9928E-05 0.029415 9.9928E-05 9.9928E-05 9.9928E-05 9.9928E-05 0.432478 0.0653747 0.0156114
0.295064 0.0649106 0.157529 0.00827011 0.299739 0.0774193 0.0116875 0.0167157 0.0036348 0.0267978 9.9964E-05 9.9964E-05 0.037833 9.9964E-05 9.9964E-05
0.578046 9.99279E-05 9.99279E-05 9.99279E-05 9.99279E-05 9.99279E-05 0.0930921 0.050454 0.0275161 9.99279E-05 0.053389 9.99279E-05 0.0977739 0.098929 9.99279E-05
9.99099E-05 0.00421455 9.99099E-05 9.99099E-05 9.99099E-05 9.99099E-05 9.99099E-05 9.99099E-05 0.683991 0.0600918 9.99099E-05 9.99099E-05 9.99099E-05 0.220474 0.0302291
0.708207 9.99279E-05 9.99279E-05 9.99279E-05 0.0213192 0.00684479 0.0421197 9.99279E-05 9.99279E-05 0.0534659 0.132055 9.99279E-05 0.035189 9.99279E-05 9.99279E-05
0.804628 0.0534966 9.99189E-05 0.0282013 9.99189E-05 9.99189E-05 0.00824903 9.99189E-05 0.03883 9.99189E-05 9.99189E-05 9.99189E-05 9.99189E-05 0.0656953 9.99189E-05
0.538549 9.9928E-05 9.9928E-05 0.020208 9.9928E-05 9.9928E-05 9.9928E-05 0.164526 9.9928E-05 9.9928E-05 9.9928E-05 0.00555325 0.192654 0.03703 0.0406799
0.0502387 9.99099E-05 9.99099E-05 0.0427097 9.99099E-05 9.99099E-05 9.99099E-05 9.99099E-05 0.773192 0.0623361 9.99099E-05 0.0705245 9.99099E-05 9.99099E-05 9.99099E-05
0.205151 9.99459E-05 0.0107933 0.0341879 9.99459E-05 0.0130178 9.99459E-05 0.0400011 0.239652 9.99459E-05 0.275974 9.99459E-05 0.0305947 0.150029 9.99459E-05
0.0713802 0.0156235 9.9946E-05 9.9946E-05 0.0196912 0.0530804 9.9946E-05 0.368884 0.0283116 0.0533489 9.9946E-05 9.9946E-05 0.37465 9.9946E-05 0.014431
0.322809 9.9919E-05 0.0688684 0.0305665 9.9919E-05 9.9919E-05 9.9919E-05 9.9919E-05 0.302636 0.19398 9.9919E-05 9.9919E-05 9.9919E-05 0.0802413 9.9919E-05
0.790731 0.0134557 9.99099E-05 9.99099E-05 9.99099E-05 9.99099E-05 9.99099E-05 9.99099E-05 9.99099E-05 9.99099E-05 9.99099E-05 0.0637906 0.103175 9.99099E-05 0.0278477
0.0397856 9.9928E-05 0.00692281 9.9928E-05 0.38188 9.9928E-05 9.9928E-05 9.9928E-05 0.152151 9.9928E-05 0.201053 0.15608 9.9928E-05 9.9928E-05 0.0613274
0.539441 9.99189E-05 9.99189E-05 0.0285067 9.99189E-05 0.0677568 9.99189E-05 9.99189E-05 0.249738 0.0278538 9.99189E-05 9.99189E-05 9.99189E-05 0.0858042 9.99189E-05
9.9901E-05 9.9901E-05 9.9901E-05 9.9901E-05 9.9901E-05 9.9901E-05 9.9901E-05 9.9901E-05 0.700672 0.262239 9.9901E-05 9.9901E-05 0.0345415 9.9901E-05 0.00144858
0.205949 9.99189E-05 9.99189E-05 9.99189E-05 9.99189E-05 0.113077 9.99189E-05 9.99189E-05 0.076227 9.99189E-05 0.425261 9.99189E-05 0.0189436 0.159644 9.99189E-05
9.99458E-05 0.0378795 0.0235613 0.114927 9.99458E-05 9.99458E-05 9.99458E-05 9.99458E-05 0.0671978 0.0564945 0.36293 0.181928 9.99458E-05 0.0566495 0.0978329
9.99189E-05 9.99189E-05 0.0222341 0.0738091 9.99189E-05 9.99189E-05 9.99189E-05 9.99189E-05 9.99189E-05 0.135889 0.200603 9.99189E-05 0.00938876 9.99189E-05 0.557177
0.0941404 9.99279E-05 0.0287885 0.0313371 9.99279E-05 9.99279E-05 0.0368647 9.99279E-05 0.107369 9.99279E-05 0.648712 9.99279E-05 9.99279E-05 0.051989 9.99279E-05
9.99098E-05 9.99098E-05 9.99098E-05 0.623891 9.99098E-05 0.00824829 9.99098E-05 9.99098E-05 0.249862 9.99098E-05 0.00557967 9.99098E-05 9.99098E-05 0.11142 9.99098E-05
9.99459E-05 9.99459E-05 9.99459E-05 0.0154493 9.99459E-05 0.0161744 9.99459E-05 0.0749743 0.145885 0.0119267 0.452419 9.99459E-05 0.0705184 0.173686 0.0383666
9.99189E-05 9.99189E-05 9.99189E-05 9.99189E-05 0.169911 9.99189E-05 9.99189E-05 0.0606388 9.99189E-05 9.99189E-05 0.301657 0.0397313 0.374249 0.0529145 9.99189E-05
9.99279E-05 0.0104016 0.00891793 0.0210679 9.99279E-05 9.99279E-05 9.99279E-05 9.99279E-05 9.99279E-05 0.239387 0.0629433 9.99279E-05 9.99279E-05 0.182677 0.473806
9.99099E-05 9.99099E-05 9.99099E-05 9.99099E-05 0.48676 9.99099E-05 0.0113069 9.99099E-05 9.99099E-05 9.99099E-05 9.99099E-05 0.0927023 9.99099E-05 0.382267 0.0259645
0.245886 9.99368E-05 9.99368E-05 0.365376 0.0230025 0.111244 0.00417597 0.0428403 9.99368E-05 9.99368E-05 0.0581768 9.99368E-05 0.148599 9.99368E-05 9.99368E-05
9.99189E-05 9.99189E-05 9.99189E-05 0.00833624 0.0280928 9.99189E-05 9.99189E-05 0.563706 9.99189E-05 9.99189E-05 0.0471511 0.269919 9.99189E-05 9.99189E-05 0.0818965
0.085025 9.99098E-05 0.0195626 0.160669 9.99098E-05 9.99098E-05 9.99098E-05 9.99098E-05 9.99098E-05 9.99098E-05 0.0999715 9.99098E-05 9.99098E-05 9.99098E-05 0.633773
