9.9901E-05 9.9901E-05 9.9901E-05 0.409862 0.000698226 0.386103 9.9901E-05 0.1124 9.9901E-05 9.9901E-05 9.9901E-05 9.9901E-05 9.9901E-05 0.0898386 9.9901E-05 9.9901E-05
9.99099E-05 9.99099E-05 9.99099E-05 0.202563 9.99099E-05 0.289834 9.99099E-05 0.246557 9.99099E-05 0.15115 0.0708522 9.99099E-05 9.99099E-05 0.0380437 9.99099E-05 9.99099E-05
9.99279E-05 0.086913 9.99279E-05 9.99279E-05 0.00430227 9.99279E-05 0.0650769 0.606461 9.99279E-05 0.0197476 9.99279E-05 0.048761 9.99279E-05 9.99279E-05 0.164827 0.00311171
9.99009E-05 9.99009E-05 0.0268838 0.339187 9.99009E-05 0.530115 9.99009E-05 9.99009E-05 0.0480318 9.99009E-05 9.99009E-05 9.99009E-05 9.99009E-05 9.99009E-05 9.99009E-05 0.0546832
9.99188E-05 9.99188E-05 0.0663901 0.0962638 9.99188E-05 0.319319 0.0524076 9.99188E-05 0.324668 0.119344 9.99188E-05 0.0207077 9.99188E-05 9.99188E-05 9.99188E-05 9.99188E-05
0.0013666 0.290883 0.0307048 0.336106 9.99278E-05 9.99278E-05 9.99278E-05 0.102583 9.99278E-05 0.123935 9.99278E-05 9.99278E-05 9.99278E-05 0.0645763 0.0490462 9.99278E-05
0.0174776 9.99098E-05 9.99098E-05 0.0369935 9.99098E-05 0.0702352 9.99098E-05 0.607257 9.99098E-05 9.99098E-05 9.99098E-05 9.99098E-05 0.0366444 9.99098E-05 0.230393 9.99098E-05
9.99099E-05 0.263708 9.99099E-05 0.112787 9.99099E-05 9.99099E-05 9.99099E-05 0.203832 9.99099E-05 0.177744 9.99099E-05 9.99099E-05 9.99099E-05 0.14986 0.0910709 9.99099E-05
9.99459E-05 0.0863431 9.99459E-05 0.0980745 0.0105319 0.29629 9.99459E-05 0.209003 9.99459E-05 0.127865 0.0162662 0.0560972 9.99459E-05 0.0228058 9.99459E-05 0.0761234
9.99007E-05 0.539317 9.99007E-05 9.99007E-05 0.0299269 9.99007E-05 9.99007E-05 0.0547556 9.99007E-05 9.99007E-05 9.99007E-05 9.99007E-05 0.191724 9.99007E-05 0.183177 9.99007E-05
9.99369E-05 9.99369E-05 0.0826344 0.0923394 0.00957565 0.112113 0.00825208 0.0854264 9.99369E-05 0.213482 0.394693 0.000785149 9.99369E-05 9.99369E-05 9.99369E-05 9.99369E-05
9.99189E-05 0.279138 0.00252784 9.99189E-05 9.99189E-05 0.456449 9.99189E-05 0.0153381 9.99189E-05 0.0737139 0.0970311 9.99189E-05 9.99189E-05 9.99189E-05 9.99189E-05 0.074903
9.99369E-05 9.99369E-05 0.0275483 0.255714 9.99369E-05 0.0358434 0.179069 0.0286836 9.99369E-05 9.99369E-05 0.070851 0.0594843 9.99369E-05 9.99369E-05 0.122625 0.219481
9.99099E-05 0.179286 0.0692862 0.0543122 9.99099E-05 9.99099E-05 9.99099E-05 0.649513 9.99099E-05 9.99099E-05 9.99099E-05 9.99099E-05 9.99099E-05 0.0373916 0.0092116 9.99099E-05
9.98919E-05 0.105622 9.98919E-05 9.98919E-05 9.98919E-05 0.366034 9.98919E-05 9.98919E-05 9.98919E-05 0.127013 0.400132 9.98919E-05 9.98919E-05 9.98919E-05 9.98919E-05 9.98919E-05
0.0163572 0.150875 9.99278E-05 0.139979 0.00983438 9.99278E-05 9.99278E-05 0.177013 9.99278E-05 9.99278E-05 9.99278E-05 0.00704472 0.216267 9.99278E-05 0.28183 9.99278E-05
9.99009E-05 9.99009E-05 9.99009E-05 0.134564 9.99009E-05 0.0405583 9.99009E-05 0.671326 9.99009E-05 9.99009E-05 9.99009E-05 9.99009E-05 9.99009E-05 9.99009E-05 0.129305 0.0231468
9.99098E-05 9.99098E-05 9.99098E-05 0.111248 9.99098E-05 9.99098E-05 0.0181251 0.521973 9.99098E-05 0.107375 0.0362912 9.99098E-05 9.99098E-05 9.99098E-05 0.203989 9.99098E-05
9.991E-05 0.039131 9.991E-05 9.991E-05 9.991E-05 0.384428 0.0692526 0.238168 9.991E-05 0.0715541 9.991E-05 9.991E-05 9.991E-05 9.991E-05 9.991E-05 0.196468
9.98828E-05 9.98828E-05 9.98828E-05 9.98828E-05 0.705431 9.98828E-05 9.98828E-05 9.98828E-05 0.218632 9.98828E-05 0.0746386 9.98828E-05 9.98828E-05 9.98828E-05 9.98828E-05 9.98828E-05
9.98828E-05 9.98828E-05 9.98828E-05 9.98828E-05 0.757769 9.98828E-05 9.98828E-05 9.98828E-05 0.187808 9.98828E-05 9.98828E-05 9.98828E-05 9.98828E-05 9.98828E-05 9.98828E-05 0.0531251
9.98738E-05 9.98738E-05 9.98738E-05 0.154969 0.843633 9.98738E-05 9.98738E-05 9.98738E-05 9.98738E-05 9.98738E-05 9.98738E-05 9.98738E-05 9.98738E-05 9.98738E-05 9.98738E-05 9.98738E-05
9.98918E-05 9.98918E-05 9.98918E-05 9.98918E-05 0.613982 9.98918E-05 9.98918E-05 9.98918E-05 0.076401 9.98918E-05 9.98918E-05 0.0244677 9.98918E-05 9.98918E-05 9.98918E-05 0.28395
9.99099E-05 9.99099E-05 9.99099E-05 9.99099E-05 0.719278 0.118407 9.99099E-05 9.99099E-05 9.99099E-05 9.99099E-05 0.0925402 0.0210192 9.99099E-05 0.00107424 9.99099E-05 0.0466821
0.169179 0.059686 9.99098E-05 9.99098E-05 0.458971 9.99098E-05 9.99098E-05 0.248675 9.99098E-05 9.99098E-05 9.99098E-05 0.0481996 9.99098E-05 0.0142905 9.99098E-05 9.99098E-05
9.99188E-05 9.99188E-05 0.0631119 9.99188E-05 0.327445 0.162805 9.99188E-05 9.99188E-05 9.99188E-05 0.0234591 0.0761808 0.130376 9.99188E-05 0.215723 9.99188E-05 9.99188E-05
0.19514 9.99009E-05 9.99009E-05 9.99009E-05 0.231632 9.99009E-05 9.99009E-05 9.99009E-05 9.99009E-05 9.99009E-05 9.99009E-05 0.063161 0.338372 9.99009E-05 0.170596 9.99009E-05
9.98917E-05 9.98917E-05 9.98917E-05 9.98917E-05 0.143256 9.98917E-05 9.98917E-05 9.98917E-05 0.612615 9.98917E-05 0.00991451 9.98917E-05 9.98917E-05 0.233015 9.98917E-05 9.98917E-05
0.00871292 9.99008E-05 9.99008E-05 0.125786 0.829296 9.99008E-05 0.0158086 9.99008E-05 9.99008E-05 9.99008E-05 9.99008E-05 9.99008E-05 0.0192972 9.99008E-05 9.99008E-05 9.99008E-05
9.98829E-05 9.98829E-05 9.98829E-05 9.98829E-05 0.846203 9.98829E-05 9.98829E-05 9.98829E-05 0.0381864 9.98829E-05 9.98829E-05 9.98829E-05 9.98829E-05 9.98829E-05 9.98829E-05 0.114312
0.0772571 9.99281E-05 9.99281E-05 9.99281E-05 0.554682 9.99281E-05 9.99281E-05 0.0388666 0.00578899 9.99281E-05 9.99281E-05 9.99281E-05 0.130743 0.00444656 0.0531618 0.134255
0.18272 0.00183894 9.99278E-05 0.0917677 0.171231 9.99278E-05 0.110228 9.99278E-05 9.99278E-05 9.99278E-05 9.99278E-05 0.152921 0.0543181 0.234175 9.99278E-05 9.99278E-05
0.0700427 9.98917E-05 9.98917E-05 9.98917E-05 0.585256 9.98917E-05 9.98917E-05 9.98917E-05 9.98917E-05 9.98917E-05 9.98917E-05 9.98917E-05 0.174952 9.98917E-05 0.168551 9.98917E-05
0.0512462 9.99008E-05 9.99008E-05 9.99008E-05 0.646452 9.99008E-05 9.99008E-05 0.172438 9.99008E-05 9.99008E-05 9.99008E-05 9.99008E-05 9.99008E-05 0.0508591 0.0779059 9.99008E-05
9.99009E-05 9.99009E-05 0.0219383 9.99009E-05 0.841473 9.99009E-05 9.99009E-05 9.99009E-05 9.99009E-05 9.99009E-05 0.0081236 0.0133094 9.99009E-05 9.99009E-05 9.99009E-05 0.114056
9.98918E-05 9.98918E-05 9.98918E-05 9.98918E-05 0.694125 0.0846398 9.98918E-05 9.98918E-05 0.104701 9.98918E-05 0.115335 9.98918E-05 9.98918E-05 9.98918E-05 9.98918E-05 9.98918E-05
9.98828E-05 9.98828E-05 9.98828E-05 9.98828E-05 0.638874 9.98828E-05 9.98828E-05 9.98828E-05 0.109752 9.98828E-05 0.250076 9.98828E-05 9.98828E-05 9.98828E-05 9.98828E-05 9.98828E-05
9.98919E-05 9.98919E-05 9.98919E-05 9.98919E-05 0.65188 0.0852051 9.98919E-05 9.98919E-05 0.0692048 9.98919E-05 9.98919E-05 9.98919E-05 9.98919E-05 9.98919E-05 9.98919E-05 0.192511
0.332417 9.98827E-05 9.98827E-05 0.168364 9.98827E-05 9.98827E-05 9.98827E-05 9.98827E-05 9.98827E-05 9.98827E-05 9.98827E-05 0.49792 9.98827E-05 9.98827E-05 9.98827E-05 9.98827E-05
0.768669 9.99099E-05 9.99099E-05 0.0202184 9.99099E-05 9.99099E-05 0.0554891 9.99099E-05 0.0738067 9.99099E-05 9.99099E-05 0.0175246 0.0632932 9.99099E-05 9.99099E-05 9.99099E-05
0.568904 9.99099E-05 0.0626233 9.99099E-05 0.034266 9.99099E-05 9.99099E-05 9.99099E-05 9.99099E-05 9.99099E-05 9.99099E-05 9.99099E-05 0.131943 0.0458668 0.155398 9.99099E-05
0.240984 9.99099E-05 9.99099E-05 9.99099E-05 9.99099E-05 9.99099E-05 9.99099E-05 9.99099E-05 0.176877 9.99099E-05 9.99099E-05 0.262404 0.0653804 0.0273503 9.99099E-05 0.226005
0.385618 9.98917E-05 9.98917E-05 0.184191 0.250276 9.98917E-05 9.98917E-05 9.98917E-05 9.98917E-05 9.98917E-05 9.98917E-05 0.178717 9.98917E-05 9.98917E-05 9.98917E-05 9.98917E-05
0.667425 0.0527782 0.0491117 9.99279E-05 0.0589448 9.99279E-05 0.0206342 0.0296314 9.99279E-05 9.99279E-05 0.112447 9.99279E-05 9.99279E-05 0.00822846 9.99279E-05 9.99279E-05
9.9901E-05 9.9901E-05 9.9901E-05 9.9901E-05 9.9901E-05 0.336625 9.9901E-05 9.9901E-05 0.0424179 9.9901E-05 9.9901E-05 0.207256 9.9901E-05 0.383399 9.9901E-05 0.0292034
0.126775 9.99009E-05 9.99009E-05 9.99009E-05 9.99009E-05 0.0822126 9.99009E-05 9.99009E-05 9.99009E-05 0.219142 0.024673 0.546098 9.99009E-05 9.99009E-05 9.99009E-05 9.99009E-05
0.598979 0.00301343 9.99098E-05 9.99098E-05 0.161747 9.99098E-05 9.99098E-05 0.179351 9.99098E-05 9.99098E-05 9.99098E-05 9.99098E-05 0.023141 9.99098E-05 0.0327696 9.99098E-05
0.446152 9.98827E-05 9.98827E-05 0.177325 9.98827E-05 9.98827E-05 9.98827E-05 9.98827E-05 9.98827E-05 9.98827E-05 9.98827E-05 0.375225 9.98827E-05 9.98827E-05 9.98827E-05 9.98827E-05
0.455265 9.9892E-05 9.9892E-05 9.9892E-05 9.9892E-05 0.00325623 9.9892E-05 9.9892E-05 9.9892E-05 9.9892E-05 9.9892E-05 9.9892E-05 0.469838 9.9892E-05 0.0704425 9.9892E-05
0.298626 9.99009E-05 9.99009E-05 9.99009E-05 9.99009E-05 9.99009E-05 9.99009E-05 9.99009E-05 0.0699886 0.202848 9.99009E-05 0.402266 9.99009E-05 0.0251727 9.99009E-05 9.99009E-05
0.696269 9.98918E-05 9.98918E-05 9.98918E-05 9.98918E-05 9.98918E-05 9.98918E-05 9.98918E-05 0.145251 9.98918E-05 9.98918E-05 0.0817169 0.0755642 9.98918E-05 9.98918E-05 9.98918E-05
0.448629 0.00578976 9.99008E-05 9.99008E-05 9.99008E-05 9.99008E-05 9.99008E-05 9.99008E-05 0.453256 9.99008E-05 9.99008E-05 0.0336483 9.99008E-05 9.99008E-05 9.99008E-05 0.0575786
0.0403697 9.99188E-05 0.0609937 9.99188E-05 0.109622 0.0617119 9.99188E-05 9.99188E-05 9.99188E-05 9.99188E-05 0.255178 0.399906 9.99188E-05 0.0713192 9.99188E-05 9.99188E-05
0.293996 9.99189E-05 9.99189E-05 9.99189E-05 0.00773781 0.00923862 9.99189E-05 9.99189E-05 9.99189E-05 0.189429 0.245134 0.223962 9.99189E-05 0.0296037 9.99189E-05 9.99189E-05
0.152507 9.99189E-05 9.99189E-05 9.99189E-05 9.99189E-05 0.100852 9.99189E-05 0.0422493 0.372767 9.99189E-05 9.99189E-05 0.112271 9.99189E-05 0.0952426 9.99189E-05 0.123212
9.98919E-05 9.98919E-05 9.98919E-05 9.98919E-05 0.328189 0.04066 9.98919E-05 9.98919E-05 9.98919E-05 9.98919E-05 9.98919E-05 9.98919E-05 9.98919E-05 0.24745 9.98919E-05 0.382502
0.474486 9.98917E-05 9.98917E-05 0.146237 9.98917E-05 9.98917E-05 0.0311886 9.98917E-05 9.98917E-05 9.98917E-05 9.98917E-05 0.346889 9.98917E-05 9.98917E-05 9.98917E-05 9.98917E-05
0.293657 9.99098E-05 0.0105212 9.99098E-05 9.99098E-05 9.99098E-05 9.99098E-05 9.99098E-05 0.245768 9.99098E-05 9.99098E-05 0.151292 0.0667774 0.230985 9.99098E-05 9.99098E-05
0.779889 9.99008E-05 9.99008E-05 0.0792136 9.99008E-05 9.99008E-05 0.0337359 9.99008E-05 9.99008E-05 9.99008E-05 9.99008E-05 9.99008E-05 0.0389188 0.0671433 9.99008E-05 9.99008E-05
0.169335 9.98827E-05 9.98827E-05 9.98827E-05 9.98827E-05 9.98827E-05 9.98827E-05 9.98827E-05 0.259011 9.98827E-05 9.98827E-05 0.570355 9.98827E-05 9.98827E-05 9.98827E-05 9.98827E-05
0.106103 9.99188E-05 9.99188E-05 0.137045 0.0529035 9.99188E-05 9.99188E-05 9.99188E-05 9.99188E-05 0.0278158 0.00761641 0.628731 9.99188E-05 0.0388849 9.99188E-05 9.99188E-05
0.29907 9.99099E-05 9.99099E-05 9.99099E-05 9.99099E-05 0.0440348 9.99099E-05 9.99099E-05 9.99099E-05 0.174873 0.0472194 0.414228 9.99099E-05 0.0195757 9.99099E-05 9.99099E-05
0.185329 9.99099E-05 9.99099E-05 9.99099E-05 9.99099E-05 9.99099E-05 0.189161 0.0659075 9.99099E-05 9.99099E-05 9.99099E-05 0.260145 0.0970436 0.201415 9.99099E-05 9.99099E-05
9.98829E-05 9.98829E-05 9.98829E-05 9.98829E-05 0.0283722 9.98829E-05 9.98829E-05 9.98829E-05 9.98829E-05 9.98829E-05 9.98829E-05 0.651279 9.98829E-05 9.98829E-05 9.98829E-05 0.31905
0.143469 9.99009E-05 9.99009E-05 9.99009E-05 9.99009E-05 9.99009E-05 9.99009E-05 0.179068 9.99009E-05 9.99009E-05 9.99009E-05 0.337048 9.99009E-05 0.0391171 0.300199 9.99009E-05
9.99369E-05 9.99369E-05 0.0232737 0.0598167 0.142224 0.0165793 9.99369E-05 0.0193972 9.99369E-05 0.0644392 0.166344 0.302402 9.99369E-05 0.204824 9.99369E-05 9.99369E-05
9.98829E-05 9.98829E-05 9.98829E-05 9.98829E-05 9.98829E-05 9.98829E-05 9.98829E-05 9.98829E-05 0.18903 0.0394832 9.98829E-05 0.770188 9.98829E-05 9.98829E-05 9.98829E-05 9.98829E-05
9.98919E-05 9.98919E-05 9.98919E-05 9.98919E-05 9.98919E-05 9.98919E-05 9.98919E-05 9.98919E-05 0.203722 9.98919E-05 0.11217 0.664754 9.98919E-05 9.98919E-05 0.018156 9.98919E-05
9.99188E-05 9.99188E-05 9.99188E-05 0.0230968 0.0718623 0.0849097 0.0249534 0.0371405 9.99188E-05 9.99188E-05 9.99188E-05 0.240422 9.99188E-05 0.516716 9.99188E-05 9.99188E-05
0.0539162 9.99008E-05 9.99008E-05 0.232357 0.262451 9.99008E-05 9.99008E-05 9.99008E-05 9.99008E-05 9.99008E-05 9.99008E-05 0.130823 9.99008E-05 0.319354 9.99008E-05 9.99008E-05
0.164998 9.99008E-05 9.99008E-05 9.99008E-05 0.154465 9.99008E-05 0.0394682 9.99008E-05 9.99008E-05 9.99008E-05 9.99008E-05 9.99008E-05 0.362748 0.277222 9.99008E-05 9.99008E-05
0.259784 9.98828E-05 9.98828E-05 9.98828E-05 9.98828E-05 9.98828E-05 9.98828E-05 9.98828E-05 9.98828E-05 9.98828E-05 9.98828E-05 0.277134 9.98828E-05 9.98828E-05 0.461784 9.98828E-05
9.99099E-05 9.99099E-05 9.99099E-05 9.99099E-05 0.609055 0.0679413 9.99099E-05 9.99099E-05 0.162955 0.0552772 9.99099E-05 9.99099E-05 9.99099E-05 0.0102461 9.99099E-05 0.0935264
0.254782 9.99097E-05 9.99097E-05 9.99097E-05 9.99097E-05 9.99097E-05 0.0162845 0.102102 9.99097E-05 9.99097E-05 9.99097E-05 0.451792 0.0917246 9.99097E-05 0.0823167 9.99097E-05
9.99189E-05 9.99189E-05 9.99189E-05 0.0446253 9.99189E-05 0.00321162 0.021351 9.99189E-05 0.0125633 9.99189E-05 0.0225248 0.71776 9.99189E-05 0.177065 9.99189E-05 9.99189E-05
9.99189E-05 0.0336732 9.99189E-05 9.99189E-05 0.145813 0.256653 9.99189E-05 9.99189E-05 9.99189E-05 9.99189E-05 0.0644663 0.188498 9.99189E-05 0.307928 9.99189E-05 0.00206941
0.0669221 9.99007E-05 9.99007E-05 9.99007E-05 0.707366 9.99007E-05 9.99007E-05 0.0236146 9.99007E-05 9.99007E-05 9.99007E-05 9.99007E-05 0.0624962 9.99007E-05 0.138502 9.99007E-05
0.23454 9.99009E-05 9.99009E-05 9.99009E-05 0.210779 9.99009E-05 9.99009E-05 9.99009E-05 9.99009E-05 9.99009E-05 9.99009E-05 0.0138313 0.168781 9.99009E-05 0.370969 9.99009E-05
0.13654 9.98918E-05 9.98918E-05 9.98918E-05 0.694406 9.98918E-05 9.98918E-05 0.128522 9.98918E-05 9.98918E-05 9.98918E-05 9.98918E-05 9.98918E-05 9.98918E-05 0.0393322 9.98918E-05
0.0353858 9.99098E-05 9.99098E-05 0.215398 0.298986 9.99098E-05 9.99098E-05 9.99098E-05 9.99098E-05 9.99098E-05 9.99098E-05 0.115225 0.0561373 0.277869 9.99098E-05 9.99098E-05
0.201782 9.9919E-05 9.9919E-05 9.9919E-05 0.17007 9.9919E-05 0.01717 9.9919E-05 0.0174946 9.9919E-05 9.9919E-05 0.0828859 0.485542 0.024156 9.9919E-05 9.9919E-05
0.0914955 9.98919E-05 9.98919E-05 9.98919E-05 0.223551 9.98919E-05 9.98919E-05 9.98919E-05 9.98919E-05 9.98919E-05 9.98919E-05 0.420576 9.98919E-05 9.98919E-05 9.98919E-05 0.263179
0.362096 9.98919E-05 9.98919E-05 0.051347 9.98919E-05 9.98919E-05 9.98919E-05 9.98919E-05 9.98919E-05 9.98919E-05 9.98919E-05 0.445556 9.98919E-05 9.98919E-05 9.98919E-05 0.139802
0.390366 9.99279E-05 0.00955066 9.99279E-05 0.0978989 9.99279E-05 9.99279E-05 9.99279E-05 0.0493238 9.99279E-05 0.0867443 0.0888792 9.99279E-05 0.0403773 9.99279E-05 0.23606
0.451089 9.99008E-05 9.99008E-05 9.99008E-05 9.99008E-05 9.99008E-05 9.99008E-05 0.0107414 9.99008E-05 9.99008E-05 9.99008E-05 0.304066 0.0726027 9.99008E-05 0.160403 9.99008E-05
0.0926431 9.99007E-05 9.99007E-05 0.0991237 0.0461627 9.99007E-05 9.99007E-05 9.99007E-05 0.261312 9.99007E-05 9.99007E-05 0.49966 9.99007E-05 9.99007E-05 9.99007E-05 9.99007E-05
9.98919E-05 9.98919E-05 9.98919E-05 9.98919E-05 9.98919E-05 0.0777636 9.98919E-05 9.98919E-05 9.98919E-05 9.98919E-05 9.98919E-05 0.839463 9.98919E-05 0.0124717 9.98919E-05 0.0691029
9.99007E-05 9.99007E-05 0.00364767 9.99007E-05 0.196984 9.99007E-05 9.99007E-05 0.137374 9.99007E-05 9.99007E-05 9.99007E-05 9.99007E-05 9.99007E-05 0.581525 0.0793696 9.99007E-05
0.461939 9.98827E-05 9.98827E-05 9.98827E-05 9.98827E-05 9.98827E-05 9.98827E-05 9.98827E-05 9.98827E-05 9.98827E-05 9.98827E-05 9.98827E-05 9.98827E-05 0.31548 0.221282 9.98827E-05
9.98828E-05 9.98828E-05 9.98828E-05 9.98828E-05 0.132147 9.98828E-05 9.98828E-05 9.98828E-05 9.98828E-05 0.159883 9.98828E-05 9.98828E-05 9.98828E-05 0.706672 9.98828E-05 9.98828E-05
0.295342 9.99007E-05 9.99007E-05 9.99007E-05 9.99007E-05 9.99007E-05 9.99007E-05 0.0385255 9.99007E-05 9.99007E-05 9.99007E-05 0.0232273 9.99007E-05 0.464558 0.177248 9.99007E-05
0.195353 9.98827E-05 9.98827E-05 9.98827E-05 9.98827E-05 9.98827E-05 9.98827E-05 9.98827E-05 9.98827E-05 9.98827E-05 9.98827E-05 9.98827E-05 9.98827E-05 0.587724 0.215624 9.98827E-05
9.98917E-05 9.98917E-05 9.98917E-05 9.98917E-05 9.98917E-05 0.0521503 9.98917E-05 9.98917E-05 0.180774 0.0589559 9.98917E-05 9.98917E-05 9.98917E-05 0.706922 9.98917E-05 9.98917E-05
0.233488 9.99098E-05 9.99098E-05 9.99098E-05 9.99098E-05 9.99098E-05 9.99098E-05 0.115565 9.99098E-05 0.0344489 9.99098E-05 0.253633 9.99098E-05 0.339507 0.0223587 9.99098E-05
0.186104 9.98918E-05 9.98918E-05 0.0543164 9.98918E-05 9.98918E-05 9.98918E-05 0.0239852 9.98918E-05 9.98918E-05 9.98918E-05 9.98918E-05 9.98918E-05 0.734396 9.98918E-05 9.98918E-05
0.014218 9.98919E-05 9.98919E-05 9.98919E-05 9.98919E-05 9.98919E-05 0.636138 9.98919E-05 9.98919E-05 9.98919E-05 9.98919E-05 9.98919E-05 0.343314 9.98919E-05 0.00513144 9.98919E-05
0.109685 9.9919E-05 9.9919E-05 0.148598 0.0169459 9.9919E-05 0.530742 9.9919E-05 9.9919E-05 9.9919E-05 9.9919E-05 9.9919E-05 0.0820286 9.9919E-05 0.0854334 0.0256682
0.0091207 9.99009E-05 9.99009E-05 0.0197476 9.99009E-05 9.99009E-05 0.714515 9.99009E-05 0.0852789 9.99009E-05 9.99009E-05 9.99009E-05 9.99009E-05 9.99009E-05 9.99009E-05 0.170239
9.9892E-05 0.0214255 9.9892E-05 9.9892E-05 9.9892E-05 9.9892E-05 0.516618 9.9892E-05 9.9892E-05 0.416585 9.9892E-05 9.9892E-05 9.9892E-05 0.0441726 9.9892E-05 9.9892E-05
9.98828E-05 9.98828E-05 0.0602912 9.98828E-05 9.98828E-05 9.98828E-05 0.65936 9.98828E-05 9.98828E-05 9.98828E-05 9.98828E-05 9.98828E-05 0.27905 9.98828E-05 9.98828E-05 9.98828E-05
9.99278E-05 9.99278E-05 9.99278E-05 0.0521223 9.99278E-05 0.0055332 0.156848 0.396644 0.0265352 0.231841 9.99278E-05 9.99278E-05 9.99278E-05 0.0869477 9.99278E-05 0.0427291
9.98828E-05 9.98828E-05 9.98828E-05 9.98828E-05 9.98828E-05 9.98828E-05 0.502294 0.211014 9.98828E-05 9.98828E-05 9.98828E-05 9.98828E-05 9.98828E-05 9.98828E-05 0.285394 9.98828E-05
9.98739E-05 9.98739E-05 9.98739E-05 9.98739E-05 9.98739E-05 9.98739E-05 0.7536 9.98739E-05 9.98739E-05 9.98739E-05 9.98739E-05 9.98739E-05 0.245002 9.98739E-05 9.98739E-05 9.98739E-05
9.99099E-05 0.00037567 9.99099E-05 0.306886 0.0221088 9.99099E-05 0.620275 9.99099E-05 9.99099E-05 9.99099E-05 9.99099E-05 9.99099E-05 9.99099E-05 0.0428064 0.00654943 9.99099E-05
9.98917E-05 9.98917E-05 9.98917E-05 9.98917E-05 9.98917E-05 0.0700407 0.429728 9.98917E-05 0.385222 9.98917E-05 0.113811 9.98917E-05 9.98917E-05 9.98917E-05 9.98917E-05 9.98917E-05
0.0531165 9.98919E-05 0.113107 9.98919E-05 9.98919E-05 9.98919E-05 0.259219 9.98919E-05 9.98919E-05 9.98919E-05 9.98919E-05 9.98919E-05 0.573359 9.98919E-05 9.98919E-05 9.98919E-05
9.99098E-05 9.99098E-05 0.0389371 9.99098E-05 9.99098E-05 0.0587017 0.413294 9.99098E-05 0.0465328 9.99098E-05 0.392698 9.99098E-05 9.99098E-05 9.99098E-05 0.0488373 9.99098E-05
0.0208381 9.99009E-05 9.99009E-05 0.023651 9.99009E-05 9.99009E-05 0.770407 0.0804136 9.99009E-05 9.99009E-05 9.99009E-05 9.99009E-05 0.103592 9.99009E-05 9.99009E-05 9.99009E-05
9.99188E-05 9.99188E-05 9.99188E-05 0.205395 9.99188E-05 9.99188E-05 0.473293 0.0759141 9.99188E-05 0.0413112 0.122276 0.032361 9.99188E-05 0.0485508 9.99188E-05 9.99188E-05
9.99098E-05 0.0119322 9.99098E-05 0.311152 0.0114369 9.99098E-05 0.47692 9.99098E-05 0.151975 9.99098E-05 9.99098E-05 9.99098E-05 0.0355847 9.99098E-05 9.99098E-05 9.99098E-05
9.99099E-05 0.00707982 9.99099E-05 9.99099E-05 0.0461724 0.0225244 0.33159 0.539653 9.99099E-05 9.99099E-05 9.99099E-05 9.99099E-05 0.0519809 9.99099E-05 9.99099E-05 9.99099E-05
9.99098E-05 9.99098E-05 9.99098E-05 9.99098E-05 9.99098E-05 0.165194 0.440552 9.99098E-05 9.99098E-05 0.202232 0.0518522 0.0837083 9.99098E-05 9.99098E-05 9.99098E-05 0.0554618
9.99098E-05 9.99098E-05 9.99098E-05 9.99098E-05 9.99098E-05 0.0265888 0.341208 9.99098E-05 0.0483092 9.99098E-05 9.99098E-05 9.99098E-05 9.99098E-05 0.0214196 0.000346056 0.56113
0.0952973 0.0109744 9.99099E-05 0.310601 0.0739592 9.99099E-05 0.461991 9.99099E-05 9.99099E-05 9.99099E-05 9.99099E-05 9.99099E-05 9.99099E-05 9.99099E-05 0.0461782 9.99099E-05
0.0120027 9.99009E-05 9.99009E-05 9.99009E-05 9.99009E-05 9.99009E-05 0.756692 0.222649 9.99009E-05 9.99009E-05 9.99009E-05 9.99009E-05 0.00138336 9.99009E-05 0.00617343 9.99009E-05
9.99098E-05 9.99098E-05 9.99098E-05 0.21168 0.0243862 9.99098E-05 0.523831 9.99098E-05 0.189978 0.0302267 0.0188985 9.99098E-05 9.99098E-05 9.99098E-05 9.99098E-05 9.99098E-05
9.98918E-05 9.98918E-05 9.98918E-05 9.98918E-05 9.98918E-05 0.00786728 0.564899 9.98918E-05 0.213452 9.98918E-05 9.98918E-05 9.98918E-05 9.98918E-05 9.98918E-05 9.98918E-05 0.212584
9.99188E-05 9.99188E-05 0.083461 0.159872 9.99188E-05 0.0175006 9.99188E-05 0.133691 0.289619 0.272225 0.0427323 9.99188E-05 9.99188E-05 9.99188E-05 9.99188E-05 9.99188E-05
9.99008E-05 0.178163 0.563346 9.99008E-05 9.99008E-05 9.99008E-05 9.99008E-05 0.112626 9.99008E-05 9.99008E-05 9.99008E-05 9.99008E-05 9.99008E-05 0.00282003 0.141946 9.99008E-05
9.99369E-05 9.99369E-05 0.0418351 0.121778 9.99369E-05 9.99369E-05 9.99369E-05 0.057554 9.99369E-05 0.11942 9.99369E-05 0.0215682 0.00825664 0.0304556 0.0114172 0.587015
0.000288128 9.99189E-05 0.0882716 0.246333 0.00853032 9.99189E-05 9.99189E-05 0.580732 0.00169591 9.99189E-05 9.99189E-05 9.99189E-05 0.0732497 9.99189E-05 9.99189E-05 9.99189E-05
9.98827E-05 9.98827E-05 0.566616 9.98827E-05 9.98827E-05 9.98827E-05 9.98827E-05 9.98827E-05 9.98827E-05 9.98827E-05 9.98827E-05 9.98827E-05 0.337535 9.98827E-05 0.0945504 9.98827E-05
9.99188E-05 9.99188E-05 0.0614804 0.103694 9.99188E-05 0.209864 9.99188E-05 0.0521573 9.99188E-05 0.0577952 0.365033 9.99188E-05 9.99188E-05 9.99188E-05 9.99188E-05 0.149076
9.98828E-05 9.98828E-05 0.807506 9.98828E-05 9.98828E-05 9.98828E-05 9.98828E-05 9.98828E-05 0.0610749 9.98828E-05 0.13012 9.98828E-05 9.98828E-05 9.98828E-05 9.98828E-05 9.98828E-05
9.99188E-05 9.99188E-05 0.0318114 0.403817 9.99188E-05 9.99188E-05 9.99188E-05 0.171384 9.99188E-05 0.182912 9.99188E-05 0.0721059 9.99188E-05 0.0478459 0.0892242 9.99188E-05
9.98919E-05 0.0734231 0.686888 9.98919E-05 0.0139122 9.98919E-05 9.98919E-05 9.98919E-05 9.98919E-05 9.98919E-05 9.98919E-05 9.98919E-05 9.98919E-05 9.98919E-05 9.98919E-05 0.224578
9.98919E-05 9.98919E-05 0.334562 9.98919E-05 9.98919E-05 9.98919E-05 9.98919E-05 0.245338 9.98919E-05 9.98919E-05 9.98919E-05 9.98919E-05 0.101396 9.98919E-05 0.317505 9.98919E-05
9.99188E-05 9.99188E-05 0.168822 0.138915 9.99188E-05 9.99188E-05 9.99188E-05 9.99188E-05 0.0408629 0.26932 0.269963 0.0538759 9.99188E-05 9.99188E-05 9.99188E-05 0.0573428
9.99009E-05 9.99009E-05 0.575342 9.99009E-05 9.99009E-05 0.0110921 9.99009E-05 9.99009E-05 0.07719 9.99009E-05 9.99009E-05 9.99009E-05 9.99009E-05 0.0139448 9.99009E-05 0.321332
9.98828E-05 9.98828E-05 0.5038 9.98828E-05 9.98828E-05 9.98828E-05 9.98828E-05 9.98828E-05 9.98828E-05 9.98828E-05 9.98828E-05 9.98828E-05 0.270332 9.98828E-05 0.224569 9.98828E-05
9.99099E-05 9.99099E-05 9.99099E-05 9.99099E-05 9.99099E-05 0.273833 9.99099E-05 0.0417845 9.99099E-05 0.350265 0.242138 9.99099E-05 0.00469526 9.99099E-05 9.99099E-05 0.0862849
9.98918E-05 9.98918E-05 0.582826 9.98918E-05 9.98918E-05 0.263492 9.98918E-05 9.98918E-05 9.98918E-05 9.98918E-05 9.98918E-05 0.0299292 9.98918E-05 9.98918E-05 9.98918E-05 0.122555
9.99008E-05 9.99008E-05 0.0150459 9.99008E-05 9.99008E-05 0.225742 9.99008E-05 0.299403 9.99008E-05 9.99008E-05 0.15875 9.99008E-05 9.99008E-05 9.99008E-05 9.99008E-05 0.299961
9.98828E-05 9.98828E-05 0.500206 9.98828E-05 9.98828E-05 9.98828E-05 9.98828E-05 9.98828E-05 9.98828E-05 9.98828E-05 9.98828E-05 9.98828E-05 0.424009 9.98828E-05 0.0744871 9.98828E-05
9.99007E-05 9.99007E-05 0.382191 9.99007E-05 9.99007E-05 9.99007E-05 9.99007E-05 9.99007E-05 9.99007E-05 0.22823 0.026517 0.0149715 9.99007E-05 9.99007E-05 9.99007E-05 0.346991
9.98919E-05 9.98919E-05 9.98919E-05 0.213805 9.98919E-05 9.98919E-05 9.98919E-05 9.98919E-05 9.98919E-05 0.467595 0.303711 0.013691 9.98919E-05 9.98919E-05 9.98919E-05 9.98919E-05
9.99008E-05 9.99008E-05 0.145637 0.154187 9.99008E-05 9.99008E-05 9.99008E-05 0.53217 9.99008E-05 0.0889899 9.99008E-05 9.99008E-05 9.99008E-05 0.0779171 9.99008E-05 9.99008E-05
9.98831E-05 9.98831E-05 9.98831E-05 9.98831E-05 9.98831E-05 9.98831E-05 9.98831E-05 0.373977 0.54566 9.98831E-05 9.98831E-05 9.98831E-05 9.98831E-05 9.98831E-05 9.98831E-05 0.0790654
9.99369E-05 9.99369E-05 0.16281 0.102237 0.0175529 0.0117551 9.99369E-05 0.199124 0.12534 0.0563763 0.0022341 9.99369E-05 9.99369E-05 9.99369E-05 9.99369E-05 0.321872
9.98917E-05 9.98917E-05 0.535734 9.98917E-05 9.98917E-05 9.98917E-05 9.98917E-05 0.15866 9.98917E-05 9.98917E-05 9.98917E-05 9.98917E-05 0.298351 9.98917E-05 0.00605684 9.98917E-05
0.0500633 0.189299 0.0156648 9.99279E-05 0.0772774 0.0155476 9.99279E-05 0.176471 9.99279E-05 0.275071 0.199806 9.99279E-05 9.99279E-05 9.99279E-05 9.99279E-05 9.99279E-05
9.99006E-05 9.99006E-05 0.639583 0.184247 9.99006E-05 9.99006E-05 9.99006E-05 0.024601 9.99006E-05 0.0416201 9.99006E-05 9.99006E-05 9.99006E-05 0.10885 9.99006E-05 9.99006E-05
0.0477862 9.99279E-05 0.0935804 0.203822 0.0381174 9.99279E-05 0.164964 0.221156 9.99279E-05 9.99279E-05 9.99279E-05 9.99279E-05 0.205724 0.0240502 9.99279E-05 9.99279E-05
9.99278E-05 0.121322 0.106448 9.99278E-05 0.0238021 9.99278E-05 0.102496 9.99278E-05 9.99278E-05 0.215586 0.16291 0.0601026 9.99278E-05 9.99278E-05 9.99278E-05 0.206534
9.98918E-05 0.297278 9.98918E-05 0.303099 9.98918E-05 9.98918E-05 0.0757377 9.98918E-05 0.322687 9.98918E-05 9.98918E-05 9.98918E-05 9.98918E-05 9.98918E-05 9.98918E-05 9.98918E-05
0.00228547 9.991E-05 9.991E-05 9.991E-05 0.0341394 0.0325956 9.991E-05 9.991E-05 0.0574171 9.991E-05 9.991E-05 9.991E-05 0.640299 9.991E-05 0.232265 9.991E-05
9.99368E-05 0.177687 0.0937736 0.307029 0.00281253 9.99368E-05 0.089671 0.132645 9.99368E-05 9.99368E-05 9.99368E-05 9.99368E-05 0.0490758 0.0760419 0.0705638 9.99368E-05
0.0297118 0.237592 9.99188E-05 9.99188E-05 0.0133489 9.99188E-05 0.121795 0.379491 9.99188E-05 9.99188E-05 0.0268353 9.99188E-05 0.190327 9.99188E-05 9.99188E-05 9.99188E-05
9.99098E-05 9.99098E-05 0.154316 0.171156 0.00258987 9.99098E-05 9.99098E-05 9.99098E-05 0.145587 9.99098E-05 0.412785 9.99098E-05 0.112566 9.99098E-05 9.99098E-05 9.99098E-05
9.98828E-05 9.98828E-05 0.0328781 9.98828E-05 9.98828E-05 9.98828E-05 9.98828E-05 0.502291 9.98828E-05 9.98828E-05 9.98828E-05 9.98828E-05 0.463533 9.98828E-05 9.98828E-05 9.98828E-05
9.99097E-05 9.99097E-05 9.99097E-05 0.167173 9.99097E-05 0.136065 9.99097E-05 0.0452432 9.99097E-05 0.0592258 0.233847 9.99097E-05 9.99097E-05 9.99097E-05 9.99097E-05 0.357447
9.99008E-05 0.0715015 0.0183015 0.0768576 9.99008E-05 9.99008E-05 9.99008E-05 0.421504 9.99008E-05 9.99008E-05 9.99008E-05 9.99008E-05 0.410737 9.99008E-05 9.99008E-05 9.99008E-05
9.99009E-05 0.31873 0.0814469 9.99009E-05 9.99009E-05 9.99009E-05 9.99009E-05 9.99009E-05 0.0615265 9.99009E-05 9.99009E-05 9.99009E-05 0.1467 9.99009E-05 9.99009E-05 0.390498
9.99369E-05 0.114012 0.0355805 0.132243 9.99369E-05 0.100877 0.063114 9.99369E-05 0.0116687 9.99369E-05 0.0307973 9.99369E-05 9.99369E-05 9.99369E-05 0.0320575 0.478951
0.0904404 0.143285 0.0301627 0.536913 0.0136186 9.9937E-05 0.0314567 9.9937E-05 0.066174 0.077131 9.9937E-05 0.0101193 9.9937E-05 9.9937E-05 9.9937E-05 9.9937E-05
9.99278E-05 9.99278E-05 9.99278E-05 0.537404 9.99278E-05 0.0309679 0.0358036 0.171867 9.99278E-05 0.0919033 9.99278E-05 0.0505532 9.99278E-05 0.0241425 0.0565592 9.99278E-05
9.99189E-05 0.116372 9.99189E-05 0.697921 0.0518648 0.0555718 0.0291842 9.99189E-05 9.99189E-05 9.99189E-05 9.99189E-05 0.00839375 0.0397926 9.99189E-05 9.99189E-05 9.99189E-05
9.99278E-05 9.99278E-05 0.0377139 0.132485 9.99278E-05 9.99278E-05 0.091183 0.162246 0.0807053 9.99278E-05 0.0222773 9.99278E-05 0.0752691 9.99278E-05 9.99278E-05 0.39732
9.99009E-05 9.99009E-05 9.99009E-05 0.158834 9.99009E-05 0.0266432 9.99009E-05 0.0456142 9.99009E-05 9.99009E-05 9.99009E-05 9.99009E-05 0.644981 9.99009E-05 0.122829 9.99009E-05
9.98919E-05 0.255636 0.0928233 9.98919E-05 9.98919E-05 9.98919E-05 9.98919E-05 9.98919E-05 9.98919E-05 9.98919E-05 9.98919E-05 9.98919E-05 0.633108 9.98919E-05 0.0172346 9.98919E-05
0.0276488 0.360518 9.99009E-05 0.0437395 9.99009E-05 9.99009E-05 9.99009E-05 0.369831 9.99009E-05 9.99009E-05 9.99009E-05 9.99009E-05 9.99009E-05 9.99009E-05 0.197164 9.99009E-05
0.0809746 0.348843 9.98918E-05 9.98918E-05 9.98918E-05 9.98918E-05 9.98918E-05 0.0596371 9.98918E-05 9.98918E-05 9.98918E-05 9.98918E-05 0.509347 9.98918E-05 9.98918E-05 9.98918E-05
9.98919E-05 9.98919E-05 9.98919E-05 9.98919E-05 9.98919E-05 0.12148 9.98919E-05 9.98919E-05 9.98919E-05 9.98919E-05 0.00678661 9.98919E-05 0.825976 9.98919E-05 0.0445587 9.98919E-05
0.0818153 0.381244 0.0569958 0.0102748 9.99368E-05 9.99368E-05 0.0135434 0.0805111 9.99368E-05 0.0300449 9.99368E-05 9.99368E-05 9.99368E-05 0.0190412 0.32583 9.99368E-05
9.99188E-05 9.99188E-05 0.1047 0.0782574 9.99188E-05 9.99188E-05 9.99188E-05 0.611358 9.99188E-05 9.99188E-05 0.0441714 0.0035915 0.136321 0.0207016 9.99188E-05 9.99188E-05
9.991E-05 0.0199506 9.991E-05 9.991E-05 9.991E-05 0.402494 9.991E-05 9.991E-05 0.126256 0.389497 9.991E-05 9.991E-05 0.015855 0.0449484 9.991E-05 9.991E-05
9.99008E-05 9.99008E-05 9.99008E-05 9.99008E-05 0.0158615 0.824879 0.0125035 0.136269 9.99008E-05 9.99008E-05 9.99008E-05 9.99008E-05 9.99008E-05 9.99008E-05 9.99008E-05 0.00938883
9.99188E-05 0.0150657 9.99188E-05 0.0747492 9.99188E-05 0.0975124 9.99188E-05 0.506167 9.99188E-05 0.0842447 9.99188E-05 9.99188E-05 9.99188E-05 0.117936 0.103425 9.99188E-05
9.98827E-05 9.98827E-05 9.98827E-05 9.98827E-05 9.98827E-05 0.642598 9.98827E-05 0.135685 9.98827E-05 9.98827E-05 0.220418 9.98827E-05 9.98827E-05 9.98827E-05 9.98827E-05 9.98827E-05
9.98919E-05 9.98919E-05 9.98919E-05 9.98919E-05 9.98919E-05 0.917037 0.0637117 9.98919E-05 0.00131117 9.98919E-05 9.98919E-05 9.98919E-05 9.98919E-05 9.98919E-05 0.0167412 9.98919E-05
9.99098E-05 9.99098E-05 9.99098E-05 0.0218176 0.0647799 0.392377 9.99098E-05 0.00650588 9.99098E-05 9.99098E-05 9.99098E-05 9.99098E-05 9.99098E-05 9.99098E-05 0.0868301 0.426691
9.98919E-05 9.98919E-05 9.98919E-05 9.98919E-05 9.98919E-05 0.745306 0.0319247 0.106193 9.98919E-05 9.98919E-05 9.98919E-05 9.98919E-05 9.98919E-05 9.98919E-05 9.98919E-05 0.115377
9.99009E-05 9.99009E-05 9.99009E-05 9.99009E-05 0.00803174 0.179799 9.99009E-05 0.431495 9.99009E-05 9.99009E-05 9.99009E-05 9.99009E-05 9.99009E-05 0.0355788 0.343997 9.99009E-05
9.9892E-05 9.9892E-05 0.212985 9.9892E-05 9.9892E-05 9.9892E-05 9.9892E-05 0.113475 9.9892E-05 9.9892E-05 9.9892E-05 9.9892E-05 0.305522 9.9892E-05 0.36682 9.9892E-05
9.99188E-05 9.99188E-05 9.99188E-05 0.137017 9.99188E-05 9.99188E-05 0.0279691 0.0599465 9.99188E-05 0.612244 9.99188E-05 0.0218143 9.99188E-05 0.111954 0.0281552 9.99188E-05
9.99009E-05 9.99009E-05 9.99009E-05 9.99009E-05 9.99009E-05 0.120657 0.0623174 0.217244 9.99009E-05 9.99009E-05 9.99009E-05 9.99009E-05 9.99009E-05 0.000236773 0.598446 9.99009E-05
0.0057077 0.0346591 9.9919E-05 9.9919E-05 9.9919E-05 0.0900179 0.0261963 0.483603 9.9919E-05 9.9919E-05 9.9919E-05 9.9919E-05 9.9919E-05 0.243338 0.11558 9.9919E-05
9.99188E-05 9.99188E-05 9.99188E-05 9.99188E-05 9.99188E-05 0.184866 0.034801 0.485365 0.00539789 0.166911 0.0171294 9.99188E-05 9.99188E-05 0.104631 9.99188E-05 9.99188E-05
0.00440443 0.0831374 0.0480394 9.99189E-05 9.99189E-05 9.99189E-05 0.0130585 0.574981 9.99189E-05 9.99189E-05 9.99189E-05 9.99189E-05 0.0571892 9.99189E-05 0.218291 9.99189E-05
0.0363112 9.99099E-05 9.99099E-05 9.99099E-05 9.99099E-05 9.99099E-05 0.0787906 0.336883 9.99099E-05 0.295174 9.99099E-05 9.99099E-05 0.0473035 9.99099E-05 0.204539 9.99099E-05
0.0313168 0.366182 9.99099E-05 0.0481053 0.102413 0.0978839 9.99099E-05 9.99099E-05 9.99099E-05 0.3531 9.99099E-05 9.99099E-05 9.99099E-05 9.99099E-05 9.99099E-05 9.99099E-05
9.99188E-05 0.0750729 9.99188E-05 9.99188E-05 9.99188E-05 9.99188E-05 9.99188E-05 0.351749 9.99188E-05 0.0980235 0.13134 0.0548049 9.99188E-05 0.0478382 0.240272 9.99188E-05
9.99098E-05 9.99098E-05 9.99098E-05 0.0588101 9.99098E-05 9.99098E-05 0.111705 0.160396 9.99098E-05 0.360694 9.99098E-05 9.99098E-05 9.99098E-05 0.019837 0.287559 9.99098E-05
9.99009E-05 9.99009E-05 9.99009E-05 9.99009E-05 9.99009E-05 0.144026 9.99009E-05 0.0551119 9.99009E-05 0.309181 0.488618 9.99009E-05 9.99009E-05 9.99009E-05 9.99009E-05 0.00196451
9.9928E-05 9.9928E-05 9.9928E-05 0.152287 9.9928E-05 0.0127447 9.9928E-05 0.139699 9.9928E-05 0.568406 0.0327205 9.9928E-05 0.0302502 0.0555556 9.9928E-05 0.00753737
9.991E-05 9.991E-05 9.991E-05 0.0531551 9.991E-05 9.991E-05 9.991E-05 0.146674 9.991E-05 0.035878 0.0656902 9.991E-05 0.0454389 9.991E-05 0.652165 9.991E-05
0.027151 9.99189E-05 9.99189E-05 9.99189E-05 9.99189E-05 9.99189E-05 0.0596325 0.684795 9.99189E-05 0.130903 9.99189E-05 9.99189E-05 9.99189E-05 0.00365435 0.073398 0.019567
9.99009E-05 0.135146 0.0181221 9.99009E-05 9.99009E-05 9.99009E-05 9.99009E-05 0.235807 9.99009E-05 9.99009E-05 9.99009E-05 9.99009E-05 0.210444 9.99009E-05 0.399382 9.99009E-05
9.99008E-05 9.99008E-05 9.99008E-05 0.149822 9.99008E-05 0.325781 9.99008E-05 0.0471669 9.99008E-05 0.418355 0.0577759 9.99008E-05 9.99008E-05 9.99008E-05 9.99008E-05 9.99008E-05
9.99279E-05 0.00166168 9.99279E-05 0.140979 0.00895213 9.99279E-05 9.99279E-05 0.328148 9.99279E-05 0.408746 0.00701823 0.00235375 9.99279E-05 0.101342 9.99279E-05 9.99279E-05
0.00705378 0.0544474 0.0948583 9.99189E-05 9.99189E-05 9.99189E-05 0.0189071 0.309716 9.99189E-05 9.99189E-05 9.99189E-05 9.99189E-05 0.052231 9.99189E-05 0.461888 9.99189E-05
9.99189E-05 0.325794 9.99189E-05 9.99189E-05 9.99189E-05 0.399829 0.0214795 9.99189E-05 0.0733499 0.112841 9.99189E-05 0.0303621 9.99189E-05 9.99189E-05 9.99189E-05 0.0354459
9.98918E-05 0.483446 0.0372894 9.98918E-05 9.98918E-05 0.0520033 9.98918E-05 9.98918E-05 9.98918E-05 9.98918E-05 0.426063 9.98918E-05 9.98918E-05 9.98918E-05 9.98918E-05 9.98918E-05
0.0792985 0.0541858 9.99189E-05 9.99189E-05 0.050605 9.99189E-05 0.059607 0.405863 9.99189E-05 9.99189E-05 9.99189E-05 9.99189E-05 0.277367 0.0721751 9.99189E-05 9.99189E-05
9.99098E-05 0.651104 0.0726755 0.0360187 0.0207427 9.99098E-05 0.0905146 9.99098E-05 9.99098E-05 9.99098E-05 9.99098E-05 9.99098E-05 0.127945 9.99098E-05 9.99098E-05 9.99098E-05
9.99279E-05 0.174745 0.041 9.99279E-05 0.0249973 0.359928 9.99279E-05 9.99279E-05 0.0155051 9.99279E-05 0.288224 9.99279E-05 9.99279E-05 0.0674365 0.0273651 9.99279E-05
9.99009E-05 0.264506 0.165701 9.99009E-05 9.99009E-05 0.502191 9.99009E-05 9.99009E-05 9.99009E-05 9.99009E-05 9.99009E-05 9.99009E-05 9.99009E-05 0.00956576 9.99009E-05 0.0569383
9.99279E-05 0.135336 0.154379 9.99279E-05 9.99279E-05 0.384505 9.99279E-05 9.99279E-05 9.99279E-05 0.0810827 0.0571576 0.0775138 9.99279E-05 0.0393895 9.99279E-05 0.0698363
9.98739E-05 0.357529 9.98739E-05 9.98739E-05 9.98739E-05 9.98739E-05 9.98739E-05 9.98739E-05 9.98739E-05 9.98739E-05 9.98739E-05 9.98739E-05 0.641073 9.98739E-05 9.98739E-05 9.98739E-05
9.98919E-05 0.442123 0.0536256 9.98919E-05 9.98919E-05 9.98919E-05 9.98919E-05 0.45515 9.98919E-05 9.98919E-05 9.98919E-05 9.98919E-05 9.98919E-05 0.0479026 9.98919E-05 9.98919E-05
9.99188E-05 0.223932 9.99188E-05 0.318297 9.99188E-05 9.99188E-05 0.22202 9.99188E-05 9.99188E-05 0.0822324 0.0988842 0.0321526 9.99188E-05 0.0215825 9.99188E-05 9.99188E-05
9.99098E-05 0.180037 0.169356 9.99098E-05 9.99098E-05 0.420403 0.0258214 9.99098E-05 9.99098E-05 0.0478628 0.155522 9.99098E-05 9.99098E-05 9.99098E-05 9.99098E-05 9.99098E-05
0.0361794 0.259423 9.99279E-05 0.0925581 0.0037925 9.99279E-05 0.0681363 0.0505923 9.99279E-05 9.99279E-05 9.99279E-05 9.99279E-05 0.485189 9.99279E-05 0.00332972 9.99279E-05
9.99279E-05 0.0557257 0.140325 0.116085 0.0490458 0.085021 9.99279E-05 0.514803 9.99279E-05 0.0241758 9.99279E-05 9.99279E-05 9.99279E-05 0.0140195 9.99279E-05 9.99279E-05
9.99188E-05 0.273576 0.0476454 0.0497504 9.99188E-05 0.131746 9.99188E-05 0.342071 9.99188E-05 9.99188E-05 9.99188E-05 9.99188E-05 9.99188E-05 0.0664777 0.087834 9.99188E-05
9.99008E-05 0.192333 0.0977357 0.548678 9.99008E-05 9.99008E-05 0.0707566 9.99008E-05 0.0893977 9.99008E-05 9.99008E-05 9.99008E-05 9.99008E-05 9.99008E-05 9.99008E-05 9.99008E-05
0.0242885 9.99099E-05 9.99099E-05 0.151731 9.99099E-05 9.99099E-05 0.195437 0.483483 9.99099E-05 0.0109402 9.99099E-05 9.99099E-05 9.99099E-05 9.99099E-05 0.133121 9.99099E-05
9.99278E-05 0.0389944 9.99278E-05 0.0802941 9.99278E-05 0.11017 0.0408183 0.19239 9.99278E-05 0.292182 0.182467 0.0618852 9.99278E-05 9.99278E-05 9.99278E-05 9.99278E-05
9.99188E-05 0.155371 9.99188E-05 0.396193 9.99188E-05 0.0225234 9.99188E-05 0.113329 9.99188E-05 0.117589 0.124184 9.99188E-05 9.99188E-05 0.0699114 9.99188E-05 9.99188E-05
9.9919E-05 0.109676 0.180284 9.9919E-05 0.023413 0.451322 9.9919E-05 9.9919E-05 9.9919E-05 9.9919E-05 0.159131 0.00153242 9.9919E-05 9.9919E-05 9.9919E-05 0.0737418
0.105087 0.356458 0.134624 9.99368E-05 0.0122819 9.99368E-05 0.00924631 0.0958664 9.99368E-05 0.0152542 9.99368E-05 0.0258877 9.99368E-05 9.99368E-05 0.244595 9.99368E-05
9.99008E-05 0.355904 9.99008E-05 9.99008E-05 9.99008E-05 0.307764 9.99008E-05 9.99008E-05 9.99008E-05 0.259358 0.058257 0.0176185 9.99008E-05 9.99008E-05 9.99008E-05 9.99008E-05
9.98918E-05 0.297486 9.98918E-05 9.98918E-05 9.98918E-05 0.0641793 9.98918E-05 9.98918E-05 9.98918E-05 0.197956 9.98918E-05 9.98918E-05 9.98918E-05 9.98918E-05 9.98918E-05 0.43918
9.99098E-05 0.104703 0.142272 0.0305682 9.99098E-05 9.99098E-05 9.99098E-05 0.140555 9.99098E-05 9.99098E-05 9.99098E-05 9.99098E-05 0.0519524 9.99098E-05 0.52895 9.99098E-05
9.99099E-05 9.99099E-05 0.0654711 9.99099E-05 9.99099E-05 0.0481003 9.99099E-05 0.567815 9.99099E-05 0.0787729 0.179662 9.99099E-05 9.99099E-05 0.0591798 9.99099E-05 9.99099E-05
0.0498776 0.296135 9.99099E-05 9.99099E-05 9.99099E-05 9.99099E-05 9.99099E-05 0.445418 9.99099E-05 0.0358549 9.99099E-05 9.99099E-05 9.99099E-05 0.0213059 0.150409 9.99099E-05
9.99189E-05 0.0649003 9.99189E-05 9.99189E-05 9.99189E-05 0.434392 9.99189E-05 9.99189E-05 0.134079 0.319795 0.000916863 9.99189E-05 9.99189E-05 0.0367236 0.00829512 9.99189E-05
0.148523 0.0228646 9.9937E-05 9.9937E-05 0.0345569 0.0434584 9.9937E-05 0.0329116 0.172265 0.232505 9.9937E-05 9.9937E-05 9.9937E-05 0.0760339 9.9937E-05 0.236183
9.99099E-05 0.0756443 9.99099E-05 9.99099E-05 9.99099E-05 0.124419 9.99099E-05 0.0662026 9.99099E-05 0.603011 0.0245122 0.105211 9.99099E-05 9.99099E-05 9.99099E-05 9.99099E-05
9.98918E-05 0.288886 9.98918E-05 0.0131523 9.98918E-05 9.98918E-05 9.98918E-05 0.118698 9.98918E-05 9.98918E-05 9.98918E-05 9.98918E-05 9.98918E-05 9.98918E-05 0.578065 9.98918E-05
9.99279E-05 9.99279E-05 0.068341 9.99279E-05 9.99279E-05 0.00346492 9.99279E-05 0.0903729 9.99279E-05 0.732927 9.99279E-05 0.0471204 9.99279E-05 0.0128153 0.00968069 0.0344788
9.99279E-05 0.0522324 0.022028 9.99279E-05 0.0499432 9.99279E-05 0.0237057 9.99279E-05 0.0316991 0.77736 9.99279E-05 0.0190728 9.99279E-05 9.99279E-05 0.0231589 9.99279E-05
9.9919E-05 0.0651311 9.9919E-05 9.9919E-05 9.9919E-05 0.186158 0.0222756 9.9919E-05 0.0564476 0.49283 0.14873 9.9919E-05 9.9919E-05 9.9919E-05 0.0275284 9.9919E-05
9.99009E-05 9.99009E-05 9.99009E-05 9.99009E-05 9.99009E-05 9.99009E-05 0.0813866 0.166559 9.99009E-05 0.0846953 0.0196152 9.99009E-05 9.99009E-05 9.99009E-05 0.646645 9.99009E-05
0.0291191 0.124858 0.00517438 0.0200407 0.0100661 0.0495177 0.0302566 0.413547 9.99549E-05 0.268483 9.99549E-05 9.99549E-05 9.99549E-05 0.00404693 0.0443898 9.99549E-05
9.9928E-05 9.9928E-05 0.03936 9.9928E-05 9.9928E-05 0.38918 9.9928E-05 0.0908957 0.0673058 0.00757059 0.334695 9.9928E-05 9.9928E-05 0.0300065 0.0401873 9.9928E-05
