9.991E-05 0.0477443 9.991E-05 0.27217 9.991E-05 9.991E-05 9.991E-05 0.0330947 9.991E-05 0.213873 9.991E-05 0.43212 9.991E-05 9.991E-05 9.991E-05
9.99189E-05 9.99189E-05 9.99189E-05 0.416511 0.123898 9.99189E-05 9.99189E-05 9.99189E-05 0.0162164 9.99189E-05 9.99189E-05 0.357615 0.067492 9.99189E-05 0.017368
9.99549E-05 9.99549E-05 9.99549E-05 0.382042 0.0247716 0.070875 0.0072592 0.0101352 0.00110157 9.99549E-05 0.00158311 9.99549E-05 0.0158521 0.413776 0.0721038
0.135825 9.99279E-05 9.99279E-05 0.0330341 9.99279E-05 9.99279E-05 0.0343888 0.00561171 9.99279E-05 0.223036 0.00937075 0.557935 9.99279E-05 9.99279E-05 9.99279E-05
0.197416 9.99369E-05 9.99369E-05 9.99369E-05 0.281129 0.0153859 9.99369E-05 9.99369E-05 0.0366202 0.10425 9.99369E-05 0.279032 0.0303398 9.99369E-05 0.0551275
9.99369E-05 0.0216889 9.99369E-05 0.223414 0.0212633 0.109328 0.180001 9.99369E-05 0.0228875 0.327934 9.99369E-05 9.99369E-05 9.99369E-05 0.0927845 9.99369E-05
9.99008E-05 9.99008E-05 0.0482008 0.515534 9.99008E-05 9.99008E-05 9.99008E-05 9.99008E-05 9.99008E-05 9.99008E-05 9.99008E-05 0.0668348 9.99008E-05 0.368332 9.99008E-05
9.9928E-05 0.108341 9.9928E-05 0.313724 0.154251 0.0852467 0.0540889 9.9928E-05 9.9928E-05 0.120414 9.9928E-05 9.9928E-05 9.9928E-05 0.163135 9.9928E-05
0.0276693 0.0333393 9.99279E-05 0.321446 9.99279E-05 9.99279E-05 0.368483 0.00136386 0.0083048 9.99279E-05 9.99279E-05 0.238594 9.99279E-05 9.99279E-05 9.99279E-05
9.99098E-05 9.99098E-05 0.120598 9.99098E-05 9.99098E-05 0.393595 9.99098E-05 0.0618124 9.99098E-05 0.096294 9.99098E-05 9.99098E-05 9.99098E-05 0.326702 9.99098E-05
9.99189E-05 9.99189E-05 9.99189E-05 0.179856 0.0320433 9.99189E-05 0.289779 9.99189E-05 9.99189E-05 9.99189E-05 9.99189E-05 0.113565 0.305779 9.99189E-05 0.0780777
9.99279E-05 9.99279E-05 9.99279E-05 0.056337 0.0124483 0.130993 0.23987 9.99279E-05 9.99279E-05 9.99279E-05 0.132336 0.387185 0.0400311 9.99279E-05 9.99279E-05
0.377744 9.99278E-05 9.99278E-05 0.126278 9.99278E-05 9.99278E-05 0.154403 9.99278E-05 0.0294932 9.99278E-05 9.99278E-05 0.0205591 9.99278E-05 0.156458 0.134266
9.9919E-05 0.0191168 9.9919E-05 0.623479 9.9919E-05 0.203453 9.9919E-05 0.00698225 9.9919E-05 9.9919E-05 9.9919E-05 0.00364471 9.9919E-05 0.142425 9.9919E-05
9.99189E-05 9.99189E-05 9.99189E-05 0.0165795 0.126403 0.0248667 0.142712 9.99189E-05 9.99189E-05 9.99189E-05 9.99189E-05 0.320154 0.368386 9.99189E-05 9.99189E-05
9.99279E-05 9.99279E-05 0.232607 0.136805 9.99279E-05 9.99279E-05 0.024573 0.0155089 0.0123926 0.16934 9.99279E-05 9.99279E-05 9.99279E-05 0.407974 9.99279E-05
0.00385973 9.99189E-05 0.0314441 0.63331 9.99189E-05 9.99189E-05 9.99189E-05 9.99189E-05 9.99189E-05 0.000412655 9.99189E-05 0.0702519 9.99189E-05 0.259822 9.99189E-05
9.99369E-05 9.99369E-05 9.99369E-05 0.53187 0.0215417 9.99369E-05 0.0416071 9.99369E-05 9.99369E-05 0.00255516 9.99369E-05 0.0287333 0.00966814 0.333079 0.0302464
0.00547703 9.9919E-05 9.9919E-05 0.218796 9.9919E-05 9.9919E-05 0.168968 9.9919E-05 9.9919E-05 9.9919E-05 0.13592 0.345257 9.9919E-05 9.9919E-05 0.124682
9.99009E-05 0.0182578 9.99009E-05 9.99009E-05 9.99009E-05 9.99009E-05 9.99009E-05 0.742171 9.99009E-05 0.0324103 9.99009E-05 9.99009E-05 0.206062 9.99009E-05 9.99009E-05
0.252213 9.98828E-05 9.98828E-05 9.98828E-05 9.98828E-05 9.98828E-05 9.98828E-05 0.746489 9.98828E-05 9.98828E-05 9.98828E-05 9.98828E-05 9.98828E-05 9.98828E-05 9.98828E-05
9.98827E-05 9.98827E-05 9.98827E-05 9.98827E-05 9.98827E-05 9.98827E-05 9.98827E-05 0.803256 9.98827E-05 0.195445 9.98827E-05 9.98827E-05 9.98827E-05 9.98827E-05 9.98827E-05
0.179076 9.99008E-05 9.99008E-05 9.99008E-05 9.99008E-05 9.99008E-05 9.99008E-05 0.601032 9.99008E-05 9.99008E-05 0.200025 0.0187683 9.99008E-05 9.99008E-05 9.99008E-05
9.99099E-05 9.99099E-05 9.99099E-05 9.99099E-05 9.99099E-05 9.99099E-05 0.189872 0.703145 9.99099E-05 9.99099E-05 0.0127091 0.0614528 0.0318223 9.99099E-05 9.99099E-05
9.99188E-05 0.008288 9.99188E-05 0.180009 9.99188E-05 0.0357501 9.99188E-05 0.460428 0.18421 9.99188E-05 9.99188E-05 9.99188E-05 9.99188E-05 0.130415 9.99188E-05
9.99188E-05 0.341147 9.99188E-05 9.99188E-05 0.0101759 9.99188E-05 0.136159 0.284052 9.99188E-05 9.99188E-05 9.99188E-05 0.14435 0.0832174 9.99188E-05 9.99188E-05
9.99009E-05 9.99009E-05 0.448722 9.99009E-05 9.99009E-05 9.99009E-05 9.99009E-05 0.25146 0.198164 9.99009E-05 9.99009E-05 9.99009E-05 9.99009E-05 0.100555 9.99009E-05
0.231238 0.305114 9.99099E-05 9.99099E-05 0.135045 9.99099E-05 9.99099E-05 0.173139 9.99099E-05 9.99099E-05 9.99099E-05 9.99099E-05 0.154465 9.99099E-05 9.99099E-05
9.99008E-05 9.99008E-05 0.00738796 0.0234484 9.99008E-05 9.99008E-05 9.99008E-05 0.814205 9.99008E-05 0.15386 9.99008E-05 9.99008E-05 9.99008E-05 9.99008E-05 9.99008E-05
0.082938 9.99009E-05 9.99009E-05 9.99009E-05 9.99009E-05 9.99009E-05 0.0761735 0.821208 9.99009E-05 9.99009E-05 0.0185814 9.99009E-05 9.99009E-05 9.99009E-05 9.99009E-05
0.0714484 0.0204987 0.126726 9.99281E-05 9.99281E-05 9.99281E-05 0.0260655 0.581583 9.99281E-05 9.99281E-05 0.05334 9.99281E-05 9.99281E-05 0.119539 9.99281E-05
9.99188E-05 0.416097 0.0983212 9.99188E-05 9.99188E-05 9.99188E-05 9.99188E-05 0.117757 0.186816 0.11429 9.99188E-05 9.99188E-05 9.99188E-05 9.99188E-05 0.0658199
9.98918E-05 9.98918E-05 0.204139 9.98918E-05 9.98918E-05 9.98918E-05 9.98918E-05 0.615715 9.98918E-05 9.98918E-05 9.98918E-05 9.98918E-05 9.98918E-05 0.178947 9.98918E-05
9.99099E-05 0.0364162 9.99099E-05 0.179632 9.99099E-05 9.99099E-05 9.99099E-05 0.662951 0.000446239 9.99099E-05 9.99099E-05 9.99099E-05 9.99099E-05 0.119556 9.99099E-05
0.0484052 9.98919E-05 9.98919E-05 9.98919E-05 9.98919E-05 9.98919E-05 0.164169 0.786227 9.98919E-05 9.98919E-05 9.98919E-05 9.98919E-05 9.98919E-05 9.98919E-05 9.98919E-05
9.98919E-05 9.98919E-05 9.98919E-05 9.98919E-05 9.98919E-05 9.98919E-05 9.98919E-05 0.729383 9.98919E-05 9.98919E-05 9.98919E-05 0.0978737 0.171545 9.98919E-05 9.98919E-05
9.98829E-05 9.98829E-05 9.98829E-05 9.98829E-05 9.98829E-05 9.98829E-05 9.98829E-05 0.652078 9.98829E-05 9.98829E-05 9.98829E-05 9.98829E-05 0.346624 9.98829E-05 9.98829E-05
0.012714 9.99099E-05 9.99099E-05 9.99099E-05 0.0158251 9.99099E-05 9.99099E-05 0.686267 9.99099E-05 9.99099E-05 0.209288 0.0749071 9.99099E-05 9.99099E-05 9.99099E-05
9.98917E-05 9.98917E-05 9.98917E-05 9.98917E-05 9.98917E-05 9.98917E-05 9.98917E-05 9.98917E-05 0.79469 0.154586 9.98917E-05 0.0495249 9.98917E-05 9.98917E-05 9.98917E-05
9.9892E-05 9.9892E-05 0.30681 9.9892E-05 9.9892E-05 9.9892E-05 9.9892E-05 9.9892E-05 0.678773 9.9892E-05 9.9892E-05 9.9892E-05 9.9892E-05 9.9892E-05 0.0132183
9.99189E-05 0.107484 0.282639 9.99189E-05 9.99189E-05 0.0654495 9.99189E-05 0.0632569 0.317408 9.99189E-05 9.99189E-05 9.99189E-05 9.99189E-05 0.162863 9.99189E-05
0.294721 0.107457 0.0252407 9.99099E-05 9.99099E-05 9.99099E-05 9.99099E-05 9.99099E-05 0.400389 9.99099E-05 0.171194 9.99099E-05 9.99099E-05 9.99099E-05 9.99099E-05
9.99008E-05 9.99008E-05 9.99008E-05 0.0195394 9.99008E-05 9.99008E-05 9.99008E-05 0.253655 0.533879 0.191828 9.99008E-05 9.99008E-05 9.99008E-05 9.99008E-05 9.99008E-05
9.99189E-05 9.99189E-05 0.0464738 9.99189E-05 9.99189E-05 0.103785 9.99189E-05 0.0911016 0.523122 9.99189E-05 9.99189E-05 9.99189E-05 9.99189E-05 0.167511 0.0671078
9.98919E-05 0.531658 9.98919E-05 9.98919E-05 9.98919E-05 9.98919E-05 9.98919E-05 9.98919E-05 9.98919E-05 9.98919E-05 0.244143 0.223 9.98919E-05 9.98919E-05 9.98919E-05
9.99009E-05 9.99009E-05 9.99009E-05 9.99009E-05 0.147488 9.99009E-05 0.149225 9.99009E-05 0.562004 9.99009E-05 9.99009E-05 0.140184 9.99009E-05 9.99009E-05 9.99009E-05
9.99189E-05 9.99189E-05 0.18441 0.0155313 9.99189E-05 0.00711986 9.99189E-05 0.195741 0.390863 9.99189E-05 9.99189E-05 9.99189E-05 9.99189E-05 0.205436 9.99189E-05
9.98918E-05 9.98918E-05 9.98918E-05 9.98918E-05 9.98918E-05 9.98918E-05 0.0370549 9.98918E-05 0.781887 0.179859 9.98918E-05 9.98918E-05 9.98918E-05 9.98918E-05 9.98918E-05
9.9883E-05 9.9883E-05 0.67231 9.9883E-05 9.9883E-05 9.9883E-05 9.9883E-05 9.9883E-05 0.326391 9.9883E-05 9.9883E-05 9.9883E-05 9.9883E-05 9.9883E-05 9.9883E-05
9.991E-05 0.0388491 9.991E-05 9.991E-05 0.246739 9.991E-05 9.991E-05 9.991E-05 0.636534 9.991E-05 0.0250442 9.991E-05 0.0518345 9.991E-05 9.991E-05
9.98829E-05 9.98829E-05 0.314744 9.98829E-05 9.98829E-05 9.98829E-05 9.98829E-05 9.98829E-05 0.683958 9.98829E-05 9.98829E-05 9.98829E-05 9.98829E-05 9.98829E-05 9.98829E-05
0.447528 9.98964E-05 9.98964E-05 9.98964E-05 9.98964E-05 9.98964E-05 9.98964E-05 0.0492106 0.502062 9.98964E-05 9.98964E-05 9.98964E-05 9.98964E-05 9.98964E-05 9.98964E-05
9.99204E-05 0.179087 9.99204E-05 9.99204E-05 9.99204E-05 9.99204E-05 0.191292 0.0645512 0.281643 9.99204E-05 9.99204E-05 0.0770023 0.205526 9.99204E-05 9.99204E-05
9.99009E-05 0.0456606 9.99009E-05 9.99009E-05 9.99009E-05 9.99009E-05 0.39453 9.99009E-05 0.424574 9.99009E-05 9.99009E-05 9.99009E-05 0.134137 9.99009E-05 9.99009E-05
0.018479 0.116048 9.9946E-05 0.00065687 0.0719049 9.9946E-05 9.9946E-05 0.0464119 0.270041 9.9946E-05 0.417898 0.0329204 0.02504 9.9946E-05 9.9946E-05
9.99099E-05 0.175483 9.99099E-05 9.99099E-05 9.99099E-05 9.99099E-05 0.00274705 0.330769 9.99099E-05 9.99099E-05 0.463499 0.0265028 9.99099E-05 9.99099E-05 9.99099E-05
9.99188E-05 0.033084 0.0499922 9.99188E-05 9.99188E-05 9.99188E-05 9.99188E-05 9.99188E-05 0.71503 0.123648 9.99188E-05 9.99188E-05 9.99188E-05 0.0535363 0.0238109
0.31877 0.281601 0.0383777 9.99008E-05 9.99008E-05 9.99008E-05 9.99008E-05 9.99008E-05 0.360152 9.99008E-05 9.99008E-05 9.99008E-05 9.99008E-05 9.99008E-05 9.99008E-05
9.99008E-05 0.0639661 0.288843 9.99008E-05 9.99008E-05 9.99008E-05 9.99008E-05 9.99008E-05 0.625554 0.0205384 9.99008E-05 9.99008E-05 9.99008E-05 9.99008E-05 9.99008E-05
9.99098E-05 9.99098E-05 9.99098E-05 9.99098E-05 0.0883075 9.99098E-05 9.99098E-05 9.99098E-05 0.711643 9.99098E-05 0.0794523 0.0210348 0.098563 9.99098E-05 9.99098E-05
9.99368E-05 0.111375 9.99368E-05 9.99368E-05 0.0254954 9.99368E-05 0.0845184 0.0260456 0.6032 0.0296678 9.99368E-05 0.0606443 0.058354 9.99368E-05 9.99368E-05
9.99189E-05 0.0286678 9.99189E-05 9.99189E-05 0.115024 9.99189E-05 0.0844794 9.99189E-05 0.632328 9.99189E-05 9.99189E-05 0.0938702 0.0447311 9.99189E-05 9.99189E-05
9.99099E-05 0.409474 0.174686 0.0281852 9.99099E-05 9.99099E-05 9.99099E-05 9.99099E-05 0.231918 9.99099E-05 9.99099E-05 9.99099E-05 9.99099E-05 9.99099E-05 0.154738
9.98919E-05 9.98919E-05 9.98919E-05 9.98919E-05 9.98919E-05 9.98919E-05 9.98919E-05 0.05087 0.477388 9.98919E-05 0.470543 9.98919E-05 9.98919E-05 9.98919E-05 9.98919E-05
9.99009E-05 0.10894 9.99009E-05 9.99009E-05 9.99009E-05 0.0347113 9.99009E-05 9.99009E-05 0.3852 9.99009E-05 9.99009E-05 9.99009E-05 9.99009E-05 0.47005 9.99009E-05
9.99368E-05 0.343419 9.99368E-05 0.0229989 9.99368E-05 9.99368E-05 0.263341 0.0652533 0.148637 9.99368E-05 9.99368E-05 0.0341435 0.120123 9.99368E-05 0.0013842
9.99009E-05 9.99009E-05 9.99009E-05 9.99009E-05 0.27271 9.99009E-05 9.99009E-05 9.99009E-05 0.573538 9.99009E-05 0.126842 9.99009E-05 0.0258111 9.99009E-05 9.99009E-05
9.99099E-05 0.0342944 9.99099E-05 9.99099E-05 0.139616 9.99099E-05 9.99099E-05 9.99099E-05 0.451075 9.99099E-05 0.0753749 9.99099E-05 0.29864 9.99099E-05 9.99099E-05
9.99368E-05 0.757355 9.99368E-05 0.0346934 9.99368E-05 9.99368E-05 0.0210438 9.99368E-05 0.0421501 0.00222709 9.99368E-05 0.114861 9.99368E-05 0.0121245 0.0148458
9.99098E-05 0.494705 9.99098E-05 0.00531747 9.99098E-05 9.99098E-05 9.99098E-05 0.183295 0.0526951 0.262988 9.99098E-05 9.99098E-05 9.99098E-05 9.99098E-05 9.99098E-05
9.98918E-05 0.497745 0.431568 9.98918E-05 9.98918E-05 9.98918E-05 9.98918E-05 0.0694882 9.98918E-05 9.98918E-05 9.98918E-05 9.98918E-05 9.98918E-05 9.98918E-05 9.98918E-05
9.99009E-05 9.99009E-05 0.0317821 9.99009E-05 9.99009E-05 9.99009E-05 9.99009E-05 0.0171312 0.473613 9.99009E-05 9.99009E-05 9.99009E-05 9.99009E-05 0.476375 9.99009E-05
9.98919E-05 9.98919E-05 9.98919E-05 9.98919E-05 0.144739 9.98919E-05 9.98919E-05 0.627487 9.98919E-05 9.98919E-05 0.226576 9.98919E-05 9.98919E-05 9.98919E-05 9.98919E-05
9.99188E-05 9.99188E-05 0.112003 0.05199 9.99188E-05 0.00871092 9.99188E-05 9.99188E-05 0.640376 9.99188E-05 9.99188E-05 9.99188E-05 9.99188E-05 0.147943 0.0380783
9.99098E-05 0.427254 9.99098E-05 9.99098E-05 0.0378542 9.99098E-05 9.99098E-05 9.99098E-05 0.321178 9.99098E-05 9.99098E-05 0.075712 0.137002 9.99098E-05 9.99098E-05
9.99009E-05 0.502054 9.99009E-05 9.99009E-05 9.99009E-05 9.99009E-05 0.203524 0.071391 9.99009E-05 9.99009E-05 9.99009E-05 0.221933 9.99009E-05 9.99009E-05 9.99009E-05
9.98917E-05 9.98917E-05 0.0804366 9.98917E-05 9.98917E-05 9.98917E-05 9.98917E-05 0.745201 9.98917E-05 9.98917E-05 9.98917E-05 9.98917E-05 9.98917E-05 0.173164 9.98917E-05
9.991E-05 0.0418079 0.29189 9.991E-05 9.991E-05 9.991E-05 9.991E-05 0.205794 0.138543 9.991E-05 9.991E-05 9.991E-05 9.991E-05 0.320966 9.991E-05
9.99008E-05 9.99008E-05 9.99008E-05 0.115124 9.99008E-05 9.99008E-05 9.99008E-05 0.735811 0.0428944 9.99008E-05 9.99008E-05 9.99008E-05 9.99008E-05 0.105071 9.99008E-05
9.99098E-05 0.413017 0.0154002 9.99098E-05 9.99098E-05 9.99098E-05 9.99098E-05 0.242773 0.0544249 0.273386 9.99098E-05 9.99098E-05 9.99098E-05 9.99098E-05 9.99098E-05
0.00954908 0.104466 0.563879 9.991E-05 9.991E-05 9.991E-05 9.991E-05 0.136154 0.184952 9.991E-05 9.991E-05 9.991E-05 9.991E-05 9.991E-05 9.991E-05
0.0971254 0.0109659 9.99189E-05 9.99189E-05 9.99189E-05 9.99189E-05 0.177588 0.193167 0.384524 9.99189E-05 0.135731 9.99189E-05 9.99189E-05 9.99189E-05 9.99189E-05
0.230971 9.99008E-05 9.99008E-05 9.99008E-05 9.99008E-05 9.99008E-05 0.0766347 9.99008E-05 0.684935 9.99008E-05 9.99008E-05 9.99008E-05 9.99008E-05 0.00636091 9.99008E-05
0.40598 0.137527 9.99099E-05 9.99099E-05 9.99099E-05 9.99099E-05 0.0336372 0.0588559 0.363001 9.99099E-05 9.99099E-05 9.99099E-05 9.99099E-05 9.99099E-05 9.99099E-05
9.99008E-05 9.99008E-05 0.141186 9.99008E-05 9.99008E-05 0.0365811 9.99008E-05 9.99008E-05 0.633113 9.99008E-05 9.99008E-05 9.99008E-05 9.99008E-05 0.188021 9.99008E-05
0.0550484 0.0141876 9.99279E-05 9.99279E-05 0.0520855 9.99279E-05 9.99279E-05 0.0560988 0.547576 0.152362 9.99279E-05 9.99279E-05 0.121842 9.99279E-05 9.99279E-05
9.99098E-05 0.149943 9.99098E-05 9.99098E-05 9.99098E-05 9.99098E-05 0.0173073 9.99098E-05 0.473284 9.99098E-05 0.17556 0.182906 9.99098E-05 9.99098E-05 9.99098E-05
9.99097E-05 0.523991 9.99097E-05 0.132623 9.99097E-05 0.0258153 9.99097E-05 0.17992 9.99097E-05 9.99097E-05 9.99097E-05 9.99097E-05 9.99097E-05 0.136652 9.99097E-05
9.98918E-05 0.329708 9.98918E-05 9.98918E-05 9.98918E-05 9.98918E-05 9.98918E-05 9.98918E-05 0.239112 9.98918E-05 9.98918E-05 9.98918E-05 9.98918E-05 0.429981 9.98918E-05
9.98918E-05 0.653952 9.98918E-05 9.98918E-05 0.209995 9.98918E-05 9.98918E-05 0.134854 9.98918E-05 9.98918E-05 9.98918E-05 9.98918E-05 9.98918E-05 9.98918E-05 9.98918E-05
9.98917E-05 0.423383 9.98917E-05 9.98917E-05 9.98917E-05 9.98917E-05 9.98917E-05 9.98917E-05 0.245597 9.98917E-05 9.98917E-05 9.98917E-05 9.98917E-05 0.329821 9.98917E-05
9.98918E-05 0.529132 9.98918E-05 9.98918E-05 9.98918E-05 9.98918E-05 9.98918E-05 9.98918E-05 0.114451 9.98918E-05 9.98918E-05 9.98918E-05 9.98918E-05 0.355218 9.98918E-05
9.99008E-05 0.610404 9.99008E-05 9.99008E-05 0.313777 9.99008E-05 9.99008E-05 9.99008E-05 9.99008E-05 9.99008E-05 0.0599089 9.99008E-05 0.0148108 9.99008E-05 9.99008E-05
9.99279E-05 0.288137 9.99279E-05 0.147074 0.0449003 9.99279E-05 0.000511171 9.99279E-05 0.434002 9.99279E-05 9.99279E-05 9.99279E-05 9.99279E-05 0.0832527 0.00132346
9.99189E-05 0.653413 9.99189E-05 0.124095 0.0190452 0.00700944 9.99189E-05 9.99189E-05 0.0948023 9.99189E-05 9.99189E-05 9.99189E-05 9.99189E-05 0.100736 9.99189E-05
9.98829E-05 9.98829E-05 0.427984 9.98829E-05 9.98829E-05 9.98829E-05 9.98829E-05 9.98829E-05 9.98829E-05 9.98829E-05 9.98829E-05 9.98829E-05 9.98829E-05 9.98829E-05 0.570717
0.0153908 9.9937E-05 0.224947 9.9937E-05 9.9937E-05 9.9937E-05 0.0100069 0.0267567 0.055814 0.163885 9.9937E-05 9.9937E-05 9.9937E-05 0.0142776 0.488222
0.27227 9.99009E-05 0.0250585 9.99009E-05 9.99009E-05 9.99009E-05 9.99009E-05 9.99009E-05 0.0176011 9.99009E-05 9.99009E-05 9.99009E-05 9.99009E-05 9.99009E-05 0.683972
9.99009E-05 0.000436468 9.99009E-05 9.99009E-05 0.387746 9.99009E-05 9.99009E-05 9.99009E-05 9.99009E-05 9.99009E-05 0.0199926 9.99009E-05 9.99009E-05 9.99009E-05 0.590726
9.98918E-05 9.98918E-05 0.300944 9.98918E-05 9.98918E-05 0.0674283 9.98918E-05 9.98918E-05 9.98918E-05 9.98918E-05 9.98918E-05 9.98918E-05 9.98918E-05 9.98918E-05 0.630429
9.99279E-05 0.0454764 9.99279E-05 0.498288 0.14391 9.99279E-05 0.0336675 9.99279E-05 9.99279E-05 9.99279E-05 0.0381002 0.0117151 9.99279E-05 9.99279E-05 0.228043
9.99008E-05 9.99008E-05 9.99008E-05 0.00213161 9.99008E-05 9.99008E-05 9.99008E-05 9.99008E-05 9.99008E-05 9.99008E-05 9.99008E-05 0.0260159 9.99008E-05 0.461208 0.509546
9.98828E-05 9.98828E-05 0.31377 9.98828E-05 9.98828E-05 9.98828E-05 9.98828E-05 9.98828E-05 9.98828E-05 9.98828E-05 9.98828E-05 9.98828E-05 9.98828E-05 9.98828E-05 0.684932
9.99189E-05 0.016117 9.99189E-05 0.0146172 9.99189E-05 9.99189E-05 9.99189E-05 0.0212785 9.99189E-05 0.297758 9.99189E-05 9.99189E-05 9.99189E-05 0.0347883 0.614542
0.110071 9.99189E-05 9.99189E-05 9.99189E-05 0.0409664 9.99189E-05 9.99189E-05 0.0183478 9.99189E-05 9.99189E-05 9.99189E-05 0.0572191 0.26367 9.99189E-05 0.508827
9.98919E-05 9.98919E-05 0.649202 9.98919E-05 9.98919E-05 0.108245 9.98919E-05 9.98919E-05 9.98919E-05 9.98919E-05 9.98919E-05 9.98919E-05 9.98919E-05 9.98919E-05 0.241354
9.99099E-05 9.99099E-05 9.99099E-05 9.99099E-05 9.99099E-05 0.031872 9.99099E-05 9.99099E-05 9.99099E-05 9.99099E-05 9.99099E-05 0.0781231 0.424496 0.0252339 0.439276
0.000359059 9.99099E-05 0.188378 0.0510313 9.99099E-05 9.99099E-05 9.99099E-05 9.99099E-05 9.99099E-05 0.0109255 9.99099E-05 9.99099E-05 9.99099E-05 9.99099E-05 0.748307
9.99278E-05 0.0229968 9.99278E-05 0.181549 9.99278E-05 9.99278E-05 0.0214387 9.99278E-05 0.009212 0.144197 9.99278E-05 9.99278E-05 0.109432 9.99278E-05 0.510375
0.0848024 9.99099E-05 0.0417184 9.99099E-05 9.99099E-05 9.99099E-05 9.99099E-05 0.0211652 9.99099E-05 0.382179 9.99099E-05 9.99099E-05 9.99099E-05 9.99099E-05 0.469136
9.99279E-05 9.99279E-05 0.0787868 0.427869 9.99279E-05 0.00355804 9.99279E-05 0.0310073 9.99279E-05 9.99279E-05 9.99279E-05 0.0318192 9.99279E-05 0.10527 0.32089
9.99188E-05 0.00497253 9.99188E-05 9.99188E-05 0.111893 9.99188E-05 0.18075 9.99188E-05 9.99188E-05 9.99188E-05 9.99188E-05 0.162333 0.0320305 9.99188E-05 0.507122
0.228541 9.99007E-05 9.99007E-05 9.99007E-05 9.99007E-05 9.99007E-05 9.99007E-05 9.99007E-05 9.99007E-05 9.99007E-05 0.402273 0.035083 9.99007E-05 9.99007E-05 0.333004
9.99099E-05 9.99099E-05 9.99099E-05 9.99099E-05 9.99099E-05 9.99099E-05 9.99099E-05 0.0552501 0.0848327 0.417042 9.99099E-05 9.99099E-05 9.99099E-05 0.0209618 0.420914
9.99009E-05 9.99009E-05 0.0715372 0.0862779 9.99009E-05 9.99009E-05 9.99009E-05 9.99009E-05 9.99009E-05 9.99009E-05 9.99009E-05 9.99009E-05 9.99009E-05 0.104323 0.736763
0.0358372 9.99189E-05 9.99189E-05 9.99189E-05 0.0502033 9.99189E-05 9.99189E-05 0.0213013 9.99189E-05 0.274727 9.99189E-05 9.99189E-05 0.067185 9.99189E-05 0.549847
0.495581 9.98918E-05 9.98918E-05 9.98918E-05 9.98918E-05 9.98918E-05 9.98918E-05 9.98918E-05 9.98918E-05 9.98918E-05 9.98918E-05 0.0257695 9.98918E-05 9.98918E-05 0.477451
0.134811 9.99189E-05 9.99189E-05 0.203577 0.430837 0.0639445 9.99189E-05 9.99189E-05 9.99189E-05 0.0320426 9.99189E-05 9.99189E-05 0.133888 9.99189E-05 9.99189E-05
9.99098E-05 9.99098E-05 9.99098E-05 0.00671209 9.99098E-05 0.744533 9.99098E-05 9.99098E-05 9.99098E-05 9.99098E-05 9.99098E-05 0.0600787 9.99098E-05 0.180423 0.00725412
0.135098 9.99188E-05 9.99188E-05 0.256209 0.0755136 9.99188E-05 0.0337533 9.99188E-05 9.99188E-05 9.99188E-05 0.498229 0.000297485 9.99188E-05 9.99188E-05 9.99188E-05
0.0488011 9.99189E-05 0.0979193 0.723065 9.99189E-05 0.0643416 9.99189E-05 0.0212926 9.99189E-05 0.0436814 9.99189E-05 9.99189E-05 9.99189E-05 9.99189E-05 9.99189E-05
9.98827E-05 9.98827E-05 0.415162 9.98827E-05 9.98827E-05 0.58354 9.98827E-05 9.98827E-05 9.98827E-05 9.98827E-05 9.98827E-05 9.98827E-05 9.98827E-05 9.98827E-05 9.98827E-05
0.0384991 9.99188E-05 9.99188E-05 0.20916 9.99188E-05 9.99188E-05 0.157364 9.99188E-05 9.99188E-05 9.99188E-05 0.110217 0.195557 0.288304 9.99188E-05 9.99188E-05
0.0581181 9.99008E-05 9.99008E-05 9.99008E-05 9.99008E-05 0.71579 9.99008E-05 9.99008E-05 9.99008E-05 9.99008E-05 9.99008E-05 0.0271935 0.1978 9.99008E-05 9.99008E-05
9.99369E-05 0.0198808 9.99369E-05 0.471674 0.109722 9.99369E-05 0.115565 9.99369E-05 0.0810984 0.137357 9.99369E-05 9.99369E-05 9.99369E-05 0.0511716 0.0128317
0.225008 9.98918E-05 9.98918E-05 9.98918E-05 9.98918E-05 0.606391 0.167402 9.98918E-05 9.98918E-05 9.98918E-05 9.98918E-05 9.98918E-05 9.98918E-05 9.98918E-05 9.98918E-05
9.991E-05 9.991E-05 0.121632 0.194096 9.991E-05 0.322578 9.991E-05 9.991E-05 9.991E-05 9.991E-05 0.00431898 9.991E-05 9.991E-05 0.356375 9.991E-05
0.0181302 9.99459E-05 9.99459E-05 0.0243849 0.196651 0.0777003 0.290055 9.99459E-05 0.00459478 0.0864878 0.0124246 9.99459E-05 0.288972 9.99459E-05 9.99459E-05
0.139669 9.99008E-05 9.99008E-05 9.99008E-05 9.99008E-05 0.524772 9.99008E-05 9.99008E-05 9.99008E-05 9.99008E-05 0.316909 0.0175501 9.99008E-05 9.99008E-05 9.99008E-05
9.98918E-05 9.98918E-05 0.350724 9.98918E-05 9.98918E-05 0.509379 9.98918E-05 9.98918E-05 9.98918E-05 9.98918E-05 9.98918E-05 9.98918E-05 9.98918E-05 0.138697 9.98918E-05
0.0468119 9.99189E-05 9.99189E-05 0.0986471 0.292527 9.99189E-05 0.00086067 9.99189E-05 9.99189E-05 9.99189E-05 9.99189E-05 0.33894 0.221314 9.99189E-05 9.99189E-05
0.0299987 9.99098E-05 9.99098E-05 9.99098E-05 9.99098E-05 0.393749 0.303735 9.99098E-05 9.99098E-05 9.99098E-05 0.125267 0.146251 9.99098E-05 9.99098E-05 9.99098E-05
0.21532 9.99188E-05 9.99188E-05 0.268943 9.99188E-05 9.99188E-05 0.175491 9.99188E-05 9.99188E-05 9.99188E-05 0.0495195 0.232356 0.0574716 9.99188E-05 9.99188E-05
9.98918E-05 9.98918E-05 0.416003 9.98918E-05 9.98918E-05 0.578142 9.98918E-05 9.98918E-05 9.98918E-05 9.98918E-05 9.98918E-05 9.98918E-05 9.98918E-05 0.00465641 9.98918E-05
0.0763389 9.99188E-05 9.99188E-05 0.0133635 0.0261699 0.136184 0.562582 9.99188E-05 9.99188E-05 9.99188E-05 0.184462 9.99188E-05 9.99188E-05 9.99188E-05 9.99188E-05
9.99188E-05 9.99188E-05 9.99188E-05 0.114527 0.388098 9.99188E-05 0.0951214 9.99188E-05 9.99188E-05 0.103464 9.99188E-05 0.0250159 0.272874 9.99188E-05 9.99188E-05
9.99008E-05 0.0495092 9.99008E-05 0.705322 0.0876627 0.156407 9.99008E-05 9.99008E-05 9.99008E-05 9.99008E-05 9.99008E-05 9.99008E-05 9.99008E-05 9.99008E-05 9.99008E-05
0.310523 9.99281E-05 0.0541135 0.259885 0.15326 9.99281E-05 9.99281E-05 0.0397273 9.99281E-05 9.99281E-05 0.177138 9.99281E-05 9.99281E-05 9.99281E-05 0.00455357
0.306255 9.99279E-05 9.99279E-05 0.302701 0.0741691 0.0793807 9.99279E-05 0.0367373 9.99279E-05 9.99279E-05 0.158384 0.0415736 9.99279E-05 9.99279E-05 9.99279E-05
9.98917E-05 9.98917E-05 0.309577 0.136482 9.98917E-05 0.552742 9.98917E-05 9.98917E-05 9.98917E-05 9.98917E-05 9.98917E-05 9.98917E-05 9.98917E-05 9.98917E-05 9.98917E-05
9.99188E-05 9.99188E-05 0.0417465 0.180119 9.99188E-05 9.99188E-05 0.642225 0.0382622 9.99188E-05 9.99188E-05 9.99188E-05 9.99188E-05 9.99188E-05 0.0937197 0.00302788
9.99097E-05 0.0636734 9.99097E-05 0.171436 0.0880765 0.599454 9.99097E-05 9.99097E-05 9.99097E-05 0.0763611 9.99097E-05 9.99097E-05 9.99097E-05 9.99097E-05 9.99097E-05
9.99369E-05 0.0181422 0.213543 0.294365 9.99369E-05 0.122955 9.99369E-05 0.0410366 0.0119323 0.1202 9.99369E-05 9.99369E-05 9.99369E-05 9.99369E-05 0.177126
0.170594 0.0341569 9.99368E-05 0.0569419 9.99368E-05 0.00321392 0.561055 0.00488503 9.99368E-05 9.99368E-05 9.99368E-05 9.99368E-05 0.0403535 9.99368E-05 0.1281
0.127336 9.9919E-05 9.9919E-05 9.9919E-05 0.0728458 0.01387 9.9919E-05 9.9919E-05 0.0515034 0.732175 9.9919E-05 9.9919E-05 9.9919E-05 9.9919E-05 0.00137097
0.00120296 0.0129265 0.71778 9.9937E-05 9.9937E-05 0.0229731 9.9937E-05 0.0469966 9.9937E-05 9.9937E-05 0.00315818 0.0728057 9.9937E-05 0.121457 9.9937E-05
9.99278E-05 0.0601575 9.99278E-05 0.172114 9.99278E-05 0.18907 9.99278E-05 9.99278E-05 9.99278E-05 0.337786 9.99278E-05 0.037494 9.99278E-05 0.132598 0.0699819
9.99459E-05 9.99459E-05 0.208267 0.352715 9.99459E-05 0.0916139 9.99459E-05 0.0257506 0.0264673 0.042425 9.99459E-05 9.99459E-05 0.0493235 0.0989727 0.103866
0.148837 9.99279E-05 0.0130602 0.0341952 9.99279E-05 0.16737 9.99279E-05 0.00762134 9.99279E-05 0.118272 9.99279E-05 9.99279E-05 0.509844 9.99279E-05 9.99279E-05
9.98918E-05 9.98918E-05 0.482775 0.452734 9.98918E-05 0.0632919 9.98918E-05 9.98918E-05 9.98918E-05 9.98918E-05 9.98918E-05 9.98918E-05 9.98918E-05 9.98918E-05 9.98918E-05
0.156168 9.99187E-05 9.99187E-05 0.152752 9.99187E-05 9.99187E-05 0.318276 9.99187E-05 9.99187E-05 9.99187E-05 0.121397 0.137634 0.112873 9.99187E-05 9.99187E-05
9.99008E-05 9.99008E-05 0.409619 0.438409 9.99008E-05 0.0905892 9.99008E-05 9.99008E-05 9.99008E-05 0.0602845 9.99008E-05 9.99008E-05 9.99008E-05 9.99008E-05 9.99008E-05
0.365552 9.99279E-05 0.0526466 0.000861211 0.0472902 0.304642 9.99279E-05 9.99279E-05 9.99279E-05 0.0611992 0.16701 9.99279E-05 9.99279E-05 9.99279E-05 9.99279E-05
0.28706 9.99369E-05 9.99369E-05 9.99369E-05 9.99369E-05 0.0137701 0.112217 9.99369E-05 9.99369E-05 0.162078 0.246116 0.118805 9.99369E-05 0.056252 0.00300337
9.9946E-05 9.9946E-05 9.9946E-05 0.121792 0.0400964 0.0314601 0.0639167 0.00504665 0.103009 0.600232 0.0103132 9.9946E-05 9.9946E-05 9.9946E-05 0.0235338
9.99369E-05 9.99369E-05 9.99369E-05 0.36278 0.0378655 9.99369E-05 0.0326464 9.99369E-05 0.0368166 0.327661 9.99369E-05 0.0765813 9.99369E-05 0.0478058 0.0771439
9.99099E-05 9.99099E-05 0.00590432 0.0667362 9.99099E-05 9.99099E-05 9.99099E-05 0.0319638 9.99099E-05 0.772322 9.99099E-05 0.122075 9.99099E-05 9.99099E-05 9.99099E-05
0.547782 9.99188E-05 9.99188E-05 0.277587 9.99188E-05 0.0238225 9.99188E-05 9.99188E-05 9.99188E-05 9.99188E-05 0.0639576 9.99188E-05 0.0213771 9.99188E-05 0.0645747
0.0030728 9.99279E-05 0.696214 0.113892 9.99279E-05 9.99279E-05 9.99279E-05 9.99279E-05 9.99279E-05 0.0580158 9.99279E-05 0.0748523 9.99279E-05 0.048116 0.00503793
9.99009E-05 9.99009E-05 0.606377 9.99009E-05 9.99009E-05 0.316703 9.99009E-05 9.99009E-05 9.99009E-05 0.0679662 9.99009E-05 9.99009E-05 9.99009E-05 0.00785502 9.99009E-05
9.99189E-05 0.0117653 9.99189E-05 0.25423 9.99189E-05 0.15285 0.0553344 9.99189E-05 9.99189E-05 0.141689 9.99189E-05 9.99189E-05 9.99189E-05 0.383232 9.99189E-05
9.99279E-05 9.99279E-05 0.559661 0.0480759 9.99279E-05 0.122919 0.0789201 9.99279E-05 0.0134258 0.151963 9.99279E-05 9.99279E-05 9.99279E-05 0.0242359 9.99279E-05
9.98919E-05 9.98919E-05 0.811561 9.98919E-05 9.98919E-05 9.98919E-05 9.98919E-05 9.98919E-05 9.98919E-05 9.98919E-05 9.98919E-05 0.155704 0.031536 9.98919E-05 9.98919E-05
9.99279E-05 0.0211993 9.99279E-05 9.99279E-05 9.99279E-05 0.217241 0.105873 9.99279E-05 0.0550965 0.132239 9.99279E-05 9.99279E-05 9.99279E-05 0.464822 0.00273046
9.99098E-05 9.99098E-05 0.123329 0.639333 9.99098E-05 0.118419 9.99098E-05 9.99098E-05 9.99098E-05 9.99098E-05 9.99098E-05 9.99098E-05 0.0503901 0.0675306 9.99098E-05
9.9928E-05 0.01878 0.00549873 9.9928E-05 0.508197 0.0433261 9.9928E-05 0.0214874 9.9928E-05 9.9928E-05 0.0436769 0.358235 9.9928E-05 9.9928E-05 9.9928E-05
9.99098E-05 9.99098E-05 9.99098E-05 0.0960287 9.99098E-05 9.99098E-05 9.99098E-05 0.0252445 9.99098E-05 9.99098E-05 0.0365735 0.834941 9.99098E-05 9.99098E-05 0.00621287
9.99188E-05 0.0933913 9.99188E-05 0.433984 0.0746462 9.99188E-05 9.99188E-05 9.99188E-05 9.99188E-05 0.0158019 9.99188E-05 0.131248 9.99188E-05 0.250029 9.99188E-05
9.99098E-05 9.99098E-05 9.99098E-05 0.094305 9.99098E-05 9.99098E-05 0.0763618 9.99098E-05 9.99098E-05 9.99098E-05 9.99098E-05 0.65145 0.174319 0.00256585 9.99098E-05
9.98919E-05 9.98919E-05 9.98919E-05 9.98919E-05 0.102572 9.98919E-05 9.98919E-05 9.98919E-05 9.98919E-05 9.98919E-05 9.98919E-05 0.869632 9.98919E-05 9.98919E-05 0.0265972
0.057883 9.99188E-05 9.99188E-05 0.0352654 9.99188E-05 9.99188E-05 9.99188E-05 0.0518288 9.99188E-05 9.99188E-05 0.390232 0.416241 9.99188E-05 0.0476509 9.99188E-05
9.99009E-05 9.99009E-05 9.99009E-05 0.0694746 9.99009E-05 9.99009E-05 9.99009E-05 9.99009E-05 9.99009E-05 9.99009E-05 0.131959 0.743717 9.99009E-05 9.99009E-05 0.053751
9.99189E-05 0.0144643 9.99189E-05 0.238964 9.99189E-05 0.0262179 9.99189E-05 0.0099948 9.99189E-05 9.99189E-05 9.99189E-05 0.221907 9.99189E-05 0.487552 9.99189E-05
9.9901E-05 9.9901E-05 0.315712 0.0246974 9.9901E-05 0.234866 9.9901E-05 9.9901E-05 9.9901E-05 9.9901E-05 9.9901E-05 9.9901E-05 9.9901E-05 0.423625 9.9901E-05
9.99098E-05 0.0664122 9.99098E-05 0.227496 0.415157 9.99098E-05 0.209147 9.99098E-05 9.99098E-05 9.99098E-05 9.99098E-05 9.99098E-05 9.99098E-05 9.99098E-05 0.0807881
9.98919E-05 9.98919E-05 9.98919E-05 9.98919E-05 9.98919E-05 9.98919E-05 9.98919E-05 9.98919E-05 9.98919E-05 9.98919E-05 9.98919E-05 0.157258 9.98919E-05 0.721684 0.119859
9.9919E-05 0.226863 9.9919E-05 0.369811 9.9919E-05 0.00648182 9.9919E-05 9.9919E-05 9.9919E-05 9.9919E-05 9.9919E-05 0.0884996 9.9919E-05 0.275313 0.0321328
9.99279E-05 0.0481244 9.99279E-05 0.484548 0.131632 9.99279E-05 9.99279E-05 9.99279E-05 9.99279E-05 9.99279E-05 9.99279E-05 0.220677 0.00462396 0.0423449 0.0672515
9.99189E-05 9.99189E-05 0.0478061 0.362771 9.99189E-05 0.096592 0.0263743 9.99189E-05 9.99189E-05 9.99189E-05 9.99189E-05 9.99189E-05 9.99189E-05 0.443729 0.0218286
9.99189E-05 9.99189E-05 0.044265 0.21931 0.271923 9.99189E-05 0.0066845 9.99189E-05 9.99189E-05 9.99189E-05 9.99189E-05 9.99189E-05 9.99189E-05 0.371777 0.0851409
9.99189E-05 0.0162572 9.99189E-05 0.0327242 9.99189E-05 9.99189E-05 0.737104 0.076432 9.99189E-05 0.0875319 9.99189E-05 9.99189E-05 9.99189E-05 0.0490516 9.99189E-05
9.99459E-05 0.0190188 9.99459E-05 0.311603 0.117359 9.99459E-05 0.0087537 0.0129126 0.0261232 9.99459E-05 9.99459E-05 0.0104323 0.124896 0.368301 9.99459E-05
9.99188E-05 9.99188E-05 9.99188E-05 0.1648 0.323914 9.99188E-05 9.99188E-05 9.99188E-05 9.99188E-05 0.0363903 9.99188E-05 0.0265845 9.99188E-05 0.322808 0.124604
9.99098E-05 9.99098E-05 9.99098E-05 0.0958155 0.234609 9.99098E-05 0.120985 9.99098E-05 9.99098E-05 9.99098E-05 9.99098E-05 0.137326 0.410266 9.99098E-05 9.99098E-05
9.9928E-05 0.0202563 9.9928E-05 0.302919 0.380042 9.9928E-05 0.128997 9.9928E-05 9.9928E-05 0.0852036 9.9928E-05 0.07099 0.0107917 9.9928E-05 9.9928E-05
9.9937E-05 9.9937E-05 0.0265831 0.0206487 0.038851 9.9937E-05 9.9937E-05 9.9937E-05 9.9937E-05 0.0635376 0.00990091 0.0279983 0.0480944 0.763686 9.9937E-05
9.99189E-05 9.99189E-05 9.99189E-05 0.563316 0.0490656 9.99189E-05 0.0343487 9.99189E-05 0.0132983 9.99189E-05 9.99189E-05 9.99189E-05 9.99189E-05 0.253518 0.0855538
0.00841684 9.99099E-05 0.194898 0.10044 9.99099E-05 0.141539 9.99099E-05 9.99099E-05 9.99099E-05 9.99099E-05 9.99099E-05 9.99099E-05 9.99099E-05 0.553706 9.99099E-05
9.99098E-05 9.99098E-05 9.99098E-05 0.183501 0.29303 9.99098E-05 0.171315 9.99098E-05 9.99098E-05 9.99098E-05 9.99098E-05 0.340515 0.0106395 9.99098E-05 9.99098E-05
9.9937E-05 0.0804814 9.9937E-05 0.530734 0.289395 0.00900466 0.0442851 9.9937E-05 9.9937E-05 0.0277903 9.9937E-05 0.0102955 0.00731465 9.9937E-05 9.9937E-05
9.99189E-05 9.99189E-05 0.0642129 0.169532 9.99189E-05 0.118905 0.00436569 9.99189E-05 9.99189E-05 9.99189E-05 9.99189E-05 9.99189E-05 9.99189E-05 0.598927 0.0431589
9.99369E-05 9.99369E-05 9.99369E-05 9.99369E-05 0.130774 0.0991463 0.315468 9.99369E-05 9.99369E-05 0.0823385 0.134559 0.197995 0.00306187 9.99369E-05 0.0359573
9.99189E-05 9.99189E-05 9.99189E-05 9.99189E-05 0.00533208 0.291515 0.256594 9.99189E-05 9.99189E-05 0.00557562 9.99189E-05 0.0178234 0.422261 9.99189E-05 9.99189E-05
9.99369E-05 0.0958789 0.320288 0.363021 9.99369E-05 0.0631543 9.99369E-05 0.044274 0.0030995 9.99369E-05 9.99369E-05 9.99369E-05 9.99369E-05 0.0623218 0.0472631
9.99189E-05 9.99189E-05 0.0555396 9.99189E-05 9.99189E-05 0.516089 9.99189E-05 0.0249108 0.000313263 0.344875 9.99189E-05 9.99189E-05 9.99189E-05 9.99189E-05 0.0573727
9.9928E-05 0.0325072 9.9928E-05 9.9928E-05 9.9928E-05 0.169501 0.0354543 0.0455789 9.9928E-05 9.9928E-05 9.9928E-05 0.363798 0.333684 0.0186774 9.9928E-05
9.99099E-05 0.00552999 9.99099E-05 9.99099E-05 9.99099E-05 0.249432 0.281163 9.99099E-05 9.99099E-05 9.99099E-05 0.0756093 0.387267 9.99099E-05 9.99099E-05 9.99099E-05
9.99099E-05 0.0939084 9.99099E-05 9.99099E-05 9.99099E-05 0.100987 0.422894 9.99099E-05 9.99099E-05 9.99099E-05 0.106056 0.275155 9.99099E-05 9.99099E-05 9.99099E-05
9.9901E-05 9.9901E-05 0.661759 9.9901E-05 9.9901E-05 0.303759 9.9901E-05 0.0102131 9.9901E-05 0.0231701 9.9901E-05 9.9901E-05 9.9901E-05 9.9901E-05 9.9901E-05
9.9919E-05 0.0714676 9.9919E-05 0.416612 9.9919E-05 0.379537 9.9919E-05 9.9919E-05 0.00436486 0.0145088 9.9919E-05 9.9919E-05 9.9919E-05 0.11261 9.9919E-05
9.99278E-05 0.0317123 9.99278E-05 9.99278E-05 0.0121023 9.99278E-05 0.224048 9.99278E-05 9.99278E-05 0.388738 9.99278E-05 0.00304573 0.0737577 9.99278E-05 0.265797
9.99098E-05 9.99098E-05 9.99098E-05 9.99098E-05 9.99098E-05 0.185524 0.330878 9.99098E-05 9.99098E-05 9.99098E-05 9.99098E-05 0.348076 0.0836802 9.99098E-05 0.0508429
9.99189E-05 9.99189E-05 0.450785 0.0440332 9.99189E-05 0.176417 9.99189E-05 9.99189E-05 9.99189E-05 0.243516 9.99189E-05 9.99189E-05 9.99189E-05 0.0791228 0.00522672
9.99279E-05 9.99279E-05 9.99279E-05 0.57904 0.00460501 0.211697 9.99279E-05 0.0527572 0.00591628 0.0157826 9.99279E-05 0.129402 9.99279E-05 9.99279E-05 9.99279E-05
9.99188E-05 0.0421741 9.99188E-05 0.29698 9.99188E-05 0.247495 9.99188E-05 9.99188E-05 9.99188E-05 0.062761 9.99188E-05 0.170735 9.99188E-05 0.178955 9.99188E-05
0.0435088 9.99278E-05 9.99278E-05 9.99278E-05 0.0415183 0.157104 9.99278E-05 9.99278E-05 9.99278E-05 0.681617 9.99278E-05 0.0102628 0.0278101 9.99278E-05 0.0373796
9.99189E-05 9.99189E-05 0.00669438 0.470521 9.99189E-05 9.99189E-05 9.99189E-05 9.99189E-05 0.0166808 0.0332153 9.99189E-05 9.99189E-05 9.99189E-05 0.246111 0.225879
9.99458E-05 9.99458E-05 9.99458E-05 0.273676 0.260974 9.99458E-05 0.0558121 9.99458E-05 0.036861 0.0246024 9.99458E-05 0.121196 0.170638 0.0179479 0.0376934
9.99369E-05 0.0359681 9.99369E-05 0.34711 0.0326666 0.0164274 0.207111 9.99369E-05 9.99369E-05 0.29562 9.99369E-05 0.0233077 0.0410895 9.99369E-05 9.99369E-05
9.9919E-05 9.9919E-05 9.9919E-05 9.9919E-05 9.9919E-05 0.175488 0.261656 0.0184898 9.9919E-05 9.9919E-05 0.120721 0.310702 0.112043 9.9919E-05 9.9919E-05
9.99188E-05 9.99188E-05 9.99188E-05 9.99188E-05 9.99188E-05 0.280351 0.105232 0.0135776 0.106416 0.117814 9.99188E-05 9.99188E-05 9.99188E-05 0.375709 9.99188E-05
9.99278E-05 9.99278E-05 9.99278E-05 9.99278E-05 0.164307 0.0598835 0.407678 9.99278E-05 9.99278E-05 0.141319 0.00432652 0.201004 9.99278E-05 0.0206816 9.99278E-05
9.99188E-05 9.99188E-05 9.99188E-05 0.102485 0.0648062 0.000768303 0.36764 9.99188E-05 9.99188E-05 9.99188E-05 0.449838 9.99188E-05 9.99188E-05 9.99188E-05 0.0135629
9.99189E-05 9.99189E-05 0.0415531 0.0618475 9.99189E-05 0.22762 9.99189E-05 9.99189E-05 9.99189E-05 0.0325688 9.99189E-05 0.027602 9.99189E-05 0.607909 9.99189E-05
9.99201E-05 0.00987167 9.99201E-05 0.503368 0.0594841 0.0848369 9.99201E-05 9.99201E-05 9.99201E-05 9.99201E-05 9.99201E-05 0.0778244 0.168759 0.0950559 9.99201E-05
9.99369E-05 0.0346083 9.99369E-05 0.370931 0.00961877 0.124554 0.059003 9.99369E-05 0.0311852 0.00695691 9.99369E-05 9.99369E-05 9.99369E-05 0.362444 9.99369E-05
9.9946E-05 0.0327171 0.000276097 9.9946E-05 0.441338 0.00688417 0.0860424 0.0106371 9.9946E-05 9.9946E-05 0.0422881 0.328107 0.0511105 9.9946E-05 9.9946E-05
9.9955E-05 0.0524567 0.046597 0.0461632 0.199431 9.9955E-05 0.045392 0.0448327 0.12112 9.9955E-05 0.382276 9.9955E-05 9.9955E-05 0.00393985 0.0572919
9.99279E-05 9.99279E-05 9.99279E-05 0.139951 0.418063 9.99279E-05 0.253233 9.99279E-05 0.0623358 9.99279E-05 0.00063352 0.120799 9.99279E-05 9.99279E-05 0.00418621
9.99009E-05 9.99009E-05 9.99009E-05 9.99009E-05 9.99009E-05 0.155195 9.99009E-05 9.99009E-05 9.99009E-05 0.132365 9.99009E-05 0.015541 9.99009E-05 0.695801 9.99009E-05
0.0302673 9.99279E-05 9.99279E-05 0.199501 0.609862 0.0113706 0.0790898 9.99279E-05 0.0139552 9.99279E-05 9.99279E-05 0.0551542 9.99279E-05 9.99279E-05 9.99279E-05
9.99189E-05 9.99189E-05 9.99189E-05 9.99189E-05 0.719088 0.0128099 0.141155 0.0305204 9.99189E-05 9.99189E-05 9.99189E-05 9.99189E-05 9.99189E-05 0.0401402 0.0553877
0.00371456 9.9937E-05 0.00177767 9.9937E-05 0.57838 0.0246169 9.9937E-05 9.9937E-05 9.9937E-05 9.9937E-05 9.9937E-05 0.160321 0.173829 0.0441141 0.0125473
0.0357525 9.99189E-05 9.99189E-05 0.0184474 0.0609497 9.99189E-05 9.99189E-05 9.99189E-05 9.99189E-05 9.99189E-05 9.99189E-05 9.99189E-05 0.0164558 0.785307 0.0821883
9.99278E-05 9.99278E-05 9.99278E-05 0.375405 0.118202 0.0166349 0.226698 9.99278E-05 9.99278E-05 9.99278E-05 9.99278E-05 0.0177668 9.99278E-05 0.170797 0.0736964
9.9946E-05 0.0173914 9.9946E-05 0.0341503 0.0906933 0.0378298 9.9946E-05 0.010164 9.9946E-05 9.9946E-05 0.052588 0.355899 0.338227 0.0624578 9.9946E-05
9.9928E-05 9.9928E-05 0.0832775 0.119468 0.263159 0.210349 9.9928E-05 9.9928E-05 0.0251067 9.9928E-05 9.9928E-05 9.9928E-05 9.9928E-05 0.26389 0.0339506
9.99279E-05 9.99279E-05 0.0234049 9.99279E-05 0.82458 9.99279E-05 9.99279E-05 0.0239378 9.99279E-05 0.0193279 0.0272569 0.0480163 0.0326765 9.99279E-05 9.99279E-05
0.489857 9.99099E-05 9.99099E-05 0.217277 0.0695774 9.99099E-05 9.99099E-05 9.99099E-05 9.99099E-05 9.99099E-05 0.0590752 9.99099E-05 9.99099E-05 0.163214 9.99099E-05
9.99188E-05 0.041056 9.99188E-05 9.99188E-05 0.536292 0.0989624 0.00968528 9.99188E-05 9.99188E-05 9.99188E-05 9.99188E-05 9.99188E-05 9.99188E-05 0.269802 0.0433027
9.9901E-05 9.9901E-05 0.0471851 9.9901E-05 9.9901E-05 0.127807 9.9901E-05 9.9901E-05 9.9901E-05 9.9901E-05 9.9901E-05 0.0208475 9.9901E-05 0.803061 9.9901E-05
9.99189E-05 0.122098 9.99189E-05 0.485775 0.100929 0.0356115 0.230258 9.99189E-05 9.99189E-05 9.99189E-05 9.99189E-05 0.02443 9.99189E-05 9.99189E-05 9.99189E-05
9.99368E-05 9.99368E-05 0.0426993 0.157715 9.99368E-05 0.0287851 9.99368E-05 0.0118422 9.99368E-05 0.515096 0.00292055 9.99368E-05 0.0607682 0.179473 9.99368E-05
9.99189E-05 9.99189E-05 0.649147 0.227732 9.99189E-05 0.0519566 0.010235 0.00124201 9.99189E-05 9.99189E-05 9.99189E-05 9.99189E-05 9.99189E-05 9.99189E-05 0.0587883
9.99279E-05 9.99279E-05 9.99279E-05 0.549999 0.0566539 9.99279E-05 0.0235667 9.99279E-05 0.0355718 0.233216 9.99279E-05 0.00890544 9.99279E-05 0.0912884 9.99279E-05
9.99008E-05 9.99008E-05 9.99008E-05 0.111251 9.99008E-05 0.0885043 9.99008E-05 9.99008E-05 9.99008E-05 9.99008E-05 9.99008E-05 9.99008E-05 9.99008E-05 0.145211 0.653935
9.99549E-05 0.00577312 0.0126779 0.435726 9.99549E-05 0.14055 0.0693087 9.99549E-05 9.99549E-05 0.0917504 9.99549E-05 0.0910696 0.0543411 0.0927976 0.0055056
0.248951 9.99098E-05 9.99098E-05 0.192962 9.99098E-05 9.99098E-05 0.207296 9.99098E-05 9.99098E-05 0.00990718 9.99098E-05 0.339885 9.99098E-05 9.99098E-05 9.99098E-05
9.99099E-05 9.99099E-05 0.527247 0.0637949 9.99099E-05 0.350934 9.99099E-05 0.0139067 9.99099E-05 0.0431187 9.99099E-05 9.99099E-05 9.99099E-05 9.99099E-05 9.99099E-05
9.99009E-05 9.99009E-05 9.99009E-05 9.99009E-05 9.99009E-05 0.0941131 0.141698 9.99009E-05 9.99009E-05 0.185969 0.577121 9.99009E-05 9.99009E-05 9.99009E-05 9.99009E-05
9.99368E-05 0.037629 9.99368E-05 0.100157 0.168856 9.99368E-05 0.0595604 9.99368E-05 9.99368E-05 9.99368E-05 0.00589354 0.172535 0.00091715 9.99368E-05 0.453753
0.210586 9.99188E-05 0.0110511 0.105476 9.99188E-05 9.99188E-05 9.99188E-05 9.99188E-05 9.99188E-05 0.0441122 9.99188E-05 9.99188E-05 0.615848 9.99188E-05 0.0120272
9.99098E-05 9.99098E-05 0.641133 0.149337 0.0686227 9.99098E-05 9.99098E-05 9.99098E-05 9.99098E-05 0.00899359 9.99098E-05 9.99098E-05 9.99098E-05 9.99098E-05 0.130915
