0.35621 9.9955E-05 9.9955E-05 0.105266 9.9955E-05 0.458741 9.9955E-05 9.9955E-05 0.0549004 0.0243831
0.349931 0.138919 9.9964E-05 9.9964E-05 9.9964E-05 0.385854 9.9964E-05 0.0516514 0.0328353 0.0404097
9.99763E-05 0.0143962 9.99763E-05 0.016612 0.00970165 0.339615 9.99763E-05 0.574092 0.000389987 0.0448935
0.254206 0.159362 0.0016904 0.052252 0.286551 0.235198 9.9973E-05 9.9973E-05 0.0104414 9.9973E-05
0.442875 0.128529 9.99549E-05 9.99549E-05 0.200502 9.99549E-05 0.0601195 9.99549E-05 0.167474 9.99549E-05
0.113661 9.9973E-05 0.119127 9.9973E-05 9.9973E-05 0.621523 0.0634804 0.0013235 0.0069832 0.0736008
9.99369E-05 0.021375 9.99369E-05 9.99369E-05 9.99369E-05 0.427539 9.99369E-05 0.550386 9.99369E-05 9.99369E-05
0.10863 9.9964E-05 0.00612457 9.9964E-05 9.9964E-05 0.565287 0.00010647 0.158769 9.9964E-05 0.160683
0.1791 0.0743691 9.99549E-05 9.99549E-05 0.211526 0.43094 9.99549E-05 9.99549E-05 9.99549E-05 0.103566
0.00467481 0.023933 0.461021 0.0982472 9.99639E-05 0.121053 9.99639E-05 0.290672 9.99639E-05 9.99639E-05
0.205141 0.432816 9.99639E-05 9.99639E-05 0.0633309 0.245328 9.99639E-05 9.99639E-05 0.0142784 0.0387062
0.389173 0.147576 0.0831193 9.99639E-05 0.198241 0.096984 9.99639E-05 9.99639E-05 9.99639E-05 0.0845065
9.99639E-05 0.0937149 9.99639E-05 9.99639E-05 0.293178 0.202181 0.0652016 0.111996 0.233329 9.99639E-05
9.9946E-05 9.9946E-05 0.0550546 9.9946E-05 9.9946E-05 0.659271 9.9946E-05 0.234708 9.9946E-05 0.0503662
0.437103 0.490505 0.00104466 9.99549E-05 9.99549E-05 0.0428108 9.99549E-05 9.99549E-05 9.99549E-05 0.028037
9.99729E-05 0.0173027 0.195591 0.0184922 9.99729E-05 0.249245 0.0709721 0.414001 0.034096 9.99729E-05
9.99459E-05 0.00272852 9.99459E-05 9.99459E-05 0.0228109 0.581928 9.99459E-05 0.391933 9.99459E-05 9.99459E-05
0.0231587 0.0228399 9.99459E-05 9.99459E-05 9.99459E-05 0.531523 9.99459E-05 0.421878 9.99459E-05 9.99459E-05
0.271337 9.9964E-05 9.9964E-05 9.9964E-05 0.327728 0.245724 9.9964E-05 0.118868 0.00919671 0.0267468
9.99369E-05 0.200876 9.99369E-05 0.763105 9.99369E-05 9.99369E-05 9.99369E-05 9.99369E-05 9.99369E-05 0.0353192
9.99279E-05 9.99279E-05 9.99279E-05 0.828009 0.171191 9.99279E-05 9.99279E-05 9.99279E-05 9.99279E-05 9.99279E-05
9.99369E-05 9.99369E-05 9.99369E-05 0.886987 9.99369E-05 0.110488 9.99369E-05 9.99369E-05 0.00182451 9.99369E-05
9.99369E-05 9.99369E-05 9.99369E-05 0.603389 0.367433 9.99369E-05 9.99369E-05 9.99369E-05 9.99369E-05 0.0284781
0.00277805 0.0936754 9.99549E-05 0.643621 0.141155 9.99549E-05 9.99549E-05 9.99549E-05 9.99549E-05 0.11827
9.99639E-05 9.99639E-05 0.00923298 0.455494 9.99639E-05 0.162988 0.159776 0.170709 9.99639E-05 0.0414003
0.131169 0.13226 9.99459E-05 0.308255 9.99459E-05 9.99459E-05 9.99459E-05 9.99459E-05 9.99459E-05 0.427716
9.99459E-05 9.99459E-05 0.269839 0.246239 9.99459E-05 9.99459E-05 0.252309 0.231013 9.99459E-05 9.99459E-05
0.0059634 0.179072 9.9964E-05 0.257537 0.0778673 9.9964E-05 9.9964E-05 9.9964E-05 0.140777 0.338384
9.99459E-05 9.99459E-05 0.00364276 0.868698 9.99459E-05 0.100416 9.99459E-05 9.99459E-05 0.0266432 9.99459E-05
9.99279E-05 9.99279E-05 9.99279E-05 0.826884 0.172317 9.99279E-05 9.99279E-05 9.99279E-05 9.99279E-05 9.99279E-05
9.99461E-05 9.99461E-05 0.0555784 0.584509 0.131737 9.99461E-05 9.99461E-05 0.227576 9.99461E-05 9.99461E-05
9.99639E-05 9.99639E-05 0.0534844 0.15418 9.99639E-05 0.0836896 0.266361 9.99639E-05 0.123222 0.318662
9.99368E-05 9.99368E-05 0.102489 0.623219 9.99368E-05 9.99368E-05 9.99368E-05 0.273592 9.99368E-05 9.99368E-05
9.99369E-05 9.99369E-05 9.99369E-05 0.676999 9.99369E-05 0.175862 9.99369E-05 0.14644 9.99369E-05 9.99369E-05
9.99459E-05 0.00372937 9.99459E-05 0.80333 0.17535 9.99459E-05 9.99459E-05 9.99459E-05 9.99459E-05 0.0169905
0.0332523 0.18745 9.99549E-05 0.705462 0.0474153 9.99549E-05 9.99549E-05 9.99549E-05 9.99549E-05 0.0259205
9.99279E-05 0.323907 9.99279E-05 0.675294 9.99279E-05 9.99279E-05 9.99279E-05 9.99279E-05 9.99279E-05 9.99279E-05
0.0376898 9.99369E-05 9.99369E-05 0.656124 0.305487 9.99369E-05 9.99369E-05 9.99369E-05 9.99369E-05 9.99369E-05
0.096071 9.99458E-05 9.99458E-05 9.99458E-05 9.99458E-05 0.117242 0.771357 9.99458E-05 9.99458E-05 0.0147298
9.9946E-05 9.9946E-05 0.0558092 9.9946E-05 9.9946E-05 9.9946E-05 0.746928 0.05767 0.138993 9.9946E-05
9.99459E-05 9.99459E-05 0.227931 0.0812115 9.99459E-05 9.99459E-05 0.403783 0.286475 9.99459E-05 9.99459E-05
9.9964E-05 9.9964E-05 0.00172267 0.00519628 0.345561 9.9964E-05 0.491199 9.9964E-05 0.0676235 0.0882978
9.99368E-05 9.99368E-05 9.99368E-05 0.267872 9.99368E-05 0.180884 0.550545 9.99368E-05 9.99368E-05 9.99368E-05
9.9973E-05 0.00140277 0.0493603 0.113899 9.9973E-05 0.0508641 0.524604 0.220161 9.9973E-05 0.039409
0.138565 9.9937E-05 9.9937E-05 9.9937E-05 0.169633 9.9937E-05 9.9937E-05 9.9937E-05 9.9937E-05 0.691103
0.326542 0.069085 9.99459E-05 9.99459E-05 9.99459E-05 9.99459E-05 0.450021 9.99459E-05 9.99459E-05 0.153752
9.99459E-05 9.99459E-05 0.0996552 0.187973 9.99459E-05 9.99459E-05 0.427773 0.283999 9.99459E-05 9.99459E-05
0.0501203 0.0249806 9.99549E-05 9.99549E-05 9.99549E-05 0.127941 0.77412 9.99549E-05 9.99549E-05 0.0223382
9.9946E-05 9.9946E-05 0.272994 9.9946E-05 9.9946E-05 9.9946E-05 0.398228 0.169411 0.158768 9.9946E-05
0.197526 0.0405206 9.9955E-05 9.9955E-05 0.032036 9.9955E-05 0.570544 9.9955E-05 9.9955E-05 0.158874
9.99369E-05 9.99369E-05 0.0795754 9.99369E-05 9.99369E-05 9.99369E-05 0.784123 9.99369E-05 0.135602 9.99369E-05
9.9955E-05 0.0379567 9.9955E-05 0.0773208 0.27023 9.9955E-05 0.547785 9.9955E-05 0.066208 9.9955E-05
0.0237554 0.320623 9.99549E-05 0.0575526 9.99549E-05 9.99549E-05 0.216986 9.99549E-05 9.99549E-05 0.380583
0.180118 0.253794 9.99549E-05 9.99549E-05 9.99549E-05 0.000650233 0.364883 9.99549E-05 9.99549E-05 0.200054
0.105137 0.0230191 9.9964E-05 0.0613868 0.353483 9.9964E-05 0.272131 9.9964E-05 9.9964E-05 0.184443
9.99369E-05 9.99369E-05 9.99369E-05 0.333644 0.430756 9.99369E-05 9.99369E-05 9.99369E-05 9.99369E-05 0.234901
9.99639E-05 9.99639E-05 0.00422082 9.99639E-05 9.99639E-05 0.126603 0.764131 0.0449074 0.0334632 0.0262746
9.9973E-05 0.0869817 0.0704734 0.0224261 0.0417409 9.9973E-05 0.471546 9.9973E-05 0.0822553 0.224276
9.99639E-05 9.99639E-05 0.0905313 0.018982 9.99639E-05 0.0540285 0.708334 0.0476628 0.0800618 9.99639E-05
0.154861 0.108526 9.99549E-05 9.99549E-05 0.0262571 9.99549E-05 0.680721 9.99549E-05 9.99549E-05 0.029135
0.0638835 0.10126 9.99639E-05 0.000957933 9.99639E-05 0.0521526 0.505899 9.99639E-05 9.99639E-05 0.275447
0.240993 0.0687778 9.99459E-05 9.99459E-05 9.99459E-05 9.99459E-05 0.528843 9.99459E-05 9.99459E-05 0.160786
9.99549E-05 9.99549E-05 0.0473177 9.99549E-05 9.99549E-05 9.99549E-05 0.293976 0.12339 0.177943 0.356874
9.99459E-05 9.99459E-05 9.99459E-05 0.0108048 0.443415 9.99459E-05 0.431523 9.99459E-05 9.99459E-05 0.113657
9.99459E-05 9.99459E-05 0.00577291 9.99459E-05 9.99459E-05 9.99459E-05 0.301005 0.507059 9.99459E-05 0.185564
9.99549E-05 0.219277 9.99549E-05 0.0783826 9.99549E-05 0.127755 0.123584 9.99549E-05 9.99549E-05 0.450501
0.232062 9.99459E-05 9.99459E-05 9.99459E-05 0.111726 9.99459E-05 0.469641 9.99459E-05 9.99459E-05 0.185971
0.0856869 0.277608 9.9946E-05 9.9946E-05 9.9946E-05 9.9946E-05 0.399013 9.9946E-05 9.9946E-05 0.237092
9.99639E-05 9.99639E-05 9.99639E-05 0.0437357 9.99639E-05 0.106873 0.0436547 0.0181319 0.0247156 0.762489
9.99639E-05 9.99639E-05 0.0193303 0.262045 9.99639E-05 0.181329 0.15959 9.99639E-05 0.0171761 0.360129
9.99549E-05 9.99549E-05 0.280704 0.14002 9.99549E-05 9.99549E-05 0.115799 9.99549E-05 0.166781 0.296197
9.99459E-05 9.99459E-05 0.0256141 9.99459E-05 9.99459E-05 9.99459E-05 0.463425 0.477823 9.99459E-05 0.032539
0.149339 9.99459E-05 9.99459E-05 0.643475 0.164262 9.99459E-05 9.99459E-05 9.99459E-05 9.99459E-05 0.0423243
9.99639E-05 9.99639E-05 0.0410996 9.99639E-05 9.99639E-05 0.00919005 0.635035 0.266422 0.0128596 0.0349938
9.99459E-05 0.133317 9.99459E-05 9.99459E-05 9.99459E-05 9.99459E-05 0.252841 9.99459E-05 0.00999888 0.603243
9.99549E-05 0.140676 9.99549E-05 0.107922 0.141676 9.99549E-05 9.99549E-05 0.00159651 9.99549E-05 0.607629
9.99368E-05 9.99368E-05 0.0388377 0.744539 9.99368E-05 9.99368E-05 9.99368E-05 0.215924 9.99368E-05 9.99368E-05
9.9946E-05 9.9946E-05 0.173643 0.20358 9.9946E-05 9.9946E-05 0.229572 0.392605 9.9946E-05 9.9946E-05
9.99459E-05 9.99459E-05 9.99459E-05 0.737541 9.99459E-05 0.0580826 0.0439479 0.159829 9.99459E-05 9.99459E-05
9.99639E-05 9.99639E-05 0.0315645 0.3316 9.99639E-05 0.0648189 0.147435 9.99639E-05 0.123873 0.300308
9.9955E-05 9.9955E-05 0.232027 0.160654 9.9955E-05 9.9955E-05 0.301913 0.103086 0.201821 9.9955E-05
9.99459E-05 9.99459E-05 9.99459E-05 0.162005 0.343474 9.99459E-05 0.349427 9.99459E-05 9.99459E-05 0.144495
9.99459E-05 0.0248454 9.99459E-05 9.99459E-05 0.231028 9.99459E-05 0.742606 9.99459E-05 9.99459E-05 0.000921455
9.9964E-05 0.0826475 9.9964E-05 0.10193 0.277322 9.9964E-05 0.461602 0.00930205 9.9964E-05 0.0667968
9.99369E-05 9.99369E-05 0.104189 9.99369E-05 9.99369E-05 9.99369E-05 0.652475 0.242636 9.99369E-05 9.99369E-05
0.0329114 0.162746 9.99639E-05 0.0828838 9.99639E-05 9.99639E-05 0.549823 9.99639E-05 0.0574019 0.113835
0.0390457 9.99459E-05 9.99459E-05 9.99459E-05 0.217069 9.99459E-05 0.288064 9.99459E-05 9.99459E-05 0.455222
9.99458E-05 9.99458E-05 9.99458E-05 0.238512 9.99458E-05 0.130818 9.99458E-05 0.197749 9.99458E-05 0.432321
9.99459E-05 9.99459E-05 0.0113849 9.99459E-05 9.99459E-05 9.99459E-05 0.339249 0.458913 9.99459E-05 0.189854
0.0668388 9.99459E-05 9.99459E-05 0.179189 9.99459E-05 0.062308 9.99459E-05 9.99459E-05 9.99459E-05 0.691064
9.99368E-05 9.99368E-05 9.99368E-05 9.99368E-05 9.99368E-05 9.99368E-05 0.287269 0.353829 9.99368E-05 0.358203
9.99368E-05 9.99368E-05 9.99368E-05 9.99368E-05 9.99368E-05 9.99368E-05 0.178589 0.398032 9.99368E-05 0.422679
0.210988 0.0057265 9.9946E-05 9.9946E-05 9.9946E-05 9.9946E-05 9.9946E-05 9.9946E-05 0.0324763 0.750209
9.99459E-05 9.99459E-05 9.99459E-05 9.99459E-05 9.99459E-05 0.139838 0.378462 0.128181 9.99459E-05 0.35292
9.99549E-05 9.99549E-05 9.99549E-05 0.026375 9.99549E-05 0.150904 0.169833 0.113654 9.99549E-05 0.538734
9.99459E-05 9.99459E-05 0.16522 9.99459E-05 9.99459E-05 9.99459E-05 0.0264622 0.128414 0.679304 9.99459E-05
0.0212123 9.9973E-05 0.0598775 0.038604 9.9973E-05 0.0184123 0.121678 0.105862 0.634054 9.9973E-05
9.99459E-05 9.99459E-05 9.99459E-05 0.00232837 0.179058 9.99459E-05 0.0442287 9.99459E-05 0.773785 9.99459E-05
0.411842 9.9937E-05 9.9937E-05 9.9937E-05 9.9937E-05 9.9937E-05 9.9937E-05 9.9937E-05 0.421632 0.165826
9.99549E-05 0.0143593 0.201469 9.99549E-05 9.99549E-05 9.99549E-05 9.99549E-05 0.143304 0.619234 0.0211337
0.135335 0.00285273 9.99639E-05 9.99639E-05 0.0605374 0.514171 9.99639E-05 9.99639E-05 0.160022 0.126682
9.99368E-05 9.99368E-05 9.99368E-05 9.99368E-05 9.99368E-05 0.0405444 9.99368E-05 0.564097 0.394659 9.99368E-05
9.99459E-05 9.99459E-05 0.0947589 9.99459E-05 9.99459E-05 9.99459E-05 9.99459E-05 0.0877248 0.801259 0.0156575
9.99549E-05 9.99549E-05 0.00835 0.0378584 9.99549E-05 0.248426 9.99549E-05 9.99549E-05 0.618159 0.086707
0.119174 0.243052 9.996E-05 0.0245197 0.0249556 9.996E-05 9.996E-05 9.996E-05 0.511678 0.0762202
9.99549E-05 0.020544 0.471895 9.99549E-05 9.99549E-05 9.99549E-05 0.0231894 0.0646946 0.419177 9.99549E-05
0.0758252 0.479817 9.99549E-05 9.99549E-05 9.99549E-05 9.99549E-05 9.99549E-05 0.0669757 0.371117 0.00576598
9.99459E-05 9.99459E-05 9.99459E-05 9.99459E-05 9.99459E-05 0.0868204 0.0193894 0.152001 0.741189 9.99459E-05
9.99459E-05 0.107537 9.99459E-05 9.99459E-05 9.99459E-05 0.317844 9.99459E-05 9.99459E-05 0.470408 0.103612
0.019882 9.99549E-05 0.052632 0.090474 9.99549E-05 0.227173 9.99549E-05 9.99549E-05 0.609339 9.99549E-05
0.0028655 9.99549E-05 9.99549E-05 0.0488471 9.99549E-05 0.41037 9.99549E-05 0.284818 0.2526 9.99549E-05
0.28939 0.0623317 9.99548E-05 9.99548E-05 0.138939 9.99548E-05 9.99548E-05 9.99548E-05 0.364415 0.144425
9.99459E-05 9.99459E-05 9.99459E-05 9.99459E-05 0.569835 9.99459E-05 9.99459E-05 0.0372993 0.369042 0.0232239
0.00017809 9.99639E-05 0.0646353 0.102162 9.99639E-05 0.162498 0.136441 9.99639E-05 0.533685 9.99639E-05
9.99459E-05 9.99459E-05 9.99459E-05 9.99459E-05 0.00237413 0.120976 9.99459E-05 0.273865 0.602185 9.99459E-05
0.041281 0.125216 9.99639E-05 0.0773591 9.99639E-05 0.0601534 9.99639E-05 9.99639E-05 0.66165 0.0339403
9.99279E-05 9.99279E-05 9.99279E-05 9.99279E-05 0.323649 9.99279E-05 9.99279E-05 9.99279E-05 0.675551 9.99279E-05
0.348947 0.180958 9.9973E-05 0.0411021 0.0658222 0.301951 0.00895594 9.9973E-05 0.051964 9.9973E-05
0.126693 9.99549E-05 0.466218 9.99549E-05 9.99549E-05 0.166312 9.99549E-05 0.107074 9.99549E-05 0.133204
0.0628408 9.9973E-05 9.9973E-05 9.9973E-05 0.597332 0.18561 0.0356593 0.075211 0.0379289 0.00511775
9.99639E-05 9.99639E-05 0.0896613 0.033616 9.99639E-05 0.715238 0.00291879 0.0866792 0.0714869 9.99639E-05
9.99549E-05 9.99549E-05 0.771308 9.99549E-05 9.99549E-05 0.0308862 0.000632414 0.158508 0.038166 9.99549E-05
0.107938 0.430209 9.99459E-05 9.99459E-05 0.268823 0.192431 9.99459E-05 9.99459E-05 9.99459E-05 9.99459E-05
0.081148 0.24554 0.471768 9.99639E-05 0.056603 0.0211564 9.99639E-05 9.99639E-05 9.99639E-05 0.123385
0.0409604 9.99729E-05 9.99729E-05 9.99729E-05 0.074951 0.621716 0.0730296 0.0768101 0.0345357 0.0776971
9.99459E-05 9.99459E-05 0.412559 9.99459E-05 0.440497 0.0497378 9.99459E-05 9.99459E-05 9.99459E-05 0.0966065
9.99459E-05 9.99459E-05 0.325654 9.99459E-05 0.0827329 0.109407 9.99459E-05 0.481606 9.99459E-05 9.99459E-05
0.248313 0.371029 0.0338712 9.99729E-05 0.151541 0.147291 0.0443774 9.99729E-05 0.00327689 9.99729E-05
0.0204755 9.99459E-05 0.29806 9.99459E-05 0.527638 9.99459E-05 9.99459E-05 9.99459E-05 9.99459E-05 0.153227
9.99369E-05 9.99369E-05 0.642773 9.99369E-05 9.99369E-05 9.99369E-05 9.99369E-05 0.337946 0.0185811 9.99369E-05
0.508161 0.321041 9.99549E-05 9.99549E-05 0.106045 0.0509156 9.99549E-05 9.99549E-05 0.0133382 9.99549E-05
0.205994 9.99458E-05 0.257264 9.99458E-05 0.429209 9.99458E-05 9.99458E-05 9.99458E-05 9.99458E-05 0.106933
9.99458E-05 0.241014 9.99458E-05 9.99458E-05 0.445498 0.200305 9.99458E-05 0.112583 9.99458E-05 9.99458E-05
9.99459E-05 9.99459E-05 0.789745 9.99459E-05 0.0188924 9.99459E-05 9.99459E-05 0.181268 9.99459E-05 0.00949448
0.105145 0.0341381 0.10762 9.99639E-05 0.565743 0.11698 9.99639E-05 9.99639E-05 9.99639E-05 0.0699743
0.399636 0.365514 9.99549E-05 9.99549E-05 9.99549E-05 0.162458 0.000152061 9.99549E-05 0.0717407 9.99549E-05
9.99459E-05 0.0226526 9.99459E-05 9.99459E-05 9.99459E-05 0.769194 9.99459E-05 0.0939872 9.99459E-05 0.113567
0.0360349 0.0494914 9.9982E-05 0.0723828 0.383574 0.129964 0.023905 0.124481 0.179967 9.9982E-05
9.9982E-05 0.0540317 0.0300058 0.0631857 0.499684 0.268382 9.9982E-05 0.0266463 0.0536167 0.00424826
9.99368E-05 9.99368E-05 0.633311 9.99368E-05 9.99368E-05 0.226266 9.99368E-05 0.139723 9.99368E-05 9.99368E-05
0.137614 0.220943 0.0128306 0.0606617 0.00189098 0.36728 9.9982E-05 0.103199 9.9982E-05 0.0953815
0.0491325 9.99458E-05 0.282838 9.99458E-05 9.99458E-05 0.468548 9.99458E-05 9.99458E-05 9.99458E-05 0.198882
9.9973E-05 9.9973E-05 0.227479 0.0612139 9.9973E-05 0.40144 0.0575773 0.0113816 0.235219 0.00538984
0.0801054 0.170675 0.018624 0.0138178 0.301143 0.196867 0.0236191 9.9991E-05 0.0802982 0.114751
0.150903 0.0587711 0.189289 0.0482512 9.9973E-05 0.130779 0.114237 9.9973E-05 0.307469 9.9973E-05
9.9964E-05 0.0481438 0.420958 0.0306605 9.9964E-05 9.9964E-05 0.0269352 0.340612 0.13229 9.9964E-05
9.99639E-05 9.99639E-05 0.202941 0.0401356 9.99639E-05 0.488919 9.99639E-05 0.0478197 0.120453 0.0993328
9.997E-05 0.057673 0.161617 0.0310778 9.997E-05 0.357409 0.0435222 0.227246 0.121155 9.997E-05
9.9973E-05 0.599119 0.218474 0.0630962 0.0373507 0.0774298 0.00242861 9.9973E-05 0.00180182 9.9973E-05
9.99549E-05 0.0227084 0.31554 9.99549E-05 9.99549E-05 0.279845 9.99549E-05 0.336261 0.045146 9.99549E-05
0.0452993 0.284647 9.99549E-05 9.99549E-05 0.450185 0.2128 9.99549E-05 0.00656957 9.99549E-05 9.99549E-05
9.99549E-05 0.0460587 0.300723 9.99549E-05 9.99549E-05 0.391251 9.99549E-05 0.153571 0.107896 9.99549E-05
9.9964E-05 9.9964E-05 0.311708 0.0141749 0.449957 0.103423 9.9964E-05 9.9964E-05 0.0876146 0.032723
0.0456634 0.104038 0.0648204 9.9973E-05 0.559169 0.0614193 0.0184451 9.9973E-05 0.146145 9.9973E-05
0.0621561 0.0496886 0.0774724 0.0715384 0.0157736 0.44417 0.137697 9.9982E-05 0.141304 9.9982E-05
0.0698387 9.99729E-05 9.99729E-05 9.99729E-05 0.0477466 0.651718 0.053206 0.00966235 0.16006 0.00746881
0.0179591 9.9964E-05 0.119005 0.104739 9.9964E-05 0.506871 0.0513954 9.9964E-05 0.199631 9.9964E-05
9.99549E-05 0.0779469 0.0312572 9.99549E-05 0.451395 0.201983 9.99549E-05 9.99549E-05 0.236918 9.99549E-05
9.99549E-05 0.055161 0.391096 9.99549E-05 9.99549E-05 0.034717 9.99549E-05 0.256546 0.26198 9.99549E-05
9.99549E-05 0.0351264 0.646887 0.0135132 9.99549E-05 9.99549E-05 9.99549E-05 0.152115 0.151858 9.99549E-05
0.00906161 9.9964E-05 0.133442 9.9964E-05 9.9964E-05 0.42283 0.0191025 0.364877 9.9964E-05 0.0502863
9.99639E-05 9.99639E-05 0.506821 0.00666911 9.99639E-05 0.181042 0.098666 0.104104 0.102298 9.99639E-05
9.9946E-05 0.136439 0.370391 9.9946E-05 9.9946E-05 9.9946E-05 9.9946E-05 0.249459 0.243112 9.9946E-05
0.0530244 9.9973E-05 0.186625 0.0338706 9.9973E-05 0.250269 0.0738945 0.348773 9.9973E-05 0.0532433
9.99459E-05 0.0837764 0.118948 9.99459E-05 9.99459E-05 0.541123 9.99459E-05 0.255553 9.99459E-05 9.99459E-05
0.83868 0.00283547 0.0633797 0.0589806 9.9955E-05 9.9955E-05 9.9955E-05 9.9955E-05 9.9955E-05 0.0356249
0.549069 0.0861649 9.99729E-05 0.0128023 0.179441 0.0717489 9.99729E-05 0.0688748 9.99729E-05 0.0315996
0.137292 0.0133657 9.99549E-05 9.99549E-05 9.99549E-05 0.433163 9.99549E-05 0.334605 9.99549E-05 0.0810747
0.440307 0.3717 9.99549E-05 9.99549E-05 0.0670452 0.0352536 9.99549E-05 0.0851948 9.99549E-05 9.99549E-05
0.751967 0.0840775 9.99639E-05 9.99639E-05 0.0596161 9.99639E-05 9.99639E-05 0.0664885 0.033139 0.00431229
0.277418 9.99549E-05 9.99549E-05 0.0715517 0.505709 9.99549E-05 9.99549E-05 0.114862 0.0299587 9.99549E-05
0.470613 0.0482167 9.99549E-05 9.99549E-05 0.323102 9.99549E-05 9.99549E-05 0.125123 9.99549E-05 0.0324461
0.132432 9.9964E-05 0.00790704 0.00654884 9.9964E-05 0.207656 9.9964E-05 0.608467 9.9964E-05 0.036589
9.9946E-05 0.0263815 0.395753 9.9946E-05 9.9946E-05 0.0127855 9.9946E-05 0.56448 9.9946E-05 9.9946E-05
0.431748 9.99549E-05 9.99549E-05 9.99549E-05 9.99549E-05 0.337725 9.99549E-05 0.0237081 0.055539 0.15078
0.0953074 9.9946E-05 9.9946E-05 9.9946E-05 9.9946E-05 9.9946E-05 9.9946E-05 0.857241 0.0303268 0.0165254
9.9937E-05 9.9937E-05 9.9937E-05 9.9937E-05 9.9937E-05 0.290639 9.9937E-05 0.454529 9.9937E-05 0.254133
0.2826 0.0648465 9.99639E-05 9.99639E-05 9.99639E-05 0.343532 9.99639E-05 0.233927 0.0038271 0.0708676
9.99459E-05 0.00184043 0.0981634 9.99459E-05 9.99459E-05 0.328288 9.99459E-05 0.571109 9.99459E-05 9.99459E-05
0.251227 9.99549E-05 9.99549E-05 9.99549E-05 9.99549E-05 0.21792 0.0125431 0.457739 0.0600718 9.99549E-05
0.344712 0.00574773 0.0519654 0.117125 0.0409049 0.338128 0.0326265 9.9982E-05 9.9982E-05 0.0685902
0.110019 0.114344 9.99729E-05 0.00179986 9.99729E-05 0.296432 0.0243031 0.411113 9.99729E-05 0.0416885
0.331703 9.99459E-05 9.99459E-05 9.99459E-05 9.99459E-05 0.188596 9.99459E-05 0.353822 0.125279 9.99459E-05
0.397151 0.545041 9.99459E-05 9.99459E-05 9.99459E-05 0.023765 9.99459E-05 0.0334436 9.99459E-05 9.99459E-05
0.455795 0.0530473 9.99786E-05 9.99786E-05 9.99786E-05 0.382012 0.00797525 0.0225939 0.0494937 0.0287829
0.0434761 0.0726658 0.044421 0.00245097 9.9973E-05 0.0420982 0.0262438 0.768344 9.9973E-05 9.9973E-05
0.00835991 9.99639E-05 9.99639E-05 9.99639E-05 0.033272 0.477716 0.0103295 0.436452 0.0334707 9.99639E-05
9.99459E-05 0.0161211 0.28351 9.99459E-05 9.99459E-05 0.087973 9.99459E-05 0.611797 9.99459E-05 9.99459E-05
0.565964 0.140688 9.99459E-05 9.99459E-05 0.0482491 0.244499 9.99459E-05 9.99459E-05 9.99459E-05 9.99459E-05
0.263419 0.0285936 9.9946E-05 9.9946E-05 9.9946E-05 0.575918 9.9946E-05 9.9946E-05 9.9946E-05 0.13147
0.0100181 9.99549E-05 0.152951 9.99549E-05 9.99549E-05 0.201664 0.000668116 0.634199 9.99549E-05 9.99549E-05
0.549802 0.120355 0.122798 0.0160305 0.148602 9.9973E-05 0.0302564 9.9973E-05 9.9973E-05 0.0118561
0.183595 0.49538 0.226797 9.99459E-05 9.99459E-05 9.99459E-05 9.99459E-05 9.99459E-05 9.99459E-05 0.0936275
9.9973E-05 9.9973E-05 0.186225 0.0719285 9.9973E-05 0.281561 0.0605349 0.304317 0.0784044 0.0167298
0.000421654 9.99639E-05 0.474493 0.0734462 9.99639E-05 0.296195 9.99639E-05 9.99639E-05 0.0487075 0.106336
0.323312 0.41216 0.089492 0.052408 9.9964E-05 9.9964E-05 9.9964E-05 0.0131501 9.9964E-05 0.109078
0.384975 9.99549E-05 0.181602 9.99549E-05 0.265924 0.00918664 9.99549E-05 9.99549E-05 9.99549E-05 0.157813
0.318028 0.135246 0.0896808 9.99639E-05 0.228202 0.00901366 9.99639E-05 9.99639E-05 9.99639E-05 0.219431
9.9964E-05 0.0587293 0.695442 0.0336102 9.9964E-05 9.9964E-05 0.00876894 0.174986 0.028064 9.9964E-05
9.9946E-05 9.9946E-05 0.230333 9.9946E-05 9.9946E-05 0.499877 9.9946E-05 0.137608 9.9946E-05 0.131583
0.0867458 0.154508 9.99549E-05 9.99549E-05 9.99549E-05 0.36147 9.99549E-05 9.99549E-05 0.263389 0.133387
0.395418 0.29451 0.123448 9.99639E-05 0.0503085 0.110426 9.99639E-05 9.99639E-05 9.99639E-05 0.0254895
9.99639E-05 9.99639E-05 0.463091 0.00361649 9.99639E-05 0.184341 0.0420375 0.11575 0.190764 9.99639E-05
0.0879103 9.9964E-05 0.0661529 0.0635251 9.9964E-05 0.663694 9.9964E-05 0.0900325 9.9964E-05 0.0282856
0.0613969 9.99549E-05 0.0775741 9.99549E-05 9.99549E-05 0.50182 9.99549E-05 0.229787 9.99549E-05 0.128923
0.0917415 0.0720599 0.155553 0.0687311 9.9973E-05 0.36069 0.00671678 9.9973E-05 0.244208 9.9973E-05
9.99459E-05 9.99459E-05 9.99459E-05 9.99459E-05 9.99459E-05 0.455661 0.0111521 0.348319 0.184268 9.99459E-05
0.356599 0.233087 9.99729E-05 9.99729E-05 9.99729E-05 0.246283 0.00966272 0.0640743 0.0596676 0.0303263
0.0489276 0.162817 0.00941524 9.99549E-05 9.99549E-05 0.667645 9.99549E-05 9.99549E-05 9.99549E-05 0.110696
0.248341 0.268464 0.125277 0.00827994 0.276442 9.9964E-05 9.9964E-05 9.9964E-05 9.9964E-05 0.0727951
0.0532017 9.99729E-05 0.273654 0.0447755 9.99729E-05 0.228292 0.10629 0.242975 9.99729E-05 0.0505118
0.546344 0.139333 0.130827 9.99729E-05 0.0212139 0.102275 0.0019244 9.99729E-05 9.99729E-05 0.0577828
0.296128 9.9973E-05 0.057777 9.9973E-05 0.472674 0.131317 0.00189058 0.0225675 9.9973E-05 0.0173464
9.99369E-05 9.99369E-05 0.272455 9.99369E-05 9.99369E-05 0.169609 9.99369E-05 0.557237 9.99369E-05 9.99369E-05
0.0770667 0.212177 9.99549E-05 9.99549E-05 9.99549E-05 0.370201 9.99549E-05 0.292588 9.99549E-05 0.0474668
0.0618026 9.9964E-05 0.0566017 9.9964E-05 9.9964E-05 0.398949 0.0289964 0.405403 9.9964E-05 0.0478472
0.769358 0.0971651 0.0413433 0.0290231 9.9955E-05 9.9955E-05 9.9955E-05 9.9955E-05 9.9955E-05 0.0626103
0.284301 9.9982E-05 0.0111358 0.0635293 0.282767 9.9982E-05 0.165773 0.0807368 0.050175 0.0613817
0.64285 0.0513737 9.9973E-05 9.9973E-05 0.0262038 0.136916 0.0645994 0.0198065 9.9973E-05 0.0579514
0.0361813 9.99549E-05 0.206982 0.0159718 9.99549E-05 0.151564 9.99549E-05 0.588801 9.99549E-05 9.99549E-05
0.64272 9.9964E-05 9.9964E-05 9.9964E-05 0.0558314 0.191715 0.0194284 0.0518388 9.9964E-05 0.0380666
0.793192 0.00733157 0.024409 0.0547756 9.9982E-05 0.035215 0.0248712 0.00789104 0.0521143 9.9982E-05
0.68065 0.202531 0.0105768 9.9955E-05 9.9955E-05 9.9955E-05 9.9955E-05 0.0452448 0.0604976 9.9955E-05
0.0174252 0.0173326 0.00302132 9.9964E-05 9.9964E-05 0.077011 9.9964E-05 0.787508 0.0973018 9.9964E-05
0.262045 0.00364837 9.99639E-05 0.018775 9.99639E-05 0.442684 9.99639E-05 0.238852 9.99639E-05 0.0335953
0.305761 0.423344 0.000726418 0.0233051 0.0924906 9.9973E-05 9.9973E-05 0.118007 9.9973E-05 0.0360656
0.236985 9.9973E-05 0.193195 9.9973E-05 0.0029684 0.133851 0.0647707 0.362568 9.9973E-05 0.00536195
0.850841 0.0471535 0.0177141 0.0499045 9.9964E-05 9.9964E-05 0.0168035 9.9964E-05 0.0171835 9.9964E-05
9.9973E-05 0.0211205 0.0184764 9.9973E-05 0.433415 0.19487 0.0304145 0.20196 0.0994434 9.9973E-05
0.456461 9.9973E-05 0.0123393 0.00347784 9.9973E-05 0.10889 9.9973E-05 0.258095 0.0395421 0.120895
9.9946E-05 0.00154626 0.2132 9.9946E-05 0.0277453 9.9946E-05 9.9946E-05 0.756909 9.9946E-05 9.9946E-05
0.141226 9.9955E-05 9.9955E-05 9.9955E-05 0.0307667 0.615384 9.9955E-05 0.0396671 9.9955E-05 0.172456
9.99729E-05 0.0667601 0.144333 0.0484118 9.99729E-05 0.461498 0.0482642 0.0287534 0.20168 9.99729E-05
9.99549E-05 0.0338702 0.408202 9.99549E-05 9.99549E-05 0.128762 9.99549E-05 0.173158 0.255508 9.99549E-05
0.0436585 9.99549E-05 9.99549E-05 9.99549E-05 9.99549E-05 0.779443 0.0744395 0.0860886 0.0158705 9.99549E-05
9.99459E-05 9.99459E-05 9.99459E-05 9.99459E-05 9.99459E-05 0.177101 9.99459E-05 0.331743 0.393544 0.0970118
0.00581529 0.130635 0.080769 9.9973E-05 0.00773536 0.587258 9.9973E-05 0.1334 9.9973E-05 0.0540867
0.091306 0.190067 9.99459E-05 9.99459E-05 0.375618 0.342409 9.99459E-05 9.99459E-05 9.99459E-05 9.99459E-05
9.99639E-05 9.99639E-05 0.61925 0.0442323 9.99639E-05 0.167916 0.000569589 0.048242 0.11939 9.99639E-05
0.108802 9.9955E-05 0.204863 0.0446554 0.60743 9.9955E-05 0.0337505 9.9955E-05 9.9955E-05 9.9955E-05
0.312847 0.0330718 9.99639E-05 9.99639E-05 0.0619808 0.131379 9.99639E-05 9.99639E-05 0.301019 0.159303
9.9982E-05 0.740328 0.00563917 0.00440693 0.0275659 0.0346085 0.0166924 0.030573 0.139986 9.9982E-05
9.99639E-05 0.058479 0.263542 9.99639E-05 9.99639E-05 0.0669696 0.0139423 0.230292 0.366375 9.99639E-05
9.99459E-05 9.99459E-05 0.3265 9.99459E-05 9.99459E-05 0.0506301 9.99459E-05 0.402826 0.219444 9.99459E-05
0.0876464 0.234406 0.0175186 0.00560736 0.457835 0.135799 9.9982E-05 0.0542247 9.9982E-05 0.00676367
9.9955E-05 0.0754615 9.9955E-05 9.9955E-05 9.9955E-05 0.66576 0.067446 0.182683 9.9955E-05 0.00814992
0.0180135 9.99549E-05 9.99549E-05 0.0399379 9.99549E-05 0.641389 0.0642284 9.99549E-05 0.235931 9.99549E-05
9.99369E-05 9.99369E-05 0.341047 9.99369E-05 9.99369E-05 9.99369E-05 9.99369E-05 0.434879 0.223374 9.99369E-05
9.9955E-05 0.203219 0.12287 0.0368739 9.9955E-05 0.315503 9.9955E-05 9.9955E-05 0.321035 9.9955E-05
9.99639E-05 0.0911512 0.0963256 0.0731989 0.355767 0.30488 9.99639E-05 9.99639E-05 0.0782775 9.99639E-05
0.398829 0.457332 9.99459E-05 9.99459E-05 9.99459E-05 0.106953 9.99459E-05 9.99459E-05 9.99459E-05 0.0362869
0.133949 0.577099 9.99459E-05 9.99459E-05 9.99459E-05 0.215668 9.99459E-05 9.99459E-05 0.0726844 9.99459E-05
9.9955E-05 0.0722034 9.9955E-05 9.9955E-05 0.362014 0.205735 0.0225474 9.9955E-05 0.337001 9.9955E-05
0.167956 9.99459E-05 9.99459E-05 0.0301357 9.99459E-05 9.99459E-05 9.99459E-05 0.77235 0.0289587 9.99459E-05
0.794131 0.0159026 9.99639E-05 9.99639E-05 9.99639E-05 0.0297264 9.99639E-05 0.0747864 0.0711919 0.0138623
0.140993 9.9955E-05 9.9955E-05 9.9955E-05 0.00936346 0.110058 9.9955E-05 0.658783 0.0803024 9.9955E-05
0.145195 9.99549E-05 9.99549E-05 9.99549E-05 9.99549E-05 0.363561 9.99549E-05 0.261508 0.137652 0.0915838
0.681735 9.9955E-05 9.9955E-05 0.000782539 0.00425462 0.187605 9.9955E-05 9.9955E-05 9.9955E-05 0.125123
0.0619933 9.9946E-05 0.104906 0.00896652 9.9946E-05 9.9946E-05 9.9946E-05 0.823535 9.9946E-05 9.9946E-05
9.99639E-05 0.10685 0.164205 9.99639E-05 9.99639E-05 0.210566 0.0482195 0.095639 0.37412 9.99639E-05
9.99639E-05 0.0313834 0.0532687 0.00718128 9.99639E-05 0.530015 9.99639E-05 0.370686 0.00706575 9.99639E-05
9.9955E-05 0.701195 0.107363 0.0637972 9.9955E-05 0.0296231 9.9955E-05 9.9955E-05 0.097522 9.9955E-05
9.99639E-05 0.300464 0.148202 0.0678606 9.99639E-05 0.415338 9.99639E-05 9.99639E-05 0.0495178 0.0182178
0.0128142 0.461346 0.0516167 9.99639E-05 9.99639E-05 0.206672 9.99639E-05 0.0693134 9.99639E-05 0.197838
9.99459E-05 0.278263 0.171941 9.99459E-05 9.99459E-05 9.99459E-05 0.00186528 0.547331 9.99459E-05 9.99459E-05
9.99459E-05 0.230576 9.99459E-05 9.99459E-05 0.611532 9.99459E-05 9.99459E-05 0.120453 9.99459E-05 0.0368397
9.9982E-05 0.0505499 0.0308724 0.0284441 9.9982E-05 0.386061 0.101599 0.147651 0.138818 0.115804
0.0709356 0.55248 9.9982E-05 9.9982E-05 0.133459 0.0362378 0.0185909 0.0687239 0.0788561 0.0405167
9.99549E-05 0.353663 9.99549E-05 9.99549E-05 0.423418 9.99549E-05 9.99549E-05 0.073811 0.0382155 0.110392
9.99549E-05 0.888 9.99549E-05 9.99549E-05 9.99549E-05 0.0209156 9.99549E-05 0.0345518 0.00616782 0.049865
0.0903699 0.696755 9.99459E-05 9.99459E-05 9.99459E-05 0.0790528 9.99459E-05 9.99459E-05 9.99459E-05 0.133223
9.99459E-05 0.826828 9.99459E-05 9.99459E-05 9.99459E-05 9.99459E-05 0.0516828 0.102276 9.99459E-05 0.0186131
9.99729E-05 0.111038 9.99729E-05 0.0446036 9.99729E-05 0.472124 0.0115686 0.175806 0.0941786 0.090381
9.99549E-05 9.99549E-05 9.99549E-05 0.0396556 9.99549E-05 0.448577 0.0775507 0.423705 0.010012 9.99549E-05
0.0732097 0.0771956 0.0907069 0.0125132 0.590713 9.9982E-05 0.0492509 0.080272 0.0259393 9.9982E-05
9.9946E-05 0.624251 0.118865 9.9946E-05 9.9946E-05 9.9946E-05 0.0127069 9.9946E-05 0.243577 9.9946E-05
9.9982E-05 0.0131047 0.166516 0.0645494 0.054708 0.407815 0.103289 0.0422452 0.147573 9.9982E-05
9.99549E-05 0.0762444 0.588375 0.0039606 9.99549E-05 9.99549E-05 9.99549E-05 0.14566 0.18526 9.99549E-05
9.9946E-05 0.0499345 0.0896356 9.9946E-05 9.9946E-05 0.0814534 9.9946E-05 0.778377 9.9946E-05 9.9946E-05
9.99549E-05 0.0690358 0.430749 9.99549E-05 9.99549E-05 9.99549E-05 0.0155514 0.328439 0.155726 9.99549E-05
