0.0178263 9.9955E-05 0.273556 0.128333 0.496342 9.9955E-05 9.9955E-05 0.0491659 9.9955E-05 0.0205163 9.9955E-05 0.0137609
0.00907773 9.99369E-05 0.213309 0.346412 0.350692 9.99369E-05 9.99369E-05 9.99369E-05 9.99369E-05 0.0798097 9.99369E-05 9.99369E-05
0.0320574 0.0869244 0.052359 9.99549E-05 0.0413164 9.99549E-05 9.99549E-05 0.0266106 9.99549E-05 0.726123 0.0341097 9.99549E-05
9.99459E-05 0.00630604 9.99459E-05 0.370366 0.314865 9.99459E-05 9.99459E-05 0.0350077 9.99459E-05 9.99459E-05 0.0494895 0.223367
0.210099 0.0622072 0.0238802 0.369332 9.99459E-05 9.99459E-05 9.99459E-05 9.99459E-05 9.99459E-05 9.99459E-05 0.18033 0.153552
0.0257956 0.267957 0.0929015 0.0448936 0.378806 9.99639E-05 0.0226704 9.99639E-05 0.0344321 0.132145 9.99639E-05 9.99639E-05
9.99279E-05 9.99279E-05 9.99279E-05 9.99279E-05 0.279367 0.018113 9.99279E-05 9.99279E-05 0.0141308 0.68759 9.99279E-05 9.99279E-05
9.9937E-05 0.145245 0.280524 9.9937E-05 0.290245 9.9937E-05 0.0250074 9.9937E-05 9.9937E-05 0.258278 9.9937E-05 9.9937E-05
9.99459E-05 0.0298016 0.143017 0.327867 0.316943 9.99459E-05 9.99459E-05 9.99459E-05 0.0418879 9.99459E-05 9.99459E-05 0.139884
9.99279E-05 0.416896 9.99279E-05 9.99279E-05 9.99279E-05 0.20026 9.99279E-05 0.0673655 9.99279E-05 0.314679 9.99279E-05 9.99279E-05
0.0529525 0.0450549 0.0144535 0.61074 0.195902 9.9955E-05 9.9955E-05 0.0517483 9.9955E-05 9.9955E-05 0.0286481 9.9955E-05
9.99279E-05 0.204347 0.143828 0.512298 9.99279E-05 9.99279E-05 9.99279E-05 9.99279E-05 9.99279E-05 9.99279E-05 9.99279E-05 0.138728
0.20531 9.9973E-05 9.9973E-05 0.122445 0.198251 9.9973E-05 0.0161283 0.0056872 0.0479126 0.163292 0.0165388 0.224136
9.99279E-05 0.153922 9.99279E-05 9.99279E-05 0.356946 9.99279E-05 9.99279E-05 9.99279E-05 0.0517881 0.436545 9.99279E-05 9.99279E-05
9.99369E-05 0.0534039 0.120965 0.782701 9.99369E-05 0.0224939 9.99369E-05 9.99369E-05 9.99369E-05 9.99369E-05 0.0197365 9.99369E-05
9.99549E-05 0.0734689 9.99549E-05 9.99549E-05 0.144979 0.240165 0.0532277 0.0347009 9.99549E-05 0.439343 0.0136154 9.99549E-05
9.99189E-05 9.99189E-05 9.99189E-05 9.99189E-05 0.406632 9.99189E-05 9.99189E-05 9.99189E-05 9.99189E-05 0.563208 9.99189E-05 0.0292604
9.99279E-05 9.99279E-05 0.0282978 0.0891879 0.277731 9.99279E-05 9.99279E-05 9.99279E-05 9.99279E-05 0.603984 9.99279E-05 9.99279E-05
0.0120276 9.9955E-05 0.0980005 0.291805 0.12991 9.9955E-05 9.9955E-05 9.9955E-05 0.0403759 0.151489 9.9955E-05 0.275891
0.0126295 9.99369E-05 9.99369E-05 9.99369E-05 0.00880913 0.0303138 9.99369E-05 0.789334 9.99369E-05 9.99369E-05 0.158214 9.99369E-05
9.991E-05 9.991E-05 9.991E-05 9.991E-05 9.991E-05 9.991E-05 9.991E-05 0.842785 9.991E-05 9.991E-05 9.991E-05 0.156216
0.00223137 9.99188E-05 9.99188E-05 9.99188E-05 0.112344 9.99188E-05 9.99188E-05 0.884526 9.99188E-05 9.99188E-05 9.99188E-05 9.99188E-05
9.99279E-05 9.99279E-05 0.00716906 9.99279E-05 9.99279E-05 9.99279E-05 9.99279E-05 0.61912 9.99279E-05 9.99279E-05 0.0294141 0.343497
9.99279E-05 9.99279E-05 0.00141078 0.168505 9.99279E-05 9.99279E-05 9.99279E-05 0.755855 9.99279E-05 9.99279E-05 9.99279E-05 0.07343
9.99458E-05 0.0340822 9.99458E-05 9.99458E-05 0.0252839 9.99458E-05 0.195672 0.409229 0.128755 0.206378 9.99458E-05 9.99458E-05
9.99368E-05 9.99368E-05 0.120908 0.242298 9.99368E-05 9.99368E-05 9.99368E-05 0.310742 0.282157 9.99368E-05 0.0431959 9.99368E-05
9.99279E-05 9.99279E-05 9.99279E-05 9.99279E-05 9.99279E-05 0.440994 0.283379 0.238803 9.99279E-05 9.99279E-05 0.0360249 9.99279E-05
0.0629962 9.9955E-05 0.220954 9.9955E-05 9.9955E-05 0.102458 9.9955E-05 0.278651 0.0193949 9.9955E-05 0.262599 0.0524471
0.0188611 9.99459E-05 9.99459E-05 9.99459E-05 0.103995 0.00571289 0.0190072 0.802156 0.0496676 9.99459E-05 9.99459E-05 9.99459E-05
9.99189E-05 9.99189E-05 9.99189E-05 9.99189E-05 9.99189E-05 9.99189E-05 9.99189E-05 0.860324 9.99189E-05 9.99189E-05 0.000550152 0.138226
9.99461E-05 9.99461E-05 0.00983423 9.99461E-05 9.99461E-05 0.118402 0.09166 0.570085 9.99461E-05 0.101019 9.99461E-05 0.108401
0.0736478 9.99369E-05 9.99369E-05 9.99369E-05 0.0714469 9.99369E-05 0.123225 0.0242557 0.706725 9.99369E-05 9.99369E-05 9.99369E-05
9.99278E-05 9.99278E-05 9.99278E-05 9.99278E-05 9.99278E-05 0.173322 0.110161 0.571987 9.99278E-05 0.143731 9.99278E-05 9.99278E-05
9.99459E-05 9.99459E-05 0.0262228 9.99459E-05 0.0357063 9.99459E-05 0.0757964 0.597113 0.0860718 0.17849 9.99459E-05 9.99459E-05
9.99369E-05 0.0144338 9.99369E-05 0.0195459 9.99369E-05 9.99369E-05 9.99369E-05 0.835984 0.00515801 9.99369E-05 9.99369E-05 0.124179
9.99279E-05 9.99279E-05 9.99279E-05 0.160898 9.99279E-05 9.99279E-05 9.99279E-05 0.752123 9.99279E-05 9.99279E-05 0.0797875 0.00639216
9.99279E-05 9.99279E-05 9.99279E-05 0.103594 9.99279E-05 0.0882321 9.99279E-05 0.710407 9.99279E-05 9.99279E-05 0.0969672 9.99279E-05
9.99279E-05 9.99279E-05 0.0234115 9.99279E-05 9.99279E-05 9.99279E-05 9.99279E-05 0.654299 9.99279E-05 9.99279E-05 0.0294408 0.292049
9.99187E-05 9.99187E-05 9.99187E-05 9.99187E-05 0.145539 9.99187E-05 0.399446 9.99187E-05 9.99187E-05 9.99187E-05 0.454116 9.99187E-05
0.110426 9.9937E-05 9.9937E-05 9.9937E-05 0.00112599 0.0852474 0.754916 9.9937E-05 9.9937E-05 9.9937E-05 0.0475855 9.9937E-05
9.99369E-05 0.0767681 9.99369E-05 9.99369E-05 9.99369E-05 0.186588 0.64072 0.0495361 9.99369E-05 0.0456885 9.99369E-05 9.99369E-05
0.0192444 9.99459E-05 9.99459E-05 9.99459E-05 9.99459E-05 0.0408679 0.27384 9.99459E-05 0.0999891 9.99459E-05 0.243029 0.32243
9.99278E-05 9.99278E-05 9.99278E-05 9.99278E-05 0.171589 9.99278E-05 0.440116 0.246149 9.99278E-05 9.99278E-05 0.141347 9.99278E-05
0.0283376 0.0751385 9.99549E-05 0.0899725 9.99549E-05 9.99549E-05 0.632294 0.0627951 0.0512442 0.0597189 9.99549E-05 9.99549E-05
9.993E-05 9.993E-05 0.184344 0.0907916 9.993E-05 9.993E-05 9.993E-05 9.993E-05 0.47837 9.993E-05 0.0856597 0.160134
9.99279E-05 9.99279E-05 0.0362258 0.261153 9.99279E-05 9.99279E-05 0.182775 9.99279E-05 9.99279E-05 9.99279E-05 0.519047 9.99279E-05
9.99369E-05 0.0238039 9.99369E-05 9.99369E-05 9.99369E-05 0.00256404 0.609129 0.157657 9.99369E-05 0.206146 9.99369E-05 9.99369E-05
9.99188E-05 9.99188E-05 9.99188E-05 9.99188E-05 0.151859 9.99188E-05 0.496429 9.99188E-05 9.99188E-05 9.99188E-05 0.350812 9.99188E-05
0.0343096 9.99279E-05 9.99279E-05 0.00937684 9.99279E-05 0.485757 0.469757 9.99279E-05 9.99279E-05 9.99279E-05 9.99279E-05 9.99279E-05
9.99369E-05 9.99369E-05 0.193943 0.00662796 0.0562526 9.99369E-05 0.272567 9.99369E-05 9.99369E-05 9.99369E-05 0.46991 9.99369E-05
0.0557433 9.99279E-05 9.99279E-05 9.99279E-05 9.99279E-05 0.127104 0.650631 9.99279E-05 9.99279E-05 9.99279E-05 0.165722 9.99279E-05
0.0829407 9.9937E-05 9.9937E-05 9.9937E-05 9.9937E-05 9.9937E-05 0.365654 0.0810883 9.9937E-05 9.9937E-05 0.240457 0.229161
9.99459E-05 0.00827651 9.99459E-05 0.314252 9.99459E-05 9.99459E-05 0.0670428 0.0820002 0.288651 9.99459E-05 0.239178 9.99459E-05
9.99369E-05 9.99369E-05 9.99369E-05 0.430873 9.99369E-05 9.99369E-05 0.361373 0.0284155 0.0151566 9.99369E-05 0.163482 9.99369E-05
9.9955E-05 9.9955E-05 0.171032 9.9955E-05 9.9955E-05 0.0348442 0.128372 0.0273303 0.050865 9.9955E-05 0.232287 0.35477
9.99369E-05 9.99369E-05 0.231164 9.99369E-05 9.99369E-05 9.99369E-05 0.000986148 0.37091 0.0134095 9.99369E-05 9.99369E-05 0.382831
0.0252746 9.99368E-05 9.99368E-05 9.99368E-05 0.0988431 9.99368E-05 0.558957 9.99368E-05 0.115611 9.99368E-05 0.200614 9.99368E-05
0.0610886 0.00801339 9.9964E-05 9.9964E-05 9.9964E-05 0.0929444 0.335753 0.0805513 0.0708894 9.9964E-05 0.299885 0.0504748
0.0662829 9.99369E-05 0.00894997 9.99369E-05 0.095521 0.0187544 0.809792 9.99369E-05 9.99369E-05 9.99369E-05 9.99369E-05 9.99369E-05
9.99279E-05 9.99279E-05 9.99279E-05 9.99279E-05 0.0354143 9.99279E-05 0.180131 0.000666212 9.99279E-05 9.99279E-05 0.782989 9.99279E-05
9.99458E-05 9.99458E-05 9.99458E-05 0.0100926 0.129213 9.99458E-05 0.159693 0.0087878 0.207731 9.99458E-05 0.483882 9.99458E-05
9.99278E-05 9.99278E-05 0.0855033 0.19259 9.99278E-05 9.99278E-05 0.36833 9.99278E-05 9.99278E-05 9.99278E-05 0.352777 9.99278E-05
0.122175 9.99369E-05 9.99369E-05 9.99369E-05 9.99369E-05 0.0201633 0.137124 9.99369E-05 0.648334 0.0715038 9.99369E-05 9.99369E-05
9.99459E-05 9.99459E-05 9.99459E-05 9.99459E-05 9.99459E-05 9.99459E-05 0.045619 0.0229688 0.0270001 0.0255466 0.570196 0.30807
9.99279E-05 9.99279E-05 9.99279E-05 9.99279E-05 9.99279E-05 9.99279E-05 0.224019 9.99279E-05 0.0863838 0.484463 0.204335 9.99279E-05
9.99459E-05 9.99459E-05 0.0043218 0.271455 0.0499013 9.99459E-05 9.99459E-05 0.0794022 0.456784 9.99459E-05 0.137536 9.99459E-05
9.99279E-05 9.99279E-05 0.0785573 9.99279E-05 9.99279E-05 9.99279E-05 9.99279E-05 9.99279E-05 9.99279E-05 0.0112197 0.887695 0.021729
9.9946E-05 0.0019445 0.0132216 0.0320477 9.9946E-05 0.0394086 9.9946E-05 9.9946E-05 9.9946E-05 0.091904 0.820874 9.9946E-05
9.99188E-05 9.99188E-05 0.0993499 0.102147 9.99188E-05 9.99188E-05 9.99188E-05 9.99188E-05 0.797604 9.99188E-05 9.99188E-05 9.99188E-05
9.99279E-05 9.99279E-05 0.01733 9.99279E-05 0.167402 9.99279E-05 9.99279E-05 0.126606 0.687863 9.99279E-05 9.99279E-05 9.99279E-05
9.99188E-05 9.99188E-05 9.99188E-05 9.99188E-05 9.99188E-05 0.295615 0.0382217 9.99188E-05 0.665264 9.99188E-05 9.99188E-05 9.99188E-05
9.99369E-05 9.99369E-05 9.99369E-05 9.99369E-05 9.99369E-05 0.0421797 0.36348 9.99369E-05 0.0918052 0.342536 0.159299 9.99369E-05
9.99279E-05 9.99279E-05 0.164321 9.99279E-05 9.99279E-05 9.99279E-05 9.99279E-05 0.621882 9.99279E-05 9.99279E-05 0.0183991 0.194599
9.99368E-05 9.99368E-05 9.99368E-05 9.99368E-05 9.99368E-05 0.030546 0.32021 9.99368E-05 0.118813 0.218024 0.311707 9.99368E-05
9.99188E-05 9.99188E-05 9.99188E-05 0.0107913 9.99188E-05 9.99188E-05 9.99188E-05 9.99188E-05 0.471629 9.99188E-05 0.51668 9.99188E-05
9.99189E-05 9.99189E-05 9.99189E-05 0.243439 9.99189E-05 9.99189E-05 9.99189E-05 9.99189E-05 0.655682 9.99189E-05 9.99189E-05 0.0999794
9.99278E-05 9.99278E-05 9.99278E-05 9.99278E-05 9.99278E-05 0.0391434 0.10957 0.700535 9.99278E-05 0.149952 9.99278E-05 9.99278E-05
9.9937E-05 9.9937E-05 9.9937E-05 9.9937E-05 9.9937E-05 0.266044 0.247672 0.143537 0.152316 0.189732 9.9937E-05 9.9937E-05
9.99278E-05 9.99278E-05 9.99278E-05 9.99278E-05 0.0102388 9.99278E-05 0.169091 0.672622 9.99278E-05 0.147249 9.99278E-05 9.99278E-05
0.0499748 9.99549E-05 0.0264548 9.99549E-05 0.13187 9.99549E-05 0.0192793 0.224195 0.536982 9.99549E-05 0.0107447 9.99549E-05
0.0381718 9.9946E-05 9.9946E-05 9.9946E-05 9.9946E-05 0.427034 0.223047 0.0867635 0.208488 9.9946E-05 0.0158966 9.9946E-05
9.99369E-05 9.99369E-05 9.99369E-05 9.99369E-05 9.99369E-05 9.99369E-05 0.150422 0.156646 0.167923 9.99369E-05 0.235406 0.288904
0.0172422 9.99369E-05 9.99369E-05 9.99369E-05 9.99369E-05 9.99369E-05 0.428135 9.99369E-05 0.00162024 9.99369E-05 0.410641 0.141662
9.9946E-05 9.9946E-05 9.9946E-05 0.0560231 9.9946E-05 9.9946E-05 0.4093 0.0943 0.0559097 9.9946E-05 0.0807417 0.303126
9.99369E-05 0.04361 9.99369E-05 9.99369E-05 9.99369E-05 0.0344728 0.561401 9.99369E-05 9.99369E-05 0.156276 0.203541 9.99369E-05
0.0576139 9.99549E-05 9.99549E-05 9.99549E-05 0.0540109 0.0341955 0.0840677 0.0842148 0.0293024 9.99549E-05 0.656095 9.99549E-05
9.99369E-05 9.99369E-05 0.0455791 9.99369E-05 9.99369E-05 9.99369E-05 9.99369E-05 9.99369E-05 0.146078 0.0304686 0.684949 0.0922259
9.99548E-05 0.0429043 0.305847 9.99548E-05 0.010304 9.99548E-05 0.113942 0.253994 0.127862 0.144646 9.99548E-05 9.99548E-05
9.99188E-05 9.99188E-05 0.140821 9.99188E-05 9.99188E-05 9.99188E-05 0.630479 9.99188E-05 9.99188E-05 0.227801 9.99188E-05 9.99188E-05
9.99188E-05 9.99188E-05 0.642582 9.99188E-05 9.99188E-05 9.99188E-05 9.99188E-05 0.229254 0.127265 9.99188E-05 9.99188E-05 9.99188E-05
9.99368E-05 9.99368E-05 0.237268 9.99368E-05 9.99368E-05 9.99368E-05 0.441688 9.99368E-05 0.0900741 0.221022 0.00924798 9.99368E-05
9.99187E-05 9.99187E-05 0.414376 9.99187E-05 9.99187E-05 9.99187E-05 0.393942 9.99187E-05 9.99187E-05 0.190783 9.99187E-05 9.99187E-05
9.99278E-05 9.99278E-05 0.808839 9.99278E-05 9.99278E-05 9.99278E-05 9.99278E-05 0.0185035 0.00632492 9.99278E-05 0.165533 9.99278E-05
9.99458E-05 9.99458E-05 0.285061 9.99458E-05 0.0182868 9.99458E-05 0.366788 9.99458E-05 0.0856109 0.105259 0.138394 9.99458E-05
9.99368E-05 9.99368E-05 0.55845 9.99368E-05 0.0365379 9.99368E-05 0.366529 0.0354415 0.00234151 9.99368E-05 9.99368E-05 9.99368E-05
0.613771 9.99369E-05 9.99369E-05 9.99369E-05 9.99369E-05 0.298673 0.0523762 9.99369E-05 0.0225654 0.0119143 9.99369E-05 9.99369E-05
0.619105 9.9964E-05 0.000742748 9.9964E-05 0.0115959 0.126821 0.172407 0.0102422 9.9964E-05 0.0294369 9.9964E-05 0.0292489
0.766027 9.99279E-05 9.99279E-05 9.99279E-05 9.99279E-05 0.0052124 0.0343229 9.99279E-05 9.99279E-05 9.99279E-05 9.99279E-05 0.193639
0.50587 9.99189E-05 0.395035 0.0981964 9.99189E-05 9.99189E-05 9.99189E-05 9.99189E-05 9.99189E-05 9.99189E-05 9.99189E-05 9.99189E-05
0.61724 0.0773754 9.99278E-05 9.99278E-05 9.99278E-05 0.268475 9.99278E-05 9.99278E-05 9.99278E-05 0.0361095 9.99278E-05 9.99278E-05
0.13279 9.99458E-05 0.249126 0.10263 0.444518 9.99458E-05 9.99458E-05 9.99458E-05 9.99458E-05 0.0421827 9.99458E-05 0.0281536
0.42035 9.99098E-05 9.99098E-05 9.99098E-05 9.99098E-05 9.99098E-05 9.99098E-05 9.99098E-05 9.99098E-05 0.578651 9.99098E-05 9.99098E-05
0.719593 9.99278E-05 9.99278E-05 9.99278E-05 9.99278E-05 0.231061 0.0281622 9.99278E-05 0.0203849 9.99278E-05 9.99278E-05 9.99278E-05
0.632471 0.0228819 9.99549E-05 9.99549E-05 0.211953 9.99549E-05 0.00728594 0.0122635 0.088368 0.0242766 9.99549E-05 9.99549E-05
0.558247 9.99369E-05 9.99369E-05 0.186188 9.99369E-05 9.99369E-05 9.99369E-05 0.0424924 9.99369E-05 9.99369E-05 0.192861 0.0195116
0.284524 0.137232 9.99279E-05 9.99279E-05 9.99279E-05 0.520777 0.0566677 9.99279E-05 9.99279E-05 9.99279E-05 9.99279E-05 9.99279E-05
0.467677 0.048747 9.99459E-05 0.388175 9.99459E-05 9.99459E-05 9.99459E-05 0.0118308 9.99459E-05 0.00201267 0.0809583 9.99459E-05
0.717011 9.99369E-05 9.99369E-05 9.99369E-05 0.0428739 0.0639887 0.051287 9.99369E-05 9.99369E-05 0.124139 9.99369E-05 9.99369E-05
0.476455 9.99459E-05 0.0322796 0.0899599 0.324681 9.99459E-05 9.99459E-05 9.99459E-05 0.0398938 9.99459E-05 0.0361305 9.99459E-05
0.551747 0.0287765 0.0204001 9.99459E-05 0.280104 0.0558465 9.99459E-05 0.0625267 9.99459E-05 9.99459E-05 9.99459E-05 9.99459E-05
0.263637 9.99459E-05 9.99459E-05 0.0125516 0.230694 9.99459E-05 9.99459E-05 0.0229423 0.0401526 0.429423 9.99459E-05 9.99459E-05
0.433081 9.99368E-05 0.118382 0.307758 9.99368E-05 9.99368E-05 9.99368E-05 9.99368E-05 9.99368E-05 9.99368E-05 0.0768009 0.0632792
0.360799 9.99278E-05 0.0364713 9.99278E-05 9.99278E-05 9.99278E-05 9.99278E-05 9.99278E-05 9.99278E-05 0.0168564 9.99278E-05 0.585074
0.557295 0.0714124 0.000461361 9.99459E-05 0.141472 9.99459E-05 0.155496 0.0732636 9.99459E-05 9.99459E-05 9.99459E-05 9.99459E-05
0.666487 9.99189E-05 9.99189E-05 9.99189E-05 9.99189E-05 9.99189E-05 0.0303287 9.99189E-05 9.99189E-05 0.302285 9.99189E-05 9.99189E-05
0.685075 0.0148782 9.99369E-05 9.99369E-05 0.150344 9.99369E-05 9.99369E-05 0.0568314 9.99369E-05 9.99369E-05 0.0921712 9.99369E-05
0.669501 9.99099E-05 9.99099E-05 9.99099E-05 9.99099E-05 9.99099E-05 9.99099E-05 9.99099E-05 9.99099E-05 9.99099E-05 9.99099E-05 0.3295
0.0260909 0.0175777 0.192381 0.211583 0.3608 9.9955E-05 9.9955E-05 9.9955E-05 9.9955E-05 9.9955E-05 0.169628 0.0214397
9.99188E-05 0.701238 0.0378059 9.99188E-05 9.99188E-05 9.99188E-05 9.99188E-05 9.99188E-05 9.99188E-05 0.260056 9.99188E-05 9.99188E-05
0.00306891 0.00903751 0.0957345 0.0417361 0.201883 0.00497884 0.00744275 9.99729E-05 9.99729E-05 0.0658573 9.99729E-05 0.569961
9.99459E-05 0.0395377 9.99459E-05 9.99459E-05 0.678315 0.0722555 0.0139722 0.00414051 9.99459E-05 0.191179 9.99459E-05 9.99459E-05
9.99188E-05 0.608725 9.99188E-05 9.99188E-05 9.99188E-05 0.36294 0.0274354 9.99188E-05 9.99188E-05 9.99188E-05 9.99188E-05 9.99188E-05
9.99189E-05 9.99189E-05 9.99189E-05 0.575159 0.238457 9.99189E-05 9.99189E-05 9.99189E-05 9.99189E-05 9.99189E-05 9.99189E-05 0.185485
9.99279E-05 0.691963 9.99279E-05 0.224089 9.99279E-05 9.99279E-05 9.99279E-05 0.0464654 9.99279E-05 9.99279E-05 0.0366837 9.99279E-05
0.0129857 9.99639E-05 0.104861 0.0157832 0.539216 9.99639E-05 0.0127583 9.99639E-05 9.99639E-05 0.217057 0.0953491 0.00159052
9.99188E-05 0.702122 9.99188E-05 9.99188E-05 9.99188E-05 9.99188E-05 9.99188E-05 0.00171784 9.99188E-05 9.99188E-05 9.99188E-05 0.295261
9.99279E-05 0.317993 9.99279E-05 9.99279E-05 9.99279E-05 0.145913 9.99279E-05 9.99279E-05 9.99279E-05 0.515744 9.99279E-05 0.0195506
0.0110625 0.164289 9.99459E-05 0.485389 0.149239 9.99459E-05 9.99459E-05 9.99459E-05 9.99459E-05 9.99459E-05 0.143746 0.0456753
9.99189E-05 0.508787 0.0496186 9.99189E-05 9.99189E-05 9.99189E-05 9.99189E-05 9.99189E-05 9.99189E-05 9.99189E-05 9.99189E-05 0.440695
9.99279E-05 0.512875 9.99279E-05 9.99279E-05 9.99279E-05 0.335589 0.0195377 9.99279E-05 9.99279E-05 0.131199 9.99279E-05 9.99279E-05
0.00406254 9.99459E-05 0.123734 0.690732 0.0609714 0.00968283 9.99459E-05 9.99459E-05 9.99459E-05 9.99459E-05 9.99459E-05 0.110217
9.99278E-05 0.498535 9.99278E-05 0.216781 9.99278E-05 9.99278E-05 9.99278E-05 9.99278E-05 9.99278E-05 9.99278E-05 0.0297072 0.254177
9.99278E-05 9.99278E-05 9.99278E-05 0.377744 0.150965 9.99278E-05 9.99278E-05 9.99278E-05 9.99278E-05 0.149151 9.99278E-05 0.321341
9.99098E-05 0.581087 9.99098E-05 9.99098E-05 9.99098E-05 0.417914 9.99098E-05 9.99098E-05 9.99098E-05 9.99098E-05 9.99098E-05 9.99098E-05
9.99368E-05 0.323332 0.00904611 0.313063 9.99368E-05 9.99368E-05 9.99368E-05 9.99368E-05 9.99368E-05 9.99368E-05 0.00250517 0.351355
0.0625428 9.99369E-05 0.113772 0.528769 0.211564 9.99369E-05 9.99369E-05 9.99369E-05 9.99369E-05 9.99369E-05 0.0826515 9.99369E-05
9.99278E-05 0.0842036 0.162267 9.99278E-05 0.517553 9.99278E-05 9.99278E-05 9.99278E-05 9.99278E-05 0.235177 9.99278E-05 9.99278E-05
0.0570638 9.99551E-05 0.219129 9.99551E-05 0.171695 0.163983 9.99551E-05 9.99551E-05 9.99551E-05 0.0294895 0.00938699 0.348753
9.9973E-05 0.0744629 0.0565432 0.0537541 0.335409 0.00530957 9.9973E-05 0.0317631 9.9973E-05 0.0210551 0.0132133 0.40819
9.99278E-05 0.55307 9.99278E-05 9.99278E-05 0.0227111 0.277001 9.99278E-05 9.99278E-05 9.99278E-05 0.146418 9.99278E-05 9.99278E-05
9.99549E-05 0.117242 9.99549E-05 0.476595 0.0757741 9.99549E-05 0.0707844 0.0469407 0.0590793 0.153084 9.99549E-05 9.99549E-05
9.99187E-05 0.552837 0.171291 9.99187E-05 0.274973 9.99187E-05 9.99187E-05 9.99187E-05 9.99187E-05 9.99187E-05 9.99187E-05 9.99187E-05
0.169886 0.11889 9.99549E-05 9.99549E-05 0.336647 0.189183 0.064783 9.99549E-05 0.0992406 0.0208699 9.99549E-05 9.99549E-05
0.124513 0.180634 9.99729E-05 0.385491 0.00923699 9.99729E-05 0.0228856 0.00698355 0.0774468 9.99729E-05 0.00562892 0.18688
0.312008 0.198343 9.9946E-05 9.9946E-05 0.265969 0.0222931 9.9946E-05 0.0166684 9.9946E-05 9.9946E-05 0.184119 9.9946E-05
9.9964E-05 0.0521534 9.9964E-05 9.9964E-05 9.9964E-05 0.70434 0.0153154 0.0361749 0.0498939 0.105347 0.0049664 0.0314095
0.0885563 0.226567 9.99459E-05 9.99459E-05 0.327771 0.0281572 9.99459E-05 9.99459E-05 0.146762 0.181587 9.99459E-05 9.99459E-05
0.0974364 0.116555 9.99549E-05 9.99549E-05 0.249909 0.129021 0.0480499 0.0300185 9.99549E-05 0.32851 9.99549E-05 9.99549E-05
9.99459E-05 0.110055 9.99459E-05 0.261415 0.190168 0.223167 9.99459E-05 0.0760015 9.99459E-05 9.99459E-05 0.138594 9.99459E-05
9.99278E-05 0.0615551 9.99278E-05 9.99278E-05 0.233064 0.399944 9.99278E-05 9.99278E-05 9.99278E-05 0.304638 9.99278E-05 9.99278E-05
9.99278E-05 9.99278E-05 9.99278E-05 0.445919 0.187449 9.99278E-05 9.99278E-05 9.99278E-05 9.99278E-05 0.0257725 9.99278E-05 0.340061
9.99278E-05 0.109475 9.99278E-05 9.99278E-05 0.377665 0.356209 9.99278E-05 9.99278E-05 9.99278E-05 0.155852 9.99278E-05 9.99278E-05
0.0205852 0.311918 0.0290548 9.9946E-05 0.094718 0.145359 9.9946E-05 9.9946E-05 9.9946E-05 9.9946E-05 9.9946E-05 0.397764
0.127625 0.147149 9.99459E-05 0.189149 0.0542523 9.99459E-05 9.99459E-05 9.99459E-05 9.99459E-05 9.99459E-05 0.00181556 0.47941
0.132019 0.132413 9.9955E-05 9.9955E-05 0.546788 9.9955E-05 0.0459445 0.0301448 0.00987518 9.9955E-05 0.102316 9.9955E-05
0.122196 9.99549E-05 0.0206763 0.0529317 0.556264 9.99549E-05 9.99549E-05 9.99549E-05 0.0152738 0.159226 0.0729327 9.99549E-05
0.14329 0.114357 9.9955E-05 9.9955E-05 0.59009 0.0245442 9.9955E-05 0.0728471 0.0220851 9.9955E-05 0.0322867 9.9955E-05
0.158553 9.99279E-05 9.99279E-05 9.99279E-05 0.304406 0.108948 9.99279E-05 9.99279E-05 9.99279E-05 9.99279E-05 9.99279E-05 0.427293
0.0647839 0.00233716 9.99459E-05 9.99459E-05 0.138549 0.659755 0.0135575 9.99459E-05 9.99459E-05 0.120418 9.99459E-05 9.99459E-05
0.0245705 0.355004 9.99279E-05 9.99279E-05 9.99279E-05 0.59286 9.99279E-05 9.99279E-05 9.99279E-05 0.0267659 9.99279E-05 9.99279E-05
9.99369E-05 0.219175 9.99369E-05 9.99369E-05 0.14985 9.99369E-05 0.0109843 9.99369E-05 0.0878889 0.531403 9.99369E-05 9.99369E-05
9.99369E-05 0.241895 9.99369E-05 9.99369E-05 0.126247 0.46576 0.13807 9.99369E-05 9.99369E-05 0.0273285 9.99369E-05 9.99369E-05
0.0244357 9.9919E-05 9.9919E-05 0.112829 9.9919E-05 0.861836 9.9919E-05 9.9919E-05 9.9919E-05 9.9919E-05 9.9919E-05 9.9919E-05
0.0346195 0.33484 0.0145333 0.0172864 9.99549E-05 9.99549E-05 0.127611 0.0163246 9.99549E-05 0.454286 9.99549E-05 9.99549E-05
9.99368E-05 0.0820149 9.99368E-05 9.99368E-05 0.426522 0.0999394 9.99368E-05 9.99368E-05 9.99368E-05 0.390382 9.99368E-05 0.000442873
9.9937E-05 0.00550676 0.451258 0.450734 9.9937E-05 0.0358959 9.9937E-05 9.9937E-05 9.9937E-05 9.9937E-05 9.9937E-05 0.055905
9.99369E-05 9.99369E-05 0.0719009 0.612577 9.99369E-05 9.99369E-05 9.99369E-05 9.99369E-05 0.0655612 0.0707616 9.99369E-05 0.1785
9.99368E-05 9.99368E-05 0.138164 0.127182 0.187772 9.99368E-05 9.99368E-05 9.99368E-05 0.0554491 0.490732 9.99368E-05 9.99368E-05
9.99369E-05 9.99369E-05 0.00276238 0.834873 9.99369E-05 9.99369E-05 9.99369E-05 9.99369E-05 0.0556987 0.0814003 9.99369E-05 0.0245659
0.0280103 9.99279E-05 0.226054 0.652282 9.99279E-05 9.99279E-05 9.99279E-05 9.99279E-05 9.99279E-05 9.99279E-05 9.99279E-05 0.0928535
9.99459E-05 9.99459E-05 0.0902874 0.105655 0.0448212 9.99459E-05 9.99459E-05 0.0451902 9.99459E-05 0.126413 9.99459E-05 0.587033
9.99369E-05 9.99369E-05 0.140468 0.48121 9.99369E-05 9.99369E-05 9.99369E-05 9.99369E-05 0.0158921 0.0680402 9.99369E-05 0.29369
9.9964E-05 0.01503 0.0677127 0.107021 0.0256526 0.0114361 9.9964E-05 0.0303593 0.0307393 0.711649 9.9964E-05 9.9964E-05
9.9919E-05 0.22161 9.9919E-05 9.9919E-05 9.9919E-05 0.352795 9.9919E-05 9.9919E-05 9.9919E-05 0.424695 9.9919E-05 9.9919E-05
0.0710536 9.99368E-05 0.403068 0.2587 0.205259 9.99368E-05 9.99368E-05 9.99368E-05 9.99368E-05 0.0612196 9.99368E-05 9.99368E-05
0.0722615 9.9928E-05 0.048845 9.9928E-05 9.9928E-05 9.9928E-05 9.9928E-05 9.9928E-05 0.00313841 0.874956 9.9928E-05 9.9928E-05
9.9946E-05 9.9946E-05 0.147223 0.0191895 0.069637 9.9946E-05 9.9946E-05 9.9946E-05 0.203557 0.554889 9.9946E-05 0.00490397
0.0102086 9.99368E-05 0.259184 0.238471 0.206291 9.99368E-05 9.99368E-05 9.99368E-05 9.99368E-05 0.285145 9.99368E-05 9.99368E-05
0.000852312 0.148602 9.99459E-05 9.99459E-05 0.0846683 0.00999 0.00393252 9.99459E-05 9.99459E-05 0.751355 9.99459E-05 9.99459E-05
0.117209 9.99549E-05 0.146476 0.121341 0.0501025 0.0189952 0.0179041 9.99549E-05 9.99549E-05 0.527473 9.99549E-05 9.99549E-05
9.9955E-05 0.212295 0.0628024 0.436364 0.0914044 9.9955E-05 0.101075 0.0801222 0.0154375 9.9955E-05 9.9955E-05 9.9955E-05
9.99549E-05 9.99549E-05 0.121059 0.0939979 0.141984 0.00589084 9.99549E-05 0.0395638 9.99549E-05 0.532443 0.0645622 9.99549E-05
0.182712 9.99369E-05 0.269791 0.0735843 0.0587513 9.99369E-05 9.99369E-05 9.99369E-05 9.99369E-05 0.414462 9.99369E-05 9.99369E-05
0.00612735 9.9973E-05 0.081854 0.795154 0.0024108 0.0388265 9.9973E-05 0.00190497 9.9973E-05 0.0431155 0.0297422 0.000564658
0.0290298 9.9937E-05 0.32247 0.306885 0.283209 9.9937E-05 9.9937E-05 9.9937E-05 9.9937E-05 0.0577069 9.9937E-05 9.9937E-05
9.9955E-05 9.9955E-05 0.0312887 9.9955E-05 9.9955E-05 0.154994 0.00155331 0.00430457 9.9955E-05 0.749646 0.0498043 0.00790856
0.0422136 9.99459E-05 0.0827812 0.0169082 0.243036 9.99459E-05 9.99459E-05 9.99459E-05 9.99459E-05 0.613499 9.99459E-05 0.000962665
9.99189E-05 0.178228 9.99189E-05 9.99189E-05 9.99189E-05 0.215994 9.99189E-05 9.99189E-05 9.99189E-05 0.604878 9.99189E-05 9.99189E-05
9.99279E-05 9.99279E-05 0.1584 0.612115 0.19874 9.99279E-05 9.99279E-05 9.99279E-05 9.99279E-05 9.99279E-05 9.99279E-05 0.0299459
9.99279E-05 9.99279E-05 0.323378 0.16296 0.438473 9.99279E-05 9.99279E-05 9.99279E-05 9.99279E-05 0.0743901 9.99279E-05 9.99279E-05
0.0228751 0.149469 9.99459E-05 9.99459E-05 9.99459E-05 0.0666021 0.0305375 9.99459E-05 0.00760827 0.722309 9.99459E-05 9.99459E-05
0.0290414 0.257022 0.068876 0.468394 9.9946E-05 9.9946E-05 9.9946E-05 9.9946E-05 9.9946E-05 9.9946E-05 0.096055 0.0800116
9.99279E-05 0.383746 9.99279E-05 0.52724 9.99279E-05 9.99279E-05 9.99279E-05 0.0484298 9.99279E-05 9.99279E-05 0.0397848 9.99279E-05
9.99549E-05 0.0581971 9.99549E-05 9.99549E-05 0.222853 0.228156 0.0952933 0.0145358 0.106496 0.273969 9.99549E-05 9.99549E-05
0.0988045 0.581836 9.99459E-05 9.99459E-05 0.148023 0.0846846 9.99459E-05 0.0266946 0.0593571 9.99459E-05 9.99459E-05 9.99459E-05
9.9946E-05 0.170995 0.122523 0.555384 9.9946E-05 0.00547692 9.9946E-05 0.11112 9.9946E-05 9.9946E-05 0.0339015 9.9946E-05
9.99279E-05 0.330778 0.121231 0.374343 9.99279E-05 9.99279E-05 9.99279E-05 9.99279E-05 9.99279E-05 9.99279E-05 9.99279E-05 0.172848
9.9937E-05 0.200757 0.0851995 0.442756 9.9937E-05 9.9937E-05 9.9937E-05 9.9937E-05 0.121781 9.9937E-05 9.9937E-05 0.148807
9.99099E-05 0.337153 9.99099E-05 9.99099E-05 9.99099E-05 0.661848 9.99099E-05 9.99099E-05 9.99099E-05 9.99099E-05 9.99099E-05 9.99099E-05
9.99369E-05 0.371369 0.0155284 9.99369E-05 0.191385 9.99369E-05 9.99369E-05 9.99369E-05 0.0635103 0.357507 9.99369E-05 9.99369E-05
0.31199 0.108469 0.00436549 0.183447 0.276781 9.99639E-05 9.99639E-05 0.00660279 0.0199883 9.99639E-05 0.0879569 9.99639E-05
0.0164918 0.286102 9.99279E-05 0.679655 9.99279E-05 9.99279E-05 9.99279E-05 9.99279E-05 0.0169523 9.99279E-05 9.99279E-05 9.99279E-05
0.090736 0.254697 9.99459E-05 9.99459E-05 0.121735 0.416233 0.0476557 9.99459E-05 9.99459E-05 0.0683434 9.99459E-05 9.99459E-05
9.99369E-05 0.160135 0.11647 9.99369E-05 0.444101 9.99369E-05 9.99369E-05 0.0292469 9.99369E-05 0.249348 9.99369E-05 9.99369E-05
9.99459E-05 0.241306 0.064358 0.0772862 0.184773 9.99459E-05 9.99459E-05 9.99459E-05 0.057721 0.373956 9.99459E-05 9.99459E-05
0.236769 0.274067 9.99459E-05 0.00925826 0.397334 9.99459E-05 9.99459E-05 0.0187623 9.99459E-05 9.99459E-05 0.0632098 9.99459E-05
0.178395 9.99279E-05 9.99279E-05 9.99279E-05 0.31207 9.99279E-05 0.0376285 9.99279E-05 9.99279E-05 0.471106 9.99279E-05 9.99279E-05
0.0560842 9.994E-05 0.1352 0.439102 0.185655 9.994E-05 9.994E-05 9.994E-05 9.994E-05 0.125612 0.0577472 9.994E-05
9.99459E-05 0.111643 0.0536505 0.213726 0.560041 9.99459E-05 9.99459E-05 9.99459E-05 0.0582154 9.99459E-05 0.00212456 9.99459E-05
9.9937E-05 0.253483 9.9937E-05 0.516038 9.9937E-05 9.9937E-05 9.9937E-05 0.0435265 9.9937E-05 9.9937E-05 0.0209327 0.16532
9.99549E-05 0.409243 9.99549E-05 0.0165514 0.00547581 9.99549E-05 0.139004 0.0250993 0.0409788 0.363149 9.99549E-05 9.99549E-05
9.99369E-05 0.236278 0.142145 0.582406 9.99369E-05 9.99369E-05 0.0231893 9.99369E-05 9.99369E-05 9.99369E-05 0.0152812 9.99369E-05
9.99369E-05 0.175776 0.0698073 0.316221 9.99369E-05 9.99369E-05 9.99369E-05 9.99369E-05 9.99369E-05 0.0192165 9.99369E-05 0.418279
9.99189E-05 0.277463 9.99189E-05 9.99189E-05 9.99189E-05 0.120219 9.99189E-05 9.99189E-05 9.99189E-05 0.601419 9.99189E-05 9.99189E-05
9.99459E-05 0.0236531 0.129833 0.218971 0.221967 0.00217407 9.99459E-05 9.99459E-05 9.99459E-05 0.402802 9.99459E-05 9.99459E-05
9.99459E-05 0.170042 0.0807542 9.99459E-05 0.106504 9.99459E-05 0.0450191 9.99459E-05 0.00837743 0.588703 9.99459E-05 9.99459E-05
9.9937E-05 0.0286595 0.377956 0.549979 9.9937E-05 9.9937E-05 9.9937E-05 9.9937E-05 9.9937E-05 9.9937E-05 0.0210544 0.0216519
0.0619762 0.00938471 0.234589 0.15155 9.9982E-05 0.001169 0.158488 0.0393555 9.9982E-05 0.00481282 0.0057817 0.332694
0.00470985 0.0430126 0.29939 0.508135 0.0396593 9.99639E-05 0.00189868 9.99639E-05 9.99639E-05 0.0341068 0.0686878 9.99639E-05
9.9928E-05 0.239115 9.9928E-05 9.9928E-05 9.9928E-05 0.0445971 9.9928E-05 0.0189795 9.9928E-05 0.696509 9.9928E-05 9.9928E-05
9.99369E-05 9.99369E-05 0.44 0.33772 0.113062 9.99369E-05 9.99369E-05 9.99369E-05 9.99369E-05 0.0576559 9.99369E-05 0.0508623
0.0900253 0.0636209 0.411494 0.419964 9.99369E-05 9.99369E-05 9.99369E-05 9.99369E-05 9.99369E-05 9.99369E-05 0.0141964 9.99369E-05
0.0953845 0.0294147 0.234246 0.600833 9.9946E-05 9.9946E-05 9.9946E-05 9.9946E-05 9.9946E-05 9.9946E-05 0.0236492 0.0158731
0.123365 0.00803019 9.9928E-05 9.9928E-05 9.9928E-05 0.0507319 9.9928E-05 9.9928E-05 9.9928E-05 0.817073 9.9928E-05 9.9928E-05
0.0148512 0.0650194 0.122844 0.243714 0.179329 9.99549E-05 0.0254228 9.99549E-05 9.99549E-05 0.34832 9.99549E-05 9.99549E-05
9.9955E-05 9.9955E-05 0.122217 0.592469 9.9955E-05 0.0720736 9.9955E-05 0.0567556 9.9955E-05 0.0730807 0.0352288 0.0476753
0.0750686 0.229724 0.183968 9.9955E-05 9.9955E-05 0.0436788 0.0298255 9.9955E-05 9.9955E-05 0.403196 9.9955E-05 0.0340399
0.0326346 9.9937E-05 0.376079 0.459928 9.9937E-05 9.9937E-05 9.9937E-05 9.9937E-05 9.9937E-05 9.9937E-05 0.0426018 0.0880569
0.0108832 9.9946E-05 9.9946E-05 9.9946E-05 0.242808 0.0934919 0.0296549 9.9946E-05 9.9946E-05 0.172271 9.9946E-05 0.450292
0.107259 0.137169 0.406476 0.106892 9.99369E-05 9.99369E-05 9.99369E-05 9.99369E-05 9.99369E-05 0.241504 9.99369E-05 9.99369E-05
9.9928E-05 0.124503 9.9928E-05 9.9928E-05 9.9928E-05 0.152055 9.9928E-05 0.0105634 9.9928E-05 0.712079 9.9928E-05 9.9928E-05
9.99459E-05 0.0595905 0.259151 0.125777 0.349092 9.99459E-05 9.99459E-05 9.99459E-05 0.0398526 0.165937 9.99459E-05 9.99459E-05
0.138211 0.111701 9.99639E-05 9.99639E-05 0.48277 0.111161 0.0428284 0.0475691 9.99639E-05 0.0629043 0.00245601 9.99639E-05
0.0743244 0.0873562 9.99459E-05 9.99459E-05 0.183785 0.538677 0.0389183 9.99459E-05 9.99459E-05 0.0763398 9.99459E-05 9.99459E-05
9.99549E-05 0.0206239 0.0649821 9.99549E-05 0.621129 9.99549E-05 0.0176374 9.99549E-05 0.00182928 0.259268 0.014031 9.99549E-05
0.489939 0.0751863 0.0542544 9.99368E-05 9.99368E-05 9.99368E-05 9.99368E-05 9.99368E-05 0.00229337 0.377628 9.99368E-05 9.99368E-05
9.99369E-05 0.141694 9.99369E-05 0.155871 0.360598 9.99369E-05 9.99369E-05 9.99369E-05 0.0452389 0.295899 9.99369E-05 9.99369E-05
9.99279E-05 0.0287971 9.99279E-05 0.423216 0.312607 9.99279E-05 9.99279E-05 9.99279E-05 9.99279E-05 9.99279E-05 9.99279E-05 0.23458
9.99369E-05 0.380725 9.99369E-05 9.99369E-05 0.100247 0.488046 0.02166 0.0086222 9.99369E-05 9.99369E-05 9.99369E-05 9.99369E-05
9.9955E-05 0.321995 0.0014323 0.0439201 9.9955E-05 0.000730113 9.9955E-05 0.0222088 9.9955E-05 9.9955E-05 0.0661673 0.543046
0.364512 9.99368E-05 0.300534 0.266845 0.0256063 9.99368E-05 9.99368E-05 9.99368E-05 9.99368E-05 9.99368E-05 9.99368E-05 0.0418025
0.0803468 9.99459E-05 9.99459E-05 0.500059 0.0838832 0.205884 9.99459E-05 0.0437522 9.99459E-05 9.99459E-05 0.0854753 9.99459E-05
0.177661 9.99459E-05 9.99459E-05 0.0261235 0.132505 0.532389 0.036857 9.99459E-05 9.99459E-05 0.093866 9.99459E-05 9.99459E-05
0.0964288 0.093119 9.99459E-05 9.99459E-05 0.0170398 0.444238 0.0192609 9.99459E-05 9.99459E-05 0.329314 9.99459E-05 9.99459E-05
9.9946E-05 0.174595 9.9946E-05 0.438694 9.9946E-05 9.9946E-05 9.9946E-05 0.0292216 0.000183248 0.0568599 9.9946E-05 0.299847
9.99459E-05 9.99459E-05 0.0118874 0.0746777 0.457426 9.99459E-05 0.00906965 9.99459E-05 0.0977355 0.348604 9.99459E-05 9.99459E-05
0.195296 0.0101855 9.99459E-05 0.0577999 0.564793 9.99459E-05 0.0898586 9.99459E-05 9.99459E-05 0.081467 9.99459E-05 9.99459E-05
0.119646 0.0520665 9.99459E-05 9.99459E-05 9.99459E-05 0.511729 0.00603477 9.99459E-05 0.0157242 0.2942 9.99459E-05 9.99459E-05
0.171903 0.00438531 9.9955E-05 0.0241544 0.548128 0.167462 9.9955E-05 0.0371597 9.9955E-05 9.9955E-05 0.0463077 9.9955E-05
0.0283727 0.127084 9.99549E-05 0.108181 0.329436 0.0474481 9.99549E-05 0.0722189 9.99549E-05 9.99549E-05 9.99549E-05 0.286759
9.99639E-05 9.99639E-05 0.0491506 0.752948 0.0775491 0.0360604 9.99639E-05 0.00839617 0.0580863 0.0016763 0.0157329 9.99639E-05
0.0652133 9.99279E-05 9.99279E-05 0.539181 0.291969 9.99279E-05 9.99279E-05 9.99279E-05 9.99279E-05 9.99279E-05 0.102837 9.99279E-05
0.228316 9.99459E-05 9.99459E-05 0.0246227 0.312035 0.0663505 9.99459E-05 9.99459E-05 9.99459E-05 9.99459E-05 0.0137354 0.35434
0.0575133 9.99369E-05 0.167839 9.99369E-05 9.99369E-05 0.0248106 9.99369E-05 0.00858096 9.99369E-05 0.740557 9.99369E-05 9.99369E-05
0.0974135 9.99279E-05 0.381071 0.511588 9.99279E-05 9.99279E-05 9.99279E-05 9.99279E-05 9.99279E-05 0.00912762 9.99279E-05 9.99279E-05
0.138152 0.0209921 0.136665 9.9928E-05 9.9928E-05 9.9928E-05 9.9928E-05 9.9928E-05 9.9928E-05 0.703392 9.9928E-05 9.9928E-05
0.210768 0.0302821 0.193005 0.0761496 0.103594 9.99458E-05 9.99458E-05 9.99458E-05 9.99458E-05 0.385601 9.99458E-05 9.99458E-05
9.99279E-05 9.99279E-05 0.489635 0.390483 0.114928 9.99279E-05 9.99279E-05 9.99279E-05 9.99279E-05 9.99279E-05 9.99279E-05 0.00415476
9.9946E-05 0.0365341 9.9946E-05 9.9946E-05 9.9946E-05 0.153182 0.0245899 0.0319844 9.9946E-05 0.74705 0.00606011 9.9946E-05
0.219584 9.99459E-05 9.99459E-05 0.00319412 0.310118 0.368859 0.0821738 9.99459E-05 9.99459E-05 0.0154713 9.99459E-05 9.99459E-05
9.99549E-05 0.0886837 9.99549E-05 9.99549E-05 0.345938 0.000401558 0.00124327 0.0108727 0.0118702 0.540491 9.99549E-05 9.99549E-05
0.0306421 9.99459E-05 9.99459E-05 0.378215 0.194321 0.207949 9.99459E-05 0.100518 9.99459E-05 9.99459E-05 0.0877552 9.99459E-05
0.0140583 0.135059 9.99549E-05 0.156379 0.418161 0.138109 9.99549E-05 0.0399251 0.0978089 9.99549E-05 9.99549E-05 9.99549E-05
9.99639E-05 0.116881 0.0743821 0.419943 0.0994637 0.0583998 9.99639E-05 0.0234338 0.0876598 0.119437 9.99639E-05 9.99639E-05
9.99459E-05 9.99459E-05 9.99459E-05 0.00122749 0.00172447 0.603633 0.0199928 9.99459E-05 9.99459E-05 0.327908 9.99459E-05 0.0449142
9.99549E-05 9.99549E-05 0.0470383 0.179611 0.0374171 0.0608872 9.99549E-05 9.99549E-05 0.0157131 0.056326 9.99549E-05 0.602508
0.0687367 9.99549E-05 0.021483 9.99549E-05 0.372075 0.0893973 0.0625871 9.99549E-05 0.219244 0.165977 9.99549E-05 9.99549E-05
0.113196 0.00222867 9.99639E-05 0.645497 9.99639E-05 9.99639E-05 0.0592579 0.028157 0.0621605 0.0256622 9.99639E-05 0.063441
9.99369E-05 9.99369E-05 0.127995 0.276614 9.99369E-05 0.11742 9.99369E-05 9.99369E-05 0.0314543 9.99369E-05 9.99369E-05 0.445816
9.99459E-05 9.99459E-05 9.99459E-05 0.667935 0.0429098 0.164322 9.99459E-05 0.0461304 0.00124223 9.99459E-05 0.0768607 9.99459E-05
9.99459E-05 0.0006157 9.99459E-05 0.763204 0.00200196 0.070927 9.99459E-05 0.0620158 0.100636 9.99459E-05 9.99459E-05 9.99459E-05
9.99279E-05 9.99279E-05 9.99279E-05 0.585372 9.99279E-05 0.22277 9.99279E-05 0.0669531 9.99279E-05 9.99279E-05 0.124105 9.99279E-05
0.0319305 9.99549E-05 0.0368773 9.99549E-05 0.446089 0.0139824 9.99549E-05 0.0321108 0.148122 0.290388 9.99549E-05 9.99549E-05
0.0396823 0.0990958 9.99459E-05 9.99459E-05 0.200186 9.99459E-05 0.105572 0.0240393 9.99459E-05 0.530825 9.99459E-05 9.99459E-05
0.000941968 0.160777 0.0428152 0.0966555 9.99639E-05 0.0462813 9.99639E-05 9.99639E-05 9.99639E-05 0.0378882 0.046777 0.567465
0.142844 9.99279E-05 9.99279E-05 0.334509 9.99279E-05 0.338606 9.99279E-05 9.99279E-05 9.99279E-05 9.99279E-05 0.183241 9.99279E-05
0.0813517 0.0945576 9.99729E-05 9.99729E-05 0.373249 0.160733 0.108933 0.0466631 0.00193168 0.0747139 9.99729E-05 0.0575669
9.99369E-05 0.147021 0.017469 9.99369E-05 9.99369E-05 0.807278 9.99369E-05 0.0138001 0.0137326 9.99369E-05 9.99369E-05 9.99369E-05
9.99191E-05 0.0318044 9.99191E-05 9.99191E-05 9.99191E-05 0.166641 9.99191E-05 9.99191E-05 9.99191E-05 0.800655 9.99191E-05 9.99191E-05
0.0110068 0.0700034 9.99549E-05 0.00189364 0.014862 0.673973 0.0601116 9.99549E-05 9.99549E-05 0.16765 9.99549E-05 9.99549E-05
