9.9892E-05 9.9892E-05 0.297055 9.9892E-05 9.9892E-05 0.027883 9.9892E-05 9.9892E-05 9.9892E-05 0.0306832 0.330833 9.9892E-05 0.083076 9.9892E-05 0.229271 9.9892E-05 9.9892E-05 9.9892E-05
9.99009E-05 0.134815 0.298898 0.0163632 9.99009E-05 9.99009E-05 9.99009E-05 9.99009E-05 9.99009E-05 9.99009E-05 0.204157 9.99009E-05 0.334572 9.99009E-05 0.000354525 9.99009E-05 9.99009E-05 0.00974144
0.171435 9.99098E-05 0.366185 9.99098E-05 9.99098E-05 9.99098E-05 0.26994 9.99098E-05 0.000230029 9.99098E-05 9.99098E-05 9.99098E-05 0.102269 9.99098E-05 9.99098E-05 0.015943 0.0278665 0.0451322
9.99008E-05 9.99008E-05 0.0712933 9.99008E-05 0.252653 0.000907463 9.99008E-05 9.99008E-05 0.0314278 9.99008E-05 0.428218 9.99008E-05 9.99008E-05 9.99008E-05 0.206296 0.00810568 9.99008E-05 9.99008E-05
9.99009E-05 9.99009E-05 9.99009E-05 9.99009E-05 0.173679 9.99009E-05 9.99009E-05 9.99009E-05 9.99009E-05 9.99009E-05 0.330658 9.99009E-05 0.153342 9.99009E-05 0.136499 0.127188 0.0113946 0.0661409
9.99008E-05 9.99008E-05 0.324766 0.0369353 9.99008E-05 9.99008E-05 0.0282186 9.99008E-05 0.19272 9.99008E-05 9.99008E-05 9.99008E-05 0.0685725 9.99008E-05 0.268193 9.99008E-05 0.0794964 9.99008E-05
0.180005 9.98918E-05 0.514129 9.98918E-05 0.0236268 9.98918E-05 0.255987 0.00938494 9.98918E-05 9.98918E-05 0.0156692 9.98918E-05 9.98918E-05 9.98918E-05 9.98918E-05 9.98918E-05 9.98918E-05 9.98918E-05
0.0126649 9.9919E-05 0.299729 0.0137323 9.9919E-05 9.9919E-05 0.122066 9.9919E-05 0.0994596 0.093906 9.9919E-05 9.9919E-05 0.223331 9.9919E-05 0.0881188 9.9919E-05 0.0460936 9.9919E-05
9.99009E-05 9.99009E-05 0.303611 9.99009E-05 0.165282 9.99009E-05 9.99009E-05 9.99009E-05 0.255605 0.0161325 0.0969324 9.99009E-05 0.127018 9.99009E-05 9.99009E-05 0.0343208 9.99009E-05 9.99009E-05
0.464879 9.98919E-05 9.98919E-05 9.98919E-05 9.98919E-05 0.0512255 0.170001 9.98919E-05 0.0522809 9.98919E-05 9.98919E-05 9.98919E-05 9.98919E-05 9.98919E-05 0.013202 9.98919E-05 0.247212 9.98919E-05
9.99098E-05 0.343468 0.19204 9.99098E-05 0.0985081 9.99098E-05 9.99098E-05 9.99098E-05 0.189989 9.99098E-05 0.0526846 9.99098E-05 0.0829072 9.99098E-05 9.99098E-05 0.00155338 9.99098E-05 0.0378506
0.0374531 0.0455528 0.0892982 9.99009E-05 9.99009E-05 9.99009E-05 9.99009E-05 9.99009E-05 0.368092 9.99009E-05 0.314267 0.129012 9.99009E-05 9.99009E-05 9.99009E-05 9.99009E-05 0.0152257 9.99009E-05
9.99008E-05 9.99008E-05 0.0445761 0.0297659 0.50871 9.99008E-05 0.1802 9.99008E-05 9.99008E-05 9.99008E-05 9.99008E-05 9.99008E-05 0.070081 9.99008E-05 9.99008E-05 0.0201575 9.99008E-05 0.145411
9.9865E-05 9.9865E-05 0.818291 0.00188047 9.9865E-05 9.9865E-05 9.9865E-05 9.9865E-05 9.9865E-05 9.9865E-05 9.9865E-05 9.9865E-05 9.9865E-05 9.9865E-05 9.9865E-05 9.9865E-05 0.17833 9.9865E-05
9.98738E-05 0.385259 0.086701 9.98738E-05 9.98738E-05 9.98738E-05 9.98738E-05 9.98738E-05 0.235684 9.98738E-05 0.290957 9.98738E-05 9.98738E-05 9.98738E-05 9.98738E-05 9.98738E-05 9.98738E-05 9.98738E-05
0.433785 9.99008E-05 9.99008E-05 0.0155065 9.99008E-05 0.00280118 0.357989 9.99008E-05 0.0514046 9.99008E-05 9.99008E-05 9.99008E-05 9.99008E-05 0.0108858 0.126529 9.99008E-05 9.99008E-05 9.99008E-05
0.150406 9.98829E-05 0.645343 9.98829E-05 0.0562022 9.98829E-05 0.124051 0.0227001 9.98829E-05 9.98829E-05 9.98829E-05 9.98829E-05 9.98829E-05 9.98829E-05 9.98829E-05 9.98829E-05 9.98829E-05 9.98829E-05
9.98828E-05 0.0188427 0.648066 9.98828E-05 9.98828E-05 9.98828E-05 0.202509 9.98828E-05 9.98828E-05 9.98828E-05 9.98828E-05 9.98828E-05 0.116048 9.98828E-05 9.98828E-05 9.98828E-05 9.98828E-05 0.0132353
9.9901E-05 9.9901E-05 0.311835 9.9901E-05 0.160252 9.9901E-05 9.9901E-05 9.9901E-05 0.128429 9.9901E-05 0.190065 0.117696 0.0400727 9.9901E-05 9.9901E-05 9.9901E-05 9.9901E-05 0.050551
9.98739E-05 0.138369 9.98739E-05 9.98739E-05 9.98739E-05 0.740686 9.98739E-05 9.98739E-05 9.98739E-05 9.98739E-05 9.98739E-05 9.98739E-05 9.98739E-05 9.98739E-05 0.0560536 0.0634929 9.98739E-05 9.98739E-05
9.98739E-05 9.98739E-05 9.98739E-05 9.98739E-05 0.187677 0.794219 9.98739E-05 9.98739E-05 9.98739E-05 9.98739E-05 9.98739E-05 9.98739E-05 9.98739E-05 0.00262813 0.0140778 9.98739E-05 9.98739E-05 9.98739E-05
9.98557E-05 9.98557E-05 9.98557E-05 9.98557E-05 9.98557E-05 0.793844 9.98557E-05 9.98557E-05 9.98557E-05 9.98557E-05 9.98557E-05 9.98557E-05 9.98557E-05 9.98557E-05 0.204558 9.98557E-05 9.98557E-05 9.98557E-05
9.98738E-05 9.98738E-05 9.98738E-05 9.98738E-05 0.14638 0.60659 9.98738E-05 9.98738E-05 9.98738E-05 9.98738E-05 9.98738E-05 0.20937 9.98738E-05 9.98738E-05 9.98738E-05 0.0362616 9.98738E-05 9.98738E-05
9.98919E-05 0.0667978 9.98919E-05 9.98919E-05 0.00340574 0.712398 9.98919E-05 9.98919E-05 0.176467 0.0130493 0.0266834 9.98919E-05 9.98919E-05 9.98919E-05 9.98919E-05 9.98919E-05 9.98919E-05 9.98919E-05
0.0867231 9.99008E-05 0.224659 0.224647 9.99008E-05 0.449637 0.00025202 9.99008E-05 9.99008E-05 0.00802005 9.99008E-05 9.99008E-05 9.99008E-05 9.99008E-05 9.99008E-05 9.99008E-05 0.00496287 9.99008E-05
9.98918E-05 0.0797209 9.98918E-05 9.98918E-05 9.98918E-05 0.30192 9.98918E-05 9.98918E-05 0.138248 0.286798 0.102916 9.98918E-05 9.98918E-05 9.98918E-05 9.98918E-05 0.089199 9.98918E-05 9.98918E-05
9.98829E-05 9.98829E-05 9.98829E-05 0.193908 9.98829E-05 0.241727 0.147358 9.98829E-05 9.98829E-05 9.98829E-05 9.98829E-05 9.98829E-05 9.98829E-05 0.387376 9.98829E-05 0.0283317 9.98829E-05 9.98829E-05
9.9928E-05 0.126849 9.9928E-05 9.9928E-05 0.0566758 0.197827 9.9928E-05 0.0434283 9.9928E-05 0.253648 0.011214 0.0107183 9.9928E-05 0.0285039 0.122513 0.147823 9.9928E-05 9.9928E-05
0.0587244 9.98737E-05 9.98737E-05 0.0176239 9.98737E-05 0.786244 9.98737E-05 9.98737E-05 9.98737E-05 9.98737E-05 9.98737E-05 9.98737E-05 9.98737E-05 9.98737E-05 0.136009 9.98737E-05 9.98737E-05 9.98737E-05
9.98649E-05 9.98649E-05 9.98649E-05 9.98649E-05 0.122736 0.836686 9.98649E-05 9.98649E-05 0.0390809 9.98649E-05 9.98649E-05 9.98649E-05 9.98649E-05 9.98649E-05 9.98649E-05 9.98649E-05 9.98649E-05 9.98649E-05
0.00295663 9.99011E-05 9.99011E-05 0.0469052 9.99011E-05 0.518929 0.0873013 0.201826 0.0322269 9.99011E-05 9.99011E-05 9.99011E-05 9.99011E-05 0.108757 9.99011E-05 9.99011E-05 9.99011E-05 9.99011E-05
0.0517024 9.99188E-05 0.00857178 0.22645 9.99188E-05 0.134627 9.99188E-05 9.99188E-05 9.99188E-05 0.327978 9.99188E-05 9.99188E-05 9.99188E-05 0.0158237 0.117752 0.0419726 9.99188E-05 0.0742228
0.166243 9.98827E-05 9.98827E-05 0.0692053 9.98827E-05 0.577466 0.154853 9.98827E-05 9.98827E-05 9.98827E-05 9.98827E-05 9.98827E-05 9.98827E-05 0.0309344 9.98827E-05 9.98827E-05 9.98827E-05 9.98827E-05
9.98738E-05 9.98738E-05 0.240291 0.107543 9.98738E-05 0.618899 0.0318684 9.98738E-05 9.98738E-05 9.98738E-05 9.98738E-05 9.98738E-05 9.98738E-05 9.98738E-05 9.98738E-05 9.98738E-05 9.98738E-05 9.98738E-05
9.98648E-05 9.98648E-05 9.98648E-05 9.98648E-05 0.106169 0.784921 9.98648E-05 9.98648E-05 0.107412 9.98648E-05 9.98648E-05 9.98648E-05 9.98648E-05 9.98648E-05 9.98648E-05 9.98648E-05 9.98648E-05 9.98648E-05
9.98739E-05 0.159133 9.98739E-05 9.98739E-05 9.98739E-05 0.735938 9.98739E-05 9.98739E-05 9.98739E-05 9.98739E-05 0.066777 9.98739E-05 9.98739E-05 9.98739E-05 9.98739E-05 0.036754 9.98739E-05 9.98739E-05
9.98559E-05 0.329613 9.98559E-05 9.98559E-05 9.98559E-05 0.66879 9.98559E-05 9.98559E-05 9.98559E-05 9.98559E-05 9.98559E-05 9.98559E-05 9.98559E-05 9.98559E-05 9.98559E-05 9.98559E-05 9.98559E-05 9.98559E-05
9.98829E-05 9.98829E-05 9.98829E-05 9.98829E-05 0.013758 0.684372 9.98829E-05 9.98829E-05 9.98829E-05 9.98829E-05 0.0928043 0.175895 9.98829E-05 9.98829E-05 9.98829E-05 0.031872 9.98829E-05 9.98829E-05
9.98736E-05 9.98736E-05 9.98736E-05 0.427512 9.98736E-05 9.98736E-05 9.98736E-05 9.98736E-05 9.98736E-05 9.98736E-05 9.98736E-05 9.98736E-05 0.0191004 9.98736E-05 0.15352 0.398469 9.98736E-05 9.98736E-05
9.98829E-05 9.98829E-05 9.98829E-05 0.752434 9.98829E-05 9.98829E-05 9.98829E-05 0.0500812 9.98829E-05 9.98829E-05 9.98829E-05 9.98829E-05 9.98829E-05 0.146257 9.98829E-05 0.0223855 9.98829E-05 0.0275434
0.0896417 9.99009E-05 9.99009E-05 0.58686 9.99009E-05 0.0271387 0.104841 9.99009E-05 9.99009E-05 0.0151472 9.99009E-05 9.99009E-05 9.99009E-05 0.0589147 9.99009E-05 9.99009E-05 0.116358 9.99009E-05
9.99189E-05 9.99189E-05 9.99189E-05 0.22918 0.0894544 0.0171058 9.99189E-05 0.0242929 9.99189E-05 0.0549853 9.99189E-05 0.213642 9.99189E-05 0.0869946 0.0357476 0.247698 9.99189E-05 9.99189E-05
9.98737E-05 9.98737E-05 9.98737E-05 0.466863 9.98737E-05 0.229401 9.98737E-05 9.98737E-05 9.98737E-05 9.98737E-05 9.98737E-05 9.98737E-05 9.98737E-05 9.98737E-05 0.18785 0.114488 9.98737E-05 9.98737E-05
9.99009E-05 0.122785 9.99009E-05 0.670792 9.99009E-05 0.0422474 0.000553302 9.99009E-05 9.99009E-05 9.99009E-05 9.99009E-05 9.99009E-05 0.020941 9.99009E-05 9.99009E-05 9.99009E-05 0.105622 0.0359605
9.98739E-05 9.98739E-05 9.98739E-05 9.98739E-05 9.98739E-05 9.98739E-05 9.98739E-05 9.98739E-05 9.98739E-05 0.470826 0.240432 0.132721 9.98739E-05 9.98739E-05 9.98739E-05 0.154622 9.98739E-05 9.98739E-05
9.98829E-05 9.98829E-05 9.98829E-05 0.157466 9.98829E-05 9.98829E-05 9.98829E-05 9.98829E-05 0.144409 9.98829E-05 0.0387907 9.98829E-05 0.132801 9.98829E-05 9.98829E-05 0.525235 9.98829E-05 9.98829E-05
0.170616 9.98738E-05 9.98738E-05 0.57155 9.98738E-05 0.157699 0.0987369 9.98738E-05 9.98738E-05 9.98738E-05 9.98738E-05 9.98738E-05 9.98738E-05 9.98738E-05 9.98738E-05 9.98738E-05 9.98738E-05 9.98738E-05
9.98737E-05 9.98737E-05 9.98737E-05 0.507962 9.98737E-05 9.98737E-05 9.98737E-05 9.98737E-05 0.0220156 9.98737E-05 9.98737E-05 9.98737E-05 9.98737E-05 9.98737E-05 0.16921 0.299414 9.98737E-05 9.98737E-05
9.98559E-05 9.98559E-05 9.98559E-05 0.344952 9.98559E-05 9.98559E-05 9.98559E-05 9.98559E-05 9.98559E-05 9.98559E-05 9.98559E-05 9.98559E-05 9.98559E-05 0.65345 9.98559E-05 9.98559E-05 9.98559E-05 9.98559E-05
9.9892E-05 9.9892E-05 9.9892E-05 0.340579 9.9892E-05 9.9892E-05 9.9892E-05 0.00819386 9.9892E-05 0.0191003 9.9892E-05 0.00321188 0.247087 9.9892E-05 9.9892E-05 0.380629 9.9892E-05 9.9892E-05
9.98739E-05 9.98739E-05 9.98739E-05 0.632664 9.98739E-05 9.98739E-05 9.98739E-05 0.0177199 9.98739E-05 9.98739E-05 9.98739E-05 9.98739E-05 9.98739E-05 0.223476 9.98739E-05 0.124742 9.98739E-05 9.98739E-05
9.98741E-05 9.98741E-05 9.98741E-05 0.406052 0.365001 0.0476707 9.98741E-05 9.98741E-05 9.98741E-05 9.98741E-05 9.98741E-05 9.98741E-05 9.98741E-05 9.98741E-05 9.98741E-05 0.179878 9.98741E-05 9.98741E-05
9.99007E-05 0.217829 9.99007E-05 0.0855911 9.99007E-05 0.0825731 9.99007E-05 9.99007E-05 0.17367 0.118583 9.99007E-05 9.99007E-05 9.99007E-05 9.99007E-05 9.99007E-05 0.31182 0.00883412 9.99007E-05
9.98918E-05 0.160922 9.98918E-05 0.293038 9.98918E-05 9.98918E-05 9.98918E-05 9.98918E-05 0.319494 0.0206345 9.98918E-05 9.98918E-05 0.0581274 9.98918E-05 9.98918E-05 0.146585 9.98918E-05 9.98918E-05
9.9901E-05 9.9901E-05 9.9901E-05 0.132048 9.9901E-05 0.0300574 9.9901E-05 0.168759 9.9901E-05 0.0488025 0.0645132 0.326776 9.9901E-05 9.9901E-05 9.9901E-05 0.227945 9.9901E-05 9.9901E-05
9.98829E-05 9.98829E-05 9.98829E-05 9.98829E-05 9.98829E-05 0.339498 9.98829E-05 9.98829E-05 0.0110891 0.205552 0.00889674 0.433666 9.98829E-05 9.98829E-05 9.98829E-05 9.98829E-05 9.98829E-05 9.98829E-05
0.0269779 9.98917E-05 9.98917E-05 0.57117 9.98917E-05 9.98917E-05 9.98917E-05 9.98917E-05 9.98917E-05 0.0178461 9.98917E-05 9.98917E-05 9.98917E-05 9.98917E-05 0.143903 0.218239 9.98917E-05 0.0206643
9.98828E-05 9.98828E-05 9.98828E-05 0.249787 0.225478 9.98828E-05 9.98828E-05 9.98828E-05 9.98828E-05 0.243958 9.98828E-05 9.98828E-05 9.98828E-05 0.0908793 9.98828E-05 0.188599 9.98828E-05 9.98828E-05
0.0441232 9.98918E-05 9.98918E-05 0.768646 9.98918E-05 9.98918E-05 9.98918E-05 9.98918E-05 9.98918E-05 0.039025 9.98918E-05 9.98918E-05 9.98918E-05 0.0682839 0.0567795 9.98918E-05 9.98918E-05 0.0219438
9.98828E-05 0.00339623 9.98828E-05 0.173542 9.98828E-05 9.98828E-05 9.98828E-05 0.000453963 9.98828E-05 9.98828E-05 9.98828E-05 9.98828E-05 9.98828E-05 9.98828E-05 0.100419 0.72089 9.98828E-05 9.98828E-05
9.99097E-05 9.99097E-05 0.0304217 0.205898 9.99097E-05 0.031434 9.99097E-05 9.99097E-05 0.0390842 0.0784393 9.99097E-05 9.99097E-05 0.0341606 9.99097E-05 0.0758791 0.503684 9.99097E-05 9.99097E-05
9.99008E-05 0.038803 9.99008E-05 0.377197 9.99008E-05 9.99008E-05 9.99008E-05 9.99008E-05 0.0840728 0.0119625 0.00674247 9.99008E-05 0.168459 9.99008E-05 9.99008E-05 0.311665 9.99008E-05 9.99008E-05
0.197273 9.98829E-05 9.98829E-05 0.216048 9.98829E-05 9.98829E-05 9.98829E-05 9.98829E-05 9.98829E-05 0.299688 9.98829E-05 9.98829E-05 9.98829E-05 9.98829E-05 9.98829E-05 0.128257 9.98829E-05 0.157435
9.98739E-05 9.98739E-05 9.98739E-05 9.98739E-05 9.98739E-05 0.0385468 0.0206637 9.98739E-05 9.98739E-05 9.98739E-05 9.98739E-05 0.300615 9.98739E-05 9.98739E-05 9.98739E-05 0.638776 9.98739E-05 9.98739E-05
0.100513 9.98918E-05 0.00792989 0.185141 9.98918E-05 9.98918E-05 0.372188 9.98918E-05 9.98918E-05 0.0674 9.98918E-05 9.98918E-05 9.98918E-05 9.98918E-05 9.98918E-05 0.265629 9.98918E-05 9.98918E-05
9.99098E-05 0.0885073 0.0932547 0.0206273 0.0641424 0.0953134 9.99098E-05 9.99098E-05 0.156452 0.267128 9.99098E-05 9.99098E-05 9.99098E-05 9.99098E-05 9.99098E-05 0.213577 9.99098E-05 9.99098E-05
9.9865E-05 9.9865E-05 9.9865E-05 9.9865E-05 9.9865E-05 9.9865E-05 9.9865E-05 0.00970742 9.9865E-05 9.9865E-05 9.9865E-05 9.9865E-05 0.0779595 9.9865E-05 9.9865E-05 0.910835 9.9865E-05 9.9865E-05
9.9883E-05 0.179451 9.9883E-05 9.9883E-05 9.9883E-05 9.9883E-05 0.0521792 9.9883E-05 9.9883E-05 9.9883E-05 9.9883E-05 9.9883E-05 9.9883E-05 0.0128104 9.9883E-05 0.751925 0.00233622 9.9883E-05
9.98827E-05 9.98827E-05 0.15903 9.98827E-05 9.98827E-05 0.0346513 9.98827E-05 9.98827E-05 0.0271502 0.639257 9.98827E-05 9.98827E-05 9.98827E-05 9.98827E-05 9.98827E-05 0.138614 9.98827E-05 9.98827E-05
9.98918E-05 9.98918E-05 0.0157605 0.0963398 9.98918E-05 0.191161 9.98918E-05 9.98918E-05 9.98918E-05 0.421246 9.98918E-05 9.98918E-05 9.98918E-05 9.98918E-05 0.257982 0.0163123 9.98918E-05 9.98918E-05
0.0463589 9.98918E-05 9.98918E-05 0.133804 9.98918E-05 0.0916521 9.98918E-05 9.98918E-05 9.98918E-05 0.363585 9.98918E-05 9.98918E-05 9.98918E-05 0.335185 9.98918E-05 9.98918E-05 0.0282165 9.98918E-05
9.98648E-05 9.98648E-05 9.98648E-05 0.324217 9.98648E-05 9.98648E-05 0.449908 9.98648E-05 9.98648E-05 9.98648E-05 9.98648E-05 9.98648E-05 9.98648E-05 9.98648E-05 9.98648E-05 0.224377 9.98648E-05 9.98648E-05
9.98919E-05 9.98919E-05 9.98919E-05 9.98919E-05 9.98919E-05 0.650712 9.98919E-05 0.000720791 9.98919E-05 9.98919E-05 0.0970415 0.208875 0.0304545 9.98919E-05 9.98919E-05 0.0109976 9.98919E-05 9.98919E-05
0.19767 9.98826E-05 9.98826E-05 0.321476 9.98826E-05 9.98826E-05 0.107124 9.98826E-05 9.98826E-05 9.98826E-05 9.98826E-05 9.98826E-05 9.98826E-05 9.98826E-05 9.98826E-05 0.37153 9.98826E-05 0.000901129
9.98828E-05 0.00293417 9.98828E-05 9.98828E-05 9.98828E-05 9.98828E-05 9.98828E-05 9.98828E-05 9.98828E-05 0.298046 9.98828E-05 9.98828E-05 9.98828E-05 9.98828E-05 0.0662303 0.628649 9.98828E-05 0.0028412
9.98918E-05 9.98918E-05 9.98918E-05 9.98918E-05 0.0717185 0.0901523 9.98918E-05 9.98918E-05 0.247948 0.444656 0.0773727 9.98918E-05 9.98918E-05 9.98918E-05 9.98918E-05 0.0669546 9.98918E-05 9.98918E-05
0.119941 9.98737E-05 9.98737E-05 0.0754383 9.98737E-05 0.68358 0.119642 9.98737E-05 9.98737E-05 9.98737E-05 9.98737E-05 9.98737E-05 9.98737E-05 9.98737E-05 9.98737E-05 9.98737E-05 9.98737E-05 9.98737E-05
9.9874E-05 9.9874E-05 9.9874E-05 0.220438 9.9874E-05 0.212098 0.387512 9.9874E-05 9.9874E-05 9.9874E-05 9.9874E-05 9.9874E-05 9.9874E-05 0.178553 9.9874E-05 9.9874E-05 9.9874E-05 9.9874E-05
0.0788911 9.98827E-05 0.0990059 0.162161 9.98827E-05 0.656742 0.00190108 9.98827E-05 9.98827E-05 9.98827E-05 9.98827E-05 9.98827E-05 9.98827E-05 9.98827E-05 9.98827E-05 9.98827E-05 9.98827E-05 9.98827E-05
9.98918E-05 9.98918E-05 9.98918E-05 0.0574163 9.98918E-05 0.243207 9.98918E-05 9.98918E-05 9.98918E-05 0.356397 9.98918E-05 9.98918E-05 9.98918E-05 0.0381496 0.27589 0.0277412 9.98918E-05 9.98918E-05
9.98829E-05 9.98829E-05 9.98829E-05 0.148471 9.98829E-05 0.142506 9.98829E-05 9.98829E-05 9.98829E-05 0.0558927 9.98829E-05 9.98829E-05 9.98829E-05 0.597509 9.98829E-05 0.0543228 9.98829E-05 9.98829E-05
9.98918E-05 9.98918E-05 9.98918E-05 0.137479 0.17201 0.196079 9.98918E-05 9.98918E-05 0.0886633 9.98918E-05 9.98918E-05 0.0532635 9.98918E-05 9.98918E-05 9.98918E-05 0.351306 9.98918E-05 9.98918E-05
9.98648E-05 9.98648E-05 9.98648E-05 0.404859 0.227705 9.98648E-05 9.98648E-05 9.98648E-05 9.98648E-05 9.98648E-05 9.98648E-05 9.98648E-05 9.98648E-05 9.98648E-05 9.98648E-05 0.365938 9.98648E-05 9.98648E-05
9.9883E-05 9.9883E-05 9.9883E-05 0.346083 0.402848 0.0646198 9.9883E-05 9.9883E-05 9.9883E-05 0.101763 9.9883E-05 9.9883E-05 9.9883E-05 9.9883E-05 9.9883E-05 0.0833883 9.9883E-05 9.9883E-05
0.132528 9.98828E-05 9.98828E-05 0.495317 9.98828E-05 9.98828E-05 0.122615 9.98828E-05 9.98828E-05 9.98828E-05 9.98828E-05 9.98828E-05 9.98828E-05 9.98828E-05 9.98828E-05 0.228972 0.0192699 9.98828E-05
9.98828E-05 9.98828E-05 9.98828E-05 0.10325 9.98828E-05 0.0638937 9.98828E-05 9.98828E-05 9.98828E-05 9.98828E-05 9.98828E-05 9.98828E-05 9.98828E-05 0.00745594 0.256387 0.567716 9.98828E-05 9.98828E-05
9.98919E-05 9.98919E-05 0.0479906 9.98919E-05 9.98919E-05 9.98919E-05 9.98919E-05 9.98919E-05 0.0226025 0.0652293 0.0106204 0.0187852 9.98919E-05 9.98919E-05 9.98919E-05 0.833573 9.98919E-05 9.98919E-05
0.121511 9.98917E-05 0.0740172 9.98917E-05 9.98917E-05 0.164482 0.0775996 9.98917E-05 9.98917E-05 0.560619 9.98917E-05 9.98917E-05 9.98917E-05 9.98917E-05 9.98917E-05 9.98917E-05 0.000572585 9.98917E-05
9.98647E-05 9.98647E-05 9.98647E-05 0.475684 9.98647E-05 9.98647E-05 0.26466 9.98647E-05 9.98647E-05 0.258158 9.98647E-05 9.98647E-05 9.98647E-05 9.98647E-05 9.98647E-05 9.98647E-05 9.98647E-05 9.98647E-05
9.98648E-05 9.98648E-05 9.98648E-05 9.98648E-05 9.98648E-05 0.127521 9.98648E-05 9.98648E-05 9.98648E-05 0.707408 9.98648E-05 9.98648E-05 0.163573 9.98648E-05 9.98648E-05 9.98648E-05 9.98648E-05 9.98648E-05
9.98646E-05 9.98646E-05 9.98646E-05 0.320441 9.98646E-05 9.98646E-05 0.238041 9.98646E-05 9.98646E-05 0.44002 9.98646E-05 9.98646E-05 9.98646E-05 9.98646E-05 9.98646E-05 9.98646E-05 9.98646E-05 9.98646E-05
9.98647E-05 9.98647E-05 9.98647E-05 0.214909 9.98647E-05 9.98647E-05 0.257364 9.98647E-05 9.98647E-05 0.526228 9.98647E-05 9.98647E-05 9.98647E-05 9.98647E-05 9.98647E-05 9.98647E-05 9.98647E-05 9.98647E-05
9.98918E-05 9.98918E-05 9.98918E-05 9.98918E-05 9.98918E-05 9.98918E-05 9.98918E-05 0.00266189 9.98918E-05 0.720105 0.169066 0.018152 0.0725914 9.98918E-05 9.98918E-05 0.0162251 9.98918E-05 9.98918E-05
9.98918E-05 9.98918E-05 0.0899807 0.319579 9.98918E-05 9.98918E-05 0.0298119 9.98918E-05 9.98918E-05 0.276086 9.98918E-05 9.98918E-05 0.127645 9.98918E-05 9.98918E-05 0.1557 9.98918E-05 9.98918E-05
9.98828E-05 9.98828E-05 0.0825045 0.221664 9.98828E-05 9.98828E-05 0.013721 9.98828E-05 9.98828E-05 0.637674 9.98828E-05 9.98828E-05 0.0431373 9.98828E-05 9.98828E-05 9.98828E-05 9.98828E-05 9.98828E-05
0.0133804 9.98828E-05 9.98828E-05 0.00402004 9.98828E-05 9.98828E-05 9.98828E-05 9.98828E-05 9.98828E-05 9.98828E-05 9.98828E-05 9.98828E-05 9.98828E-05 0.407126 9.98828E-05 9.98828E-05 0.0161842 0.557991
9.99009E-05 9.99009E-05 9.99009E-05 0.105322 9.99009E-05 0.00843301 0.0471787 9.99009E-05 0.00327904 9.99009E-05 9.99009E-05 9.99009E-05 9.99009E-05 0.187272 0.140164 9.99009E-05 9.99009E-05 0.507252
9.9883E-05 9.9883E-05 9.9883E-05 0.00213777 0.121931 9.9883E-05 9.9883E-05 9.9883E-05 9.9883E-05 9.9883E-05 9.9883E-05 0.0677647 9.9883E-05 0.0696326 9.9883E-05 9.9883E-05 9.9883E-05 0.737235
9.99009E-05 9.99009E-05 9.99009E-05 9.99009E-05 9.99009E-05 9.99009E-05 9.99009E-05 0.0255756 0.0747132 0.0231115 0.0720256 0.014959 0.201464 9.99009E-05 9.99009E-05 9.99009E-05 9.99009E-05 0.587052
0.118877 9.98738E-05 9.98738E-05 9.98738E-05 9.98738E-05 9.98738E-05 9.98738E-05 9.98738E-05 9.98738E-05 9.98738E-05 9.98738E-05 9.98738E-05 9.98738E-05 0.193449 9.98738E-05 9.98738E-05 0.0819236 0.604351
0.106129 9.99098E-05 0.23215 9.99098E-05 0.0385514 9.99098E-05 9.99098E-05 9.99098E-05 9.99098E-05 0.0603299 0.00110801 0.0278111 0.335886 9.99098E-05 9.99098E-05 9.99098E-05 9.99098E-05 0.197036
0.0368023 9.98737E-05 0.16095 9.98737E-05 9.98737E-05 9.98737E-05 0.319554 9.98737E-05 9.98737E-05 9.98737E-05 9.98737E-05 9.98737E-05 9.98737E-05 9.98737E-05 9.98737E-05 9.98737E-05 9.98737E-05 0.481295
9.98648E-05 9.98648E-05 9.98648E-05 9.98648E-05 9.98648E-05 9.98648E-05 9.98648E-05 9.98648E-05 9.98648E-05 9.98648E-05 9.98648E-05 9.98648E-05 9.98648E-05 0.315633 0.00326973 9.98648E-05 9.98648E-05 0.6796
0.0171716 9.98919E-05 0.107551 9.98919E-05 9.98919E-05 0.0149152 9.98919E-05 9.98919E-05 9.98919E-05 0.00691068 9.98919E-05 9.98919E-05 9.98919E-05 9.98919E-05 0.255764 9.98919E-05 9.98919E-05 0.596489
9.99099E-05 0.211156 9.99099E-05 9.99099E-05 0.0571842 0.00772501 9.99099E-05 0.00610886 9.99099E-05 9.99099E-05 0.0988538 9.99099E-05 9.99099E-05 9.99099E-05 0.0126431 0.106187 9.99099E-05 0.499143
9.98738E-05 9.98738E-05 9.98738E-05 0.00629257 9.98738E-05 9.98738E-05 9.98738E-05 9.98738E-05 9.98738E-05 9.98738E-05 9.98738E-05 9.98738E-05 9.98738E-05 0.639205 9.98738E-05 9.98738E-05 0.144222 0.208882
9.99009E-05 0.432672 9.99009E-05 9.99009E-05 9.99009E-05 9.99009E-05 0.0580161 9.99009E-05 0.0220661 9.99009E-05 0.0209069 9.99009E-05 9.99009E-05 9.99009E-05 9.99009E-05 0.00974767 0.0265589 0.428934
0.238728 9.98829E-05 9.98829E-05 0.00970114 9.98829E-05 9.98829E-05 9.98829E-05 9.98829E-05 9.98829E-05 9.98829E-05 9.98829E-05 9.98829E-05 9.98829E-05 0.000504282 0.000906038 9.98829E-05 9.98829E-05 0.748862
9.99098E-05 0.108306 0.138193 9.99098E-05 0.00528886 9.99098E-05 9.99098E-05 9.99098E-05 9.99098E-05 0.0261791 9.99098E-05 9.99098E-05 0.0560484 9.99098E-05 0.15075 0.0164428 9.99098E-05 0.497793
9.98829E-05 9.98829E-05 9.98829E-05 9.98829E-05 9.98829E-05 0.00894283 9.98829E-05 0.065496 9.98829E-05 9.98829E-05 9.98829E-05 9.98829E-05 9.98829E-05 0.0367785 0.414331 9.98829E-05 9.98829E-05 0.473154
0.230812 9.98919E-05 0.379292 9.98919E-05 9.98919E-05 0.0116189 0.0163619 9.98919E-05 9.98919E-05 9.98919E-05 0.052273 9.98919E-05 9.98919E-05 9.98919E-05 9.98919E-05 9.98919E-05 9.98919E-05 0.308443
9.99097E-05 0.0388775 9.99097E-05 9.99097E-05 0.0884531 9.99097E-05 9.99097E-05 9.99097E-05 0.054983 0.0016679 0.122108 9.99097E-05 0.162352 9.99097E-05 9.99097E-05 0.0873407 9.99097E-05 0.443219
9.98738E-05 9.98738E-05 9.98738E-05 9.98738E-05 0.226727 9.98738E-05 9.98738E-05 9.98738E-05 9.98738E-05 9.98738E-05 0.0102028 0.428703 9.98738E-05 9.98738E-05 9.98738E-05 9.98738E-05 9.98738E-05 0.332969
9.98829E-05 9.98829E-05 9.98829E-05 0.109759 9.98829E-05 0.0410309 0.0418894 9.98829E-05 9.98829E-05 9.98829E-05 9.98829E-05 9.98829E-05 9.98829E-05 9.98829E-05 0.360875 9.98829E-05 9.98829E-05 0.445147
0.200412 9.98738E-05 0.0279112 9.98738E-05 9.98738E-05 9.98738E-05 0.0359997 9.98738E-05 9.98738E-05 9.98738E-05 9.98738E-05 9.98738E-05 9.98738E-05 9.98738E-05 9.98738E-05 9.98738E-05 9.98738E-05 0.734279
9.99009E-05 0.0677033 9.99009E-05 9.99009E-05 9.99009E-05 0.0101716 9.99009E-05 0.00948649 9.99009E-05 9.99009E-05 9.99009E-05 9.99009E-05 0.00680611 9.99009E-05 0.329893 0.0141152 9.99009E-05 0.560726
9.98559E-05 9.98559E-05 9.98559E-05 9.98559E-05 0.440398 9.98559E-05 9.98559E-05 9.98559E-05 9.98559E-05 9.98559E-05 9.98559E-05 9.98559E-05 9.98559E-05 9.98559E-05 9.98559E-05 9.98559E-05 9.98559E-05 0.558004
0.0395086 0.112512 9.99189E-05 9.99189E-05 0.110476 0.0118132 9.99189E-05 9.99189E-05 9.99189E-05 9.99189E-05 0.0638175 9.99189E-05 0.473065 9.99189E-05 0.0661267 0.0539046 0.0678773 9.99189E-05
9.98738E-05 9.98738E-05 0.158756 9.98738E-05 9.98738E-05 9.98738E-05 0.0837474 9.98738E-05 9.98738E-05 9.98738E-05 0.046647 9.98738E-05 9.98738E-05 9.98738E-05 9.98738E-05 9.98738E-05 0.709451 9.98738E-05
0.0398885 9.98828E-05 9.98828E-05 9.98828E-05 0.111568 9.98828E-05 0.0259704 9.98828E-05 9.98828E-05 9.98828E-05 9.98828E-05 0.532226 0.289049 9.98828E-05 9.98828E-05 9.98828E-05 9.98828E-05 9.98828E-05
0.501289 9.98828E-05 0.236172 9.98828E-05 0.0479107 9.98828E-05 9.98828E-05 9.98828E-05 9.98828E-05 9.98828E-05 9.98828E-05 9.98828E-05 0.154867 9.98828E-05 0.0584628 9.98828E-05 9.98828E-05 9.98828E-05
0.00520225 9.98736E-05 9.98736E-05 9.98736E-05 9.98736E-05 9.98736E-05 0.0782175 9.98736E-05 9.98736E-05 9.98736E-05 9.98736E-05 9.98736E-05 9.98736E-05 0.271109 9.98736E-05 9.98736E-05 0.644073 9.98736E-05
9.99007E-05 0.318838 0.0898889 9.99007E-05 0.223006 9.99007E-05 9.99007E-05 9.99007E-05 0.0560117 9.99007E-05 0.112889 0.0555153 0.142752 9.99007E-05 9.99007E-05 9.99007E-05 9.99007E-05 9.99007E-05
9.98828E-05 0.205812 9.98828E-05 9.98828E-05 0.0553489 9.98828E-05 9.98828E-05 9.98828E-05 9.98828E-05 9.98828E-05 0.00958633 9.98828E-05 0.00655535 9.98828E-05 9.98828E-05 9.98828E-05 0.721399 9.98828E-05
9.98828E-05 9.98828E-05 0.200335 0.0484003 9.98828E-05 9.98828E-05 0.13267 9.98828E-05 9.98828E-05 9.98828E-05 9.98828E-05 9.98828E-05 0.437842 9.98828E-05 0.179455 9.98828E-05 9.98828E-05 9.98828E-05
9.98648E-05 9.98648E-05 9.98648E-05 9.98648E-05 0.271766 9.98648E-05 9.98648E-05 9.98648E-05 0.129701 9.98648E-05 9.98648E-05 9.98648E-05 9.98648E-05 9.98648E-05 9.98648E-05 9.98648E-05 0.597035 9.98648E-05
0.304616 9.98829E-05 9.98829E-05 9.98829E-05 9.98829E-05 9.98829E-05 0.342959 0.0328035 9.98829E-05 9.98829E-05 9.98829E-05 9.98829E-05 0.0408863 9.98829E-05 9.98829E-05 9.98829E-05 0.277436 9.98829E-05
9.99008E-05 0.246447 9.99008E-05 9.99008E-05 0.112688 9.99008E-05 9.99008E-05 9.99008E-05 0.184292 9.99008E-05 9.99008E-05 9.99008E-05 0.252978 9.99008E-05 0.0903802 0.0440846 0.0680321 9.99008E-05
9.98829E-05 9.98829E-05 9.98829E-05 9.98829E-05 0.058071 9.98829E-05 9.98829E-05 9.98829E-05 9.98829E-05 9.98829E-05 0.0549494 0.348793 9.98829E-05 9.98829E-05 9.98829E-05 0.00570817 0.53118 9.98829E-05
9.98648E-05 9.98648E-05 9.98648E-05 9.98648E-05 9.98648E-05 9.98648E-05 0.217948 9.98648E-05 9.98648E-05 9.98648E-05 9.98648E-05 9.98648E-05 9.98648E-05 0.205579 9.98648E-05 9.98648E-05 0.574975 9.98648E-05
9.98828E-05 0.236865 9.98828E-05 9.98828E-05 0.0482389 9.98828E-05 9.98828E-05 9.98828E-05 9.98828E-05 9.98828E-05 0.300642 0.0202384 0.392717 9.98828E-05 9.98828E-05 9.98828E-05 9.98828E-05 9.98828E-05
9.98917E-05 9.98917E-05 9.98917E-05 9.98917E-05 0.158519 9.98917E-05 9.98917E-05 9.98917E-05 0.294153 9.98917E-05 0.105564 0.0368803 9.98917E-05 9.98917E-05 9.98917E-05 0.0319142 0.371771 9.98917E-05
9.98917E-05 0.0888131 0.266306 9.98917E-05 0.461732 9.98917E-05 9.98917E-05 0.0252985 0.0431201 9.98917E-05 0.113532 9.98917E-05 9.98917E-05 9.98917E-05 9.98917E-05 9.98917E-05 9.98917E-05 9.98917E-05
0.172806 9.98739E-05 9.98739E-05 9.98739E-05 9.98739E-05 9.98739E-05 0.0404924 9.98739E-05 9.98739E-05 9.98739E-05 9.98739E-05 9.98739E-05 9.98739E-05 0.186856 9.98739E-05 9.98739E-05 0.598447 9.98739E-05
9.98827E-05 9.98827E-05 9.98827E-05 9.98827E-05 0.263922 9.98827E-05 9.98827E-05 9.98827E-05 0.339859 9.98827E-05 9.98827E-05 0.0700767 0.187735 9.98827E-05 9.98827E-05 9.98827E-05 0.137109 9.98827E-05
9.98829E-05 0.303273 9.98829E-05 9.98829E-05 9.98829E-05 9.98829E-05 9.98829E-05 9.98829E-05 0.00457424 9.98829E-05 0.0297567 9.98829E-05 0.533788 9.98829E-05 0.12731 9.98829E-05 9.98829E-05 9.98829E-05
0.103018 9.98827E-05 0.499779 9.98827E-05 9.98827E-05 9.98827E-05 9.98827E-05 9.98827E-05 9.98827E-05 0.0384712 9.98827E-05 9.98827E-05 0.235678 9.98827E-05 9.98827E-05 9.98827E-05 0.121755 9.98827E-05
9.98467E-05 9.98467E-05 9.98467E-05 9.98467E-05 9.98467E-05 9.98467E-05 9.98467E-05 0.998303 9.98467E-05 9.98467E-05 9.98467E-05 9.98467E-05 9.98467E-05 9.98467E-05 9.98467E-05 9.98467E-05 9.98467E-05 9.98467E-05
0.137966 9.99008E-05 9.99008E-05 9.99008E-05 0.326398 0.0162473 9.99008E-05 0.217731 9.99008E-05 9.99008E-05 9.99008E-05 0.00231808 0.245358 9.99008E-05 9.99008E-05 9.99008E-05 0.0528829 9.99008E-05
0.380775 9.98737E-05 9.98737E-05 9.98737E-05 9.98737E-05 9.98737E-05 0.0245711 9.98737E-05 9.98737E-05 9.98737E-05 9.98737E-05 9.98737E-05 9.98737E-05 0.0382218 9.98737E-05 9.98737E-05 0.555034 9.98737E-05
9.99188E-05 0.0307134 0.256842 0.0155465 0.0474949 0.0195022 0.0181904 9.99188E-05 0.497626 9.99188E-05 9.99188E-05 9.99188E-05 0.0522476 0.0609369 9.99188E-05 9.99188E-05 9.99188E-05 9.99188E-05
9.98826E-05 9.98826E-05 0.0831361 9.98826E-05 9.98826E-05 9.98826E-05 9.98826E-05 9.98826E-05 9.98826E-05 0.0496395 9.98826E-05 9.98826E-05 0.174107 9.98826E-05 0.113226 9.98826E-05 0.578593 9.98826E-05
0.31753 9.99189E-05 0.147775 0.0588171 9.99189E-05 9.99189E-05 9.99189E-05 0.050993 9.99189E-05 0.0122638 9.99189E-05 9.99189E-05 9.99189E-05 0.0207175 0.129062 9.99189E-05 0.0953241 0.166618
0.0953033 9.99007E-05 9.99007E-05 9.99007E-05 0.292793 9.99007E-05 9.99007E-05 9.99007E-05 0.387867 0.0211488 9.99007E-05 9.99007E-05 0.0873868 9.99007E-05 9.99007E-05 0.0244219 9.99007E-05 0.089981
9.98921E-05 9.98921E-05 9.98921E-05 9.98921E-05 9.98921E-05 9.98921E-05 9.98921E-05 9.98921E-05 0.0649538 9.98921E-05 9.98921E-05 9.98921E-05 0.0500783 0.0330986 0.765637 0.0461756 9.98921E-05 0.0388578
0.18346 9.991E-05 9.991E-05 9.991E-05 0.0127247 0.0408517 0.158122 0.00403457 9.991E-05 9.991E-05 0.0151415 9.991E-05 9.991E-05 0.571105 9.991E-05 9.991E-05 0.0135622 9.991E-05
9.99008E-05 9.99008E-05 0.401975 9.99008E-05 9.99008E-05 9.99008E-05 0.0209245 9.99008E-05 9.99008E-05 0.0367361 9.99008E-05 9.99008E-05 9.99008E-05 0.0127076 0.284569 9.99008E-05 0.193827 0.0481623
0.526958 0.0232507 0.111636 0.0208601 9.99369E-05 0.022121 0.0391271 9.99369E-05 0.025498 9.99369E-05 9.99369E-05 9.99369E-05 0.0762101 9.99369E-05 0.0288972 0.00959178 9.99369E-05 0.11515
0.151069 0.478826 9.99009E-05 9.99009E-05 0.0967389 0.012484 9.99009E-05 9.99009E-05 9.99009E-05 9.99009E-05 9.99009E-05 9.99009E-05 9.99009E-05 9.99009E-05 0.153707 0.000791914 0.105285 9.99009E-05
0.881979 9.98919E-05 0.0337038 9.98919E-05 0.0271114 9.98919E-05 0.0287367 9.98919E-05 9.98919E-05 9.98919E-05 9.98919E-05 9.98919E-05 9.98919E-05 0.0166766 9.98919E-05 9.98919E-05 9.98919E-05 0.0105934
9.99007E-05 0.135193 0.112473 9.99007E-05 0.359499 9.99007E-05 9.99007E-05 9.99007E-05 0.167174 9.99007E-05 0.0377772 0.129515 0.05727 9.99007E-05 9.99007E-05 9.99007E-05 9.99007E-05 9.99007E-05
0.895957 9.98828E-05 9.98828E-05 9.98828E-05 0.0265245 9.98828E-05 9.98828E-05 9.98828E-05 9.98828E-05 9.98828E-05 0.0223991 9.98828E-05 9.98828E-05 9.98828E-05 0.0511239 9.98828E-05 9.98828E-05 0.00269747
9.991E-05 9.991E-05 9.991E-05 9.991E-05 0.163035 9.991E-05 9.991E-05 0.0210293 0.0358171 9.991E-05 9.991E-05 0.258827 0.0528799 0.13325 0.0901368 9.991E-05 0.244026 9.991E-05
9.99008E-05 9.99008E-05 9.99008E-05 9.99008E-05 0.346612 9.99008E-05 0.0599497 9.99008E-05 0.102183 9.99008E-05 0.0465866 0.278275 9.99008E-05 9.99008E-05 0.147943 9.99008E-05 9.99008E-05 0.0173521
0.0908764 9.9919E-05 9.9919E-05 0.0728623 9.9919E-05 9.9919E-05 9.9919E-05 9.9919E-05 0.0548405 9.9919E-05 9.9919E-05 0.00169382 0.130591 9.9919E-05 0.614841 0.0168181 0.00526732 0.0113099
9.98901E-05 9.98901E-05 0.383207 9.98901E-05 0.0506167 9.98901E-05 0.0389551 9.98901E-05 9.98901E-05 9.98901E-05 9.98901E-05 9.98901E-05 0.161195 9.98901E-05 0.306503 0.0297598 9.98901E-05 0.0286649
9.98739E-05 9.98739E-05 0.176407 9.98739E-05 9.98739E-05 0.014646 9.98739E-05 9.98739E-05 9.98739E-05 9.98739E-05 0.0690733 9.98739E-05 9.98739E-05 9.98739E-05 0.738475 9.98739E-05 9.98739E-05 9.98739E-05
0.123254 9.98918E-05 0.0686579 9.98918E-05 0.553468 9.98918E-05 9.98918E-05 0.103773 9.98918E-05 9.98918E-05 9.98918E-05 0.0409552 9.98918E-05 9.98918E-05 9.98918E-05 9.98918E-05 9.98918E-05 0.108693
0.18131 9.99099E-05 0.158466 9.99099E-05 9.99099E-05 9.99099E-05 0.00268434 0.0134966 9.99099E-05 9.99099E-05 0.036512 9.99099E-05 9.99099E-05 0.590909 0.00285765 9.99099E-05 0.0127656 9.99099E-05
0.212152 9.98738E-05 9.98738E-05 9.98738E-05 9.98738E-05 9.98738E-05 9.98738E-05 9.98738E-05 9.98738E-05 9.98738E-05 9.98738E-05 9.98738E-05 9.98738E-05 0.477529 0.0136627 9.98738E-05 0.295258 9.98738E-05
0.164496 9.99009E-05 0.350956 0.0208054 9.99009E-05 9.99009E-05 0.220408 9.99009E-05 0.147275 9.99009E-05 9.99009E-05 9.99009E-05 9.99009E-05 9.99009E-05 0.0416847 9.99009E-05 0.0532752 9.99009E-05
0.658124 9.98829E-05 9.98829E-05 0.0493921 9.98829E-05 9.98829E-05 9.98829E-05 9.98829E-05 0.122055 9.98829E-05 9.98829E-05 9.98829E-05 9.98829E-05 0.145123 0.0240076 9.98829E-05 9.98829E-05 9.98829E-05
9.98738E-05 0.0631788 0.0872039 9.98738E-05 9.98738E-05 9.98738E-05 9.98738E-05 9.98738E-05 9.98738E-05 9.98738E-05 0.0179037 9.98738E-05 9.98738E-05 0.830315 9.98738E-05 9.98738E-05 9.98738E-05 9.98738E-05
9.98918E-05 9.98918E-05 0.142344 0.127259 9.98918E-05 9.98918E-05 0.330959 9.98918E-05 0.171183 9.98918E-05 9.98918E-05 9.98918E-05 9.98918E-05 9.98918E-05 0.0554799 9.98918E-05 0.171577 9.98918E-05
0.468641 0.0518884 0.316785 9.99008E-05 9.99008E-05 9.99008E-05 0.00422892 9.99008E-05 9.99008E-05 0.00800246 9.99008E-05 9.99008E-05 0.101604 9.99008E-05 9.99008E-05 9.99008E-05 0.0477505 9.99008E-05
0.0243906 9.9919E-05 9.9919E-05 9.9919E-05 9.9919E-05 0.00775568 9.9919E-05 0.0167089 0.025844 0.0555734 0.678263 0.0109922 0.146367 9.9919E-05 9.9919E-05 9.9919E-05 0.0332058 9.9919E-05
9.98918E-05 9.98918E-05 0.212423 9.98918E-05 0.026743 0.00493974 9.98918E-05 9.98918E-05 0.0301672 9.98918E-05 0.719442 0.00508676 9.98918E-05 9.98918E-05 9.98918E-05 9.98918E-05 9.98918E-05 9.98918E-05
9.99009E-05 0.00158923 0.664005 9.99009E-05 9.99009E-05 9.99009E-05 0.105722 9.99009E-05 9.99009E-05 0.0853407 0.102966 9.99009E-05 0.0362963 9.99009E-05 0.00298163 9.99009E-05 9.99009E-05 9.99009E-05
9.98827E-05 0.199827 0.16649 9.98827E-05 0.0665806 9.98827E-05 9.98827E-05 9.98827E-05 0.0593458 9.98827E-05 0.506459 9.98827E-05 9.98827E-05 9.98827E-05 9.98827E-05 9.98827E-05 9.98827E-05 9.98827E-05
9.98649E-05 9.98649E-05 0.0146275 9.98649E-05 9.98649E-05 9.98649E-05 9.98649E-05 9.98649E-05 9.98649E-05 9.98649E-05 0.944235 9.98649E-05 9.98649E-05 9.98649E-05 9.98649E-05 9.98649E-05 9.98649E-05 0.0396396
9.98918E-05 9.98918E-05 0.0771769 9.98918E-05 0.0489599 0.0524819 0.0124277 9.98918E-05 9.98918E-05 9.98918E-05 0.422698 0.385057 9.98918E-05 9.98918E-05 9.98918E-05 9.98918E-05 9.98918E-05 9.98918E-05
9.98919E-05 9.98919E-05 0.119128 9.98919E-05 0.0990115 9.98919E-05 9.98919E-05 9.98919E-05 9.98919E-05 0.00147755 0.674163 0.0799044 9.98919E-05 9.98919E-05 9.98919E-05 9.98919E-05 9.98919E-05 0.0251163
0.106603 9.9883E-05 0.387061 9.9883E-05 9.9883E-05 9.9883E-05 0.32759 9.9883E-05 9.9883E-05 0.00896324 0.168484 9.9883E-05 9.9883E-05 9.9883E-05 9.9883E-05 9.9883E-05 9.9883E-05 9.9883E-05
0.254326 9.9883E-05 9.9883E-05 9.9883E-05 0.00674242 9.9883E-05 0.400534 9.9883E-05 9.9883E-05 9.9883E-05 9.9883E-05 9.9883E-05 9.9883E-05 0.127496 9.9883E-05 9.9883E-05 0.209602 9.9883E-05
9.99008E-05 9.99008E-05 0.173329 9.99008E-05 9.99008E-05 9.99008E-05 0.00149405 9.99008E-05 0.152593 0.0702237 9.99008E-05 9.99008E-05 0.519426 0.0279165 9.99008E-05 9.99008E-05 9.99008E-05 0.0539182
9.98739E-05 9.98739E-05 0.248185 9.98739E-05 9.98739E-05 9.98739E-05 0.573225 9.98739E-05 9.98739E-05 9.98739E-05 0.108842 9.98739E-05 9.98739E-05 9.98739E-05 9.98739E-05 9.98739E-05 9.98739E-05 0.0683501
9.99191E-05 9.99191E-05 0.595085 0.00149427 9.99191E-05 0.0238231 0.136059 9.99191E-05 9.99191E-05 0.199125 0.0135287 0.00242316 9.99191E-05 9.99191E-05 9.99191E-05 9.99191E-05 0.00515489 0.0224074
0.0175888 0.0474734 0.490866 9.99009E-05 9.99009E-05 9.99009E-05 9.99009E-05 9.99009E-05 9.99009E-05 0.0517285 0.15395 9.99009E-05 0.183065 9.99009E-05 9.99009E-05 9.99009E-05 9.99009E-05 0.0542299
0.165064 9.99009E-05 0.440681 9.99009E-05 9.99009E-05 9.99009E-05 0.282985 9.99009E-05 0.0206896 9.99009E-05 9.99009E-05 9.99009E-05 9.99009E-05 0.00151518 9.99009E-05 9.99009E-05 0.0662197 0.0217471
0.0386362 9.99099E-05 0.283795 0.0245803 9.99099E-05 9.99099E-05 0.25788 9.99099E-05 9.99099E-05 9.99099E-05 0.0886347 9.99099E-05 0.169995 0.0309203 9.99099E-05 9.99099E-05 9.99099E-05 0.104559
9.98918E-05 9.98918E-05 0.140647 0.0407078 9.98918E-05 0.0526537 9.98918E-05 9.98918E-05 0.687757 9.98918E-05 9.98918E-05 9.98918E-05 0.0500324 9.98918E-05 0.0270042 9.98918E-05 9.98918E-05 9.98918E-05
0.0830405 0.113059 0.263009 0.0087745 9.99278E-05 0.00958739 0.276501 9.99278E-05 0.0353145 0.005348 9.99278E-05 9.99278E-05 0.181127 9.99278E-05 9.99278E-05 0.0234402 9.99278E-05 9.99278E-05
9.98918E-05 9.98918E-05 0.237211 0.00133848 9.98918E-05 9.98918E-05 0.267417 9.98918E-05 9.98918E-05 9.98918E-05 0.0871602 9.98918E-05 0.258108 9.98918E-05 9.98918E-05 9.98918E-05 9.98918E-05 0.147567
0.0167041 0.441256 9.98918E-05 9.98918E-05 9.98918E-05 9.98918E-05 9.98918E-05 0.0015896 0.101981 9.98918E-05 0.163054 9.98918E-05 0.274216 9.98918E-05 9.98918E-05 9.98918E-05 9.98918E-05 9.98918E-05
9.9919E-05 0.00241005 0.207682 9.9919E-05 9.9919E-05 9.9919E-05 9.9919E-05 0.0123283 0.0731388 0.00932564 0.0933886 9.9919E-05 0.48418 0.0342608 0.082386 9.9919E-05 9.9919E-05 9.9919E-05
0.116737 0.0340571 0.00367014 9.99099E-05 9.99099E-05 9.99099E-05 0.689984 9.99099E-05 9.99099E-05 9.99099E-05 0.0591731 0.0102993 0.0275629 9.99099E-05 0.0575171 9.99099E-05 9.99099E-05 9.99099E-05
0.0308678 9.99008E-05 0.549346 0.00708918 0.0307265 9.99008E-05 0.150947 9.99008E-05 9.99008E-05 9.99008E-05 9.99008E-05 9.99008E-05 0.158622 9.99008E-05 9.99008E-05 9.99008E-05 9.99008E-05 0.0713027
0.328318 9.98919E-05 0.0146715 9.98919E-05 0.0304886 9.98919E-05 0.526731 9.98919E-05 9.98919E-05 9.98919E-05 9.98919E-05 9.98919E-05 9.98919E-05 0.00751181 9.98919E-05 9.98919E-05 0.0910802 9.98919E-05
9.98918E-05 0.0436516 0.10322 9.98918E-05 0.0837142 9.98918E-05 9.98918E-05 9.98918E-05 0.071281 9.98918E-05 0.318873 9.98918E-05 0.378062 9.98918E-05 9.98918E-05 9.98918E-05 9.98918E-05 9.98918E-05
9.9901E-05 0.0250338 0.377975 9.9901E-05 9.9901E-05 0.0140379 9.9901E-05 9.9901E-05 0.0116687 0.0477801 9.9901E-05 9.9901E-05 0.469433 9.9901E-05 0.0529728 9.9901E-05 9.9901E-05 9.9901E-05
0.27654 9.99098E-05 0.124904 0.00301229 9.99098E-05 9.99098E-05 0.46413 9.99098E-05 0.0172907 9.99098E-05 9.99098E-05 9.99098E-05 0.0246094 9.99098E-05 9.99098E-05 9.99098E-05 0.065135 0.0233793
9.99009E-05 9.99009E-05 9.99009E-05 9.99009E-05 9.99009E-05 9.99009E-05 9.99009E-05 9.99009E-05 0.54175 9.99009E-05 0.197878 0.0903986 9.99009E-05 9.99009E-05 0.0387443 0.0340102 0.00543504 0.0906858
9.98739E-05 0.394896 9.98739E-05 9.98739E-05 9.98739E-05 9.98739E-05 9.98739E-05 9.98739E-05 0.387032 9.98739E-05 9.98739E-05 9.98739E-05 9.98739E-05 9.98739E-05 0.0186509 9.98739E-05 0.198023 9.98739E-05
0.584029 9.99189E-05 0.112197 0.0755978 9.99189E-05 0.0109268 0.044677 0.0111277 9.99189E-05 0.0976518 9.99189E-05 9.99189E-05 9.99189E-05 0.00369623 9.99189E-05 9.99189E-05 9.99189E-05 0.0591967
0.237363 9.99009E-05 9.99009E-05 0.00620641 9.99009E-05 0.00050435 9.99009E-05 9.99009E-05 0.0833862 9.99009E-05 9.99009E-05 9.99009E-05 9.99009E-05 9.99009E-05 0.286673 9.99009E-05 0.374356 0.0104121
9.99009E-05 0.335327 9.99009E-05 9.99009E-05 9.99009E-05 0.0311616 0.0477349 9.99009E-05 0.192147 0.0398173 0.25543 9.99009E-05 9.99009E-05 9.99009E-05 9.99009E-05 9.99009E-05 0.0972836 9.99009E-05
9.98828E-05 9.98828E-05 9.98828E-05 9.98828E-05 9.98828E-05 9.98828E-05 9.98828E-05 9.98828E-05 0.372668 0.0120804 0.361915 0.0577365 9.98828E-05 9.98828E-05 9.98828E-05 9.98828E-05 0.194302 9.98828E-05
9.99001E-05 0.0446963 9.99001E-05 9.99001E-05 0.0204057 9.99001E-05 9.99001E-05 9.99001E-05 0.468825 0.0834545 0.228659 0.0744501 9.99001E-05 9.99001E-05 9.99001E-05 0.0211992 0.0573104 9.99001E-05
0.311854 9.9874E-05 9.9874E-05 9.9874E-05 9.9874E-05 9.9874E-05 9.9874E-05 9.9874E-05 0.0298762 9.9874E-05 9.9874E-05 9.9874E-05 9.9874E-05 0.4106 9.9874E-05 9.9874E-05 0.246272 9.9874E-05
