9.9982E-05 0.413982 0.116904 0.112274 9.9982E-05 0.35664
0.00675575 0.466555 9.9982E-05 0.0937373 9.9982E-05 0.432752
0.0331809 0.812238 0.0272205 9.9982E-05 0.12716 9.9982E-05
9.999E-05 0.0716809 0.0667028 0.135958 0.0422325 0.683326
0.0402459 9.9982E-05 0.0141192 0.265274 9.9982E-05 0.680161
0.100127 0.525497 0.0174727 0.0474241 0.107219 0.20226
0.000525426 0.860686 9.9973E-05 9.9973E-05 0.138488 9.9973E-05
0.105446 0.689363 9.9982E-05 9.9982E-05 0.0320669 0.172925
0.0330019 0.331964 0.064577 9.9982E-05 9.9982E-05 0.570257
9.9982E-05 0.251498 0.123035 9.9982E-05 0.604507 0.0207597
9.9982E-05 0.235992 0.0400959 0.12313 9.9982E-05 0.600582
9.9982E-05 0.0889889 0.014767 9.9982E-05 0.0813029 0.814741
0.0479198 0.222819 0.0597675 0.356013 0.0342562 0.279225
9.9982E-05 0.816938 0.0428821 9.9982E-05 0.131946 0.00803408
9.9982E-05 0.16874 0.0082502 9.9982E-05 0.0064594 0.816351
0.0434666 0.442439 0.0178843 0.0914441 0.404666 9.9991E-05
9.9982E-05 0.854926 9.9982E-05 0.0372689 0.10129 0.00631488
9.9973E-05 0.944379 9.9973E-05 0.0328678 9.9973E-05 0.0224535
9.9982E-05 0.367298 0.00022957 0.0771483 9.9982E-05 0.555124
9.9973E-05 9.9973E-05 0.875197 0.0631034 9.9973E-05 0.0613996
9.9973E-05 9.9973E-05 0.914813 0.0490761 9.9973E-05 0.035811
9.99639E-05 9.99639E-05 0.928482 0.071118 9.99639E-05 9.99639E-05
9.9973E-05 9.9973E-05 0.75532 0.0241403 9.9973E-05 0.22024
9.99639E-05 9.99639E-05 0.773737 9.99639E-05 9.99639E-05 0.225863
0.200921 0.279355 0.457356 9.99819E-05 0.0621688 9.99819E-05
0.159503 9.99729E-05 0.445443 9.99729E-05 9.99729E-05 0.394754
0.27488 9.9973E-05 0.223468 9.9973E-05 0.501353 9.9973E-05
0.117913 9.9982E-05 0.406041 0.158327 9.9982E-05 0.317519
9.99819E-05 0.000417867 0.884312 0.0937813 0.021289 9.99819E-05
9.9964E-05 9.9964E-05 0.907965 9.9964E-05 9.9964E-05 0.0916348
0.0238403 0.119654 0.656094 9.9991E-05 0.179529 0.0207815
0.449908 0.0925545 0.275932 0.119235 0.0622701 9.9991E-05
9.99729E-05 0.0441403 0.639964 9.99729E-05 0.315596 9.99729E-05
0.0205809 0.289253 0.689866 9.99729E-05 9.99729E-05 9.99729E-05
9.9964E-05 9.9964E-05 0.904291 9.9964E-05 9.9964E-05 0.0953089
9.99639E-05 9.99639E-05 0.781879 9.99639E-05 9.99639E-05 0.217721
9.9973E-05 9.9973E-05 0.791974 9.9973E-05 0.0656357 0.14209
9.9964E-05 9.9964E-05 0.771161 9.9964E-05 9.9964E-05 0.228439
0.832887 9.99729E-05 9.99729E-05 0.0370015 9.99729E-05 0.129811
0.697595 9.9973E-05 9.9973E-05 0.165586 0.136519 9.9973E-05
0.465892 9.9973E-05 0.0677252 9.9973E-05 0.466083 9.9973E-05
0.521151 9.9991E-05 0.0858554 0.107333 0.0546869 0.230873
0.582309 0.0817818 0.289323 0.0463864 9.9982E-05 9.9982E-05
0.595142 0.156559 0.089209 9.9982E-05 0.15889 9.9982E-05
0.313774 9.9973E-05 0.136597 9.9973E-05 9.9973E-05 0.549329
0.562622 9.99639E-05 9.99639E-05 9.99639E-05 9.99639E-05 0.436978
0.434146 0.142168 0.161445 9.9982E-05 0.262041 9.9982E-05
0.818939 9.99729E-05 9.99729E-05 0.0544165 9.99729E-05 0.126344
0.352482 9.9973E-05 9.9973E-05 0.185901 0.461317 9.9973E-05
0.719978 9.9964E-05 9.9964E-05 9.9964E-05 9.9964E-05 0.279622
0.721125 9.9973E-05 9.9973E-05 0.152866 0.125709 9.9973E-05
0.513221 9.9982E-05 0.132695 0.158905 9.9982E-05 0.194979
0.432961 9.99729E-05 0.165294 9.99729E-05 9.99729E-05 0.401445
0.52549 0.0881683 0.0145271 9.9982E-05 9.9982E-05 0.371615
0.406046 9.9982E-05 0.115057 9.9982E-05 0.0102469 0.46845
0.054445 9.9973E-05 0.56105 9.9973E-05 9.9973E-05 0.384205
0.800303 0.0278116 9.99819E-05 0.0857662 0.0859192 9.99819E-05
0.598229 9.9991E-05 0.136204 0.14056 0.087155 0.0377528
0.708573 9.99729E-05 9.99729E-05 0.12069 0.170437 9.99729E-05
0.740201 9.99639E-05 9.99639E-05 9.99639E-05 9.99639E-05 0.259399
0.674658 9.99729E-05 0.0607184 9.99729E-05 9.99729E-05 0.264323
0.686582 9.99639E-05 9.99639E-05 9.99639E-05 9.99639E-05 0.313018
0.545335 0.165478 0.0686563 0.132183 0.0882479 9.9991E-05
0.518962 9.9973E-05 0.104491 9.9973E-05 9.9973E-05 0.376247
0.49596 0.315503 9.9973E-05 9.9973E-05 0.188238 9.9973E-05
0.342806 0.0790413 0.21345 9.99819E-05 9.99819E-05 0.364502
0.623976 9.9964E-05 9.9964E-05 9.9964E-05 9.9964E-05 0.375624
0.596506 9.9964E-05 9.9964E-05 9.9964E-05 9.9964E-05 0.403094
0.419351 0.212454 0.214652 9.99819E-05 9.99819E-05 0.153343
0.349639 0.161412 0.427642 0.0266592 0.012231 0.0224169
0.319833 9.9982E-05 0.236117 0.114932 0.328919 9.9982E-05
0.584563 0.100882 9.9973E-05 9.9973E-05 0.314255 9.9973E-05
9.9964E-05 9.9964E-05 0.737503 9.9964E-05 9.9964E-05 0.262097
0.683001 0.100858 9.99819E-05 0.0423109 0.17363 9.99819E-05
0.615763 9.99729E-05 0.0584591 9.99729E-05 9.99729E-05 0.325478
0.265474 9.9973E-05 0.288866 9.9973E-05 9.9973E-05 0.445359
0.00694347 0.0802584 0.753492 9.99819E-05 0.159106 9.99819E-05
0.301997 0.0298161 0.204402 9.9982E-05 0.463585 9.9982E-05
0.0406394 0.164563 0.741822 9.9982E-05 0.0527753 9.9982E-05
0.321973 0.00167777 0.470124 0.198704 0.00742067 9.9991E-05
0.292468 9.9982E-05 0.160234 0.216546 0.330553 9.9982E-05
0.450919 9.9973E-05 0.278212 9.9973E-05 9.9973E-05 0.270569
0.750965 9.9991E-05 0.0278555 0.0612212 0.0048908 0.154967
0.498651 9.9991E-05 0.185844 0.0450342 0.0783813 0.19199
0.690737 0.0334525 9.99729E-05 9.99729E-05 0.27551 9.99729E-05
0.613307 9.9982E-05 0.124099 0.122034 9.9982E-05 0.14036
0.602624 9.99639E-05 9.99639E-05 9.99639E-05 9.99639E-05 0.396976
0.198057 0.388487 0.413156 9.99729E-05 9.99729E-05 9.99729E-05
0.552887 0.254337 9.9973E-05 9.9973E-05 0.192476 9.9973E-05
0.191842 0.142018 0.428168 9.9982E-05 9.9982E-05 0.237772
0.61231 0.383305 0.000323208 9.9982E-05 0.00386234 9.9982E-05
0.513624 0.421999 0.0640775 9.9973E-05 9.9973E-05 9.9973E-05
0.355915 9.9973E-05 0.169902 9.9973E-05 9.9973E-05 0.473883
0.658306 0.331275 9.9973E-05 9.9973E-05 9.9973E-05 0.0101195
0.462717 0.348693 0.173515 9.9982E-05 9.9982E-05 0.0148756
0.0430294 9.9973E-05 9.9973E-05 0.702288 0.254383 9.9973E-05
0.114914 0.0525696 0.0414722 0.677342 0.113603 9.9991E-05
0.0467263 9.9982E-05 0.031805 0.862356 9.9982E-05 0.0589128
0.0195863 0.190817 9.9982E-05 0.437661 9.9982E-05 0.351736
9.9982E-05 0.00516508 0.0027702 0.695411 0.296454 9.9982E-05
9.9982E-05 0.434645 0.0185683 0.231591 9.9982E-05 0.314995
9.9973E-05 0.517863 9.9973E-05 0.414152 0.0676845 9.9973E-05
0.0385321 0.00582813 9.9982E-05 0.807339 0.148101 9.9982E-05
0.000649291 0.220087 0.0941822 0.683634 0.00134747 9.9991E-05
9.9973E-05 9.9973E-05 0.0770665 0.613444 9.9973E-05 0.309189
9.9964E-05 9.9964E-05 9.9964E-05 0.429041 0.570559 9.9964E-05
9.9982E-05 9.9982E-05 0.0554635 0.500764 0.0396774 0.403895
0.0287486 0.129359 9.9982E-05 0.779484 0.0622086 9.9982E-05
0.0525657 0.253828 9.9982E-05 0.554764 9.9982E-05 0.138643
9.9991E-05 0.0517843 0.110677 0.713811 0.0846414 0.0389858
9.9982E-05 0.574383 0.0409875 0.309994 0.0744358 9.9982E-05
0.0680348 9.9982E-05 0.00322549 0.409657 9.9982E-05 0.518883
9.9973E-05 9.9973E-05 0.0883392 0.468347 9.9973E-05 0.443014
0.125355 0.057492 0.128315 0.61028 0.078457 9.9991E-05
9.9973E-05 0.331303 9.9973E-05 0.634554 0.0338428 9.9973E-05
0.00817105 9.9982E-05 0.108295 0.767099 9.9982E-05 0.116235
9.9973E-05 9.9973E-05 0.043332 0.760483 9.9973E-05 0.195885
0.000365354 0.208194 0.0524461 0.172307 9.9991E-05 0.566588
9.9982E-05 0.271088 0.0311496 9.9982E-05 0.499558 0.198004
0.0425454 0.134041 0.038641 0.126009 0.0622408 0.596523
9.9991E-05 0.59867 0.0518242 0.148142 0.186732 0.0145314
0.0021655 0.0178331 9.9982E-05 0.0464734 0.933328 9.9982E-05
9.99729E-05 0.153967 9.99729E-05 0.0931617 9.99729E-05 0.752572
9.99729E-05 9.99729E-05 0.0926669 9.99729E-05 0.453298 0.453735
0.116295 0.568047 9.9982E-05 0.107043 9.9982E-05 0.208414
9.9973E-05 9.9973E-05 0.137986 9.9973E-05 0.390675 0.471039
9.9973E-05 0.423651 9.9973E-05 9.9973E-05 0.560139 0.0159104
0.0573682 0.0396899 9.9991E-05 0.134743 0.0591078 0.708991
9.9973E-05 9.9973E-05 0.116656 9.9973E-05 0.303575 0.579469
0.026046 0.0496366 9.9982E-05 0.0316091 0.892508 9.9982E-05
9.9973E-05 0.102074 9.9973E-05 0.121859 9.9973E-05 0.775767
9.9973E-05 9.9973E-05 0.0825919 9.9973E-05 0.210793 0.706315
9.9982E-05 0.332787 0.0182729 0.0488743 9.9982E-05 0.599866
9.9964E-05 9.9964E-05 9.9964E-05 9.9964E-05 0.963346 0.0362543
0.0220566 0.0295739 0.0305922 9.9991E-05 0.160639 0.757038
0.00534494 0.143849 9.9982E-05 0.208605 9.9982E-05 0.642001
9.9982E-05 0.757414 0.045826 9.9982E-05 0.0270182 0.169542
0.00519644 0.175174 0.128895 0.25837 0.0682756 0.36409
9.9991E-05 0.130839 0.0961925 0.133763 0.129837 0.509269
9.99639E-05 0.216236 9.99639E-05 9.99639E-05 0.783364 9.99639E-05
0.0411479 0.454741 0.0984462 9.9991E-05 0.0237213 0.381844
0.0282612 0.282532 0.109567 9.9991E-05 0.28134 0.298201
0.0575355 0.250311 0.0813469 0.308767 0.30194 9.9991E-05
0.0695317 0.128074 0.076736 0.156508 0.0284196 0.540731
0.0872392 9.9991E-05 0.0732506 0.465424 0.151355 0.222631
0.0284992 0.03676 0.0321314 0.210476 0.681943 0.0101898
0.0225463 0.436215 0.0995829 0.161132 0.233327 0.0471976
0.0174391 0.497167 0.0406392 0.183751 0.260903 9.9991E-05
9.9982E-05 9.9982E-05 0.104757 0.139618 0.30996 0.445466
9.99729E-05 0.387999 9.99729E-05 0.109895 0.501805 9.99729E-05
9.9973E-05 0.191868 9.9973E-05 0.106823 9.9973E-05 0.701009
9.99729E-05 0.35699 9.99729E-05 0.187569 0.455141 9.99729E-05
9.9982E-05 9.9982E-05 0.0898187 0.146181 0.34886 0.41494
9.9982E-05 9.9982E-05 0.0246281 0.224692 0.157407 0.593073
0.1273 0.0473751 0.0817025 0.340194 0.116095 0.287333
0.0572374 0.505056 9.9982E-05 0.250654 9.9982E-05 0.186852
0.0110118 0.142395 0.137138 0.361499 0.163763 0.184194
9.9991E-05 0.0302069 0.0669874 0.399092 0.121377 0.382237
9.9973E-05 0.12491 9.9973E-05 0.305343 0.569448 9.9973E-05
9.9982E-05 9.9982E-05 0.0252716 0.179433 0.789508 0.00558741
0.0580752 0.69072 0.00362577 9.9982E-05 0.247379 9.9982E-05
0.050023 0.136111 0.0371472 0.149905 0.626714 9.9991E-05
9.9982E-05 0.016943 9.9982E-05 0.358743 0.614447 0.00966621
0.110843 0.543349 0.047027 9.9991E-05 0.280217 0.0184639
9.99729E-05 0.679405 9.99729E-05 9.99729E-05 0.248436 0.071859
0.0328773 0.120194 0.0638001 9.9982E-05 9.9982E-05 0.782929
9.9973E-05 0.226559 0.0272083 9.9973E-05 9.9973E-05 0.745933
9.9973E-05 0.835419 0.0474928 9.9973E-05 9.9973E-05 0.116788
9.99729E-05 0.246146 9.99729E-05 0.00977882 9.99729E-05 0.743776
9.9973E-05 0.122158 9.9973E-05 0.0787056 9.9973E-05 0.798836
9.9982E-05 0.168479 0.148805 0.0750126 9.9982E-05 0.607503
9.9973E-05 0.195493 9.9973E-05 0.034272 9.9973E-05 0.769935
9.9982E-05 0.7861 0.0329571 9.9982E-05 0.149886 0.0308563
9.9964E-05 0.345017 9.9964E-05 9.9964E-05 0.654583 9.9964E-05
0.0716977 0.433904 9.9982E-05 0.05551 9.9982E-05 0.438689
0.00912151 0.831473 0.00295287 0.0500146 0.106338 9.9991E-05
0.0689369 0.78871 0.105859 9.9991E-05 0.0238105 0.0125832
9.9973E-05 0.677573 9.9973E-05 0.0346015 9.9973E-05 0.287526
9.9964E-05 0.744341 9.9964E-05 9.9964E-05 0.255259 9.9964E-05
0.0433788 0.686416 9.9991E-05 0.0993777 0.0508194 0.119908
0.0750362 0.272632 0.142791 9.9991E-05 0.0272667 0.482174
0.0716275 0.711158 0.0407323 9.9991E-05 0.0518278 0.124554
0.0433155 0.673227 9.9982E-05 0.144149 9.9982E-05 0.139108
9.9973E-05 0.214071 9.9973E-05 0.0448891 9.9973E-05 0.74074
0.0338797 0.397719 9.9982E-05 0.0944792 9.9982E-05 0.473722
0.0566348 0.653389 9.9973E-05 9.9973E-05 0.289676 9.9973E-05
0.0352818 0.902735 9.9973E-05 0.0616835 9.9973E-05 9.9973E-05
9.9964E-05 0.4678 9.9964E-05 9.9964E-05 0.5318 9.9964E-05
9.99729E-05 0.216447 9.99729E-05 0.0290631 9.99729E-05 0.75419
0.0379043 0.572419 0.0234766 9.9982E-05 9.9982E-05 0.366
0.00978841 0.635313 9.9973E-05 9.9973E-05 0.354599 9.9973E-05
0.0735584 9.9991E-05 0.0238913 0.0493651 0.079611 0.773474
0.00390879 0.0485832 0.0995695 9.9991E-05 0.253158 0.59468
0.0742148 0.402422 0.0669054 0.111968 0.34439 9.9991E-05
0.0190297 0.109591 0.131599 0.107026 0.493001 0.139753
9.9982E-05 0.121907 0.144898 9.9982E-05 0.103554 0.629442
9.9973E-05 9.9973E-05 0.0721078 9.9973E-05 0.149344 0.778249
0.0900536 9.9982E-05 0.00764876 9.9982E-05 0.0967341 0.805364
9.9982E-05 9.9982E-05 0.0588929 0.0420217 0.874662 0.0242232
0.0192336 0.615807 0.077088 9.9991E-05 0.277943 0.0098283
0.0506445 0.21746 0.0611095 0.363179 9.9991E-05 0.307506
9.9991E-05 0.113059 0.0121281 0.03229 0.110058 0.732365
0.00997102 0.145187 0.0231185 0.248109 0.573515 9.9991E-05
9.9982E-05 0.677246 0.100479 9.9982E-05 0.0858541 0.136221
0.0129534 0.704761 0.0564291 9.9991E-05 0.117603 0.108154
9.9991E-05 0.0716042 0.0994624 0.377257 0.16935 0.282227
0.0159374 0.710205 9.9982E-05 0.235077 0.0385799 9.9982E-05
0.0323576 0.41844 9.9982E-05 0.102376 9.9982E-05 0.446627
0.022237 0.394023 0.0425024 0.107377 0.0137541 0.420107
9.9973E-05 9.9973E-05 0.0792205 9.9973E-05 0.166039 0.75444
0.14416 0.403517 0.0742431 9.9991E-05 0.3542 0.0237799
0.0646041 0.103564 9.9982E-05 9.9982E-05 0.101221 0.730411
0.00388547 0.141025 9.9991E-05 0.030337 0.0901534 0.734499
9.9964E-05 0.499776 9.9964E-05 9.9964E-05 0.499825 9.9964E-05
9.9973E-05 0.706484 9.9973E-05 9.9973E-05 0.0539967 0.23922
0.0665753 0.802851 9.9973E-05 9.9973E-05 0.130273 9.9973E-05
0.0287044 0.0486037 0.0608357 9.9991E-05 0.0260683 0.835688
0.217187 0.0826899 0.107253 0.0905364 0.0256382 0.476695
0.104018 0.233749 9.9973E-05 9.9973E-05 9.9973E-05 0.661934
9.9973E-05 0.584622 0.00400691 9.9973E-05 0.411071 9.9973E-05
0.0547162 0.35448 9.9982E-05 0.00568716 9.9982E-05 0.584916
0.0431152 0.192646 0.0301011 0.0799412 9.9991E-05 0.654096
0.00654518 0.102797 9.9982E-05 0.140314 9.9982E-05 0.750143
9.9973E-05 0.667376 9.9973E-05 0.104362 0.227962 9.9973E-05
9.9991E-05 0.747502 0.0437994 0.00255355 0.00646246 0.199582
9.9982E-05 0.18597 0.0706083 9.9982E-05 0.0649586 0.678263
0.10027 0.464223 9.9991E-05 0.0139051 0.267507 0.153995
0.0420887 0.0953043 0.00615399 0.0908256 9.9991E-05 0.765527
0.00123308 0.221618 9.9991E-05 0.219834 0.176233 0.380982
0.072101 0.521215 0.0503852 0.0415489 9.9991E-05 0.31465
9.9964E-05 0.521883 9.9964E-05 9.9964E-05 0.477717 9.9964E-05
0.00884236 0.614888 0.0777927 9.9982E-05 9.9982E-05 0.298277
9.9991E-05 0.324486 0.0853881 0.310382 0.223186 0.056458
9.9973E-05 0.147406 9.9973E-05 0.305731 0.546563 9.9973E-05
0.0486546 0.724467 9.9982E-05 0.102865 9.9982E-05 0.123814
0.00842676 0.579861 9.9982E-05 0.405759 0.00575322 9.9982E-05
9.9991E-05 0.590346 0.0137536 0.0356719 0.154136 0.205993
9.9991E-05 0.185833 0.0165241 0.104188 0.0220707 0.671285
9.9982E-05 0.0798726 0.0624368 0.137758 0.719732 9.9982E-05
0.00295867 9.9982E-05 0.127272 9.9982E-05 0.234641 0.634928
0.00815196 0.184634 0.0206456 0.339347 9.9991E-05 0.447122
9.9991E-05 0.0554325 0.0541753 0.317561 0.101833 0.470898
9.9973E-05 0.149605 9.9973E-05 0.447462 0.402633 9.9973E-05
9.9973E-05 0.213201 9.9973E-05 0.249897 0.536602 9.9973E-05
9.9982E-05 0.144536 0.0794972 9.9982E-05 0.0892166 0.68655
0.0572694 0.776581 0.0221827 0.0589725 9.9991E-05 0.0848942
0.0210736 0.41569 0.0530598 0.351632 0.0391529 0.119391
9.9973E-05 0.115257 9.9973E-05 0.28418 0.600263 9.9973E-05
9.9991E-05 0.00324493 0.0614724 0.505264 0.182235 0.247683
9.9991E-05 0.033053 0.137248 0.208724 0.166357 0.454518
9.9982E-05 0.236957 0.00710536 0.0279845 9.9982E-05 0.727753
9.9973E-05 0.168455 9.9973E-05 0.258284 9.9973E-05 0.572961
9.9991E-05 0.0646318 0.0273573 0.469547 0.0759955 0.362369
9.9982E-05 0.746795 0.0471077 0.0442123 0.161685 9.9982E-05
0.00922674 0.233936 9.9982E-05 0.0930743 9.9982E-05 0.663563
9.9973E-05 0.794536 9.9973E-05 0.0842216 0.120943 9.9973E-05
0.0221093 0.693524 9.9982E-05 0.164186 9.9982E-05 0.119981
0.036032 0.249173 0.0150437 9.9982E-05 9.9982E-05 0.699552
0.023957 0.538777 0.00141408 0.0221677 0.413584 9.9991E-05
0.0172819 0.201353 9.9982E-05 0.49577 0.285394 9.9982E-05
9.9982E-05 0.756705 0.0210662 0.038123 0.183906 9.9982E-05
9.9982E-05 9.9982E-05 0.11249 0.286926 0.174165 0.426219
9.9991E-05 0.284692 0.122058 0.186121 0.198405 0.208624
0.00238298 0.367507 0.088536 0.0185257 0.104677 0.418372
0.0260763 0.293529 9.9982E-05 0.166812 0.513383 9.9982E-05
0.0226007 0.0904178 0.0510687 0.0724474 0.096359 0.667106
0.178964 0.442192 0.0649084 0.196737 0.0949 0.0222987
0.0556145 0.162264 0.0363085 0.195519 9.9991E-05 0.550194
0.00264942 0.117596 0.0996014 0.155642 0.00552464 0.618987
9.9991E-05 0.146329 0.0551357 0.159695 0.0525558 0.586184
0.00408408 0.213595 0.0882189 0.0455068 0.0196782 0.628917
0.0865437 0.146508 0.0583473 0.071246 0.112299 0.525055
0.0557662 0.663873 0.121043 0.159118 9.9982E-05 9.9982E-05
0.0660571 0.732597 0.0448119 0.0438235 0.11261 9.9991E-05
0.0269801 9.9991E-05 0.0787746 0.0805753 0.183718 0.629852
9.9982E-05 9.9982E-05 0.0106182 0.42075 0.191149 0.377282
0.0541994 0.296006 0.106411 0.263111 0.231231 0.0490419
9.9973E-05 9.9973E-05 0.0211649 0.212279 0.766256 9.9973E-05
9.9964E-05 0.658443 9.9964E-05 9.9964E-05 0.341157 9.9964E-05
0.0012578 0.145112 9.9982E-05 0.20404 0.64939 9.9982E-05
