9.9973E-05 0.125376 0.443135 9.9973E-05 0.307829 9.9973E-05 0.123361
9.9973E-05 0.0964952 0.542998 0.0137907 0.346416 9.9973E-05 9.9973E-05
0.0778536 9.9982E-05 9.9982E-05 0.030578 0.828637 0.0303411 0.0323901
0.039979 0.0975098 0.500797 9.9991E-05 0.0389271 0.286489 0.036198
9.9973E-05 0.230015 0.481079 0.0304542 9.9973E-05 0.258152 9.9973E-05
0.11781 0.0487215 0.294042 0.0793472 0.419175 9.9991E-05 0.0408045
0.0917703 9.9973E-05 9.9973E-05 9.9973E-05 0.880524 0.0228243 0.00458174
0.0179198 9.9982E-05 0.268312 0.0969266 0.607917 9.9982E-05 0.00872462
9.9982E-05 9.9982E-05 0.495123 0.026033 0.258872 0.176045 0.0437279
0.589767 9.9973E-05 0.0408225 9.9973E-05 0.256416 9.9973E-05 0.112694
9.9982E-05 0.115525 0.665847 9.9982E-05 0.128187 0.0537923 0.0364486
0.0811623 9.9964E-05 0.727088 9.9964E-05 9.9964E-05 0.19135 9.9964E-05
9.999E-05 0.308567 0.0432988 0.049215 0.284655 0.297283 0.0168809
0.115233 9.9973E-05 0.0772393 9.9973E-05 0.752931 9.9973E-05 0.0542971
0.0500537 9.9955E-05 0.949447 9.9955E-05 9.9955E-05 9.9955E-05 9.9955E-05
0.356489 0.0869145 9.9982E-05 0.0501862 0.487658 9.9982E-05 0.0185529
0.048744 0.0279099 9.9973E-05 9.9973E-05 0.870102 0.0529444 9.9973E-05
9.99639E-05 0.0377499 0.104514 9.99639E-05 0.857336 9.99639E-05 9.99639E-05
9.9973E-05 0.025817 0.326451 9.9973E-05 0.334165 0.313267 9.9973E-05
9.9964E-05 0.0450115 0.091842 9.9964E-05 9.9964E-05 9.9964E-05 0.862747
9.9955E-05 9.9955E-05 9.9955E-05 9.9955E-05 9.9955E-05 0.172856 0.826644
9.99549E-05 0.0665608 9.99549E-05 9.99549E-05 9.99549E-05 9.99549E-05 0.932939
9.99549E-05 9.99549E-05 9.99549E-05 9.99549E-05 9.99549E-05 0.379832 0.619669
9.99639E-05 9.99639E-05 0.115807 9.99639E-05 9.99639E-05 0.143955 0.739838
0.0566152 9.99729E-05 9.99729E-05 0.17869 0.267798 9.99729E-05 0.496598
9.99639E-05 9.99639E-05 0.447882 0.113984 9.99639E-05 9.99639E-05 0.437735
0.486207 9.9964E-05 9.9964E-05 0.28844 9.9964E-05 9.9964E-05 0.224954
9.9982E-05 0.13906 0.216021 0.105477 9.9982E-05 0.156028 0.383214
0.0244894 0.0854806 9.99639E-05 9.99639E-05 9.99639E-05 9.99639E-05 0.88963
9.99549E-05 9.99549E-05 9.99549E-05 9.99549E-05 9.99549E-05 0.165665 0.833835
0.16386 9.9982E-05 9.9982E-05 0.00879968 0.0877389 0.141052 0.598349
0.0627775 0.114882 9.9982E-05 0.439819 0.0852372 9.9982E-05 0.297085
0.292861 9.99639E-05 9.99639E-05 9.99639E-05 0.0701391 9.99639E-05 0.6366
9.99639E-05 9.99639E-05 9.99639E-05 0.00378104 0.276547 9.99639E-05 0.719272
9.99549E-05 9.99549E-05 9.99549E-05 9.99549E-05 9.99549E-05 0.16746 0.83204
9.99639E-05 9.99639E-05 0.145955 9.99639E-05 9.99639E-05 0.0907324 0.762913
0.0667573 9.9973E-05 0.152896 9.9973E-05 9.9973E-05 0.00426153 0.775786
9.99549E-05 9.99549E-05 9.99549E-05 9.99549E-05 9.99549E-05 0.346616 0.652884
9.99729E-05 0.0284383 0.133239 0.822838 9.99729E-05 0.0151849 9.99729E-05
0.138556 0.175134 9.9964E-05 0.68591 9.9964E-05 9.9964E-05 9.9964E-05
0.463529 9.9964E-05 9.9964E-05 0.478331 9.9964E-05 9.9964E-05 0.0577395
0.0310798 0.0664923 9.9973E-05 0.538821 9.9973E-05 0.363307 9.9973E-05
0.00820217 0.0413108 9.9982E-05 0.563418 0.0685166 9.9982E-05 0.318352
0.151443 9.9973E-05 9.9973E-05 0.579433 0.160844 9.9973E-05 0.107981
9.9973E-05 9.9973E-05 0.383847 0.297549 9.9973E-05 0.210395 0.107909
9.9955E-05 9.9955E-05 0.448857 0.550643 9.9955E-05 9.9955E-05 9.9955E-05
0.236441 9.99729E-05 9.99729E-05 0.438043 0.1521 9.99729E-05 0.173117
9.99729E-05 0.0513346 0.14923 0.792789 9.99729E-05 9.99729E-05 0.00634722
0.437789 0.193649 9.9964E-05 0.368162 9.9964E-05 9.9964E-05 9.9964E-05
9.9964E-05 9.9964E-05 0.239099 0.689614 9.9964E-05 0.0708872 9.9964E-05
0.128435 0.144392 9.9964E-05 0.726772 9.9964E-05 9.9964E-05 9.9964E-05
9.9973E-05 0.125275 9.9973E-05 0.510617 9.9973E-05 0.295434 0.0683741
9.99639E-05 9.99639E-05 0.434748 0.395078 9.99639E-05 9.99639E-05 0.169774
9.9964E-05 9.9964E-05 0.476255 0.506769 9.9964E-05 9.9964E-05 0.0165762
9.9973E-05 9.9973E-05 0.127859 0.378566 9.9973E-05 0.42666 0.0666159
9.9973E-05 9.9973E-05 9.9973E-05 0.0444448 0.0238181 0.47804 0.453397
0.0784685 0.0777101 9.99729E-05 0.790017 0.053504 9.99729E-05 9.99729E-05
0.0734456 0.102412 9.9982E-05 0.600413 9.9982E-05 0.140156 0.083373
0.174129 0.124077 9.99639E-05 0.701394 9.99639E-05 9.99639E-05 9.99639E-05
9.99639E-05 9.99639E-05 0.169833 0.722747 9.99639E-05 0.10702 9.99639E-05
9.99639E-05 9.99639E-05 0.279558 0.655079 9.99639E-05 9.99639E-05 0.0649628
9.99549E-05 9.99549E-05 0.362752 0.636748 9.99549E-05 9.99549E-05 9.99549E-05
0.0721993 0.150861 9.9982E-05 0.537512 0.156099 9.9982E-05 0.0831289
9.99639E-05 9.99639E-05 9.99639E-05 0.515832 9.99639E-05 0.477874 0.00589427
0.153149 9.9964E-05 9.9964E-05 0.494506 0.351946 9.9964E-05 9.9964E-05
9.99639E-05 9.99639E-05 0.450084 0.327284 9.99639E-05 9.99639E-05 0.222232
9.9964E-05 9.9964E-05 0.200771 0.605622 9.9964E-05 0.193207 9.9964E-05
9.9964E-05 9.9964E-05 0.364432 0.57008 9.9964E-05 0.065088 9.9964E-05
9.99729E-05 9.99729E-05 0.254181 0.39741 0.108374 9.99729E-05 0.239735
0.0188326 0.0415898 0.0623354 0.334711 0.106747 9.9991E-05 0.435684
0.332442 0.124908 9.9973E-05 0.28726 9.9973E-05 9.9973E-05 0.25509
0.256347 9.99639E-05 9.99639E-05 0.572231 0.171022 9.99639E-05 9.99639E-05
9.9964E-05 9.9964E-05 0.0402202 9.9964E-05 9.9964E-05 0.281102 0.678278
0.148762 0.0220338 9.99729E-05 0.674855 0.154049 9.99729E-05 9.99729E-05
9.99639E-05 9.99639E-05 0.340834 0.592408 9.99639E-05 9.99639E-05 0.0663574
9.9973E-05 9.9973E-05 0.369996 0.238144 9.9973E-05 0.115775 0.275785
0.141086 9.99639E-05 9.99639E-05 9.99639E-05 0.0915093 9.99639E-05 0.767004
0.424345 9.9973E-05 9.9973E-05 0.290451 0.0812662 9.9973E-05 0.203637
0.043636 9.99729E-05 9.99729E-05 0.0312486 0.168871 9.99729E-05 0.755944
0.0178666 0.174796 0.0255433 0.309732 9.9982E-05 9.9982E-05 0.471862
0.332415 0.216192 9.9973E-05 0.308009 9.9973E-05 9.9973E-05 0.143084
9.99639E-05 9.99639E-05 9.99639E-05 0.44539 9.99639E-05 0.364393 0.189818
9.99639E-05 0.0379345 9.99639E-05 0.735557 9.99639E-05 0.226109 9.99639E-05
0.0434375 0.0255228 9.9982E-05 0.496938 9.9982E-05 0.32191 0.111992
0.24038 9.99639E-05 9.99639E-05 0.685327 0.0738932 9.99639E-05 9.99639E-05
9.9982E-05 0.130681 0.123908 0.599646 9.9982E-05 0.0282971 0.117268
9.99639E-05 9.99639E-05 0.187018 0.576168 9.99639E-05 0.236414 9.99639E-05
9.99639E-05 9.99639E-05 9.99639E-05 0.18764 0.388032 9.99639E-05 0.423928
0.138112 9.9964E-05 9.9964E-05 0.552017 0.309471 9.9964E-05 9.9964E-05
9.9973E-05 9.9973E-05 0.356738 0.172081 0.032601 9.9973E-05 0.438281
9.99639E-05 9.99639E-05 9.99639E-05 0.600008 0.398799 9.99639E-05 0.000793223
9.9964E-05 9.9964E-05 9.9964E-05 0.503035 0.429174 9.9964E-05 0.0673905
9.9973E-05 9.9973E-05 0.459093 0.310946 9.9973E-05 0.0614747 0.168186
9.9973E-05 9.9973E-05 0.0304322 0.639117 0.320979 0.00917259 9.9973E-05
9.9973E-05 9.9973E-05 0.0570384 0.451192 0.306603 9.9973E-05 0.184866
0.254743 0.707379 9.99639E-05 0.0374785 9.99639E-05 9.99639E-05 9.99639E-05
0.113698 0.671515 9.9982E-05 0.106746 0.0645938 9.9982E-05 0.0432476
9.9964E-05 0.796927 9.9964E-05 0.0413982 9.9964E-05 0.161275 9.9964E-05
9.9973E-05 0.46581 0.416133 9.9973E-05 0.104074 0.013683 9.9973E-05
0.297761 0.679387 9.9973E-05 9.9973E-05 0.0105112 9.9973E-05 0.0120416
9.9982E-05 0.220322 0.337086 9.9982E-05 0.35484 0.065158 0.0223946
0.016699 0.405873 9.99639E-05 9.99639E-05 0.577029 9.99639E-05 9.99639E-05
0.148069 0.812948 9.99729E-05 0.0267796 0.011904 9.99729E-05 9.99729E-05
0.0108245 0.672676 9.9982E-05 0.00358084 0.189618 9.9982E-05 0.123101
9.9973E-05 0.576826 0.27658 9.9973E-05 9.9973E-05 0.0677596 0.078535
0.560153 0.435254 9.9964E-05 0.00419267 9.9964E-05 9.9964E-05 9.9964E-05
0.0360054 0.472961 0.455393 9.9973E-05 9.9973E-05 9.9973E-05 0.0353399
0.0537201 0.769437 9.9973E-05 0.0204749 0.156068 9.9973E-05 9.9973E-05
9.99729E-05 0.548199 0.22799 0.0522215 0.17129 9.99729E-05 9.99729E-05
0.0967146 0.699491 0.0814806 9.9991E-05 0.0124825 0.00132117 0.108411
0.0416197 0.286185 0.0151861 9.9982E-05 0.590417 9.9982E-05 0.0663923
9.99729E-05 0.386364 0.435642 0.0440426 9.99729E-05 0.133652 9.99729E-05
9.99639E-05 0.384629 9.99639E-05 9.99639E-05 0.026466 0.588505 9.99639E-05
0.090433 0.600149 9.9982E-05 0.126783 0.0516528 9.9982E-05 0.130783
0.0207073 0.635567 9.99639E-05 9.99639E-05 0.343325 9.99639E-05 9.99639E-05
9.9964E-05 0.743616 0.153072 9.9964E-05 9.9964E-05 9.9964E-05 0.102912
9.99549E-05 0.6835 9.99549E-05 9.99549E-05 9.99549E-05 0.316 9.99549E-05
9.9982E-05 0.157067 0.534924 9.9982E-05 0.142178 0.124537 0.0410934
0.503614 9.99729E-05 0.255313 9.99729E-05 0.204442 9.99729E-05 0.0363313
9.9982E-05 0.0564084 0.0505521 0.0146942 0.256022 0.622123 9.9982E-05
0.159261 0.14526 0.0281722 9.9991E-05 0.589739 0.0124395 0.0650283
0.915323 0.0389435 9.9973E-05 0.00878779 0.0366454 9.9973E-05 9.9973E-05
9.99729E-05 0.0517427 0.584484 9.99729E-05 0.105617 0.257857 9.99729E-05
0.448723 9.99729E-05 0.427044 9.99729E-05 9.99729E-05 0.0420204 0.0819127
9.9982E-05 0.104684 0.222821 0.0990655 0.522735 0.0504933 9.9982E-05
0.365527 9.99729E-05 0.164563 9.99729E-05 9.99729E-05 0.413304 0.0563065
0.483032 9.9964E-05 9.9964E-05 9.9964E-05 0.445834 0.0707336 9.9964E-05
0.0551174 0.101621 0.676863 0.0333672 9.9982E-05 0.132831 9.9982E-05
0.267683 9.9973E-05 0.134103 9.9973E-05 9.9973E-05 0.553499 0.0444149
0.841776 0.0282295 9.9973E-05 0.0281755 0.101519 9.9973E-05 9.9973E-05
9.9973E-05 0.0876988 0.729154 9.9973E-05 0.0406233 0.142224 9.9973E-05
0.186778 9.99729E-05 0.397873 9.99729E-05 9.99729E-05 0.391075 0.0239741
9.99639E-05 9.99639E-05 0.26833 9.99639E-05 0.327251 0.404019 9.99639E-05
0.95763 9.9964E-05 0.00499814 9.9964E-05 9.9964E-05 0.0369721 9.9964E-05
0.0875125 9.99819E-05 0.319432 0.00852005 0.0777921 0.506543 9.99819E-05
9.9973E-05 0.206385 0.758891 0.00752408 0.0268998 9.9973E-05 9.9973E-05
0.0293935 9.99729E-05 0.24384 9.99729E-05 0.666208 9.99729E-05 0.0602582
0.00317038 0.21523 9.9982E-05 9.9982E-05 0.2496 0.464123 0.0676769
0.0446108 0.0807444 0.113275 9.9991E-05 0.219059 0.500625 0.0415855
0.751386 9.99639E-05 9.99639E-05 9.99639E-05 0.231872 0.0163425 9.99639E-05
0.046008 9.9982E-05 0.476222 0.0364991 0.337136 9.9982E-05 0.103935
0.310025 9.9982E-05 0.396732 0.0164653 0.15623 9.9982E-05 0.120347
0.291765 0.290944 9.9982E-05 0.0495737 0.276685 9.9982E-05 0.0908333
0.0271833 0.130916 0.378047 0.0615378 0.10323 0.251174 0.0479119
0.165656 0.430557 0.26471 0.0753243 9.9982E-05 9.9982E-05 0.0635536
0.665352 0.168924 9.9991E-05 0.032222 0.0654241 0.0480173 0.0199609
0.241298 0.160902 0.125562 0.0128211 0.351975 9.9991E-05 0.107342
0.250727 0.189692 9.9982E-05 0.0169348 0.486207 9.9982E-05 0.0562395
0.29647 0.108682 0.404119 9.9982E-05 9.9982E-05 0.0958995 0.0946296
0.471407 0.109688 9.99639E-05 9.99639E-05 0.418505 9.99639E-05 9.99639E-05
9.99729E-05 0.0355118 0.376322 9.99729E-05 0.195397 0.392469 9.99729E-05
0.429916 0.181031 9.99729E-05 9.99729E-05 0.386636 9.99729E-05 0.0021165
0.333973 0.118037 0.0576313 9.9982E-05 9.9982E-05 0.466088 0.0240705
0.0884892 0.174886 0.160115 9.9982E-05 0.024453 0.551856 9.9982E-05
0.13889 0.32379 0.344295 0.0993842 9.9982E-05 9.9982E-05 0.0934412
9.9991E-05 0.240547 0.237106 0.0558505 0.445554 0.0203337 0.00050946
0.191866 0.357031 0.251947 0.003656 0.0560855 9.9991E-05 0.139314
0.0576904 0.320853 9.99729E-05 9.99729E-05 0.128038 0.493119 9.99729E-05
0.55233 0.29603 9.9964E-05 9.9964E-05 0.15124 9.9964E-05 9.9964E-05
0.783629 0.179364 0.0260775 9.9973E-05 9.9973E-05 9.9973E-05 0.0106293
0.205093 9.9982E-05 0.0599517 0.0567632 0.666895 9.9982E-05 0.0110964
0.627637 0.14744 9.9982E-05 0.0450109 0.141654 9.9982E-05 0.0380576
0.5912 0.333242 0.0197895 9.9973E-05 0.0554684 9.9973E-05 9.9973E-05
0.253988 9.9982E-05 0.0425651 0.121602 0.526022 9.9982E-05 0.0556232
0.214258 9.99729E-05 0.0741987 9.99729E-05 0.677872 0.0333711 9.99729E-05
0.00984491 9.9982E-05 0.796721 0.00749279 9.9982E-05 0.125552 0.0601894
9.99639E-05 9.99639E-05 0.634224 9.99639E-05 0.146144 0.219232 9.99639E-05
9.99639E-05 9.99639E-05 0.203485 9.99639E-05 0.743895 9.99639E-05 0.0522197
9.99639E-05 9.99639E-05 0.778278 9.99639E-05 0.159484 0.0618384 9.99639E-05
9.9973E-05 0.0595361 0.767483 9.9973E-05 0.042315 0.130366 9.9973E-05
9.9982E-05 0.0118089 0.105672 9.9982E-05 0.218422 0.617431 0.0464659
9.9964E-05 9.9964E-05 0.514969 9.9964E-05 0.144325 0.340307 9.9964E-05
0.115018 9.9973E-05 0.0900138 9.9973E-05 0.749824 9.9973E-05 0.0448447
0.606613 9.9955E-05 9.9955E-05 9.9955E-05 0.392888 9.9955E-05 9.9955E-05
9.9973E-05 0.081878 0.56631 0.0595261 0.291986 9.9973E-05 9.9973E-05
0.0482207 0.0340151 9.9982E-05 0.0160318 0.881866 9.9982E-05 0.019666
9.9973E-05 9.9973E-05 0.0690679 0.0691953 0.750189 9.9973E-05 0.111247
9.9964E-05 0.0365283 0.381562 9.9964E-05 0.58151 9.9964E-05 9.9964E-05
0.206849 9.9955E-05 9.9955E-05 9.9955E-05 0.792651 9.9955E-05 9.9955E-05
0.0211103 0.0910352 0.154107 0.042555 0.667152 0.0239412 9.9991E-05
0.0392621 9.9982E-05 0.574875 0.0780723 0.163943 9.9982E-05 0.143648
0.0275322 9.9982E-05 0.175011 0.0641342 0.68067 9.9982E-05 0.0524522
9.9973E-05 0.146547 0.200591 0.0394556 0.613107 9.9973E-05 9.9973E-05
9.9973E-05 0.0415425 0.791555 9.9973E-05 0.117193 0.0494091 9.9973E-05
9.9982E-05 0.089266 0.555649 0.0238996 0.299477 0.0315076 9.9982E-05
0.225257 9.9973E-05 9.9973E-05 0.0640277 0.688742 0.0216734 9.9973E-05
9.9973E-05 0.0479769 9.9973E-05 0.0247328 0.884746 0.0422444 9.9973E-05
0.476501 9.9955E-05 9.9955E-05 9.9955E-05 0.523 9.9955E-05 9.9955E-05
9.9973E-05 0.0206232 0.786125 9.9973E-05 0.115341 0.0776104 9.9973E-05
9.9973E-05 9.9973E-05 0.493357 0.0329371 0.429549 9.9973E-05 0.0438572
0.29919 9.9964E-05 9.9964E-05 0.0171399 0.68327 9.9964E-05 9.9964E-05
0.0749355 0.0175152 0.667876 0.0524972 9.9991E-05 0.179531 0.00754487
0.241409 9.9964E-05 0.680987 9.9964E-05 9.9964E-05 9.9964E-05 0.0772045
0.304246 0.0976067 9.9982E-05 0.0726404 0.434588 9.9982E-05 0.0907183
0.511737 0.10324 0.213862 0.00102625 0.0286559 9.9991E-05 0.141379
0.11579 9.9964E-05 0.751567 9.9964E-05 9.9964E-05 9.9964E-05 0.132243
0.12212 9.9973E-05 0.592673 9.9973E-05 9.9973E-05 0.25332 0.0315872
0.0630093 9.9973E-05 0.665969 0.0615999 9.9973E-05 0.209122 9.9973E-05
0.869635 0.047562 0.0189932 9.9973E-05 9.9973E-05 9.9973E-05 0.0635101
0.268587 9.9982E-05 0.0861315 0.0189537 0.550957 9.9982E-05 0.0751711
9.9982E-05 0.363408 0.446308 0.0384408 0.0674769 9.9982E-05 0.0841666
0.150747 0.0151011 0.812817 9.9982E-05 9.9982E-05 0.0178612 0.00327407
0.569633 0.247682 9.9982E-05 0.000144307 0.155424 9.9982E-05 0.026917
0.0967129 9.9973E-05 0.234322 9.9973E-05 0.574279 9.9973E-05 0.0943862
0.127842 9.9973E-05 0.231884 9.9973E-05 0.560152 9.9973E-05 0.0798221
0.194696 0.365944 0.341503 9.99729E-05 9.99729E-05 9.99729E-05 0.0975577
0.0106635 0.236837 9.9973E-05 0.0198352 0.732364 9.9973E-05 9.9973E-05
9.99729E-05 0.11014 0.582962 0.0347643 0.271834 9.99729E-05 9.99729E-05
0.054449 0.103458 0.561645 9.9982E-05 0.231676 9.9982E-05 0.0485718
0.132818 9.9973E-05 0.573968 9.9973E-05 9.9973E-05 0.24761 0.0453046
0.353958 9.9982E-05 0.0773128 0.140302 0.358952 9.9982E-05 0.0692749
0.126589 9.9973E-05 0.797177 0.0374925 9.9973E-05 0.0384413 9.9973E-05
0.0225939 9.9973E-05 0.337516 9.9973E-05 0.171262 0.468328 9.9973E-05
0.459794 9.9955E-05 9.9955E-05 9.9955E-05 0.539706 9.9955E-05 9.9955E-05
0.047973 9.9973E-05 0.325091 9.9973E-05 0.623025 9.9973E-05 0.00361053
0.101624 9.9973E-05 0.0366394 0.0761488 0.785288 9.9973E-05 9.9973E-05
0.00508256 9.9982E-05 0.824043 0.00636176 9.9982E-05 0.113903 0.0504098
9.9991E-05 0.0481081 0.192379 0.209162 0.114721 0.380932 0.0545976
9.9973E-05 9.9973E-05 0.703658 0.0993979 0.134329 0.0623157 9.9973E-05
0.387417 9.9964E-05 9.9964E-05 9.9964E-05 0.593677 9.9964E-05 0.018506
9.9982E-05 0.00684096 0.587299 0.0520871 0.244238 0.109335 9.9982E-05
9.9991E-05 0.0768466 0.754965 0.0300198 0.0821819 0.0208851 0.0350013
0.000386977 0.132672 0.770895 0.0119548 9.9982E-05 0.0838918 9.9982E-05
0.168933 0.092643 9.9964E-05 9.9964E-05 0.738024 9.9964E-05 9.9964E-05
0.00335196 0.00963106 0.349308 9.9982E-05 0.593672 9.9982E-05 0.0438364
0.0472573 9.9982E-05 0.62971 9.9982E-05 0.126084 0.152739 0.0440094
0.227104 0.0192127 0.122073 0.0879593 0.469686 0.0738648 9.9991E-05
9.9982E-05 0.0852658 0.720018 0.0202665 0.0119523 0.162297 9.9982E-05
0.0790555 0.148227 9.9973E-05 9.9973E-05 0.324015 0.448403 9.9973E-05
9.9982E-05 0.0447996 0.407908 0.065123 0.431973 9.9982E-05 0.0499971
0.426925 9.9955E-05 9.9955E-05 9.9955E-05 0.572575 9.9955E-05 9.9955E-05
9.9982E-05 9.9982E-05 0.382646 0.00759299 0.527556 0.00989861 0.0721065
0.221046 0.290672 0.0747167 9.99819E-05 0.315255 9.99819E-05 0.0981104
0.517286 0.301686 9.9964E-05 9.9964E-05 0.180628 9.9964E-05 9.9964E-05
9.9991E-05 0.0950973 0.166698 0.0471653 0.669234 0.0168554 0.00485078
9.9964E-05 0.417916 9.9964E-05 0.0131608 0.568523 9.9964E-05 9.9964E-05
0.137184 0.0439027 0.283184 9.9982E-05 0.508983 9.9982E-05 0.0265463
9.9973E-05 0.0713035 0.444715 9.9973E-05 0.174352 0.30933 9.9973E-05
0.713379 0.155466 9.9973E-05 9.9973E-05 0.0657029 9.9973E-05 0.0651528
0.190067 9.9982E-05 0.121693 0.0251368 9.9982E-05 0.628004 0.0348999
9.9982E-05 0.344235 0.468423 9.9982E-05 0.101754 0.07498 0.0104086
0.102654 0.293145 0.453372 9.9991E-05 0.020931 0.0982179 0.0315806
0.383895 0.424854 9.9964E-05 9.9964E-05 0.190851 9.9964E-05 9.9964E-05
0.521489 0.234897 9.99639E-05 9.99639E-05 0.243214 9.99639E-05 9.99639E-05
0.0419035 9.9982E-05 0.375795 9.9982E-05 0.144645 0.40892 0.0285364
9.9982E-05 0.0547212 0.142092 0.059391 0.698846 9.9982E-05 0.04475
0.0583705 0.334642 0.176811 0.00264251 0.359683 9.9991E-05 0.0677513
0.572789 0.26801 9.99639E-05 9.99639E-05 0.158801 9.99639E-05 9.99639E-05
0.182274 0.475107 0.289188 9.9973E-05 9.9973E-05 9.9973E-05 0.0531318
0.138141 0.167693 0.224344 9.9991E-05 0.0479729 0.331804 0.0899442
0.0266905 0.0115902 0.857698 9.9991E-05 0.0911855 0.0010149 0.0117208
9.9964E-05 0.252505 0.694885 9.9964E-05 0.0522102 9.9964E-05 9.9964E-05
0.0313832 0.407315 0.0724101 9.9982E-05 0.124239 0.364453 9.9982E-05
0.117609 0.0328094 9.9973E-05 9.9973E-05 0.786955 9.9973E-05 0.0623263
9.9982E-05 0.0977331 0.78629 0.00432204 0.0922767 0.0191786 9.9982E-05
0.0685573 0.0635122 9.9973E-05 9.9973E-05 0.803955 0.0636759 9.9973E-05
9.9982E-05 0.148719 0.181916 0.0187108 0.63944 0.011015 9.9982E-05
9.9982E-05 9.9982E-05 0.777591 0.0170184 0.10903 0.0607697 0.0353913
0.359335 0.00620545 9.9982E-05 0.0356717 0.595519 9.9982E-05 0.00306842
0.289684 0.488108 9.99729E-05 0.0178912 0.204016 9.99729E-05 9.99729E-05
0.170248 0.0301772 0.0192505 9.9982E-05 0.738664 9.9982E-05 0.0414595
0.182723 0.231478 0.488852 9.9973E-05 9.9973E-05 9.9973E-05 0.0966468
0.214733 0.173022 0.315877 9.9982E-05 0.172289 9.9982E-05 0.123879
0.121792 0.00288724 0.546697 9.9982E-05 0.239544 9.9982E-05 0.0888795
0.473249 0.111618 9.9982E-05 0.0225186 0.373851 0.0185639 9.9982E-05
0.00485615 9.9982E-05 0.110155 0.0118634 0.205903 0.667022 9.9982E-05
0.0816774 0.172228 0.0717697 0.164556 0.429314 9.9991E-05 0.0803549
9.9991E-05 0.173947 0.529622 0.0336374 0.111478 0.121151 0.0300643
9.9991E-05 0.071502 0.26075 0.0136659 0.158934 0.475762 0.0192856
0.0838194 0.14245 0.695988 9.9982E-05 0.0299417 9.9982E-05 0.0476011
0.0615915 0.0434622 0.766597 9.99869E-05 0.0534429 9.99869E-05 0.0747066
0.137366 0.0571228 0.615537 0.0720176 0.0442157 0.00957734 0.0641638
9.9982E-05 0.156437 0.044072 0.0505335 0.612516 9.9982E-05 0.136242
0.0820436 0.0429028 9.9982E-05 0.0713573 0.742725 9.9982E-05 0.0607709
0.0977605 0.0401308 0.118333 0.0300641 0.0835401 0.61821 0.0119612
0.194928 0.381383 0.352443 9.9982E-05 9.9982E-05 0.0672075 0.00383951
0.226565 0.224067 9.9991E-05 0.0524752 0.302792 0.0823421 0.111659
0.754901 0.217998 9.9964E-05 9.9964E-05 9.9964E-05 9.9964E-05 0.0267005
0.287409 9.9955E-05 9.9955E-05 9.9955E-05 0.712091 9.9955E-05 9.9955E-05
0.628663 0.196285 9.9973E-05 0.0113449 0.163407 9.9973E-05 9.9973E-05
